,,All people aged 16 to 74 in employment,Employee: Total,Employee: Part-time (1),Employee: Full-time (1),Self-employed: Total,Self-employed: Part-time (1),Self-employed: Full-time (1)
S92000003,All people aged 16 to 74 in employment,2516895,2215165,625272,1589893,301730,80345,221385
S92000003,A B D E. Agriculture energy and water,115273,89319,7435,81884,25954,3760,22194
S92000003,C. Manufacturing,202396,188391,15327,173064,14005,3054,10951
S92000003,F. Construction,200343,145195,9768,135427,55148,7335,47813
S92000003,G I. Distribution hotels and restaurants,534797,482628,224248,258380,52169,11887,40282
S92000003,H J. Transport and communication,194125,160900,24593,136307,33225,7541,25684
S92000003,K L M N. Financial real estate professional and administrative activities,383606,329176,72817,256359,54430,17281,37149
S92000003,O P Q. Public administration education and health,764093,726780,234390,492390,37313,16724,20589
S92000003,R S T U. Other,122262,92776,36694,56082,29486,12763,16723
S01006506,All people aged 16 to 74 in employment,507,426,96,330,81,24,57
S01006506,A B D E. Agriculture energy and water,52,49,4,45,3,1,2
S01006506,C. Manufacturing,37,30,0,30,7,2,5
S01006506,F. Construction,21,15,0,15,6,2,4
S01006506,G I. Distribution hotels and restaurants,78,67,32,35,11,3,8
S01006506,H J. Transport and communication,41,32,3,29,9,1,8
S01006506,K L M N. Financial real estate professional and administrative activities,106,84,15,69,22,7,15
S01006506,O P Q. Public administration education and health,148,130,37,93,18,7,11
S01006506,R S T U. Other,24,19,5,14,5,1,4
S01006507,All people aged 16 to 74 in employment,461,405,136,269,56,16,40
S01006507,A B D E. Agriculture energy and water,49,41,2,39,8,1,7
S01006507,C. Manufacturing,21,20,3,17,1,0,1
S01006507,F. Construction,33,22,1,21,11,4,7
S01006507,G I. Distribution hotels and restaurants,109,100,43,57,9,1,8
S01006507,H J. Transport and communication,27,21,5,16,6,1,5
S01006507,K L M N. Financial real estate professional and administrative activities,79,67,18,49,12,5,7
S01006507,O P Q. Public administration education and health,108,106,48,58,2,1,1
S01006507,R S T U. Other,35,28,16,12,7,3,4
S01006508,All people aged 16 to 74 in employment,425,377,67,310,48,11,37
S01006508,A B D E. Agriculture energy and water,53,49,3,46,4,2,2
S01006508,C. Manufacturing,33,32,1,31,1,0,1
S01006508,F. Construction,33,27,0,27,6,1,5
S01006508,G I. Distribution hotels and restaurants,77,72,35,37,5,1,4
S01006508,H J. Transport and communication,37,26,2,24,11,1,10
S01006508,K L M N. Financial real estate professional and administrative activities,74,64,5,59,10,1,9
S01006508,O P Q. Public administration education and health,101,94,18,76,7,3,4
S01006508,R S T U. Other,17,13,3,10,4,2,2
S01006509,All people aged 16 to 74 in employment,305,270,71,199,35,12,23
S01006509,A B D E. Agriculture energy and water,22,22,4,18,0,0,0
S01006509,C. Manufacturing,29,23,1,22,6,1,5
S01006509,F. Construction,22,15,2,13,7,2,5
S01006509,G I. Distribution hotels and restaurants,56,52,22,30,4,1,3
S01006509,H J. Transport and communication,32,24,3,21,8,1,7
S01006509,K L M N. Financial real estate professional and administrative activities,50,47,8,39,3,1,2
S01006509,O P Q. Public administration education and health,78,75,28,47,3,3,0
S01006509,R S T U. Other,16,12,3,9,4,3,1
S01006510,All people aged 16 to 74 in employment,291,258,71,187,33,13,20
S01006510,A B D E. Agriculture energy and water,16,14,1,13,2,0,2
S01006510,C. Manufacturing,23,22,1,21,1,0,1
S01006510,F. Construction,24,12,1,11,12,5,7
S01006510,G I. Distribution hotels and restaurants,52,48,15,33,4,0,4
S01006510,H J. Transport and communication,27,26,5,21,1,0,1
S01006510,K L M N. Financial real estate professional and administrative activities,45,40,4,36,5,3,2
S01006510,O P Q. Public administration education and health,91,85,42,43,6,4,2
S01006510,R S T U. Other,13,11,2,9,2,1,1
S01006511,All people aged 16 to 74 in employment,348,306,93,213,42,11,31
S01006511,A B D E. Agriculture energy and water,37,35,2,33,2,0,2
S01006511,C. Manufacturing,16,12,1,11,4,1,3
S01006511,F. Construction,21,11,1,10,10,2,8
S01006511,G I. Distribution hotels and restaurants,62,52,29,23,10,1,9
S01006511,H J. Transport and communication,21,19,2,17,2,0,2
S01006511,K L M N. Financial real estate professional and administrative activities,69,61,11,50,8,4,4
S01006511,O P Q. Public administration education and health,106,102,39,63,4,2,2
S01006511,R S T U. Other,16,14,8,6,2,1,1
S01006512,All people aged 16 to 74 in employment,248,197,60,137,51,13,38
S01006512,A B D E. Agriculture energy and water,35,23,0,23,12,2,10
S01006512,C. Manufacturing,18,14,4,10,4,0,4
S01006512,F. Construction,19,13,0,13,6,0,6
S01006512,G I. Distribution hotels and restaurants,29,26,11,15,3,2,1
S01006512,H J. Transport and communication,12,10,0,10,2,0,2
S01006512,K L M N. Financial real estate professional and administrative activities,54,39,12,27,15,3,12
S01006512,O P Q. Public administration education and health,74,66,31,35,8,5,3
S01006512,R S T U. Other,7,6,2,4,1,1,0
S01006513,All people aged 16 to 74 in employment,275,240,76,164,35,15,20
S01006513,A B D E. Agriculture energy and water,34,31,3,28,3,0,3
S01006513,C. Manufacturing,20,20,0,20,0,0,0
S01006513,F. Construction,12,8,0,8,4,0,4
S01006513,G I. Distribution hotels and restaurants,43,39,22,17,4,2,2
S01006513,H J. Transport and communication,15,12,4,8,3,2,1
S01006513,K L M N. Financial real estate professional and administrative activities,61,51,11,40,10,3,7
S01006513,O P Q. Public administration education and health,81,72,33,39,9,6,3
S01006513,R S T U. Other,9,7,3,4,2,2,0
S01006514,All people aged 16 to 74 in employment,480,395,115,280,85,18,67
S01006514,A B D E. Agriculture energy and water,54,46,0,46,8,3,5
S01006514,C. Manufacturing,29,22,1,21,7,2,5
S01006514,F. Construction,24,16,1,15,8,0,8
S01006514,G I. Distribution hotels and restaurants,59,54,29,25,5,3,2
S01006514,H J. Transport and communication,32,25,4,21,7,1,6
S01006514,K L M N. Financial real estate professional and administrative activities,105,83,22,61,22,5,17
S01006514,O P Q. Public administration education and health,151,133,51,82,18,3,15
S01006514,R S T U. Other,26,16,7,9,10,1,9
S01006515,All people aged 16 to 74 in employment,370,306,95,211,64,22,42
S01006515,A B D E. Agriculture energy and water,51,47,4,43,4,0,4
S01006515,C. Manufacturing,27,23,1,22,4,1,3
S01006515,F. Construction,17,9,1,8,8,2,6
S01006515,G I. Distribution hotels and restaurants,55,45,23,22,10,3,7
S01006515,H J. Transport and communication,18,14,7,7,4,3,1
S01006515,K L M N. Financial real estate professional and administrative activities,86,64,13,51,22,4,18
S01006515,O P Q. Public administration education and health,105,99,42,57,6,4,2
S01006515,R S T U. Other,11,5,4,1,6,5,1
S01006516,All people aged 16 to 74 in employment,276,187,41,146,89,19,70
S01006516,A B D E. Agriculture energy and water,38,31,0,31,7,0,7
S01006516,C. Manufacturing,8,8,0,8,0,0,0
S01006516,F. Construction,14,7,0,7,7,0,7
S01006516,G I. Distribution hotels and restaurants,38,30,12,18,8,4,4
S01006516,H J. Transport and communication,12,10,1,9,2,0,2
S01006516,K L M N. Financial real estate professional and administrative activities,43,29,6,23,14,4,10
S01006516,O P Q. Public administration education and health,115,65,17,48,50,11,39
S01006516,R S T U. Other,8,7,5,2,1,0,1
S01006517,All people aged 16 to 74 in employment,511,430,139,291,81,22,59
S01006517,A B D E. Agriculture energy and water,79,70,5,65,9,1,8
S01006517,C. Manufacturing,29,23,3,20,6,1,5
S01006517,F. Construction,30,19,2,17,11,3,8
S01006517,G I. Distribution hotels and restaurants,100,89,45,44,11,2,9
S01006517,H J. Transport and communication,25,20,0,20,5,1,4
S01006517,K L M N. Financial real estate professional and administrative activities,100,76,21,55,24,7,17
S01006517,O P Q. Public administration education and health,132,123,59,64,9,4,5
S01006517,R S T U. Other,16,10,4,6,6,3,3
S01006518,All people aged 16 to 74 in employment,306,248,78,170,58,15,43
S01006518,A B D E. Agriculture energy and water,45,38,2,36,7,0,7
S01006518,C. Manufacturing,16,13,1,12,3,0,3
S01006518,F. Construction,12,4,2,2,8,2,6
S01006518,G I. Distribution hotels and restaurants,43,37,24,13,6,2,4
S01006518,H J. Transport and communication,16,12,1,11,4,1,3
S01006518,K L M N. Financial real estate professional and administrative activities,79,63,14,49,16,5,11
S01006518,O P Q. Public administration education and health,89,75,32,43,14,5,9
S01006518,R S T U. Other,6,6,2,4,0,0,0
S01006519,All people aged 16 to 74 in employment,429,347,122,225,82,20,62
S01006519,A B D E. Agriculture energy and water,62,54,5,49,8,2,6
S01006519,C. Manufacturing,27,24,2,22,3,1,2
S01006519,F. Construction,16,10,2,8,6,0,6
S01006519,G I. Distribution hotels and restaurants,54,42,26,16,12,4,8
S01006519,H J. Transport and communication,25,18,2,16,7,2,5
S01006519,K L M N. Financial real estate professional and administrative activities,93,64,20,44,29,7,22
S01006519,O P Q. Public administration education and health,141,125,62,63,16,4,12
S01006519,R S T U. Other,11,10,3,7,1,0,1
S01006520,All people aged 16 to 74 in employment,341,293,91,202,48,15,33
S01006520,A B D E. Agriculture energy and water,86,83,8,75,3,1,2
S01006520,C. Manufacturing,15,12,0,12,3,0,3
S01006520,F. Construction,9,6,1,5,3,0,3
S01006520,G I. Distribution hotels and restaurants,47,44,21,23,3,2,1
S01006520,H J. Transport and communication,12,12,3,9,0,0,0
S01006520,K L M N. Financial real estate professional and administrative activities,69,48,12,36,21,3,18
S01006520,O P Q. Public administration education and health,91,79,40,39,12,7,5
S01006520,R S T U. Other,12,9,6,3,3,2,1
S01006521,All people aged 16 to 74 in employment,338,265,57,208,73,23,50
S01006521,A B D E. Agriculture energy and water,63,58,4,54,5,1,4
S01006521,C. Manufacturing,27,23,2,21,4,0,4
S01006521,F. Construction,18,12,1,11,6,2,4
S01006521,G I. Distribution hotels and restaurants,40,29,13,16,11,3,8
S01006521,H J. Transport and communication,15,11,3,8,4,1,3
S01006521,K L M N. Financial real estate professional and administrative activities,84,61,9,52,23,5,18
S01006521,O P Q. Public administration education and health,78,64,20,44,14,6,8
S01006521,R S T U. Other,13,7,5,2,6,5,1
S01006522,All people aged 16 to 74 in employment,292,249,75,174,43,15,28
S01006522,A B D E. Agriculture energy and water,39,33,1,32,6,1,5
S01006522,C. Manufacturing,20,17,1,16,3,1,2
S01006522,F. Construction,10,6,1,5,4,0,4
S01006522,G I. Distribution hotels and restaurants,39,33,22,11,6,3,3
S01006522,H J. Transport and communication,16,16,3,13,0,0,0
S01006522,K L M N. Financial real estate professional and administrative activities,66,51,9,42,15,4,11
S01006522,O P Q. Public administration education and health,98,89,37,52,9,6,3
S01006522,R S T U. Other,4,4,1,3,0,0,0
S01006523,All people aged 16 to 74 in employment,454,401,93,308,53,17,36
S01006523,A B D E. Agriculture energy and water,69,65,3,62,4,1,3
S01006523,C. Manufacturing,27,25,0,25,2,0,2
S01006523,F. Construction,13,11,1,10,2,1,1
S01006523,G I. Distribution hotels and restaurants,58,51,17,34,7,3,4
S01006523,H J. Transport and communication,28,22,2,20,6,0,6
S01006523,K L M N. Financial real estate professional and administrative activities,103,87,19,68,16,4,12
S01006523,O P Q. Public administration education and health,138,127,46,81,11,6,5
S01006523,R S T U. Other,18,13,5,8,5,2,3
S01006524,All people aged 16 to 74 in employment,379,292,76,216,87,21,66
S01006524,A B D E. Agriculture energy and water,47,39,2,37,8,2,6
S01006524,C. Manufacturing,23,21,3,18,2,0,2
S01006524,F. Construction,10,6,2,4,4,0,4
S01006524,G I. Distribution hotels and restaurants,51,41,18,23,10,4,6
S01006524,H J. Transport and communication,23,16,1,15,7,1,6
S01006524,K L M N. Financial real estate professional and administrative activities,71,53,15,38,18,6,12
S01006524,O P Q. Public administration education and health,143,106,30,76,37,8,29
S01006524,R S T U. Other,11,10,5,5,1,0,1
S01006525,All people aged 16 to 74 in employment,370,311,84,227,59,18,41
S01006525,A B D E. Agriculture energy and water,59,54,3,51,5,0,5
S01006525,C. Manufacturing,10,8,0,8,2,1,1
S01006525,F. Construction,10,5,0,5,5,1,4
S01006525,G I. Distribution hotels and restaurants,69,63,32,31,6,1,5
S01006525,H J. Transport and communication,21,15,1,14,6,3,3
S01006525,K L M N. Financial real estate professional and administrative activities,76,54,15,39,22,4,18
S01006525,O P Q. Public administration education and health,109,100,26,74,9,5,4
S01006525,R S T U. Other,16,12,7,5,4,3,1
S01006526,All people aged 16 to 74 in employment,442,416,138,278,26,6,20
S01006526,A B D E. Agriculture energy and water,37,35,0,35,2,0,2
S01006526,C. Manufacturing,25,22,2,20,3,1,2
S01006526,F. Construction,37,29,3,26,8,2,6
S01006526,G I. Distribution hotels and restaurants,153,150,73,77,3,1,2
S01006526,H J. Transport and communication,22,20,0,20,2,0,2
S01006526,K L M N. Financial real estate professional and administrative activities,56,53,16,37,3,1,2
S01006526,O P Q. Public administration education and health,91,90,36,54,1,0,1
S01006526,R S T U. Other,21,17,8,9,4,1,3
S01006527,All people aged 16 to 74 in employment,315,291,91,200,24,6,18
S01006527,A B D E. Agriculture energy and water,30,28,3,25,2,0,2
S01006527,C. Manufacturing,20,18,2,16,2,0,2
S01006527,F. Construction,18,12,0,12,6,1,5
S01006527,G I. Distribution hotels and restaurants,87,81,36,45,6,1,5
S01006527,H J. Transport and communication,26,24,5,19,2,0,2
S01006527,K L M N. Financial real estate professional and administrative activities,39,38,8,30,1,0,1
S01006527,O P Q. Public administration education and health,83,79,34,45,4,3,1
S01006527,R S T U. Other,12,11,3,8,1,1,0
S01006528,All people aged 16 to 74 in employment,486,466,183,283,20,8,12
S01006528,A B D E. Agriculture energy and water,29,28,3,25,1,0,1
S01006528,C. Manufacturing,23,21,4,17,2,2,0
S01006528,F. Construction,36,34,5,29,2,0,2
S01006528,G I. Distribution hotels and restaurants,147,142,89,53,5,1,4
S01006528,H J. Transport and communication,31,27,3,24,4,2,2
S01006528,K L M N. Financial real estate professional and administrative activities,73,72,19,53,1,0,1
S01006528,O P Q. Public administration education and health,126,124,52,72,2,2,0
S01006528,R S T U. Other,21,18,8,10,3,1,2
S01006529,All people aged 16 to 74 in employment,472,438,106,332,34,6,28
S01006529,A B D E. Agriculture energy and water,31,29,0,29,2,1,1
S01006529,C. Manufacturing,29,25,1,24,4,1,3
S01006529,F. Construction,26,21,0,21,5,1,4
S01006529,G I. Distribution hotels and restaurants,133,125,47,78,8,1,7
S01006529,H J. Transport and communication,43,39,5,34,4,0,4
S01006529,K L M N. Financial real estate professional and administrative activities,89,84,17,67,5,1,4
S01006529,O P Q. Public administration education and health,104,100,27,73,4,0,4
S01006529,R S T U. Other,17,15,9,6,2,1,1
S01006530,All people aged 16 to 74 in employment,391,361,113,248,30,11,19
S01006530,A B D E. Agriculture energy and water,24,23,1,22,1,0,1
S01006530,C. Manufacturing,22,22,0,22,0,0,0
S01006530,F. Construction,29,25,0,25,4,1,3
S01006530,G I. Distribution hotels and restaurants,130,121,65,56,9,1,8
S01006530,H J. Transport and communication,27,26,2,24,1,0,1
S01006530,K L M N. Financial real estate professional and administrative activities,55,47,10,37,8,3,5
S01006530,O P Q. Public administration education and health,86,81,27,54,5,4,1
S01006530,R S T U. Other,18,16,8,8,2,2,0
S01006531,All people aged 16 to 74 in employment,433,412,143,269,21,6,15
S01006531,A B D E. Agriculture energy and water,24,23,1,22,1,0,1
S01006531,C. Manufacturing,21,21,3,18,0,0,0
S01006531,F. Construction,29,23,1,22,6,1,5
S01006531,G I. Distribution hotels and restaurants,123,120,66,54,3,1,2
S01006531,H J. Transport and communication,40,36,5,31,4,2,2
S01006531,K L M N. Financial real estate professional and administrative activities,71,68,23,45,3,0,3
S01006531,O P Q. Public administration education and health,114,111,39,72,3,1,2
S01006531,R S T U. Other,11,10,5,5,1,1,0
S01006532,All people aged 16 to 74 in employment,353,312,81,231,41,7,34
S01006532,A B D E. Agriculture energy and water,35,32,1,31,3,0,3
S01006532,C. Manufacturing,22,21,3,18,1,0,1
S01006532,F. Construction,23,16,1,15,7,0,7
S01006532,G I. Distribution hotels and restaurants,64,56,26,30,8,1,7
S01006532,H J. Transport and communication,19,17,3,14,2,1,1
S01006532,K L M N. Financial real estate professional and administrative activities,72,61,9,52,11,1,10
S01006532,O P Q. Public administration education and health,101,97,31,66,4,1,3
S01006532,R S T U. Other,17,12,7,5,5,3,2
S01006533,All people aged 16 to 74 in employment,401,343,86,257,58,11,47
S01006533,A B D E. Agriculture energy and water,61,56,1,55,5,0,5
S01006533,C. Manufacturing,16,16,2,14,0,0,0
S01006533,F. Construction,25,15,0,15,10,2,8
S01006533,G I. Distribution hotels and restaurants,64,50,25,25,14,1,13
S01006533,H J. Transport and communication,28,22,2,20,6,1,5
S01006533,K L M N. Financial real estate professional and administrative activities,88,78,16,62,10,2,8
S01006533,O P Q. Public administration education and health,101,93,34,59,8,3,5
S01006533,R S T U. Other,18,13,6,7,5,2,3
S01006534,All people aged 16 to 74 in employment,494,433,86,347,61,18,43
S01006534,A B D E. Agriculture energy and water,72,70,3,67,2,0,2
S01006534,C. Manufacturing,29,26,1,25,3,2,1
S01006534,F. Construction,16,9,1,8,7,1,6
S01006534,G I. Distribution hotels and restaurants,58,52,29,23,6,0,6
S01006534,H J. Transport and communication,41,39,3,36,2,1,1
S01006534,K L M N. Financial real estate professional and administrative activities,128,101,10,91,27,7,20
S01006534,O P Q. Public administration education and health,139,128,35,93,11,6,5
S01006534,R S T U. Other,11,8,4,4,3,1,2
S01006535,All people aged 16 to 74 in employment,679,612,111,501,67,13,54
S01006535,A B D E. Agriculture energy and water,97,90,3,87,7,1,6
S01006535,C. Manufacturing,40,36,2,34,4,1,3
S01006535,F. Construction,32,24,0,24,8,0,8
S01006535,G I. Distribution hotels and restaurants,105,101,42,59,4,0,4
S01006535,H J. Transport and communication,54,46,6,40,8,1,7
S01006535,K L M N. Financial real estate professional and administrative activities,164,143,18,125,21,1,20
S01006535,O P Q. Public administration education and health,167,156,33,123,11,6,5
S01006535,R S T U. Other,20,16,7,9,4,3,1
S01006536,All people aged 16 to 74 in employment,731,676,121,555,55,6,49
S01006536,A B D E. Agriculture energy and water,92,89,3,86,3,0,3
S01006536,C. Manufacturing,47,45,4,41,2,0,2
S01006536,F. Construction,28,24,1,23,4,0,4
S01006536,G I. Distribution hotels and restaurants,149,142,59,83,7,0,7
S01006536,H J. Transport and communication,63,59,6,53,4,0,4
S01006536,K L M N. Financial real estate professional and administrative activities,186,158,12,146,28,3,25
S01006536,O P Q. Public administration education and health,146,142,27,115,4,3,1
S01006536,R S T U. Other,20,17,9,8,3,0,3
S01006537,All people aged 16 to 74 in employment,358,311,97,214,47,12,35
S01006537,A B D E. Agriculture energy and water,45,41,4,37,4,0,4
S01006537,C. Manufacturing,22,21,2,19,1,0,1
S01006537,F. Construction,15,8,3,5,7,0,7
S01006537,G I. Distribution hotels and restaurants,57,53,25,28,4,2,2
S01006537,H J. Transport and communication,32,29,0,29,3,1,2
S01006537,K L M N. Financial real estate professional and administrative activities,77,60,14,46,17,4,13
S01006537,O P Q. Public administration education and health,97,92,47,45,5,3,2
S01006537,R S T U. Other,13,7,2,5,6,2,4
S01006538,All people aged 16 to 74 in employment,291,251,69,182,40,10,30
S01006538,A B D E. Agriculture energy and water,39,37,2,35,2,0,2
S01006538,C. Manufacturing,17,14,0,14,3,2,1
S01006538,F. Construction,17,13,1,12,4,0,4
S01006538,G I. Distribution hotels and restaurants,47,42,22,20,5,1,4
S01006538,H J. Transport and communication,14,11,1,10,3,1,2
S01006538,K L M N. Financial real estate professional and administrative activities,55,44,10,34,11,2,9
S01006538,O P Q. Public administration education and health,92,84,32,52,8,2,6
S01006538,R S T U. Other,10,6,1,5,4,2,2
S01006539,All people aged 16 to 74 in employment,370,331,100,231,39,11,28
S01006539,A B D E. Agriculture energy and water,45,41,5,36,4,0,4
S01006539,C. Manufacturing,30,28,2,26,2,2,0
S01006539,F. Construction,21,18,0,18,3,0,3
S01006539,G I. Distribution hotels and restaurants,54,50,26,24,4,1,3
S01006539,H J. Transport and communication,18,14,1,13,4,0,4
S01006539,K L M N. Financial real estate professional and administrative activities,74,62,15,47,12,2,10
S01006539,O P Q. Public administration education and health,116,108,46,62,8,5,3
S01006539,R S T U. Other,12,10,5,5,2,1,1
S01006540,All people aged 16 to 74 in employment,535,490,112,378,45,12,33
S01006540,A B D E. Agriculture energy and water,58,56,2,54,2,0,2
S01006540,C. Manufacturing,38,36,1,35,2,0,2
S01006540,F. Construction,32,28,4,24,4,0,4
S01006540,G I. Distribution hotels and restaurants,83,78,38,40,5,1,4
S01006540,H J. Transport and communication,30,24,4,20,6,1,5
S01006540,K L M N. Financial real estate professional and administrative activities,114,98,21,77,16,2,14
S01006540,O P Q. Public administration education and health,167,162,40,122,5,3,2
S01006540,R S T U. Other,13,8,2,6,5,5,0
S01006541,All people aged 16 to 74 in employment,366,324,80,244,42,17,25
S01006541,A B D E. Agriculture energy and water,50,48,5,43,2,0,2
S01006541,C. Manufacturing,27,22,1,21,5,2,3
S01006541,F. Construction,20,14,2,12,6,4,2
S01006541,G I. Distribution hotels and restaurants,44,40,19,21,4,1,3
S01006541,H J. Transport and communication,19,19,2,17,0,0,0
S01006541,K L M N. Financial real estate professional and administrative activities,100,84,12,72,16,6,10
S01006541,O P Q. Public administration education and health,98,92,37,55,6,2,4
S01006541,R S T U. Other,8,5,2,3,3,2,1
S01006542,All people aged 16 to 74 in employment,470,418,93,325,52,15,37
S01006542,A B D E. Agriculture energy and water,85,74,4,70,11,0,11
S01006542,C. Manufacturing,37,36,0,36,1,0,1
S01006542,F. Construction,18,14,1,13,4,1,3
S01006542,G I. Distribution hotels and restaurants,64,58,27,31,6,3,3
S01006542,H J. Transport and communication,27,26,5,21,1,1,0
S01006542,K L M N. Financial real estate professional and administrative activities,95,77,14,63,18,4,14
S01006542,O P Q. Public administration education and health,125,120,34,86,5,4,1
S01006542,R S T U. Other,19,13,8,5,6,2,4
S01006543,All people aged 16 to 74 in employment,371,326,82,244,45,10,35
S01006543,A B D E. Agriculture energy and water,47,45,1,44,2,0,2
S01006543,C. Manufacturing,30,22,2,20,8,3,5
S01006543,F. Construction,35,25,3,22,10,1,9
S01006543,G I. Distribution hotels and restaurants,49,42,18,24,7,0,7
S01006543,H J. Transport and communication,23,19,2,17,4,0,4
S01006543,K L M N. Financial real estate professional and administrative activities,66,59,14,45,7,3,4
S01006543,O P Q. Public administration education and health,111,106,39,67,5,3,2
S01006543,R S T U. Other,10,8,3,5,2,0,2
S01006544,All people aged 16 to 74 in employment,634,536,95,441,98,15,83
S01006544,A B D E. Agriculture energy and water,146,134,7,127,12,2,10
S01006544,C. Manufacturing,32,25,3,22,7,0,7
S01006544,F. Construction,26,17,1,16,9,0,9
S01006544,G I. Distribution hotels and restaurants,86,66,27,39,20,3,17
S01006544,H J. Transport and communication,40,33,3,30,7,2,5
S01006544,K L M N. Financial real estate professional and administrative activities,160,132,13,119,28,3,25
S01006544,O P Q. Public administration education and health,125,115,37,78,10,2,8
S01006544,R S T U. Other,19,14,4,10,5,3,2
S01006545,All people aged 16 to 74 in employment,558,476,97,379,82,19,63
S01006545,A B D E. Agriculture energy and water,84,76,3,73,8,1,7
S01006545,C. Manufacturing,28,26,2,24,2,0,2
S01006545,F. Construction,24,18,2,16,6,0,6
S01006545,G I. Distribution hotels and restaurants,73,63,30,33,10,2,8
S01006545,H J. Transport and communication,39,32,4,28,7,2,5
S01006545,K L M N. Financial real estate professional and administrative activities,139,121,17,104,18,4,14
S01006545,O P Q. Public administration education and health,145,129,33,96,16,5,11
S01006545,R S T U. Other,26,11,6,5,15,5,10
S01006546,All people aged 16 to 74 in employment,315,274,74,200,41,10,31
S01006546,A B D E. Agriculture energy and water,40,39,4,35,1,0,1
S01006546,C. Manufacturing,25,24,4,20,1,0,1
S01006546,F. Construction,25,19,2,17,6,1,5
S01006546,G I. Distribution hotels and restaurants,37,35,18,17,2,0,2
S01006546,H J. Transport and communication,23,21,4,17,2,1,1
S01006546,K L M N. Financial real estate professional and administrative activities,79,58,11,47,21,4,17
S01006546,O P Q. Public administration education and health,77,73,28,45,4,3,1
S01006546,R S T U. Other,9,5,3,2,4,1,3
S01006547,All people aged 16 to 74 in employment,415,372,96,276,43,14,29
S01006547,A B D E. Agriculture energy and water,49,41,1,40,8,0,8
S01006547,C. Manufacturing,16,16,2,14,0,0,0
S01006547,F. Construction,17,15,0,15,2,0,2
S01006547,G I. Distribution hotels and restaurants,76,70,29,41,6,2,4
S01006547,H J. Transport and communication,35,34,6,28,1,0,1
S01006547,K L M N. Financial real estate professional and administrative activities,92,81,17,64,11,3,8
S01006547,O P Q. Public administration education and health,109,102,38,64,7,4,3
S01006547,R S T U. Other,21,13,3,10,8,5,3
S01006548,All people aged 16 to 74 in employment,339,297,89,208,42,9,33
S01006548,A B D E. Agriculture energy and water,37,34,2,32,3,0,3
S01006548,C. Manufacturing,18,17,2,15,1,0,1
S01006548,F. Construction,18,11,2,9,7,0,7
S01006548,G I. Distribution hotels and restaurants,43,37,22,15,6,1,5
S01006548,H J. Transport and communication,20,17,1,16,3,1,2
S01006548,K L M N. Financial real estate professional and administrative activities,84,68,16,52,16,3,13
S01006548,O P Q. Public administration education and health,108,103,38,65,5,3,2
S01006548,R S T U. Other,11,10,6,4,1,1,0
S01006549,All people aged 16 to 74 in employment,398,336,94,242,62,12,50
S01006549,A B D E. Agriculture energy and water,54,47,4,43,7,0,7
S01006549,C. Manufacturing,16,15,1,14,1,0,1
S01006549,F. Construction,28,18,2,16,10,0,10
S01006549,G I. Distribution hotels and restaurants,74,66,27,39,8,1,7
S01006549,H J. Transport and communication,18,16,2,14,2,0,2
S01006549,K L M N. Financial real estate professional and administrative activities,85,69,11,58,16,3,13
S01006549,O P Q. Public administration education and health,112,97,44,53,15,7,8
S01006549,R S T U. Other,11,8,3,5,3,1,2
S01006550,All people aged 16 to 74 in employment,429,379,111,268,50,14,36
S01006550,A B D E. Agriculture energy and water,61,56,5,51,5,0,5
S01006550,C. Manufacturing,22,15,2,13,7,2,5
S01006550,F. Construction,30,23,3,20,7,1,6
S01006550,G I. Distribution hotels and restaurants,51,49,29,20,2,1,1
S01006550,H J. Transport and communication,29,28,4,24,1,0,1
S01006550,K L M N. Financial real estate professional and administrative activities,100,81,16,65,19,4,15
S01006550,O P Q. Public administration education and health,121,117,47,70,4,2,2
S01006550,R S T U. Other,15,10,5,5,5,4,1
S01006551,All people aged 16 to 74 in employment,315,270,73,197,45,10,35
S01006551,A B D E. Agriculture energy and water,19,18,1,17,1,0,1
S01006551,C. Manufacturing,18,16,1,15,2,0,2
S01006551,F. Construction,26,14,3,11,12,3,9
S01006551,G I. Distribution hotels and restaurants,58,54,19,35,4,1,3
S01006551,H J. Transport and communication,25,24,4,20,1,1,0
S01006551,K L M N. Financial real estate professional and administrative activities,58,45,9,36,13,4,9
S01006551,O P Q. Public administration education and health,94,87,31,56,7,0,7
S01006551,R S T U. Other,17,12,5,7,5,1,4
S01006552,All people aged 16 to 74 in employment,521,455,113,342,66,8,58
S01006552,A B D E. Agriculture energy and water,50,48,4,44,2,0,2
S01006552,C. Manufacturing,25,24,1,23,1,1,0
S01006552,F. Construction,25,18,1,17,7,0,7
S01006552,G I. Distribution hotels and restaurants,79,67,33,34,12,1,11
S01006552,H J. Transport and communication,41,37,3,34,4,0,4
S01006552,K L M N. Financial real estate professional and administrative activities,107,84,14,70,23,3,20
S01006552,O P Q. Public administration education and health,177,163,52,111,14,3,11
S01006552,R S T U. Other,17,14,5,9,3,0,3
S01006553,All people aged 16 to 74 in employment,348,302,82,220,46,8,38
S01006553,A B D E. Agriculture energy and water,32,29,2,27,3,0,3
S01006553,C. Manufacturing,24,16,0,16,8,2,6
S01006553,F. Construction,20,13,0,13,7,1,6
S01006553,G I. Distribution hotels and restaurants,63,56,23,33,7,2,5
S01006553,H J. Transport and communication,27,23,3,20,4,1,3
S01006553,K L M N. Financial real estate professional and administrative activities,57,45,8,37,12,1,11
S01006553,O P Q. Public administration education and health,108,104,41,63,4,1,3
S01006553,R S T U. Other,17,16,5,11,1,0,1
S01006554,All people aged 16 to 74 in employment,375,342,66,276,33,8,25
S01006554,A B D E. Agriculture energy and water,32,30,2,28,2,0,2
S01006554,C. Manufacturing,29,28,0,28,1,1,0
S01006554,F. Construction,32,25,1,24,7,1,6
S01006554,G I. Distribution hotels and restaurants,78,73,21,52,5,1,4
S01006554,H J. Transport and communication,30,24,2,22,6,0,6
S01006554,K L M N. Financial real estate professional and administrative activities,60,54,10,44,6,2,4
S01006554,O P Q. Public administration education and health,107,103,29,74,4,1,3
S01006554,R S T U. Other,7,5,1,4,2,2,0
S01006555,All people aged 16 to 74 in employment,455,429,96,333,26,5,21
S01006555,A B D E. Agriculture energy and water,32,30,2,28,2,0,2
S01006555,C. Manufacturing,21,19,3,16,2,1,1
S01006555,F. Construction,22,21,2,19,1,0,1
S01006555,G I. Distribution hotels and restaurants,107,102,37,65,5,0,5
S01006555,H J. Transport and communication,39,35,1,34,4,0,4
S01006555,K L M N. Financial real estate professional and administrative activities,60,54,14,40,6,1,5
S01006555,O P Q. Public administration education and health,160,156,33,123,4,2,2
S01006555,R S T U. Other,14,12,4,8,2,1,1
S01006556,All people aged 16 to 74 in employment,383,346,87,259,37,11,26
S01006556,A B D E. Agriculture energy and water,25,24,1,23,1,0,1
S01006556,C. Manufacturing,25,25,0,25,0,0,0
S01006556,F. Construction,31,25,0,25,6,1,5
S01006556,G I. Distribution hotels and restaurants,97,91,36,55,6,1,5
S01006556,H J. Transport and communication,36,27,1,26,9,2,7
S01006556,K L M N. Financial real estate professional and administrative activities,44,38,10,28,6,1,5
S01006556,O P Q. Public administration education and health,111,108,35,73,3,1,2
S01006556,R S T U. Other,14,8,4,4,6,5,1
S01006557,All people aged 16 to 74 in employment,359,337,104,233,22,7,15
S01006557,A B D E. Agriculture energy and water,21,19,1,18,2,1,1
S01006557,C. Manufacturing,31,29,2,27,2,1,1
S01006557,F. Construction,28,24,1,23,4,1,3
S01006557,G I. Distribution hotels and restaurants,82,79,35,44,3,0,3
S01006557,H J. Transport and communication,26,24,1,23,2,1,1
S01006557,K L M N. Financial real estate professional and administrative activities,46,43,6,37,3,1,2
S01006557,O P Q. Public administration education and health,107,104,53,51,3,1,2
S01006557,R S T U. Other,18,15,5,10,3,1,2
S01006558,All people aged 16 to 74 in employment,409,376,55,321,33,7,26
S01006558,A B D E. Agriculture energy and water,40,37,0,37,3,1,2
S01006558,C. Manufacturing,15,14,1,13,1,0,1
S01006558,F. Construction,23,18,0,18,5,0,5
S01006558,G I. Distribution hotels and restaurants,56,51,17,34,5,2,3
S01006558,H J. Transport and communication,34,32,5,27,2,0,2
S01006558,K L M N. Financial real estate professional and administrative activities,84,74,7,67,10,1,9
S01006558,O P Q. Public administration education and health,145,142,22,120,3,0,3
S01006558,R S T U. Other,12,8,3,5,4,3,1
S01006559,All people aged 16 to 74 in employment,325,277,55,222,48,16,32
S01006559,A B D E. Agriculture energy and water,49,45,3,42,4,0,4
S01006559,C. Manufacturing,12,10,0,10,2,2,0
S01006559,F. Construction,12,11,1,10,1,0,1
S01006559,G I. Distribution hotels and restaurants,49,45,22,23,4,2,2
S01006559,H J. Transport and communication,24,22,1,21,2,0,2
S01006559,K L M N. Financial real estate professional and administrative activities,83,59,12,47,24,7,17
S01006559,O P Q. Public administration education and health,91,82,16,66,9,5,4
S01006559,R S T U. Other,5,3,0,3,2,0,2
S01006560,All people aged 16 to 74 in employment,517,441,110,331,76,17,59
S01006560,A B D E. Agriculture energy and water,69,64,3,61,5,1,4
S01006560,C. Manufacturing,20,16,0,16,4,1,3
S01006560,F. Construction,20,15,2,13,5,2,3
S01006560,G I. Distribution hotels and restaurants,68,59,28,31,9,3,6
S01006560,H J. Transport and communication,33,27,4,23,6,1,5
S01006560,K L M N. Financial real estate professional and administrative activities,112,81,15,66,31,2,29
S01006560,O P Q. Public administration education and health,173,160,47,113,13,6,7
S01006560,R S T U. Other,22,19,11,8,3,1,2
S01006561,All people aged 16 to 74 in employment,398,344,95,249,54,11,43
S01006561,A B D E. Agriculture energy and water,52,44,2,42,8,0,8
S01006561,C. Manufacturing,22,19,0,19,3,0,3
S01006561,F. Construction,14,8,0,8,6,1,5
S01006561,G I. Distribution hotels and restaurants,49,45,25,20,4,1,3
S01006561,H J. Transport and communication,26,22,3,19,4,3,1
S01006561,K L M N. Financial real estate professional and administrative activities,74,56,12,44,18,1,17
S01006561,O P Q. Public administration education and health,152,144,49,95,8,4,4
S01006561,R S T U. Other,9,6,4,2,3,1,2
S01006562,All people aged 16 to 74 in employment,352,303,96,207,49,15,34
S01006562,A B D E. Agriculture energy and water,46,41,4,37,5,1,4
S01006562,C. Manufacturing,17,17,0,17,0,0,0
S01006562,F. Construction,22,17,0,17,5,1,4
S01006562,G I. Distribution hotels and restaurants,63,50,24,26,13,4,9
S01006562,H J. Transport and communication,25,23,5,18,2,0,2
S01006562,K L M N. Financial real estate professional and administrative activities,62,47,18,29,15,3,12
S01006562,O P Q. Public administration education and health,99,93,39,54,6,3,3
S01006562,R S T U. Other,18,15,6,9,3,3,0
S01006563,All people aged 16 to 74 in employment,408,368,90,278,40,8,32
S01006563,A B D E. Agriculture energy and water,45,41,5,36,4,0,4
S01006563,C. Manufacturing,21,19,1,18,2,1,1
S01006563,F. Construction,16,10,1,9,6,0,6
S01006563,G I. Distribution hotels and restaurants,59,50,21,29,9,3,6
S01006563,H J. Transport and communication,20,19,2,17,1,0,1
S01006563,K L M N. Financial real estate professional and administrative activities,72,65,7,58,7,2,5
S01006563,O P Q. Public administration education and health,158,151,46,105,7,1,6
S01006563,R S T U. Other,17,13,7,6,4,1,3
S01006564,All people aged 16 to 74 in employment,585,546,125,421,39,5,34
S01006564,A B D E. Agriculture energy and water,45,42,1,41,3,0,3
S01006564,C. Manufacturing,28,26,0,26,2,0,2
S01006564,F. Construction,18,10,0,10,8,1,7
S01006564,G I. Distribution hotels and restaurants,149,143,70,73,6,0,6
S01006564,H J. Transport and communication,40,38,3,35,2,0,2
S01006564,K L M N. Financial real estate professional and administrative activities,112,103,12,91,9,2,7
S01006564,O P Q. Public administration education and health,174,166,37,129,8,1,7
S01006564,R S T U. Other,19,18,2,16,1,1,0
S01006565,All people aged 16 to 74 in employment,608,574,131,443,34,4,30
S01006565,A B D E. Agriculture energy and water,52,49,0,49,3,0,3
S01006565,C. Manufacturing,40,39,3,36,1,0,1
S01006565,F. Construction,20,15,0,15,5,1,4
S01006565,G I. Distribution hotels and restaurants,157,149,74,75,8,0,8
S01006565,H J. Transport and communication,50,46,2,44,4,1,3
S01006565,K L M N. Financial real estate professional and administrative activities,112,106,16,90,6,0,6
S01006565,O P Q. Public administration education and health,161,158,31,127,3,1,2
S01006565,R S T U. Other,16,12,5,7,4,1,3
S01006566,All people aged 16 to 74 in employment,484,451,75,376,33,12,21
S01006566,A B D E. Agriculture energy and water,54,52,1,51,2,0,2
S01006566,C. Manufacturing,15,15,1,14,0,0,0
S01006566,F. Construction,22,18,1,17,4,0,4
S01006566,G I. Distribution hotels and restaurants,83,81,26,55,2,0,2
S01006566,H J. Transport and communication,34,31,3,28,3,1,2
S01006566,K L M N. Financial real estate professional and administrative activities,95,83,6,77,12,4,8
S01006566,O P Q. Public administration education and health,161,157,32,125,4,4,0
S01006566,R S T U. Other,20,14,5,9,6,3,3
S01006567,All people aged 16 to 74 in employment,500,478,117,361,22,11,11
S01006567,A B D E. Agriculture energy and water,44,44,1,43,0,0,0
S01006567,C. Manufacturing,23,23,1,22,0,0,0
S01006567,F. Construction,11,10,0,10,1,0,1
S01006567,G I. Distribution hotels and restaurants,131,125,54,71,6,2,4
S01006567,H J. Transport and communication,35,30,2,28,5,3,2
S01006567,K L M N. Financial real estate professional and administrative activities,102,96,21,75,6,3,3
S01006567,O P Q. Public administration education and health,138,135,29,106,3,2,1
S01006567,R S T U. Other,16,15,9,6,1,1,0
S01006568,All people aged 16 to 74 in employment,706,665,108,557,41,15,26
S01006568,A B D E. Agriculture energy and water,94,90,1,89,4,0,4
S01006568,C. Manufacturing,40,36,0,36,4,1,3
S01006568,F. Construction,24,22,1,21,2,0,2
S01006568,G I. Distribution hotels and restaurants,129,123,54,69,6,3,3
S01006568,H J. Transport and communication,53,49,5,44,4,1,3
S01006568,K L M N. Financial real estate professional and administrative activities,139,130,12,118,9,4,5
S01006568,O P Q. Public administration education and health,204,199,31,168,5,2,3
S01006568,R S T U. Other,23,16,4,12,7,4,3
S01006569,All people aged 16 to 74 in employment,351,322,61,261,29,8,21
S01006569,A B D E. Agriculture energy and water,36,36,1,35,0,0,0
S01006569,C. Manufacturing,21,20,1,19,1,0,1
S01006569,F. Construction,19,15,3,12,4,1,3
S01006569,G I. Distribution hotels and restaurants,60,58,21,37,2,0,2
S01006569,H J. Transport and communication,20,19,4,15,1,0,1
S01006569,K L M N. Financial real estate professional and administrative activities,78,68,7,61,10,3,7
S01006569,O P Q. Public administration education and health,99,90,22,68,9,3,6
S01006569,R S T U. Other,18,16,2,14,2,1,1
S01006570,All people aged 16 to 74 in employment,445,389,69,320,56,15,41
S01006570,A B D E. Agriculture energy and water,62,53,2,51,9,2,7
S01006570,C. Manufacturing,29,27,2,25,2,0,2
S01006570,F. Construction,22,15,2,13,7,2,5
S01006570,G I. Distribution hotels and restaurants,69,65,24,41,4,0,4
S01006570,H J. Transport and communication,32,30,2,28,2,0,2
S01006570,K L M N. Financial real estate professional and administrative activities,99,79,8,71,20,6,14
S01006570,O P Q. Public administration education and health,121,113,27,86,8,3,5
S01006570,R S T U. Other,11,7,2,5,4,2,2
S01006571,All people aged 16 to 74 in employment,525,467,104,363,58,11,47
S01006571,A B D E. Agriculture energy and water,88,80,3,77,8,1,7
S01006571,C. Manufacturing,26,23,4,19,3,0,3
S01006571,F. Construction,18,13,1,12,5,1,4
S01006571,G I. Distribution hotels and restaurants,90,83,40,43,7,2,5
S01006571,H J. Transport and communication,28,24,0,24,4,0,4
S01006571,K L M N. Financial real estate professional and administrative activities,125,103,16,87,22,4,18
S01006571,O P Q. Public administration education and health,134,125,35,90,9,3,6
S01006571,R S T U. Other,16,16,5,11,0,0,0
S01006572,All people aged 16 to 74 in employment,453,376,105,271,77,22,55
S01006572,A B D E. Agriculture energy and water,88,84,6,78,4,0,4
S01006572,C. Manufacturing,25,23,1,22,2,0,2
S01006572,F. Construction,14,9,0,9,5,1,4
S01006572,G I. Distribution hotels and restaurants,46,37,21,16,9,1,8
S01006572,H J. Transport and communication,21,18,6,12,3,0,3
S01006572,K L M N. Financial real estate professional and administrative activities,107,73,17,56,34,10,24
S01006572,O P Q. Public administration education and health,137,121,50,71,16,9,7
S01006572,R S T U. Other,15,11,4,7,4,1,3
S01006573,All people aged 16 to 74 in employment,390,334,88,246,56,10,46
S01006573,A B D E. Agriculture energy and water,64,59,3,56,5,1,4
S01006573,C. Manufacturing,12,8,2,6,4,0,4
S01006573,F. Construction,12,11,3,8,1,0,1
S01006573,G I. Distribution hotels and restaurants,43,39,20,19,4,2,2
S01006573,H J. Transport and communication,21,20,5,15,1,0,1
S01006573,K L M N. Financial real estate professional and administrative activities,111,84,22,62,27,5,22
S01006573,O P Q. Public administration education and health,115,104,29,75,11,2,9
S01006573,R S T U. Other,12,9,4,5,3,0,3
S01006574,All people aged 16 to 74 in employment,510,432,79,353,78,22,56
S01006574,A B D E. Agriculture energy and water,104,95,3,92,9,3,6
S01006574,C. Manufacturing,20,17,2,15,3,1,2
S01006574,F. Construction,20,14,1,13,6,3,3
S01006574,G I. Distribution hotels and restaurants,60,52,18,34,8,2,6
S01006574,H J. Transport and communication,37,34,3,31,3,0,3
S01006574,K L M N. Financial real estate professional and administrative activities,141,108,20,88,33,8,25
S01006574,O P Q. Public administration education and health,114,103,29,74,11,2,9
S01006574,R S T U. Other,14,9,3,6,5,3,2
S01006575,All people aged 16 to 74 in employment,531,451,82,369,80,16,64
S01006575,A B D E. Agriculture energy and water,71,65,2,63,6,1,5
S01006575,C. Manufacturing,25,24,4,20,1,0,1
S01006575,F. Construction,25,16,0,16,9,0,9
S01006575,G I. Distribution hotels and restaurants,97,75,26,49,22,6,16
S01006575,H J. Transport and communication,35,31,5,26,4,1,3
S01006575,K L M N. Financial real estate professional and administrative activities,138,111,14,97,27,2,25
S01006575,O P Q. Public administration education and health,122,115,28,87,7,3,4
S01006575,R S T U. Other,18,14,3,11,4,3,1
S01006576,All people aged 16 to 74 in employment,435,377,84,293,58,11,47
S01006576,A B D E. Agriculture energy and water,76,71,2,69,5,0,5
S01006576,C. Manufacturing,24,21,2,19,3,0,3
S01006576,F. Construction,14,7,0,7,7,0,7
S01006576,G I. Distribution hotels and restaurants,66,57,28,29,9,2,7
S01006576,H J. Transport and communication,28,26,2,24,2,1,1
S01006576,K L M N. Financial real estate professional and administrative activities,106,89,15,74,17,4,13
S01006576,O P Q. Public administration education and health,101,95,33,62,6,2,4
S01006576,R S T U. Other,20,11,2,9,9,2,7
S01006577,All people aged 16 to 74 in employment,510,454,65,389,56,15,41
S01006577,A B D E. Agriculture energy and water,78,70,1,69,8,1,7
S01006577,C. Manufacturing,27,26,1,25,1,0,1
S01006577,F. Construction,19,16,0,16,3,1,2
S01006577,G I. Distribution hotels and restaurants,82,76,31,45,6,2,4
S01006577,H J. Transport and communication,28,24,2,22,4,0,4
S01006577,K L M N. Financial real estate professional and administrative activities,124,103,7,96,21,3,18
S01006577,O P Q. Public administration education and health,136,125,19,106,11,7,4
S01006577,R S T U. Other,16,14,4,10,2,1,1
S01006578,All people aged 16 to 74 in employment,742,705,124,581,37,7,30
S01006578,A B D E. Agriculture energy and water,124,118,4,114,6,1,5
S01006578,C. Manufacturing,54,53,3,50,1,0,1
S01006578,F. Construction,23,20,0,20,3,0,3
S01006578,G I. Distribution hotels and restaurants,138,136,58,78,2,2,0
S01006578,H J. Transport and communication,48,46,6,40,2,1,1
S01006578,K L M N. Financial real estate professional and administrative activities,179,166,14,152,13,1,12
S01006578,O P Q. Public administration education and health,143,139,32,107,4,0,4
S01006578,R S T U. Other,33,27,7,20,6,2,4
S01006579,All people aged 16 to 74 in employment,709,670,119,551,39,4,35
S01006579,A B D E. Agriculture energy and water,106,102,2,100,4,0,4
S01006579,C. Manufacturing,40,40,1,39,0,0,0
S01006579,F. Construction,25,23,0,23,2,0,2
S01006579,G I. Distribution hotels and restaurants,162,155,69,86,7,0,7
S01006579,H J. Transport and communication,48,45,5,40,3,0,3
S01006579,K L M N. Financial real estate professional and administrative activities,149,134,12,122,15,1,14
S01006579,O P Q. Public administration education and health,148,144,24,120,4,1,3
S01006579,R S T U. Other,31,27,6,21,4,2,2
S01006580,All people aged 16 to 74 in employment,492,455,80,375,37,7,30
S01006580,A B D E. Agriculture energy and water,80,76,3,73,4,0,4
S01006580,C. Manufacturing,43,41,2,39,2,1,1
S01006580,F. Construction,10,7,0,7,3,1,2
S01006580,G I. Distribution hotels and restaurants,81,77,37,40,4,2,2
S01006580,H J. Transport and communication,29,26,2,24,3,1,2
S01006580,K L M N. Financial real estate professional and administrative activities,127,115,7,108,12,1,11
S01006580,O P Q. Public administration education and health,100,96,22,74,4,1,3
S01006580,R S T U. Other,22,17,7,10,5,0,5
S01006581,All people aged 16 to 74 in employment,478,400,98,302,78,14,64
S01006581,A B D E. Agriculture energy and water,77,68,3,65,9,0,9
S01006581,C. Manufacturing,23,20,0,20,3,0,3
S01006581,F. Construction,11,9,0,9,2,0,2
S01006581,G I. Distribution hotels and restaurants,72,63,26,37,9,3,6
S01006581,H J. Transport and communication,19,16,1,15,3,0,3
S01006581,K L M N. Financial real estate professional and administrative activities,119,89,14,75,30,2,28
S01006581,O P Q. Public administration education and health,136,120,47,73,16,5,11
S01006581,R S T U. Other,21,15,7,8,6,4,2
S01006582,All people aged 16 to 74 in employment,610,546,111,435,64,12,52
S01006582,A B D E. Agriculture energy and water,69,64,1,63,5,0,5
S01006582,C. Manufacturing,32,31,1,30,1,0,1
S01006582,F. Construction,22,18,2,16,4,0,4
S01006582,G I. Distribution hotels and restaurants,149,138,58,80,11,2,9
S01006582,H J. Transport and communication,43,38,2,36,5,1,4
S01006582,K L M N. Financial real estate professional and administrative activities,153,128,17,111,25,4,21
S01006582,O P Q. Public administration education and health,118,108,23,85,10,4,6
S01006582,R S T U. Other,24,21,7,14,3,1,2
S01006583,All people aged 16 to 74 in employment,507,486,111,375,21,4,17
S01006583,A B D E. Agriculture energy and water,68,64,0,64,4,0,4
S01006583,C. Manufacturing,25,24,0,24,1,0,1
S01006583,F. Construction,17,15,0,15,2,0,2
S01006583,G I. Distribution hotels and restaurants,135,132,74,58,3,0,3
S01006583,H J. Transport and communication,22,22,1,21,0,0,0
S01006583,K L M N. Financial real estate professional and administrative activities,135,130,9,121,5,2,3
S01006583,O P Q. Public administration education and health,91,88,23,65,3,1,2
S01006583,R S T U. Other,14,11,4,7,3,1,2
S01006584,All people aged 16 to 74 in employment,439,407,89,318,32,5,27
S01006584,A B D E. Agriculture energy and water,68,62,1,61,6,0,6
S01006584,C. Manufacturing,25,24,1,23,1,0,1
S01006584,F. Construction,15,10,1,9,5,0,5
S01006584,G I. Distribution hotels and restaurants,97,94,42,52,3,0,3
S01006584,H J. Transport and communication,25,23,4,19,2,1,1
S01006584,K L M N. Financial real estate professional and administrative activities,97,87,16,71,10,3,7
S01006584,O P Q. Public administration education and health,95,94,20,74,1,0,1
S01006584,R S T U. Other,17,13,4,9,4,1,3
S01006585,All people aged 16 to 74 in employment,469,428,116,312,41,8,33
S01006585,A B D E. Agriculture energy and water,40,36,2,34,4,0,4
S01006585,C. Manufacturing,28,27,0,27,1,1,0
S01006585,F. Construction,20,16,2,14,4,0,4
S01006585,G I. Distribution hotels and restaurants,145,138,65,73,7,0,7
S01006585,H J. Transport and communication,26,21,0,21,5,1,4
S01006585,K L M N. Financial real estate professional and administrative activities,94,85,11,74,9,3,6
S01006585,O P Q. Public administration education and health,92,87,25,62,5,2,3
S01006585,R S T U. Other,24,18,11,7,6,1,5
S01006586,All people aged 16 to 74 in employment,648,611,157,454,37,4,33
S01006586,A B D E. Agriculture energy and water,59,54,2,52,5,0,5
S01006586,C. Manufacturing,42,40,4,36,2,0,2
S01006586,F. Construction,32,29,3,26,3,0,3
S01006586,G I. Distribution hotels and restaurants,205,196,100,96,9,1,8
S01006586,H J. Transport and communication,27,27,4,23,0,0,0
S01006586,K L M N. Financial real estate professional and administrative activities,128,115,13,102,13,2,11
S01006586,O P Q. Public administration education and health,130,128,23,105,2,0,2
S01006586,R S T U. Other,25,22,8,14,3,1,2
S01006587,All people aged 16 to 74 in employment,370,346,72,274,24,4,20
S01006587,A B D E. Agriculture energy and water,47,46,1,45,1,0,1
S01006587,C. Manufacturing,19,18,1,17,1,0,1
S01006587,F. Construction,8,5,0,5,3,1,2
S01006587,G I. Distribution hotels and restaurants,131,125,45,80,6,1,5
S01006587,H J. Transport and communication,20,19,3,16,1,0,1
S01006587,K L M N. Financial real estate professional and administrative activities,64,58,5,53,6,1,5
S01006587,O P Q. Public administration education and health,71,66,14,52,5,1,4
S01006587,R S T U. Other,10,9,3,6,1,0,1
S01006588,All people aged 16 to 74 in employment,424,405,114,291,19,3,16
S01006588,A B D E. Agriculture energy and water,29,28,2,26,1,0,1
S01006588,C. Manufacturing,22,21,2,19,1,0,1
S01006588,F. Construction,10,8,0,8,2,0,2
S01006588,G I. Distribution hotels and restaurants,157,154,77,77,3,0,3
S01006588,H J. Transport and communication,28,26,3,23,2,0,2
S01006588,K L M N. Financial real estate professional and administrative activities,80,73,3,70,7,2,5
S01006588,O P Q. Public administration education and health,81,79,17,62,2,0,2
S01006588,R S T U. Other,17,16,10,6,1,1,0
S01006589,All people aged 16 to 74 in employment,438,405,134,271,33,5,28
S01006589,A B D E. Agriculture energy and water,29,28,5,23,1,0,1
S01006589,C. Manufacturing,26,26,0,26,0,0,0
S01006589,F. Construction,28,21,0,21,7,3,4
S01006589,G I. Distribution hotels and restaurants,167,161,92,69,6,1,5
S01006589,H J. Transport and communication,26,23,2,21,3,0,3
S01006589,K L M N. Financial real estate professional and administrative activities,75,66,10,56,9,0,9
S01006589,O P Q. Public administration education and health,64,62,17,45,2,1,1
S01006589,R S T U. Other,23,18,8,10,5,0,5
S01006590,All people aged 16 to 74 in employment,480,430,78,352,50,11,39
S01006590,A B D E. Agriculture energy and water,63,61,2,59,2,0,2
S01006590,C. Manufacturing,27,22,1,21,5,0,5
S01006590,F. Construction,14,10,0,10,4,1,3
S01006590,G I. Distribution hotels and restaurants,133,118,41,77,15,3,12
S01006590,H J. Transport and communication,27,26,2,24,1,0,1
S01006590,K L M N. Financial real estate professional and administrative activities,92,80,8,72,12,1,11
S01006590,O P Q. Public administration education and health,104,96,20,76,8,4,4
S01006590,R S T U. Other,20,17,4,13,3,2,1
S01006591,All people aged 16 to 74 in employment,530,489,104,385,41,5,36
S01006591,A B D E. Agriculture energy and water,65,60,0,60,5,0,5
S01006591,C. Manufacturing,31,29,0,29,2,0,2
S01006591,F. Construction,14,11,0,11,3,0,3
S01006591,G I. Distribution hotels and restaurants,122,109,54,55,13,3,10
S01006591,H J. Transport and communication,32,27,3,24,5,0,5
S01006591,K L M N. Financial real estate professional and administrative activities,140,132,14,118,8,0,8
S01006591,O P Q. Public administration education and health,113,110,28,82,3,1,2
S01006591,R S T U. Other,13,11,5,6,2,1,1
S01006592,All people aged 16 to 74 in employment,512,462,66,396,50,9,41
S01006592,A B D E. Agriculture energy and water,93,86,2,84,7,1,6
S01006592,C. Manufacturing,30,29,1,28,1,1,0
S01006592,F. Construction,22,18,1,17,4,1,3
S01006592,G I. Distribution hotels and restaurants,67,62,21,41,5,1,4
S01006592,H J. Transport and communication,53,46,9,37,7,0,7
S01006592,K L M N. Financial real estate professional and administrative activities,130,113,9,104,17,3,14
S01006592,O P Q. Public administration education and health,100,94,17,77,6,2,4
S01006592,R S T U. Other,17,14,6,8,3,0,3
S01006593,All people aged 16 to 74 in employment,550,508,82,426,42,7,35
S01006593,A B D E. Agriculture energy and water,118,111,1,110,7,0,7
S01006593,C. Manufacturing,32,31,2,29,1,0,1
S01006593,F. Construction,22,18,0,18,4,1,3
S01006593,G I. Distribution hotels and restaurants,113,106,36,70,7,3,4
S01006593,H J. Transport and communication,34,28,3,25,6,1,5
S01006593,K L M N. Financial real estate professional and administrative activities,118,104,11,93,14,1,13
S01006593,O P Q. Public administration education and health,96,95,22,73,1,0,1
S01006593,R S T U. Other,17,15,7,8,2,1,1
S01006594,All people aged 16 to 74 in employment,336,310,69,241,26,7,19
S01006594,A B D E. Agriculture energy and water,40,38,1,37,2,0,2
S01006594,C. Manufacturing,20,18,1,17,2,1,1
S01006594,F. Construction,22,16,0,16,6,0,6
S01006594,G I. Distribution hotels and restaurants,69,68,29,39,1,0,1
S01006594,H J. Transport and communication,23,23,3,20,0,0,0
S01006594,K L M N. Financial real estate professional and administrative activities,79,70,9,61,9,2,7
S01006594,O P Q. Public administration education and health,69,66,22,44,3,2,1
S01006594,R S T U. Other,14,11,4,7,3,2,1
S01006595,All people aged 16 to 74 in employment,685,627,87,540,58,9,49
S01006595,A B D E. Agriculture energy and water,119,102,6,96,17,1,16
S01006595,C. Manufacturing,30,30,2,28,0,0,0
S01006595,F. Construction,38,32,0,32,6,1,5
S01006595,G I. Distribution hotels and restaurants,135,130,40,90,5,1,4
S01006595,H J. Transport and communication,46,41,5,36,5,1,4
S01006595,K L M N. Financial real estate professional and administrative activities,164,146,9,137,18,2,16
S01006595,O P Q. Public administration education and health,133,129,20,109,4,3,1
S01006595,R S T U. Other,20,17,5,12,3,0,3
S01006596,All people aged 16 to 74 in employment,488,426,56,370,62,12,50
S01006596,A B D E. Agriculture energy and water,91,83,3,80,8,0,8
S01006596,C. Manufacturing,26,23,0,23,3,1,2
S01006596,F. Construction,22,17,1,16,5,0,5
S01006596,G I. Distribution hotels and restaurants,90,74,20,54,16,2,14
S01006596,H J. Transport and communication,37,30,4,26,7,0,7
S01006596,K L M N. Financial real estate professional and administrative activities,108,95,7,88,13,1,12
S01006596,O P Q. Public administration education and health,104,94,19,75,10,8,2
S01006596,R S T U. Other,10,10,2,8,0,0,0
S01006597,All people aged 16 to 74 in employment,408,382,61,321,26,7,19
S01006597,A B D E. Agriculture energy and water,50,44,2,42,6,0,6
S01006597,C. Manufacturing,22,20,0,20,2,0,2
S01006597,F. Construction,20,17,0,17,3,0,3
S01006597,G I. Distribution hotels and restaurants,95,91,32,59,4,1,3
S01006597,H J. Transport and communication,19,19,1,18,0,0,0
S01006597,K L M N. Financial real estate professional and administrative activities,110,103,12,91,7,3,4
S01006597,O P Q. Public administration education and health,81,80,13,67,1,1,0
S01006597,R S T U. Other,11,8,1,7,3,2,1
S01006598,All people aged 16 to 74 in employment,572,506,101,405,66,13,53
S01006598,A B D E. Agriculture energy and water,125,117,6,111,8,2,6
S01006598,C. Manufacturing,30,27,3,24,3,0,3
S01006598,F. Construction,33,23,1,22,10,0,10
S01006598,G I. Distribution hotels and restaurants,73,62,13,49,11,1,10
S01006598,H J. Transport and communication,38,32,6,26,6,1,5
S01006598,K L M N. Financial real estate professional and administrative activities,121,104,19,85,17,3,14
S01006598,O P Q. Public administration education and health,125,118,47,71,7,4,3
S01006598,R S T U. Other,27,23,6,17,4,2,2
S01006599,All people aged 16 to 74 in employment,450,413,90,323,37,7,30
S01006599,A B D E. Agriculture energy and water,40,39,0,39,1,0,1
S01006599,C. Manufacturing,25,24,1,23,1,0,1
S01006599,F. Construction,37,29,1,28,8,1,7
S01006599,G I. Distribution hotels and restaurants,111,102,41,61,9,2,7
S01006599,H J. Transport and communication,28,27,5,22,1,0,1
S01006599,K L M N. Financial real estate professional and administrative activities,90,84,10,74,6,1,5
S01006599,O P Q. Public administration education and health,101,92,26,66,9,1,8
S01006599,R S T U. Other,18,16,6,10,2,2,0
S01006600,All people aged 16 to 74 in employment,603,537,108,429,66,18,48
S01006600,A B D E. Agriculture energy and water,79,77,3,74,2,0,2
S01006600,C. Manufacturing,36,33,5,28,3,0,3
S01006600,F. Construction,33,23,2,21,10,1,9
S01006600,G I. Distribution hotels and restaurants,91,79,31,48,12,2,10
S01006600,H J. Transport and communication,34,29,4,25,5,1,4
S01006600,K L M N. Financial real estate professional and administrative activities,157,142,16,126,15,3,12
S01006600,O P Q. Public administration education and health,146,131,40,91,15,8,7
S01006600,R S T U. Other,27,23,7,16,4,3,1
S01006601,All people aged 16 to 74 in employment,644,591,116,475,53,13,40
S01006601,A B D E. Agriculture energy and water,81,79,1,78,2,0,2
S01006601,C. Manufacturing,36,33,0,33,3,0,3
S01006601,F. Construction,41,28,2,26,13,2,11
S01006601,G I. Distribution hotels and restaurants,110,104,45,59,6,2,4
S01006601,H J. Transport and communication,43,41,4,37,2,1,1
S01006601,K L M N. Financial real estate professional and administrative activities,161,147,16,131,14,1,13
S01006601,O P Q. Public administration education and health,150,143,43,100,7,4,3
S01006601,R S T U. Other,22,16,5,11,6,3,3
S01006602,All people aged 16 to 74 in employment,433,363,94,269,70,17,53
S01006602,A B D E. Agriculture energy and water,63,54,2,52,9,0,9
S01006602,C. Manufacturing,24,21,2,19,3,0,3
S01006602,F. Construction,13,7,0,7,6,1,5
S01006602,G I. Distribution hotels and restaurants,56,48,25,23,8,1,7
S01006602,H J. Transport and communication,34,27,3,24,7,2,5
S01006602,K L M N. Financial real estate professional and administrative activities,113,85,13,72,28,8,20
S01006602,O P Q. Public administration education and health,114,106,46,60,8,5,3
S01006602,R S T U. Other,16,15,3,12,1,0,1
S01006603,All people aged 16 to 74 in employment,391,368,100,268,23,9,14
S01006603,A B D E. Agriculture energy and water,27,26,1,25,1,0,1
S01006603,C. Manufacturing,25,25,0,25,0,0,0
S01006603,F. Construction,30,27,2,25,3,0,3
S01006603,G I. Distribution hotels and restaurants,107,104,46,58,3,2,1
S01006603,H J. Transport and communication,33,29,3,26,4,0,4
S01006603,K L M N. Financial real estate professional and administrative activities,63,58,10,48,5,3,2
S01006603,O P Q. Public administration education and health,90,87,34,53,3,1,2
S01006603,R S T U. Other,16,12,4,8,4,3,1
S01006604,All people aged 16 to 74 in employment,355,323,104,219,32,8,24
S01006604,A B D E. Agriculture energy and water,24,22,1,21,2,0,2
S01006604,C. Manufacturing,22,22,1,21,0,0,0
S01006604,F. Construction,28,21,0,21,7,2,5
S01006604,G I. Distribution hotels and restaurants,104,96,51,45,8,1,7
S01006604,H J. Transport and communication,41,34,2,32,7,1,6
S01006604,K L M N. Financial real estate professional and administrative activities,34,33,7,26,1,1,0
S01006604,O P Q. Public administration education and health,86,82,38,44,4,2,2
S01006604,R S T U. Other,16,13,4,9,3,1,2
S01006605,All people aged 16 to 74 in employment,364,341,84,257,23,5,18
S01006605,A B D E. Agriculture energy and water,32,30,2,28,2,0,2
S01006605,C. Manufacturing,39,39,3,36,0,0,0
S01006605,F. Construction,25,24,0,24,1,0,1
S01006605,G I. Distribution hotels and restaurants,88,84,34,50,4,2,2
S01006605,H J. Transport and communication,37,30,5,25,7,0,7
S01006605,K L M N. Financial real estate professional and administrative activities,57,53,13,40,4,1,3
S01006605,O P Q. Public administration education and health,70,67,21,46,3,2,1
S01006605,R S T U. Other,16,14,6,8,2,0,2
S01006606,All people aged 16 to 74 in employment,403,353,87,266,50,9,41
S01006606,A B D E. Agriculture energy and water,40,39,1,38,1,0,1
S01006606,C. Manufacturing,28,24,2,22,4,1,3
S01006606,F. Construction,35,28,6,22,7,1,6
S01006606,G I. Distribution hotels and restaurants,87,78,26,52,9,1,8
S01006606,H J. Transport and communication,37,29,4,25,8,0,8
S01006606,K L M N. Financial real estate professional and administrative activities,58,44,13,31,14,3,11
S01006606,O P Q. Public administration education and health,107,101,32,69,6,2,4
S01006606,R S T U. Other,11,10,3,7,1,1,0
S01006607,All people aged 16 to 74 in employment,493,453,124,329,40,10,30
S01006607,A B D E. Agriculture energy and water,33,31,2,29,2,0,2
S01006607,C. Manufacturing,36,36,3,33,0,0,0
S01006607,F. Construction,40,34,1,33,6,1,5
S01006607,G I. Distribution hotels and restaurants,120,114,57,57,6,0,6
S01006607,H J. Transport and communication,49,39,6,33,10,0,10
S01006607,K L M N. Financial real estate professional and administrative activities,86,77,18,59,9,4,5
S01006607,O P Q. Public administration education and health,110,109,35,74,1,1,0
S01006607,R S T U. Other,19,13,2,11,6,4,2
S01006608,All people aged 16 to 74 in employment,391,331,91,240,60,8,52
S01006608,A B D E. Agriculture energy and water,53,46,4,42,7,3,4
S01006608,C. Manufacturing,29,24,6,18,5,0,5
S01006608,F. Construction,51,34,3,31,17,1,16
S01006608,G I. Distribution hotels and restaurants,55,50,22,28,5,1,4
S01006608,H J. Transport and communication,26,24,2,22,2,0,2
S01006608,K L M N. Financial real estate professional and administrative activities,81,70,17,53,11,1,10
S01006608,O P Q. Public administration education and health,78,72,34,38,6,2,4
S01006608,R S T U. Other,18,11,3,8,7,0,7
S01006609,All people aged 16 to 74 in employment,530,485,121,364,45,14,31
S01006609,A B D E. Agriculture energy and water,42,40,3,37,2,0,2
S01006609,C. Manufacturing,39,38,3,35,1,0,1
S01006609,F. Construction,50,39,1,38,11,0,11
S01006609,G I. Distribution hotels and restaurants,123,120,45,75,3,1,2
S01006609,H J. Transport and communication,65,58,5,53,7,3,4
S01006609,K L M N. Financial real estate professional and administrative activities,82,73,19,54,9,4,5
S01006609,O P Q. Public administration education and health,109,103,39,64,6,3,3
S01006609,R S T U. Other,20,14,6,8,6,3,3
S01006610,All people aged 16 to 74 in employment,231,219,55,164,12,7,5
S01006610,A B D E. Agriculture energy and water,10,10,1,9,0,0,0
S01006610,C. Manufacturing,23,23,2,21,0,0,0
S01006610,F. Construction,25,22,0,22,3,0,3
S01006610,G I. Distribution hotels and restaurants,61,58,20,38,3,2,1
S01006610,H J. Transport and communication,15,15,1,14,0,0,0
S01006610,K L M N. Financial real estate professional and administrative activities,37,36,8,28,1,1,0
S01006610,O P Q. Public administration education and health,48,46,20,26,2,1,1
S01006610,R S T U. Other,12,9,3,6,3,3,0
S01006611,All people aged 16 to 74 in employment,437,405,110,295,32,9,23
S01006611,A B D E. Agriculture energy and water,26,25,1,24,1,0,1
S01006611,C. Manufacturing,33,33,4,29,0,0,0
S01006611,F. Construction,32,29,1,28,3,1,2
S01006611,G I. Distribution hotels and restaurants,122,118,49,69,4,0,4
S01006611,H J. Transport and communication,39,32,5,27,7,1,6
S01006611,K L M N. Financial real estate professional and administrative activities,49,45,7,38,4,3,1
S01006611,O P Q. Public administration education and health,116,110,36,74,6,2,4
S01006611,R S T U. Other,20,13,7,6,7,2,5
S01006612,All people aged 16 to 74 in employment,489,454,124,330,35,11,24
S01006612,A B D E. Agriculture energy and water,48,45,2,43,3,0,3
S01006612,C. Manufacturing,30,30,2,28,0,0,0
S01006612,F. Construction,30,25,0,25,5,2,3
S01006612,G I. Distribution hotels and restaurants,128,125,51,74,3,1,2
S01006612,H J. Transport and communication,48,39,8,31,9,2,7
S01006612,K L M N. Financial real estate professional and administrative activities,57,51,8,43,6,2,4
S01006612,O P Q. Public administration education and health,125,121,42,79,4,0,4
S01006612,R S T U. Other,23,18,11,7,5,4,1
S01006613,All people aged 16 to 74 in employment,402,366,75,291,36,9,27
S01006613,A B D E. Agriculture energy and water,60,57,3,54,3,1,2
S01006613,C. Manufacturing,34,32,2,30,2,0,2
S01006613,F. Construction,29,25,1,24,4,0,4
S01006613,G I. Distribution hotels and restaurants,77,74,23,51,3,1,2
S01006613,H J. Transport and communication,38,32,2,30,6,1,5
S01006613,K L M N. Financial real estate professional and administrative activities,86,78,14,64,8,2,6
S01006613,O P Q. Public administration education and health,66,61,27,34,5,3,2
S01006613,R S T U. Other,12,7,3,4,5,1,4
S01006614,All people aged 16 to 74 in employment,408,376,78,298,32,3,29
S01006614,A B D E. Agriculture energy and water,44,41,3,38,3,1,2
S01006614,C. Manufacturing,36,35,4,31,1,0,1
S01006614,F. Construction,39,28,3,25,11,1,10
S01006614,G I. Distribution hotels and restaurants,69,63,19,44,6,0,6
S01006614,H J. Transport and communication,36,33,5,28,3,0,3
S01006614,K L M N. Financial real estate professional and administrative activities,81,78,10,68,3,0,3
S01006614,O P Q. Public administration education and health,90,88,29,59,2,1,1
S01006614,R S T U. Other,13,10,5,5,3,0,3
S01006615,All people aged 16 to 74 in employment,453,407,108,299,46,3,43
S01006615,A B D E. Agriculture energy and water,64,62,4,58,2,0,2
S01006615,C. Manufacturing,30,26,2,24,4,0,4
S01006615,F. Construction,36,29,1,28,7,0,7
S01006615,G I. Distribution hotels and restaurants,78,73,28,45,5,0,5
S01006615,H J. Transport and communication,36,30,6,24,6,0,6
S01006615,K L M N. Financial real estate professional and administrative activities,102,89,20,69,13,0,13
S01006615,O P Q. Public administration education and health,87,83,37,46,4,1,3
S01006615,R S T U. Other,20,15,10,5,5,2,3
S01006616,All people aged 16 to 74 in employment,573,526,116,410,47,15,32
S01006616,A B D E. Agriculture energy and water,74,72,4,68,2,0,2
S01006616,C. Manufacturing,50,49,6,43,1,0,1
S01006616,F. Construction,47,39,2,37,8,1,7
S01006616,G I. Distribution hotels and restaurants,111,106,47,59,5,2,3
S01006616,H J. Transport and communication,56,47,4,43,9,2,7
S01006616,K L M N. Financial real estate professional and administrative activities,75,69,8,61,6,2,4
S01006616,O P Q. Public administration education and health,139,129,38,91,10,7,3
S01006616,R S T U. Other,21,15,7,8,6,1,5
S01006617,All people aged 16 to 74 in employment,398,359,93,266,39,4,35
S01006617,A B D E. Agriculture energy and water,58,56,3,53,2,0,2
S01006617,C. Manufacturing,23,23,3,20,0,0,0
S01006617,F. Construction,39,30,4,26,9,0,9
S01006617,G I. Distribution hotels and restaurants,70,68,31,37,2,0,2
S01006617,H J. Transport and communication,37,32,4,28,5,0,5
S01006617,K L M N. Financial real estate professional and administrative activities,71,60,13,47,11,1,10
S01006617,O P Q. Public administration education and health,83,78,31,47,5,1,4
S01006617,R S T U. Other,17,12,4,8,5,2,3
S01006618,All people aged 16 to 74 in employment,334,302,74,228,32,5,27
S01006618,A B D E. Agriculture energy and water,32,32,2,30,0,0,0
S01006618,C. Manufacturing,27,26,3,23,1,0,1
S01006618,F. Construction,35,29,2,27,6,1,5
S01006618,G I. Distribution hotels and restaurants,48,44,18,26,4,0,4
S01006618,H J. Transport and communication,45,41,6,35,4,1,3
S01006618,K L M N. Financial real estate professional and administrative activities,77,65,17,48,12,0,12
S01006618,O P Q. Public administration education and health,57,57,24,33,0,0,0
S01006618,R S T U. Other,13,8,2,6,5,3,2
S01006619,All people aged 16 to 74 in employment,533,469,119,350,64,21,43
S01006619,A B D E. Agriculture energy and water,61,57,8,49,4,0,4
S01006619,C. Manufacturing,35,33,3,30,2,0,2
S01006619,F. Construction,43,31,1,30,12,1,11
S01006619,G I. Distribution hotels and restaurants,107,96,43,53,11,5,6
S01006619,H J. Transport and communication,50,44,6,38,6,2,4
S01006619,K L M N. Financial real estate professional and administrative activities,96,81,12,69,15,5,10
S01006619,O P Q. Public administration education and health,122,115,40,75,7,4,3
S01006619,R S T U. Other,19,12,6,6,7,4,3
S01006620,All people aged 16 to 74 in employment,544,509,118,391,35,9,26
S01006620,A B D E. Agriculture energy and water,59,55,2,53,4,1,3
S01006620,C. Manufacturing,39,36,6,30,3,0,3
S01006620,F. Construction,45,38,3,35,7,1,6
S01006620,G I. Distribution hotels and restaurants,121,116,52,64,5,1,4
S01006620,H J. Transport and communication,54,48,3,45,6,2,4
S01006620,K L M N. Financial real estate professional and administrative activities,78,74,11,63,4,1,3
S01006620,O P Q. Public administration education and health,123,121,35,86,2,1,1
S01006620,R S T U. Other,25,21,6,15,4,2,2
S01006621,All people aged 16 to 74 in employment,314,290,74,216,24,4,20
S01006621,A B D E. Agriculture energy and water,29,29,3,26,0,0,0
S01006621,C. Manufacturing,27,27,2,25,0,0,0
S01006621,F. Construction,24,19,2,17,5,0,5
S01006621,G I. Distribution hotels and restaurants,83,76,28,48,7,2,5
S01006621,H J. Transport and communication,26,24,2,22,2,0,2
S01006621,K L M N. Financial real estate professional and administrative activities,49,44,6,38,5,0,5
S01006621,O P Q. Public administration education and health,64,63,29,34,1,0,1
S01006621,R S T U. Other,12,8,2,6,4,2,2
S01006622,All people aged 16 to 74 in employment,462,423,82,341,39,5,34
S01006622,A B D E. Agriculture energy and water,64,61,2,59,3,0,3
S01006622,C. Manufacturing,29,28,2,26,1,0,1
S01006622,F. Construction,36,27,2,25,9,0,9
S01006622,G I. Distribution hotels and restaurants,88,84,29,55,4,1,3
S01006622,H J. Transport and communication,46,41,3,38,5,0,5
S01006622,K L M N. Financial real estate professional and administrative activities,92,80,10,70,12,1,11
S01006622,O P Q. Public administration education and health,96,92,32,60,4,2,2
S01006622,R S T U. Other,11,10,2,8,1,1,0
S01006623,All people aged 16 to 74 in employment,418,390,75,315,28,3,25
S01006623,A B D E. Agriculture energy and water,47,40,1,39,7,0,7
S01006623,C. Manufacturing,39,36,1,35,3,1,2
S01006623,F. Construction,36,33,0,33,3,0,3
S01006623,G I. Distribution hotels and restaurants,92,90,36,54,2,0,2
S01006623,H J. Transport and communication,49,48,5,43,1,0,1
S01006623,K L M N. Financial real estate professional and administrative activities,64,58,7,51,6,1,5
S01006623,O P Q. Public administration education and health,74,73,23,50,1,0,1
S01006623,R S T U. Other,17,12,2,10,5,1,4
S01006624,All people aged 16 to 74 in employment,539,507,115,392,32,7,25
S01006624,A B D E. Agriculture energy and water,36,36,2,34,0,0,0
S01006624,C. Manufacturing,60,58,5,53,2,0,2
S01006624,F. Construction,38,33,1,32,5,0,5
S01006624,G I. Distribution hotels and restaurants,132,127,49,78,5,0,5
S01006624,H J. Transport and communication,50,48,5,43,2,0,2
S01006624,K L M N. Financial real estate professional and administrative activities,88,80,16,64,8,2,6
S01006624,O P Q. Public administration education and health,116,110,32,78,6,3,3
S01006624,R S T U. Other,19,15,5,10,4,2,2
S01006625,All people aged 16 to 74 in employment,369,337,93,244,32,6,26
S01006625,A B D E. Agriculture energy and water,30,28,3,25,2,1,1
S01006625,C. Manufacturing,36,33,2,31,3,0,3
S01006625,F. Construction,20,12,1,11,8,0,8
S01006625,G I. Distribution hotels and restaurants,88,86,36,50,2,0,2
S01006625,H J. Transport and communication,43,39,3,36,4,1,3
S01006625,K L M N. Financial real estate professional and administrative activities,49,43,11,32,6,1,5
S01006625,O P Q. Public administration education and health,91,88,31,57,3,1,2
S01006625,R S T U. Other,12,8,6,2,4,2,2
S01006626,All people aged 16 to 74 in employment,384,362,100,262,22,11,11
S01006626,A B D E. Agriculture energy and water,22,21,1,20,1,0,1
S01006626,C. Manufacturing,45,44,4,40,1,1,0
S01006626,F. Construction,24,23,0,23,1,0,1
S01006626,G I. Distribution hotels and restaurants,111,108,40,68,3,1,2
S01006626,H J. Transport and communication,36,33,7,26,3,2,1
S01006626,K L M N. Financial real estate professional and administrative activities,55,51,14,37,4,2,2
S01006626,O P Q. Public administration education and health,74,74,32,42,0,0,0
S01006626,R S T U. Other,17,8,2,6,9,5,4
S01006627,All people aged 16 to 74 in employment,564,532,93,439,32,11,21
S01006627,A B D E. Agriculture energy and water,36,36,3,33,0,0,0
S01006627,C. Manufacturing,74,72,2,70,2,0,2
S01006627,F. Construction,42,39,3,36,3,0,3
S01006627,G I. Distribution hotels and restaurants,125,117,34,83,8,2,6
S01006627,H J. Transport and communication,49,43,7,36,6,1,5
S01006627,K L M N. Financial real estate professional and administrative activities,100,95,18,77,5,3,2
S01006627,O P Q. Public administration education and health,121,116,23,93,5,4,1
S01006627,R S T U. Other,17,14,3,11,3,1,2
S01006628,All people aged 16 to 74 in employment,730,698,131,567,32,17,15
S01006628,A B D E. Agriculture energy and water,44,44,2,42,0,0,0
S01006628,C. Manufacturing,87,85,4,81,2,0,2
S01006628,F. Construction,38,34,1,33,4,1,3
S01006628,G I. Distribution hotels and restaurants,197,195,65,130,2,1,1
S01006628,H J. Transport and communication,65,61,3,58,4,1,3
S01006628,K L M N. Financial real estate professional and administrative activities,120,111,20,91,9,7,2
S01006628,O P Q. Public administration education and health,153,150,30,120,3,2,1
S01006628,R S T U. Other,26,18,6,12,8,5,3
S01006629,All people aged 16 to 74 in employment,360,341,97,244,19,7,12
S01006629,A B D E. Agriculture energy and water,24,21,1,20,3,0,3
S01006629,C. Manufacturing,43,43,2,41,0,0,0
S01006629,F. Construction,26,22,2,20,4,1,3
S01006629,G I. Distribution hotels and restaurants,89,85,35,50,4,1,3
S01006629,H J. Transport and communication,27,25,5,20,2,1,1
S01006629,K L M N. Financial real estate professional and administrative activities,56,56,24,32,0,0,0
S01006629,O P Q. Public administration education and health,79,76,22,54,3,3,0
S01006629,R S T U. Other,16,13,6,7,3,1,2
S01006630,All people aged 16 to 74 in employment,283,263,86,177,20,7,13
S01006630,A B D E. Agriculture energy and water,12,12,2,10,0,0,0
S01006630,C. Manufacturing,30,28,3,25,2,1,1
S01006630,F. Construction,20,12,1,11,8,2,6
S01006630,G I. Distribution hotels and restaurants,73,70,23,47,3,0,3
S01006630,H J. Transport and communication,34,31,5,26,3,0,3
S01006630,K L M N. Financial real estate professional and administrative activities,30,27,11,16,3,3,0
S01006630,O P Q. Public administration education and health,75,75,38,37,0,0,0
S01006630,R S T U. Other,9,8,3,5,1,1,0
S01006631,All people aged 16 to 74 in employment,489,462,112,350,27,8,19
S01006631,A B D E. Agriculture energy and water,33,31,2,29,2,0,2
S01006631,C. Manufacturing,48,48,6,42,0,0,0
S01006631,F. Construction,29,26,2,24,3,0,3
S01006631,G I. Distribution hotels and restaurants,113,110,46,64,3,2,1
S01006631,H J. Transport and communication,47,41,4,37,6,1,5
S01006631,K L M N. Financial real estate professional and administrative activities,83,80,16,64,3,1,2
S01006631,O P Q. Public administration education and health,120,117,32,85,3,1,2
S01006631,R S T U. Other,16,9,4,5,7,3,4
S01006632,All people aged 16 to 74 in employment,408,385,92,293,23,11,12
S01006632,A B D E. Agriculture energy and water,25,24,0,24,1,0,1
S01006632,C. Manufacturing,53,51,5,46,2,0,2
S01006632,F. Construction,21,17,0,17,4,0,4
S01006632,G I. Distribution hotels and restaurants,96,96,43,53,0,0,0
S01006632,H J. Transport and communication,42,37,4,33,5,3,2
S01006632,K L M N. Financial real estate professional and administrative activities,56,53,16,37,3,1,2
S01006632,O P Q. Public administration education and health,99,95,21,74,4,4,0
S01006632,R S T U. Other,16,12,3,9,4,3,1
S01006633,All people aged 16 to 74 in employment,308,297,93,204,11,1,10
S01006633,A B D E. Agriculture energy and water,17,16,2,14,1,0,1
S01006633,C. Manufacturing,34,34,2,32,0,0,0
S01006633,F. Construction,16,12,2,10,4,0,4
S01006633,G I. Distribution hotels and restaurants,100,99,43,56,1,0,1
S01006633,H J. Transport and communication,38,35,1,34,3,0,3
S01006633,K L M N. Financial real estate professional and administrative activities,38,37,16,21,1,0,1
S01006633,O P Q. Public administration education and health,57,56,21,35,1,1,0
S01006633,R S T U. Other,8,8,6,2,0,0,0
S01006634,All people aged 16 to 74 in employment,271,262,80,182,9,2,7
S01006634,A B D E. Agriculture energy and water,17,17,1,16,0,0,0
S01006634,C. Manufacturing,27,26,2,24,1,0,1
S01006634,F. Construction,18,18,0,18,0,0,0
S01006634,G I. Distribution hotels and restaurants,73,71,29,42,2,0,2
S01006634,H J. Transport and communication,33,29,4,25,4,1,3
S01006634,K L M N. Financial real estate professional and administrative activities,44,42,22,20,2,1,1
S01006634,O P Q. Public administration education and health,45,45,18,27,0,0,0
S01006634,R S T U. Other,14,14,4,10,0,0,0
S01006635,All people aged 16 to 74 in employment,327,302,84,218,25,10,15
S01006635,A B D E. Agriculture energy and water,21,20,0,20,1,0,1
S01006635,C. Manufacturing,38,37,5,32,1,0,1
S01006635,F. Construction,20,14,2,12,6,2,4
S01006635,G I. Distribution hotels and restaurants,79,76,29,47,3,1,2
S01006635,H J. Transport and communication,38,37,5,32,1,0,1
S01006635,K L M N. Financial real estate professional and administrative activities,55,51,17,34,4,0,4
S01006635,O P Q. Public administration education and health,65,59,21,38,6,4,2
S01006635,R S T U. Other,11,8,5,3,3,3,0
S01006636,All people aged 16 to 74 in employment,374,352,102,250,22,10,12
S01006636,A B D E. Agriculture energy and water,10,10,1,9,0,0,0
S01006636,C. Manufacturing,38,38,1,37,0,0,0
S01006636,F. Construction,24,21,0,21,3,0,3
S01006636,G I. Distribution hotels and restaurants,113,110,46,64,3,1,2
S01006636,H J. Transport and communication,44,40,2,38,4,2,2
S01006636,K L M N. Financial real estate professional and administrative activities,57,54,19,35,3,3,0
S01006636,O P Q. Public administration education and health,72,66,25,41,6,4,2
S01006636,R S T U. Other,16,13,8,5,3,0,3
S01006637,All people aged 16 to 74 in employment,427,387,88,299,40,9,31
S01006637,A B D E. Agriculture energy and water,47,43,1,42,4,1,3
S01006637,C. Manufacturing,30,29,3,26,1,0,1
S01006637,F. Construction,22,15,0,15,7,0,7
S01006637,G I. Distribution hotels and restaurants,103,96,43,53,7,2,5
S01006637,H J. Transport and communication,35,29,4,25,6,0,6
S01006637,K L M N. Financial real estate professional and administrative activities,69,62,13,49,7,1,6
S01006637,O P Q. Public administration education and health,97,91,14,77,6,4,2
S01006637,R S T U. Other,24,22,10,12,2,1,1
S01006638,All people aged 16 to 74 in employment,521,505,125,380,16,4,12
S01006638,A B D E. Agriculture energy and water,42,41,3,38,1,0,1
S01006638,C. Manufacturing,25,24,0,24,1,0,1
S01006638,F. Construction,14,13,1,12,1,0,1
S01006638,G I. Distribution hotels and restaurants,159,154,65,89,5,1,4
S01006638,H J. Transport and communication,30,29,3,26,1,1,0
S01006638,K L M N. Financial real estate professional and administrative activities,99,96,16,80,3,0,3
S01006638,O P Q. Public administration education and health,124,120,24,96,4,2,2
S01006638,R S T U. Other,28,28,13,15,0,0,0
S01006639,All people aged 16 to 74 in employment,524,494,146,348,30,9,21
S01006639,A B D E. Agriculture energy and water,33,33,0,33,0,0,0
S01006639,C. Manufacturing,34,34,5,29,0,0,0
S01006639,F. Construction,32,25,0,25,7,1,6
S01006639,G I. Distribution hotels and restaurants,163,161,84,77,2,0,2
S01006639,H J. Transport and communication,46,38,5,33,8,2,6
S01006639,K L M N. Financial real estate professional and administrative activities,71,67,13,54,4,2,2
S01006639,O P Q. Public administration education and health,111,107,27,80,4,4,0
S01006639,R S T U. Other,34,29,12,17,5,0,5
S01006640,All people aged 16 to 74 in employment,476,449,103,346,27,7,20
S01006640,A B D E. Agriculture energy and water,70,63,3,60,7,0,7
S01006640,C. Manufacturing,23,23,2,21,0,0,0
S01006640,F. Construction,18,15,1,14,3,0,3
S01006640,G I. Distribution hotels and restaurants,121,121,57,64,0,0,0
S01006640,H J. Transport and communication,41,38,6,32,3,1,2
S01006640,K L M N. Financial real estate professional and administrative activities,102,93,13,80,9,4,5
S01006640,O P Q. Public administration education and health,89,85,15,70,4,1,3
S01006640,R S T U. Other,12,11,6,5,1,1,0
S01006641,All people aged 16 to 74 in employment,675,636,155,481,39,6,33
S01006641,A B D E. Agriculture energy and water,76,70,3,67,6,0,6
S01006641,C. Manufacturing,30,29,2,27,1,0,1
S01006641,F. Construction,23,18,2,16,5,0,5
S01006641,G I. Distribution hotels and restaurants,171,169,83,86,2,2,0
S01006641,H J. Transport and communication,50,44,5,39,6,1,5
S01006641,K L M N. Financial real estate professional and administrative activities,110,101,10,91,9,2,7
S01006641,O P Q. Public administration education and health,174,169,36,133,5,0,5
S01006641,R S T U. Other,41,36,14,22,5,1,4
S01006642,All people aged 16 to 74 in employment,636,611,272,339,25,6,19
S01006642,A B D E. Agriculture energy and water,33,32,1,31,1,0,1
S01006642,C. Manufacturing,30,29,1,28,1,1,0
S01006642,F. Construction,22,17,0,17,5,1,4
S01006642,G I. Distribution hotels and restaurants,247,246,186,60,1,1,0
S01006642,H J. Transport and communication,42,39,7,32,3,1,2
S01006642,K L M N. Financial real estate professional and administrative activities,94,89,17,72,5,0,5
S01006642,O P Q. Public administration education and health,132,129,43,86,3,1,2
S01006642,R S T U. Other,36,30,17,13,6,1,5
S01006643,All people aged 16 to 74 in employment,497,466,180,286,31,11,20
S01006643,A B D E. Agriculture energy and water,42,40,2,38,2,0,2
S01006643,C. Manufacturing,16,15,1,14,1,0,1
S01006643,F. Construction,13,8,0,8,5,1,4
S01006643,G I. Distribution hotels and restaurants,163,162,119,43,1,1,0
S01006643,H J. Transport and communication,26,23,6,17,3,0,3
S01006643,K L M N. Financial real estate professional and administrative activities,76,69,9,60,7,1,6
S01006643,O P Q. Public administration education and health,137,127,30,97,10,7,3
S01006643,R S T U. Other,24,22,13,9,2,1,1
S01006644,All people aged 16 to 74 in employment,597,564,166,398,33,7,26
S01006644,A B D E. Agriculture energy and water,53,52,0,52,1,0,1
S01006644,C. Manufacturing,35,31,2,29,4,0,4
S01006644,F. Construction,27,23,1,22,4,0,4
S01006644,G I. Distribution hotels and restaurants,194,189,97,92,5,2,3
S01006644,H J. Transport and communication,42,41,9,32,1,0,1
S01006644,K L M N. Financial real estate professional and administrative activities,107,97,17,80,10,1,9
S01006644,O P Q. Public administration education and health,113,110,25,85,3,2,1
S01006644,R S T U. Other,26,21,15,6,5,2,3
S01006645,All people aged 16 to 74 in employment,347,330,99,231,17,3,14
S01006645,A B D E. Agriculture energy and water,15,15,0,15,0,0,0
S01006645,C. Manufacturing,26,26,2,24,0,0,0
S01006645,F. Construction,12,7,0,7,5,1,4
S01006645,G I. Distribution hotels and restaurants,115,113,52,61,2,0,2
S01006645,H J. Transport and communication,26,26,4,22,0,0,0
S01006645,K L M N. Financial real estate professional and administrative activities,50,44,11,33,6,0,6
S01006645,O P Q. Public administration education and health,89,87,25,62,2,1,1
S01006645,R S T U. Other,14,12,5,7,2,1,1
S01006646,All people aged 16 to 74 in employment,433,424,170,254,9,2,7
S01006646,A B D E. Agriculture energy and water,22,20,1,19,2,0,2
S01006646,C. Manufacturing,17,16,2,14,1,1,0
S01006646,F. Construction,5,5,0,5,0,0,0
S01006646,G I. Distribution hotels and restaurants,199,198,127,71,1,0,1
S01006646,H J. Transport and communication,29,27,5,22,2,0,2
S01006646,K L M N. Financial real estate professional and administrative activities,64,63,7,56,1,0,1
S01006646,O P Q. Public administration education and health,79,78,19,59,1,0,1
S01006646,R S T U. Other,18,17,9,8,1,1,0
S01006647,All people aged 16 to 74 in employment,344,325,96,229,19,7,12
S01006647,A B D E. Agriculture energy and water,21,20,0,20,1,0,1
S01006647,C. Manufacturing,21,19,2,17,2,0,2
S01006647,F. Construction,19,17,1,16,2,0,2
S01006647,G I. Distribution hotels and restaurants,102,98,45,53,4,2,2
S01006647,H J. Transport and communication,24,23,4,19,1,0,1
S01006647,K L M N. Financial real estate professional and administrative activities,64,59,14,45,5,1,4
S01006647,O P Q. Public administration education and health,69,68,19,49,1,1,0
S01006647,R S T U. Other,24,21,11,10,3,3,0
S01006648,All people aged 16 to 74 in employment,930,891,370,521,39,16,23
S01006648,A B D E. Agriculture energy and water,70,66,8,58,4,0,4
S01006648,C. Manufacturing,54,50,6,44,4,1,3
S01006648,F. Construction,27,25,2,23,2,0,2
S01006648,G I. Distribution hotels and restaurants,391,383,232,151,8,3,5
S01006648,H J. Transport and communication,69,66,13,53,3,1,2
S01006648,K L M N. Financial real estate professional and administrative activities,123,116,35,81,7,4,3
S01006648,O P Q. Public administration education and health,146,140,46,94,6,5,1
S01006648,R S T U. Other,50,45,28,17,5,2,3
S01006649,All people aged 16 to 74 in employment,622,589,152,437,33,6,27
S01006649,A B D E. Agriculture energy and water,60,59,2,57,1,1,0
S01006649,C. Manufacturing,39,37,0,37,2,0,2
S01006649,F. Construction,26,21,1,20,5,0,5
S01006649,G I. Distribution hotels and restaurants,192,187,83,104,5,2,3
S01006649,H J. Transport and communication,57,50,5,45,7,0,7
S01006649,K L M N. Financial real estate professional and administrative activities,99,90,12,78,9,1,8
S01006649,O P Q. Public administration education and health,125,121,36,85,4,2,2
S01006649,R S T U. Other,24,24,13,11,0,0,0
S01006650,All people aged 16 to 74 in employment,532,494,145,349,38,6,32
S01006650,A B D E. Agriculture energy and water,47,44,0,44,3,0,3
S01006650,C. Manufacturing,24,22,1,21,2,1,1
S01006650,F. Construction,25,19,0,19,6,0,6
S01006650,G I. Distribution hotels and restaurants,164,155,71,84,9,1,8
S01006650,H J. Transport and communication,33,29,11,18,4,2,2
S01006650,K L M N. Financial real estate professional and administrative activities,98,91,21,70,7,1,6
S01006650,O P Q. Public administration education and health,109,106,31,75,3,0,3
S01006650,R S T U. Other,32,28,10,18,4,1,3
S01006651,All people aged 16 to 74 in employment,336,324,84,240,12,6,6
S01006651,A B D E. Agriculture energy and water,16,16,0,16,0,0,0
S01006651,C. Manufacturing,29,29,2,27,0,0,0
S01006651,F. Construction,14,13,1,12,1,0,1
S01006651,G I. Distribution hotels and restaurants,103,102,51,51,1,0,1
S01006651,H J. Transport and communication,29,26,3,23,3,0,3
S01006651,K L M N. Financial real estate professional and administrative activities,62,56,8,48,6,5,1
S01006651,O P Q. Public administration education and health,70,69,16,53,1,1,0
S01006651,R S T U. Other,13,13,3,10,0,0,0
S01006652,All people aged 16 to 74 in employment,365,337,92,245,28,6,22
S01006652,A B D E. Agriculture energy and water,26,25,0,25,1,0,1
S01006652,C. Manufacturing,24,21,1,20,3,2,1
S01006652,F. Construction,16,12,2,10,4,1,3
S01006652,G I. Distribution hotels and restaurants,131,120,61,59,11,2,9
S01006652,H J. Transport and communication,14,13,1,12,1,0,1
S01006652,K L M N. Financial real estate professional and administrative activities,74,68,10,58,6,1,5
S01006652,O P Q. Public administration education and health,69,67,12,55,2,0,2
S01006652,R S T U. Other,11,11,5,6,0,0,0
S01006653,All people aged 16 to 74 in employment,356,334,68,266,22,4,18
S01006653,A B D E. Agriculture energy and water,30,28,3,25,2,0,2
S01006653,C. Manufacturing,21,20,0,20,1,0,1
S01006653,F. Construction,20,16,1,15,4,0,4
S01006653,G I. Distribution hotels and restaurants,61,53,32,21,8,3,5
S01006653,H J. Transport and communication,21,21,3,18,0,0,0
S01006653,K L M N. Financial real estate professional and administrative activities,75,71,6,65,4,1,3
S01006653,O P Q. Public administration education and health,114,114,19,95,0,0,0
S01006653,R S T U. Other,14,11,4,7,3,0,3
S01006654,All people aged 16 to 74 in employment,464,436,115,321,28,4,24
S01006654,A B D E. Agriculture energy and water,16,16,2,14,0,0,0
S01006654,C. Manufacturing,21,21,3,18,0,0,0
S01006654,F. Construction,35,26,2,24,9,1,8
S01006654,G I. Distribution hotels and restaurants,106,101,40,61,5,1,4
S01006654,H J. Transport and communication,50,45,6,39,5,0,5
S01006654,K L M N. Financial real estate professional and administrative activities,60,56,12,44,4,1,3
S01006654,O P Q. Public administration education and health,160,157,45,112,3,1,2
S01006654,R S T U. Other,16,14,5,9,2,0,2
S01006655,All people aged 16 to 74 in employment,378,348,70,278,30,3,27
S01006655,A B D E. Agriculture energy and water,44,43,0,43,1,0,1
S01006655,C. Manufacturing,19,17,2,15,2,0,2
S01006655,F. Construction,12,10,1,9,2,0,2
S01006655,G I. Distribution hotels and restaurants,64,59,25,34,5,0,5
S01006655,H J. Transport and communication,23,20,2,18,3,1,2
S01006655,K L M N. Financial real estate professional and administrative activities,74,66,8,58,8,0,8
S01006655,O P Q. Public administration education and health,133,125,29,96,8,1,7
S01006655,R S T U. Other,9,8,3,5,1,1,0
S01006656,All people aged 16 to 74 in employment,610,575,121,454,35,9,26
S01006656,A B D E. Agriculture energy and water,60,57,0,57,3,0,3
S01006656,C. Manufacturing,37,36,3,33,1,0,1
S01006656,F. Construction,18,16,0,16,2,1,1
S01006656,G I. Distribution hotels and restaurants,165,159,69,90,6,1,5
S01006656,H J. Transport and communication,40,39,3,36,1,0,1
S01006656,K L M N. Financial real estate professional and administrative activities,110,105,11,94,5,1,4
S01006656,O P Q. Public administration education and health,158,147,28,119,11,4,7
S01006656,R S T U. Other,22,16,7,9,6,2,4
S01006657,All people aged 16 to 74 in employment,326,308,94,214,18,6,12
S01006657,A B D E. Agriculture energy and water,20,18,2,16,2,0,2
S01006657,C. Manufacturing,15,15,1,14,0,0,0
S01006657,F. Construction,12,11,1,10,1,0,1
S01006657,G I. Distribution hotels and restaurants,91,89,40,49,2,1,1
S01006657,H J. Transport and communication,32,31,5,26,1,0,1
S01006657,K L M N. Financial real estate professional and administrative activities,56,49,12,37,7,2,5
S01006657,O P Q. Public administration education and health,92,89,30,59,3,3,0
S01006657,R S T U. Other,8,6,3,3,2,0,2
S01006658,All people aged 16 to 74 in employment,547,519,192,327,28,10,18
S01006658,A B D E. Agriculture energy and water,27,27,1,26,0,0,0
S01006658,C. Manufacturing,28,26,1,25,2,0,2
S01006658,F. Construction,27,22,4,18,5,2,3
S01006658,G I. Distribution hotels and restaurants,206,202,109,93,4,1,3
S01006658,H J. Transport and communication,36,35,6,29,1,0,1
S01006658,K L M N. Financial real estate professional and administrative activities,91,80,23,57,11,3,8
S01006658,O P Q. Public administration education and health,100,99,35,64,1,1,0
S01006658,R S T U. Other,32,28,13,15,4,3,1
S01006659,All people aged 16 to 74 in employment,330,305,111,194,25,14,11
S01006659,A B D E. Agriculture energy and water,27,25,4,21,2,2,0
S01006659,C. Manufacturing,12,12,0,12,0,0,0
S01006659,F. Construction,12,8,2,6,4,3,1
S01006659,G I. Distribution hotels and restaurants,97,94,55,39,3,2,1
S01006659,H J. Transport and communication,21,18,3,15,3,0,3
S01006659,K L M N. Financial real estate professional and administrative activities,43,35,6,29,8,3,5
S01006659,O P Q. Public administration education and health,103,100,30,70,3,2,1
S01006659,R S T U. Other,15,13,11,2,2,2,0
S01006660,All people aged 16 to 74 in employment,256,240,78,162,16,6,10
S01006660,A B D E. Agriculture energy and water,11,11,0,11,0,0,0
S01006660,C. Manufacturing,24,23,3,20,1,1,0
S01006660,F. Construction,9,7,0,7,2,1,1
S01006660,G I. Distribution hotels and restaurants,77,73,30,43,4,1,3
S01006660,H J. Transport and communication,12,12,3,9,0,0,0
S01006660,K L M N. Financial real estate professional and administrative activities,45,40,17,23,5,1,4
S01006660,O P Q. Public administration education and health,57,54,16,38,3,2,1
S01006660,R S T U. Other,21,20,9,11,1,0,1
S01006661,All people aged 16 to 74 in employment,334,318,109,209,16,6,10
S01006661,A B D E. Agriculture energy and water,25,25,2,23,0,0,0
S01006661,C. Manufacturing,20,20,1,19,0,0,0
S01006661,F. Construction,16,14,3,11,2,0,2
S01006661,G I. Distribution hotels and restaurants,103,98,58,40,5,2,3
S01006661,H J. Transport and communication,15,15,5,10,0,0,0
S01006661,K L M N. Financial real estate professional and administrative activities,48,44,11,33,4,2,2
S01006661,O P Q. Public administration education and health,99,96,24,72,3,1,2
S01006661,R S T U. Other,8,6,5,1,2,1,1
S01006662,All people aged 16 to 74 in employment,333,309,124,185,24,15,9
S01006662,A B D E. Agriculture energy and water,11,11,1,10,0,0,0
S01006662,C. Manufacturing,13,13,0,13,0,0,0
S01006662,F. Construction,16,13,0,13,3,1,2
S01006662,G I. Distribution hotels and restaurants,125,119,73,46,6,6,0
S01006662,H J. Transport and communication,24,23,4,19,1,0,1
S01006662,K L M N. Financial real estate professional and administrative activities,48,46,12,34,2,1,1
S01006662,O P Q. Public administration education and health,79,70,26,44,9,5,4
S01006662,R S T U. Other,17,14,8,6,3,2,1
S01006663,All people aged 16 to 74 in employment,286,264,104,160,22,4,18
S01006663,A B D E. Agriculture energy and water,14,14,0,14,0,0,0
S01006663,C. Manufacturing,11,9,1,8,2,0,2
S01006663,F. Construction,12,9,0,9,3,0,3
S01006663,G I. Distribution hotels and restaurants,103,98,61,37,5,1,4
S01006663,H J. Transport and communication,16,15,2,13,1,0,1
S01006663,K L M N. Financial real estate professional and administrative activities,37,34,6,28,3,0,3
S01006663,O P Q. Public administration education and health,69,63,20,43,6,2,4
S01006663,R S T U. Other,24,22,14,8,2,1,1
S01006664,All people aged 16 to 74 in employment,289,278,113,165,11,4,7
S01006664,A B D E. Agriculture energy and water,17,17,1,16,0,0,0
S01006664,C. Manufacturing,18,18,1,17,0,0,0
S01006664,F. Construction,6,4,0,4,2,0,2
S01006664,G I. Distribution hotels and restaurants,107,107,70,37,0,0,0
S01006664,H J. Transport and communication,19,16,0,16,3,1,2
S01006664,K L M N. Financial real estate professional and administrative activities,46,43,10,33,3,1,2
S01006664,O P Q. Public administration education and health,55,53,20,33,2,1,1
S01006664,R S T U. Other,21,20,11,9,1,1,0
S01006665,All people aged 16 to 74 in employment,367,345,154,191,22,7,15
S01006665,A B D E. Agriculture energy and water,22,20,2,18,2,0,2
S01006665,C. Manufacturing,16,15,1,14,1,0,1
S01006665,F. Construction,13,12,2,10,1,0,1
S01006665,G I. Distribution hotels and restaurants,144,135,99,36,9,5,4
S01006665,H J. Transport and communication,21,19,7,12,2,1,1
S01006665,K L M N. Financial real estate professional and administrative activities,48,45,7,38,3,0,3
S01006665,O P Q. Public administration education and health,80,77,25,52,3,0,3
S01006665,R S T U. Other,23,22,11,11,1,1,0
S01006666,All people aged 16 to 74 in employment,367,339,99,240,28,7,21
S01006666,A B D E. Agriculture energy and water,23,23,0,23,0,0,0
S01006666,C. Manufacturing,27,26,2,24,1,0,1
S01006666,F. Construction,30,21,1,20,9,2,7
S01006666,G I. Distribution hotels and restaurants,109,106,44,62,3,1,2
S01006666,H J. Transport and communication,32,24,2,22,8,0,8
S01006666,K L M N. Financial real estate professional and administrative activities,54,52,19,33,2,1,1
S01006666,O P Q. Public administration education and health,79,77,25,52,2,2,0
S01006666,R S T U. Other,13,10,6,4,3,1,2
S01006667,All people aged 16 to 74 in employment,341,320,86,234,21,6,15
S01006667,A B D E. Agriculture energy and water,15,15,0,15,0,0,0
S01006667,C. Manufacturing,31,29,2,27,2,0,2
S01006667,F. Construction,20,14,0,14,6,1,5
S01006667,G I. Distribution hotels and restaurants,102,99,40,59,3,1,2
S01006667,H J. Transport and communication,30,25,5,20,5,0,5
S01006667,K L M N. Financial real estate professional and administrative activities,50,47,10,37,3,2,1
S01006667,O P Q. Public administration education and health,76,76,25,51,0,0,0
S01006667,R S T U. Other,17,15,4,11,2,2,0
S01006668,All people aged 16 to 74 in employment,484,465,182,283,19,5,14
S01006668,A B D E. Agriculture energy and water,31,31,1,30,0,0,0
S01006668,C. Manufacturing,22,20,1,19,2,0,2
S01006668,F. Construction,10,7,0,7,3,1,2
S01006668,G I. Distribution hotels and restaurants,165,163,112,51,2,1,1
S01006668,H J. Transport and communication,34,31,7,24,3,0,3
S01006668,K L M N. Financial real estate professional and administrative activities,83,78,8,70,5,0,5
S01006668,O P Q. Public administration education and health,117,114,40,74,3,2,1
S01006668,R S T U. Other,22,21,13,8,1,1,0
S01006669,All people aged 16 to 74 in employment,419,392,144,248,27,7,20
S01006669,A B D E. Agriculture energy and water,17,16,3,13,1,0,1
S01006669,C. Manufacturing,19,17,4,13,2,1,1
S01006669,F. Construction,11,9,0,9,2,0,2
S01006669,G I. Distribution hotels and restaurants,117,111,63,48,6,1,5
S01006669,H J. Transport and communication,26,22,4,18,4,1,3
S01006669,K L M N. Financial real estate professional and administrative activities,67,60,14,46,7,3,4
S01006669,O P Q. Public administration education and health,144,141,45,96,3,1,2
S01006669,R S T U. Other,18,16,11,5,2,0,2
S01006670,All people aged 16 to 74 in employment,464,444,206,238,20,9,11
S01006670,A B D E. Agriculture energy and water,29,29,1,28,0,0,0
S01006670,C. Manufacturing,16,15,3,12,1,0,1
S01006670,F. Construction,13,9,1,8,4,0,4
S01006670,G I. Distribution hotels and restaurants,190,187,144,43,3,1,2
S01006670,H J. Transport and communication,26,22,3,19,4,2,2
S01006670,K L M N. Financial real estate professional and administrative activities,60,60,19,41,0,0,0
S01006670,O P Q. Public administration education and health,106,101,22,79,5,3,2
S01006670,R S T U. Other,24,21,13,8,3,3,0
S01006671,All people aged 16 to 74 in employment,604,578,413,165,26,13,13
S01006671,A B D E. Agriculture energy and water,18,17,3,14,1,0,1
S01006671,C. Manufacturing,19,19,4,15,0,0,0
S01006671,F. Construction,16,16,2,14,0,0,0
S01006671,G I. Distribution hotels and restaurants,320,315,279,36,5,3,2
S01006671,H J. Transport and communication,22,20,10,10,2,1,1
S01006671,K L M N. Financial real estate professional and administrative activities,63,56,27,29,7,2,5
S01006671,O P Q. Public administration education and health,107,102,60,42,5,3,2
S01006671,R S T U. Other,39,33,28,5,6,4,2
S01006672,All people aged 16 to 74 in employment,373,354,135,219,19,8,11
S01006672,A B D E. Agriculture energy and water,18,17,0,17,1,1,0
S01006672,C. Manufacturing,17,17,1,16,0,0,0
S01006672,F. Construction,19,14,0,14,5,0,5
S01006672,G I. Distribution hotels and restaurants,129,125,77,48,4,1,3
S01006672,H J. Transport and communication,25,25,1,24,0,0,0
S01006672,K L M N. Financial real estate professional and administrative activities,44,42,16,26,2,2,0
S01006672,O P Q. Public administration education and health,110,104,37,67,6,4,2
S01006672,R S T U. Other,11,10,3,7,1,0,1
S01006673,All people aged 16 to 74 in employment,433,390,140,250,43,11,32
S01006673,A B D E. Agriculture energy and water,21,19,1,18,2,0,2
S01006673,C. Manufacturing,31,27,2,25,4,1,3
S01006673,F. Construction,21,13,1,12,8,1,7
S01006673,G I. Distribution hotels and restaurants,123,114,70,44,9,2,7
S01006673,H J. Transport and communication,29,25,4,21,4,1,3
S01006673,K L M N. Financial real estate professional and administrative activities,55,47,16,31,8,2,6
S01006673,O P Q. Public administration education and health,118,113,37,76,5,1,4
S01006673,R S T U. Other,35,32,9,23,3,3,0
S01006674,All people aged 16 to 74 in employment,399,366,110,256,33,14,19
S01006674,A B D E. Agriculture energy and water,23,22,2,20,1,0,1
S01006674,C. Manufacturing,38,37,3,34,1,0,1
S01006674,F. Construction,28,24,4,20,4,2,2
S01006674,G I. Distribution hotels and restaurants,130,125,46,79,5,1,4
S01006674,H J. Transport and communication,34,30,7,23,4,2,2
S01006674,K L M N. Financial real estate professional and administrative activities,59,49,15,34,10,5,5
S01006674,O P Q. Public administration education and health,66,62,25,37,4,3,1
S01006674,R S T U. Other,21,17,8,9,4,1,3
S01006675,All people aged 16 to 74 in employment,333,317,110,207,16,6,10
S01006675,A B D E. Agriculture energy and water,13,12,1,11,1,1,0
S01006675,C. Manufacturing,33,33,0,33,0,0,0
S01006675,F. Construction,29,22,2,20,7,1,6
S01006675,G I. Distribution hotels and restaurants,92,89,49,40,3,1,2
S01006675,H J. Transport and communication,29,28,2,26,1,0,1
S01006675,K L M N. Financial real estate professional and administrative activities,61,57,25,32,4,3,1
S01006675,O P Q. Public administration education and health,63,63,23,40,0,0,0
S01006675,R S T U. Other,13,13,8,5,0,0,0
S01006676,All people aged 16 to 74 in employment,342,321,109,212,21,4,17
S01006676,A B D E. Agriculture energy and water,12,12,2,10,0,0,0
S01006676,C. Manufacturing,22,21,0,21,1,0,1
S01006676,F. Construction,26,20,2,18,6,1,5
S01006676,G I. Distribution hotels and restaurants,95,92,50,42,3,0,3
S01006676,H J. Transport and communication,23,20,2,18,3,0,3
S01006676,K L M N. Financial real estate professional and administrative activities,49,45,17,28,4,2,2
S01006676,O P Q. Public administration education and health,99,97,32,65,2,1,1
S01006676,R S T U. Other,16,14,4,10,2,0,2
S01006677,All people aged 16 to 74 in employment,365,339,114,225,26,13,13
S01006677,A B D E. Agriculture energy and water,20,18,1,17,2,0,2
S01006677,C. Manufacturing,28,28,1,27,0,0,0
S01006677,F. Construction,32,26,2,24,6,3,3
S01006677,G I. Distribution hotels and restaurants,99,98,48,50,1,0,1
S01006677,H J. Transport and communication,36,31,6,25,5,2,3
S01006677,K L M N. Financial real estate professional and administrative activities,50,42,12,30,8,4,4
S01006677,O P Q. Public administration education and health,85,84,40,44,1,1,0
S01006677,R S T U. Other,15,12,4,8,3,3,0
S01006678,All people aged 16 to 74 in employment,548,523,150,373,25,5,20
S01006678,A B D E. Agriculture energy and water,34,34,1,33,0,0,0
S01006678,C. Manufacturing,58,57,4,53,1,0,1
S01006678,F. Construction,52,44,1,43,8,1,7
S01006678,G I. Distribution hotels and restaurants,152,150,64,86,2,0,2
S01006678,H J. Transport and communication,51,49,8,41,2,0,2
S01006678,K L M N. Financial real estate professional and administrative activities,73,69,26,43,4,1,3
S01006678,O P Q. Public administration education and health,105,102,39,63,3,1,2
S01006678,R S T U. Other,23,18,7,11,5,2,3
S01006679,All people aged 16 to 74 in employment,381,360,90,270,21,6,15
S01006679,A B D E. Agriculture energy and water,22,21,0,21,1,0,1
S01006679,C. Manufacturing,27,27,2,25,0,0,0
S01006679,F. Construction,25,17,0,17,8,1,7
S01006679,G I. Distribution hotels and restaurants,84,80,37,43,4,1,3
S01006679,H J. Transport and communication,26,23,5,18,3,1,2
S01006679,K L M N. Financial real estate professional and administrative activities,51,47,16,31,4,2,2
S01006679,O P Q. Public administration education and health,132,131,28,103,1,1,0
S01006679,R S T U. Other,14,14,2,12,0,0,0
S01006680,All people aged 16 to 74 in employment,414,388,113,275,26,5,21
S01006680,A B D E. Agriculture energy and water,17,17,1,16,0,0,0
S01006680,C. Manufacturing,46,45,3,42,1,0,1
S01006680,F. Construction,37,32,1,31,5,0,5
S01006680,G I. Distribution hotels and restaurants,119,114,44,70,5,1,4
S01006680,H J. Transport and communication,37,34,4,30,3,1,2
S01006680,K L M N. Financial real estate professional and administrative activities,65,60,23,37,5,1,4
S01006680,O P Q. Public administration education and health,75,74,31,43,1,1,0
S01006680,R S T U. Other,18,12,6,6,6,1,5
S01006681,All people aged 16 to 74 in employment,415,396,84,312,19,4,15
S01006681,A B D E. Agriculture energy and water,42,42,0,42,0,0,0
S01006681,C. Manufacturing,28,28,1,27,0,0,0
S01006681,F. Construction,23,19,1,18,4,0,4
S01006681,G I. Distribution hotels and restaurants,89,84,29,55,5,3,2
S01006681,H J. Transport and communication,45,43,5,38,2,0,2
S01006681,K L M N. Financial real estate professional and administrative activities,84,79,14,65,5,1,4
S01006681,O P Q. Public administration education and health,89,88,29,59,1,0,1
S01006681,R S T U. Other,15,13,5,8,2,0,2
S01006682,All people aged 16 to 74 in employment,401,373,110,263,28,11,17
S01006682,A B D E. Agriculture energy and water,21,21,1,20,0,0,0
S01006682,C. Manufacturing,42,40,3,37,2,1,1
S01006682,F. Construction,27,23,0,23,4,1,3
S01006682,G I. Distribution hotels and restaurants,118,116,46,70,2,0,2
S01006682,H J. Transport and communication,32,27,0,27,5,3,2
S01006682,K L M N. Financial real estate professional and administrative activities,68,58,28,30,10,5,5
S01006682,O P Q. Public administration education and health,80,77,27,50,3,0,3
S01006682,R S T U. Other,13,11,5,6,2,1,1
S01006683,All people aged 16 to 74 in employment,453,429,140,289,24,5,19
S01006683,A B D E. Agriculture energy and water,27,27,1,26,0,0,0
S01006683,C. Manufacturing,27,26,1,25,1,0,1
S01006683,F. Construction,25,22,1,21,3,0,3
S01006683,G I. Distribution hotels and restaurants,132,131,58,73,1,0,1
S01006683,H J. Transport and communication,36,29,1,28,7,0,7
S01006683,K L M N. Financial real estate professional and administrative activities,79,69,32,37,10,4,6
S01006683,O P Q. Public administration education and health,107,106,34,72,1,1,0
S01006683,R S T U. Other,20,19,12,7,1,0,1
S01006684,All people aged 16 to 74 in employment,382,365,94,271,17,2,15
S01006684,A B D E. Agriculture energy and water,16,16,0,16,0,0,0
S01006684,C. Manufacturing,47,46,4,42,1,0,1
S01006684,F. Construction,35,31,1,30,4,1,3
S01006684,G I. Distribution hotels and restaurants,96,93,48,45,3,0,3
S01006684,H J. Transport and communication,33,33,5,28,0,0,0
S01006684,K L M N. Financial real estate professional and administrative activities,51,50,11,39,1,1,0
S01006684,O P Q. Public administration education and health,87,87,23,64,0,0,0
S01006684,R S T U. Other,17,9,2,7,8,0,8
S01006685,All people aged 16 to 74 in employment,407,386,92,294,21,9,12
S01006685,A B D E. Agriculture energy and water,27,27,0,27,0,0,0
S01006685,C. Manufacturing,20,18,1,17,2,0,2
S01006685,F. Construction,37,31,1,30,6,2,4
S01006685,G I. Distribution hotels and restaurants,114,109,39,70,5,3,2
S01006685,H J. Transport and communication,37,37,10,27,0,0,0
S01006685,K L M N. Financial real estate professional and administrative activities,53,50,11,39,3,2,1
S01006685,O P Q. Public administration education and health,106,102,26,76,4,1,3
S01006685,R S T U. Other,13,12,4,8,1,1,0
S01006686,All people aged 16 to 74 in employment,326,305,81,224,21,7,14
S01006686,A B D E. Agriculture energy and water,18,18,0,18,0,0,0
S01006686,C. Manufacturing,20,19,0,19,1,0,1
S01006686,F. Construction,26,20,1,19,6,0,6
S01006686,G I. Distribution hotels and restaurants,88,87,37,50,1,0,1
S01006686,H J. Transport and communication,18,14,3,11,4,1,3
S01006686,K L M N. Financial real estate professional and administrative activities,46,43,5,38,3,3,0
S01006686,O P Q. Public administration education and health,95,93,31,62,2,2,0
S01006686,R S T U. Other,15,11,4,7,4,1,3
S01006687,All people aged 16 to 74 in employment,438,420,119,301,18,5,13
S01006687,A B D E. Agriculture energy and water,27,26,1,25,1,0,1
S01006687,C. Manufacturing,27,27,1,26,0,0,0
S01006687,F. Construction,34,30,4,26,4,1,3
S01006687,G I. Distribution hotels and restaurants,103,97,47,50,6,2,4
S01006687,H J. Transport and communication,37,33,3,30,4,0,4
S01006687,K L M N. Financial real estate professional and administrative activities,55,54,14,40,1,0,1
S01006687,O P Q. Public administration education and health,143,141,41,100,2,2,0
S01006687,R S T U. Other,12,12,8,4,0,0,0
S01006688,All people aged 16 to 74 in employment,409,363,89,274,46,8,38
S01006688,A B D E. Agriculture energy and water,37,34,3,31,3,0,3
S01006688,C. Manufacturing,21,19,1,18,2,0,2
S01006688,F. Construction,37,27,0,27,10,1,9
S01006688,G I. Distribution hotels and restaurants,90,80,32,48,10,0,10
S01006688,H J. Transport and communication,24,23,2,21,1,0,1
S01006688,K L M N. Financial real estate professional and administrative activities,58,51,8,43,7,2,5
S01006688,O P Q. Public administration education and health,111,107,37,70,4,2,2
S01006688,R S T U. Other,31,22,6,16,9,3,6
S01006689,All people aged 16 to 74 in employment,388,341,76,265,47,8,39
S01006689,A B D E. Agriculture energy and water,40,36,1,35,4,0,4
S01006689,C. Manufacturing,25,20,1,19,5,0,5
S01006689,F. Construction,23,18,2,16,5,0,5
S01006689,G I. Distribution hotels and restaurants,59,53,26,27,6,0,6
S01006689,H J. Transport and communication,24,18,3,15,6,1,5
S01006689,K L M N. Financial real estate professional and administrative activities,79,70,10,60,9,3,6
S01006689,O P Q. Public administration education and health,123,115,26,89,8,2,6
S01006689,R S T U. Other,15,11,7,4,4,2,2
S01006690,All people aged 16 to 74 in employment,320,303,87,216,17,3,14
S01006690,A B D E. Agriculture energy and water,21,18,0,18,3,0,3
S01006690,C. Manufacturing,20,20,2,18,0,0,0
S01006690,F. Construction,20,16,2,14,4,0,4
S01006690,G I. Distribution hotels and restaurants,74,73,34,39,1,0,1
S01006690,H J. Transport and communication,32,32,6,26,0,0,0
S01006690,K L M N. Financial real estate professional and administrative activities,40,38,5,33,2,1,1
S01006690,O P Q. Public administration education and health,98,95,29,66,3,2,1
S01006690,R S T U. Other,15,11,9,2,4,0,4
S01006691,All people aged 16 to 74 in employment,332,308,83,225,24,6,18
S01006691,A B D E. Agriculture energy and water,31,31,4,27,0,0,0
S01006691,C. Manufacturing,16,16,1,15,0,0,0
S01006691,F. Construction,9,5,0,5,4,0,4
S01006691,G I. Distribution hotels and restaurants,64,59,26,33,5,3,2
S01006691,H J. Transport and communication,24,19,4,15,5,1,4
S01006691,K L M N. Financial real estate professional and administrative activities,66,62,14,48,4,0,4
S01006691,O P Q. Public administration education and health,103,99,29,70,4,2,2
S01006691,R S T U. Other,19,17,5,12,2,0,2
S01006692,All people aged 16 to 74 in employment,381,349,77,272,32,10,22
S01006692,A B D E. Agriculture energy and water,28,27,3,24,1,0,1
S01006692,C. Manufacturing,33,32,1,31,1,0,1
S01006692,F. Construction,18,14,1,13,4,1,3
S01006692,G I. Distribution hotels and restaurants,56,53,23,30,3,0,3
S01006692,H J. Transport and communication,27,22,2,20,5,3,2
S01006692,K L M N. Financial real estate professional and administrative activities,63,52,12,40,11,2,9
S01006692,O P Q. Public administration education and health,143,138,31,107,5,2,3
S01006692,R S T U. Other,13,11,4,7,2,2,0
S01006693,All people aged 16 to 74 in employment,565,531,128,403,34,14,20
S01006693,A B D E. Agriculture energy and water,43,41,2,39,2,2,0
S01006693,C. Manufacturing,48,48,1,47,0,0,0
S01006693,F. Construction,32,25,2,23,7,0,7
S01006693,G I. Distribution hotels and restaurants,137,130,55,75,7,4,3
S01006693,H J. Transport and communication,33,30,3,27,3,1,2
S01006693,K L M N. Financial real estate professional and administrative activities,82,78,16,62,4,2,2
S01006693,O P Q. Public administration education and health,161,157,41,116,4,3,1
S01006693,R S T U. Other,29,22,8,14,7,2,5
S01006694,All people aged 16 to 74 in employment,324,299,80,219,25,8,17
S01006694,A B D E. Agriculture energy and water,10,10,1,9,0,0,0
S01006694,C. Manufacturing,24,24,2,22,0,0,0
S01006694,F. Construction,31,25,1,24,6,1,5
S01006694,G I. Distribution hotels and restaurants,63,58,24,34,5,3,2
S01006694,H J. Transport and communication,28,22,3,19,6,1,5
S01006694,K L M N. Financial real estate professional and administrative activities,50,46,14,32,4,1,3
S01006694,O P Q. Public administration education and health,109,107,33,74,2,1,1
S01006694,R S T U. Other,9,7,2,5,2,1,1
S01006695,All people aged 16 to 74 in employment,361,333,87,246,28,6,22
S01006695,A B D E. Agriculture energy and water,24,24,1,23,0,0,0
S01006695,C. Manufacturing,31,28,1,27,3,0,3
S01006695,F. Construction,26,22,2,20,4,1,3
S01006695,G I. Distribution hotels and restaurants,79,75,29,46,4,0,4
S01006695,H J. Transport and communication,25,18,2,16,7,1,6
S01006695,K L M N. Financial real estate professional and administrative activities,50,45,10,35,5,2,3
S01006695,O P Q. Public administration education and health,113,112,39,73,1,1,0
S01006695,R S T U. Other,13,9,3,6,4,1,3
S01006696,All people aged 16 to 74 in employment,396,376,124,252,20,7,13
S01006696,A B D E. Agriculture energy and water,23,22,0,22,1,0,1
S01006696,C. Manufacturing,30,29,1,28,1,0,1
S01006696,F. Construction,26,22,3,19,4,1,3
S01006696,G I. Distribution hotels and restaurants,82,82,37,45,0,0,0
S01006696,H J. Transport and communication,38,34,6,28,4,1,3
S01006696,K L M N. Financial real estate professional and administrative activities,45,43,13,30,2,2,0
S01006696,O P Q. Public administration education and health,125,122,53,69,3,1,2
S01006696,R S T U. Other,27,22,11,11,5,2,3
S01006697,All people aged 16 to 74 in employment,473,437,136,301,36,9,27
S01006697,A B D E. Agriculture energy and water,25,23,3,20,2,0,2
S01006697,C. Manufacturing,33,30,3,27,3,0,3
S01006697,F. Construction,45,39,2,37,6,0,6
S01006697,G I. Distribution hotels and restaurants,98,96,43,53,2,2,0
S01006697,H J. Transport and communication,45,35,7,28,10,2,8
S01006697,K L M N. Financial real estate professional and administrative activities,62,59,20,39,3,2,1
S01006697,O P Q. Public administration education and health,145,140,53,87,5,1,4
S01006697,R S T U. Other,20,15,5,10,5,2,3
S01006698,All people aged 16 to 74 in employment,318,310,78,232,8,3,5
S01006698,A B D E. Agriculture energy and water,18,18,2,16,0,0,0
S01006698,C. Manufacturing,24,23,2,21,1,0,1
S01006698,F. Construction,21,16,1,15,5,1,4
S01006698,G I. Distribution hotels and restaurants,65,65,26,39,0,0,0
S01006698,H J. Transport and communication,23,22,2,20,1,1,0
S01006698,K L M N. Financial real estate professional and administrative activities,49,49,10,39,0,0,0
S01006698,O P Q. Public administration education and health,102,101,28,73,1,1,0
S01006698,R S T U. Other,16,16,7,9,0,0,0
S01006699,All people aged 16 to 74 in employment,268,251,72,179,17,0,17
S01006699,A B D E. Agriculture energy and water,17,17,2,15,0,0,0
S01006699,C. Manufacturing,16,15,2,13,1,0,1
S01006699,F. Construction,14,12,0,12,2,0,2
S01006699,G I. Distribution hotels and restaurants,52,48,20,28,4,0,4
S01006699,H J. Transport and communication,23,20,4,16,3,0,3
S01006699,K L M N. Financial real estate professional and administrative activities,45,43,9,34,2,0,2
S01006699,O P Q. Public administration education and health,91,87,32,55,4,0,4
S01006699,R S T U. Other,10,9,3,6,1,0,1
S01006700,All people aged 16 to 74 in employment,419,385,90,295,34,10,24
S01006700,A B D E. Agriculture energy and water,26,26,0,26,0,0,0
S01006700,C. Manufacturing,29,28,2,26,1,1,0
S01006700,F. Construction,23,17,1,16,6,0,6
S01006700,G I. Distribution hotels and restaurants,88,79,24,55,9,0,9
S01006700,H J. Transport and communication,35,29,7,22,6,1,5
S01006700,K L M N. Financial real estate professional and administrative activities,61,55,6,49,6,4,2
S01006700,O P Q. Public administration education and health,140,137,47,90,3,2,1
S01006700,R S T U. Other,17,14,3,11,3,2,1
S01006701,All people aged 16 to 74 in employment,331,316,99,217,15,7,8
S01006701,A B D E. Agriculture energy and water,16,16,1,15,0,0,0
S01006701,C. Manufacturing,21,21,1,20,0,0,0
S01006701,F. Construction,30,25,1,24,5,1,4
S01006701,G I. Distribution hotels and restaurants,107,104,38,66,3,2,1
S01006701,H J. Transport and communication,22,19,6,13,3,1,2
S01006701,K L M N. Financial real estate professional and administrative activities,53,51,19,32,2,2,0
S01006701,O P Q. Public administration education and health,69,69,26,43,0,0,0
S01006701,R S T U. Other,13,11,7,4,2,1,1
S01006702,All people aged 16 to 74 in employment,402,368,109,259,34,12,22
S01006702,A B D E. Agriculture energy and water,23,22,2,20,1,0,1
S01006702,C. Manufacturing,38,37,4,33,1,0,1
S01006702,F. Construction,29,20,2,18,9,1,8
S01006702,G I. Distribution hotels and restaurants,93,89,35,54,4,2,2
S01006702,H J. Transport and communication,40,32,4,28,8,3,5
S01006702,K L M N. Financial real estate professional and administrative activities,51,48,8,40,3,0,3
S01006702,O P Q. Public administration education and health,103,99,46,53,4,2,2
S01006702,R S T U. Other,25,21,8,13,4,4,0
S01006703,All people aged 16 to 74 in employment,321,302,79,223,19,2,17
S01006703,A B D E. Agriculture energy and water,15,14,1,13,1,0,1
S01006703,C. Manufacturing,16,16,2,14,0,0,0
S01006703,F. Construction,28,25,1,24,3,0,3
S01006703,G I. Distribution hotels and restaurants,75,73,27,46,2,0,2
S01006703,H J. Transport and communication,35,28,2,26,7,0,7
S01006703,K L M N. Financial real estate professional and administrative activities,50,47,13,34,3,0,3
S01006703,O P Q. Public administration education and health,96,94,30,64,2,2,0
S01006703,R S T U. Other,6,5,3,2,1,0,1
S01006704,All people aged 16 to 74 in employment,272,261,68,193,11,4,7
S01006704,A B D E. Agriculture energy and water,16,15,0,15,1,0,1
S01006704,C. Manufacturing,22,21,2,19,1,0,1
S01006704,F. Construction,25,21,0,21,4,1,3
S01006704,G I. Distribution hotels and restaurants,66,66,24,42,0,0,0
S01006704,H J. Transport and communication,25,22,4,18,3,2,1
S01006704,K L M N. Financial real estate professional and administrative activities,42,41,12,29,1,0,1
S01006704,O P Q. Public administration education and health,70,69,22,47,1,1,0
S01006704,R S T U. Other,6,6,4,2,0,0,0
S01006705,All people aged 16 to 74 in employment,355,328,95,233,27,7,20
S01006705,A B D E. Agriculture energy and water,21,21,0,21,0,0,0
S01006705,C. Manufacturing,26,25,3,22,1,0,1
S01006705,F. Construction,39,27,1,26,12,3,9
S01006705,G I. Distribution hotels and restaurants,81,77,34,43,4,2,2
S01006705,H J. Transport and communication,39,33,5,28,6,0,6
S01006705,K L M N. Financial real estate professional and administrative activities,43,41,12,29,2,1,1
S01006705,O P Q. Public administration education and health,95,95,39,56,0,0,0
S01006705,R S T U. Other,11,9,1,8,2,1,1
S01006706,All people aged 16 to 74 in employment,321,294,77,217,27,6,21
S01006706,A B D E. Agriculture energy and water,20,19,2,17,1,1,0
S01006706,C. Manufacturing,23,23,1,22,0,0,0
S01006706,F. Construction,30,26,1,25,4,0,4
S01006706,G I. Distribution hotels and restaurants,59,59,18,41,0,0,0
S01006706,H J. Transport and communication,40,31,3,28,9,0,9
S01006706,K L M N. Financial real estate professional and administrative activities,28,25,5,20,3,1,2
S01006706,O P Q. Public administration education and health,105,100,43,57,5,2,3
S01006706,R S T U. Other,16,11,4,7,5,2,3
S01006707,All people aged 16 to 74 in employment,331,308,85,223,23,4,19
S01006707,A B D E. Agriculture energy and water,19,19,1,18,0,0,0
S01006707,C. Manufacturing,14,12,1,11,2,0,2
S01006707,F. Construction,25,17,2,15,8,1,7
S01006707,G I. Distribution hotels and restaurants,81,76,28,48,5,2,3
S01006707,H J. Transport and communication,33,26,7,19,7,1,6
S01006707,K L M N. Financial real estate professional and administrative activities,46,46,10,36,0,0,0
S01006707,O P Q. Public administration education and health,100,100,30,70,0,0,0
S01006707,R S T U. Other,13,12,6,6,1,0,1
S01006708,All people aged 16 to 74 in employment,383,357,92,265,26,6,20
S01006708,A B D E. Agriculture energy and water,21,20,1,19,1,0,1
S01006708,C. Manufacturing,27,26,0,26,1,0,1
S01006708,F. Construction,37,29,4,25,8,1,7
S01006708,G I. Distribution hotels and restaurants,89,87,33,54,2,0,2
S01006708,H J. Transport and communication,36,29,3,26,7,1,6
S01006708,K L M N. Financial real estate professional and administrative activities,35,33,10,23,2,1,1
S01006708,O P Q. Public administration education and health,126,124,37,87,2,1,1
S01006708,R S T U. Other,12,9,4,5,3,2,1
S01006709,All people aged 16 to 74 in employment,412,379,123,256,33,8,25
S01006709,A B D E. Agriculture energy and water,22,22,2,20,0,0,0
S01006709,C. Manufacturing,26,23,2,21,3,0,3
S01006709,F. Construction,40,33,4,29,7,0,7
S01006709,G I. Distribution hotels and restaurants,97,92,44,48,5,2,3
S01006709,H J. Transport and communication,45,40,8,32,5,1,4
S01006709,K L M N. Financial real estate professional and administrative activities,67,61,13,48,6,2,4
S01006709,O P Q. Public administration education and health,97,96,45,51,1,0,1
S01006709,R S T U. Other,18,12,5,7,6,3,3
S01006710,All people aged 16 to 74 in employment,447,416,112,304,31,3,28
S01006710,A B D E. Agriculture energy and water,20,19,0,19,1,0,1
S01006710,C. Manufacturing,30,27,3,24,3,1,2
S01006710,F. Construction,47,41,1,40,6,0,6
S01006710,G I. Distribution hotels and restaurants,87,84,34,50,3,0,3
S01006710,H J. Transport and communication,55,46,7,39,9,0,9
S01006710,K L M N. Financial real estate professional and administrative activities,63,60,18,42,3,0,3
S01006710,O P Q. Public administration education and health,123,119,42,77,4,1,3
S01006710,R S T U. Other,22,20,7,13,2,1,1
S01006711,All people aged 16 to 74 in employment,473,420,110,310,53,16,37
S01006711,A B D E. Agriculture energy and water,31,28,3,25,3,0,3
S01006711,C. Manufacturing,37,36,3,33,1,0,1
S01006711,F. Construction,54,42,0,42,12,1,11
S01006711,G I. Distribution hotels and restaurants,108,104,36,68,4,1,3
S01006711,H J. Transport and communication,46,34,9,25,12,2,10
S01006711,K L M N. Financial real estate professional and administrative activities,52,41,7,34,11,7,4
S01006711,O P Q. Public administration education and health,127,125,47,78,2,1,1
S01006711,R S T U. Other,18,10,5,5,8,4,4
S01006712,All people aged 16 to 74 in employment,251,238,57,181,13,3,10
S01006712,A B D E. Agriculture energy and water,15,14,3,11,1,0,1
S01006712,C. Manufacturing,16,15,0,15,1,0,1
S01006712,F. Construction,34,32,2,30,2,0,2
S01006712,G I. Distribution hotels and restaurants,40,40,11,29,0,0,0
S01006712,H J. Transport and communication,25,23,1,22,2,0,2
S01006712,K L M N. Financial real estate professional and administrative activities,29,25,5,20,4,1,3
S01006712,O P Q. Public administration education and health,84,82,32,50,2,2,0
S01006712,R S T U. Other,8,7,3,4,1,0,1
S01006713,All people aged 16 to 74 in employment,466,436,106,330,30,10,20
S01006713,A B D E. Agriculture energy and water,32,32,4,28,0,0,0
S01006713,C. Manufacturing,40,39,3,36,1,0,1
S01006713,F. Construction,32,30,1,29,2,1,1
S01006713,G I. Distribution hotels and restaurants,96,96,34,62,0,0,0
S01006713,H J. Transport and communication,57,42,6,36,15,3,12
S01006713,K L M N. Financial real estate professional and administrative activities,61,56,11,45,5,2,3
S01006713,O P Q. Public administration education and health,126,124,39,85,2,1,1
S01006713,R S T U. Other,22,17,8,9,5,3,2
S01006714,All people aged 16 to 74 in employment,342,326,89,237,16,4,12
S01006714,A B D E. Agriculture energy and water,28,28,2,26,0,0,0
S01006714,C. Manufacturing,29,29,2,27,0,0,0
S01006714,F. Construction,25,23,2,21,2,1,1
S01006714,G I. Distribution hotels and restaurants,66,65,26,39,1,0,1
S01006714,H J. Transport and communication,38,32,4,28,6,0,6
S01006714,K L M N. Financial real estate professional and administrative activities,47,44,17,27,3,0,3
S01006714,O P Q. Public administration education and health,99,97,34,63,2,2,0
S01006714,R S T U. Other,10,8,2,6,2,1,1
S01006715,All people aged 16 to 74 in employment,266,251,87,164,15,3,12
S01006715,A B D E. Agriculture energy and water,13,12,0,12,1,0,1
S01006715,C. Manufacturing,19,18,3,15,1,0,1
S01006715,F. Construction,17,15,0,15,2,0,2
S01006715,G I. Distribution hotels and restaurants,69,68,37,31,1,0,1
S01006715,H J. Transport and communication,29,26,3,23,3,1,2
S01006715,K L M N. Financial real estate professional and administrative activities,36,33,9,24,3,1,2
S01006715,O P Q. Public administration education and health,74,71,32,39,3,1,2
S01006715,R S T U. Other,9,8,3,5,1,0,1
S01006716,All people aged 16 to 74 in employment,317,288,95,193,29,10,19
S01006716,A B D E. Agriculture energy and water,21,20,1,19,1,0,1
S01006716,C. Manufacturing,21,20,4,16,1,0,1
S01006716,F. Construction,24,18,1,17,6,2,4
S01006716,G I. Distribution hotels and restaurants,83,82,30,52,1,0,1
S01006716,H J. Transport and communication,27,19,4,15,8,1,7
S01006716,K L M N. Financial real estate professional and administrative activities,44,37,15,22,7,3,4
S01006716,O P Q. Public administration education and health,81,78,34,44,3,2,1
S01006716,R S T U. Other,16,14,6,8,2,2,0
S01006717,All people aged 16 to 74 in employment,479,452,132,320,27,7,20
S01006717,A B D E. Agriculture energy and water,31,30,1,29,1,1,0
S01006717,C. Manufacturing,27,27,2,25,0,0,0
S01006717,F. Construction,43,37,1,36,6,0,6
S01006717,G I. Distribution hotels and restaurants,116,112,47,65,4,1,3
S01006717,H J. Transport and communication,60,56,12,44,4,1,3
S01006717,K L M N. Financial real estate professional and administrative activities,48,46,10,36,2,1,1
S01006717,O P Q. Public administration education and health,138,136,56,80,2,1,1
S01006717,R S T U. Other,16,8,3,5,8,2,6
S01006718,All people aged 16 to 74 in employment,310,284,85,199,26,4,22
S01006718,A B D E. Agriculture energy and water,18,16,1,15,2,0,2
S01006718,C. Manufacturing,22,22,2,20,0,0,0
S01006718,F. Construction,25,22,0,22,3,1,2
S01006718,G I. Distribution hotels and restaurants,71,68,28,40,3,0,3
S01006718,H J. Transport and communication,29,20,1,19,9,0,9
S01006718,K L M N. Financial real estate professional and administrative activities,37,33,10,23,4,1,3
S01006718,O P Q. Public administration education and health,91,87,36,51,4,2,2
S01006718,R S T U. Other,17,16,7,9,1,0,1
S01006719,All people aged 16 to 74 in employment,459,419,111,308,40,18,22
S01006719,A B D E. Agriculture energy and water,40,38,5,33,2,1,1
S01006719,C. Manufacturing,31,30,3,27,1,0,1
S01006719,F. Construction,44,36,0,36,8,0,8
S01006719,G I. Distribution hotels and restaurants,85,83,32,51,2,1,1
S01006719,H J. Transport and communication,52,45,7,38,7,3,4
S01006719,K L M N. Financial real estate professional and administrative activities,58,52,19,33,6,2,4
S01006719,O P Q. Public administration education and health,127,118,40,78,9,6,3
S01006719,R S T U. Other,22,17,5,12,5,5,0
S01006720,All people aged 16 to 74 in employment,311,291,79,212,20,3,17
S01006720,A B D E. Agriculture energy and water,11,11,1,10,0,0,0
S01006720,C. Manufacturing,25,25,1,24,0,0,0
S01006720,F. Construction,25,20,2,18,5,0,5
S01006720,G I. Distribution hotels and restaurants,78,75,24,51,3,0,3
S01006720,H J. Transport and communication,31,26,2,24,5,0,5
S01006720,K L M N. Financial real estate professional and administrative activities,42,38,9,29,4,2,2
S01006720,O P Q. Public administration education and health,86,84,35,49,2,1,1
S01006720,R S T U. Other,13,12,5,7,1,0,1
S01006721,All people aged 16 to 74 in employment,450,423,103,320,27,7,20
S01006721,A B D E. Agriculture energy and water,32,31,1,30,1,0,1
S01006721,C. Manufacturing,56,54,3,51,2,0,2
S01006721,F. Construction,34,30,2,28,4,0,4
S01006721,G I. Distribution hotels and restaurants,90,85,39,46,5,3,2
S01006721,H J. Transport and communication,58,49,2,47,9,0,9
S01006721,K L M N. Financial real estate professional and administrative activities,58,57,16,41,1,0,1
S01006721,O P Q. Public administration education and health,106,103,34,69,3,2,1
S01006721,R S T U. Other,16,14,6,8,2,2,0
S01006722,All people aged 16 to 74 in employment,372,353,94,259,19,6,13
S01006722,A B D E. Agriculture energy and water,32,32,1,31,0,0,0
S01006722,C. Manufacturing,20,19,2,17,1,0,1
S01006722,F. Construction,24,24,0,24,0,0,0
S01006722,G I. Distribution hotels and restaurants,90,86,26,60,4,1,3
S01006722,H J. Transport and communication,30,24,4,20,6,2,4
S01006722,K L M N. Financial real estate professional and administrative activities,43,38,10,28,5,2,3
S01006722,O P Q. Public administration education and health,122,121,49,72,1,0,1
S01006722,R S T U. Other,11,9,2,7,2,1,1
S01006723,All people aged 16 to 74 in employment,325,300,70,230,25,7,18
S01006723,A B D E. Agriculture energy and water,20,19,1,18,1,1,0
S01006723,C. Manufacturing,24,23,2,21,1,0,1
S01006723,F. Construction,30,24,1,23,6,1,5
S01006723,G I. Distribution hotels and restaurants,74,69,23,46,5,1,4
S01006723,H J. Transport and communication,27,24,2,22,3,1,2
S01006723,K L M N. Financial real estate professional and administrative activities,52,48,8,40,4,1,3
S01006723,O P Q. Public administration education and health,85,81,29,52,4,1,3
S01006723,R S T U. Other,13,12,4,8,1,1,0
S01006724,All people aged 16 to 74 in employment,402,375,139,236,27,7,20
S01006724,A B D E. Agriculture energy and water,16,16,2,14,0,0,0
S01006724,C. Manufacturing,45,45,5,40,0,0,0
S01006724,F. Construction,21,15,0,15,6,0,6
S01006724,G I. Distribution hotels and restaurants,113,107,60,47,6,2,4
S01006724,H J. Transport and communication,41,38,5,33,3,0,3
S01006724,K L M N. Financial real estate professional and administrative activities,67,58,21,37,9,4,5
S01006724,O P Q. Public administration education and health,86,84,41,43,2,0,2
S01006724,R S T U. Other,13,12,5,7,1,1,0
S01006725,All people aged 16 to 74 in employment,334,315,91,224,19,7,12
S01006725,A B D E. Agriculture energy and water,20,20,1,19,0,0,0
S01006725,C. Manufacturing,28,26,2,24,2,1,1
S01006725,F. Construction,21,16,0,16,5,1,4
S01006725,G I. Distribution hotels and restaurants,91,89,41,48,2,1,1
S01006725,H J. Transport and communication,32,25,3,22,7,1,6
S01006725,K L M N. Financial real estate professional and administrative activities,37,35,8,27,2,2,0
S01006725,O P Q. Public administration education and health,83,82,29,53,1,1,0
S01006725,R S T U. Other,22,22,7,15,0,0,0
S01006726,All people aged 16 to 74 in employment,615,582,191,391,33,11,22
S01006726,A B D E. Agriculture energy and water,38,36,2,34,2,1,1
S01006726,C. Manufacturing,51,50,1,49,1,0,1
S01006726,F. Construction,51,44,8,36,7,2,5
S01006726,G I. Distribution hotels and restaurants,164,163,72,91,1,0,1
S01006726,H J. Transport and communication,51,41,7,34,10,1,9
S01006726,K L M N. Financial real estate professional and administrative activities,123,117,48,69,6,2,4
S01006726,O P Q. Public administration education and health,123,120,50,70,3,2,1
S01006726,R S T U. Other,14,11,3,8,3,3,0
S01006727,All people aged 16 to 74 in employment,413,391,138,253,22,6,16
S01006727,A B D E. Agriculture energy and water,18,18,1,17,0,0,0
S01006727,C. Manufacturing,46,46,6,40,0,0,0
S01006727,F. Construction,32,25,1,24,7,0,7
S01006727,G I. Distribution hotels and restaurants,118,116,54,62,2,0,2
S01006727,H J. Transport and communication,36,32,7,25,4,2,2
S01006727,K L M N. Financial real estate professional and administrative activities,70,67,31,36,3,3,0
S01006727,O P Q. Public administration education and health,80,76,35,41,4,1,3
S01006727,R S T U. Other,13,11,3,8,2,0,2
S01006728,All people aged 16 to 74 in employment,367,351,101,250,16,3,13
S01006728,A B D E. Agriculture energy and water,19,19,0,19,0,0,0
S01006728,C. Manufacturing,39,39,2,37,0,0,0
S01006728,F. Construction,26,21,1,20,5,0,5
S01006728,G I. Distribution hotels and restaurants,71,68,34,34,3,2,1
S01006728,H J. Transport and communication,36,31,3,28,5,0,5
S01006728,K L M N. Financial real estate professional and administrative activities,56,54,13,41,2,1,1
S01006728,O P Q. Public administration education and health,107,107,43,64,0,0,0
S01006728,R S T U. Other,13,12,5,7,1,0,1
S01006729,All people aged 16 to 74 in employment,360,346,102,244,14,5,9
S01006729,A B D E. Agriculture energy and water,22,20,1,19,2,1,1
S01006729,C. Manufacturing,26,26,0,26,0,0,0
S01006729,F. Construction,22,19,2,17,3,1,2
S01006729,G I. Distribution hotels and restaurants,91,88,33,55,3,1,2
S01006729,H J. Transport and communication,34,31,6,25,3,0,3
S01006729,K L M N. Financial real estate professional and administrative activities,52,50,15,35,2,2,0
S01006729,O P Q. Public administration education and health,99,99,40,59,0,0,0
S01006729,R S T U. Other,14,13,5,8,1,0,1
S01006730,All people aged 16 to 74 in employment,389,373,105,268,16,2,14
S01006730,A B D E. Agriculture energy and water,25,24,2,22,1,0,1
S01006730,C. Manufacturing,35,32,2,30,3,0,3
S01006730,F. Construction,24,21,1,20,3,0,3
S01006730,G I. Distribution hotels and restaurants,96,95,37,58,1,0,1
S01006730,H J. Transport and communication,38,34,3,31,4,0,4
S01006730,K L M N. Financial real estate professional and administrative activities,47,46,22,24,1,0,1
S01006730,O P Q. Public administration education and health,110,107,33,74,3,2,1
S01006730,R S T U. Other,14,14,5,9,0,0,0
S01006731,All people aged 16 to 74 in employment,291,273,70,203,18,1,17
S01006731,A B D E. Agriculture energy and water,12,12,2,10,0,0,0
S01006731,C. Manufacturing,16,16,0,16,0,0,0
S01006731,F. Construction,32,30,0,30,2,0,2
S01006731,G I. Distribution hotels and restaurants,51,49,17,32,2,1,1
S01006731,H J. Transport and communication,46,36,7,29,10,0,10
S01006731,K L M N. Financial real estate professional and administrative activities,36,33,7,26,3,0,3
S01006731,O P Q. Public administration education and health,83,82,35,47,1,0,1
S01006731,R S T U. Other,15,15,2,13,0,0,0
S01006732,All people aged 16 to 74 in employment,542,461,145,316,81,14,67
S01006732,A B D E. Agriculture energy and water,101,77,15,62,24,2,22
S01006732,C. Manufacturing,43,41,5,36,2,1,1
S01006732,F. Construction,27,16,3,13,11,3,8
S01006732,G I. Distribution hotels and restaurants,101,90,47,43,11,2,9
S01006732,H J. Transport and communication,33,28,1,27,5,1,4
S01006732,K L M N. Financial real estate professional and administrative activities,93,74,19,55,19,4,15
S01006732,O P Q. Public administration education and health,124,121,46,75,3,1,2
S01006732,R S T U. Other,20,14,9,5,6,0,6
S01006733,All people aged 16 to 74 in employment,465,402,109,293,63,11,52
S01006733,A B D E. Agriculture energy and water,78,69,5,64,9,1,8
S01006733,C. Manufacturing,37,31,2,29,6,0,6
S01006733,F. Construction,28,23,3,20,5,0,5
S01006733,G I. Distribution hotels and restaurants,56,48,26,22,8,3,5
S01006733,H J. Transport and communication,37,32,7,25,5,0,5
S01006733,K L M N. Financial real estate professional and administrative activities,99,84,18,66,15,1,14
S01006733,O P Q. Public administration education and health,122,110,47,63,12,6,6
S01006733,R S T U. Other,8,5,1,4,3,0,3
S01006734,All people aged 16 to 74 in employment,527,448,103,345,79,21,58
S01006734,A B D E. Agriculture energy and water,83,76,3,73,7,0,7
S01006734,C. Manufacturing,37,35,4,31,2,0,2
S01006734,F. Construction,33,20,1,19,13,2,11
S01006734,G I. Distribution hotels and restaurants,64,52,21,31,12,2,10
S01006734,H J. Transport and communication,37,30,5,25,7,3,4
S01006734,K L M N. Financial real estate professional and administrative activities,112,89,14,75,23,6,17
S01006734,O P Q. Public administration education and health,143,133,51,82,10,5,5
S01006734,R S T U. Other,18,13,4,9,5,3,2
S01006735,All people aged 16 to 74 in employment,288,259,66,193,29,11,18
S01006735,A B D E. Agriculture energy and water,29,28,1,27,1,0,1
S01006735,C. Manufacturing,19,17,2,15,2,0,2
S01006735,F. Construction,18,14,0,14,4,1,3
S01006735,G I. Distribution hotels and restaurants,37,33,16,17,4,2,2
S01006735,H J. Transport and communication,30,27,4,23,3,1,2
S01006735,K L M N. Financial real estate professional and administrative activities,57,49,14,35,8,3,5
S01006735,O P Q. Public administration education and health,89,83,22,61,6,3,3
S01006735,R S T U. Other,9,8,7,1,1,1,0
S01006736,All people aged 16 to 74 in employment,653,578,144,434,75,22,53
S01006736,A B D E. Agriculture energy and water,80,78,4,74,2,0,2
S01006736,C. Manufacturing,34,32,2,30,2,0,2
S01006736,F. Construction,47,43,4,39,4,1,3
S01006736,G I. Distribution hotels and restaurants,89,72,27,45,17,6,11
S01006736,H J. Transport and communication,51,45,8,37,6,2,4
S01006736,K L M N. Financial real estate professional and administrative activities,155,129,24,105,26,3,23
S01006736,O P Q. Public administration education and health,164,153,61,92,11,6,5
S01006736,R S T U. Other,33,26,14,12,7,4,3
S01006737,All people aged 16 to 74 in employment,338,293,75,218,45,14,31
S01006737,A B D E. Agriculture energy and water,37,33,2,31,4,0,4
S01006737,C. Manufacturing,24,23,1,22,1,1,0
S01006737,F. Construction,22,14,1,13,8,3,5
S01006737,G I. Distribution hotels and restaurants,64,54,23,31,10,2,8
S01006737,H J. Transport and communication,18,14,1,13,4,2,2
S01006737,K L M N. Financial real estate professional and administrative activities,69,59,12,47,10,3,7
S01006737,O P Q. Public administration education and health,88,85,33,52,3,1,2
S01006737,R S T U. Other,16,11,2,9,5,2,3
S01006738,All people aged 16 to 74 in employment,577,538,72,466,39,11,28
S01006738,A B D E. Agriculture energy and water,81,79,4,75,2,0,2
S01006738,C. Manufacturing,65,60,1,59,5,0,5
S01006738,F. Construction,39,33,2,31,6,2,4
S01006738,G I. Distribution hotels and restaurants,108,106,22,84,2,0,2
S01006738,H J. Transport and communication,75,69,6,63,6,1,5
S01006738,K L M N. Financial real estate professional and administrative activities,82,72,8,64,10,4,6
S01006738,O P Q. Public administration education and health,103,100,20,80,3,2,1
S01006738,R S T U. Other,24,19,9,10,5,2,3
S01006739,All people aged 16 to 74 in employment,410,375,67,308,35,9,26
S01006739,A B D E. Agriculture energy and water,35,33,2,31,2,0,2
S01006739,C. Manufacturing,46,42,3,39,4,0,4
S01006739,F. Construction,32,26,0,26,6,0,6
S01006739,G I. Distribution hotels and restaurants,68,65,22,43,3,2,1
S01006739,H J. Transport and communication,46,42,2,40,4,1,3
S01006739,K L M N. Financial real estate professional and administrative activities,84,78,11,67,6,3,3
S01006739,O P Q. Public administration education and health,72,68,16,52,4,2,2
S01006739,R S T U. Other,27,21,11,10,6,1,5
S01006740,All people aged 16 to 74 in employment,392,370,87,283,22,5,17
S01006740,A B D E. Agriculture energy and water,34,34,1,33,0,0,0
S01006740,C. Manufacturing,41,41,1,40,0,0,0
S01006740,F. Construction,26,21,3,18,5,0,5
S01006740,G I. Distribution hotels and restaurants,88,86,39,47,2,1,1
S01006740,H J. Transport and communication,39,31,3,28,8,0,8
S01006740,K L M N. Financial real estate professional and administrative activities,65,60,5,55,5,3,2
S01006740,O P Q. Public administration education and health,90,89,32,57,1,1,0
S01006740,R S T U. Other,9,8,3,5,1,0,1
S01006741,All people aged 16 to 74 in employment,317,293,96,197,24,6,18
S01006741,A B D E. Agriculture energy and water,24,23,3,20,1,0,1
S01006741,C. Manufacturing,28,27,4,23,1,0,1
S01006741,F. Construction,24,17,2,15,7,0,7
S01006741,G I. Distribution hotels and restaurants,69,68,40,28,1,0,1
S01006741,H J. Transport and communication,46,40,9,31,6,2,4
S01006741,K L M N. Financial real estate professional and administrative activities,45,43,10,33,2,0,2
S01006741,O P Q. Public administration education and health,76,72,28,44,4,2,2
S01006741,R S T U. Other,5,3,0,3,2,2,0
S01006742,All people aged 16 to 74 in employment,208,190,55,135,18,3,15
S01006742,A B D E. Agriculture energy and water,21,21,3,18,0,0,0
S01006742,C. Manufacturing,24,23,1,22,1,1,0
S01006742,F. Construction,7,6,0,6,1,0,1
S01006742,G I. Distribution hotels and restaurants,40,37,22,15,3,0,3
S01006742,H J. Transport and communication,30,28,1,27,2,1,1
S01006742,K L M N. Financial real estate professional and administrative activities,35,28,4,24,7,1,6
S01006742,O P Q. Public administration education and health,43,42,21,21,1,0,1
S01006742,R S T U. Other,8,5,3,2,3,0,3
S01006743,All people aged 16 to 74 in employment,321,297,55,242,24,4,20
S01006743,A B D E. Agriculture energy and water,34,31,0,31,3,0,3
S01006743,C. Manufacturing,37,36,4,32,1,0,1
S01006743,F. Construction,27,21,1,20,6,0,6
S01006743,G I. Distribution hotels and restaurants,55,51,17,34,4,1,3
S01006743,H J. Transport and communication,32,28,3,25,4,2,2
S01006743,K L M N. Financial real estate professional and administrative activities,48,46,6,40,2,0,2
S01006743,O P Q. Public administration education and health,72,72,20,52,0,0,0
S01006743,R S T U. Other,16,12,4,8,4,1,3
S01006744,All people aged 16 to 74 in employment,384,350,85,265,34,6,28
S01006744,A B D E. Agriculture energy and water,30,29,1,28,1,0,1
S01006744,C. Manufacturing,40,39,2,37,1,0,1
S01006744,F. Construction,25,17,0,17,8,0,8
S01006744,G I. Distribution hotels and restaurants,90,86,32,54,4,0,4
S01006744,H J. Transport and communication,43,33,5,28,10,2,8
S01006744,K L M N. Financial real estate professional and administrative activities,57,54,11,43,3,1,2
S01006744,O P Q. Public administration education and health,83,82,33,49,1,0,1
S01006744,R S T U. Other,16,10,1,9,6,3,3
S01006745,All people aged 16 to 74 in employment,408,373,92,281,35,10,25
S01006745,A B D E. Agriculture energy and water,34,33,0,33,1,0,1
S01006745,C. Manufacturing,34,34,1,33,0,0,0
S01006745,F. Construction,35,28,1,27,7,1,6
S01006745,G I. Distribution hotels and restaurants,94,90,37,53,4,1,3
S01006745,H J. Transport and communication,47,37,2,35,10,2,8
S01006745,K L M N. Financial real estate professional and administrative activities,49,44,10,34,5,1,4
S01006745,O P Q. Public administration education and health,99,94,33,61,5,2,3
S01006745,R S T U. Other,16,13,8,5,3,3,0
S01006746,All people aged 16 to 74 in employment,426,398,111,287,28,11,17
S01006746,A B D E. Agriculture energy and water,37,37,1,36,0,0,0
S01006746,C. Manufacturing,44,44,1,43,0,0,0
S01006746,F. Construction,30,28,1,27,2,0,2
S01006746,G I. Distribution hotels and restaurants,108,104,47,57,4,1,3
S01006746,H J. Transport and communication,34,26,1,25,8,2,6
S01006746,K L M N. Financial real estate professional and administrative activities,56,53,14,39,3,1,2
S01006746,O P Q. Public administration education and health,95,90,39,51,5,2,3
S01006746,R S T U. Other,22,16,7,9,6,5,1
S01006747,All people aged 16 to 74 in employment,410,380,115,265,30,8,22
S01006747,A B D E. Agriculture energy and water,34,33,1,32,1,0,1
S01006747,C. Manufacturing,32,32,3,29,0,0,0
S01006747,F. Construction,24,19,1,18,5,0,5
S01006747,G I. Distribution hotels and restaurants,71,68,32,36,3,1,2
S01006747,H J. Transport and communication,40,36,4,32,4,1,3
S01006747,K L M N. Financial real estate professional and administrative activities,68,59,21,38,9,3,6
S01006747,O P Q. Public administration education and health,126,121,47,74,5,1,4
S01006747,R S T U. Other,15,12,6,6,3,2,1
S01006748,All people aged 16 to 74 in employment,482,430,105,325,52,10,42
S01006748,A B D E. Agriculture energy and water,53,47,3,44,6,1,5
S01006748,C. Manufacturing,36,35,2,33,1,0,1
S01006748,F. Construction,52,46,6,40,6,1,5
S01006748,G I. Distribution hotels and restaurants,85,76,25,51,9,3,6
S01006748,H J. Transport and communication,51,41,7,34,10,0,10
S01006748,K L M N. Financial real estate professional and administrative activities,79,68,15,53,11,4,7
S01006748,O P Q. Public administration education and health,111,107,43,64,4,0,4
S01006748,R S T U. Other,15,10,4,6,5,1,4
S01006749,All people aged 16 to 74 in employment,513,482,106,376,31,9,22
S01006749,A B D E. Agriculture energy and water,51,48,5,43,3,0,3
S01006749,C. Manufacturing,41,41,3,38,0,0,0
S01006749,F. Construction,38,29,2,27,9,3,6
S01006749,G I. Distribution hotels and restaurants,126,124,48,76,2,2,0
S01006749,H J. Transport and communication,51,47,4,43,4,0,4
S01006749,K L M N. Financial real estate professional and administrative activities,83,75,13,62,8,4,4
S01006749,O P Q. Public administration education and health,108,105,26,79,3,0,3
S01006749,R S T U. Other,15,13,5,8,2,0,2
S01006750,All people aged 16 to 74 in employment,354,328,86,242,26,5,21
S01006750,A B D E. Agriculture energy and water,26,25,0,25,1,0,1
S01006750,C. Manufacturing,32,31,1,30,1,1,0
S01006750,F. Construction,27,24,0,24,3,0,3
S01006750,G I. Distribution hotels and restaurants,95,85,27,58,10,1,9
S01006750,H J. Transport and communication,44,41,9,32,3,0,3
S01006750,K L M N. Financial real estate professional and administrative activities,45,42,10,32,3,1,2
S01006750,O P Q. Public administration education and health,75,74,35,39,1,0,1
S01006750,R S T U. Other,10,6,4,2,4,2,2
S01006751,All people aged 16 to 74 in employment,250,231,72,159,19,8,11
S01006751,A B D E. Agriculture energy and water,25,25,1,24,0,0,0
S01006751,C. Manufacturing,23,21,0,21,2,1,1
S01006751,F. Construction,9,6,0,6,3,1,2
S01006751,G I. Distribution hotels and restaurants,61,59,25,34,2,1,1
S01006751,H J. Transport and communication,33,29,8,21,4,1,3
S01006751,K L M N. Financial real estate professional and administrative activities,28,24,9,15,4,1,3
S01006751,O P Q. Public administration education and health,62,61,29,32,1,1,0
S01006751,R S T U. Other,9,6,0,6,3,2,1
S01006752,All people aged 16 to 74 in employment,347,334,89,245,13,5,8
S01006752,A B D E. Agriculture energy and water,29,29,2,27,0,0,0
S01006752,C. Manufacturing,31,31,4,27,0,0,0
S01006752,F. Construction,17,16,0,16,1,0,1
S01006752,G I. Distribution hotels and restaurants,92,88,36,52,4,2,2
S01006752,H J. Transport and communication,40,38,5,33,2,0,2
S01006752,K L M N. Financial real estate professional and administrative activities,48,46,10,36,2,1,1
S01006752,O P Q. Public administration education and health,82,79,29,50,3,1,2
S01006752,R S T U. Other,8,7,3,4,1,1,0
S01006753,All people aged 16 to 74 in employment,498,447,118,329,51,11,40
S01006753,A B D E. Agriculture energy and water,62,57,5,52,5,0,5
S01006753,C. Manufacturing,33,33,4,29,0,0,0
S01006753,F. Construction,35,27,3,24,8,1,7
S01006753,G I. Distribution hotels and restaurants,106,96,50,46,10,6,4
S01006753,H J. Transport and communication,66,58,7,51,8,0,8
S01006753,K L M N. Financial real estate professional and administrative activities,77,67,14,53,10,1,9
S01006753,O P Q. Public administration education and health,106,99,30,69,7,2,5
S01006753,R S T U. Other,13,10,5,5,3,1,2
S01006754,All people aged 16 to 74 in employment,493,459,117,342,34,6,28
S01006754,A B D E. Agriculture energy and water,60,58,2,56,2,1,1
S01006754,C. Manufacturing,45,43,2,41,2,0,2
S01006754,F. Construction,29,23,0,23,6,1,5
S01006754,G I. Distribution hotels and restaurants,92,90,38,52,2,0,2
S01006754,H J. Transport and communication,64,57,8,49,7,1,6
S01006754,K L M N. Financial real estate professional and administrative activities,73,64,16,48,9,2,7
S01006754,O P Q. Public administration education and health,108,104,41,63,4,1,3
S01006754,R S T U. Other,22,20,10,10,2,0,2
S01006755,All people aged 16 to 74 in employment,440,376,93,283,64,15,49
S01006755,A B D E. Agriculture energy and water,69,55,7,48,14,1,13
S01006755,C. Manufacturing,46,42,6,36,4,1,3
S01006755,F. Construction,30,24,2,22,6,0,6
S01006755,G I. Distribution hotels and restaurants,88,75,33,42,13,5,8
S01006755,H J. Transport and communication,30,27,7,20,3,1,2
S01006755,K L M N. Financial real estate professional and administrative activities,80,66,10,56,14,4,10
S01006755,O P Q. Public administration education and health,83,76,23,53,7,0,7
S01006755,R S T U. Other,14,11,5,6,3,3,0
S01006756,All people aged 16 to 74 in employment,431,390,46,344,41,8,33
S01006756,A B D E. Agriculture energy and water,73,67,1,66,6,0,6
S01006756,C. Manufacturing,37,36,1,35,1,0,1
S01006756,F. Construction,24,17,1,16,7,1,6
S01006756,G I. Distribution hotels and restaurants,60,57,16,41,3,0,3
S01006756,H J. Transport and communication,32,29,2,27,3,2,1
S01006756,K L M N. Financial real estate professional and administrative activities,99,85,7,78,14,2,12
S01006756,O P Q. Public administration education and health,96,91,15,76,5,2,3
S01006756,R S T U. Other,10,8,3,5,2,1,1
S01006757,All people aged 16 to 74 in employment,499,465,115,350,34,6,28
S01006757,A B D E. Agriculture energy and water,59,53,4,49,6,0,6
S01006757,C. Manufacturing,39,38,1,37,1,0,1
S01006757,F. Construction,32,27,1,26,5,1,4
S01006757,G I. Distribution hotels and restaurants,89,84,39,45,5,1,4
S01006757,H J. Transport and communication,37,33,4,29,4,1,3
S01006757,K L M N. Financial real estate professional and administrative activities,96,91,18,73,5,1,4
S01006757,O P Q. Public administration education and health,131,126,41,85,5,2,3
S01006757,R S T U. Other,16,13,7,6,3,0,3
S01006758,All people aged 16 to 74 in employment,459,427,105,322,32,6,26
S01006758,A B D E. Agriculture energy and water,56,52,3,49,4,0,4
S01006758,C. Manufacturing,44,43,4,39,1,0,1
S01006758,F. Construction,32,28,3,25,4,0,4
S01006758,G I. Distribution hotels and restaurants,82,78,44,34,4,0,4
S01006758,H J. Transport and communication,31,27,2,25,4,0,4
S01006758,K L M N. Financial real estate professional and administrative activities,77,70,10,60,7,1,6
S01006758,O P Q. Public administration education and health,124,120,38,82,4,3,1
S01006758,R S T U. Other,13,9,1,8,4,2,2
S01006759,All people aged 16 to 74 in employment,352,322,93,229,30,7,23
S01006759,A B D E. Agriculture energy and water,33,32,3,29,1,0,1
S01006759,C. Manufacturing,30,29,3,26,1,0,1
S01006759,F. Construction,22,18,2,16,4,1,3
S01006759,G I. Distribution hotels and restaurants,59,55,26,29,4,0,4
S01006759,H J. Transport and communication,32,27,5,22,5,1,4
S01006759,K L M N. Financial real estate professional and administrative activities,65,56,11,45,9,4,5
S01006759,O P Q. Public administration education and health,96,92,39,53,4,1,3
S01006759,R S T U. Other,15,13,4,9,2,0,2
S01006760,All people aged 16 to 74 in employment,327,305,64,241,22,7,15
S01006760,A B D E. Agriculture energy and water,19,18,0,18,1,0,1
S01006760,C. Manufacturing,24,24,0,24,0,0,0
S01006760,F. Construction,21,19,0,19,2,0,2
S01006760,G I. Distribution hotels and restaurants,67,63,28,35,4,1,3
S01006760,H J. Transport and communication,33,27,5,22,6,4,2
S01006760,K L M N. Financial real estate professional and administrative activities,57,52,7,45,5,1,4
S01006760,O P Q. Public administration education and health,94,93,21,72,1,1,0
S01006760,R S T U. Other,12,9,3,6,3,0,3
S01006761,All people aged 16 to 74 in employment,439,395,110,285,44,8,36
S01006761,A B D E. Agriculture energy and water,28,25,1,24,3,0,3
S01006761,C. Manufacturing,46,43,3,40,3,1,2
S01006761,F. Construction,30,26,4,22,4,0,4
S01006761,G I. Distribution hotels and restaurants,88,83,40,43,5,2,3
S01006761,H J. Transport and communication,45,35,4,31,10,0,10
S01006761,K L M N. Financial real estate professional and administrative activities,79,72,20,52,7,0,7
S01006761,O P Q. Public administration education and health,112,103,35,68,9,5,4
S01006761,R S T U. Other,11,8,3,5,3,0,3
S01006762,All people aged 16 to 74 in employment,384,340,91,249,44,11,33
S01006762,A B D E. Agriculture energy and water,39,33,4,29,6,0,6
S01006762,C. Manufacturing,22,22,3,19,0,0,0
S01006762,F. Construction,33,25,0,25,8,1,7
S01006762,G I. Distribution hotels and restaurants,68,63,26,37,5,0,5
S01006762,H J. Transport and communication,27,23,3,20,4,0,4
S01006762,K L M N. Financial real estate professional and administrative activities,67,57,13,44,10,5,5
S01006762,O P Q. Public administration education and health,111,107,39,68,4,3,1
S01006762,R S T U. Other,17,10,3,7,7,2,5
S01006763,All people aged 16 to 74 in employment,569,528,140,388,41,7,34
S01006763,A B D E. Agriculture energy and water,64,57,5,52,7,0,7
S01006763,C. Manufacturing,42,39,8,31,3,0,3
S01006763,F. Construction,32,26,0,26,6,0,6
S01006763,G I. Distribution hotels and restaurants,124,120,54,66,4,1,3
S01006763,H J. Transport and communication,52,43,3,40,9,1,8
S01006763,K L M N. Financial real estate professional and administrative activities,91,85,14,71,6,3,3
S01006763,O P Q. Public administration education and health,140,136,48,88,4,2,2
S01006763,R S T U. Other,24,22,8,14,2,0,2
S01006764,All people aged 16 to 74 in employment,543,520,128,392,23,4,19
S01006764,A B D E. Agriculture energy and water,51,50,4,46,1,0,1
S01006764,C. Manufacturing,46,44,1,43,2,0,2
S01006764,F. Construction,30,24,1,23,6,0,6
S01006764,G I. Distribution hotels and restaurants,121,121,46,75,0,0,0
S01006764,H J. Transport and communication,52,49,5,44,3,1,2
S01006764,K L M N. Financial real estate professional and administrative activities,91,84,20,64,7,2,5
S01006764,O P Q. Public administration education and health,130,127,40,87,3,1,2
S01006764,R S T U. Other,22,21,11,10,1,0,1
S01006765,All people aged 16 to 74 in employment,404,381,78,303,23,6,17
S01006765,A B D E. Agriculture energy and water,41,39,1,38,2,0,2
S01006765,C. Manufacturing,35,33,1,32,2,1,1
S01006765,F. Construction,32,27,1,26,5,0,5
S01006765,G I. Distribution hotels and restaurants,98,97,36,61,1,0,1
S01006765,H J. Transport and communication,30,25,3,22,5,1,4
S01006765,K L M N. Financial real estate professional and administrative activities,62,58,5,53,4,2,2
S01006765,O P Q. Public administration education and health,95,93,27,66,2,1,1
S01006765,R S T U. Other,11,9,4,5,2,1,1
S01006766,All people aged 16 to 74 in employment,385,351,97,254,34,9,25
S01006766,A B D E. Agriculture energy and water,50,45,5,40,5,0,5
S01006766,C. Manufacturing,29,26,1,25,3,1,2
S01006766,F. Construction,26,23,0,23,3,1,2
S01006766,G I. Distribution hotels and restaurants,78,71,35,36,7,1,6
S01006766,H J. Transport and communication,34,32,6,26,2,0,2
S01006766,K L M N. Financial real estate professional and administrative activities,57,50,10,40,7,3,4
S01006766,O P Q. Public administration education and health,99,97,38,59,2,2,0
S01006766,R S T U. Other,12,7,2,5,5,1,4
S01006767,All people aged 16 to 74 in employment,424,392,116,276,32,10,22
S01006767,A B D E. Agriculture energy and water,36,35,4,31,1,0,1
S01006767,C. Manufacturing,39,39,2,37,0,0,0
S01006767,F. Construction,32,27,2,25,5,0,5
S01006767,G I. Distribution hotels and restaurants,105,99,57,42,6,4,2
S01006767,H J. Transport and communication,35,29,2,27,6,1,5
S01006767,K L M N. Financial real estate professional and administrative activities,65,58,14,44,7,2,5
S01006767,O P Q. Public administration education and health,90,87,26,61,3,3,0
S01006767,R S T U. Other,22,18,9,9,4,0,4
S01006768,All people aged 16 to 74 in employment,381,342,111,231,39,7,32
S01006768,A B D E. Agriculture energy and water,52,49,4,45,3,1,2
S01006768,C. Manufacturing,25,24,3,21,1,0,1
S01006768,F. Construction,25,20,2,18,5,0,5
S01006768,G I. Distribution hotels and restaurants,85,74,43,31,11,1,10
S01006768,H J. Transport and communication,29,25,5,20,4,0,4
S01006768,K L M N. Financial real estate professional and administrative activities,64,57,14,43,7,2,5
S01006768,O P Q. Public administration education and health,88,83,36,47,5,1,4
S01006768,R S T U. Other,13,10,4,6,3,2,1
S01006769,All people aged 16 to 74 in employment,568,521,147,374,47,10,37
S01006769,A B D E. Agriculture energy and water,42,39,2,37,3,0,3
S01006769,C. Manufacturing,46,45,3,42,1,0,1
S01006769,F. Construction,53,42,3,39,11,1,10
S01006769,G I. Distribution hotels and restaurants,130,121,56,65,9,2,7
S01006769,H J. Transport and communication,41,31,4,27,10,2,8
S01006769,K L M N. Financial real estate professional and administrative activities,87,80,19,61,7,2,5
S01006769,O P Q. Public administration education and health,157,156,58,98,1,1,0
S01006769,R S T U. Other,12,7,2,5,5,2,3
S01006770,All people aged 16 to 74 in employment,397,365,110,255,32,11,21
S01006770,A B D E. Agriculture energy and water,31,30,2,28,1,0,1
S01006770,C. Manufacturing,36,35,5,30,1,1,0
S01006770,F. Construction,27,24,0,24,3,1,2
S01006770,G I. Distribution hotels and restaurants,67,64,40,24,3,1,2
S01006770,H J. Transport and communication,42,30,8,22,12,0,12
S01006770,K L M N. Financial real estate professional and administrative activities,57,54,6,48,3,1,2
S01006770,O P Q. Public administration education and health,119,112,43,69,7,5,2
S01006770,R S T U. Other,18,16,6,10,2,2,0
S01006771,All people aged 16 to 74 in employment,289,260,76,184,29,9,20
S01006771,A B D E. Agriculture energy and water,28,25,3,22,3,0,3
S01006771,C. Manufacturing,18,16,3,13,2,0,2
S01006771,F. Construction,20,17,1,16,3,1,2
S01006771,G I. Distribution hotels and restaurants,64,57,36,21,7,2,5
S01006771,H J. Transport and communication,19,17,0,17,2,0,2
S01006771,K L M N. Financial real estate professional and administrative activities,39,34,5,29,5,2,3
S01006771,O P Q. Public administration education and health,80,78,27,51,2,0,2
S01006771,R S T U. Other,21,16,1,15,5,4,1
S01006772,All people aged 16 to 74 in employment,545,488,115,373,57,16,41
S01006772,A B D E. Agriculture energy and water,41,40,1,39,1,0,1
S01006772,C. Manufacturing,44,41,1,40,3,1,2
S01006772,F. Construction,60,47,7,40,13,0,13
S01006772,G I. Distribution hotels and restaurants,119,107,49,58,12,6,6
S01006772,H J. Transport and communication,54,45,5,40,9,1,8
S01006772,K L M N. Financial real estate professional and administrative activities,89,81,13,68,8,1,7
S01006772,O P Q. Public administration education and health,126,119,38,81,7,3,4
S01006772,R S T U. Other,12,8,1,7,4,4,0
S01006773,All people aged 16 to 74 in employment,398,355,111,244,43,10,33
S01006773,A B D E. Agriculture energy and water,37,36,2,34,1,0,1
S01006773,C. Manufacturing,29,27,3,24,2,1,1
S01006773,F. Construction,27,20,1,19,7,2,5
S01006773,G I. Distribution hotels and restaurants,90,84,41,43,6,1,5
S01006773,H J. Transport and communication,34,24,2,22,10,1,9
S01006773,K L M N. Financial real estate professional and administrative activities,57,51,14,37,6,1,5
S01006773,O P Q. Public administration education and health,113,106,45,61,7,3,4
S01006773,R S T U. Other,11,7,3,4,4,1,3
S01006774,All people aged 16 to 74 in employment,420,382,124,258,38,14,24
S01006774,A B D E. Agriculture energy and water,47,45,3,42,2,0,2
S01006774,C. Manufacturing,19,16,1,15,3,1,2
S01006774,F. Construction,32,25,3,22,7,0,7
S01006774,G I. Distribution hotels and restaurants,108,103,52,51,5,2,3
S01006774,H J. Transport and communication,32,24,4,20,8,1,7
S01006774,K L M N. Financial real estate professional and administrative activities,65,63,21,42,2,1,1
S01006774,O P Q. Public administration education and health,102,96,37,59,6,5,1
S01006774,R S T U. Other,15,10,3,7,5,4,1
S01006775,All people aged 16 to 74 in employment,373,345,82,263,28,5,23
S01006775,A B D E. Agriculture energy and water,30,29,0,29,1,0,1
S01006775,C. Manufacturing,36,33,1,32,3,0,3
S01006775,F. Construction,25,16,0,16,9,2,7
S01006775,G I. Distribution hotels and restaurants,83,80,31,49,3,0,3
S01006775,H J. Transport and communication,27,22,1,21,5,1,4
S01006775,K L M N. Financial real estate professional and administrative activities,67,65,16,49,2,0,2
S01006775,O P Q. Public administration education and health,93,90,28,62,3,1,2
S01006775,R S T U. Other,12,10,5,5,2,1,1
S01006776,All people aged 16 to 74 in employment,249,228,57,171,21,9,12
S01006776,A B D E. Agriculture energy and water,17,16,2,14,1,0,1
S01006776,C. Manufacturing,29,28,4,24,1,0,1
S01006776,F. Construction,19,15,1,14,4,0,4
S01006776,G I. Distribution hotels and restaurants,62,58,17,41,4,1,3
S01006776,H J. Transport and communication,27,24,1,23,3,3,0
S01006776,K L M N. Financial real estate professional and administrative activities,36,35,10,25,1,1,0
S01006776,O P Q. Public administration education and health,48,47,20,27,1,1,0
S01006776,R S T U. Other,11,5,2,3,6,3,3
S01006777,All people aged 16 to 74 in employment,388,353,113,240,35,13,22
S01006777,A B D E. Agriculture energy and water,24,22,0,22,2,0,2
S01006777,C. Manufacturing,32,32,3,29,0,0,0
S01006777,F. Construction,32,25,3,22,7,1,6
S01006777,G I. Distribution hotels and restaurants,87,81,43,38,6,3,3
S01006777,H J. Transport and communication,35,30,6,24,5,1,4
S01006777,K L M N. Financial real estate professional and administrative activities,62,57,15,42,5,3,2
S01006777,O P Q. Public administration education and health,104,98,40,58,6,3,3
S01006777,R S T U. Other,12,8,3,5,4,2,2
S01006778,All people aged 16 to 74 in employment,368,349,98,251,19,2,17
S01006778,A B D E. Agriculture energy and water,40,38,1,37,2,0,2
S01006778,C. Manufacturing,20,19,2,17,1,1,0
S01006778,F. Construction,35,30,1,29,5,0,5
S01006778,G I. Distribution hotels and restaurants,89,87,47,40,2,0,2
S01006778,H J. Transport and communication,27,25,1,24,2,0,2
S01006778,K L M N. Financial real estate professional and administrative activities,59,56,8,48,3,0,3
S01006778,O P Q. Public administration education and health,85,84,33,51,1,0,1
S01006778,R S T U. Other,13,10,5,5,3,1,2
S01006779,All people aged 16 to 74 in employment,311,292,96,196,19,3,16
S01006779,A B D E. Agriculture energy and water,22,21,1,20,1,0,1
S01006779,C. Manufacturing,22,22,4,18,0,0,0
S01006779,F. Construction,21,16,0,16,5,0,5
S01006779,G I. Distribution hotels and restaurants,76,74,45,29,2,1,1
S01006779,H J. Transport and communication,33,29,2,27,4,0,4
S01006779,K L M N. Financial real estate professional and administrative activities,42,39,9,30,3,0,3
S01006779,O P Q. Public administration education and health,80,78,29,49,2,1,1
S01006779,R S T U. Other,15,13,6,7,2,1,1
S01006780,All people aged 16 to 74 in employment,316,274,74,200,42,14,28
S01006780,A B D E. Agriculture energy and water,25,24,1,23,1,0,1
S01006780,C. Manufacturing,21,19,3,16,2,0,2
S01006780,F. Construction,30,14,0,14,16,6,10
S01006780,G I. Distribution hotels and restaurants,59,53,25,28,6,1,5
S01006780,H J. Transport and communication,26,18,4,14,8,2,6
S01006780,K L M N. Financial real estate professional and administrative activities,55,51,8,43,4,3,1
S01006780,O P Q. Public administration education and health,83,81,27,54,2,1,1
S01006780,R S T U. Other,17,14,6,8,3,1,2
S01006781,All people aged 16 to 74 in employment,361,319,115,204,42,12,30
S01006781,A B D E. Agriculture energy and water,28,24,3,21,4,0,4
S01006781,C. Manufacturing,23,21,2,19,2,0,2
S01006781,F. Construction,22,13,2,11,9,1,8
S01006781,G I. Distribution hotels and restaurants,78,74,40,34,4,0,4
S01006781,H J. Transport and communication,30,26,4,22,4,1,3
S01006781,K L M N. Financial real estate professional and administrative activities,59,47,11,36,12,6,6
S01006781,O P Q. Public administration education and health,104,102,47,55,2,1,1
S01006781,R S T U. Other,17,12,6,6,5,3,2
S01006782,All people aged 16 to 74 in employment,452,405,88,317,47,8,39
S01006782,A B D E. Agriculture energy and water,56,54,5,49,2,0,2
S01006782,C. Manufacturing,34,34,2,32,0,0,0
S01006782,F. Construction,41,26,2,24,15,2,13
S01006782,G I. Distribution hotels and restaurants,84,82,30,52,2,0,2
S01006782,H J. Transport and communication,32,25,2,23,7,1,6
S01006782,K L M N. Financial real estate professional and administrative activities,80,69,15,54,11,2,9
S01006782,O P Q. Public administration education and health,114,106,30,76,8,2,6
S01006782,R S T U. Other,11,9,2,7,2,1,1
S01006783,All people aged 16 to 74 in employment,320,294,97,197,26,7,19
S01006783,A B D E. Agriculture energy and water,27,26,1,25,1,0,1
S01006783,C. Manufacturing,21,19,0,19,2,1,1
S01006783,F. Construction,25,20,2,18,5,0,5
S01006783,G I. Distribution hotels and restaurants,95,94,48,46,1,0,1
S01006783,H J. Transport and communication,27,19,2,17,8,2,6
S01006783,K L M N. Financial real estate professional and administrative activities,40,35,8,27,5,2,3
S01006783,O P Q. Public administration education and health,75,72,33,39,3,1,2
S01006783,R S T U. Other,10,9,3,6,1,1,0
S01006784,All people aged 16 to 74 in employment,375,338,74,264,37,6,31
S01006784,A B D E. Agriculture energy and water,37,34,0,34,3,0,3
S01006784,C. Manufacturing,26,25,1,24,1,0,1
S01006784,F. Construction,25,16,0,16,9,0,9
S01006784,G I. Distribution hotels and restaurants,65,59,23,36,6,0,6
S01006784,H J. Transport and communication,21,17,2,15,4,1,3
S01006784,K L M N. Financial real estate professional and administrative activities,69,62,12,50,7,3,4
S01006784,O P Q. Public administration education and health,117,112,29,83,5,2,3
S01006784,R S T U. Other,15,13,7,6,2,0,2
S01006785,All people aged 16 to 74 in employment,381,354,106,248,27,8,19
S01006785,A B D E. Agriculture energy and water,50,47,6,41,3,0,3
S01006785,C. Manufacturing,41,39,6,33,2,1,1
S01006785,F. Construction,19,16,3,13,3,1,2
S01006785,G I. Distribution hotels and restaurants,79,75,43,32,4,2,2
S01006785,H J. Transport and communication,22,18,5,13,4,0,4
S01006785,K L M N. Financial real estate professional and administrative activities,69,64,17,47,5,0,5
S01006785,O P Q. Public administration education and health,89,84,25,59,5,3,2
S01006785,R S T U. Other,12,11,1,10,1,1,0
S01006786,All people aged 16 to 74 in employment,482,428,120,308,54,18,36
S01006786,A B D E. Agriculture energy and water,47,43,5,38,4,1,3
S01006786,C. Manufacturing,45,44,4,40,1,0,1
S01006786,F. Construction,26,20,3,17,6,1,5
S01006786,G I. Distribution hotels and restaurants,101,92,45,47,9,2,7
S01006786,H J. Transport and communication,33,30,6,24,3,1,2
S01006786,K L M N. Financial real estate professional and administrative activities,91,78,15,63,13,2,11
S01006786,O P Q. Public administration education and health,125,115,40,75,10,5,5
S01006786,R S T U. Other,14,6,2,4,8,6,2
S01006787,All people aged 16 to 74 in employment,361,312,72,240,49,17,32
S01006787,A B D E. Agriculture energy and water,34,30,2,28,4,1,3
S01006787,C. Manufacturing,30,27,1,26,3,1,2
S01006787,F. Construction,26,18,0,18,8,0,8
S01006787,G I. Distribution hotels and restaurants,81,72,30,42,9,4,5
S01006787,H J. Transport and communication,32,26,3,23,6,1,5
S01006787,K L M N. Financial real estate professional and administrative activities,63,53,12,41,10,4,6
S01006787,O P Q. Public administration education and health,79,73,18,55,6,3,3
S01006787,R S T U. Other,16,13,6,7,3,3,0
S01006788,All people aged 16 to 74 in employment,476,424,100,324,52,13,39
S01006788,A B D E. Agriculture energy and water,69,62,3,59,7,0,7
S01006788,C. Manufacturing,43,43,4,39,0,0,0
S01006788,F. Construction,29,25,3,22,4,1,3
S01006788,G I. Distribution hotels and restaurants,81,71,31,40,10,1,9
S01006788,H J. Transport and communication,41,31,2,29,10,5,5
S01006788,K L M N. Financial real estate professional and administrative activities,85,77,11,66,8,0,8
S01006788,O P Q. Public administration education and health,109,103,43,60,6,4,2
S01006788,R S T U. Other,19,12,3,9,7,2,5
S01006789,All people aged 16 to 74 in employment,310,255,70,185,55,8,47
S01006789,A B D E. Agriculture energy and water,24,21,0,21,3,0,3
S01006789,C. Manufacturing,17,16,1,15,1,0,1
S01006789,F. Construction,21,12,2,10,9,1,8
S01006789,G I. Distribution hotels and restaurants,102,80,25,55,22,0,22
S01006789,H J. Transport and communication,19,16,0,16,3,0,3
S01006789,K L M N. Financial real estate professional and administrative activities,39,32,10,22,7,3,4
S01006789,O P Q. Public administration education and health,69,64,29,35,5,2,3
S01006789,R S T U. Other,19,14,3,11,5,2,3
S01006790,All people aged 16 to 74 in employment,403,338,109,229,65,21,44
S01006790,A B D E. Agriculture energy and water,24,21,1,20,3,1,2
S01006790,C. Manufacturing,27,25,6,19,2,1,1
S01006790,F. Construction,34,25,1,24,9,1,8
S01006790,G I. Distribution hotels and restaurants,135,108,39,69,27,6,21
S01006790,H J. Transport and communication,27,22,6,16,5,3,2
S01006790,K L M N. Financial real estate professional and administrative activities,54,43,10,33,11,5,6
S01006790,O P Q. Public administration education and health,73,68,35,33,5,2,3
S01006790,R S T U. Other,29,26,11,15,3,2,1
S01006791,All people aged 16 to 74 in employment,274,188,62,126,86,18,68
S01006791,A B D E. Agriculture energy and water,34,14,2,12,20,1,19
S01006791,C. Manufacturing,12,6,0,6,6,1,5
S01006791,F. Construction,21,13,0,13,8,1,7
S01006791,G I. Distribution hotels and restaurants,53,32,15,17,21,6,15
S01006791,H J. Transport and communication,13,11,2,9,2,0,2
S01006791,K L M N. Financial real estate professional and administrative activities,48,31,5,26,17,5,12
S01006791,O P Q. Public administration education and health,60,56,32,24,4,0,4
S01006791,R S T U. Other,33,25,6,19,8,4,4
S01006792,All people aged 16 to 74 in employment,268,201,60,141,67,19,48
S01006792,A B D E. Agriculture energy and water,21,7,0,7,14,1,13
S01006792,C. Manufacturing,23,17,2,15,6,2,4
S01006792,F. Construction,20,14,0,14,6,1,5
S01006792,G I. Distribution hotels and restaurants,50,36,17,19,14,5,9
S01006792,H J. Transport and communication,19,13,5,8,6,1,5
S01006792,K L M N. Financial real estate professional and administrative activities,49,41,8,33,8,1,7
S01006792,O P Q. Public administration education and health,60,53,21,32,7,6,1
S01006792,R S T U. Other,26,20,7,13,6,2,4
S01006793,All people aged 16 to 74 in employment,315,245,54,191,70,7,63
S01006793,A B D E. Agriculture energy and water,9,8,0,8,1,0,1
S01006793,C. Manufacturing,19,14,2,12,5,0,5
S01006793,F. Construction,17,9,0,9,8,1,7
S01006793,G I. Distribution hotels and restaurants,138,101,25,76,37,2,35
S01006793,H J. Transport and communication,6,4,0,4,2,0,2
S01006793,K L M N. Financial real estate professional and administrative activities,46,39,7,32,7,2,5
S01006793,O P Q. Public administration education and health,47,42,14,28,5,1,4
S01006793,R S T U. Other,33,28,6,22,5,1,4
S01006794,All people aged 16 to 74 in employment,271,231,64,167,40,8,32
S01006794,A B D E. Agriculture energy and water,25,24,1,23,1,0,1
S01006794,C. Manufacturing,16,14,2,12,2,0,2
S01006794,F. Construction,35,25,1,24,10,1,9
S01006794,G I. Distribution hotels and restaurants,48,45,12,33,3,1,2
S01006794,H J. Transport and communication,26,16,3,13,10,1,9
S01006794,K L M N. Financial real estate professional and administrative activities,28,22,3,19,6,2,4
S01006794,O P Q. Public administration education and health,81,75,39,36,6,3,3
S01006794,R S T U. Other,12,10,3,7,2,0,2
S01006795,All people aged 16 to 74 in employment,335,270,93,177,65,26,39
S01006795,A B D E. Agriculture energy and water,41,35,1,34,6,1,5
S01006795,C. Manufacturing,15,14,1,13,1,1,0
S01006795,F. Construction,23,18,1,17,5,0,5
S01006795,G I. Distribution hotels and restaurants,68,52,27,25,16,6,10
S01006795,H J. Transport and communication,16,14,3,11,2,1,1
S01006795,K L M N. Financial real estate professional and administrative activities,62,45,9,36,17,5,12
S01006795,O P Q. Public administration education and health,95,83,45,38,12,7,5
S01006795,R S T U. Other,15,9,6,3,6,5,1
S01006796,All people aged 16 to 74 in employment,280,230,66,164,50,16,34
S01006796,A B D E. Agriculture energy and water,38,28,1,27,10,0,10
S01006796,C. Manufacturing,19,17,1,16,2,1,1
S01006796,F. Construction,20,15,0,15,5,2,3
S01006796,G I. Distribution hotels and restaurants,46,39,17,22,7,3,4
S01006796,H J. Transport and communication,18,14,5,9,4,1,3
S01006796,K L M N. Financial real estate professional and administrative activities,47,32,6,26,15,8,7
S01006796,O P Q. Public administration education and health,77,72,32,40,5,1,4
S01006796,R S T U. Other,15,13,4,9,2,0,2
S01006797,All people aged 16 to 74 in employment,347,255,63,192,92,31,61
S01006797,A B D E. Agriculture energy and water,44,28,3,25,16,2,14
S01006797,C. Manufacturing,21,14,3,11,7,3,4
S01006797,F. Construction,37,24,1,23,13,2,11
S01006797,G I. Distribution hotels and restaurants,50,36,11,25,14,3,11
S01006797,H J. Transport and communication,21,9,2,7,12,8,4
S01006797,K L M N. Financial real estate professional and administrative activities,68,53,16,37,15,7,8
S01006797,O P Q. Public administration education and health,81,74,23,51,7,5,2
S01006797,R S T U. Other,25,17,4,13,8,1,7
S01006798,All people aged 16 to 74 in employment,354,263,82,181,91,21,70
S01006798,A B D E. Agriculture energy and water,51,29,4,25,22,2,20
S01006798,C. Manufacturing,18,14,2,12,4,2,2
S01006798,F. Construction,35,18,2,16,17,2,15
S01006798,G I. Distribution hotels and restaurants,64,49,25,24,15,3,12
S01006798,H J. Transport and communication,32,28,6,22,4,1,3
S01006798,K L M N. Financial real estate professional and administrative activities,50,36,5,31,14,5,9
S01006798,O P Q. Public administration education and health,87,78,36,42,9,4,5
S01006798,R S T U. Other,17,11,2,9,6,2,4
S01006799,All people aged 16 to 74 in employment,445,387,117,270,58,22,36
S01006799,A B D E. Agriculture energy and water,49,41,5,36,8,3,5
S01006799,C. Manufacturing,23,21,1,20,2,0,2
S01006799,F. Construction,50,34,1,33,16,2,14
S01006799,G I. Distribution hotels and restaurants,92,86,34,52,6,4,2
S01006799,H J. Transport and communication,29,22,2,20,7,2,5
S01006799,K L M N. Financial real estate professional and administrative activities,51,47,11,36,4,1,3
S01006799,O P Q. Public administration education and health,125,119,56,63,6,3,3
S01006799,R S T U. Other,26,17,7,10,9,7,2
S01006800,All people aged 16 to 74 in employment,434,355,112,243,79,23,56
S01006800,A B D E. Agriculture energy and water,56,44,3,41,12,2,10
S01006800,C. Manufacturing,31,29,0,29,2,0,2
S01006800,F. Construction,37,24,1,23,13,3,10
S01006800,G I. Distribution hotels and restaurants,77,68,40,28,9,2,7
S01006800,H J. Transport and communication,18,15,3,12,3,0,3
S01006800,K L M N. Financial real estate professional and administrative activities,99,75,17,58,24,6,18
S01006800,O P Q. Public administration education and health,86,81,39,42,5,1,4
S01006800,R S T U. Other,30,19,9,10,11,9,2
S01006801,All people aged 16 to 74 in employment,476,381,96,285,95,26,69
S01006801,A B D E. Agriculture energy and water,90,61,8,53,29,5,24
S01006801,C. Manufacturing,50,44,5,39,6,0,6
S01006801,F. Construction,32,20,0,20,12,1,11
S01006801,G I. Distribution hotels and restaurants,65,58,18,40,7,0,7
S01006801,H J. Transport and communication,32,28,9,19,4,1,3
S01006801,K L M N. Financial real estate professional and administrative activities,57,44,10,34,13,5,8
S01006801,O P Q. Public administration education and health,129,117,43,74,12,5,7
S01006801,R S T U. Other,21,9,3,6,12,9,3
S01006802,All people aged 16 to 74 in employment,350,277,80,197,73,18,55
S01006802,A B D E. Agriculture energy and water,54,38,5,33,16,2,14
S01006802,C. Manufacturing,38,31,3,28,7,1,6
S01006802,F. Construction,34,25,1,24,9,1,8
S01006802,G I. Distribution hotels and restaurants,60,49,21,28,11,2,9
S01006802,H J. Transport and communication,13,10,3,7,3,1,2
S01006802,K L M N. Financial real estate professional and administrative activities,62,47,11,36,15,6,9
S01006802,O P Q. Public administration education and health,77,70,33,37,7,3,4
S01006802,R S T U. Other,12,7,3,4,5,2,3
S01006803,All people aged 16 to 74 in employment,342,305,69,236,37,15,22
S01006803,A B D E. Agriculture energy and water,29,27,0,27,2,1,1
S01006803,C. Manufacturing,29,28,4,24,1,0,1
S01006803,F. Construction,36,27,0,27,9,1,8
S01006803,G I. Distribution hotels and restaurants,70,66,19,47,4,4,0
S01006803,H J. Transport and communication,29,25,3,22,4,1,3
S01006803,K L M N. Financial real estate professional and administrative activities,42,36,11,25,6,2,4
S01006803,O P Q. Public administration education and health,93,88,29,59,5,3,2
S01006803,R S T U. Other,14,8,3,5,6,3,3
S01006804,All people aged 16 to 74 in employment,408,366,77,289,42,13,29
S01006804,A B D E. Agriculture energy and water,51,49,4,45,2,2,0
S01006804,C. Manufacturing,39,38,5,33,1,0,1
S01006804,F. Construction,41,28,2,26,13,2,11
S01006804,G I. Distribution hotels and restaurants,58,53,16,37,5,0,5
S01006804,H J. Transport and communication,25,24,3,21,1,0,1
S01006804,K L M N. Financial real estate professional and administrative activities,64,54,10,44,10,5,5
S01006804,O P Q. Public administration education and health,119,115,36,79,4,1,3
S01006804,R S T U. Other,11,5,1,4,6,3,3
S01006805,All people aged 16 to 74 in employment,617,519,147,372,98,24,74
S01006805,A B D E. Agriculture energy and water,109,82,5,77,27,7,20
S01006805,C. Manufacturing,38,34,5,29,4,1,3
S01006805,F. Construction,53,43,3,40,10,1,9
S01006805,G I. Distribution hotels and restaurants,114,97,49,48,17,4,13
S01006805,H J. Transport and communication,39,34,5,29,5,1,4
S01006805,K L M N. Financial real estate professional and administrative activities,82,61,7,54,21,6,15
S01006805,O P Q. Public administration education and health,156,147,61,86,9,2,7
S01006805,R S T U. Other,26,21,12,9,5,2,3
S01006806,All people aged 16 to 74 in employment,580,463,96,367,117,25,92
S01006806,A B D E. Agriculture energy and water,89,64,4,60,25,4,21
S01006806,C. Manufacturing,60,52,3,49,8,1,7
S01006806,F. Construction,61,36,7,29,25,2,23
S01006806,G I. Distribution hotels and restaurants,80,62,18,44,18,3,15
S01006806,H J. Transport and communication,31,28,8,20,3,0,3
S01006806,K L M N. Financial real estate professional and administrative activities,93,75,14,61,18,9,9
S01006806,O P Q. Public administration education and health,141,129,38,91,12,3,9
S01006806,R S T U. Other,25,17,4,13,8,3,5
S01006807,All people aged 16 to 74 in employment,343,274,65,209,69,17,52
S01006807,A B D E. Agriculture energy and water,51,35,0,35,16,2,14
S01006807,C. Manufacturing,34,29,3,26,5,1,4
S01006807,F. Construction,22,16,4,12,6,1,5
S01006807,G I. Distribution hotels and restaurants,59,48,15,33,11,1,10
S01006807,H J. Transport and communication,18,16,2,14,2,0,2
S01006807,K L M N. Financial real estate professional and administrative activities,36,24,8,16,12,3,9
S01006807,O P Q. Public administration education and health,100,92,27,65,8,5,3
S01006807,R S T U. Other,23,14,6,8,9,4,5
S01006808,All people aged 16 to 74 in employment,326,260,80,180,66,10,56
S01006808,A B D E. Agriculture energy and water,40,29,1,28,11,0,11
S01006808,C. Manufacturing,33,30,3,27,3,2,1
S01006808,F. Construction,15,8,0,8,7,0,7
S01006808,G I. Distribution hotels and restaurants,48,42,17,25,6,0,6
S01006808,H J. Transport and communication,19,14,2,12,5,0,5
S01006808,K L M N. Financial real estate professional and administrative activities,63,41,9,32,22,6,16
S01006808,O P Q. Public administration education and health,92,88,43,45,4,1,3
S01006808,R S T U. Other,16,8,5,3,8,1,7
S01006809,All people aged 16 to 74 in employment,374,317,90,227,57,19,38
S01006809,A B D E. Agriculture energy and water,46,43,4,39,3,0,3
S01006809,C. Manufacturing,29,29,2,27,0,0,0
S01006809,F. Construction,38,29,1,28,9,3,6
S01006809,G I. Distribution hotels and restaurants,68,52,23,29,16,4,12
S01006809,H J. Transport and communication,39,34,6,28,5,1,4
S01006809,K L M N. Financial real estate professional and administrative activities,47,35,9,26,12,6,6
S01006809,O P Q. Public administration education and health,97,90,42,48,7,2,5
S01006809,R S T U. Other,10,5,3,2,5,3,2
S01006810,All people aged 16 to 74 in employment,441,340,89,251,101,32,69
S01006810,A B D E. Agriculture energy and water,69,43,0,43,26,9,17
S01006810,C. Manufacturing,30,30,2,28,0,0,0
S01006810,F. Construction,43,29,2,27,14,0,14
S01006810,G I. Distribution hotels and restaurants,74,56,24,32,18,8,10
S01006810,H J. Transport and communication,26,22,6,16,4,2,2
S01006810,K L M N. Financial real estate professional and administrative activities,59,38,7,31,21,3,18
S01006810,O P Q. Public administration education and health,125,115,46,69,10,6,4
S01006810,R S T U. Other,15,7,2,5,8,4,4
S01006811,All people aged 16 to 74 in employment,581,482,122,360,99,27,72
S01006811,A B D E. Agriculture energy and water,108,82,5,77,26,4,22
S01006811,C. Manufacturing,52,44,5,39,8,1,7
S01006811,F. Construction,35,25,3,22,10,2,8
S01006811,G I. Distribution hotels and restaurants,81,68,32,36,13,5,8
S01006811,H J. Transport and communication,45,40,5,35,5,1,4
S01006811,K L M N. Financial real estate professional and administrative activities,99,76,17,59,23,7,16
S01006811,O P Q. Public administration education and health,140,133,50,83,7,5,2
S01006811,R S T U. Other,21,14,5,9,7,2,5
S01006812,All people aged 16 to 74 in employment,441,367,82,285,74,16,58
S01006812,A B D E. Agriculture energy and water,69,46,4,42,23,4,19
S01006812,C. Manufacturing,38,37,3,34,1,0,1
S01006812,F. Construction,39,33,1,32,6,0,6
S01006812,G I. Distribution hotels and restaurants,66,60,26,34,6,0,6
S01006812,H J. Transport and communication,45,39,6,33,6,2,4
S01006812,K L M N. Financial real estate professional and administrative activities,56,43,6,37,13,4,9
S01006812,O P Q. Public administration education and health,114,99,32,67,15,5,10
S01006812,R S T U. Other,14,10,4,6,4,1,3
S01006813,All people aged 16 to 74 in employment,417,351,90,261,66,15,51
S01006813,A B D E. Agriculture energy and water,54,44,2,42,10,1,9
S01006813,C. Manufacturing,43,39,1,38,4,0,4
S01006813,F. Construction,53,40,2,38,13,3,10
S01006813,G I. Distribution hotels and restaurants,87,74,26,48,13,2,11
S01006813,H J. Transport and communication,31,25,7,18,6,0,6
S01006813,K L M N. Financial real estate professional and administrative activities,51,43,7,36,8,4,4
S01006813,O P Q. Public administration education and health,85,79,41,38,6,3,3
S01006813,R S T U. Other,13,7,4,3,6,2,4
S01006814,All people aged 16 to 74 in employment,417,374,102,272,43,11,32
S01006814,A B D E. Agriculture energy and water,58,51,4,47,7,2,5
S01006814,C. Manufacturing,35,29,5,24,6,1,5
S01006814,F. Construction,28,20,2,18,8,1,7
S01006814,G I. Distribution hotels and restaurants,77,70,31,39,7,2,5
S01006814,H J. Transport and communication,18,16,3,13,2,0,2
S01006814,K L M N. Financial real estate professional and administrative activities,76,70,7,63,6,1,5
S01006814,O P Q. Public administration education and health,111,109,48,61,2,1,1
S01006814,R S T U. Other,14,9,2,7,5,3,2
S01006815,All people aged 16 to 74 in employment,290,271,75,196,19,5,14
S01006815,A B D E. Agriculture energy and water,40,35,3,32,5,1,4
S01006815,C. Manufacturing,31,30,2,28,1,0,1
S01006815,F. Construction,31,23,1,22,8,2,6
S01006815,G I. Distribution hotels and restaurants,69,68,31,37,1,1,0
S01006815,H J. Transport and communication,17,17,4,13,0,0,0
S01006815,K L M N. Financial real estate professional and administrative activities,33,29,3,26,4,1,3
S01006815,O P Q. Public administration education and health,64,64,30,34,0,0,0
S01006815,R S T U. Other,5,5,1,4,0,0,0
S01006816,All people aged 16 to 74 in employment,372,325,90,235,47,7,40
S01006816,A B D E. Agriculture energy and water,45,41,2,39,4,0,4
S01006816,C. Manufacturing,33,31,2,29,2,0,2
S01006816,F. Construction,34,24,4,20,10,1,9
S01006816,G I. Distribution hotels and restaurants,65,52,27,25,13,1,12
S01006816,H J. Transport and communication,24,22,4,18,2,0,2
S01006816,K L M N. Financial real estate professional and administrative activities,46,40,5,35,6,2,4
S01006816,O P Q. Public administration education and health,109,102,40,62,7,2,5
S01006816,R S T U. Other,16,13,6,7,3,1,2
S01006817,All people aged 16 to 74 in employment,365,307,78,229,58,11,47
S01006817,A B D E. Agriculture energy and water,95,71,5,66,24,1,23
S01006817,C. Manufacturing,31,31,5,26,0,0,0
S01006817,F. Construction,26,22,3,19,4,0,4
S01006817,G I. Distribution hotels and restaurants,54,53,23,30,1,0,1
S01006817,H J. Transport and communication,21,13,2,11,8,0,8
S01006817,K L M N. Financial real estate professional and administrative activities,49,37,5,32,12,4,8
S01006817,O P Q. Public administration education and health,80,75,33,42,5,3,2
S01006817,R S T U. Other,9,5,2,3,4,3,1
S01006818,All people aged 16 to 74 in employment,414,341,80,261,73,10,63
S01006818,A B D E. Agriculture energy and water,77,55,5,50,22,1,21
S01006818,C. Manufacturing,51,46,7,39,5,0,5
S01006818,F. Construction,32,20,1,19,12,0,12
S01006818,G I. Distribution hotels and restaurants,64,52,23,29,12,3,9
S01006818,H J. Transport and communication,17,14,3,11,3,1,2
S01006818,K L M N. Financial real estate professional and administrative activities,61,49,10,39,12,2,10
S01006818,O P Q. Public administration education and health,103,100,29,71,3,1,2
S01006818,R S T U. Other,9,5,2,3,4,2,2
S01006819,All people aged 16 to 74 in employment,492,375,117,258,117,31,86
S01006819,A B D E. Agriculture energy and water,108,62,8,54,46,10,36
S01006819,C. Manufacturing,33,30,6,24,3,0,3
S01006819,F. Construction,23,13,0,13,10,2,8
S01006819,G I. Distribution hotels and restaurants,73,62,27,35,11,3,8
S01006819,H J. Transport and communication,36,31,5,26,5,1,4
S01006819,K L M N. Financial real estate professional and administrative activities,85,60,12,48,25,7,18
S01006819,O P Q. Public administration education and health,114,105,52,53,9,4,5
S01006819,R S T U. Other,20,12,7,5,8,4,4
S01006820,All people aged 16 to 74 in employment,257,234,53,181,23,5,18
S01006820,A B D E. Agriculture energy and water,36,33,0,33,3,0,3
S01006820,C. Manufacturing,9,9,0,9,0,0,0
S01006820,F. Construction,21,17,0,17,4,0,4
S01006820,G I. Distribution hotels and restaurants,44,39,14,25,5,0,5
S01006820,H J. Transport and communication,19,17,3,14,2,0,2
S01006820,K L M N. Financial real estate professional and administrative activities,41,37,9,28,4,1,3
S01006820,O P Q. Public administration education and health,75,74,23,51,1,0,1
S01006820,R S T U. Other,12,8,4,4,4,4,0
S01006821,All people aged 16 to 74 in employment,358,279,81,198,79,18,61
S01006821,A B D E. Agriculture energy and water,63,42,4,38,21,2,19
S01006821,C. Manufacturing,28,23,3,20,5,0,5
S01006821,F. Construction,23,17,1,16,6,1,5
S01006821,G I. Distribution hotels and restaurants,63,45,25,20,18,6,12
S01006821,H J. Transport and communication,22,20,4,16,2,2,0
S01006821,K L M N. Financial real estate professional and administrative activities,75,59,9,50,16,3,13
S01006821,O P Q. Public administration education and health,69,65,31,34,4,1,3
S01006821,R S T U. Other,15,8,4,4,7,3,4
S01006822,All people aged 16 to 74 in employment,451,339,111,228,112,20,92
S01006822,A B D E. Agriculture energy and water,72,38,3,35,34,4,30
S01006822,C. Manufacturing,31,25,1,24,6,1,5
S01006822,F. Construction,39,24,4,20,15,0,15
S01006822,G I. Distribution hotels and restaurants,70,59,34,25,11,2,9
S01006822,H J. Transport and communication,29,21,6,15,8,1,7
S01006822,K L M N. Financial real estate professional and administrative activities,71,54,17,37,17,5,12
S01006822,O P Q. Public administration education and health,115,105,40,65,10,4,6
S01006822,R S T U. Other,24,13,6,7,11,3,8
S01006823,All people aged 16 to 74 in employment,369,318,89,229,51,6,45
S01006823,A B D E. Agriculture energy and water,47,41,2,39,6,0,6
S01006823,C. Manufacturing,27,21,2,19,6,1,5
S01006823,F. Construction,20,18,1,17,2,0,2
S01006823,G I. Distribution hotels and restaurants,58,53,30,23,5,1,4
S01006823,H J. Transport and communication,24,21,2,19,3,0,3
S01006823,K L M N. Financial real estate professional and administrative activities,84,64,13,51,20,2,18
S01006823,O P Q. Public administration education and health,103,95,37,58,8,1,7
S01006823,R S T U. Other,6,5,2,3,1,1,0
S01006824,All people aged 16 to 74 in employment,414,386,106,280,28,9,19
S01006824,A B D E. Agriculture energy and water,29,28,1,27,1,1,0
S01006824,C. Manufacturing,29,28,0,28,1,0,1
S01006824,F. Construction,39,34,0,34,5,1,4
S01006824,G I. Distribution hotels and restaurants,109,100,43,57,9,3,6
S01006824,H J. Transport and communication,27,25,2,23,2,1,1
S01006824,K L M N. Financial real estate professional and administrative activities,59,53,16,37,6,1,5
S01006824,O P Q. Public administration education and health,104,102,38,64,2,1,1
S01006824,R S T U. Other,18,16,6,10,2,1,1
S01006825,All people aged 16 to 74 in employment,475,441,120,321,34,12,22
S01006825,A B D E. Agriculture energy and water,40,36,0,36,4,1,3
S01006825,C. Manufacturing,31,30,2,28,1,0,1
S01006825,F. Construction,34,30,2,28,4,0,4
S01006825,G I. Distribution hotels and restaurants,88,85,49,36,3,1,2
S01006825,H J. Transport and communication,44,41,6,35,3,2,1
S01006825,K L M N. Financial real estate professional and administrative activities,87,79,14,65,8,4,4
S01006825,O P Q. Public administration education and health,132,123,42,81,9,3,6
S01006825,R S T U. Other,19,17,5,12,2,1,1
S01006826,All people aged 16 to 74 in employment,492,427,139,288,65,18,47
S01006826,A B D E. Agriculture energy and water,63,57,4,53,6,0,6
S01006826,C. Manufacturing,49,45,7,38,4,0,4
S01006826,F. Construction,33,22,1,21,11,4,7
S01006826,G I. Distribution hotels and restaurants,87,77,41,36,10,2,8
S01006826,H J. Transport and communication,21,16,4,12,5,2,3
S01006826,K L M N. Financial real estate professional and administrative activities,89,68,19,49,21,7,14
S01006826,O P Q. Public administration education and health,128,125,54,71,3,2,1
S01006826,R S T U. Other,22,17,9,8,5,1,4
S01006827,All people aged 16 to 74 in employment,459,424,113,311,35,9,26
S01006827,A B D E. Agriculture energy and water,47,46,2,44,1,0,1
S01006827,C. Manufacturing,34,33,4,29,1,0,1
S01006827,F. Construction,32,27,0,27,5,0,5
S01006827,G I. Distribution hotels and restaurants,88,80,30,50,8,2,6
S01006827,H J. Transport and communication,31,30,2,28,1,0,1
S01006827,K L M N. Financial real estate professional and administrative activities,81,68,19,49,13,5,8
S01006827,O P Q. Public administration education and health,127,123,51,72,4,2,2
S01006827,R S T U. Other,19,17,5,12,2,0,2
S01006828,All people aged 16 to 74 in employment,504,446,95,351,58,14,44
S01006828,A B D E. Agriculture energy and water,65,59,2,57,6,1,5
S01006828,C. Manufacturing,44,38,1,37,6,2,4
S01006828,F. Construction,43,36,7,29,7,0,7
S01006828,G I. Distribution hotels and restaurants,114,95,36,59,19,3,16
S01006828,H J. Transport and communication,31,30,5,25,1,0,1
S01006828,K L M N. Financial real estate professional and administrative activities,54,47,3,44,7,1,6
S01006828,O P Q. Public administration education and health,137,130,35,95,7,2,5
S01006828,R S T U. Other,16,11,6,5,5,5,0
S01006829,All people aged 16 to 74 in employment,238,213,56,157,25,5,20
S01006829,A B D E. Agriculture energy and water,29,26,1,25,3,0,3
S01006829,C. Manufacturing,17,17,1,16,0,0,0
S01006829,F. Construction,10,6,0,6,4,2,2
S01006829,G I. Distribution hotels and restaurants,37,36,13,23,1,1,0
S01006829,H J. Transport and communication,16,12,0,12,4,0,4
S01006829,K L M N. Financial real estate professional and administrative activities,52,43,7,36,9,1,8
S01006829,O P Q. Public administration education and health,71,68,31,37,3,0,3
S01006829,R S T U. Other,6,5,3,2,1,1,0
S01006830,All people aged 16 to 74 in employment,403,352,116,236,51,9,42
S01006830,A B D E. Agriculture energy and water,41,38,3,35,3,0,3
S01006830,C. Manufacturing,24,22,2,20,2,0,2
S01006830,F. Construction,39,24,3,21,15,2,13
S01006830,G I. Distribution hotels and restaurants,112,105,56,49,7,3,4
S01006830,H J. Transport and communication,22,19,1,18,3,0,3
S01006830,K L M N. Financial real estate professional and administrative activities,57,46,11,35,11,2,9
S01006830,O P Q. Public administration education and health,99,90,36,54,9,2,7
S01006830,R S T U. Other,9,8,4,4,1,0,1
S01006831,All people aged 16 to 74 in employment,267,244,64,180,23,9,14
S01006831,A B D E. Agriculture energy and water,27,25,1,24,2,0,2
S01006831,C. Manufacturing,23,21,2,19,2,0,2
S01006831,F. Construction,15,12,0,12,3,0,3
S01006831,G I. Distribution hotels and restaurants,51,46,18,28,5,3,2
S01006831,H J. Transport and communication,14,14,1,13,0,0,0
S01006831,K L M N. Financial real estate professional and administrative activities,42,36,11,25,6,3,3
S01006831,O P Q. Public administration education and health,85,83,27,56,2,2,0
S01006831,R S T U. Other,10,7,4,3,3,1,2
S01006832,All people aged 16 to 74 in employment,526,459,136,323,67,19,48
S01006832,A B D E. Agriculture energy and water,65,60,6,54,5,1,4
S01006832,C. Manufacturing,36,33,1,32,3,1,2
S01006832,F. Construction,19,18,3,15,1,0,1
S01006832,G I. Distribution hotels and restaurants,98,83,47,36,15,4,11
S01006832,H J. Transport and communication,42,35,4,31,7,0,7
S01006832,K L M N. Financial real estate professional and administrative activities,103,84,17,67,19,2,17
S01006832,O P Q. Public administration education and health,144,134,52,82,10,8,2
S01006832,R S T U. Other,19,12,6,6,7,3,4
S01006833,All people aged 16 to 74 in employment,219,178,57,121,41,17,24
S01006833,A B D E. Agriculture energy and water,32,27,2,25,5,3,2
S01006833,C. Manufacturing,20,17,2,15,3,1,2
S01006833,F. Construction,11,4,1,3,7,1,6
S01006833,G I. Distribution hotels and restaurants,47,39,21,18,8,4,4
S01006833,H J. Transport and communication,10,8,1,7,2,1,1
S01006833,K L M N. Financial real estate professional and administrative activities,39,29,7,22,10,5,5
S01006833,O P Q. Public administration education and health,57,51,22,29,6,2,4
S01006833,R S T U. Other,3,3,1,2,0,0,0
S01006834,All people aged 16 to 74 in employment,305,277,86,191,28,2,26
S01006834,A B D E. Agriculture energy and water,32,29,2,27,3,0,3
S01006834,C. Manufacturing,14,12,2,10,2,0,2
S01006834,F. Construction,18,12,1,11,6,0,6
S01006834,G I. Distribution hotels and restaurants,64,57,32,25,7,1,6
S01006834,H J. Transport and communication,16,15,1,14,1,0,1
S01006834,K L M N. Financial real estate professional and administrative activities,63,55,11,44,8,0,8
S01006834,O P Q. Public administration education and health,91,90,36,54,1,1,0
S01006834,R S T U. Other,7,7,1,6,0,0,0
S01006835,All people aged 16 to 74 in employment,403,341,79,262,62,10,52
S01006835,A B D E. Agriculture energy and water,45,37,3,34,8,0,8
S01006835,C. Manufacturing,33,27,1,26,6,1,5
S01006835,F. Construction,28,22,2,20,6,1,5
S01006835,G I. Distribution hotels and restaurants,89,75,37,38,14,1,13
S01006835,H J. Transport and communication,22,19,3,16,3,0,3
S01006835,K L M N. Financial real estate professional and administrative activities,54,42,7,35,12,3,9
S01006835,O P Q. Public administration education and health,119,110,21,89,9,3,6
S01006835,R S T U. Other,13,9,5,4,4,1,3
S01006836,All people aged 16 to 74 in employment,295,257,69,188,38,14,24
S01006836,A B D E. Agriculture energy and water,39,33,1,32,6,2,4
S01006836,C. Manufacturing,17,13,1,12,4,0,4
S01006836,F. Construction,22,19,0,19,3,0,3
S01006836,G I. Distribution hotels and restaurants,48,43,23,20,5,2,3
S01006836,H J. Transport and communication,15,13,1,12,2,1,1
S01006836,K L M N. Financial real estate professional and administrative activities,74,65,14,51,9,3,6
S01006836,O P Q. Public administration education and health,73,68,29,39,5,4,1
S01006836,R S T U. Other,7,3,0,3,4,2,2
S01006837,All people aged 16 to 74 in employment,312,266,87,179,46,15,31
S01006837,A B D E. Agriculture energy and water,33,30,2,28,3,1,2
S01006837,C. Manufacturing,22,19,1,18,3,0,3
S01006837,F. Construction,25,16,1,15,9,1,8
S01006837,G I. Distribution hotels and restaurants,64,54,32,22,10,3,7
S01006837,H J. Transport and communication,22,19,2,17,3,0,3
S01006837,K L M N. Financial real estate professional and administrative activities,50,42,7,35,8,2,6
S01006837,O P Q. Public administration education and health,85,79,38,41,6,4,2
S01006837,R S T U. Other,11,7,4,3,4,4,0
S01006838,All people aged 16 to 74 in employment,370,331,94,237,39,5,34
S01006838,A B D E. Agriculture energy and water,45,41,5,36,4,0,4
S01006838,C. Manufacturing,23,16,2,14,7,1,6
S01006838,F. Construction,36,29,1,28,7,0,7
S01006838,G I. Distribution hotels and restaurants,68,64,29,35,4,0,4
S01006838,H J. Transport and communication,23,20,6,14,3,0,3
S01006838,K L M N. Financial real estate professional and administrative activities,67,59,18,41,8,1,7
S01006838,O P Q. Public administration education and health,92,90,29,61,2,0,2
S01006838,R S T U. Other,16,12,4,8,4,3,1
S01006839,All people aged 16 to 74 in employment,588,532,151,381,56,19,37
S01006839,A B D E. Agriculture energy and water,49,45,2,43,4,1,3
S01006839,C. Manufacturing,48,42,2,40,6,3,3
S01006839,F. Construction,49,43,4,39,6,0,6
S01006839,G I. Distribution hotels and restaurants,126,118,54,64,8,3,5
S01006839,H J. Transport and communication,39,31,10,21,8,1,7
S01006839,K L M N. Financial real estate professional and administrative activities,82,74,15,59,8,3,5
S01006839,O P Q. Public administration education and health,164,154,51,103,10,7,3
S01006839,R S T U. Other,31,25,13,12,6,1,5
S01006840,All people aged 16 to 74 in employment,559,502,168,334,57,12,45
S01006840,A B D E. Agriculture energy and water,65,58,6,52,7,1,6
S01006840,C. Manufacturing,48,42,6,36,6,1,5
S01006840,F. Construction,40,33,4,29,7,0,7
S01006840,G I. Distribution hotels and restaurants,97,91,49,42,6,1,5
S01006840,H J. Transport and communication,34,29,3,26,5,0,5
S01006840,K L M N. Financial real estate professional and administrative activities,97,83,12,71,14,2,12
S01006840,O P Q. Public administration education and health,151,143,76,67,8,4,4
S01006840,R S T U. Other,27,23,12,11,4,3,1
S01006841,All people aged 16 to 74 in employment,556,497,141,356,59,21,38
S01006841,A B D E. Agriculture energy and water,56,52,1,51,4,0,4
S01006841,C. Manufacturing,44,41,4,37,3,1,2
S01006841,F. Construction,27,21,2,19,6,1,5
S01006841,G I. Distribution hotels and restaurants,106,99,51,48,7,1,6
S01006841,H J. Transport and communication,48,37,6,31,11,4,7
S01006841,K L M N. Financial real estate professional and administrative activities,98,83,18,65,15,4,11
S01006841,O P Q. Public administration education and health,155,147,49,98,8,5,3
S01006841,R S T U. Other,22,17,10,7,5,5,0
S01006842,All people aged 16 to 74 in employment,497,452,134,318,45,8,37
S01006842,A B D E. Agriculture energy and water,57,55,3,52,2,1,1
S01006842,C. Manufacturing,40,38,0,38,2,1,1
S01006842,F. Construction,42,33,1,32,9,2,7
S01006842,G I. Distribution hotels and restaurants,115,112,57,55,3,0,3
S01006842,H J. Transport and communication,33,26,8,18,7,0,7
S01006842,K L M N. Financial real estate professional and administrative activities,86,75,19,56,11,0,11
S01006842,O P Q. Public administration education and health,104,97,40,57,7,2,5
S01006842,R S T U. Other,20,16,6,10,4,2,2
S01006843,All people aged 16 to 74 in employment,514,463,119,344,51,12,39
S01006843,A B D E. Agriculture energy and water,74,71,5,66,3,0,3
S01006843,C. Manufacturing,42,36,4,32,6,0,6
S01006843,F. Construction,40,34,2,32,6,1,5
S01006843,G I. Distribution hotels and restaurants,118,111,51,60,7,2,5
S01006843,H J. Transport and communication,35,28,3,25,7,2,5
S01006843,K L M N. Financial real estate professional and administrative activities,72,66,13,53,6,2,4
S01006843,O P Q. Public administration education and health,111,102,32,70,9,2,7
S01006843,R S T U. Other,22,15,9,6,7,3,4
S01006844,All people aged 16 to 74 in employment,454,412,94,318,42,5,37
S01006844,A B D E. Agriculture energy and water,33,32,1,31,1,0,1
S01006844,C. Manufacturing,37,36,2,34,1,0,1
S01006844,F. Construction,33,27,2,25,6,1,5
S01006844,G I. Distribution hotels and restaurants,109,103,41,62,6,2,4
S01006844,H J. Transport and communication,52,42,6,36,10,0,10
S01006844,K L M N. Financial real estate professional and administrative activities,70,57,8,49,13,1,12
S01006844,O P Q. Public administration education and health,105,104,32,72,1,0,1
S01006844,R S T U. Other,15,11,2,9,4,1,3
S01006845,All people aged 16 to 74 in employment,605,562,174,388,43,8,35
S01006845,A B D E. Agriculture energy and water,60,56,8,48,4,0,4
S01006845,C. Manufacturing,48,46,4,42,2,1,1
S01006845,F. Construction,40,29,5,24,11,0,11
S01006845,G I. Distribution hotels and restaurants,129,123,68,55,6,1,5
S01006845,H J. Transport and communication,43,39,2,37,4,1,3
S01006845,K L M N. Financial real estate professional and administrative activities,110,103,24,79,7,3,4
S01006845,O P Q. Public administration education and health,151,145,56,89,6,2,4
S01006845,R S T U. Other,24,21,7,14,3,0,3
S01006846,All people aged 16 to 74 in employment,345,317,85,232,28,8,20
S01006846,A B D E. Agriculture energy and water,32,30,3,27,2,0,2
S01006846,C. Manufacturing,34,34,1,33,0,0,0
S01006846,F. Construction,32,23,1,22,9,1,8
S01006846,G I. Distribution hotels and restaurants,97,96,48,48,1,0,1
S01006846,H J. Transport and communication,22,18,1,17,4,1,3
S01006846,K L M N. Financial real estate professional and administrative activities,38,35,5,30,3,2,1
S01006846,O P Q. Public administration education and health,76,71,22,49,5,1,4
S01006846,R S T U. Other,14,10,4,6,4,3,1
S01006847,All people aged 16 to 74 in employment,413,380,106,274,33,7,26
S01006847,A B D E. Agriculture energy and water,42,42,3,39,0,0,0
S01006847,C. Manufacturing,37,36,3,33,1,0,1
S01006847,F. Construction,38,31,3,28,7,0,7
S01006847,G I. Distribution hotels and restaurants,97,92,47,45,5,1,4
S01006847,H J. Transport and communication,24,18,4,14,6,0,6
S01006847,K L M N. Financial real estate professional and administrative activities,69,65,9,56,4,0,4
S01006847,O P Q. Public administration education and health,84,82,32,50,2,1,1
S01006847,R S T U. Other,22,14,5,9,8,5,3
S01006848,All people aged 16 to 74 in employment,486,393,99,294,93,26,67
S01006848,A B D E. Agriculture energy and water,77,72,6,66,5,1,4
S01006848,C. Manufacturing,32,26,4,22,6,2,4
S01006848,F. Construction,31,23,0,23,8,4,4
S01006848,G I. Distribution hotels and restaurants,84,74,27,47,10,3,7
S01006848,H J. Transport and communication,47,34,6,28,13,3,10
S01006848,K L M N. Financial real estate professional and administrative activities,109,79,17,62,30,7,23
S01006848,O P Q. Public administration education and health,89,73,33,40,16,3,13
S01006848,R S T U. Other,17,12,6,6,5,3,2
S01006849,All people aged 16 to 74 in employment,583,542,116,426,41,6,35
S01006849,A B D E. Agriculture energy and water,81,81,7,74,0,0,0
S01006849,C. Manufacturing,50,47,4,43,3,0,3
S01006849,F. Construction,48,40,1,39,8,0,8
S01006849,G I. Distribution hotels and restaurants,94,90,32,58,4,1,3
S01006849,H J. Transport and communication,55,48,8,40,7,1,6
S01006849,K L M N. Financial real estate professional and administrative activities,120,107,16,91,13,1,12
S01006849,O P Q. Public administration education and health,119,117,40,77,2,1,1
S01006849,R S T U. Other,16,12,8,4,4,2,2
S01006850,All people aged 16 to 74 in employment,602,561,149,412,41,10,31
S01006850,A B D E. Agriculture energy and water,46,42,0,42,4,1,3
S01006850,C. Manufacturing,40,40,5,35,0,0,0
S01006850,F. Construction,44,35,3,32,9,1,8
S01006850,G I. Distribution hotels and restaurants,183,172,75,97,11,4,7
S01006850,H J. Transport and communication,51,43,4,39,8,2,6
S01006850,K L M N. Financial real estate professional and administrative activities,78,71,12,59,7,0,7
S01006850,O P Q. Public administration education and health,146,145,43,102,1,1,0
S01006850,R S T U. Other,14,13,7,6,1,1,0
S01006851,All people aged 16 to 74 in employment,424,388,118,270,36,11,25
S01006851,A B D E. Agriculture energy and water,42,41,3,38,1,0,1
S01006851,C. Manufacturing,49,44,4,40,5,2,3
S01006851,F. Construction,39,32,2,30,7,0,7
S01006851,G I. Distribution hotels and restaurants,101,96,53,43,5,1,4
S01006851,H J. Transport and communication,25,24,2,22,1,1,0
S01006851,K L M N. Financial real estate professional and administrative activities,66,54,14,40,12,4,8
S01006851,O P Q. Public administration education and health,89,85,34,51,4,2,2
S01006851,R S T U. Other,13,12,6,6,1,1,0
S01006852,All people aged 16 to 74 in employment,339,284,79,205,55,15,40
S01006852,A B D E. Agriculture energy and water,43,33,4,29,10,0,10
S01006852,C. Manufacturing,34,31,5,26,3,1,2
S01006852,F. Construction,24,17,2,15,7,0,7
S01006852,G I. Distribution hotels and restaurants,68,62,27,35,6,1,5
S01006852,H J. Transport and communication,22,14,0,14,8,3,5
S01006852,K L M N. Financial real estate professional and administrative activities,62,50,10,40,12,5,7
S01006852,O P Q. Public administration education and health,75,70,28,42,5,4,1
S01006852,R S T U. Other,11,7,3,4,4,1,3
S01006853,All people aged 16 to 74 in employment,473,362,96,266,111,28,83
S01006853,A B D E. Agriculture energy and water,73,60,6,54,13,2,11
S01006853,C. Manufacturing,26,19,4,15,7,1,6
S01006853,F. Construction,32,15,1,14,17,2,15
S01006853,G I. Distribution hotels and restaurants,74,65,23,42,9,4,5
S01006853,H J. Transport and communication,31,26,5,21,5,1,4
S01006853,K L M N. Financial real estate professional and administrative activities,96,60,12,48,36,12,24
S01006853,O P Q. Public administration education and health,121,107,42,65,14,3,11
S01006853,R S T U. Other,20,10,3,7,10,3,7
S01006854,All people aged 16 to 74 in employment,434,369,107,262,65,16,49
S01006854,A B D E. Agriculture energy and water,50,43,3,40,7,0,7
S01006854,C. Manufacturing,31,26,3,23,5,1,4
S01006854,F. Construction,47,33,0,33,14,1,13
S01006854,G I. Distribution hotels and restaurants,85,77,40,37,8,1,7
S01006854,H J. Transport and communication,28,23,6,17,5,1,4
S01006854,K L M N. Financial real estate professional and administrative activities,71,57,7,50,14,5,9
S01006854,O P Q. Public administration education and health,106,99,43,56,7,6,1
S01006854,R S T U. Other,16,11,5,6,5,1,4
S01006855,All people aged 16 to 74 in employment,427,327,93,234,100,18,82
S01006855,A B D E. Agriculture energy and water,92,58,4,54,34,0,34
S01006855,C. Manufacturing,26,20,2,18,6,1,5
S01006855,F. Construction,42,27,4,23,15,2,13
S01006855,G I. Distribution hotels and restaurants,58,51,20,31,7,0,7
S01006855,H J. Transport and communication,21,16,1,15,5,3,2
S01006855,K L M N. Financial real estate professional and administrative activities,70,53,18,35,17,4,13
S01006855,O P Q. Public administration education and health,99,88,36,52,11,5,6
S01006855,R S T U. Other,19,14,8,6,5,3,2
S01006856,All people aged 16 to 74 in employment,373,300,79,221,73,14,59
S01006856,A B D E. Agriculture energy and water,57,48,7,41,9,1,8
S01006856,C. Manufacturing,29,24,4,20,5,0,5
S01006856,F. Construction,27,16,3,13,11,1,10
S01006856,G I. Distribution hotels and restaurants,59,48,14,34,11,1,10
S01006856,H J. Transport and communication,20,14,1,13,6,1,5
S01006856,K L M N. Financial real estate professional and administrative activities,71,55,9,46,16,3,13
S01006856,O P Q. Public administration education and health,96,84,38,46,12,5,7
S01006856,R S T U. Other,14,11,3,8,3,2,1
S01006857,All people aged 16 to 74 in employment,580,426,114,312,154,47,107
S01006857,A B D E. Agriculture energy and water,97,57,6,51,40,6,34
S01006857,C. Manufacturing,39,28,5,23,11,3,8
S01006857,F. Construction,51,30,3,27,21,3,18
S01006857,G I. Distribution hotels and restaurants,92,70,25,45,22,11,11
S01006857,H J. Transport and communication,27,20,5,15,7,2,5
S01006857,K L M N. Financial real estate professional and administrative activities,107,77,17,60,30,9,21
S01006857,O P Q. Public administration education and health,135,124,47,77,11,8,3
S01006857,R S T U. Other,32,20,6,14,12,5,7
S01006858,All people aged 16 to 74 in employment,354,251,68,183,103,21,82
S01006858,A B D E. Agriculture energy and water,55,29,6,23,26,2,24
S01006858,C. Manufacturing,33,25,2,23,8,3,5
S01006858,F. Construction,29,16,1,15,13,3,10
S01006858,G I. Distribution hotels and restaurants,38,31,15,16,7,0,7
S01006858,H J. Transport and communication,18,11,1,10,7,1,6
S01006858,K L M N. Financial real estate professional and administrative activities,79,55,13,42,24,4,20
S01006858,O P Q. Public administration education and health,89,77,27,50,12,6,6
S01006858,R S T U. Other,13,7,3,4,6,2,4
S01006859,All people aged 16 to 74 in employment,569,497,147,350,72,20,52
S01006859,A B D E. Agriculture energy and water,62,52,3,49,10,3,7
S01006859,C. Manufacturing,39,34,2,32,5,2,3
S01006859,F. Construction,49,42,3,39,7,0,7
S01006859,G I. Distribution hotels and restaurants,85,80,37,43,5,1,4
S01006859,H J. Transport and communication,27,24,1,23,3,1,2
S01006859,K L M N. Financial real estate professional and administrative activities,124,94,17,77,30,6,24
S01006859,O P Q. Public administration education and health,146,144,66,78,2,1,1
S01006859,R S T U. Other,37,27,18,9,10,6,4
S01006860,All people aged 16 to 74 in employment,291,264,77,187,27,9,18
S01006860,A B D E. Agriculture energy and water,22,21,3,18,1,0,1
S01006860,C. Manufacturing,8,7,1,6,1,0,1
S01006860,F. Construction,25,19,1,18,6,1,5
S01006860,G I. Distribution hotels and restaurants,85,81,31,50,4,1,3
S01006860,H J. Transport and communication,17,15,1,14,2,0,2
S01006860,K L M N. Financial real estate professional and administrative activities,35,27,6,21,8,3,5
S01006860,O P Q. Public administration education and health,84,81,30,51,3,3,0
S01006860,R S T U. Other,15,13,4,9,2,1,1
S01006861,All people aged 16 to 74 in employment,319,277,71,206,42,13,29
S01006861,A B D E. Agriculture energy and water,44,42,2,40,2,0,2
S01006861,C. Manufacturing,30,30,2,28,0,0,0
S01006861,F. Construction,23,15,2,13,8,2,6
S01006861,G I. Distribution hotels and restaurants,41,36,20,16,5,3,2
S01006861,H J. Transport and communication,22,17,2,15,5,2,3
S01006861,K L M N. Financial real estate professional and administrative activities,76,65,9,56,11,2,9
S01006861,O P Q. Public administration education and health,70,67,32,35,3,2,1
S01006861,R S T U. Other,13,5,2,3,8,2,6
S01006862,All people aged 16 to 74 in employment,365,312,106,206,53,16,37
S01006862,A B D E. Agriculture energy and water,34,31,0,31,3,1,2
S01006862,C. Manufacturing,15,13,0,13,2,1,1
S01006862,F. Construction,31,24,2,22,7,3,4
S01006862,G I. Distribution hotels and restaurants,79,67,33,34,12,1,11
S01006862,H J. Transport and communication,23,20,3,17,3,1,2
S01006862,K L M N. Financial real estate professional and administrative activities,66,53,10,43,13,4,9
S01006862,O P Q. Public administration education and health,94,85,47,38,9,4,5
S01006862,R S T U. Other,23,19,11,8,4,1,3
S01006863,All people aged 16 to 74 in employment,346,305,62,243,41,9,32
S01006863,A B D E. Agriculture energy and water,27,22,0,22,5,0,5
S01006863,C. Manufacturing,27,26,1,25,1,0,1
S01006863,F. Construction,54,44,2,42,10,0,10
S01006863,G I. Distribution hotels and restaurants,77,71,19,52,6,0,6
S01006863,H J. Transport and communication,20,15,1,14,5,2,3
S01006863,K L M N. Financial real estate professional and administrative activities,43,39,7,32,4,1,3
S01006863,O P Q. Public administration education and health,80,75,29,46,5,3,2
S01006863,R S T U. Other,18,13,3,10,5,3,2
S01006864,All people aged 16 to 74 in employment,230,210,50,160,20,3,17
S01006864,A B D E. Agriculture energy and water,27,27,2,25,0,0,0
S01006864,C. Manufacturing,16,14,2,12,2,0,2
S01006864,F. Construction,19,17,1,16,2,0,2
S01006864,G I. Distribution hotels and restaurants,44,43,21,22,1,0,1
S01006864,H J. Transport and communication,13,10,0,10,3,0,3
S01006864,K L M N. Financial real estate professional and administrative activities,38,32,3,29,6,0,6
S01006864,O P Q. Public administration education and health,56,55,18,37,1,0,1
S01006864,R S T U. Other,17,12,3,9,5,3,2
S01006865,All people aged 16 to 74 in employment,502,420,98,322,82,22,60
S01006865,A B D E. Agriculture energy and water,56,43,3,40,13,3,10
S01006865,C. Manufacturing,38,30,5,25,8,1,7
S01006865,F. Construction,37,23,1,22,14,1,13
S01006865,G I. Distribution hotels and restaurants,109,99,35,64,10,3,7
S01006865,H J. Transport and communication,23,19,1,18,4,0,4
S01006865,K L M N. Financial real estate professional and administrative activities,90,79,16,63,11,3,8
S01006865,O P Q. Public administration education and health,109,101,26,75,8,5,3
S01006865,R S T U. Other,40,26,11,15,14,6,8
S01006866,All people aged 16 to 74 in employment,255,222,88,134,33,16,17
S01006866,A B D E. Agriculture energy and water,26,26,2,24,0,0,0
S01006866,C. Manufacturing,10,7,0,7,3,2,1
S01006866,F. Construction,17,14,3,11,3,0,3
S01006866,G I. Distribution hotels and restaurants,47,45,24,21,2,1,1
S01006866,H J. Transport and communication,9,9,2,7,0,0,0
S01006866,K L M N. Financial real estate professional and administrative activities,49,38,11,27,11,3,8
S01006866,O P Q. Public administration education and health,75,68,38,30,7,5,2
S01006866,R S T U. Other,22,15,8,7,7,5,2
S01006867,All people aged 16 to 74 in employment,330,262,89,173,68,29,39
S01006867,A B D E. Agriculture energy and water,31,27,1,26,4,1,3
S01006867,C. Manufacturing,16,16,3,13,0,0,0
S01006867,F. Construction,27,18,1,17,9,2,7
S01006867,G I. Distribution hotels and restaurants,45,43,17,26,2,0,2
S01006867,H J. Transport and communication,16,14,5,9,2,1,1
S01006867,K L M N. Financial real estate professional and administrative activities,74,47,10,37,27,8,19
S01006867,O P Q. Public administration education and health,101,89,48,41,12,9,3
S01006867,R S T U. Other,20,8,4,4,12,8,4
S01006868,All people aged 16 to 74 in employment,443,391,114,277,52,13,39
S01006868,A B D E. Agriculture energy and water,40,36,1,35,4,2,2
S01006868,C. Manufacturing,24,20,1,19,4,1,3
S01006868,F. Construction,42,34,3,31,8,0,8
S01006868,G I. Distribution hotels and restaurants,97,94,48,46,3,0,3
S01006868,H J. Transport and communication,27,26,4,22,1,0,1
S01006868,K L M N. Financial real estate professional and administrative activities,76,58,9,49,18,4,14
S01006868,O P Q. Public administration education and health,117,107,43,64,10,4,6
S01006868,R S T U. Other,20,16,5,11,4,2,2
S01006869,All people aged 16 to 74 in employment,262,211,70,141,51,15,36
S01006869,A B D E. Agriculture energy and water,23,17,4,13,6,1,5
S01006869,C. Manufacturing,17,15,0,15,2,1,1
S01006869,F. Construction,29,18,3,15,11,2,9
S01006869,G I. Distribution hotels and restaurants,47,40,16,24,7,3,4
S01006869,H J. Transport and communication,26,15,7,8,11,3,8
S01006869,K L M N. Financial real estate professional and administrative activities,43,34,10,24,9,5,4
S01006869,O P Q. Public administration education and health,61,60,29,31,1,0,1
S01006869,R S T U. Other,16,12,1,11,4,0,4
S01006870,All people aged 16 to 74 in employment,243,192,78,114,51,16,35
S01006870,A B D E. Agriculture energy and water,26,19,1,18,7,0,7
S01006870,C. Manufacturing,17,16,3,13,1,0,1
S01006870,F. Construction,26,21,2,19,5,0,5
S01006870,G I. Distribution hotels and restaurants,56,45,28,17,11,3,8
S01006870,H J. Transport and communication,11,8,3,5,3,2,1
S01006870,K L M N. Financial real estate professional and administrative activities,36,27,8,19,9,5,4
S01006870,O P Q. Public administration education and health,63,51,29,22,12,4,8
S01006870,R S T U. Other,8,5,4,1,3,2,1
S01006871,All people aged 16 to 74 in employment,338,301,97,204,37,7,30
S01006871,A B D E. Agriculture energy and water,26,22,0,22,4,0,4
S01006871,C. Manufacturing,22,19,1,18,3,0,3
S01006871,F. Construction,44,34,4,30,10,1,9
S01006871,G I. Distribution hotels and restaurants,51,50,24,26,1,0,1
S01006871,H J. Transport and communication,18,16,2,14,2,0,2
S01006871,K L M N. Financial real estate professional and administrative activities,57,45,10,35,12,2,10
S01006871,O P Q. Public administration education and health,112,109,53,56,3,3,0
S01006871,R S T U. Other,8,6,3,3,2,1,1
S01006872,All people aged 16 to 74 in employment,373,287,86,201,86,28,58
S01006872,A B D E. Agriculture energy and water,58,47,5,42,11,3,8
S01006872,C. Manufacturing,22,16,1,15,6,2,4
S01006872,F. Construction,36,25,3,22,11,0,11
S01006872,G I. Distribution hotels and restaurants,47,39,19,20,8,1,7
S01006872,H J. Transport and communication,8,7,2,5,1,1,0
S01006872,K L M N. Financial real estate professional and administrative activities,80,50,14,36,30,10,20
S01006872,O P Q. Public administration education and health,97,82,33,49,15,8,7
S01006872,R S T U. Other,25,21,9,12,4,3,1
S01006873,All people aged 16 to 74 in employment,402,302,99,203,100,32,68
S01006873,A B D E. Agriculture energy and water,58,35,5,30,23,4,19
S01006873,C. Manufacturing,16,13,4,9,3,1,2
S01006873,F. Construction,38,23,4,19,15,2,13
S01006873,G I. Distribution hotels and restaurants,59,46,18,28,13,4,9
S01006873,H J. Transport and communication,29,23,4,19,6,2,4
S01006873,K L M N. Financial real estate professional and administrative activities,79,57,13,44,22,7,15
S01006873,O P Q. Public administration education and health,112,100,50,50,12,7,5
S01006873,R S T U. Other,11,5,1,4,6,5,1
S01006874,All people aged 16 to 74 in employment,336,263,75,188,73,18,55
S01006874,A B D E. Agriculture energy and water,54,29,4,25,25,3,22
S01006874,C. Manufacturing,27,20,3,17,7,2,5
S01006874,F. Construction,34,25,3,22,9,0,9
S01006874,G I. Distribution hotels and restaurants,41,39,23,16,2,0,2
S01006874,H J. Transport and communication,16,13,0,13,3,1,2
S01006874,K L M N. Financial real estate professional and administrative activities,69,53,7,46,16,7,9
S01006874,O P Q. Public administration education and health,82,77,33,44,5,0,5
S01006874,R S T U. Other,13,7,2,5,6,5,1
S01006875,All people aged 16 to 74 in employment,319,251,75,176,68,17,51
S01006875,A B D E. Agriculture energy and water,27,20,5,15,7,2,5
S01006875,C. Manufacturing,20,18,3,15,2,0,2
S01006875,F. Construction,45,26,2,24,19,2,17
S01006875,G I. Distribution hotels and restaurants,68,55,19,36,13,2,11
S01006875,H J. Transport and communication,18,17,4,13,1,0,1
S01006875,K L M N. Financial real estate professional and administrative activities,33,23,5,18,10,3,7
S01006875,O P Q. Public administration education and health,88,80,31,49,8,6,2
S01006875,R S T U. Other,20,12,6,6,8,2,6
S01006876,All people aged 16 to 74 in employment,538,421,127,294,117,23,94
S01006876,A B D E. Agriculture energy and water,88,51,6,45,37,3,34
S01006876,C. Manufacturing,32,28,1,27,4,0,4
S01006876,F. Construction,61,39,3,36,22,4,18
S01006876,G I. Distribution hotels and restaurants,95,85,45,40,10,1,9
S01006876,H J. Transport and communication,29,21,5,16,8,4,4
S01006876,K L M N. Financial real estate professional and administrative activities,76,55,15,40,21,3,18
S01006876,O P Q. Public administration education and health,132,125,44,81,7,5,2
S01006876,R S T U. Other,25,17,8,9,8,3,5
S01006877,All people aged 16 to 74 in employment,532,400,103,297,132,23,109
S01006877,A B D E. Agriculture energy and water,110,55,6,49,55,5,50
S01006877,C. Manufacturing,32,30,0,30,2,0,2
S01006877,F. Construction,46,28,2,26,18,1,17
S01006877,G I. Distribution hotels and restaurants,76,63,27,36,13,2,11
S01006877,H J. Transport and communication,25,21,1,20,4,0,4
S01006877,K L M N. Financial real estate professional and administrative activities,82,60,11,49,22,8,14
S01006877,O P Q. Public administration education and health,128,121,50,71,7,4,3
S01006877,R S T U. Other,33,22,6,16,11,3,8
S01006878,All people aged 16 to 74 in employment,380,250,67,183,130,25,105
S01006878,A B D E. Agriculture energy and water,76,23,2,21,53,2,51
S01006878,C. Manufacturing,20,17,1,16,3,0,3
S01006878,F. Construction,39,28,1,27,11,3,8
S01006878,G I. Distribution hotels and restaurants,64,44,15,29,20,8,12
S01006878,H J. Transport and communication,19,14,1,13,5,1,4
S01006878,K L M N. Financial real estate professional and administrative activities,52,29,5,24,23,6,17
S01006878,O P Q. Public administration education and health,92,84,35,49,8,3,5
S01006878,R S T U. Other,18,11,7,4,7,2,5
S01006879,All people aged 16 to 74 in employment,426,301,85,216,125,30,95
S01006879,A B D E. Agriculture energy and water,65,31,3,28,34,2,32
S01006879,C. Manufacturing,20,14,2,12,6,2,4
S01006879,F. Construction,50,35,6,29,15,3,12
S01006879,G I. Distribution hotels and restaurants,78,59,26,33,19,2,17
S01006879,H J. Transport and communication,13,11,2,9,2,1,1
S01006879,K L M N. Financial real estate professional and administrative activities,71,42,9,33,29,10,19
S01006879,O P Q. Public administration education and health,94,83,29,54,11,7,4
S01006879,R S T U. Other,35,26,8,18,9,3,6
S01006880,All people aged 16 to 74 in employment,353,297,85,212,56,17,39
S01006880,A B D E. Agriculture energy and water,52,43,1,42,9,1,8
S01006880,C. Manufacturing,28,26,4,22,2,1,1
S01006880,F. Construction,28,22,4,18,6,0,6
S01006880,G I. Distribution hotels and restaurants,42,33,17,16,9,1,8
S01006880,H J. Transport and communication,30,27,7,20,3,2,1
S01006880,K L M N. Financial real estate professional and administrative activities,69,50,11,39,19,6,13
S01006880,O P Q. Public administration education and health,89,85,38,47,4,4,0
S01006880,R S T U. Other,15,11,3,8,4,2,2
S01006881,All people aged 16 to 74 in employment,327,252,73,179,75,18,57
S01006881,A B D E. Agriculture energy and water,55,30,5,25,25,1,24
S01006881,C. Manufacturing,18,15,1,14,3,0,3
S01006881,F. Construction,32,18,0,18,14,2,12
S01006881,G I. Distribution hotels and restaurants,49,41,16,25,8,4,4
S01006881,H J. Transport and communication,24,22,3,19,2,0,2
S01006881,K L M N. Financial real estate professional and administrative activities,67,57,13,44,10,3,7
S01006881,O P Q. Public administration education and health,72,64,35,29,8,5,3
S01006881,R S T U. Other,10,5,0,5,5,3,2
S01006882,All people aged 16 to 74 in employment,179,164,48,116,15,4,11
S01006882,A B D E. Agriculture energy and water,12,12,1,11,0,0,0
S01006882,C. Manufacturing,8,8,2,6,0,0,0
S01006882,F. Construction,27,20,0,20,7,2,5
S01006882,G I. Distribution hotels and restaurants,32,30,14,16,2,0,2
S01006882,H J. Transport and communication,16,14,1,13,2,1,1
S01006882,K L M N. Financial real estate professional and administrative activities,20,19,4,15,1,0,1
S01006882,O P Q. Public administration education and health,59,56,26,30,3,1,2
S01006882,R S T U. Other,5,5,0,5,0,0,0
S01006883,All people aged 16 to 74 in employment,240,209,60,149,31,3,28
S01006883,A B D E. Agriculture energy and water,28,22,0,22,6,1,5
S01006883,C. Manufacturing,16,15,1,14,1,0,1
S01006883,F. Construction,19,12,0,12,7,0,7
S01006883,G I. Distribution hotels and restaurants,51,45,20,25,6,0,6
S01006883,H J. Transport and communication,13,13,3,10,0,0,0
S01006883,K L M N. Financial real estate professional and administrative activities,35,30,3,27,5,0,5
S01006883,O P Q. Public administration education and health,67,64,29,35,3,0,3
S01006883,R S T U. Other,11,8,4,4,3,2,1
S01006884,All people aged 16 to 74 in employment,458,404,125,279,54,13,41
S01006884,A B D E. Agriculture energy and water,44,37,2,35,7,1,6
S01006884,C. Manufacturing,25,21,2,19,4,0,4
S01006884,F. Construction,55,44,3,41,11,3,8
S01006884,G I. Distribution hotels and restaurants,75,72,29,43,3,1,2
S01006884,H J. Transport and communication,27,22,0,22,5,1,4
S01006884,K L M N. Financial real estate professional and administrative activities,74,58,19,39,16,7,9
S01006884,O P Q. Public administration education and health,136,129,58,71,7,0,7
S01006884,R S T U. Other,22,21,12,9,1,0,1
S01006885,All people aged 16 to 74 in employment,271,211,64,147,60,18,42
S01006885,A B D E. Agriculture energy and water,39,27,1,26,12,0,12
S01006885,C. Manufacturing,16,13,1,12,3,0,3
S01006885,F. Construction,21,15,0,15,6,1,5
S01006885,G I. Distribution hotels and restaurants,40,31,15,16,9,6,3
S01006885,H J. Transport and communication,19,14,2,12,5,2,3
S01006885,K L M N. Financial real estate professional and administrative activities,51,34,6,28,17,7,10
S01006885,O P Q. Public administration education and health,77,70,32,38,7,1,6
S01006885,R S T U. Other,8,7,7,0,1,1,0
S01006886,All people aged 16 to 74 in employment,406,321,91,230,85,24,61
S01006886,A B D E. Agriculture energy and water,39,27,2,25,12,2,10
S01006886,C. Manufacturing,25,21,2,19,4,1,3
S01006886,F. Construction,30,19,3,16,11,0,11
S01006886,G I. Distribution hotels and restaurants,77,63,25,38,14,1,13
S01006886,H J. Transport and communication,31,27,6,21,4,1,3
S01006886,K L M N. Financial real estate professional and administrative activities,77,61,18,43,16,7,9
S01006886,O P Q. Public administration education and health,109,94,33,61,15,10,5
S01006886,R S T U. Other,18,9,2,7,9,2,7
S01006887,All people aged 16 to 74 in employment,315,259,78,181,56,14,42
S01006887,A B D E. Agriculture energy and water,34,26,0,26,8,1,7
S01006887,C. Manufacturing,13,13,2,11,0,0,0
S01006887,F. Construction,41,33,3,30,8,1,7
S01006887,G I. Distribution hotels and restaurants,56,45,18,27,11,2,9
S01006887,H J. Transport and communication,22,19,3,16,3,0,3
S01006887,K L M N. Financial real estate professional and administrative activities,53,38,9,29,15,3,12
S01006887,O P Q. Public administration education and health,81,73,36,37,8,4,4
S01006887,R S T U. Other,15,12,7,5,3,3,0
S01006888,All people aged 16 to 74 in employment,437,335,97,238,102,24,78
S01006888,A B D E. Agriculture energy and water,67,34,3,31,33,3,30
S01006888,C. Manufacturing,34,23,5,18,11,1,10
S01006888,F. Construction,49,37,4,33,12,0,12
S01006888,G I. Distribution hotels and restaurants,53,39,14,25,14,6,8
S01006888,H J. Transport and communication,35,32,5,27,3,0,3
S01006888,K L M N. Financial real estate professional and administrative activities,66,49,11,38,17,7,10
S01006888,O P Q. Public administration education and health,124,117,52,65,7,4,3
S01006888,R S T U. Other,9,4,3,1,5,3,2
S01006889,All people aged 16 to 74 in employment,411,380,110,270,31,13,18
S01006889,A B D E. Agriculture energy and water,33,32,1,31,1,1,0
S01006889,C. Manufacturing,39,36,2,34,3,0,3
S01006889,F. Construction,46,42,1,41,4,1,3
S01006889,G I. Distribution hotels and restaurants,103,94,42,52,9,3,6
S01006889,H J. Transport and communication,43,40,8,32,3,0,3
S01006889,K L M N. Financial real estate professional and administrative activities,51,45,8,37,6,3,3
S01006889,O P Q. Public administration education and health,82,78,38,40,4,4,0
S01006889,R S T U. Other,14,13,10,3,1,1,0
S01006890,All people aged 16 to 74 in employment,359,318,92,226,41,8,33
S01006890,A B D E. Agriculture energy and water,45,39,2,37,6,1,5
S01006890,C. Manufacturing,32,30,1,29,2,0,2
S01006890,F. Construction,25,21,0,21,4,1,3
S01006890,G I. Distribution hotels and restaurants,64,55,25,30,9,0,9
S01006890,H J. Transport and communication,30,27,6,21,3,1,2
S01006890,K L M N. Financial real estate professional and administrative activities,65,56,17,39,9,2,7
S01006890,O P Q. Public administration education and health,92,86,40,46,6,3,3
S01006890,R S T U. Other,6,4,1,3,2,0,2
S01006891,All people aged 16 to 74 in employment,518,467,133,334,51,17,34
S01006891,A B D E. Agriculture energy and water,64,58,5,53,6,0,6
S01006891,C. Manufacturing,36,33,4,29,3,0,3
S01006891,F. Construction,44,42,5,37,2,1,1
S01006891,G I. Distribution hotels and restaurants,107,99,51,48,8,2,6
S01006891,H J. Transport and communication,42,39,4,35,3,0,3
S01006891,K L M N. Financial real estate professional and administrative activities,76,64,11,53,12,5,7
S01006891,O P Q. Public administration education and health,125,114,46,68,11,4,7
S01006891,R S T U. Other,24,18,7,11,6,5,1
S01006892,All people aged 16 to 74 in employment,329,304,76,228,25,8,17
S01006892,A B D E. Agriculture energy and water,28,25,0,25,3,2,1
S01006892,C. Manufacturing,23,22,0,22,1,0,1
S01006892,F. Construction,33,22,1,21,11,1,10
S01006892,G I. Distribution hotels and restaurants,76,76,29,47,0,0,0
S01006892,H J. Transport and communication,28,26,5,21,2,1,1
S01006892,K L M N. Financial real estate professional and administrative activities,48,44,10,34,4,1,3
S01006892,O P Q. Public administration education and health,87,83,29,54,4,3,1
S01006892,R S T U. Other,6,6,2,4,0,0,0
S01006893,All people aged 16 to 74 in employment,272,244,80,164,28,4,24
S01006893,A B D E. Agriculture energy and water,26,24,1,23,2,0,2
S01006893,C. Manufacturing,17,16,0,16,1,0,1
S01006893,F. Construction,26,20,1,19,6,0,6
S01006893,G I. Distribution hotels and restaurants,72,67,34,33,5,0,5
S01006893,H J. Transport and communication,19,19,3,16,0,0,0
S01006893,K L M N. Financial real estate professional and administrative activities,41,31,9,22,10,3,7
S01006893,O P Q. Public administration education and health,62,58,29,29,4,1,3
S01006893,R S T U. Other,9,9,3,6,0,0,0
S01006894,All people aged 16 to 74 in employment,477,437,122,315,40,11,29
S01006894,A B D E. Agriculture energy and water,44,43,3,40,1,0,1
S01006894,C. Manufacturing,42,37,1,36,5,3,2
S01006894,F. Construction,55,46,4,42,9,0,9
S01006894,G I. Distribution hotels and restaurants,107,101,48,53,6,0,6
S01006894,H J. Transport and communication,28,25,4,21,3,1,2
S01006894,K L M N. Financial real estate professional and administrative activities,68,61,11,50,7,1,6
S01006894,O P Q. Public administration education and health,116,112,46,66,4,3,1
S01006894,R S T U. Other,17,12,5,7,5,3,2
S01006895,All people aged 16 to 74 in employment,310,287,61,226,23,3,20
S01006895,A B D E. Agriculture energy and water,34,31,2,29,3,0,3
S01006895,C. Manufacturing,40,40,5,35,0,0,0
S01006895,F. Construction,29,25,1,24,4,0,4
S01006895,G I. Distribution hotels and restaurants,76,71,23,48,5,0,5
S01006895,H J. Transport and communication,28,28,2,26,0,0,0
S01006895,K L M N. Financial real estate professional and administrative activities,41,37,8,29,4,1,3
S01006895,O P Q. Public administration education and health,50,46,16,30,4,2,2
S01006895,R S T U. Other,12,9,4,5,3,0,3
S01006896,All people aged 16 to 74 in employment,447,417,113,304,30,9,21
S01006896,A B D E. Agriculture energy and water,34,33,4,29,1,0,1
S01006896,C. Manufacturing,42,42,3,39,0,0,0
S01006896,F. Construction,45,37,3,34,8,0,8
S01006896,G I. Distribution hotels and restaurants,101,97,38,59,4,0,4
S01006896,H J. Transport and communication,27,27,5,22,0,0,0
S01006896,K L M N. Financial real estate professional and administrative activities,65,57,6,51,8,4,4
S01006896,O P Q. Public administration education and health,114,108,44,64,6,3,3
S01006896,R S T U. Other,19,16,10,6,3,2,1
S01006897,All people aged 16 to 74 in employment,428,393,104,289,35,10,25
S01006897,A B D E. Agriculture energy and water,42,37,2,35,5,1,4
S01006897,C. Manufacturing,51,48,2,46,3,0,3
S01006897,F. Construction,64,57,4,53,7,3,4
S01006897,G I. Distribution hotels and restaurants,98,94,47,47,4,0,4
S01006897,H J. Transport and communication,22,22,1,21,0,0,0
S01006897,K L M N. Financial real estate professional and administrative activities,50,40,8,32,10,3,7
S01006897,O P Q. Public administration education and health,87,84,32,52,3,1,2
S01006897,R S T U. Other,14,11,8,3,3,2,1
S01006898,All people aged 16 to 74 in employment,430,396,106,290,34,12,22
S01006898,A B D E. Agriculture energy and water,34,31,1,30,3,0,3
S01006898,C. Manufacturing,37,37,2,35,0,0,0
S01006898,F. Construction,45,41,3,38,4,0,4
S01006898,G I. Distribution hotels and restaurants,93,87,49,38,6,3,3
S01006898,H J. Transport and communication,32,26,0,26,6,1,5
S01006898,K L M N. Financial real estate professional and administrative activities,70,65,6,59,5,2,3
S01006898,O P Q. Public administration education and health,96,94,35,59,2,2,0
S01006898,R S T U. Other,23,15,10,5,8,4,4
S01006899,All people aged 16 to 74 in employment,385,357,96,261,28,14,14
S01006899,A B D E. Agriculture energy and water,41,39,3,36,2,1,1
S01006899,C. Manufacturing,35,32,3,29,3,0,3
S01006899,F. Construction,28,23,0,23,5,0,5
S01006899,G I. Distribution hotels and restaurants,75,72,36,36,3,2,1
S01006899,H J. Transport and communication,35,33,4,29,2,1,1
S01006899,K L M N. Financial real estate professional and administrative activities,65,63,13,50,2,2,0
S01006899,O P Q. Public administration education and health,92,88,33,55,4,4,0
S01006899,R S T U. Other,14,7,4,3,7,4,3
S01006900,All people aged 16 to 74 in employment,373,353,91,262,20,3,17
S01006900,A B D E. Agriculture energy and water,33,32,3,29,1,0,1
S01006900,C. Manufacturing,47,46,3,43,1,0,1
S01006900,F. Construction,40,32,2,30,8,1,7
S01006900,G I. Distribution hotels and restaurants,78,75,36,39,3,0,3
S01006900,H J. Transport and communication,31,30,3,27,1,0,1
S01006900,K L M N. Financial real estate professional and administrative activities,50,47,10,37,3,1,2
S01006900,O P Q. Public administration education and health,80,79,28,51,1,0,1
S01006900,R S T U. Other,14,12,6,6,2,1,1
S01006901,All people aged 16 to 74 in employment,345,329,86,243,16,3,13
S01006901,A B D E. Agriculture energy and water,26,24,1,23,2,1,1
S01006901,C. Manufacturing,31,30,1,29,1,0,1
S01006901,F. Construction,53,46,1,45,7,0,7
S01006901,G I. Distribution hotels and restaurants,90,88,43,45,2,0,2
S01006901,H J. Transport and communication,24,24,2,22,0,0,0
S01006901,K L M N. Financial real estate professional and administrative activities,38,37,8,29,1,1,0
S01006901,O P Q. Public administration education and health,72,71,23,48,1,1,0
S01006901,R S T U. Other,11,9,7,2,2,0,2
S01006902,All people aged 16 to 74 in employment,371,344,105,239,27,7,20
S01006902,A B D E. Agriculture energy and water,34,34,2,32,0,0,0
S01006902,C. Manufacturing,46,46,2,44,0,0,0
S01006902,F. Construction,38,32,2,30,6,0,6
S01006902,G I. Distribution hotels and restaurants,82,79,40,39,3,1,2
S01006902,H J. Transport and communication,24,21,2,19,3,0,3
S01006902,K L M N. Financial real estate professional and administrative activities,50,43,8,35,7,2,5
S01006902,O P Q. Public administration education and health,82,79,43,36,3,1,2
S01006902,R S T U. Other,15,10,6,4,5,3,2
S01006903,All people aged 16 to 74 in employment,425,391,108,283,34,11,23
S01006903,A B D E. Agriculture energy and water,30,27,5,22,3,1,2
S01006903,C. Manufacturing,38,36,3,33,2,0,2
S01006903,F. Construction,44,39,2,37,5,0,5
S01006903,G I. Distribution hotels and restaurants,119,109,50,59,10,5,5
S01006903,H J. Transport and communication,25,21,3,18,4,0,4
S01006903,K L M N. Financial real estate professional and administrative activities,47,41,5,36,6,3,3
S01006903,O P Q. Public administration education and health,106,103,32,71,3,2,1
S01006903,R S T U. Other,16,15,8,7,1,0,1
S01006904,All people aged 16 to 74 in employment,361,328,90,238,33,7,26
S01006904,A B D E. Agriculture energy and water,21,19,1,18,2,1,1
S01006904,C. Manufacturing,31,30,2,28,1,0,1
S01006904,F. Construction,38,28,1,27,10,1,9
S01006904,G I. Distribution hotels and restaurants,98,91,37,54,7,1,6
S01006904,H J. Transport and communication,23,21,2,19,2,0,2
S01006904,K L M N. Financial real estate professional and administrative activities,51,48,10,38,3,2,1
S01006904,O P Q. Public administration education and health,87,80,31,49,7,2,5
S01006904,R S T U. Other,12,11,6,5,1,0,1
S01006905,All people aged 16 to 74 in employment,438,383,96,287,55,15,40
S01006905,A B D E. Agriculture energy and water,37,34,2,32,3,0,3
S01006905,C. Manufacturing,45,39,2,37,6,0,6
S01006905,F. Construction,46,41,2,39,5,2,3
S01006905,G I. Distribution hotels and restaurants,95,80,32,48,15,3,12
S01006905,H J. Transport and communication,41,36,13,23,5,0,5
S01006905,K L M N. Financial real estate professional and administrative activities,60,50,9,41,10,4,6
S01006905,O P Q. Public administration education and health,98,91,32,59,7,5,2
S01006905,R S T U. Other,16,12,4,8,4,1,3
S01006906,All people aged 16 to 74 in employment,385,351,104,247,34,10,24
S01006906,A B D E. Agriculture energy and water,23,23,1,22,0,0,0
S01006906,C. Manufacturing,40,35,1,34,5,1,4
S01006906,F. Construction,44,33,2,31,11,0,11
S01006906,G I. Distribution hotels and restaurants,95,90,42,48,5,2,3
S01006906,H J. Transport and communication,25,25,4,21,0,0,0
S01006906,K L M N. Financial real estate professional and administrative activities,53,49,14,35,4,1,3
S01006906,O P Q. Public administration education and health,93,89,37,52,4,3,1
S01006906,R S T U. Other,12,7,3,4,5,3,2
S01006907,All people aged 16 to 74 in employment,375,334,68,266,41,10,31
S01006907,A B D E. Agriculture energy and water,34,31,2,29,3,1,2
S01006907,C. Manufacturing,55,55,1,54,0,0,0
S01006907,F. Construction,39,31,3,28,8,0,8
S01006907,G I. Distribution hotels and restaurants,100,83,27,56,17,5,12
S01006907,H J. Transport and communication,18,17,2,15,1,0,1
S01006907,K L M N. Financial real estate professional and administrative activities,45,41,7,34,4,1,3
S01006907,O P Q. Public administration education and health,76,72,23,49,4,2,2
S01006907,R S T U. Other,8,4,3,1,4,1,3
S01006908,All people aged 16 to 74 in employment,446,415,99,316,31,3,28
S01006908,A B D E. Agriculture energy and water,28,27,4,23,1,1,0
S01006908,C. Manufacturing,48,48,4,44,0,0,0
S01006908,F. Construction,61,53,2,51,8,0,8
S01006908,G I. Distribution hotels and restaurants,86,82,35,47,4,0,4
S01006908,H J. Transport and communication,26,23,3,20,3,0,3
S01006908,K L M N. Financial real estate professional and administrative activities,56,51,7,44,5,1,4
S01006908,O P Q. Public administration education and health,112,107,35,72,5,0,5
S01006908,R S T U. Other,29,24,9,15,5,1,4
S01006909,All people aged 16 to 74 in employment,443,389,98,291,54,15,39
S01006909,A B D E. Agriculture energy and water,66,57,4,53,9,2,7
S01006909,C. Manufacturing,33,30,3,27,3,0,3
S01006909,F. Construction,45,37,2,35,8,1,7
S01006909,G I. Distribution hotels and restaurants,71,61,26,35,10,3,7
S01006909,H J. Transport and communication,24,24,5,19,0,0,0
S01006909,K L M N. Financial real estate professional and administrative activities,90,71,8,63,19,7,12
S01006909,O P Q. Public administration education and health,97,94,44,50,3,2,1
S01006909,R S T U. Other,17,15,6,9,2,0,2
S01006910,All people aged 16 to 74 in employment,526,429,109,320,97,26,71
S01006910,A B D E. Agriculture energy and water,63,51,4,47,12,1,11
S01006910,C. Manufacturing,37,35,3,32,2,0,2
S01006910,F. Construction,32,18,1,17,14,1,13
S01006910,G I. Distribution hotels and restaurants,70,57,25,32,13,3,10
S01006910,H J. Transport and communication,53,49,6,43,4,0,4
S01006910,K L M N. Financial real estate professional and administrative activities,104,74,12,62,30,8,22
S01006910,O P Q. Public administration education and health,145,132,52,80,13,8,5
S01006910,R S T U. Other,22,13,6,7,9,5,4
S01006911,All people aged 16 to 74 in employment,388,353,80,273,35,10,25
S01006911,A B D E. Agriculture energy and water,60,53,1,52,7,0,7
S01006911,C. Manufacturing,22,20,2,18,2,0,2
S01006911,F. Construction,28,24,1,23,4,0,4
S01006911,G I. Distribution hotels and restaurants,67,62,25,37,5,3,2
S01006911,H J. Transport and communication,30,27,4,23,3,0,3
S01006911,K L M N. Financial real estate professional and administrative activities,64,59,5,54,5,2,3
S01006911,O P Q. Public administration education and health,105,98,38,60,7,3,4
S01006911,R S T U. Other,12,10,4,6,2,2,0
S01006912,All people aged 16 to 74 in employment,273,214,51,163,59,9,50
S01006912,A B D E. Agriculture energy and water,49,28,3,25,21,2,19
S01006912,C. Manufacturing,22,18,0,18,4,0,4
S01006912,F. Construction,17,13,1,12,4,0,4
S01006912,G I. Distribution hotels and restaurants,60,54,15,39,6,0,6
S01006912,H J. Transport and communication,8,7,1,6,1,0,1
S01006912,K L M N. Financial real estate professional and administrative activities,39,26,5,21,13,3,10
S01006912,O P Q. Public administration education and health,65,61,21,40,4,2,2
S01006912,R S T U. Other,13,7,5,2,6,2,4
S01006913,All people aged 16 to 74 in employment,321,277,73,204,44,9,35
S01006913,A B D E. Agriculture energy and water,49,39,6,33,10,1,9
S01006913,C. Manufacturing,22,18,1,17,4,1,3
S01006913,F. Construction,33,29,1,28,4,0,4
S01006913,G I. Distribution hotels and restaurants,53,48,20,28,5,2,3
S01006913,H J. Transport and communication,33,30,5,25,3,0,3
S01006913,K L M N. Financial real estate professional and administrative activities,58,46,8,38,12,3,9
S01006913,O P Q. Public administration education and health,61,60,28,32,1,0,1
S01006913,R S T U. Other,12,7,4,3,5,2,3
S01006914,All people aged 16 to 74 in employment,452,369,119,250,83,21,62
S01006914,A B D E. Agriculture energy and water,78,60,9,51,18,2,16
S01006914,C. Manufacturing,35,28,5,23,7,1,6
S01006914,F. Construction,36,22,7,15,14,1,13
S01006914,G I. Distribution hotels and restaurants,67,63,29,34,4,1,3
S01006914,H J. Transport and communication,29,25,2,23,4,0,4
S01006914,K L M N. Financial real estate professional and administrative activities,71,54,17,37,17,3,14
S01006914,O P Q. Public administration education and health,111,102,43,59,9,6,3
S01006914,R S T U. Other,25,15,7,8,10,7,3
S01006915,All people aged 16 to 74 in employment,474,394,106,288,80,20,60
S01006915,A B D E. Agriculture energy and water,65,48,2,46,17,2,15
S01006915,C. Manufacturing,33,30,2,28,3,0,3
S01006915,F. Construction,35,23,1,22,12,1,11
S01006915,G I. Distribution hotels and restaurants,79,70,34,36,9,2,7
S01006915,H J. Transport and communication,35,28,0,28,7,1,6
S01006915,K L M N. Financial real estate professional and administrative activities,88,70,16,54,18,4,14
S01006915,O P Q. Public administration education and health,120,111,46,65,9,5,4
S01006915,R S T U. Other,19,14,5,9,5,5,0
S01006916,All people aged 16 to 74 in employment,297,272,74,198,25,5,20
S01006916,A B D E. Agriculture energy and water,35,34,1,33,1,0,1
S01006916,C. Manufacturing,31,30,2,28,1,0,1
S01006916,F. Construction,27,23,2,21,4,0,4
S01006916,G I. Distribution hotels and restaurants,55,51,21,30,4,1,3
S01006916,H J. Transport and communication,23,22,5,17,1,0,1
S01006916,K L M N. Financial real estate professional and administrative activities,44,33,7,26,11,2,9
S01006916,O P Q. Public administration education and health,79,76,34,42,3,2,1
S01006916,R S T U. Other,3,3,2,1,0,0,0
S01006917,All people aged 16 to 74 in employment,552,487,133,354,65,17,48
S01006917,A B D E. Agriculture energy and water,84,77,11,66,7,0,7
S01006917,C. Manufacturing,58,53,3,50,5,2,3
S01006917,F. Construction,46,35,3,32,11,1,10
S01006917,G I. Distribution hotels and restaurants,79,65,27,38,14,5,9
S01006917,H J. Transport and communication,36,34,6,28,2,0,2
S01006917,K L M N. Financial real estate professional and administrative activities,113,95,25,70,18,4,14
S01006917,O P Q. Public administration education and health,123,119,53,66,4,3,1
S01006917,R S T U. Other,13,9,5,4,4,2,2
S01006918,All people aged 16 to 74 in employment,259,230,65,165,29,9,20
S01006918,A B D E. Agriculture energy and water,33,29,3,26,4,0,4
S01006918,C. Manufacturing,26,25,4,21,1,0,1
S01006918,F. Construction,22,17,0,17,5,1,4
S01006918,G I. Distribution hotels and restaurants,33,26,13,13,7,3,4
S01006918,H J. Transport and communication,14,13,1,12,1,1,0
S01006918,K L M N. Financial real estate professional and administrative activities,50,44,12,32,6,1,5
S01006918,O P Q. Public administration education and health,67,66,31,35,1,1,0
S01006918,R S T U. Other,14,10,1,9,4,2,2
S01006919,All people aged 16 to 74 in employment,259,228,67,161,31,10,21
S01006919,A B D E. Agriculture energy and water,21,18,0,18,3,1,2
S01006919,C. Manufacturing,16,16,2,14,0,0,0
S01006919,F. Construction,30,23,0,23,7,0,7
S01006919,G I. Distribution hotels and restaurants,42,38,19,19,4,2,2
S01006919,H J. Transport and communication,13,11,0,11,2,1,1
S01006919,K L M N. Financial real estate professional and administrative activities,44,39,7,32,5,1,4
S01006919,O P Q. Public administration education and health,79,73,35,38,6,3,3
S01006919,R S T U. Other,14,10,4,6,4,2,2
S01006920,All people aged 16 to 74 in employment,263,237,56,181,26,6,20
S01006920,A B D E. Agriculture energy and water,30,29,4,25,1,1,0
S01006920,C. Manufacturing,25,25,1,24,0,0,0
S01006920,F. Construction,23,16,2,14,7,1,6
S01006920,G I. Distribution hotels and restaurants,53,49,15,34,4,0,4
S01006920,H J. Transport and communication,26,25,4,21,1,0,1
S01006920,K L M N. Financial real estate professional and administrative activities,31,26,6,20,5,2,3
S01006920,O P Q. Public administration education and health,65,59,20,39,6,2,4
S01006920,R S T U. Other,10,8,4,4,2,0,2
S01006921,All people aged 16 to 74 in employment,466,430,128,302,36,11,25
S01006921,A B D E. Agriculture energy and water,63,61,2,59,2,0,2
S01006921,C. Manufacturing,38,37,4,33,1,0,1
S01006921,F. Construction,30,27,5,22,3,0,3
S01006921,G I. Distribution hotels and restaurants,82,74,34,40,8,2,6
S01006921,H J. Transport and communication,32,29,4,25,3,1,2
S01006921,K L M N. Financial real estate professional and administrative activities,87,74,20,54,13,5,8
S01006921,O P Q. Public administration education and health,125,120,55,65,5,2,3
S01006921,R S T U. Other,9,8,4,4,1,1,0
S01006922,All people aged 16 to 74 in employment,269,224,69,155,45,9,36
S01006922,A B D E. Agriculture energy and water,42,35,5,30,7,2,5
S01006922,C. Manufacturing,24,19,2,17,5,0,5
S01006922,F. Construction,28,21,2,19,7,0,7
S01006922,G I. Distribution hotels and restaurants,55,45,20,25,10,0,10
S01006922,H J. Transport and communication,21,17,4,13,4,2,2
S01006922,K L M N. Financial real estate professional and administrative activities,43,36,8,28,7,3,4
S01006922,O P Q. Public administration education and health,50,47,25,22,3,1,2
S01006922,R S T U. Other,6,4,3,1,2,1,1
S01006923,All people aged 16 to 74 in employment,395,323,95,228,72,22,50
S01006923,A B D E. Agriculture energy and water,46,36,3,33,10,5,5
S01006923,C. Manufacturing,34,26,2,24,8,2,6
S01006923,F. Construction,41,25,4,21,16,2,14
S01006923,G I. Distribution hotels and restaurants,69,61,31,30,8,3,5
S01006923,H J. Transport and communication,35,32,4,28,3,1,2
S01006923,K L M N. Financial real estate professional and administrative activities,73,57,14,43,16,4,12
S01006923,O P Q. Public administration education and health,92,81,35,46,11,5,6
S01006923,R S T U. Other,5,5,2,3,0,0,0
S01006924,All people aged 16 to 74 in employment,338,257,59,198,81,24,57
S01006924,A B D E. Agriculture energy and water,76,47,8,39,29,6,23
S01006924,C. Manufacturing,21,21,0,21,0,0,0
S01006924,F. Construction,20,12,1,11,8,1,7
S01006924,G I. Distribution hotels and restaurants,48,39,12,27,9,2,7
S01006924,H J. Transport and communication,30,23,0,23,7,2,5
S01006924,K L M N. Financial real estate professional and administrative activities,50,38,10,28,12,3,9
S01006924,O P Q. Public administration education and health,77,70,24,46,7,4,3
S01006924,R S T U. Other,16,7,4,3,9,6,3
S01006925,All people aged 16 to 74 in employment,276,253,75,178,23,3,20
S01006925,A B D E. Agriculture energy and water,25,23,3,20,2,0,2
S01006925,C. Manufacturing,29,29,6,23,0,0,0
S01006925,F. Construction,26,23,3,20,3,0,3
S01006925,G I. Distribution hotels and restaurants,49,43,22,21,6,1,5
S01006925,H J. Transport and communication,17,13,1,12,4,1,3
S01006925,K L M N. Financial real estate professional and administrative activities,53,50,10,40,3,0,3
S01006925,O P Q. Public administration education and health,71,68,27,41,3,1,2
S01006925,R S T U. Other,6,4,3,1,2,0,2
S01006926,All people aged 16 to 74 in employment,426,386,109,277,40,6,34
S01006926,A B D E. Agriculture energy and water,58,56,8,48,2,0,2
S01006926,C. Manufacturing,44,43,6,37,1,0,1
S01006926,F. Construction,25,17,3,14,8,1,7
S01006926,G I. Distribution hotels and restaurants,74,68,25,43,6,1,5
S01006926,H J. Transport and communication,34,28,6,22,6,2,4
S01006926,K L M N. Financial real estate professional and administrative activities,86,73,12,61,13,2,11
S01006926,O P Q. Public administration education and health,98,96,46,50,2,0,2
S01006926,R S T U. Other,7,5,3,2,2,0,2
S01006927,All people aged 16 to 74 in employment,614,563,95,468,51,14,37
S01006927,A B D E. Agriculture energy and water,92,86,0,86,6,2,4
S01006927,C. Manufacturing,64,58,3,55,6,1,5
S01006927,F. Construction,31,25,1,24,6,1,5
S01006927,G I. Distribution hotels and restaurants,80,74,20,54,6,1,5
S01006927,H J. Transport and communication,53,48,7,41,5,2,3
S01006927,K L M N. Financial real estate professional and administrative activities,142,130,24,106,12,1,11
S01006927,O P Q. Public administration education and health,131,127,33,94,4,2,2
S01006927,R S T U. Other,21,15,7,8,6,4,2
S01006928,All people aged 16 to 74 in employment,623,553,147,406,70,18,52
S01006928,A B D E. Agriculture energy and water,74,64,4,60,10,0,10
S01006928,C. Manufacturing,67,62,4,58,5,0,5
S01006928,F. Construction,45,34,2,32,11,2,9
S01006928,G I. Distribution hotels and restaurants,104,99,33,66,5,0,5
S01006928,H J. Transport and communication,56,43,8,35,13,3,10
S01006928,K L M N. Financial real estate professional and administrative activities,107,96,22,74,11,3,8
S01006928,O P Q. Public administration education and health,152,142,65,77,10,8,2
S01006928,R S T U. Other,18,13,9,4,5,2,3
S01006929,All people aged 16 to 74 in employment,467,410,122,288,57,17,40
S01006929,A B D E. Agriculture energy and water,83,72,5,67,11,1,10
S01006929,C. Manufacturing,22,21,1,20,1,0,1
S01006929,F. Construction,20,18,4,14,2,0,2
S01006929,G I. Distribution hotels and restaurants,79,73,44,29,6,1,5
S01006929,H J. Transport and communication,26,22,3,19,4,2,2
S01006929,K L M N. Financial real estate professional and administrative activities,102,81,15,66,21,7,14
S01006929,O P Q. Public administration education and health,119,109,46,63,10,4,6
S01006929,R S T U. Other,16,14,4,10,2,2,0
S01006930,All people aged 16 to 74 in employment,529,462,134,328,67,15,52
S01006930,A B D E. Agriculture energy and water,58,51,1,50,7,1,6
S01006930,C. Manufacturing,44,38,2,36,6,1,5
S01006930,F. Construction,20,16,1,15,4,0,4
S01006930,G I. Distribution hotels and restaurants,101,95,49,46,6,0,6
S01006930,H J. Transport and communication,32,25,2,23,7,1,6
S01006930,K L M N. Financial real estate professional and administrative activities,118,93,18,75,25,5,20
S01006930,O P Q. Public administration education and health,141,131,53,78,10,5,5
S01006930,R S T U. Other,15,13,8,5,2,2,0
S01006931,All people aged 16 to 74 in employment,219,176,48,128,43,12,31
S01006931,A B D E. Agriculture energy and water,30,20,0,20,10,1,9
S01006931,C. Manufacturing,12,10,0,10,2,0,2
S01006931,F. Construction,18,12,0,12,6,2,4
S01006931,G I. Distribution hotels and restaurants,42,34,14,20,8,2,6
S01006931,H J. Transport and communication,14,13,1,12,1,0,1
S01006931,K L M N. Financial real estate professional and administrative activities,36,25,5,20,11,3,8
S01006931,O P Q. Public administration education and health,55,52,22,30,3,3,0
S01006931,R S T U. Other,12,10,6,4,2,1,1
S01006932,All people aged 16 to 74 in employment,339,297,89,208,42,13,29
S01006932,A B D E. Agriculture energy and water,52,46,6,40,6,0,6
S01006932,C. Manufacturing,21,18,2,16,3,0,3
S01006932,F. Construction,11,7,0,7,4,1,3
S01006932,G I. Distribution hotels and restaurants,62,57,33,24,5,1,4
S01006932,H J. Transport and communication,37,28,3,25,9,3,6
S01006932,K L M N. Financial real estate professional and administrative activities,69,61,7,54,8,2,6
S01006932,O P Q. Public administration education and health,79,73,37,36,6,5,1
S01006932,R S T U. Other,8,7,1,6,1,1,0
S01006933,All people aged 16 to 74 in employment,388,360,108,252,28,13,15
S01006933,A B D E. Agriculture energy and water,23,22,0,22,1,0,1
S01006933,C. Manufacturing,28,26,1,25,2,1,1
S01006933,F. Construction,30,24,1,23,6,2,4
S01006933,G I. Distribution hotels and restaurants,72,72,44,28,0,0,0
S01006933,H J. Transport and communication,23,21,5,16,2,0,2
S01006933,K L M N. Financial real estate professional and administrative activities,76,68,9,59,8,2,6
S01006933,O P Q. Public administration education and health,120,114,38,76,6,5,1
S01006933,R S T U. Other,16,13,10,3,3,3,0
S01006934,All people aged 16 to 74 in employment,313,251,56,195,62,9,53
S01006934,A B D E. Agriculture energy and water,57,39,1,38,18,0,18
S01006934,C. Manufacturing,23,19,2,17,4,0,4
S01006934,F. Construction,22,17,1,16,5,1,4
S01006934,G I. Distribution hotels and restaurants,39,30,12,18,9,1,8
S01006934,H J. Transport and communication,25,22,4,18,3,0,3
S01006934,K L M N. Financial real estate professional and administrative activities,52,38,3,35,14,1,13
S01006934,O P Q. Public administration education and health,86,78,32,46,8,6,2
S01006934,R S T U. Other,9,8,1,7,1,0,1
S01006935,All people aged 16 to 74 in employment,392,351,98,253,41,12,29
S01006935,A B D E. Agriculture energy and water,39,36,0,36,3,0,3
S01006935,C. Manufacturing,25,23,3,20,2,1,1
S01006935,F. Construction,32,28,5,23,4,0,4
S01006935,G I. Distribution hotels and restaurants,80,71,34,37,9,2,7
S01006935,H J. Transport and communication,19,15,1,14,4,1,3
S01006935,K L M N. Financial real estate professional and administrative activities,69,58,9,49,11,1,10
S01006935,O P Q. Public administration education and health,120,116,45,71,4,3,1
S01006935,R S T U. Other,8,4,1,3,4,4,0
S01006936,All people aged 16 to 74 in employment,339,310,90,220,29,7,22
S01006936,A B D E. Agriculture energy and water,31,30,2,28,1,1,0
S01006936,C. Manufacturing,20,18,2,16,2,0,2
S01006936,F. Construction,12,8,0,8,4,0,4
S01006936,G I. Distribution hotels and restaurants,63,61,23,38,2,0,2
S01006936,H J. Transport and communication,32,25,3,22,7,0,7
S01006936,K L M N. Financial real estate professional and administrative activities,53,47,13,34,6,1,5
S01006936,O P Q. Public administration education and health,110,108,41,67,2,2,0
S01006936,R S T U. Other,18,13,6,7,5,3,2
S01006937,All people aged 16 to 74 in employment,441,399,100,299,42,8,34
S01006937,A B D E. Agriculture energy and water,50,49,1,48,1,0,1
S01006937,C. Manufacturing,31,28,0,28,3,1,2
S01006937,F. Construction,34,26,1,25,8,1,7
S01006937,G I. Distribution hotels and restaurants,86,85,34,51,1,0,1
S01006937,H J. Transport and communication,24,20,2,18,4,0,4
S01006937,K L M N. Financial real estate professional and administrative activities,78,64,12,52,14,1,13
S01006937,O P Q. Public administration education and health,124,115,44,71,9,4,5
S01006937,R S T U. Other,14,12,6,6,2,1,1
S01006938,All people aged 16 to 74 in employment,300,274,83,191,26,9,17
S01006938,A B D E. Agriculture energy and water,29,28,2,26,1,0,1
S01006938,C. Manufacturing,22,18,2,16,4,2,2
S01006938,F. Construction,24,17,3,14,7,0,7
S01006938,G I. Distribution hotels and restaurants,48,46,24,22,2,1,1
S01006938,H J. Transport and communication,18,16,0,16,2,0,2
S01006938,K L M N. Financial real estate professional and administrative activities,52,48,8,40,4,2,2
S01006938,O P Q. Public administration education and health,94,90,40,50,4,3,1
S01006938,R S T U. Other,13,11,4,7,2,1,1
S01006939,All people aged 16 to 74 in employment,365,335,97,238,30,10,20
S01006939,A B D E. Agriculture energy and water,26,25,2,23,1,0,1
S01006939,C. Manufacturing,25,23,1,22,2,0,2
S01006939,F. Construction,27,25,2,23,2,0,2
S01006939,G I. Distribution hotels and restaurants,66,62,27,35,4,2,2
S01006939,H J. Transport and communication,35,31,3,28,4,1,3
S01006939,K L M N. Financial real estate professional and administrative activities,70,61,10,51,9,2,7
S01006939,O P Q. Public administration education and health,105,99,46,53,6,4,2
S01006939,R S T U. Other,11,9,6,3,2,1,1
S01006940,All people aged 16 to 74 in employment,551,492,143,349,59,12,47
S01006940,A B D E. Agriculture energy and water,58,50,2,48,8,0,8
S01006940,C. Manufacturing,35,32,4,28,3,1,2
S01006940,F. Construction,37,27,3,24,10,0,10
S01006940,G I. Distribution hotels and restaurants,107,98,50,48,9,2,7
S01006940,H J. Transport and communication,38,34,9,25,4,1,3
S01006940,K L M N. Financial real estate professional and administrative activities,119,104,18,86,15,1,14
S01006940,O P Q. Public administration education and health,139,135,52,83,4,2,2
S01006940,R S T U. Other,18,12,5,7,6,5,1
S01006941,All people aged 16 to 74 in employment,336,304,81,223,32,9,23
S01006941,A B D E. Agriculture energy and water,41,37,1,36,4,0,4
S01006941,C. Manufacturing,17,17,0,17,0,0,0
S01006941,F. Construction,25,22,2,20,3,1,2
S01006941,G I. Distribution hotels and restaurants,66,63,24,39,3,0,3
S01006941,H J. Transport and communication,28,25,5,20,3,0,3
S01006941,K L M N. Financial real estate professional and administrative activities,51,42,9,33,9,2,7
S01006941,O P Q. Public administration education and health,95,87,33,54,8,5,3
S01006941,R S T U. Other,13,11,7,4,2,1,1
S01006942,All people aged 16 to 74 in employment,606,529,169,360,77,14,63
S01006942,A B D E. Agriculture energy and water,58,58,6,52,0,0,0
S01006942,C. Manufacturing,32,30,1,29,2,0,2
S01006942,F. Construction,46,32,2,30,14,0,14
S01006942,G I. Distribution hotels and restaurants,123,113,59,54,10,1,9
S01006942,H J. Transport and communication,47,39,9,30,8,1,7
S01006942,K L M N. Financial real estate professional and administrative activities,131,103,25,78,28,5,23
S01006942,O P Q. Public administration education and health,152,142,62,80,10,3,7
S01006942,R S T U. Other,17,12,5,7,5,4,1
S01006943,All people aged 16 to 74 in employment,360,326,80,246,34,7,27
S01006943,A B D E. Agriculture energy and water,59,57,4,53,2,0,2
S01006943,C. Manufacturing,24,21,3,18,3,0,3
S01006943,F. Construction,22,17,2,15,5,0,5
S01006943,G I. Distribution hotels and restaurants,50,44,16,28,6,2,4
S01006943,H J. Transport and communication,17,14,3,11,3,0,3
S01006943,K L M N. Financial real estate professional and administrative activities,85,78,12,66,7,0,7
S01006943,O P Q. Public administration education and health,91,85,36,49,6,4,2
S01006943,R S T U. Other,12,10,4,6,2,1,1
S01006944,All people aged 16 to 74 in employment,537,488,108,380,49,8,41
S01006944,A B D E. Agriculture energy and water,89,82,10,72,7,0,7
S01006944,C. Manufacturing,46,43,3,40,3,0,3
S01006944,F. Construction,39,32,4,28,7,0,7
S01006944,G I. Distribution hotels and restaurants,88,85,25,60,3,0,3
S01006944,H J. Transport and communication,33,27,3,24,6,0,6
S01006944,K L M N. Financial real estate professional and administrative activities,106,91,15,76,15,3,12
S01006944,O P Q. Public administration education and health,121,116,43,73,5,3,2
S01006944,R S T U. Other,15,12,5,7,3,2,1
S01006945,All people aged 16 to 74 in employment,297,259,55,204,38,15,23
S01006945,A B D E. Agriculture energy and water,41,39,0,39,2,0,2
S01006945,C. Manufacturing,24,21,2,19,3,2,1
S01006945,F. Construction,16,11,1,10,5,1,4
S01006945,G I. Distribution hotels and restaurants,43,37,15,22,6,2,4
S01006945,H J. Transport and communication,23,21,2,19,2,0,2
S01006945,K L M N. Financial real estate professional and administrative activities,61,51,9,42,10,3,7
S01006945,O P Q. Public administration education and health,79,74,25,49,5,2,3
S01006945,R S T U. Other,10,5,1,4,5,5,0
S01006946,All people aged 16 to 74 in employment,490,435,92,343,55,14,41
S01006946,A B D E. Agriculture energy and water,69,67,2,65,2,0,2
S01006946,C. Manufacturing,38,34,3,31,4,1,3
S01006946,F. Construction,35,23,1,22,12,1,11
S01006946,G I. Distribution hotels and restaurants,77,71,26,45,6,3,3
S01006946,H J. Transport and communication,38,37,4,33,1,0,1
S01006946,K L M N. Financial real estate professional and administrative activities,84,67,11,56,17,2,15
S01006946,O P Q. Public administration education and health,123,115,37,78,8,4,4
S01006946,R S T U. Other,26,21,8,13,5,3,2
S01006947,All people aged 16 to 74 in employment,529,491,131,360,38,9,29
S01006947,A B D E. Agriculture energy and water,72,67,4,63,5,1,4
S01006947,C. Manufacturing,52,49,8,41,3,1,2
S01006947,F. Construction,25,21,1,20,4,0,4
S01006947,G I. Distribution hotels and restaurants,98,93,34,59,5,1,4
S01006947,H J. Transport and communication,42,39,9,30,3,0,3
S01006947,K L M N. Financial real estate professional and administrative activities,93,86,15,71,7,1,6
S01006947,O P Q. Public administration education and health,132,124,56,68,8,2,6
S01006947,R S T U. Other,15,12,4,8,3,3,0
S01006948,All people aged 16 to 74 in employment,481,402,95,307,79,22,57
S01006948,A B D E. Agriculture energy and water,67,54,4,50,13,5,8
S01006948,C. Manufacturing,36,33,0,33,3,1,2
S01006948,F. Construction,31,24,3,21,7,1,6
S01006948,G I. Distribution hotels and restaurants,92,75,31,44,17,4,13
S01006948,H J. Transport and communication,54,49,8,41,5,0,5
S01006948,K L M N. Financial real estate professional and administrative activities,71,53,7,46,18,4,14
S01006948,O P Q. Public administration education and health,109,101,37,64,8,6,2
S01006948,R S T U. Other,21,13,5,8,8,1,7
S01006949,All people aged 16 to 74 in employment,378,310,92,218,68,18,50
S01006949,A B D E. Agriculture energy and water,48,37,2,35,11,1,10
S01006949,C. Manufacturing,27,26,3,23,1,0,1
S01006949,F. Construction,31,21,4,17,10,0,10
S01006949,G I. Distribution hotels and restaurants,60,54,25,29,6,2,4
S01006949,H J. Transport and communication,16,15,4,11,1,0,1
S01006949,K L M N. Financial real estate professional and administrative activities,70,49,13,36,21,3,18
S01006949,O P Q. Public administration education and health,109,101,39,62,8,5,3
S01006949,R S T U. Other,17,7,2,5,10,7,3
S01006950,All people aged 16 to 74 in employment,330,306,67,239,24,2,22
S01006950,A B D E. Agriculture energy and water,54,53,4,49,1,0,1
S01006950,C. Manufacturing,38,36,5,31,2,0,2
S01006950,F. Construction,24,20,2,18,4,0,4
S01006950,G I. Distribution hotels and restaurants,44,41,19,22,3,0,3
S01006950,H J. Transport and communication,34,32,4,28,2,0,2
S01006950,K L M N. Financial real estate professional and administrative activities,62,57,10,47,5,1,4
S01006950,O P Q. Public administration education and health,64,62,21,41,2,0,2
S01006950,R S T U. Other,10,5,2,3,5,1,4
S01006951,All people aged 16 to 74 in employment,292,272,67,205,20,7,13
S01006951,A B D E. Agriculture energy and water,25,22,1,21,3,1,2
S01006951,C. Manufacturing,29,26,2,24,3,0,3
S01006951,F. Construction,13,10,0,10,3,0,3
S01006951,G I. Distribution hotels and restaurants,56,52,22,30,4,2,2
S01006951,H J. Transport and communication,37,35,5,30,2,1,1
S01006951,K L M N. Financial real estate professional and administrative activities,50,49,6,43,1,1,0
S01006951,O P Q. Public administration education and health,67,63,26,37,4,2,2
S01006951,R S T U. Other,15,15,5,10,0,0,0
S01006952,All people aged 16 to 74 in employment,473,395,112,283,78,19,59
S01006952,A B D E. Agriculture energy and water,73,55,6,49,18,2,16
S01006952,C. Manufacturing,44,39,4,35,5,1,4
S01006952,F. Construction,38,32,1,31,6,1,5
S01006952,G I. Distribution hotels and restaurants,93,80,38,42,13,4,9
S01006952,H J. Transport and communication,54,41,12,29,13,4,9
S01006952,K L M N. Financial real estate professional and administrative activities,70,58,9,49,12,3,9
S01006952,O P Q. Public administration education and health,81,77,35,42,4,3,1
S01006952,R S T U. Other,20,13,7,6,7,1,6
S01006953,All people aged 16 to 74 in employment,481,417,122,295,64,13,51
S01006953,A B D E. Agriculture energy and water,45,39,1,38,6,0,6
S01006953,C. Manufacturing,41,38,1,37,3,1,2
S01006953,F. Construction,31,23,4,19,8,0,8
S01006953,G I. Distribution hotels and restaurants,97,89,43,46,8,2,6
S01006953,H J. Transport and communication,47,42,4,38,5,1,4
S01006953,K L M N. Financial real estate professional and administrative activities,103,82,17,65,21,5,16
S01006953,O P Q. Public administration education and health,103,92,46,46,11,2,9
S01006953,R S T U. Other,14,12,6,6,2,2,0
S01006954,All people aged 16 to 74 in employment,491,430,126,304,61,18,43
S01006954,A B D E. Agriculture energy and water,54,49,7,42,5,0,5
S01006954,C. Manufacturing,47,45,3,42,2,0,2
S01006954,F. Construction,38,31,2,29,7,1,6
S01006954,G I. Distribution hotels and restaurants,88,75,38,37,13,3,10
S01006954,H J. Transport and communication,36,32,7,25,4,1,3
S01006954,K L M N. Financial real estate professional and administrative activities,87,72,12,60,15,4,11
S01006954,O P Q. Public administration education and health,118,109,50,59,9,7,2
S01006954,R S T U. Other,23,17,7,10,6,2,4
S01006955,All people aged 16 to 74 in employment,351,324,72,252,27,3,24
S01006955,A B D E. Agriculture energy and water,24,24,0,24,0,0,0
S01006955,C. Manufacturing,24,23,1,22,1,0,1
S01006955,F. Construction,34,22,0,22,12,0,12
S01006955,G I. Distribution hotels and restaurants,67,65,25,40,2,0,2
S01006955,H J. Transport and communication,34,32,6,26,2,1,1
S01006955,K L M N. Financial real estate professional and administrative activities,55,53,10,43,2,0,2
S01006955,O P Q. Public administration education and health,102,96,28,68,6,0,6
S01006955,R S T U. Other,11,9,2,7,2,2,0
S01006956,All people aged 16 to 74 in employment,653,595,155,440,58,12,46
S01006956,A B D E. Agriculture energy and water,80,78,5,73,2,0,2
S01006956,C. Manufacturing,46,44,4,40,2,0,2
S01006956,F. Construction,32,22,0,22,10,1,9
S01006956,G I. Distribution hotels and restaurants,123,113,49,64,10,1,9
S01006956,H J. Transport and communication,55,51,12,39,4,2,2
S01006956,K L M N. Financial real estate professional and administrative activities,124,106,22,84,18,4,14
S01006956,O P Q. Public administration education and health,171,165,57,108,6,0,6
S01006956,R S T U. Other,22,16,6,10,6,4,2
S01006957,All people aged 16 to 74 in employment,619,513,143,370,106,20,86
S01006957,A B D E. Agriculture energy and water,75,55,6,49,20,2,18
S01006957,C. Manufacturing,41,36,2,34,5,0,5
S01006957,F. Construction,38,23,1,22,15,2,13
S01006957,G I. Distribution hotels and restaurants,105,89,38,51,16,2,14
S01006957,H J. Transport and communication,44,34,3,31,10,4,6
S01006957,K L M N. Financial real estate professional and administrative activities,124,100,21,79,24,4,20
S01006957,O P Q. Public administration education and health,173,166,69,97,7,3,4
S01006957,R S T U. Other,19,10,3,7,9,3,6
S01006958,All people aged 16 to 74 in employment,444,393,108,285,51,10,41
S01006958,A B D E. Agriculture energy and water,46,41,4,37,5,0,5
S01006958,C. Manufacturing,42,40,3,37,2,0,2
S01006958,F. Construction,31,24,1,23,7,0,7
S01006958,G I. Distribution hotels and restaurants,83,78,41,37,5,1,4
S01006958,H J. Transport and communication,36,30,6,24,6,2,4
S01006958,K L M N. Financial real estate professional and administrative activities,69,57,10,47,12,0,12
S01006958,O P Q. Public administration education and health,119,111,38,73,8,5,3
S01006958,R S T U. Other,18,12,5,7,6,2,4
S01006959,All people aged 16 to 74 in employment,320,287,82,205,33,9,24
S01006959,A B D E. Agriculture energy and water,24,22,1,21,2,0,2
S01006959,C. Manufacturing,24,24,6,18,0,0,0
S01006959,F. Construction,28,25,1,24,3,1,2
S01006959,G I. Distribution hotels and restaurants,70,58,21,37,12,2,10
S01006959,H J. Transport and communication,30,26,8,18,4,2,2
S01006959,K L M N. Financial real estate professional and administrative activities,43,38,5,33,5,3,2
S01006959,O P Q. Public administration education and health,81,79,33,46,2,0,2
S01006959,R S T U. Other,20,15,7,8,5,1,4
S01006960,All people aged 16 to 74 in employment,556,492,141,351,64,18,46
S01006960,A B D E. Agriculture energy and water,64,59,3,56,5,0,5
S01006960,C. Manufacturing,39,36,6,30,3,1,2
S01006960,F. Construction,32,27,3,24,5,0,5
S01006960,G I. Distribution hotels and restaurants,113,103,49,54,10,2,8
S01006960,H J. Transport and communication,32,30,2,28,2,1,1
S01006960,K L M N. Financial real estate professional and administrative activities,98,71,13,58,27,7,20
S01006960,O P Q. Public administration education and health,156,149,60,89,7,2,5
S01006960,R S T U. Other,22,17,5,12,5,5,0
S01006961,All people aged 16 to 74 in employment,564,511,120,391,53,9,44
S01006961,A B D E. Agriculture energy and water,65,60,3,57,5,0,5
S01006961,C. Manufacturing,56,52,6,46,4,2,2
S01006961,F. Construction,30,23,1,22,7,0,7
S01006961,G I. Distribution hotels and restaurants,96,88,35,53,8,2,6
S01006961,H J. Transport and communication,39,36,2,34,3,0,3
S01006961,K L M N. Financial real estate professional and administrative activities,110,96,19,77,14,2,12
S01006961,O P Q. Public administration education and health,150,141,48,93,9,0,9
S01006961,R S T U. Other,18,15,6,9,3,3,0
S01006962,All people aged 16 to 74 in employment,482,447,101,346,35,11,24
S01006962,A B D E. Agriculture energy and water,35,33,1,32,2,0,2
S01006962,C. Manufacturing,41,40,2,38,1,1,0
S01006962,F. Construction,49,42,1,41,7,0,7
S01006962,G I. Distribution hotels and restaurants,86,83,30,53,3,1,2
S01006962,H J. Transport and communication,39,35,4,31,4,0,4
S01006962,K L M N. Financial real estate professional and administrative activities,79,72,14,58,7,3,4
S01006962,O P Q. Public administration education and health,133,126,44,82,7,4,3
S01006962,R S T U. Other,20,16,5,11,4,2,2
S01006963,All people aged 16 to 74 in employment,378,346,98,248,32,5,27
S01006963,A B D E. Agriculture energy and water,32,31,0,31,1,0,1
S01006963,C. Manufacturing,24,23,5,18,1,0,1
S01006963,F. Construction,30,22,1,21,8,1,7
S01006963,G I. Distribution hotels and restaurants,79,75,41,34,4,1,3
S01006963,H J. Transport and communication,31,28,1,27,3,0,3
S01006963,K L M N. Financial real estate professional and administrative activities,49,42,8,34,7,0,7
S01006963,O P Q. Public administration education and health,119,114,36,78,5,1,4
S01006963,R S T U. Other,14,11,6,5,3,2,1
S01006964,All people aged 16 to 74 in employment,484,447,99,348,37,4,33
S01006964,A B D E. Agriculture energy and water,50,48,2,46,2,0,2
S01006964,C. Manufacturing,38,36,0,36,2,0,2
S01006964,F. Construction,60,51,0,51,9,0,9
S01006964,G I. Distribution hotels and restaurants,102,97,44,53,5,1,4
S01006964,H J. Transport and communication,35,30,5,25,5,0,5
S01006964,K L M N. Financial real estate professional and administrative activities,66,60,8,52,6,2,4
S01006964,O P Q. Public administration education and health,112,107,29,78,5,1,4
S01006964,R S T U. Other,21,18,11,7,3,0,3
S01006965,All people aged 16 to 74 in employment,261,234,68,166,27,6,21
S01006965,A B D E. Agriculture energy and water,15,13,0,13,2,0,2
S01006965,C. Manufacturing,20,19,1,18,1,0,1
S01006965,F. Construction,35,31,0,31,4,0,4
S01006965,G I. Distribution hotels and restaurants,47,41,23,18,6,2,4
S01006965,H J. Transport and communication,15,14,2,12,1,0,1
S01006965,K L M N. Financial real estate professional and administrative activities,38,32,7,25,6,1,5
S01006965,O P Q. Public administration education and health,81,76,32,44,5,2,3
S01006965,R S T U. Other,10,8,3,5,2,1,1
S01006966,All people aged 16 to 74 in employment,324,302,104,198,22,7,15
S01006966,A B D E. Agriculture energy and water,26,25,5,20,1,0,1
S01006966,C. Manufacturing,16,16,1,15,0,0,0
S01006966,F. Construction,29,21,0,21,8,0,8
S01006966,G I. Distribution hotels and restaurants,97,94,50,44,3,2,1
S01006966,H J. Transport and communication,28,27,4,23,1,0,1
S01006966,K L M N. Financial real estate professional and administrative activities,35,31,8,23,4,3,1
S01006966,O P Q. Public administration education and health,82,79,33,46,3,1,2
S01006966,R S T U. Other,11,9,3,6,2,1,1
S01006967,All people aged 16 to 74 in employment,385,351,109,242,34,8,26
S01006967,A B D E. Agriculture energy and water,41,40,0,40,1,0,1
S01006967,C. Manufacturing,29,26,5,21,3,0,3
S01006967,F. Construction,32,28,2,26,4,0,4
S01006967,G I. Distribution hotels and restaurants,88,82,47,35,6,2,4
S01006967,H J. Transport and communication,17,16,4,12,1,0,1
S01006967,K L M N. Financial real estate professional and administrative activities,54,50,7,43,4,1,3
S01006967,O P Q. Public administration education and health,107,101,39,62,6,0,6
S01006967,R S T U. Other,17,8,5,3,9,5,4
S01006968,All people aged 16 to 74 in employment,308,283,93,190,25,4,21
S01006968,A B D E. Agriculture energy and water,22,20,2,18,2,0,2
S01006968,C. Manufacturing,24,22,1,21,2,0,2
S01006968,F. Construction,45,36,3,33,9,1,8
S01006968,G I. Distribution hotels and restaurants,78,77,43,34,1,0,1
S01006968,H J. Transport and communication,27,25,2,23,2,0,2
S01006968,K L M N. Financial real estate professional and administrative activities,34,30,12,18,4,0,4
S01006968,O P Q. Public administration education and health,66,62,24,38,4,2,2
S01006968,R S T U. Other,12,11,6,5,1,1,0
S01006969,All people aged 16 to 74 in employment,506,462,104,358,44,12,32
S01006969,A B D E. Agriculture energy and water,55,54,2,52,1,1,0
S01006969,C. Manufacturing,41,39,0,39,2,1,1
S01006969,F. Construction,46,37,1,36,9,0,9
S01006969,G I. Distribution hotels and restaurants,99,92,32,60,7,2,5
S01006969,H J. Transport and communication,33,30,7,23,3,2,1
S01006969,K L M N. Financial real estate professional and administrative activities,88,76,11,65,12,1,11
S01006969,O P Q. Public administration education and health,125,119,42,77,6,2,4
S01006969,R S T U. Other,19,15,9,6,4,3,1
S01006970,All people aged 16 to 74 in employment,413,385,104,281,28,7,21
S01006970,A B D E. Agriculture energy and water,58,55,1,54,3,1,2
S01006970,C. Manufacturing,30,29,2,27,1,0,1
S01006970,F. Construction,21,20,1,19,1,0,1
S01006970,G I. Distribution hotels and restaurants,79,74,33,41,5,2,3
S01006970,H J. Transport and communication,17,15,4,11,2,0,2
S01006970,K L M N. Financial real estate professional and administrative activities,80,73,12,61,7,1,6
S01006970,O P Q. Public administration education and health,109,102,42,60,7,2,5
S01006970,R S T U. Other,19,17,9,8,2,1,1
S01006971,All people aged 16 to 74 in employment,256,236,76,160,20,4,16
S01006971,A B D E. Agriculture energy and water,23,23,3,20,0,0,0
S01006971,C. Manufacturing,19,18,4,14,1,0,1
S01006971,F. Construction,39,34,0,34,5,0,5
S01006971,G I. Distribution hotels and restaurants,55,53,28,25,2,1,1
S01006971,H J. Transport and communication,21,18,2,16,3,0,3
S01006971,K L M N. Financial real estate professional and administrative activities,31,29,8,21,2,0,2
S01006971,O P Q. Public administration education and health,57,52,26,26,5,2,3
S01006971,R S T U. Other,11,9,5,4,2,1,1
S01006972,All people aged 16 to 74 in employment,309,245,76,169,64,18,46
S01006972,A B D E. Agriculture energy and water,52,31,1,30,21,4,17
S01006972,C. Manufacturing,26,23,4,19,3,0,3
S01006972,F. Construction,31,19,5,14,12,3,9
S01006972,G I. Distribution hotels and restaurants,54,48,19,29,6,4,2
S01006972,H J. Transport and communication,24,18,4,14,6,0,6
S01006972,K L M N. Financial real estate professional and administrative activities,46,39,10,29,7,2,5
S01006972,O P Q. Public administration education and health,61,57,27,30,4,2,2
S01006972,R S T U. Other,15,10,6,4,5,3,2
S01006973,All people aged 16 to 74 in employment,305,269,75,194,36,8,28
S01006973,A B D E. Agriculture energy and water,32,26,3,23,6,3,3
S01006973,C. Manufacturing,36,32,3,29,4,2,2
S01006973,F. Construction,30,21,3,18,9,0,9
S01006973,G I. Distribution hotels and restaurants,48,43,16,27,5,0,5
S01006973,H J. Transport and communication,22,18,2,16,4,2,2
S01006973,K L M N. Financial real estate professional and administrative activities,36,30,9,21,6,1,5
S01006973,O P Q. Public administration education and health,88,87,34,53,1,0,1
S01006973,R S T U. Other,13,12,5,7,1,0,1
S01006974,All people aged 16 to 74 in employment,594,514,135,379,80,31,49
S01006974,A B D E. Agriculture energy and water,65,60,1,59,5,2,3
S01006974,C. Manufacturing,34,31,3,28,3,0,3
S01006974,F. Construction,38,28,2,26,10,3,7
S01006974,G I. Distribution hotels and restaurants,118,105,48,57,13,5,8
S01006974,H J. Transport and communication,46,39,5,34,7,0,7
S01006974,K L M N. Financial real estate professional and administrative activities,105,84,14,70,21,10,11
S01006974,O P Q. Public administration education and health,169,153,56,97,16,7,9
S01006974,R S T U. Other,19,14,6,8,5,4,1
S01006975,All people aged 16 to 74 in employment,584,474,139,335,110,21,89
S01006975,A B D E. Agriculture energy and water,90,57,4,53,33,3,30
S01006975,C. Manufacturing,36,28,4,24,8,2,6
S01006975,F. Construction,62,41,3,38,21,1,20
S01006975,G I. Distribution hotels and restaurants,90,76,33,43,14,4,10
S01006975,H J. Transport and communication,44,38,5,33,6,0,6
S01006975,K L M N. Financial real estate professional and administrative activities,88,73,20,53,15,6,9
S01006975,O P Q. Public administration education and health,153,147,59,88,6,2,4
S01006975,R S T U. Other,21,14,11,3,7,3,4
S01006976,All people aged 16 to 74 in employment,276,215,60,155,61,13,48
S01006976,A B D E. Agriculture energy and water,49,28,3,25,21,2,19
S01006976,C. Manufacturing,26,23,2,21,3,1,2
S01006976,F. Construction,18,14,2,12,4,0,4
S01006976,G I. Distribution hotels and restaurants,49,41,22,19,8,1,7
S01006976,H J. Transport and communication,15,11,1,10,4,1,3
S01006976,K L M N. Financial real estate professional and administrative activities,49,35,8,27,14,4,10
S01006976,O P Q. Public administration education and health,62,58,21,37,4,1,3
S01006976,R S T U. Other,8,5,1,4,3,3,0
S01006977,All people aged 16 to 74 in employment,484,379,104,275,105,22,83
S01006977,A B D E. Agriculture energy and water,85,53,7,46,32,6,26
S01006977,C. Manufacturing,38,34,2,32,4,2,2
S01006977,F. Construction,38,18,0,18,20,2,18
S01006977,G I. Distribution hotels and restaurants,82,68,33,35,14,5,9
S01006977,H J. Transport and communication,30,25,3,22,5,0,5
S01006977,K L M N. Financial real estate professional and administrative activities,88,68,17,51,20,4,16
S01006977,O P Q. Public administration education and health,100,97,36,61,3,2,1
S01006977,R S T U. Other,23,16,6,10,7,1,6
S01006978,All people aged 16 to 74 in employment,471,397,89,308,74,11,63
S01006978,A B D E. Agriculture energy and water,87,66,6,60,21,1,20
S01006978,C. Manufacturing,37,32,5,27,5,0,5
S01006978,F. Construction,35,24,1,23,11,0,11
S01006978,G I. Distribution hotels and restaurants,82,73,27,46,9,3,6
S01006978,H J. Transport and communication,35,31,5,26,4,0,4
S01006978,K L M N. Financial real estate professional and administrative activities,73,62,7,55,11,2,9
S01006978,O P Q. Public administration education and health,98,92,33,59,6,2,4
S01006978,R S T U. Other,24,17,5,12,7,3,4
S01006979,All people aged 16 to 74 in employment,439,358,96,262,81,25,56
S01006979,A B D E. Agriculture energy and water,51,39,1,38,12,1,11
S01006979,C. Manufacturing,30,30,2,28,0,0,0
S01006979,F. Construction,45,24,0,24,21,4,17
S01006979,G I. Distribution hotels and restaurants,89,77,28,49,12,4,8
S01006979,H J. Transport and communication,31,22,3,19,9,3,6
S01006979,K L M N. Financial real estate professional and administrative activities,59,48,10,38,11,3,8
S01006979,O P Q. Public administration education and health,119,109,46,63,10,5,5
S01006979,R S T U. Other,15,9,6,3,6,5,1
S01006980,All people aged 16 to 74 in employment,483,409,103,306,74,16,58
S01006980,A B D E. Agriculture energy and water,66,49,5,44,17,4,13
S01006980,C. Manufacturing,39,33,5,28,6,0,6
S01006980,F. Construction,35,25,1,24,10,0,10
S01006980,G I. Distribution hotels and restaurants,88,74,29,45,14,2,12
S01006980,H J. Transport and communication,46,40,9,31,6,1,5
S01006980,K L M N. Financial real estate professional and administrative activities,79,69,16,53,10,5,5
S01006980,O P Q. Public administration education and health,110,104,33,71,6,1,5
S01006980,R S T U. Other,20,15,5,10,5,3,2
S01006981,All people aged 16 to 74 in employment,487,411,110,301,76,12,64
S01006981,A B D E. Agriculture energy and water,78,49,5,44,29,0,29
S01006981,C. Manufacturing,31,29,2,27,2,0,2
S01006981,F. Construction,39,27,2,25,12,1,11
S01006981,G I. Distribution hotels and restaurants,79,69,28,41,10,2,8
S01006981,H J. Transport and communication,39,34,4,30,5,0,5
S01006981,K L M N. Financial real estate professional and administrative activities,74,66,11,55,8,3,5
S01006981,O P Q. Public administration education and health,136,128,53,75,8,5,3
S01006981,R S T U. Other,11,9,5,4,2,1,1
S01006982,All people aged 16 to 74 in employment,509,448,121,327,61,12,49
S01006982,A B D E. Agriculture energy and water,57,46,5,41,11,1,10
S01006982,C. Manufacturing,44,41,1,40,3,1,2
S01006982,F. Construction,42,34,0,34,8,0,8
S01006982,G I. Distribution hotels and restaurants,84,77,39,38,7,2,5
S01006982,H J. Transport and communication,36,27,6,21,9,1,8
S01006982,K L M N. Financial real estate professional and administrative activities,89,79,15,64,10,2,8
S01006982,O P Q. Public administration education and health,131,123,48,75,8,4,4
S01006982,R S T U. Other,26,21,7,14,5,1,4
S01006983,All people aged 16 to 74 in employment,426,361,91,270,65,19,46
S01006983,A B D E. Agriculture energy and water,53,43,6,37,10,2,8
S01006983,C. Manufacturing,30,28,2,26,2,0,2
S01006983,F. Construction,44,31,3,28,13,1,12
S01006983,G I. Distribution hotels and restaurants,71,60,28,32,11,4,7
S01006983,H J. Transport and communication,36,33,6,27,3,1,2
S01006983,K L M N. Financial real estate professional and administrative activities,68,56,9,47,12,2,10
S01006983,O P Q. Public administration education and health,106,96,32,64,10,7,3
S01006983,R S T U. Other,18,14,5,9,4,2,2
S01006984,All people aged 16 to 74 in employment,425,338,83,255,87,20,67
S01006984,A B D E. Agriculture energy and water,64,48,0,48,16,2,14
S01006984,C. Manufacturing,35,29,1,28,6,1,5
S01006984,F. Construction,30,22,2,20,8,2,6
S01006984,G I. Distribution hotels and restaurants,60,49,24,25,11,4,7
S01006984,H J. Transport and communication,29,23,1,22,6,0,6
S01006984,K L M N. Financial real estate professional and administrative activities,87,67,13,54,20,5,15
S01006984,O P Q. Public administration education and health,104,89,38,51,15,6,9
S01006984,R S T U. Other,16,11,4,7,5,0,5
S01006985,All people aged 16 to 74 in employment,555,476,141,335,79,24,55
S01006985,A B D E. Agriculture energy and water,63,55,5,50,8,1,7
S01006985,C. Manufacturing,36,33,1,32,3,2,1
S01006985,F. Construction,63,51,8,43,12,2,10
S01006985,G I. Distribution hotels and restaurants,129,110,49,61,19,4,15
S01006985,H J. Transport and communication,34,26,4,22,8,0,8
S01006985,K L M N. Financial real estate professional and administrative activities,73,60,7,53,13,3,10
S01006985,O P Q. Public administration education and health,132,123,62,61,9,7,2
S01006985,R S T U. Other,25,18,5,13,7,5,2
S01006986,All people aged 16 to 74 in employment,364,332,86,246,32,3,29
S01006986,A B D E. Agriculture energy and water,51,46,1,45,5,0,5
S01006986,C. Manufacturing,30,29,3,26,1,0,1
S01006986,F. Construction,41,32,0,32,9,0,9
S01006986,G I. Distribution hotels and restaurants,58,54,27,27,4,1,3
S01006986,H J. Transport and communication,32,28,4,24,4,0,4
S01006986,K L M N. Financial real estate professional and administrative activities,54,49,11,38,5,1,4
S01006986,O P Q. Public administration education and health,84,82,34,48,2,0,2
S01006986,R S T U. Other,14,12,6,6,2,1,1
S01006987,All people aged 16 to 74 in employment,333,305,77,228,28,7,21
S01006987,A B D E. Agriculture energy and water,27,24,0,24,3,1,2
S01006987,C. Manufacturing,26,25,3,22,1,0,1
S01006987,F. Construction,22,18,0,18,4,0,4
S01006987,G I. Distribution hotels and restaurants,78,75,23,52,3,2,1
S01006987,H J. Transport and communication,22,20,3,17,2,1,1
S01006987,K L M N. Financial real estate professional and administrative activities,58,47,8,39,11,2,9
S01006987,O P Q. Public administration education and health,82,81,31,50,1,0,1
S01006987,R S T U. Other,18,15,9,6,3,1,2
S01006988,All people aged 16 to 74 in employment,345,284,76,208,61,14,47
S01006988,A B D E. Agriculture energy and water,61,44,4,40,17,1,16
S01006988,C. Manufacturing,23,22,2,20,1,0,1
S01006988,F. Construction,31,23,1,22,8,0,8
S01006988,G I. Distribution hotels and restaurants,51,44,19,25,7,2,5
S01006988,H J. Transport and communication,23,19,2,17,4,2,2
S01006988,K L M N. Financial real estate professional and administrative activities,50,33,11,22,17,6,11
S01006988,O P Q. Public administration education and health,93,88,31,57,5,1,4
S01006988,R S T U. Other,13,11,6,5,2,2,0
S01006989,All people aged 16 to 74 in employment,588,477,129,348,111,30,81
S01006989,A B D E. Agriculture energy and water,83,59,2,57,24,5,19
S01006989,C. Manufacturing,48,43,2,41,5,0,5
S01006989,F. Construction,66,42,4,38,24,2,22
S01006989,G I. Distribution hotels and restaurants,100,85,43,42,15,3,12
S01006989,H J. Transport and communication,39,34,4,30,5,2,3
S01006989,K L M N. Financial real estate professional and administrative activities,93,77,17,60,16,5,11
S01006989,O P Q. Public administration education and health,142,127,53,74,15,7,8
S01006989,R S T U. Other,17,10,4,6,7,6,1
S01006990,All people aged 16 to 74 in employment,519,439,93,346,80,13,67
S01006990,A B D E. Agriculture energy and water,65,49,0,49,16,0,16
S01006990,C. Manufacturing,33,29,3,26,4,0,4
S01006990,F. Construction,33,27,1,26,6,1,5
S01006990,G I. Distribution hotels and restaurants,76,65,28,37,11,4,7
S01006990,H J. Transport and communication,48,42,4,38,6,0,6
S01006990,K L M N. Financial real estate professional and administrative activities,123,100,17,83,23,4,19
S01006990,O P Q. Public administration education and health,124,116,36,80,8,2,6
S01006990,R S T U. Other,17,11,4,7,6,2,4
S01006991,All people aged 16 to 74 in employment,206,174,49,125,32,6,26
S01006991,A B D E. Agriculture energy and water,24,16,1,15,8,2,6
S01006991,C. Manufacturing,25,24,1,23,1,0,1
S01006991,F. Construction,25,16,1,15,9,1,8
S01006991,G I. Distribution hotels and restaurants,40,37,14,23,3,0,3
S01006991,H J. Transport and communication,11,8,4,4,3,2,1
S01006991,K L M N. Financial real estate professional and administrative activities,21,18,6,12,3,0,3
S01006991,O P Q. Public administration education and health,47,45,15,30,2,0,2
S01006991,R S T U. Other,13,10,7,3,3,1,2
S01006992,All people aged 16 to 74 in employment,356,276,66,210,80,16,64
S01006992,A B D E. Agriculture energy and water,75,48,4,44,27,4,23
S01006992,C. Manufacturing,23,19,2,17,4,1,3
S01006992,F. Construction,23,12,0,12,11,1,10
S01006992,G I. Distribution hotels and restaurants,54,46,20,26,8,2,6
S01006992,H J. Transport and communication,22,20,1,19,2,1,1
S01006992,K L M N. Financial real estate professional and administrative activities,53,40,8,32,13,3,10
S01006992,O P Q. Public administration education and health,91,84,27,57,7,1,6
S01006992,R S T U. Other,15,7,4,3,8,3,5
S01006993,All people aged 16 to 74 in employment,313,240,61,179,73,16,57
S01006993,A B D E. Agriculture energy and water,64,28,3,25,36,4,32
S01006993,C. Manufacturing,39,36,3,33,3,0,3
S01006993,F. Construction,22,14,0,14,8,1,7
S01006993,G I. Distribution hotels and restaurants,46,42,18,24,4,1,3
S01006993,H J. Transport and communication,25,23,3,20,2,1,1
S01006993,K L M N. Financial real estate professional and administrative activities,38,26,4,22,12,4,8
S01006993,O P Q. Public administration education and health,74,68,29,39,6,3,3
S01006993,R S T U. Other,5,3,1,2,2,2,0
S01006994,All people aged 16 to 74 in employment,349,292,84,208,57,7,50
S01006994,A B D E. Agriculture energy and water,66,43,7,36,23,2,21
S01006994,C. Manufacturing,28,27,5,22,1,0,1
S01006994,F. Construction,37,29,3,26,8,1,7
S01006994,G I. Distribution hotels and restaurants,63,55,29,26,8,2,6
S01006994,H J. Transport and communication,25,21,3,18,4,0,4
S01006994,K L M N. Financial real estate professional and administrative activities,50,44,7,37,6,1,5
S01006994,O P Q. Public administration education and health,69,66,28,38,3,0,3
S01006994,R S T U. Other,11,7,2,5,4,1,3
S01006995,All people aged 16 to 74 in employment,504,392,96,296,112,29,83
S01006995,A B D E. Agriculture energy and water,85,49,2,47,36,5,31
S01006995,C. Manufacturing,53,43,6,37,10,2,8
S01006995,F. Construction,41,28,1,27,13,1,12
S01006995,G I. Distribution hotels and restaurants,77,65,25,40,12,3,9
S01006995,H J. Transport and communication,40,35,10,25,5,1,4
S01006995,K L M N. Financial real estate professional and administrative activities,66,49,8,41,17,10,7
S01006995,O P Q. Public administration education and health,123,113,40,73,10,3,7
S01006995,R S T U. Other,19,10,4,6,9,4,5
S01006996,All people aged 16 to 74 in employment,427,364,103,261,63,18,45
S01006996,A B D E. Agriculture energy and water,53,46,3,43,7,1,6
S01006996,C. Manufacturing,45,41,5,36,4,3,1
S01006996,F. Construction,65,41,4,37,24,2,22
S01006996,G I. Distribution hotels and restaurants,80,73,29,44,7,1,6
S01006996,H J. Transport and communication,25,24,3,21,1,0,1
S01006996,K L M N. Financial real estate professional and administrative activities,56,47,8,39,9,3,6
S01006996,O P Q. Public administration education and health,80,79,45,34,1,0,1
S01006996,R S T U. Other,23,13,6,7,10,8,2
S01006997,All people aged 16 to 74 in employment,466,377,113,264,89,25,64
S01006997,A B D E. Agriculture energy and water,72,50,4,46,22,2,20
S01006997,C. Manufacturing,28,24,6,18,4,2,2
S01006997,F. Construction,29,19,0,19,10,1,9
S01006997,G I. Distribution hotels and restaurants,74,61,32,29,13,5,8
S01006997,H J. Transport and communication,52,46,7,39,6,5,1
S01006997,K L M N. Financial real estate professional and administrative activities,70,50,11,39,20,5,15
S01006997,O P Q. Public administration education and health,121,116,48,68,5,3,2
S01006997,R S T U. Other,20,11,5,6,9,2,7
S01006998,All people aged 16 to 74 in employment,643,524,139,385,119,26,93
S01006998,A B D E. Agriculture energy and water,111,73,8,65,38,6,32
S01006998,C. Manufacturing,53,46,2,44,7,0,7
S01006998,F. Construction,57,38,2,36,19,4,15
S01006998,G I. Distribution hotels and restaurants,103,92,42,50,11,3,8
S01006998,H J. Transport and communication,49,41,5,36,8,1,7
S01006998,K L M N. Financial real estate professional and administrative activities,94,71,15,56,23,4,19
S01006998,O P Q. Public administration education and health,153,147,60,87,6,2,4
S01006998,R S T U. Other,23,16,5,11,7,6,1
S01006999,All people aged 16 to 74 in employment,508,370,114,256,138,24,114
S01006999,A B D E. Agriculture energy and water,122,51,10,41,71,6,65
S01006999,C. Manufacturing,39,33,6,27,6,1,5
S01006999,F. Construction,53,39,4,35,14,3,11
S01006999,G I. Distribution hotels and restaurants,79,68,27,41,11,1,10
S01006999,H J. Transport and communication,19,17,1,16,2,0,2
S01006999,K L M N. Financial real estate professional and administrative activities,77,59,14,45,18,6,12
S01006999,O P Q. Public administration education and health,100,92,48,44,8,3,5
S01006999,R S T U. Other,19,11,4,7,8,4,4
S01007000,All people aged 16 to 74 in employment,505,443,125,318,62,14,48
S01007000,A B D E. Agriculture energy and water,63,49,1,48,14,4,10
S01007000,C. Manufacturing,33,31,4,27,2,0,2
S01007000,F. Construction,64,48,2,46,16,0,16
S01007000,G I. Distribution hotels and restaurants,91,81,33,48,10,4,6
S01007000,H J. Transport and communication,38,33,8,25,5,0,5
S01007000,K L M N. Financial real estate professional and administrative activities,65,55,9,46,10,4,6
S01007000,O P Q. Public administration education and health,134,130,63,67,4,2,2
S01007000,R S T U. Other,17,16,5,11,1,0,1
S01007001,All people aged 16 to 74 in employment,465,393,102,291,72,16,56
S01007001,A B D E. Agriculture energy and water,52,42,1,41,10,0,10
S01007001,C. Manufacturing,38,32,2,30,6,1,5
S01007001,F. Construction,38,25,0,25,13,0,13
S01007001,G I. Distribution hotels and restaurants,99,85,37,48,14,3,11
S01007001,H J. Transport and communication,32,28,3,25,4,1,3
S01007001,K L M N. Financial real estate professional and administrative activities,66,54,11,43,12,3,9
S01007001,O P Q. Public administration education and health,122,115,42,73,7,6,1
S01007001,R S T U. Other,18,12,6,6,6,2,4
S01007002,All people aged 16 to 74 in employment,302,248,74,174,54,7,47
S01007002,A B D E. Agriculture energy and water,49,24,0,24,25,0,25
S01007002,C. Manufacturing,23,22,3,19,1,0,1
S01007002,F. Construction,29,21,2,19,8,1,7
S01007002,G I. Distribution hotels and restaurants,59,49,23,26,10,1,9
S01007002,H J. Transport and communication,11,9,1,8,2,0,2
S01007002,K L M N. Financial real estate professional and administrative activities,32,28,7,21,4,3,1
S01007002,O P Q. Public administration education and health,90,86,33,53,4,2,2
S01007002,R S T U. Other,9,9,5,4,0,0,0
S01007003,All people aged 16 to 74 in employment,301,215,72,143,86,15,71
S01007003,A B D E. Agriculture energy and water,70,28,0,28,42,6,36
S01007003,C. Manufacturing,21,17,3,14,4,0,4
S01007003,F. Construction,36,18,3,15,18,1,17
S01007003,G I. Distribution hotels and restaurants,47,42,19,23,5,1,4
S01007003,H J. Transport and communication,20,16,6,10,4,1,3
S01007003,K L M N. Financial real estate professional and administrative activities,30,24,6,18,6,3,3
S01007003,O P Q. Public administration education and health,68,65,33,32,3,1,2
S01007003,R S T U. Other,9,5,2,3,4,2,2
S01007004,All people aged 16 to 74 in employment,411,319,83,236,92,18,74
S01007004,A B D E. Agriculture energy and water,91,42,4,38,49,2,47
S01007004,C. Manufacturing,29,26,1,25,3,2,1
S01007004,F. Construction,40,30,3,27,10,2,8
S01007004,G I. Distribution hotels and restaurants,54,47,18,29,7,2,5
S01007004,H J. Transport and communication,19,18,2,16,1,1,0
S01007004,K L M N. Financial real estate professional and administrative activities,49,34,9,25,15,5,10
S01007004,O P Q. Public administration education and health,110,106,40,66,4,3,1
S01007004,R S T U. Other,19,16,6,10,3,1,2
S01007005,All people aged 16 to 74 in employment,517,403,113,290,114,22,92
S01007005,A B D E. Agriculture energy and water,84,43,2,41,41,5,36
S01007005,C. Manufacturing,42,34,2,32,8,2,6
S01007005,F. Construction,44,35,3,32,9,1,8
S01007005,G I. Distribution hotels and restaurants,69,58,22,36,11,2,9
S01007005,H J. Transport and communication,37,25,5,20,12,1,11
S01007005,K L M N. Financial real estate professional and administrative activities,80,57,15,42,23,6,17
S01007005,O P Q. Public administration education and health,137,135,57,78,2,1,1
S01007005,R S T U. Other,24,16,7,9,8,4,4
S01007006,All people aged 16 to 74 in employment,453,361,102,259,92,27,65
S01007006,A B D E. Agriculture energy and water,73,46,5,41,27,6,21
S01007006,C. Manufacturing,36,32,1,31,4,1,3
S01007006,F. Construction,57,45,2,43,12,1,11
S01007006,G I. Distribution hotels and restaurants,82,67,33,34,15,3,12
S01007006,H J. Transport and communication,29,23,6,17,6,1,5
S01007006,K L M N. Financial real estate professional and administrative activities,54,41,8,33,13,6,7
S01007006,O P Q. Public administration education and health,98,90,40,50,8,5,3
S01007006,R S T U. Other,24,17,7,10,7,4,3
S01007007,All people aged 16 to 74 in employment,448,311,82,229,137,36,101
S01007007,A B D E. Agriculture energy and water,78,30,4,26,48,9,39
S01007007,C. Manufacturing,48,34,7,27,14,3,11
S01007007,F. Construction,43,24,1,23,19,4,15
S01007007,G I. Distribution hotels and restaurants,83,62,26,36,21,5,16
S01007007,H J. Transport and communication,31,28,3,25,3,1,2
S01007007,K L M N. Financial real estate professional and administrative activities,44,29,4,25,15,7,8
S01007007,O P Q. Public administration education and health,104,94,34,60,10,5,5
S01007007,R S T U. Other,17,10,3,7,7,2,5
S01007008,All people aged 16 to 74 in employment,506,452,134,318,54,9,45
S01007008,A B D E. Agriculture energy and water,46,39,5,34,7,1,6
S01007008,C. Manufacturing,64,62,7,55,2,0,2
S01007008,F. Construction,61,48,1,47,13,2,11
S01007008,G I. Distribution hotels and restaurants,109,96,46,50,13,1,12
S01007008,H J. Transport and communication,38,32,4,28,6,1,5
S01007008,K L M N. Financial real estate professional and administrative activities,46,37,4,33,9,2,7
S01007008,O P Q. Public administration education and health,128,126,60,66,2,2,0
S01007008,R S T U. Other,14,12,7,5,2,0,2
S01007009,All people aged 16 to 74 in employment,517,455,130,325,62,15,47
S01007009,A B D E. Agriculture energy and water,26,21,1,20,5,0,5
S01007009,C. Manufacturing,56,50,4,46,6,1,5
S01007009,F. Construction,44,32,2,30,12,1,11
S01007009,G I. Distribution hotels and restaurants,135,122,55,67,13,2,11
S01007009,H J. Transport and communication,41,38,10,28,3,0,3
S01007009,K L M N. Financial real estate professional and administrative activities,63,53,13,40,10,2,8
S01007009,O P Q. Public administration education and health,133,127,38,89,6,4,2
S01007009,R S T U. Other,19,12,7,5,7,5,2
S01007010,All people aged 16 to 74 in employment,355,306,82,224,49,9,40
S01007010,A B D E. Agriculture energy and water,19,17,2,15,2,0,2
S01007010,C. Manufacturing,42,41,4,37,1,0,1
S01007010,F. Construction,42,27,1,26,15,1,14
S01007010,G I. Distribution hotels and restaurants,81,70,25,45,11,4,7
S01007010,H J. Transport and communication,19,16,1,15,3,0,3
S01007010,K L M N. Financial real estate professional and administrative activities,45,38,11,27,7,1,6
S01007010,O P Q. Public administration education and health,91,87,35,52,4,0,4
S01007010,R S T U. Other,16,10,3,7,6,3,3
S01007011,All people aged 16 to 74 in employment,405,362,101,261,43,11,32
S01007011,A B D E. Agriculture energy and water,22,21,0,21,1,0,1
S01007011,C. Manufacturing,44,40,4,36,4,2,2
S01007011,F. Construction,50,36,1,35,14,1,13
S01007011,G I. Distribution hotels and restaurants,102,91,38,53,11,2,9
S01007011,H J. Transport and communication,35,32,7,25,3,0,3
S01007011,K L M N. Financial real estate professional and administrative activities,42,38,13,25,4,3,1
S01007011,O P Q. Public administration education and health,96,93,33,60,3,1,2
S01007011,R S T U. Other,14,11,5,6,3,2,1
S01007012,All people aged 16 to 74 in employment,302,288,101,187,14,5,9
S01007012,A B D E. Agriculture energy and water,22,22,2,20,0,0,0
S01007012,C. Manufacturing,37,37,4,33,0,0,0
S01007012,F. Construction,42,33,2,31,9,1,8
S01007012,G I. Distribution hotels and restaurants,80,79,42,37,1,1,0
S01007012,H J. Transport and communication,19,18,5,13,1,0,1
S01007012,K L M N. Financial real estate professional and administrative activities,23,23,4,19,0,0,0
S01007012,O P Q. Public administration education and health,69,68,39,29,1,1,0
S01007012,R S T U. Other,10,8,3,5,2,2,0
S01007013,All people aged 16 to 74 in employment,316,220,65,155,96,22,74
S01007013,A B D E. Agriculture energy and water,61,33,4,29,28,4,24
S01007013,C. Manufacturing,29,23,4,19,6,1,5
S01007013,F. Construction,33,15,1,14,18,2,16
S01007013,G I. Distribution hotels and restaurants,55,42,18,24,13,2,11
S01007013,H J. Transport and communication,30,16,5,11,14,5,9
S01007013,K L M N. Financial real estate professional and administrative activities,39,28,5,23,11,3,8
S01007013,O P Q. Public administration education and health,62,56,25,31,6,5,1
S01007013,R S T U. Other,7,7,3,4,0,0,0
S01007014,All people aged 16 to 74 in employment,578,462,131,331,116,25,91
S01007014,A B D E. Agriculture energy and water,99,62,5,57,37,6,31
S01007014,C. Manufacturing,58,52,9,43,6,1,5
S01007014,F. Construction,48,32,2,30,16,2,14
S01007014,G I. Distribution hotels and restaurants,114,92,34,58,22,4,18
S01007014,H J. Transport and communication,32,26,2,24,6,2,4
S01007014,K L M N. Financial real estate professional and administrative activities,71,59,15,44,12,1,11
S01007014,O P Q. Public administration education and health,131,119,52,67,12,8,4
S01007014,R S T U. Other,25,20,12,8,5,1,4
S01007015,All people aged 16 to 74 in employment,355,253,73,180,102,22,80
S01007015,A B D E. Agriculture energy and water,74,27,3,24,47,7,40
S01007015,C. Manufacturing,31,29,3,26,2,2,0
S01007015,F. Construction,36,22,0,22,14,1,13
S01007015,G I. Distribution hotels and restaurants,70,54,28,26,16,9,7
S01007015,H J. Transport and communication,16,10,1,9,6,0,6
S01007015,K L M N. Financial real estate professional and administrative activities,38,28,4,24,10,1,9
S01007015,O P Q. Public administration education and health,84,78,33,45,6,2,4
S01007015,R S T U. Other,6,5,1,4,1,0,1
S01007016,All people aged 16 to 74 in employment,350,273,71,202,77,14,63
S01007016,A B D E. Agriculture energy and water,80,52,4,48,28,4,24
S01007016,C. Manufacturing,39,33,3,30,6,1,5
S01007016,F. Construction,46,27,3,24,19,3,16
S01007016,G I. Distribution hotels and restaurants,40,37,19,18,3,0,3
S01007016,H J. Transport and communication,19,18,0,18,1,0,1
S01007016,K L M N. Financial real estate professional and administrative activities,35,25,5,20,10,2,8
S01007016,O P Q. Public administration education and health,83,74,33,41,9,3,6
S01007016,R S T U. Other,8,7,4,3,1,1,0
S01007017,All people aged 16 to 74 in employment,494,446,119,327,48,13,35
S01007017,A B D E. Agriculture energy and water,38,38,2,36,0,0,0
S01007017,C. Manufacturing,84,82,9,73,2,0,2
S01007017,F. Construction,78,61,1,60,17,0,17
S01007017,G I. Distribution hotels and restaurants,105,100,47,53,5,1,4
S01007017,H J. Transport and communication,28,26,5,21,2,0,2
S01007017,K L M N. Financial real estate professional and administrative activities,45,38,6,32,7,6,1
S01007017,O P Q. Public administration education and health,97,89,43,46,8,3,5
S01007017,R S T U. Other,19,12,6,6,7,3,4
S01007018,All people aged 16 to 74 in employment,478,427,126,301,51,14,37
S01007018,A B D E. Agriculture energy and water,48,40,3,37,8,1,7
S01007018,C. Manufacturing,70,67,2,65,3,3,0
S01007018,F. Construction,49,38,0,38,11,2,9
S01007018,G I. Distribution hotels and restaurants,94,85,42,43,9,2,7
S01007018,H J. Transport and communication,29,24,2,22,5,0,5
S01007018,K L M N. Financial real estate professional and administrative activities,50,47,12,35,3,2,1
S01007018,O P Q. Public administration education and health,126,118,60,58,8,2,6
S01007018,R S T U. Other,12,8,5,3,4,2,2
S01007019,All people aged 16 to 74 in employment,332,300,76,224,32,7,25
S01007019,A B D E. Agriculture energy and water,31,30,0,30,1,0,1
S01007019,C. Manufacturing,61,57,5,52,4,0,4
S01007019,F. Construction,44,35,2,33,9,1,8
S01007019,G I. Distribution hotels and restaurants,75,70,30,40,5,1,4
S01007019,H J. Transport and communication,18,17,4,13,1,0,1
S01007019,K L M N. Financial real estate professional and administrative activities,37,32,9,23,5,1,4
S01007019,O P Q. Public administration education and health,61,58,25,33,3,1,2
S01007019,R S T U. Other,5,1,1,0,4,3,1
S01007020,All people aged 16 to 74 in employment,385,338,70,268,47,7,40
S01007020,A B D E. Agriculture energy and water,41,38,2,36,3,0,3
S01007020,C. Manufacturing,68,65,2,63,3,0,3
S01007020,F. Construction,37,26,1,25,11,2,9
S01007020,G I. Distribution hotels and restaurants,102,86,26,60,16,1,15
S01007020,H J. Transport and communication,22,22,2,20,0,0,0
S01007020,K L M N. Financial real estate professional and administrative activities,45,39,12,27,6,1,5
S01007020,O P Q. Public administration education and health,62,57,24,33,5,2,3
S01007020,R S T U. Other,8,5,1,4,3,1,2
S01007021,All people aged 16 to 74 in employment,438,399,111,288,39,12,27
S01007021,A B D E. Agriculture energy and water,47,42,2,40,5,1,4
S01007021,C. Manufacturing,73,73,6,67,0,0,0
S01007021,F. Construction,45,35,0,35,10,0,10
S01007021,G I. Distribution hotels and restaurants,87,80,35,45,7,1,6
S01007021,H J. Transport and communication,27,20,3,17,7,2,5
S01007021,K L M N. Financial real estate professional and administrative activities,42,39,10,29,3,3,0
S01007021,O P Q. Public administration education and health,101,97,48,49,4,2,2
S01007021,R S T U. Other,16,13,7,6,3,3,0
S01007022,All people aged 16 to 74 in employment,217,186,70,116,31,12,19
S01007022,A B D E. Agriculture energy and water,22,18,1,17,4,0,4
S01007022,C. Manufacturing,20,20,0,20,0,0,0
S01007022,F. Construction,25,21,1,20,4,1,3
S01007022,G I. Distribution hotels and restaurants,52,43,26,17,9,4,5
S01007022,H J. Transport and communication,10,9,2,7,1,0,1
S01007022,K L M N. Financial real estate professional and administrative activities,29,27,8,19,2,1,1
S01007022,O P Q. Public administration education and health,47,43,28,15,4,2,2
S01007022,R S T U. Other,12,5,4,1,7,4,3
S01007023,All people aged 16 to 74 in employment,231,161,53,108,70,19,51
S01007023,A B D E. Agriculture energy and water,27,15,0,15,12,1,11
S01007023,C. Manufacturing,24,20,3,17,4,0,4
S01007023,F. Construction,23,15,1,14,8,0,8
S01007023,G I. Distribution hotels and restaurants,54,36,19,17,18,3,15
S01007023,H J. Transport and communication,18,13,3,10,5,1,4
S01007023,K L M N. Financial real estate professional and administrative activities,23,13,5,8,10,4,6
S01007023,O P Q. Public administration education and health,52,45,20,25,7,5,2
S01007023,R S T U. Other,10,4,2,2,6,5,1
S01007024,All people aged 16 to 74 in employment,519,375,121,254,144,39,105
S01007024,A B D E. Agriculture energy and water,102,45,2,43,57,9,48
S01007024,C. Manufacturing,53,41,7,34,12,5,7
S01007024,F. Construction,61,38,1,37,23,3,20
S01007024,G I. Distribution hotels and restaurants,88,72,40,32,16,3,13
S01007024,H J. Transport and communication,23,21,6,15,2,0,2
S01007024,K L M N. Financial real estate professional and administrative activities,41,20,4,16,21,14,7
S01007024,O P Q. Public administration education and health,126,118,48,70,8,4,4
S01007024,R S T U. Other,25,20,13,7,5,1,4
S01007025,All people aged 16 to 74 in employment,401,350,103,247,51,22,29
S01007025,A B D E. Agriculture energy and water,38,35,0,35,3,0,3
S01007025,C. Manufacturing,46,43,3,40,3,1,2
S01007025,F. Construction,48,36,1,35,12,2,10
S01007025,G I. Distribution hotels and restaurants,82,73,34,39,9,5,4
S01007025,H J. Transport and communication,24,21,2,19,3,1,2
S01007025,K L M N. Financial real estate professional and administrative activities,32,24,7,17,8,5,3
S01007025,O P Q. Public administration education and health,112,108,51,57,4,3,1
S01007025,R S T U. Other,19,10,5,5,9,5,4
S01007026,All people aged 16 to 74 in employment,386,326,97,229,60,10,50
S01007026,A B D E. Agriculture energy and water,52,40,4,36,12,1,11
S01007026,C. Manufacturing,38,34,4,30,4,0,4
S01007026,F. Construction,47,36,0,36,11,2,9
S01007026,G I. Distribution hotels and restaurants,91,72,31,41,19,5,14
S01007026,H J. Transport and communication,30,25,8,17,5,0,5
S01007026,K L M N. Financial real estate professional and administrative activities,25,20,4,16,5,1,4
S01007026,O P Q. Public administration education and health,95,94,42,52,1,1,0
S01007026,R S T U. Other,8,5,4,1,3,0,3
S01007027,All people aged 16 to 74 in employment,499,415,132,283,84,16,68
S01007027,A B D E. Agriculture energy and water,66,42,1,41,24,1,23
S01007027,C. Manufacturing,44,38,1,37,6,0,6
S01007027,F. Construction,41,29,2,27,12,3,9
S01007027,G I. Distribution hotels and restaurants,104,86,52,34,18,2,16
S01007027,H J. Transport and communication,34,32,6,26,2,0,2
S01007027,K L M N. Financial real estate professional and administrative activities,45,37,7,30,8,4,4
S01007027,O P Q. Public administration education and health,151,141,59,82,10,3,7
S01007027,R S T U. Other,14,10,4,6,4,3,1
S01007028,All people aged 16 to 74 in employment,386,280,105,175,106,23,83
S01007028,A B D E. Agriculture energy and water,74,39,5,34,35,3,32
S01007028,C. Manufacturing,28,24,2,22,4,1,3
S01007028,F. Construction,32,22,1,21,10,1,9
S01007028,G I. Distribution hotels and restaurants,65,52,33,19,13,3,10
S01007028,H J. Transport and communication,17,15,7,8,2,0,2
S01007028,K L M N. Financial real estate professional and administrative activities,51,26,5,21,25,10,15
S01007028,O P Q. Public administration education and health,103,94,47,47,9,1,8
S01007028,R S T U. Other,16,8,5,3,8,4,4
S01007029,All people aged 16 to 74 in employment,291,192,62,130,99,15,84
S01007029,A B D E. Agriculture energy and water,91,32,1,31,59,8,51
S01007029,C. Manufacturing,23,17,2,15,6,0,6
S01007029,F. Construction,36,24,1,23,12,1,11
S01007029,G I. Distribution hotels and restaurants,49,43,24,19,6,2,4
S01007029,H J. Transport and communication,10,9,2,7,1,0,1
S01007029,K L M N. Financial real estate professional and administrative activities,26,18,7,11,8,3,5
S01007029,O P Q. Public administration education and health,51,46,23,23,5,1,4
S01007029,R S T U. Other,5,3,2,1,2,0,2
S01007030,All people aged 16 to 74 in employment,395,338,117,221,57,14,43
S01007030,A B D E. Agriculture energy and water,40,29,3,26,11,1,10
S01007030,C. Manufacturing,43,42,6,36,1,0,1
S01007030,F. Construction,76,57,5,52,19,3,16
S01007030,G I. Distribution hotels and restaurants,94,83,35,48,11,0,11
S01007030,H J. Transport and communication,18,15,8,7,3,1,2
S01007030,K L M N. Financial real estate professional and administrative activities,21,13,3,10,8,5,3
S01007030,O P Q. Public administration education and health,89,89,49,40,0,0,0
S01007030,R S T U. Other,14,10,8,2,4,4,0
S01007031,All people aged 16 to 74 in employment,295,243,75,168,52,11,41
S01007031,A B D E. Agriculture energy and water,41,24,5,19,17,2,15
S01007031,C. Manufacturing,34,30,4,26,4,1,3
S01007031,F. Construction,41,29,1,28,12,2,10
S01007031,G I. Distribution hotels and restaurants,65,60,27,33,5,1,4
S01007031,H J. Transport and communication,10,8,1,7,2,0,2
S01007031,K L M N. Financial real estate professional and administrative activities,26,23,4,19,3,2,1
S01007031,O P Q. Public administration education and health,66,64,31,33,2,1,1
S01007031,R S T U. Other,12,5,2,3,7,2,5
S01007032,All people aged 16 to 74 in employment,437,381,99,282,56,14,42
S01007032,A B D E. Agriculture energy and water,39,33,8,25,6,1,5
S01007032,C. Manufacturing,52,49,0,49,3,0,3
S01007032,F. Construction,43,34,1,33,9,2,7
S01007032,G I. Distribution hotels and restaurants,77,59,30,29,18,2,16
S01007032,H J. Transport and communication,21,21,3,18,0,0,0
S01007032,K L M N. Financial real estate professional and administrative activities,36,30,7,23,6,2,4
S01007032,O P Q. Public administration education and health,148,142,45,97,6,2,4
S01007032,R S T U. Other,21,13,5,8,8,5,3
S01007033,All people aged 16 to 74 in employment,356,342,113,229,14,5,9
S01007033,A B D E. Agriculture energy and water,21,19,1,18,2,0,2
S01007033,C. Manufacturing,43,43,2,41,0,0,0
S01007033,F. Construction,47,44,3,41,3,0,3
S01007033,G I. Distribution hotels and restaurants,66,63,31,32,3,0,3
S01007033,H J. Transport and communication,15,15,1,14,0,0,0
S01007033,K L M N. Financial real estate professional and administrative activities,31,29,13,16,2,2,0
S01007033,O P Q. Public administration education and health,123,121,57,64,2,2,0
S01007033,R S T U. Other,10,8,5,3,2,1,1
S01007034,All people aged 16 to 74 in employment,302,271,96,175,31,11,20
S01007034,A B D E. Agriculture energy and water,27,22,2,20,5,0,5
S01007034,C. Manufacturing,36,34,4,30,2,0,2
S01007034,F. Construction,25,23,1,22,2,0,2
S01007034,G I. Distribution hotels and restaurants,62,55,30,25,7,2,5
S01007034,H J. Transport and communication,13,13,3,10,0,0,0
S01007034,K L M N. Financial real estate professional and administrative activities,23,14,2,12,9,7,2
S01007034,O P Q. Public administration education and health,100,97,47,50,3,0,3
S01007034,R S T U. Other,16,13,7,6,3,2,1
S01007035,All people aged 16 to 74 in employment,347,315,118,197,32,9,23
S01007035,A B D E. Agriculture energy and water,22,19,0,19,3,1,2
S01007035,C. Manufacturing,49,47,2,45,2,0,2
S01007035,F. Construction,45,35,2,33,10,2,8
S01007035,G I. Distribution hotels and restaurants,66,60,37,23,6,2,4
S01007035,H J. Transport and communication,19,18,4,14,1,1,0
S01007035,K L M N. Financial real estate professional and administrative activities,28,25,11,14,3,1,2
S01007035,O P Q. Public administration education and health,109,105,57,48,4,0,4
S01007035,R S T U. Other,9,6,5,1,3,2,1
S01007036,All people aged 16 to 74 in employment,433,364,111,253,69,9,60
S01007036,A B D E. Agriculture energy and water,46,36,5,31,10,3,7
S01007036,C. Manufacturing,36,32,0,32,4,0,4
S01007036,F. Construction,40,30,0,30,10,0,10
S01007036,G I. Distribution hotels and restaurants,82,61,29,32,21,2,19
S01007036,H J. Transport and communication,16,14,3,11,2,0,2
S01007036,K L M N. Financial real estate professional and administrative activities,48,42,16,26,6,0,6
S01007036,O P Q. Public administration education and health,149,139,55,84,10,3,7
S01007036,R S T U. Other,16,10,3,7,6,1,5
S01007037,All people aged 16 to 74 in employment,504,455,167,288,49,11,38
S01007037,A B D E. Agriculture energy and water,60,51,6,45,9,0,9
S01007037,C. Manufacturing,59,58,5,53,1,0,1
S01007037,F. Construction,52,40,2,38,12,0,12
S01007037,G I. Distribution hotels and restaurants,112,105,57,48,7,2,5
S01007037,H J. Transport and communication,35,27,8,19,8,4,4
S01007037,K L M N. Financial real estate professional and administrative activities,30,27,12,15,3,1,2
S01007037,O P Q. Public administration education and health,138,132,66,66,6,3,3
S01007037,R S T U. Other,18,15,11,4,3,1,2
S01007038,All people aged 16 to 74 in employment,392,340,89,251,52,10,42
S01007038,A B D E. Agriculture energy and water,37,26,2,24,11,2,9
S01007038,C. Manufacturing,59,57,3,54,2,1,1
S01007038,F. Construction,40,33,2,31,7,1,6
S01007038,G I. Distribution hotels and restaurants,88,70,35,35,18,2,16
S01007038,H J. Transport and communication,22,19,3,16,3,0,3
S01007038,K L M N. Financial real estate professional and administrative activities,37,35,7,28,2,0,2
S01007038,O P Q. Public administration education and health,91,89,34,55,2,0,2
S01007038,R S T U. Other,18,11,3,8,7,4,3
S01007039,All people aged 16 to 74 in employment,402,360,108,252,42,7,35
S01007039,A B D E. Agriculture energy and water,48,40,1,39,8,2,6
S01007039,C. Manufacturing,56,52,3,49,4,0,4
S01007039,F. Construction,38,28,1,27,10,0,10
S01007039,G I. Distribution hotels and restaurants,70,61,26,35,9,3,6
S01007039,H J. Transport and communication,23,22,2,20,1,0,1
S01007039,K L M N. Financial real estate professional and administrative activities,25,21,4,17,4,1,3
S01007039,O P Q. Public administration education and health,128,126,66,60,2,0,2
S01007039,R S T U. Other,14,10,5,5,4,1,3
S01007040,All people aged 16 to 74 in employment,299,268,83,185,31,10,21
S01007040,A B D E. Agriculture energy and water,29,24,1,23,5,1,4
S01007040,C. Manufacturing,35,35,4,31,0,0,0
S01007040,F. Construction,37,29,3,26,8,2,6
S01007040,G I. Distribution hotels and restaurants,48,44,25,19,4,1,3
S01007040,H J. Transport and communication,14,14,1,13,0,0,0
S01007040,K L M N. Financial real estate professional and administrative activities,26,21,4,17,5,4,1
S01007040,O P Q. Public administration education and health,93,90,39,51,3,1,2
S01007040,R S T U. Other,17,11,6,5,6,1,5
S01007041,All people aged 16 to 74 in employment,370,321,96,225,49,11,38
S01007041,A B D E. Agriculture energy and water,50,35,4,31,15,2,13
S01007041,C. Manufacturing,26,24,0,24,2,0,2
S01007041,F. Construction,38,33,0,33,5,0,5
S01007041,G I. Distribution hotels and restaurants,79,67,30,37,12,2,10
S01007041,H J. Transport and communication,30,24,4,20,6,0,6
S01007041,K L M N. Financial real estate professional and administrative activities,25,22,6,16,3,1,2
S01007041,O P Q. Public administration education and health,110,108,48,60,2,2,0
S01007041,R S T U. Other,12,8,4,4,4,4,0
S01007042,All people aged 16 to 74 in employment,344,285,89,196,59,10,49
S01007042,A B D E. Agriculture energy and water,39,29,0,29,10,0,10
S01007042,C. Manufacturing,43,38,9,29,5,1,4
S01007042,F. Construction,38,27,1,26,11,2,9
S01007042,G I. Distribution hotels and restaurants,71,58,20,38,13,2,11
S01007042,H J. Transport and communication,31,26,7,19,5,1,4
S01007042,K L M N. Financial real estate professional and administrative activities,37,32,6,26,5,1,4
S01007042,O P Q. Public administration education and health,80,73,45,28,7,3,4
S01007042,R S T U. Other,5,2,1,1,3,0,3
S01007043,All people aged 16 to 74 in employment,580,424,111,313,156,28,128
S01007043,A B D E. Agriculture energy and water,124,63,4,59,61,5,56
S01007043,C. Manufacturing,62,51,1,50,11,3,8
S01007043,F. Construction,61,33,3,30,28,4,24
S01007043,G I. Distribution hotels and restaurants,88,71,30,41,17,3,14
S01007043,H J. Transport and communication,19,15,3,12,4,0,4
S01007043,K L M N. Financial real estate professional and administrative activities,57,46,10,36,11,2,9
S01007043,O P Q. Public administration education and health,146,132,58,74,14,6,8
S01007043,R S T U. Other,23,13,2,11,10,5,5
S01007044,All people aged 16 to 74 in employment,310,228,79,149,82,21,61
S01007044,A B D E. Agriculture energy and water,74,32,2,30,42,10,32
S01007044,C. Manufacturing,29,25,2,23,4,1,3
S01007044,F. Construction,17,10,2,8,7,3,4
S01007044,G I. Distribution hotels and restaurants,53,43,27,16,10,3,7
S01007044,H J. Transport and communication,20,16,2,14,4,0,4
S01007044,K L M N. Financial real estate professional and administrative activities,27,21,1,20,6,2,4
S01007044,O P Q. Public administration education and health,82,76,41,35,6,1,5
S01007044,R S T U. Other,8,5,2,3,3,1,2
S01007045,All people aged 16 to 74 in employment,425,283,90,193,142,37,105
S01007045,A B D E. Agriculture energy and water,95,38,5,33,57,7,50
S01007045,C. Manufacturing,41,33,1,32,8,3,5
S01007045,F. Construction,36,23,3,20,13,3,10
S01007045,G I. Distribution hotels and restaurants,66,45,17,28,21,8,13
S01007045,H J. Transport and communication,27,16,6,10,11,3,8
S01007045,K L M N. Financial real estate professional and administrative activities,33,22,5,17,11,5,6
S01007045,O P Q. Public administration education and health,112,100,48,52,12,7,5
S01007045,R S T U. Other,15,6,5,1,9,1,8
S01007046,All people aged 16 to 74 in employment,322,267,70,197,55,13,42
S01007046,A B D E. Agriculture energy and water,50,27,1,26,23,3,20
S01007046,C. Manufacturing,40,33,3,30,7,3,4
S01007046,F. Construction,25,16,2,14,9,1,8
S01007046,G I. Distribution hotels and restaurants,63,55,20,35,8,3,5
S01007046,H J. Transport and communication,20,19,3,16,1,0,1
S01007046,K L M N. Financial real estate professional and administrative activities,31,28,7,21,3,0,3
S01007046,O P Q. Public administration education and health,78,76,30,46,2,2,0
S01007046,R S T U. Other,15,13,4,9,2,1,1
S01007047,All people aged 16 to 74 in employment,359,263,74,189,96,15,81
S01007047,A B D E. Agriculture energy and water,79,33,3,30,46,6,40
S01007047,C. Manufacturing,38,35,3,32,3,0,3
S01007047,F. Construction,46,33,2,31,13,0,13
S01007047,G I. Distribution hotels and restaurants,52,37,16,21,15,4,11
S01007047,H J. Transport and communication,25,20,2,18,5,0,5
S01007047,K L M N. Financial real estate professional and administrative activities,25,21,6,15,4,1,3
S01007047,O P Q. Public administration education and health,83,77,39,38,6,1,5
S01007047,R S T U. Other,11,7,3,4,4,3,1
S01007048,All people aged 16 to 74 in employment,505,379,102,277,126,23,103
S01007048,A B D E. Agriculture energy and water,121,60,8,52,61,10,51
S01007048,C. Manufacturing,43,37,10,27,6,0,6
S01007048,F. Construction,69,48,4,44,21,4,17
S01007048,G I. Distribution hotels and restaurants,72,60,26,34,12,4,8
S01007048,H J. Transport and communication,32,24,7,17,8,0,8
S01007048,K L M N. Financial real estate professional and administrative activities,45,39,4,35,6,1,5
S01007048,O P Q. Public administration education and health,109,101,38,63,8,3,5
S01007048,R S T U. Other,14,10,5,5,4,1,3
S01007049,All people aged 16 to 74 in employment,462,411,123,288,51,14,37
S01007049,A B D E. Agriculture energy and water,43,41,2,39,2,0,2
S01007049,C. Manufacturing,59,54,5,49,5,0,5
S01007049,F. Construction,76,63,3,60,13,2,11
S01007049,G I. Distribution hotels and restaurants,95,79,38,41,16,4,12
S01007049,H J. Transport and communication,20,18,7,11,2,1,1
S01007049,K L M N. Financial real estate professional and administrative activities,43,37,8,29,6,3,3
S01007049,O P Q. Public administration education and health,113,109,56,53,4,2,2
S01007049,R S T U. Other,13,10,4,6,3,2,1
S01007050,All people aged 16 to 74 in employment,318,257,74,183,61,10,51
S01007050,A B D E. Agriculture energy and water,53,41,1,40,12,3,9
S01007050,C. Manufacturing,23,18,2,16,5,0,5
S01007050,F. Construction,54,41,3,38,13,0,13
S01007050,G I. Distribution hotels and restaurants,65,50,25,25,15,1,14
S01007050,H J. Transport and communication,15,13,5,8,2,1,1
S01007050,K L M N. Financial real estate professional and administrative activities,34,27,6,21,7,2,5
S01007050,O P Q. Public administration education and health,65,60,29,31,5,2,3
S01007050,R S T U. Other,9,7,3,4,2,1,1
S01007051,All people aged 16 to 74 in employment,422,375,114,261,47,6,41
S01007051,A B D E. Agriculture energy and water,46,37,4,33,9,2,7
S01007051,C. Manufacturing,40,37,4,33,3,0,3
S01007051,F. Construction,51,36,2,34,15,1,14
S01007051,G I. Distribution hotels and restaurants,94,87,45,42,7,0,7
S01007051,H J. Transport and communication,27,26,1,25,1,1,0
S01007051,K L M N. Financial real estate professional and administrative activities,43,39,7,32,4,0,4
S01007051,O P Q. Public administration education and health,105,99,42,57,6,2,4
S01007051,R S T U. Other,16,14,9,5,2,0,2
S01007052,All people aged 16 to 74 in employment,303,255,72,183,48,12,36
S01007052,A B D E. Agriculture energy and water,50,38,4,34,12,1,11
S01007052,C. Manufacturing,33,28,3,25,5,1,4
S01007052,F. Construction,40,28,3,25,12,3,9
S01007052,G I. Distribution hotels and restaurants,53,42,19,23,11,4,7
S01007052,H J. Transport and communication,23,22,5,17,1,0,1
S01007052,K L M N. Financial real estate professional and administrative activities,37,33,10,23,4,2,2
S01007052,O P Q. Public administration education and health,60,59,26,33,1,0,1
S01007052,R S T U. Other,7,5,2,3,2,1,1
S01007053,All people aged 16 to 74 in employment,263,201,51,150,62,21,41
S01007053,A B D E. Agriculture energy and water,56,31,2,29,25,5,20
S01007053,C. Manufacturing,19,18,1,17,1,0,1
S01007053,F. Construction,29,22,2,20,7,1,6
S01007053,G I. Distribution hotels and restaurants,44,36,17,19,8,1,7
S01007053,H J. Transport and communication,19,13,4,9,6,3,3
S01007053,K L M N. Financial real estate professional and administrative activities,37,26,4,22,11,8,3
S01007053,O P Q. Public administration education and health,49,47,17,30,2,1,1
S01007053,R S T U. Other,10,8,4,4,2,2,0
S01007054,All people aged 16 to 74 in employment,475,428,135,293,47,9,38
S01007054,A B D E. Agriculture energy and water,55,46,4,42,9,1,8
S01007054,C. Manufacturing,61,57,2,55,4,1,3
S01007054,F. Construction,53,37,1,36,16,1,15
S01007054,G I. Distribution hotels and restaurants,100,94,48,46,6,2,4
S01007054,H J. Transport and communication,29,28,9,19,1,0,1
S01007054,K L M N. Financial real estate professional and administrative activities,40,36,4,32,4,0,4
S01007054,O P Q. Public administration education and health,125,120,63,57,5,2,3
S01007054,R S T U. Other,12,10,4,6,2,2,0
S01007055,All people aged 16 to 74 in employment,307,219,68,151,88,16,72
S01007055,A B D E. Agriculture energy and water,74,27,8,19,47,5,42
S01007055,C. Manufacturing,36,27,3,24,9,4,5
S01007055,F. Construction,22,16,2,14,6,1,5
S01007055,G I. Distribution hotels and restaurants,41,32,13,19,9,1,8
S01007055,H J. Transport and communication,23,21,5,16,2,0,2
S01007055,K L M N. Financial real estate professional and administrative activities,33,28,4,24,5,0,5
S01007055,O P Q. Public administration education and health,67,63,30,33,4,1,3
S01007055,R S T U. Other,11,5,3,2,6,4,2
S01007056,All people aged 16 to 74 in employment,352,250,60,190,102,24,78
S01007056,A B D E. Agriculture energy and water,87,37,3,34,50,11,39
S01007056,C. Manufacturing,25,19,2,17,6,0,6
S01007056,F. Construction,37,27,2,25,10,2,8
S01007056,G I. Distribution hotels and restaurants,57,48,18,30,9,2,7
S01007056,H J. Transport and communication,20,17,2,15,3,2,1
S01007056,K L M N. Financial real estate professional and administrative activities,35,26,3,23,9,3,6
S01007056,O P Q. Public administration education and health,78,70,27,43,8,2,6
S01007056,R S T U. Other,13,6,3,3,7,2,5
S01007057,All people aged 16 to 74 in employment,237,212,54,158,25,6,19
S01007057,A B D E. Agriculture energy and water,29,21,1,20,8,2,6
S01007057,C. Manufacturing,24,22,1,21,2,1,1
S01007057,F. Construction,19,14,0,14,5,0,5
S01007057,G I. Distribution hotels and restaurants,49,45,21,24,4,1,3
S01007057,H J. Transport and communication,12,12,4,8,0,0,0
S01007057,K L M N. Financial real estate professional and administrative activities,25,24,3,21,1,0,1
S01007057,O P Q. Public administration education and health,69,66,19,47,3,2,1
S01007057,R S T U. Other,10,8,5,3,2,0,2
S01007058,All people aged 16 to 74 in employment,257,234,69,165,23,5,18
S01007058,A B D E. Agriculture energy and water,26,25,2,23,1,0,1
S01007058,C. Manufacturing,32,31,3,28,1,0,1
S01007058,F. Construction,35,24,3,21,11,1,10
S01007058,G I. Distribution hotels and restaurants,62,60,27,33,2,1,1
S01007058,H J. Transport and communication,13,11,2,9,2,1,1
S01007058,K L M N. Financial real estate professional and administrative activities,23,19,3,16,4,1,3
S01007058,O P Q. Public administration education and health,60,58,27,31,2,1,1
S01007058,R S T U. Other,6,6,2,4,0,0,0
S01007059,All people aged 16 to 74 in employment,485,430,110,320,55,14,41
S01007059,A B D E. Agriculture energy and water,55,50,6,44,5,1,4
S01007059,C. Manufacturing,51,50,1,49,1,0,1
S01007059,F. Construction,56,45,1,44,11,0,11
S01007059,G I. Distribution hotels and restaurants,93,81,37,44,12,2,10
S01007059,H J. Transport and communication,31,29,2,27,2,0,2
S01007059,K L M N. Financial real estate professional and administrative activities,56,49,14,35,7,4,3
S01007059,O P Q. Public administration education and health,125,116,44,72,9,3,6
S01007059,R S T U. Other,18,10,5,5,8,4,4
S01007060,All people aged 16 to 74 in employment,280,256,102,154,24,1,23
S01007060,A B D E. Agriculture energy and water,21,20,4,16,1,0,1
S01007060,C. Manufacturing,28,26,1,25,2,0,2
S01007060,F. Construction,28,21,3,18,7,0,7
S01007060,G I. Distribution hotels and restaurants,86,83,38,45,3,0,3
S01007060,H J. Transport and communication,19,15,1,14,4,0,4
S01007060,K L M N. Financial real estate professional and administrative activities,23,21,8,13,2,0,2
S01007060,O P Q. Public administration education and health,65,61,41,20,4,1,3
S01007060,R S T U. Other,10,9,6,3,1,0,1
S01007061,All people aged 16 to 74 in employment,554,448,100,348,106,30,76
S01007061,A B D E. Agriculture energy and water,114,68,3,65,46,12,34
S01007061,C. Manufacturing,42,33,2,31,9,3,6
S01007061,F. Construction,53,36,1,35,17,2,15
S01007061,G I. Distribution hotels and restaurants,77,72,27,45,5,3,2
S01007061,H J. Transport and communication,33,30,5,25,3,1,2
S01007061,K L M N. Financial real estate professional and administrative activities,90,75,12,63,15,5,10
S01007061,O P Q. Public administration education and health,125,120,44,76,5,3,2
S01007061,R S T U. Other,20,14,6,8,6,1,5
S01007062,All people aged 16 to 74 in employment,405,305,88,217,100,26,74
S01007062,A B D E. Agriculture energy and water,90,40,5,35,50,9,41
S01007062,C. Manufacturing,30,25,3,22,5,2,3
S01007062,F. Construction,34,22,2,20,12,3,9
S01007062,G I. Distribution hotels and restaurants,51,43,19,24,8,1,7
S01007062,H J. Transport and communication,33,31,8,23,2,1,1
S01007062,K L M N. Financial real estate professional and administrative activities,60,51,11,40,9,3,6
S01007062,O P Q. Public administration education and health,87,80,38,42,7,5,2
S01007062,R S T U. Other,20,13,2,11,7,2,5
S01007063,All people aged 16 to 74 in employment,349,303,97,206,46,7,39
S01007063,A B D E. Agriculture energy and water,33,33,3,30,0,0,0
S01007063,C. Manufacturing,40,35,2,33,5,1,4
S01007063,F. Construction,49,35,2,33,14,0,14
S01007063,G I. Distribution hotels and restaurants,60,49,30,19,11,2,9
S01007063,H J. Transport and communication,21,18,8,10,3,0,3
S01007063,K L M N. Financial real estate professional and administrative activities,38,33,10,23,5,1,4
S01007063,O P Q. Public administration education and health,101,94,40,54,7,3,4
S01007063,R S T U. Other,7,6,2,4,1,0,1
S01007064,All people aged 16 to 74 in employment,379,279,77,202,100,23,77
S01007064,A B D E. Agriculture energy and water,67,34,4,30,33,6,27
S01007064,C. Manufacturing,43,37,1,36,6,0,6
S01007064,F. Construction,38,21,5,16,17,2,15
S01007064,G I. Distribution hotels and restaurants,65,52,22,30,13,3,10
S01007064,H J. Transport and communication,24,19,2,17,5,1,4
S01007064,K L M N. Financial real estate professional and administrative activities,38,28,9,19,10,4,6
S01007064,O P Q. Public administration education and health,87,79,29,50,8,3,5
S01007064,R S T U. Other,17,9,5,4,8,4,4
S01007065,All people aged 16 to 74 in employment,319,269,73,196,50,15,35
S01007065,A B D E. Agriculture energy and water,49,35,5,30,14,3,11
S01007065,C. Manufacturing,32,31,1,30,1,0,1
S01007065,F. Construction,22,17,1,16,5,2,3
S01007065,G I. Distribution hotels and restaurants,45,36,14,22,9,1,8
S01007065,H J. Transport and communication,34,32,7,25,2,0,2
S01007065,K L M N. Financial real estate professional and administrative activities,49,39,5,34,10,5,5
S01007065,O P Q. Public administration education and health,72,69,35,34,3,2,1
S01007065,R S T U. Other,16,10,5,5,6,2,4
S01007066,All people aged 16 to 74 in employment,370,291,86,205,79,20,59
S01007066,A B D E. Agriculture energy and water,69,36,1,35,33,4,29
S01007066,C. Manufacturing,37,31,3,28,6,1,5
S01007066,F. Construction,31,22,2,20,9,2,7
S01007066,G I. Distribution hotels and restaurants,57,49,22,27,8,3,5
S01007066,H J. Transport and communication,20,17,5,12,3,2,1
S01007066,K L M N. Financial real estate professional and administrative activities,55,48,14,34,7,2,5
S01007066,O P Q. Public administration education and health,90,81,35,46,9,5,4
S01007066,R S T U. Other,11,7,4,3,4,1,3
S01007067,All people aged 16 to 74 in employment,319,289,58,231,30,12,18
S01007067,A B D E. Agriculture energy and water,49,45,3,42,4,0,4
S01007067,C. Manufacturing,27,26,0,26,1,0,1
S01007067,F. Construction,21,18,1,17,3,1,2
S01007067,G I. Distribution hotels and restaurants,52,46,16,30,6,2,4
S01007067,H J. Transport and communication,30,25,5,20,5,1,4
S01007067,K L M N. Financial real estate professional and administrative activities,47,40,1,39,7,4,3
S01007067,O P Q. Public administration education and health,75,73,23,50,2,2,0
S01007067,R S T U. Other,18,16,9,7,2,2,0
S01007068,All people aged 16 to 74 in employment,359,300,76,224,59,13,46
S01007068,A B D E. Agriculture energy and water,36,32,2,30,4,1,3
S01007068,C. Manufacturing,41,37,1,36,4,0,4
S01007068,F. Construction,32,20,2,18,12,0,12
S01007068,G I. Distribution hotels and restaurants,73,56,16,40,17,4,13
S01007068,H J. Transport and communication,26,20,5,15,6,2,4
S01007068,K L M N. Financial real estate professional and administrative activities,48,39,5,34,9,3,6
S01007068,O P Q. Public administration education and health,95,88,40,48,7,3,4
S01007068,R S T U. Other,8,8,5,3,0,0,0
S01007069,All people aged 16 to 74 in employment,411,364,97,267,47,10,37
S01007069,A B D E. Agriculture energy and water,52,43,5,38,9,2,7
S01007069,C. Manufacturing,51,47,4,43,4,1,3
S01007069,F. Construction,37,29,1,28,8,0,8
S01007069,G I. Distribution hotels and restaurants,80,70,38,32,10,1,9
S01007069,H J. Transport and communication,35,31,4,27,4,2,2
S01007069,K L M N. Financial real estate professional and administrative activities,47,42,8,34,5,1,4
S01007069,O P Q. Public administration education and health,103,99,34,65,4,1,3
S01007069,R S T U. Other,6,3,3,0,3,2,1
S01007070,All people aged 16 to 74 in employment,264,239,57,182,25,3,22
S01007070,A B D E. Agriculture energy and water,31,25,0,25,6,0,6
S01007070,C. Manufacturing,36,34,3,31,2,0,2
S01007070,F. Construction,29,24,1,23,5,1,4
S01007070,G I. Distribution hotels and restaurants,52,49,17,32,3,0,3
S01007070,H J. Transport and communication,21,19,5,14,2,0,2
S01007070,K L M N. Financial real estate professional and administrative activities,20,17,2,15,3,1,2
S01007070,O P Q. Public administration education and health,66,64,27,37,2,0,2
S01007070,R S T U. Other,9,7,2,5,2,1,1
S01007071,All people aged 16 to 74 in employment,481,437,104,333,44,9,35
S01007071,A B D E. Agriculture energy and water,57,50,4,46,7,1,6
S01007071,C. Manufacturing,57,54,1,53,3,0,3
S01007071,F. Construction,35,27,1,26,8,0,8
S01007071,G I. Distribution hotels and restaurants,106,99,42,57,7,1,6
S01007071,H J. Transport and communication,30,28,3,25,2,0,2
S01007071,K L M N. Financial real estate professional and administrative activities,50,45,4,41,5,2,3
S01007071,O P Q. Public administration education and health,131,123,46,77,8,2,6
S01007071,R S T U. Other,15,11,3,8,4,3,1
S01007072,All people aged 16 to 74 in employment,381,337,98,239,44,7,37
S01007072,A B D E. Agriculture energy and water,60,44,1,43,16,0,16
S01007072,C. Manufacturing,65,61,9,52,4,1,3
S01007072,F. Construction,23,20,5,15,3,0,3
S01007072,G I. Distribution hotels and restaurants,81,74,38,36,7,1,6
S01007072,H J. Transport and communication,27,22,3,19,5,1,4
S01007072,K L M N. Financial real estate professional and administrative activities,35,30,8,22,5,2,3
S01007072,O P Q. Public administration education and health,81,80,33,47,1,0,1
S01007072,R S T U. Other,9,6,1,5,3,2,1
S01007073,All people aged 16 to 74 in employment,500,443,132,311,57,16,41
S01007073,A B D E. Agriculture energy and water,67,54,5,49,13,3,10
S01007073,C. Manufacturing,51,44,4,40,7,0,7
S01007073,F. Construction,42,38,6,32,4,0,4
S01007073,G I. Distribution hotels and restaurants,117,107,43,64,10,3,7
S01007073,H J. Transport and communication,31,25,4,21,6,3,3
S01007073,K L M N. Financial real estate professional and administrative activities,52,43,10,33,9,2,7
S01007073,O P Q. Public administration education and health,127,124,54,70,3,1,2
S01007073,R S T U. Other,13,8,6,2,5,4,1
S01007074,All people aged 16 to 74 in employment,362,332,109,223,30,8,22
S01007074,A B D E. Agriculture energy and water,38,33,1,32,5,0,5
S01007074,C. Manufacturing,52,47,3,44,5,1,4
S01007074,F. Construction,29,25,2,23,4,0,4
S01007074,G I. Distribution hotels and restaurants,86,80,37,43,6,1,5
S01007074,H J. Transport and communication,22,19,5,14,3,1,2
S01007074,K L M N. Financial real estate professional and administrative activities,33,32,11,21,1,1,0
S01007074,O P Q. Public administration education and health,94,90,46,44,4,4,0
S01007074,R S T U. Other,8,6,4,2,2,0,2
S01007075,All people aged 16 to 74 in employment,377,369,105,264,8,3,5
S01007075,A B D E. Agriculture energy and water,32,31,1,30,1,1,0
S01007075,C. Manufacturing,73,73,7,66,0,0,0
S01007075,F. Construction,27,23,0,23,4,1,3
S01007075,G I. Distribution hotels and restaurants,99,98,50,48,1,0,1
S01007075,H J. Transport and communication,27,26,2,24,1,0,1
S01007075,K L M N. Financial real estate professional and administrative activities,37,36,7,29,1,1,0
S01007075,O P Q. Public administration education and health,70,70,31,39,0,0,0
S01007075,R S T U. Other,12,12,7,5,0,0,0
S01007076,All people aged 16 to 74 in employment,414,383,122,261,31,16,15
S01007076,A B D E. Agriculture energy and water,38,34,1,33,4,2,2
S01007076,C. Manufacturing,56,56,8,48,0,0,0
S01007076,F. Construction,33,29,1,28,4,1,3
S01007076,G I. Distribution hotels and restaurants,96,91,51,40,5,2,3
S01007076,H J. Transport and communication,37,34,1,33,3,1,2
S01007076,K L M N. Financial real estate professional and administrative activities,51,46,12,34,5,3,2
S01007076,O P Q. Public administration education and health,86,82,43,39,4,3,1
S01007076,R S T U. Other,17,11,5,6,6,4,2
S01007077,All people aged 16 to 74 in employment,357,336,109,227,21,6,15
S01007077,A B D E. Agriculture energy and water,37,35,2,33,2,1,1
S01007077,C. Manufacturing,46,46,3,43,0,0,0
S01007077,F. Construction,38,31,2,29,7,0,7
S01007077,G I. Distribution hotels and restaurants,71,68,41,27,3,1,2
S01007077,H J. Transport and communication,20,18,6,12,2,0,2
S01007077,K L M N. Financial real estate professional and administrative activities,46,43,10,33,3,1,2
S01007077,O P Q. Public administration education and health,83,83,40,43,0,0,0
S01007077,R S T U. Other,16,12,5,7,4,3,1
S01007078,All people aged 16 to 74 in employment,394,360,131,229,34,7,27
S01007078,A B D E. Agriculture energy and water,39,35,6,29,4,1,3
S01007078,C. Manufacturing,54,51,12,39,3,0,3
S01007078,F. Construction,27,20,0,20,7,0,7
S01007078,G I. Distribution hotels and restaurants,98,94,47,47,4,0,4
S01007078,H J. Transport and communication,33,32,5,27,1,0,1
S01007078,K L M N. Financial real estate professional and administrative activities,45,40,15,25,5,2,3
S01007078,O P Q. Public administration education and health,88,80,41,39,8,3,5
S01007078,R S T U. Other,10,8,5,3,2,1,1
S01007079,All people aged 16 to 74 in employment,449,413,102,311,36,10,26
S01007079,A B D E. Agriculture energy and water,43,34,2,32,9,0,9
S01007079,C. Manufacturing,80,76,12,64,4,0,4
S01007079,F. Construction,35,32,0,32,3,1,2
S01007079,G I. Distribution hotels and restaurants,97,92,27,65,5,2,3
S01007079,H J. Transport and communication,37,33,8,25,4,1,3
S01007079,K L M N. Financial real estate professional and administrative activities,38,36,7,29,2,2,0
S01007079,O P Q. Public administration education and health,100,96,44,52,4,2,2
S01007079,R S T U. Other,19,14,2,12,5,2,3
S01007080,All people aged 16 to 74 in employment,349,329,100,229,20,0,20
S01007080,A B D E. Agriculture energy and water,23,19,0,19,4,0,4
S01007080,C. Manufacturing,70,68,8,60,2,0,2
S01007080,F. Construction,28,22,1,21,6,0,6
S01007080,G I. Distribution hotels and restaurants,80,78,39,39,2,0,2
S01007080,H J. Transport and communication,27,27,1,26,0,0,0
S01007080,K L M N. Financial real estate professional and administrative activities,33,30,8,22,3,0,3
S01007080,O P Q. Public administration education and health,83,82,40,42,1,0,1
S01007080,R S T U. Other,5,3,3,0,2,0,2
S01007081,All people aged 16 to 74 in employment,464,424,105,319,40,4,36
S01007081,A B D E. Agriculture energy and water,55,45,4,41,10,0,10
S01007081,C. Manufacturing,108,106,10,96,2,1,1
S01007081,F. Construction,36,29,0,29,7,0,7
S01007081,G I. Distribution hotels and restaurants,117,113,50,63,4,0,4
S01007081,H J. Transport and communication,31,24,3,21,7,1,6
S01007081,K L M N. Financial real estate professional and administrative activities,29,27,9,18,2,0,2
S01007081,O P Q. Public administration education and health,77,72,28,44,5,1,4
S01007081,R S T U. Other,11,8,1,7,3,1,2
S01007082,All people aged 16 to 74 in employment,275,249,72,177,26,5,21
S01007082,A B D E. Agriculture energy and water,23,19,1,18,4,0,4
S01007082,C. Manufacturing,82,79,15,64,3,1,2
S01007082,F. Construction,16,12,1,11,4,0,4
S01007082,G I. Distribution hotels and restaurants,59,57,25,32,2,1,1
S01007082,H J. Transport and communication,20,13,0,13,7,1,6
S01007082,K L M N. Financial real estate professional and administrative activities,15,13,2,11,2,0,2
S01007082,O P Q. Public administration education and health,53,50,26,24,3,1,2
S01007082,R S T U. Other,7,6,2,4,1,1,0
S01007083,All people aged 16 to 74 in employment,393,366,97,269,27,9,18
S01007083,A B D E. Agriculture energy and water,37,25,1,24,12,2,10
S01007083,C. Manufacturing,71,70,9,61,1,0,1
S01007083,F. Construction,26,24,2,22,2,1,1
S01007083,G I. Distribution hotels and restaurants,136,130,52,78,6,2,4
S01007083,H J. Transport and communication,31,30,3,27,1,1,0
S01007083,K L M N. Financial real estate professional and administrative activities,33,29,6,23,4,3,1
S01007083,O P Q. Public administration education and health,50,49,23,26,1,0,1
S01007083,R S T U. Other,9,9,1,8,0,0,0
S01007084,All people aged 16 to 74 in employment,290,257,79,178,33,7,26
S01007084,A B D E. Agriculture energy and water,38,28,1,27,10,2,8
S01007084,C. Manufacturing,54,49,5,44,5,2,3
S01007084,F. Construction,18,17,1,16,1,0,1
S01007084,G I. Distribution hotels and restaurants,57,52,29,23,5,0,5
S01007084,H J. Transport and communication,18,15,1,14,3,0,3
S01007084,K L M N. Financial real estate professional and administrative activities,29,25,7,18,4,1,3
S01007084,O P Q. Public administration education and health,67,66,32,34,1,0,1
S01007084,R S T U. Other,9,5,3,2,4,2,2
S01007085,All people aged 16 to 74 in employment,444,390,91,299,54,17,37
S01007085,A B D E. Agriculture energy and water,49,43,4,39,6,0,6
S01007085,C. Manufacturing,101,97,9,88,4,2,2
S01007085,F. Construction,30,23,1,22,7,1,6
S01007085,G I. Distribution hotels and restaurants,92,78,38,40,14,5,9
S01007085,H J. Transport and communication,25,23,4,19,2,0,2
S01007085,K L M N. Financial real estate professional and administrative activities,45,35,6,29,10,2,8
S01007085,O P Q. Public administration education and health,79,75,22,53,4,3,1
S01007085,R S T U. Other,23,16,7,9,7,4,3
S01007086,All people aged 16 to 74 in employment,570,539,140,399,31,12,19
S01007086,A B D E. Agriculture energy and water,44,39,4,35,5,1,4
S01007086,C. Manufacturing,147,146,25,121,1,0,1
S01007086,F. Construction,30,27,0,27,3,1,2
S01007086,G I. Distribution hotels and restaurants,148,138,61,77,10,2,8
S01007086,H J. Transport and communication,35,34,6,28,1,0,1
S01007086,K L M N. Financial real estate professional and administrative activities,55,53,7,46,2,1,1
S01007086,O P Q. Public administration education and health,85,83,30,53,2,1,1
S01007086,R S T U. Other,26,19,7,12,7,6,1
S01007087,All people aged 16 to 74 in employment,447,413,110,303,34,6,28
S01007087,A B D E. Agriculture energy and water,29,27,4,23,2,1,1
S01007087,C. Manufacturing,116,112,17,95,4,0,4
S01007087,F. Construction,33,30,2,28,3,0,3
S01007087,G I. Distribution hotels and restaurants,109,102,40,62,7,1,6
S01007087,H J. Transport and communication,31,25,3,22,6,1,5
S01007087,K L M N. Financial real estate professional and administrative activities,38,33,7,26,5,2,3
S01007087,O P Q. Public administration education and health,71,69,33,36,2,1,1
S01007087,R S T U. Other,20,15,4,11,5,0,5
S01007088,All people aged 16 to 74 in employment,228,209,50,159,19,9,10
S01007088,A B D E. Agriculture energy and water,25,21,1,20,4,1,3
S01007088,C. Manufacturing,52,52,8,44,0,0,0
S01007088,F. Construction,21,18,4,14,3,2,1
S01007088,G I. Distribution hotels and restaurants,47,45,21,24,2,0,2
S01007088,H J. Transport and communication,21,18,2,16,3,1,2
S01007088,K L M N. Financial real estate professional and administrative activities,19,17,2,15,2,1,1
S01007088,O P Q. Public administration education and health,38,33,11,22,5,4,1
S01007088,R S T U. Other,5,5,1,4,0,0,0
S01007089,All people aged 16 to 74 in employment,274,238,68,170,36,4,32
S01007089,A B D E. Agriculture energy and water,45,35,3,32,10,1,9
S01007089,C. Manufacturing,35,34,1,33,1,0,1
S01007089,F. Construction,20,14,1,13,6,0,6
S01007089,G I. Distribution hotels and restaurants,60,54,25,29,6,0,6
S01007089,H J. Transport and communication,14,13,1,12,1,0,1
S01007089,K L M N. Financial real estate professional and administrative activities,31,26,4,22,5,1,4
S01007089,O P Q. Public administration education and health,62,58,32,26,4,1,3
S01007089,R S T U. Other,7,4,1,3,3,1,2
S01007090,All people aged 16 to 74 in employment,332,297,67,230,35,5,30
S01007090,A B D E. Agriculture energy and water,36,32,0,32,4,0,4
S01007090,C. Manufacturing,50,49,3,46,1,1,0
S01007090,F. Construction,23,16,1,15,7,0,7
S01007090,G I. Distribution hotels and restaurants,70,63,26,37,7,1,6
S01007090,H J. Transport and communication,27,23,2,21,4,2,2
S01007090,K L M N. Financial real estate professional and administrative activities,48,42,4,38,6,0,6
S01007090,O P Q. Public administration education and health,68,65,27,38,3,1,2
S01007090,R S T U. Other,10,7,4,3,3,0,3
S01007091,All people aged 16 to 74 in employment,416,389,130,259,27,6,21
S01007091,A B D E. Agriculture energy and water,66,60,2,58,6,0,6
S01007091,C. Manufacturing,53,52,4,48,1,0,1
S01007091,F. Construction,21,19,1,18,2,0,2
S01007091,G I. Distribution hotels and restaurants,115,110,66,44,5,1,4
S01007091,H J. Transport and communication,27,25,2,23,2,0,2
S01007091,K L M N. Financial real estate professional and administrative activities,31,30,7,23,1,0,1
S01007091,O P Q. Public administration education and health,86,82,43,39,4,3,1
S01007091,R S T U. Other,17,11,5,6,6,2,4
S01007092,All people aged 16 to 74 in employment,289,271,92,179,18,6,12
S01007092,A B D E. Agriculture energy and water,32,29,2,27,3,0,3
S01007092,C. Manufacturing,55,53,7,46,2,0,2
S01007092,F. Construction,21,16,0,16,5,0,5
S01007092,G I. Distribution hotels and restaurants,73,68,38,30,5,4,1
S01007092,H J. Transport and communication,20,19,3,16,1,0,1
S01007092,K L M N. Financial real estate professional and administrative activities,18,17,5,12,1,1,0
S01007092,O P Q. Public administration education and health,60,60,31,29,0,0,0
S01007092,R S T U. Other,10,9,6,3,1,1,0
S01007093,All people aged 16 to 74 in employment,537,489,140,349,48,9,39
S01007093,A B D E. Agriculture energy and water,75,65,6,59,10,0,10
S01007093,C. Manufacturing,70,66,4,62,4,0,4
S01007093,F. Construction,35,26,1,25,9,0,9
S01007093,G I. Distribution hotels and restaurants,95,93,51,42,2,1,1
S01007093,H J. Transport and communication,32,29,4,25,3,0,3
S01007093,K L M N. Financial real estate professional and administrative activities,69,61,10,51,8,2,6
S01007093,O P Q. Public administration education and health,147,141,62,79,6,2,4
S01007093,R S T U. Other,14,8,2,6,6,4,2
S01007094,All people aged 16 to 74 in employment,484,416,147,269,68,19,49
S01007094,A B D E. Agriculture energy and water,68,47,4,43,21,3,18
S01007094,C. Manufacturing,62,54,7,47,8,2,6
S01007094,F. Construction,35,30,2,28,5,1,4
S01007094,G I. Distribution hotels and restaurants,100,93,49,44,7,0,7
S01007094,H J. Transport and communication,34,32,5,27,2,1,1
S01007094,K L M N. Financial real estate professional and administrative activities,57,47,20,27,10,2,8
S01007094,O P Q. Public administration education and health,111,105,55,50,6,4,2
S01007094,R S T U. Other,17,8,5,3,9,6,3
S01007095,All people aged 16 to 74 in employment,291,220,63,157,71,14,57
S01007095,A B D E. Agriculture energy and water,45,24,4,20,21,2,19
S01007095,C. Manufacturing,44,35,5,30,9,1,8
S01007095,F. Construction,21,10,1,9,11,0,11
S01007095,G I. Distribution hotels and restaurants,51,41,18,23,10,5,5
S01007095,H J. Transport and communication,20,16,2,14,4,1,3
S01007095,K L M N. Financial real estate professional and administrative activities,33,28,6,22,5,2,3
S01007095,O P Q. Public administration education and health,69,61,25,36,8,1,7
S01007095,R S T U. Other,8,5,2,3,3,2,1
S01007096,All people aged 16 to 74 in employment,464,391,101,290,73,19,54
S01007096,A B D E. Agriculture energy and water,79,64,3,61,15,1,14
S01007096,C. Manufacturing,61,53,3,50,8,1,7
S01007096,F. Construction,38,30,3,27,8,0,8
S01007096,G I. Distribution hotels and restaurants,71,59,24,35,12,3,9
S01007096,H J. Transport and communication,32,26,2,24,6,1,5
S01007096,K L M N. Financial real estate professional and administrative activities,62,48,9,39,14,6,8
S01007096,O P Q. Public administration education and health,101,98,51,47,3,2,1
S01007096,R S T U. Other,20,13,6,7,7,5,2
S01007097,All people aged 16 to 74 in employment,281,235,63,172,46,9,37
S01007097,A B D E. Agriculture energy and water,46,32,2,30,14,3,11
S01007097,C. Manufacturing,39,35,6,29,4,0,4
S01007097,F. Construction,19,13,2,11,6,0,6
S01007097,G I. Distribution hotels and restaurants,58,47,25,22,11,3,8
S01007097,H J. Transport and communication,13,12,2,10,1,0,1
S01007097,K L M N. Financial real estate professional and administrative activities,41,38,4,34,3,0,3
S01007097,O P Q. Public administration education and health,57,55,21,34,2,0,2
S01007097,R S T U. Other,8,3,1,2,5,3,2
S01007098,All people aged 16 to 74 in employment,447,350,95,255,97,18,79
S01007098,A B D E. Agriculture energy and water,89,61,6,55,28,6,22
S01007098,C. Manufacturing,52,48,4,44,4,1,3
S01007098,F. Construction,39,27,2,25,12,1,11
S01007098,G I. Distribution hotels and restaurants,77,55,26,29,22,4,18
S01007098,H J. Transport and communication,26,20,3,17,6,1,5
S01007098,K L M N. Financial real estate professional and administrative activities,57,42,11,31,15,3,12
S01007098,O P Q. Public administration education and health,94,90,41,49,4,1,3
S01007098,R S T U. Other,13,7,2,5,6,1,5
S01007099,All people aged 16 to 74 in employment,487,382,109,273,105,24,81
S01007099,A B D E. Agriculture energy and water,76,57,5,52,19,2,17
S01007099,C. Manufacturing,51,43,6,37,8,3,5
S01007099,F. Construction,47,32,3,29,15,2,13
S01007099,G I. Distribution hotels and restaurants,105,77,33,44,28,5,23
S01007099,H J. Transport and communication,24,23,1,22,1,0,1
S01007099,K L M N. Financial real estate professional and administrative activities,54,38,8,30,16,2,14
S01007099,O P Q. Public administration education and health,104,99,49,50,5,3,2
S01007099,R S T U. Other,26,13,4,9,13,7,6
S01007100,All people aged 16 to 74 in employment,389,331,88,243,58,8,50
S01007100,A B D E. Agriculture energy and water,65,52,2,50,13,2,11
S01007100,C. Manufacturing,41,37,3,34,4,0,4
S01007100,F. Construction,35,23,0,23,12,0,12
S01007100,G I. Distribution hotels and restaurants,67,60,27,33,7,2,5
S01007100,H J. Transport and communication,21,18,2,16,3,0,3
S01007100,K L M N. Financial real estate professional and administrative activities,43,36,8,28,7,2,5
S01007100,O P Q. Public administration education and health,99,95,41,54,4,1,3
S01007100,R S T U. Other,18,10,5,5,8,1,7
S01007101,All people aged 16 to 74 in employment,393,355,99,256,38,11,27
S01007101,A B D E. Agriculture energy and water,42,39,2,37,3,0,3
S01007101,C. Manufacturing,46,43,2,41,3,1,2
S01007101,F. Construction,48,40,0,40,8,0,8
S01007101,G I. Distribution hotels and restaurants,88,82,40,42,6,3,3
S01007101,H J. Transport and communication,22,18,2,16,4,1,3
S01007101,K L M N. Financial real estate professional and administrative activities,34,25,6,19,9,5,4
S01007101,O P Q. Public administration education and health,102,101,44,57,1,0,1
S01007101,R S T U. Other,11,7,3,4,4,1,3
S01007102,All people aged 16 to 74 in employment,367,301,84,217,66,8,58
S01007102,A B D E. Agriculture energy and water,64,45,7,38,19,0,19
S01007102,C. Manufacturing,40,37,3,34,3,0,3
S01007102,F. Construction,43,35,2,33,8,1,7
S01007102,G I. Distribution hotels and restaurants,69,58,30,28,11,2,9
S01007102,H J. Transport and communication,28,21,2,19,7,0,7
S01007102,K L M N. Financial real estate professional and administrative activities,32,23,8,15,9,2,7
S01007102,O P Q. Public administration education and health,83,76,29,47,7,3,4
S01007102,R S T U. Other,8,6,3,3,2,0,2
S01007103,All people aged 16 to 74 in employment,418,350,120,230,68,13,55
S01007103,A B D E. Agriculture energy and water,78,48,3,45,30,3,27
S01007103,C. Manufacturing,55,53,8,45,2,0,2
S01007103,F. Construction,39,27,2,25,12,2,10
S01007103,G I. Distribution hotels and restaurants,58,54,32,22,4,2,2
S01007103,H J. Transport and communication,17,15,1,14,2,1,1
S01007103,K L M N. Financial real estate professional and administrative activities,38,33,8,25,5,2,3
S01007103,O P Q. Public administration education and health,113,107,57,50,6,1,5
S01007103,R S T U. Other,20,13,9,4,7,2,5
S01007104,All people aged 16 to 74 in employment,240,175,53,122,65,13,52
S01007104,A B D E. Agriculture energy and water,43,21,2,19,22,2,20
S01007104,C. Manufacturing,33,27,3,24,6,2,4
S01007104,F. Construction,19,10,1,9,9,1,8
S01007104,G I. Distribution hotels and restaurants,52,39,16,23,13,3,10
S01007104,H J. Transport and communication,7,5,1,4,2,0,2
S01007104,K L M N. Financial real estate professional and administrative activities,32,24,6,18,8,4,4
S01007104,O P Q. Public administration education and health,45,44,23,21,1,0,1
S01007104,R S T U. Other,9,5,1,4,4,1,3
S01007105,All people aged 16 to 74 in employment,246,218,80,138,28,7,21
S01007105,A B D E. Agriculture energy and water,44,29,3,26,15,2,13
S01007105,C. Manufacturing,24,22,4,18,2,0,2
S01007105,F. Construction,14,10,0,10,4,1,3
S01007105,G I. Distribution hotels and restaurants,50,47,25,22,3,2,1
S01007105,H J. Transport and communication,14,13,1,12,1,0,1
S01007105,K L M N. Financial real estate professional and administrative activities,26,23,8,15,3,2,1
S01007105,O P Q. Public administration education and health,64,64,33,31,0,0,0
S01007105,R S T U. Other,10,10,6,4,0,0,0
S01007106,All people aged 16 to 74 in employment,333,288,88,200,45,6,39
S01007106,A B D E. Agriculture energy and water,36,27,1,26,9,0,9
S01007106,C. Manufacturing,44,43,2,41,1,0,1
S01007106,F. Construction,32,19,4,15,13,3,10
S01007106,G I. Distribution hotels and restaurants,61,51,31,20,10,1,9
S01007106,H J. Transport and communication,33,32,6,26,1,0,1
S01007106,K L M N. Financial real estate professional and administrative activities,43,38,7,31,5,1,4
S01007106,O P Q. Public administration education and health,74,71,33,38,3,0,3
S01007106,R S T U. Other,10,7,4,3,3,1,2
S01007107,All people aged 16 to 74 in employment,358,277,78,199,81,22,59
S01007107,A B D E. Agriculture energy and water,73,44,4,40,29,3,26
S01007107,C. Manufacturing,44,38,3,35,6,1,5
S01007107,F. Construction,34,20,2,18,14,4,10
S01007107,G I. Distribution hotels and restaurants,73,57,25,32,16,6,10
S01007107,H J. Transport and communication,17,15,2,13,2,2,0
S01007107,K L M N. Financial real estate professional and administrative activities,38,33,6,27,5,0,5
S01007107,O P Q. Public administration education and health,70,67,35,32,3,2,1
S01007107,R S T U. Other,9,3,1,2,6,4,2
S01007108,All people aged 16 to 74 in employment,301,211,62,149,90,13,77
S01007108,A B D E. Agriculture energy and water,78,34,4,30,44,5,39
S01007108,C. Manufacturing,40,35,4,31,5,0,5
S01007108,F. Construction,26,17,4,13,9,0,9
S01007108,G I. Distribution hotels and restaurants,41,35,22,13,6,1,5
S01007108,H J. Transport and communication,20,11,0,11,9,0,9
S01007108,K L M N. Financial real estate professional and administrative activities,25,16,1,15,9,4,5
S01007108,O P Q. Public administration education and health,64,58,25,33,6,2,4
S01007108,R S T U. Other,7,5,2,3,2,1,1
S01007109,All people aged 16 to 74 in employment,376,329,102,227,47,17,30
S01007109,A B D E. Agriculture energy and water,28,23,0,23,5,0,5
S01007109,C. Manufacturing,95,91,16,75,4,2,2
S01007109,F. Construction,34,26,0,26,8,3,5
S01007109,G I. Distribution hotels and restaurants,69,54,33,21,15,5,10
S01007109,H J. Transport and communication,37,35,3,32,2,1,1
S01007109,K L M N. Financial real estate professional and administrative activities,29,22,8,14,7,2,5
S01007109,O P Q. Public administration education and health,70,68,37,31,2,1,1
S01007109,R S T U. Other,14,10,5,5,4,3,1
S01007110,All people aged 16 to 74 in employment,369,324,101,223,45,12,33
S01007110,A B D E. Agriculture energy and water,45,34,0,34,11,2,9
S01007110,C. Manufacturing,60,58,11,47,2,1,1
S01007110,F. Construction,43,33,1,32,10,0,10
S01007110,G I. Distribution hotels and restaurants,73,66,44,22,7,4,3
S01007110,H J. Transport and communication,34,29,5,24,5,2,3
S01007110,K L M N. Financial real estate professional and administrative activities,29,24,4,20,5,2,3
S01007110,O P Q. Public administration education and health,69,69,30,39,0,0,0
S01007110,R S T U. Other,16,11,6,5,5,1,4
S01007111,All people aged 16 to 74 in employment,254,231,69,162,23,7,16
S01007111,A B D E. Agriculture energy and water,27,22,2,20,5,0,5
S01007111,C. Manufacturing,45,41,6,35,4,2,2
S01007111,F. Construction,16,12,1,11,4,1,3
S01007111,G I. Distribution hotels and restaurants,64,58,27,31,6,3,3
S01007111,H J. Transport and communication,17,15,0,15,2,1,1
S01007111,K L M N. Financial real estate professional and administrative activities,31,31,9,22,0,0,0
S01007111,O P Q. Public administration education and health,48,46,19,27,2,0,2
S01007111,R S T U. Other,6,6,5,1,0,0,0
S01007112,All people aged 16 to 74 in employment,284,226,76,150,58,15,43
S01007112,A B D E. Agriculture energy and water,39,20,4,16,19,4,15
S01007112,C. Manufacturing,51,47,5,42,4,1,3
S01007112,F. Construction,21,15,0,15,6,2,4
S01007112,G I. Distribution hotels and restaurants,58,48,29,19,10,4,6
S01007112,H J. Transport and communication,20,17,7,10,3,1,2
S01007112,K L M N. Financial real estate professional and administrative activities,29,19,5,14,10,1,9
S01007112,O P Q. Public administration education and health,57,56,24,32,1,0,1
S01007112,R S T U. Other,9,4,2,2,5,2,3
S01007113,All people aged 16 to 74 in employment,257,209,55,154,48,12,36
S01007113,A B D E. Agriculture energy and water,37,28,1,27,9,1,8
S01007113,C. Manufacturing,50,41,1,40,9,5,4
S01007113,F. Construction,19,13,1,12,6,2,4
S01007113,G I. Distribution hotels and restaurants,50,36,20,16,14,2,12
S01007113,H J. Transport and communication,12,10,1,9,2,0,2
S01007113,K L M N. Financial real estate professional and administrative activities,26,22,7,15,4,0,4
S01007113,O P Q. Public administration education and health,51,50,18,32,1,0,1
S01007113,R S T U. Other,12,9,6,3,3,2,1
S01007114,All people aged 16 to 74 in employment,454,419,140,279,35,3,32
S01007114,A B D E. Agriculture energy and water,58,47,0,47,11,0,11
S01007114,C. Manufacturing,86,83,12,71,3,1,2
S01007114,F. Construction,28,24,0,24,4,0,4
S01007114,G I. Distribution hotels and restaurants,94,88,51,37,6,1,5
S01007114,H J. Transport and communication,32,29,4,25,3,0,3
S01007114,K L M N. Financial real estate professional and administrative activities,48,44,14,30,4,1,3
S01007114,O P Q. Public administration education and health,92,90,50,40,2,0,2
S01007114,R S T U. Other,16,14,9,5,2,0,2
S01007115,All people aged 16 to 74 in employment,316,286,89,197,30,8,22
S01007115,A B D E. Agriculture energy and water,47,38,3,35,9,0,9
S01007115,C. Manufacturing,63,60,4,56,3,0,3
S01007115,F. Construction,20,13,2,11,7,1,6
S01007115,G I. Distribution hotels and restaurants,69,66,34,32,3,2,1
S01007115,H J. Transport and communication,17,15,1,14,2,1,1
S01007115,K L M N. Financial real estate professional and administrative activities,30,27,11,16,3,2,1
S01007115,O P Q. Public administration education and health,62,60,30,30,2,2,0
S01007115,R S T U. Other,8,7,4,3,1,0,1
S01007116,All people aged 16 to 74 in employment,533,441,155,286,92,15,77
S01007116,A B D E. Agriculture energy and water,110,69,8,61,41,3,38
S01007116,C. Manufacturing,69,65,13,52,4,0,4
S01007116,F. Construction,23,16,1,15,7,2,5
S01007116,G I. Distribution hotels and restaurants,107,86,47,39,21,4,17
S01007116,H J. Transport and communication,23,19,1,18,4,1,3
S01007116,K L M N. Financial real estate professional and administrative activities,69,59,13,46,10,2,8
S01007116,O P Q. Public administration education and health,117,115,67,48,2,1,1
S01007116,R S T U. Other,15,12,5,7,3,2,1
S01007117,All people aged 16 to 74 in employment,246,203,69,134,43,9,34
S01007117,A B D E. Agriculture energy and water,52,28,0,28,24,4,20
S01007117,C. Manufacturing,37,34,5,29,3,0,3
S01007117,F. Construction,7,7,0,7,0,0,0
S01007117,G I. Distribution hotels and restaurants,42,37,25,12,5,1,4
S01007117,H J. Transport and communication,17,14,3,11,3,1,2
S01007117,K L M N. Financial real estate professional and administrative activities,23,18,3,15,5,2,3
S01007117,O P Q. Public administration education and health,65,63,32,31,2,1,1
S01007117,R S T U. Other,3,2,1,1,1,0,1
S01007118,All people aged 16 to 74 in employment,334,314,100,214,20,3,17
S01007118,A B D E. Agriculture energy and water,19,17,1,16,2,0,2
S01007118,C. Manufacturing,88,86,12,74,2,0,2
S01007118,F. Construction,19,16,0,16,3,0,3
S01007118,G I. Distribution hotels and restaurants,82,77,48,29,5,1,4
S01007118,H J. Transport and communication,11,9,0,9,2,0,2
S01007118,K L M N. Financial real estate professional and administrative activities,26,25,4,21,1,0,1
S01007118,O P Q. Public administration education and health,78,76,30,46,2,0,2
S01007118,R S T U. Other,11,8,5,3,3,2,1
S01007119,All people aged 16 to 74 in employment,394,365,120,245,29,6,23
S01007119,A B D E. Agriculture energy and water,36,24,4,20,12,0,12
S01007119,C. Manufacturing,84,82,13,69,2,1,1
S01007119,F. Construction,26,26,1,25,0,0,0
S01007119,G I. Distribution hotels and restaurants,109,104,54,50,5,1,4
S01007119,H J. Transport and communication,25,25,3,22,0,0,0
S01007119,K L M N. Financial real estate professional and administrative activities,36,32,10,22,4,1,3
S01007119,O P Q. Public administration education and health,68,64,31,33,4,2,2
S01007119,R S T U. Other,10,8,4,4,2,1,1
S01007120,All people aged 16 to 74 in employment,539,512,126,386,27,3,24
S01007120,A B D E. Agriculture energy and water,50,42,4,38,8,1,7
S01007120,C. Manufacturing,182,181,20,161,1,0,1
S01007120,F. Construction,29,25,0,25,4,0,4
S01007120,G I. Distribution hotels and restaurants,93,91,42,49,2,0,2
S01007120,H J. Transport and communication,31,29,2,27,2,0,2
S01007120,K L M N. Financial real estate professional and administrative activities,45,39,11,28,6,1,5
S01007120,O P Q. Public administration education and health,88,87,38,49,1,0,1
S01007120,R S T U. Other,21,18,9,9,3,1,2
S01007121,All people aged 16 to 74 in employment,210,194,49,145,16,2,14
S01007121,A B D E. Agriculture energy and water,22,18,2,16,4,0,4
S01007121,C. Manufacturing,67,65,9,56,2,0,2
S01007121,F. Construction,14,12,1,11,2,1,1
S01007121,G I. Distribution hotels and restaurants,47,44,20,24,3,0,3
S01007121,H J. Transport and communication,12,11,0,11,1,0,1
S01007121,K L M N. Financial real estate professional and administrative activities,16,13,6,7,3,1,2
S01007121,O P Q. Public administration education and health,24,23,8,15,1,0,1
S01007121,R S T U. Other,8,8,3,5,0,0,0
S01007122,All people aged 16 to 74 in employment,299,265,72,193,34,6,28
S01007122,A B D E. Agriculture energy and water,37,25,2,23,12,0,12
S01007122,C. Manufacturing,66,63,9,54,3,1,2
S01007122,F. Construction,17,12,0,12,5,0,5
S01007122,G I. Distribution hotels and restaurants,47,47,19,28,0,0,0
S01007122,H J. Transport and communication,16,15,0,15,1,0,1
S01007122,K L M N. Financial real estate professional and administrative activities,22,16,2,14,6,0,6
S01007122,O P Q. Public administration education and health,80,75,30,45,5,3,2
S01007122,R S T U. Other,14,12,10,2,2,2,0
S01007123,All people aged 16 to 74 in employment,310,289,95,194,21,3,18
S01007123,A B D E. Agriculture energy and water,34,27,0,27,7,1,6
S01007123,C. Manufacturing,69,69,12,57,0,0,0
S01007123,F. Construction,26,22,0,22,4,0,4
S01007123,G I. Distribution hotels and restaurants,64,60,32,28,4,0,4
S01007123,H J. Transport and communication,20,18,3,15,2,0,2
S01007123,K L M N. Financial real estate professional and administrative activities,27,23,7,16,4,2,2
S01007123,O P Q. Public administration education and health,64,64,38,26,0,0,0
S01007123,R S T U. Other,6,6,3,3,0,0,0
S01007124,All people aged 16 to 74 in employment,473,432,116,316,41,7,34
S01007124,A B D E. Agriculture energy and water,49,40,1,39,9,2,7
S01007124,C. Manufacturing,105,99,7,92,6,2,4
S01007124,F. Construction,42,35,4,31,7,0,7
S01007124,G I. Distribution hotels and restaurants,92,85,38,47,7,0,7
S01007124,H J. Transport and communication,35,31,4,27,4,2,2
S01007124,K L M N. Financial real estate professional and administrative activities,36,32,10,22,4,0,4
S01007124,O P Q. Public administration education and health,95,94,44,50,1,0,1
S01007124,R S T U. Other,19,16,8,8,3,1,2
S01007125,All people aged 16 to 74 in employment,382,349,109,240,33,13,20
S01007125,A B D E. Agriculture energy and water,35,29,0,29,6,1,5
S01007125,C. Manufacturing,115,112,18,94,3,0,3
S01007125,F. Construction,23,19,1,18,4,3,1
S01007125,G I. Distribution hotels and restaurants,83,74,45,29,9,4,5
S01007125,H J. Transport and communication,18,18,3,15,0,0,0
S01007125,K L M N. Financial real estate professional and administrative activities,42,35,10,25,7,3,4
S01007125,O P Q. Public administration education and health,57,54,27,27,3,2,1
S01007125,R S T U. Other,9,8,5,3,1,0,1
S01007126,All people aged 16 to 74 in employment,407,382,87,295,25,4,21
S01007126,A B D E. Agriculture energy and water,28,23,1,22,5,1,4
S01007126,C. Manufacturing,181,178,20,158,3,0,3
S01007126,F. Construction,24,19,0,19,5,0,5
S01007126,G I. Distribution hotels and restaurants,74,69,30,39,5,1,4
S01007126,H J. Transport and communication,21,18,2,16,3,0,3
S01007126,K L M N. Financial real estate professional and administrative activities,24,23,6,17,1,1,0
S01007126,O P Q. Public administration education and health,42,41,25,16,1,0,1
S01007126,R S T U. Other,13,11,3,8,2,1,1
S01007127,All people aged 16 to 74 in employment,541,500,83,417,41,8,33
S01007127,A B D E. Agriculture energy and water,35,23,0,23,12,2,10
S01007127,C. Manufacturing,244,240,22,218,4,2,2
S01007127,F. Construction,30,25,0,25,5,1,4
S01007127,G I. Distribution hotels and restaurants,87,79,24,55,8,1,7
S01007127,H J. Transport and communication,26,24,2,22,2,0,2
S01007127,K L M N. Financial real estate professional and administrative activities,25,22,5,17,3,0,3
S01007127,O P Q. Public administration education and health,71,67,19,48,4,1,3
S01007127,R S T U. Other,23,20,11,9,3,1,2
S01007128,All people aged 16 to 74 in employment,355,328,111,217,27,7,20
S01007128,A B D E. Agriculture energy and water,43,36,5,31,7,0,7
S01007128,C. Manufacturing,83,80,10,70,3,0,3
S01007128,F. Construction,20,17,1,16,3,1,2
S01007128,G I. Distribution hotels and restaurants,81,76,41,35,5,1,4
S01007128,H J. Transport and communication,20,16,2,14,4,1,3
S01007128,K L M N. Financial real estate professional and administrative activities,28,27,8,19,1,1,0
S01007128,O P Q. Public administration education and health,66,64,36,28,2,1,1
S01007128,R S T U. Other,14,12,8,4,2,2,0
S01007129,All people aged 16 to 74 in employment,503,429,112,317,74,20,54
S01007129,A B D E. Agriculture energy and water,14,12,1,11,2,0,2
S01007129,C. Manufacturing,45,40,4,36,5,0,5
S01007129,F. Construction,32,21,2,19,11,4,7
S01007129,G I. Distribution hotels and restaurants,81,68,26,42,13,2,11
S01007129,H J. Transport and communication,25,21,1,20,4,1,3
S01007129,K L M N. Financial real estate professional and administrative activities,60,44,11,33,16,2,14
S01007129,O P Q. Public administration education and health,235,214,63,151,21,9,12
S01007129,R S T U. Other,11,9,4,5,2,2,0
S01007130,All people aged 16 to 74 in employment,312,271,74,197,41,13,28
S01007130,A B D E. Agriculture energy and water,12,12,0,12,0,0,0
S01007130,C. Manufacturing,24,21,2,19,3,2,1
S01007130,F. Construction,22,13,1,12,9,1,8
S01007130,G I. Distribution hotels and restaurants,57,53,28,25,4,1,3
S01007130,H J. Transport and communication,16,13,1,12,3,1,2
S01007130,K L M N. Financial real estate professional and administrative activities,29,19,3,16,10,3,7
S01007130,O P Q. Public administration education and health,138,132,36,96,6,3,3
S01007130,R S T U. Other,14,8,3,5,6,2,4
S01007131,All people aged 16 to 74 in employment,401,367,97,270,34,10,24
S01007131,A B D E. Agriculture energy and water,14,14,0,14,0,0,0
S01007131,C. Manufacturing,20,20,0,20,0,0,0
S01007131,F. Construction,42,27,0,27,15,3,12
S01007131,G I. Distribution hotels and restaurants,72,65,32,33,7,2,5
S01007131,H J. Transport and communication,18,14,1,13,4,1,3
S01007131,K L M N. Financial real estate professional and administrative activities,42,40,10,30,2,0,2
S01007131,O P Q. Public administration education and health,178,174,48,126,4,2,2
S01007131,R S T U. Other,15,13,6,7,2,2,0
S01007132,All people aged 16 to 74 in employment,362,320,100,220,42,16,26
S01007132,A B D E. Agriculture energy and water,9,7,1,6,2,1,1
S01007132,C. Manufacturing,33,32,0,32,1,0,1
S01007132,F. Construction,28,20,2,18,8,3,5
S01007132,G I. Distribution hotels and restaurants,71,63,41,22,8,3,5
S01007132,H J. Transport and communication,27,22,3,19,5,4,1
S01007132,K L M N. Financial real estate professional and administrative activities,32,24,9,15,8,2,6
S01007132,O P Q. Public administration education and health,152,144,41,103,8,2,6
S01007132,R S T U. Other,10,8,3,5,2,1,1
S01007133,All people aged 16 to 74 in employment,371,287,78,209,84,28,56
S01007133,A B D E. Agriculture energy and water,41,18,1,17,23,4,19
S01007133,C. Manufacturing,26,21,1,20,5,1,4
S01007133,F. Construction,30,21,2,19,9,3,6
S01007133,G I. Distribution hotels and restaurants,64,52,25,27,12,4,8
S01007133,H J. Transport and communication,17,13,1,12,4,0,4
S01007133,K L M N. Financial real estate professional and administrative activities,56,42,11,31,14,6,8
S01007133,O P Q. Public administration education and health,117,107,30,77,10,4,6
S01007133,R S T U. Other,20,13,7,6,7,6,1
S01007134,All people aged 16 to 74 in employment,391,304,85,219,87,17,70
S01007134,A B D E. Agriculture energy and water,30,18,2,16,12,0,12
S01007134,C. Manufacturing,29,23,1,22,6,1,5
S01007134,F. Construction,40,26,1,25,14,1,13
S01007134,G I. Distribution hotels and restaurants,62,46,24,22,16,3,13
S01007134,H J. Transport and communication,25,18,3,15,7,1,6
S01007134,K L M N. Financial real estate professional and administrative activities,49,30,5,25,19,5,14
S01007134,O P Q. Public administration education and health,146,137,45,92,9,4,5
S01007134,R S T U. Other,10,6,4,2,4,2,2
S01007135,All people aged 16 to 74 in employment,281,218,57,161,63,16,47
S01007135,A B D E. Agriculture energy and water,19,9,0,9,10,0,10
S01007135,C. Manufacturing,16,13,0,13,3,0,3
S01007135,F. Construction,20,16,3,13,4,1,3
S01007135,G I. Distribution hotels and restaurants,39,33,13,20,6,0,6
S01007135,H J. Transport and communication,19,14,0,14,5,0,5
S01007135,K L M N. Financial real estate professional and administrative activities,32,18,4,14,14,7,7
S01007135,O P Q. Public administration education and health,113,103,32,71,10,4,6
S01007135,R S T U. Other,23,12,5,7,11,4,7
S01007136,All people aged 16 to 74 in employment,280,209,57,152,71,14,57
S01007136,A B D E. Agriculture energy and water,28,13,4,9,15,2,13
S01007136,C. Manufacturing,15,15,1,14,0,0,0
S01007136,F. Construction,21,8,0,8,13,1,12
S01007136,G I. Distribution hotels and restaurants,44,31,12,19,13,3,10
S01007136,H J. Transport and communication,13,13,2,11,0,0,0
S01007136,K L M N. Financial real estate professional and administrative activities,39,24,8,16,15,4,11
S01007136,O P Q. Public administration education and health,105,98,25,73,7,2,5
S01007136,R S T U. Other,15,7,5,2,8,2,6
S01007137,All people aged 16 to 74 in employment,418,360,91,269,58,16,42
S01007137,A B D E. Agriculture energy and water,15,12,0,12,3,0,3
S01007137,C. Manufacturing,37,36,1,35,1,0,1
S01007137,F. Construction,40,27,0,27,13,3,10
S01007137,G I. Distribution hotels and restaurants,58,50,19,31,8,0,8
S01007137,H J. Transport and communication,19,15,4,11,4,2,2
S01007137,K L M N. Financial real estate professional and administrative activities,50,45,10,35,5,3,2
S01007137,O P Q. Public administration education and health,177,159,51,108,18,4,14
S01007137,R S T U. Other,22,16,6,10,6,4,2
S01007138,All people aged 16 to 74 in employment,320,261,77,184,59,10,49
S01007138,A B D E. Agriculture energy and water,14,9,0,9,5,0,5
S01007138,C. Manufacturing,27,24,3,21,3,0,3
S01007138,F. Construction,31,16,2,14,15,0,15
S01007138,G I. Distribution hotels and restaurants,56,49,17,32,7,2,5
S01007138,H J. Transport and communication,21,14,3,11,7,0,7
S01007138,K L M N. Financial real estate professional and administrative activities,37,30,10,20,7,2,5
S01007138,O P Q. Public administration education and health,121,113,37,76,8,4,4
S01007138,R S T U. Other,13,6,5,1,7,2,5
S01007139,All people aged 16 to 74 in employment,384,314,85,229,70,12,58
S01007139,A B D E. Agriculture energy and water,32,25,0,25,7,2,5
S01007139,C. Manufacturing,28,27,3,24,1,0,1
S01007139,F. Construction,48,33,1,32,15,2,13
S01007139,G I. Distribution hotels and restaurants,73,63,28,35,10,1,9
S01007139,H J. Transport and communication,20,17,2,15,3,0,3
S01007139,K L M N. Financial real estate professional and administrative activities,45,27,10,17,18,2,16
S01007139,O P Q. Public administration education and health,129,118,41,77,11,1,10
S01007139,R S T U. Other,9,4,0,4,5,4,1
S01007140,All people aged 16 to 74 in employment,496,404,119,285,92,34,58
S01007140,A B D E. Agriculture energy and water,52,39,6,33,13,4,9
S01007140,C. Manufacturing,40,34,7,27,6,3,3
S01007140,F. Construction,35,18,7,11,17,3,14
S01007140,G I. Distribution hotels and restaurants,67,53,20,33,14,5,9
S01007140,H J. Transport and communication,44,28,5,23,16,4,12
S01007140,K L M N. Financial real estate professional and administrative activities,62,43,15,28,19,11,8
S01007140,O P Q. Public administration education and health,172,169,49,120,3,3,0
S01007140,R S T U. Other,24,20,10,10,4,1,3
S01007141,All people aged 16 to 74 in employment,357,294,87,207,63,16,47
S01007141,A B D E. Agriculture energy and water,37,25,0,25,12,1,11
S01007141,C. Manufacturing,27,21,3,18,6,1,5
S01007141,F. Construction,41,29,2,27,12,1,11
S01007141,G I. Distribution hotels and restaurants,59,49,24,25,10,1,9
S01007141,H J. Transport and communication,24,19,2,17,5,2,3
S01007141,K L M N. Financial real estate professional and administrative activities,33,23,7,16,10,5,5
S01007141,O P Q. Public administration education and health,121,114,44,70,7,4,3
S01007141,R S T U. Other,15,14,5,9,1,1,0
S01007142,All people aged 16 to 74 in employment,305,272,77,195,33,14,19
S01007142,A B D E. Agriculture energy and water,12,9,0,9,3,1,2
S01007142,C. Manufacturing,24,23,0,23,1,1,0
S01007142,F. Construction,18,15,1,14,3,1,2
S01007142,G I. Distribution hotels and restaurants,46,44,26,18,2,0,2
S01007142,H J. Transport and communication,26,22,3,19,4,2,2
S01007142,K L M N. Financial real estate professional and administrative activities,33,28,5,23,5,2,3
S01007142,O P Q. Public administration education and health,133,125,40,85,8,3,5
S01007142,R S T U. Other,13,6,2,4,7,4,3
S01007143,All people aged 16 to 74 in employment,368,331,89,242,37,10,27
S01007143,A B D E. Agriculture energy and water,21,18,2,16,3,1,2
S01007143,C. Manufacturing,31,31,1,30,0,0,0
S01007143,F. Construction,31,26,0,26,5,1,4
S01007143,G I. Distribution hotels and restaurants,55,50,23,27,5,0,5
S01007143,H J. Transport and communication,23,18,5,13,5,1,4
S01007143,K L M N. Financial real estate professional and administrative activities,47,42,6,36,5,2,3
S01007143,O P Q. Public administration education and health,139,131,45,86,8,1,7
S01007143,R S T U. Other,21,15,7,8,6,4,2
S01007144,All people aged 16 to 74 in employment,372,282,79,203,90,24,66
S01007144,A B D E. Agriculture energy and water,52,31,5,26,21,5,16
S01007144,C. Manufacturing,22,20,4,16,2,1,1
S01007144,F. Construction,29,17,0,17,12,2,10
S01007144,G I. Distribution hotels and restaurants,74,54,20,34,20,4,16
S01007144,H J. Transport and communication,19,14,2,12,5,0,5
S01007144,K L M N. Financial real estate professional and administrative activities,42,28,7,21,14,6,8
S01007144,O P Q. Public administration education and health,117,106,36,70,11,3,8
S01007144,R S T U. Other,17,12,5,7,5,3,2
S01007145,All people aged 16 to 74 in employment,392,349,110,239,43,9,34
S01007145,A B D E. Agriculture energy and water,5,4,0,4,1,0,1
S01007145,C. Manufacturing,18,17,1,16,1,1,0
S01007145,F. Construction,26,17,1,16,9,2,7
S01007145,G I. Distribution hotels and restaurants,87,74,35,39,13,1,12
S01007145,H J. Transport and communication,29,25,4,21,4,1,3
S01007145,K L M N. Financial real estate professional and administrative activities,51,43,13,30,8,1,7
S01007145,O P Q. Public administration education and health,157,153,49,104,4,3,1
S01007145,R S T U. Other,19,16,7,9,3,0,3
S01007146,All people aged 16 to 74 in employment,329,300,100,200,29,7,22
S01007146,A B D E. Agriculture energy and water,9,8,0,8,1,0,1
S01007146,C. Manufacturing,20,17,1,16,3,1,2
S01007146,F. Construction,25,21,1,20,4,0,4
S01007146,G I. Distribution hotels and restaurants,64,57,32,25,7,1,6
S01007146,H J. Transport and communication,21,19,2,17,2,0,2
S01007146,K L M N. Financial real estate professional and administrative activities,36,29,8,21,7,4,3
S01007146,O P Q. Public administration education and health,131,128,47,81,3,0,3
S01007146,R S T U. Other,23,21,9,12,2,1,1
S01007147,All people aged 16 to 74 in employment,348,316,93,223,32,9,23
S01007147,A B D E. Agriculture energy and water,10,9,0,9,1,0,1
S01007147,C. Manufacturing,27,27,4,23,0,0,0
S01007147,F. Construction,20,12,0,12,8,2,6
S01007147,G I. Distribution hotels and restaurants,69,65,31,34,4,1,3
S01007147,H J. Transport and communication,19,17,1,16,2,1,1
S01007147,K L M N. Financial real estate professional and administrative activities,39,35,11,24,4,1,3
S01007147,O P Q. Public administration education and health,145,137,39,98,8,2,6
S01007147,R S T U. Other,19,14,7,7,5,2,3
S01007148,All people aged 16 to 74 in employment,272,239,76,163,33,10,23
S01007148,A B D E. Agriculture energy and water,11,9,2,7,2,0,2
S01007148,C. Manufacturing,22,19,1,18,3,1,2
S01007148,F. Construction,11,6,0,6,5,0,5
S01007148,G I. Distribution hotels and restaurants,64,57,28,29,7,3,4
S01007148,H J. Transport and communication,17,14,1,13,3,0,3
S01007148,K L M N. Financial real estate professional and administrative activities,36,31,5,26,5,1,4
S01007148,O P Q. Public administration education and health,95,91,32,59,4,2,2
S01007148,R S T U. Other,16,12,7,5,4,3,1
S01007149,All people aged 16 to 74 in employment,257,236,73,163,21,9,12
S01007149,A B D E. Agriculture energy and water,4,4,1,3,0,0,0
S01007149,C. Manufacturing,21,21,1,20,0,0,0
S01007149,F. Construction,11,7,0,7,4,2,2
S01007149,G I. Distribution hotels and restaurants,46,42,25,17,4,0,4
S01007149,H J. Transport and communication,17,15,2,13,2,0,2
S01007149,K L M N. Financial real estate professional and administrative activities,26,23,4,19,3,1,2
S01007149,O P Q. Public administration education and health,118,113,35,78,5,4,1
S01007149,R S T U. Other,14,11,5,6,3,2,1
S01007150,All people aged 16 to 74 in employment,280,232,78,154,48,15,33
S01007150,A B D E. Agriculture energy and water,7,5,0,5,2,0,2
S01007150,C. Manufacturing,10,8,0,8,2,0,2
S01007150,F. Construction,15,10,2,8,5,1,4
S01007150,G I. Distribution hotels and restaurants,64,50,28,22,14,1,13
S01007150,H J. Transport and communication,24,17,1,16,7,4,3
S01007150,K L M N. Financial real estate professional and administrative activities,32,20,4,16,12,7,5
S01007150,O P Q. Public administration education and health,111,107,39,68,4,1,3
S01007150,R S T U. Other,17,15,4,11,2,1,1
S01007151,All people aged 16 to 74 in employment,442,394,118,276,48,10,38
S01007151,A B D E. Agriculture energy and water,13,13,1,12,0,0,0
S01007151,C. Manufacturing,28,26,4,22,2,0,2
S01007151,F. Construction,27,14,0,14,13,1,12
S01007151,G I. Distribution hotels and restaurants,77,73,42,31,4,1,3
S01007151,H J. Transport and communication,32,27,1,26,5,3,2
S01007151,K L M N. Financial real estate professional and administrative activities,54,43,6,37,11,3,8
S01007151,O P Q. Public administration education and health,193,182,56,126,11,2,9
S01007151,R S T U. Other,18,16,8,8,2,0,2
S01007152,All people aged 16 to 74 in employment,266,241,68,173,25,3,22
S01007152,A B D E. Agriculture energy and water,8,8,0,8,0,0,0
S01007152,C. Manufacturing,21,19,2,17,2,0,2
S01007152,F. Construction,13,10,1,9,3,0,3
S01007152,G I. Distribution hotels and restaurants,45,37,24,13,8,2,6
S01007152,H J. Transport and communication,15,10,1,9,5,0,5
S01007152,K L M N. Financial real estate professional and administrative activities,34,31,11,20,3,0,3
S01007152,O P Q. Public administration education and health,119,116,24,92,3,0,3
S01007152,R S T U. Other,11,10,5,5,1,1,0
S01007153,All people aged 16 to 74 in employment,293,258,69,189,35,11,24
S01007153,A B D E. Agriculture energy and water,9,9,1,8,0,0,0
S01007153,C. Manufacturing,28,27,2,25,1,0,1
S01007153,F. Construction,30,23,3,20,7,1,6
S01007153,G I. Distribution hotels and restaurants,54,45,19,26,9,2,7
S01007153,H J. Transport and communication,11,6,2,4,5,2,3
S01007153,K L M N. Financial real estate professional and administrative activities,31,24,4,20,7,1,6
S01007153,O P Q. Public administration education and health,123,119,36,83,4,3,1
S01007153,R S T U. Other,7,5,2,3,2,2,0
S01007154,All people aged 16 to 74 in employment,328,295,73,222,33,12,21
S01007154,A B D E. Agriculture energy and water,6,5,0,5,1,0,1
S01007154,C. Manufacturing,19,18,0,18,1,0,1
S01007154,F. Construction,21,16,2,14,5,1,4
S01007154,G I. Distribution hotels and restaurants,69,66,21,45,3,0,3
S01007154,H J. Transport and communication,25,22,5,17,3,3,0
S01007154,K L M N. Financial real estate professional and administrative activities,33,27,8,19,6,0,6
S01007154,O P Q. Public administration education and health,139,129,32,97,10,5,5
S01007154,R S T U. Other,16,12,5,7,4,3,1
S01007155,All people aged 16 to 74 in employment,289,255,81,174,34,9,25
S01007155,A B D E. Agriculture energy and water,9,8,2,6,1,0,1
S01007155,C. Manufacturing,23,21,3,18,2,1,1
S01007155,F. Construction,20,14,0,14,6,0,6
S01007155,G I. Distribution hotels and restaurants,45,38,20,18,7,2,5
S01007155,H J. Transport and communication,13,11,1,10,2,1,1
S01007155,K L M N. Financial real estate professional and administrative activities,27,21,9,12,6,1,5
S01007155,O P Q. Public administration education and health,135,130,41,89,5,2,3
S01007155,R S T U. Other,17,12,5,7,5,2,3
S01007156,All people aged 16 to 74 in employment,358,325,84,241,33,12,21
S01007156,A B D E. Agriculture energy and water,14,13,0,13,1,0,1
S01007156,C. Manufacturing,40,40,2,38,0,0,0
S01007156,F. Construction,40,30,1,29,10,0,10
S01007156,G I. Distribution hotels and restaurants,60,58,27,31,2,2,0
S01007156,H J. Transport and communication,21,16,4,12,5,2,3
S01007156,K L M N. Financial real estate professional and administrative activities,42,37,10,27,5,3,2
S01007156,O P Q. Public administration education and health,122,116,33,83,6,2,4
S01007156,R S T U. Other,19,15,7,8,4,3,1
S01007157,All people aged 16 to 74 in employment,338,303,76,227,35,7,28
S01007157,A B D E. Agriculture energy and water,12,12,0,12,0,0,0
S01007157,C. Manufacturing,38,36,0,36,2,0,2
S01007157,F. Construction,33,22,2,20,11,1,10
S01007157,G I. Distribution hotels and restaurants,62,57,26,31,5,0,5
S01007157,H J. Transport and communication,14,11,0,11,3,0,3
S01007157,K L M N. Financial real estate professional and administrative activities,33,31,5,26,2,1,1
S01007157,O P Q. Public administration education and health,131,122,37,85,9,3,6
S01007157,R S T U. Other,15,12,6,6,3,2,1
S01007158,All people aged 16 to 74 in employment,503,463,122,341,40,15,25
S01007158,A B D E. Agriculture energy and water,25,20,1,19,5,1,4
S01007158,C. Manufacturing,35,31,1,30,4,2,2
S01007158,F. Construction,44,35,1,34,9,3,6
S01007158,G I. Distribution hotels and restaurants,116,107,45,62,9,3,6
S01007158,H J. Transport and communication,38,36,1,35,2,1,1
S01007158,K L M N. Financial real estate professional and administrative activities,45,42,13,29,3,0,3
S01007158,O P Q. Public administration education and health,177,174,52,122,3,2,1
S01007158,R S T U. Other,23,18,8,10,5,3,2
S01007159,All people aged 16 to 74 in employment,396,350,98,252,46,10,36
S01007159,A B D E. Agriculture energy and water,9,6,1,5,3,0,3
S01007159,C. Manufacturing,32,30,2,28,2,0,2
S01007159,F. Construction,39,29,0,29,10,1,9
S01007159,G I. Distribution hotels and restaurants,97,84,39,45,13,1,12
S01007159,H J. Transport and communication,32,28,5,23,4,3,1
S01007159,K L M N. Financial real estate professional and administrative activities,36,29,6,23,7,2,5
S01007159,O P Q. Public administration education and health,124,121,34,87,3,2,1
S01007159,R S T U. Other,27,23,11,12,4,1,3
S01007160,All people aged 16 to 74 in employment,356,319,102,217,37,15,22
S01007160,A B D E. Agriculture energy and water,10,10,0,10,0,0,0
S01007160,C. Manufacturing,29,28,0,28,1,0,1
S01007160,F. Construction,31,24,2,22,7,3,4
S01007160,G I. Distribution hotels and restaurants,81,76,38,38,5,4,1
S01007160,H J. Transport and communication,18,12,1,11,6,2,4
S01007160,K L M N. Financial real estate professional and administrative activities,32,27,13,14,5,2,3
S01007160,O P Q. Public administration education and health,141,133,47,86,8,4,4
S01007160,R S T U. Other,14,9,1,8,5,0,5
S01007161,All people aged 16 to 74 in employment,322,285,69,216,37,9,28
S01007161,A B D E. Agriculture energy and water,12,9,3,6,3,1,2
S01007161,C. Manufacturing,35,34,1,33,1,0,1
S01007161,F. Construction,26,18,2,16,8,1,7
S01007161,G I. Distribution hotels and restaurants,54,48,14,34,6,0,6
S01007161,H J. Transport and communication,12,9,0,9,3,0,3
S01007161,K L M N. Financial real estate professional and administrative activities,39,33,11,22,6,1,5
S01007161,O P Q. Public administration education and health,116,111,28,83,5,3,2
S01007161,R S T U. Other,28,23,10,13,5,3,2
S01007162,All people aged 16 to 74 in employment,237,218,59,159,19,6,13
S01007162,A B D E. Agriculture energy and water,12,12,0,12,0,0,0
S01007162,C. Manufacturing,21,21,0,21,0,0,0
S01007162,F. Construction,15,11,0,11,4,1,3
S01007162,G I. Distribution hotels and restaurants,48,44,22,22,4,0,4
S01007162,H J. Transport and communication,12,12,1,11,0,0,0
S01007162,K L M N. Financial real estate professional and administrative activities,15,14,1,13,1,0,1
S01007162,O P Q. Public administration education and health,95,91,25,66,4,1,3
S01007162,R S T U. Other,19,13,10,3,6,4,2
S01007163,All people aged 16 to 74 in employment,388,346,93,253,42,13,29
S01007163,A B D E. Agriculture energy and water,13,12,2,10,1,0,1
S01007163,C. Manufacturing,26,26,0,26,0,0,0
S01007163,F. Construction,35,29,4,25,6,1,5
S01007163,G I. Distribution hotels and restaurants,67,61,24,37,6,0,6
S01007163,H J. Transport and communication,26,20,8,12,6,0,6
S01007163,K L M N. Financial real estate professional and administrative activities,41,39,11,28,2,0,2
S01007163,O P Q. Public administration education and health,158,148,41,107,10,5,5
S01007163,R S T U. Other,22,11,3,8,11,7,4
S01007164,All people aged 16 to 74 in employment,260,231,75,156,29,7,22
S01007164,A B D E. Agriculture energy and water,7,6,1,5,1,0,1
S01007164,C. Manufacturing,15,13,0,13,2,0,2
S01007164,F. Construction,29,21,3,18,8,1,7
S01007164,G I. Distribution hotels and restaurants,49,47,26,21,2,0,2
S01007164,H J. Transport and communication,12,12,3,9,0,0,0
S01007164,K L M N. Financial real estate professional and administrative activities,26,22,7,15,4,2,2
S01007164,O P Q. Public administration education and health,108,99,30,69,9,3,6
S01007164,R S T U. Other,14,11,5,6,3,1,2
S01007165,All people aged 16 to 74 in employment,384,321,101,220,63,16,47
S01007165,A B D E. Agriculture energy and water,14,12,2,10,2,0,2
S01007165,C. Manufacturing,28,26,2,24,2,0,2
S01007165,F. Construction,34,20,3,17,14,2,12
S01007165,G I. Distribution hotels and restaurants,80,68,29,39,12,4,8
S01007165,H J. Transport and communication,23,19,2,17,4,1,3
S01007165,K L M N. Financial real estate professional and administrative activities,42,31,12,19,11,3,8
S01007165,O P Q. Public administration education and health,137,128,41,87,9,1,8
S01007165,R S T U. Other,26,17,10,7,9,5,4
S01007166,All people aged 16 to 74 in employment,303,266,73,193,37,14,23
S01007166,A B D E. Agriculture energy and water,10,8,1,7,2,0,2
S01007166,C. Manufacturing,28,27,1,26,1,0,1
S01007166,F. Construction,20,14,0,14,6,0,6
S01007166,G I. Distribution hotels and restaurants,50,40,23,17,10,3,7
S01007166,H J. Transport and communication,12,10,1,9,2,0,2
S01007166,K L M N. Financial real estate professional and administrative activities,31,21,7,14,10,6,4
S01007166,O P Q. Public administration education and health,133,129,32,97,4,4,0
S01007166,R S T U. Other,19,17,8,9,2,1,1
S01007167,All people aged 16 to 74 in employment,399,342,105,237,57,18,39
S01007167,A B D E. Agriculture energy and water,10,8,0,8,2,0,2
S01007167,C. Manufacturing,38,35,2,33,3,1,2
S01007167,F. Construction,35,22,3,19,13,3,10
S01007167,G I. Distribution hotels and restaurants,87,74,43,31,13,5,8
S01007167,H J. Transport and communication,15,12,4,8,3,0,3
S01007167,K L M N. Financial real estate professional and administrative activities,41,35,10,25,6,1,5
S01007167,O P Q. Public administration education and health,149,140,38,102,9,2,7
S01007167,R S T U. Other,24,16,5,11,8,6,2
S01007168,All people aged 16 to 74 in employment,500,448,143,305,52,19,33
S01007168,A B D E. Agriculture energy and water,16,15,1,14,1,1,0
S01007168,C. Manufacturing,49,45,6,39,4,0,4
S01007168,F. Construction,35,21,2,19,14,6,8
S01007168,G I. Distribution hotels and restaurants,103,94,50,44,9,1,8
S01007168,H J. Transport and communication,28,23,4,19,5,2,3
S01007168,K L M N. Financial real estate professional and administrative activities,46,39,12,27,7,2,5
S01007168,O P Q. Public administration education and health,198,188,58,130,10,6,4
S01007168,R S T U. Other,25,23,10,13,2,1,1
S01007169,All people aged 16 to 74 in employment,367,332,110,222,35,9,26
S01007169,A B D E. Agriculture energy and water,11,10,0,10,1,0,1
S01007169,C. Manufacturing,36,33,2,31,3,1,2
S01007169,F. Construction,29,20,1,19,9,2,7
S01007169,G I. Distribution hotels and restaurants,77,69,38,31,8,3,5
S01007169,H J. Transport and communication,25,22,5,17,3,1,2
S01007169,K L M N. Financial real estate professional and administrative activities,38,36,13,23,2,0,2
S01007169,O P Q. Public administration education and health,134,129,43,86,5,1,4
S01007169,R S T U. Other,17,13,8,5,4,1,3
S01007170,All people aged 16 to 74 in employment,352,258,76,182,94,31,63
S01007170,A B D E. Agriculture energy and water,67,40,8,32,27,3,24
S01007170,C. Manufacturing,28,24,3,21,4,1,3
S01007170,F. Construction,26,11,1,10,15,3,12
S01007170,G I. Distribution hotels and restaurants,59,49,17,32,10,4,6
S01007170,H J. Transport and communication,18,14,4,10,4,0,4
S01007170,K L M N. Financial real estate professional and administrative activities,29,17,3,14,12,7,5
S01007170,O P Q. Public administration education and health,105,92,35,57,13,7,6
S01007170,R S T U. Other,20,11,5,6,9,6,3
S01007171,All people aged 16 to 74 in employment,504,411,86,325,93,27,66
S01007171,A B D E. Agriculture energy and water,110,77,5,72,33,9,24
S01007171,C. Manufacturing,60,54,3,51,6,1,5
S01007171,F. Construction,45,33,2,31,12,2,10
S01007171,G I. Distribution hotels and restaurants,80,66,34,32,14,4,10
S01007171,H J. Transport and communication,16,12,0,12,4,1,3
S01007171,K L M N. Financial real estate professional and administrative activities,39,30,7,23,9,1,8
S01007171,O P Q. Public administration education and health,138,125,29,96,13,8,5
S01007171,R S T U. Other,16,14,6,8,2,1,1
S01007172,All people aged 16 to 74 in employment,362,289,74,215,73,11,62
S01007172,A B D E. Agriculture energy and water,52,35,1,34,17,3,14
S01007172,C. Manufacturing,29,25,3,22,4,1,3
S01007172,F. Construction,27,18,2,16,9,2,7
S01007172,G I. Distribution hotels and restaurants,71,56,25,31,15,1,14
S01007172,H J. Transport and communication,15,13,1,12,2,0,2
S01007172,K L M N. Financial real estate professional and administrative activities,52,36,6,30,16,1,15
S01007172,O P Q. Public administration education and health,100,95,30,65,5,1,4
S01007172,R S T U. Other,16,11,6,5,5,2,3
S01007173,All people aged 16 to 74 in employment,488,438,120,318,50,12,38
S01007173,A B D E. Agriculture energy and water,35,32,1,31,3,0,3
S01007173,C. Manufacturing,55,53,4,49,2,0,2
S01007173,F. Construction,55,39,2,37,16,2,14
S01007173,G I. Distribution hotels and restaurants,85,81,37,44,4,1,3
S01007173,H J. Transport and communication,23,16,3,13,7,2,5
S01007173,K L M N. Financial real estate professional and administrative activities,42,34,6,28,8,2,6
S01007173,O P Q. Public administration education and health,177,171,59,112,6,2,4
S01007173,R S T U. Other,16,12,8,4,4,3,1
S01007174,All people aged 16 to 74 in employment,423,375,119,256,48,12,36
S01007174,A B D E. Agriculture energy and water,32,29,2,27,3,1,2
S01007174,C. Manufacturing,40,38,1,37,2,0,2
S01007174,F. Construction,48,35,3,32,13,1,12
S01007174,G I. Distribution hotels and restaurants,85,75,43,32,10,3,7
S01007174,H J. Transport and communication,23,17,2,15,6,2,4
S01007174,K L M N. Financial real estate professional and administrative activities,50,42,12,30,8,2,6
S01007174,O P Q. Public administration education and health,132,126,48,78,6,3,3
S01007174,R S T U. Other,13,13,8,5,0,0,0
S01007175,All people aged 16 to 74 in employment,268,250,74,176,18,5,13
S01007175,A B D E. Agriculture energy and water,18,14,1,13,4,1,3
S01007175,C. Manufacturing,35,35,4,31,0,0,0
S01007175,F. Construction,18,14,1,13,4,0,4
S01007175,G I. Distribution hotels and restaurants,42,40,26,14,2,0,2
S01007175,H J. Transport and communication,16,15,1,14,1,1,0
S01007175,K L M N. Financial real estate professional and administrative activities,35,33,12,21,2,2,0
S01007175,O P Q. Public administration education and health,96,92,25,67,4,0,4
S01007175,R S T U. Other,8,7,4,3,1,1,0
S01007176,All people aged 16 to 74 in employment,319,294,96,198,25,7,18
S01007176,A B D E. Agriculture energy and water,19,17,1,16,2,1,1
S01007176,C. Manufacturing,28,28,4,24,0,0,0
S01007176,F. Construction,11,8,0,8,3,0,3
S01007176,G I. Distribution hotels and restaurants,71,66,39,27,5,3,2
S01007176,H J. Transport and communication,18,13,3,10,5,0,5
S01007176,K L M N. Financial real estate professional and administrative activities,21,19,6,13,2,0,2
S01007176,O P Q. Public administration education and health,142,136,40,96,6,1,5
S01007176,R S T U. Other,9,7,3,4,2,2,0
S01007177,All people aged 16 to 74 in employment,252,234,77,157,18,4,14
S01007177,A B D E. Agriculture energy and water,10,7,0,7,3,0,3
S01007177,C. Manufacturing,33,32,1,31,1,1,0
S01007177,F. Construction,18,16,0,16,2,0,2
S01007177,G I. Distribution hotels and restaurants,71,66,36,30,5,2,3
S01007177,H J. Transport and communication,16,14,3,11,2,0,2
S01007177,K L M N. Financial real estate professional and administrative activities,21,18,6,12,3,1,2
S01007177,O P Q. Public administration education and health,72,71,24,47,1,0,1
S01007177,R S T U. Other,11,10,7,3,1,0,1
S01007178,All people aged 16 to 74 in employment,453,404,119,285,49,14,35
S01007178,A B D E. Agriculture energy and water,29,25,0,25,4,1,3
S01007178,C. Manufacturing,59,56,0,56,3,1,2
S01007178,F. Construction,43,29,2,27,14,2,12
S01007178,G I. Distribution hotels and restaurants,106,94,47,47,12,4,8
S01007178,H J. Transport and communication,30,27,5,22,3,2,1
S01007178,K L M N. Financial real estate professional and administrative activities,36,31,10,21,5,4,1
S01007178,O P Q. Public administration education and health,120,119,42,77,1,0,1
S01007178,R S T U. Other,30,23,13,10,7,0,7
S01007179,All people aged 16 to 74 in employment,488,446,153,293,42,15,27
S01007179,A B D E. Agriculture energy and water,37,32,5,27,5,1,4
S01007179,C. Manufacturing,62,58,3,55,4,1,3
S01007179,F. Construction,35,28,4,24,7,1,6
S01007179,G I. Distribution hotels and restaurants,88,82,45,37,6,2,4
S01007179,H J. Transport and communication,23,20,3,17,3,2,1
S01007179,K L M N. Financial real estate professional and administrative activities,36,30,11,19,6,1,5
S01007179,O P Q. Public administration education and health,190,187,76,111,3,2,1
S01007179,R S T U. Other,17,9,6,3,8,5,3
S01007180,All people aged 16 to 74 in employment,309,267,88,179,42,14,28
S01007180,A B D E. Agriculture energy and water,24,20,0,20,4,1,3
S01007180,C. Manufacturing,41,38,1,37,3,1,2
S01007180,F. Construction,26,16,2,14,10,1,9
S01007180,G I. Distribution hotels and restaurants,49,39,22,17,10,7,3
S01007180,H J. Transport and communication,13,8,1,7,5,1,4
S01007180,K L M N. Financial real estate professional and administrative activities,35,30,9,21,5,0,5
S01007180,O P Q. Public administration education and health,110,108,47,61,2,1,1
S01007180,R S T U. Other,11,8,6,2,3,2,1
S01007181,All people aged 16 to 74 in employment,349,281,91,190,68,23,45
S01007181,A B D E. Agriculture energy and water,26,23,0,23,3,1,2
S01007181,C. Manufacturing,34,27,1,26,7,2,5
S01007181,F. Construction,30,19,3,16,11,3,8
S01007181,G I. Distribution hotels and restaurants,64,50,29,21,14,5,9
S01007181,H J. Transport and communication,12,11,2,9,1,0,1
S01007181,K L M N. Financial real estate professional and administrative activities,37,24,8,16,13,4,9
S01007181,O P Q. Public administration education and health,125,112,43,69,13,4,9
S01007181,R S T U. Other,21,15,5,10,6,4,2
S01007182,All people aged 16 to 74 in employment,501,435,113,322,66,15,51
S01007182,A B D E. Agriculture energy and water,35,31,3,28,4,1,3
S01007182,C. Manufacturing,72,63,5,58,9,0,9
S01007182,F. Construction,42,30,2,28,12,2,10
S01007182,G I. Distribution hotels and restaurants,87,77,44,33,10,1,9
S01007182,H J. Transport and communication,34,30,4,26,4,1,3
S01007182,K L M N. Financial real estate professional and administrative activities,47,40,6,34,7,2,5
S01007182,O P Q. Public administration education and health,161,150,45,105,11,6,5
S01007182,R S T U. Other,23,14,4,10,9,2,7
S01007183,All people aged 16 to 74 in employment,488,433,111,322,55,20,35
S01007183,A B D E. Agriculture energy and water,35,29,1,28,6,2,4
S01007183,C. Manufacturing,65,63,4,59,2,0,2
S01007183,F. Construction,48,36,2,34,12,2,10
S01007183,G I. Distribution hotels and restaurants,73,64,34,30,9,1,8
S01007183,H J. Transport and communication,14,8,1,7,6,2,4
S01007183,K L M N. Financial real estate professional and administrative activities,66,59,8,51,7,4,3
S01007183,O P Q. Public administration education and health,156,150,50,100,6,4,2
S01007183,R S T U. Other,31,24,11,13,7,5,2
S01007184,All people aged 16 to 74 in employment,485,449,102,347,36,10,26
S01007184,A B D E. Agriculture energy and water,20,16,0,16,4,1,3
S01007184,C. Manufacturing,75,71,4,67,4,0,4
S01007184,F. Construction,44,37,4,33,7,0,7
S01007184,G I. Distribution hotels and restaurants,106,98,39,59,8,3,5
S01007184,H J. Transport and communication,25,22,2,20,3,0,3
S01007184,K L M N. Financial real estate professional and administrative activities,49,46,10,36,3,1,2
S01007184,O P Q. Public administration education and health,143,142,36,106,1,1,0
S01007184,R S T U. Other,23,17,7,10,6,4,2
S01007185,All people aged 16 to 74 in employment,337,301,101,200,36,12,24
S01007185,A B D E. Agriculture energy and water,25,22,2,20,3,0,3
S01007185,C. Manufacturing,36,35,5,30,1,1,0
S01007185,F. Construction,25,18,1,17,7,1,6
S01007185,G I. Distribution hotels and restaurants,69,57,29,28,12,5,7
S01007185,H J. Transport and communication,12,10,3,7,2,0,2
S01007185,K L M N. Financial real estate professional and administrative activities,33,30,12,18,3,0,3
S01007185,O P Q. Public administration education and health,110,108,43,65,2,2,0
S01007185,R S T U. Other,27,21,6,15,6,3,3
S01007186,All people aged 16 to 74 in employment,256,232,85,147,24,5,19
S01007186,A B D E. Agriculture energy and water,17,15,1,14,2,0,2
S01007186,C. Manufacturing,32,27,2,25,5,0,5
S01007186,F. Construction,25,20,3,17,5,0,5
S01007186,G I. Distribution hotels and restaurants,71,64,31,33,7,2,5
S01007186,H J. Transport and communication,12,11,5,6,1,1,0
S01007186,K L M N. Financial real estate professional and administrative activities,26,23,8,15,3,2,1
S01007186,O P Q. Public administration education and health,57,57,27,30,0,0,0
S01007186,R S T U. Other,16,15,8,7,1,0,1
S01007187,All people aged 16 to 74 in employment,367,325,95,230,42,9,33
S01007187,A B D E. Agriculture energy and water,24,24,1,23,0,0,0
S01007187,C. Manufacturing,49,48,2,46,1,0,1
S01007187,F. Construction,35,24,0,24,11,1,10
S01007187,G I. Distribution hotels and restaurants,95,83,39,44,12,3,9
S01007187,H J. Transport and communication,16,13,3,10,3,1,2
S01007187,K L M N. Financial real estate professional and administrative activities,27,24,8,16,3,1,2
S01007187,O P Q. Public administration education and health,87,85,33,52,2,0,2
S01007187,R S T U. Other,34,24,9,15,10,3,7
S01007188,All people aged 16 to 74 in employment,321,280,68,212,41,15,26
S01007188,A B D E. Agriculture energy and water,24,21,0,21,3,1,2
S01007188,C. Manufacturing,42,39,3,36,3,1,2
S01007188,F. Construction,43,30,1,29,13,1,12
S01007188,G I. Distribution hotels and restaurants,71,61,28,33,10,4,6
S01007188,H J. Transport and communication,11,9,0,9,2,0,2
S01007188,K L M N. Financial real estate professional and administrative activities,31,27,5,22,4,3,1
S01007188,O P Q. Public administration education and health,89,85,29,56,4,3,1
S01007188,R S T U. Other,10,8,2,6,2,2,0
S01007189,All people aged 16 to 74 in employment,300,263,75,188,37,8,29
S01007189,A B D E. Agriculture energy and water,22,16,1,15,6,1,5
S01007189,C. Manufacturing,33,32,1,31,1,0,1
S01007189,F. Construction,20,13,1,12,7,0,7
S01007189,G I. Distribution hotels and restaurants,74,65,37,28,9,4,5
S01007189,H J. Transport and communication,18,17,2,15,1,1,0
S01007189,K L M N. Financial real estate professional and administrative activities,28,21,2,19,7,2,5
S01007189,O P Q. Public administration education and health,87,83,22,61,4,0,4
S01007189,R S T U. Other,18,16,9,7,2,0,2
S01007190,All people aged 16 to 74 in employment,346,298,102,196,48,9,39
S01007190,A B D E. Agriculture energy and water,25,18,1,17,7,0,7
S01007190,C. Manufacturing,43,39,8,31,4,0,4
S01007190,F. Construction,34,23,0,23,11,1,10
S01007190,G I. Distribution hotels and restaurants,70,58,29,29,12,4,8
S01007190,H J. Transport and communication,17,12,2,10,5,0,5
S01007190,K L M N. Financial real estate professional and administrative activities,21,15,5,10,6,3,3
S01007190,O P Q. Public administration education and health,119,118,52,66,1,1,0
S01007190,R S T U. Other,17,15,5,10,2,0,2
S01007191,All people aged 16 to 74 in employment,301,268,94,174,33,9,24
S01007191,A B D E. Agriculture energy and water,25,24,2,22,1,0,1
S01007191,C. Manufacturing,42,40,2,38,2,0,2
S01007191,F. Construction,25,16,1,15,9,1,8
S01007191,G I. Distribution hotels and restaurants,84,74,46,28,10,2,8
S01007191,H J. Transport and communication,13,10,1,9,3,0,3
S01007191,K L M N. Financial real estate professional and administrative activities,26,22,9,13,4,2,2
S01007191,O P Q. Public administration education and health,80,77,31,46,3,3,0
S01007191,R S T U. Other,6,5,2,3,1,1,0
S01007192,All people aged 16 to 74 in employment,269,249,93,156,20,7,13
S01007192,A B D E. Agriculture energy and water,17,17,0,17,0,0,0
S01007192,C. Manufacturing,25,24,2,22,1,0,1
S01007192,F. Construction,30,23,0,23,7,0,7
S01007192,G I. Distribution hotels and restaurants,72,70,42,28,2,0,2
S01007192,H J. Transport and communication,18,16,5,11,2,2,0
S01007192,K L M N. Financial real estate professional and administrative activities,30,28,15,13,2,1,1
S01007192,O P Q. Public administration education and health,60,56,25,31,4,2,2
S01007192,R S T U. Other,17,15,4,11,2,2,0
S01007193,All people aged 16 to 74 in employment,337,302,87,215,35,7,28
S01007193,A B D E. Agriculture energy and water,24,23,0,23,1,0,1
S01007193,C. Manufacturing,35,35,2,33,0,0,0
S01007193,F. Construction,45,31,0,31,14,1,13
S01007193,G I. Distribution hotels and restaurants,71,67,32,35,4,0,4
S01007193,H J. Transport and communication,17,16,0,16,1,0,1
S01007193,K L M N. Financial real estate professional and administrative activities,34,30,10,20,4,0,4
S01007193,O P Q. Public administration education and health,96,92,38,54,4,1,3
S01007193,R S T U. Other,15,8,5,3,7,5,2
S01007194,All people aged 16 to 74 in employment,223,206,85,121,17,4,13
S01007194,A B D E. Agriculture energy and water,20,20,1,19,0,0,0
S01007194,C. Manufacturing,23,23,2,21,0,0,0
S01007194,F. Construction,21,15,2,13,6,0,6
S01007194,G I. Distribution hotels and restaurants,57,54,32,22,3,1,2
S01007194,H J. Transport and communication,15,13,4,9,2,1,1
S01007194,K L M N. Financial real estate professional and administrative activities,17,16,6,10,1,0,1
S01007194,O P Q. Public administration education and health,58,56,33,23,2,0,2
S01007194,R S T U. Other,12,9,5,4,3,2,1
S01007195,All people aged 16 to 74 in employment,220,196,63,133,24,5,19
S01007195,A B D E. Agriculture energy and water,14,12,0,12,2,0,2
S01007195,C. Manufacturing,26,25,1,24,1,0,1
S01007195,F. Construction,23,18,0,18,5,0,5
S01007195,G I. Distribution hotels and restaurants,55,48,30,18,7,2,5
S01007195,H J. Transport and communication,11,11,3,8,0,0,0
S01007195,K L M N. Financial real estate professional and administrative activities,23,18,3,15,5,2,3
S01007195,O P Q. Public administration education and health,56,55,23,32,1,1,0
S01007195,R S T U. Other,12,9,3,6,3,0,3
S01007196,All people aged 16 to 74 in employment,315,296,84,212,19,7,12
S01007196,A B D E. Agriculture energy and water,19,17,0,17,2,0,2
S01007196,C. Manufacturing,38,37,0,37,1,1,0
S01007196,F. Construction,36,27,0,27,9,1,8
S01007196,G I. Distribution hotels and restaurants,78,78,38,40,0,0,0
S01007196,H J. Transport and communication,16,16,3,13,0,0,0
S01007196,K L M N. Financial real estate professional and administrative activities,19,16,4,12,3,2,1
S01007196,O P Q. Public administration education and health,98,94,36,58,4,3,1
S01007196,R S T U. Other,11,11,3,8,0,0,0
S01007197,All people aged 16 to 74 in employment,241,223,86,137,18,7,11
S01007197,A B D E. Agriculture energy and water,8,8,1,7,0,0,0
S01007197,C. Manufacturing,29,28,1,27,1,1,0
S01007197,F. Construction,25,20,0,20,5,1,4
S01007197,G I. Distribution hotels and restaurants,70,67,34,33,3,1,2
S01007197,H J. Transport and communication,15,11,2,9,4,1,3
S01007197,K L M N. Financial real estate professional and administrative activities,20,18,9,9,2,1,1
S01007197,O P Q. Public administration education and health,66,64,32,32,2,2,0
S01007197,R S T U. Other,8,7,7,0,1,0,1
S01007198,All people aged 16 to 74 in employment,211,189,63,126,22,8,14
S01007198,A B D E. Agriculture energy and water,12,12,2,10,0,0,0
S01007198,C. Manufacturing,20,18,0,18,2,0,2
S01007198,F. Construction,17,10,0,10,7,0,7
S01007198,G I. Distribution hotels and restaurants,55,52,29,23,3,1,2
S01007198,H J. Transport and communication,7,6,1,5,1,0,1
S01007198,K L M N. Financial real estate professional and administrative activities,33,29,8,21,4,3,1
S01007198,O P Q. Public administration education and health,60,56,19,37,4,4,0
S01007198,R S T U. Other,7,6,4,2,1,0,1
S01007199,All people aged 16 to 74 in employment,297,280,109,171,17,2,15
S01007199,A B D E. Agriculture energy and water,14,12,1,11,2,0,2
S01007199,C. Manufacturing,38,37,1,36,1,0,1
S01007199,F. Construction,24,16,1,15,8,1,7
S01007199,G I. Distribution hotels and restaurants,81,80,51,29,1,0,1
S01007199,H J. Transport and communication,17,14,1,13,3,0,3
S01007199,K L M N. Financial real estate professional and administrative activities,44,42,17,25,2,1,1
S01007199,O P Q. Public administration education and health,66,66,28,38,0,0,0
S01007199,R S T U. Other,13,13,9,4,0,0,0
S01007200,All people aged 16 to 74 in employment,440,406,117,289,34,9,25
S01007200,A B D E. Agriculture energy and water,22,21,1,20,1,0,1
S01007200,C. Manufacturing,58,57,4,53,1,0,1
S01007200,F. Construction,52,41,2,39,11,2,9
S01007200,G I. Distribution hotels and restaurants,100,97,43,54,3,1,2
S01007200,H J. Transport and communication,22,19,3,16,3,0,3
S01007200,K L M N. Financial real estate professional and administrative activities,46,39,8,31,7,3,4
S01007200,O P Q. Public administration education and health,121,120,49,71,1,1,0
S01007200,R S T U. Other,19,12,7,5,7,2,5
S01007201,All people aged 16 to 74 in employment,321,297,79,218,24,7,17
S01007201,A B D E. Agriculture energy and water,24,23,2,21,1,0,1
S01007201,C. Manufacturing,38,37,8,29,1,0,1
S01007201,F. Construction,32,27,2,25,5,0,5
S01007201,G I. Distribution hotels and restaurants,60,54,20,34,6,3,3
S01007201,H J. Transport and communication,29,23,6,17,6,2,4
S01007201,K L M N. Financial real estate professional and administrative activities,28,23,6,17,5,2,3
S01007201,O P Q. Public administration education and health,96,96,29,67,0,0,0
S01007201,R S T U. Other,14,14,6,8,0,0,0
S01007202,All people aged 16 to 74 in employment,333,302,81,221,31,10,21
S01007202,A B D E. Agriculture energy and water,13,12,0,12,1,0,1
S01007202,C. Manufacturing,52,49,1,48,3,2,1
S01007202,F. Construction,33,27,0,27,6,1,5
S01007202,G I. Distribution hotels and restaurants,70,63,32,31,7,2,5
S01007202,H J. Transport and communication,25,20,1,19,5,1,4
S01007202,K L M N. Financial real estate professional and administrative activities,26,24,5,19,2,1,1
S01007202,O P Q. Public administration education and health,99,93,34,59,6,3,3
S01007202,R S T U. Other,15,14,8,6,1,0,1
S01007203,All people aged 16 to 74 in employment,318,286,100,186,32,7,25
S01007203,A B D E. Agriculture energy and water,22,21,1,20,1,0,1
S01007203,C. Manufacturing,38,37,1,36,1,0,1
S01007203,F. Construction,30,20,0,20,10,0,10
S01007203,G I. Distribution hotels and restaurants,73,66,44,22,7,3,4
S01007203,H J. Transport and communication,16,12,1,11,4,0,4
S01007203,K L M N. Financial real estate professional and administrative activities,29,25,9,16,4,2,2
S01007203,O P Q. Public administration education and health,97,94,39,55,3,1,2
S01007203,R S T U. Other,13,11,5,6,2,1,1
S01007204,All people aged 16 to 74 in employment,511,403,125,278,108,31,77
S01007204,A B D E. Agriculture energy and water,72,57,6,51,15,7,8
S01007204,C. Manufacturing,39,30,3,27,9,4,5
S01007204,F. Construction,53,31,4,27,22,5,17
S01007204,G I. Distribution hotels and restaurants,92,68,33,35,24,5,19
S01007204,H J. Transport and communication,29,21,2,19,8,1,7
S01007204,K L M N. Financial real estate professional and administrative activities,61,48,14,34,13,3,10
S01007204,O P Q. Public administration education and health,141,132,54,78,9,4,5
S01007204,R S T U. Other,24,16,9,7,8,2,6
S01007205,All people aged 16 to 74 in employment,332,260,78,182,72,18,54
S01007205,A B D E. Agriculture energy and water,52,39,1,38,13,2,11
S01007205,C. Manufacturing,30,25,2,23,5,1,4
S01007205,F. Construction,23,12,1,11,11,1,10
S01007205,G I. Distribution hotels and restaurants,55,46,26,20,9,4,5
S01007205,H J. Transport and communication,29,22,4,18,7,2,5
S01007205,K L M N. Financial real estate professional and administrative activities,36,26,9,17,10,3,7
S01007205,O P Q. Public administration education and health,91,81,30,51,10,3,7
S01007205,R S T U. Other,16,9,5,4,7,2,5
S01007206,All people aged 16 to 74 in employment,179,163,42,121,16,9,7
S01007206,A B D E. Agriculture energy and water,17,15,0,15,2,0,2
S01007206,C. Manufacturing,17,15,0,15,2,0,2
S01007206,F. Construction,17,14,0,14,3,2,1
S01007206,G I. Distribution hotels and restaurants,37,36,19,17,1,1,0
S01007206,H J. Transport and communication,16,14,2,12,2,1,1
S01007206,K L M N. Financial real estate professional and administrative activities,20,19,4,15,1,0,1
S01007206,O P Q. Public administration education and health,46,45,16,29,1,1,0
S01007206,R S T U. Other,9,5,1,4,4,4,0
S01007207,All people aged 16 to 74 in employment,451,399,133,266,52,18,34
S01007207,A B D E. Agriculture energy and water,30,24,1,23,6,1,5
S01007207,C. Manufacturing,58,57,3,54,1,1,0
S01007207,F. Construction,40,28,6,22,12,2,10
S01007207,G I. Distribution hotels and restaurants,109,96,50,46,13,4,9
S01007207,H J. Transport and communication,27,18,3,15,9,6,3
S01007207,K L M N. Financial real estate professional and administrative activities,47,42,12,30,5,2,3
S01007207,O P Q. Public administration education and health,125,121,52,69,4,1,3
S01007207,R S T U. Other,15,13,6,7,2,1,1
S01007208,All people aged 16 to 74 in employment,438,414,112,302,24,2,22
S01007208,A B D E. Agriculture energy and water,24,24,0,24,0,0,0
S01007208,C. Manufacturing,58,54,6,48,4,0,4
S01007208,F. Construction,37,32,2,30,5,0,5
S01007208,G I. Distribution hotels and restaurants,104,97,49,48,7,1,6
S01007208,H J. Transport and communication,28,27,3,24,1,1,0
S01007208,K L M N. Financial real estate professional and administrative activities,62,57,9,48,5,0,5
S01007208,O P Q. Public administration education and health,115,114,40,74,1,0,1
S01007208,R S T U. Other,10,9,3,6,1,0,1
S01007209,All people aged 16 to 74 in employment,359,313,89,224,46,9,37
S01007209,A B D E. Agriculture energy and water,32,29,5,24,3,0,3
S01007209,C. Manufacturing,33,27,2,25,6,2,4
S01007209,F. Construction,27,21,1,20,6,1,5
S01007209,G I. Distribution hotels and restaurants,94,80,38,42,14,2,12
S01007209,H J. Transport and communication,21,17,4,13,4,0,4
S01007209,K L M N. Financial real estate professional and administrative activities,38,31,5,26,7,2,5
S01007209,O P Q. Public administration education and health,96,93,29,64,3,1,2
S01007209,R S T U. Other,18,15,5,10,3,1,2
S01007210,All people aged 16 to 74 in employment,372,342,106,236,30,10,20
S01007210,A B D E. Agriculture energy and water,22,22,1,21,0,0,0
S01007210,C. Manufacturing,55,51,2,49,4,1,3
S01007210,F. Construction,38,30,5,25,8,0,8
S01007210,G I. Distribution hotels and restaurants,96,92,43,49,4,2,2
S01007210,H J. Transport and communication,26,24,9,15,2,0,2
S01007210,K L M N. Financial real estate professional and administrative activities,30,28,7,21,2,2,0
S01007210,O P Q. Public administration education and health,81,79,33,46,2,2,0
S01007210,R S T U. Other,24,16,6,10,8,3,5
S01007211,All people aged 16 to 74 in employment,411,374,121,253,37,11,26
S01007211,A B D E. Agriculture energy and water,21,21,0,21,0,0,0
S01007211,C. Manufacturing,53,52,1,51,1,1,0
S01007211,F. Construction,40,32,5,27,8,1,7
S01007211,G I. Distribution hotels and restaurants,105,97,57,40,8,2,6
S01007211,H J. Transport and communication,22,14,3,11,8,2,6
S01007211,K L M N. Financial real estate professional and administrative activities,30,25,4,21,5,1,4
S01007211,O P Q. Public administration education and health,121,119,45,74,2,2,0
S01007211,R S T U. Other,19,14,6,8,5,2,3
S01007212,All people aged 16 to 74 in employment,275,240,69,171,35,13,22
S01007212,A B D E. Agriculture energy and water,29,24,3,21,5,2,3
S01007212,C. Manufacturing,32,32,1,31,0,0,0
S01007212,F. Construction,22,15,3,12,7,1,6
S01007212,G I. Distribution hotels and restaurants,62,57,23,34,5,2,3
S01007212,H J. Transport and communication,17,12,2,10,5,2,3
S01007212,K L M N. Financial real estate professional and administrative activities,28,21,5,16,7,4,3
S01007212,O P Q. Public administration education and health,70,68,27,41,2,0,2
S01007212,R S T U. Other,15,11,5,6,4,2,2
S01007213,All people aged 16 to 74 in employment,393,345,111,234,48,15,33
S01007213,A B D E. Agriculture energy and water,36,32,2,30,4,0,4
S01007213,C. Manufacturing,45,42,3,39,3,0,3
S01007213,F. Construction,26,20,2,18,6,1,5
S01007213,G I. Distribution hotels and restaurants,87,76,42,34,11,7,4
S01007213,H J. Transport and communication,22,18,2,16,4,0,4
S01007213,K L M N. Financial real estate professional and administrative activities,41,32,9,23,9,4,5
S01007213,O P Q. Public administration education and health,115,109,44,65,6,0,6
S01007213,R S T U. Other,21,16,7,9,5,3,2
S01007214,All people aged 16 to 74 in employment,321,286,69,217,35,6,29
S01007214,A B D E. Agriculture energy and water,26,24,1,23,2,0,2
S01007214,C. Manufacturing,34,33,2,31,1,0,1
S01007214,F. Construction,30,24,2,22,6,1,5
S01007214,G I. Distribution hotels and restaurants,85,75,37,38,10,1,9
S01007214,H J. Transport and communication,18,14,0,14,4,0,4
S01007214,K L M N. Financial real estate professional and administrative activities,35,30,5,25,5,3,2
S01007214,O P Q. Public administration education and health,79,75,16,59,4,1,3
S01007214,R S T U. Other,14,11,6,5,3,0,3
S01007215,All people aged 16 to 74 in employment,371,331,97,234,40,11,29
S01007215,A B D E. Agriculture energy and water,29,20,1,19,9,2,7
S01007215,C. Manufacturing,50,49,1,48,1,0,1
S01007215,F. Construction,33,28,3,25,5,0,5
S01007215,G I. Distribution hotels and restaurants,82,73,33,40,9,3,6
S01007215,H J. Transport and communication,23,20,2,18,3,1,2
S01007215,K L M N. Financial real estate professional and administrative activities,39,35,8,27,4,0,4
S01007215,O P Q. Public administration education and health,95,92,41,51,3,3,0
S01007215,R S T U. Other,20,14,8,6,6,2,4
S01007216,All people aged 16 to 74 in employment,349,308,93,215,41,12,29
S01007216,A B D E. Agriculture energy and water,30,30,1,29,0,0,0
S01007216,C. Manufacturing,42,40,2,38,2,0,2
S01007216,F. Construction,27,22,0,22,5,0,5
S01007216,G I. Distribution hotels and restaurants,70,58,35,23,12,3,9
S01007216,H J. Transport and communication,18,16,1,15,2,1,1
S01007216,K L M N. Financial real estate professional and administrative activities,37,25,10,15,12,6,6
S01007216,O P Q. Public administration education and health,112,105,37,68,7,1,6
S01007216,R S T U. Other,13,12,7,5,1,1,0
S01007217,All people aged 16 to 74 in employment,437,393,135,258,44,9,35
S01007217,A B D E. Agriculture energy and water,30,25,0,25,5,1,4
S01007217,C. Manufacturing,54,53,2,51,1,0,1
S01007217,F. Construction,32,23,1,22,9,1,8
S01007217,G I. Distribution hotels and restaurants,118,112,68,44,6,2,4
S01007217,H J. Transport and communication,30,26,2,24,4,1,3
S01007217,K L M N. Financial real estate professional and administrative activities,46,36,13,23,10,3,7
S01007217,O P Q. Public administration education and health,106,102,42,60,4,1,3
S01007217,R S T U. Other,21,16,7,9,5,0,5
S01007218,All people aged 16 to 74 in employment,429,372,123,249,57,10,47
S01007218,A B D E. Agriculture energy and water,34,30,1,29,4,1,3
S01007218,C. Manufacturing,55,53,7,46,2,1,1
S01007218,F. Construction,46,31,2,29,15,0,15
S01007218,G I. Distribution hotels and restaurants,74,66,36,30,8,0,8
S01007218,H J. Transport and communication,21,16,2,14,5,2,3
S01007218,K L M N. Financial real estate professional and administrative activities,49,39,8,31,10,4,6
S01007218,O P Q. Public administration education and health,131,123,62,61,8,1,7
S01007218,R S T U. Other,19,14,5,9,5,1,4
S01007219,All people aged 16 to 74 in employment,379,345,108,237,34,5,29
S01007219,A B D E. Agriculture energy and water,20,17,2,15,3,0,3
S01007219,C. Manufacturing,45,43,3,40,2,0,2
S01007219,F. Construction,38,31,4,27,7,0,7
S01007219,G I. Distribution hotels and restaurants,96,91,37,54,5,1,4
S01007219,H J. Transport and communication,16,15,3,12,1,0,1
S01007219,K L M N. Financial real estate professional and administrative activities,39,33,14,19,6,1,5
S01007219,O P Q. Public administration education and health,111,105,43,62,6,1,5
S01007219,R S T U. Other,14,10,2,8,4,2,2
S01007220,All people aged 16 to 74 in employment,337,308,107,201,29,10,19
S01007220,A B D E. Agriculture energy and water,15,15,0,15,0,0,0
S01007220,C. Manufacturing,34,34,1,33,0,0,0
S01007220,F. Construction,31,25,5,20,6,0,6
S01007220,G I. Distribution hotels and restaurants,99,94,58,36,5,2,3
S01007220,H J. Transport and communication,24,18,3,15,6,1,5
S01007220,K L M N. Financial real estate professional and administrative activities,36,31,11,20,5,2,3
S01007220,O P Q. Public administration education and health,87,83,25,58,4,3,1
S01007220,R S T U. Other,11,8,4,4,3,2,1
S01007221,All people aged 16 to 74 in employment,303,261,76,185,42,11,31
S01007221,A B D E. Agriculture energy and water,33,29,1,28,4,1,3
S01007221,C. Manufacturing,35,29,2,27,6,1,5
S01007221,F. Construction,26,20,1,19,6,0,6
S01007221,G I. Distribution hotels and restaurants,39,34,18,16,5,0,5
S01007221,H J. Transport and communication,17,15,1,14,2,1,1
S01007221,K L M N. Financial real estate professional and administrative activities,41,33,9,24,8,3,5
S01007221,O P Q. Public administration education and health,97,93,36,57,4,1,3
S01007221,R S T U. Other,15,8,8,0,7,4,3
S01007222,All people aged 16 to 74 in employment,389,350,101,249,39,7,32
S01007222,A B D E. Agriculture energy and water,36,32,1,31,4,0,4
S01007222,C. Manufacturing,55,52,3,49,3,1,2
S01007222,F. Construction,20,17,0,17,3,0,3
S01007222,G I. Distribution hotels and restaurants,94,89,43,46,5,1,4
S01007222,H J. Transport and communication,34,26,4,22,8,2,6
S01007222,K L M N. Financial real estate professional and administrative activities,40,32,9,23,8,1,7
S01007222,O P Q. Public administration education and health,89,86,32,54,3,1,2
S01007222,R S T U. Other,21,16,9,7,5,1,4
S01007223,All people aged 16 to 74 in employment,267,239,76,163,28,7,21
S01007223,A B D E. Agriculture energy and water,24,23,0,23,1,0,1
S01007223,C. Manufacturing,37,34,1,33,3,0,3
S01007223,F. Construction,12,7,0,7,5,0,5
S01007223,G I. Distribution hotels and restaurants,51,46,23,23,5,2,3
S01007223,H J. Transport and communication,9,9,1,8,0,0,0
S01007223,K L M N. Financial real estate professional and administrative activities,37,29,11,18,8,2,6
S01007223,O P Q. Public administration education and health,85,81,32,49,4,3,1
S01007223,R S T U. Other,12,10,8,2,2,0,2
S01007224,All people aged 16 to 74 in employment,274,232,75,157,42,14,28
S01007224,A B D E. Agriculture energy and water,34,27,1,26,7,2,5
S01007224,C. Manufacturing,31,28,3,25,3,0,3
S01007224,F. Construction,27,19,1,18,8,2,6
S01007224,G I. Distribution hotels and restaurants,42,37,21,16,5,2,3
S01007224,H J. Transport and communication,13,10,1,9,3,2,1
S01007224,K L M N. Financial real estate professional and administrative activities,29,23,6,17,6,1,5
S01007224,O P Q. Public administration education and health,82,78,37,41,4,2,2
S01007224,R S T U. Other,16,10,5,5,6,3,3
S01007225,All people aged 16 to 74 in employment,473,379,116,263,94,18,76
S01007225,A B D E. Agriculture energy and water,75,45,3,42,30,2,28
S01007225,C. Manufacturing,60,59,4,55,1,0,1
S01007225,F. Construction,31,16,3,13,15,3,12
S01007225,G I. Distribution hotels and restaurants,73,59,33,26,14,2,12
S01007225,H J. Transport and communication,26,23,4,19,3,0,3
S01007225,K L M N. Financial real estate professional and administrative activities,59,41,10,31,18,7,11
S01007225,O P Q. Public administration education and health,127,121,49,72,6,3,3
S01007225,R S T U. Other,22,15,10,5,7,1,6
S01007226,All people aged 16 to 74 in employment,424,304,88,216,120,31,89
S01007226,A B D E. Agriculture energy and water,73,39,5,34,34,4,30
S01007226,C. Manufacturing,34,23,3,20,11,4,7
S01007226,F. Construction,39,25,2,23,14,2,12
S01007226,G I. Distribution hotels and restaurants,63,44,21,23,19,2,17
S01007226,H J. Transport and communication,23,14,1,13,9,1,8
S01007226,K L M N. Financial real estate professional and administrative activities,45,31,8,23,14,8,6
S01007226,O P Q. Public administration education and health,128,115,41,74,13,9,4
S01007226,R S T U. Other,19,13,7,6,6,1,5
S01007227,All people aged 16 to 74 in employment,452,387,112,275,65,21,44
S01007227,A B D E. Agriculture energy and water,36,30,3,27,6,2,4
S01007227,C. Manufacturing,44,42,5,37,2,0,2
S01007227,F. Construction,47,37,2,35,10,0,10
S01007227,G I. Distribution hotels and restaurants,84,65,32,33,19,7,12
S01007227,H J. Transport and communication,25,23,1,22,2,0,2
S01007227,K L M N. Financial real estate professional and administrative activities,47,34,6,28,13,3,10
S01007227,O P Q. Public administration education and health,152,144,57,87,8,5,3
S01007227,R S T U. Other,17,12,6,6,5,4,1
S01007228,All people aged 16 to 74 in employment,324,243,69,174,81,19,62
S01007228,A B D E. Agriculture energy and water,59,26,6,20,33,6,27
S01007228,C. Manufacturing,28,21,2,19,7,0,7
S01007228,F. Construction,36,19,2,17,17,4,13
S01007228,G I. Distribution hotels and restaurants,61,50,16,34,11,2,9
S01007228,H J. Transport and communication,11,8,2,6,3,2,1
S01007228,K L M N. Financial real estate professional and administrative activities,27,22,8,14,5,3,2
S01007228,O P Q. Public administration education and health,93,89,33,56,4,1,3
S01007228,R S T U. Other,9,8,0,8,1,1,0
S01007229,All people aged 16 to 74 in employment,601,465,123,342,136,28,108
S01007229,A B D E. Agriculture energy and water,108,63,6,57,45,1,44
S01007229,C. Manufacturing,66,57,4,53,9,2,7
S01007229,F. Construction,42,30,1,29,12,3,9
S01007229,G I. Distribution hotels and restaurants,102,68,30,38,34,9,25
S01007229,H J. Transport and communication,22,18,3,15,4,2,2
S01007229,K L M N. Financial real estate professional and administrative activities,83,71,19,52,12,1,11
S01007229,O P Q. Public administration education and health,150,140,53,87,10,4,6
S01007229,R S T U. Other,28,18,7,11,10,6,4
S01007230,All people aged 16 to 74 in employment,314,291,71,220,23,6,17
S01007230,A B D E. Agriculture energy and water,37,36,1,35,1,0,1
S01007230,C. Manufacturing,51,50,0,50,1,0,1
S01007230,F. Construction,41,32,2,30,9,2,7
S01007230,G I. Distribution hotels and restaurants,61,57,30,27,4,0,4
S01007230,H J. Transport and communication,11,9,2,7,2,0,2
S01007230,K L M N. Financial real estate professional and administrative activities,27,25,3,22,2,2,0
S01007230,O P Q. Public administration education and health,80,76,31,45,4,2,2
S01007230,R S T U. Other,6,6,2,4,0,0,0
S01007231,All people aged 16 to 74 in employment,272,250,64,186,22,10,12
S01007231,A B D E. Agriculture energy and water,30,28,3,25,2,1,1
S01007231,C. Manufacturing,48,48,1,47,0,0,0
S01007231,F. Construction,34,23,2,21,11,3,8
S01007231,G I. Distribution hotels and restaurants,67,64,24,40,3,1,2
S01007231,H J. Transport and communication,7,7,2,5,0,0,0
S01007231,K L M N. Financial real estate professional and administrative activities,23,22,5,17,1,1,0
S01007231,O P Q. Public administration education and health,51,48,22,26,3,2,1
S01007231,R S T U. Other,12,10,5,5,2,2,0
S01007232,All people aged 16 to 74 in employment,300,285,91,194,15,1,14
S01007232,A B D E. Agriculture energy and water,12,12,2,10,0,0,0
S01007232,C. Manufacturing,36,35,4,31,1,0,1
S01007232,F. Construction,31,26,1,25,5,0,5
S01007232,G I. Distribution hotels and restaurants,65,61,32,29,4,0,4
S01007232,H J. Transport and communication,24,22,5,17,2,0,2
S01007232,K L M N. Financial real estate professional and administrative activities,36,34,7,27,2,0,2
S01007232,O P Q. Public administration education and health,80,80,34,46,0,0,0
S01007232,R S T U. Other,16,15,6,9,1,1,0
S01007233,All people aged 16 to 74 in employment,387,336,83,253,51,17,34
S01007233,A B D E. Agriculture energy and water,33,28,3,25,5,0,5
S01007233,C. Manufacturing,60,58,5,53,2,1,1
S01007233,F. Construction,43,34,2,32,9,1,8
S01007233,G I. Distribution hotels and restaurants,81,67,28,39,14,4,10
S01007233,H J. Transport and communication,16,14,1,13,2,1,1
S01007233,K L M N. Financial real estate professional and administrative activities,43,37,11,26,6,4,2
S01007233,O P Q. Public administration education and health,89,84,29,55,5,2,3
S01007233,R S T U. Other,22,14,4,10,8,4,4
S01007234,All people aged 16 to 74 in employment,270,245,81,164,25,5,20
S01007234,A B D E. Agriculture energy and water,24,20,1,19,4,0,4
S01007234,C. Manufacturing,34,32,1,31,2,0,2
S01007234,F. Construction,28,18,2,16,10,3,7
S01007234,G I. Distribution hotels and restaurants,55,51,26,25,4,1,3
S01007234,H J. Transport and communication,17,17,2,15,0,0,0
S01007234,K L M N. Financial real estate professional and administrative activities,17,15,4,11,2,1,1
S01007234,O P Q. Public administration education and health,80,79,39,40,1,0,1
S01007234,R S T U. Other,15,13,6,7,2,0,2
S01007235,All people aged 16 to 74 in employment,360,324,90,234,36,11,25
S01007235,A B D E. Agriculture energy and water,20,18,0,18,2,1,1
S01007235,C. Manufacturing,56,55,6,49,1,1,0
S01007235,F. Construction,34,28,3,25,6,0,6
S01007235,G I. Distribution hotels and restaurants,91,84,41,43,7,2,5
S01007235,H J. Transport and communication,23,21,3,18,2,2,0
S01007235,K L M N. Financial real estate professional and administrative activities,36,28,8,20,8,3,5
S01007235,O P Q. Public administration education and health,82,79,24,55,3,0,3
S01007235,R S T U. Other,18,11,5,6,7,2,5
S01007236,All people aged 16 to 74 in employment,312,276,73,203,36,5,31
S01007236,A B D E. Agriculture energy and water,28,25,2,23,3,0,3
S01007236,C. Manufacturing,35,34,2,32,1,0,1
S01007236,F. Construction,20,18,2,16,2,0,2
S01007236,G I. Distribution hotels and restaurants,61,47,17,30,14,1,13
S01007236,H J. Transport and communication,21,19,4,15,2,0,2
S01007236,K L M N. Financial real estate professional and administrative activities,29,24,6,18,5,0,5
S01007236,O P Q. Public administration education and health,99,95,31,64,4,2,2
S01007236,R S T U. Other,19,14,9,5,5,2,3
S01007237,All people aged 16 to 74 in employment,358,317,84,233,41,9,32
S01007237,A B D E. Agriculture energy and water,32,26,2,24,6,2,4
S01007237,C. Manufacturing,38,37,1,36,1,0,1
S01007237,F. Construction,36,25,0,25,11,1,10
S01007237,G I. Distribution hotels and restaurants,70,62,28,34,8,3,5
S01007237,H J. Transport and communication,20,17,2,15,3,0,3
S01007237,K L M N. Financial real estate professional and administrative activities,39,34,7,27,5,0,5
S01007237,O P Q. Public administration education and health,101,99,35,64,2,0,2
S01007237,R S T U. Other,22,17,9,8,5,3,2
S01007238,All people aged 16 to 74 in employment,459,421,113,308,38,9,29
S01007238,A B D E. Agriculture energy and water,34,29,1,28,5,3,2
S01007238,C. Manufacturing,56,52,1,51,4,1,3
S01007238,F. Construction,38,31,3,28,7,0,7
S01007238,G I. Distribution hotels and restaurants,103,97,43,54,6,1,5
S01007238,H J. Transport and communication,31,29,4,25,2,0,2
S01007238,K L M N. Financial real estate professional and administrative activities,42,38,11,27,4,1,3
S01007238,O P Q. Public administration education and health,144,136,46,90,8,3,5
S01007238,R S T U. Other,11,9,4,5,2,0,2
S01007239,All people aged 16 to 74 in employment,358,303,67,236,55,10,45
S01007239,A B D E. Agriculture energy and water,29,25,3,22,4,0,4
S01007239,C. Manufacturing,42,35,0,35,7,0,7
S01007239,F. Construction,35,26,2,24,9,0,9
S01007239,G I. Distribution hotels and restaurants,60,47,18,29,13,4,9
S01007239,H J. Transport and communication,18,12,2,10,6,0,6
S01007239,K L M N. Financial real estate professional and administrative activities,47,39,8,31,8,2,6
S01007239,O P Q. Public administration education and health,117,109,31,78,8,4,4
S01007239,R S T U. Other,10,10,3,7,0,0,0
S01007240,All people aged 16 to 74 in employment,291,224,57,167,67,13,54
S01007240,A B D E. Agriculture energy and water,53,30,4,26,23,1,22
S01007240,C. Manufacturing,24,19,1,18,5,0,5
S01007240,F. Construction,23,20,1,19,3,0,3
S01007240,G I. Distribution hotels and restaurants,50,46,15,31,4,4,0
S01007240,H J. Transport and communication,21,16,1,15,5,1,4
S01007240,K L M N. Financial real estate professional and administrative activities,27,15,4,11,12,4,8
S01007240,O P Q. Public administration education and health,74,69,26,43,5,2,3
S01007240,R S T U. Other,19,9,5,4,10,1,9
S01007241,All people aged 16 to 74 in employment,343,254,65,189,89,22,67
S01007241,A B D E. Agriculture energy and water,51,26,4,22,25,2,23
S01007241,C. Manufacturing,22,17,1,16,5,2,3
S01007241,F. Construction,27,17,1,16,10,4,6
S01007241,G I. Distribution hotels and restaurants,61,46,18,28,15,2,13
S01007241,H J. Transport and communication,12,8,1,7,4,0,4
S01007241,K L M N. Financial real estate professional and administrative activities,40,24,5,19,16,5,11
S01007241,O P Q. Public administration education and health,114,104,27,77,10,5,5
S01007241,R S T U. Other,16,12,8,4,4,2,2
S01007242,All people aged 16 to 74 in employment,466,398,124,274,68,14,54
S01007242,A B D E. Agriculture energy and water,31,26,4,22,5,0,5
S01007242,C. Manufacturing,45,42,1,41,3,0,3
S01007242,F. Construction,48,34,2,32,14,0,14
S01007242,G I. Distribution hotels and restaurants,93,83,40,43,10,1,9
S01007242,H J. Transport and communication,23,18,6,12,5,1,4
S01007242,K L M N. Financial real estate professional and administrative activities,39,30,8,22,9,2,7
S01007242,O P Q. Public administration education and health,166,153,55,98,13,5,8
S01007242,R S T U. Other,21,12,8,4,9,5,4
S01007243,All people aged 16 to 74 in employment,290,253,65,188,37,8,29
S01007243,A B D E. Agriculture energy and water,22,18,0,18,4,3,1
S01007243,C. Manufacturing,28,28,4,24,0,0,0
S01007243,F. Construction,26,14,0,14,12,0,12
S01007243,G I. Distribution hotels and restaurants,56,44,18,26,12,2,10
S01007243,H J. Transport and communication,13,12,0,12,1,0,1
S01007243,K L M N. Financial real estate professional and administrative activities,17,14,5,9,3,1,2
S01007243,O P Q. Public administration education and health,118,114,36,78,4,1,3
S01007243,R S T U. Other,10,9,2,7,1,1,0
S01007244,All people aged 16 to 74 in employment,352,282,75,207,70,21,49
S01007244,A B D E. Agriculture energy and water,45,22,4,18,23,6,17
S01007244,C. Manufacturing,43,38,3,35,5,2,3
S01007244,F. Construction,39,29,4,25,10,1,9
S01007244,G I. Distribution hotels and restaurants,55,46,19,27,9,1,8
S01007244,H J. Transport and communication,19,14,3,11,5,2,3
S01007244,K L M N. Financial real estate professional and administrative activities,25,20,4,16,5,1,4
S01007244,O P Q. Public administration education and health,108,98,31,67,10,8,2
S01007244,R S T U. Other,18,15,7,8,3,0,3
S01007245,All people aged 16 to 74 in employment,349,278,77,201,71,12,59
S01007245,A B D E. Agriculture energy and water,30,14,0,14,16,1,15
S01007245,C. Manufacturing,35,35,2,33,0,0,0
S01007245,F. Construction,42,24,1,23,18,2,16
S01007245,G I. Distribution hotels and restaurants,62,50,25,25,12,1,11
S01007245,H J. Transport and communication,23,20,5,15,3,0,3
S01007245,K L M N. Financial real estate professional and administrative activities,35,28,7,21,7,3,4
S01007245,O P Q. Public administration education and health,108,99,36,63,9,4,5
S01007245,R S T U. Other,14,8,1,7,6,1,5
S01007246,All people aged 16 to 74 in employment,304,247,54,193,57,8,49
S01007246,A B D E. Agriculture energy and water,37,23,5,18,14,1,13
S01007246,C. Manufacturing,28,23,1,22,5,0,5
S01007246,F. Construction,42,28,1,27,14,1,13
S01007246,G I. Distribution hotels and restaurants,53,45,15,30,8,0,8
S01007246,H J. Transport and communication,16,13,0,13,3,1,2
S01007246,K L M N. Financial real estate professional and administrative activities,25,20,7,13,5,2,3
S01007246,O P Q. Public administration education and health,95,90,23,67,5,2,3
S01007246,R S T U. Other,8,5,2,3,3,1,2
S01007247,All people aged 16 to 74 in employment,337,275,70,205,62,19,43
S01007247,A B D E. Agriculture energy and water,35,22,6,16,13,3,10
S01007247,C. Manufacturing,36,33,0,33,3,1,2
S01007247,F. Construction,22,15,3,12,7,3,4
S01007247,G I. Distribution hotels and restaurants,46,37,17,20,9,2,7
S01007247,H J. Transport and communication,16,14,0,14,2,1,1
S01007247,K L M N. Financial real estate professional and administrative activities,40,23,7,16,17,6,11
S01007247,O P Q. Public administration education and health,118,112,34,78,6,1,5
S01007247,R S T U. Other,24,19,3,16,5,2,3
S01007248,All people aged 16 to 74 in employment,354,297,92,205,57,18,39
S01007248,A B D E. Agriculture energy and water,12,6,0,6,6,1,5
S01007248,C. Manufacturing,27,27,1,26,0,0,0
S01007248,F. Construction,36,26,3,23,10,1,9
S01007248,G I. Distribution hotels and restaurants,73,63,32,31,10,2,8
S01007248,H J. Transport and communication,17,16,4,12,1,0,1
S01007248,K L M N. Financial real estate professional and administrative activities,46,31,5,26,15,3,12
S01007248,O P Q. Public administration education and health,115,107,37,70,8,6,2
S01007248,R S T U. Other,28,21,10,11,7,5,2
S01007249,All people aged 16 to 74 in employment,177,157,52,105,20,2,18
S01007249,A B D E. Agriculture energy and water,6,4,0,4,2,0,2
S01007249,C. Manufacturing,30,28,2,26,2,0,2
S01007249,F. Construction,10,5,1,4,5,0,5
S01007249,G I. Distribution hotels and restaurants,34,30,15,15,4,0,4
S01007249,H J. Transport and communication,9,6,1,5,3,1,2
S01007249,K L M N. Financial real estate professional and administrative activities,18,17,5,12,1,1,0
S01007249,O P Q. Public administration education and health,65,63,27,36,2,0,2
S01007249,R S T U. Other,5,4,1,3,1,0,1
S01007250,All people aged 16 to 74 in employment,456,414,100,314,42,11,31
S01007250,A B D E. Agriculture energy and water,23,16,0,16,7,2,5
S01007250,C. Manufacturing,51,50,3,47,1,0,1
S01007250,F. Construction,50,45,1,44,5,0,5
S01007250,G I. Distribution hotels and restaurants,104,94,47,47,10,3,7
S01007250,H J. Transport and communication,29,28,5,23,1,1,0
S01007250,K L M N. Financial real estate professional and administrative activities,47,41,7,34,6,1,5
S01007250,O P Q. Public administration education and health,127,122,32,90,5,3,2
S01007250,R S T U. Other,25,18,5,13,7,1,6
S01007251,All people aged 16 to 74 in employment,232,198,54,144,34,11,23
S01007251,A B D E. Agriculture energy and water,10,8,1,7,2,1,1
S01007251,C. Manufacturing,23,20,0,20,3,1,2
S01007251,F. Construction,29,24,1,23,5,1,4
S01007251,G I. Distribution hotels and restaurants,51,42,25,17,9,1,8
S01007251,H J. Transport and communication,11,8,0,8,3,0,3
S01007251,K L M N. Financial real estate professional and administrative activities,30,26,5,21,4,4,0
S01007251,O P Q. Public administration education and health,66,64,20,44,2,1,1
S01007251,R S T U. Other,12,6,2,4,6,2,4
S01007252,All people aged 16 to 74 in employment,399,346,103,243,53,14,39
S01007252,A B D E. Agriculture energy and water,27,18,2,16,9,3,6
S01007252,C. Manufacturing,59,58,6,52,1,0,1
S01007252,F. Construction,49,35,1,34,14,0,14
S01007252,G I. Distribution hotels and restaurants,88,76,35,41,12,3,9
S01007252,H J. Transport and communication,19,18,7,11,1,0,1
S01007252,K L M N. Financial real estate professional and administrative activities,34,28,10,18,6,3,3
S01007252,O P Q. Public administration education and health,111,104,36,68,7,3,4
S01007252,R S T U. Other,12,9,6,3,3,2,1
S01007253,All people aged 16 to 74 in employment,380,338,106,232,42,11,31
S01007253,A B D E. Agriculture energy and water,13,11,1,10,2,0,2
S01007253,C. Manufacturing,48,45,5,40,3,0,3
S01007253,F. Construction,26,20,0,20,6,1,5
S01007253,G I. Distribution hotels and restaurants,72,65,25,40,7,1,6
S01007253,H J. Transport and communication,27,22,6,16,5,0,5
S01007253,K L M N. Financial real estate professional and administrative activities,34,27,10,17,7,2,5
S01007253,O P Q. Public administration education and health,142,133,52,81,9,5,4
S01007253,R S T U. Other,18,15,7,8,3,2,1
S01007254,All people aged 16 to 74 in employment,343,314,89,225,29,11,18
S01007254,A B D E. Agriculture energy and water,24,21,3,18,3,0,3
S01007254,C. Manufacturing,47,44,2,42,3,2,1
S01007254,F. Construction,28,18,1,17,10,1,9
S01007254,G I. Distribution hotels and restaurants,83,83,40,43,0,0,0
S01007254,H J. Transport and communication,8,7,0,7,1,0,1
S01007254,K L M N. Financial real estate professional and administrative activities,31,28,7,21,3,3,0
S01007254,O P Q. Public administration education and health,109,103,33,70,6,3,3
S01007254,R S T U. Other,13,10,3,7,3,2,1
S01007255,All people aged 16 to 74 in employment,338,317,101,216,21,2,19
S01007255,A B D E. Agriculture energy and water,23,22,1,21,1,0,1
S01007255,C. Manufacturing,56,53,0,53,3,0,3
S01007255,F. Construction,35,27,3,24,8,1,7
S01007255,G I. Distribution hotels and restaurants,73,72,39,33,1,0,1
S01007255,H J. Transport and communication,15,12,4,8,3,0,3
S01007255,K L M N. Financial real estate professional and administrative activities,25,23,10,13,2,1,1
S01007255,O P Q. Public administration education and health,103,101,42,59,2,0,2
S01007255,R S T U. Other,8,7,2,5,1,0,1
S01007256,All people aged 16 to 74 in employment,391,356,87,269,35,8,27
S01007256,A B D E. Agriculture energy and water,20,18,1,17,2,1,1
S01007256,C. Manufacturing,67,66,0,66,1,0,1
S01007256,F. Construction,39,36,1,35,3,0,3
S01007256,G I. Distribution hotels and restaurants,102,94,39,55,8,2,6
S01007256,H J. Transport and communication,24,16,3,13,8,3,5
S01007256,K L M N. Financial real estate professional and administrative activities,33,32,8,24,1,0,1
S01007256,O P Q. Public administration education and health,92,87,33,54,5,0,5
S01007256,R S T U. Other,14,7,2,5,7,2,5
S01007257,All people aged 16 to 74 in employment,281,251,71,180,30,6,24
S01007257,A B D E. Agriculture energy and water,18,17,1,16,1,0,1
S01007257,C. Manufacturing,52,50,4,46,2,0,2
S01007257,F. Construction,27,21,2,19,6,0,6
S01007257,G I. Distribution hotels and restaurants,79,73,37,36,6,1,5
S01007257,H J. Transport and communication,17,13,1,12,4,2,2
S01007257,K L M N. Financial real estate professional and administrative activities,23,18,5,13,5,0,5
S01007257,O P Q. Public administration education and health,55,51,18,33,4,2,2
S01007257,R S T U. Other,10,8,3,5,2,1,1
S01007258,All people aged 16 to 74 in employment,381,330,99,231,51,16,35
S01007258,A B D E. Agriculture energy and water,24,20,1,19,4,2,2
S01007258,C. Manufacturing,53,50,5,45,3,0,3
S01007258,F. Construction,36,24,1,23,12,0,12
S01007258,G I. Distribution hotels and restaurants,81,71,38,33,10,6,4
S01007258,H J. Transport and communication,15,10,1,9,5,1,4
S01007258,K L M N. Financial real estate professional and administrative activities,39,32,9,23,7,3,4
S01007258,O P Q. Public administration education and health,118,109,38,71,9,3,6
S01007258,R S T U. Other,15,14,6,8,1,1,0
S01007259,All people aged 16 to 74 in employment,379,345,105,240,34,11,23
S01007259,A B D E. Agriculture energy and water,22,20,2,18,2,0,2
S01007259,C. Manufacturing,56,53,3,50,3,2,1
S01007259,F. Construction,40,30,0,30,10,1,9
S01007259,G I. Distribution hotels and restaurants,84,79,43,36,5,2,3
S01007259,H J. Transport and communication,19,17,2,15,2,2,0
S01007259,K L M N. Financial real estate professional and administrative activities,40,36,10,26,4,1,3
S01007259,O P Q. Public administration education and health,92,91,37,54,1,0,1
S01007259,R S T U. Other,26,19,8,11,7,3,4
S01007260,All people aged 16 to 74 in employment,409,372,117,255,37,8,29
S01007260,A B D E. Agriculture energy and water,27,25,3,22,2,0,2
S01007260,C. Manufacturing,63,60,3,57,3,1,2
S01007260,F. Construction,50,38,4,34,12,3,9
S01007260,G I. Distribution hotels and restaurants,89,82,40,42,7,2,5
S01007260,H J. Transport and communication,15,13,3,10,2,0,2
S01007260,K L M N. Financial real estate professional and administrative activities,31,28,11,17,3,1,2
S01007260,O P Q. Public administration education and health,119,114,44,70,5,1,4
S01007260,R S T U. Other,15,12,9,3,3,0,3
S01007261,All people aged 16 to 74 in employment,374,333,92,241,41,7,34
S01007261,A B D E. Agriculture energy and water,19,17,0,17,2,0,2
S01007261,C. Manufacturing,49,49,3,46,0,0,0
S01007261,F. Construction,43,27,2,25,16,1,15
S01007261,G I. Distribution hotels and restaurants,75,65,39,26,10,1,9
S01007261,H J. Transport and communication,18,17,2,15,1,1,0
S01007261,K L M N. Financial real estate professional and administrative activities,32,30,11,19,2,0,2
S01007261,O P Q. Public administration education and health,113,111,29,82,2,0,2
S01007261,R S T U. Other,25,17,6,11,8,4,4
S01007262,All people aged 16 to 74 in employment,343,331,100,231,12,2,10
S01007262,A B D E. Agriculture energy and water,8,8,0,8,0,0,0
S01007262,C. Manufacturing,65,64,2,62,1,0,1
S01007262,F. Construction,39,33,1,32,6,0,6
S01007262,G I. Distribution hotels and restaurants,74,74,38,36,0,0,0
S01007262,H J. Transport and communication,17,16,1,15,1,0,1
S01007262,K L M N. Financial real estate professional and administrative activities,17,17,10,7,0,0,0
S01007262,O P Q. Public administration education and health,109,106,40,66,3,1,2
S01007262,R S T U. Other,14,13,8,5,1,1,0
S01007263,All people aged 16 to 74 in employment,369,347,106,241,22,5,17
S01007263,A B D E. Agriculture energy and water,15,14,0,14,1,0,1
S01007263,C. Manufacturing,56,56,3,53,0,0,0
S01007263,F. Construction,39,34,5,29,5,0,5
S01007263,G I. Distribution hotels and restaurants,86,82,33,49,4,1,3
S01007263,H J. Transport and communication,17,15,2,13,2,2,0
S01007263,K L M N. Financial real estate professional and administrative activities,25,24,9,15,1,0,1
S01007263,O P Q. Public administration education and health,110,104,43,61,6,1,5
S01007263,R S T U. Other,21,18,11,7,3,1,2
S01007264,All people aged 16 to 74 in employment,350,322,84,238,28,9,19
S01007264,A B D E. Agriculture energy and water,15,11,1,10,4,1,3
S01007264,C. Manufacturing,57,54,3,51,3,1,2
S01007264,F. Construction,37,30,1,29,7,1,6
S01007264,G I. Distribution hotels and restaurants,72,66,36,30,6,2,4
S01007264,H J. Transport and communication,22,22,3,19,0,0,0
S01007264,K L M N. Financial real estate professional and administrative activities,36,33,8,25,3,2,1
S01007264,O P Q. Public administration education and health,100,96,30,66,4,1,3
S01007264,R S T U. Other,11,10,2,8,1,1,0
S01007265,All people aged 16 to 74 in employment,519,470,130,340,49,14,35
S01007265,A B D E. Agriculture energy and water,28,28,0,28,0,0,0
S01007265,C. Manufacturing,74,72,3,69,2,0,2
S01007265,F. Construction,69,49,2,47,20,2,18
S01007265,G I. Distribution hotels and restaurants,107,97,53,44,10,2,8
S01007265,H J. Transport and communication,24,24,1,23,0,0,0
S01007265,K L M N. Financial real estate professional and administrative activities,51,44,17,27,7,5,2
S01007265,O P Q. Public administration education and health,135,130,44,86,5,2,3
S01007265,R S T U. Other,31,26,10,16,5,3,2
S01007266,All people aged 16 to 74 in employment,367,328,92,236,39,9,30
S01007266,A B D E. Agriculture energy and water,21,21,7,14,0,0,0
S01007266,C. Manufacturing,30,28,0,28,2,0,2
S01007266,F. Construction,45,36,4,32,9,0,9
S01007266,G I. Distribution hotels and restaurants,71,65,24,41,6,0,6
S01007266,H J. Transport and communication,28,23,6,17,5,1,4
S01007266,K L M N. Financial real estate professional and administrative activities,28,23,5,18,5,2,3
S01007266,O P Q. Public administration education and health,123,118,39,79,5,1,4
S01007266,R S T U. Other,21,14,7,7,7,5,2
S01007267,All people aged 16 to 74 in employment,290,217,56,161,73,17,56
S01007267,A B D E. Agriculture energy and water,51,23,2,21,28,5,23
S01007267,C. Manufacturing,20,17,3,14,3,0,3
S01007267,F. Construction,23,15,2,13,8,1,7
S01007267,G I. Distribution hotels and restaurants,48,40,16,24,8,2,6
S01007267,H J. Transport and communication,22,18,1,17,4,3,1
S01007267,K L M N. Financial real estate professional and administrative activities,37,23,9,14,14,3,11
S01007267,O P Q. Public administration education and health,74,70,20,50,4,2,2
S01007267,R S T U. Other,15,11,3,8,4,1,3
S01007268,All people aged 16 to 74 in employment,312,225,68,157,87,15,72
S01007268,A B D E. Agriculture energy and water,46,22,3,19,24,3,21
S01007268,C. Manufacturing,30,26,4,22,4,0,4
S01007268,F. Construction,28,19,2,17,9,0,9
S01007268,G I. Distribution hotels and restaurants,46,28,13,15,18,3,15
S01007268,H J. Transport and communication,11,7,1,6,4,1,3
S01007268,K L M N. Financial real estate professional and administrative activities,41,29,9,20,12,1,11
S01007268,O P Q. Public administration education and health,88,81,33,48,7,1,6
S01007268,R S T U. Other,22,13,3,10,9,6,3
S01007269,All people aged 16 to 74 in employment,241,196,52,144,45,11,34
S01007269,A B D E. Agriculture energy and water,20,11,1,10,9,2,7
S01007269,C. Manufacturing,31,27,2,25,4,0,4
S01007269,F. Construction,16,15,1,14,1,0,1
S01007269,G I. Distribution hotels and restaurants,47,38,14,24,9,2,7
S01007269,H J. Transport and communication,7,4,1,3,3,1,2
S01007269,K L M N. Financial real estate professional and administrative activities,23,15,4,11,8,1,7
S01007269,O P Q. Public administration education and health,83,76,24,52,7,2,5
S01007269,R S T U. Other,14,10,5,5,4,3,1
S01007270,All people aged 16 to 74 in employment,264,191,42,149,73,15,58
S01007270,A B D E. Agriculture energy and water,50,19,2,17,31,4,27
S01007270,C. Manufacturing,13,13,0,13,0,0,0
S01007270,F. Construction,27,18,0,18,9,0,9
S01007270,G I. Distribution hotels and restaurants,40,31,10,21,9,5,4
S01007270,H J. Transport and communication,11,8,2,6,3,1,2
S01007270,K L M N. Financial real estate professional and administrative activities,35,22,4,18,13,4,9
S01007270,O P Q. Public administration education and health,79,73,19,54,6,1,5
S01007270,R S T U. Other,9,7,5,2,2,0,2
S01007271,All people aged 16 to 74 in employment,487,413,101,312,74,14,60
S01007271,A B D E. Agriculture energy and water,23,19,1,18,4,2,2
S01007271,C. Manufacturing,52,49,2,47,3,0,3
S01007271,F. Construction,68,44,3,41,24,3,21
S01007271,G I. Distribution hotels and restaurants,98,81,34,47,17,3,14
S01007271,H J. Transport and communication,27,23,2,21,4,2,2
S01007271,K L M N. Financial real estate professional and administrative activities,54,43,12,31,11,0,11
S01007271,O P Q. Public administration education and health,151,145,44,101,6,2,4
S01007271,R S T U. Other,14,9,3,6,5,2,3
S01007272,All people aged 16 to 74 in employment,360,329,84,245,31,9,22
S01007272,A B D E. Agriculture energy and water,25,23,1,22,2,0,2
S01007272,C. Manufacturing,55,53,3,50,2,1,1
S01007272,F. Construction,45,37,1,36,8,2,6
S01007272,G I. Distribution hotels and restaurants,64,61,25,36,3,2,1
S01007272,H J. Transport and communication,17,12,3,9,5,0,5
S01007272,K L M N. Financial real estate professional and administrative activities,33,28,16,12,5,3,2
S01007272,O P Q. Public administration education and health,99,98,30,68,1,0,1
S01007272,R S T U. Other,22,17,5,12,5,1,4
S01007273,All people aged 16 to 74 in employment,319,280,70,210,39,9,30
S01007273,A B D E. Agriculture energy and water,14,13,0,13,1,1,0
S01007273,C. Manufacturing,42,41,3,38,1,0,1
S01007273,F. Construction,38,28,3,25,10,1,9
S01007273,G I. Distribution hotels and restaurants,60,51,17,34,9,1,8
S01007273,H J. Transport and communication,10,9,1,8,1,0,1
S01007273,K L M N. Financial real estate professional and administrative activities,31,25,8,17,6,1,5
S01007273,O P Q. Public administration education and health,108,101,31,70,7,3,4
S01007273,R S T U. Other,16,12,7,5,4,2,2
S01007274,All people aged 16 to 74 in employment,390,335,86,249,55,12,43
S01007274,A B D E. Agriculture energy and water,18,14,2,12,4,1,3
S01007274,C. Manufacturing,37,35,0,35,2,0,2
S01007274,F. Construction,38,29,1,28,9,2,7
S01007274,G I. Distribution hotels and restaurants,80,70,28,42,10,2,8
S01007274,H J. Transport and communication,28,24,4,20,4,2,2
S01007274,K L M N. Financial real estate professional and administrative activities,36,28,9,19,8,2,6
S01007274,O P Q. Public administration education and health,118,110,29,81,8,1,7
S01007274,R S T U. Other,35,25,13,12,10,2,8
S01007275,All people aged 16 to 74 in employment,248,213,60,153,35,10,25
S01007275,A B D E. Agriculture energy and water,12,10,0,10,2,0,2
S01007275,C. Manufacturing,25,22,1,21,3,1,2
S01007275,F. Construction,14,11,1,10,3,0,3
S01007275,G I. Distribution hotels and restaurants,44,36,18,18,8,1,7
S01007275,H J. Transport and communication,12,8,1,7,4,2,2
S01007275,K L M N. Financial real estate professional and administrative activities,33,25,5,20,8,2,6
S01007275,O P Q. Public administration education and health,93,89,29,60,4,3,1
S01007275,R S T U. Other,15,12,5,7,3,1,2
S01007276,All people aged 16 to 74 in employment,387,347,96,251,40,12,28
S01007276,A B D E. Agriculture energy and water,10,8,0,8,2,1,1
S01007276,C. Manufacturing,56,53,2,51,3,1,2
S01007276,F. Construction,40,34,2,32,6,1,5
S01007276,G I. Distribution hotels and restaurants,77,69,33,36,8,3,5
S01007276,H J. Transport and communication,26,22,2,20,4,1,3
S01007276,K L M N. Financial real estate professional and administrative activities,36,30,13,17,6,1,5
S01007276,O P Q. Public administration education and health,121,115,37,78,6,1,5
S01007276,R S T U. Other,21,16,7,9,5,3,2
S01007277,All people aged 16 to 74 in employment,358,316,96,220,42,11,31
S01007277,A B D E. Agriculture energy and water,16,12,4,8,4,0,4
S01007277,C. Manufacturing,31,30,1,29,1,0,1
S01007277,F. Construction,32,24,1,23,8,1,7
S01007277,G I. Distribution hotels and restaurants,62,56,24,32,6,1,5
S01007277,H J. Transport and communication,17,14,4,10,3,1,2
S01007277,K L M N. Financial real estate professional and administrative activities,27,20,7,13,7,1,6
S01007277,O P Q. Public administration education and health,159,149,47,102,10,6,4
S01007277,R S T U. Other,14,11,8,3,3,1,2
S01007278,All people aged 16 to 74 in employment,262,224,72,152,38,9,29
S01007278,A B D E. Agriculture energy and water,18,15,1,14,3,1,2
S01007278,C. Manufacturing,22,21,2,19,1,0,1
S01007278,F. Construction,38,31,0,31,7,0,7
S01007278,G I. Distribution hotels and restaurants,40,35,14,21,5,3,2
S01007278,H J. Transport and communication,14,10,1,9,4,1,3
S01007278,K L M N. Financial real estate professional and administrative activities,30,22,9,13,8,2,6
S01007278,O P Q. Public administration education and health,87,84,40,44,3,1,2
S01007278,R S T U. Other,13,6,5,1,7,1,6
S01007279,All people aged 16 to 74 in employment,304,200,65,135,104,20,84
S01007279,A B D E. Agriculture energy and water,79,34,6,28,45,8,37
S01007279,C. Manufacturing,10,9,3,6,1,0,1
S01007279,F. Construction,24,11,0,11,13,1,12
S01007279,G I. Distribution hotels and restaurants,39,24,10,14,15,3,12
S01007279,H J. Transport and communication,9,5,2,3,4,0,4
S01007279,K L M N. Financial real estate professional and administrative activities,39,29,13,16,10,4,6
S01007279,O P Q. Public administration education and health,81,69,20,49,12,3,9
S01007279,R S T U. Other,23,19,11,8,4,1,3
S01007280,All people aged 16 to 74 in employment,281,202,56,146,79,27,52
S01007280,A B D E. Agriculture energy and water,51,25,5,20,26,5,21
S01007280,C. Manufacturing,12,7,0,7,5,0,5
S01007280,F. Construction,29,22,0,22,7,2,5
S01007280,G I. Distribution hotels and restaurants,43,35,15,20,8,4,4
S01007280,H J. Transport and communication,11,7,0,7,4,0,4
S01007280,K L M N. Financial real estate professional and administrative activities,42,27,10,17,15,9,6
S01007280,O P Q. Public administration education and health,73,66,22,44,7,3,4
S01007280,R S T U. Other,20,13,4,9,7,4,3
S01007281,All people aged 16 to 74 in employment,501,393,114,279,108,21,87
S01007281,A B D E. Agriculture energy and water,80,45,8,37,35,2,33
S01007281,C. Manufacturing,37,29,1,28,8,2,6
S01007281,F. Construction,27,21,0,21,6,1,5
S01007281,G I. Distribution hotels and restaurants,83,65,33,32,18,5,13
S01007281,H J. Transport and communication,28,22,6,16,6,1,5
S01007281,K L M N. Financial real estate professional and administrative activities,81,66,16,50,15,3,12
S01007281,O P Q. Public administration education and health,145,134,45,89,11,2,9
S01007281,R S T U. Other,20,11,5,6,9,5,4
S01007282,All people aged 16 to 74 in employment,295,220,58,162,75,15,60
S01007282,A B D E. Agriculture energy and water,70,35,6,29,35,2,33
S01007282,C. Manufacturing,25,18,0,18,7,4,3
S01007282,F. Construction,23,15,0,15,8,1,7
S01007282,G I. Distribution hotels and restaurants,37,34,17,17,3,0,3
S01007282,H J. Transport and communication,13,9,3,6,4,1,3
S01007282,K L M N. Financial real estate professional and administrative activities,45,33,4,29,12,6,6
S01007282,O P Q. Public administration education and health,66,65,23,42,1,0,1
S01007282,R S T U. Other,16,11,5,6,5,1,4
S01007283,All people aged 16 to 74 in employment,389,310,82,228,79,18,61
S01007283,A B D E. Agriculture energy and water,45,33,3,30,12,1,11
S01007283,C. Manufacturing,38,32,2,30,6,2,4
S01007283,F. Construction,30,21,2,19,9,0,9
S01007283,G I. Distribution hotels and restaurants,85,65,28,37,20,4,16
S01007283,H J. Transport and communication,23,16,2,14,7,2,5
S01007283,K L M N. Financial real estate professional and administrative activities,52,34,10,24,18,7,11
S01007283,O P Q. Public administration education and health,98,95,27,68,3,1,2
S01007283,R S T U. Other,18,14,8,6,4,1,3
S01007284,All people aged 16 to 74 in employment,406,272,102,170,134,33,101
S01007284,A B D E. Agriculture energy and water,63,18,7,11,45,7,38
S01007284,C. Manufacturing,10,5,1,4,5,3,2
S01007284,F. Construction,35,18,3,15,17,2,15
S01007284,G I. Distribution hotels and restaurants,74,51,24,27,23,3,20
S01007284,H J. Transport and communication,53,47,15,32,6,1,5
S01007284,K L M N. Financial real estate professional and administrative activities,34,22,6,16,12,5,7
S01007284,O P Q. Public administration education and health,124,109,45,64,15,5,10
S01007284,R S T U. Other,13,2,1,1,11,7,4
S01007285,All people aged 16 to 74 in employment,432,263,86,177,169,32,137
S01007285,A B D E. Agriculture energy and water,74,35,4,31,39,6,33
S01007285,C. Manufacturing,21,13,4,9,8,3,5
S01007285,F. Construction,51,26,3,23,25,1,24
S01007285,G I. Distribution hotels and restaurants,111,66,19,47,45,9,36
S01007285,H J. Transport and communication,33,21,5,16,12,4,8
S01007285,K L M N. Financial real estate professional and administrative activities,37,18,10,8,19,2,17
S01007285,O P Q. Public administration education and health,83,71,34,37,12,4,8
S01007285,R S T U. Other,22,13,7,6,9,3,6
S01007286,All people aged 16 to 74 in employment,490,344,96,248,146,26,120
S01007286,A B D E. Agriculture energy and water,44,27,1,26,17,2,15
S01007286,C. Manufacturing,28,20,0,20,8,0,8
S01007286,F. Construction,56,27,4,23,29,1,28
S01007286,G I. Distribution hotels and restaurants,135,97,35,62,38,7,31
S01007286,H J. Transport and communication,50,31,4,27,19,5,14
S01007286,K L M N. Financial real estate professional and administrative activities,46,27,9,18,19,6,13
S01007286,O P Q. Public administration education and health,115,106,40,66,9,3,6
S01007286,R S T U. Other,16,9,3,6,7,2,5
S01007287,All people aged 16 to 74 in employment,343,204,47,157,139,36,103
S01007287,A B D E. Agriculture energy and water,50,11,0,11,39,3,36
S01007287,C. Manufacturing,12,4,0,4,8,1,7
S01007287,F. Construction,19,6,1,5,13,4,9
S01007287,G I. Distribution hotels and restaurants,111,67,12,55,44,10,34
S01007287,H J. Transport and communication,38,26,6,20,12,6,6
S01007287,K L M N. Financial real estate professional and administrative activities,21,11,2,9,10,4,6
S01007287,O P Q. Public administration education and health,61,55,24,31,6,3,3
S01007287,R S T U. Other,31,24,2,22,7,5,2
S01007288,All people aged 16 to 74 in employment,302,186,53,133,116,30,86
S01007288,A B D E. Agriculture energy and water,46,22,1,21,24,5,19
S01007288,C. Manufacturing,7,3,0,3,4,2,2
S01007288,F. Construction,29,9,1,8,20,3,17
S01007288,G I. Distribution hotels and restaurants,86,58,21,37,28,3,25
S01007288,H J. Transport and communication,28,21,4,17,7,1,6
S01007288,K L M N. Financial real estate professional and administrative activities,40,18,4,14,22,9,13
S01007288,O P Q. Public administration education and health,53,50,20,30,3,2,1
S01007288,R S T U. Other,13,5,2,3,8,5,3
S01007289,All people aged 16 to 74 in employment,447,352,102,250,95,15,80
S01007289,A B D E. Agriculture energy and water,35,25,1,24,10,0,10
S01007289,C. Manufacturing,8,4,2,2,4,1,3
S01007289,F. Construction,34,16,1,15,18,1,17
S01007289,G I. Distribution hotels and restaurants,89,71,31,40,18,4,14
S01007289,H J. Transport and communication,54,40,2,38,14,2,12
S01007289,K L M N. Financial real estate professional and administrative activities,50,35,8,27,15,2,13
S01007289,O P Q. Public administration education and health,155,148,52,96,7,2,5
S01007289,R S T U. Other,22,13,5,8,9,3,6
S01007290,All people aged 16 to 74 in employment,359,303,99,204,56,16,40
S01007290,A B D E. Agriculture energy and water,13,13,0,13,0,0,0
S01007290,C. Manufacturing,11,9,1,8,2,0,2
S01007290,F. Construction,33,20,1,19,13,2,11
S01007290,G I. Distribution hotels and restaurants,105,88,41,47,17,2,15
S01007290,H J. Transport and communication,30,26,0,26,4,1,3
S01007290,K L M N. Financial real estate professional and administrative activities,41,30,9,21,11,5,6
S01007290,O P Q. Public administration education and health,114,110,41,69,4,1,3
S01007290,R S T U. Other,12,7,6,1,5,5,0
S01007291,All people aged 16 to 74 in employment,313,266,84,182,47,8,39
S01007291,A B D E. Agriculture energy and water,18,15,0,15,3,0,3
S01007291,C. Manufacturing,15,9,1,8,6,1,5
S01007291,F. Construction,19,12,1,11,7,2,5
S01007291,G I. Distribution hotels and restaurants,99,83,40,43,16,2,14
S01007291,H J. Transport and communication,33,28,3,25,5,1,4
S01007291,K L M N. Financial real estate professional and administrative activities,27,24,10,14,3,0,3
S01007291,O P Q. Public administration education and health,91,87,27,60,4,0,4
S01007291,R S T U. Other,11,8,2,6,3,2,1
S01007292,All people aged 16 to 74 in employment,423,364,114,250,59,16,43
S01007292,A B D E. Agriculture energy and water,28,24,1,23,4,1,3
S01007292,C. Manufacturing,24,23,7,16,1,0,1
S01007292,F. Construction,54,39,3,36,15,0,15
S01007292,G I. Distribution hotels and restaurants,98,85,43,42,13,2,11
S01007292,H J. Transport and communication,38,32,6,26,6,1,5
S01007292,K L M N. Financial real estate professional and administrative activities,45,36,11,25,9,7,2
S01007292,O P Q. Public administration education and health,123,114,37,77,9,4,5
S01007292,R S T U. Other,13,11,6,5,2,1,1
S01007293,All people aged 16 to 74 in employment,406,372,142,230,34,11,23
S01007293,A B D E. Agriculture energy and water,21,17,2,15,4,1,3
S01007293,C. Manufacturing,8,6,2,4,2,2,0
S01007293,F. Construction,50,37,4,33,13,2,11
S01007293,G I. Distribution hotels and restaurants,171,166,77,89,5,0,5
S01007293,H J. Transport and communication,26,25,1,24,1,0,1
S01007293,K L M N. Financial real estate professional and administrative activities,26,20,7,13,6,4,2
S01007293,O P Q. Public administration education and health,98,96,48,48,2,1,1
S01007293,R S T U. Other,6,5,1,4,1,1,0
S01007294,All people aged 16 to 74 in employment,477,408,136,272,69,8,61
S01007294,A B D E. Agriculture energy and water,29,24,0,24,5,1,4
S01007294,C. Manufacturing,18,15,5,10,3,0,3
S01007294,F. Construction,62,38,3,35,24,1,23
S01007294,G I. Distribution hotels and restaurants,121,112,51,61,9,1,8
S01007294,H J. Transport and communication,55,47,4,43,8,0,8
S01007294,K L M N. Financial real estate professional and administrative activities,44,34,12,22,10,2,8
S01007294,O P Q. Public administration education and health,127,120,54,66,7,3,4
S01007294,R S T U. Other,21,18,7,11,3,0,3
S01007295,All people aged 16 to 74 in employment,227,204,60,144,23,6,17
S01007295,A B D E. Agriculture energy and water,14,13,1,12,1,0,1
S01007295,C. Manufacturing,9,9,3,6,0,0,0
S01007295,F. Construction,29,21,4,17,8,1,7
S01007295,G I. Distribution hotels and restaurants,77,74,28,46,3,1,2
S01007295,H J. Transport and communication,18,17,1,16,1,0,1
S01007295,K L M N. Financial real estate professional and administrative activities,15,13,4,9,2,0,2
S01007295,O P Q. Public administration education and health,52,49,18,31,3,0,3
S01007295,R S T U. Other,13,8,1,7,5,4,1
S01007296,All people aged 16 to 74 in employment,319,268,56,212,51,7,44
S01007296,A B D E. Agriculture energy and water,22,16,0,16,6,0,6
S01007296,C. Manufacturing,10,10,3,7,0,0,0
S01007296,F. Construction,36,27,2,25,9,0,9
S01007296,G I. Distribution hotels and restaurants,113,91,33,58,22,4,18
S01007296,H J. Transport and communication,37,29,0,29,8,1,7
S01007296,K L M N. Financial real estate professional and administrative activities,35,32,3,29,3,1,2
S01007296,O P Q. Public administration education and health,50,49,13,36,1,1,0
S01007296,R S T U. Other,16,14,2,12,2,0,2
S01007297,All people aged 16 to 74 in employment,542,447,114,333,95,16,79
S01007297,A B D E. Agriculture energy and water,28,23,0,23,5,0,5
S01007297,C. Manufacturing,25,21,2,19,4,1,3
S01007297,F. Construction,38,20,2,18,18,2,16
S01007297,G I. Distribution hotels and restaurants,194,157,61,96,37,1,36
S01007297,H J. Transport and communication,37,32,4,28,5,1,4
S01007297,K L M N. Financial real estate professional and administrative activities,57,46,6,40,11,5,6
S01007297,O P Q. Public administration education and health,144,136,37,99,8,5,3
S01007297,R S T U. Other,19,12,2,10,7,1,6
S01007298,All people aged 16 to 74 in employment,279,240,92,148,39,5,34
S01007298,A B D E. Agriculture energy and water,19,16,1,15,3,0,3
S01007298,C. Manufacturing,6,5,1,4,1,0,1
S01007298,F. Construction,25,12,1,11,13,2,11
S01007298,G I. Distribution hotels and restaurants,93,80,40,40,13,2,11
S01007298,H J. Transport and communication,23,20,4,16,3,0,3
S01007298,K L M N. Financial real estate professional and administrative activities,31,26,8,18,5,1,4
S01007298,O P Q. Public administration education and health,74,74,32,42,0,0,0
S01007298,R S T U. Other,8,7,5,2,1,0,1
S01007299,All people aged 16 to 74 in employment,483,406,130,276,77,14,63
S01007299,A B D E. Agriculture energy and water,35,33,3,30,2,0,2
S01007299,C. Manufacturing,15,13,4,9,2,1,1
S01007299,F. Construction,48,32,0,32,16,2,14
S01007299,G I. Distribution hotels and restaurants,190,159,71,88,31,2,29
S01007299,H J. Transport and communication,36,25,1,24,11,2,9
S01007299,K L M N. Financial real estate professional and administrative activities,40,36,11,25,4,0,4
S01007299,O P Q. Public administration education and health,105,98,40,58,7,5,2
S01007299,R S T U. Other,14,10,0,10,4,2,2
S01007300,All people aged 16 to 74 in employment,250,212,83,129,38,6,32
S01007300,A B D E. Agriculture energy and water,24,19,0,19,5,1,4
S01007300,C. Manufacturing,3,3,1,2,0,0,0
S01007300,F. Construction,26,18,0,18,8,1,7
S01007300,G I. Distribution hotels and restaurants,96,80,42,38,16,2,14
S01007300,H J. Transport and communication,17,15,3,12,2,0,2
S01007300,K L M N. Financial real estate professional and administrative activities,24,20,10,10,4,1,3
S01007300,O P Q. Public administration education and health,49,48,22,26,1,0,1
S01007300,R S T U. Other,11,9,5,4,2,1,1
S01007301,All people aged 16 to 74 in employment,386,288,85,203,98,31,67
S01007301,A B D E. Agriculture energy and water,45,27,1,26,18,2,16
S01007301,C. Manufacturing,9,5,0,5,4,3,1
S01007301,F. Construction,31,14,2,12,17,5,12
S01007301,G I. Distribution hotels and restaurants,94,66,35,31,28,7,21
S01007301,H J. Transport and communication,21,19,4,15,2,0,2
S01007301,K L M N. Financial real estate professional and administrative activities,64,51,10,41,13,6,7
S01007301,O P Q. Public administration education and health,96,87,27,60,9,5,4
S01007301,R S T U. Other,26,19,6,13,7,3,4
S01007302,All people aged 16 to 74 in employment,318,277,97,180,41,14,27
S01007302,A B D E. Agriculture energy and water,20,15,2,13,5,0,5
S01007302,C. Manufacturing,4,4,1,3,0,0,0
S01007302,F. Construction,35,24,1,23,11,3,8
S01007302,G I. Distribution hotels and restaurants,94,89,46,43,5,1,4
S01007302,H J. Transport and communication,29,22,1,21,7,3,4
S01007302,K L M N. Financial real estate professional and administrative activities,39,33,13,20,6,3,3
S01007302,O P Q. Public administration education and health,81,77,29,48,4,3,1
S01007302,R S T U. Other,16,13,4,9,3,1,2
S01007303,All people aged 16 to 74 in employment,457,345,92,253,112,31,81
S01007303,A B D E. Agriculture energy and water,54,39,1,38,15,3,12
S01007303,C. Manufacturing,19,14,4,10,5,1,4
S01007303,F. Construction,27,10,1,9,17,1,16
S01007303,G I. Distribution hotels and restaurants,133,104,28,76,29,6,23
S01007303,H J. Transport and communication,29,23,6,17,6,2,4
S01007303,K L M N. Financial real estate professional and administrative activities,61,39,7,32,22,11,11
S01007303,O P Q. Public administration education and health,112,101,39,62,11,4,7
S01007303,R S T U. Other,22,15,6,9,7,3,4
S01007304,All people aged 16 to 74 in employment,326,211,73,138,115,31,84
S01007304,A B D E. Agriculture energy and water,56,26,3,23,30,2,28
S01007304,C. Manufacturing,10,8,1,7,2,1,1
S01007304,F. Construction,35,17,4,13,18,3,15
S01007304,G I. Distribution hotels and restaurants,84,53,20,33,31,8,23
S01007304,H J. Transport and communication,24,19,3,16,5,0,5
S01007304,K L M N. Financial real estate professional and administrative activities,35,26,9,17,9,5,4
S01007304,O P Q. Public administration education and health,65,58,33,25,7,4,3
S01007304,R S T U. Other,17,4,0,4,13,8,5
S01007305,All people aged 16 to 74 in employment,393,297,106,191,96,21,75
S01007305,A B D E. Agriculture energy and water,37,25,7,18,12,1,11
S01007305,C. Manufacturing,12,11,0,11,1,1,0
S01007305,F. Construction,32,17,1,16,15,3,12
S01007305,G I. Distribution hotels and restaurants,77,60,32,28,17,3,14
S01007305,H J. Transport and communication,37,26,4,22,11,0,11
S01007305,K L M N. Financial real estate professional and administrative activities,65,40,9,31,25,7,18
S01007305,O P Q. Public administration education and health,118,110,48,62,8,4,4
S01007305,R S T U. Other,15,8,5,3,7,2,5
S01007306,All people aged 16 to 74 in employment,367,290,94,196,77,20,57
S01007306,A B D E. Agriculture energy and water,38,35,2,33,3,0,3
S01007306,C. Manufacturing,9,7,1,6,2,0,2
S01007306,F. Construction,38,17,1,16,21,2,19
S01007306,G I. Distribution hotels and restaurants,67,52,26,26,15,4,11
S01007306,H J. Transport and communication,27,22,5,17,5,2,3
S01007306,K L M N. Financial real estate professional and administrative activities,49,34,12,22,15,4,11
S01007306,O P Q. Public administration education and health,121,111,46,65,10,4,6
S01007306,R S T U. Other,18,12,1,11,6,4,2
S01007307,All people aged 16 to 74 in employment,424,298,92,206,126,29,97
S01007307,A B D E. Agriculture energy and water,52,26,3,23,26,5,21
S01007307,C. Manufacturing,12,8,3,5,4,0,4
S01007307,F. Construction,30,14,2,12,16,0,16
S01007307,G I. Distribution hotels and restaurants,99,70,34,36,29,7,22
S01007307,H J. Transport and communication,29,22,1,21,7,0,7
S01007307,K L M N. Financial real estate professional and administrative activities,69,44,9,35,25,9,16
S01007307,O P Q. Public administration education and health,111,101,33,68,10,4,6
S01007307,R S T U. Other,22,13,7,6,9,4,5
S01007308,All people aged 16 to 74 in employment,412,325,68,257,87,25,62
S01007308,A B D E. Agriculture energy and water,41,25,2,23,16,4,12
S01007308,C. Manufacturing,10,8,0,8,2,1,1
S01007308,F. Construction,44,26,3,23,18,1,17
S01007308,G I. Distribution hotels and restaurants,140,118,23,95,22,3,19
S01007308,H J. Transport and communication,26,22,1,21,4,3,1
S01007308,K L M N. Financial real estate professional and administrative activities,42,31,9,22,11,4,7
S01007308,O P Q. Public administration education and health,86,79,26,53,7,5,2
S01007308,R S T U. Other,23,16,4,12,7,4,3
S01007309,All people aged 16 to 74 in employment,344,246,61,185,98,22,76
S01007309,A B D E. Agriculture energy and water,40,24,1,23,16,2,14
S01007309,C. Manufacturing,26,14,6,8,12,1,11
S01007309,F. Construction,31,12,1,11,19,3,16
S01007309,G I. Distribution hotels and restaurants,94,72,22,50,22,6,16
S01007309,H J. Transport and communication,21,17,4,13,4,1,3
S01007309,K L M N. Financial real estate professional and administrative activities,36,26,4,22,10,4,6
S01007309,O P Q. Public administration education and health,78,72,20,52,6,2,4
S01007309,R S T U. Other,18,9,3,6,9,3,6
S01007310,All people aged 16 to 74 in employment,349,229,77,152,120,31,89
S01007310,A B D E. Agriculture energy and water,40,10,0,10,30,6,24
S01007310,C. Manufacturing,21,12,3,9,9,3,6
S01007310,F. Construction,34,12,2,10,22,1,21
S01007310,G I. Distribution hotels and restaurants,68,47,23,24,21,5,16
S01007310,H J. Transport and communication,30,25,1,24,5,1,4
S01007310,K L M N. Financial real estate professional and administrative activities,36,22,6,16,14,4,10
S01007310,O P Q. Public administration education and health,110,96,40,56,14,9,5
S01007310,R S T U. Other,10,5,2,3,5,2,3
S01007311,All people aged 16 to 74 in employment,447,360,96,264,87,16,71
S01007311,A B D E. Agriculture energy and water,29,17,0,17,12,4,8
S01007311,C. Manufacturing,16,14,1,13,2,0,2
S01007311,F. Construction,49,36,2,34,13,2,11
S01007311,G I. Distribution hotels and restaurants,179,145,45,100,34,3,31
S01007311,H J. Transport and communication,20,17,3,14,3,0,3
S01007311,K L M N. Financial real estate professional and administrative activities,54,43,13,30,11,2,9
S01007311,O P Q. Public administration education and health,82,77,29,48,5,2,3
S01007311,R S T U. Other,18,11,3,8,7,3,4
S01007312,All people aged 16 to 74 in employment,344,276,82,194,68,20,48
S01007312,A B D E. Agriculture energy and water,30,23,3,20,7,0,7
S01007312,C. Manufacturing,16,13,1,12,3,2,1
S01007312,F. Construction,40,24,3,21,16,4,12
S01007312,G I. Distribution hotels and restaurants,72,57,26,31,15,3,12
S01007312,H J. Transport and communication,22,16,4,12,6,2,4
S01007312,K L M N. Financial real estate professional and administrative activities,38,27,6,21,11,3,8
S01007312,O P Q. Public administration education and health,116,108,38,70,8,5,3
S01007312,R S T U. Other,10,8,1,7,2,1,1
S01007313,All people aged 16 to 74 in employment,509,342,110,232,167,48,119
S01007313,A B D E. Agriculture energy and water,65,34,5,29,31,2,29
S01007313,C. Manufacturing,27,15,4,11,12,3,9
S01007313,F. Construction,43,23,3,20,20,4,16
S01007313,G I. Distribution hotels and restaurants,91,56,21,35,35,9,26
S01007313,H J. Transport and communication,28,16,2,14,12,8,4
S01007313,K L M N. Financial real estate professional and administrative activities,59,29,7,22,30,11,19
S01007313,O P Q. Public administration education and health,162,145,60,85,17,10,7
S01007313,R S T U. Other,34,24,8,16,10,1,9
S01007314,All people aged 16 to 74 in employment,371,290,76,214,81,23,58
S01007314,A B D E. Agriculture energy and water,38,22,1,21,16,3,13
S01007314,C. Manufacturing,19,14,1,13,5,2,3
S01007314,F. Construction,39,26,0,26,13,3,10
S01007314,G I. Distribution hotels and restaurants,46,36,14,22,10,0,10
S01007314,H J. Transport and communication,16,13,0,13,3,0,3
S01007314,K L M N. Financial real estate professional and administrative activities,35,20,4,16,15,7,8
S01007314,O P Q. Public administration education and health,163,147,54,93,16,8,8
S01007314,R S T U. Other,15,12,2,10,3,0,3
S01007315,All people aged 16 to 74 in employment,503,455,105,350,48,6,42
S01007315,A B D E. Agriculture energy and water,38,29,0,29,9,0,9
S01007315,C. Manufacturing,22,20,2,18,2,1,1
S01007315,F. Construction,57,42,2,40,15,1,14
S01007315,G I. Distribution hotels and restaurants,67,62,31,31,5,1,4
S01007315,H J. Transport and communication,23,22,4,18,1,1,0
S01007315,K L M N. Financial real estate professional and administrative activities,47,42,9,33,5,1,4
S01007315,O P Q. Public administration education and health,231,224,54,170,7,0,7
S01007315,R S T U. Other,18,14,3,11,4,1,3
S01007316,All people aged 16 to 74 in employment,392,347,77,270,45,6,39
S01007316,A B D E. Agriculture energy and water,41,31,0,31,10,0,10
S01007316,C. Manufacturing,6,5,0,5,1,0,1
S01007316,F. Construction,35,27,1,26,8,0,8
S01007316,G I. Distribution hotels and restaurants,66,56,23,33,10,0,10
S01007316,H J. Transport and communication,18,12,1,11,6,1,5
S01007316,K L M N. Financial real estate professional and administrative activities,25,22,7,15,3,0,3
S01007316,O P Q. Public administration education and health,182,179,41,138,3,2,1
S01007316,R S T U. Other,19,15,4,11,4,3,1
S01007317,All people aged 16 to 74 in employment,354,314,75,239,40,17,23
S01007317,A B D E. Agriculture energy and water,29,24,1,23,5,2,3
S01007317,C. Manufacturing,8,7,1,6,1,0,1
S01007317,F. Construction,49,36,1,35,13,6,7
S01007317,G I. Distribution hotels and restaurants,55,48,21,27,7,1,6
S01007317,H J. Transport and communication,14,14,4,10,0,0,0
S01007317,K L M N. Financial real estate professional and administrative activities,20,16,4,12,4,2,2
S01007317,O P Q. Public administration education and health,168,164,41,123,4,3,1
S01007317,R S T U. Other,11,5,2,3,6,3,3
S01007318,All people aged 16 to 74 in employment,295,242,68,174,53,9,44
S01007318,A B D E. Agriculture energy and water,23,14,1,13,9,0,9
S01007318,C. Manufacturing,13,9,2,7,4,0,4
S01007318,F. Construction,46,31,2,29,15,3,12
S01007318,G I. Distribution hotels and restaurants,38,28,15,13,10,1,9
S01007318,H J. Transport and communication,19,16,2,14,3,1,2
S01007318,K L M N. Financial real estate professional and administrative activities,24,19,6,13,5,1,4
S01007318,O P Q. Public administration education and health,122,118,38,80,4,1,3
S01007318,R S T U. Other,10,7,2,5,3,2,1
S01007319,All people aged 16 to 74 in employment,373,309,81,228,64,14,50
S01007319,A B D E. Agriculture energy and water,26,16,2,14,10,0,10
S01007319,C. Manufacturing,13,10,1,9,3,1,2
S01007319,F. Construction,40,26,3,23,14,2,12
S01007319,G I. Distribution hotels and restaurants,79,60,23,37,19,7,12
S01007319,H J. Transport and communication,23,20,1,19,3,0,3
S01007319,K L M N. Financial real estate professional and administrative activities,29,22,5,17,7,3,4
S01007319,O P Q. Public administration education and health,151,147,44,103,4,0,4
S01007319,R S T U. Other,12,8,2,6,4,1,3
S01007320,All people aged 16 to 74 in employment,373,267,79,188,106,30,76
S01007320,A B D E. Agriculture energy and water,69,42,4,38,27,6,21
S01007320,C. Manufacturing,22,17,4,13,5,1,4
S01007320,F. Construction,22,10,2,8,12,2,10
S01007320,G I. Distribution hotels and restaurants,65,44,19,25,21,6,15
S01007320,H J. Transport and communication,18,9,3,6,9,3,6
S01007320,K L M N. Financial real estate professional and administrative activities,49,36,9,27,13,2,11
S01007320,O P Q. Public administration education and health,104,98,34,64,6,4,2
S01007320,R S T U. Other,24,11,4,7,13,6,7
S01007321,All people aged 16 to 74 in employment,310,201,61,140,109,26,83
S01007321,A B D E. Agriculture energy and water,52,28,4,24,24,3,21
S01007321,C. Manufacturing,17,12,2,10,5,2,3
S01007321,F. Construction,27,13,1,12,14,2,12
S01007321,G I. Distribution hotels and restaurants,64,40,13,27,24,2,22
S01007321,H J. Transport and communication,23,19,4,15,4,1,3
S01007321,K L M N. Financial real estate professional and administrative activities,30,9,2,7,21,9,12
S01007321,O P Q. Public administration education and health,87,77,33,44,10,6,4
S01007321,R S T U. Other,10,3,2,1,7,1,6
S01007322,All people aged 16 to 74 in employment,363,272,65,207,91,19,72
S01007322,A B D E. Agriculture energy and water,45,25,2,23,20,4,16
S01007322,C. Manufacturing,14,9,4,5,5,0,5
S01007322,F. Construction,39,24,1,23,15,5,10
S01007322,G I. Distribution hotels and restaurants,88,54,18,36,34,4,30
S01007322,H J. Transport and communication,43,40,5,35,3,0,3
S01007322,K L M N. Financial real estate professional and administrative activities,25,21,7,14,4,1,3
S01007322,O P Q. Public administration education and health,101,95,26,69,6,3,3
S01007322,R S T U. Other,8,4,2,2,4,2,2
S01007323,All people aged 16 to 74 in employment,255,207,53,154,48,7,41
S01007323,A B D E. Agriculture energy and water,42,24,4,20,18,0,18
S01007323,C. Manufacturing,3,2,1,1,1,0,1
S01007323,F. Construction,20,14,1,13,6,2,4
S01007323,G I. Distribution hotels and restaurants,62,51,21,30,11,4,7
S01007323,H J. Transport and communication,35,32,3,29,3,0,3
S01007323,K L M N. Financial real estate professional and administrative activities,18,16,3,13,2,0,2
S01007323,O P Q. Public administration education and health,65,61,19,42,4,1,3
S01007323,R S T U. Other,10,7,1,6,3,0,3
S01007324,All people aged 16 to 74 in employment,168,126,51,75,42,13,29
S01007324,A B D E. Agriculture energy and water,18,11,3,8,7,1,6
S01007324,C. Manufacturing,17,14,1,13,3,2,1
S01007324,F. Construction,8,3,0,3,5,0,5
S01007324,G I. Distribution hotels and restaurants,34,25,9,16,9,2,7
S01007324,H J. Transport and communication,13,10,5,5,3,0,3
S01007324,K L M N. Financial real estate professional and administrative activities,18,14,4,10,4,1,3
S01007324,O P Q. Public administration education and health,51,40,29,11,11,7,4
S01007324,R S T U. Other,9,9,0,9,0,0,0
S01007325,All people aged 16 to 74 in employment,389,273,93,180,116,17,99
S01007325,A B D E. Agriculture energy and water,69,27,4,23,42,4,38
S01007325,C. Manufacturing,44,39,4,35,5,0,5
S01007325,F. Construction,22,4,0,4,18,1,17
S01007325,G I. Distribution hotels and restaurants,80,57,17,40,23,5,18
S01007325,H J. Transport and communication,25,20,5,15,5,2,3
S01007325,K L M N. Financial real estate professional and administrative activities,33,23,12,11,10,1,9
S01007325,O P Q. Public administration education and health,92,88,45,43,4,0,4
S01007325,R S T U. Other,24,15,6,9,9,4,5
S01007326,All people aged 16 to 74 in employment,385,294,82,212,91,12,79
S01007326,A B D E. Agriculture energy and water,74,29,4,25,45,3,42
S01007326,C. Manufacturing,49,49,6,43,0,0,0
S01007326,F. Construction,42,25,3,22,17,1,16
S01007326,G I. Distribution hotels and restaurants,65,50,17,33,15,5,10
S01007326,H J. Transport and communication,32,28,4,24,4,0,4
S01007326,K L M N. Financial real estate professional and administrative activities,24,21,6,15,3,0,3
S01007326,O P Q. Public administration education and health,88,85,40,45,3,2,1
S01007326,R S T U. Other,11,7,2,5,4,1,3
S01007327,All people aged 16 to 74 in employment,367,304,69,235,63,6,57
S01007327,A B D E. Agriculture energy and water,29,19,1,18,10,1,9
S01007327,C. Manufacturing,41,38,2,36,3,0,3
S01007327,F. Construction,54,33,2,31,21,0,21
S01007327,G I. Distribution hotels and restaurants,81,65,24,41,16,0,16
S01007327,H J. Transport and communication,19,17,2,15,2,0,2
S01007327,K L M N. Financial real estate professional and administrative activities,31,26,10,16,5,1,4
S01007327,O P Q. Public administration education and health,97,92,26,66,5,3,2
S01007327,R S T U. Other,15,14,2,12,1,1,0
S01007328,All people aged 16 to 74 in employment,417,333,105,228,84,16,68
S01007328,A B D E. Agriculture energy and water,40,17,3,14,23,2,21
S01007328,C. Manufacturing,79,75,3,72,4,0,4
S01007328,F. Construction,36,19,3,16,17,2,15
S01007328,G I. Distribution hotels and restaurants,85,69,35,34,16,4,12
S01007328,H J. Transport and communication,44,37,8,29,7,2,5
S01007328,K L M N. Financial real estate professional and administrative activities,28,21,8,13,7,2,5
S01007328,O P Q. Public administration education and health,92,89,42,47,3,2,1
S01007328,R S T U. Other,13,6,3,3,7,2,5
S01007329,All people aged 16 to 74 in employment,340,226,81,145,114,28,86
S01007329,A B D E. Agriculture energy and water,84,22,5,17,62,12,50
S01007329,C. Manufacturing,16,11,1,10,5,1,4
S01007329,F. Construction,28,19,3,16,9,1,8
S01007329,G I. Distribution hotels and restaurants,73,60,34,26,13,1,12
S01007329,H J. Transport and communication,16,12,1,11,4,2,2
S01007329,K L M N. Financial real estate professional and administrative activities,25,18,7,11,7,4,3
S01007329,O P Q. Public administration education and health,79,74,28,46,5,4,1
S01007329,R S T U. Other,19,10,2,8,9,3,6
S01007330,All people aged 16 to 74 in employment,339,230,88,142,109,22,87
S01007330,A B D E. Agriculture energy and water,56,19,1,18,37,1,36
S01007330,C. Manufacturing,13,11,3,8,2,0,2
S01007330,F. Construction,15,5,0,5,10,2,8
S01007330,G I. Distribution hotels and restaurants,78,52,28,24,26,4,22
S01007330,H J. Transport and communication,26,20,2,18,6,2,4
S01007330,K L M N. Financial real estate professional and administrative activities,22,13,7,6,9,3,6
S01007330,O P Q. Public administration education and health,106,99,41,58,7,4,3
S01007330,R S T U. Other,23,11,6,5,12,6,6
S01007331,All people aged 16 to 74 in employment,511,378,105,273,133,21,112
S01007331,A B D E. Agriculture energy and water,93,39,3,36,54,7,47
S01007331,C. Manufacturing,40,33,3,30,7,1,6
S01007331,F. Construction,61,38,5,33,23,0,23
S01007331,G I. Distribution hotels and restaurants,86,60,26,34,26,6,20
S01007331,H J. Transport and communication,30,26,5,21,4,1,3
S01007331,K L M N. Financial real estate professional and administrative activities,27,22,4,18,5,2,3
S01007331,O P Q. Public administration education and health,144,138,50,88,6,2,4
S01007331,R S T U. Other,30,22,9,13,8,2,6
S01007332,All people aged 16 to 74 in employment,239,135,50,85,104,19,85
S01007332,A B D E. Agriculture energy and water,68,16,2,14,52,4,48
S01007332,C. Manufacturing,13,7,2,5,6,1,5
S01007332,F. Construction,12,6,1,5,6,1,5
S01007332,G I. Distribution hotels and restaurants,37,23,16,7,14,4,10
S01007332,H J. Transport and communication,18,14,2,12,4,0,4
S01007332,K L M N. Financial real estate professional and administrative activities,11,5,2,3,6,0,6
S01007332,O P Q. Public administration education and health,69,57,23,34,12,9,3
S01007332,R S T U. Other,11,7,2,5,4,0,4
S01007333,All people aged 16 to 74 in employment,363,294,87,207,69,15,54
S01007333,A B D E. Agriculture energy and water,19,13,1,12,6,0,6
S01007333,C. Manufacturing,29,27,1,26,2,0,2
S01007333,F. Construction,37,29,1,28,8,0,8
S01007333,G I. Distribution hotels and restaurants,79,52,28,24,27,9,18
S01007333,H J. Transport and communication,27,24,1,23,3,0,3
S01007333,K L M N. Financial real estate professional and administrative activities,28,14,5,9,14,4,10
S01007333,O P Q. Public administration education and health,128,122,43,79,6,1,5
S01007333,R S T U. Other,16,13,7,6,3,1,2
S01007334,All people aged 16 to 74 in employment,275,243,90,153,32,12,20
S01007334,A B D E. Agriculture energy and water,14,12,1,11,2,0,2
S01007334,C. Manufacturing,30,28,2,26,2,0,2
S01007334,F. Construction,27,21,2,19,6,0,6
S01007334,G I. Distribution hotels and restaurants,72,61,37,24,11,5,6
S01007334,H J. Transport and communication,20,18,6,12,2,1,1
S01007334,K L M N. Financial real estate professional and administrative activities,21,15,7,8,6,3,3
S01007334,O P Q. Public administration education and health,79,77,32,45,2,2,0
S01007334,R S T U. Other,12,11,3,8,1,1,0
S01007335,All people aged 16 to 74 in employment,340,314,106,208,26,2,24
S01007335,A B D E. Agriculture energy and water,25,19,5,14,6,0,6
S01007335,C. Manufacturing,34,33,2,31,1,0,1
S01007335,F. Construction,41,33,3,30,8,0,8
S01007335,G I. Distribution hotels and restaurants,69,62,34,28,7,1,6
S01007335,H J. Transport and communication,15,15,3,12,0,0,0
S01007335,K L M N. Financial real estate professional and administrative activities,30,29,13,16,1,0,1
S01007335,O P Q. Public administration education and health,107,107,38,69,0,0,0
S01007335,R S T U. Other,19,16,8,8,3,1,2
S01007336,All people aged 16 to 74 in employment,227,190,57,133,37,6,31
S01007336,A B D E. Agriculture energy and water,18,12,2,10,6,1,5
S01007336,C. Manufacturing,11,11,1,10,0,0,0
S01007336,F. Construction,20,14,5,9,6,0,6
S01007336,G I. Distribution hotels and restaurants,50,44,21,23,6,0,6
S01007336,H J. Transport and communication,23,20,2,18,3,0,3
S01007336,K L M N. Financial real estate professional and administrative activities,24,14,4,10,10,2,8
S01007336,O P Q. Public administration education and health,67,65,19,46,2,2,0
S01007336,R S T U. Other,14,10,3,7,4,1,3
S01007337,All people aged 16 to 74 in employment,260,216,77,139,44,10,34
S01007337,A B D E. Agriculture energy and water,22,13,0,13,9,0,9
S01007337,C. Manufacturing,26,23,3,20,3,1,2
S01007337,F. Construction,24,16,3,13,8,1,7
S01007337,G I. Distribution hotels and restaurants,54,42,24,18,12,4,8
S01007337,H J. Transport and communication,24,23,3,20,1,0,1
S01007337,K L M N. Financial real estate professional and administrative activities,18,11,6,5,7,2,5
S01007337,O P Q. Public administration education and health,78,77,33,44,1,0,1
S01007337,R S T U. Other,14,11,5,6,3,2,1
S01007338,All people aged 16 to 74 in employment,362,320,113,207,42,9,33
S01007338,A B D E. Agriculture energy and water,32,19,4,15,13,2,11
S01007338,C. Manufacturing,35,34,3,31,1,1,0
S01007338,F. Construction,30,24,2,22,6,0,6
S01007338,G I. Distribution hotels and restaurants,80,73,42,31,7,1,6
S01007338,H J. Transport and communication,34,29,6,23,5,1,4
S01007338,K L M N. Financial real estate professional and administrative activities,25,25,12,13,0,0,0
S01007338,O P Q. Public administration education and health,104,102,37,65,2,0,2
S01007338,R S T U. Other,22,14,7,7,8,4,4
S01007339,All people aged 16 to 74 in employment,278,226,79,147,52,5,47
S01007339,A B D E. Agriculture energy and water,9,5,1,4,4,0,4
S01007339,C. Manufacturing,22,18,2,16,4,0,4
S01007339,F. Construction,28,19,0,19,9,1,8
S01007339,G I. Distribution hotels and restaurants,59,44,25,19,15,0,15
S01007339,H J. Transport and communication,21,17,3,14,4,2,2
S01007339,K L M N. Financial real estate professional and administrative activities,27,20,7,13,7,0,7
S01007339,O P Q. Public administration education and health,98,93,36,57,5,2,3
S01007339,R S T U. Other,14,10,5,5,4,0,4
S01007340,All people aged 16 to 74 in employment,183,145,45,100,38,11,27
S01007340,A B D E. Agriculture energy and water,8,4,2,2,4,1,3
S01007340,C. Manufacturing,13,10,0,10,3,0,3
S01007340,F. Construction,20,10,0,10,10,3,7
S01007340,G I. Distribution hotels and restaurants,36,30,15,15,6,1,5
S01007340,H J. Transport and communication,17,13,2,11,4,1,3
S01007340,K L M N. Financial real estate professional and administrative activities,26,21,4,17,5,2,3
S01007340,O P Q. Public administration education and health,52,50,18,32,2,0,2
S01007340,R S T U. Other,11,7,4,3,4,3,1
S01007341,All people aged 16 to 74 in employment,272,216,63,153,56,11,45
S01007341,A B D E. Agriculture energy and water,11,7,0,7,4,1,3
S01007341,C. Manufacturing,23,17,1,16,6,1,5
S01007341,F. Construction,24,13,1,12,11,1,10
S01007341,G I. Distribution hotels and restaurants,50,28,12,16,22,3,19
S01007341,H J. Transport and communication,29,26,2,24,3,0,3
S01007341,K L M N. Financial real estate professional and administrative activities,39,34,13,21,5,2,3
S01007341,O P Q. Public administration education and health,84,79,31,48,5,3,2
S01007341,R S T U. Other,12,12,3,9,0,0,0
S01007342,All people aged 16 to 74 in employment,369,270,114,156,99,23,76
S01007342,A B D E. Agriculture energy and water,11,9,1,8,2,0,2
S01007342,C. Manufacturing,26,20,5,15,6,2,4
S01007342,F. Construction,25,12,2,10,13,2,11
S01007342,G I. Distribution hotels and restaurants,82,48,27,21,34,5,29
S01007342,H J. Transport and communication,28,20,2,18,8,1,7
S01007342,K L M N. Financial real estate professional and administrative activities,59,40,17,23,19,6,13
S01007342,O P Q. Public administration education and health,123,111,54,57,12,6,6
S01007342,R S T U. Other,15,10,6,4,5,1,4
S01007343,All people aged 16 to 74 in employment,319,204,63,141,115,20,95
S01007343,A B D E. Agriculture energy and water,62,15,0,15,47,3,44
S01007343,C. Manufacturing,19,12,0,12,7,0,7
S01007343,F. Construction,15,10,0,10,5,2,3
S01007343,G I. Distribution hotels and restaurants,66,41,21,20,25,5,20
S01007343,H J. Transport and communication,26,21,6,15,5,1,4
S01007343,K L M N. Financial real estate professional and administrative activities,42,29,7,22,13,4,9
S01007343,O P Q. Public administration education and health,72,64,24,40,8,4,4
S01007343,R S T U. Other,17,12,5,7,5,1,4
S01007344,All people aged 16 to 74 in employment,184,148,42,106,36,8,28
S01007344,A B D E. Agriculture energy and water,11,8,0,8,3,1,2
S01007344,C. Manufacturing,10,9,0,9,1,1,0
S01007344,F. Construction,22,13,2,11,9,0,9
S01007344,G I. Distribution hotels and restaurants,27,19,13,6,8,2,6
S01007344,H J. Transport and communication,22,18,5,13,4,1,3
S01007344,K L M N. Financial real estate professional and administrative activities,20,17,3,14,3,1,2
S01007344,O P Q. Public administration education and health,62,61,18,43,1,0,1
S01007344,R S T U. Other,10,3,1,2,7,2,5
S01007345,All people aged 16 to 74 in employment,225,195,84,111,30,8,22
S01007345,A B D E. Agriculture energy and water,10,6,1,5,4,1,3
S01007345,C. Manufacturing,15,14,1,13,1,1,0
S01007345,F. Construction,19,14,1,13,5,0,5
S01007345,G I. Distribution hotels and restaurants,56,49,32,17,7,1,6
S01007345,H J. Transport and communication,14,11,1,10,3,1,2
S01007345,K L M N. Financial real estate professional and administrative activities,22,18,5,13,4,0,4
S01007345,O P Q. Public administration education and health,74,71,37,34,3,2,1
S01007345,R S T U. Other,15,12,6,6,3,2,1
S01007346,All people aged 16 to 74 in employment,215,190,60,130,25,5,20
S01007346,A B D E. Agriculture energy and water,6,6,0,6,0,0,0
S01007346,C. Manufacturing,18,17,0,17,1,0,1
S01007346,F. Construction,20,17,2,15,3,0,3
S01007346,G I. Distribution hotels and restaurants,51,40,17,23,11,1,10
S01007346,H J. Transport and communication,20,16,3,13,4,2,2
S01007346,K L M N. Financial real estate professional and administrative activities,30,30,10,20,0,0,0
S01007346,O P Q. Public administration education and health,59,55,24,31,4,2,2
S01007346,R S T U. Other,11,9,4,5,2,0,2
S01007347,All people aged 16 to 74 in employment,228,198,70,128,30,7,23
S01007347,A B D E. Agriculture energy and water,9,6,1,5,3,1,2
S01007347,C. Manufacturing,13,10,2,8,3,1,2
S01007347,F. Construction,28,20,1,19,8,1,7
S01007347,G I. Distribution hotels and restaurants,55,49,26,23,6,1,5
S01007347,H J. Transport and communication,20,17,6,11,3,1,2
S01007347,K L M N. Financial real estate professional and administrative activities,27,23,9,14,4,2,2
S01007347,O P Q. Public administration education and health,63,61,20,41,2,0,2
S01007347,R S T U. Other,13,12,5,7,1,0,1
S01007348,All people aged 16 to 74 in employment,244,215,85,130,29,10,19
S01007348,A B D E. Agriculture energy and water,11,10,0,10,1,0,1
S01007348,C. Manufacturing,9,9,1,8,0,0,0
S01007348,F. Construction,30,19,1,18,11,3,8
S01007348,G I. Distribution hotels and restaurants,53,47,29,18,6,1,5
S01007348,H J. Transport and communication,16,14,5,9,2,1,1
S01007348,K L M N. Financial real estate professional and administrative activities,37,30,10,20,7,3,4
S01007348,O P Q. Public administration education and health,73,71,35,36,2,2,0
S01007348,R S T U. Other,15,15,4,11,0,0,0
S01007349,All people aged 16 to 74 in employment,182,164,59,105,18,2,16
S01007349,A B D E. Agriculture energy and water,10,6,0,6,4,0,4
S01007349,C. Manufacturing,9,8,0,8,1,0,1
S01007349,F. Construction,10,9,0,9,1,0,1
S01007349,G I. Distribution hotels and restaurants,37,33,21,12,4,1,3
S01007349,H J. Transport and communication,19,15,3,12,4,0,4
S01007349,K L M N. Financial real estate professional and administrative activities,29,28,7,21,1,1,0
S01007349,O P Q. Public administration education and health,65,62,28,34,3,0,3
S01007349,R S T U. Other,3,3,0,3,0,0,0
S01007350,All people aged 16 to 74 in employment,243,194,66,128,49,16,33
S01007350,A B D E. Agriculture energy and water,6,4,0,4,2,2,0
S01007350,C. Manufacturing,15,15,1,14,0,0,0
S01007350,F. Construction,18,13,2,11,5,1,4
S01007350,G I. Distribution hotels and restaurants,77,51,26,25,26,5,21
S01007350,H J. Transport and communication,24,21,9,12,3,2,1
S01007350,K L M N. Financial real estate professional and administrative activities,23,18,4,14,5,2,3
S01007350,O P Q. Public administration education and health,58,55,18,37,3,3,0
S01007350,R S T U. Other,22,17,6,11,5,1,4
S01007351,All people aged 16 to 74 in employment,264,169,50,119,95,26,69
S01007351,A B D E. Agriculture energy and water,27,13,1,12,14,3,11
S01007351,C. Manufacturing,8,8,0,8,0,0,0
S01007351,F. Construction,37,14,1,13,23,2,21
S01007351,G I. Distribution hotels and restaurants,58,32,14,18,26,5,21
S01007351,H J. Transport and communication,23,20,3,17,3,0,3
S01007351,K L M N. Financial real estate professional and administrative activities,26,13,6,7,13,6,7
S01007351,O P Q. Public administration education and health,65,55,24,31,10,6,4
S01007351,R S T U. Other,20,14,1,13,6,4,2
S01007352,All people aged 16 to 74 in employment,243,141,37,104,102,20,82
S01007352,A B D E. Agriculture energy and water,51,19,0,19,32,3,29
S01007352,C. Manufacturing,5,4,0,4,1,1,0
S01007352,F. Construction,25,10,0,10,15,1,14
S01007352,G I. Distribution hotels and restaurants,42,21,6,15,21,3,18
S01007352,H J. Transport and communication,21,16,4,12,5,0,5
S01007352,K L M N. Financial real estate professional and administrative activities,37,22,7,15,15,4,11
S01007352,O P Q. Public administration education and health,47,42,16,26,5,3,2
S01007352,R S T U. Other,15,7,4,3,8,5,3
S01007353,All people aged 16 to 74 in employment,264,199,61,138,65,19,46
S01007353,A B D E. Agriculture energy and water,18,13,0,13,5,0,5
S01007353,C. Manufacturing,10,7,1,6,3,1,2
S01007353,F. Construction,25,12,0,12,13,4,9
S01007353,G I. Distribution hotels and restaurants,47,38,20,18,9,3,6
S01007353,H J. Transport and communication,21,17,7,10,4,0,4
S01007353,K L M N. Financial real estate professional and administrative activities,31,17,4,13,14,6,8
S01007353,O P Q. Public administration education and health,101,88,26,62,13,2,11
S01007353,R S T U. Other,11,7,3,4,4,3,1
S01007354,All people aged 16 to 74 in employment,313,252,73,179,61,21,40
S01007354,A B D E. Agriculture energy and water,16,12,0,12,4,1,3
S01007354,C. Manufacturing,15,11,1,10,4,2,2
S01007354,F. Construction,28,21,4,17,7,0,7
S01007354,G I. Distribution hotels and restaurants,45,31,16,15,14,4,10
S01007354,H J. Transport and communication,33,25,6,19,8,2,6
S01007354,K L M N. Financial real estate professional and administrative activities,34,22,7,15,12,5,7
S01007354,O P Q. Public administration education and health,130,122,37,85,8,3,5
S01007354,R S T U. Other,12,8,2,6,4,4,0
S01007355,All people aged 16 to 74 in employment,431,310,80,230,121,26,95
S01007355,A B D E. Agriculture energy and water,40,21,2,19,19,2,17
S01007355,C. Manufacturing,14,10,1,9,4,2,2
S01007355,F. Construction,37,13,0,13,24,4,20
S01007355,G I. Distribution hotels and restaurants,83,56,22,34,27,5,22
S01007355,H J. Transport and communication,34,25,4,21,9,3,6
S01007355,K L M N. Financial real estate professional and administrative activities,57,39,3,36,18,4,14
S01007355,O P Q. Public administration education and health,136,128,46,82,8,3,5
S01007355,R S T U. Other,30,18,2,16,12,3,9
S01007356,All people aged 16 to 74 in employment,289,220,78,142,69,21,48
S01007356,A B D E. Agriculture energy and water,11,7,1,6,4,1,3
S01007356,C. Manufacturing,15,11,3,8,4,1,3
S01007356,F. Construction,23,14,2,12,9,1,8
S01007356,G I. Distribution hotels and restaurants,53,32,15,17,21,5,16
S01007356,H J. Transport and communication,24,20,4,16,4,0,4
S01007356,K L M N. Financial real estate professional and administrative activities,38,22,11,11,16,7,9
S01007356,O P Q. Public administration education and health,111,105,39,66,6,3,3
S01007356,R S T U. Other,14,9,3,6,5,3,2
S01007357,All people aged 16 to 74 in employment,369,263,83,180,106,29,77
S01007357,A B D E. Agriculture energy and water,47,33,4,29,14,2,12
S01007357,C. Manufacturing,41,28,2,26,13,3,10
S01007357,F. Construction,31,19,2,17,12,3,9
S01007357,G I. Distribution hotels and restaurants,82,60,23,37,22,4,18
S01007357,H J. Transport and communication,23,18,8,10,5,2,3
S01007357,K L M N. Financial real estate professional and administrative activities,54,30,7,23,24,9,15
S01007357,O P Q. Public administration education and health,82,72,35,37,10,5,5
S01007357,R S T U. Other,9,3,2,1,6,1,5
S01007358,All people aged 16 to 74 in employment,506,418,104,314,88,22,66
S01007358,A B D E. Agriculture energy and water,22,16,0,16,6,3,3
S01007358,C. Manufacturing,24,17,1,16,7,1,6
S01007358,F. Construction,29,18,0,18,11,0,11
S01007358,G I. Distribution hotels and restaurants,160,129,48,81,31,1,30
S01007358,H J. Transport and communication,44,33,8,25,11,3,8
S01007358,K L M N. Financial real estate professional and administrative activities,49,36,6,30,13,8,5
S01007358,O P Q. Public administration education and health,158,152,37,115,6,4,2
S01007358,R S T U. Other,20,17,4,13,3,2,1
S01007359,All people aged 16 to 74 in employment,329,286,89,197,43,17,26
S01007359,A B D E. Agriculture energy and water,15,10,1,9,5,1,4
S01007359,C. Manufacturing,22,17,2,15,5,1,4
S01007359,F. Construction,24,21,2,19,3,1,2
S01007359,G I. Distribution hotels and restaurants,71,65,29,36,6,3,3
S01007359,H J. Transport and communication,27,24,4,20,3,0,3
S01007359,K L M N. Financial real estate professional and administrative activities,28,22,8,14,6,2,4
S01007359,O P Q. Public administration education and health,122,117,40,77,5,3,2
S01007359,R S T U. Other,20,10,3,7,10,6,4
S01007360,All people aged 16 to 74 in employment,220,178,50,128,42,13,29
S01007360,A B D E. Agriculture energy and water,7,6,0,6,1,0,1
S01007360,C. Manufacturing,8,7,1,6,1,1,0
S01007360,F. Construction,27,21,2,19,6,0,6
S01007360,G I. Distribution hotels and restaurants,54,41,11,30,13,3,10
S01007360,H J. Transport and communication,15,13,2,11,2,0,2
S01007360,K L M N. Financial real estate professional and administrative activities,25,18,2,16,7,3,4
S01007360,O P Q. Public administration education and health,64,61,27,34,3,2,1
S01007360,R S T U. Other,20,11,5,6,9,4,5
S01007361,All people aged 16 to 74 in employment,435,339,103,236,96,20,76
S01007361,A B D E. Agriculture energy and water,13,10,0,10,3,0,3
S01007361,C. Manufacturing,18,17,0,17,1,0,1
S01007361,F. Construction,40,22,1,21,18,4,14
S01007361,G I. Distribution hotels and restaurants,104,77,46,31,27,4,23
S01007361,H J. Transport and communication,34,25,2,23,9,2,7
S01007361,K L M N. Financial real estate professional and administrative activities,46,33,5,28,13,4,9
S01007361,O P Q. Public administration education and health,148,139,44,95,9,2,7
S01007361,R S T U. Other,32,16,5,11,16,4,12
S01007362,All people aged 16 to 74 in employment,326,280,76,204,46,14,32
S01007362,A B D E. Agriculture energy and water,19,17,0,17,2,0,2
S01007362,C. Manufacturing,4,3,0,3,1,0,1
S01007362,F. Construction,29,18,1,17,11,3,8
S01007362,G I. Distribution hotels and restaurants,70,54,24,30,16,3,13
S01007362,H J. Transport and communication,28,22,1,21,6,3,3
S01007362,K L M N. Financial real estate professional and administrative activities,28,22,5,17,6,4,2
S01007362,O P Q. Public administration education and health,134,131,40,91,3,1,2
S01007362,R S T U. Other,14,13,5,8,1,0,1
S01007363,All people aged 16 to 74 in employment,253,219,67,152,34,7,27
S01007363,A B D E. Agriculture energy and water,10,8,2,6,2,0,2
S01007363,C. Manufacturing,6,4,0,4,2,1,1
S01007363,F. Construction,25,22,1,21,3,0,3
S01007363,G I. Distribution hotels and restaurants,44,36,13,23,8,1,7
S01007363,H J. Transport and communication,26,22,6,16,4,0,4
S01007363,K L M N. Financial real estate professional and administrative activities,27,24,4,20,3,1,2
S01007363,O P Q. Public administration education and health,105,99,41,58,6,2,4
S01007363,R S T U. Other,10,4,0,4,6,2,4
S01007364,All people aged 16 to 74 in employment,343,316,109,207,27,5,22
S01007364,A B D E. Agriculture energy and water,12,11,0,11,1,0,1
S01007364,C. Manufacturing,8,6,0,6,2,0,2
S01007364,F. Construction,27,20,1,19,7,1,6
S01007364,G I. Distribution hotels and restaurants,100,92,37,55,8,1,7
S01007364,H J. Transport and communication,29,25,7,18,4,0,4
S01007364,K L M N. Financial real estate professional and administrative activities,33,31,10,21,2,2,0
S01007364,O P Q. Public administration education and health,116,115,46,69,1,0,1
S01007364,R S T U. Other,18,16,8,8,2,1,1
S01007365,All people aged 16 to 74 in employment,202,178,61,117,24,4,20
S01007365,A B D E. Agriculture energy and water,8,8,0,8,0,0,0
S01007365,C. Manufacturing,8,7,0,7,1,0,1
S01007365,F. Construction,24,17,0,17,7,1,6
S01007365,G I. Distribution hotels and restaurants,38,36,21,15,2,1,1
S01007365,H J. Transport and communication,15,14,0,14,1,0,1
S01007365,K L M N. Financial real estate professional and administrative activities,18,16,3,13,2,0,2
S01007365,O P Q. Public administration education and health,73,71,31,40,2,1,1
S01007365,R S T U. Other,18,9,6,3,9,1,8
S01007366,All people aged 16 to 74 in employment,149,132,47,85,17,6,11
S01007366,A B D E. Agriculture energy and water,3,2,0,2,1,0,1
S01007366,C. Manufacturing,7,5,0,5,2,1,1
S01007366,F. Construction,13,12,1,11,1,0,1
S01007366,G I. Distribution hotels and restaurants,42,37,19,18,5,2,3
S01007366,H J. Transport and communication,13,12,1,11,1,0,1
S01007366,K L M N. Financial real estate professional and administrative activities,11,7,3,4,4,1,3
S01007366,O P Q. Public administration education and health,54,54,21,33,0,0,0
S01007366,R S T U. Other,6,3,2,1,3,2,1
S01007367,All people aged 16 to 74 in employment,250,210,72,138,40,11,29
S01007367,A B D E. Agriculture energy and water,12,10,1,9,2,0,2
S01007367,C. Manufacturing,14,11,2,9,3,0,3
S01007367,F. Construction,21,12,1,11,9,3,6
S01007367,G I. Distribution hotels and restaurants,70,61,35,26,9,1,8
S01007367,H J. Transport and communication,21,17,1,16,4,1,3
S01007367,K L M N. Financial real estate professional and administrative activities,30,23,6,17,7,2,5
S01007367,O P Q. Public administration education and health,70,67,24,43,3,3,0
S01007367,R S T U. Other,12,9,2,7,3,1,2
S01007368,All people aged 16 to 74 in employment,200,174,62,112,26,7,19
S01007368,A B D E. Agriculture energy and water,7,7,0,7,0,0,0
S01007368,C. Manufacturing,6,5,1,4,1,0,1
S01007368,F. Construction,25,21,1,20,4,0,4
S01007368,G I. Distribution hotels and restaurants,53,48,19,29,5,2,3
S01007368,H J. Transport and communication,22,14,1,13,8,2,6
S01007368,K L M N. Financial real estate professional and administrative activities,25,21,12,9,4,3,1
S01007368,O P Q. Public administration education and health,53,51,24,27,2,0,2
S01007368,R S T U. Other,9,7,4,3,2,0,2
S01007369,All people aged 16 to 74 in employment,360,311,95,216,49,15,34
S01007369,A B D E. Agriculture energy and water,18,17,2,15,1,0,1
S01007369,C. Manufacturing,10,9,0,9,1,0,1
S01007369,F. Construction,45,28,3,25,17,2,15
S01007369,G I. Distribution hotels and restaurants,70,56,32,24,14,5,9
S01007369,H J. Transport and communication,21,20,2,18,1,0,1
S01007369,K L M N. Financial real estate professional and administrative activities,35,32,6,26,3,2,1
S01007369,O P Q. Public administration education and health,147,137,45,92,10,5,5
S01007369,R S T U. Other,14,12,5,7,2,1,1
S01007370,All people aged 16 to 74 in employment,378,328,99,229,50,14,36
S01007370,A B D E. Agriculture energy and water,13,12,1,11,1,0,1
S01007370,C. Manufacturing,10,10,3,7,0,0,0
S01007370,F. Construction,40,29,2,27,11,1,10
S01007370,G I. Distribution hotels and restaurants,111,93,42,51,18,2,16
S01007370,H J. Transport and communication,32,30,2,28,2,2,0
S01007370,K L M N. Financial real estate professional and administrative activities,43,33,5,28,10,4,6
S01007370,O P Q. Public administration education and health,111,109,40,69,2,1,1
S01007370,R S T U. Other,18,12,4,8,6,4,2
S01007371,All people aged 16 to 74 in employment,335,291,101,190,44,6,38
S01007371,A B D E. Agriculture energy and water,14,10,1,9,4,1,3
S01007371,C. Manufacturing,13,9,0,9,4,0,4
S01007371,F. Construction,32,20,2,18,12,1,11
S01007371,G I. Distribution hotels and restaurants,90,78,45,33,12,2,10
S01007371,H J. Transport and communication,28,27,4,23,1,0,1
S01007371,K L M N. Financial real estate professional and administrative activities,34,28,7,21,6,1,5
S01007371,O P Q. Public administration education and health,107,105,36,69,2,0,2
S01007371,R S T U. Other,17,14,6,8,3,1,2
S01007372,All people aged 16 to 74 in employment,365,304,97,207,61,17,44
S01007372,A B D E. Agriculture energy and water,12,11,0,11,1,0,1
S01007372,C. Manufacturing,7,6,1,5,1,0,1
S01007372,F. Construction,40,32,6,26,8,4,4
S01007372,G I. Distribution hotels and restaurants,93,69,27,42,24,6,18
S01007372,H J. Transport and communication,22,17,1,16,5,0,5
S01007372,K L M N. Financial real estate professional and administrative activities,42,31,12,19,11,4,7
S01007372,O P Q. Public administration education and health,134,125,48,77,9,2,7
S01007372,R S T U. Other,15,13,2,11,2,1,1
S01007373,All people aged 16 to 74 in employment,259,189,55,134,70,24,46
S01007373,A B D E. Agriculture energy and water,10,6,1,5,4,0,4
S01007373,C. Manufacturing,22,15,2,13,7,1,6
S01007373,F. Construction,23,11,1,10,12,3,9
S01007373,G I. Distribution hotels and restaurants,32,22,8,14,10,5,5
S01007373,H J. Transport and communication,25,16,4,12,9,3,6
S01007373,K L M N. Financial real estate professional and administrative activities,46,32,9,23,14,5,9
S01007373,O P Q. Public administration education and health,86,76,24,52,10,5,5
S01007373,R S T U. Other,15,11,6,5,4,2,2
S01007374,All people aged 16 to 74 in employment,269,222,55,167,47,14,33
S01007374,A B D E. Agriculture energy and water,3,3,0,3,0,0,0
S01007374,C. Manufacturing,23,22,1,21,1,0,1
S01007374,F. Construction,18,7,1,6,11,1,10
S01007374,G I. Distribution hotels and restaurants,37,33,13,20,4,1,3
S01007374,H J. Transport and communication,21,15,3,12,6,1,5
S01007374,K L M N. Financial real estate professional and administrative activities,46,35,6,29,11,4,7
S01007374,O P Q. Public administration education and health,105,99,28,71,6,4,2
S01007374,R S T U. Other,16,8,3,5,8,3,5
S01007375,All people aged 16 to 74 in employment,204,159,39,120,45,11,34
S01007375,A B D E. Agriculture energy and water,10,5,1,4,5,0,5
S01007375,C. Manufacturing,12,9,0,9,3,0,3
S01007375,F. Construction,15,8,0,8,7,2,5
S01007375,G I. Distribution hotels and restaurants,31,21,12,9,10,2,8
S01007375,H J. Transport and communication,14,8,2,6,6,2,4
S01007375,K L M N. Financial real estate professional and administrative activities,42,35,7,28,7,3,4
S01007375,O P Q. Public administration education and health,70,66,16,50,4,1,3
S01007375,R S T U. Other,10,7,1,6,3,1,2
S01007376,All people aged 16 to 74 in employment,360,327,96,231,33,8,25
S01007376,A B D E. Agriculture energy and water,5,5,0,5,0,0,0
S01007376,C. Manufacturing,26,25,1,24,1,1,0
S01007376,F. Construction,22,15,1,14,7,1,6
S01007376,G I. Distribution hotels and restaurants,76,70,33,37,6,1,5
S01007376,H J. Transport and communication,16,14,1,13,2,1,1
S01007376,K L M N. Financial real estate professional and administrative activities,68,61,13,48,7,2,5
S01007376,O P Q. Public administration education and health,134,129,44,85,5,0,5
S01007376,R S T U. Other,13,8,3,5,5,2,3
S01007377,All people aged 16 to 74 in employment,339,280,73,207,59,20,39
S01007377,A B D E. Agriculture energy and water,4,2,0,2,2,0,2
S01007377,C. Manufacturing,18,16,4,12,2,1,1
S01007377,F. Construction,28,13,0,13,15,4,11
S01007377,G I. Distribution hotels and restaurants,46,33,19,14,13,4,9
S01007377,H J. Transport and communication,32,28,2,26,4,1,3
S01007377,K L M N. Financial real estate professional and administrative activities,62,51,12,39,11,3,8
S01007377,O P Q. Public administration education and health,138,131,35,96,7,4,3
S01007377,R S T U. Other,11,6,1,5,5,3,2
S01007378,All people aged 16 to 74 in employment,1164,1116,68,1048,48,15,33
S01007378,A B D E. Agriculture energy and water,7,2,1,1,5,1,4
S01007378,C. Manufacturing,10,7,1,6,3,0,3
S01007378,F. Construction,21,13,2,11,8,1,7
S01007378,G I. Distribution hotels and restaurants,30,27,11,16,3,1,2
S01007378,H J. Transport and communication,32,21,3,18,11,4,7
S01007378,K L M N. Financial real estate professional and administrative activities,40,33,6,27,7,2,5
S01007378,O P Q. Public administration education and health,1015,1009,42,967,6,3,3
S01007378,R S T U. Other,9,4,2,2,5,3,2
S01007379,All people aged 16 to 74 in employment,208,193,51,142,15,0,15
S01007379,A B D E. Agriculture energy and water,5,4,0,4,1,0,1
S01007379,C. Manufacturing,9,9,0,9,0,0,0
S01007379,F. Construction,21,18,0,18,3,0,3
S01007379,G I. Distribution hotels and restaurants,35,34,17,17,1,0,1
S01007379,H J. Transport and communication,19,16,3,13,3,0,3
S01007379,K L M N. Financial real estate professional and administrative activities,39,36,7,29,3,0,3
S01007379,O P Q. Public administration education and health,72,69,21,48,3,0,3
S01007379,R S T U. Other,8,7,3,4,1,0,1
S01007380,All people aged 16 to 74 in employment,290,270,63,207,20,7,13
S01007380,A B D E. Agriculture energy and water,4,2,0,2,2,1,1
S01007380,C. Manufacturing,16,12,0,12,4,1,3
S01007380,F. Construction,22,17,0,17,5,1,4
S01007380,G I. Distribution hotels and restaurants,60,57,25,32,3,2,1
S01007380,H J. Transport and communication,22,22,3,19,0,0,0
S01007380,K L M N. Financial real estate professional and administrative activities,44,41,4,37,3,1,2
S01007380,O P Q. Public administration education and health,110,108,26,82,2,1,1
S01007380,R S T U. Other,12,11,5,6,1,0,1
S01007381,All people aged 16 to 74 in employment,197,170,41,129,27,14,13
S01007381,A B D E. Agriculture energy and water,0,0,0,0,0,0,0
S01007381,C. Manufacturing,18,15,1,14,3,2,1
S01007381,F. Construction,8,5,0,5,3,0,3
S01007381,G I. Distribution hotels and restaurants,32,30,13,17,2,0,2
S01007381,H J. Transport and communication,9,9,2,7,0,0,0
S01007381,K L M N. Financial real estate professional and administrative activities,29,24,1,23,5,1,4
S01007381,O P Q. Public administration education and health,93,81,22,59,12,9,3
S01007381,R S T U. Other,8,6,2,4,2,2,0
S01007382,All people aged 16 to 74 in employment,325,273,75,198,52,14,38
S01007382,A B D E. Agriculture energy and water,5,4,0,4,1,1,0
S01007382,C. Manufacturing,17,15,2,13,2,0,2
S01007382,F. Construction,28,18,5,13,10,1,9
S01007382,G I. Distribution hotels and restaurants,43,35,17,18,8,2,6
S01007382,H J. Transport and communication,23,16,3,13,7,2,5
S01007382,K L M N. Financial real estate professional and administrative activities,54,40,6,34,14,3,11
S01007382,O P Q. Public administration education and health,139,133,38,95,6,4,2
S01007382,R S T U. Other,16,12,4,8,4,1,3
S01007383,All people aged 16 to 74 in employment,346,285,66,219,61,17,44
S01007383,A B D E. Agriculture energy and water,6,6,0,6,0,0,0
S01007383,C. Manufacturing,21,18,0,18,3,0,3
S01007383,F. Construction,19,14,4,10,5,0,5
S01007383,G I. Distribution hotels and restaurants,63,49,17,32,14,4,10
S01007383,H J. Transport and communication,26,20,2,18,6,1,5
S01007383,K L M N. Financial real estate professional and administrative activities,67,51,16,35,16,5,11
S01007383,O P Q. Public administration education and health,131,119,25,94,12,6,6
S01007383,R S T U. Other,13,8,2,6,5,1,4
S01007384,All people aged 16 to 74 in employment,384,353,100,253,31,13,18
S01007384,A B D E. Agriculture energy and water,7,7,1,6,0,0,0
S01007384,C. Manufacturing,11,9,1,8,2,0,2
S01007384,F. Construction,19,12,0,12,7,0,7
S01007384,G I. Distribution hotels and restaurants,58,57,36,21,1,0,1
S01007384,H J. Transport and communication,27,23,5,18,4,1,3
S01007384,K L M N. Financial real estate professional and administrative activities,56,51,11,40,5,3,2
S01007384,O P Q. Public administration education and health,187,179,38,141,8,5,3
S01007384,R S T U. Other,19,15,8,7,4,4,0
S01007385,All people aged 16 to 74 in employment,362,310,79,231,52,15,37
S01007385,A B D E. Agriculture energy and water,6,6,0,6,0,0,0
S01007385,C. Manufacturing,18,17,0,17,1,0,1
S01007385,F. Construction,30,20,3,17,10,2,8
S01007385,G I. Distribution hotels and restaurants,57,47,22,25,10,1,9
S01007385,H J. Transport and communication,25,18,1,17,7,1,6
S01007385,K L M N. Financial real estate professional and administrative activities,76,63,5,58,13,5,8
S01007385,O P Q. Public administration education and health,125,119,41,78,6,3,3
S01007385,R S T U. Other,25,20,7,13,5,3,2
S01007386,All people aged 16 to 74 in employment,354,262,79,183,92,36,56
S01007386,A B D E. Agriculture energy and water,8,7,0,7,1,0,1
S01007386,C. Manufacturing,20,14,0,14,6,1,5
S01007386,F. Construction,14,7,1,6,7,2,5
S01007386,G I. Distribution hotels and restaurants,54,33,16,17,21,5,16
S01007386,H J. Transport and communication,17,12,2,10,5,1,4
S01007386,K L M N. Financial real estate professional and administrative activities,81,49,13,36,32,14,18
S01007386,O P Q. Public administration education and health,140,126,41,85,14,9,5
S01007386,R S T U. Other,20,14,6,8,6,4,2
S01007387,All people aged 16 to 74 in employment,365,302,84,218,63,20,43
S01007387,A B D E. Agriculture energy and water,7,6,0,6,1,0,1
S01007387,C. Manufacturing,19,12,0,12,7,2,5
S01007387,F. Construction,18,12,0,12,6,3,3
S01007387,G I. Distribution hotels and restaurants,68,54,28,26,14,4,10
S01007387,H J. Transport and communication,30,22,5,17,8,1,7
S01007387,K L M N. Financial real estate professional and administrative activities,68,55,13,42,13,2,11
S01007387,O P Q. Public administration education and health,144,133,35,98,11,7,4
S01007387,R S T U. Other,11,8,3,5,3,1,2
S01007388,All people aged 16 to 74 in employment,342,301,86,215,41,12,29
S01007388,A B D E. Agriculture energy and water,8,8,2,6,0,0,0
S01007388,C. Manufacturing,15,15,1,14,0,0,0
S01007388,F. Construction,18,11,2,9,7,2,5
S01007388,G I. Distribution hotels and restaurants,48,43,20,23,5,1,4
S01007388,H J. Transport and communication,24,23,6,17,1,0,1
S01007388,K L M N. Financial real estate professional and administrative activities,55,45,10,35,10,3,7
S01007388,O P Q. Public administration education and health,167,149,43,106,18,6,12
S01007388,R S T U. Other,7,7,2,5,0,0,0
S01007389,All people aged 16 to 74 in employment,258,242,54,188,16,8,8
S01007389,A B D E. Agriculture energy and water,1,1,0,1,0,0,0
S01007389,C. Manufacturing,3,3,0,3,0,0,0
S01007389,F. Construction,12,10,0,10,2,1,1
S01007389,G I. Distribution hotels and restaurants,50,47,26,21,3,0,3
S01007389,H J. Transport and communication,14,13,1,12,1,1,0
S01007389,K L M N. Financial real estate professional and administrative activities,26,22,4,18,4,1,3
S01007389,O P Q. Public administration education and health,141,139,21,118,2,2,0
S01007389,R S T U. Other,11,7,2,5,4,3,1
S01007390,All people aged 16 to 74 in employment,258,229,82,147,29,11,18
S01007390,A B D E. Agriculture energy and water,2,2,0,2,0,0,0
S01007390,C. Manufacturing,6,5,1,4,1,0,1
S01007390,F. Construction,11,7,0,7,4,2,2
S01007390,G I. Distribution hotels and restaurants,49,42,29,13,7,2,5
S01007390,H J. Transport and communication,10,8,1,7,2,0,2
S01007390,K L M N. Financial real estate professional and administrative activities,25,19,6,13,6,3,3
S01007390,O P Q. Public administration education and health,142,137,38,99,5,2,3
S01007390,R S T U. Other,13,9,7,2,4,2,2
S01007391,All people aged 16 to 74 in employment,282,253,70,183,29,9,20
S01007391,A B D E. Agriculture energy and water,6,4,0,4,2,1,1
S01007391,C. Manufacturing,15,13,0,13,2,0,2
S01007391,F. Construction,11,10,1,9,1,0,1
S01007391,G I. Distribution hotels and restaurants,46,41,22,19,5,0,5
S01007391,H J. Transport and communication,17,14,1,13,3,1,2
S01007391,K L M N. Financial real estate professional and administrative activities,51,44,10,34,7,2,5
S01007391,O P Q. Public administration education and health,121,117,33,84,4,2,2
S01007391,R S T U. Other,15,10,3,7,5,3,2
S01007392,All people aged 16 to 74 in employment,203,173,37,136,30,10,20
S01007392,A B D E. Agriculture energy and water,3,2,0,2,1,0,1
S01007392,C. Manufacturing,6,5,0,5,1,0,1
S01007392,F. Construction,11,7,1,6,4,0,4
S01007392,G I. Distribution hotels and restaurants,41,33,16,17,8,3,5
S01007392,H J. Transport and communication,9,8,0,8,1,0,1
S01007392,K L M N. Financial real estate professional and administrative activities,40,33,2,31,7,3,4
S01007392,O P Q. Public administration education and health,85,79,15,64,6,4,2
S01007392,R S T U. Other,8,6,3,3,2,0,2
S01007393,All people aged 16 to 74 in employment,247,187,54,133,60,18,42
S01007393,A B D E. Agriculture energy and water,7,7,0,7,0,0,0
S01007393,C. Manufacturing,18,16,2,14,2,0,2
S01007393,F. Construction,16,11,2,9,5,0,5
S01007393,G I. Distribution hotels and restaurants,32,22,9,13,10,3,7
S01007393,H J. Transport and communication,21,11,2,9,10,1,9
S01007393,K L M N. Financial real estate professional and administrative activities,56,38,10,28,18,6,12
S01007393,O P Q. Public administration education and health,88,76,26,50,12,6,6
S01007393,R S T U. Other,9,6,3,3,3,2,1
S01007394,All people aged 16 to 74 in employment,242,209,67,142,33,7,26
S01007394,A B D E. Agriculture energy and water,2,2,0,2,0,0,0
S01007394,C. Manufacturing,8,8,0,8,0,0,0
S01007394,F. Construction,20,10,2,8,10,3,7
S01007394,G I. Distribution hotels and restaurants,36,32,18,14,4,1,3
S01007394,H J. Transport and communication,11,9,2,7,2,0,2
S01007394,K L M N. Financial real estate professional and administrative activities,46,38,6,32,8,1,7
S01007394,O P Q. Public administration education and health,102,98,34,64,4,1,3
S01007394,R S T U. Other,17,12,5,7,5,1,4
S01007395,All people aged 16 to 74 in employment,388,339,69,270,49,10,39
S01007395,A B D E. Agriculture energy and water,10,7,0,7,3,0,3
S01007395,C. Manufacturing,17,13,1,12,4,4,0
S01007395,F. Construction,35,21,1,20,14,0,14
S01007395,G I. Distribution hotels and restaurants,75,65,24,41,10,2,8
S01007395,H J. Transport and communication,29,24,8,16,5,1,4
S01007395,K L M N. Financial real estate professional and administrative activities,63,56,4,52,7,2,5
S01007395,O P Q. Public administration education and health,138,137,26,111,1,0,1
S01007395,R S T U. Other,21,16,5,11,5,1,4
S01007396,All people aged 16 to 74 in employment,377,334,82,252,43,20,23
S01007396,A B D E. Agriculture energy and water,10,8,2,6,2,1,1
S01007396,C. Manufacturing,20,15,1,14,5,2,3
S01007396,F. Construction,31,23,2,21,8,1,7
S01007396,G I. Distribution hotels and restaurants,80,76,28,48,4,2,2
S01007396,H J. Transport and communication,15,10,2,8,5,1,4
S01007396,K L M N. Financial real estate professional and administrative activities,51,45,6,39,6,4,2
S01007396,O P Q. Public administration education and health,149,141,33,108,8,6,2
S01007396,R S T U. Other,21,16,8,8,5,3,2
S01007397,All people aged 16 to 74 in employment,435,367,102,265,68,23,45
S01007397,A B D E. Agriculture energy and water,10,7,1,6,3,1,2
S01007397,C. Manufacturing,23,22,1,21,1,1,0
S01007397,F. Construction,32,25,3,22,7,1,6
S01007397,G I. Distribution hotels and restaurants,72,61,31,30,11,2,9
S01007397,H J. Transport and communication,41,30,4,26,11,3,8
S01007397,K L M N. Financial real estate professional and administrative activities,56,44,9,35,12,4,8
S01007397,O P Q. Public administration education and health,178,163,46,117,15,8,7
S01007397,R S T U. Other,23,15,7,8,8,3,5
S01007398,All people aged 16 to 74 in employment,287,265,98,167,22,6,16
S01007398,A B D E. Agriculture energy and water,6,6,0,6,0,0,0
S01007398,C. Manufacturing,12,11,0,11,1,0,1
S01007398,F. Construction,33,28,1,27,5,1,4
S01007398,G I. Distribution hotels and restaurants,55,51,25,26,4,1,3
S01007398,H J. Transport and communication,21,14,2,12,7,1,6
S01007398,K L M N. Financial real estate professional and administrative activities,43,41,20,21,2,2,0
S01007398,O P Q. Public administration education and health,106,103,45,58,3,1,2
S01007398,R S T U. Other,11,11,5,6,0,0,0
S01007399,All people aged 16 to 74 in employment,249,222,81,141,27,10,17
S01007399,A B D E. Agriculture energy and water,6,6,3,3,0,0,0
S01007399,C. Manufacturing,2,1,0,1,1,0,1
S01007399,F. Construction,34,26,1,25,8,2,6
S01007399,G I. Distribution hotels and restaurants,52,49,26,23,3,3,0
S01007399,H J. Transport and communication,27,19,5,14,8,3,5
S01007399,K L M N. Financial real estate professional and administrative activities,31,29,11,18,2,0,2
S01007399,O P Q. Public administration education and health,84,83,29,54,1,1,0
S01007399,R S T U. Other,13,9,6,3,4,1,3
S01007400,All people aged 16 to 74 in employment,330,284,90,194,46,13,33
S01007400,A B D E. Agriculture energy and water,6,5,1,4,1,0,1
S01007400,C. Manufacturing,14,11,0,11,3,1,2
S01007400,F. Construction,24,18,2,16,6,1,5
S01007400,G I. Distribution hotels and restaurants,66,52,28,24,14,1,13
S01007400,H J. Transport and communication,19,17,2,15,2,0,2
S01007400,K L M N. Financial real estate professional and administrative activities,45,34,4,30,11,4,7
S01007400,O P Q. Public administration education and health,141,135,49,86,6,5,1
S01007400,R S T U. Other,15,12,4,8,3,1,2
S01007401,All people aged 16 to 74 in employment,349,313,87,226,36,8,28
S01007401,A B D E. Agriculture energy and water,1,1,0,1,0,0,0
S01007401,C. Manufacturing,20,18,3,15,2,1,1
S01007401,F. Construction,19,15,1,14,4,0,4
S01007401,G I. Distribution hotels and restaurants,74,60,31,29,14,2,12
S01007401,H J. Transport and communication,30,25,3,22,5,0,5
S01007401,K L M N. Financial real estate professional and administrative activities,49,44,5,39,5,1,4
S01007401,O P Q. Public administration education and health,136,131,32,99,5,3,2
S01007401,R S T U. Other,20,19,12,7,1,1,0
S01007402,All people aged 16 to 74 in employment,310,272,81,191,38,11,27
S01007402,A B D E. Agriculture energy and water,2,2,0,2,0,0,0
S01007402,C. Manufacturing,14,11,0,11,3,0,3
S01007402,F. Construction,19,12,0,12,7,1,6
S01007402,G I. Distribution hotels and restaurants,50,45,28,17,5,0,5
S01007402,H J. Transport and communication,34,29,4,25,5,1,4
S01007402,K L M N. Financial real estate professional and administrative activities,51,42,10,32,9,3,6
S01007402,O P Q. Public administration education and health,120,116,32,84,4,2,2
S01007402,R S T U. Other,20,15,7,8,5,4,1
S01007403,All people aged 16 to 74 in employment,408,377,106,271,31,11,20
S01007403,A B D E. Agriculture energy and water,6,6,0,6,0,0,0
S01007403,C. Manufacturing,16,14,2,12,2,1,1
S01007403,F. Construction,15,12,1,11,3,0,3
S01007403,G I. Distribution hotels and restaurants,61,57,33,24,4,0,4
S01007403,H J. Transport and communication,14,11,3,8,3,2,1
S01007403,K L M N. Financial real estate professional and administrative activities,38,32,13,19,6,1,5
S01007403,O P Q. Public administration education and health,243,234,48,186,9,4,5
S01007403,R S T U. Other,15,11,6,5,4,3,1
S01007404,All people aged 16 to 74 in employment,223,149,38,111,74,11,63
S01007404,A B D E. Agriculture energy and water,28,10,0,10,18,0,18
S01007404,C. Manufacturing,6,2,0,2,4,0,4
S01007404,F. Construction,12,5,0,5,7,1,6
S01007404,G I. Distribution hotels and restaurants,54,36,14,22,18,2,16
S01007404,H J. Transport and communication,14,14,2,12,0,0,0
S01007404,K L M N. Financial real estate professional and administrative activities,41,27,1,26,14,3,11
S01007404,O P Q. Public administration education and health,59,52,19,33,7,2,5
S01007404,R S T U. Other,9,3,2,1,6,3,3
S01007405,All people aged 16 to 74 in employment,356,287,70,217,69,12,57
S01007405,A B D E. Agriculture energy and water,29,12,2,10,17,2,15
S01007405,C. Manufacturing,19,17,1,16,2,0,2
S01007405,F. Construction,14,9,2,7,5,1,4
S01007405,G I. Distribution hotels and restaurants,58,44,26,18,14,1,13
S01007405,H J. Transport and communication,24,20,4,16,4,0,4
S01007405,K L M N. Financial real estate professional and administrative activities,58,42,9,33,16,3,13
S01007405,O P Q. Public administration education and health,134,127,25,102,7,4,3
S01007405,R S T U. Other,20,16,1,15,4,1,3
S01007406,All people aged 16 to 74 in employment,293,247,77,170,46,7,39
S01007406,A B D E. Agriculture energy and water,8,4,0,4,4,0,4
S01007406,C. Manufacturing,18,18,1,17,0,0,0
S01007406,F. Construction,15,13,1,12,2,0,2
S01007406,G I. Distribution hotels and restaurants,42,30,12,18,12,1,11
S01007406,H J. Transport and communication,16,13,4,9,3,1,2
S01007406,K L M N. Financial real estate professional and administrative activities,50,32,9,23,18,2,16
S01007406,O P Q. Public administration education and health,129,126,47,79,3,1,2
S01007406,R S T U. Other,15,11,3,8,4,2,2
S01007407,All people aged 16 to 74 in employment,340,286,78,208,54,10,44
S01007407,A B D E. Agriculture energy and water,7,5,0,5,2,0,2
S01007407,C. Manufacturing,27,26,0,26,1,0,1
S01007407,F. Construction,19,10,0,10,9,0,9
S01007407,G I. Distribution hotels and restaurants,62,50,26,24,12,2,10
S01007407,H J. Transport and communication,35,27,1,26,8,1,7
S01007407,K L M N. Financial real estate professional and administrative activities,45,37,9,28,8,1,7
S01007407,O P Q. Public administration education and health,127,118,36,82,9,3,6
S01007407,R S T U. Other,18,13,6,7,5,3,2
S01007408,All people aged 16 to 74 in employment,281,248,75,173,33,9,24
S01007408,A B D E. Agriculture energy and water,11,7,1,6,4,1,3
S01007408,C. Manufacturing,13,12,3,9,1,0,1
S01007408,F. Construction,29,21,0,21,8,0,8
S01007408,G I. Distribution hotels and restaurants,39,37,18,19,2,0,2
S01007408,H J. Transport and communication,18,14,2,12,4,2,2
S01007408,K L M N. Financial real estate professional and administrative activities,55,46,13,33,9,5,4
S01007408,O P Q. Public administration education and health,103,100,33,67,3,1,2
S01007408,R S T U. Other,13,11,5,6,2,0,2
S01007409,All people aged 16 to 74 in employment,373,339,85,254,34,8,26
S01007409,A B D E. Agriculture energy and water,8,8,0,8,0,0,0
S01007409,C. Manufacturing,59,58,2,56,1,1,0
S01007409,F. Construction,35,27,2,25,8,1,7
S01007409,G I. Distribution hotels and restaurants,83,77,32,45,6,2,4
S01007409,H J. Transport and communication,26,21,5,16,5,1,4
S01007409,K L M N. Financial real estate professional and administrative activities,35,32,8,24,3,1,2
S01007409,O P Q. Public administration education and health,102,99,31,68,3,0,3
S01007409,R S T U. Other,25,17,5,12,8,2,6
S01007410,All people aged 16 to 74 in employment,258,241,72,169,17,3,14
S01007410,A B D E. Agriculture energy and water,6,6,0,6,0,0,0
S01007410,C. Manufacturing,50,48,2,46,2,1,1
S01007410,F. Construction,16,9,0,9,7,0,7
S01007410,G I. Distribution hotels and restaurants,61,60,35,25,1,1,0
S01007410,H J. Transport and communication,18,18,3,15,0,0,0
S01007410,K L M N. Financial real estate professional and administrative activities,22,18,6,12,4,0,4
S01007410,O P Q. Public administration education and health,69,67,19,48,2,1,1
S01007410,R S T U. Other,16,15,7,8,1,0,1
S01007411,All people aged 16 to 74 in employment,346,317,86,231,29,4,25
S01007411,A B D E. Agriculture energy and water,13,13,1,12,0,0,0
S01007411,C. Manufacturing,32,31,1,30,1,0,1
S01007411,F. Construction,38,31,1,30,7,0,7
S01007411,G I. Distribution hotels and restaurants,78,76,28,48,2,1,1
S01007411,H J. Transport and communication,37,26,5,21,11,1,10
S01007411,K L M N. Financial real estate professional and administrative activities,52,49,16,33,3,0,3
S01007411,O P Q. Public administration education and health,81,79,28,51,2,1,1
S01007411,R S T U. Other,15,12,6,6,3,1,2
S01007412,All people aged 16 to 74 in employment,206,194,40,154,12,1,11
S01007412,A B D E. Agriculture energy and water,5,5,0,5,0,0,0
S01007412,C. Manufacturing,26,26,0,26,0,0,0
S01007412,F. Construction,30,26,2,24,4,0,4
S01007412,G I. Distribution hotels and restaurants,43,41,18,23,2,0,2
S01007412,H J. Transport and communication,15,14,3,11,1,0,1
S01007412,K L M N. Financial real estate professional and administrative activities,38,35,4,31,3,1,2
S01007412,O P Q. Public administration education and health,41,40,12,28,1,0,1
S01007412,R S T U. Other,8,7,1,6,1,0,1
S01007413,All people aged 16 to 74 in employment,528,476,105,371,52,8,44
S01007413,A B D E. Agriculture energy and water,19,17,0,17,2,0,2
S01007413,C. Manufacturing,57,55,1,54,2,0,2
S01007413,F. Construction,53,41,1,40,12,2,10
S01007413,G I. Distribution hotels and restaurants,106,96,40,56,10,0,10
S01007413,H J. Transport and communication,34,32,3,29,2,1,1
S01007413,K L M N. Financial real estate professional and administrative activities,69,64,15,49,5,1,4
S01007413,O P Q. Public administration education and health,169,154,43,111,15,2,13
S01007413,R S T U. Other,21,17,2,15,4,2,2
S01007414,All people aged 16 to 74 in employment,398,366,95,271,32,10,22
S01007414,A B D E. Agriculture energy and water,7,7,1,6,0,0,0
S01007414,C. Manufacturing,48,48,3,45,0,0,0
S01007414,F. Construction,28,21,2,19,7,0,7
S01007414,G I. Distribution hotels and restaurants,74,72,42,30,2,0,2
S01007414,H J. Transport and communication,30,25,1,24,5,2,3
S01007414,K L M N. Financial real estate professional and administrative activities,53,50,8,42,3,0,3
S01007414,O P Q. Public administration education and health,148,138,35,103,10,4,6
S01007414,R S T U. Other,10,5,3,2,5,4,1
S01007415,All people aged 16 to 74 in employment,367,340,84,256,27,12,15
S01007415,A B D E. Agriculture energy and water,13,13,1,12,0,0,0
S01007415,C. Manufacturing,49,47,0,47,2,0,2
S01007415,F. Construction,33,26,1,25,7,0,7
S01007415,G I. Distribution hotels and restaurants,90,89,36,53,1,0,1
S01007415,H J. Transport and communication,26,21,2,19,5,5,0
S01007415,K L M N. Financial real estate professional and administrative activities,49,44,9,35,5,2,3
S01007415,O P Q. Public administration education and health,85,81,29,52,4,2,2
S01007415,R S T U. Other,22,19,6,13,3,3,0
S01007416,All people aged 16 to 74 in employment,197,184,61,123,13,4,9
S01007416,A B D E. Agriculture energy and water,2,2,0,2,0,0,0
S01007416,C. Manufacturing,22,20,0,20,2,0,2
S01007416,F. Construction,19,15,1,14,4,1,3
S01007416,G I. Distribution hotels and restaurants,55,54,25,29,1,0,1
S01007416,H J. Transport and communication,21,20,5,15,1,0,1
S01007416,K L M N. Financial real estate professional and administrative activities,20,18,6,12,2,1,1
S01007416,O P Q. Public administration education and health,47,45,17,28,2,2,0
S01007416,R S T U. Other,11,10,7,3,1,0,1
S01007417,All people aged 16 to 74 in employment,549,502,104,398,47,8,39
S01007417,A B D E. Agriculture energy and water,16,13,2,11,3,0,3
S01007417,C. Manufacturing,50,45,3,42,5,0,5
S01007417,F. Construction,32,27,1,26,5,1,4
S01007417,G I. Distribution hotels and restaurants,118,109,32,77,9,2,7
S01007417,H J. Transport and communication,47,37,3,34,10,3,7
S01007417,K L M N. Financial real estate professional and administrative activities,82,74,21,53,8,0,8
S01007417,O P Q. Public administration education and health,188,182,41,141,6,2,4
S01007417,R S T U. Other,16,15,1,14,1,0,1
S01007418,All people aged 16 to 74 in employment,297,279,85,194,18,5,13
S01007418,A B D E. Agriculture energy and water,5,5,0,5,0,0,0
S01007418,C. Manufacturing,44,43,4,39,1,0,1
S01007418,F. Construction,28,25,3,22,3,0,3
S01007418,G I. Distribution hotels and restaurants,83,79,39,40,4,1,3
S01007418,H J. Transport and communication,20,19,3,16,1,1,0
S01007418,K L M N. Financial real estate professional and administrative activities,33,32,9,23,1,1,0
S01007418,O P Q. Public administration education and health,68,63,22,41,5,0,5
S01007418,R S T U. Other,16,13,5,8,3,2,1
S01007419,All people aged 16 to 74 in employment,360,337,102,235,23,5,18
S01007419,A B D E. Agriculture energy and water,17,16,0,16,1,0,1
S01007419,C. Manufacturing,21,21,1,20,0,0,0
S01007419,F. Construction,33,27,0,27,6,0,6
S01007419,G I. Distribution hotels and restaurants,97,93,47,46,4,0,4
S01007419,H J. Transport and communication,28,28,6,22,0,0,0
S01007419,K L M N. Financial real estate professional and administrative activities,41,38,12,26,3,0,3
S01007419,O P Q. Public administration education and health,98,91,27,64,7,3,4
S01007419,R S T U. Other,25,23,9,14,2,2,0
S01007420,All people aged 16 to 74 in employment,563,500,141,359,63,12,51
S01007420,A B D E. Agriculture energy and water,18,16,0,16,2,1,1
S01007420,C. Manufacturing,49,46,6,40,3,1,2
S01007420,F. Construction,70,61,6,55,9,1,8
S01007420,G I. Distribution hotels and restaurants,112,102,41,61,10,1,9
S01007420,H J. Transport and communication,20,18,4,14,2,0,2
S01007420,K L M N. Financial real estate professional and administrative activities,81,65,17,48,16,2,14
S01007420,O P Q. Public administration education and health,198,181,62,119,17,5,12
S01007420,R S T U. Other,15,11,5,6,4,1,3
S01007421,All people aged 16 to 74 in employment,351,302,66,236,49,14,35
S01007421,A B D E. Agriculture energy and water,10,10,0,10,0,0,0
S01007421,C. Manufacturing,36,33,2,31,3,1,2
S01007421,F. Construction,29,20,0,20,9,1,8
S01007421,G I. Distribution hotels and restaurants,67,58,21,37,9,3,6
S01007421,H J. Transport and communication,25,22,1,21,3,0,3
S01007421,K L M N. Financial real estate professional and administrative activities,53,44,11,33,9,2,7
S01007421,O P Q. Public administration education and health,117,105,27,78,12,5,7
S01007421,R S T U. Other,14,10,4,6,4,2,2
S01007422,All people aged 16 to 74 in employment,278,242,63,179,36,9,27
S01007422,A B D E. Agriculture energy and water,7,5,0,5,2,0,2
S01007422,C. Manufacturing,33,29,3,26,4,0,4
S01007422,F. Construction,32,21,1,20,11,1,10
S01007422,G I. Distribution hotels and restaurants,48,47,21,26,1,1,0
S01007422,H J. Transport and communication,13,11,1,10,2,0,2
S01007422,K L M N. Financial real estate professional and administrative activities,32,28,7,21,4,3,1
S01007422,O P Q. Public administration education and health,98,93,29,64,5,2,3
S01007422,R S T U. Other,15,8,1,7,7,2,5
S01007423,All people aged 16 to 74 in employment,409,372,80,292,37,8,29
S01007423,A B D E. Agriculture energy and water,7,7,0,7,0,0,0
S01007423,C. Manufacturing,39,35,2,33,4,0,4
S01007423,F. Construction,37,31,1,30,6,1,5
S01007423,G I. Distribution hotels and restaurants,67,64,28,36,3,0,3
S01007423,H J. Transport and communication,28,22,1,21,6,2,4
S01007423,K L M N. Financial real estate professional and administrative activities,43,39,6,33,4,0,4
S01007423,O P Q. Public administration education and health,159,154,37,117,5,1,4
S01007423,R S T U. Other,29,20,5,15,9,4,5
S01007424,All people aged 16 to 74 in employment,405,376,103,273,29,11,18
S01007424,A B D E. Agriculture energy and water,8,8,2,6,0,0,0
S01007424,C. Manufacturing,51,48,4,44,3,1,2
S01007424,F. Construction,34,25,1,24,9,2,7
S01007424,G I. Distribution hotels and restaurants,78,77,35,42,1,0,1
S01007424,H J. Transport and communication,14,12,1,11,2,1,1
S01007424,K L M N. Financial real estate professional and administrative activities,42,34,6,28,8,4,4
S01007424,O P Q. Public administration education and health,160,156,47,109,4,3,1
S01007424,R S T U. Other,18,16,7,9,2,0,2
S01007425,All people aged 16 to 74 in employment,421,380,120,260,41,10,31
S01007425,A B D E. Agriculture energy and water,13,13,0,13,0,0,0
S01007425,C. Manufacturing,37,34,3,31,3,0,3
S01007425,F. Construction,33,25,2,23,8,0,8
S01007425,G I. Distribution hotels and restaurants,98,93,49,44,5,0,5
S01007425,H J. Transport and communication,30,25,3,22,5,3,2
S01007425,K L M N. Financial real estate professional and administrative activities,54,44,13,31,10,3,7
S01007425,O P Q. Public administration education and health,137,131,44,87,6,2,4
S01007425,R S T U. Other,19,15,6,9,4,2,2
S01007426,All people aged 16 to 74 in employment,289,254,66,188,35,12,23
S01007426,A B D E. Agriculture energy and water,13,12,0,12,1,0,1
S01007426,C. Manufacturing,26,25,1,24,1,0,1
S01007426,F. Construction,28,19,2,17,9,2,7
S01007426,G I. Distribution hotels and restaurants,62,56,25,31,6,1,5
S01007426,H J. Transport and communication,17,12,0,12,5,3,2
S01007426,K L M N. Financial real estate professional and administrative activities,30,25,6,19,5,1,4
S01007426,O P Q. Public administration education and health,100,95,28,67,5,4,1
S01007426,R S T U. Other,13,10,4,6,3,1,2
S01007427,All people aged 16 to 74 in employment,265,246,73,173,19,6,13
S01007427,A B D E. Agriculture energy and water,12,10,0,10,2,1,1
S01007427,C. Manufacturing,28,26,1,25,2,1,1
S01007427,F. Construction,17,12,0,12,5,1,4
S01007427,G I. Distribution hotels and restaurants,73,68,32,36,5,0,5
S01007427,H J. Transport and communication,13,13,4,9,0,0,0
S01007427,K L M N. Financial real estate professional and administrative activities,30,28,8,20,2,1,1
S01007427,O P Q. Public administration education and health,77,74,25,49,3,2,1
S01007427,R S T U. Other,15,15,3,12,0,0,0
S01007428,All people aged 16 to 74 in employment,415,379,105,274,36,13,23
S01007428,A B D E. Agriculture energy and water,18,18,1,17,0,0,0
S01007428,C. Manufacturing,34,33,2,31,1,0,1
S01007428,F. Construction,43,31,4,27,12,2,10
S01007428,G I. Distribution hotels and restaurants,104,99,43,56,5,0,5
S01007428,H J. Transport and communication,20,17,1,16,3,2,1
S01007428,K L M N. Financial real estate professional and administrative activities,43,40,10,30,3,1,2
S01007428,O P Q. Public administration education and health,140,131,38,93,9,6,3
S01007428,R S T U. Other,13,10,6,4,3,2,1
S01007429,All people aged 16 to 74 in employment,383,343,89,254,40,8,32
S01007429,A B D E. Agriculture energy and water,6,6,1,5,0,0,0
S01007429,C. Manufacturing,42,39,1,38,3,2,1
S01007429,F. Construction,38,22,2,20,16,2,14
S01007429,G I. Distribution hotels and restaurants,106,95,37,58,11,0,11
S01007429,H J. Transport and communication,19,18,0,18,1,1,0
S01007429,K L M N. Financial real estate professional and administrative activities,39,38,8,30,1,0,1
S01007429,O P Q. Public administration education and health,114,111,34,77,3,1,2
S01007429,R S T U. Other,19,14,6,8,5,2,3
S01007430,All people aged 16 to 74 in employment,220,190,61,129,30,6,24
S01007430,A B D E. Agriculture energy and water,6,5,0,5,1,1,0
S01007430,C. Manufacturing,16,14,0,14,2,0,2
S01007430,F. Construction,22,15,0,15,7,0,7
S01007430,G I. Distribution hotels and restaurants,66,61,33,28,5,0,5
S01007430,H J. Transport and communication,14,11,3,8,3,1,2
S01007430,K L M N. Financial real estate professional and administrative activities,25,20,6,14,5,1,4
S01007430,O P Q. Public administration education and health,60,56,18,38,4,3,1
S01007430,R S T U. Other,11,8,1,7,3,0,3
S01007431,All people aged 16 to 74 in employment,300,279,76,203,21,6,15
S01007431,A B D E. Agriculture energy and water,3,3,0,3,0,0,0
S01007431,C. Manufacturing,40,38,2,36,2,1,1
S01007431,F. Construction,24,17,0,17,7,0,7
S01007431,G I. Distribution hotels and restaurants,61,57,29,28,4,2,2
S01007431,H J. Transport and communication,14,14,2,12,0,0,0
S01007431,K L M N. Financial real estate professional and administrative activities,37,33,10,23,4,2,2
S01007431,O P Q. Public administration education and health,107,104,28,76,3,1,2
S01007431,R S T U. Other,14,13,5,8,1,0,1
S01007432,All people aged 16 to 74 in employment,390,349,92,257,41,12,29
S01007432,A B D E. Agriculture energy and water,13,11,1,10,2,0,2
S01007432,C. Manufacturing,47,44,3,41,3,0,3
S01007432,F. Construction,37,27,2,25,10,1,9
S01007432,G I. Distribution hotels and restaurants,84,76,32,44,8,3,5
S01007432,H J. Transport and communication,26,22,2,20,4,0,4
S01007432,K L M N. Financial real estate professional and administrative activities,41,34,9,25,7,5,2
S01007432,O P Q. Public administration education and health,129,126,40,86,3,2,1
S01007432,R S T U. Other,13,9,3,6,4,1,3
S01007433,All people aged 16 to 74 in employment,365,309,89,220,56,10,46
S01007433,A B D E. Agriculture energy and water,26,16,2,14,10,0,10
S01007433,C. Manufacturing,45,44,7,37,1,0,1
S01007433,F. Construction,45,31,2,29,14,1,13
S01007433,G I. Distribution hotels and restaurants,70,60,30,30,10,3,7
S01007433,H J. Transport and communication,28,24,3,21,4,2,2
S01007433,K L M N. Financial real estate professional and administrative activities,34,25,6,19,9,3,6
S01007433,O P Q. Public administration education and health,103,99,34,65,4,0,4
S01007433,R S T U. Other,14,10,5,5,4,1,3
S01007434,All people aged 16 to 74 in employment,221,196,61,135,25,7,18
S01007434,A B D E. Agriculture energy and water,13,10,0,10,3,1,2
S01007434,C. Manufacturing,22,18,2,16,4,2,2
S01007434,F. Construction,22,15,0,15,7,1,6
S01007434,G I. Distribution hotels and restaurants,61,55,33,22,6,2,4
S01007434,H J. Transport and communication,14,12,3,9,2,0,2
S01007434,K L M N. Financial real estate professional and administrative activities,18,17,6,11,1,0,1
S01007434,O P Q. Public administration education and health,65,63,17,46,2,1,1
S01007434,R S T U. Other,6,6,0,6,0,0,0
S01007435,All people aged 16 to 74 in employment,341,307,70,237,34,14,20
S01007435,A B D E. Agriculture energy and water,9,9,0,9,0,0,0
S01007435,C. Manufacturing,41,40,4,36,1,1,0
S01007435,F. Construction,34,26,4,22,8,3,5
S01007435,G I. Distribution hotels and restaurants,83,78,31,47,5,0,5
S01007435,H J. Transport and communication,14,11,0,11,3,2,1
S01007435,K L M N. Financial real estate professional and administrative activities,40,34,5,29,6,3,3
S01007435,O P Q. Public administration education and health,102,99,24,75,3,1,2
S01007435,R S T U. Other,18,10,2,8,8,4,4
S01007436,All people aged 16 to 74 in employment,298,279,86,193,19,9,10
S01007436,A B D E. Agriculture energy and water,9,9,0,9,0,0,0
S01007436,C. Manufacturing,31,30,4,26,1,0,1
S01007436,F. Construction,28,23,1,22,5,0,5
S01007436,G I. Distribution hotels and restaurants,78,76,42,34,2,2,0
S01007436,H J. Transport and communication,10,9,1,8,1,0,1
S01007436,K L M N. Financial real estate professional and administrative activities,43,40,11,29,3,1,2
S01007436,O P Q. Public administration education and health,82,80,24,56,2,2,0
S01007436,R S T U. Other,17,12,3,9,5,4,1
S01007437,All people aged 16 to 74 in employment,201,178,57,121,23,4,19
S01007437,A B D E. Agriculture energy and water,13,9,0,9,4,1,3
S01007437,C. Manufacturing,18,17,0,17,1,0,1
S01007437,F. Construction,14,10,1,9,4,1,3
S01007437,G I. Distribution hotels and restaurants,40,35,22,13,5,1,4
S01007437,H J. Transport and communication,10,10,4,6,0,0,0
S01007437,K L M N. Financial real estate professional and administrative activities,28,23,6,17,5,0,5
S01007437,O P Q. Public administration education and health,68,66,21,45,2,1,1
S01007437,R S T U. Other,10,8,3,5,2,0,2
S01007438,All people aged 16 to 74 in employment,304,279,60,219,25,4,21
S01007438,A B D E. Agriculture energy and water,13,13,0,13,0,0,0
S01007438,C. Manufacturing,39,38,1,37,1,0,1
S01007438,F. Construction,42,33,0,33,9,1,8
S01007438,G I. Distribution hotels and restaurants,68,63,33,30,5,1,4
S01007438,H J. Transport and communication,17,16,2,14,1,0,1
S01007438,K L M N. Financial real estate professional and administrative activities,33,30,3,27,3,0,3
S01007438,O P Q. Public administration education and health,76,71,17,54,5,2,3
S01007438,R S T U. Other,16,15,4,11,1,0,1
S01007439,All people aged 16 to 74 in employment,325,296,70,226,29,9,20
S01007439,A B D E. Agriculture energy and water,13,12,0,12,1,0,1
S01007439,C. Manufacturing,34,32,1,31,2,0,2
S01007439,F. Construction,33,24,4,20,9,1,8
S01007439,G I. Distribution hotels and restaurants,85,79,27,52,6,3,3
S01007439,H J. Transport and communication,19,18,2,16,1,0,1
S01007439,K L M N. Financial real estate professional and administrative activities,38,33,6,27,5,3,2
S01007439,O P Q. Public administration education and health,95,91,26,65,4,2,2
S01007439,R S T U. Other,8,7,4,3,1,0,1
S01007440,All people aged 16 to 74 in employment,306,279,79,200,27,4,23
S01007440,A B D E. Agriculture energy and water,16,14,0,14,2,0,2
S01007440,C. Manufacturing,48,43,3,40,5,2,3
S01007440,F. Construction,33,24,3,21,9,0,9
S01007440,G I. Distribution hotels and restaurants,70,69,36,33,1,0,1
S01007440,H J. Transport and communication,17,15,4,11,2,0,2
S01007440,K L M N. Financial real estate professional and administrative activities,20,17,7,10,3,0,3
S01007440,O P Q. Public administration education and health,92,88,22,66,4,2,2
S01007440,R S T U. Other,10,9,4,5,1,0,1
S01007441,All people aged 16 to 74 in employment,290,265,62,203,25,9,16
S01007441,A B D E. Agriculture energy and water,13,10,1,9,3,1,2
S01007441,C. Manufacturing,41,40,1,39,1,0,1
S01007441,F. Construction,18,16,2,14,2,0,2
S01007441,G I. Distribution hotels and restaurants,62,56,23,33,6,2,4
S01007441,H J. Transport and communication,15,15,1,14,0,0,0
S01007441,K L M N. Financial real estate professional and administrative activities,40,33,6,27,7,2,5
S01007441,O P Q. Public administration education and health,90,84,24,60,6,4,2
S01007441,R S T U. Other,11,11,4,7,0,0,0
S01007442,All people aged 16 to 74 in employment,249,215,54,161,34,10,24
S01007442,A B D E. Agriculture energy and water,10,8,1,7,2,1,1
S01007442,C. Manufacturing,28,24,0,24,4,2,2
S01007442,F. Construction,13,12,1,11,1,0,1
S01007442,G I. Distribution hotels and restaurants,51,44,20,24,7,1,6
S01007442,H J. Transport and communication,8,7,0,7,1,0,1
S01007442,K L M N. Financial real estate professional and administrative activities,33,24,3,21,9,2,7
S01007442,O P Q. Public administration education and health,95,91,26,65,4,1,3
S01007442,R S T U. Other,11,5,3,2,6,3,3
S01007443,All people aged 16 to 74 in employment,350,289,87,202,61,10,51
S01007443,A B D E. Agriculture energy and water,5,4,0,4,1,0,1
S01007443,C. Manufacturing,36,32,1,31,4,0,4
S01007443,F. Construction,31,22,1,21,9,0,9
S01007443,G I. Distribution hotels and restaurants,67,57,33,24,10,1,9
S01007443,H J. Transport and communication,20,18,5,13,2,1,1
S01007443,K L M N. Financial real estate professional and administrative activities,49,33,6,27,16,4,12
S01007443,O P Q. Public administration education and health,120,109,38,71,11,1,10
S01007443,R S T U. Other,22,14,3,11,8,3,5
S01007444,All people aged 16 to 74 in employment,408,319,90,229,89,23,66
S01007444,A B D E. Agriculture energy and water,17,17,1,16,0,0,0
S01007444,C. Manufacturing,31,28,2,26,3,0,3
S01007444,F. Construction,28,15,2,13,13,2,11
S01007444,G I. Distribution hotels and restaurants,54,41,21,20,13,2,11
S01007444,H J. Transport and communication,34,27,4,23,7,0,7
S01007444,K L M N. Financial real estate professional and administrative activities,73,47,11,36,26,10,16
S01007444,O P Q. Public administration education and health,149,130,44,86,19,7,12
S01007444,R S T U. Other,22,14,5,9,8,2,6
S01007445,All people aged 16 to 74 in employment,287,237,66,171,50,18,32
S01007445,A B D E. Agriculture energy and water,9,8,1,7,1,0,1
S01007445,C. Manufacturing,23,22,0,22,1,0,1
S01007445,F. Construction,14,11,0,11,3,1,2
S01007445,G I. Distribution hotels and restaurants,42,37,13,24,5,1,4
S01007445,H J. Transport and communication,21,15,2,13,6,2,4
S01007445,K L M N. Financial real estate professional and administrative activities,48,30,7,23,18,7,11
S01007445,O P Q. Public administration education and health,118,108,43,65,10,5,5
S01007445,R S T U. Other,12,6,0,6,6,2,4
S01007446,All people aged 16 to 74 in employment,249,199,58,141,50,12,38
S01007446,A B D E. Agriculture energy and water,14,11,2,9,3,0,3
S01007446,C. Manufacturing,30,27,2,25,3,1,2
S01007446,F. Construction,15,10,2,8,5,1,4
S01007446,G I. Distribution hotels and restaurants,37,34,22,12,3,2,1
S01007446,H J. Transport and communication,17,13,1,12,4,1,3
S01007446,K L M N. Financial real estate professional and administrative activities,35,17,3,14,18,2,16
S01007446,O P Q. Public administration education and health,96,84,24,60,12,4,8
S01007446,R S T U. Other,5,3,2,1,2,1,1
S01007447,All people aged 16 to 74 in employment,236,173,56,117,63,18,45
S01007447,A B D E. Agriculture energy and water,21,12,0,12,9,0,9
S01007447,C. Manufacturing,14,11,0,11,3,1,2
S01007447,F. Construction,26,18,6,12,8,0,8
S01007447,G I. Distribution hotels and restaurants,47,39,21,18,8,3,5
S01007447,H J. Transport and communication,16,15,4,11,1,0,1
S01007447,K L M N. Financial real estate professional and administrative activities,29,17,6,11,12,5,7
S01007447,O P Q. Public administration education and health,68,55,17,38,13,6,7
S01007447,R S T U. Other,15,6,2,4,9,3,6
S01007448,All people aged 16 to 74 in employment,422,343,86,257,79,23,56
S01007448,A B D E. Agriculture energy and water,35,19,0,19,16,1,15
S01007448,C. Manufacturing,46,40,4,36,6,3,3
S01007448,F. Construction,43,29,0,29,14,1,13
S01007448,G I. Distribution hotels and restaurants,91,77,34,43,14,6,8
S01007448,H J. Transport and communication,22,19,1,18,3,1,2
S01007448,K L M N. Financial real estate professional and administrative activities,36,30,4,26,6,4,2
S01007448,O P Q. Public administration education and health,129,116,37,79,13,5,8
S01007448,R S T U. Other,20,13,6,7,7,2,5
S01007449,All people aged 16 to 74 in employment,440,402,110,292,38,16,22
S01007449,A B D E. Agriculture energy and water,20,19,1,18,1,0,1
S01007449,C. Manufacturing,48,45,2,43,3,0,3
S01007449,F. Construction,32,27,1,26,5,2,3
S01007449,G I. Distribution hotels and restaurants,120,112,49,63,8,3,5
S01007449,H J. Transport and communication,32,28,5,23,4,0,4
S01007449,K L M N. Financial real estate professional and administrative activities,45,39,14,25,6,3,3
S01007449,O P Q. Public administration education and health,127,120,33,87,7,5,2
S01007449,R S T U. Other,16,12,5,7,4,3,1
S01007450,All people aged 16 to 74 in employment,300,275,92,183,25,10,15
S01007450,A B D E. Agriculture energy and water,16,15,2,13,1,0,1
S01007450,C. Manufacturing,27,26,1,25,1,0,1
S01007450,F. Construction,36,26,2,24,10,3,7
S01007450,G I. Distribution hotels and restaurants,76,72,40,32,4,2,2
S01007450,H J. Transport and communication,29,27,4,23,2,2,0
S01007450,K L M N. Financial real estate professional and administrative activities,23,23,6,17,0,0,0
S01007450,O P Q. Public administration education and health,71,67,26,41,4,3,1
S01007450,R S T U. Other,22,19,11,8,3,0,3
S01007451,All people aged 16 to 74 in employment,304,279,84,195,25,5,20
S01007451,A B D E. Agriculture energy and water,7,7,0,7,0,0,0
S01007451,C. Manufacturing,42,42,0,42,0,0,0
S01007451,F. Construction,34,30,1,29,4,0,4
S01007451,G I. Distribution hotels and restaurants,62,60,35,25,2,1,1
S01007451,H J. Transport and communication,24,20,0,20,4,1,3
S01007451,K L M N. Financial real estate professional and administrative activities,33,25,10,15,8,2,6
S01007451,O P Q. Public administration education and health,95,90,36,54,5,0,5
S01007451,R S T U. Other,7,5,2,3,2,1,1
S01007452,All people aged 16 to 74 in employment,215,180,49,131,35,3,32
S01007452,A B D E. Agriculture energy and water,16,10,0,10,6,0,6
S01007452,C. Manufacturing,18,17,2,15,1,0,1
S01007452,F. Construction,26,23,1,22,3,0,3
S01007452,G I. Distribution hotels and restaurants,48,45,24,21,3,1,2
S01007452,H J. Transport and communication,18,12,3,9,6,0,6
S01007452,K L M N. Financial real estate professional and administrative activities,25,18,4,14,7,1,6
S01007452,O P Q. Public administration education and health,51,45,13,32,6,0,6
S01007452,R S T U. Other,13,10,2,8,3,1,2
S01007453,All people aged 16 to 74 in employment,345,311,61,250,34,6,28
S01007453,A B D E. Agriculture energy and water,16,15,0,15,1,1,0
S01007453,C. Manufacturing,39,39,6,33,0,0,0
S01007453,F. Construction,28,22,1,21,6,1,5
S01007453,G I. Distribution hotels and restaurants,64,58,25,33,6,0,6
S01007453,H J. Transport and communication,25,22,3,19,3,0,3
S01007453,K L M N. Financial real estate professional and administrative activities,67,56,11,45,11,3,8
S01007453,O P Q. Public administration education and health,95,90,14,76,5,1,4
S01007453,R S T U. Other,11,9,1,8,2,0,2
S01007454,All people aged 16 to 74 in employment,251,223,60,163,28,6,22
S01007454,A B D E. Agriculture energy and water,24,18,2,16,6,1,5
S01007454,C. Manufacturing,31,31,1,30,0,0,0
S01007454,F. Construction,16,11,0,11,5,0,5
S01007454,G I. Distribution hotels and restaurants,47,43,20,23,4,1,3
S01007454,H J. Transport and communication,19,17,1,16,2,1,1
S01007454,K L M N. Financial real estate professional and administrative activities,22,20,5,15,2,1,1
S01007454,O P Q. Public administration education and health,78,73,26,47,5,1,4
S01007454,R S T U. Other,14,10,5,5,4,1,3
S01007455,All people aged 16 to 74 in employment,365,345,91,254,20,7,13
S01007455,A B D E. Agriculture energy and water,10,9,0,9,1,0,1
S01007455,C. Manufacturing,37,37,1,36,0,0,0
S01007455,F. Construction,41,34,2,32,7,1,6
S01007455,G I. Distribution hotels and restaurants,92,90,40,50,2,1,1
S01007455,H J. Transport and communication,24,23,4,19,1,0,1
S01007455,K L M N. Financial real estate professional and administrative activities,45,39,11,28,6,3,3
S01007455,O P Q. Public administration education and health,109,107,29,78,2,1,1
S01007455,R S T U. Other,7,6,4,2,1,1,0
S01007456,All people aged 16 to 74 in employment,367,345,109,236,22,5,17
S01007456,A B D E. Agriculture energy and water,15,15,1,14,0,0,0
S01007456,C. Manufacturing,40,39,6,33,1,0,1
S01007456,F. Construction,37,26,2,24,11,3,8
S01007456,G I. Distribution hotels and restaurants,99,97,54,43,2,0,2
S01007456,H J. Transport and communication,29,25,1,24,4,0,4
S01007456,K L M N. Financial real estate professional and administrative activities,31,30,11,19,1,0,1
S01007456,O P Q. Public administration education and health,99,97,29,68,2,1,1
S01007456,R S T U. Other,17,16,5,11,1,1,0
S01007457,All people aged 16 to 74 in employment,479,439,91,348,40,14,26
S01007457,A B D E. Agriculture energy and water,22,18,1,17,4,1,3
S01007457,C. Manufacturing,51,50,5,45,1,0,1
S01007457,F. Construction,66,55,1,54,11,0,11
S01007457,G I. Distribution hotels and restaurants,103,99,35,64,4,1,3
S01007457,H J. Transport and communication,25,22,0,22,3,1,2
S01007457,K L M N. Financial real estate professional and administrative activities,64,54,10,44,10,6,4
S01007457,O P Q. Public administration education and health,136,132,36,96,4,3,1
S01007457,R S T U. Other,12,9,3,6,3,2,1
S01007458,All people aged 16 to 74 in employment,278,259,72,187,19,4,15
S01007458,A B D E. Agriculture energy and water,9,8,0,8,1,0,1
S01007458,C. Manufacturing,35,34,2,32,1,0,1
S01007458,F. Construction,24,20,1,19,4,0,4
S01007458,G I. Distribution hotels and restaurants,47,46,24,22,1,0,1
S01007458,H J. Transport and communication,11,8,1,7,3,1,2
S01007458,K L M N. Financial real estate professional and administrative activities,36,30,7,23,6,3,3
S01007458,O P Q. Public administration education and health,107,104,32,72,3,0,3
S01007458,R S T U. Other,9,9,5,4,0,0,0
S01007459,All people aged 16 to 74 in employment,292,261,69,192,31,10,21
S01007459,A B D E. Agriculture energy and water,8,7,1,6,1,0,1
S01007459,C. Manufacturing,41,40,1,39,1,1,0
S01007459,F. Construction,20,15,2,13,5,0,5
S01007459,G I. Distribution hotels and restaurants,59,54,23,31,5,1,4
S01007459,H J. Transport and communication,17,17,2,15,0,0,0
S01007459,K L M N. Financial real estate professional and administrative activities,40,31,11,20,9,4,5
S01007459,O P Q. Public administration education and health,95,91,26,65,4,1,3
S01007459,R S T U. Other,12,6,3,3,6,3,3
S01007460,All people aged 16 to 74 in employment,325,282,68,214,43,12,31
S01007460,A B D E. Agriculture energy and water,10,8,2,6,2,1,1
S01007460,C. Manufacturing,44,44,2,42,0,0,0
S01007460,F. Construction,38,26,1,25,12,3,9
S01007460,G I. Distribution hotels and restaurants,71,66,28,38,5,2,3
S01007460,H J. Transport and communication,21,15,2,13,6,1,5
S01007460,K L M N. Financial real estate professional and administrative activities,34,27,4,23,7,2,5
S01007460,O P Q. Public administration education and health,94,87,25,62,7,3,4
S01007460,R S T U. Other,13,9,4,5,4,0,4
S01007461,All people aged 16 to 74 in employment,253,234,76,158,19,7,12
S01007461,A B D E. Agriculture energy and water,3,3,0,3,0,0,0
S01007461,C. Manufacturing,25,23,1,22,2,1,1
S01007461,F. Construction,32,28,1,27,4,0,4
S01007461,G I. Distribution hotels and restaurants,70,67,36,31,3,1,2
S01007461,H J. Transport and communication,19,17,3,14,2,0,2
S01007461,K L M N. Financial real estate professional and administrative activities,24,20,8,12,4,3,1
S01007461,O P Q. Public administration education and health,67,66,22,44,1,1,0
S01007461,R S T U. Other,13,10,5,5,3,1,2
S01007462,All people aged 16 to 74 in employment,431,388,79,309,43,10,33
S01007462,A B D E. Agriculture energy and water,11,9,1,8,2,0,2
S01007462,C. Manufacturing,52,47,1,46,5,0,5
S01007462,F. Construction,39,27,2,25,12,1,11
S01007462,G I. Distribution hotels and restaurants,79,73,23,50,6,1,5
S01007462,H J. Transport and communication,30,24,3,21,6,1,5
S01007462,K L M N. Financial real estate professional and administrative activities,66,60,10,50,6,4,2
S01007462,O P Q. Public administration education and health,134,131,33,98,3,2,1
S01007462,R S T U. Other,20,17,6,11,3,1,2
S01007463,All people aged 16 to 74 in employment,324,291,102,189,33,5,28
S01007463,A B D E. Agriculture energy and water,9,9,1,8,0,0,0
S01007463,C. Manufacturing,35,30,0,30,5,1,4
S01007463,F. Construction,26,21,4,17,5,0,5
S01007463,G I. Distribution hotels and restaurants,112,102,52,50,10,1,9
S01007463,H J. Transport and communication,34,31,5,26,3,0,3
S01007463,K L M N. Financial real estate professional and administrative activities,41,35,12,23,6,1,5
S01007463,O P Q. Public administration education and health,51,50,19,31,1,0,1
S01007463,R S T U. Other,16,13,9,4,3,2,1
S01007464,All people aged 16 to 74 in employment,242,232,61,171,10,3,7
S01007464,A B D E. Agriculture energy and water,10,10,0,10,0,0,0
S01007464,C. Manufacturing,34,34,1,33,0,0,0
S01007464,F. Construction,23,21,2,19,2,0,2
S01007464,G I. Distribution hotels and restaurants,54,52,24,28,2,0,2
S01007464,H J. Transport and communication,16,15,1,14,1,1,0
S01007464,K L M N. Financial real estate professional and administrative activities,35,32,7,25,3,1,2
S01007464,O P Q. Public administration education and health,58,58,20,38,0,0,0
S01007464,R S T U. Other,12,10,6,4,2,1,1
S01007465,All people aged 16 to 74 in employment,233,215,77,138,18,3,15
S01007465,A B D E. Agriculture energy and water,8,8,0,8,0,0,0
S01007465,C. Manufacturing,29,26,1,25,3,0,3
S01007465,F. Construction,16,14,2,12,2,0,2
S01007465,G I. Distribution hotels and restaurants,67,64,39,25,3,0,3
S01007465,H J. Transport and communication,19,16,4,12,3,1,2
S01007465,K L M N. Financial real estate professional and administrative activities,25,21,4,17,4,1,3
S01007465,O P Q. Public administration education and health,57,56,20,36,1,1,0
S01007465,R S T U. Other,12,10,7,3,2,0,2
S01007466,All people aged 16 to 74 in employment,403,372,115,257,31,4,27
S01007466,A B D E. Agriculture energy and water,9,9,0,9,0,0,0
S01007466,C. Manufacturing,38,37,2,35,1,0,1
S01007466,F. Construction,33,27,3,24,6,1,5
S01007466,G I. Distribution hotels and restaurants,119,114,60,54,5,0,5
S01007466,H J. Transport and communication,28,25,5,20,3,0,3
S01007466,K L M N. Financial real estate professional and administrative activities,52,47,16,31,5,1,4
S01007466,O P Q. Public administration education and health,109,105,27,78,4,1,3
S01007466,R S T U. Other,15,8,2,6,7,1,6
S01007467,All people aged 16 to 74 in employment,429,397,106,291,32,12,20
S01007467,A B D E. Agriculture energy and water,9,7,0,7,2,0,2
S01007467,C. Manufacturing,58,56,1,55,2,1,1
S01007467,F. Construction,32,27,1,26,5,0,5
S01007467,G I. Distribution hotels and restaurants,100,93,50,43,7,3,4
S01007467,H J. Transport and communication,21,20,3,17,1,0,1
S01007467,K L M N. Financial real estate professional and administrative activities,53,46,11,35,7,2,5
S01007467,O P Q. Public administration education and health,138,131,32,99,7,5,2
S01007467,R S T U. Other,18,17,8,9,1,1,0
S01007468,All people aged 16 to 74 in employment,410,374,89,285,36,8,28
S01007468,A B D E. Agriculture energy and water,9,8,0,8,1,0,1
S01007468,C. Manufacturing,58,55,0,55,3,0,3
S01007468,F. Construction,41,33,0,33,8,1,7
S01007468,G I. Distribution hotels and restaurants,93,85,44,41,8,3,5
S01007468,H J. Transport and communication,21,18,3,15,3,2,1
S01007468,K L M N. Financial real estate professional and administrative activities,49,44,7,37,5,0,5
S01007468,O P Q. Public administration education and health,125,120,30,90,5,1,4
S01007468,R S T U. Other,14,11,5,6,3,1,2
S01007469,All people aged 16 to 74 in employment,278,260,71,189,18,8,10
S01007469,A B D E. Agriculture energy and water,7,7,0,7,0,0,0
S01007469,C. Manufacturing,37,37,2,35,0,0,0
S01007469,F. Construction,25,23,1,22,2,0,2
S01007469,G I. Distribution hotels and restaurants,46,45,20,25,1,1,0
S01007469,H J. Transport and communication,17,17,7,10,0,0,0
S01007469,K L M N. Financial real estate professional and administrative activities,46,36,9,27,10,6,4
S01007469,O P Q. Public administration education and health,86,82,25,57,4,1,3
S01007469,R S T U. Other,14,13,7,6,1,0,1
S01007470,All people aged 16 to 74 in employment,271,246,67,179,25,8,17
S01007470,A B D E. Agriculture energy and water,9,9,0,9,0,0,0
S01007470,C. Manufacturing,36,32,2,30,4,0,4
S01007470,F. Construction,18,13,0,13,5,0,5
S01007470,G I. Distribution hotels and restaurants,62,59,25,34,3,1,2
S01007470,H J. Transport and communication,17,14,4,10,3,1,2
S01007470,K L M N. Financial real estate professional and administrative activities,28,25,8,17,3,3,0
S01007470,O P Q. Public administration education and health,82,77,19,58,5,2,3
S01007470,R S T U. Other,19,17,9,8,2,1,1
S01007471,All people aged 16 to 74 in employment,250,236,66,170,14,8,6
S01007471,A B D E. Agriculture energy and water,5,5,0,5,0,0,0
S01007471,C. Manufacturing,36,36,4,32,0,0,0
S01007471,F. Construction,30,25,0,25,5,3,2
S01007471,G I. Distribution hotels and restaurants,55,53,28,25,2,0,2
S01007471,H J. Transport and communication,11,11,1,10,0,0,0
S01007471,K L M N. Financial real estate professional and administrative activities,23,19,9,10,4,2,2
S01007471,O P Q. Public administration education and health,78,77,19,58,1,1,0
S01007471,R S T U. Other,12,10,5,5,2,2,0
S01007472,All people aged 16 to 74 in employment,223,210,58,152,13,7,6
S01007472,A B D E. Agriculture energy and water,4,4,1,3,0,0,0
S01007472,C. Manufacturing,33,33,2,31,0,0,0
S01007472,F. Construction,24,19,1,18,5,2,3
S01007472,G I. Distribution hotels and restaurants,46,44,22,22,2,1,1
S01007472,H J. Transport and communication,12,11,3,8,1,1,0
S01007472,K L M N. Financial real estate professional and administrative activities,35,33,8,25,2,1,1
S01007472,O P Q. Public administration education and health,58,57,18,39,1,0,1
S01007472,R S T U. Other,11,9,3,6,2,2,0
S01007473,All people aged 16 to 74 in employment,207,196,53,143,11,4,7
S01007473,A B D E. Agriculture energy and water,5,5,0,5,0,0,0
S01007473,C. Manufacturing,27,27,1,26,0,0,0
S01007473,F. Construction,20,18,2,16,2,0,2
S01007473,G I. Distribution hotels and restaurants,54,53,28,25,1,0,1
S01007473,H J. Transport and communication,14,13,2,11,1,0,1
S01007473,K L M N. Financial real estate professional and administrative activities,19,16,3,13,3,1,2
S01007473,O P Q. Public administration education and health,61,58,15,43,3,3,0
S01007473,R S T U. Other,7,6,2,4,1,0,1
S01007474,All people aged 16 to 74 in employment,296,261,80,181,35,11,24
S01007474,A B D E. Agriculture energy and water,11,11,0,11,0,0,0
S01007474,C. Manufacturing,36,35,5,30,1,0,1
S01007474,F. Construction,30,24,2,22,6,1,5
S01007474,G I. Distribution hotels and restaurants,52,44,28,16,8,2,6
S01007474,H J. Transport and communication,18,16,3,13,2,1,1
S01007474,K L M N. Financial real estate professional and administrative activities,49,42,15,27,7,3,4
S01007474,O P Q. Public administration education and health,95,87,27,60,8,2,6
S01007474,R S T U. Other,5,2,0,2,3,2,1
S01007475,All people aged 16 to 74 in employment,313,290,75,215,23,5,18
S01007475,A B D E. Agriculture energy and water,8,8,0,8,0,0,0
S01007475,C. Manufacturing,27,27,0,27,0,0,0
S01007475,F. Construction,34,29,1,28,5,0,5
S01007475,G I. Distribution hotels and restaurants,47,42,21,21,5,1,4
S01007475,H J. Transport and communication,12,12,2,10,0,0,0
S01007475,K L M N. Financial real estate professional and administrative activities,54,48,7,41,6,0,6
S01007475,O P Q. Public administration education and health,116,112,38,74,4,3,1
S01007475,R S T U. Other,15,12,6,6,3,1,2
S01007476,All people aged 16 to 74 in employment,292,263,72,191,29,8,21
S01007476,A B D E. Agriculture energy and water,9,7,1,6,2,0,2
S01007476,C. Manufacturing,35,35,3,32,0,0,0
S01007476,F. Construction,30,27,1,26,3,0,3
S01007476,G I. Distribution hotels and restaurants,59,52,26,26,7,1,6
S01007476,H J. Transport and communication,14,13,2,11,1,0,1
S01007476,K L M N. Financial real estate professional and administrative activities,43,35,10,25,8,1,7
S01007476,O P Q. Public administration education and health,90,85,23,62,5,4,1
S01007476,R S T U. Other,12,9,6,3,3,2,1
S01007477,All people aged 16 to 74 in employment,273,236,43,193,37,13,24
S01007477,A B D E. Agriculture energy and water,6,6,0,6,0,0,0
S01007477,C. Manufacturing,34,32,0,32,2,2,0
S01007477,F. Construction,18,12,0,12,6,0,6
S01007477,G I. Distribution hotels and restaurants,45,37,8,29,8,2,6
S01007477,H J. Transport and communication,13,10,5,5,3,2,1
S01007477,K L M N. Financial real estate professional and administrative activities,30,23,4,19,7,2,5
S01007477,O P Q. Public administration education and health,115,107,22,85,8,4,4
S01007477,R S T U. Other,12,9,4,5,3,1,2
S01007478,All people aged 16 to 74 in employment,444,398,88,310,46,7,39
S01007478,A B D E. Agriculture energy and water,10,9,0,9,1,0,1
S01007478,C. Manufacturing,57,53,2,51,4,1,3
S01007478,F. Construction,26,16,0,16,10,1,9
S01007478,G I. Distribution hotels and restaurants,71,64,29,35,7,2,5
S01007478,H J. Transport and communication,38,34,7,27,4,0,4
S01007478,K L M N. Financial real estate professional and administrative activities,49,41,6,35,8,1,7
S01007478,O P Q. Public administration education and health,173,167,41,126,6,2,4
S01007478,R S T U. Other,20,14,3,11,6,0,6
S01007479,All people aged 16 to 74 in employment,307,293,66,227,14,4,10
S01007479,A B D E. Agriculture energy and water,10,10,0,10,0,0,0
S01007479,C. Manufacturing,47,46,2,44,1,1,0
S01007479,F. Construction,26,19,0,19,7,1,6
S01007479,G I. Distribution hotels and restaurants,51,50,18,32,1,0,1
S01007479,H J. Transport and communication,15,15,1,14,0,0,0
S01007479,K L M N. Financial real estate professional and administrative activities,41,38,6,32,3,1,2
S01007479,O P Q. Public administration education and health,106,105,31,74,1,1,0
S01007479,R S T U. Other,11,10,8,2,1,0,1
S01007480,All people aged 16 to 74 in employment,453,428,97,331,25,5,20
S01007480,A B D E. Agriculture energy and water,18,17,1,16,1,0,1
S01007480,C. Manufacturing,66,65,4,61,1,0,1
S01007480,F. Construction,41,31,1,30,10,3,7
S01007480,G I. Distribution hotels and restaurants,93,90,40,50,3,0,3
S01007480,H J. Transport and communication,38,37,3,34,1,0,1
S01007480,K L M N. Financial real estate professional and administrative activities,60,56,9,47,4,1,3
S01007480,O P Q. Public administration education and health,124,121,35,86,3,1,2
S01007480,R S T U. Other,13,11,4,7,2,0,2
S01007481,All people aged 16 to 74 in employment,345,286,91,195,59,17,42
S01007481,A B D E. Agriculture energy and water,8,4,0,4,4,0,4
S01007481,C. Manufacturing,27,23,3,20,4,1,3
S01007481,F. Construction,34,19,2,17,15,3,12
S01007481,G I. Distribution hotels and restaurants,65,51,29,22,14,4,10
S01007481,H J. Transport and communication,47,41,4,37,6,2,4
S01007481,K L M N. Financial real estate professional and administrative activities,34,26,6,20,8,2,6
S01007481,O P Q. Public administration education and health,117,112,43,69,5,3,2
S01007481,R S T U. Other,13,10,4,6,3,2,1
S01007482,All people aged 16 to 74 in employment,183,165,54,111,18,7,11
S01007482,A B D E. Agriculture energy and water,2,2,0,2,0,0,0
S01007482,C. Manufacturing,15,15,2,13,0,0,0
S01007482,F. Construction,11,7,0,7,4,1,3
S01007482,G I. Distribution hotels and restaurants,49,41,23,18,8,2,6
S01007482,H J. Transport and communication,30,28,5,23,2,1,1
S01007482,K L M N. Financial real estate professional and administrative activities,19,16,4,12,3,2,1
S01007482,O P Q. Public administration education and health,50,49,19,30,1,1,0
S01007482,R S T U. Other,7,7,1,6,0,0,0
S01007483,All people aged 16 to 74 in employment,368,311,104,207,57,22,35
S01007483,A B D E. Agriculture energy and water,15,8,1,7,7,0,7
S01007483,C. Manufacturing,17,16,1,15,1,0,1
S01007483,F. Construction,39,23,1,22,16,3,13
S01007483,G I. Distribution hotels and restaurants,85,74,35,39,11,4,7
S01007483,H J. Transport and communication,58,53,6,47,5,3,2
S01007483,K L M N. Financial real estate professional and administrative activities,26,24,9,15,2,2,0
S01007483,O P Q. Public administration education and health,108,103,44,59,5,4,1
S01007483,R S T U. Other,20,10,7,3,10,6,4
S01007484,All people aged 16 to 74 in employment,228,192,61,131,36,8,28
S01007484,A B D E. Agriculture energy and water,16,12,0,12,4,1,3
S01007484,C. Manufacturing,11,9,2,7,2,0,2
S01007484,F. Construction,25,20,1,19,5,1,4
S01007484,G I. Distribution hotels and restaurants,52,43,19,24,9,1,8
S01007484,H J. Transport and communication,30,27,7,20,3,2,1
S01007484,K L M N. Financial real estate professional and administrative activities,21,15,3,12,6,0,6
S01007484,O P Q. Public administration education and health,66,60,26,34,6,2,4
S01007484,R S T U. Other,7,6,3,3,1,1,0
S01007485,All people aged 16 to 74 in employment,167,154,72,82,13,4,9
S01007485,A B D E. Agriculture energy and water,5,5,1,4,0,0,0
S01007485,C. Manufacturing,12,11,0,11,1,0,1
S01007485,F. Construction,24,21,3,18,3,2,1
S01007485,G I. Distribution hotels and restaurants,60,55,34,21,5,0,5
S01007485,H J. Transport and communication,15,13,2,11,2,0,2
S01007485,K L M N. Financial real estate professional and administrative activities,5,4,2,2,1,1,0
S01007485,O P Q. Public administration education and health,41,41,29,12,0,0,0
S01007485,R S T U. Other,5,4,1,3,1,1,0
S01007486,All people aged 16 to 74 in employment,142,134,74,60,8,2,6
S01007486,A B D E. Agriculture energy and water,5,3,0,3,2,1,1
S01007486,C. Manufacturing,11,11,2,9,0,0,0
S01007486,F. Construction,10,9,1,8,1,0,1
S01007486,G I. Distribution hotels and restaurants,40,39,32,7,1,0,1
S01007486,H J. Transport and communication,18,16,6,10,2,0,2
S01007486,K L M N. Financial real estate professional and administrative activities,17,16,6,10,1,1,0
S01007486,O P Q. Public administration education and health,34,34,22,12,0,0,0
S01007486,R S T U. Other,7,6,5,1,1,0,1
S01007487,All people aged 16 to 74 in employment,382,333,106,227,49,13,36
S01007487,A B D E. Agriculture energy and water,19,15,3,12,4,1,3
S01007487,C. Manufacturing,22,20,0,20,2,1,1
S01007487,F. Construction,42,28,0,28,14,5,9
S01007487,G I. Distribution hotels and restaurants,114,98,52,46,16,1,15
S01007487,H J. Transport and communication,46,43,6,37,3,0,3
S01007487,K L M N. Financial real estate professional and administrative activities,25,22,7,15,3,2,1
S01007487,O P Q. Public administration education and health,95,94,30,64,1,0,1
S01007487,R S T U. Other,19,13,8,5,6,3,3
S01007488,All people aged 16 to 74 in employment,488,417,133,284,71,8,63
S01007488,A B D E. Agriculture energy and water,20,9,3,6,11,2,9
S01007488,C. Manufacturing,32,29,0,29,3,0,3
S01007488,F. Construction,36,21,0,21,15,1,14
S01007488,G I. Distribution hotels and restaurants,110,93,50,43,17,1,16
S01007488,H J. Transport and communication,61,53,5,48,8,2,6
S01007488,K L M N. Financial real estate professional and administrative activities,35,34,10,24,1,0,1
S01007488,O P Q. Public administration education and health,167,164,59,105,3,1,2
S01007488,R S T U. Other,27,14,6,8,13,1,12
S01007489,All people aged 16 to 74 in employment,393,337,135,202,56,11,45
S01007489,A B D E. Agriculture energy and water,14,8,0,8,6,1,5
S01007489,C. Manufacturing,26,25,3,22,1,0,1
S01007489,F. Construction,34,21,3,18,13,1,12
S01007489,G I. Distribution hotels and restaurants,99,81,44,37,18,1,17
S01007489,H J. Transport and communication,49,47,5,42,2,1,1
S01007489,K L M N. Financial real estate professional and administrative activities,43,38,15,23,5,1,4
S01007489,O P Q. Public administration education and health,101,98,54,44,3,3,0
S01007489,R S T U. Other,27,19,11,8,8,3,5
S01007490,All people aged 16 to 74 in employment,360,314,125,189,46,14,32
S01007490,A B D E. Agriculture energy and water,14,9,1,8,5,2,3
S01007490,C. Manufacturing,33,33,6,27,0,0,0
S01007490,F. Construction,28,19,1,18,9,2,7
S01007490,G I. Distribution hotels and restaurants,96,83,43,40,13,2,11
S01007490,H J. Transport and communication,52,47,11,36,5,1,4
S01007490,K L M N. Financial real estate professional and administrative activities,26,21,7,14,5,3,2
S01007490,O P Q. Public administration education and health,98,94,50,44,4,3,1
S01007490,R S T U. Other,13,8,6,2,5,1,4
S01007491,All people aged 16 to 74 in employment,510,468,169,299,42,7,35
S01007491,A B D E. Agriculture energy and water,14,11,2,9,3,0,3
S01007491,C. Manufacturing,49,46,7,39,3,1,2
S01007491,F. Construction,47,34,2,32,13,1,12
S01007491,G I. Distribution hotels and restaurants,118,111,60,51,7,1,6
S01007491,H J. Transport and communication,69,59,8,51,10,3,7
S01007491,K L M N. Financial real estate professional and administrative activities,33,32,7,25,1,0,1
S01007491,O P Q. Public administration education and health,155,152,71,81,3,0,3
S01007491,R S T U. Other,25,23,12,11,2,1,1
S01007492,All people aged 16 to 74 in employment,330,301,107,194,29,9,20
S01007492,A B D E. Agriculture energy and water,13,12,2,10,1,0,1
S01007492,C. Manufacturing,32,31,4,27,1,0,1
S01007492,F. Construction,24,19,0,19,5,1,4
S01007492,G I. Distribution hotels and restaurants,83,79,43,36,4,1,3
S01007492,H J. Transport and communication,45,39,6,33,6,1,5
S01007492,K L M N. Financial real estate professional and administrative activities,22,18,9,9,4,4,0
S01007492,O P Q. Public administration education and health,98,93,37,56,5,1,4
S01007492,R S T U. Other,13,10,6,4,3,1,2
S01007493,All people aged 16 to 74 in employment,396,365,125,240,31,8,23
S01007493,A B D E. Agriculture energy and water,15,14,2,12,1,1,0
S01007493,C. Manufacturing,35,34,5,29,1,0,1
S01007493,F. Construction,32,27,1,26,5,1,4
S01007493,G I. Distribution hotels and restaurants,119,110,41,69,9,1,8
S01007493,H J. Transport and communication,56,50,6,44,6,1,5
S01007493,K L M N. Financial real estate professional and administrative activities,34,30,11,19,4,0,4
S01007493,O P Q. Public administration education and health,92,90,53,37,2,1,1
S01007493,R S T U. Other,13,10,6,4,3,3,0
S01007494,All people aged 16 to 74 in employment,240,164,59,105,76,8,68
S01007494,A B D E. Agriculture energy and water,70,22,4,18,48,3,45
S01007494,C. Manufacturing,9,8,1,7,1,0,1
S01007494,F. Construction,14,10,0,10,4,0,4
S01007494,G I. Distribution hotels and restaurants,33,26,19,7,7,1,6
S01007494,H J. Transport and communication,21,18,1,17,3,0,3
S01007494,K L M N. Financial real estate professional and administrative activities,28,21,9,12,7,2,5
S01007494,O P Q. Public administration education and health,55,50,21,29,5,2,3
S01007494,R S T U. Other,10,9,4,5,1,0,1
S01007495,All people aged 16 to 74 in employment,433,308,115,193,125,23,102
S01007495,A B D E. Agriculture energy and water,102,40,7,33,62,7,55
S01007495,C. Manufacturing,24,19,2,17,5,0,5
S01007495,F. Construction,36,20,0,20,16,3,13
S01007495,G I. Distribution hotels and restaurants,88,74,42,32,14,3,11
S01007495,H J. Transport and communication,27,24,2,22,3,1,2
S01007495,K L M N. Financial real estate professional and administrative activities,40,31,11,20,9,4,5
S01007495,O P Q. Public administration education and health,98,91,45,46,7,0,7
S01007495,R S T U. Other,18,9,6,3,9,5,4
S01007496,All people aged 16 to 74 in employment,448,312,117,195,136,35,101
S01007496,A B D E. Agriculture energy and water,63,26,6,20,37,6,31
S01007496,C. Manufacturing,21,18,0,18,3,1,2
S01007496,F. Construction,31,12,1,11,19,5,14
S01007496,G I. Distribution hotels and restaurants,131,94,46,48,37,3,34
S01007496,H J. Transport and communication,30,21,4,17,9,6,3
S01007496,K L M N. Financial real estate professional and administrative activities,50,30,8,22,20,11,9
S01007496,O P Q. Public administration education and health,107,100,47,53,7,3,4
S01007496,R S T U. Other,15,11,5,6,4,0,4
S01007497,All people aged 16 to 74 in employment,259,199,62,137,60,16,44
S01007497,A B D E. Agriculture energy and water,40,20,1,19,20,1,19
S01007497,C. Manufacturing,17,14,1,13,3,1,2
S01007497,F. Construction,27,19,0,19,8,3,5
S01007497,G I. Distribution hotels and restaurants,39,36,21,15,3,1,2
S01007497,H J. Transport and communication,24,20,4,16,4,2,2
S01007497,K L M N. Financial real estate professional and administrative activities,37,26,7,19,11,4,7
S01007497,O P Q. Public administration education and health,56,52,22,30,4,1,3
S01007497,R S T U. Other,19,12,6,6,7,3,4
S01007498,All people aged 16 to 74 in employment,362,292,93,199,70,16,54
S01007498,A B D E. Agriculture energy and water,33,15,1,14,18,3,15
S01007498,C. Manufacturing,16,15,0,15,1,0,1
S01007498,F. Construction,38,20,2,18,18,6,12
S01007498,G I. Distribution hotels and restaurants,93,71,37,34,22,4,18
S01007498,H J. Transport and communication,51,47,8,39,4,0,4
S01007498,K L M N. Financial real estate professional and administrative activities,26,23,7,16,3,2,1
S01007498,O P Q. Public administration education and health,96,95,35,60,1,0,1
S01007498,R S T U. Other,9,6,3,3,3,1,2
S01007499,All people aged 16 to 74 in employment,410,308,101,207,102,20,82
S01007499,A B D E. Agriculture energy and water,64,33,8,25,31,2,29
S01007499,C. Manufacturing,40,28,1,27,12,4,8
S01007499,F. Construction,46,30,2,28,16,2,14
S01007499,G I. Distribution hotels and restaurants,77,62,25,37,15,4,11
S01007499,H J. Transport and communication,49,38,8,30,11,3,8
S01007499,K L M N. Financial real estate professional and administrative activities,28,19,6,13,9,2,7
S01007499,O P Q. Public administration education and health,94,92,48,44,2,0,2
S01007499,R S T U. Other,12,6,3,3,6,3,3
S01007500,All people aged 16 to 74 in employment,238,168,60,108,70,9,61
S01007500,A B D E. Agriculture energy and water,49,16,2,14,33,3,30
S01007500,C. Manufacturing,12,7,1,6,5,0,5
S01007500,F. Construction,12,8,1,7,4,0,4
S01007500,G I. Distribution hotels and restaurants,44,32,18,14,12,2,10
S01007500,H J. Transport and communication,19,17,2,15,2,1,1
S01007500,K L M N. Financial real estate professional and administrative activities,25,18,6,12,7,1,6
S01007500,O P Q. Public administration education and health,66,63,29,34,3,0,3
S01007500,R S T U. Other,11,7,1,6,4,2,2
S01007501,All people aged 16 to 74 in employment,265,166,67,99,99,18,81
S01007501,A B D E. Agriculture energy and water,75,21,2,19,54,5,49
S01007501,C. Manufacturing,11,9,1,8,2,1,1
S01007501,F. Construction,16,6,0,6,10,3,7
S01007501,G I. Distribution hotels and restaurants,46,30,10,20,16,1,15
S01007501,H J. Transport and communication,18,14,5,9,4,2,2
S01007501,K L M N. Financial real estate professional and administrative activities,17,9,3,6,8,5,3
S01007501,O P Q. Public administration education and health,73,69,41,28,4,1,3
S01007501,R S T U. Other,9,8,5,3,1,0,1
S01007502,All people aged 16 to 74 in employment,248,177,71,106,71,13,58
S01007502,A B D E. Agriculture energy and water,51,12,1,11,39,4,35
S01007502,C. Manufacturing,16,16,4,12,0,0,0
S01007502,F. Construction,19,14,1,13,5,1,4
S01007502,G I. Distribution hotels and restaurants,49,36,23,13,13,5,8
S01007502,H J. Transport and communication,18,17,5,12,1,0,1
S01007502,K L M N. Financial real estate professional and administrative activities,24,15,3,12,9,2,7
S01007502,O P Q. Public administration education and health,60,59,31,28,1,0,1
S01007502,R S T U. Other,11,8,3,5,3,1,2
S01007503,All people aged 16 to 74 in employment,439,307,102,205,132,27,105
S01007503,A B D E. Agriculture energy and water,75,20,3,17,55,10,45
S01007503,C. Manufacturing,20,13,2,11,7,0,7
S01007503,F. Construction,45,28,7,21,17,3,14
S01007503,G I. Distribution hotels and restaurants,77,53,34,19,24,4,20
S01007503,H J. Transport and communication,45,38,3,35,7,2,5
S01007503,K L M N. Financial real estate professional and administrative activities,43,34,6,28,9,1,8
S01007503,O P Q. Public administration education and health,119,111,45,66,8,4,4
S01007503,R S T U. Other,15,10,2,8,5,3,2
S01007504,All people aged 16 to 74 in employment,326,204,81,123,122,27,95
S01007504,A B D E. Agriculture energy and water,83,28,6,22,55,6,49
S01007504,C. Manufacturing,26,20,4,16,6,3,3
S01007504,F. Construction,25,15,1,14,10,1,9
S01007504,G I. Distribution hotels and restaurants,44,32,23,9,12,2,10
S01007504,H J. Transport and communication,27,16,2,14,11,2,9
S01007504,K L M N. Financial real estate professional and administrative activities,33,16,5,11,17,3,14
S01007504,O P Q. Public administration education and health,78,70,34,36,8,7,1
S01007504,R S T U. Other,10,7,6,1,3,3,0
S01007505,All people aged 16 to 74 in employment,208,131,46,85,77,10,67
S01007505,A B D E. Agriculture energy and water,45,10,2,8,35,1,34
S01007505,C. Manufacturing,8,6,0,6,2,1,1
S01007505,F. Construction,10,6,1,5,4,0,4
S01007505,G I. Distribution hotels and restaurants,34,20,8,12,14,3,11
S01007505,H J. Transport and communication,14,10,1,9,4,1,3
S01007505,K L M N. Financial real estate professional and administrative activities,27,19,6,13,8,2,6
S01007505,O P Q. Public administration education and health,62,55,26,29,7,1,6
S01007505,R S T U. Other,8,5,2,3,3,1,2
S01007506,All people aged 16 to 74 in employment,225,137,46,91,88,12,76
S01007506,A B D E. Agriculture energy and water,66,19,1,18,47,5,42
S01007506,C. Manufacturing,15,11,1,10,4,0,4
S01007506,F. Construction,16,9,1,8,7,0,7
S01007506,G I. Distribution hotels and restaurants,37,23,14,9,14,2,12
S01007506,H J. Transport and communication,12,11,3,8,1,0,1
S01007506,K L M N. Financial real estate professional and administrative activities,21,17,5,12,4,0,4
S01007506,O P Q. Public administration education and health,50,44,20,24,6,4,2
S01007506,R S T U. Other,8,3,1,2,5,1,4
S01007507,All people aged 16 to 74 in employment,399,295,106,189,104,18,86
S01007507,A B D E. Agriculture energy and water,37,17,4,13,20,3,17
S01007507,C. Manufacturing,25,22,2,20,3,0,3
S01007507,F. Construction,52,30,0,30,22,3,19
S01007507,G I. Distribution hotels and restaurants,116,87,42,45,29,5,24
S01007507,H J. Transport and communication,25,21,3,18,4,0,4
S01007507,K L M N. Financial real estate professional and administrative activities,28,18,8,10,10,3,7
S01007507,O P Q. Public administration education and health,99,90,44,46,9,3,6
S01007507,R S T U. Other,17,10,3,7,7,1,6
S01007508,All people aged 16 to 74 in employment,332,234,84,150,98,24,74
S01007508,A B D E. Agriculture energy and water,91,37,9,28,54,9,45
S01007508,C. Manufacturing,18,13,2,11,5,4,1
S01007508,F. Construction,32,21,2,19,11,3,8
S01007508,G I. Distribution hotels and restaurants,58,48,21,27,10,1,9
S01007508,H J. Transport and communication,18,15,1,14,3,1,2
S01007508,K L M N. Financial real estate professional and administrative activities,20,16,5,11,4,0,4
S01007508,O P Q. Public administration education and health,86,80,43,37,6,3,3
S01007508,R S T U. Other,9,4,1,3,5,3,2
S01007509,All people aged 16 to 74 in employment,289,186,70,116,103,28,75
S01007509,A B D E. Agriculture energy and water,74,32,5,27,42,6,36
S01007509,C. Manufacturing,15,10,1,9,5,1,4
S01007509,F. Construction,19,6,1,5,13,6,7
S01007509,G I. Distribution hotels and restaurants,57,44,21,23,13,2,11
S01007509,H J. Transport and communication,10,8,1,7,2,0,2
S01007509,K L M N. Financial real estate professional and administrative activities,27,11,2,9,16,4,12
S01007509,O P Q. Public administration education and health,73,67,35,32,6,5,1
S01007509,R S T U. Other,14,8,4,4,6,4,2
S01007510,All people aged 16 to 74 in employment,389,267,118,149,122,35,87
S01007510,A B D E. Agriculture energy and water,104,51,11,40,53,12,41
S01007510,C. Manufacturing,13,9,2,7,4,0,4
S01007510,F. Construction,35,17,3,14,18,5,13
S01007510,G I. Distribution hotels and restaurants,73,57,33,24,16,4,12
S01007510,H J. Transport and communication,19,17,1,16,2,1,1
S01007510,K L M N. Financial real estate professional and administrative activities,36,20,8,12,16,9,7
S01007510,O P Q. Public administration education and health,88,79,48,31,9,3,6
S01007510,R S T U. Other,21,17,12,5,4,1,3
S01007511,All people aged 16 to 74 in employment,303,224,86,138,79,24,55
S01007511,A B D E. Agriculture energy and water,60,47,8,39,13,4,9
S01007511,C. Manufacturing,22,17,4,13,5,2,3
S01007511,F. Construction,28,13,2,11,15,4,11
S01007511,G I. Distribution hotels and restaurants,66,41,17,24,25,5,20
S01007511,H J. Transport and communication,18,15,2,13,3,2,1
S01007511,K L M N. Financial real estate professional and administrative activities,24,16,7,9,8,4,4
S01007511,O P Q. Public administration education and health,71,65,42,23,6,2,4
S01007511,R S T U. Other,14,10,4,6,4,1,3
S01007512,All people aged 16 to 74 in employment,229,142,57,85,87,22,65
S01007512,A B D E. Agriculture energy and water,71,30,4,26,41,5,36
S01007512,C. Manufacturing,12,7,1,6,5,2,3
S01007512,F. Construction,22,9,1,8,13,1,12
S01007512,G I. Distribution hotels and restaurants,37,28,17,11,9,3,6
S01007512,H J. Transport and communication,8,8,3,5,0,0,0
S01007512,K L M N. Financial real estate professional and administrative activities,18,11,4,7,7,4,3
S01007512,O P Q. Public administration education and health,49,43,22,21,6,3,3
S01007512,R S T U. Other,12,6,5,1,6,4,2
S01007513,All people aged 16 to 74 in employment,449,390,139,251,59,14,45
S01007513,A B D E. Agriculture energy and water,29,18,1,17,11,4,7
S01007513,C. Manufacturing,46,44,3,41,2,0,2
S01007513,F. Construction,53,40,3,37,13,2,11
S01007513,G I. Distribution hotels and restaurants,88,78,43,35,10,2,8
S01007513,H J. Transport and communication,36,33,11,22,3,0,3
S01007513,K L M N. Financial real estate professional and administrative activities,35,25,8,17,10,3,7
S01007513,O P Q. Public administration education and health,140,135,64,71,5,2,3
S01007513,R S T U. Other,22,17,6,11,5,1,4
S01007514,All people aged 16 to 74 in employment,256,210,68,142,46,7,39
S01007514,A B D E. Agriculture energy and water,14,9,0,9,5,1,4
S01007514,C. Manufacturing,39,34,1,33,5,1,4
S01007514,F. Construction,23,17,2,15,6,1,5
S01007514,G I. Distribution hotels and restaurants,78,65,21,44,13,2,11
S01007514,H J. Transport and communication,12,11,3,8,1,0,1
S01007514,K L M N. Financial real estate professional and administrative activities,17,10,5,5,7,0,7
S01007514,O P Q. Public administration education and health,62,58,32,26,4,1,3
S01007514,R S T U. Other,11,6,4,2,5,1,4
S01007515,All people aged 16 to 74 in employment,237,195,63,132,42,9,33
S01007515,A B D E. Agriculture energy and water,18,12,1,11,6,1,5
S01007515,C. Manufacturing,9,9,1,8,0,0,0
S01007515,F. Construction,25,15,2,13,10,0,10
S01007515,G I. Distribution hotels and restaurants,34,28,14,14,6,0,6
S01007515,H J. Transport and communication,10,9,1,8,1,0,1
S01007515,K L M N. Financial real estate professional and administrative activities,27,21,6,15,6,3,3
S01007515,O P Q. Public administration education and health,100,92,34,58,8,3,5
S01007515,R S T U. Other,14,9,4,5,5,2,3
S01007516,All people aged 16 to 74 in employment,270,236,82,154,34,9,25
S01007516,A B D E. Agriculture energy and water,24,11,1,10,13,4,9
S01007516,C. Manufacturing,20,19,0,19,1,0,1
S01007516,F. Construction,38,33,3,30,5,1,4
S01007516,G I. Distribution hotels and restaurants,58,52,26,26,6,1,5
S01007516,H J. Transport and communication,15,12,2,10,3,1,2
S01007516,K L M N. Financial real estate professional and administrative activities,22,20,8,12,2,1,1
S01007516,O P Q. Public administration education and health,81,79,35,44,2,1,1
S01007516,R S T U. Other,12,10,7,3,2,0,2
S01007517,All people aged 16 to 74 in employment,174,144,51,93,30,4,26
S01007517,A B D E. Agriculture energy and water,12,7,1,6,5,1,4
S01007517,C. Manufacturing,6,6,1,5,0,0,0
S01007517,F. Construction,25,14,2,12,11,1,10
S01007517,G I. Distribution hotels and restaurants,40,33,11,22,7,0,7
S01007517,H J. Transport and communication,10,10,2,8,0,0,0
S01007517,K L M N. Financial real estate professional and administrative activities,10,7,2,5,3,0,3
S01007517,O P Q. Public administration education and health,60,59,25,34,1,0,1
S01007517,R S T U. Other,11,8,7,1,3,2,1
S01007518,All people aged 16 to 74 in employment,362,317,104,213,45,8,37
S01007518,A B D E. Agriculture energy and water,30,21,1,20,9,2,7
S01007518,C. Manufacturing,29,27,3,24,2,0,2
S01007518,F. Construction,48,39,2,37,9,1,8
S01007518,G I. Distribution hotels and restaurants,78,68,31,37,10,1,9
S01007518,H J. Transport and communication,24,23,3,20,1,0,1
S01007518,K L M N. Financial real estate professional and administrative activities,29,23,7,16,6,1,5
S01007518,O P Q. Public administration education and health,107,101,49,52,6,2,4
S01007518,R S T U. Other,17,15,8,7,2,1,1
S01007519,All people aged 16 to 74 in employment,196,130,39,91,66,13,53
S01007519,A B D E. Agriculture energy and water,39,14,2,12,25,5,20
S01007519,C. Manufacturing,18,12,0,12,6,0,6
S01007519,F. Construction,7,3,1,2,4,1,3
S01007519,G I. Distribution hotels and restaurants,45,32,11,21,13,4,9
S01007519,H J. Transport and communication,12,10,3,7,2,1,1
S01007519,K L M N. Financial real estate professional and administrative activities,22,15,4,11,7,0,7
S01007519,O P Q. Public administration education and health,42,36,13,23,6,1,5
S01007519,R S T U. Other,11,8,5,3,3,1,2
S01007520,All people aged 16 to 74 in employment,399,308,96,212,91,19,72
S01007520,A B D E. Agriculture energy and water,48,22,3,19,26,3,23
S01007520,C. Manufacturing,42,37,3,34,5,0,5
S01007520,F. Construction,40,33,2,31,7,1,6
S01007520,G I. Distribution hotels and restaurants,96,68,28,40,28,8,20
S01007520,H J. Transport and communication,26,23,5,18,3,1,2
S01007520,K L M N. Financial real estate professional and administrative activities,31,23,8,15,8,2,6
S01007520,O P Q. Public administration education and health,96,91,43,48,5,2,3
S01007520,R S T U. Other,20,11,4,7,9,2,7
S01007521,All people aged 16 to 74 in employment,220,159,53,106,61,10,51
S01007521,A B D E. Agriculture energy and water,62,39,7,32,23,1,22
S01007521,C. Manufacturing,19,17,6,11,2,0,2
S01007521,F. Construction,16,5,0,5,11,2,9
S01007521,G I. Distribution hotels and restaurants,48,39,17,22,9,2,7
S01007521,H J. Transport and communication,4,3,1,2,1,0,1
S01007521,K L M N. Financial real estate professional and administrative activities,18,9,1,8,9,2,7
S01007521,O P Q. Public administration education and health,48,45,20,25,3,2,1
S01007521,R S T U. Other,5,2,1,1,3,1,2
S01007522,All people aged 16 to 74 in employment,402,314,110,204,88,28,60
S01007522,A B D E. Agriculture energy and water,23,17,1,16,6,0,6
S01007522,C. Manufacturing,22,22,3,19,0,0,0
S01007522,F. Construction,39,16,2,14,23,5,18
S01007522,G I. Distribution hotels and restaurants,133,109,45,64,24,7,17
S01007522,H J. Transport and communication,11,9,4,5,2,1,1
S01007522,K L M N. Financial real estate professional and administrative activities,35,20,8,12,15,8,7
S01007522,O P Q. Public administration education and health,118,108,43,65,10,4,6
S01007522,R S T U. Other,21,13,4,9,8,3,5
S01007523,All people aged 16 to 74 in employment,254,187,70,117,67,15,52
S01007523,A B D E. Agriculture energy and water,42,20,4,16,22,2,20
S01007523,C. Manufacturing,16,12,4,8,4,0,4
S01007523,F. Construction,24,11,2,9,13,2,11
S01007523,G I. Distribution hotels and restaurants,46,40,19,21,6,1,5
S01007523,H J. Transport and communication,9,4,2,2,5,2,3
S01007523,K L M N. Financial real estate professional and administrative activities,30,21,5,16,9,5,4
S01007523,O P Q. Public administration education and health,73,68,28,40,5,3,2
S01007523,R S T U. Other,14,11,6,5,3,0,3
S01007524,All people aged 16 to 74 in employment,470,324,106,218,146,28,118
S01007524,A B D E. Agriculture energy and water,80,38,9,29,42,3,39
S01007524,C. Manufacturing,52,36,5,31,16,3,13
S01007524,F. Construction,34,17,2,15,17,1,16
S01007524,G I. Distribution hotels and restaurants,119,89,37,52,30,4,26
S01007524,H J. Transport and communication,22,19,4,15,3,2,1
S01007524,K L M N. Financial real estate professional and administrative activities,55,31,9,22,24,8,16
S01007524,O P Q. Public administration education and health,94,86,37,49,8,4,4
S01007524,R S T U. Other,14,8,3,5,6,3,3
S01007525,All people aged 16 to 74 in employment,234,198,65,133,36,5,31
S01007525,A B D E. Agriculture energy and water,28,15,3,12,13,2,11
S01007525,C. Manufacturing,31,31,9,22,0,0,0
S01007525,F. Construction,27,19,0,19,8,0,8
S01007525,G I. Distribution hotels and restaurants,42,37,16,21,5,0,5
S01007525,H J. Transport and communication,10,9,2,7,1,0,1
S01007525,K L M N. Financial real estate professional and administrative activities,25,21,7,14,4,1,3
S01007525,O P Q. Public administration education and health,58,54,22,32,4,2,2
S01007525,R S T U. Other,13,12,6,6,1,0,1
S01007526,All people aged 16 to 74 in employment,285,226,84,142,59,14,45
S01007526,A B D E. Agriculture energy and water,15,9,1,8,6,2,4
S01007526,C. Manufacturing,44,37,10,27,7,0,7
S01007526,F. Construction,18,13,0,13,5,0,5
S01007526,G I. Distribution hotels and restaurants,80,61,34,27,19,4,15
S01007526,H J. Transport and communication,16,13,2,11,3,3,0
S01007526,K L M N. Financial real estate professional and administrative activities,22,15,6,9,7,5,2
S01007526,O P Q. Public administration education and health,71,66,24,42,5,0,5
S01007526,R S T U. Other,19,12,7,5,7,0,7
S01007527,All people aged 16 to 74 in employment,365,290,105,185,75,29,46
S01007527,A B D E. Agriculture energy and water,24,20,2,18,4,1,3
S01007527,C. Manufacturing,40,33,6,27,7,1,6
S01007527,F. Construction,40,26,5,21,14,3,11
S01007527,G I. Distribution hotels and restaurants,81,68,37,31,13,5,8
S01007527,H J. Transport and communication,18,15,5,10,3,0,3
S01007527,K L M N. Financial real estate professional and administrative activities,34,24,6,18,10,4,6
S01007527,O P Q. Public administration education and health,104,93,39,54,11,7,4
S01007527,R S T U. Other,24,11,5,6,13,8,5
S01007528,All people aged 16 to 74 in employment,363,289,104,185,74,22,52
S01007528,A B D E. Agriculture energy and water,41,26,6,20,15,4,11
S01007528,C. Manufacturing,52,45,10,35,7,2,5
S01007528,F. Construction,44,27,2,25,17,5,12
S01007528,G I. Distribution hotels and restaurants,73,66,35,31,7,3,4
S01007528,H J. Transport and communication,19,14,2,12,5,0,5
S01007528,K L M N. Financial real estate professional and administrative activities,27,16,7,9,11,5,6
S01007528,O P Q. Public administration education and health,89,82,37,45,7,1,6
S01007528,R S T U. Other,18,13,5,8,5,2,3
S01007529,All people aged 16 to 74 in employment,274,208,72,136,66,17,49
S01007529,A B D E. Agriculture energy and water,17,10,1,9,7,0,7
S01007529,C. Manufacturing,35,25,4,21,10,2,8
S01007529,F. Construction,27,20,1,19,7,0,7
S01007529,G I. Distribution hotels and restaurants,60,38,21,17,22,5,17
S01007529,H J. Transport and communication,11,8,3,5,3,1,2
S01007529,K L M N. Financial real estate professional and administrative activities,24,15,6,9,9,7,2
S01007529,O P Q. Public administration education and health,87,83,29,54,4,0,4
S01007529,R S T U. Other,13,9,7,2,4,2,2
S01007530,All people aged 16 to 74 in employment,262,174,62,112,88,21,67
S01007530,A B D E. Agriculture energy and water,55,25,4,21,30,6,24
S01007530,C. Manufacturing,20,18,3,15,2,0,2
S01007530,F. Construction,34,19,2,17,15,1,14
S01007530,G I. Distribution hotels and restaurants,42,30,20,10,12,4,8
S01007530,H J. Transport and communication,8,6,2,4,2,1,1
S01007530,K L M N. Financial real estate professional and administrative activities,33,19,5,14,14,5,9
S01007530,O P Q. Public administration education and health,55,49,22,27,6,3,3
S01007530,R S T U. Other,15,8,4,4,7,1,6
S01007531,All people aged 16 to 74 in employment,327,219,73,146,108,24,84
S01007531,A B D E. Agriculture energy and water,77,37,5,32,40,4,36
S01007531,C. Manufacturing,19,17,5,12,2,1,1
S01007531,F. Construction,18,10,1,9,8,1,7
S01007531,G I. Distribution hotels and restaurants,57,43,17,26,14,3,11
S01007531,H J. Transport and communication,17,13,2,11,4,1,3
S01007531,K L M N. Financial real estate professional and administrative activities,38,23,5,18,15,3,12
S01007531,O P Q. Public administration education and health,82,67,32,35,15,7,8
S01007531,R S T U. Other,19,9,6,3,10,4,6
S01007532,All people aged 16 to 74 in employment,284,195,66,129,89,20,69
S01007532,A B D E. Agriculture energy and water,56,27,3,24,29,4,25
S01007532,C. Manufacturing,20,11,3,8,9,1,8
S01007532,F. Construction,27,19,0,19,8,2,6
S01007532,G I. Distribution hotels and restaurants,53,37,20,17,16,3,13
S01007532,H J. Transport and communication,15,13,1,12,2,0,2
S01007532,K L M N. Financial real estate professional and administrative activities,27,14,5,9,13,5,8
S01007532,O P Q. Public administration education and health,71,64,29,35,7,3,4
S01007532,R S T U. Other,15,10,5,5,5,2,3
S01007533,All people aged 16 to 74 in employment,275,183,58,125,92,22,70
S01007533,A B D E. Agriculture energy and water,56,18,0,18,38,7,31
S01007533,C. Manufacturing,13,9,1,8,4,2,2
S01007533,F. Construction,29,15,2,13,14,2,12
S01007533,G I. Distribution hotels and restaurants,50,40,19,21,10,3,7
S01007533,H J. Transport and communication,11,6,2,4,5,0,5
S01007533,K L M N. Financial real estate professional and administrative activities,36,25,10,15,11,4,7
S01007533,O P Q. Public administration education and health,63,60,20,40,3,1,2
S01007533,R S T U. Other,17,10,4,6,7,3,4
S01007534,All people aged 16 to 74 in employment,412,334,118,216,78,17,61
S01007534,A B D E. Agriculture energy and water,30,19,2,17,11,0,11
S01007534,C. Manufacturing,25,23,4,19,2,0,2
S01007534,F. Construction,44,29,0,29,15,1,14
S01007534,G I. Distribution hotels and restaurants,108,95,55,40,13,3,10
S01007534,H J. Transport and communication,36,29,3,26,7,1,6
S01007534,K L M N. Financial real estate professional and administrative activities,40,25,12,13,15,5,10
S01007534,O P Q. Public administration education and health,102,97,35,62,5,3,2
S01007534,R S T U. Other,27,17,7,10,10,4,6
S01007535,All people aged 16 to 74 in employment,449,378,150,228,71,19,52
S01007535,A B D E. Agriculture energy and water,25,15,1,14,10,3,7
S01007535,C. Manufacturing,32,26,4,22,6,1,5
S01007535,F. Construction,39,26,1,25,13,3,10
S01007535,G I. Distribution hotels and restaurants,129,108,64,44,21,5,16
S01007535,H J. Transport and communication,22,17,3,14,5,1,4
S01007535,K L M N. Financial real estate professional and administrative activities,41,36,11,25,5,1,4
S01007535,O P Q. Public administration education and health,143,138,59,79,5,3,2
S01007535,R S T U. Other,18,12,7,5,6,2,4
S01007536,All people aged 16 to 74 in employment,450,373,130,243,77,12,65
S01007536,A B D E. Agriculture energy and water,30,23,1,22,7,1,6
S01007536,C. Manufacturing,25,25,2,23,0,0,0
S01007536,F. Construction,52,31,1,30,21,1,20
S01007536,G I. Distribution hotels and restaurants,124,100,59,41,24,2,22
S01007536,H J. Transport and communication,35,27,1,26,8,2,6
S01007536,K L M N. Financial real estate professional and administrative activities,41,38,8,30,3,1,2
S01007536,O P Q. Public administration education and health,114,112,51,61,2,1,1
S01007536,R S T U. Other,29,17,7,10,12,4,8
S01007537,All people aged 16 to 74 in employment,440,363,112,251,77,17,60
S01007537,A B D E. Agriculture energy and water,29,16,1,15,13,5,8
S01007537,C. Manufacturing,38,31,1,30,7,4,3
S01007537,F. Construction,41,28,0,28,13,0,13
S01007537,G I. Distribution hotels and restaurants,102,82,39,43,20,4,16
S01007537,H J. Transport and communication,29,23,4,19,6,0,6
S01007537,K L M N. Financial real estate professional and administrative activities,52,41,15,26,11,1,10
S01007537,O P Q. Public administration education and health,127,123,44,79,4,1,3
S01007537,R S T U. Other,22,19,8,11,3,2,1
S01007538,All people aged 16 to 74 in employment,448,319,110,209,129,36,93
S01007538,A B D E. Agriculture energy and water,79,34,6,28,45,10,35
S01007538,C. Manufacturing,29,17,4,13,12,1,11
S01007538,F. Construction,31,17,1,16,14,2,12
S01007538,G I. Distribution hotels and restaurants,100,79,38,41,21,8,13
S01007538,H J. Transport and communication,26,20,1,19,6,1,5
S01007538,K L M N. Financial real estate professional and administrative activities,39,24,7,17,15,8,7
S01007538,O P Q. Public administration education and health,121,114,48,66,7,2,5
S01007538,R S T U. Other,23,14,5,9,9,4,5
S01007539,All people aged 16 to 74 in employment,278,230,69,161,48,15,33
S01007539,A B D E. Agriculture energy and water,11,6,0,6,5,1,4
S01007539,C. Manufacturing,21,18,2,16,3,1,2
S01007539,F. Construction,21,10,2,8,11,1,10
S01007539,G I. Distribution hotels and restaurants,44,34,14,20,10,3,7
S01007539,H J. Transport and communication,17,15,3,12,2,1,1
S01007539,K L M N. Financial real estate professional and administrative activities,34,25,5,20,9,4,5
S01007539,O P Q. Public administration education and health,117,111,36,75,6,2,4
S01007539,R S T U. Other,13,11,7,4,2,2,0
S01007540,All people aged 16 to 74 in employment,357,304,107,197,53,14,39
S01007540,A B D E. Agriculture energy and water,27,19,3,16,8,1,7
S01007540,C. Manufacturing,31,29,3,26,2,1,1
S01007540,F. Construction,40,26,1,25,14,1,13
S01007540,G I. Distribution hotels and restaurants,95,83,45,38,12,3,9
S01007540,H J. Transport and communication,25,20,5,15,5,2,3
S01007540,K L M N. Financial real estate professional and administrative activities,31,24,9,15,7,2,5
S01007540,O P Q. Public administration education and health,92,92,34,58,0,0,0
S01007540,R S T U. Other,16,11,7,4,5,4,1
S01007541,All people aged 16 to 74 in employment,329,287,94,193,42,11,31
S01007541,A B D E. Agriculture energy and water,15,9,3,6,6,2,4
S01007541,C. Manufacturing,35,30,1,29,5,1,4
S01007541,F. Construction,38,24,1,23,14,3,11
S01007541,G I. Distribution hotels and restaurants,66,60,26,34,6,1,5
S01007541,H J. Transport and communication,21,19,2,17,2,0,2
S01007541,K L M N. Financial real estate professional and administrative activities,34,28,11,17,6,2,4
S01007541,O P Q. Public administration education and health,103,101,43,58,2,1,1
S01007541,R S T U. Other,17,16,7,9,1,1,0
S01007542,All people aged 16 to 74 in employment,405,340,113,227,65,16,49
S01007542,A B D E. Agriculture energy and water,30,24,4,20,6,0,6
S01007542,C. Manufacturing,35,33,1,32,2,0,2
S01007542,F. Construction,49,25,3,22,24,1,23
S01007542,G I. Distribution hotels and restaurants,97,87,40,47,10,2,8
S01007542,H J. Transport and communication,20,20,4,16,0,0,0
S01007542,K L M N. Financial real estate professional and administrative activities,34,22,8,14,12,5,7
S01007542,O P Q. Public administration education and health,124,116,46,70,8,5,3
S01007542,R S T U. Other,16,13,7,6,3,3,0
S01007543,All people aged 16 to 74 in employment,516,453,178,275,63,15,48
S01007543,A B D E. Agriculture energy and water,33,25,1,24,8,1,7
S01007543,C. Manufacturing,59,54,4,50,5,0,5
S01007543,F. Construction,57,38,4,34,19,2,17
S01007543,G I. Distribution hotels and restaurants,148,137,80,57,11,3,8
S01007543,H J. Transport and communication,37,31,4,27,6,1,5
S01007543,K L M N. Financial real estate professional and administrative activities,37,34,15,19,3,0,3
S01007543,O P Q. Public administration education and health,125,120,61,59,5,4,1
S01007543,R S T U. Other,20,14,9,5,6,4,2
S01007544,All people aged 16 to 74 in employment,410,254,84,170,156,37,119
S01007544,A B D E. Agriculture energy and water,74,18,3,15,56,11,45
S01007544,C. Manufacturing,31,25,4,21,6,0,6
S01007544,F. Construction,28,16,2,14,12,0,12
S01007544,G I. Distribution hotels and restaurants,86,56,27,29,30,6,24
S01007544,H J. Transport and communication,14,6,0,6,8,3,5
S01007544,K L M N. Financial real estate professional and administrative activities,45,20,7,13,25,11,14
S01007544,O P Q. Public administration education and health,113,104,37,67,9,3,6
S01007544,R S T U. Other,19,9,4,5,10,3,7
S01007545,All people aged 16 to 74 in employment,382,257,90,167,125,35,90
S01007545,A B D E. Agriculture energy and water,82,33,5,28,49,9,40
S01007545,C. Manufacturing,21,17,5,12,4,2,2
S01007545,F. Construction,37,22,4,18,15,4,11
S01007545,G I. Distribution hotels and restaurants,74,54,26,28,20,4,16
S01007545,H J. Transport and communication,23,17,2,15,6,2,4
S01007545,K L M N. Financial real estate professional and administrative activities,31,8,2,6,23,11,12
S01007545,O P Q. Public administration education and health,98,93,41,52,5,1,4
S01007545,R S T U. Other,16,13,5,8,3,2,1
S01007546,All people aged 16 to 74 in employment,284,210,74,136,74,18,56
S01007546,A B D E. Agriculture energy and water,45,22,5,17,23,4,19
S01007546,C. Manufacturing,15,14,0,14,1,0,1
S01007546,F. Construction,32,16,2,14,16,3,13
S01007546,G I. Distribution hotels and restaurants,45,34,15,19,11,4,7
S01007546,H J. Transport and communication,14,10,1,9,4,1,3
S01007546,K L M N. Financial real estate professional and administrative activities,25,15,6,9,10,6,4
S01007546,O P Q. Public administration education and health,99,93,42,51,6,0,6
S01007546,R S T U. Other,9,6,3,3,3,0,3
S01007547,All people aged 16 to 74 in employment,302,198,53,145,104,22,82
S01007547,A B D E. Agriculture energy and water,66,25,3,22,41,7,34
S01007547,C. Manufacturing,11,8,0,8,3,1,2
S01007547,F. Construction,22,12,0,12,10,2,8
S01007547,G I. Distribution hotels and restaurants,59,43,20,23,16,2,14
S01007547,H J. Transport and communication,16,10,1,9,6,1,5
S01007547,K L M N. Financial real estate professional and administrative activities,33,21,1,20,12,3,9
S01007547,O P Q. Public administration education and health,74,70,24,46,4,2,2
S01007547,R S T U. Other,21,9,4,5,12,4,8
S01007548,All people aged 16 to 74 in employment,333,264,93,171,69,23,46
S01007548,A B D E. Agriculture energy and water,33,17,3,14,16,3,13
S01007548,C. Manufacturing,23,18,1,17,5,1,4
S01007548,F. Construction,20,12,0,12,8,1,7
S01007548,G I. Distribution hotels and restaurants,83,66,30,36,17,9,8
S01007548,H J. Transport and communication,26,21,3,18,5,2,3
S01007548,K L M N. Financial real estate professional and administrative activities,35,25,7,18,10,4,6
S01007548,O P Q. Public administration education and health,109,102,48,54,7,2,5
S01007548,R S T U. Other,4,3,1,2,1,1,0
S01007549,All people aged 16 to 74 in employment,247,179,66,113,68,18,50
S01007549,A B D E. Agriculture energy and water,32,11,2,9,21,3,18
S01007549,C. Manufacturing,14,10,2,8,4,1,3
S01007549,F. Construction,18,8,0,8,10,4,6
S01007549,G I. Distribution hotels and restaurants,53,42,21,21,11,3,8
S01007549,H J. Transport and communication,17,11,1,10,6,1,5
S01007549,K L M N. Financial real estate professional and administrative activities,31,23,12,11,8,4,4
S01007549,O P Q. Public administration education and health,68,66,25,41,2,1,1
S01007549,R S T U. Other,14,8,3,5,6,1,5
S01007550,All people aged 16 to 74 in employment,361,264,89,175,97,37,60
S01007550,A B D E. Agriculture energy and water,58,35,2,33,23,5,18
S01007550,C. Manufacturing,19,14,0,14,5,2,3
S01007550,F. Construction,17,9,0,9,8,3,5
S01007550,G I. Distribution hotels and restaurants,66,41,24,17,25,5,20
S01007550,H J. Transport and communication,28,18,3,15,10,7,3
S01007550,K L M N. Financial real estate professional and administrative activities,48,37,8,29,11,6,5
S01007550,O P Q. Public administration education and health,111,101,50,51,10,7,3
S01007550,R S T U. Other,14,9,2,7,5,2,3
S01007551,All people aged 16 to 74 in employment,433,270,92,178,163,45,118
S01007551,A B D E. Agriculture energy and water,104,30,1,29,74,11,63
S01007551,C. Manufacturing,22,18,3,15,4,0,4
S01007551,F. Construction,20,8,0,8,12,2,10
S01007551,G I. Distribution hotels and restaurants,64,39,22,17,25,7,18
S01007551,H J. Transport and communication,17,13,4,9,4,2,2
S01007551,K L M N. Financial real estate professional and administrative activities,60,40,8,32,20,8,12
S01007551,O P Q. Public administration education and health,113,104,46,58,9,6,3
S01007551,R S T U. Other,33,18,8,10,15,9,6
S01007552,All people aged 16 to 74 in employment,384,333,105,228,51,9,42
S01007552,A B D E. Agriculture energy and water,47,30,0,30,17,3,14
S01007552,C. Manufacturing,87,87,7,80,0,0,0
S01007552,F. Construction,30,24,0,24,6,0,6
S01007552,G I. Distribution hotels and restaurants,70,56,31,25,14,2,12
S01007552,H J. Transport and communication,19,18,3,15,1,0,1
S01007552,K L M N. Financial real estate professional and administrative activities,34,28,9,19,6,1,5
S01007552,O P Q. Public administration education and health,86,82,50,32,4,2,2
S01007552,R S T U. Other,11,8,5,3,3,1,2
S01007553,All people aged 16 to 74 in employment,316,290,91,199,26,6,20
S01007553,A B D E. Agriculture energy and water,17,14,0,14,3,0,3
S01007553,C. Manufacturing,105,100,7,93,5,1,4
S01007553,F. Construction,20,15,0,15,5,1,4
S01007553,G I. Distribution hotels and restaurants,52,47,31,16,5,0,5
S01007553,H J. Transport and communication,15,10,3,7,5,2,3
S01007553,K L M N. Financial real estate professional and administrative activities,16,16,6,10,0,0,0
S01007553,O P Q. Public administration education and health,79,78,39,39,1,1,0
S01007553,R S T U. Other,12,10,5,5,2,1,1
S01007554,All people aged 16 to 74 in employment,133,124,28,96,9,2,7
S01007554,A B D E. Agriculture energy and water,15,12,0,12,3,1,2
S01007554,C. Manufacturing,37,37,1,36,0,0,0
S01007554,F. Construction,11,10,1,9,1,0,1
S01007554,G I. Distribution hotels and restaurants,20,18,9,9,2,0,2
S01007554,H J. Transport and communication,3,3,0,3,0,0,0
S01007554,K L M N. Financial real estate professional and administrative activities,9,7,1,6,2,1,1
S01007554,O P Q. Public administration education and health,34,33,14,19,1,0,1
S01007554,R S T U. Other,4,4,2,2,0,0,0
S01007555,All people aged 16 to 74 in employment,237,198,52,146,39,4,35
S01007555,A B D E. Agriculture energy and water,35,25,1,24,10,2,8
S01007555,C. Manufacturing,34,31,1,30,3,1,2
S01007555,F. Construction,19,12,0,12,7,0,7
S01007555,G I. Distribution hotels and restaurants,30,22,11,11,8,0,8
S01007555,H J. Transport and communication,11,9,2,7,2,0,2
S01007555,K L M N. Financial real estate professional and administrative activities,22,16,6,10,6,1,5
S01007555,O P Q. Public administration education and health,80,79,29,50,1,0,1
S01007555,R S T U. Other,6,4,2,2,2,0,2
S01007556,All people aged 16 to 74 in employment,201,173,60,113,28,3,25
S01007556,A B D E. Agriculture energy and water,20,15,0,15,5,1,4
S01007556,C. Manufacturing,29,27,1,26,2,0,2
S01007556,F. Construction,25,18,0,18,7,0,7
S01007556,G I. Distribution hotels and restaurants,39,31,21,10,8,0,8
S01007556,H J. Transport and communication,8,6,2,4,2,1,1
S01007556,K L M N. Financial real estate professional and administrative activities,22,20,6,14,2,0,2
S01007556,O P Q. Public administration education and health,51,49,29,20,2,1,1
S01007556,R S T U. Other,7,7,1,6,0,0,0
S01007557,All people aged 16 to 74 in employment,457,425,147,278,32,6,26
S01007557,A B D E. Agriculture energy and water,50,48,1,47,2,0,2
S01007557,C. Manufacturing,96,96,13,83,0,0,0
S01007557,F. Construction,42,27,2,25,15,0,15
S01007557,G I. Distribution hotels and restaurants,102,96,56,40,6,3,3
S01007557,H J. Transport and communication,16,16,3,13,0,0,0
S01007557,K L M N. Financial real estate professional and administrative activities,30,29,10,19,1,0,1
S01007557,O P Q. Public administration education and health,112,106,58,48,6,2,4
S01007557,R S T U. Other,9,7,4,3,2,1,1
S01007558,All people aged 16 to 74 in employment,189,131,42,89,58,12,46
S01007558,A B D E. Agriculture energy and water,52,25,5,20,27,5,22
S01007558,C. Manufacturing,17,14,3,11,3,1,2
S01007558,F. Construction,10,5,0,5,5,0,5
S01007558,G I. Distribution hotels and restaurants,33,22,9,13,11,3,8
S01007558,H J. Transport and communication,11,8,1,7,3,1,2
S01007558,K L M N. Financial real estate professional and administrative activities,16,12,2,10,4,0,4
S01007558,O P Q. Public administration education and health,46,42,21,21,4,1,3
S01007558,R S T U. Other,4,3,1,2,1,1,0
S01007559,All people aged 16 to 74 in employment,382,274,86,188,108,31,77
S01007559,A B D E. Agriculture energy and water,73,31,2,29,42,7,35
S01007559,C. Manufacturing,21,15,3,12,6,1,5
S01007559,F. Construction,28,18,0,18,10,2,8
S01007559,G I. Distribution hotels and restaurants,59,50,28,22,9,3,6
S01007559,H J. Transport and communication,23,13,1,12,10,0,10
S01007559,K L M N. Financial real estate professional and administrative activities,50,38,6,32,12,8,4
S01007559,O P Q. Public administration education and health,105,96,42,54,9,4,5
S01007559,R S T U. Other,23,13,4,9,10,6,4
S01007560,All people aged 16 to 74 in employment,410,342,126,216,68,20,48
S01007560,A B D E. Agriculture energy and water,28,17,2,15,11,3,8
S01007560,C. Manufacturing,28,22,1,21,6,1,5
S01007560,F. Construction,41,30,2,28,11,4,7
S01007560,G I. Distribution hotels and restaurants,96,81,40,41,15,3,12
S01007560,H J. Transport and communication,20,17,3,14,3,0,3
S01007560,K L M N. Financial real estate professional and administrative activities,54,44,15,29,10,4,6
S01007560,O P Q. Public administration education and health,128,121,58,63,7,3,4
S01007560,R S T U. Other,15,10,5,5,5,2,3
S01007561,All people aged 16 to 74 in employment,279,241,92,149,38,10,28
S01007561,A B D E. Agriculture energy and water,30,14,0,14,16,5,11
S01007561,C. Manufacturing,11,10,2,8,1,1,0
S01007561,F. Construction,28,20,0,20,8,0,8
S01007561,G I. Distribution hotels and restaurants,56,51,21,30,5,2,3
S01007561,H J. Transport and communication,19,17,5,12,2,0,2
S01007561,K L M N. Financial real estate professional and administrative activities,25,24,11,13,1,0,1
S01007561,O P Q. Public administration education and health,103,100,51,49,3,2,1
S01007561,R S T U. Other,7,5,2,3,2,0,2
S01007562,All people aged 16 to 74 in employment,394,297,101,196,97,27,70
S01007562,A B D E. Agriculture energy and water,64,40,3,37,24,1,23
S01007562,C. Manufacturing,22,15,1,14,7,3,4
S01007562,F. Construction,34,23,3,20,11,2,9
S01007562,G I. Distribution hotels and restaurants,58,42,25,17,16,2,14
S01007562,H J. Transport and communication,30,23,4,19,7,3,4
S01007562,K L M N. Financial real estate professional and administrative activities,46,29,13,16,17,7,10
S01007562,O P Q. Public administration education and health,125,117,47,70,8,5,3
S01007562,R S T U. Other,15,8,5,3,7,4,3
S01007563,All people aged 16 to 74 in employment,392,277,105,172,115,40,75
S01007563,A B D E. Agriculture energy and water,60,37,3,34,23,4,19
S01007563,C. Manufacturing,21,11,0,11,10,2,8
S01007563,F. Construction,35,15,2,13,20,3,17
S01007563,G I. Distribution hotels and restaurants,56,41,24,17,15,8,7
S01007563,H J. Transport and communication,17,11,3,8,6,1,5
S01007563,K L M N. Financial real estate professional and administrative activities,40,25,12,13,15,2,13
S01007563,O P Q. Public administration education and health,144,130,59,71,14,11,3
S01007563,R S T U. Other,19,7,2,5,12,9,3
S01007564,All people aged 16 to 74 in employment,379,255,104,151,124,41,83
S01007564,A B D E. Agriculture energy and water,79,31,6,25,48,8,40
S01007564,C. Manufacturing,23,17,4,13,6,3,3
S01007564,F. Construction,22,11,0,11,11,4,7
S01007564,G I. Distribution hotels and restaurants,78,62,27,35,16,7,9
S01007564,H J. Transport and communication,18,13,4,9,5,1,4
S01007564,K L M N. Financial real estate professional and administrative activities,37,21,7,14,16,8,8
S01007564,O P Q. Public administration education and health,101,87,49,38,14,5,9
S01007564,R S T U. Other,21,13,7,6,8,5,3
S01007565,All people aged 16 to 74 in employment,446,362,111,251,84,20,64
S01007565,A B D E. Agriculture energy and water,53,30,3,27,23,1,22
S01007565,C. Manufacturing,22,16,1,15,6,1,5
S01007565,F. Construction,35,25,1,24,10,3,7
S01007565,G I. Distribution hotels and restaurants,92,78,42,36,14,1,13
S01007565,H J. Transport and communication,34,29,5,24,5,2,3
S01007565,K L M N. Financial real estate professional and administrative activities,52,41,11,30,11,4,7
S01007565,O P Q. Public administration education and health,136,127,39,88,9,4,5
S01007565,R S T U. Other,22,16,9,7,6,4,2
S01007566,All people aged 16 to 74 in employment,349,262,86,176,87,9,78
S01007566,A B D E. Agriculture energy and water,59,26,2,24,33,3,30
S01007566,C. Manufacturing,32,25,0,25,7,0,7
S01007566,F. Construction,25,19,1,18,6,0,6
S01007566,G I. Distribution hotels and restaurants,62,49,28,21,13,2,11
S01007566,H J. Transport and communication,20,14,0,14,6,0,6
S01007566,K L M N. Financial real estate professional and administrative activities,36,23,7,16,13,2,11
S01007566,O P Q. Public administration education and health,102,98,44,54,4,1,3
S01007566,R S T U. Other,13,8,4,4,5,1,4
S01007567,All people aged 16 to 74 in employment,318,236,90,146,82,16,66
S01007567,A B D E. Agriculture energy and water,50,19,2,17,31,3,28
S01007567,C. Manufacturing,17,15,2,13,2,0,2
S01007567,F. Construction,30,17,4,13,13,0,13
S01007567,G I. Distribution hotels and restaurants,48,39,22,17,9,2,7
S01007567,H J. Transport and communication,19,13,2,11,6,2,4
S01007567,K L M N. Financial real estate professional and administrative activities,34,29,11,18,5,0,5
S01007567,O P Q. Public administration education and health,102,92,40,52,10,6,4
S01007567,R S T U. Other,18,12,7,5,6,3,3
S01007568,All people aged 16 to 74 in employment,342,275,83,192,67,19,48
S01007568,A B D E. Agriculture energy and water,37,21,3,18,16,2,14
S01007568,C. Manufacturing,26,22,1,21,4,1,3
S01007568,F. Construction,17,9,3,6,8,0,8
S01007568,G I. Distribution hotels and restaurants,56,44,19,25,12,3,9
S01007568,H J. Transport and communication,17,13,3,10,4,0,4
S01007568,K L M N. Financial real estate professional and administrative activities,41,31,5,26,10,5,5
S01007568,O P Q. Public administration education and health,127,118,41,77,9,5,4
S01007568,R S T U. Other,21,17,8,9,4,3,1
S01007569,All people aged 16 to 74 in employment,395,319,98,221,76,15,61
S01007569,A B D E. Agriculture energy and water,71,39,1,38,32,3,29
S01007569,C. Manufacturing,28,28,1,27,0,0,0
S01007569,F. Construction,34,25,1,24,9,0,9
S01007569,G I. Distribution hotels and restaurants,85,69,29,40,16,5,11
S01007569,H J. Transport and communication,16,13,3,10,3,0,3
S01007569,K L M N. Financial real estate professional and administrative activities,44,34,14,20,10,5,5
S01007569,O P Q. Public administration education and health,103,100,45,55,3,1,2
S01007569,R S T U. Other,14,11,4,7,3,1,2
S01007570,All people aged 16 to 74 in employment,340,283,83,200,57,12,45
S01007570,A B D E. Agriculture energy and water,22,16,1,15,6,0,6
S01007570,C. Manufacturing,21,16,0,16,5,1,4
S01007570,F. Construction,25,14,1,13,11,1,10
S01007570,G I. Distribution hotels and restaurants,69,59,31,28,10,0,10
S01007570,H J. Transport and communication,26,20,3,17,6,2,4
S01007570,K L M N. Financial real estate professional and administrative activities,29,23,5,18,6,2,4
S01007570,O P Q. Public administration education and health,135,125,37,88,10,3,7
S01007570,R S T U. Other,13,10,5,5,3,3,0
S01007571,All people aged 16 to 74 in employment,287,217,78,139,70,16,54
S01007571,A B D E. Agriculture energy and water,65,41,6,35,24,2,22
S01007571,C. Manufacturing,15,12,0,12,3,2,1
S01007571,F. Construction,18,12,2,10,6,0,6
S01007571,G I. Distribution hotels and restaurants,44,36,20,16,8,4,4
S01007571,H J. Transport and communication,12,9,1,8,3,2,1
S01007571,K L M N. Financial real estate professional and administrative activities,33,18,6,12,15,2,13
S01007571,O P Q. Public administration education and health,83,76,37,39,7,2,5
S01007571,R S T U. Other,17,13,6,7,4,2,2
S01007572,All people aged 16 to 74 in employment,421,356,120,236,65,16,49
S01007572,A B D E. Agriculture energy and water,33,25,5,20,8,4,4
S01007572,C. Manufacturing,32,26,4,22,6,1,5
S01007572,F. Construction,44,28,2,26,16,3,13
S01007572,G I. Distribution hotels and restaurants,99,83,40,43,16,4,12
S01007572,H J. Transport and communication,14,13,3,10,1,0,1
S01007572,K L M N. Financial real estate professional and administrative activities,50,38,15,23,12,1,11
S01007572,O P Q. Public administration education and health,125,123,41,82,2,1,1
S01007572,R S T U. Other,24,20,10,10,4,2,2
S01007573,All people aged 16 to 74 in employment,534,489,122,367,45,8,37
S01007573,A B D E. Agriculture energy and water,24,18,0,18,6,0,6
S01007573,C. Manufacturing,42,40,1,39,2,0,2
S01007573,F. Construction,35,27,1,26,8,0,8
S01007573,G I. Distribution hotels and restaurants,112,105,41,64,7,0,7
S01007573,H J. Transport and communication,31,27,4,23,4,1,3
S01007573,K L M N. Financial real estate professional and administrative activities,44,37,12,25,7,2,5
S01007573,O P Q. Public administration education and health,227,220,59,161,7,3,4
S01007573,R S T U. Other,19,15,4,11,4,2,2
S01007574,All people aged 16 to 74 in employment,465,430,165,265,35,9,26
S01007574,A B D E. Agriculture energy and water,14,13,3,10,1,0,1
S01007574,C. Manufacturing,31,31,2,29,0,0,0
S01007574,F. Construction,39,32,3,29,7,2,5
S01007574,G I. Distribution hotels and restaurants,141,132,67,65,9,0,9
S01007574,H J. Transport and communication,26,22,3,19,4,2,2
S01007574,K L M N. Financial real estate professional and administrative activities,43,35,16,19,8,3,5
S01007574,O P Q. Public administration education and health,147,145,60,85,2,0,2
S01007574,R S T U. Other,24,20,11,9,4,2,2
S01007575,All people aged 16 to 74 in employment,336,306,114,192,30,6,24
S01007575,A B D E. Agriculture energy and water,15,13,0,13,2,0,2
S01007575,C. Manufacturing,20,17,0,17,3,2,1
S01007575,F. Construction,43,34,3,31,9,1,8
S01007575,G I. Distribution hotels and restaurants,101,96,47,49,5,1,4
S01007575,H J. Transport and communication,28,21,5,16,7,1,6
S01007575,K L M N. Financial real estate professional and administrative activities,23,22,11,11,1,0,1
S01007575,O P Q. Public administration education and health,99,96,43,53,3,1,2
S01007575,R S T U. Other,7,7,5,2,0,0,0
S01007576,All people aged 16 to 74 in employment,228,212,92,120,16,5,11
S01007576,A B D E. Agriculture energy and water,6,5,0,5,1,0,1
S01007576,C. Manufacturing,18,17,2,15,1,1,0
S01007576,F. Construction,19,15,0,15,4,1,3
S01007576,G I. Distribution hotels and restaurants,85,81,43,38,4,1,3
S01007576,H J. Transport and communication,14,12,4,8,2,1,1
S01007576,K L M N. Financial real estate professional and administrative activities,19,17,14,3,2,0,2
S01007576,O P Q. Public administration education and health,57,55,22,33,2,1,1
S01007576,R S T U. Other,10,10,7,3,0,0,0
S01007577,All people aged 16 to 74 in employment,251,235,87,148,16,3,13
S01007577,A B D E. Agriculture energy and water,14,12,0,12,2,1,1
S01007577,C. Manufacturing,18,16,3,13,2,0,2
S01007577,F. Construction,29,23,2,21,6,0,6
S01007577,G I. Distribution hotels and restaurants,93,90,44,46,3,1,2
S01007577,H J. Transport and communication,8,8,2,6,0,0,0
S01007577,K L M N. Financial real estate professional and administrative activities,16,14,7,7,2,1,1
S01007577,O P Q. Public administration education and health,63,63,27,36,0,0,0
S01007577,R S T U. Other,10,9,2,7,1,0,1
S01007578,All people aged 16 to 74 in employment,278,256,95,161,22,3,19
S01007578,A B D E. Agriculture energy and water,11,10,0,10,1,0,1
S01007578,C. Manufacturing,28,28,1,27,0,0,0
S01007578,F. Construction,34,24,0,24,10,1,9
S01007578,G I. Distribution hotels and restaurants,93,89,49,40,4,1,3
S01007578,H J. Transport and communication,17,14,3,11,3,0,3
S01007578,K L M N. Financial real estate professional and administrative activities,23,21,9,12,2,1,1
S01007578,O P Q. Public administration education and health,67,66,32,34,1,0,1
S01007578,R S T U. Other,5,4,1,3,1,0,1
S01007579,All people aged 16 to 74 in employment,281,268,102,166,13,3,10
S01007579,A B D E. Agriculture energy and water,12,11,0,11,1,0,1
S01007579,C. Manufacturing,22,22,0,22,0,0,0
S01007579,F. Construction,25,24,2,22,1,0,1
S01007579,G I. Distribution hotels and restaurants,83,80,44,36,3,1,2
S01007579,H J. Transport and communication,11,9,4,5,2,0,2
S01007579,K L M N. Financial real estate professional and administrative activities,27,25,13,12,2,0,2
S01007579,O P Q. Public administration education and health,86,85,34,51,1,1,0
S01007579,R S T U. Other,15,12,5,7,3,1,2
S01007580,All people aged 16 to 74 in employment,334,318,115,203,16,3,13
S01007580,A B D E. Agriculture energy and water,18,14,2,12,4,0,4
S01007580,C. Manufacturing,39,39,1,38,0,0,0
S01007580,F. Construction,28,26,3,23,2,1,1
S01007580,G I. Distribution hotels and restaurants,108,103,56,47,5,0,5
S01007580,H J. Transport and communication,19,17,5,12,2,1,1
S01007580,K L M N. Financial real estate professional and administrative activities,24,22,9,13,2,0,2
S01007580,O P Q. Public administration education and health,89,89,37,52,0,0,0
S01007580,R S T U. Other,9,8,2,6,1,1,0
S01007581,All people aged 16 to 74 in employment,218,197,79,118,21,4,17
S01007581,A B D E. Agriculture energy and water,9,6,1,5,3,0,3
S01007581,C. Manufacturing,21,21,0,21,0,0,0
S01007581,F. Construction,27,17,0,17,10,1,9
S01007581,G I. Distribution hotels and restaurants,67,64,43,21,3,2,1
S01007581,H J. Transport and communication,17,14,3,11,3,1,2
S01007581,K L M N. Financial real estate professional and administrative activities,18,18,4,14,0,0,0
S01007581,O P Q. Public administration education and health,48,48,24,24,0,0,0
S01007581,R S T U. Other,11,9,4,5,2,0,2
S01007582,All people aged 16 to 74 in employment,300,277,93,184,23,6,17
S01007582,A B D E. Agriculture energy and water,15,13,1,12,2,1,1
S01007582,C. Manufacturing,22,21,3,18,1,0,1
S01007582,F. Construction,28,20,4,16,8,1,7
S01007582,G I. Distribution hotels and restaurants,82,79,41,38,3,1,2
S01007582,H J. Transport and communication,14,10,3,7,4,0,4
S01007582,K L M N. Financial real estate professional and administrative activities,31,27,7,20,4,3,1
S01007582,O P Q. Public administration education and health,97,96,32,64,1,0,1
S01007582,R S T U. Other,11,11,2,9,0,0,0
S01007583,All people aged 16 to 74 in employment,416,387,156,231,29,4,25
S01007583,A B D E. Agriculture energy and water,24,19,3,16,5,0,5
S01007583,C. Manufacturing,34,32,1,31,2,1,1
S01007583,F. Construction,34,28,2,26,6,0,6
S01007583,G I. Distribution hotels and restaurants,131,127,73,54,4,1,3
S01007583,H J. Transport and communication,19,17,4,13,2,0,2
S01007583,K L M N. Financial real estate professional and administrative activities,41,38,17,21,3,2,1
S01007583,O P Q. Public administration education and health,112,107,47,60,5,0,5
S01007583,R S T U. Other,21,19,9,10,2,0,2
S01007584,All people aged 16 to 74 in employment,292,262,103,159,30,6,24
S01007584,A B D E. Agriculture energy and water,19,14,1,13,5,1,4
S01007584,C. Manufacturing,31,30,4,26,1,0,1
S01007584,F. Construction,22,14,2,12,8,1,7
S01007584,G I. Distribution hotels and restaurants,83,81,41,40,2,1,1
S01007584,H J. Transport and communication,23,16,3,13,7,2,5
S01007584,K L M N. Financial real estate professional and administrative activities,20,18,11,7,2,1,1
S01007584,O P Q. Public administration education and health,83,81,38,43,2,0,2
S01007584,R S T U. Other,11,8,3,5,3,0,3
S01007585,All people aged 16 to 74 in employment,409,367,116,251,42,9,33
S01007585,A B D E. Agriculture energy and water,18,12,1,11,6,0,6
S01007585,C. Manufacturing,34,31,1,30,3,0,3
S01007585,F. Construction,40,31,2,29,9,1,8
S01007585,G I. Distribution hotels and restaurants,77,71,34,37,6,2,4
S01007585,H J. Transport and communication,23,18,5,13,5,2,3
S01007585,K L M N. Financial real estate professional and administrative activities,44,38,11,27,6,1,5
S01007585,O P Q. Public administration education and health,151,147,52,95,4,3,1
S01007585,R S T U. Other,22,19,10,9,3,0,3
S01007586,All people aged 16 to 74 in employment,373,344,137,207,29,12,17
S01007586,A B D E. Agriculture energy and water,13,13,2,11,0,0,0
S01007586,C. Manufacturing,27,27,0,27,0,0,0
S01007586,F. Construction,31,26,0,26,5,1,4
S01007586,G I. Distribution hotels and restaurants,138,127,61,66,11,4,7
S01007586,H J. Transport and communication,12,8,0,8,4,2,2
S01007586,K L M N. Financial real estate professional and administrative activities,26,25,15,10,1,0,1
S01007586,O P Q. Public administration education and health,105,104,51,53,1,0,1
S01007586,R S T U. Other,21,14,8,6,7,5,2
S01007587,All people aged 16 to 74 in employment,324,285,87,198,39,6,33
S01007587,A B D E. Agriculture energy and water,18,15,0,15,3,0,3
S01007587,C. Manufacturing,21,21,1,20,0,0,0
S01007587,F. Construction,32,19,1,18,13,0,13
S01007587,G I. Distribution hotels and restaurants,55,49,23,26,6,2,4
S01007587,H J. Transport and communication,15,13,0,13,2,0,2
S01007587,K L M N. Financial real estate professional and administrative activities,29,22,6,16,7,3,4
S01007587,O P Q. Public administration education and health,138,134,51,83,4,1,3
S01007587,R S T U. Other,16,12,5,7,4,0,4
S01007588,All people aged 16 to 74 in employment,399,337,122,215,62,9,53
S01007588,A B D E. Agriculture energy and water,18,15,0,15,3,0,3
S01007588,C. Manufacturing,24,23,0,23,1,0,1
S01007588,F. Construction,16,9,0,9,7,0,7
S01007588,G I. Distribution hotels and restaurants,93,76,49,27,17,2,15
S01007588,H J. Transport and communication,15,12,2,10,3,0,3
S01007588,K L M N. Financial real estate professional and administrative activities,48,32,9,23,16,5,11
S01007588,O P Q. Public administration education and health,164,152,53,99,12,1,11
S01007588,R S T U. Other,21,18,9,9,3,1,2
S01007589,All people aged 16 to 74 in employment,422,374,105,269,48,14,34
S01007589,A B D E. Agriculture energy and water,19,16,0,16,3,0,3
S01007589,C. Manufacturing,27,26,2,24,1,1,0
S01007589,F. Construction,28,20,1,19,8,0,8
S01007589,G I. Distribution hotels and restaurants,80,75,33,42,5,0,5
S01007589,H J. Transport and communication,23,19,2,17,4,1,3
S01007589,K L M N. Financial real estate professional and administrative activities,61,48,11,37,13,7,6
S01007589,O P Q. Public administration education and health,166,156,51,105,10,4,6
S01007589,R S T U. Other,18,14,5,9,4,1,3
S01007590,All people aged 16 to 74 in employment,284,238,66,172,46,7,39
S01007590,A B D E. Agriculture energy and water,10,6,0,6,4,0,4
S01007590,C. Manufacturing,19,18,0,18,1,0,1
S01007590,F. Construction,18,11,1,10,7,2,5
S01007590,G I. Distribution hotels and restaurants,54,40,17,23,14,0,14
S01007590,H J. Transport and communication,12,9,0,9,3,0,3
S01007590,K L M N. Financial real estate professional and administrative activities,29,21,6,15,8,2,6
S01007590,O P Q. Public administration education and health,134,127,37,90,7,3,4
S01007590,R S T U. Other,8,6,5,1,2,0,2
S01007591,All people aged 16 to 74 in employment,318,286,84,202,32,10,22
S01007591,A B D E. Agriculture energy and water,10,10,0,10,0,0,0
S01007591,C. Manufacturing,35,33,2,31,2,2,0
S01007591,F. Construction,19,11,0,11,8,1,7
S01007591,G I. Distribution hotels and restaurants,59,56,26,30,3,1,2
S01007591,H J. Transport and communication,25,19,3,16,6,1,5
S01007591,K L M N. Financial real estate professional and administrative activities,35,29,10,19,6,1,5
S01007591,O P Q. Public administration education and health,121,116,38,78,5,3,2
S01007591,R S T U. Other,14,12,5,7,2,1,1
S01007592,All people aged 16 to 74 in employment,328,308,116,192,20,3,17
S01007592,A B D E. Agriculture energy and water,14,13,1,12,1,0,1
S01007592,C. Manufacturing,25,25,2,23,0,0,0
S01007592,F. Construction,33,28,2,26,5,0,5
S01007592,G I. Distribution hotels and restaurants,88,86,45,41,2,1,1
S01007592,H J. Transport and communication,10,9,3,6,1,0,1
S01007592,K L M N. Financial real estate professional and administrative activities,27,26,15,11,1,0,1
S01007592,O P Q. Public administration education and health,122,114,47,67,8,2,6
S01007592,R S T U. Other,9,7,1,6,2,0,2
S01007593,All people aged 16 to 74 in employment,497,425,144,281,72,22,50
S01007593,A B D E. Agriculture energy and water,18,12,1,11,6,2,4
S01007593,C. Manufacturing,49,42,1,41,7,3,4
S01007593,F. Construction,36,28,2,26,8,1,7
S01007593,G I. Distribution hotels and restaurants,121,104,53,51,17,5,12
S01007593,H J. Transport and communication,13,12,1,11,1,0,1
S01007593,K L M N. Financial real estate professional and administrative activities,54,37,16,21,17,6,11
S01007593,O P Q. Public administration education and health,172,163,59,104,9,3,6
S01007593,R S T U. Other,34,27,11,16,7,2,5
S01007594,All people aged 16 to 74 in employment,434,360,112,248,74,25,49
S01007594,A B D E. Agriculture energy and water,28,15,0,15,13,4,9
S01007594,C. Manufacturing,40,39,2,37,1,0,1
S01007594,F. Construction,38,26,5,21,12,1,11
S01007594,G I. Distribution hotels and restaurants,88,79,39,40,9,1,8
S01007594,H J. Transport and communication,23,17,1,16,6,2,4
S01007594,K L M N. Financial real estate professional and administrative activities,45,32,17,15,13,8,5
S01007594,O P Q. Public administration education and health,149,137,39,98,12,7,5
S01007594,R S T U. Other,23,15,9,6,8,2,6
S01007595,All people aged 16 to 74 in employment,561,376,110,266,185,39,146
S01007595,A B D E. Agriculture energy and water,76,25,1,24,51,15,36
S01007595,C. Manufacturing,39,36,1,35,3,0,3
S01007595,F. Construction,46,22,2,20,24,6,18
S01007595,G I. Distribution hotels and restaurants,105,79,35,44,26,3,23
S01007595,H J. Transport and communication,28,24,1,23,4,0,4
S01007595,K L M N. Financial real estate professional and administrative activities,38,24,6,18,14,6,8
S01007595,O P Q. Public administration education and health,193,144,56,88,49,5,44
S01007595,R S T U. Other,36,22,8,14,14,4,10
S01007596,All people aged 16 to 74 in employment,239,171,65,106,68,12,56
S01007596,A B D E. Agriculture energy and water,27,10,3,7,17,2,15
S01007596,C. Manufacturing,18,13,3,10,5,0,5
S01007596,F. Construction,21,12,1,11,9,1,8
S01007596,G I. Distribution hotels and restaurants,63,50,23,27,13,2,11
S01007596,H J. Transport and communication,11,8,0,8,3,0,3
S01007596,K L M N. Financial real estate professional and administrative activities,19,14,3,11,5,2,3
S01007596,O P Q. Public administration education and health,61,53,26,27,8,2,6
S01007596,R S T U. Other,19,11,6,5,8,3,5
S01007597,All people aged 16 to 74 in employment,327,259,74,185,68,16,52
S01007597,A B D E. Agriculture energy and water,49,16,1,15,33,6,27
S01007597,C. Manufacturing,36,32,2,30,4,1,3
S01007597,F. Construction,23,12,0,12,11,2,9
S01007597,G I. Distribution hotels and restaurants,58,51,23,28,7,1,6
S01007597,H J. Transport and communication,15,15,2,13,0,0,0
S01007597,K L M N. Financial real estate professional and administrative activities,27,23,8,15,4,1,3
S01007597,O P Q. Public administration education and health,100,95,34,61,5,2,3
S01007597,R S T U. Other,19,15,4,11,4,3,1
S01007598,All people aged 16 to 74 in employment,332,269,90,179,63,15,48
S01007598,A B D E. Agriculture energy and water,24,11,0,11,13,2,11
S01007598,C. Manufacturing,20,17,0,17,3,1,2
S01007598,F. Construction,38,24,3,21,14,2,12
S01007598,G I. Distribution hotels and restaurants,66,55,26,29,11,4,7
S01007598,H J. Transport and communication,18,16,5,11,2,0,2
S01007598,K L M N. Financial real estate professional and administrative activities,39,26,5,21,13,4,9
S01007598,O P Q. Public administration education and health,122,117,50,67,5,1,4
S01007598,R S T U. Other,5,3,1,2,2,1,1
S01007599,All people aged 16 to 74 in employment,429,387,149,238,42,10,32
S01007599,A B D E. Agriculture energy and water,20,15,1,14,5,1,4
S01007599,C. Manufacturing,26,23,0,23,3,2,1
S01007599,F. Construction,22,13,2,11,9,1,8
S01007599,G I. Distribution hotels and restaurants,95,89,50,39,6,0,6
S01007599,H J. Transport and communication,22,16,4,12,6,0,6
S01007599,K L M N. Financial real estate professional and administrative activities,31,27,11,16,4,1,3
S01007599,O P Q. Public administration education and health,197,192,77,115,5,3,2
S01007599,R S T U. Other,16,12,4,8,4,2,2
S01007600,All people aged 16 to 74 in employment,517,445,115,330,72,16,56
S01007600,A B D E. Agriculture energy and water,22,17,1,16,5,3,2
S01007600,C. Manufacturing,43,39,1,38,4,1,3
S01007600,F. Construction,34,22,4,18,12,0,12
S01007600,G I. Distribution hotels and restaurants,93,76,34,42,17,3,14
S01007600,H J. Transport and communication,29,23,2,21,6,3,3
S01007600,K L M N. Financial real estate professional and administrative activities,49,36,12,24,13,2,11
S01007600,O P Q. Public administration education and health,231,224,59,165,7,1,6
S01007600,R S T U. Other,16,8,2,6,8,3,5
S01007601,All people aged 16 to 74 in employment,401,371,104,267,30,10,20
S01007601,A B D E. Agriculture energy and water,11,10,1,9,1,0,1
S01007601,C. Manufacturing,31,30,3,27,1,0,1
S01007601,F. Construction,37,30,0,30,7,2,5
S01007601,G I. Distribution hotels and restaurants,87,79,33,46,8,3,5
S01007601,H J. Transport and communication,27,26,2,24,1,0,1
S01007601,K L M N. Financial real estate professional and administrative activities,38,35,12,23,3,1,2
S01007601,O P Q. Public administration education and health,152,150,48,102,2,0,2
S01007601,R S T U. Other,18,11,5,6,7,4,3
S01007602,All people aged 16 to 74 in employment,367,333,111,222,34,9,25
S01007602,A B D E. Agriculture energy and water,17,13,1,12,4,0,4
S01007602,C. Manufacturing,31,30,1,29,1,0,1
S01007602,F. Construction,24,22,3,19,2,0,2
S01007602,G I. Distribution hotels and restaurants,74,63,25,38,11,2,9
S01007602,H J. Transport and communication,17,16,3,13,1,0,1
S01007602,K L M N. Financial real estate professional and administrative activities,29,23,11,12,6,3,3
S01007602,O P Q. Public administration education and health,163,159,66,93,4,1,3
S01007602,R S T U. Other,12,7,1,6,5,3,2
S01007603,All people aged 16 to 74 in employment,484,449,138,311,35,11,24
S01007603,A B D E. Agriculture energy and water,22,20,0,20,2,0,2
S01007603,C. Manufacturing,42,41,2,39,1,1,0
S01007603,F. Construction,37,28,3,25,9,2,7
S01007603,G I. Distribution hotels and restaurants,91,86,40,46,5,0,5
S01007603,H J. Transport and communication,18,15,1,14,3,1,2
S01007603,K L M N. Financial real estate professional and administrative activities,38,32,9,23,6,1,5
S01007603,O P Q. Public administration education and health,215,210,71,139,5,4,1
S01007603,R S T U. Other,21,17,12,5,4,2,2
S01007604,All people aged 16 to 74 in employment,456,415,125,290,41,14,27
S01007604,A B D E. Agriculture energy and water,22,16,1,15,6,3,3
S01007604,C. Manufacturing,36,35,0,35,1,1,0
S01007604,F. Construction,32,26,3,23,6,1,5
S01007604,G I. Distribution hotels and restaurants,82,71,35,36,11,2,9
S01007604,H J. Transport and communication,15,12,3,9,3,2,1
S01007604,K L M N. Financial real estate professional and administrative activities,44,38,10,28,6,1,5
S01007604,O P Q. Public administration education and health,207,202,67,135,5,2,3
S01007604,R S T U. Other,18,15,6,9,3,2,1
S01007605,All people aged 16 to 74 in employment,457,423,126,297,34,8,26
S01007605,A B D E. Agriculture energy and water,14,12,1,11,2,0,2
S01007605,C. Manufacturing,40,38,2,36,2,1,1
S01007605,F. Construction,28,22,1,21,6,0,6
S01007605,G I. Distribution hotels and restaurants,105,98,37,61,7,2,5
S01007605,H J. Transport and communication,33,28,6,22,5,1,4
S01007605,K L M N. Financial real estate professional and administrative activities,37,33,8,25,4,1,3
S01007605,O P Q. Public administration education and health,180,176,64,112,4,1,3
S01007605,R S T U. Other,20,16,7,9,4,2,2
S01007606,All people aged 16 to 74 in employment,309,277,82,195,32,7,25
S01007606,A B D E. Agriculture energy and water,11,9,2,7,2,1,1
S01007606,C. Manufacturing,29,27,1,26,2,0,2
S01007606,F. Construction,28,20,0,20,8,1,7
S01007606,G I. Distribution hotels and restaurants,53,45,17,28,8,2,6
S01007606,H J. Transport and communication,12,9,1,8,3,0,3
S01007606,K L M N. Financial real estate professional and administrative activities,34,30,9,21,4,1,3
S01007606,O P Q. Public administration education and health,128,126,48,78,2,1,1
S01007606,R S T U. Other,14,11,4,7,3,1,2
S01007607,All people aged 16 to 74 in employment,388,358,105,253,30,7,23
S01007607,A B D E. Agriculture energy and water,9,9,2,7,0,0,0
S01007607,C. Manufacturing,28,28,0,28,0,0,0
S01007607,F. Construction,26,22,0,22,4,0,4
S01007607,G I. Distribution hotels and restaurants,77,73,30,43,4,1,3
S01007607,H J. Transport and communication,27,26,4,22,1,0,1
S01007607,K L M N. Financial real estate professional and administrative activities,29,23,5,18,6,1,5
S01007607,O P Q. Public administration education and health,176,167,60,107,9,3,6
S01007607,R S T U. Other,16,10,4,6,6,2,4
S01007608,All people aged 16 to 74 in employment,406,374,113,261,32,7,25
S01007608,A B D E. Agriculture energy and water,19,15,2,13,4,2,2
S01007608,C. Manufacturing,22,20,2,18,2,1,1
S01007608,F. Construction,24,19,2,17,5,0,5
S01007608,G I. Distribution hotels and restaurants,95,85,33,52,10,1,9
S01007608,H J. Transport and communication,25,24,4,20,1,0,1
S01007608,K L M N. Financial real estate professional and administrative activities,34,33,10,23,1,0,1
S01007608,O P Q. Public administration education and health,174,170,55,115,4,2,2
S01007608,R S T U. Other,13,8,5,3,5,1,4
S01007609,All people aged 16 to 74 in employment,424,399,145,254,25,7,18
S01007609,A B D E. Agriculture energy and water,17,16,1,15,1,0,1
S01007609,C. Manufacturing,20,19,2,17,1,0,1
S01007609,F. Construction,38,32,3,29,6,2,4
S01007609,G I. Distribution hotels and restaurants,121,115,50,65,6,3,3
S01007609,H J. Transport and communication,26,23,5,18,3,0,3
S01007609,K L M N. Financial real estate professional and administrative activities,32,31,11,20,1,0,1
S01007609,O P Q. Public administration education and health,148,145,64,81,3,1,2
S01007609,R S T U. Other,22,18,9,9,4,1,3
S01007610,All people aged 16 to 74 in employment,217,202,68,134,15,3,12
S01007610,A B D E. Agriculture energy and water,8,8,1,7,0,0,0
S01007610,C. Manufacturing,21,20,1,19,1,0,1
S01007610,F. Construction,19,14,1,13,5,1,4
S01007610,G I. Distribution hotels and restaurants,53,51,26,25,2,0,2
S01007610,H J. Transport and communication,16,13,2,11,3,1,2
S01007610,K L M N. Financial real estate professional and administrative activities,16,16,6,10,0,0,0
S01007610,O P Q. Public administration education and health,79,76,30,46,3,1,2
S01007610,R S T U. Other,5,4,1,3,1,0,1
S01007611,All people aged 16 to 74 in employment,386,363,109,254,23,5,18
S01007611,A B D E. Agriculture energy and water,13,11,1,10,2,0,2
S01007611,C. Manufacturing,34,33,2,31,1,1,0
S01007611,F. Construction,25,20,3,17,5,1,4
S01007611,G I. Distribution hotels and restaurants,111,105,49,56,6,1,5
S01007611,H J. Transport and communication,26,21,3,18,5,0,5
S01007611,K L M N. Financial real estate professional and administrative activities,29,26,6,20,3,2,1
S01007611,O P Q. Public administration education and health,135,134,40,94,1,0,1
S01007611,R S T U. Other,13,13,5,8,0,0,0
S01007612,All people aged 16 to 74 in employment,530,476,159,317,54,11,43
S01007612,A B D E. Agriculture energy and water,22,19,3,16,3,1,2
S01007612,C. Manufacturing,30,27,2,25,3,1,2
S01007612,F. Construction,26,12,1,11,14,3,11
S01007612,G I. Distribution hotels and restaurants,179,164,78,86,15,2,13
S01007612,H J. Transport and communication,42,39,6,33,3,1,2
S01007612,K L M N. Financial real estate professional and administrative activities,52,44,13,31,8,1,7
S01007612,O P Q. Public administration education and health,149,148,49,99,1,0,1
S01007612,R S T U. Other,30,23,7,16,7,2,5
S01007613,All people aged 16 to 74 in employment,392,311,91,220,81,15,66
S01007613,A B D E. Agriculture energy and water,13,7,0,7,6,0,6
S01007613,C. Manufacturing,18,17,1,16,1,0,1
S01007613,F. Construction,25,11,0,11,14,2,12
S01007613,G I. Distribution hotels and restaurants,96,71,39,32,25,3,22
S01007613,H J. Transport and communication,26,21,7,14,5,2,3
S01007613,K L M N. Financial real estate professional and administrative activities,38,27,7,20,11,5,6
S01007613,O P Q. Public administration education and health,160,148,31,117,12,1,11
S01007613,R S T U. Other,16,9,6,3,7,2,5
S01007614,All people aged 16 to 74 in employment,423,374,124,250,49,15,34
S01007614,A B D E. Agriculture energy and water,20,9,0,9,11,4,7
S01007614,C. Manufacturing,23,23,1,22,0,0,0
S01007614,F. Construction,22,18,0,18,4,1,3
S01007614,G I. Distribution hotels and restaurants,70,59,34,25,11,0,11
S01007614,H J. Transport and communication,12,12,1,11,0,0,0
S01007614,K L M N. Financial real estate professional and administrative activities,53,43,15,28,10,3,7
S01007614,O P Q. Public administration education and health,208,202,68,134,6,1,5
S01007614,R S T U. Other,15,8,5,3,7,6,1
S01007615,All people aged 16 to 74 in employment,530,464,144,320,66,13,53
S01007615,A B D E. Agriculture energy and water,15,12,0,12,3,1,2
S01007615,C. Manufacturing,38,36,6,30,2,1,1
S01007615,F. Construction,32,21,2,19,11,1,10
S01007615,G I. Distribution hotels and restaurants,126,103,44,59,23,3,20
S01007615,H J. Transport and communication,34,27,5,22,7,1,6
S01007615,K L M N. Financial real estate professional and administrative activities,53,42,5,37,11,2,9
S01007615,O P Q. Public administration education and health,207,203,77,126,4,3,1
S01007615,R S T U. Other,25,20,5,15,5,1,4
S01007616,All people aged 16 to 74 in employment,367,338,100,238,29,5,24
S01007616,A B D E. Agriculture energy and water,13,12,1,11,1,0,1
S01007616,C. Manufacturing,17,17,0,17,0,0,0
S01007616,F. Construction,25,18,1,17,7,0,7
S01007616,G I. Distribution hotels and restaurants,102,91,39,52,11,0,11
S01007616,H J. Transport and communication,31,29,4,25,2,1,1
S01007616,K L M N. Financial real estate professional and administrative activities,34,31,7,24,3,2,1
S01007616,O P Q. Public administration education and health,124,123,42,81,1,1,0
S01007616,R S T U. Other,21,17,6,11,4,1,3
S01007617,All people aged 16 to 74 in employment,249,226,91,135,23,5,18
S01007617,A B D E. Agriculture energy and water,14,12,1,11,2,1,1
S01007617,C. Manufacturing,16,15,0,15,1,0,1
S01007617,F. Construction,21,12,0,12,9,0,9
S01007617,G I. Distribution hotels and restaurants,87,82,47,35,5,1,4
S01007617,H J. Transport and communication,16,14,1,13,2,0,2
S01007617,K L M N. Financial real estate professional and administrative activities,15,13,5,8,2,1,1
S01007617,O P Q. Public administration education and health,70,68,33,35,2,2,0
S01007617,R S T U. Other,10,10,4,6,0,0,0
S01007618,All people aged 16 to 74 in employment,263,249,98,151,14,3,11
S01007618,A B D E. Agriculture energy and water,8,8,1,7,0,0,0
S01007618,C. Manufacturing,32,31,2,29,1,0,1
S01007618,F. Construction,22,17,0,17,5,2,3
S01007618,G I. Distribution hotels and restaurants,82,78,38,40,4,0,4
S01007618,H J. Transport and communication,23,21,8,13,2,0,2
S01007618,K L M N. Financial real estate professional and administrative activities,18,17,8,9,1,1,0
S01007618,O P Q. Public administration education and health,73,73,39,34,0,0,0
S01007618,R S T U. Other,5,4,2,2,1,0,1
S01007619,All people aged 16 to 74 in employment,297,279,104,175,18,6,12
S01007619,A B D E. Agriculture energy and water,11,11,1,10,0,0,0
S01007619,C. Manufacturing,39,38,5,33,1,1,0
S01007619,F. Construction,30,23,0,23,7,1,6
S01007619,G I. Distribution hotels and restaurants,84,80,43,37,4,1,3
S01007619,H J. Transport and communication,16,13,3,10,3,1,2
S01007619,K L M N. Financial real estate professional and administrative activities,22,21,10,11,1,1,0
S01007619,O P Q. Public administration education and health,83,82,40,42,1,1,0
S01007619,R S T U. Other,12,11,2,9,1,0,1
S01007620,All people aged 16 to 74 in employment,314,272,72,200,42,12,30
S01007620,A B D E. Agriculture energy and water,18,14,2,12,4,1,3
S01007620,C. Manufacturing,25,24,0,24,1,0,1
S01007620,F. Construction,27,17,0,17,10,0,10
S01007620,G I. Distribution hotels and restaurants,68,57,21,36,11,5,6
S01007620,H J. Transport and communication,18,17,3,14,1,0,1
S01007620,K L M N. Financial real estate professional and administrative activities,24,18,7,11,6,1,5
S01007620,O P Q. Public administration education and health,122,118,35,83,4,1,3
S01007620,R S T U. Other,12,7,4,3,5,4,1
S01007621,All people aged 16 to 74 in employment,328,295,93,202,33,6,27
S01007621,A B D E. Agriculture energy and water,11,10,0,10,1,0,1
S01007621,C. Manufacturing,42,40,2,38,2,0,2
S01007621,F. Construction,36,25,3,22,11,0,11
S01007621,G I. Distribution hotels and restaurants,76,69,34,35,7,2,5
S01007621,H J. Transport and communication,20,18,4,14,2,0,2
S01007621,K L M N. Financial real estate professional and administrative activities,27,22,8,14,5,1,4
S01007621,O P Q. Public administration education and health,103,102,38,64,1,1,0
S01007621,R S T U. Other,13,9,4,5,4,2,2
S01007622,All people aged 16 to 74 in employment,275,243,80,163,32,11,21
S01007622,A B D E. Agriculture energy and water,9,5,0,5,4,2,2
S01007622,C. Manufacturing,29,27,4,23,2,0,2
S01007622,F. Construction,23,19,0,19,4,0,4
S01007622,G I. Distribution hotels and restaurants,67,57,26,31,10,3,7
S01007622,H J. Transport and communication,28,25,7,18,3,0,3
S01007622,K L M N. Financial real estate professional and administrative activities,17,14,7,7,3,2,1
S01007622,O P Q. Public administration education and health,88,87,33,54,1,1,0
S01007622,R S T U. Other,14,9,3,6,5,3,2
S01007623,All people aged 16 to 74 in employment,319,279,81,198,40,13,27
S01007623,A B D E. Agriculture energy and water,10,8,1,7,2,2,0
S01007623,C. Manufacturing,26,23,2,21,3,0,3
S01007623,F. Construction,26,18,1,17,8,0,8
S01007623,G I. Distribution hotels and restaurants,72,65,29,36,7,3,4
S01007623,H J. Transport and communication,11,9,0,9,2,0,2
S01007623,K L M N. Financial real estate professional and administrative activities,22,17,6,11,5,1,4
S01007623,O P Q. Public administration education and health,135,131,39,92,4,1,3
S01007623,R S T U. Other,17,8,3,5,9,6,3
S01007624,All people aged 16 to 74 in employment,394,361,117,244,33,10,23
S01007624,A B D E. Agriculture energy and water,18,16,0,16,2,0,2
S01007624,C. Manufacturing,45,45,4,41,0,0,0
S01007624,F. Construction,24,17,1,16,7,0,7
S01007624,G I. Distribution hotels and restaurants,93,84,43,41,9,3,6
S01007624,H J. Transport and communication,23,21,1,20,2,0,2
S01007624,K L M N. Financial real estate professional and administrative activities,32,30,9,21,2,2,0
S01007624,O P Q. Public administration education and health,136,130,50,80,6,3,3
S01007624,R S T U. Other,23,18,9,9,5,2,3
S01007625,All people aged 16 to 74 in employment,278,251,68,183,27,5,22
S01007625,A B D E. Agriculture energy and water,14,12,0,12,2,1,1
S01007625,C. Manufacturing,32,29,1,28,3,0,3
S01007625,F. Construction,18,16,2,14,2,0,2
S01007625,G I. Distribution hotels and restaurants,58,47,20,27,11,4,7
S01007625,H J. Transport and communication,18,14,0,14,4,0,4
S01007625,K L M N. Financial real estate professional and administrative activities,20,19,7,12,1,0,1
S01007625,O P Q. Public administration education and health,103,100,34,66,3,0,3
S01007625,R S T U. Other,15,14,4,10,1,0,1
S01007626,All people aged 16 to 74 in employment,397,365,102,263,32,5,27
S01007626,A B D E. Agriculture energy and water,15,11,2,9,4,0,4
S01007626,C. Manufacturing,57,55,2,53,2,0,2
S01007626,F. Construction,29,21,3,18,8,0,8
S01007626,G I. Distribution hotels and restaurants,75,70,31,39,5,0,5
S01007626,H J. Transport and communication,30,27,2,25,3,1,2
S01007626,K L M N. Financial real estate professional and administrative activities,31,28,6,22,3,0,3
S01007626,O P Q. Public administration education and health,143,140,52,88,3,2,1
S01007626,R S T U. Other,17,13,4,9,4,2,2
S01007627,All people aged 16 to 74 in employment,295,257,68,189,38,11,27
S01007627,A B D E. Agriculture energy and water,14,14,0,14,0,0,0
S01007627,C. Manufacturing,28,28,1,27,0,0,0
S01007627,F. Construction,22,13,0,13,9,0,9
S01007627,G I. Distribution hotels and restaurants,60,50,22,28,10,3,7
S01007627,H J. Transport and communication,18,15,0,15,3,2,1
S01007627,K L M N. Financial real estate professional and administrative activities,32,26,4,22,6,3,3
S01007627,O P Q. Public administration education and health,106,104,41,63,2,0,2
S01007627,R S T U. Other,15,7,0,7,8,3,5
S01007628,All people aged 16 to 74 in employment,330,277,81,196,53,13,40
S01007628,A B D E. Agriculture energy and water,23,15,0,15,8,2,6
S01007628,C. Manufacturing,21,18,1,17,3,2,1
S01007628,F. Construction,24,14,2,12,10,1,9
S01007628,G I. Distribution hotels and restaurants,83,71,30,41,12,0,12
S01007628,H J. Transport and communication,18,11,0,11,7,2,5
S01007628,K L M N. Financial real estate professional and administrative activities,31,25,5,20,6,2,4
S01007628,O P Q. Public administration education and health,117,114,40,74,3,2,1
S01007628,R S T U. Other,13,9,3,6,4,2,2
S01007629,All people aged 16 to 74 in employment,359,287,87,200,72,15,57
S01007629,A B D E. Agriculture energy and water,34,17,2,15,17,1,16
S01007629,C. Manufacturing,30,25,4,21,5,1,4
S01007629,F. Construction,27,22,4,18,5,0,5
S01007629,G I. Distribution hotels and restaurants,88,73,29,44,15,0,15
S01007629,H J. Transport and communication,27,23,2,21,4,1,3
S01007629,K L M N. Financial real estate professional and administrative activities,34,18,6,12,16,4,12
S01007629,O P Q. Public administration education and health,106,102,38,64,4,3,1
S01007629,R S T U. Other,13,7,2,5,6,5,1
S01007630,All people aged 16 to 74 in employment,463,346,108,238,117,21,96
S01007630,A B D E. Agriculture energy and water,76,34,6,28,42,3,39
S01007630,C. Manufacturing,27,23,3,20,4,0,4
S01007630,F. Construction,37,20,0,20,17,2,15
S01007630,G I. Distribution hotels and restaurants,99,77,40,37,22,4,18
S01007630,H J. Transport and communication,22,18,2,16,4,0,4
S01007630,K L M N. Financial real estate professional and administrative activities,36,25,9,16,11,4,7
S01007630,O P Q. Public administration education and health,155,143,46,97,12,7,5
S01007630,R S T U. Other,11,6,2,4,5,1,4
S01007631,All people aged 16 to 74 in employment,311,209,74,135,102,29,73
S01007631,A B D E. Agriculture energy and water,59,27,1,26,32,8,24
S01007631,C. Manufacturing,29,22,2,20,7,2,5
S01007631,F. Construction,32,16,3,13,16,1,15
S01007631,G I. Distribution hotels and restaurants,34,28,17,11,6,2,4
S01007631,H J. Transport and communication,16,12,4,8,4,2,2
S01007631,K L M N. Financial real estate professional and administrative activities,34,17,6,11,17,6,11
S01007631,O P Q. Public administration education and health,94,80,36,44,14,4,10
S01007631,R S T U. Other,13,7,5,2,6,4,2
S01007632,All people aged 16 to 74 in employment,462,408,112,296,54,17,37
S01007632,A B D E. Agriculture energy and water,24,16,1,15,8,0,8
S01007632,C. Manufacturing,48,45,5,40,3,1,2
S01007632,F. Construction,59,47,3,44,12,0,12
S01007632,G I. Distribution hotels and restaurants,109,97,47,50,12,7,5
S01007632,H J. Transport and communication,33,31,1,30,2,1,1
S01007632,K L M N. Financial real estate professional and administrative activities,30,22,5,17,8,4,4
S01007632,O P Q. Public administration education and health,136,130,43,87,6,3,3
S01007632,R S T U. Other,23,20,7,13,3,1,2
S01007633,All people aged 16 to 74 in employment,454,397,126,271,57,12,45
S01007633,A B D E. Agriculture energy and water,19,14,1,13,5,0,5
S01007633,C. Manufacturing,51,50,0,50,1,1,0
S01007633,F. Construction,67,53,4,49,14,1,13
S01007633,G I. Distribution hotels and restaurants,100,94,51,43,6,1,5
S01007633,H J. Transport and communication,26,20,3,17,6,2,4
S01007633,K L M N. Financial real estate professional and administrative activities,39,26,10,16,13,3,10
S01007633,O P Q. Public administration education and health,140,130,53,77,10,4,6
S01007633,R S T U. Other,12,10,4,6,2,0,2
S01007634,All people aged 16 to 74 in employment,290,234,69,165,56,16,40
S01007634,A B D E. Agriculture energy and water,48,24,3,21,24,5,19
S01007634,C. Manufacturing,19,18,0,18,1,0,1
S01007634,F. Construction,24,19,0,19,5,1,4
S01007634,G I. Distribution hotels and restaurants,52,48,20,28,4,1,3
S01007634,H J. Transport and communication,19,14,1,13,5,2,3
S01007634,K L M N. Financial real estate professional and administrative activities,27,19,7,12,8,2,6
S01007634,O P Q. Public administration education and health,96,88,36,52,8,5,3
S01007634,R S T U. Other,5,4,2,2,1,0,1
S01007635,All people aged 16 to 74 in employment,268,223,71,152,45,12,33
S01007635,A B D E. Agriculture energy and water,20,11,0,11,9,3,6
S01007635,C. Manufacturing,24,24,2,22,0,0,0
S01007635,F. Construction,20,14,2,12,6,0,6
S01007635,G I. Distribution hotels and restaurants,63,54,23,31,9,0,9
S01007635,H J. Transport and communication,21,17,1,16,4,3,1
S01007635,K L M N. Financial real estate professional and administrative activities,23,17,4,13,6,2,4
S01007635,O P Q. Public administration education and health,83,76,35,41,7,3,4
S01007635,R S T U. Other,14,10,4,6,4,1,3
S01007636,All people aged 16 to 74 in employment,360,308,79,229,52,17,35
S01007636,A B D E. Agriculture energy and water,30,19,1,18,11,2,9
S01007636,C. Manufacturing,47,44,2,42,3,1,2
S01007636,F. Construction,30,21,1,20,9,2,7
S01007636,G I. Distribution hotels and restaurants,79,69,27,42,10,2,8
S01007636,H J. Transport and communication,25,21,6,15,4,1,3
S01007636,K L M N. Financial real estate professional and administrative activities,42,37,10,27,5,2,3
S01007636,O P Q. Public administration education and health,94,88,29,59,6,3,3
S01007636,R S T U. Other,13,9,3,6,4,4,0
S01007637,All people aged 16 to 74 in employment,404,352,99,253,52,13,39
S01007637,A B D E. Agriculture energy and water,26,17,2,15,9,3,6
S01007637,C. Manufacturing,65,63,5,58,2,0,2
S01007637,F. Construction,50,40,3,37,10,2,8
S01007637,G I. Distribution hotels and restaurants,80,74,32,42,6,2,4
S01007637,H J. Transport and communication,35,27,5,22,8,0,8
S01007637,K L M N. Financial real estate professional and administrative activities,34,29,8,21,5,0,5
S01007637,O P Q. Public administration education and health,95,90,39,51,5,1,4
S01007637,R S T U. Other,19,12,5,7,7,5,2
S01007638,All people aged 16 to 74 in employment,361,317,93,224,44,8,36
S01007638,A B D E. Agriculture energy and water,15,9,1,8,6,2,4
S01007638,C. Manufacturing,46,44,3,41,2,1,1
S01007638,F. Construction,44,33,0,33,11,1,10
S01007638,G I. Distribution hotels and restaurants,92,85,46,39,7,1,6
S01007638,H J. Transport and communication,30,24,1,23,6,2,4
S01007638,K L M N. Financial real estate professional and administrative activities,22,19,7,12,3,0,3
S01007638,O P Q. Public administration education and health,97,92,29,63,5,0,5
S01007638,R S T U. Other,15,11,6,5,4,1,3
S01007639,All people aged 16 to 74 in employment,512,473,147,326,39,8,31
S01007639,A B D E. Agriculture energy and water,23,18,3,15,5,1,4
S01007639,C. Manufacturing,88,87,8,79,1,0,1
S01007639,F. Construction,59,47,3,44,12,0,12
S01007639,G I. Distribution hotels and restaurants,132,123,60,63,9,3,6
S01007639,H J. Transport and communication,43,39,4,35,4,1,3
S01007639,K L M N. Financial real estate professional and administrative activities,34,29,10,19,5,2,3
S01007639,O P Q. Public administration education and health,118,116,52,64,2,1,1
S01007639,R S T U. Other,15,14,7,7,1,0,1
S01007640,All people aged 16 to 74 in employment,362,256,73,183,106,18,88
S01007640,A B D E. Agriculture energy and water,85,37,4,33,48,4,44
S01007640,C. Manufacturing,30,26,3,23,4,0,4
S01007640,F. Construction,39,18,1,17,21,4,17
S01007640,G I. Distribution hotels and restaurants,54,47,22,25,7,2,5
S01007640,H J. Transport and communication,22,19,5,14,3,0,3
S01007640,K L M N. Financial real estate professional and administrative activities,37,28,10,18,9,3,6
S01007640,O P Q. Public administration education and health,84,78,26,52,6,2,4
S01007640,R S T U. Other,11,3,2,1,8,3,5
S01007641,All people aged 16 to 74 in employment,404,318,122,196,86,19,67
S01007641,A B D E. Agriculture energy and water,48,28,7,21,20,2,18
S01007641,C. Manufacturing,32,28,7,21,4,2,2
S01007641,F. Construction,38,23,3,20,15,2,13
S01007641,G I. Distribution hotels and restaurants,100,81,44,37,19,2,17
S01007641,H J. Transport and communication,23,18,3,15,5,0,5
S01007641,K L M N. Financial real estate professional and administrative activities,44,32,7,25,12,3,9
S01007641,O P Q. Public administration education and health,105,102,48,54,3,3,0
S01007641,R S T U. Other,14,6,3,3,8,5,3
S01007642,All people aged 16 to 74 in employment,361,263,79,184,98,29,69
S01007642,A B D E. Agriculture energy and water,28,17,3,14,11,2,9
S01007642,C. Manufacturing,31,22,4,18,9,2,7
S01007642,F. Construction,36,26,2,24,10,2,8
S01007642,G I. Distribution hotels and restaurants,103,66,28,38,37,7,30
S01007642,H J. Transport and communication,17,14,1,13,3,0,3
S01007642,K L M N. Financial real estate professional and administrative activities,26,18,6,12,8,5,3
S01007642,O P Q. Public administration education and health,98,87,33,54,11,6,5
S01007642,R S T U. Other,22,13,2,11,9,5,4
S01007643,All people aged 16 to 74 in employment,430,345,120,225,85,20,65
S01007643,A B D E. Agriculture energy and water,23,19,5,14,4,1,3
S01007643,C. Manufacturing,26,23,1,22,3,2,1
S01007643,F. Construction,45,32,2,30,13,3,10
S01007643,G I. Distribution hotels and restaurants,136,104,53,51,32,2,30
S01007643,H J. Transport and communication,24,21,3,18,3,1,2
S01007643,K L M N. Financial real estate professional and administrative activities,45,29,6,23,16,6,10
S01007643,O P Q. Public administration education and health,115,106,46,60,9,2,7
S01007643,R S T U. Other,16,11,4,7,5,3,2
S01007644,All people aged 16 to 74 in employment,344,286,112,174,58,17,41
S01007644,A B D E. Agriculture energy and water,22,14,1,13,8,1,7
S01007644,C. Manufacturing,15,14,3,11,1,0,1
S01007644,F. Construction,42,34,0,34,8,1,7
S01007644,G I. Distribution hotels and restaurants,94,83,41,42,11,3,8
S01007644,H J. Transport and communication,22,21,3,18,1,0,1
S01007644,K L M N. Financial real estate professional and administrative activities,27,18,6,12,9,2,7
S01007644,O P Q. Public administration education and health,108,92,52,40,16,7,9
S01007644,R S T U. Other,14,10,6,4,4,3,1
S01007645,All people aged 16 to 74 in employment,270,181,55,126,89,20,69
S01007645,A B D E. Agriculture energy and water,55,17,2,15,38,8,30
S01007645,C. Manufacturing,19,16,1,15,3,0,3
S01007645,F. Construction,25,12,4,8,13,2,11
S01007645,G I. Distribution hotels and restaurants,59,50,23,27,9,1,8
S01007645,H J. Transport and communication,15,11,1,10,4,1,3
S01007645,K L M N. Financial real estate professional and administrative activities,31,18,3,15,13,4,9
S01007645,O P Q. Public administration education and health,62,56,21,35,6,3,3
S01007645,R S T U. Other,4,1,0,1,3,1,2
S01007646,All people aged 16 to 74 in employment,295,203,51,152,92,23,69
S01007646,A B D E. Agriculture energy and water,74,36,5,31,38,6,32
S01007646,C. Manufacturing,24,18,1,17,6,2,4
S01007646,F. Construction,17,11,1,10,6,1,5
S01007646,G I. Distribution hotels and restaurants,54,43,14,29,11,6,5
S01007646,H J. Transport and communication,21,16,2,14,5,0,5
S01007646,K L M N. Financial real estate professional and administrative activities,27,20,4,16,7,3,4
S01007646,O P Q. Public administration education and health,52,46,20,26,6,1,5
S01007646,R S T U. Other,26,13,4,9,13,4,9
S01007647,All people aged 16 to 74 in employment,335,280,70,210,55,17,38
S01007647,A B D E. Agriculture energy and water,15,9,0,9,6,1,5
S01007647,C. Manufacturing,36,35,7,28,1,1,0
S01007647,F. Construction,40,25,1,24,15,0,15
S01007647,G I. Distribution hotels and restaurants,96,86,29,57,10,3,7
S01007647,H J. Transport and communication,28,26,3,23,2,1,1
S01007647,K L M N. Financial real estate professional and administrative activities,25,19,6,13,6,3,3
S01007647,O P Q. Public administration education and health,81,77,23,54,4,2,2
S01007647,R S T U. Other,14,3,1,2,11,6,5
S01007648,All people aged 16 to 74 in employment,436,366,102,264,70,22,48
S01007648,A B D E. Agriculture energy and water,16,7,0,7,9,3,6
S01007648,C. Manufacturing,58,55,6,49,3,1,2
S01007648,F. Construction,35,21,0,21,14,4,10
S01007648,G I. Distribution hotels and restaurants,130,113,28,85,17,3,14
S01007648,H J. Transport and communication,28,24,4,20,4,1,3
S01007648,K L M N. Financial real estate professional and administrative activities,33,27,13,14,6,4,2
S01007648,O P Q. Public administration education and health,110,104,43,61,6,4,2
S01007648,R S T U. Other,26,15,8,7,11,2,9
S01007649,All people aged 16 to 74 in employment,379,316,102,214,63,9,54
S01007649,A B D E. Agriculture energy and water,30,13,1,12,17,1,16
S01007649,C. Manufacturing,55,52,5,47,3,1,2
S01007649,F. Construction,46,24,3,21,22,2,20
S01007649,G I. Distribution hotels and restaurants,85,79,34,45,6,0,6
S01007649,H J. Transport and communication,26,23,4,19,3,0,3
S01007649,K L M N. Financial real estate professional and administrative activities,30,26,10,16,4,1,3
S01007649,O P Q. Public administration education and health,89,85,38,47,4,2,2
S01007649,R S T U. Other,18,14,7,7,4,2,2
S01007650,All people aged 16 to 74 in employment,486,370,116,254,116,28,88
S01007650,A B D E. Agriculture energy and water,78,25,3,22,53,4,49
S01007650,C. Manufacturing,41,35,5,30,6,0,6
S01007650,F. Construction,35,30,1,29,5,1,4
S01007650,G I. Distribution hotels and restaurants,110,95,46,49,15,4,11
S01007650,H J. Transport and communication,51,37,7,30,14,6,8
S01007650,K L M N. Financial real estate professional and administrative activities,39,29,10,19,10,3,7
S01007650,O P Q. Public administration education and health,113,108,39,69,5,3,2
S01007650,R S T U. Other,19,11,5,6,8,7,1
S01007651,All people aged 16 to 74 in employment,307,204,65,139,103,18,85
S01007651,A B D E. Agriculture energy and water,82,24,4,20,58,8,50
S01007651,C. Manufacturing,31,27,2,25,4,1,3
S01007651,F. Construction,23,12,1,11,11,1,10
S01007651,G I. Distribution hotels and restaurants,46,39,17,22,7,2,5
S01007651,H J. Transport and communication,19,15,3,12,4,1,3
S01007651,K L M N. Financial real estate professional and administrative activities,29,19,4,15,10,3,7
S01007651,O P Q. Public administration education and health,66,60,30,30,6,2,4
S01007651,R S T U. Other,11,8,4,4,3,0,3
S01007652,All people aged 16 to 74 in employment,251,199,64,135,52,8,44
S01007652,A B D E. Agriculture energy and water,39,24,6,18,15,1,14
S01007652,C. Manufacturing,18,16,1,15,2,0,2
S01007652,F. Construction,25,13,0,13,12,1,11
S01007652,G I. Distribution hotels and restaurants,72,63,29,34,9,2,7
S01007652,H J. Transport and communication,15,11,1,10,4,0,4
S01007652,K L M N. Financial real estate professional and administrative activities,21,18,4,14,3,0,3
S01007652,O P Q. Public administration education and health,55,50,20,30,5,2,3
S01007652,R S T U. Other,6,4,3,1,2,2,0
S01007653,All people aged 16 to 74 in employment,465,345,110,235,120,28,92
S01007653,A B D E. Agriculture energy and water,79,37,8,29,42,8,34
S01007653,C. Manufacturing,40,36,3,33,4,0,4
S01007653,F. Construction,60,32,4,28,28,2,26
S01007653,G I. Distribution hotels and restaurants,95,86,40,46,9,2,7
S01007653,H J. Transport and communication,27,20,2,18,7,0,7
S01007653,K L M N. Financial real estate professional and administrative activities,35,24,8,16,11,8,3
S01007653,O P Q. Public administration education and health,115,106,43,63,9,4,5
S01007653,R S T U. Other,14,4,2,2,10,4,6
S01007654,All people aged 16 to 74 in employment,502,409,137,272,93,18,75
S01007654,A B D E. Agriculture energy and water,67,37,4,33,30,3,27
S01007654,C. Manufacturing,62,60,2,58,2,2,0
S01007654,F. Construction,62,45,2,43,17,2,15
S01007654,G I. Distribution hotels and restaurants,117,102,53,49,15,4,11
S01007654,H J. Transport and communication,29,26,5,21,3,0,3
S01007654,K L M N. Financial real estate professional and administrative activities,32,21,10,11,11,5,6
S01007654,O P Q. Public administration education and health,116,110,54,56,6,1,5
S01007654,R S T U. Other,17,8,7,1,9,1,8
S01007655,All people aged 16 to 74 in employment,396,238,74,164,158,34,124
S01007655,A B D E. Agriculture energy and water,118,29,2,27,89,15,74
S01007655,C. Manufacturing,24,23,4,19,1,1,0
S01007655,F. Construction,41,18,2,16,23,4,19
S01007655,G I. Distribution hotels and restaurants,54,42,14,28,12,1,11
S01007655,H J. Transport and communication,20,15,4,11,5,2,3
S01007655,K L M N. Financial real estate professional and administrative activities,40,23,9,14,17,7,10
S01007655,O P Q. Public administration education and health,90,83,36,47,7,3,4
S01007655,R S T U. Other,9,5,3,2,4,1,3
S01007656,All people aged 16 to 74 in employment,409,301,94,207,108,15,93
S01007656,A B D E. Agriculture energy and water,99,46,11,35,53,5,48
S01007656,C. Manufacturing,46,38,4,34,8,2,6
S01007656,F. Construction,36,17,1,16,19,1,18
S01007656,G I. Distribution hotels and restaurants,69,64,30,34,5,1,4
S01007656,H J. Transport and communication,13,11,3,8,2,0,2
S01007656,K L M N. Financial real estate professional and administrative activities,34,25,7,18,9,2,7
S01007656,O P Q. Public administration education and health,95,94,36,58,1,1,0
S01007656,R S T U. Other,17,6,2,4,11,3,8
S01007657,All people aged 16 to 74 in employment,238,183,61,122,55,3,52
S01007657,A B D E. Agriculture energy and water,43,18,4,14,25,0,25
S01007657,C. Manufacturing,13,12,0,12,1,0,1
S01007657,F. Construction,28,20,3,17,8,0,8
S01007657,G I. Distribution hotels and restaurants,63,51,25,26,12,1,11
S01007657,H J. Transport and communication,8,7,1,6,1,0,1
S01007657,K L M N. Financial real estate professional and administrative activities,11,6,1,5,5,0,5
S01007657,O P Q. Public administration education and health,67,67,25,42,0,0,0
S01007657,R S T U. Other,5,2,2,0,3,2,1
S01007658,All people aged 16 to 74 in employment,245,184,59,125,61,11,50
S01007658,A B D E. Agriculture energy and water,41,22,2,20,19,4,15
S01007658,C. Manufacturing,26,20,3,17,6,0,6
S01007658,F. Construction,18,9,1,8,9,1,8
S01007658,G I. Distribution hotels and restaurants,48,40,12,28,8,0,8
S01007658,H J. Transport and communication,4,2,1,1,2,1,1
S01007658,K L M N. Financial real estate professional and administrative activities,27,23,8,15,4,2,2
S01007658,O P Q. Public administration education and health,66,63,28,35,3,1,2
S01007658,R S T U. Other,15,5,4,1,10,2,8
S01007659,All people aged 16 to 74 in employment,359,282,97,185,77,16,61
S01007659,A B D E. Agriculture energy and water,67,35,3,32,32,3,29
S01007659,C. Manufacturing,41,38,7,31,3,1,2
S01007659,F. Construction,29,19,1,18,10,1,9
S01007659,G I. Distribution hotels and restaurants,65,58,31,27,7,2,5
S01007659,H J. Transport and communication,19,13,3,10,6,0,6
S01007659,K L M N. Financial real estate professional and administrative activities,22,12,4,8,10,4,6
S01007659,O P Q. Public administration education and health,102,98,46,52,4,3,1
S01007659,R S T U. Other,14,9,2,7,5,2,3
S01007660,All people aged 16 to 74 in employment,393,358,110,248,35,10,25
S01007660,A B D E. Agriculture energy and water,12,8,1,7,4,0,4
S01007660,C. Manufacturing,104,103,12,91,1,1,0
S01007660,F. Construction,32,21,3,18,11,2,9
S01007660,G I. Distribution hotels and restaurants,84,81,40,41,3,0,3
S01007660,H J. Transport and communication,28,25,2,23,3,1,2
S01007660,K L M N. Financial real estate professional and administrative activities,30,26,13,13,4,1,3
S01007660,O P Q. Public administration education and health,87,82,33,49,5,4,1
S01007660,R S T U. Other,16,12,6,6,4,1,3
S01007661,All people aged 16 to 74 in employment,327,277,97,180,50,13,37
S01007661,A B D E. Agriculture energy and water,20,17,3,14,3,1,2
S01007661,C. Manufacturing,49,46,5,41,3,0,3
S01007661,F. Construction,25,15,3,12,10,4,6
S01007661,G I. Distribution hotels and restaurants,76,63,39,24,13,1,12
S01007661,H J. Transport and communication,20,16,0,16,4,0,4
S01007661,K L M N. Financial real estate professional and administrative activities,27,22,11,11,5,1,4
S01007661,O P Q. Public administration education and health,99,91,33,58,8,4,4
S01007661,R S T U. Other,11,7,3,4,4,2,2
S01007662,All people aged 16 to 74 in employment,382,343,103,240,39,13,26
S01007662,A B D E. Agriculture energy and water,25,19,2,17,6,3,3
S01007662,C. Manufacturing,74,73,4,69,1,0,1
S01007662,F. Construction,41,27,2,25,14,2,12
S01007662,G I. Distribution hotels and restaurants,62,60,36,24,2,1,1
S01007662,H J. Transport and communication,23,20,5,15,3,1,2
S01007662,K L M N. Financial real estate professional and administrative activities,32,24,9,15,8,2,6
S01007662,O P Q. Public administration education and health,113,111,41,70,2,2,0
S01007662,R S T U. Other,12,9,4,5,3,2,1
S01007663,All people aged 16 to 74 in employment,396,354,119,235,42,11,31
S01007663,A B D E. Agriculture energy and water,32,28,2,26,4,2,2
S01007663,C. Manufacturing,62,61,3,58,1,0,1
S01007663,F. Construction,33,23,0,23,10,2,8
S01007663,G I. Distribution hotels and restaurants,84,73,45,28,11,0,11
S01007663,H J. Transport and communication,21,17,2,15,4,0,4
S01007663,K L M N. Financial real estate professional and administrative activities,31,27,12,15,4,1,3
S01007663,O P Q. Public administration education and health,116,111,48,63,5,4,1
S01007663,R S T U. Other,17,14,7,7,3,2,1
S01007664,All people aged 16 to 74 in employment,267,238,78,160,29,11,18
S01007664,A B D E. Agriculture energy and water,8,8,2,6,0,0,0
S01007664,C. Manufacturing,72,70,8,62,2,1,1
S01007664,F. Construction,17,12,1,11,5,1,4
S01007664,G I. Distribution hotels and restaurants,64,56,37,19,8,3,5
S01007664,H J. Transport and communication,15,13,2,11,2,0,2
S01007664,K L M N. Financial real estate professional and administrative activities,27,17,5,12,10,5,5
S01007664,O P Q. Public administration education and health,53,52,19,33,1,1,0
S01007664,R S T U. Other,11,10,4,6,1,0,1
S01007665,All people aged 16 to 74 in employment,317,295,85,210,22,8,14
S01007665,A B D E. Agriculture energy and water,20,18,0,18,2,1,1
S01007665,C. Manufacturing,74,74,7,67,0,0,0
S01007665,F. Construction,18,12,0,12,6,1,5
S01007665,G I. Distribution hotels and restaurants,94,89,47,42,5,2,3
S01007665,H J. Transport and communication,11,9,0,9,2,1,1
S01007665,K L M N. Financial real estate professional and administrative activities,18,14,4,10,4,1,3
S01007665,O P Q. Public administration education and health,67,67,20,47,0,0,0
S01007665,R S T U. Other,15,12,7,5,3,2,1
S01007666,All people aged 16 to 74 in employment,243,220,61,159,23,6,17
S01007666,A B D E. Agriculture energy and water,27,27,1,26,0,0,0
S01007666,C. Manufacturing,29,28,2,26,1,0,1
S01007666,F. Construction,20,15,1,14,5,1,4
S01007666,G I. Distribution hotels and restaurants,38,34,21,13,4,0,4
S01007666,H J. Transport and communication,9,5,1,4,4,2,2
S01007666,K L M N. Financial real estate professional and administrative activities,23,20,5,15,3,1,2
S01007666,O P Q. Public administration education and health,90,87,28,59,3,0,3
S01007666,R S T U. Other,7,4,2,2,3,2,1
S01007667,All people aged 16 to 74 in employment,377,331,93,238,46,15,31
S01007667,A B D E. Agriculture energy and water,35,28,1,27,7,3,4
S01007667,C. Manufacturing,56,53,5,48,3,0,3
S01007667,F. Construction,32,21,2,19,11,1,10
S01007667,G I. Distribution hotels and restaurants,46,44,22,22,2,1,1
S01007667,H J. Transport and communication,21,20,4,16,1,1,0
S01007667,K L M N. Financial real estate professional and administrative activities,40,30,11,19,10,3,7
S01007667,O P Q. Public administration education and health,135,126,40,86,9,4,5
S01007667,R S T U. Other,12,9,8,1,3,2,1
S01007668,All people aged 16 to 74 in employment,469,440,138,302,29,5,24
S01007668,A B D E. Agriculture energy and water,19,15,2,13,4,0,4
S01007668,C. Manufacturing,102,101,3,98,1,0,1
S01007668,F. Construction,35,27,1,26,8,1,7
S01007668,G I. Distribution hotels and restaurants,111,108,61,47,3,0,3
S01007668,H J. Transport and communication,38,34,9,25,4,1,3
S01007668,K L M N. Financial real estate professional and administrative activities,32,29,9,20,3,1,2
S01007668,O P Q. Public administration education and health,118,113,46,67,5,2,3
S01007668,R S T U. Other,14,13,7,6,1,0,1
S01007669,All people aged 16 to 74 in employment,259,237,71,166,22,9,13
S01007669,A B D E. Agriculture energy and water,17,12,0,12,5,3,2
S01007669,C. Manufacturing,68,67,8,59,1,1,0
S01007669,F. Construction,15,12,1,11,3,0,3
S01007669,G I. Distribution hotels and restaurants,47,43,22,21,4,1,3
S01007669,H J. Transport and communication,18,13,2,11,5,1,4
S01007669,K L M N. Financial real estate professional and administrative activities,21,18,8,10,3,2,1
S01007669,O P Q. Public administration education and health,60,59,22,37,1,1,0
S01007669,R S T U. Other,13,13,8,5,0,0,0
S01007670,All people aged 16 to 74 in employment,302,283,90,193,19,3,16
S01007670,A B D E. Agriculture energy and water,20,17,0,17,3,0,3
S01007670,C. Manufacturing,70,68,8,60,2,0,2
S01007670,F. Construction,22,16,1,15,6,2,4
S01007670,G I. Distribution hotels and restaurants,67,65,32,33,2,0,2
S01007670,H J. Transport and communication,15,15,3,12,0,0,0
S01007670,K L M N. Financial real estate professional and administrative activities,27,22,9,13,5,0,5
S01007670,O P Q. Public administration education and health,76,76,35,41,0,0,0
S01007670,R S T U. Other,5,4,2,2,1,1,0
S01007671,All people aged 16 to 74 in employment,390,303,80,223,87,16,71
S01007671,A B D E. Agriculture energy and water,63,38,5,33,25,3,22
S01007671,C. Manufacturing,40,31,3,28,9,5,4
S01007671,F. Construction,27,14,2,12,13,0,13
S01007671,G I. Distribution hotels and restaurants,63,58,26,32,5,1,4
S01007671,H J. Transport and communication,24,19,3,16,5,0,5
S01007671,K L M N. Financial real estate professional and administrative activities,49,33,10,23,16,3,13
S01007671,O P Q. Public administration education and health,110,104,31,73,6,2,4
S01007671,R S T U. Other,14,6,0,6,8,2,6
S01007672,All people aged 16 to 74 in employment,381,322,109,213,59,9,50
S01007672,A B D E. Agriculture energy and water,39,29,2,27,10,2,8
S01007672,C. Manufacturing,47,44,6,38,3,1,2
S01007672,F. Construction,24,18,2,16,6,1,5
S01007672,G I. Distribution hotels and restaurants,59,48,27,21,11,2,9
S01007672,H J. Transport and communication,20,20,7,13,0,0,0
S01007672,K L M N. Financial real estate professional and administrative activities,43,28,13,15,15,1,14
S01007672,O P Q. Public administration education and health,131,122,45,77,9,2,7
S01007672,R S T U. Other,18,13,7,6,5,0,5
S01007673,All people aged 16 to 74 in employment,395,342,97,245,53,14,39
S01007673,A B D E. Agriculture energy and water,29,24,3,21,5,1,4
S01007673,C. Manufacturing,63,61,8,53,2,0,2
S01007673,F. Construction,34,13,0,13,21,3,18
S01007673,G I. Distribution hotels and restaurants,104,98,43,55,6,1,5
S01007673,H J. Transport and communication,21,18,3,15,3,0,3
S01007673,K L M N. Financial real estate professional and administrative activities,40,32,8,24,8,4,4
S01007673,O P Q. Public administration education and health,94,88,28,60,6,3,3
S01007673,R S T U. Other,10,8,4,4,2,2,0
S01007674,All people aged 16 to 74 in employment,358,334,94,240,24,5,19
S01007674,A B D E. Agriculture energy and water,30,26,0,26,4,1,3
S01007674,C. Manufacturing,67,65,8,57,2,1,1
S01007674,F. Construction,39,32,3,29,7,0,7
S01007674,G I. Distribution hotels and restaurants,94,90,46,44,4,1,3
S01007674,H J. Transport and communication,31,28,1,27,3,1,2
S01007674,K L M N. Financial real estate professional and administrative activities,17,16,5,11,1,0,1
S01007674,O P Q. Public administration education and health,68,66,29,37,2,0,2
S01007674,R S T U. Other,12,11,2,9,1,1,0
S01007675,All people aged 16 to 74 in employment,308,263,78,185,45,9,36
S01007675,A B D E. Agriculture energy and water,41,25,2,23,16,4,12
S01007675,C. Manufacturing,41,40,5,35,1,0,1
S01007675,F. Construction,34,21,5,16,13,1,12
S01007675,G I. Distribution hotels and restaurants,70,61,36,25,9,2,7
S01007675,H J. Transport and communication,25,25,1,24,0,0,0
S01007675,K L M N. Financial real estate professional and administrative activities,21,18,4,14,3,0,3
S01007675,O P Q. Public administration education and health,67,65,22,43,2,1,1
S01007675,R S T U. Other,9,8,3,5,1,1,0
S01007676,All people aged 16 to 74 in employment,384,277,89,188,107,22,85
S01007676,A B D E. Agriculture energy and water,76,31,3,28,45,4,41
S01007676,C. Manufacturing,36,30,5,25,6,1,5
S01007676,F. Construction,36,17,3,14,19,6,13
S01007676,G I. Distribution hotels and restaurants,89,75,37,38,14,1,13
S01007676,H J. Transport and communication,28,24,4,20,4,1,3
S01007676,K L M N. Financial real estate professional and administrative activities,32,20,5,15,12,6,6
S01007676,O P Q. Public administration education and health,75,72,24,48,3,1,2
S01007676,R S T U. Other,12,8,8,0,4,2,2
S01007677,All people aged 16 to 74 in employment,251,220,67,153,31,7,24
S01007677,A B D E. Agriculture energy and water,14,10,0,10,4,0,4
S01007677,C. Manufacturing,33,31,3,28,2,0,2
S01007677,F. Construction,15,12,1,11,3,0,3
S01007677,G I. Distribution hotels and restaurants,67,61,28,33,6,4,2
S01007677,H J. Transport and communication,32,26,4,22,6,1,5
S01007677,K L M N. Financial real estate professional and administrative activities,26,22,9,13,4,0,4
S01007677,O P Q. Public administration education and health,53,50,18,32,3,1,2
S01007677,R S T U. Other,11,8,4,4,3,1,2
S01007678,All people aged 16 to 74 in employment,345,312,94,218,33,7,26
S01007678,A B D E. Agriculture energy and water,18,11,1,10,7,2,5
S01007678,C. Manufacturing,44,40,6,34,4,0,4
S01007678,F. Construction,33,27,0,27,6,1,5
S01007678,G I. Distribution hotels and restaurants,104,100,48,52,4,0,4
S01007678,H J. Transport and communication,36,32,6,26,4,2,2
S01007678,K L M N. Financial real estate professional and administrative activities,24,20,4,16,4,0,4
S01007678,O P Q. Public administration education and health,69,67,21,46,2,1,1
S01007678,R S T U. Other,17,15,8,7,2,1,1
S01007679,All people aged 16 to 74 in employment,313,285,92,193,28,4,24
S01007679,A B D E. Agriculture energy and water,11,6,2,4,5,1,4
S01007679,C. Manufacturing,52,50,3,47,2,0,2
S01007679,F. Construction,17,11,0,11,6,0,6
S01007679,G I. Distribution hotels and restaurants,103,99,52,47,4,1,3
S01007679,H J. Transport and communication,37,34,6,28,3,1,2
S01007679,K L M N. Financial real estate professional and administrative activities,20,18,6,12,2,1,1
S01007679,O P Q. Public administration education and health,61,61,20,41,0,0,0
S01007679,R S T U. Other,12,6,3,3,6,0,6
S01007680,All people aged 16 to 74 in employment,501,437,142,295,64,16,48
S01007680,A B D E. Agriculture energy and water,23,19,1,18,4,1,3
S01007680,C. Manufacturing,56,48,5,43,8,4,4
S01007680,F. Construction,40,22,1,21,18,2,16
S01007680,G I. Distribution hotels and restaurants,172,160,81,79,12,0,12
S01007680,H J. Transport and communication,42,38,6,32,4,1,3
S01007680,K L M N. Financial real estate professional and administrative activities,38,34,9,25,4,1,3
S01007680,O P Q. Public administration education and health,118,111,36,75,7,5,2
S01007680,R S T U. Other,12,5,3,2,7,2,5
S01007681,All people aged 16 to 74 in employment,218,185,44,141,33,7,26
S01007681,A B D E. Agriculture energy and water,19,13,0,13,6,0,6
S01007681,C. Manufacturing,19,18,2,16,1,0,1
S01007681,F. Construction,17,14,0,14,3,0,3
S01007681,G I. Distribution hotels and restaurants,77,63,21,42,14,5,9
S01007681,H J. Transport and communication,16,14,1,13,2,0,2
S01007681,K L M N. Financial real estate professional and administrative activities,23,21,6,15,2,0,2
S01007681,O P Q. Public administration education and health,43,41,14,27,2,1,1
S01007681,R S T U. Other,4,1,0,1,3,1,2
S01007682,All people aged 16 to 74 in employment,451,375,95,280,76,24,52
S01007682,A B D E. Agriculture energy and water,13,11,1,10,2,1,1
S01007682,C. Manufacturing,17,15,1,14,2,0,2
S01007682,F. Construction,19,13,2,11,6,1,5
S01007682,G I. Distribution hotels and restaurants,79,63,34,29,16,5,11
S01007682,H J. Transport and communication,30,22,2,20,8,4,4
S01007682,K L M N. Financial real estate professional and administrative activities,64,46,10,36,18,4,14
S01007682,O P Q. Public administration education and health,209,193,40,153,16,7,9
S01007682,R S T U. Other,20,12,5,7,8,2,6
S01007683,All people aged 16 to 74 in employment,329,290,75,215,39,12,27
S01007683,A B D E. Agriculture energy and water,3,3,0,3,0,0,0
S01007683,C. Manufacturing,12,8,0,8,4,1,3
S01007683,F. Construction,17,12,1,11,5,2,3
S01007683,G I. Distribution hotels and restaurants,43,33,25,8,10,3,7
S01007683,H J. Transport and communication,14,13,1,12,1,0,1
S01007683,K L M N. Financial real estate professional and administrative activities,34,30,10,20,4,1,3
S01007683,O P Q. Public administration education and health,187,176,29,147,11,5,6
S01007683,R S T U. Other,19,15,9,6,4,0,4
S01007684,All people aged 16 to 74 in employment,352,309,104,205,43,15,28
S01007684,A B D E. Agriculture energy and water,11,11,2,9,0,0,0
S01007684,C. Manufacturing,16,15,1,14,1,1,0
S01007684,F. Construction,13,11,3,8,2,0,2
S01007684,G I. Distribution hotels and restaurants,63,49,28,21,14,5,9
S01007684,H J. Transport and communication,23,22,5,17,1,0,1
S01007684,K L M N. Financial real estate professional and administrative activities,31,23,6,17,8,3,5
S01007684,O P Q. Public administration education and health,179,163,51,112,16,6,10
S01007684,R S T U. Other,16,15,8,7,1,0,1
S01007685,All people aged 16 to 74 in employment,370,303,100,203,67,16,51
S01007685,A B D E. Agriculture energy and water,1,1,0,1,0,0,0
S01007685,C. Manufacturing,19,16,0,16,3,0,3
S01007685,F. Construction,12,9,0,9,3,0,3
S01007685,G I. Distribution hotels and restaurants,66,55,40,15,11,1,10
S01007685,H J. Transport and communication,11,7,2,5,4,0,4
S01007685,K L M N. Financial real estate professional and administrative activities,56,41,9,32,15,4,11
S01007685,O P Q. Public administration education and health,175,151,35,116,24,9,15
S01007685,R S T U. Other,30,23,14,9,7,2,5
S01007686,All people aged 16 to 74 in employment,331,294,80,214,37,6,31
S01007686,A B D E. Agriculture energy and water,5,4,0,4,1,0,1
S01007686,C. Manufacturing,8,6,0,6,2,0,2
S01007686,F. Construction,22,17,2,15,5,0,5
S01007686,G I. Distribution hotels and restaurants,51,40,26,14,11,2,9
S01007686,H J. Transport and communication,23,20,3,17,3,1,2
S01007686,K L M N. Financial real estate professional and administrative activities,42,31,7,24,11,1,10
S01007686,O P Q. Public administration education and health,161,160,36,124,1,0,1
S01007686,R S T U. Other,19,16,6,10,3,2,1
S01007687,All people aged 16 to 74 in employment,426,381,120,261,45,15,30
S01007687,A B D E. Agriculture energy and water,4,4,0,4,0,0,0
S01007687,C. Manufacturing,19,19,1,18,0,0,0
S01007687,F. Construction,14,8,0,8,6,3,3
S01007687,G I. Distribution hotels and restaurants,87,81,53,28,6,0,6
S01007687,H J. Transport and communication,34,27,3,24,7,2,5
S01007687,K L M N. Financial real estate professional and administrative activities,65,51,13,38,14,4,10
S01007687,O P Q. Public administration education and health,170,165,40,125,5,2,3
S01007687,R S T U. Other,33,26,10,16,7,4,3
S01007688,All people aged 16 to 74 in employment,498,454,154,300,44,16,28
S01007688,A B D E. Agriculture energy and water,10,10,1,9,0,0,0
S01007688,C. Manufacturing,25,24,3,21,1,1,0
S01007688,F. Construction,13,11,0,11,2,0,2
S01007688,G I. Distribution hotels and restaurants,125,117,80,37,8,3,5
S01007688,H J. Transport and communication,48,40,1,39,8,1,7
S01007688,K L M N. Financial real estate professional and administrative activities,64,56,15,41,8,4,4
S01007688,O P Q. Public administration education and health,185,176,41,135,9,2,7
S01007688,R S T U. Other,28,20,13,7,8,5,3
S01007689,All people aged 16 to 74 in employment,292,258,86,172,34,11,23
S01007689,A B D E. Agriculture energy and water,4,4,0,4,0,0,0
S01007689,C. Manufacturing,14,12,1,11,2,1,1
S01007689,F. Construction,6,3,0,3,3,0,3
S01007689,G I. Distribution hotels and restaurants,68,64,49,15,4,0,4
S01007689,H J. Transport and communication,19,15,4,11,4,1,3
S01007689,K L M N. Financial real estate professional and administrative activities,44,38,4,34,6,1,5
S01007689,O P Q. Public administration education and health,113,104,21,83,9,6,3
S01007689,R S T U. Other,24,18,7,11,6,2,4
S01007690,All people aged 16 to 74 in employment,362,331,156,175,31,12,19
S01007690,A B D E. Agriculture energy and water,1,1,0,1,0,0,0
S01007690,C. Manufacturing,7,7,1,6,0,0,0
S01007690,F. Construction,13,7,0,7,6,1,5
S01007690,G I. Distribution hotels and restaurants,129,125,94,31,4,2,2
S01007690,H J. Transport and communication,27,20,4,16,7,3,4
S01007690,K L M N. Financial real estate professional and administrative activities,31,26,9,17,5,3,2
S01007690,O P Q. Public administration education and health,124,119,34,85,5,2,3
S01007690,R S T U. Other,30,26,14,12,4,1,3
S01007691,All people aged 16 to 74 in employment,740,699,445,254,41,18,23
S01007691,A B D E. Agriculture energy and water,4,4,0,4,0,0,0
S01007691,C. Manufacturing,15,11,2,9,4,2,2
S01007691,F. Construction,16,11,2,9,5,2,3
S01007691,G I. Distribution hotels and restaurants,347,336,281,55,11,6,5
S01007691,H J. Transport and communication,38,33,8,25,5,1,4
S01007691,K L M N. Financial real estate professional and administrative activities,66,61,32,29,5,2,3
S01007691,O P Q. Public administration education and health,193,184,71,113,9,4,5
S01007691,R S T U. Other,61,59,49,10,2,1,1
S01007692,All people aged 16 to 74 in employment,377,346,164,182,31,12,19
S01007692,A B D E. Agriculture energy and water,3,3,0,3,0,0,0
S01007692,C. Manufacturing,15,13,6,7,2,0,2
S01007692,F. Construction,16,12,0,12,4,0,4
S01007692,G I. Distribution hotels and restaurants,122,119,87,32,3,0,3
S01007692,H J. Transport and communication,24,18,3,15,6,5,1
S01007692,K L M N. Financial real estate professional and administrative activities,37,32,8,24,5,2,3
S01007692,O P Q. Public administration education and health,126,121,39,82,5,5,0
S01007692,R S T U. Other,34,28,21,7,6,0,6
S01007693,All people aged 16 to 74 in employment,293,274,168,106,19,10,9
S01007693,A B D E. Agriculture energy and water,1,1,1,0,0,0,0
S01007693,C. Manufacturing,15,15,0,15,0,0,0
S01007693,F. Construction,7,5,0,5,2,1,1
S01007693,G I. Distribution hotels and restaurants,125,119,104,15,6,3,3
S01007693,H J. Transport and communication,19,17,11,6,2,2,0
S01007693,K L M N. Financial real estate professional and administrative activities,26,23,11,12,3,1,2
S01007693,O P Q. Public administration education and health,83,79,28,51,4,3,1
S01007693,R S T U. Other,17,15,13,2,2,0,2
S01007694,All people aged 16 to 74 in employment,433,405,202,203,28,14,14
S01007694,A B D E. Agriculture energy and water,6,6,1,5,0,0,0
S01007694,C. Manufacturing,23,21,3,18,2,0,2
S01007694,F. Construction,17,13,2,11,4,0,4
S01007694,G I. Distribution hotels and restaurants,160,152,114,38,8,3,5
S01007694,H J. Transport and communication,31,28,9,19,3,2,1
S01007694,K L M N. Financial real estate professional and administrative activities,40,39,13,26,1,1,0
S01007694,O P Q. Public administration education and health,126,118,44,74,8,7,1
S01007694,R S T U. Other,30,28,16,12,2,1,1
S01007695,All people aged 16 to 74 in employment,404,370,101,269,34,9,25
S01007695,A B D E. Agriculture energy and water,8,8,1,7,0,0,0
S01007695,C. Manufacturing,24,23,2,21,1,1,0
S01007695,F. Construction,23,17,0,17,6,0,6
S01007695,G I. Distribution hotels and restaurants,95,90,48,42,5,1,4
S01007695,H J. Transport and communication,24,18,2,16,6,2,4
S01007695,K L M N. Financial real estate professional and administrative activities,37,31,4,27,6,3,3
S01007695,O P Q. Public administration education and health,175,169,38,131,6,2,4
S01007695,R S T U. Other,18,14,6,8,4,0,4
S01007696,All people aged 16 to 74 in employment,271,253,119,134,18,4,14
S01007696,A B D E. Agriculture energy and water,4,4,2,2,0,0,0
S01007696,C. Manufacturing,19,16,2,14,3,0,3
S01007696,F. Construction,13,11,1,10,2,0,2
S01007696,G I. Distribution hotels and restaurants,87,86,57,29,1,0,1
S01007696,H J. Transport and communication,13,11,3,8,2,0,2
S01007696,K L M N. Financial real estate professional and administrative activities,35,31,12,19,4,3,1
S01007696,O P Q. Public administration education and health,81,79,32,47,2,0,2
S01007696,R S T U. Other,19,15,10,5,4,1,3
S01007697,All people aged 16 to 74 in employment,421,387,109,278,34,14,20
S01007697,A B D E. Agriculture energy and water,5,5,0,5,0,0,0
S01007697,C. Manufacturing,25,25,2,23,0,0,0
S01007697,F. Construction,20,17,2,15,3,1,2
S01007697,G I. Distribution hotels and restaurants,104,96,53,43,8,3,5
S01007697,H J. Transport and communication,28,20,5,15,8,2,6
S01007697,K L M N. Financial real estate professional and administrative activities,54,48,9,39,6,5,1
S01007697,O P Q. Public administration education and health,166,160,32,128,6,2,4
S01007697,R S T U. Other,19,16,6,10,3,1,2
S01007698,All people aged 16 to 74 in employment,529,489,194,295,40,8,32
S01007698,A B D E. Agriculture energy and water,8,8,1,7,0,0,0
S01007698,C. Manufacturing,33,29,3,26,4,1,3
S01007698,F. Construction,20,11,0,11,9,1,8
S01007698,G I. Distribution hotels and restaurants,162,155,102,53,7,1,6
S01007698,H J. Transport and communication,30,25,5,20,5,1,4
S01007698,K L M N. Financial real estate professional and administrative activities,54,52,16,36,2,1,1
S01007698,O P Q. Public administration education and health,169,166,40,126,3,1,2
S01007698,R S T U. Other,53,43,27,16,10,2,8
S01007699,All people aged 16 to 74 in employment,372,349,127,222,23,11,12
S01007699,A B D E. Agriculture energy and water,1,1,0,1,0,0,0
S01007699,C. Manufacturing,24,21,2,19,3,2,1
S01007699,F. Construction,17,13,0,13,4,2,2
S01007699,G I. Distribution hotels and restaurants,128,123,74,49,5,2,3
S01007699,H J. Transport and communication,21,18,7,11,3,1,2
S01007699,K L M N. Financial real estate professional and administrative activities,52,50,14,36,2,1,1
S01007699,O P Q. Public administration education and health,119,113,25,88,6,3,3
S01007699,R S T U. Other,10,10,5,5,0,0,0
S01007700,All people aged 16 to 74 in employment,513,452,108,344,61,17,44
S01007700,A B D E. Agriculture energy and water,7,6,0,6,1,0,1
S01007700,C. Manufacturing,31,31,2,29,0,0,0
S01007700,F. Construction,23,19,2,17,4,0,4
S01007700,G I. Distribution hotels and restaurants,75,68,24,44,7,0,7
S01007700,H J. Transport and communication,35,28,3,25,7,2,5
S01007700,K L M N. Financial real estate professional and administrative activities,65,50,14,36,15,4,11
S01007700,O P Q. Public administration education and health,240,220,54,166,20,8,12
S01007700,R S T U. Other,37,30,9,21,7,3,4
S01007701,All people aged 16 to 74 in employment,194,187,82,105,7,3,4
S01007701,A B D E. Agriculture energy and water,0,0,0,0,0,0,0
S01007701,C. Manufacturing,14,13,0,13,1,0,1
S01007701,F. Construction,4,4,0,4,0,0,0
S01007701,G I. Distribution hotels and restaurants,67,64,37,27,3,2,1
S01007701,H J. Transport and communication,9,8,4,4,1,1,0
S01007701,K L M N. Financial real estate professional and administrative activities,24,24,11,13,0,0,0
S01007701,O P Q. Public administration education and health,65,64,25,39,1,0,1
S01007701,R S T U. Other,11,10,5,5,1,0,1
S01007702,All people aged 16 to 74 in employment,360,328,167,161,32,9,23
S01007702,A B D E. Agriculture energy and water,4,3,1,2,1,0,1
S01007702,C. Manufacturing,22,22,3,19,0,0,0
S01007702,F. Construction,9,7,2,5,2,0,2
S01007702,G I. Distribution hotels and restaurants,143,139,119,20,4,3,1
S01007702,H J. Transport and communication,18,14,5,9,4,1,3
S01007702,K L M N. Financial real estate professional and administrative activities,35,28,6,22,7,3,4
S01007702,O P Q. Public administration education and health,99,93,18,75,6,0,6
S01007702,R S T U. Other,30,22,13,9,8,2,6
S01007703,All people aged 16 to 74 in employment,368,330,86,244,38,15,23
S01007703,A B D E. Agriculture energy and water,6,6,0,6,0,0,0
S01007703,C. Manufacturing,24,24,2,22,0,0,0
S01007703,F. Construction,17,14,1,13,3,0,3
S01007703,G I. Distribution hotels and restaurants,78,71,30,41,7,2,5
S01007703,H J. Transport and communication,35,31,5,26,4,2,2
S01007703,K L M N. Financial real estate professional and administrative activities,42,34,4,30,8,6,2
S01007703,O P Q. Public administration education and health,150,136,34,102,14,5,9
S01007703,R S T U. Other,16,14,10,4,2,0,2
S01007704,All people aged 16 to 74 in employment,307,284,125,159,23,8,15
S01007704,A B D E. Agriculture energy and water,6,6,1,5,0,0,0
S01007704,C. Manufacturing,23,23,1,22,0,0,0
S01007704,F. Construction,10,9,1,8,1,1,0
S01007704,G I. Distribution hotels and restaurants,104,101,67,34,3,1,2
S01007704,H J. Transport and communication,25,20,4,16,5,1,4
S01007704,K L M N. Financial real estate professional and administrative activities,40,34,14,20,6,1,5
S01007704,O P Q. Public administration education and health,81,77,27,50,4,3,1
S01007704,R S T U. Other,18,14,10,4,4,1,3
S01007705,All people aged 16 to 74 in employment,292,277,143,134,15,9,6
S01007705,A B D E. Agriculture energy and water,0,0,0,0,0,0,0
S01007705,C. Manufacturing,10,9,1,8,1,1,0
S01007705,F. Construction,11,6,2,4,5,0,5
S01007705,G I. Distribution hotels and restaurants,135,133,92,41,2,1,1
S01007705,H J. Transport and communication,25,24,6,18,1,1,0
S01007705,K L M N. Financial real estate professional and administrative activities,32,30,10,20,2,2,0
S01007705,O P Q. Public administration education and health,57,55,18,37,2,2,0
S01007705,R S T U. Other,22,20,14,6,2,2,0
S01007706,All people aged 16 to 74 in employment,328,315,197,118,13,4,9
S01007706,A B D E. Agriculture energy and water,2,2,0,2,0,0,0
S01007706,C. Manufacturing,8,8,2,6,0,0,0
S01007706,F. Construction,7,7,2,5,0,0,0
S01007706,G I. Distribution hotels and restaurants,165,161,127,34,4,1,3
S01007706,H J. Transport and communication,29,23,8,15,6,2,4
S01007706,K L M N. Financial real estate professional and administrative activities,20,20,10,10,0,0,0
S01007706,O P Q. Public administration education and health,69,69,30,39,0,0,0
S01007706,R S T U. Other,28,25,18,7,3,1,2
S01007707,All people aged 16 to 74 in employment,470,432,84,348,38,9,29
S01007707,A B D E. Agriculture energy and water,5,5,0,5,0,0,0
S01007707,C. Manufacturing,21,20,0,20,1,0,1
S01007707,F. Construction,20,18,0,18,2,1,1
S01007707,G I. Distribution hotels and restaurants,102,97,44,53,5,0,5
S01007707,H J. Transport and communication,33,27,2,25,6,0,6
S01007707,K L M N. Financial real estate professional and administrative activities,51,45,7,38,6,2,4
S01007707,O P Q. Public administration education and health,205,194,18,176,11,3,8
S01007707,R S T U. Other,33,26,13,13,7,3,4
S01007708,All people aged 16 to 74 in employment,320,293,88,205,27,8,19
S01007708,A B D E. Agriculture energy and water,6,6,2,4,0,0,0
S01007708,C. Manufacturing,20,17,1,16,3,1,2
S01007708,F. Construction,14,12,0,12,2,0,2
S01007708,G I. Distribution hotels and restaurants,95,89,42,47,6,2,4
S01007708,H J. Transport and communication,29,23,0,23,6,1,5
S01007708,K L M N. Financial real estate professional and administrative activities,34,31,8,23,3,2,1
S01007708,O P Q. Public administration education and health,107,103,29,74,4,1,3
S01007708,R S T U. Other,15,12,6,6,3,1,2
S01007709,All people aged 16 to 74 in employment,238,225,61,164,13,3,10
S01007709,A B D E. Agriculture energy and water,4,4,0,4,0,0,0
S01007709,C. Manufacturing,23,23,1,22,0,0,0
S01007709,F. Construction,9,7,0,7,2,0,2
S01007709,G I. Distribution hotels and restaurants,62,59,38,21,3,0,3
S01007709,H J. Transport and communication,21,19,3,16,2,0,2
S01007709,K L M N. Financial real estate professional and administrative activities,30,27,6,21,3,1,2
S01007709,O P Q. Public administration education and health,79,78,13,65,1,1,0
S01007709,R S T U. Other,10,8,0,8,2,1,1
S01007710,All people aged 16 to 74 in employment,385,361,138,223,24,10,14
S01007710,A B D E. Agriculture energy and water,4,4,0,4,0,0,0
S01007710,C. Manufacturing,16,15,1,14,1,0,1
S01007710,F. Construction,11,9,0,9,2,0,2
S01007710,G I. Distribution hotels and restaurants,143,134,75,59,9,5,4
S01007710,H J. Transport and communication,38,35,6,29,3,0,3
S01007710,K L M N. Financial real estate professional and administrative activities,25,23,7,16,2,0,2
S01007710,O P Q. Public administration education and health,127,122,35,87,5,4,1
S01007710,R S T U. Other,21,19,14,5,2,1,1
S01007711,All people aged 16 to 74 in employment,451,431,210,221,20,7,13
S01007711,A B D E. Agriculture energy and water,3,3,0,3,0,0,0
S01007711,C. Manufacturing,33,30,2,28,3,0,3
S01007711,F. Construction,8,7,1,6,1,0,1
S01007711,G I. Distribution hotels and restaurants,171,167,116,51,4,0,4
S01007711,H J. Transport and communication,33,31,4,27,2,0,2
S01007711,K L M N. Financial real estate professional and administrative activities,51,47,17,30,4,4,0
S01007711,O P Q. Public administration education and health,125,123,57,66,2,1,1
S01007711,R S T U. Other,27,23,13,10,4,2,2
S01007712,All people aged 16 to 74 in employment,319,296,97,199,23,8,15
S01007712,A B D E. Agriculture energy and water,3,3,0,3,0,0,0
S01007712,C. Manufacturing,19,16,2,14,3,1,2
S01007712,F. Construction,17,13,2,11,4,2,2
S01007712,G I. Distribution hotels and restaurants,84,80,48,32,4,2,2
S01007712,H J. Transport and communication,32,29,2,27,3,2,1
S01007712,K L M N. Financial real estate professional and administrative activities,21,19,5,14,2,0,2
S01007712,O P Q. Public administration education and health,119,117,33,84,2,1,1
S01007712,R S T U. Other,24,19,5,14,5,0,5
S01007713,All people aged 16 to 74 in employment,213,184,68,116,29,7,22
S01007713,A B D E. Agriculture energy and water,2,2,0,2,0,0,0
S01007713,C. Manufacturing,13,11,2,9,2,1,1
S01007713,F. Construction,15,12,1,11,3,0,3
S01007713,G I. Distribution hotels and restaurants,69,59,34,25,10,0,10
S01007713,H J. Transport and communication,12,7,3,4,5,1,4
S01007713,K L M N. Financial real estate professional and administrative activities,31,24,6,18,7,3,4
S01007713,O P Q. Public administration education and health,60,60,19,41,0,0,0
S01007713,R S T U. Other,11,9,3,6,2,2,0
S01007714,All people aged 16 to 74 in employment,342,327,96,231,15,6,9
S01007714,A B D E. Agriculture energy and water,10,10,1,9,0,0,0
S01007714,C. Manufacturing,36,34,2,32,2,0,2
S01007714,F. Construction,35,30,1,29,5,0,5
S01007714,G I. Distribution hotels and restaurants,88,84,44,40,4,3,1
S01007714,H J. Transport and communication,22,21,3,18,1,1,0
S01007714,K L M N. Financial real estate professional and administrative activities,33,30,6,24,3,2,1
S01007714,O P Q. Public administration education and health,94,94,32,62,0,0,0
S01007714,R S T U. Other,24,24,7,17,0,0,0
S01007715,All people aged 16 to 74 in employment,206,196,77,119,10,2,8
S01007715,A B D E. Agriculture energy and water,2,2,0,2,0,0,0
S01007715,C. Manufacturing,22,20,5,15,2,0,2
S01007715,F. Construction,8,6,0,6,2,0,2
S01007715,G I. Distribution hotels and restaurants,66,64,32,32,2,1,1
S01007715,H J. Transport and communication,9,8,1,7,1,1,0
S01007715,K L M N. Financial real estate professional and administrative activities,19,18,10,8,1,0,1
S01007715,O P Q. Public administration education and health,68,67,26,41,1,0,1
S01007715,R S T U. Other,12,11,3,8,1,0,1
S01007716,All people aged 16 to 74 in employment,385,347,122,225,38,8,30
S01007716,A B D E. Agriculture energy and water,3,3,1,2,0,0,0
S01007716,C. Manufacturing,40,37,4,33,3,1,2
S01007716,F. Construction,24,17,1,16,7,0,7
S01007716,G I. Distribution hotels and restaurants,108,98,53,45,10,2,8
S01007716,H J. Transport and communication,32,27,10,17,5,3,2
S01007716,K L M N. Financial real estate professional and administrative activities,39,34,14,20,5,1,4
S01007716,O P Q. Public administration education and health,124,123,35,88,1,1,0
S01007716,R S T U. Other,15,8,4,4,7,0,7
S01007717,All people aged 16 to 74 in employment,383,345,119,226,38,7,31
S01007717,A B D E. Agriculture energy and water,2,2,0,2,0,0,0
S01007717,C. Manufacturing,37,36,1,35,1,0,1
S01007717,F. Construction,33,17,0,17,16,1,15
S01007717,G I. Distribution hotels and restaurants,111,103,50,53,8,3,5
S01007717,H J. Transport and communication,21,17,2,15,4,1,3
S01007717,K L M N. Financial real estate professional and administrative activities,47,42,18,24,5,1,4
S01007717,O P Q. Public administration education and health,109,107,36,71,2,0,2
S01007717,R S T U. Other,23,21,12,9,2,1,1
S01007718,All people aged 16 to 74 in employment,284,262,78,184,22,3,19
S01007718,A B D E. Agriculture energy and water,5,5,1,4,0,0,0
S01007718,C. Manufacturing,35,34,2,32,1,0,1
S01007718,F. Construction,30,19,0,19,11,0,11
S01007718,G I. Distribution hotels and restaurants,65,63,28,35,2,1,1
S01007718,H J. Transport and communication,19,12,4,8,7,1,6
S01007718,K L M N. Financial real estate professional and administrative activities,39,39,11,28,0,0,0
S01007718,O P Q. Public administration education and health,75,75,23,52,0,0,0
S01007718,R S T U. Other,16,15,9,6,1,1,0
S01007719,All people aged 16 to 74 in employment,427,399,102,297,28,4,24
S01007719,A B D E. Agriculture energy and water,7,7,0,7,0,0,0
S01007719,C. Manufacturing,33,32,0,32,1,0,1
S01007719,F. Construction,31,25,1,24,6,0,6
S01007719,G I. Distribution hotels and restaurants,98,94,45,49,4,1,3
S01007719,H J. Transport and communication,34,28,3,25,6,0,6
S01007719,K L M N. Financial real estate professional and administrative activities,29,28,5,23,1,1,0
S01007719,O P Q. Public administration education and health,169,163,39,124,6,0,6
S01007719,R S T U. Other,26,22,9,13,4,2,2
S01007720,All people aged 16 to 74 in employment,263,239,67,172,24,6,18
S01007720,A B D E. Agriculture energy and water,3,3,2,1,0,0,0
S01007720,C. Manufacturing,18,17,4,13,1,0,1
S01007720,F. Construction,28,19,1,18,9,0,9
S01007720,G I. Distribution hotels and restaurants,47,45,12,33,2,0,2
S01007720,H J. Transport and communication,19,16,7,9,3,1,2
S01007720,K L M N. Financial real estate professional and administrative activities,29,27,5,22,2,0,2
S01007720,O P Q. Public administration education and health,106,101,32,69,5,4,1
S01007720,R S T U. Other,13,11,4,7,2,1,1
S01007721,All people aged 16 to 74 in employment,346,314,87,227,32,10,22
S01007721,A B D E. Agriculture energy and water,11,10,0,10,1,0,1
S01007721,C. Manufacturing,30,29,1,28,1,0,1
S01007721,F. Construction,22,13,1,12,9,0,9
S01007721,G I. Distribution hotels and restaurants,73,69,31,38,4,0,4
S01007721,H J. Transport and communication,26,20,1,19,6,3,3
S01007721,K L M N. Financial real estate professional and administrative activities,52,48,10,38,4,3,1
S01007721,O P Q. Public administration education and health,119,115,42,73,4,2,2
S01007721,R S T U. Other,13,10,1,9,3,2,1
S01007722,All people aged 16 to 74 in employment,332,307,89,218,25,5,20
S01007722,A B D E. Agriculture energy and water,7,5,1,4,2,0,2
S01007722,C. Manufacturing,37,36,1,35,1,0,1
S01007722,F. Construction,17,10,1,9,7,1,6
S01007722,G I. Distribution hotels and restaurants,76,72,34,38,4,0,4
S01007722,H J. Transport and communication,21,17,4,13,4,2,2
S01007722,K L M N. Financial real estate professional and administrative activities,40,39,15,24,1,0,1
S01007722,O P Q. Public administration education and health,116,113,28,85,3,1,2
S01007722,R S T U. Other,18,15,5,10,3,1,2
S01007723,All people aged 16 to 74 in employment,344,328,97,231,16,2,14
S01007723,A B D E. Agriculture energy and water,5,5,0,5,0,0,0
S01007723,C. Manufacturing,33,33,1,32,0,0,0
S01007723,F. Construction,23,18,0,18,5,0,5
S01007723,G I. Distribution hotels and restaurants,85,82,41,41,3,0,3
S01007723,H J. Transport and communication,27,25,4,21,2,0,2
S01007723,K L M N. Financial real estate professional and administrative activities,39,36,8,28,3,1,2
S01007723,O P Q. Public administration education and health,110,110,37,73,0,0,0
S01007723,R S T U. Other,22,19,6,13,3,1,2
S01007724,All people aged 16 to 74 in employment,291,276,108,168,15,3,12
S01007724,A B D E. Agriculture energy and water,15,15,2,13,0,0,0
S01007724,C. Manufacturing,28,28,4,24,0,0,0
S01007724,F. Construction,12,10,1,9,2,0,2
S01007724,G I. Distribution hotels and restaurants,94,91,49,42,3,1,2
S01007724,H J. Transport and communication,32,23,4,19,9,1,8
S01007724,K L M N. Financial real estate professional and administrative activities,29,29,12,17,0,0,0
S01007724,O P Q. Public administration education and health,66,65,24,41,1,1,0
S01007724,R S T U. Other,15,15,12,3,0,0,0
S01007725,All people aged 16 to 74 in employment,345,324,88,236,21,4,17
S01007725,A B D E. Agriculture energy and water,5,5,0,5,0,0,0
S01007725,C. Manufacturing,37,37,2,35,0,0,0
S01007725,F. Construction,26,19,1,18,7,0,7
S01007725,G I. Distribution hotels and restaurants,97,92,39,53,5,0,5
S01007725,H J. Transport and communication,26,23,3,20,3,2,1
S01007725,K L M N. Financial real estate professional and administrative activities,50,46,11,35,4,2,2
S01007725,O P Q. Public administration education and health,94,94,27,67,0,0,0
S01007725,R S T U. Other,10,8,5,3,2,0,2
S01007726,All people aged 16 to 74 in employment,352,330,126,204,22,2,20
S01007726,A B D E. Agriculture energy and water,5,5,0,5,0,0,0
S01007726,C. Manufacturing,22,22,2,20,0,0,0
S01007726,F. Construction,21,13,1,12,8,0,8
S01007726,G I. Distribution hotels and restaurants,125,121,58,63,4,0,4
S01007726,H J. Transport and communication,15,14,2,12,1,0,1
S01007726,K L M N. Financial real estate professional and administrative activities,46,43,18,25,3,1,2
S01007726,O P Q. Public administration education and health,98,94,36,58,4,1,3
S01007726,R S T U. Other,20,18,9,9,2,0,2
S01007727,All people aged 16 to 74 in employment,412,371,136,235,41,9,32
S01007727,A B D E. Agriculture energy and water,9,9,4,5,0,0,0
S01007727,C. Manufacturing,29,28,3,25,1,0,1
S01007727,F. Construction,15,7,0,7,8,1,7
S01007727,G I. Distribution hotels and restaurants,118,112,69,43,6,0,6
S01007727,H J. Transport and communication,49,36,6,30,13,3,10
S01007727,K L M N. Financial real estate professional and administrative activities,51,48,14,34,3,2,1
S01007727,O P Q. Public administration education and health,121,114,35,79,7,2,5
S01007727,R S T U. Other,20,17,5,12,3,1,2
S01007728,All people aged 16 to 74 in employment,349,322,100,222,27,15,12
S01007728,A B D E. Agriculture energy and water,10,10,1,9,0,0,0
S01007728,C. Manufacturing,35,34,2,32,1,0,1
S01007728,F. Construction,14,9,0,9,5,1,4
S01007728,G I. Distribution hotels and restaurants,90,88,36,52,2,0,2
S01007728,H J. Transport and communication,38,32,6,26,6,4,2
S01007728,K L M N. Financial real estate professional and administrative activities,27,24,10,14,3,3,0
S01007728,O P Q. Public administration education and health,106,103,35,68,3,2,1
S01007728,R S T U. Other,29,22,10,12,7,5,2
S01007729,All people aged 16 to 74 in employment,391,362,109,253,29,5,24
S01007729,A B D E. Agriculture energy and water,11,10,0,10,1,1,0
S01007729,C. Manufacturing,25,25,0,25,0,0,0
S01007729,F. Construction,25,16,0,16,9,0,9
S01007729,G I. Distribution hotels and restaurants,120,117,63,54,3,0,3
S01007729,H J. Transport and communication,32,27,5,22,5,1,4
S01007729,K L M N. Financial real estate professional and administrative activities,48,43,11,32,5,1,4
S01007729,O P Q. Public administration education and health,110,106,25,81,4,2,2
S01007729,R S T U. Other,20,18,5,13,2,0,2
S01007730,All people aged 16 to 74 in employment,443,410,101,309,33,10,23
S01007730,A B D E. Agriculture energy and water,8,7,0,7,1,0,1
S01007730,C. Manufacturing,42,42,8,34,0,0,0
S01007730,F. Construction,21,15,1,14,6,1,5
S01007730,G I. Distribution hotels and restaurants,109,104,42,62,5,1,4
S01007730,H J. Transport and communication,27,23,4,19,4,1,3
S01007730,K L M N. Financial real estate professional and administrative activities,46,43,3,40,3,1,2
S01007730,O P Q. Public administration education and health,160,153,36,117,7,5,2
S01007730,R S T U. Other,30,23,7,16,7,1,6
S01007731,All people aged 16 to 74 in employment,431,405,119,286,26,8,18
S01007731,A B D E. Agriculture energy and water,5,5,1,4,0,0,0
S01007731,C. Manufacturing,35,35,1,34,0,0,0
S01007731,F. Construction,24,20,2,18,4,1,3
S01007731,G I. Distribution hotels and restaurants,126,121,68,53,5,1,4
S01007731,H J. Transport and communication,33,31,2,29,2,0,2
S01007731,K L M N. Financial real estate professional and administrative activities,37,33,6,27,4,1,3
S01007731,O P Q. Public administration education and health,143,136,27,109,7,2,5
S01007731,R S T U. Other,28,24,12,12,4,3,1
S01007732,All people aged 16 to 74 in employment,340,319,88,231,21,6,15
S01007732,A B D E. Agriculture energy and water,4,3,0,3,1,1,0
S01007732,C. Manufacturing,28,27,3,24,1,0,1
S01007732,F. Construction,23,19,0,19,4,1,3
S01007732,G I. Distribution hotels and restaurants,97,89,49,40,8,2,6
S01007732,H J. Transport and communication,25,22,3,19,3,1,2
S01007732,K L M N. Financial real estate professional and administrative activities,36,36,7,29,0,0,0
S01007732,O P Q. Public administration education and health,110,106,15,91,4,1,3
S01007732,R S T U. Other,17,17,11,6,0,0,0
S01007733,All people aged 16 to 74 in employment,447,389,104,285,58,10,48
S01007733,A B D E. Agriculture energy and water,12,12,0,12,0,0,0
S01007733,C. Manufacturing,36,35,5,30,1,0,1
S01007733,F. Construction,17,11,0,11,6,0,6
S01007733,G I. Distribution hotels and restaurants,87,69,36,33,18,2,16
S01007733,H J. Transport and communication,32,25,6,19,7,1,6
S01007733,K L M N. Financial real estate professional and administrative activities,55,47,9,38,8,1,7
S01007733,O P Q. Public administration education and health,179,169,40,129,10,2,8
S01007733,R S T U. Other,29,21,8,13,8,4,4
S01007734,All people aged 16 to 74 in employment,407,337,87,250,70,16,54
S01007734,A B D E. Agriculture energy and water,6,6,0,6,0,0,0
S01007734,C. Manufacturing,24,20,0,20,4,0,4
S01007734,F. Construction,28,23,1,22,5,1,4
S01007734,G I. Distribution hotels and restaurants,80,53,28,25,27,4,23
S01007734,H J. Transport and communication,30,21,4,17,9,1,8
S01007734,K L M N. Financial real estate professional and administrative activities,50,36,8,28,14,5,9
S01007734,O P Q. Public administration education and health,169,165,44,121,4,1,3
S01007734,R S T U. Other,20,13,2,11,7,4,3
S01007735,All people aged 16 to 74 in employment,423,375,123,252,48,16,32
S01007735,A B D E. Agriculture energy and water,13,9,0,9,4,1,3
S01007735,C. Manufacturing,28,25,2,23,3,1,2
S01007735,F. Construction,32,24,2,22,8,2,6
S01007735,G I. Distribution hotels and restaurants,92,83,44,39,9,4,5
S01007735,H J. Transport and communication,36,31,8,23,5,0,5
S01007735,K L M N. Financial real estate professional and administrative activities,52,42,14,28,10,2,8
S01007735,O P Q. Public administration education and health,153,148,46,102,5,3,2
S01007735,R S T U. Other,17,13,7,6,4,3,1
S01007736,All people aged 16 to 74 in employment,396,337,113,224,59,11,48
S01007736,A B D E. Agriculture energy and water,5,5,0,5,0,0,0
S01007736,C. Manufacturing,28,24,2,22,4,0,4
S01007736,F. Construction,20,17,1,16,3,0,3
S01007736,G I. Distribution hotels and restaurants,109,86,57,29,23,4,19
S01007736,H J. Transport and communication,32,21,5,16,11,2,9
S01007736,K L M N. Financial real estate professional and administrative activities,46,37,12,25,9,3,6
S01007736,O P Q. Public administration education and health,140,135,33,102,5,1,4
S01007736,R S T U. Other,16,12,3,9,4,1,3
S01007737,All people aged 16 to 74 in employment,477,422,132,290,55,16,39
S01007737,A B D E. Agriculture energy and water,6,6,0,6,0,0,0
S01007737,C. Manufacturing,35,30,1,29,5,1,4
S01007737,F. Construction,27,19,3,16,8,0,8
S01007737,G I. Distribution hotels and restaurants,117,102,57,45,15,2,13
S01007737,H J. Transport and communication,38,31,6,25,7,1,6
S01007737,K L M N. Financial real estate professional and administrative activities,68,59,14,45,9,6,3
S01007737,O P Q. Public administration education and health,168,162,43,119,6,4,2
S01007737,R S T U. Other,18,13,8,5,5,2,3
S01007738,All people aged 16 to 74 in employment,305,283,82,201,22,3,19
S01007738,A B D E. Agriculture energy and water,11,10,1,9,1,0,1
S01007738,C. Manufacturing,17,17,3,14,0,0,0
S01007738,F. Construction,25,17,0,17,8,1,7
S01007738,G I. Distribution hotels and restaurants,56,48,25,23,8,1,7
S01007738,H J. Transport and communication,23,19,3,16,4,0,4
S01007738,K L M N. Financial real estate professional and administrative activities,27,27,7,20,0,0,0
S01007738,O P Q. Public administration education and health,135,135,41,94,0,0,0
S01007738,R S T U. Other,11,10,2,8,1,1,0
S01007739,All people aged 16 to 74 in employment,211,193,51,142,18,3,15
S01007739,A B D E. Agriculture energy and water,5,5,0,5,0,0,0
S01007739,C. Manufacturing,16,16,0,16,0,0,0
S01007739,F. Construction,21,16,1,15,5,1,4
S01007739,G I. Distribution hotels and restaurants,50,45,18,27,5,1,4
S01007739,H J. Transport and communication,18,15,4,11,3,0,3
S01007739,K L M N. Financial real estate professional and administrative activities,25,22,5,17,3,0,3
S01007739,O P Q. Public administration education and health,65,65,21,44,0,0,0
S01007739,R S T U. Other,11,9,2,7,2,1,1
S01007740,All people aged 16 to 74 in employment,257,238,62,176,19,9,10
S01007740,A B D E. Agriculture energy and water,3,3,0,3,0,0,0
S01007740,C. Manufacturing,14,14,1,13,0,0,0
S01007740,F. Construction,20,13,1,12,7,2,5
S01007740,G I. Distribution hotels and restaurants,59,55,22,33,4,2,2
S01007740,H J. Transport and communication,26,22,5,17,4,2,2
S01007740,K L M N. Financial real estate professional and administrative activities,29,26,5,21,3,3,0
S01007740,O P Q. Public administration education and health,96,96,24,72,0,0,0
S01007740,R S T U. Other,10,9,4,5,1,0,1
S01007741,All people aged 16 to 74 in employment,271,250,81,169,21,7,14
S01007741,A B D E. Agriculture energy and water,3,3,0,3,0,0,0
S01007741,C. Manufacturing,16,15,1,14,1,0,1
S01007741,F. Construction,19,13,0,13,6,0,6
S01007741,G I. Distribution hotels and restaurants,63,59,32,27,4,1,3
S01007741,H J. Transport and communication,24,21,4,17,3,1,2
S01007741,K L M N. Financial real estate professional and administrative activities,27,24,8,16,3,2,1
S01007741,O P Q. Public administration education and health,113,110,33,77,3,2,1
S01007741,R S T U. Other,6,5,3,2,1,1,0
S01007742,All people aged 16 to 74 in employment,269,246,79,167,23,3,20
S01007742,A B D E. Agriculture energy and water,5,5,0,5,0,0,0
S01007742,C. Manufacturing,20,19,1,18,1,0,1
S01007742,F. Construction,23,15,0,15,8,0,8
S01007742,G I. Distribution hotels and restaurants,63,58,33,25,5,1,4
S01007742,H J. Transport and communication,27,22,3,19,5,0,5
S01007742,K L M N. Financial real estate professional and administrative activities,17,17,2,15,0,0,0
S01007742,O P Q. Public administration education and health,102,99,35,64,3,2,1
S01007742,R S T U. Other,12,11,5,6,1,0,1
S01007743,All people aged 16 to 74 in employment,405,373,115,258,32,7,25
S01007743,A B D E. Agriculture energy and water,8,8,1,7,0,0,0
S01007743,C. Manufacturing,36,33,3,30,3,2,1
S01007743,F. Construction,35,24,3,21,11,0,11
S01007743,G I. Distribution hotels and restaurants,103,100,49,51,3,2,1
S01007743,H J. Transport and communication,26,19,3,16,7,0,7
S01007743,K L M N. Financial real estate professional and administrative activities,46,43,15,28,3,1,2
S01007743,O P Q. Public administration education and health,129,126,33,93,3,1,2
S01007743,R S T U. Other,22,20,8,12,2,1,1
S01007744,All people aged 16 to 74 in employment,264,250,79,171,14,7,7
S01007744,A B D E. Agriculture energy and water,6,6,0,6,0,0,0
S01007744,C. Manufacturing,33,33,1,32,0,0,0
S01007744,F. Construction,18,15,1,14,3,1,2
S01007744,G I. Distribution hotels and restaurants,57,56,30,26,1,0,1
S01007744,H J. Transport and communication,20,14,1,13,6,2,4
S01007744,K L M N. Financial real estate professional and administrative activities,34,33,11,22,1,1,0
S01007744,O P Q. Public administration education and health,85,83,33,50,2,2,0
S01007744,R S T U. Other,11,10,2,8,1,1,0
S01007745,All people aged 16 to 74 in employment,312,287,95,192,25,7,18
S01007745,A B D E. Agriculture energy and water,8,7,0,7,1,0,1
S01007745,C. Manufacturing,32,30,1,29,2,1,1
S01007745,F. Construction,24,17,0,17,7,2,5
S01007745,G I. Distribution hotels and restaurants,80,79,40,39,1,1,0
S01007745,H J. Transport and communication,38,32,11,21,6,2,4
S01007745,K L M N. Financial real estate professional and administrative activities,22,21,7,14,1,0,1
S01007745,O P Q. Public administration education and health,95,90,28,62,5,1,4
S01007745,R S T U. Other,13,11,8,3,2,0,2
S01007746,All people aged 16 to 74 in employment,395,367,134,233,28,9,19
S01007746,A B D E. Agriculture energy and water,14,14,0,14,0,0,0
S01007746,C. Manufacturing,26,25,2,23,1,0,1
S01007746,F. Construction,22,18,0,18,4,1,3
S01007746,G I. Distribution hotels and restaurants,124,120,64,56,4,0,4
S01007746,H J. Transport and communication,39,30,5,25,9,2,7
S01007746,K L M N. Financial real estate professional and administrative activities,40,36,15,21,4,1,3
S01007746,O P Q. Public administration education and health,112,110,39,71,2,1,1
S01007746,R S T U. Other,18,14,9,5,4,4,0
S01007747,All people aged 16 to 74 in employment,208,193,64,129,15,4,11
S01007747,A B D E. Agriculture energy and water,2,1,0,1,1,0,1
S01007747,C. Manufacturing,21,19,3,16,2,0,2
S01007747,F. Construction,18,14,0,14,4,1,3
S01007747,G I. Distribution hotels and restaurants,52,51,27,24,1,0,1
S01007747,H J. Transport and communication,29,24,6,18,5,2,3
S01007747,K L M N. Financial real estate professional and administrative activities,14,14,5,9,0,0,0
S01007747,O P Q. Public administration education and health,63,62,22,40,1,1,0
S01007747,R S T U. Other,9,8,1,7,1,0,1
S01007748,All people aged 16 to 74 in employment,259,242,95,147,17,7,10
S01007748,A B D E. Agriculture energy and water,5,5,0,5,0,0,0
S01007748,C. Manufacturing,23,21,3,18,2,1,1
S01007748,F. Construction,21,14,0,14,7,1,6
S01007748,G I. Distribution hotels and restaurants,88,87,52,35,1,1,0
S01007748,H J. Transport and communication,10,8,2,6,2,2,0
S01007748,K L M N. Financial real estate professional and administrative activities,25,23,9,14,2,2,0
S01007748,O P Q. Public administration education and health,67,66,23,43,1,0,1
S01007748,R S T U. Other,20,18,6,12,2,0,2
S01007749,All people aged 16 to 74 in employment,337,306,111,195,31,12,19
S01007749,A B D E. Agriculture energy and water,9,9,0,9,0,0,0
S01007749,C. Manufacturing,30,27,2,25,3,1,2
S01007749,F. Construction,28,22,1,21,6,2,4
S01007749,G I. Distribution hotels and restaurants,67,60,41,19,7,3,4
S01007749,H J. Transport and communication,19,16,5,11,3,0,3
S01007749,K L M N. Financial real estate professional and administrative activities,42,37,10,27,5,3,2
S01007749,O P Q. Public administration education and health,133,130,49,81,3,2,1
S01007749,R S T U. Other,9,5,3,2,4,1,3
S01007750,All people aged 16 to 74 in employment,348,303,83,220,45,11,34
S01007750,A B D E. Agriculture energy and water,4,4,0,4,0,0,0
S01007750,C. Manufacturing,18,14,1,13,4,0,4
S01007750,F. Construction,22,16,2,14,6,0,6
S01007750,G I. Distribution hotels and restaurants,83,75,27,48,8,1,7
S01007750,H J. Transport and communication,28,25,4,21,3,1,2
S01007750,K L M N. Financial real estate professional and administrative activities,43,29,9,20,14,3,11
S01007750,O P Q. Public administration education and health,134,129,35,94,5,2,3
S01007750,R S T U. Other,16,11,5,6,5,4,1
S01007751,All people aged 16 to 74 in employment,277,221,60,161,56,15,41
S01007751,A B D E. Agriculture energy and water,7,7,0,7,0,0,0
S01007751,C. Manufacturing,20,16,1,15,4,0,4
S01007751,F. Construction,14,8,0,8,6,0,6
S01007751,G I. Distribution hotels and restaurants,43,32,21,11,11,2,9
S01007751,H J. Transport and communication,21,16,1,15,5,1,4
S01007751,K L M N. Financial real estate professional and administrative activities,44,28,9,19,16,4,12
S01007751,O P Q. Public administration education and health,109,100,24,76,9,5,4
S01007751,R S T U. Other,19,14,4,10,5,3,2
S01007752,All people aged 16 to 74 in employment,266,226,73,153,40,10,30
S01007752,A B D E. Agriculture energy and water,7,6,0,6,1,0,1
S01007752,C. Manufacturing,15,15,2,13,0,0,0
S01007752,F. Construction,15,13,0,13,2,0,2
S01007752,G I. Distribution hotels and restaurants,40,35,19,16,5,0,5
S01007752,H J. Transport and communication,19,17,3,14,2,1,1
S01007752,K L M N. Financial real estate professional and administrative activities,48,33,12,21,15,2,13
S01007752,O P Q. Public administration education and health,113,101,33,68,12,6,6
S01007752,R S T U. Other,9,6,4,2,3,1,2
S01007753,All people aged 16 to 74 in employment,224,208,69,139,16,1,15
S01007753,A B D E. Agriculture energy and water,4,4,0,4,0,0,0
S01007753,C. Manufacturing,18,17,2,15,1,0,1
S01007753,F. Construction,28,19,3,16,9,0,9
S01007753,G I. Distribution hotels and restaurants,68,68,36,32,0,0,0
S01007753,H J. Transport and communication,18,14,1,13,4,1,3
S01007753,K L M N. Financial real estate professional and administrative activities,20,20,8,12,0,0,0
S01007753,O P Q. Public administration education and health,61,59,16,43,2,0,2
S01007753,R S T U. Other,7,7,3,4,0,0,0
S01007754,All people aged 16 to 74 in employment,305,285,109,176,20,4,16
S01007754,A B D E. Agriculture energy and water,4,4,1,3,0,0,0
S01007754,C. Manufacturing,26,26,2,24,0,0,0
S01007754,F. Construction,29,22,3,19,7,1,6
S01007754,G I. Distribution hotels and restaurants,102,97,47,50,5,0,5
S01007754,H J. Transport and communication,19,15,1,14,4,0,4
S01007754,K L M N. Financial real estate professional and administrative activities,24,22,7,15,2,2,0
S01007754,O P Q. Public administration education and health,93,91,43,48,2,1,1
S01007754,R S T U. Other,8,8,5,3,0,0,0
S01007755,All people aged 16 to 74 in employment,286,270,91,179,16,5,11
S01007755,A B D E. Agriculture energy and water,6,6,1,5,0,0,0
S01007755,C. Manufacturing,22,22,0,22,0,0,0
S01007755,F. Construction,23,18,3,15,5,1,4
S01007755,G I. Distribution hotels and restaurants,93,90,40,50,3,0,3
S01007755,H J. Transport and communication,24,19,3,16,5,2,3
S01007755,K L M N. Financial real estate professional and administrative activities,33,33,12,21,0,0,0
S01007755,O P Q. Public administration education and health,70,69,27,42,1,1,0
S01007755,R S T U. Other,15,13,5,8,2,1,1
S01007756,All people aged 16 to 74 in employment,227,209,84,125,18,12,6
S01007756,A B D E. Agriculture energy and water,7,7,0,7,0,0,0
S01007756,C. Manufacturing,18,18,5,13,0,0,0
S01007756,F. Construction,16,13,3,10,3,2,1
S01007756,G I. Distribution hotels and restaurants,58,58,30,28,0,0,0
S01007756,H J. Transport and communication,22,16,1,15,6,4,2
S01007756,K L M N. Financial real estate professional and administrative activities,26,23,13,10,3,2,1
S01007756,O P Q. Public administration education and health,67,66,28,38,1,1,0
S01007756,R S T U. Other,13,8,4,4,5,3,2
S01007757,All people aged 16 to 74 in employment,347,300,81,219,47,15,32
S01007757,A B D E. Agriculture energy and water,8,8,1,7,0,0,0
S01007757,C. Manufacturing,22,21,1,20,1,0,1
S01007757,F. Construction,26,21,2,19,5,1,4
S01007757,G I. Distribution hotels and restaurants,67,57,28,29,10,3,7
S01007757,H J. Transport and communication,33,24,4,20,9,1,8
S01007757,K L M N. Financial real estate professional and administrative activities,34,28,4,24,6,2,4
S01007757,O P Q. Public administration education and health,142,132,37,95,10,7,3
S01007757,R S T U. Other,15,9,4,5,6,1,5
S01007758,All people aged 16 to 74 in employment,358,296,78,218,62,20,42
S01007758,A B D E. Agriculture energy and water,10,7,1,6,3,0,3
S01007758,C. Manufacturing,20,16,0,16,4,0,4
S01007758,F. Construction,22,16,2,14,6,1,5
S01007758,G I. Distribution hotels and restaurants,69,55,23,32,14,5,9
S01007758,H J. Transport and communication,27,23,3,20,4,2,2
S01007758,K L M N. Financial real estate professional and administrative activities,52,33,4,29,19,7,12
S01007758,O P Q. Public administration education and health,140,133,42,91,7,3,4
S01007758,R S T U. Other,18,13,3,10,5,2,3
S01007759,All people aged 16 to 74 in employment,451,404,105,299,47,16,31
S01007759,A B D E. Agriculture energy and water,6,4,0,4,2,0,2
S01007759,C. Manufacturing,20,20,3,17,0,0,0
S01007759,F. Construction,40,28,2,26,12,3,9
S01007759,G I. Distribution hotels and restaurants,84,74,28,46,10,2,8
S01007759,H J. Transport and communication,30,26,7,19,4,1,3
S01007759,K L M N. Financial real estate professional and administrative activities,42,36,3,33,6,2,4
S01007759,O P Q. Public administration education and health,200,193,50,143,7,6,1
S01007759,R S T U. Other,29,23,12,11,6,2,4
S01007760,All people aged 16 to 74 in employment,249,203,55,148,46,12,34
S01007760,A B D E. Agriculture energy and water,7,6,0,6,1,0,1
S01007760,C. Manufacturing,13,13,1,12,0,0,0
S01007760,F. Construction,9,5,0,5,4,0,4
S01007760,G I. Distribution hotels and restaurants,38,26,16,10,12,2,10
S01007760,H J. Transport and communication,10,8,0,8,2,0,2
S01007760,K L M N. Financial real estate professional and administrative activities,50,42,10,32,8,2,6
S01007760,O P Q. Public administration education and health,105,92,23,69,13,4,9
S01007760,R S T U. Other,17,11,5,6,6,4,2
S01007761,All people aged 16 to 74 in employment,443,369,101,268,74,19,55
S01007761,A B D E. Agriculture energy and water,12,11,0,11,1,0,1
S01007761,C. Manufacturing,22,20,0,20,2,0,2
S01007761,F. Construction,20,13,1,12,7,1,6
S01007761,G I. Distribution hotels and restaurants,86,73,32,41,13,3,10
S01007761,H J. Transport and communication,27,19,4,15,8,2,6
S01007761,K L M N. Financial real estate professional and administrative activities,57,43,8,35,14,2,12
S01007761,O P Q. Public administration education and health,194,176,52,124,18,9,9
S01007761,R S T U. Other,25,14,4,10,11,2,9
S01007762,All people aged 16 to 74 in employment,369,333,76,257,36,10,26
S01007762,A B D E. Agriculture energy and water,3,3,0,3,0,0,0
S01007762,C. Manufacturing,22,21,2,19,1,0,1
S01007762,F. Construction,19,14,0,14,5,0,5
S01007762,G I. Distribution hotels and restaurants,72,65,33,32,7,2,5
S01007762,H J. Transport and communication,23,20,2,18,3,1,2
S01007762,K L M N. Financial real estate professional and administrative activities,48,35,7,28,13,5,8
S01007762,O P Q. Public administration education and health,166,164,28,136,2,0,2
S01007762,R S T U. Other,16,11,4,7,5,2,3
S01007763,All people aged 16 to 74 in employment,178,157,40,117,21,10,11
S01007763,A B D E. Agriculture energy and water,4,4,0,4,0,0,0
S01007763,C. Manufacturing,18,17,3,14,1,1,0
S01007763,F. Construction,16,14,1,13,2,0,2
S01007763,G I. Distribution hotels and restaurants,37,33,17,16,4,2,2
S01007763,H J. Transport and communication,19,14,3,11,5,2,3
S01007763,K L M N. Financial real estate professional and administrative activities,19,16,2,14,3,1,2
S01007763,O P Q. Public administration education and health,51,49,11,38,2,1,1
S01007763,R S T U. Other,14,10,3,7,4,3,1
S01007764,All people aged 16 to 74 in employment,412,359,108,251,53,17,36
S01007764,A B D E. Agriculture energy and water,6,6,0,6,0,0,0
S01007764,C. Manufacturing,29,29,1,28,0,0,0
S01007764,F. Construction,31,19,4,15,12,4,8
S01007764,G I. Distribution hotels and restaurants,83,75,43,32,8,0,8
S01007764,H J. Transport and communication,31,26,1,25,5,1,4
S01007764,K L M N. Financial real estate professional and administrative activities,47,34,5,29,13,5,8
S01007764,O P Q. Public administration education and health,171,160,51,109,11,4,7
S01007764,R S T U. Other,14,10,3,7,4,3,1
S01007765,All people aged 16 to 74 in employment,294,271,78,193,23,8,15
S01007765,A B D E. Agriculture energy and water,9,9,0,9,0,0,0
S01007765,C. Manufacturing,23,23,1,22,0,0,0
S01007765,F. Construction,21,16,2,14,5,1,4
S01007765,G I. Distribution hotels and restaurants,48,46,30,16,2,1,1
S01007765,H J. Transport and communication,29,24,1,23,5,1,4
S01007765,K L M N. Financial real estate professional and administrative activities,29,25,6,19,4,2,2
S01007765,O P Q. Public administration education and health,125,118,37,81,7,3,4
S01007765,R S T U. Other,10,10,1,9,0,0,0
S01007766,All people aged 16 to 74 in employment,410,375,116,259,35,14,21
S01007766,A B D E. Agriculture energy and water,9,9,1,8,0,0,0
S01007766,C. Manufacturing,27,27,1,26,0,0,0
S01007766,F. Construction,33,28,0,28,5,1,4
S01007766,G I. Distribution hotels and restaurants,85,75,38,37,10,6,4
S01007766,H J. Transport and communication,25,24,6,18,1,0,1
S01007766,K L M N. Financial real estate professional and administrative activities,37,30,12,18,7,2,5
S01007766,O P Q. Public administration education and health,179,171,51,120,8,4,4
S01007766,R S T U. Other,15,11,7,4,4,1,3
S01007767,All people aged 16 to 74 in employment,432,378,118,260,54,15,39
S01007767,A B D E. Agriculture energy and water,11,11,0,11,0,0,0
S01007767,C. Manufacturing,30,29,3,26,1,1,0
S01007767,F. Construction,29,20,2,18,9,2,7
S01007767,G I. Distribution hotels and restaurants,89,82,49,33,7,2,5
S01007767,H J. Transport and communication,35,26,2,24,9,3,6
S01007767,K L M N. Financial real estate professional and administrative activities,44,34,7,27,10,1,9
S01007767,O P Q. Public administration education and health,167,158,44,114,9,3,6
S01007767,R S T U. Other,27,18,11,7,9,3,6
S01007768,All people aged 16 to 74 in employment,292,257,62,195,35,10,25
S01007768,A B D E. Agriculture energy and water,10,9,0,9,1,0,1
S01007768,C. Manufacturing,12,11,0,11,1,1,0
S01007768,F. Construction,19,14,2,12,5,0,5
S01007768,G I. Distribution hotels and restaurants,55,47,21,26,8,2,6
S01007768,H J. Transport and communication,18,15,3,12,3,2,1
S01007768,K L M N. Financial real estate professional and administrative activities,38,28,4,24,10,4,6
S01007768,O P Q. Public administration education and health,130,125,29,96,5,1,4
S01007768,R S T U. Other,10,8,3,5,2,0,2
S01007769,All people aged 16 to 74 in employment,315,262,78,184,53,16,37
S01007769,A B D E. Agriculture energy and water,10,10,0,10,0,0,0
S01007769,C. Manufacturing,27,21,2,19,6,1,5
S01007769,F. Construction,21,12,2,10,9,1,8
S01007769,G I. Distribution hotels and restaurants,64,50,29,21,14,3,11
S01007769,H J. Transport and communication,13,13,4,9,0,0,0
S01007769,K L M N. Financial real estate professional and administrative activities,39,28,5,23,11,3,8
S01007769,O P Q. Public administration education and health,127,119,32,87,8,6,2
S01007769,R S T U. Other,14,9,4,5,5,2,3
S01007770,All people aged 16 to 74 in employment,341,286,87,199,55,17,38
S01007770,A B D E. Agriculture energy and water,14,12,0,12,2,0,2
S01007770,C. Manufacturing,18,18,2,16,0,0,0
S01007770,F. Construction,9,7,1,6,2,0,2
S01007770,G I. Distribution hotels and restaurants,62,51,27,24,11,1,10
S01007770,H J. Transport and communication,24,21,3,18,3,1,2
S01007770,K L M N. Financial real estate professional and administrative activities,55,37,8,29,18,5,13
S01007770,O P Q. Public administration education and health,136,128,40,88,8,4,4
S01007770,R S T U. Other,23,12,6,6,11,6,5
S01007771,All people aged 16 to 74 in employment,208,183,61,122,25,8,17
S01007771,A B D E. Agriculture energy and water,2,2,0,2,0,0,0
S01007771,C. Manufacturing,13,12,0,12,1,1,0
S01007771,F. Construction,17,14,3,11,3,0,3
S01007771,G I. Distribution hotels and restaurants,41,35,19,16,6,0,6
S01007771,H J. Transport and communication,12,10,1,9,2,1,1
S01007771,K L M N. Financial real estate professional and administrative activities,24,20,3,17,4,2,2
S01007771,O P Q. Public administration education and health,93,85,32,53,8,3,5
S01007771,R S T U. Other,6,5,3,2,1,1,0
S01007772,All people aged 16 to 74 in employment,412,375,108,267,37,13,24
S01007772,A B D E. Agriculture energy and water,8,7,0,7,1,0,1
S01007772,C. Manufacturing,28,26,1,25,2,1,1
S01007772,F. Construction,35,25,2,23,10,3,7
S01007772,G I. Distribution hotels and restaurants,101,96,45,51,5,2,3
S01007772,H J. Transport and communication,24,22,6,16,2,0,2
S01007772,K L M N. Financial real estate professional and administrative activities,46,38,10,28,8,4,4
S01007772,O P Q. Public administration education and health,150,145,39,106,5,1,4
S01007772,R S T U. Other,20,16,5,11,4,2,2
S01007773,All people aged 16 to 74 in employment,380,341,97,244,39,10,29
S01007773,A B D E. Agriculture energy and water,9,8,0,8,1,0,1
S01007773,C. Manufacturing,26,26,1,25,0,0,0
S01007773,F. Construction,34,21,4,17,13,3,10
S01007773,G I. Distribution hotels and restaurants,72,65,37,28,7,3,4
S01007773,H J. Transport and communication,30,23,2,21,7,1,6
S01007773,K L M N. Financial real estate professional and administrative activities,40,36,8,28,4,2,2
S01007773,O P Q. Public administration education and health,156,152,42,110,4,1,3
S01007773,R S T U. Other,13,10,3,7,3,0,3
S01007774,All people aged 16 to 74 in employment,562,511,119,392,51,12,39
S01007774,A B D E. Agriculture energy and water,17,17,0,17,0,0,0
S01007774,C. Manufacturing,42,37,2,35,5,0,5
S01007774,F. Construction,34,21,0,21,13,2,11
S01007774,G I. Distribution hotels and restaurants,93,83,38,45,10,1,9
S01007774,H J. Transport and communication,40,37,4,33,3,0,3
S01007774,K L M N. Financial real estate professional and administrative activities,81,73,15,58,8,4,4
S01007774,O P Q. Public administration education and health,233,225,55,170,8,4,4
S01007774,R S T U. Other,22,18,5,13,4,1,3
S01007775,All people aged 16 to 74 in employment,457,415,109,306,42,12,30
S01007775,A B D E. Agriculture energy and water,11,11,1,10,0,0,0
S01007775,C. Manufacturing,34,31,3,28,3,2,1
S01007775,F. Construction,36,30,1,29,6,0,6
S01007775,G I. Distribution hotels and restaurants,79,66,30,36,13,4,9
S01007775,H J. Transport and communication,27,23,4,19,4,0,4
S01007775,K L M N. Financial real estate professional and administrative activities,59,53,11,42,6,3,3
S01007775,O P Q. Public administration education and health,194,186,53,133,8,2,6
S01007775,R S T U. Other,17,15,6,9,2,1,1
S01007776,All people aged 16 to 74 in employment,392,350,102,248,42,9,33
S01007776,A B D E. Agriculture energy and water,11,11,1,10,0,0,0
S01007776,C. Manufacturing,30,28,1,27,2,0,2
S01007776,F. Construction,33,22,2,20,11,2,9
S01007776,G I. Distribution hotels and restaurants,82,77,33,44,5,0,5
S01007776,H J. Transport and communication,23,20,4,16,3,0,3
S01007776,K L M N. Financial real estate professional and administrative activities,54,43,7,36,11,3,8
S01007776,O P Q. Public administration education and health,146,140,51,89,6,2,4
S01007776,R S T U. Other,13,9,3,6,4,2,2
S01007777,All people aged 16 to 74 in employment,554,494,142,352,60,18,42
S01007777,A B D E. Agriculture energy and water,18,18,1,17,0,0,0
S01007777,C. Manufacturing,52,50,5,45,2,2,0
S01007777,F. Construction,48,35,3,32,13,1,12
S01007777,G I. Distribution hotels and restaurants,83,68,31,37,15,3,12
S01007777,H J. Transport and communication,43,35,7,28,8,4,4
S01007777,K L M N. Financial real estate professional and administrative activities,69,62,14,48,7,3,4
S01007777,O P Q. Public administration education and health,219,208,74,134,11,4,7
S01007777,R S T U. Other,22,18,7,11,4,1,3
S01007778,All people aged 16 to 74 in employment,262,218,52,166,44,7,37
S01007778,A B D E. Agriculture energy and water,8,5,0,5,3,0,3
S01007778,C. Manufacturing,16,14,1,13,2,0,2
S01007778,F. Construction,23,15,1,14,8,0,8
S01007778,G I. Distribution hotels and restaurants,43,36,13,23,7,1,6
S01007778,H J. Transport and communication,5,5,2,3,0,0,0
S01007778,K L M N. Financial real estate professional and administrative activities,45,31,5,26,14,2,12
S01007778,O P Q. Public administration education and health,109,101,28,73,8,3,5
S01007778,R S T U. Other,13,11,2,9,2,1,1
S01007779,All people aged 16 to 74 in employment,404,371,91,280,33,10,23
S01007779,A B D E. Agriculture energy and water,14,14,0,14,0,0,0
S01007779,C. Manufacturing,48,45,3,42,3,2,1
S01007779,F. Construction,34,25,1,24,9,3,6
S01007779,G I. Distribution hotels and restaurants,81,78,32,46,3,0,3
S01007779,H J. Transport and communication,30,24,3,21,6,1,5
S01007779,K L M N. Financial real estate professional and administrative activities,38,33,8,25,5,1,4
S01007779,O P Q. Public administration education and health,144,140,39,101,4,1,3
S01007779,R S T U. Other,15,12,5,7,3,2,1
S01007780,All people aged 16 to 74 in employment,472,429,82,347,43,12,31
S01007780,A B D E. Agriculture energy and water,14,14,0,14,0,0,0
S01007780,C. Manufacturing,55,52,1,51,3,2,1
S01007780,F. Construction,43,34,0,34,9,0,9
S01007780,G I. Distribution hotels and restaurants,99,94,30,64,5,0,5
S01007780,H J. Transport and communication,38,30,4,26,8,3,5
S01007780,K L M N. Financial real estate professional and administrative activities,42,38,6,32,4,2,2
S01007780,O P Q. Public administration education and health,157,148,34,114,9,2,7
S01007780,R S T U. Other,24,19,7,12,5,3,2
S01007781,All people aged 16 to 74 in employment,536,499,124,375,37,5,32
S01007781,A B D E. Agriculture energy and water,14,13,0,13,1,0,1
S01007781,C. Manufacturing,50,49,1,48,1,0,1
S01007781,F. Construction,40,32,0,32,8,0,8
S01007781,G I. Distribution hotels and restaurants,122,117,45,72,5,1,4
S01007781,H J. Transport and communication,45,39,6,33,6,1,5
S01007781,K L M N. Financial real estate professional and administrative activities,49,44,7,37,5,0,5
S01007781,O P Q. Public administration education and health,189,184,53,131,5,2,3
S01007781,R S T U. Other,27,21,12,9,6,1,5
S01007782,All people aged 16 to 74 in employment,190,171,53,118,19,2,17
S01007782,A B D E. Agriculture energy and water,5,5,0,5,0,0,0
S01007782,C. Manufacturing,17,17,1,16,0,0,0
S01007782,F. Construction,22,15,2,13,7,1,6
S01007782,G I. Distribution hotels and restaurants,53,49,24,25,4,0,4
S01007782,H J. Transport and communication,18,14,1,13,4,0,4
S01007782,K L M N. Financial real estate professional and administrative activities,15,15,7,8,0,0,0
S01007782,O P Q. Public administration education and health,55,51,15,36,4,1,3
S01007782,R S T U. Other,5,5,3,2,0,0,0
S01007783,All people aged 16 to 74 in employment,219,209,79,130,10,6,4
S01007783,A B D E. Agriculture energy and water,11,11,2,9,0,0,0
S01007783,C. Manufacturing,23,23,3,20,0,0,0
S01007783,F. Construction,17,17,2,15,0,0,0
S01007783,G I. Distribution hotels and restaurants,59,56,30,26,3,2,1
S01007783,H J. Transport and communication,14,10,4,6,4,2,2
S01007783,K L M N. Financial real estate professional and administrative activities,25,23,9,14,2,2,0
S01007783,O P Q. Public administration education and health,58,58,24,34,0,0,0
S01007783,R S T U. Other,12,11,5,6,1,0,1
S01007784,All people aged 16 to 74 in employment,369,340,93,247,29,11,18
S01007784,A B D E. Agriculture energy and water,13,13,0,13,0,0,0
S01007784,C. Manufacturing,21,21,2,19,0,0,0
S01007784,F. Construction,31,23,1,22,8,0,8
S01007784,G I. Distribution hotels and restaurants,92,87,35,52,5,3,2
S01007784,H J. Transport and communication,29,21,4,17,8,5,3
S01007784,K L M N. Financial real estate professional and administrative activities,47,41,13,28,6,2,4
S01007784,O P Q. Public administration education and health,125,123,34,89,2,1,1
S01007784,R S T U. Other,11,11,4,7,0,0,0
S01007785,All people aged 16 to 74 in employment,197,187,70,117,10,6,4
S01007785,A B D E. Agriculture energy and water,5,5,1,4,0,0,0
S01007785,C. Manufacturing,20,20,0,20,0,0,0
S01007785,F. Construction,12,9,0,9,3,0,3
S01007785,G I. Distribution hotels and restaurants,57,54,27,27,3,2,1
S01007785,H J. Transport and communication,7,5,0,5,2,2,0
S01007785,K L M N. Financial real estate professional and administrative activities,18,17,7,10,1,1,0
S01007785,O P Q. Public administration education and health,67,67,33,34,0,0,0
S01007785,R S T U. Other,11,10,2,8,1,1,0
S01007786,All people aged 16 to 74 in employment,316,292,114,178,24,12,12
S01007786,A B D E. Agriculture energy and water,14,14,2,12,0,0,0
S01007786,C. Manufacturing,21,20,5,15,1,0,1
S01007786,F. Construction,21,17,4,13,4,1,3
S01007786,G I. Distribution hotels and restaurants,86,80,37,43,6,3,3
S01007786,H J. Transport and communication,24,16,2,14,8,4,4
S01007786,K L M N. Financial real estate professional and administrative activities,29,26,10,16,3,2,1
S01007786,O P Q. Public administration education and health,108,107,46,61,1,1,0
S01007786,R S T U. Other,13,12,8,4,1,1,0
S01007787,All people aged 16 to 74 in employment,277,251,96,155,26,8,18
S01007787,A B D E. Agriculture energy and water,6,6,0,6,0,0,0
S01007787,C. Manufacturing,28,27,2,25,1,0,1
S01007787,F. Construction,22,14,0,14,8,1,7
S01007787,G I. Distribution hotels and restaurants,78,74,36,38,4,3,1
S01007787,H J. Transport and communication,22,18,4,14,4,0,4
S01007787,K L M N. Financial real estate professional and administrative activities,30,28,21,7,2,2,0
S01007787,O P Q. Public administration education and health,83,78,30,48,5,1,4
S01007787,R S T U. Other,8,6,3,3,2,1,1
S01007788,All people aged 16 to 74 in employment,198,181,79,102,17,10,7
S01007788,A B D E. Agriculture energy and water,5,5,1,4,0,0,0
S01007788,C. Manufacturing,12,12,1,11,0,0,0
S01007788,F. Construction,19,14,1,13,5,1,4
S01007788,G I. Distribution hotels and restaurants,62,59,36,23,3,1,2
S01007788,H J. Transport and communication,11,10,2,8,1,1,0
S01007788,K L M N. Financial real estate professional and administrative activities,21,19,10,9,2,2,0
S01007788,O P Q. Public administration education and health,61,57,27,30,4,3,1
S01007788,R S T U. Other,7,5,1,4,2,2,0
S01007789,All people aged 16 to 74 in employment,239,221,96,125,18,2,16
S01007789,A B D E. Agriculture energy and water,10,9,0,9,1,0,1
S01007789,C. Manufacturing,27,26,2,24,1,0,1
S01007789,F. Construction,21,15,3,12,6,0,6
S01007789,G I. Distribution hotels and restaurants,73,73,38,35,0,0,0
S01007789,H J. Transport and communication,11,6,0,6,5,0,5
S01007789,K L M N. Financial real estate professional and administrative activities,19,18,13,5,1,0,1
S01007789,O P Q. Public administration education and health,65,64,34,30,1,1,0
S01007789,R S T U. Other,13,10,6,4,3,1,2
S01007790,All people aged 16 to 74 in employment,291,279,110,169,12,5,7
S01007790,A B D E. Agriculture energy and water,5,5,0,5,0,0,0
S01007790,C. Manufacturing,25,25,0,25,0,0,0
S01007790,F. Construction,27,20,1,19,7,1,6
S01007790,G I. Distribution hotels and restaurants,85,84,46,38,1,0,1
S01007790,H J. Transport and communication,23,23,7,16,0,0,0
S01007790,K L M N. Financial real estate professional and administrative activities,30,28,13,15,2,2,0
S01007790,O P Q. Public administration education and health,78,78,35,43,0,0,0
S01007790,R S T U. Other,18,16,8,8,2,2,0
S01007791,All people aged 16 to 74 in employment,289,254,62,192,35,8,27
S01007791,A B D E. Agriculture energy and water,10,7,0,7,3,0,3
S01007791,C. Manufacturing,22,21,3,18,1,0,1
S01007791,F. Construction,29,22,3,19,7,0,7
S01007791,G I. Distribution hotels and restaurants,50,47,19,28,3,1,2
S01007791,H J. Transport and communication,31,22,2,20,9,2,7
S01007791,K L M N. Financial real estate professional and administrative activities,41,36,10,26,5,1,4
S01007791,O P Q. Public administration education and health,95,91,23,68,4,2,2
S01007791,R S T U. Other,11,8,2,6,3,2,1
S01007792,All people aged 16 to 74 in employment,367,346,108,238,21,7,14
S01007792,A B D E. Agriculture energy and water,12,12,0,12,0,0,0
S01007792,C. Manufacturing,40,38,3,35,2,0,2
S01007792,F. Construction,33,29,1,28,4,0,4
S01007792,G I. Distribution hotels and restaurants,107,103,47,56,4,1,3
S01007792,H J. Transport and communication,26,21,2,19,5,4,1
S01007792,K L M N. Financial real estate professional and administrative activities,28,26,12,14,2,0,2
S01007792,O P Q. Public administration education and health,114,111,41,70,3,1,2
S01007792,R S T U. Other,7,6,2,4,1,1,0
S01007793,All people aged 16 to 74 in employment,307,283,112,171,24,8,16
S01007793,A B D E. Agriculture energy and water,3,3,0,3,0,0,0
S01007793,C. Manufacturing,33,30,5,25,3,1,2
S01007793,F. Construction,15,12,1,11,3,0,3
S01007793,G I. Distribution hotels and restaurants,101,97,53,44,4,2,2
S01007793,H J. Transport and communication,28,26,4,22,2,1,1
S01007793,K L M N. Financial real estate professional and administrative activities,24,20,7,13,4,3,1
S01007793,O P Q. Public administration education and health,89,85,36,49,4,1,3
S01007793,R S T U. Other,14,10,6,4,4,0,4
S01007794,All people aged 16 to 74 in employment,237,221,81,140,16,4,12
S01007794,A B D E. Agriculture energy and water,4,4,0,4,0,0,0
S01007794,C. Manufacturing,21,20,2,18,1,0,1
S01007794,F. Construction,19,13,1,12,6,0,6
S01007794,G I. Distribution hotels and restaurants,67,64,27,37,3,1,2
S01007794,H J. Transport and communication,16,14,3,11,2,0,2
S01007794,K L M N. Financial real estate professional and administrative activities,25,24,11,13,1,0,1
S01007794,O P Q. Public administration education and health,76,75,37,38,1,1,0
S01007794,R S T U. Other,9,7,0,7,2,2,0
S01007795,All people aged 16 to 74 in employment,269,255,100,155,14,3,11
S01007795,A B D E. Agriculture energy and water,12,12,2,10,0,0,0
S01007795,C. Manufacturing,32,30,0,30,2,0,2
S01007795,F. Construction,19,18,0,18,1,0,1
S01007795,G I. Distribution hotels and restaurants,73,72,36,36,1,1,0
S01007795,H J. Transport and communication,13,12,4,8,1,0,1
S01007795,K L M N. Financial real estate professional and administrative activities,23,20,7,13,3,1,2
S01007795,O P Q. Public administration education and health,80,77,42,35,3,0,3
S01007795,R S T U. Other,17,14,9,5,3,1,2
S01007796,All people aged 16 to 74 in employment,298,281,111,170,17,5,12
S01007796,A B D E. Agriculture energy and water,8,8,0,8,0,0,0
S01007796,C. Manufacturing,28,26,2,24,2,1,1
S01007796,F. Construction,24,22,0,22,2,1,1
S01007796,G I. Distribution hotels and restaurants,76,71,40,31,5,0,5
S01007796,H J. Transport and communication,16,13,0,13,3,0,3
S01007796,K L M N. Financial real estate professional and administrative activities,26,24,6,18,2,2,0
S01007796,O P Q. Public administration education and health,113,111,59,52,2,1,1
S01007796,R S T U. Other,7,6,4,2,1,0,1
S01007797,All people aged 16 to 74 in employment,188,177,84,93,11,4,7
S01007797,A B D E. Agriculture energy and water,1,1,0,1,0,0,0
S01007797,C. Manufacturing,19,19,2,17,0,0,0
S01007797,F. Construction,8,8,0,8,0,0,0
S01007797,G I. Distribution hotels and restaurants,53,49,29,20,4,2,2
S01007797,H J. Transport and communication,10,9,0,9,1,0,1
S01007797,K L M N. Financial real estate professional and administrative activities,20,18,12,6,2,0,2
S01007797,O P Q. Public administration education and health,59,59,31,28,0,0,0
S01007797,R S T U. Other,18,14,10,4,4,2,2
S01007798,All people aged 16 to 74 in employment,380,332,103,229,48,11,37
S01007798,A B D E. Agriculture energy and water,11,9,1,8,2,0,2
S01007798,C. Manufacturing,33,30,1,29,3,1,2
S01007798,F. Construction,39,29,2,27,10,3,7
S01007798,G I. Distribution hotels and restaurants,94,84,42,42,10,1,9
S01007798,H J. Transport and communication,27,22,5,17,5,0,5
S01007798,K L M N. Financial real estate professional and administrative activities,37,32,13,19,5,2,3
S01007798,O P Q. Public administration education and health,127,117,35,82,10,4,6
S01007798,R S T U. Other,12,9,4,5,3,0,3
S01007799,All people aged 16 to 74 in employment,342,306,89,217,36,4,32
S01007799,A B D E. Agriculture energy and water,11,10,1,9,1,0,1
S01007799,C. Manufacturing,19,17,2,15,2,0,2
S01007799,F. Construction,42,32,1,31,10,1,9
S01007799,G I. Distribution hotels and restaurants,71,68,33,35,3,0,3
S01007799,H J. Transport and communication,31,25,3,22,6,0,6
S01007799,K L M N. Financial real estate professional and administrative activities,29,26,9,17,3,1,2
S01007799,O P Q. Public administration education and health,124,116,37,79,8,0,8
S01007799,R S T U. Other,15,12,3,9,3,2,1
S01007800,All people aged 16 to 74 in employment,326,300,119,181,26,10,16
S01007800,A B D E. Agriculture energy and water,16,16,0,16,0,0,0
S01007800,C. Manufacturing,19,18,1,17,1,0,1
S01007800,F. Construction,21,16,3,13,5,0,5
S01007800,G I. Distribution hotels and restaurants,74,69,32,37,5,1,4
S01007800,H J. Transport and communication,17,13,2,11,4,2,2
S01007800,K L M N. Financial real estate professional and administrative activities,43,40,23,17,3,0,3
S01007800,O P Q. Public administration education and health,108,105,48,57,3,2,1
S01007800,R S T U. Other,28,23,10,13,5,5,0
S01007801,All people aged 16 to 74 in employment,282,266,113,153,16,6,10
S01007801,A B D E. Agriculture energy and water,7,7,0,7,0,0,0
S01007801,C. Manufacturing,16,15,2,13,1,1,0
S01007801,F. Construction,15,14,1,13,1,0,1
S01007801,G I. Distribution hotels and restaurants,101,100,60,40,1,0,1
S01007801,H J. Transport and communication,15,10,4,6,5,0,5
S01007801,K L M N. Financial real estate professional and administrative activities,28,25,10,15,3,2,1
S01007801,O P Q. Public administration education and health,83,81,29,52,2,1,1
S01007801,R S T U. Other,17,14,7,7,3,2,1
S01007802,All people aged 16 to 74 in employment,335,308,80,228,27,7,20
S01007802,A B D E. Agriculture energy and water,8,8,0,8,0,0,0
S01007802,C. Manufacturing,18,18,1,17,0,0,0
S01007802,F. Construction,23,16,0,16,7,1,6
S01007802,G I. Distribution hotels and restaurants,86,79,35,44,7,2,5
S01007802,H J. Transport and communication,21,16,1,15,5,1,4
S01007802,K L M N. Financial real estate professional and administrative activities,40,38,6,32,2,0,2
S01007802,O P Q. Public administration education and health,124,119,35,84,5,2,3
S01007802,R S T U. Other,15,14,2,12,1,1,0
S01007803,All people aged 16 to 74 in employment,325,308,118,190,17,6,11
S01007803,A B D E. Agriculture energy and water,6,6,1,5,0,0,0
S01007803,C. Manufacturing,30,30,3,27,0,0,0
S01007803,F. Construction,22,17,1,16,5,2,3
S01007803,G I. Distribution hotels and restaurants,88,85,41,44,3,0,3
S01007803,H J. Transport and communication,24,20,5,15,4,3,1
S01007803,K L M N. Financial real estate professional and administrative activities,43,41,19,22,2,0,2
S01007803,O P Q. Public administration education and health,94,92,38,54,2,1,1
S01007803,R S T U. Other,18,17,10,7,1,0,1
S01007804,All people aged 16 to 74 in employment,208,195,76,119,13,4,9
S01007804,A B D E. Agriculture energy and water,3,3,1,2,0,0,0
S01007804,C. Manufacturing,12,12,0,12,0,0,0
S01007804,F. Construction,17,16,1,15,1,0,1
S01007804,G I. Distribution hotels and restaurants,56,52,32,20,4,1,3
S01007804,H J. Transport and communication,9,6,0,6,3,2,1
S01007804,K L M N. Financial real estate professional and administrative activities,28,25,15,10,3,1,2
S01007804,O P Q. Public administration education and health,72,70,21,49,2,0,2
S01007804,R S T U. Other,11,11,6,5,0,0,0
S01007805,All people aged 16 to 74 in employment,201,190,71,119,11,2,9
S01007805,A B D E. Agriculture energy and water,2,2,0,2,0,0,0
S01007805,C. Manufacturing,11,11,2,9,0,0,0
S01007805,F. Construction,10,5,0,5,5,0,5
S01007805,G I. Distribution hotels and restaurants,61,61,30,31,0,0,0
S01007805,H J. Transport and communication,10,8,1,7,2,0,2
S01007805,K L M N. Financial real estate professional and administrative activities,25,24,8,16,1,1,0
S01007805,O P Q. Public administration education and health,73,71,24,47,2,0,2
S01007805,R S T U. Other,9,8,6,2,1,1,0
S01007806,All people aged 16 to 74 in employment,281,264,84,180,17,2,15
S01007806,A B D E. Agriculture energy and water,14,14,1,13,0,0,0
S01007806,C. Manufacturing,32,31,3,28,1,1,0
S01007806,F. Construction,34,30,1,29,4,0,4
S01007806,G I. Distribution hotels and restaurants,63,60,31,29,3,0,3
S01007806,H J. Transport and communication,20,14,3,11,6,0,6
S01007806,K L M N. Financial real estate professional and administrative activities,23,21,6,15,2,1,1
S01007806,O P Q. Public administration education and health,86,85,35,50,1,0,1
S01007806,R S T U. Other,9,9,4,5,0,0,0
S01007807,All people aged 16 to 74 in employment,369,337,83,254,32,5,27
S01007807,A B D E. Agriculture energy and water,9,8,1,7,1,0,1
S01007807,C. Manufacturing,21,21,2,19,0,0,0
S01007807,F. Construction,36,23,0,23,13,1,12
S01007807,G I. Distribution hotels and restaurants,84,81,27,54,3,0,3
S01007807,H J. Transport and communication,27,23,1,22,4,1,3
S01007807,K L M N. Financial real estate professional and administrative activities,30,29,8,21,1,1,0
S01007807,O P Q. Public administration education and health,142,137,39,98,5,2,3
S01007807,R S T U. Other,20,15,5,10,5,0,5
S01007808,All people aged 16 to 74 in employment,379,347,108,239,32,14,18
S01007808,A B D E. Agriculture energy and water,9,8,0,8,1,0,1
S01007808,C. Manufacturing,25,23,4,19,2,1,1
S01007808,F. Construction,36,30,2,28,6,3,3
S01007808,G I. Distribution hotels and restaurants,97,92,44,48,5,2,3
S01007808,H J. Transport and communication,23,21,5,16,2,0,2
S01007808,K L M N. Financial real estate professional and administrative activities,40,34,16,18,6,3,3
S01007808,O P Q. Public administration education and health,129,122,28,94,7,4,3
S01007808,R S T U. Other,20,17,9,8,3,1,2
S01007809,All people aged 16 to 74 in employment,467,425,120,305,42,10,32
S01007809,A B D E. Agriculture energy and water,10,9,1,8,1,0,1
S01007809,C. Manufacturing,38,34,4,30,4,0,4
S01007809,F. Construction,28,19,1,18,9,1,8
S01007809,G I. Distribution hotels and restaurants,84,74,35,39,10,2,8
S01007809,H J. Transport and communication,28,23,1,22,5,3,2
S01007809,K L M N. Financial real estate professional and administrative activities,53,51,11,40,2,0,2
S01007809,O P Q. Public administration education and health,209,203,61,142,6,3,3
S01007809,R S T U. Other,17,12,6,6,5,1,4
S01007810,All people aged 16 to 74 in employment,302,283,95,188,19,7,12
S01007810,A B D E. Agriculture energy and water,12,11,1,10,1,0,1
S01007810,C. Manufacturing,21,21,2,19,0,0,0
S01007810,F. Construction,28,22,0,22,6,1,5
S01007810,G I. Distribution hotels and restaurants,84,83,41,42,1,1,0
S01007810,H J. Transport and communication,23,18,3,15,5,2,3
S01007810,K L M N. Financial real estate professional and administrative activities,34,31,11,20,3,2,1
S01007810,O P Q. Public administration education and health,90,88,33,55,2,1,1
S01007810,R S T U. Other,10,9,4,5,1,0,1
S01007811,All people aged 16 to 74 in employment,360,345,117,228,15,6,9
S01007811,A B D E. Agriculture energy and water,7,7,0,7,0,0,0
S01007811,C. Manufacturing,39,38,2,36,1,1,0
S01007811,F. Construction,35,32,1,31,3,1,2
S01007811,G I. Distribution hotels and restaurants,89,84,49,35,5,2,3
S01007811,H J. Transport and communication,24,22,7,15,2,1,1
S01007811,K L M N. Financial real estate professional and administrative activities,36,36,17,19,0,0,0
S01007811,O P Q. Public administration education and health,114,112,39,73,2,0,2
S01007811,R S T U. Other,16,14,2,12,2,1,1
S01007812,All people aged 16 to 74 in employment,291,269,113,156,22,1,21
S01007812,A B D E. Agriculture energy and water,8,7,0,7,1,0,1
S01007812,C. Manufacturing,25,22,3,19,3,0,3
S01007812,F. Construction,20,14,0,14,6,0,6
S01007812,G I. Distribution hotels and restaurants,91,87,44,43,4,0,4
S01007812,H J. Transport and communication,26,25,5,20,1,0,1
S01007812,K L M N. Financial real estate professional and administrative activities,26,25,17,8,1,1,0
S01007812,O P Q. Public administration education and health,86,82,39,43,4,0,4
S01007812,R S T U. Other,9,7,5,2,2,0,2
S01007813,All people aged 16 to 74 in employment,285,272,99,173,13,3,10
S01007813,A B D E. Agriculture energy and water,4,4,0,4,0,0,0
S01007813,C. Manufacturing,29,29,4,25,0,0,0
S01007813,F. Construction,18,15,0,15,3,0,3
S01007813,G I. Distribution hotels and restaurants,82,81,36,45,1,0,1
S01007813,H J. Transport and communication,21,16,2,14,5,2,3
S01007813,K L M N. Financial real estate professional and administrative activities,25,25,12,13,0,0,0
S01007813,O P Q. Public administration education and health,90,87,37,50,3,1,2
S01007813,R S T U. Other,16,15,8,7,1,0,1
S01007814,All people aged 16 to 74 in employment,258,237,81,156,21,4,17
S01007814,A B D E. Agriculture energy and water,7,7,0,7,0,0,0
S01007814,C. Manufacturing,23,22,2,20,1,0,1
S01007814,F. Construction,24,20,1,19,4,0,4
S01007814,G I. Distribution hotels and restaurants,58,55,29,26,3,1,2
S01007814,H J. Transport and communication,19,13,2,11,6,1,5
S01007814,K L M N. Financial real estate professional and administrative activities,29,25,12,13,4,2,2
S01007814,O P Q. Public administration education and health,82,79,29,50,3,0,3
S01007814,R S T U. Other,16,16,6,10,0,0,0
S01007815,All people aged 16 to 74 in employment,474,435,113,322,39,12,27
S01007815,A B D E. Agriculture energy and water,9,9,1,8,0,0,0
S01007815,C. Manufacturing,40,37,3,34,3,1,2
S01007815,F. Construction,42,35,1,34,7,1,6
S01007815,G I. Distribution hotels and restaurants,93,91,38,53,2,0,2
S01007815,H J. Transport and communication,36,30,4,26,6,0,6
S01007815,K L M N. Financial real estate professional and administrative activities,53,46,13,33,7,4,3
S01007815,O P Q. Public administration education and health,181,172,49,123,9,3,6
S01007815,R S T U. Other,20,15,4,11,5,3,2
S01007816,All people aged 16 to 74 in employment,359,324,91,233,35,13,22
S01007816,A B D E. Agriculture energy and water,11,11,0,11,0,0,0
S01007816,C. Manufacturing,37,37,5,32,0,0,0
S01007816,F. Construction,36,26,2,24,10,2,8
S01007816,G I. Distribution hotels and restaurants,85,77,33,44,8,0,8
S01007816,H J. Transport and communication,19,13,2,11,6,3,3
S01007816,K L M N. Financial real estate professional and administrative activities,29,23,8,15,6,3,3
S01007816,O P Q. Public administration education and health,131,127,37,90,4,4,0
S01007816,R S T U. Other,11,10,4,6,1,1,0
S01007817,All people aged 16 to 74 in employment,197,184,69,115,13,4,9
S01007817,A B D E. Agriculture energy and water,4,4,1,3,0,0,0
S01007817,C. Manufacturing,19,19,1,18,0,0,0
S01007817,F. Construction,19,15,2,13,4,1,3
S01007817,G I. Distribution hotels and restaurants,43,43,26,17,0,0,0
S01007817,H J. Transport and communication,18,14,2,12,4,0,4
S01007817,K L M N. Financial real estate professional and administrative activities,18,17,5,12,1,1,0
S01007817,O P Q. Public administration education and health,64,63,25,38,1,0,1
S01007817,R S T U. Other,12,9,7,2,3,2,1
S01007818,All people aged 16 to 74 in employment,395,357,89,268,38,9,29
S01007818,A B D E. Agriculture energy and water,10,10,0,10,0,0,0
S01007818,C. Manufacturing,30,26,1,25,4,2,2
S01007818,F. Construction,34,23,2,21,11,1,10
S01007818,G I. Distribution hotels and restaurants,74,73,26,47,1,1,0
S01007818,H J. Transport and communication,29,21,4,17,8,2,6
S01007818,K L M N. Financial real estate professional and administrative activities,46,41,9,32,5,1,4
S01007818,O P Q. Public administration education and health,148,141,40,101,7,1,6
S01007818,R S T U. Other,24,22,7,15,2,1,1
S01007819,All people aged 16 to 74 in employment,395,357,100,257,38,13,25
S01007819,A B D E. Agriculture energy and water,5,5,0,5,0,0,0
S01007819,C. Manufacturing,29,28,0,28,1,0,1
S01007819,F. Construction,49,35,0,35,14,4,10
S01007819,G I. Distribution hotels and restaurants,76,74,32,42,2,0,2
S01007819,H J. Transport and communication,38,27,8,19,11,3,8
S01007819,K L M N. Financial real estate professional and administrative activities,24,22,9,13,2,0,2
S01007819,O P Q. Public administration education and health,160,157,50,107,3,3,0
S01007819,R S T U. Other,14,9,1,8,5,3,2
S01007820,All people aged 16 to 74 in employment,420,380,123,257,40,10,30
S01007820,A B D E. Agriculture energy and water,7,5,2,3,2,2,0
S01007820,C. Manufacturing,38,36,6,30,2,1,1
S01007820,F. Construction,33,25,1,24,8,1,7
S01007820,G I. Distribution hotels and restaurants,99,97,48,49,2,0,2
S01007820,H J. Transport and communication,27,18,2,16,9,0,9
S01007820,K L M N. Financial real estate professional and administrative activities,48,41,16,25,7,3,4
S01007820,O P Q. Public administration education and health,146,140,41,99,6,1,5
S01007820,R S T U. Other,22,18,7,11,4,2,2
S01007821,All people aged 16 to 74 in employment,281,260,74,186,21,7,14
S01007821,A B D E. Agriculture energy and water,7,7,1,6,0,0,0
S01007821,C. Manufacturing,36,34,3,31,2,2,0
S01007821,F. Construction,24,17,1,16,7,0,7
S01007821,G I. Distribution hotels and restaurants,61,58,28,30,3,0,3
S01007821,H J. Transport and communication,19,18,4,14,1,0,1
S01007821,K L M N. Financial real estate professional and administrative activities,21,18,5,13,3,3,0
S01007821,O P Q. Public administration education and health,97,94,25,69,3,2,1
S01007821,R S T U. Other,16,14,7,7,2,0,2
S01007822,All people aged 16 to 74 in employment,344,315,84,231,29,5,24
S01007822,A B D E. Agriculture energy and water,4,4,0,4,0,0,0
S01007822,C. Manufacturing,18,17,0,17,1,1,0
S01007822,F. Construction,37,31,1,30,6,0,6
S01007822,G I. Distribution hotels and restaurants,65,57,29,28,8,0,8
S01007822,H J. Transport and communication,31,24,5,19,7,0,7
S01007822,K L M N. Financial real estate professional and administrative activities,30,27,6,21,3,1,2
S01007822,O P Q. Public administration education and health,149,147,42,105,2,1,1
S01007822,R S T U. Other,10,8,1,7,2,2,0
S01007823,All people aged 16 to 74 in employment,377,342,102,240,35,6,29
S01007823,A B D E. Agriculture energy and water,7,6,1,5,1,0,1
S01007823,C. Manufacturing,25,24,0,24,1,0,1
S01007823,F. Construction,39,25,0,25,14,3,11
S01007823,G I. Distribution hotels and restaurants,82,79,37,42,3,0,3
S01007823,H J. Transport and communication,26,24,7,17,2,0,2
S01007823,K L M N. Financial real estate professional and administrative activities,41,35,5,30,6,3,3
S01007823,O P Q. Public administration education and health,151,143,51,92,8,0,8
S01007823,R S T U. Other,6,6,1,5,0,0,0
S01007824,All people aged 16 to 74 in employment,353,321,101,220,32,10,22
S01007824,A B D E. Agriculture energy and water,6,6,0,6,0,0,0
S01007824,C. Manufacturing,33,31,4,27,2,1,1
S01007824,F. Construction,24,19,3,16,5,0,5
S01007824,G I. Distribution hotels and restaurants,87,76,44,32,11,2,9
S01007824,H J. Transport and communication,26,23,3,20,3,1,2
S01007824,K L M N. Financial real estate professional and administrative activities,35,31,7,24,4,1,3
S01007824,O P Q. Public administration education and health,124,120,34,86,4,3,1
S01007824,R S T U. Other,18,15,6,9,3,2,1
S01007825,All people aged 16 to 74 in employment,481,422,116,306,59,11,48
S01007825,A B D E. Agriculture energy and water,9,9,2,7,0,0,0
S01007825,C. Manufacturing,26,25,0,25,1,0,1
S01007825,F. Construction,53,36,3,33,17,2,15
S01007825,G I. Distribution hotels and restaurants,107,87,49,38,20,3,17
S01007825,H J. Transport and communication,40,33,3,30,7,1,6
S01007825,K L M N. Financial real estate professional and administrative activities,45,40,9,31,5,3,2
S01007825,O P Q. Public administration education and health,180,173,45,128,7,0,7
S01007825,R S T U. Other,21,19,5,14,2,2,0
S01007826,All people aged 16 to 74 in employment,203,186,61,125,17,7,10
S01007826,A B D E. Agriculture energy and water,8,8,0,8,0,0,0
S01007826,C. Manufacturing,17,16,3,13,1,1,0
S01007826,F. Construction,18,13,0,13,5,1,4
S01007826,G I. Distribution hotels and restaurants,59,53,26,27,6,1,5
S01007826,H J. Transport and communication,12,10,1,9,2,1,1
S01007826,K L M N. Financial real estate professional and administrative activities,18,18,6,12,0,0,0
S01007826,O P Q. Public administration education and health,63,61,24,37,2,2,0
S01007826,R S T U. Other,8,7,1,6,1,1,0
S01007827,All people aged 16 to 74 in employment,332,308,73,235,24,7,17
S01007827,A B D E. Agriculture energy and water,4,4,0,4,0,0,0
S01007827,C. Manufacturing,27,27,0,27,0,0,0
S01007827,F. Construction,25,21,1,20,4,1,3
S01007827,G I. Distribution hotels and restaurants,66,63,29,34,3,1,2
S01007827,H J. Transport and communication,31,25,5,20,6,2,4
S01007827,K L M N. Financial real estate professional and administrative activities,41,41,6,35,0,0,0
S01007827,O P Q. Public administration education and health,118,109,28,81,9,1,8
S01007827,R S T U. Other,20,18,4,14,2,2,0
S01007828,All people aged 16 to 74 in employment,414,382,94,288,32,11,21
S01007828,A B D E. Agriculture energy and water,12,11,0,11,1,0,1
S01007828,C. Manufacturing,29,27,2,25,2,0,2
S01007828,F. Construction,26,18,3,15,8,0,8
S01007828,G I. Distribution hotels and restaurants,82,74,29,45,8,5,3
S01007828,H J. Transport and communication,31,28,5,23,3,1,2
S01007828,K L M N. Financial real estate professional and administrative activities,48,44,6,38,4,1,3
S01007828,O P Q. Public administration education and health,152,148,41,107,4,2,2
S01007828,R S T U. Other,34,32,8,24,2,2,0
S01007829,All people aged 16 to 74 in employment,221,202,58,144,19,7,12
S01007829,A B D E. Agriculture energy and water,7,7,0,7,0,0,0
S01007829,C. Manufacturing,17,17,3,14,0,0,0
S01007829,F. Construction,15,11,1,10,4,1,3
S01007829,G I. Distribution hotels and restaurants,49,44,20,24,5,2,3
S01007829,H J. Transport and communication,20,15,3,12,5,1,4
S01007829,K L M N. Financial real estate professional and administrative activities,21,19,1,18,2,1,1
S01007829,O P Q. Public administration education and health,82,81,26,55,1,1,0
S01007829,R S T U. Other,10,8,4,4,2,1,1
S01007830,All people aged 16 to 74 in employment,364,341,104,237,23,7,16
S01007830,A B D E. Agriculture energy and water,4,4,0,4,0,0,0
S01007830,C. Manufacturing,38,38,2,36,0,0,0
S01007830,F. Construction,22,17,0,17,5,1,4
S01007830,G I. Distribution hotels and restaurants,97,95,48,47,2,0,2
S01007830,H J. Transport and communication,25,23,3,20,2,0,2
S01007830,K L M N. Financial real estate professional and administrative activities,27,24,12,12,3,0,3
S01007830,O P Q. Public administration education and health,132,127,35,92,5,4,1
S01007830,R S T U. Other,19,13,4,9,6,2,4
S01007831,All people aged 16 to 74 in employment,300,277,81,196,23,10,13
S01007831,A B D E. Agriculture energy and water,10,10,0,10,0,0,0
S01007831,C. Manufacturing,20,20,1,19,0,0,0
S01007831,F. Construction,25,22,6,16,3,0,3
S01007831,G I. Distribution hotels and restaurants,73,67,32,35,6,5,1
S01007831,H J. Transport and communication,20,17,2,15,3,1,2
S01007831,K L M N. Financial real estate professional and administrative activities,35,27,10,17,8,2,6
S01007831,O P Q. Public administration education and health,110,107,28,79,3,2,1
S01007831,R S T U. Other,7,7,2,5,0,0,0
S01007832,All people aged 16 to 74 in employment,258,239,70,169,19,7,12
S01007832,A B D E. Agriculture energy and water,9,9,4,5,0,0,0
S01007832,C. Manufacturing,18,18,2,16,0,0,0
S01007832,F. Construction,26,21,0,21,5,1,4
S01007832,G I. Distribution hotels and restaurants,51,50,23,27,1,1,0
S01007832,H J. Transport and communication,17,13,3,10,4,2,2
S01007832,K L M N. Financial real estate professional and administrative activities,27,24,8,16,3,1,2
S01007832,O P Q. Public administration education and health,98,96,29,67,2,0,2
S01007832,R S T U. Other,12,8,1,7,4,2,2
S01007833,All people aged 16 to 74 in employment,230,209,60,149,21,6,15
S01007833,A B D E. Agriculture energy and water,5,5,1,4,0,0,0
S01007833,C. Manufacturing,14,14,2,12,0,0,0
S01007833,F. Construction,22,16,0,16,6,1,5
S01007833,G I. Distribution hotels and restaurants,47,43,15,28,4,2,2
S01007833,H J. Transport and communication,16,12,2,10,4,1,3
S01007833,K L M N. Financial real estate professional and administrative activities,31,26,8,18,5,1,4
S01007833,O P Q. Public administration education and health,82,81,25,56,1,0,1
S01007833,R S T U. Other,13,12,7,5,1,1,0
S01007834,All people aged 16 to 74 in employment,320,300,75,225,20,0,20
S01007834,A B D E. Agriculture energy and water,5,5,3,2,0,0,0
S01007834,C. Manufacturing,36,35,1,34,1,0,1
S01007834,F. Construction,24,16,1,15,8,0,8
S01007834,G I. Distribution hotels and restaurants,55,53,27,26,2,0,2
S01007834,H J. Transport and communication,20,16,1,15,4,0,4
S01007834,K L M N. Financial real estate professional and administrative activities,32,32,9,23,0,0,0
S01007834,O P Q. Public administration education and health,132,128,29,99,4,0,4
S01007834,R S T U. Other,16,15,4,11,1,0,1
S01007835,All people aged 16 to 74 in employment,321,294,88,206,27,4,23
S01007835,A B D E. Agriculture energy and water,5,5,0,5,0,0,0
S01007835,C. Manufacturing,23,23,2,21,0,0,0
S01007835,F. Construction,34,25,3,22,9,1,8
S01007835,G I. Distribution hotels and restaurants,56,49,30,19,7,1,6
S01007835,H J. Transport and communication,11,10,2,8,1,0,1
S01007835,K L M N. Financial real estate professional and administrative activities,37,33,5,28,4,0,4
S01007835,O P Q. Public administration education and health,136,133,37,96,3,1,2
S01007835,R S T U. Other,19,16,9,7,3,1,2
S01007836,All people aged 16 to 74 in employment,230,213,51,162,17,3,14
S01007836,A B D E. Agriculture energy and water,7,4,1,3,3,0,3
S01007836,C. Manufacturing,16,16,0,16,0,0,0
S01007836,F. Construction,18,14,1,13,4,0,4
S01007836,G I. Distribution hotels and restaurants,39,39,17,22,0,0,0
S01007836,H J. Transport and communication,16,12,1,11,4,0,4
S01007836,K L M N. Financial real estate professional and administrative activities,26,25,2,23,1,1,0
S01007836,O P Q. Public administration education and health,94,91,22,69,3,2,1
S01007836,R S T U. Other,14,12,7,5,2,0,2
S01007837,All people aged 16 to 74 in employment,370,326,95,231,44,9,35
S01007837,A B D E. Agriculture energy and water,11,11,0,11,0,0,0
S01007837,C. Manufacturing,29,27,1,26,2,0,2
S01007837,F. Construction,40,24,4,20,16,4,12
S01007837,G I. Distribution hotels and restaurants,67,58,30,28,9,2,7
S01007837,H J. Transport and communication,34,27,8,19,7,1,6
S01007837,K L M N. Financial real estate professional and administrative activities,25,24,8,16,1,0,1
S01007837,O P Q. Public administration education and health,147,142,40,102,5,1,4
S01007837,R S T U. Other,17,13,4,9,4,1,3
S01007838,All people aged 16 to 74 in employment,382,344,88,256,38,9,29
S01007838,A B D E. Agriculture energy and water,10,10,1,9,0,0,0
S01007838,C. Manufacturing,28,23,1,22,5,3,2
S01007838,F. Construction,37,27,2,25,10,1,9
S01007838,G I. Distribution hotels and restaurants,72,67,36,31,5,1,4
S01007838,H J. Transport and communication,26,20,5,15,6,0,6
S01007838,K L M N. Financial real estate professional and administrative activities,36,34,5,29,2,0,2
S01007838,O P Q. Public administration education and health,158,152,33,119,6,3,3
S01007838,R S T U. Other,15,11,5,6,4,1,3
S01007839,All people aged 16 to 74 in employment,252,228,59,169,24,2,22
S01007839,A B D E. Agriculture energy and water,9,9,0,9,0,0,0
S01007839,C. Manufacturing,13,13,0,13,0,0,0
S01007839,F. Construction,20,13,1,12,7,0,7
S01007839,G I. Distribution hotels and restaurants,50,42,22,20,8,1,7
S01007839,H J. Transport and communication,12,10,2,8,2,0,2
S01007839,K L M N. Financial real estate professional and administrative activities,15,13,3,10,2,0,2
S01007839,O P Q. Public administration education and health,119,117,26,91,2,0,2
S01007839,R S T U. Other,14,11,5,6,3,1,2
S01007840,All people aged 16 to 74 in employment,344,326,90,236,18,6,12
S01007840,A B D E. Agriculture energy and water,6,6,1,5,0,0,0
S01007840,C. Manufacturing,20,20,3,17,0,0,0
S01007840,F. Construction,31,25,0,25,6,1,5
S01007840,G I. Distribution hotels and restaurants,75,69,33,36,6,2,4
S01007840,H J. Transport and communication,33,32,5,27,1,0,1
S01007840,K L M N. Financial real estate professional and administrative activities,31,30,9,21,1,1,0
S01007840,O P Q. Public administration education and health,131,130,35,95,1,1,0
S01007840,R S T U. Other,17,14,4,10,3,1,2
S01007841,All people aged 16 to 74 in employment,316,295,101,194,21,8,13
S01007841,A B D E. Agriculture energy and water,8,8,0,8,0,0,0
S01007841,C. Manufacturing,30,27,0,27,3,0,3
S01007841,F. Construction,19,17,0,17,2,1,1
S01007841,G I. Distribution hotels and restaurants,73,72,40,32,1,0,1
S01007841,H J. Transport and communication,26,19,4,15,7,2,5
S01007841,K L M N. Financial real estate professional and administrative activities,34,29,6,23,5,4,1
S01007841,O P Q. Public administration education and health,114,112,44,68,2,1,1
S01007841,R S T U. Other,12,11,7,4,1,0,1
S01007842,All people aged 16 to 74 in employment,293,273,102,171,20,8,12
S01007842,A B D E. Agriculture energy and water,16,14,3,11,2,1,1
S01007842,C. Manufacturing,15,15,1,14,0,0,0
S01007842,F. Construction,15,12,0,12,3,0,3
S01007842,G I. Distribution hotels and restaurants,74,73,46,27,1,1,0
S01007842,H J. Transport and communication,34,23,6,17,11,4,7
S01007842,K L M N. Financial real estate professional and administrative activities,26,26,7,19,0,0,0
S01007842,O P Q. Public administration education and health,100,100,33,67,0,0,0
S01007842,R S T U. Other,13,10,6,4,3,2,1
S01007843,All people aged 16 to 74 in employment,295,278,79,199,17,2,15
S01007843,A B D E. Agriculture energy and water,3,3,0,3,0,0,0
S01007843,C. Manufacturing,16,15,0,15,1,0,1
S01007843,F. Construction,18,15,0,15,3,0,3
S01007843,G I. Distribution hotels and restaurants,63,60,32,28,3,1,2
S01007843,H J. Transport and communication,26,21,3,18,5,0,5
S01007843,K L M N. Financial real estate professional and administrative activities,24,23,6,17,1,0,1
S01007843,O P Q. Public administration education and health,135,132,34,98,3,1,2
S01007843,R S T U. Other,10,9,4,5,1,0,1
S01007844,All people aged 16 to 74 in employment,415,383,111,272,32,9,23
S01007844,A B D E. Agriculture energy and water,5,5,1,4,0,0,0
S01007844,C. Manufacturing,25,22,1,21,3,0,3
S01007844,F. Construction,29,20,1,19,9,2,7
S01007844,G I. Distribution hotels and restaurants,96,95,46,49,1,0,1
S01007844,H J. Transport and communication,38,26,3,23,12,3,9
S01007844,K L M N. Financial real estate professional and administrative activities,30,28,8,20,2,2,0
S01007844,O P Q. Public administration education and health,175,172,45,127,3,1,2
S01007844,R S T U. Other,17,15,6,9,2,1,1
S01007845,All people aged 16 to 74 in employment,330,307,109,198,23,8,15
S01007845,A B D E. Agriculture energy and water,5,5,0,5,0,0,0
S01007845,C. Manufacturing,19,18,2,16,1,0,1
S01007845,F. Construction,20,15,0,15,5,2,3
S01007845,G I. Distribution hotels and restaurants,68,63,40,23,5,1,4
S01007845,H J. Transport and communication,21,17,1,16,4,2,2
S01007845,K L M N. Financial real estate professional and administrative activities,38,37,16,21,1,1,0
S01007845,O P Q. Public administration education and health,142,138,45,93,4,2,2
S01007845,R S T U. Other,17,14,5,9,3,0,3
S01007846,All people aged 16 to 74 in employment,292,276,86,190,16,3,13
S01007846,A B D E. Agriculture energy and water,7,7,0,7,0,0,0
S01007846,C. Manufacturing,27,25,3,22,2,0,2
S01007846,F. Construction,19,16,1,15,3,0,3
S01007846,G I. Distribution hotels and restaurants,62,60,24,36,2,0,2
S01007846,H J. Transport and communication,20,18,5,13,2,1,1
S01007846,K L M N. Financial real estate professional and administrative activities,36,34,11,23,2,0,2
S01007846,O P Q. Public administration education and health,108,105,39,66,3,1,2
S01007846,R S T U. Other,13,11,3,8,2,1,1
S01007847,All people aged 16 to 74 in employment,383,360,113,247,23,5,18
S01007847,A B D E. Agriculture energy and water,11,10,0,10,1,1,0
S01007847,C. Manufacturing,32,31,2,29,1,0,1
S01007847,F. Construction,23,16,0,16,7,0,7
S01007847,G I. Distribution hotels and restaurants,91,90,41,49,1,0,1
S01007847,H J. Transport and communication,29,26,6,20,3,0,3
S01007847,K L M N. Financial real estate professional and administrative activities,51,49,17,32,2,1,1
S01007847,O P Q. Public administration education and health,125,119,39,80,6,3,3
S01007847,R S T U. Other,21,19,8,11,2,0,2
S01007848,All people aged 16 to 74 in employment,290,278,91,187,12,5,7
S01007848,A B D E. Agriculture energy and water,6,5,0,5,1,0,1
S01007848,C. Manufacturing,18,18,1,17,0,0,0
S01007848,F. Construction,16,14,3,11,2,1,1
S01007848,G I. Distribution hotels and restaurants,78,77,32,45,1,0,1
S01007848,H J. Transport and communication,19,15,2,13,4,2,2
S01007848,K L M N. Financial real estate professional and administrative activities,27,27,10,17,0,0,0
S01007848,O P Q. Public administration education and health,112,110,37,73,2,2,0
S01007848,R S T U. Other,14,12,6,6,2,0,2
S01007849,All people aged 16 to 74 in employment,375,354,132,222,21,6,15
S01007849,A B D E. Agriculture energy and water,3,2,0,2,1,1,0
S01007849,C. Manufacturing,34,34,4,30,0,0,0
S01007849,F. Construction,29,29,1,28,0,0,0
S01007849,G I. Distribution hotels and restaurants,98,91,52,39,7,1,6
S01007849,H J. Transport and communication,26,22,5,17,4,1,3
S01007849,K L M N. Financial real estate professional and administrative activities,35,30,18,12,5,1,4
S01007849,O P Q. Public administration education and health,134,133,50,83,1,0,1
S01007849,R S T U. Other,16,13,2,11,3,2,1
S01007850,All people aged 16 to 74 in employment,296,270,82,188,26,8,18
S01007850,A B D E. Agriculture energy and water,5,5,0,5,0,0,0
S01007850,C. Manufacturing,27,24,0,24,3,0,3
S01007850,F. Construction,31,25,0,25,6,0,6
S01007850,G I. Distribution hotels and restaurants,70,68,28,40,2,1,1
S01007850,H J. Transport and communication,21,13,3,10,8,3,5
S01007850,K L M N. Financial real estate professional and administrative activities,27,24,9,15,3,2,1
S01007850,O P Q. Public administration education and health,91,89,32,57,2,1,1
S01007850,R S T U. Other,24,22,10,12,2,1,1
S01007851,All people aged 16 to 74 in employment,351,317,87,230,34,14,20
S01007851,A B D E. Agriculture energy and water,7,7,0,7,0,0,0
S01007851,C. Manufacturing,29,27,3,24,2,2,0
S01007851,F. Construction,40,31,4,27,9,2,7
S01007851,G I. Distribution hotels and restaurants,70,65,23,42,5,3,2
S01007851,H J. Transport and communication,25,20,3,17,5,1,4
S01007851,K L M N. Financial real estate professional and administrative activities,32,22,6,16,10,5,5
S01007851,O P Q. Public administration education and health,132,130,41,89,2,0,2
S01007851,R S T U. Other,16,15,7,8,1,1,0
S01007852,All people aged 16 to 74 in employment,250,229,87,142,21,3,18
S01007852,A B D E. Agriculture energy and water,3,3,0,3,0,0,0
S01007852,C. Manufacturing,28,28,3,25,0,0,0
S01007852,F. Construction,17,12,0,12,5,0,5
S01007852,G I. Distribution hotels and restaurants,72,68,33,35,4,0,4
S01007852,H J. Transport and communication,19,13,4,9,6,1,5
S01007852,K L M N. Financial real estate professional and administrative activities,16,15,6,9,1,1,0
S01007852,O P Q. Public administration education and health,85,82,36,46,3,0,3
S01007852,R S T U. Other,10,8,5,3,2,1,1
S01007853,All people aged 16 to 74 in employment,188,174,56,118,14,4,10
S01007853,A B D E. Agriculture energy and water,5,4,1,3,1,0,1
S01007853,C. Manufacturing,19,16,1,15,3,0,3
S01007853,F. Construction,7,6,0,6,1,0,1
S01007853,G I. Distribution hotels and restaurants,61,58,29,29,3,0,3
S01007853,H J. Transport and communication,8,6,0,6,2,1,1
S01007853,K L M N. Financial real estate professional and administrative activities,17,16,4,12,1,0,1
S01007853,O P Q. Public administration education and health,58,57,16,41,1,1,0
S01007853,R S T U. Other,13,11,5,6,2,2,0
S01007854,All people aged 16 to 74 in employment,371,341,99,242,30,11,19
S01007854,A B D E. Agriculture energy and water,9,6,0,6,3,2,1
S01007854,C. Manufacturing,23,23,0,23,0,0,0
S01007854,F. Construction,37,29,3,26,8,0,8
S01007854,G I. Distribution hotels and restaurants,89,86,36,50,3,0,3
S01007854,H J. Transport and communication,15,12,4,8,3,1,2
S01007854,K L M N. Financial real estate professional and administrative activities,41,36,11,25,5,4,1
S01007854,O P Q. Public administration education and health,142,137,42,95,5,1,4
S01007854,R S T U. Other,15,12,3,9,3,3,0
S01007855,All people aged 16 to 74 in employment,212,193,65,128,19,8,11
S01007855,A B D E. Agriculture energy and water,3,3,0,3,0,0,0
S01007855,C. Manufacturing,16,15,2,13,1,1,0
S01007855,F. Construction,17,9,1,8,8,0,8
S01007855,G I. Distribution hotels and restaurants,60,59,32,27,1,0,1
S01007855,H J. Transport and communication,12,10,1,9,2,2,0
S01007855,K L M N. Financial real estate professional and administrative activities,23,21,8,13,2,2,0
S01007855,O P Q. Public administration education and health,69,67,15,52,2,1,1
S01007855,R S T U. Other,12,9,6,3,3,2,1
S01007856,All people aged 16 to 74 in employment,390,364,116,248,26,5,21
S01007856,A B D E. Agriculture energy and water,9,9,0,9,0,0,0
S01007856,C. Manufacturing,27,27,0,27,0,0,0
S01007856,F. Construction,38,28,0,28,10,1,9
S01007856,G I. Distribution hotels and restaurants,89,87,42,45,2,0,2
S01007856,H J. Transport and communication,33,25,5,20,8,2,6
S01007856,K L M N. Financial real estate professional and administrative activities,40,38,11,27,2,2,0
S01007856,O P Q. Public administration education and health,136,132,47,85,4,0,4
S01007856,R S T U. Other,18,18,11,7,0,0,0
S01007857,All people aged 16 to 74 in employment,190,178,76,102,12,5,7
S01007857,A B D E. Agriculture energy and water,5,5,0,5,0,0,0
S01007857,C. Manufacturing,16,16,0,16,0,0,0
S01007857,F. Construction,15,12,2,10,3,1,2
S01007857,G I. Distribution hotels and restaurants,49,46,29,17,3,0,3
S01007857,H J. Transport and communication,12,9,3,6,3,1,2
S01007857,K L M N. Financial real estate professional and administrative activities,15,14,5,9,1,1,0
S01007857,O P Q. Public administration education and health,67,66,29,37,1,1,0
S01007857,R S T U. Other,11,10,8,2,1,1,0
S01007858,All people aged 16 to 74 in employment,400,362,147,215,38,17,21
S01007858,A B D E. Agriculture energy and water,7,7,0,7,0,0,0
S01007858,C. Manufacturing,36,35,1,34,1,1,0
S01007858,F. Construction,24,19,3,16,5,0,5
S01007858,G I. Distribution hotels and restaurants,109,107,56,51,2,2,0
S01007858,H J. Transport and communication,33,20,6,14,13,7,6
S01007858,K L M N. Financial real estate professional and administrative activities,37,34,13,21,3,2,1
S01007858,O P Q. Public administration education and health,137,128,62,66,9,3,6
S01007858,R S T U. Other,17,12,6,6,5,2,3
S01007859,All people aged 16 to 74 in employment,180,163,60,103,17,3,14
S01007859,A B D E. Agriculture energy and water,5,5,1,4,0,0,0
S01007859,C. Manufacturing,10,10,1,9,0,0,0
S01007859,F. Construction,18,13,0,13,5,0,5
S01007859,G I. Distribution hotels and restaurants,49,47,22,25,2,0,2
S01007859,H J. Transport and communication,12,8,1,7,4,1,3
S01007859,K L M N. Financial real estate professional and administrative activities,20,16,6,10,4,2,2
S01007859,O P Q. Public administration education and health,61,59,26,33,2,0,2
S01007859,R S T U. Other,5,5,3,2,0,0,0
S01007860,All people aged 16 to 74 in employment,289,258,80,178,31,3,28
S01007860,A B D E. Agriculture energy and water,5,3,0,3,2,0,2
S01007860,C. Manufacturing,26,25,2,23,1,0,1
S01007860,F. Construction,27,18,2,16,9,0,9
S01007860,G I. Distribution hotels and restaurants,58,56,30,26,2,1,1
S01007860,H J. Transport and communication,20,18,1,17,2,1,1
S01007860,K L M N. Financial real estate professional and administrative activities,27,22,5,17,5,0,5
S01007860,O P Q. Public administration education and health,114,107,39,68,7,1,6
S01007860,R S T U. Other,12,9,1,8,3,0,3
S01007861,All people aged 16 to 74 in employment,274,260,88,172,14,2,12
S01007861,A B D E. Agriculture energy and water,2,2,0,2,0,0,0
S01007861,C. Manufacturing,35,35,1,34,0,0,0
S01007861,F. Construction,20,14,1,13,6,0,6
S01007861,G I. Distribution hotels and restaurants,69,69,35,34,0,0,0
S01007861,H J. Transport and communication,26,20,4,16,6,1,5
S01007861,K L M N. Financial real estate professional and administrative activities,25,25,10,15,0,0,0
S01007861,O P Q. Public administration education and health,82,80,32,48,2,1,1
S01007861,R S T U. Other,15,15,5,10,0,0,0
S01007862,All people aged 16 to 74 in employment,301,278,102,176,23,5,18
S01007862,A B D E. Agriculture energy and water,0,0,0,0,0,0,0
S01007862,C. Manufacturing,24,24,2,22,0,0,0
S01007862,F. Construction,24,19,0,19,5,1,4
S01007862,G I. Distribution hotels and restaurants,92,84,42,42,8,1,7
S01007862,H J. Transport and communication,27,20,3,17,7,2,5
S01007862,K L M N. Financial real estate professional and administrative activities,24,23,12,11,1,0,1
S01007862,O P Q. Public administration education and health,93,91,34,57,2,1,1
S01007862,R S T U. Other,17,17,9,8,0,0,0
S01007863,All people aged 16 to 74 in employment,304,287,90,197,17,6,11
S01007863,A B D E. Agriculture energy and water,9,9,1,8,0,0,0
S01007863,C. Manufacturing,23,23,2,21,0,0,0
S01007863,F. Construction,34,31,3,28,3,1,2
S01007863,G I. Distribution hotels and restaurants,78,76,29,47,2,0,2
S01007863,H J. Transport and communication,19,12,5,7,7,0,7
S01007863,K L M N. Financial real estate professional and administrative activities,22,21,8,13,1,1,0
S01007863,O P Q. Public administration education and health,102,101,34,67,1,1,0
S01007863,R S T U. Other,17,14,8,6,3,3,0
S01007864,All people aged 16 to 74 in employment,390,366,114,252,24,4,20
S01007864,A B D E. Agriculture energy and water,8,8,0,8,0,0,0
S01007864,C. Manufacturing,36,35,2,33,1,1,0
S01007864,F. Construction,37,30,0,30,7,0,7
S01007864,G I. Distribution hotels and restaurants,85,80,39,41,5,0,5
S01007864,H J. Transport and communication,23,21,3,18,2,0,2
S01007864,K L M N. Financial real estate professional and administrative activities,31,26,11,15,5,3,2
S01007864,O P Q. Public administration education and health,148,145,52,93,3,0,3
S01007864,R S T U. Other,22,21,7,14,1,0,1
S01007865,All people aged 16 to 74 in employment,397,369,94,275,28,6,22
S01007865,A B D E. Agriculture energy and water,16,14,0,14,2,0,2
S01007865,C. Manufacturing,32,31,2,29,1,0,1
S01007865,F. Construction,37,31,2,29,6,0,6
S01007865,G I. Distribution hotels and restaurants,65,64,25,39,1,1,0
S01007865,H J. Transport and communication,23,19,5,14,4,0,4
S01007865,K L M N. Financial real estate professional and administrative activities,45,42,9,33,3,1,2
S01007865,O P Q. Public administration education and health,160,156,48,108,4,2,2
S01007865,R S T U. Other,19,12,3,9,7,2,5
S01007866,All people aged 16 to 74 in employment,376,338,75,263,38,8,30
S01007866,A B D E. Agriculture energy and water,14,11,2,9,3,0,3
S01007866,C. Manufacturing,33,32,1,31,1,0,1
S01007866,F. Construction,35,24,2,22,11,2,9
S01007866,G I. Distribution hotels and restaurants,73,68,28,40,5,2,3
S01007866,H J. Transport and communication,22,13,1,12,9,2,7
S01007866,K L M N. Financial real estate professional and administrative activities,44,42,10,32,2,0,2
S01007866,O P Q. Public administration education and health,139,135,28,107,4,1,3
S01007866,R S T U. Other,16,13,3,10,3,1,2
S01007867,All people aged 16 to 74 in employment,239,205,38,167,34,5,29
S01007867,A B D E. Agriculture energy and water,17,14,1,13,3,0,3
S01007867,C. Manufacturing,10,9,0,9,1,0,1
S01007867,F. Construction,12,6,0,6,6,1,5
S01007867,G I. Distribution hotels and restaurants,45,37,11,26,8,0,8
S01007867,H J. Transport and communication,6,6,0,6,0,0,0
S01007867,K L M N. Financial real estate professional and administrative activities,30,25,5,20,5,1,4
S01007867,O P Q. Public administration education and health,104,97,16,81,7,1,6
S01007867,R S T U. Other,15,11,5,6,4,2,2
S01007868,All people aged 16 to 74 in employment,473,429,136,293,44,10,34
S01007868,A B D E. Agriculture energy and water,6,5,0,5,1,0,1
S01007868,C. Manufacturing,30,28,2,26,2,0,2
S01007868,F. Construction,45,32,2,30,13,2,11
S01007868,G I. Distribution hotels and restaurants,76,70,40,30,6,1,5
S01007868,H J. Transport and communication,40,33,5,28,7,2,5
S01007868,K L M N. Financial real estate professional and administrative activities,52,44,15,29,8,4,4
S01007868,O P Q. Public administration education and health,210,205,64,141,5,1,4
S01007868,R S T U. Other,14,12,8,4,2,0,2
S01007869,All people aged 16 to 74 in employment,490,437,97,340,53,14,39
S01007869,A B D E. Agriculture energy and water,11,10,0,10,1,0,1
S01007869,C. Manufacturing,31,30,1,29,1,0,1
S01007869,F. Construction,27,20,2,18,7,0,7
S01007869,G I. Distribution hotels and restaurants,81,73,36,37,8,3,5
S01007869,H J. Transport and communication,37,31,6,25,6,2,4
S01007869,K L M N. Financial real estate professional and administrative activities,64,52,7,45,12,3,9
S01007869,O P Q. Public administration education and health,223,207,43,164,16,5,11
S01007869,R S T U. Other,16,14,2,12,2,1,1
S01007870,All people aged 16 to 74 in employment,274,222,58,164,52,12,40
S01007870,A B D E. Agriculture energy and water,43,30,0,30,13,2,11
S01007870,C. Manufacturing,13,12,1,11,1,0,1
S01007870,F. Construction,17,10,1,9,7,0,7
S01007870,G I. Distribution hotels and restaurants,50,40,16,24,10,1,9
S01007870,H J. Transport and communication,23,20,1,19,3,0,3
S01007870,K L M N. Financial real estate professional and administrative activities,22,13,5,8,9,5,4
S01007870,O P Q. Public administration education and health,96,90,33,57,6,3,3
S01007870,R S T U. Other,10,7,1,6,3,1,2
S01007871,All people aged 16 to 74 in employment,209,182,70,112,27,9,18
S01007871,A B D E. Agriculture energy and water,21,15,0,15,6,0,6
S01007871,C. Manufacturing,18,18,3,15,0,0,0
S01007871,F. Construction,16,15,1,14,1,0,1
S01007871,G I. Distribution hotels and restaurants,44,36,21,15,8,2,6
S01007871,H J. Transport and communication,10,9,2,7,1,1,0
S01007871,K L M N. Financial real estate professional and administrative activities,16,9,3,6,7,2,5
S01007871,O P Q. Public administration education and health,77,74,37,37,3,3,0
S01007871,R S T U. Other,7,6,3,3,1,1,0
S01007872,All people aged 16 to 74 in employment,222,209,91,118,13,2,11
S01007872,A B D E. Agriculture energy and water,14,11,2,9,3,0,3
S01007872,C. Manufacturing,10,10,1,9,0,0,0
S01007872,F. Construction,20,17,1,16,3,0,3
S01007872,G I. Distribution hotels and restaurants,49,47,25,22,2,0,2
S01007872,H J. Transport and communication,4,3,1,2,1,0,1
S01007872,K L M N. Financial real estate professional and administrative activities,14,13,7,6,1,0,1
S01007872,O P Q. Public administration education and health,99,98,50,48,1,0,1
S01007872,R S T U. Other,12,10,4,6,2,2,0
S01007873,All people aged 16 to 74 in employment,307,270,97,173,37,11,26
S01007873,A B D E. Agriculture energy and water,31,26,4,22,5,1,4
S01007873,C. Manufacturing,18,15,0,15,3,0,3
S01007873,F. Construction,18,12,0,12,6,1,5
S01007873,G I. Distribution hotels and restaurants,53,43,21,22,10,1,9
S01007873,H J. Transport and communication,18,13,3,10,5,3,2
S01007873,K L M N. Financial real estate professional and administrative activities,20,18,7,11,2,1,1
S01007873,O P Q. Public administration education and health,131,128,56,72,3,3,0
S01007873,R S T U. Other,18,15,6,9,3,1,2
S01007874,All people aged 16 to 74 in employment,293,268,91,177,25,1,24
S01007874,A B D E. Agriculture energy and water,21,18,1,17,3,0,3
S01007874,C. Manufacturing,27,26,2,24,1,0,1
S01007874,F. Construction,23,17,1,16,6,0,6
S01007874,G I. Distribution hotels and restaurants,58,51,27,24,7,1,6
S01007874,H J. Transport and communication,19,13,0,13,6,0,6
S01007874,K L M N. Financial real estate professional and administrative activities,11,11,5,6,0,0,0
S01007874,O P Q. Public administration education and health,124,123,50,73,1,0,1
S01007874,R S T U. Other,10,9,5,4,1,0,1
S01007875,All people aged 16 to 74 in employment,257,237,84,153,20,4,16
S01007875,A B D E. Agriculture energy and water,6,6,0,6,0,0,0
S01007875,C. Manufacturing,17,16,2,14,1,0,1
S01007875,F. Construction,27,22,0,22,5,2,3
S01007875,G I. Distribution hotels and restaurants,64,60,36,24,4,0,4
S01007875,H J. Transport and communication,20,18,5,13,2,0,2
S01007875,K L M N. Financial real estate professional and administrative activities,17,16,5,11,1,0,1
S01007875,O P Q. Public administration education and health,96,92,34,58,4,1,3
S01007875,R S T U. Other,10,7,2,5,3,1,2
S01007876,All people aged 16 to 74 in employment,468,409,117,292,59,22,37
S01007876,A B D E. Agriculture energy and water,17,10,0,10,7,2,5
S01007876,C. Manufacturing,29,25,2,23,4,0,4
S01007876,F. Construction,47,33,2,31,14,2,12
S01007876,G I. Distribution hotels and restaurants,95,86,37,49,9,3,6
S01007876,H J. Transport and communication,20,16,3,13,4,1,3
S01007876,K L M N. Financial real estate professional and administrative activities,55,44,10,34,11,7,4
S01007876,O P Q. Public administration education and health,184,182,60,122,2,2,0
S01007876,R S T U. Other,21,13,3,10,8,5,3
S01007877,All people aged 16 to 74 in employment,326,292,99,193,34,7,27
S01007877,A B D E. Agriculture energy and water,29,27,0,27,2,0,2
S01007877,C. Manufacturing,23,23,2,21,0,0,0
S01007877,F. Construction,28,20,0,20,8,0,8
S01007877,G I. Distribution hotels and restaurants,81,73,39,34,8,1,7
S01007877,H J. Transport and communication,23,20,7,13,3,0,3
S01007877,K L M N. Financial real estate professional and administrative activities,20,17,5,12,3,2,1
S01007877,O P Q. Public administration education and health,107,100,44,56,7,2,5
S01007877,R S T U. Other,15,12,2,10,3,2,1
S01007878,All people aged 16 to 74 in employment,249,230,77,153,19,3,16
S01007878,A B D E. Agriculture energy and water,20,16,1,15,4,0,4
S01007878,C. Manufacturing,17,17,1,16,0,0,0
S01007878,F. Construction,18,15,0,15,3,1,2
S01007878,G I. Distribution hotels and restaurants,49,45,24,21,4,1,3
S01007878,H J. Transport and communication,18,13,3,10,5,0,5
S01007878,K L M N. Financial real estate professional and administrative activities,15,14,4,10,1,0,1
S01007878,O P Q. Public administration education and health,101,100,39,61,1,1,0
S01007878,R S T U. Other,11,10,5,5,1,0,1
S01007879,All people aged 16 to 74 in employment,273,261,93,168,12,4,8
S01007879,A B D E. Agriculture energy and water,17,15,0,15,2,1,1
S01007879,C. Manufacturing,23,23,2,21,0,0,0
S01007879,F. Construction,21,19,4,15,2,0,2
S01007879,G I. Distribution hotels and restaurants,49,45,18,27,4,2,2
S01007879,H J. Transport and communication,19,19,4,15,0,0,0
S01007879,K L M N. Financial real estate professional and administrative activities,14,12,5,7,2,0,2
S01007879,O P Q. Public administration education and health,116,115,54,61,1,1,0
S01007879,R S T U. Other,14,13,6,7,1,0,1
S01007880,All people aged 16 to 74 in employment,197,147,44,103,50,11,39
S01007880,A B D E. Agriculture energy and water,28,13,2,11,15,1,14
S01007880,C. Manufacturing,13,12,1,11,1,0,1
S01007880,F. Construction,13,10,0,10,3,1,2
S01007880,G I. Distribution hotels and restaurants,41,27,11,16,14,2,12
S01007880,H J. Transport and communication,11,9,0,9,2,1,1
S01007880,K L M N. Financial real estate professional and administrative activities,23,14,6,8,9,2,7
S01007880,O P Q. Public administration education and health,61,58,22,36,3,3,0
S01007880,R S T U. Other,7,4,2,2,3,1,2
S01007881,All people aged 16 to 74 in employment,216,177,47,130,39,8,31
S01007881,A B D E. Agriculture energy and water,33,16,1,15,17,3,14
S01007881,C. Manufacturing,14,14,2,12,0,0,0
S01007881,F. Construction,23,18,2,16,5,1,4
S01007881,G I. Distribution hotels and restaurants,47,42,11,31,5,0,5
S01007881,H J. Transport and communication,12,11,4,7,1,0,1
S01007881,K L M N. Financial real estate professional and administrative activities,18,15,4,11,3,1,2
S01007881,O P Q. Public administration education and health,53,51,19,32,2,1,1
S01007881,R S T U. Other,16,10,4,6,6,2,4
S01007882,All people aged 16 to 74 in employment,421,319,83,236,102,10,92
S01007882,A B D E. Agriculture energy and water,82,32,2,30,50,2,48
S01007882,C. Manufacturing,23,18,0,18,5,1,4
S01007882,F. Construction,32,29,0,29,3,0,3
S01007882,G I. Distribution hotels and restaurants,82,61,29,32,21,2,19
S01007882,H J. Transport and communication,26,21,2,19,5,0,5
S01007882,K L M N. Financial real estate professional and administrative activities,31,27,7,20,4,3,1
S01007882,O P Q. Public administration education and health,132,125,42,83,7,1,6
S01007882,R S T U. Other,13,6,1,5,7,1,6
S01007883,All people aged 16 to 74 in employment,537,474,101,373,63,10,53
S01007883,A B D E. Agriculture energy and water,41,31,0,31,10,2,8
S01007883,C. Manufacturing,44,44,1,43,0,0,0
S01007883,F. Construction,61,40,6,34,21,0,21
S01007883,G I. Distribution hotels and restaurants,98,86,28,58,12,0,12
S01007883,H J. Transport and communication,38,34,3,31,4,1,3
S01007883,K L M N. Financial real estate professional and administrative activities,39,33,9,24,6,3,3
S01007883,O P Q. Public administration education and health,200,194,45,149,6,3,3
S01007883,R S T U. Other,16,12,9,3,4,1,3
S01007884,All people aged 16 to 74 in employment,301,270,81,189,31,2,29
S01007884,A B D E. Agriculture energy and water,9,8,0,8,1,0,1
S01007884,C. Manufacturing,22,21,1,20,1,0,1
S01007884,F. Construction,42,26,1,25,16,0,16
S01007884,G I. Distribution hotels and restaurants,60,54,27,27,6,1,5
S01007884,H J. Transport and communication,23,23,3,20,0,0,0
S01007884,K L M N. Financial real estate professional and administrative activities,20,19,5,14,1,0,1
S01007884,O P Q. Public administration education and health,113,109,39,70,4,1,3
S01007884,R S T U. Other,12,10,5,5,2,0,2
S01007885,All people aged 16 to 74 in employment,268,242,63,179,26,7,19
S01007885,A B D E. Agriculture energy and water,11,10,1,9,1,0,1
S01007885,C. Manufacturing,42,42,1,41,0,0,0
S01007885,F. Construction,39,31,0,31,8,1,7
S01007885,G I. Distribution hotels and restaurants,46,40,19,21,6,1,5
S01007885,H J. Transport and communication,21,19,4,15,2,0,2
S01007885,K L M N. Financial real estate professional and administrative activities,22,17,7,10,5,4,1
S01007885,O P Q. Public administration education and health,73,72,23,49,1,0,1
S01007885,R S T U. Other,14,11,8,3,3,1,2
S01007886,All people aged 16 to 74 in employment,394,344,88,256,50,11,39
S01007886,A B D E. Agriculture energy and water,14,13,1,12,1,0,1
S01007886,C. Manufacturing,46,44,8,36,2,1,1
S01007886,F. Construction,52,30,1,29,22,2,20
S01007886,G I. Distribution hotels and restaurants,61,57,19,38,4,3,1
S01007886,H J. Transport and communication,22,16,5,11,6,2,4
S01007886,K L M N. Financial real estate professional and administrative activities,43,37,8,29,6,2,4
S01007886,O P Q. Public administration education and health,135,130,39,91,5,1,4
S01007886,R S T U. Other,21,17,7,10,4,0,4
S01007887,All people aged 16 to 74 in employment,307,230,65,165,77,14,63
S01007887,A B D E. Agriculture energy and water,50,18,3,15,32,1,31
S01007887,C. Manufacturing,23,20,2,18,3,2,1
S01007887,F. Construction,30,16,1,15,14,0,14
S01007887,G I. Distribution hotels and restaurants,49,41,17,24,8,3,5
S01007887,H J. Transport and communication,17,16,6,10,1,0,1
S01007887,K L M N. Financial real estate professional and administrative activities,24,15,6,9,9,5,4
S01007887,O P Q. Public administration education and health,94,89,24,65,5,2,3
S01007887,R S T U. Other,20,15,6,9,5,1,4
S01007888,All people aged 16 to 74 in employment,418,394,144,250,24,8,16
S01007888,A B D E. Agriculture energy and water,18,16,4,12,2,2,0
S01007888,C. Manufacturing,37,37,5,32,0,0,0
S01007888,F. Construction,50,40,0,40,10,0,10
S01007888,G I. Distribution hotels and restaurants,122,118,65,53,4,1,3
S01007888,H J. Transport and communication,22,22,8,14,0,0,0
S01007888,K L M N. Financial real estate professional and administrative activities,28,26,9,17,2,2,0
S01007888,O P Q. Public administration education and health,123,120,47,73,3,2,1
S01007888,R S T U. Other,18,15,6,9,3,1,2
S01007889,All people aged 16 to 74 in employment,218,207,70,137,11,5,6
S01007889,A B D E. Agriculture energy and water,7,7,0,7,0,0,0
S01007889,C. Manufacturing,17,17,0,17,0,0,0
S01007889,F. Construction,24,21,1,20,3,0,3
S01007889,G I. Distribution hotels and restaurants,58,58,28,30,0,0,0
S01007889,H J. Transport and communication,12,9,0,9,3,1,2
S01007889,K L M N. Financial real estate professional and administrative activities,18,16,9,7,2,1,1
S01007889,O P Q. Public administration education and health,70,67,26,41,3,3,0
S01007889,R S T U. Other,12,12,6,6,0,0,0
S01007890,All people aged 16 to 74 in employment,346,302,104,198,44,6,38
S01007890,A B D E. Agriculture energy and water,10,6,0,6,4,0,4
S01007890,C. Manufacturing,33,32,3,29,1,0,1
S01007890,F. Construction,42,25,2,23,17,0,17
S01007890,G I. Distribution hotels and restaurants,92,83,45,38,9,2,7
S01007890,H J. Transport and communication,25,22,2,20,3,1,2
S01007890,K L M N. Financial real estate professional and administrative activities,29,25,12,13,4,0,4
S01007890,O P Q. Public administration education and health,104,101,36,65,3,2,1
S01007890,R S T U. Other,11,8,4,4,3,1,2
S01007891,All people aged 16 to 74 in employment,418,384,109,275,34,5,29
S01007891,A B D E. Agriculture energy and water,16,15,1,14,1,0,1
S01007891,C. Manufacturing,43,42,5,37,1,0,1
S01007891,F. Construction,60,47,2,45,13,1,12
S01007891,G I. Distribution hotels and restaurants,79,71,32,39,8,2,6
S01007891,H J. Transport and communication,30,27,5,22,3,0,3
S01007891,K L M N. Financial real estate professional and administrative activities,27,24,4,20,3,1,2
S01007891,O P Q. Public administration education and health,145,142,53,89,3,0,3
S01007891,R S T U. Other,18,16,7,9,2,1,1
S01007892,All people aged 16 to 74 in employment,378,330,108,222,48,16,32
S01007892,A B D E. Agriculture energy and water,13,6,0,6,7,2,5
S01007892,C. Manufacturing,41,39,3,36,2,0,2
S01007892,F. Construction,42,27,1,26,15,2,13
S01007892,G I. Distribution hotels and restaurants,66,64,34,30,2,0,2
S01007892,H J. Transport and communication,22,20,5,15,2,0,2
S01007892,K L M N. Financial real estate professional and administrative activities,46,37,12,25,9,5,4
S01007892,O P Q. Public administration education and health,125,117,39,78,8,5,3
S01007892,R S T U. Other,23,20,14,6,3,2,1
S01007893,All people aged 16 to 74 in employment,487,408,121,287,79,14,65
S01007893,A B D E. Agriculture energy and water,18,12,1,11,6,0,6
S01007893,C. Manufacturing,39,38,1,37,1,0,1
S01007893,F. Construction,68,41,2,39,27,0,27
S01007893,G I. Distribution hotels and restaurants,96,84,46,38,12,2,10
S01007893,H J. Transport and communication,24,18,6,12,6,0,6
S01007893,K L M N. Financial real estate professional and administrative activities,41,33,8,25,8,4,4
S01007893,O P Q. Public administration education and health,175,161,50,111,14,7,7
S01007893,R S T U. Other,26,21,7,14,5,1,4
S01007894,All people aged 16 to 74 in employment,450,403,122,281,47,12,35
S01007894,A B D E. Agriculture energy and water,12,12,1,11,0,0,0
S01007894,C. Manufacturing,51,50,5,45,1,0,1
S01007894,F. Construction,66,49,2,47,17,2,15
S01007894,G I. Distribution hotels and restaurants,83,77,48,29,6,1,5
S01007894,H J. Transport and communication,35,30,6,24,5,2,3
S01007894,K L M N. Financial real estate professional and administrative activities,46,38,11,27,8,3,5
S01007894,O P Q. Public administration education and health,140,134,44,90,6,3,3
S01007894,R S T U. Other,17,13,5,8,4,1,3
S01007895,All people aged 16 to 74 in employment,240,209,52,157,31,9,22
S01007895,A B D E. Agriculture energy and water,10,10,1,9,0,0,0
S01007895,C. Manufacturing,29,27,3,24,2,0,2
S01007895,F. Construction,36,26,0,26,10,0,10
S01007895,G I. Distribution hotels and restaurants,46,36,21,15,10,4,6
S01007895,H J. Transport and communication,13,10,0,10,3,0,3
S01007895,K L M N. Financial real estate professional and administrative activities,31,28,4,24,3,2,1
S01007895,O P Q. Public administration education and health,67,65,19,46,2,2,0
S01007895,R S T U. Other,8,7,4,3,1,1,0
S01007896,All people aged 16 to 74 in employment,331,297,84,213,34,14,20
S01007896,A B D E. Agriculture energy and water,17,15,1,14,2,0,2
S01007896,C. Manufacturing,29,29,3,26,0,0,0
S01007896,F. Construction,42,32,2,30,10,3,7
S01007896,G I. Distribution hotels and restaurants,59,56,28,28,3,1,2
S01007896,H J. Transport and communication,31,30,4,26,1,0,1
S01007896,K L M N. Financial real estate professional and administrative activities,29,25,10,15,4,2,2
S01007896,O P Q. Public administration education and health,99,96,28,68,3,3,0
S01007896,R S T U. Other,25,14,8,6,11,5,6
S01007897,All people aged 16 to 74 in employment,230,163,38,125,67,9,58
S01007897,A B D E. Agriculture energy and water,49,20,1,19,29,1,28
S01007897,C. Manufacturing,19,18,1,17,1,0,1
S01007897,F. Construction,22,10,1,9,12,1,11
S01007897,G I. Distribution hotels and restaurants,24,20,11,9,4,1,3
S01007897,H J. Transport and communication,12,10,2,8,2,0,2
S01007897,K L M N. Financial real estate professional and administrative activities,30,20,3,17,10,1,9
S01007897,O P Q. Public administration education and health,62,54,18,36,8,5,3
S01007897,R S T U. Other,12,11,1,10,1,0,1
S01007898,All people aged 16 to 74 in employment,233,169,52,117,64,14,50
S01007898,A B D E. Agriculture energy and water,56,29,4,25,27,1,26
S01007898,C. Manufacturing,13,9,1,8,4,0,4
S01007898,F. Construction,15,9,1,8,6,1,5
S01007898,G I. Distribution hotels and restaurants,34,27,13,14,7,2,5
S01007898,H J. Transport and communication,13,11,3,8,2,0,2
S01007898,K L M N. Financial real estate professional and administrative activities,18,13,5,8,5,1,4
S01007898,O P Q. Public administration education and health,71,64,20,44,7,4,3
S01007898,R S T U. Other,13,7,5,2,6,5,1
S01007899,All people aged 16 to 74 in employment,199,136,36,100,63,2,61
S01007899,A B D E. Agriculture energy and water,55,19,2,17,36,1,35
S01007899,C. Manufacturing,11,10,0,10,1,0,1
S01007899,F. Construction,14,5,0,5,9,0,9
S01007899,G I. Distribution hotels and restaurants,31,23,12,11,8,0,8
S01007899,H J. Transport and communication,18,12,0,12,6,0,6
S01007899,K L M N. Financial real estate professional and administrative activities,12,9,4,5,3,1,2
S01007899,O P Q. Public administration education and health,53,53,16,37,0,0,0
S01007899,R S T U. Other,5,5,2,3,0,0,0
S01007900,All people aged 16 to 74 in employment,214,199,56,143,15,3,12
S01007900,A B D E. Agriculture energy and water,16,16,0,16,0,0,0
S01007900,C. Manufacturing,23,22,1,21,1,0,1
S01007900,F. Construction,28,19,2,17,9,0,9
S01007900,G I. Distribution hotels and restaurants,34,33,19,14,1,0,1
S01007900,H J. Transport and communication,15,15,4,11,0,0,0
S01007900,K L M N. Financial real estate professional and administrative activities,18,16,2,14,2,2,0
S01007900,O P Q. Public administration education and health,78,76,27,49,2,1,1
S01007900,R S T U. Other,2,2,1,1,0,0,0
S01007901,All people aged 16 to 74 in employment,291,264,89,175,27,7,20
S01007901,A B D E. Agriculture energy and water,22,21,1,20,1,0,1
S01007901,C. Manufacturing,28,27,0,27,1,0,1
S01007901,F. Construction,43,33,3,30,10,1,9
S01007901,G I. Distribution hotels and restaurants,39,36,26,10,3,0,3
S01007901,H J. Transport and communication,23,19,4,15,4,1,3
S01007901,K L M N. Financial real estate professional and administrative activities,24,22,12,10,2,1,1
S01007901,O P Q. Public administration education and health,103,99,39,60,4,3,1
S01007901,R S T U. Other,9,7,4,3,2,1,1
S01007902,All people aged 16 to 74 in employment,323,296,83,213,27,4,23
S01007902,A B D E. Agriculture energy and water,52,49,4,45,3,0,3
S01007902,C. Manufacturing,21,21,1,20,0,0,0
S01007902,F. Construction,32,25,1,24,7,2,5
S01007902,G I. Distribution hotels and restaurants,59,52,28,24,7,0,7
S01007902,H J. Transport and communication,22,18,2,16,4,0,4
S01007902,K L M N. Financial real estate professional and administrative activities,31,30,5,25,1,1,0
S01007902,O P Q. Public administration education and health,94,93,39,54,1,0,1
S01007902,R S T U. Other,12,8,3,5,4,1,3
S01007903,All people aged 16 to 74 in employment,228,199,55,144,29,7,22
S01007903,A B D E. Agriculture energy and water,27,24,0,24,3,1,2
S01007903,C. Manufacturing,23,20,0,20,3,1,2
S01007903,F. Construction,30,25,0,25,5,0,5
S01007903,G I. Distribution hotels and restaurants,38,30,18,12,8,0,8
S01007903,H J. Transport and communication,16,14,1,13,2,0,2
S01007903,K L M N. Financial real estate professional and administrative activities,19,17,2,15,2,1,1
S01007903,O P Q. Public administration education and health,66,64,32,32,2,2,0
S01007903,R S T U. Other,9,5,2,3,4,2,2
S01007904,All people aged 16 to 74 in employment,398,298,78,220,100,11,89
S01007904,A B D E. Agriculture energy and water,69,31,2,29,38,2,36
S01007904,C. Manufacturing,41,36,5,31,5,1,4
S01007904,F. Construction,26,17,1,16,9,0,9
S01007904,G I. Distribution hotels and restaurants,53,42,22,20,11,1,10
S01007904,H J. Transport and communication,26,18,1,17,8,1,7
S01007904,K L M N. Financial real estate professional and administrative activities,33,19,3,16,14,4,10
S01007904,O P Q. Public administration education and health,134,126,39,87,8,1,7
S01007904,R S T U. Other,16,9,5,4,7,1,6
S01007905,All people aged 16 to 74 in employment,232,223,70,153,9,2,7
S01007905,A B D E. Agriculture energy and water,28,28,2,26,0,0,0
S01007905,C. Manufacturing,43,41,3,38,2,1,1
S01007905,F. Construction,27,23,0,23,4,1,3
S01007905,G I. Distribution hotels and restaurants,52,52,30,22,0,0,0
S01007905,H J. Transport and communication,9,9,2,7,0,0,0
S01007905,K L M N. Financial real estate professional and administrative activities,11,11,2,9,0,0,0
S01007905,O P Q. Public administration education and health,56,54,29,25,2,0,2
S01007905,R S T U. Other,6,5,2,3,1,0,1
S01007906,All people aged 16 to 74 in employment,261,238,64,174,23,6,17
S01007906,A B D E. Agriculture energy and water,38,35,2,33,3,1,2
S01007906,C. Manufacturing,48,47,4,43,1,0,1
S01007906,F. Construction,20,17,2,15,3,0,3
S01007906,G I. Distribution hotels and restaurants,37,35,19,16,2,1,1
S01007906,H J. Transport and communication,21,18,4,14,3,1,2
S01007906,K L M N. Financial real estate professional and administrative activities,16,10,3,7,6,2,4
S01007906,O P Q. Public administration education and health,72,70,28,42,2,1,1
S01007906,R S T U. Other,9,6,2,4,3,0,3
S01007907,All people aged 16 to 74 in employment,218,203,53,150,15,4,11
S01007907,A B D E. Agriculture energy and water,31,27,1,26,4,1,3
S01007907,C. Manufacturing,20,20,1,19,0,0,0
S01007907,F. Construction,21,16,0,16,5,2,3
S01007907,G I. Distribution hotels and restaurants,41,39,17,22,2,1,1
S01007907,H J. Transport and communication,15,14,3,11,1,0,1
S01007907,K L M N. Financial real estate professional and administrative activities,17,16,3,13,1,0,1
S01007907,O P Q. Public administration education and health,59,58,24,34,1,0,1
S01007907,R S T U. Other,14,13,4,9,1,0,1
S01007908,All people aged 16 to 74 in employment,380,338,88,250,42,8,34
S01007908,A B D E. Agriculture energy and water,34,29,0,29,5,1,4
S01007908,C. Manufacturing,45,43,2,41,2,0,2
S01007908,F. Construction,40,26,1,25,14,1,13
S01007908,G I. Distribution hotels and restaurants,66,57,30,27,9,3,6
S01007908,H J. Transport and communication,25,22,1,21,3,0,3
S01007908,K L M N. Financial real estate professional and administrative activities,27,24,5,19,3,0,3
S01007908,O P Q. Public administration education and health,129,126,43,83,3,1,2
S01007908,R S T U. Other,14,11,6,5,3,2,1
S01007909,All people aged 16 to 74 in employment,241,221,59,162,20,5,15
S01007909,A B D E. Agriculture energy and water,35,32,1,31,3,0,3
S01007909,C. Manufacturing,22,22,0,22,0,0,0
S01007909,F. Construction,20,16,0,16,4,0,4
S01007909,G I. Distribution hotels and restaurants,41,36,14,22,5,1,4
S01007909,H J. Transport and communication,17,13,3,10,4,1,3
S01007909,K L M N. Financial real estate professional and administrative activities,17,14,6,8,3,2,1
S01007909,O P Q. Public administration education and health,78,78,32,46,0,0,0
S01007909,R S T U. Other,11,10,3,7,1,1,0
S01007910,All people aged 16 to 74 in employment,351,322,107,215,29,9,20
S01007910,A B D E. Agriculture energy and water,28,27,0,27,1,0,1
S01007910,C. Manufacturing,44,43,5,38,1,1,0
S01007910,F. Construction,32,24,0,24,8,2,6
S01007910,G I. Distribution hotels and restaurants,70,65,39,26,5,1,4
S01007910,H J. Transport and communication,16,14,3,11,2,0,2
S01007910,K L M N. Financial real estate professional and administrative activities,25,22,8,14,3,1,2
S01007910,O P Q. Public administration education and health,117,110,44,66,7,2,5
S01007910,R S T U. Other,19,17,8,9,2,2,0
S01007911,All people aged 16 to 74 in employment,355,325,88,237,30,8,22
S01007911,A B D E. Agriculture energy and water,22,18,0,18,4,1,3
S01007911,C. Manufacturing,36,36,2,34,0,0,0
S01007911,F. Construction,33,26,1,25,7,0,7
S01007911,G I. Distribution hotels and restaurants,65,58,29,29,7,2,5
S01007911,H J. Transport and communication,17,16,4,12,1,0,1
S01007911,K L M N. Financial real estate professional and administrative activities,33,28,7,21,5,1,4
S01007911,O P Q. Public administration education and health,135,132,43,89,3,1,2
S01007911,R S T U. Other,14,11,2,9,3,3,0
S01007912,All people aged 16 to 74 in employment,348,321,98,223,27,8,19
S01007912,A B D E. Agriculture energy and water,19,19,0,19,0,0,0
S01007912,C. Manufacturing,41,38,1,37,3,1,2
S01007912,F. Construction,34,23,3,20,11,3,8
S01007912,G I. Distribution hotels and restaurants,55,51,29,22,4,0,4
S01007912,H J. Transport and communication,29,27,4,23,2,0,2
S01007912,K L M N. Financial real estate professional and administrative activities,20,18,11,7,2,1,1
S01007912,O P Q. Public administration education and health,136,133,44,89,3,1,2
S01007912,R S T U. Other,14,12,6,6,2,2,0
S01007913,All people aged 16 to 74 in employment,237,214,72,142,23,6,17
S01007913,A B D E. Agriculture energy and water,12,10,1,9,2,2,0
S01007913,C. Manufacturing,29,29,0,29,0,0,0
S01007913,F. Construction,27,16,3,13,11,3,8
S01007913,G I. Distribution hotels and restaurants,56,51,25,26,5,1,4
S01007913,H J. Transport and communication,19,17,5,12,2,0,2
S01007913,K L M N. Financial real estate professional and administrative activities,20,18,9,9,2,0,2
S01007913,O P Q. Public administration education and health,68,68,27,41,0,0,0
S01007913,R S T U. Other,6,5,2,3,1,0,1
S01007914,All people aged 16 to 74 in employment,239,219,66,153,20,2,18
S01007914,A B D E. Agriculture energy and water,14,14,2,12,0,0,0
S01007914,C. Manufacturing,20,19,0,19,1,0,1
S01007914,F. Construction,23,12,1,11,11,1,10
S01007914,G I. Distribution hotels and restaurants,48,45,29,16,3,0,3
S01007914,H J. Transport and communication,23,23,3,20,0,0,0
S01007914,K L M N. Financial real estate professional and administrative activities,16,15,3,12,1,1,0
S01007914,O P Q. Public administration education and health,83,80,24,56,3,0,3
S01007914,R S T U. Other,12,11,4,7,1,0,1
S01007915,All people aged 16 to 74 in employment,374,342,116,226,32,8,24
S01007915,A B D E. Agriculture energy and water,13,12,2,10,1,0,1
S01007915,C. Manufacturing,32,29,0,29,3,2,1
S01007915,F. Construction,35,20,3,17,15,1,14
S01007915,G I. Distribution hotels and restaurants,69,64,33,31,5,2,3
S01007915,H J. Transport and communication,18,17,1,16,1,0,1
S01007915,K L M N. Financial real estate professional and administrative activities,32,29,13,16,3,2,1
S01007915,O P Q. Public administration education and health,157,153,56,97,4,1,3
S01007915,R S T U. Other,18,18,8,10,0,0,0
S01007916,All people aged 16 to 74 in employment,302,273,88,185,29,3,26
S01007916,A B D E. Agriculture energy and water,15,12,1,11,3,1,2
S01007916,C. Manufacturing,28,27,2,25,1,0,1
S01007916,F. Construction,28,17,1,16,11,0,11
S01007916,G I. Distribution hotels and restaurants,54,53,28,25,1,0,1
S01007916,H J. Transport and communication,22,20,6,14,2,0,2
S01007916,K L M N. Financial real estate professional and administrative activities,36,29,8,21,7,1,6
S01007916,O P Q. Public administration education and health,113,111,41,70,2,1,1
S01007916,R S T U. Other,6,4,1,3,2,0,2
S01007917,All people aged 16 to 74 in employment,369,339,97,242,30,7,23
S01007917,A B D E. Agriculture energy and water,41,41,1,40,0,0,0
S01007917,C. Manufacturing,36,34,1,33,2,0,2
S01007917,F. Construction,34,18,0,18,16,1,15
S01007917,G I. Distribution hotels and restaurants,57,54,30,24,3,2,1
S01007917,H J. Transport and communication,24,24,5,19,0,0,0
S01007917,K L M N. Financial real estate professional and administrative activities,30,26,10,16,4,2,2
S01007917,O P Q. Public administration education and health,130,127,42,85,3,1,2
S01007917,R S T U. Other,17,15,8,7,2,1,1
S01007918,All people aged 16 to 74 in employment,413,372,105,267,41,9,32
S01007918,A B D E. Agriculture energy and water,32,30,6,24,2,1,1
S01007918,C. Manufacturing,39,37,3,34,2,0,2
S01007918,F. Construction,43,31,2,29,12,1,11
S01007918,G I. Distribution hotels and restaurants,60,54,31,23,6,0,6
S01007918,H J. Transport and communication,25,20,3,17,5,1,4
S01007918,K L M N. Financial real estate professional and administrative activities,40,37,9,28,3,1,2
S01007918,O P Q. Public administration education and health,155,149,48,101,6,4,2
S01007918,R S T U. Other,19,14,3,11,5,1,4
S01007919,All people aged 16 to 74 in employment,383,338,70,268,45,12,33
S01007919,A B D E. Agriculture energy and water,24,23,1,22,1,0,1
S01007919,C. Manufacturing,38,38,5,33,0,0,0
S01007919,F. Construction,27,21,1,20,6,1,5
S01007919,G I. Distribution hotels and restaurants,48,35,20,15,13,3,10
S01007919,H J. Transport and communication,18,14,3,11,4,0,4
S01007919,K L M N. Financial real estate professional and administrative activities,48,40,9,31,8,2,6
S01007919,O P Q. Public administration education and health,159,150,22,128,9,4,5
S01007919,R S T U. Other,21,17,9,8,4,2,2
S01007920,All people aged 16 to 74 in employment,314,282,67,215,32,9,23
S01007920,A B D E. Agriculture energy and water,19,18,0,18,1,0,1
S01007920,C. Manufacturing,34,32,1,31,2,0,2
S01007920,F. Construction,36,27,0,27,9,1,8
S01007920,G I. Distribution hotels and restaurants,57,49,21,28,8,3,5
S01007920,H J. Transport and communication,18,18,1,17,0,0,0
S01007920,K L M N. Financial real estate professional and administrative activities,29,26,9,17,3,0,3
S01007920,O P Q. Public administration education and health,107,103,33,70,4,3,1
S01007920,R S T U. Other,14,9,2,7,5,2,3
S01007921,All people aged 16 to 74 in employment,358,321,100,221,37,14,23
S01007921,A B D E. Agriculture energy and water,26,24,1,23,2,0,2
S01007921,C. Manufacturing,41,39,4,35,2,1,1
S01007921,F. Construction,44,28,0,28,16,4,12
S01007921,G I. Distribution hotels and restaurants,59,55,31,24,4,1,3
S01007921,H J. Transport and communication,28,27,7,20,1,1,0
S01007921,K L M N. Financial real estate professional and administrative activities,25,23,7,16,2,1,1
S01007921,O P Q. Public administration education and health,117,113,44,69,4,3,1
S01007921,R S T U. Other,18,12,6,6,6,3,3
S01007922,All people aged 16 to 74 in employment,332,294,104,190,38,8,30
S01007922,A B D E. Agriculture energy and water,19,18,1,17,1,1,0
S01007922,C. Manufacturing,27,26,0,26,1,0,1
S01007922,F. Construction,37,23,3,20,14,1,13
S01007922,G I. Distribution hotels and restaurants,76,71,39,32,5,1,4
S01007922,H J. Transport and communication,25,21,9,12,4,0,4
S01007922,K L M N. Financial real estate professional and administrative activities,23,22,9,13,1,1,0
S01007922,O P Q. Public administration education and health,105,103,38,65,2,2,0
S01007922,R S T U. Other,20,10,5,5,10,2,8
S01007923,All people aged 16 to 74 in employment,495,437,131,306,58,12,46
S01007923,A B D E. Agriculture energy and water,23,19,0,19,4,2,2
S01007923,C. Manufacturing,44,43,5,38,1,0,1
S01007923,F. Construction,53,29,2,27,24,1,23
S01007923,G I. Distribution hotels and restaurants,108,92,44,48,16,3,13
S01007923,H J. Transport and communication,24,21,4,17,3,2,1
S01007923,K L M N. Financial real estate professional and administrative activities,53,50,9,41,3,1,2
S01007923,O P Q. Public administration education and health,178,175,63,112,3,1,2
S01007923,R S T U. Other,12,8,4,4,4,2,2
S01007924,All people aged 16 to 74 in employment,379,350,119,231,29,2,27
S01007924,A B D E. Agriculture energy and water,16,15,2,13,1,0,1
S01007924,C. Manufacturing,38,36,3,33,2,0,2
S01007924,F. Construction,41,29,2,27,12,0,12
S01007924,G I. Distribution hotels and restaurants,88,81,44,37,7,1,6
S01007924,H J. Transport and communication,26,25,6,19,1,0,1
S01007924,K L M N. Financial real estate professional and administrative activities,33,33,15,18,0,0,0
S01007924,O P Q. Public administration education and health,123,121,44,77,2,1,1
S01007924,R S T U. Other,14,10,3,7,4,0,4
S01007925,All people aged 16 to 74 in employment,253,164,36,128,89,15,74
S01007925,A B D E. Agriculture energy and water,57,14,3,11,43,4,39
S01007925,C. Manufacturing,27,18,2,16,9,1,8
S01007925,F. Construction,20,9,0,9,11,1,10
S01007925,G I. Distribution hotels and restaurants,35,28,4,24,7,2,5
S01007925,H J. Transport and communication,13,9,1,8,4,0,4
S01007925,K L M N. Financial real estate professional and administrative activities,29,24,7,17,5,1,4
S01007925,O P Q. Public administration education and health,57,53,16,37,4,3,1
S01007925,R S T U. Other,15,9,3,6,6,3,3
S01007926,All people aged 16 to 74 in employment,267,194,52,142,73,15,58
S01007926,A B D E. Agriculture energy and water,38,8,2,6,30,1,29
S01007926,C. Manufacturing,23,19,0,19,4,2,2
S01007926,F. Construction,29,17,2,15,12,2,10
S01007926,G I. Distribution hotels and restaurants,52,43,14,29,9,3,6
S01007926,H J. Transport and communication,16,16,2,14,0,0,0
S01007926,K L M N. Financial real estate professional and administrative activities,33,25,6,19,8,3,5
S01007926,O P Q. Public administration education and health,63,56,22,34,7,3,4
S01007926,R S T U. Other,13,10,4,6,3,1,2
S01007927,All people aged 16 to 74 in employment,358,246,69,177,112,24,88
S01007927,A B D E. Agriculture energy and water,42,10,2,8,32,1,31
S01007927,C. Manufacturing,34,28,4,24,6,0,6
S01007927,F. Construction,29,16,1,15,13,7,6
S01007927,G I. Distribution hotels and restaurants,57,43,19,24,14,4,10
S01007927,H J. Transport and communication,26,18,1,17,8,4,4
S01007927,K L M N. Financial real estate professional and administrative activities,54,34,8,26,20,3,17
S01007927,O P Q. Public administration education and health,87,83,30,53,4,2,2
S01007927,R S T U. Other,29,14,4,10,15,3,12
S01007928,All people aged 16 to 74 in employment,473,381,111,270,92,22,70
S01007928,A B D E. Agriculture energy and water,18,11,1,10,7,3,4
S01007928,C. Manufacturing,37,33,3,30,4,0,4
S01007928,F. Construction,55,32,1,31,23,4,19
S01007928,G I. Distribution hotels and restaurants,86,68,27,41,18,3,15
S01007928,H J. Transport and communication,44,35,12,23,9,1,8
S01007928,K L M N. Financial real estate professional and administrative activities,64,51,12,39,13,3,10
S01007928,O P Q. Public administration education and health,151,139,52,87,12,5,7
S01007928,R S T U. Other,18,12,3,9,6,3,3
S01007929,All people aged 16 to 74 in employment,417,293,84,209,124,17,107
S01007929,A B D E. Agriculture energy and water,65,27,3,24,38,3,35
S01007929,C. Manufacturing,32,23,2,21,9,2,7
S01007929,F. Construction,40,23,4,19,17,2,15
S01007929,G I. Distribution hotels and restaurants,69,52,27,25,17,4,13
S01007929,H J. Transport and communication,25,22,1,21,3,0,3
S01007929,K L M N. Financial real estate professional and administrative activities,52,30,10,20,22,2,20
S01007929,O P Q. Public administration education and health,104,97,29,68,7,1,6
S01007929,R S T U. Other,30,19,8,11,11,3,8
S01007930,All people aged 16 to 74 in employment,344,237,76,161,107,20,87
S01007930,A B D E. Agriculture energy and water,41,10,3,7,31,5,26
S01007930,C. Manufacturing,18,14,2,12,4,1,3
S01007930,F. Construction,40,25,4,21,15,2,13
S01007930,G I. Distribution hotels and restaurants,66,58,35,23,8,3,5
S01007930,H J. Transport and communication,25,14,3,11,11,1,10
S01007930,K L M N. Financial real estate professional and administrative activities,71,45,10,35,26,4,22
S01007930,O P Q. Public administration education and health,67,63,17,46,4,1,3
S01007930,R S T U. Other,16,8,2,6,8,3,5
S01007931,All people aged 16 to 74 in employment,509,444,122,322,65,18,47
S01007931,A B D E. Agriculture energy and water,26,21,4,17,5,3,2
S01007931,C. Manufacturing,35,34,6,28,1,0,1
S01007931,F. Construction,38,30,4,26,8,0,8
S01007931,G I. Distribution hotels and restaurants,89,71,38,33,18,4,14
S01007931,H J. Transport and communication,39,36,4,32,3,0,3
S01007931,K L M N. Financial real estate professional and administrative activities,85,67,14,53,18,4,14
S01007931,O P Q. Public administration education and health,176,168,44,124,8,4,4
S01007931,R S T U. Other,21,17,8,9,4,3,1
S01007932,All people aged 16 to 74 in employment,385,326,70,256,59,21,38
S01007932,A B D E. Agriculture energy and water,15,11,1,10,4,2,2
S01007932,C. Manufacturing,27,25,4,21,2,0,2
S01007932,F. Construction,26,15,1,14,11,2,9
S01007932,G I. Distribution hotels and restaurants,62,54,20,34,8,2,6
S01007932,H J. Transport and communication,24,20,1,19,4,1,3
S01007932,K L M N. Financial real estate professional and administrative activities,67,53,8,45,14,7,7
S01007932,O P Q. Public administration education and health,145,136,29,107,9,4,5
S01007932,R S T U. Other,19,12,6,6,7,3,4
S01007933,All people aged 16 to 74 in employment,397,345,97,248,52,16,36
S01007933,A B D E. Agriculture energy and water,6,4,1,3,2,0,2
S01007933,C. Manufacturing,28,26,0,26,2,0,2
S01007933,F. Construction,38,26,0,26,12,3,9
S01007933,G I. Distribution hotels and restaurants,86,76,40,36,10,2,8
S01007933,H J. Transport and communication,37,30,5,25,7,2,5
S01007933,K L M N. Financial real estate professional and administrative activities,64,55,9,46,9,4,5
S01007933,O P Q. Public administration education and health,124,117,39,78,7,3,4
S01007933,R S T U. Other,14,11,3,8,3,2,1
S01007934,All people aged 16 to 74 in employment,320,284,83,201,36,10,26
S01007934,A B D E. Agriculture energy and water,10,8,0,8,2,1,1
S01007934,C. Manufacturing,30,27,2,25,3,1,2
S01007934,F. Construction,31,21,1,20,10,0,10
S01007934,G I. Distribution hotels and restaurants,58,53,31,22,5,1,4
S01007934,H J. Transport and communication,26,23,4,19,3,0,3
S01007934,K L M N. Financial real estate professional and administrative activities,57,53,11,42,4,2,2
S01007934,O P Q. Public administration education and health,95,89,29,60,6,4,2
S01007934,R S T U. Other,13,10,5,5,3,1,2
S01007935,All people aged 16 to 74 in employment,368,316,54,262,52,12,40
S01007935,A B D E. Agriculture energy and water,10,8,0,8,2,0,2
S01007935,C. Manufacturing,34,30,2,28,4,1,3
S01007935,F. Construction,38,29,0,29,9,0,9
S01007935,G I. Distribution hotels and restaurants,84,71,24,47,13,2,11
S01007935,H J. Transport and communication,22,21,2,19,1,1,0
S01007935,K L M N. Financial real estate professional and administrative activities,55,42,5,37,13,4,9
S01007935,O P Q. Public administration education and health,111,108,20,88,3,2,1
S01007935,R S T U. Other,14,7,1,6,7,2,5
S01007936,All people aged 16 to 74 in employment,545,490,114,376,55,20,35
S01007936,A B D E. Agriculture energy and water,26,23,3,20,3,0,3
S01007936,C. Manufacturing,56,52,4,48,4,1,3
S01007936,F. Construction,43,33,3,30,10,0,10
S01007936,G I. Distribution hotels and restaurants,87,78,32,46,9,2,7
S01007936,H J. Transport and communication,36,34,4,30,2,0,2
S01007936,K L M N. Financial real estate professional and administrative activities,98,87,16,71,11,5,6
S01007936,O P Q. Public administration education and health,181,171,49,122,10,7,3
S01007936,R S T U. Other,18,12,3,9,6,5,1
S01007937,All people aged 16 to 74 in employment,567,494,125,369,73,16,57
S01007937,A B D E. Agriculture energy and water,18,17,2,15,1,0,1
S01007937,C. Manufacturing,52,47,0,47,5,0,5
S01007937,F. Construction,35,24,3,21,11,1,10
S01007937,G I. Distribution hotels and restaurants,109,98,42,56,11,1,10
S01007937,H J. Transport and communication,44,38,6,32,6,1,5
S01007937,K L M N. Financial real estate professional and administrative activities,85,66,17,49,19,3,16
S01007937,O P Q. Public administration education and health,189,175,47,128,14,5,9
S01007937,R S T U. Other,35,29,8,21,6,5,1
S01007938,All people aged 16 to 74 in employment,334,295,89,206,39,19,20
S01007938,A B D E. Agriculture energy and water,6,5,0,5,1,0,1
S01007938,C. Manufacturing,33,30,3,27,3,1,2
S01007938,F. Construction,19,16,0,16,3,2,1
S01007938,G I. Distribution hotels and restaurants,90,76,43,33,14,5,9
S01007938,H J. Transport and communication,24,20,4,16,4,1,3
S01007938,K L M N. Financial real estate professional and administrative activities,52,45,7,38,7,5,2
S01007938,O P Q. Public administration education and health,98,95,30,65,3,2,1
S01007938,R S T U. Other,12,8,2,6,4,3,1
S01007939,All people aged 16 to 74 in employment,348,318,88,230,30,12,18
S01007939,A B D E. Agriculture energy and water,11,8,1,7,3,0,3
S01007939,C. Manufacturing,38,35,4,31,3,1,2
S01007939,F. Construction,30,23,2,21,7,2,5
S01007939,G I. Distribution hotels and restaurants,93,86,31,55,7,5,2
S01007939,H J. Transport and communication,16,15,1,14,1,0,1
S01007939,K L M N. Financial real estate professional and administrative activities,41,37,9,28,4,2,2
S01007939,O P Q. Public administration education and health,109,105,34,71,4,1,3
S01007939,R S T U. Other,10,9,6,3,1,1,0
S01007940,All people aged 16 to 74 in employment,457,398,99,299,59,15,44
S01007940,A B D E. Agriculture energy and water,16,9,1,8,7,2,5
S01007940,C. Manufacturing,73,69,6,63,4,1,3
S01007940,F. Construction,54,39,5,34,15,0,15
S01007940,G I. Distribution hotels and restaurants,89,81,33,48,8,2,6
S01007940,H J. Transport and communication,28,26,3,23,2,0,2
S01007940,K L M N. Financial real estate professional and administrative activities,69,58,12,46,11,3,8
S01007940,O P Q. Public administration education and health,114,107,36,71,7,4,3
S01007940,R S T U. Other,14,9,3,6,5,3,2
S01007941,All people aged 16 to 74 in employment,348,308,83,225,40,17,23
S01007941,A B D E. Agriculture energy and water,9,5,0,5,4,1,3
S01007941,C. Manufacturing,44,42,7,35,2,1,1
S01007941,F. Construction,31,21,1,20,10,3,7
S01007941,G I. Distribution hotels and restaurants,58,53,22,31,5,1,4
S01007941,H J. Transport and communication,26,24,5,19,2,1,1
S01007941,K L M N. Financial real estate professional and administrative activities,39,31,4,27,8,6,2
S01007941,O P Q. Public administration education and health,130,125,41,84,5,3,2
S01007941,R S T U. Other,11,7,3,4,4,1,3
S01007942,All people aged 16 to 74 in employment,236,211,67,144,25,6,19
S01007942,A B D E. Agriculture energy and water,4,4,2,2,0,0,0
S01007942,C. Manufacturing,38,37,3,34,1,0,1
S01007942,F. Construction,38,30,4,26,8,0,8
S01007942,G I. Distribution hotels and restaurants,41,37,20,17,4,0,4
S01007942,H J. Transport and communication,15,14,2,12,1,0,1
S01007942,K L M N. Financial real estate professional and administrative activities,28,23,6,17,5,2,3
S01007942,O P Q. Public administration education and health,66,62,30,32,4,2,2
S01007942,R S T U. Other,6,4,0,4,2,2,0
S01007943,All people aged 16 to 74 in employment,281,249,66,183,32,9,23
S01007943,A B D E. Agriculture energy and water,5,2,0,2,3,1,2
S01007943,C. Manufacturing,37,34,5,29,3,1,2
S01007943,F. Construction,29,21,0,21,8,0,8
S01007943,G I. Distribution hotels and restaurants,69,63,26,37,6,3,3
S01007943,H J. Transport and communication,13,13,1,12,0,0,0
S01007943,K L M N. Financial real estate professional and administrative activities,39,35,9,26,4,0,4
S01007943,O P Q. Public administration education and health,74,70,21,49,4,3,1
S01007943,R S T U. Other,15,11,4,7,4,1,3
S01007944,All people aged 16 to 74 in employment,410,357,94,263,53,13,40
S01007944,A B D E. Agriculture energy and water,19,16,2,14,3,1,2
S01007944,C. Manufacturing,84,74,7,67,10,1,9
S01007944,F. Construction,52,36,1,35,16,2,14
S01007944,G I. Distribution hotels and restaurants,87,79,39,40,8,2,6
S01007944,H J. Transport and communication,22,19,0,19,3,1,2
S01007944,K L M N. Financial real estate professional and administrative activities,33,27,1,26,6,3,3
S01007944,O P Q. Public administration education and health,98,95,40,55,3,0,3
S01007944,R S T U. Other,15,11,4,7,4,3,1
S01007945,All people aged 16 to 74 in employment,342,280,73,207,62,16,46
S01007945,A B D E. Agriculture energy and water,15,11,2,9,4,1,3
S01007945,C. Manufacturing,40,34,5,29,6,1,5
S01007945,F. Construction,34,21,1,20,13,3,10
S01007945,G I. Distribution hotels and restaurants,72,59,25,34,13,6,7
S01007945,H J. Transport and communication,25,21,5,16,4,0,4
S01007945,K L M N. Financial real estate professional and administrative activities,45,33,7,26,12,1,11
S01007945,O P Q. Public administration education and health,92,90,25,65,2,0,2
S01007945,R S T U. Other,19,11,3,8,8,4,4
S01007946,All people aged 16 to 74 in employment,343,302,85,217,41,8,33
S01007946,A B D E. Agriculture energy and water,18,13,3,10,5,0,5
S01007946,C. Manufacturing,42,40,5,35,2,0,2
S01007946,F. Construction,36,25,3,22,11,0,11
S01007946,G I. Distribution hotels and restaurants,77,69,37,32,8,2,6
S01007946,H J. Transport and communication,20,17,2,15,3,0,3
S01007946,K L M N. Financial real estate professional and administrative activities,38,34,6,28,4,2,2
S01007946,O P Q. Public administration education and health,100,95,27,68,5,2,3
S01007946,R S T U. Other,12,9,2,7,3,2,1
S01007947,All people aged 16 to 74 in employment,331,288,85,203,43,12,31
S01007947,A B D E. Agriculture energy and water,11,10,1,9,1,0,1
S01007947,C. Manufacturing,47,43,5,38,4,3,1
S01007947,F. Construction,35,22,4,18,13,2,11
S01007947,G I. Distribution hotels and restaurants,68,59,30,29,9,3,6
S01007947,H J. Transport and communication,18,13,1,12,5,1,4
S01007947,K L M N. Financial real estate professional and administrative activities,38,32,8,24,6,1,5
S01007947,O P Q. Public administration education and health,102,99,31,68,3,1,2
S01007947,R S T U. Other,12,10,5,5,2,1,1
S01007948,All people aged 16 to 74 in employment,223,194,53,141,29,13,16
S01007948,A B D E. Agriculture energy and water,5,4,0,4,1,0,1
S01007948,C. Manufacturing,40,39,5,34,1,0,1
S01007948,F. Construction,27,21,2,19,6,3,3
S01007948,G I. Distribution hotels and restaurants,36,31,15,16,5,2,3
S01007948,H J. Transport and communication,15,12,3,9,3,0,3
S01007948,K L M N. Financial real estate professional and administrative activities,32,28,5,23,4,3,1
S01007948,O P Q. Public administration education and health,56,52,18,34,4,2,2
S01007948,R S T U. Other,12,7,5,2,5,3,2
S01007949,All people aged 16 to 74 in employment,366,339,95,244,27,5,22
S01007949,A B D E. Agriculture energy and water,14,12,0,12,2,0,2
S01007949,C. Manufacturing,61,59,4,55,2,1,1
S01007949,F. Construction,45,37,2,35,8,0,8
S01007949,G I. Distribution hotels and restaurants,51,48,22,26,3,0,3
S01007949,H J. Transport and communication,16,12,3,9,4,0,4
S01007949,K L M N. Financial real estate professional and administrative activities,39,37,12,25,2,1,1
S01007949,O P Q. Public administration education and health,127,122,44,78,5,2,3
S01007949,R S T U. Other,13,12,8,4,1,1,0
S01007950,All people aged 16 to 74 in employment,452,395,99,296,57,11,46
S01007950,A B D E. Agriculture energy and water,21,18,0,18,3,1,2
S01007950,C. Manufacturing,53,51,7,44,2,1,1
S01007950,F. Construction,42,30,4,26,12,1,11
S01007950,G I. Distribution hotels and restaurants,66,54,28,26,12,2,10
S01007950,H J. Transport and communication,30,23,1,22,7,2,5
S01007950,K L M N. Financial real estate professional and administrative activities,68,57,11,46,11,2,9
S01007950,O P Q. Public administration education and health,151,145,40,105,6,1,5
S01007950,R S T U. Other,21,17,8,9,4,1,3
S01007951,All people aged 16 to 74 in employment,363,329,89,240,34,8,26
S01007951,A B D E. Agriculture energy and water,12,9,1,8,3,2,1
S01007951,C. Manufacturing,50,48,6,42,2,0,2
S01007951,F. Construction,47,37,4,33,10,0,10
S01007951,G I. Distribution hotels and restaurants,66,61,23,38,5,1,4
S01007951,H J. Transport and communication,17,14,1,13,3,1,2
S01007951,K L M N. Financial real estate professional and administrative activities,47,42,10,32,5,2,3
S01007951,O P Q. Public administration education and health,113,109,41,68,4,1,3
S01007951,R S T U. Other,11,9,3,6,2,1,1
S01007952,All people aged 16 to 74 in employment,252,208,59,149,44,10,34
S01007952,A B D E. Agriculture energy and water,7,6,0,6,1,0,1
S01007952,C. Manufacturing,27,27,3,24,0,0,0
S01007952,F. Construction,28,19,0,19,9,1,8
S01007952,G I. Distribution hotels and restaurants,61,45,20,25,16,3,13
S01007952,H J. Transport and communication,17,12,1,11,5,1,4
S01007952,K L M N. Financial real estate professional and administrative activities,31,28,8,20,3,2,1
S01007952,O P Q. Public administration education and health,71,65,25,40,6,1,5
S01007952,R S T U. Other,10,6,2,4,4,2,2
S01007953,All people aged 16 to 74 in employment,434,387,110,277,47,14,33
S01007953,A B D E. Agriculture energy and water,23,17,1,16,6,2,4
S01007953,C. Manufacturing,66,65,9,56,1,0,1
S01007953,F. Construction,53,36,2,34,17,2,15
S01007953,G I. Distribution hotels and restaurants,76,70,27,43,6,2,4
S01007953,H J. Transport and communication,27,24,2,22,3,0,3
S01007953,K L M N. Financial real estate professional and administrative activities,53,45,13,32,8,6,2
S01007953,O P Q. Public administration education and health,117,115,50,65,2,1,1
S01007953,R S T U. Other,19,15,6,9,4,1,3
S01007954,All people aged 16 to 74 in employment,280,263,85,178,17,4,13
S01007954,A B D E. Agriculture energy and water,10,10,0,10,0,0,0
S01007954,C. Manufacturing,43,42,6,36,1,0,1
S01007954,F. Construction,23,21,3,18,2,0,2
S01007954,G I. Distribution hotels and restaurants,67,62,33,29,5,2,3
S01007954,H J. Transport and communication,21,21,3,18,0,0,0
S01007954,K L M N. Financial real estate professional and administrative activities,26,24,8,16,2,1,1
S01007954,O P Q. Public administration education and health,73,71,27,44,2,0,2
S01007954,R S T U. Other,17,12,5,7,5,1,4
S01007955,All people aged 16 to 74 in employment,370,347,123,224,23,4,19
S01007955,A B D E. Agriculture energy and water,4,4,1,3,0,0,0
S01007955,C. Manufacturing,50,50,4,46,0,0,0
S01007955,F. Construction,33,26,2,24,7,0,7
S01007955,G I. Distribution hotels and restaurants,99,97,49,48,2,0,2
S01007955,H J. Transport and communication,29,23,4,19,6,1,5
S01007955,K L M N. Financial real estate professional and administrative activities,31,29,5,24,2,1,1
S01007955,O P Q. Public administration education and health,97,94,46,48,3,1,2
S01007955,R S T U. Other,27,24,12,12,3,1,2
S01007956,All people aged 16 to 74 in employment,319,294,109,185,25,4,21
S01007956,A B D E. Agriculture energy and water,9,9,2,7,0,0,0
S01007956,C. Manufacturing,33,32,3,29,1,0,1
S01007956,F. Construction,39,32,1,31,7,0,7
S01007956,G I. Distribution hotels and restaurants,80,77,38,39,3,0,3
S01007956,H J. Transport and communication,12,9,1,8,3,1,2
S01007956,K L M N. Financial real estate professional and administrative activities,27,26,7,19,1,0,1
S01007956,O P Q. Public administration education and health,99,94,50,44,5,2,3
S01007956,R S T U. Other,20,15,7,8,5,1,4
S01007957,All people aged 16 to 74 in employment,397,369,113,256,28,9,19
S01007957,A B D E. Agriculture energy and water,13,12,1,11,1,0,1
S01007957,C. Manufacturing,54,52,6,46,2,0,2
S01007957,F. Construction,41,34,1,33,7,1,6
S01007957,G I. Distribution hotels and restaurants,103,96,48,48,7,3,4
S01007957,H J. Transport and communication,27,25,4,21,2,0,2
S01007957,K L M N. Financial real estate professional and administrative activities,38,35,8,27,3,1,2
S01007957,O P Q. Public administration education and health,103,101,37,64,2,2,0
S01007957,R S T U. Other,18,14,8,6,4,2,2
S01007958,All people aged 16 to 74 in employment,341,319,82,237,22,7,15
S01007958,A B D E. Agriculture energy and water,18,18,0,18,0,0,0
S01007958,C. Manufacturing,48,48,3,45,0,0,0
S01007958,F. Construction,42,30,1,29,12,3,9
S01007958,G I. Distribution hotels and restaurants,62,60,25,35,2,0,2
S01007958,H J. Transport and communication,20,20,3,17,0,0,0
S01007958,K L M N. Financial real estate professional and administrative activities,40,39,8,31,1,1,0
S01007958,O P Q. Public administration education and health,92,88,34,54,4,1,3
S01007958,R S T U. Other,19,16,8,8,3,2,1
S01007959,All people aged 16 to 74 in employment,391,355,99,256,36,14,22
S01007959,A B D E. Agriculture energy and water,13,8,0,8,5,1,4
S01007959,C. Manufacturing,58,55,2,53,3,1,2
S01007959,F. Construction,31,27,1,26,4,1,3
S01007959,G I. Distribution hotels and restaurants,78,70,35,35,8,2,6
S01007959,H J. Transport and communication,21,19,3,16,2,0,2
S01007959,K L M N. Financial real estate professional and administrative activities,61,53,9,44,8,4,4
S01007959,O P Q. Public administration education and health,119,115,48,67,4,4,0
S01007959,R S T U. Other,10,8,1,7,2,1,1
S01007960,All people aged 16 to 74 in employment,329,308,92,216,21,8,13
S01007960,A B D E. Agriculture energy and water,3,3,1,2,0,0,0
S01007960,C. Manufacturing,41,39,2,37,2,0,2
S01007960,F. Construction,39,29,2,27,10,3,7
S01007960,G I. Distribution hotels and restaurants,73,70,38,32,3,2,1
S01007960,H J. Transport and communication,13,12,1,11,1,0,1
S01007960,K L M N. Financial real estate professional and administrative activities,40,39,8,31,1,1,0
S01007960,O P Q. Public administration education and health,103,103,35,68,0,0,0
S01007960,R S T U. Other,17,13,5,8,4,2,2
S01007961,All people aged 16 to 74 in employment,447,296,77,219,151,36,115
S01007961,A B D E. Agriculture energy and water,69,21,5,16,48,7,41
S01007961,C. Manufacturing,33,25,2,23,8,2,6
S01007961,F. Construction,64,39,0,39,25,8,17
S01007961,G I. Distribution hotels and restaurants,71,51,21,30,20,2,18
S01007961,H J. Transport and communication,31,25,5,20,6,1,5
S01007961,K L M N. Financial real estate professional and administrative activities,68,45,14,31,23,4,19
S01007961,O P Q. Public administration education and health,96,83,29,54,13,8,5
S01007961,R S T U. Other,15,7,1,6,8,4,4
S01007962,All people aged 16 to 74 in employment,245,218,69,149,27,8,19
S01007962,A B D E. Agriculture energy and water,3,3,1,2,0,0,0
S01007962,C. Manufacturing,37,37,1,36,0,0,0
S01007962,F. Construction,21,12,0,12,9,2,7
S01007962,G I. Distribution hotels and restaurants,49,48,23,25,1,0,1
S01007962,H J. Transport and communication,17,12,1,11,5,1,4
S01007962,K L M N. Financial real estate professional and administrative activities,38,36,12,24,2,0,2
S01007962,O P Q. Public administration education and health,65,63,27,36,2,2,0
S01007962,R S T U. Other,15,7,4,3,8,3,5
S01007963,All people aged 16 to 74 in employment,249,222,92,130,27,7,20
S01007963,A B D E. Agriculture energy and water,9,8,1,7,1,1,0
S01007963,C. Manufacturing,17,17,1,16,0,0,0
S01007963,F. Construction,29,20,1,19,9,0,9
S01007963,G I. Distribution hotels and restaurants,72,65,39,26,7,1,6
S01007963,H J. Transport and communication,19,18,5,13,1,0,1
S01007963,K L M N. Financial real estate professional and administrative activities,24,21,8,13,3,2,1
S01007963,O P Q. Public administration education and health,64,62,32,30,2,1,1
S01007963,R S T U. Other,15,11,5,6,4,2,2
S01007964,All people aged 16 to 74 in employment,299,274,104,170,25,7,18
S01007964,A B D E. Agriculture energy and water,6,6,0,6,0,0,0
S01007964,C. Manufacturing,19,18,1,17,1,0,1
S01007964,F. Construction,31,25,4,21,6,1,5
S01007964,G I. Distribution hotels and restaurants,84,81,40,41,3,0,3
S01007964,H J. Transport and communication,20,18,5,13,2,0,2
S01007964,K L M N. Financial real estate professional and administrative activities,44,37,13,24,7,2,5
S01007964,O P Q. Public administration education and health,80,75,33,42,5,3,2
S01007964,R S T U. Other,15,14,8,6,1,1,0
S01007965,All people aged 16 to 74 in employment,237,223,78,145,14,6,8
S01007965,A B D E. Agriculture energy and water,6,5,1,4,1,1,0
S01007965,C. Manufacturing,26,26,1,25,0,0,0
S01007965,F. Construction,19,13,1,12,6,3,3
S01007965,G I. Distribution hotels and restaurants,61,59,27,32,2,1,1
S01007965,H J. Transport and communication,14,14,4,10,0,0,0
S01007965,K L M N. Financial real estate professional and administrative activities,30,29,9,20,1,1,0
S01007965,O P Q. Public administration education and health,69,67,31,36,2,0,2
S01007965,R S T U. Other,12,10,4,6,2,0,2
S01007966,All people aged 16 to 74 in employment,328,309,116,193,19,7,12
S01007966,A B D E. Agriculture energy and water,9,9,0,9,0,0,0
S01007966,C. Manufacturing,49,47,6,41,2,1,1
S01007966,F. Construction,22,18,0,18,4,0,4
S01007966,G I. Distribution hotels and restaurants,89,84,49,35,5,3,2
S01007966,H J. Transport and communication,14,11,3,8,3,0,3
S01007966,K L M N. Financial real estate professional and administrative activities,30,29,10,19,1,1,0
S01007966,O P Q. Public administration education and health,101,98,41,57,3,2,1
S01007966,R S T U. Other,14,13,7,6,1,0,1
S01007967,All people aged 16 to 74 in employment,237,223,99,124,14,3,11
S01007967,A B D E. Agriculture energy and water,1,1,0,1,0,0,0
S01007967,C. Manufacturing,23,23,4,19,0,0,0
S01007967,F. Construction,16,11,2,9,5,1,4
S01007967,G I. Distribution hotels and restaurants,66,65,38,27,1,0,1
S01007967,H J. Transport and communication,16,13,0,13,3,1,2
S01007967,K L M N. Financial real estate professional and administrative activities,25,24,11,13,1,0,1
S01007967,O P Q. Public administration education and health,74,74,39,35,0,0,0
S01007967,R S T U. Other,16,12,5,7,4,1,3
S01007968,All people aged 16 to 74 in employment,373,349,107,242,24,5,19
S01007968,A B D E. Agriculture energy and water,7,7,0,7,0,0,0
S01007968,C. Manufacturing,53,51,3,48,2,0,2
S01007968,F. Construction,38,31,3,28,7,0,7
S01007968,G I. Distribution hotels and restaurants,77,74,33,41,3,0,3
S01007968,H J. Transport and communication,18,14,3,11,4,1,3
S01007968,K L M N. Financial real estate professional and administrative activities,45,43,14,29,2,1,1
S01007968,O P Q. Public administration education and health,122,120,48,72,2,1,1
S01007968,R S T U. Other,13,9,3,6,4,2,2
S01007969,All people aged 16 to 74 in employment,363,335,100,235,28,3,25
S01007969,A B D E. Agriculture energy and water,6,6,0,6,0,0,0
S01007969,C. Manufacturing,38,37,0,37,1,1,0
S01007969,F. Construction,40,26,1,25,14,1,13
S01007969,G I. Distribution hotels and restaurants,79,78,36,42,1,0,1
S01007969,H J. Transport and communication,20,19,1,18,1,0,1
S01007969,K L M N. Financial real estate professional and administrative activities,41,38,12,26,3,1,2
S01007969,O P Q. Public administration education and health,120,117,44,73,3,0,3
S01007969,R S T U. Other,19,14,6,8,5,0,5
S01007970,All people aged 16 to 74 in employment,397,372,103,269,25,9,16
S01007970,A B D E. Agriculture energy and water,10,9,1,8,1,1,0
S01007970,C. Manufacturing,62,60,3,57,2,1,1
S01007970,F. Construction,43,35,2,33,8,1,7
S01007970,G I. Distribution hotels and restaurants,94,91,41,50,3,1,2
S01007970,H J. Transport and communication,19,18,2,16,1,1,0
S01007970,K L M N. Financial real estate professional and administrative activities,40,36,11,25,4,2,2
S01007970,O P Q. Public administration education and health,109,108,36,72,1,0,1
S01007970,R S T U. Other,20,15,7,8,5,2,3
S01007971,All people aged 16 to 74 in employment,385,362,103,259,23,14,9
S01007971,A B D E. Agriculture energy and water,10,10,0,10,0,0,0
S01007971,C. Manufacturing,45,43,4,39,2,0,2
S01007971,F. Construction,30,25,0,25,5,1,4
S01007971,G I. Distribution hotels and restaurants,89,87,41,46,2,1,1
S01007971,H J. Transport and communication,27,23,3,20,4,4,0
S01007971,K L M N. Financial real estate professional and administrative activities,38,32,9,23,6,4,2
S01007971,O P Q. Public administration education and health,126,123,36,87,3,3,0
S01007971,R S T U. Other,20,19,10,9,1,1,0
S01007972,All people aged 16 to 74 in employment,397,371,116,255,26,8,18
S01007972,A B D E. Agriculture energy and water,10,10,0,10,0,0,0
S01007972,C. Manufacturing,52,52,5,47,0,0,0
S01007972,F. Construction,36,26,1,25,10,2,8
S01007972,G I. Distribution hotels and restaurants,117,109,51,58,8,2,6
S01007972,H J. Transport and communication,22,19,2,17,3,1,2
S01007972,K L M N. Financial real estate professional and administrative activities,36,36,10,26,0,0,0
S01007972,O P Q. Public administration education and health,106,104,38,66,2,1,1
S01007972,R S T U. Other,18,15,9,6,3,2,1
S01007973,All people aged 16 to 74 in employment,469,431,119,312,38,16,22
S01007973,A B D E. Agriculture energy and water,11,8,0,8,3,0,3
S01007973,C. Manufacturing,81,81,8,73,0,0,0
S01007973,F. Construction,42,32,0,32,10,2,8
S01007973,G I. Distribution hotels and restaurants,92,86,40,46,6,1,5
S01007973,H J. Transport and communication,21,20,7,13,1,1,0
S01007973,K L M N. Financial real estate professional and administrative activities,56,48,9,39,8,4,4
S01007973,O P Q. Public administration education and health,148,140,47,93,8,7,1
S01007973,R S T U. Other,18,16,8,8,2,1,1
S01007974,All people aged 16 to 74 in employment,332,310,98,212,22,4,18
S01007974,A B D E. Agriculture energy and water,6,6,0,6,0,0,0
S01007974,C. Manufacturing,46,44,1,43,2,0,2
S01007974,F. Construction,26,19,2,17,7,1,6
S01007974,G I. Distribution hotels and restaurants,93,89,39,50,4,1,3
S01007974,H J. Transport and communication,27,23,5,18,4,0,4
S01007974,K L M N. Financial real estate professional and administrative activities,38,37,8,29,1,1,0
S01007974,O P Q. Public administration education and health,84,83,38,45,1,1,0
S01007974,R S T U. Other,12,9,5,4,3,0,3
S01007975,All people aged 16 to 74 in employment,279,256,83,173,23,9,14
S01007975,A B D E. Agriculture energy and water,7,6,0,6,1,0,1
S01007975,C. Manufacturing,27,27,3,24,0,0,0
S01007975,F. Construction,23,16,2,14,7,4,3
S01007975,G I. Distribution hotels and restaurants,66,63,22,41,3,1,2
S01007975,H J. Transport and communication,18,16,5,11,2,0,2
S01007975,K L M N. Financial real estate professional and administrative activities,21,19,6,13,2,2,0
S01007975,O P Q. Public administration education and health,96,93,40,53,3,2,1
S01007975,R S T U. Other,21,16,5,11,5,0,5
S01007976,All people aged 16 to 74 in employment,301,274,61,213,27,10,17
S01007976,A B D E. Agriculture energy and water,9,6,0,6,3,0,3
S01007976,C. Manufacturing,35,33,0,33,2,1,1
S01007976,F. Construction,27,21,1,20,6,0,6
S01007976,G I. Distribution hotels and restaurants,58,55,31,24,3,2,1
S01007976,H J. Transport and communication,18,17,0,17,1,1,0
S01007976,K L M N. Financial real estate professional and administrative activities,49,42,6,36,7,4,3
S01007976,O P Q. Public administration education and health,88,86,21,65,2,2,0
S01007976,R S T U. Other,17,14,2,12,3,0,3
S01007977,All people aged 16 to 74 in employment,374,343,88,255,31,5,26
S01007977,A B D E. Agriculture energy and water,7,7,1,6,0,0,0
S01007977,C. Manufacturing,38,36,1,35,2,0,2
S01007977,F. Construction,32,23,2,21,9,0,9
S01007977,G I. Distribution hotels and restaurants,81,76,37,39,5,0,5
S01007977,H J. Transport and communication,28,23,3,20,5,3,2
S01007977,K L M N. Financial real estate professional and administrative activities,47,45,5,40,2,1,1
S01007977,O P Q. Public administration education and health,127,123,36,87,4,1,3
S01007977,R S T U. Other,14,10,3,7,4,0,4
S01007978,All people aged 16 to 74 in employment,308,289,58,231,19,2,17
S01007978,A B D E. Agriculture energy and water,6,5,0,5,1,0,1
S01007978,C. Manufacturing,28,28,1,27,0,0,0
S01007978,F. Construction,38,28,1,27,10,1,9
S01007978,G I. Distribution hotels and restaurants,67,65,25,40,2,0,2
S01007978,H J. Transport and communication,24,22,1,21,2,1,1
S01007978,K L M N. Financial real estate professional and administrative activities,35,32,4,28,3,0,3
S01007978,O P Q. Public administration education and health,98,97,21,76,1,0,1
S01007978,R S T U. Other,12,12,5,7,0,0,0
S01007979,All people aged 16 to 74 in employment,439,386,88,298,53,11,42
S01007979,A B D E. Agriculture energy and water,7,7,0,7,0,0,0
S01007979,C. Manufacturing,45,42,1,41,3,0,3
S01007979,F. Construction,36,27,4,23,9,0,9
S01007979,G I. Distribution hotels and restaurants,80,66,26,40,14,1,13
S01007979,H J. Transport and communication,23,18,0,18,5,2,3
S01007979,K L M N. Financial real estate professional and administrative activities,72,59,12,47,13,3,10
S01007979,O P Q. Public administration education and health,149,144,39,105,5,3,2
S01007979,R S T U. Other,27,23,6,17,4,2,2
S01007980,All people aged 16 to 74 in employment,339,304,84,220,35,10,25
S01007980,A B D E. Agriculture energy and water,13,13,1,12,0,0,0
S01007980,C. Manufacturing,35,33,1,32,2,0,2
S01007980,F. Construction,28,20,3,17,8,1,7
S01007980,G I. Distribution hotels and restaurants,84,76,32,44,8,3,5
S01007980,H J. Transport and communication,16,15,1,14,1,0,1
S01007980,K L M N. Financial real estate professional and administrative activities,37,33,10,23,4,2,2
S01007980,O P Q. Public administration education and health,104,98,28,70,6,2,4
S01007980,R S T U. Other,22,16,8,8,6,2,4
S01007981,All people aged 16 to 74 in employment,252,215,66,149,37,7,30
S01007981,A B D E. Agriculture energy and water,3,3,0,3,0,0,0
S01007981,C. Manufacturing,33,30,6,24,3,1,2
S01007981,F. Construction,22,14,0,14,8,0,8
S01007981,G I. Distribution hotels and restaurants,52,37,23,14,15,3,12
S01007981,H J. Transport and communication,16,14,1,13,2,0,2
S01007981,K L M N. Financial real estate professional and administrative activities,24,20,4,16,4,1,3
S01007981,O P Q. Public administration education and health,92,91,29,62,1,1,0
S01007981,R S T U. Other,10,6,3,3,4,1,3
S01007982,All people aged 16 to 74 in employment,249,226,73,153,23,4,19
S01007982,A B D E. Agriculture energy and water,4,4,1,3,0,0,0
S01007982,C. Manufacturing,29,26,0,26,3,0,3
S01007982,F. Construction,16,10,0,10,6,1,5
S01007982,G I. Distribution hotels and restaurants,53,51,25,26,2,0,2
S01007982,H J. Transport and communication,14,14,1,13,0,0,0
S01007982,K L M N. Financial real estate professional and administrative activities,37,28,9,19,9,3,6
S01007982,O P Q. Public administration education and health,84,84,33,51,0,0,0
S01007982,R S T U. Other,12,9,4,5,3,0,3
S01007983,All people aged 16 to 74 in employment,281,256,108,148,25,6,19
S01007983,A B D E. Agriculture energy and water,6,6,1,5,0,0,0
S01007983,C. Manufacturing,31,31,3,28,0,0,0
S01007983,F. Construction,23,16,1,15,7,0,7
S01007983,G I. Distribution hotels and restaurants,85,79,46,33,6,2,4
S01007983,H J. Transport and communication,15,13,2,11,2,0,2
S01007983,K L M N. Financial real estate professional and administrative activities,29,26,14,12,3,2,1
S01007983,O P Q. Public administration education and health,79,76,36,40,3,1,2
S01007983,R S T U. Other,13,9,5,4,4,1,3
S01007984,All people aged 16 to 74 in employment,357,328,106,222,29,7,22
S01007984,A B D E. Agriculture energy and water,11,7,1,6,4,2,2
S01007984,C. Manufacturing,51,50,6,44,1,0,1
S01007984,F. Construction,19,17,0,17,2,0,2
S01007984,G I. Distribution hotels and restaurants,75,70,32,38,5,2,3
S01007984,H J. Transport and communication,19,15,3,12,4,0,4
S01007984,K L M N. Financial real estate professional and administrative activities,43,38,8,30,5,0,5
S01007984,O P Q. Public administration education and health,120,115,46,69,5,2,3
S01007984,R S T U. Other,19,16,10,6,3,1,2
S01007985,All people aged 16 to 74 in employment,352,327,100,227,25,1,24
S01007985,A B D E. Agriculture energy and water,9,9,0,9,0,0,0
S01007985,C. Manufacturing,42,40,2,38,2,1,1
S01007985,F. Construction,36,26,0,26,10,0,10
S01007985,G I. Distribution hotels and restaurants,89,86,46,40,3,0,3
S01007985,H J. Transport and communication,26,24,1,23,2,0,2
S01007985,K L M N. Financial real estate professional and administrative activities,44,43,11,32,1,0,1
S01007985,O P Q. Public administration education and health,89,87,33,54,2,0,2
S01007985,R S T U. Other,17,12,7,5,5,0,5
S01007986,All people aged 16 to 74 in employment,255,238,71,167,17,3,14
S01007986,A B D E. Agriculture energy and water,7,7,0,7,0,0,0
S01007986,C. Manufacturing,41,40,3,37,1,1,0
S01007986,F. Construction,20,13,2,11,7,1,6
S01007986,G I. Distribution hotels and restaurants,45,44,21,23,1,0,1
S01007986,H J. Transport and communication,12,11,3,8,1,0,1
S01007986,K L M N. Financial real estate professional and administrative activities,26,24,6,18,2,0,2
S01007986,O P Q. Public administration education and health,88,86,30,56,2,0,2
S01007986,R S T U. Other,16,13,6,7,3,1,2
S01007987,All people aged 16 to 74 in employment,387,357,108,249,30,5,25
S01007987,A B D E. Agriculture energy and water,10,10,0,10,0,0,0
S01007987,C. Manufacturing,48,45,6,39,3,0,3
S01007987,F. Construction,35,26,2,24,9,1,8
S01007987,G I. Distribution hotels and restaurants,76,70,37,33,6,1,5
S01007987,H J. Transport and communication,20,17,3,14,3,1,2
S01007987,K L M N. Financial real estate professional and administrative activities,48,43,6,37,5,1,4
S01007987,O P Q. Public administration education and health,134,132,46,86,2,0,2
S01007987,R S T U. Other,16,14,8,6,2,1,1
S01007988,All people aged 16 to 74 in employment,334,313,104,209,21,5,16
S01007988,A B D E. Agriculture energy and water,7,7,1,6,0,0,0
S01007988,C. Manufacturing,36,35,0,35,1,1,0
S01007988,F. Construction,31,27,2,25,4,1,3
S01007988,G I. Distribution hotels and restaurants,82,74,31,43,8,0,8
S01007988,H J. Transport and communication,17,14,5,9,3,1,2
S01007988,K L M N. Financial real estate professional and administrative activities,44,43,11,32,1,1,0
S01007988,O P Q. Public administration education and health,99,98,44,54,1,1,0
S01007988,R S T U. Other,18,15,10,5,3,0,3
S01007989,All people aged 16 to 74 in employment,324,297,103,194,27,8,19
S01007989,A B D E. Agriculture energy and water,2,2,0,2,0,0,0
S01007989,C. Manufacturing,36,36,3,33,0,0,0
S01007989,F. Construction,30,26,1,25,4,0,4
S01007989,G I. Distribution hotels and restaurants,74,68,27,41,6,1,5
S01007989,H J. Transport and communication,25,21,11,10,4,0,4
S01007989,K L M N. Financial real estate professional and administrative activities,45,39,14,25,6,4,2
S01007989,O P Q. Public administration education and health,97,93,39,54,4,1,3
S01007989,R S T U. Other,15,12,8,4,3,2,1
S01007990,All people aged 16 to 74 in employment,449,422,131,291,27,11,16
S01007990,A B D E. Agriculture energy and water,5,4,0,4,1,0,1
S01007990,C. Manufacturing,45,44,2,42,1,1,0
S01007990,F. Construction,29,26,0,26,3,1,2
S01007990,G I. Distribution hotels and restaurants,115,110,50,60,5,2,3
S01007990,H J. Transport and communication,37,35,6,29,2,1,1
S01007990,K L M N. Financial real estate professional and administrative activities,53,51,16,35,2,2,0
S01007990,O P Q. Public administration education and health,143,136,46,90,7,2,5
S01007990,R S T U. Other,22,16,11,5,6,2,4
S01007991,All people aged 16 to 74 in employment,567,515,137,378,52,18,34
S01007991,A B D E. Agriculture energy and water,17,14,2,12,3,2,1
S01007991,C. Manufacturing,61,57,7,50,4,0,4
S01007991,F. Construction,36,24,1,23,12,2,10
S01007991,G I. Distribution hotels and restaurants,115,104,41,63,11,6,5
S01007991,H J. Transport and communication,36,33,7,26,3,0,3
S01007991,K L M N. Financial real estate professional and administrative activities,92,83,16,67,9,2,7
S01007991,O P Q. Public administration education and health,188,184,61,123,4,2,2
S01007991,R S T U. Other,22,16,2,14,6,4,2
S01007992,All people aged 16 to 74 in employment,384,338,93,245,46,11,35
S01007992,A B D E. Agriculture energy and water,8,7,0,7,1,0,1
S01007992,C. Manufacturing,35,29,1,28,6,1,5
S01007992,F. Construction,30,22,1,21,8,2,6
S01007992,G I. Distribution hotels and restaurants,82,71,31,40,11,0,11
S01007992,H J. Transport and communication,31,30,5,25,1,0,1
S01007992,K L M N. Financial real estate professional and administrative activities,52,48,19,29,4,1,3
S01007992,O P Q. Public administration education and health,126,119,32,87,7,2,5
S01007992,R S T U. Other,20,12,4,8,8,5,3
S01007993,All people aged 16 to 74 in employment,474,428,117,311,46,9,37
S01007993,A B D E. Agriculture energy and water,16,13,3,10,3,0,3
S01007993,C. Manufacturing,71,71,4,67,0,0,0
S01007993,F. Construction,42,30,2,28,12,0,12
S01007993,G I. Distribution hotels and restaurants,79,76,39,37,3,2,1
S01007993,H J. Transport and communication,16,12,2,10,4,0,4
S01007993,K L M N. Financial real estate professional and administrative activities,50,46,8,38,4,0,4
S01007993,O P Q. Public administration education and health,177,166,49,117,11,4,7
S01007993,R S T U. Other,23,14,10,4,9,3,6
S01007994,All people aged 16 to 74 in employment,486,434,102,332,52,18,34
S01007994,A B D E. Agriculture energy and water,14,13,3,10,1,0,1
S01007994,C. Manufacturing,70,65,4,61,5,2,3
S01007994,F. Construction,28,19,1,18,9,2,7
S01007994,G I. Distribution hotels and restaurants,78,71,24,47,7,1,6
S01007994,H J. Transport and communication,39,37,6,31,2,0,2
S01007994,K L M N. Financial real estate professional and administrative activities,83,72,15,57,11,5,6
S01007994,O P Q. Public administration education and health,157,146,42,104,11,3,8
S01007994,R S T U. Other,17,11,7,4,6,5,1
S01007995,All people aged 16 to 74 in employment,517,482,149,333,35,12,23
S01007995,A B D E. Agriculture energy and water,10,9,2,7,1,0,1
S01007995,C. Manufacturing,57,55,2,53,2,1,1
S01007995,F. Construction,31,24,1,23,7,2,5
S01007995,G I. Distribution hotels and restaurants,107,97,53,44,10,4,6
S01007995,H J. Transport and communication,35,33,4,29,2,1,1
S01007995,K L M N. Financial real estate professional and administrative activities,71,66,16,50,5,2,3
S01007995,O P Q. Public administration education and health,191,186,66,120,5,1,4
S01007995,R S T U. Other,15,12,5,7,3,1,2
S01007996,All people aged 16 to 74 in employment,240,202,55,147,38,9,29
S01007996,A B D E. Agriculture energy and water,7,4,0,4,3,1,2
S01007996,C. Manufacturing,33,31,1,30,2,0,2
S01007996,F. Construction,14,8,1,7,6,1,5
S01007996,G I. Distribution hotels and restaurants,46,40,13,27,6,0,6
S01007996,H J. Transport and communication,12,8,3,5,4,1,3
S01007996,K L M N. Financial real estate professional and administrative activities,46,36,9,27,10,3,7
S01007996,O P Q. Public administration education and health,75,70,27,43,5,3,2
S01007996,R S T U. Other,7,5,1,4,2,0,2
S01007997,All people aged 16 to 74 in employment,337,288,71,217,49,15,34
S01007997,A B D E. Agriculture energy and water,5,4,0,4,1,0,1
S01007997,C. Manufacturing,38,36,3,33,2,0,2
S01007997,F. Construction,24,14,1,13,10,2,8
S01007997,G I. Distribution hotels and restaurants,72,63,29,34,9,3,6
S01007997,H J. Transport and communication,17,12,3,9,5,2,3
S01007997,K L M N. Financial real estate professional and administrative activities,54,44,9,35,10,2,8
S01007997,O P Q. Public administration education and health,116,108,21,87,8,3,5
S01007997,R S T U. Other,11,7,5,2,4,3,1
S01007998,All people aged 16 to 74 in employment,263,218,52,166,45,12,33
S01007998,A B D E. Agriculture energy and water,7,4,1,3,3,1,2
S01007998,C. Manufacturing,17,17,1,16,0,0,0
S01007998,F. Construction,26,19,6,13,7,0,7
S01007998,G I. Distribution hotels and restaurants,57,43,18,25,14,4,10
S01007998,H J. Transport and communication,22,19,0,19,3,1,2
S01007998,K L M N. Financial real estate professional and administrative activities,33,26,7,19,7,2,5
S01007998,O P Q. Public administration education and health,91,82,16,66,9,3,6
S01007998,R S T U. Other,10,8,3,5,2,1,1
S01007999,All people aged 16 to 74 in employment,318,289,92,197,29,8,21
S01007999,A B D E. Agriculture energy and water,4,4,1,3,0,0,0
S01007999,C. Manufacturing,46,43,1,42,3,0,3
S01007999,F. Construction,44,31,4,27,13,2,11
S01007999,G I. Distribution hotels and restaurants,73,69,35,34,4,3,1
S01007999,H J. Transport and communication,18,16,3,13,2,1,1
S01007999,K L M N. Financial real estate professional and administrative activities,37,35,10,25,2,1,1
S01007999,O P Q. Public administration education and health,84,82,35,47,2,0,2
S01007999,R S T U. Other,12,9,3,6,3,1,2
S01008000,All people aged 16 to 74 in employment,349,329,107,222,20,6,14
S01008000,A B D E. Agriculture energy and water,10,7,4,3,3,2,1
S01008000,C. Manufacturing,34,33,2,31,1,1,0
S01008000,F. Construction,29,27,0,27,2,1,1
S01008000,G I. Distribution hotels and restaurants,74,71,28,43,3,1,2
S01008000,H J. Transport and communication,32,27,6,21,5,0,5
S01008000,K L M N. Financial real estate professional and administrative activities,35,34,7,27,1,0,1
S01008000,O P Q. Public administration education and health,121,118,54,64,3,1,2
S01008000,R S T U. Other,14,12,6,6,2,0,2
S01008001,All people aged 16 to 74 in employment,286,272,102,170,14,6,8
S01008001,A B D E. Agriculture energy and water,14,14,2,12,0,0,0
S01008001,C. Manufacturing,31,31,3,28,0,0,0
S01008001,F. Construction,16,15,2,13,1,0,1
S01008001,G I. Distribution hotels and restaurants,81,76,35,41,5,1,4
S01008001,H J. Transport and communication,25,23,9,14,2,2,0
S01008001,K L M N. Financial real estate professional and administrative activities,34,34,16,18,0,0,0
S01008001,O P Q. Public administration education and health,72,68,30,38,4,2,2
S01008001,R S T U. Other,13,11,5,6,2,1,1
S01008002,All people aged 16 to 74 in employment,283,245,85,160,38,21,17
S01008002,A B D E. Agriculture energy and water,11,10,0,10,1,0,1
S01008002,C. Manufacturing,24,24,3,21,0,0,0
S01008002,F. Construction,37,27,4,23,10,4,6
S01008002,G I. Distribution hotels and restaurants,64,58,27,31,6,2,4
S01008002,H J. Transport and communication,14,12,3,9,2,0,2
S01008002,K L M N. Financial real estate professional and administrative activities,53,44,19,25,9,7,2
S01008002,O P Q. Public administration education and health,73,65,27,38,8,6,2
S01008002,R S T U. Other,7,5,2,3,2,2,0
S01008003,All people aged 16 to 74 in employment,284,255,61,194,29,6,23
S01008003,A B D E. Agriculture energy and water,5,5,0,5,0,0,0
S01008003,C. Manufacturing,33,31,0,31,2,1,1
S01008003,F. Construction,23,13,0,13,10,1,9
S01008003,G I. Distribution hotels and restaurants,61,55,20,35,6,1,5
S01008003,H J. Transport and communication,24,19,1,18,5,0,5
S01008003,K L M N. Financial real estate professional and administrative activities,33,32,7,25,1,1,0
S01008003,O P Q. Public administration education and health,94,90,26,64,4,2,2
S01008003,R S T U. Other,11,10,7,3,1,0,1
S01008004,All people aged 16 to 74 in employment,329,305,78,227,24,5,19
S01008004,A B D E. Agriculture energy and water,13,11,0,11,2,1,1
S01008004,C. Manufacturing,44,42,2,40,2,0,2
S01008004,F. Construction,24,20,2,18,4,1,3
S01008004,G I. Distribution hotels and restaurants,71,65,28,37,6,0,6
S01008004,H J. Transport and communication,28,25,1,24,3,0,3
S01008004,K L M N. Financial real estate professional and administrative activities,41,38,8,30,3,0,3
S01008004,O P Q. Public administration education and health,100,97,33,64,3,2,1
S01008004,R S T U. Other,8,7,4,3,1,1,0
S01008005,All people aged 16 to 74 in employment,297,270,65,205,27,8,19
S01008005,A B D E. Agriculture energy and water,7,7,0,7,0,0,0
S01008005,C. Manufacturing,19,19,2,17,0,0,0
S01008005,F. Construction,26,21,0,21,5,0,5
S01008005,G I. Distribution hotels and restaurants,58,49,23,26,9,2,7
S01008005,H J. Transport and communication,24,19,0,19,5,1,4
S01008005,K L M N. Financial real estate professional and administrative activities,40,38,9,29,2,0,2
S01008005,O P Q. Public administration education and health,107,105,24,81,2,2,0
S01008005,R S T U. Other,16,12,7,5,4,3,1
S01008006,All people aged 16 to 74 in employment,173,158,45,113,15,8,7
S01008006,A B D E. Agriculture energy and water,6,6,0,6,0,0,0
S01008006,C. Manufacturing,25,25,3,22,0,0,0
S01008006,F. Construction,19,15,0,15,4,1,3
S01008006,G I. Distribution hotels and restaurants,40,39,15,24,1,0,1
S01008006,H J. Transport and communication,11,8,2,6,3,2,1
S01008006,K L M N. Financial real estate professional and administrative activities,25,22,8,14,3,2,1
S01008006,O P Q. Public administration education and health,39,38,14,24,1,1,0
S01008006,R S T U. Other,8,5,3,2,3,2,1
S01008007,All people aged 16 to 74 in employment,168,161,54,107,7,2,5
S01008007,A B D E. Agriculture energy and water,4,4,0,4,0,0,0
S01008007,C. Manufacturing,27,27,3,24,0,0,0
S01008007,F. Construction,6,4,0,4,2,1,1
S01008007,G I. Distribution hotels and restaurants,45,43,23,20,2,0,2
S01008007,H J. Transport and communication,11,9,1,8,2,1,1
S01008007,K L M N. Financial real estate professional and administrative activities,21,21,8,13,0,0,0
S01008007,O P Q. Public administration education and health,46,45,16,29,1,0,1
S01008007,R S T U. Other,8,8,3,5,0,0,0
S01008008,All people aged 16 to 74 in employment,252,228,76,152,24,8,16
S01008008,A B D E. Agriculture energy and water,5,5,0,5,0,0,0
S01008008,C. Manufacturing,21,19,2,17,2,0,2
S01008008,F. Construction,19,17,2,15,2,0,2
S01008008,G I. Distribution hotels and restaurants,54,49,22,27,5,2,3
S01008008,H J. Transport and communication,25,23,3,20,2,0,2
S01008008,K L M N. Financial real estate professional and administrative activities,43,40,16,24,3,2,1
S01008008,O P Q. Public administration education and health,60,57,24,33,3,0,3
S01008008,R S T U. Other,25,18,7,11,7,4,3
S01008009,All people aged 16 to 74 in employment,302,271,86,185,31,11,20
S01008009,A B D E. Agriculture energy and water,7,6,0,6,1,1,0
S01008009,C. Manufacturing,34,30,7,23,4,0,4
S01008009,F. Construction,24,19,2,17,5,3,2
S01008009,G I. Distribution hotels and restaurants,60,58,30,28,2,1,1
S01008009,H J. Transport and communication,26,21,6,15,5,2,3
S01008009,K L M N. Financial real estate professional and administrative activities,32,30,7,23,2,1,1
S01008009,O P Q. Public administration education and health,101,97,28,69,4,0,4
S01008009,R S T U. Other,18,10,6,4,8,3,5
S01008010,All people aged 16 to 74 in employment,392,349,82,267,43,10,33
S01008010,A B D E. Agriculture energy and water,18,13,0,13,5,2,3
S01008010,C. Manufacturing,39,37,2,35,2,1,1
S01008010,F. Construction,34,23,2,21,11,1,10
S01008010,G I. Distribution hotels and restaurants,98,89,39,50,9,1,8
S01008010,H J. Transport and communication,29,26,3,23,3,1,2
S01008010,K L M N. Financial real estate professional and administrative activities,48,43,7,36,5,3,2
S01008010,O P Q. Public administration education and health,110,106,24,82,4,1,3
S01008010,R S T U. Other,16,12,5,7,4,0,4
S01008011,All people aged 16 to 74 in employment,248,229,53,176,19,3,16
S01008011,A B D E. Agriculture energy and water,6,6,0,6,0,0,0
S01008011,C. Manufacturing,22,21,3,18,1,0,1
S01008011,F. Construction,12,11,0,11,1,0,1
S01008011,G I. Distribution hotels and restaurants,59,51,22,29,8,0,8
S01008011,H J. Transport and communication,20,18,1,17,2,0,2
S01008011,K L M N. Financial real estate professional and administrative activities,43,39,8,31,4,1,3
S01008011,O P Q. Public administration education and health,68,68,16,52,0,0,0
S01008011,R S T U. Other,18,15,3,12,3,2,1
S01008012,All people aged 16 to 74 in employment,416,369,77,292,47,9,38
S01008012,A B D E. Agriculture energy and water,16,14,1,13,2,2,0
S01008012,C. Manufacturing,32,30,2,28,2,0,2
S01008012,F. Construction,28,20,4,16,8,0,8
S01008012,G I. Distribution hotels and restaurants,108,97,29,68,11,1,10
S01008012,H J. Transport and communication,33,31,9,22,2,1,1
S01008012,K L M N. Financial real estate professional and administrative activities,59,51,7,44,8,1,7
S01008012,O P Q. Public administration education and health,114,106,19,87,8,0,8
S01008012,R S T U. Other,26,20,6,14,6,4,2
S01008013,All people aged 16 to 74 in employment,315,279,70,209,36,11,25
S01008013,A B D E. Agriculture energy and water,4,4,0,4,0,0,0
S01008013,C. Manufacturing,29,26,3,23,3,2,1
S01008013,F. Construction,22,12,1,11,10,3,7
S01008013,G I. Distribution hotels and restaurants,57,50,19,31,7,1,6
S01008013,H J. Transport and communication,18,14,1,13,4,0,4
S01008013,K L M N. Financial real estate professional and administrative activities,40,34,4,30,6,3,3
S01008013,O P Q. Public administration education and health,131,128,38,90,3,2,1
S01008013,R S T U. Other,14,11,4,7,3,0,3
S01008014,All people aged 16 to 74 in employment,321,289,74,215,32,7,25
S01008014,A B D E. Agriculture energy and water,7,6,2,4,1,0,1
S01008014,C. Manufacturing,39,37,2,35,2,1,1
S01008014,F. Construction,20,14,2,12,6,1,5
S01008014,G I. Distribution hotels and restaurants,59,57,19,38,2,1,1
S01008014,H J. Transport and communication,24,20,3,17,4,1,3
S01008014,K L M N. Financial real estate professional and administrative activities,29,23,6,17,6,1,5
S01008014,O P Q. Public administration education and health,131,124,39,85,7,1,6
S01008014,R S T U. Other,12,8,1,7,4,1,3
S01008015,All people aged 16 to 74 in employment,348,330,76,254,18,8,10
S01008015,A B D E. Agriculture energy and water,12,12,1,11,0,0,0
S01008015,C. Manufacturing,32,32,2,30,0,0,0
S01008015,F. Construction,25,20,2,18,5,3,2
S01008015,G I. Distribution hotels and restaurants,92,92,32,60,0,0,0
S01008015,H J. Transport and communication,32,24,6,18,8,3,5
S01008015,K L M N. Financial real estate professional and administrative activities,37,35,7,28,2,0,2
S01008015,O P Q. Public administration education and health,109,106,24,82,3,2,1
S01008015,R S T U. Other,9,9,2,7,0,0,0
S01008016,All people aged 16 to 74 in employment,353,312,83,229,41,8,33
S01008016,A B D E. Agriculture energy and water,10,8,1,7,2,0,2
S01008016,C. Manufacturing,50,45,4,41,5,1,4
S01008016,F. Construction,30,16,0,16,14,0,14
S01008016,G I. Distribution hotels and restaurants,77,72,30,42,5,1,4
S01008016,H J. Transport and communication,22,18,4,14,4,3,1
S01008016,K L M N. Financial real estate professional and administrative activities,35,33,4,29,2,0,2
S01008016,O P Q. Public administration education and health,114,109,38,71,5,0,5
S01008016,R S T U. Other,15,11,2,9,4,3,1
S01008017,All people aged 16 to 74 in employment,407,361,108,253,46,14,32
S01008017,A B D E. Agriculture energy and water,6,4,0,4,2,0,2
S01008017,C. Manufacturing,39,36,2,34,3,1,2
S01008017,F. Construction,27,16,1,15,11,0,11
S01008017,G I. Distribution hotels and restaurants,69,66,35,31,3,1,2
S01008017,H J. Transport and communication,20,20,3,17,0,0,0
S01008017,K L M N. Financial real estate professional and administrative activities,57,46,7,39,11,5,6
S01008017,O P Q. Public administration education and health,169,159,51,108,10,4,6
S01008017,R S T U. Other,20,14,9,5,6,3,3
S01008018,All people aged 16 to 74 in employment,308,270,72,198,38,12,26
S01008018,A B D E. Agriculture energy and water,3,2,0,2,1,0,1
S01008018,C. Manufacturing,33,29,2,27,4,2,2
S01008018,F. Construction,23,13,1,12,10,2,8
S01008018,G I. Distribution hotels and restaurants,53,49,28,21,4,1,3
S01008018,H J. Transport and communication,12,12,3,9,0,0,0
S01008018,K L M N. Financial real estate professional and administrative activities,49,42,6,36,7,2,5
S01008018,O P Q. Public administration education and health,115,109,23,86,6,3,3
S01008018,R S T U. Other,20,14,9,5,6,2,4
S01008019,All people aged 16 to 74 in employment,367,307,90,217,60,13,47
S01008019,A B D E. Agriculture energy and water,12,9,1,8,3,0,3
S01008019,C. Manufacturing,36,33,2,31,3,1,2
S01008019,F. Construction,23,16,3,13,7,0,7
S01008019,G I. Distribution hotels and restaurants,71,57,35,22,14,2,12
S01008019,H J. Transport and communication,20,17,2,15,3,1,2
S01008019,K L M N. Financial real estate professional and administrative activities,55,41,8,33,14,5,9
S01008019,O P Q. Public administration education and health,130,121,32,89,9,1,8
S01008019,R S T U. Other,20,13,7,6,7,3,4
S01008020,All people aged 16 to 74 in employment,351,309,76,233,42,10,32
S01008020,A B D E. Agriculture energy and water,10,10,0,10,0,0,0
S01008020,C. Manufacturing,34,33,5,28,1,0,1
S01008020,F. Construction,37,21,1,20,16,2,14
S01008020,G I. Distribution hotels and restaurants,82,74,35,39,8,5,3
S01008020,H J. Transport and communication,19,15,1,14,4,0,4
S01008020,K L M N. Financial real estate professional and administrative activities,50,47,7,40,3,1,2
S01008020,O P Q. Public administration education and health,102,98,23,75,4,1,3
S01008020,R S T U. Other,17,11,4,7,6,1,5
S01008021,All people aged 16 to 74 in employment,276,233,71,162,43,16,27
S01008021,A B D E. Agriculture energy and water,3,3,0,3,0,0,0
S01008021,C. Manufacturing,23,22,4,18,1,0,1
S01008021,F. Construction,20,11,0,11,9,0,9
S01008021,G I. Distribution hotels and restaurants,49,39,15,24,10,3,7
S01008021,H J. Transport and communication,16,13,5,8,3,2,1
S01008021,K L M N. Financial real estate professional and administrative activities,46,34,12,22,12,5,7
S01008021,O P Q. Public administration education and health,111,105,30,75,6,4,2
S01008021,R S T U. Other,8,6,5,1,2,2,0
S01008022,All people aged 16 to 74 in employment,371,324,91,233,47,18,29
S01008022,A B D E. Agriculture energy and water,9,7,0,7,2,0,2
S01008022,C. Manufacturing,48,41,3,38,7,1,6
S01008022,F. Construction,15,7,0,7,8,2,6
S01008022,G I. Distribution hotels and restaurants,73,65,36,29,8,4,4
S01008022,H J. Transport and communication,18,12,1,11,6,4,2
S01008022,K L M N. Financial real estate professional and administrative activities,50,48,12,36,2,1,1
S01008022,O P Q. Public administration education and health,134,128,29,99,6,3,3
S01008022,R S T U. Other,24,16,10,6,8,3,5
S01008023,All people aged 16 to 74 in employment,402,351,111,240,51,8,43
S01008023,A B D E. Agriculture energy and water,12,9,1,8,3,1,2
S01008023,C. Manufacturing,57,56,3,53,1,1,0
S01008023,F. Construction,37,24,2,22,13,1,12
S01008023,G I. Distribution hotels and restaurants,78,65,34,31,13,1,12
S01008023,H J. Transport and communication,21,19,2,17,2,0,2
S01008023,K L M N. Financial real estate professional and administrative activities,61,49,13,36,12,1,11
S01008023,O P Q. Public administration education and health,125,121,52,69,4,2,2
S01008023,R S T U. Other,11,8,4,4,3,1,2
S01008024,All people aged 16 to 74 in employment,415,367,94,273,48,14,34
S01008024,A B D E. Agriculture energy and water,17,12,0,12,5,0,5
S01008024,C. Manufacturing,45,42,4,38,3,0,3
S01008024,F. Construction,32,23,1,22,9,1,8
S01008024,G I. Distribution hotels and restaurants,69,64,23,41,5,2,3
S01008024,H J. Transport and communication,17,16,2,14,1,0,1
S01008024,K L M N. Financial real estate professional and administrative activities,76,68,23,45,8,2,6
S01008024,O P Q. Public administration education and health,145,134,39,95,11,5,6
S01008024,R S T U. Other,14,8,2,6,6,4,2
S01008025,All people aged 16 to 74 in employment,393,355,107,248,38,9,29
S01008025,A B D E. Agriculture energy and water,15,14,1,13,1,0,1
S01008025,C. Manufacturing,50,47,2,45,3,0,3
S01008025,F. Construction,25,15,2,13,10,0,10
S01008025,G I. Distribution hotels and restaurants,79,72,26,46,7,1,6
S01008025,H J. Transport and communication,22,20,5,15,2,1,1
S01008025,K L M N. Financial real estate professional and administrative activities,43,37,8,29,6,3,3
S01008025,O P Q. Public administration education and health,148,141,58,83,7,4,3
S01008025,R S T U. Other,11,9,5,4,2,0,2
S01008026,All people aged 16 to 74 in employment,484,436,133,303,48,14,34
S01008026,A B D E. Agriculture energy and water,15,12,0,12,3,0,3
S01008026,C. Manufacturing,52,49,3,46,3,0,3
S01008026,F. Construction,55,43,1,42,12,1,11
S01008026,G I. Distribution hotels and restaurants,91,83,40,43,8,2,6
S01008026,H J. Transport and communication,28,22,2,20,6,1,5
S01008026,K L M N. Financial real estate professional and administrative activities,56,47,14,33,9,5,4
S01008026,O P Q. Public administration education and health,170,166,69,97,4,3,1
S01008026,R S T U. Other,17,14,4,10,3,2,1
S01008027,All people aged 16 to 74 in employment,263,252,74,178,11,4,7
S01008027,A B D E. Agriculture energy and water,6,6,1,5,0,0,0
S01008027,C. Manufacturing,29,28,0,28,1,0,1
S01008027,F. Construction,28,27,0,27,1,0,1
S01008027,G I. Distribution hotels and restaurants,68,65,28,37,3,1,2
S01008027,H J. Transport and communication,13,13,4,9,0,0,0
S01008027,K L M N. Financial real estate professional and administrative activities,24,23,3,20,1,0,1
S01008027,O P Q. Public administration education and health,85,81,36,45,4,2,2
S01008027,R S T U. Other,10,9,2,7,1,1,0
S01008028,All people aged 16 to 74 in employment,315,277,77,200,38,4,34
S01008028,A B D E. Agriculture energy and water,11,11,1,10,0,0,0
S01008028,C. Manufacturing,29,26,2,24,3,1,2
S01008028,F. Construction,34,25,3,22,9,0,9
S01008028,G I. Distribution hotels and restaurants,66,58,21,37,8,1,7
S01008028,H J. Transport and communication,26,21,4,17,5,0,5
S01008028,K L M N. Financial real estate professional and administrative activities,36,32,9,23,4,0,4
S01008028,O P Q. Public administration education and health,101,96,35,61,5,1,4
S01008028,R S T U. Other,12,8,2,6,4,1,3
S01008029,All people aged 16 to 74 in employment,436,350,100,250,86,18,68
S01008029,A B D E. Agriculture energy and water,46,18,3,15,28,6,22
S01008029,C. Manufacturing,31,30,5,25,1,0,1
S01008029,F. Construction,43,28,0,28,15,1,14
S01008029,G I. Distribution hotels and restaurants,87,67,28,39,20,4,16
S01008029,H J. Transport and communication,19,12,2,10,7,1,6
S01008029,K L M N. Financial real estate professional and administrative activities,54,46,10,36,8,1,7
S01008029,O P Q. Public administration education and health,131,130,43,87,1,1,0
S01008029,R S T U. Other,25,19,9,10,6,4,2
S01008030,All people aged 16 to 74 in employment,518,427,102,325,91,27,64
S01008030,A B D E. Agriculture energy and water,10,8,1,7,2,0,2
S01008030,C. Manufacturing,51,41,2,39,10,5,5
S01008030,F. Construction,47,33,1,32,14,1,13
S01008030,G I. Distribution hotels and restaurants,94,78,32,46,16,4,12
S01008030,H J. Transport and communication,47,40,6,34,7,3,4
S01008030,K L M N. Financial real estate professional and administrative activities,82,62,15,47,20,5,15
S01008030,O P Q. Public administration education and health,176,162,45,117,14,5,9
S01008030,R S T U. Other,11,3,0,3,8,4,4
S01008031,All people aged 16 to 74 in employment,403,366,111,255,37,12,25
S01008031,A B D E. Agriculture energy and water,11,10,3,7,1,0,1
S01008031,C. Manufacturing,30,28,4,24,2,0,2
S01008031,F. Construction,50,43,0,43,7,1,6
S01008031,G I. Distribution hotels and restaurants,84,81,39,42,3,2,1
S01008031,H J. Transport and communication,23,21,4,17,2,0,2
S01008031,K L M N. Financial real estate professional and administrative activities,60,51,11,40,9,3,6
S01008031,O P Q. Public administration education and health,129,123,44,79,6,3,3
S01008031,R S T U. Other,16,9,6,3,7,3,4
S01008032,All people aged 16 to 74 in employment,441,401,119,282,40,10,30
S01008032,A B D E. Agriculture energy and water,10,10,0,10,0,0,0
S01008032,C. Manufacturing,45,44,5,39,1,0,1
S01008032,F. Construction,42,33,3,30,9,0,9
S01008032,G I. Distribution hotels and restaurants,94,89,45,44,5,1,4
S01008032,H J. Transport and communication,42,34,5,29,8,0,8
S01008032,K L M N. Financial real estate professional and administrative activities,53,49,12,37,4,2,2
S01008032,O P Q. Public administration education and health,138,132,48,84,6,3,3
S01008032,R S T U. Other,17,10,1,9,7,4,3
S01008033,All people aged 16 to 74 in employment,453,368,125,243,85,17,68
S01008033,A B D E. Agriculture energy and water,12,4,1,3,8,0,8
S01008033,C. Manufacturing,22,21,1,20,1,1,0
S01008033,F. Construction,27,17,3,14,10,1,9
S01008033,G I. Distribution hotels and restaurants,88,72,49,23,16,4,12
S01008033,H J. Transport and communication,33,25,9,16,8,2,6
S01008033,K L M N. Financial real estate professional and administrative activities,83,63,8,55,20,2,18
S01008033,O P Q. Public administration education and health,158,142,46,96,16,7,9
S01008033,R S T U. Other,30,24,8,16,6,0,6
S01008034,All people aged 16 to 74 in employment,444,369,112,257,75,27,48
S01008034,A B D E. Agriculture energy and water,8,7,1,6,1,0,1
S01008034,C. Manufacturing,29,29,2,27,0,0,0
S01008034,F. Construction,22,12,0,12,10,4,6
S01008034,G I. Distribution hotels and restaurants,76,62,38,24,14,3,11
S01008034,H J. Transport and communication,33,25,4,21,8,5,3
S01008034,K L M N. Financial real estate professional and administrative activities,93,71,19,52,22,4,18
S01008034,O P Q. Public administration education and health,167,153,40,113,14,6,8
S01008034,R S T U. Other,16,10,8,2,6,5,1
S01008035,All people aged 16 to 74 in employment,312,278,82,196,34,10,24
S01008035,A B D E. Agriculture energy and water,4,4,1,3,0,0,0
S01008035,C. Manufacturing,28,24,3,21,4,0,4
S01008035,F. Construction,17,10,2,8,7,2,5
S01008035,G I. Distribution hotels and restaurants,53,52,22,30,1,0,1
S01008035,H J. Transport and communication,19,14,4,10,5,1,4
S01008035,K L M N. Financial real estate professional and administrative activities,57,52,10,42,5,2,3
S01008035,O P Q. Public administration education and health,119,110,34,76,9,4,5
S01008035,R S T U. Other,15,12,6,6,3,1,2
S01008036,All people aged 16 to 74 in employment,336,298,97,201,38,12,26
S01008036,A B D E. Agriculture energy and water,6,6,0,6,0,0,0
S01008036,C. Manufacturing,22,21,1,20,1,0,1
S01008036,F. Construction,31,21,1,20,10,2,8
S01008036,G I. Distribution hotels and restaurants,65,60,31,29,5,1,4
S01008036,H J. Transport and communication,29,25,2,23,4,1,3
S01008036,K L M N. Financial real estate professional and administrative activities,48,42,12,30,6,1,5
S01008036,O P Q. Public administration education and health,121,113,45,68,8,5,3
S01008036,R S T U. Other,14,10,5,5,4,2,2
S01008037,All people aged 16 to 74 in employment,478,421,139,282,57,20,37
S01008037,A B D E. Agriculture energy and water,4,3,0,3,1,0,1
S01008037,C. Manufacturing,21,20,2,18,1,1,0
S01008037,F. Construction,54,40,5,35,14,1,13
S01008037,G I. Distribution hotels and restaurants,102,97,47,50,5,1,4
S01008037,H J. Transport and communication,41,30,3,27,11,3,8
S01008037,K L M N. Financial real estate professional and administrative activities,69,55,16,39,14,5,9
S01008037,O P Q. Public administration education and health,163,158,58,100,5,4,1
S01008037,R S T U. Other,24,18,8,10,6,5,1
S01008038,All people aged 16 to 74 in employment,370,323,109,214,47,13,34
S01008038,A B D E. Agriculture energy and water,11,10,0,10,1,1,0
S01008038,C. Manufacturing,18,15,3,12,3,1,2
S01008038,F. Construction,38,26,4,22,12,2,10
S01008038,G I. Distribution hotels and restaurants,92,88,48,40,4,2,2
S01008038,H J. Transport and communication,30,23,4,19,7,0,7
S01008038,K L M N. Financial real estate professional and administrative activities,63,49,7,42,14,6,8
S01008038,O P Q. Public administration education and health,96,92,35,57,4,1,3
S01008038,R S T U. Other,22,20,8,12,2,0,2
S01008039,All people aged 16 to 74 in employment,424,380,129,251,44,13,31
S01008039,A B D E. Agriculture energy and water,5,5,0,5,0,0,0
S01008039,C. Manufacturing,18,18,1,17,0,0,0
S01008039,F. Construction,40,23,2,21,17,5,12
S01008039,G I. Distribution hotels and restaurants,112,107,61,46,5,3,2
S01008039,H J. Transport and communication,30,25,6,19,5,0,5
S01008039,K L M N. Financial real estate professional and administrative activities,70,65,9,56,5,0,5
S01008039,O P Q. Public administration education and health,120,114,44,70,6,3,3
S01008039,R S T U. Other,29,23,6,17,6,2,4
S01008040,All people aged 16 to 74 in employment,356,299,98,201,57,21,36
S01008040,A B D E. Agriculture energy and water,6,5,0,5,1,0,1
S01008040,C. Manufacturing,34,30,4,26,4,0,4
S01008040,F. Construction,20,12,1,11,8,1,7
S01008040,G I. Distribution hotels and restaurants,52,51,20,31,1,1,0
S01008040,H J. Transport and communication,25,16,3,13,9,1,8
S01008040,K L M N. Financial real estate professional and administrative activities,57,38,10,28,19,8,11
S01008040,O P Q. Public administration education and health,136,126,51,75,10,8,2
S01008040,R S T U. Other,26,21,9,12,5,2,3
S01008041,All people aged 16 to 74 in employment,304,264,86,178,40,7,33
S01008041,A B D E. Agriculture energy and water,7,6,3,3,1,0,1
S01008041,C. Manufacturing,14,10,1,9,4,0,4
S01008041,F. Construction,14,7,1,6,7,0,7
S01008041,G I. Distribution hotels and restaurants,49,44,24,20,5,0,5
S01008041,H J. Transport and communication,21,18,4,14,3,0,3
S01008041,K L M N. Financial real estate professional and administrative activities,58,46,12,34,12,2,10
S01008041,O P Q. Public administration education and health,120,113,29,84,7,4,3
S01008041,R S T U. Other,21,20,12,8,1,1,0
S01008042,All people aged 16 to 74 in employment,254,197,62,135,57,18,39
S01008042,A B D E. Agriculture energy and water,5,5,0,5,0,0,0
S01008042,C. Manufacturing,19,18,1,17,1,0,1
S01008042,F. Construction,12,6,2,4,6,2,4
S01008042,G I. Distribution hotels and restaurants,34,26,11,15,8,2,6
S01008042,H J. Transport and communication,22,16,4,12,6,1,5
S01008042,K L M N. Financial real estate professional and administrative activities,61,38,8,30,23,7,16
S01008042,O P Q. Public administration education and health,89,78,32,46,11,5,6
S01008042,R S T U. Other,12,10,4,6,2,1,1
S01008043,All people aged 16 to 74 in employment,437,339,115,224,98,43,55
S01008043,A B D E. Agriculture energy and water,8,8,0,8,0,0,0
S01008043,C. Manufacturing,40,32,7,25,8,4,4
S01008043,F. Construction,28,15,4,11,13,2,11
S01008043,G I. Distribution hotels and restaurants,51,43,24,19,8,2,6
S01008043,H J. Transport and communication,38,26,5,21,12,6,6
S01008043,K L M N. Financial real estate professional and administrative activities,91,63,15,48,28,10,18
S01008043,O P Q. Public administration education and health,155,135,52,83,20,13,7
S01008043,R S T U. Other,26,17,8,9,9,6,3
S01008044,All people aged 16 to 74 in employment,468,382,117,265,86,27,59
S01008044,A B D E. Agriculture energy and water,2,2,0,2,0,0,0
S01008044,C. Manufacturing,29,28,2,26,1,0,1
S01008044,F. Construction,19,11,3,8,8,0,8
S01008044,G I. Distribution hotels and restaurants,69,54,26,28,15,3,12
S01008044,H J. Transport and communication,44,32,6,26,12,4,8
S01008044,K L M N. Financial real estate professional and administrative activities,84,56,9,47,28,10,18
S01008044,O P Q. Public administration education and health,188,171,57,114,17,8,9
S01008044,R S T U. Other,33,28,14,14,5,2,3
S01008045,All people aged 16 to 74 in employment,421,310,93,217,111,26,85
S01008045,A B D E. Agriculture energy and water,15,8,0,8,7,2,5
S01008045,C. Manufacturing,25,16,2,14,9,2,7
S01008045,F. Construction,26,17,1,16,9,0,9
S01008045,G I. Distribution hotels and restaurants,83,55,26,29,28,6,22
S01008045,H J. Transport and communication,29,24,4,20,5,1,4
S01008045,K L M N. Financial real estate professional and administrative activities,85,56,12,44,29,9,20
S01008045,O P Q. Public administration education and health,129,114,36,78,15,5,10
S01008045,R S T U. Other,29,20,12,8,9,1,8
S01008046,All people aged 16 to 74 in employment,311,275,92,183,36,15,21
S01008046,A B D E. Agriculture energy and water,4,4,0,4,0,0,0
S01008046,C. Manufacturing,14,13,1,12,1,0,1
S01008046,F. Construction,19,9,1,8,10,1,9
S01008046,G I. Distribution hotels and restaurants,76,74,40,34,2,0,2
S01008046,H J. Transport and communication,28,22,5,17,6,2,4
S01008046,K L M N. Financial real estate professional and administrative activities,55,49,9,40,6,3,3
S01008046,O P Q. Public administration education and health,91,84,27,57,7,5,2
S01008046,R S T U. Other,24,20,9,11,4,4,0
S01008047,All people aged 16 to 74 in employment,305,251,84,167,54,16,38
S01008047,A B D E. Agriculture energy and water,5,4,0,4,1,0,1
S01008047,C. Manufacturing,22,18,3,15,4,1,3
S01008047,F. Construction,21,11,2,9,10,1,9
S01008047,G I. Distribution hotels and restaurants,42,40,29,11,2,0,2
S01008047,H J. Transport and communication,21,17,3,14,4,2,2
S01008047,K L M N. Financial real estate professional and administrative activities,64,48,10,38,16,3,13
S01008047,O P Q. Public administration education and health,115,105,36,69,10,5,5
S01008047,R S T U. Other,15,8,1,7,7,4,3
S01008048,All people aged 16 to 74 in employment,241,212,61,151,29,9,20
S01008048,A B D E. Agriculture energy and water,2,1,0,1,1,0,1
S01008048,C. Manufacturing,13,13,1,12,0,0,0
S01008048,F. Construction,17,11,1,10,6,0,6
S01008048,G I. Distribution hotels and restaurants,44,38,18,20,6,2,4
S01008048,H J. Transport and communication,16,13,1,12,3,1,2
S01008048,K L M N. Financial real estate professional and administrative activities,53,47,6,41,6,3,3
S01008048,O P Q. Public administration education and health,85,81,29,52,4,1,3
S01008048,R S T U. Other,11,8,5,3,3,2,1
S01008049,All people aged 16 to 74 in employment,370,307,77,230,63,25,38
S01008049,A B D E. Agriculture energy and water,10,9,0,9,1,1,0
S01008049,C. Manufacturing,23,21,1,20,2,0,2
S01008049,F. Construction,31,20,1,19,11,2,9
S01008049,G I. Distribution hotels and restaurants,47,41,19,22,6,2,4
S01008049,H J. Transport and communication,33,23,1,22,10,3,7
S01008049,K L M N. Financial real estate professional and administrative activities,71,52,12,40,19,8,11
S01008049,O P Q. Public administration education and health,141,131,37,94,10,7,3
S01008049,R S T U. Other,14,10,6,4,4,2,2
S01008050,All people aged 16 to 74 in employment,261,218,68,150,43,17,26
S01008050,A B D E. Agriculture energy and water,4,3,0,3,1,0,1
S01008050,C. Manufacturing,17,17,0,17,0,0,0
S01008050,F. Construction,9,5,1,4,4,2,2
S01008050,G I. Distribution hotels and restaurants,49,43,22,21,6,0,6
S01008050,H J. Transport and communication,19,14,2,12,5,1,4
S01008050,K L M N. Financial real estate professional and administrative activities,51,43,11,32,8,4,4
S01008050,O P Q. Public administration education and health,101,88,31,57,13,6,7
S01008050,R S T U. Other,11,5,1,4,6,4,2
S01008051,All people aged 16 to 74 in employment,429,378,103,275,51,12,39
S01008051,A B D E. Agriculture energy and water,8,8,0,8,0,0,0
S01008051,C. Manufacturing,19,18,1,17,1,0,1
S01008051,F. Construction,19,17,2,15,2,0,2
S01008051,G I. Distribution hotels and restaurants,59,53,28,25,6,2,4
S01008051,H J. Transport and communication,33,25,4,21,8,1,7
S01008051,K L M N. Financial real estate professional and administrative activities,92,78,19,59,14,1,13
S01008051,O P Q. Public administration education and health,182,167,47,120,15,8,7
S01008051,R S T U. Other,17,12,2,10,5,0,5
S01008052,All people aged 16 to 74 in employment,431,367,78,289,64,17,47
S01008052,A B D E. Agriculture energy and water,7,7,1,6,0,0,0
S01008052,C. Manufacturing,32,25,3,22,7,1,6
S01008052,F. Construction,24,16,2,14,8,0,8
S01008052,G I. Distribution hotels and restaurants,48,43,15,28,5,1,4
S01008052,H J. Transport and communication,24,18,2,16,6,4,2
S01008052,K L M N. Financial real estate professional and administrative activities,99,80,18,62,19,2,17
S01008052,O P Q. Public administration education and health,182,170,36,134,12,4,8
S01008052,R S T U. Other,15,8,1,7,7,5,2
S01008053,All people aged 16 to 74 in employment,249,208,68,140,41,14,27
S01008053,A B D E. Agriculture energy and water,3,3,0,3,0,0,0
S01008053,C. Manufacturing,11,10,2,8,1,0,1
S01008053,F. Construction,15,11,0,11,4,1,3
S01008053,G I. Distribution hotels and restaurants,31,25,13,12,6,2,4
S01008053,H J. Transport and communication,23,18,2,16,5,0,5
S01008053,K L M N. Financial real estate professional and administrative activities,70,54,18,36,16,4,12
S01008053,O P Q. Public administration education and health,79,71,23,48,8,7,1
S01008053,R S T U. Other,17,16,10,6,1,0,1
S01008054,All people aged 16 to 74 in employment,341,271,76,195,70,20,50
S01008054,A B D E. Agriculture energy and water,3,3,1,2,0,0,0
S01008054,C. Manufacturing,20,17,3,14,3,0,3
S01008054,F. Construction,12,7,3,4,5,0,5
S01008054,G I. Distribution hotels and restaurants,63,53,22,31,10,4,6
S01008054,H J. Transport and communication,23,19,2,17,4,1,3
S01008054,K L M N. Financial real estate professional and administrative activities,80,48,11,37,32,7,25
S01008054,O P Q. Public administration education and health,128,116,31,85,12,6,6
S01008054,R S T U. Other,12,8,3,5,4,2,2
S01008055,All people aged 16 to 74 in employment,488,405,126,279,83,37,46
S01008055,A B D E. Agriculture energy and water,11,8,1,7,3,1,2
S01008055,C. Manufacturing,35,34,0,34,1,1,0
S01008055,F. Construction,26,17,1,16,9,4,5
S01008055,G I. Distribution hotels and restaurants,75,63,41,22,12,4,8
S01008055,H J. Transport and communication,30,24,1,23,6,1,5
S01008055,K L M N. Financial real estate professional and administrative activities,117,94,22,72,23,8,15
S01008055,O P Q. Public administration education and health,176,154,54,100,22,14,8
S01008055,R S T U. Other,18,11,6,5,7,4,3
S01008056,All people aged 16 to 74 in employment,314,261,84,177,53,17,36
S01008056,A B D E. Agriculture energy and water,4,4,2,2,0,0,0
S01008056,C. Manufacturing,19,15,4,11,4,1,3
S01008056,F. Construction,15,13,0,13,2,0,2
S01008056,G I. Distribution hotels and restaurants,55,41,21,20,14,4,10
S01008056,H J. Transport and communication,23,17,3,14,6,0,6
S01008056,K L M N. Financial real estate professional and administrative activities,61,49,16,33,12,2,10
S01008056,O P Q. Public administration education and health,122,110,32,78,12,7,5
S01008056,R S T U. Other,15,12,6,6,3,3,0
S01008057,All people aged 16 to 74 in employment,437,364,94,270,73,17,56
S01008057,A B D E. Agriculture energy and water,12,12,1,11,0,0,0
S01008057,C. Manufacturing,19,17,0,17,2,0,2
S01008057,F. Construction,23,15,1,14,8,1,7
S01008057,G I. Distribution hotels and restaurants,70,59,30,29,11,1,10
S01008057,H J. Transport and communication,29,21,2,19,8,1,7
S01008057,K L M N. Financial real estate professional and administrative activities,101,75,9,66,26,7,19
S01008057,O P Q. Public administration education and health,162,151,43,108,11,5,6
S01008057,R S T U. Other,21,14,8,6,7,2,5
S01008058,All people aged 16 to 74 in employment,488,377,136,241,111,29,82
S01008058,A B D E. Agriculture energy and water,9,7,3,4,2,0,2
S01008058,C. Manufacturing,19,14,1,13,5,2,3
S01008058,F. Construction,23,15,1,14,8,2,6
S01008058,G I. Distribution hotels and restaurants,113,86,47,39,27,4,23
S01008058,H J. Transport and communication,30,23,4,19,7,1,6
S01008058,K L M N. Financial real estate professional and administrative activities,107,75,18,57,32,10,22
S01008058,O P Q. Public administration education and health,160,136,53,83,24,9,15
S01008058,R S T U. Other,27,21,9,12,6,1,5
S01008059,All people aged 16 to 74 in employment,347,293,93,200,54,19,35
S01008059,A B D E. Agriculture energy and water,5,5,0,5,0,0,0
S01008059,C. Manufacturing,23,23,1,22,0,0,0
S01008059,F. Construction,21,12,5,7,9,0,9
S01008059,G I. Distribution hotels and restaurants,50,47,23,24,3,0,3
S01008059,H J. Transport and communication,37,25,5,20,12,2,10
S01008059,K L M N. Financial real estate professional and administrative activities,70,54,16,38,16,6,10
S01008059,O P Q. Public administration education and health,131,120,39,81,11,8,3
S01008059,R S T U. Other,10,7,4,3,3,3,0
S01008060,All people aged 16 to 74 in employment,463,401,109,292,62,19,43
S01008060,A B D E. Agriculture energy and water,12,10,0,10,2,0,2
S01008060,C. Manufacturing,34,27,3,24,7,2,5
S01008060,F. Construction,21,16,0,16,5,0,5
S01008060,G I. Distribution hotels and restaurants,69,57,31,26,12,4,8
S01008060,H J. Transport and communication,38,34,7,27,4,1,3
S01008060,K L M N. Financial real estate professional and administrative activities,80,65,13,52,15,4,11
S01008060,O P Q. Public administration education and health,181,170,45,125,11,5,6
S01008060,R S T U. Other,28,22,10,12,6,3,3
S01008061,All people aged 16 to 74 in employment,380,328,98,230,52,13,39
S01008061,A B D E. Agriculture energy and water,4,3,0,3,1,0,1
S01008061,C. Manufacturing,21,20,1,19,1,1,0
S01008061,F. Construction,22,18,1,17,4,1,3
S01008061,G I. Distribution hotels and restaurants,66,58,30,28,8,0,8
S01008061,H J. Transport and communication,35,29,3,26,6,0,6
S01008061,K L M N. Financial real estate professional and administrative activities,78,64,18,46,14,2,12
S01008061,O P Q. Public administration education and health,142,129,40,89,13,6,7
S01008061,R S T U. Other,12,7,5,2,5,3,2
S01008062,All people aged 16 to 74 in employment,428,385,117,268,43,9,34
S01008062,A B D E. Agriculture energy and water,8,8,0,8,0,0,0
S01008062,C. Manufacturing,14,14,3,11,0,0,0
S01008062,F. Construction,34,28,3,25,6,0,6
S01008062,G I. Distribution hotels and restaurants,72,61,29,32,11,1,10
S01008062,H J. Transport and communication,32,23,1,22,9,1,8
S01008062,K L M N. Financial real estate professional and administrative activities,65,60,14,46,5,2,3
S01008062,O P Q. Public administration education and health,183,177,63,114,6,3,3
S01008062,R S T U. Other,20,14,4,10,6,2,4
S01008063,All people aged 16 to 74 in employment,448,386,112,274,62,17,45
S01008063,A B D E. Agriculture energy and water,5,5,1,4,0,0,0
S01008063,C. Manufacturing,29,26,3,23,3,1,2
S01008063,F. Construction,20,9,2,7,11,2,9
S01008063,G I. Distribution hotels and restaurants,65,60,32,28,5,0,5
S01008063,H J. Transport and communication,42,31,4,27,11,0,11
S01008063,K L M N. Financial real estate professional and administrative activities,78,63,15,48,15,4,11
S01008063,O P Q. Public administration education and health,191,178,47,131,13,7,6
S01008063,R S T U. Other,18,14,8,6,4,3,1
S01008064,All people aged 16 to 74 in employment,315,283,103,180,32,7,25
S01008064,A B D E. Agriculture energy and water,5,5,0,5,0,0,0
S01008064,C. Manufacturing,14,14,2,12,0,0,0
S01008064,F. Construction,26,20,3,17,6,0,6
S01008064,G I. Distribution hotels and restaurants,74,68,41,27,6,0,6
S01008064,H J. Transport and communication,29,22,3,19,7,2,5
S01008064,K L M N. Financial real estate professional and administrative activities,44,39,11,28,5,1,4
S01008064,O P Q. Public administration education and health,109,104,41,63,5,1,4
S01008064,R S T U. Other,14,11,2,9,3,3,0
S01008065,All people aged 16 to 74 in employment,484,408,118,290,76,24,52
S01008065,A B D E. Agriculture energy and water,7,6,0,6,1,0,1
S01008065,C. Manufacturing,22,19,1,18,3,1,2
S01008065,F. Construction,26,20,3,17,6,1,5
S01008065,G I. Distribution hotels and restaurants,65,54,34,20,11,1,10
S01008065,H J. Transport and communication,43,32,3,29,11,3,8
S01008065,K L M N. Financial real estate professional and administrative activities,100,77,15,62,23,5,18
S01008065,O P Q. Public administration education and health,200,186,56,130,14,8,6
S01008065,R S T U. Other,21,14,6,8,7,5,2
S01008066,All people aged 16 to 74 in employment,423,315,86,229,108,39,69
S01008066,A B D E. Agriculture energy and water,11,7,1,6,4,1,3
S01008066,C. Manufacturing,18,17,1,16,1,0,1
S01008066,F. Construction,26,18,2,16,8,2,6
S01008066,G I. Distribution hotels and restaurants,53,42,26,16,11,6,5
S01008066,H J. Transport and communication,30,21,6,15,9,1,8
S01008066,K L M N. Financial real estate professional and administrative activities,100,57,9,48,43,11,32
S01008066,O P Q. Public administration education and health,166,143,36,107,23,14,9
S01008066,R S T U. Other,19,10,5,5,9,4,5
S01008067,All people aged 16 to 74 in employment,307,250,62,188,57,20,37
S01008067,A B D E. Agriculture energy and water,3,2,0,2,1,0,1
S01008067,C. Manufacturing,15,12,0,12,3,0,3
S01008067,F. Construction,26,19,5,14,7,0,7
S01008067,G I. Distribution hotels and restaurants,46,43,21,22,3,1,2
S01008067,H J. Transport and communication,22,13,2,11,9,4,5
S01008067,K L M N. Financial real estate professional and administrative activities,65,43,4,39,22,10,12
S01008067,O P Q. Public administration education and health,117,107,27,80,10,5,5
S01008067,R S T U. Other,13,11,3,8,2,0,2
S01008068,All people aged 16 to 74 in employment,467,392,108,284,75,23,52
S01008068,A B D E. Agriculture energy and water,6,5,1,4,1,0,1
S01008068,C. Manufacturing,39,29,1,28,10,5,5
S01008068,F. Construction,37,28,2,26,9,1,8
S01008068,G I. Distribution hotels and restaurants,78,71,36,35,7,1,6
S01008068,H J. Transport and communication,45,31,2,29,14,0,14
S01008068,K L M N. Financial real estate professional and administrative activities,74,58,10,48,16,6,10
S01008068,O P Q. Public administration education and health,168,156,49,107,12,6,6
S01008068,R S T U. Other,20,14,7,7,6,4,2
S01008069,All people aged 16 to 74 in employment,485,436,116,320,49,15,34
S01008069,A B D E. Agriculture energy and water,9,9,1,8,0,0,0
S01008069,C. Manufacturing,34,32,2,30,2,0,2
S01008069,F. Construction,30,20,1,19,10,1,9
S01008069,G I. Distribution hotels and restaurants,98,89,44,45,9,4,5
S01008069,H J. Transport and communication,34,29,2,27,5,2,3
S01008069,K L M N. Financial real estate professional and administrative activities,95,80,17,63,15,6,9
S01008069,O P Q. Public administration education and health,165,161,43,118,4,1,3
S01008069,R S T U. Other,20,16,6,10,4,1,3
S01008070,All people aged 16 to 74 in employment,476,436,130,306,40,10,30
S01008070,A B D E. Agriculture energy and water,6,5,1,4,1,1,0
S01008070,C. Manufacturing,34,33,1,32,1,0,1
S01008070,F. Construction,46,31,2,29,15,1,14
S01008070,G I. Distribution hotels and restaurants,85,85,44,41,0,0,0
S01008070,H J. Transport and communication,34,31,6,25,3,0,3
S01008070,K L M N. Financial real estate professional and administrative activities,77,71,15,56,6,2,4
S01008070,O P Q. Public administration education and health,171,164,56,108,7,2,5
S01008070,R S T U. Other,23,16,5,11,7,4,3
S01008071,All people aged 16 to 74 in employment,380,338,81,257,42,11,31
S01008071,A B D E. Agriculture energy and water,5,5,0,5,0,0,0
S01008071,C. Manufacturing,23,22,1,21,1,0,1
S01008071,F. Construction,27,19,3,16,8,1,7
S01008071,G I. Distribution hotels and restaurants,55,44,25,19,11,4,7
S01008071,H J. Transport and communication,27,23,2,21,4,0,4
S01008071,K L M N. Financial real estate professional and administrative activities,65,60,12,48,5,2,3
S01008071,O P Q. Public administration education and health,161,153,32,121,8,4,4
S01008071,R S T U. Other,17,12,6,6,5,0,5
S01008072,All people aged 16 to 74 in employment,402,335,69,266,67,12,55
S01008072,A B D E. Agriculture energy and water,12,9,1,8,3,0,3
S01008072,C. Manufacturing,26,22,0,22,4,0,4
S01008072,F. Construction,23,18,0,18,5,1,4
S01008072,G I. Distribution hotels and restaurants,61,47,16,31,14,1,13
S01008072,H J. Transport and communication,30,23,4,19,7,1,6
S01008072,K L M N. Financial real estate professional and administrative activities,66,49,8,41,17,2,15
S01008072,O P Q. Public administration education and health,163,150,31,119,13,5,8
S01008072,R S T U. Other,21,17,9,8,4,2,2
S01008073,All people aged 16 to 74 in employment,235,186,50,136,49,10,39
S01008073,A B D E. Agriculture energy and water,5,4,0,4,1,0,1
S01008073,C. Manufacturing,11,9,1,8,2,1,1
S01008073,F. Construction,16,12,1,11,4,0,4
S01008073,G I. Distribution hotels and restaurants,48,35,16,19,13,1,12
S01008073,H J. Transport and communication,18,15,3,12,3,2,1
S01008073,K L M N. Financial real estate professional and administrative activities,50,35,7,28,15,2,13
S01008073,O P Q. Public administration education and health,79,72,19,53,7,2,5
S01008073,R S T U. Other,8,4,3,1,4,2,2
S01008074,All people aged 16 to 74 in employment,497,406,125,281,91,26,65
S01008074,A B D E. Agriculture energy and water,5,4,0,4,1,0,1
S01008074,C. Manufacturing,25,18,1,17,7,1,6
S01008074,F. Construction,39,27,5,22,12,3,9
S01008074,G I. Distribution hotels and restaurants,74,59,35,24,15,6,9
S01008074,H J. Transport and communication,45,35,8,27,10,1,9
S01008074,K L M N. Financial real estate professional and administrative activities,89,69,12,57,20,1,19
S01008074,O P Q. Public administration education and health,204,186,58,128,18,9,9
S01008074,R S T U. Other,16,8,6,2,8,5,3
S01008075,All people aged 16 to 74 in employment,230,174,62,112,56,9,47
S01008075,A B D E. Agriculture energy and water,5,5,2,3,0,0,0
S01008075,C. Manufacturing,14,12,1,11,2,0,2
S01008075,F. Construction,13,6,1,5,7,2,5
S01008075,G I. Distribution hotels and restaurants,43,30,17,13,13,0,13
S01008075,H J. Transport and communication,14,12,6,6,2,0,2
S01008075,K L M N. Financial real estate professional and administrative activities,56,37,4,33,19,3,16
S01008075,O P Q. Public administration education and health,77,66,26,40,11,3,8
S01008075,R S T U. Other,8,6,5,1,2,1,1
S01008076,All people aged 16 to 74 in employment,228,170,47,123,58,16,42
S01008076,A B D E. Agriculture energy and water,4,2,0,2,2,0,2
S01008076,C. Manufacturing,13,10,1,9,3,0,3
S01008076,F. Construction,16,10,0,10,6,0,6
S01008076,G I. Distribution hotels and restaurants,37,31,17,14,6,0,6
S01008076,H J. Transport and communication,19,12,3,9,7,5,2
S01008076,K L M N. Financial real estate professional and administrative activities,56,42,9,33,14,3,11
S01008076,O P Q. Public administration education and health,76,62,17,45,14,5,9
S01008076,R S T U. Other,7,1,0,1,6,3,3
S01008077,All people aged 16 to 74 in employment,348,263,83,180,85,24,61
S01008077,A B D E. Agriculture energy and water,3,3,0,3,0,0,0
S01008077,C. Manufacturing,11,5,0,5,6,2,4
S01008077,F. Construction,18,11,1,10,7,4,3
S01008077,G I. Distribution hotels and restaurants,61,44,20,24,17,5,12
S01008077,H J. Transport and communication,30,27,3,24,3,1,2
S01008077,K L M N. Financial real estate professional and administrative activities,80,49,13,36,31,3,28
S01008077,O P Q. Public administration education and health,134,117,46,71,17,8,9
S01008077,R S T U. Other,11,7,0,7,4,1,3
S01008078,All people aged 16 to 74 in employment,373,303,98,205,70,16,54
S01008078,A B D E. Agriculture energy and water,5,5,0,5,0,0,0
S01008078,C. Manufacturing,18,13,3,10,5,2,3
S01008078,F. Construction,21,13,1,12,8,2,6
S01008078,G I. Distribution hotels and restaurants,89,67,39,28,22,2,20
S01008078,H J. Transport and communication,23,17,1,16,6,0,6
S01008078,K L M N. Financial real estate professional and administrative activities,68,52,12,40,16,5,11
S01008078,O P Q. Public administration education and health,134,124,33,91,10,4,6
S01008078,R S T U. Other,15,12,9,3,3,1,2
S01008079,All people aged 16 to 74 in employment,390,322,99,223,68,24,44
S01008079,A B D E. Agriculture energy and water,7,7,2,5,0,0,0
S01008079,C. Manufacturing,19,16,3,13,3,2,1
S01008079,F. Construction,33,22,2,20,11,3,8
S01008079,G I. Distribution hotels and restaurants,73,58,30,28,15,0,15
S01008079,H J. Transport and communication,27,22,5,17,5,1,4
S01008079,K L M N. Financial real estate professional and administrative activities,67,52,12,40,15,7,8
S01008079,O P Q. Public administration education and health,149,137,43,94,12,6,6
S01008079,R S T U. Other,15,8,2,6,7,5,2
S01008080,All people aged 16 to 74 in employment,336,272,80,192,64,12,52
S01008080,A B D E. Agriculture energy and water,1,1,1,0,0,0,0
S01008080,C. Manufacturing,27,21,2,19,6,1,5
S01008080,F. Construction,19,11,1,10,8,0,8
S01008080,G I. Distribution hotels and restaurants,36,30,11,19,6,1,5
S01008080,H J. Transport and communication,35,24,4,20,11,2,9
S01008080,K L M N. Financial real estate professional and administrative activities,70,54,13,41,16,3,13
S01008080,O P Q. Public administration education and health,135,122,45,77,13,3,10
S01008080,R S T U. Other,13,9,3,6,4,2,2
S01008081,All people aged 16 to 74 in employment,276,228,61,167,48,17,31
S01008081,A B D E. Agriculture energy and water,4,3,0,3,1,1,0
S01008081,C. Manufacturing,15,14,2,12,1,0,1
S01008081,F. Construction,17,12,0,12,5,0,5
S01008081,G I. Distribution hotels and restaurants,49,38,24,14,11,2,9
S01008081,H J. Transport and communication,23,16,0,16,7,1,6
S01008081,K L M N. Financial real estate professional and administrative activities,59,44,10,34,15,7,8
S01008081,O P Q. Public administration education and health,92,89,20,69,3,2,1
S01008081,R S T U. Other,17,12,5,7,5,4,1
S01008082,All people aged 16 to 74 in employment,407,353,98,255,54,12,42
S01008082,A B D E. Agriculture energy and water,2,2,0,2,0,0,0
S01008082,C. Manufacturing,23,21,2,19,2,0,2
S01008082,F. Construction,17,10,1,9,7,0,7
S01008082,G I. Distribution hotels and restaurants,80,67,28,39,13,2,11
S01008082,H J. Transport and communication,33,23,2,21,10,1,9
S01008082,K L M N. Financial real estate professional and administrative activities,71,58,10,48,13,2,11
S01008082,O P Q. Public administration education and health,164,157,47,110,7,5,2
S01008082,R S T U. Other,17,15,8,7,2,2,0
S01008083,All people aged 16 to 74 in employment,341,296,102,194,45,15,30
S01008083,A B D E. Agriculture energy and water,4,4,0,4,0,0,0
S01008083,C. Manufacturing,20,18,0,18,2,1,1
S01008083,F. Construction,15,10,0,10,5,0,5
S01008083,G I. Distribution hotels and restaurants,58,48,26,22,10,2,8
S01008083,H J. Transport and communication,28,24,6,18,4,0,4
S01008083,K L M N. Financial real estate professional and administrative activities,53,44,13,31,9,5,4
S01008083,O P Q. Public administration education and health,145,134,47,87,11,5,6
S01008083,R S T U. Other,18,14,10,4,4,2,2
S01008084,All people aged 16 to 74 in employment,418,346,104,242,72,18,54
S01008084,A B D E. Agriculture energy and water,7,4,1,3,3,2,1
S01008084,C. Manufacturing,37,32,0,32,5,1,4
S01008084,F. Construction,33,18,2,16,15,2,13
S01008084,G I. Distribution hotels and restaurants,73,64,42,22,9,2,7
S01008084,H J. Transport and communication,41,34,6,28,7,0,7
S01008084,K L M N. Financial real estate professional and administrative activities,66,49,9,40,17,5,12
S01008084,O P Q. Public administration education and health,144,133,41,92,11,5,6
S01008084,R S T U. Other,17,12,3,9,5,1,4
S01008085,All people aged 16 to 74 in employment,533,428,129,299,105,25,80
S01008085,A B D E. Agriculture energy and water,20,9,1,8,11,0,11
S01008085,C. Manufacturing,30,20,2,18,10,2,8
S01008085,F. Construction,48,31,7,24,17,4,13
S01008085,G I. Distribution hotels and restaurants,81,68,35,33,13,0,13
S01008085,H J. Transport and communication,40,26,3,23,14,5,9
S01008085,K L M N. Financial real estate professional and administrative activities,82,67,17,50,15,2,13
S01008085,O P Q. Public administration education and health,197,182,51,131,15,8,7
S01008085,R S T U. Other,35,25,13,12,10,4,6
S01008086,All people aged 16 to 74 in employment,577,487,134,353,90,21,69
S01008086,A B D E. Agriculture energy and water,14,10,1,9,4,0,4
S01008086,C. Manufacturing,30,29,3,26,1,0,1
S01008086,F. Construction,64,42,5,37,22,4,18
S01008086,G I. Distribution hotels and restaurants,101,92,44,48,9,0,9
S01008086,H J. Transport and communication,50,38,4,34,12,3,9
S01008086,K L M N. Financial real estate professional and administrative activities,102,89,25,64,13,3,10
S01008086,O P Q. Public administration education and health,193,177,48,129,16,7,9
S01008086,R S T U. Other,23,10,4,6,13,4,9
S01008087,All people aged 16 to 74 in employment,372,329,86,243,43,12,31
S01008087,A B D E. Agriculture energy and water,6,5,0,5,1,0,1
S01008087,C. Manufacturing,24,23,4,19,1,0,1
S01008087,F. Construction,28,17,1,16,11,1,10
S01008087,G I. Distribution hotels and restaurants,66,61,21,40,5,3,2
S01008087,H J. Transport and communication,38,31,3,28,7,2,5
S01008087,K L M N. Financial real estate professional and administrative activities,66,58,12,46,8,1,7
S01008087,O P Q. Public administration education and health,127,120,39,81,7,4,3
S01008087,R S T U. Other,17,14,6,8,3,1,2
S01008088,All people aged 16 to 74 in employment,422,387,111,276,35,11,24
S01008088,A B D E. Agriculture energy and water,7,6,0,6,1,0,1
S01008088,C. Manufacturing,21,19,1,18,2,0,2
S01008088,F. Construction,39,30,2,28,9,4,5
S01008088,G I. Distribution hotels and restaurants,78,76,38,38,2,0,2
S01008088,H J. Transport and communication,37,30,10,20,7,2,5
S01008088,K L M N. Financial real estate professional and administrative activities,84,75,16,59,9,1,8
S01008088,O P Q. Public administration education and health,136,134,36,98,2,2,0
S01008088,R S T U. Other,20,17,8,9,3,2,1
S01008089,All people aged 16 to 74 in employment,310,280,76,204,30,6,24
S01008089,A B D E. Agriculture energy and water,3,3,0,3,0,0,0
S01008089,C. Manufacturing,26,26,0,26,0,0,0
S01008089,F. Construction,27,22,3,19,5,0,5
S01008089,G I. Distribution hotels and restaurants,53,46,21,25,7,1,6
S01008089,H J. Transport and communication,26,22,3,19,4,0,4
S01008089,K L M N. Financial real estate professional and administrative activities,50,45,13,32,5,3,2
S01008089,O P Q. Public administration education and health,116,111,34,77,5,1,4
S01008089,R S T U. Other,9,5,2,3,4,1,3
S01008090,All people aged 16 to 74 in employment,379,341,104,237,38,7,31
S01008090,A B D E. Agriculture energy and water,15,13,2,11,2,0,2
S01008090,C. Manufacturing,22,19,1,18,3,0,3
S01008090,F. Construction,39,25,0,25,14,2,12
S01008090,G I. Distribution hotels and restaurants,61,57,35,22,4,1,3
S01008090,H J. Transport and communication,29,27,7,20,2,1,1
S01008090,K L M N. Financial real estate professional and administrative activities,63,59,14,45,4,0,4
S01008090,O P Q. Public administration education and health,132,130,39,91,2,0,2
S01008090,R S T U. Other,18,11,6,5,7,3,4
S01008091,All people aged 16 to 74 in employment,191,169,47,122,22,5,17
S01008091,A B D E. Agriculture energy and water,3,2,0,2,1,0,1
S01008091,C. Manufacturing,10,10,0,10,0,0,0
S01008091,F. Construction,12,8,0,8,4,0,4
S01008091,G I. Distribution hotels and restaurants,29,24,11,13,5,0,5
S01008091,H J. Transport and communication,30,23,1,22,7,2,5
S01008091,K L M N. Financial real estate professional and administrative activities,35,31,10,21,4,2,2
S01008091,O P Q. Public administration education and health,64,64,21,43,0,0,0
S01008091,R S T U. Other,8,7,4,3,1,1,0
S01008092,All people aged 16 to 74 in employment,396,352,113,239,44,13,31
S01008092,A B D E. Agriculture energy and water,6,6,0,6,0,0,0
S01008092,C. Manufacturing,13,12,0,12,1,0,1
S01008092,F. Construction,35,22,1,21,13,2,11
S01008092,G I. Distribution hotels and restaurants,75,65,37,28,10,1,9
S01008092,H J. Transport and communication,35,30,6,24,5,2,3
S01008092,K L M N. Financial real estate professional and administrative activities,74,67,18,49,7,3,4
S01008092,O P Q. Public administration education and health,140,135,44,91,5,3,2
S01008092,R S T U. Other,18,15,7,8,3,2,1
S01008093,All people aged 16 to 74 in employment,360,324,94,230,36,8,28
S01008093,A B D E. Agriculture energy and water,7,7,0,7,0,0,0
S01008093,C. Manufacturing,15,14,2,12,1,1,0
S01008093,F. Construction,32,22,1,21,10,1,9
S01008093,G I. Distribution hotels and restaurants,79,66,33,33,13,3,10
S01008093,H J. Transport and communication,28,23,0,23,5,1,4
S01008093,K L M N. Financial real estate professional and administrative activities,45,42,11,31,3,1,2
S01008093,O P Q. Public administration education and health,131,130,42,88,1,1,0
S01008093,R S T U. Other,23,20,5,15,3,0,3
S01008094,All people aged 16 to 74 in employment,316,256,79,177,60,19,41
S01008094,A B D E. Agriculture energy and water,6,5,1,4,1,0,1
S01008094,C. Manufacturing,16,13,0,13,3,1,2
S01008094,F. Construction,27,14,2,12,13,0,13
S01008094,G I. Distribution hotels and restaurants,76,62,27,35,14,2,12
S01008094,H J. Transport and communication,27,24,6,18,3,3,0
S01008094,K L M N. Financial real estate professional and administrative activities,54,38,10,28,16,7,9
S01008094,O P Q. Public administration education and health,95,88,27,61,7,4,3
S01008094,R S T U. Other,15,12,6,6,3,2,1
S01008095,All people aged 16 to 74 in employment,352,314,91,223,38,11,27
S01008095,A B D E. Agriculture energy and water,3,3,0,3,0,0,0
S01008095,C. Manufacturing,23,20,1,19,3,1,2
S01008095,F. Construction,32,29,1,28,3,1,2
S01008095,G I. Distribution hotels and restaurants,57,52,28,24,5,0,5
S01008095,H J. Transport and communication,42,35,8,27,7,3,4
S01008095,K L M N. Financial real estate professional and administrative activities,55,42,10,32,13,4,9
S01008095,O P Q. Public administration education and health,123,119,40,79,4,2,2
S01008095,R S T U. Other,17,14,3,11,3,0,3
S01008096,All people aged 16 to 74 in employment,337,297,88,209,40,8,32
S01008096,A B D E. Agriculture energy and water,6,6,0,6,0,0,0
S01008096,C. Manufacturing,14,12,1,11,2,0,2
S01008096,F. Construction,31,23,3,20,8,2,6
S01008096,G I. Distribution hotels and restaurants,58,50,28,22,8,1,7
S01008096,H J. Transport and communication,24,21,4,17,3,1,2
S01008096,K L M N. Financial real estate professional and administrative activities,60,48,14,34,12,3,9
S01008096,O P Q. Public administration education and health,130,127,36,91,3,0,3
S01008096,R S T U. Other,14,10,2,8,4,1,3
S01008097,All people aged 16 to 74 in employment,273,233,78,155,40,11,29
S01008097,A B D E. Agriculture energy and water,7,7,0,7,0,0,0
S01008097,C. Manufacturing,11,11,0,11,0,0,0
S01008097,F. Construction,20,10,0,10,10,2,8
S01008097,G I. Distribution hotels and restaurants,56,47,34,13,9,3,6
S01008097,H J. Transport and communication,22,16,3,13,6,0,6
S01008097,K L M N. Financial real estate professional and administrative activities,49,41,10,31,8,1,7
S01008097,O P Q. Public administration education and health,92,88,26,62,4,3,1
S01008097,R S T U. Other,16,13,5,8,3,2,1
S01008098,All people aged 16 to 74 in employment,379,337,87,250,42,12,30
S01008098,A B D E. Agriculture energy and water,10,10,1,9,0,0,0
S01008098,C. Manufacturing,20,18,1,17,2,1,1
S01008098,F. Construction,37,28,1,27,9,2,7
S01008098,G I. Distribution hotels and restaurants,58,53,27,26,5,1,4
S01008098,H J. Transport and communication,27,23,3,20,4,0,4
S01008098,K L M N. Financial real estate professional and administrative activities,56,48,6,42,8,2,6
S01008098,O P Q. Public administration education and health,150,140,40,100,10,6,4
S01008098,R S T U. Other,21,17,8,9,4,0,4
S01008099,All people aged 16 to 74 in employment,269,233,66,167,36,12,24
S01008099,A B D E. Agriculture energy and water,8,8,1,7,0,0,0
S01008099,C. Manufacturing,22,20,1,19,2,1,1
S01008099,F. Construction,27,15,2,13,12,3,9
S01008099,G I. Distribution hotels and restaurants,37,37,18,19,0,0,0
S01008099,H J. Transport and communication,18,12,1,11,6,0,6
S01008099,K L M N. Financial real estate professional and administrative activities,54,47,11,36,7,3,4
S01008099,O P Q. Public administration education and health,92,85,32,53,7,4,3
S01008099,R S T U. Other,11,9,0,9,2,1,1
S01008100,All people aged 16 to 74 in employment,399,330,80,250,69,10,59
S01008100,A B D E. Agriculture energy and water,4,4,0,4,0,0,0
S01008100,C. Manufacturing,18,15,2,13,3,0,3
S01008100,F. Construction,32,20,2,18,12,1,11
S01008100,G I. Distribution hotels and restaurants,79,61,32,29,18,3,15
S01008100,H J. Transport and communication,23,17,0,17,6,1,5
S01008100,K L M N. Financial real estate professional and administrative activities,98,85,13,72,13,1,12
S01008100,O P Q. Public administration education and health,130,121,28,93,9,3,6
S01008100,R S T U. Other,15,7,3,4,8,1,7
S01008101,All people aged 16 to 74 in employment,425,379,90,289,46,7,39
S01008101,A B D E. Agriculture energy and water,5,5,1,4,0,0,0
S01008101,C. Manufacturing,34,29,5,24,5,1,4
S01008101,F. Construction,36,25,1,24,11,0,11
S01008101,G I. Distribution hotels and restaurants,73,66,27,39,7,0,7
S01008101,H J. Transport and communication,35,23,5,18,12,1,11
S01008101,K L M N. Financial real estate professional and administrative activities,70,65,7,58,5,1,4
S01008101,O P Q. Public administration education and health,156,154,36,118,2,2,0
S01008101,R S T U. Other,16,12,8,4,4,2,2
S01008102,All people aged 16 to 74 in employment,380,335,84,251,45,9,36
S01008102,A B D E. Agriculture energy and water,2,2,0,2,0,0,0
S01008102,C. Manufacturing,30,27,4,23,3,0,3
S01008102,F. Construction,38,27,1,26,11,1,10
S01008102,G I. Distribution hotels and restaurants,74,68,38,30,6,2,4
S01008102,H J. Transport and communication,37,30,7,23,7,0,7
S01008102,K L M N. Financial real estate professional and administrative activities,71,63,13,50,8,3,5
S01008102,O P Q. Public administration education and health,113,107,20,87,6,1,5
S01008102,R S T U. Other,15,11,1,10,4,2,2
S01008103,All people aged 16 to 74 in employment,292,254,69,185,38,10,28
S01008103,A B D E. Agriculture energy and water,7,6,2,4,1,0,1
S01008103,C. Manufacturing,13,13,1,12,0,0,0
S01008103,F. Construction,23,17,3,14,6,2,4
S01008103,G I. Distribution hotels and restaurants,51,43,19,24,8,0,8
S01008103,H J. Transport and communication,23,17,3,14,6,2,4
S01008103,K L M N. Financial real estate professional and administrative activities,55,50,6,44,5,0,5
S01008103,O P Q. Public administration education and health,100,93,29,64,7,3,4
S01008103,R S T U. Other,20,15,6,9,5,3,2
S01008104,All people aged 16 to 74 in employment,405,364,111,253,41,10,31
S01008104,A B D E. Agriculture energy and water,5,3,0,3,2,0,2
S01008104,C. Manufacturing,19,19,1,18,0,0,0
S01008104,F. Construction,41,23,2,21,18,2,16
S01008104,G I. Distribution hotels and restaurants,85,83,36,47,2,2,0
S01008104,H J. Transport and communication,33,23,4,19,10,4,6
S01008104,K L M N. Financial real estate professional and administrative activities,60,55,9,46,5,0,5
S01008104,O P Q. Public administration education and health,145,142,51,91,3,2,1
S01008104,R S T U. Other,17,16,8,8,1,0,1
S01008105,All people aged 16 to 74 in employment,464,420,118,302,44,9,35
S01008105,A B D E. Agriculture energy and water,5,4,1,3,1,0,1
S01008105,C. Manufacturing,21,21,0,21,0,0,0
S01008105,F. Construction,50,40,2,38,10,2,8
S01008105,G I. Distribution hotels and restaurants,97,91,43,48,6,0,6
S01008105,H J. Transport and communication,48,40,3,37,8,0,8
S01008105,K L M N. Financial real estate professional and administrative activities,71,68,16,52,3,1,2
S01008105,O P Q. Public administration education and health,142,135,43,92,7,4,3
S01008105,R S T U. Other,30,21,10,11,9,2,7
S01008106,All people aged 16 to 74 in employment,314,287,79,208,27,9,18
S01008106,A B D E. Agriculture energy and water,5,5,0,5,0,0,0
S01008106,C. Manufacturing,9,9,1,8,0,0,0
S01008106,F. Construction,33,25,2,23,8,5,3
S01008106,G I. Distribution hotels and restaurants,73,68,30,38,5,1,4
S01008106,H J. Transport and communication,25,21,5,16,4,0,4
S01008106,K L M N. Financial real estate professional and administrative activities,48,45,7,38,3,1,2
S01008106,O P Q. Public administration education and health,104,99,30,69,5,1,4
S01008106,R S T U. Other,17,15,4,11,2,1,1
S01008107,All people aged 16 to 74 in employment,487,401,111,290,86,15,71
S01008107,A B D E. Agriculture energy and water,9,8,1,7,1,0,1
S01008107,C. Manufacturing,26,22,2,20,4,0,4
S01008107,F. Construction,53,37,0,37,16,3,13
S01008107,G I. Distribution hotels and restaurants,93,74,35,39,19,3,16
S01008107,H J. Transport and communication,42,28,6,22,14,2,12
S01008107,K L M N. Financial real estate professional and administrative activities,75,65,13,52,10,1,9
S01008107,O P Q. Public administration education and health,172,158,50,108,14,5,9
S01008107,R S T U. Other,17,9,4,5,8,1,7
S01008108,All people aged 16 to 74 in employment,394,343,107,236,51,12,39
S01008108,A B D E. Agriculture energy and water,2,2,0,2,0,0,0
S01008108,C. Manufacturing,26,24,0,24,2,0,2
S01008108,F. Construction,31,25,0,25,6,1,5
S01008108,G I. Distribution hotels and restaurants,85,73,39,34,12,1,11
S01008108,H J. Transport and communication,39,26,2,24,13,1,12
S01008108,K L M N. Financial real estate professional and administrative activities,59,50,12,38,9,4,5
S01008108,O P Q. Public administration education and health,133,129,48,81,4,0,4
S01008108,R S T U. Other,19,14,6,8,5,5,0
S01008109,All people aged 16 to 74 in employment,485,436,123,313,49,12,37
S01008109,A B D E. Agriculture energy and water,10,9,2,7,1,0,1
S01008109,C. Manufacturing,32,30,1,29,2,1,1
S01008109,F. Construction,56,40,4,36,16,3,13
S01008109,G I. Distribution hotels and restaurants,82,75,37,38,7,3,4
S01008109,H J. Transport and communication,34,24,4,20,10,4,6
S01008109,K L M N. Financial real estate professional and administrative activities,78,73,18,55,5,1,4
S01008109,O P Q. Public administration education and health,170,168,51,117,2,0,2
S01008109,R S T U. Other,23,17,6,11,6,0,6
S01008110,All people aged 16 to 74 in employment,484,434,112,322,50,15,35
S01008110,A B D E. Agriculture energy and water,3,3,0,3,0,0,0
S01008110,C. Manufacturing,23,22,0,22,1,0,1
S01008110,F. Construction,39,30,0,30,9,3,6
S01008110,G I. Distribution hotels and restaurants,101,91,36,55,10,2,8
S01008110,H J. Transport and communication,45,30,2,28,15,1,14
S01008110,K L M N. Financial real estate professional and administrative activities,83,77,22,55,6,4,2
S01008110,O P Q. Public administration education and health,172,168,47,121,4,2,2
S01008110,R S T U. Other,18,13,5,8,5,3,2
S01008111,All people aged 16 to 74 in employment,434,393,113,280,41,10,31
S01008111,A B D E. Agriculture energy and water,4,4,0,4,0,0,0
S01008111,C. Manufacturing,25,22,0,22,3,1,2
S01008111,F. Construction,30,22,2,20,8,1,7
S01008111,G I. Distribution hotels and restaurants,73,66,40,26,7,2,5
S01008111,H J. Transport and communication,45,34,7,27,11,2,9
S01008111,K L M N. Financial real estate professional and administrative activities,76,71,9,62,5,2,3
S01008111,O P Q. Public administration education and health,164,159,46,113,5,1,4
S01008111,R S T U. Other,17,15,9,6,2,1,1
S01008112,All people aged 16 to 74 in employment,385,350,118,232,35,7,28
S01008112,A B D E. Agriculture energy and water,5,5,1,4,0,0,0
S01008112,C. Manufacturing,26,21,3,18,5,0,5
S01008112,F. Construction,21,16,2,14,5,0,5
S01008112,G I. Distribution hotels and restaurants,82,77,49,28,5,1,4
S01008112,H J. Transport and communication,31,23,3,20,8,2,6
S01008112,K L M N. Financial real estate professional and administrative activities,68,63,8,55,5,2,3
S01008112,O P Q. Public administration education and health,134,130,48,82,4,0,4
S01008112,R S T U. Other,18,15,4,11,3,2,1
S01008113,All people aged 16 to 74 in employment,447,399,125,274,48,17,31
S01008113,A B D E. Agriculture energy and water,2,1,0,1,1,0,1
S01008113,C. Manufacturing,29,27,2,25,2,0,2
S01008113,F. Construction,32,26,3,23,6,0,6
S01008113,G I. Distribution hotels and restaurants,84,76,38,38,8,2,6
S01008113,H J. Transport and communication,46,37,6,31,9,3,6
S01008113,K L M N. Financial real estate professional and administrative activities,77,68,18,50,9,5,4
S01008113,O P Q. Public administration education and health,152,149,52,97,3,2,1
S01008113,R S T U. Other,25,15,6,9,10,5,5
S01008114,All people aged 16 to 74 in employment,337,300,95,205,37,9,28
S01008114,A B D E. Agriculture energy and water,7,6,1,5,1,0,1
S01008114,C. Manufacturing,24,22,0,22,2,1,1
S01008114,F. Construction,28,23,4,19,5,0,5
S01008114,G I. Distribution hotels and restaurants,68,60,31,29,8,4,4
S01008114,H J. Transport and communication,40,26,5,21,14,2,12
S01008114,K L M N. Financial real estate professional and administrative activities,54,51,12,39,3,1,2
S01008114,O P Q. Public administration education and health,100,97,32,65,3,1,2
S01008114,R S T U. Other,16,15,10,5,1,0,1
S01008115,All people aged 16 to 74 in employment,516,462,139,323,54,11,43
S01008115,A B D E. Agriculture energy and water,9,9,1,8,0,0,0
S01008115,C. Manufacturing,24,22,1,21,2,0,2
S01008115,F. Construction,53,37,1,36,16,5,11
S01008115,G I. Distribution hotels and restaurants,99,94,51,43,5,0,5
S01008115,H J. Transport and communication,44,35,5,30,9,1,8
S01008115,K L M N. Financial real estate professional and administrative activities,80,74,18,56,6,1,5
S01008115,O P Q. Public administration education and health,181,172,53,119,9,4,5
S01008115,R S T U. Other,26,19,9,10,7,0,7
S01008116,All people aged 16 to 74 in employment,472,426,124,302,46,12,34
S01008116,A B D E. Agriculture energy and water,9,7,1,6,2,0,2
S01008116,C. Manufacturing,39,33,5,28,6,2,4
S01008116,F. Construction,24,20,0,20,4,2,2
S01008116,G I. Distribution hotels and restaurants,88,80,36,44,8,2,6
S01008116,H J. Transport and communication,37,35,3,32,2,0,2
S01008116,K L M N. Financial real estate professional and administrative activities,69,62,12,50,7,2,5
S01008116,O P Q. Public administration education and health,192,178,59,119,14,3,11
S01008116,R S T U. Other,14,11,8,3,3,1,2
S01008117,All people aged 16 to 74 in employment,373,322,107,215,51,13,38
S01008117,A B D E. Agriculture energy and water,6,5,1,4,1,0,1
S01008117,C. Manufacturing,30,25,3,22,5,3,2
S01008117,F. Construction,30,17,2,15,13,2,11
S01008117,G I. Distribution hotels and restaurants,63,58,35,23,5,1,4
S01008117,H J. Transport and communication,36,27,6,21,9,1,8
S01008117,K L M N. Financial real estate professional and administrative activities,44,40,11,29,4,1,3
S01008117,O P Q. Public administration education and health,145,136,43,93,9,3,6
S01008117,R S T U. Other,19,14,6,8,5,2,3
S01008118,All people aged 16 to 74 in employment,386,336,78,258,50,16,34
S01008118,A B D E. Agriculture energy and water,8,8,1,7,0,0,0
S01008118,C. Manufacturing,19,19,2,17,0,0,0
S01008118,F. Construction,29,22,2,20,7,1,6
S01008118,G I. Distribution hotels and restaurants,67,57,23,34,10,2,8
S01008118,H J. Transport and communication,32,27,3,24,5,1,4
S01008118,K L M N. Financial real estate professional and administrative activities,70,58,15,43,12,5,7
S01008118,O P Q. Public administration education and health,143,132,30,102,11,4,7
S01008118,R S T U. Other,18,13,2,11,5,3,2
S01008119,All people aged 16 to 74 in employment,278,260,67,193,18,5,13
S01008119,A B D E. Agriculture energy and water,4,4,0,4,0,0,0
S01008119,C. Manufacturing,22,20,1,19,2,0,2
S01008119,F. Construction,29,28,1,27,1,0,1
S01008119,G I. Distribution hotels and restaurants,70,69,29,40,1,0,1
S01008119,H J. Transport and communication,31,26,4,22,5,0,5
S01008119,K L M N. Financial real estate professional and administrative activities,28,23,7,16,5,3,2
S01008119,O P Q. Public administration education and health,82,80,20,60,2,1,1
S01008119,R S T U. Other,12,10,5,5,2,1,1
S01008120,All people aged 16 to 74 in employment,272,236,67,169,36,7,29
S01008120,A B D E. Agriculture energy and water,6,6,1,5,0,0,0
S01008120,C. Manufacturing,19,19,1,18,0,0,0
S01008120,F. Construction,23,13,1,12,10,0,10
S01008120,G I. Distribution hotels and restaurants,50,46,21,25,4,1,3
S01008120,H J. Transport and communication,16,13,2,11,3,1,2
S01008120,K L M N. Financial real estate professional and administrative activities,46,33,5,28,13,4,9
S01008120,O P Q. Public administration education and health,104,98,31,67,6,1,5
S01008120,R S T U. Other,8,8,5,3,0,0,0
S01008121,All people aged 16 to 74 in employment,305,262,81,181,43,9,34
S01008121,A B D E. Agriculture energy and water,2,2,0,2,0,0,0
S01008121,C. Manufacturing,14,12,0,12,2,1,1
S01008121,F. Construction,25,19,1,18,6,1,5
S01008121,G I. Distribution hotels and restaurants,37,33,19,14,4,1,3
S01008121,H J. Transport and communication,14,12,1,11,2,0,2
S01008121,K L M N. Financial real estate professional and administrative activities,69,49,16,33,20,3,17
S01008121,O P Q. Public administration education and health,133,126,40,86,7,3,4
S01008121,R S T U. Other,11,9,4,5,2,0,2
S01008122,All people aged 16 to 74 in employment,346,272,83,189,74,24,50
S01008122,A B D E. Agriculture energy and water,6,6,0,6,0,0,0
S01008122,C. Manufacturing,12,8,0,8,4,0,4
S01008122,F. Construction,29,20,6,14,9,1,8
S01008122,G I. Distribution hotels and restaurants,42,36,16,20,6,2,4
S01008122,H J. Transport and communication,27,15,4,11,12,1,11
S01008122,K L M N. Financial real estate professional and administrative activities,98,71,19,52,27,10,17
S01008122,O P Q. Public administration education and health,117,106,32,74,11,6,5
S01008122,R S T U. Other,15,10,6,4,5,4,1
S01008123,All people aged 16 to 74 in employment,437,352,110,242,85,19,66
S01008123,A B D E. Agriculture energy and water,4,3,1,2,1,0,1
S01008123,C. Manufacturing,20,14,2,12,6,2,4
S01008123,F. Construction,37,26,5,21,11,0,11
S01008123,G I. Distribution hotels and restaurants,63,52,26,26,11,0,11
S01008123,H J. Transport and communication,27,21,4,17,6,2,4
S01008123,K L M N. Financial real estate professional and administrative activities,95,71,16,55,24,5,19
S01008123,O P Q. Public administration education and health,168,149,52,97,19,5,14
S01008123,R S T U. Other,23,16,4,12,7,5,2
S01008124,All people aged 16 to 74 in employment,433,392,132,260,41,9,32
S01008124,A B D E. Agriculture energy and water,7,7,3,4,0,0,0
S01008124,C. Manufacturing,36,31,7,24,5,1,4
S01008124,F. Construction,30,17,1,16,13,1,12
S01008124,G I. Distribution hotels and restaurants,66,63,37,26,3,0,3
S01008124,H J. Transport and communication,37,31,7,24,6,2,4
S01008124,K L M N. Financial real estate professional and administrative activities,76,69,15,54,7,1,6
S01008124,O P Q. Public administration education and health,167,164,57,107,3,3,0
S01008124,R S T U. Other,14,10,5,5,4,1,3
S01008125,All people aged 16 to 74 in employment,455,404,143,261,51,16,35
S01008125,A B D E. Agriculture energy and water,7,5,0,5,2,1,1
S01008125,C. Manufacturing,31,29,3,26,2,0,2
S01008125,F. Construction,39,30,7,23,9,1,8
S01008125,G I. Distribution hotels and restaurants,71,63,39,24,8,2,6
S01008125,H J. Transport and communication,41,35,5,30,6,2,4
S01008125,K L M N. Financial real estate professional and administrative activities,91,79,21,58,12,1,11
S01008125,O P Q. Public administration education and health,155,146,58,88,9,7,2
S01008125,R S T U. Other,20,17,10,7,3,2,1
S01008126,All people aged 16 to 74 in employment,459,398,125,273,61,21,40
S01008126,A B D E. Agriculture energy and water,19,17,1,16,2,1,1
S01008126,C. Manufacturing,38,34,1,33,4,1,3
S01008126,F. Construction,30,21,3,18,9,3,6
S01008126,G I. Distribution hotels and restaurants,58,46,21,25,12,0,12
S01008126,H J. Transport and communication,30,22,5,17,8,3,5
S01008126,K L M N. Financial real estate professional and administrative activities,98,84,29,55,14,5,9
S01008126,O P Q. Public administration education and health,169,160,57,103,9,5,4
S01008126,R S T U. Other,17,14,8,6,3,3,0
S01008127,All people aged 16 to 74 in employment,251,225,65,160,26,8,18
S01008127,A B D E. Agriculture energy and water,3,3,1,2,0,0,0
S01008127,C. Manufacturing,13,11,1,10,2,1,1
S01008127,F. Construction,10,9,1,8,1,0,1
S01008127,G I. Distribution hotels and restaurants,30,27,15,12,3,1,2
S01008127,H J. Transport and communication,18,14,1,13,4,1,3
S01008127,K L M N. Financial real estate professional and administrative activities,51,43,11,32,8,1,7
S01008127,O P Q. Public administration education and health,121,114,31,83,7,4,3
S01008127,R S T U. Other,5,4,4,0,1,0,1
S01008128,All people aged 16 to 74 in employment,442,390,132,258,52,17,35
S01008128,A B D E. Agriculture energy and water,7,6,0,6,1,0,1
S01008128,C. Manufacturing,24,20,4,16,4,1,3
S01008128,F. Construction,37,28,2,26,9,1,8
S01008128,G I. Distribution hotels and restaurants,94,89,51,38,5,3,2
S01008128,H J. Transport and communication,29,20,1,19,9,0,9
S01008128,K L M N. Financial real estate professional and administrative activities,70,64,18,46,6,2,4
S01008128,O P Q. Public administration education and health,155,145,47,98,10,7,3
S01008128,R S T U. Other,26,18,9,9,8,3,5
S01008129,All people aged 16 to 74 in employment,433,384,93,291,49,8,41
S01008129,A B D E. Agriculture energy and water,8,8,1,7,0,0,0
S01008129,C. Manufacturing,37,35,3,32,2,0,2
S01008129,F. Construction,38,26,1,25,12,2,10
S01008129,G I. Distribution hotels and restaurants,87,75,31,44,12,2,10
S01008129,H J. Transport and communication,31,23,5,18,8,1,7
S01008129,K L M N. Financial real estate professional and administrative activities,55,47,9,38,8,1,7
S01008129,O P Q. Public administration education and health,159,158,39,119,1,0,1
S01008129,R S T U. Other,18,12,4,8,6,2,4
S01008130,All people aged 16 to 74 in employment,468,422,114,308,46,14,32
S01008130,A B D E. Agriculture energy and water,6,6,1,5,0,0,0
S01008130,C. Manufacturing,33,30,5,25,3,0,3
S01008130,F. Construction,35,25,0,25,10,2,8
S01008130,G I. Distribution hotels and restaurants,79,78,31,47,1,0,1
S01008130,H J. Transport and communication,35,30,4,26,5,0,5
S01008130,K L M N. Financial real estate professional and administrative activities,85,73,12,61,12,3,9
S01008130,O P Q. Public administration education and health,157,154,50,104,3,3,0
S01008130,R S T U. Other,38,26,11,15,12,6,6
S01008131,All people aged 16 to 74 in employment,350,317,76,241,33,9,24
S01008131,A B D E. Agriculture energy and water,7,7,0,7,0,0,0
S01008131,C. Manufacturing,24,22,2,20,2,0,2
S01008131,F. Construction,29,24,0,24,5,0,5
S01008131,G I. Distribution hotels and restaurants,60,56,24,32,4,1,3
S01008131,H J. Transport and communication,32,24,4,20,8,1,7
S01008131,K L M N. Financial real estate professional and administrative activities,56,51,10,41,5,1,4
S01008131,O P Q. Public administration education and health,127,119,34,85,8,5,3
S01008131,R S T U. Other,15,14,2,12,1,1,0
S01008132,All people aged 16 to 74 in employment,469,399,112,287,70,20,50
S01008132,A B D E. Agriculture energy and water,14,10,1,9,4,1,3
S01008132,C. Manufacturing,31,29,1,28,2,0,2
S01008132,F. Construction,61,42,5,37,19,0,19
S01008132,G I. Distribution hotels and restaurants,67,58,19,39,9,5,4
S01008132,H J. Transport and communication,29,22,3,19,7,1,6
S01008132,K L M N. Financial real estate professional and administrative activities,76,62,19,43,14,4,10
S01008132,O P Q. Public administration education and health,160,149,51,98,11,7,4
S01008132,R S T U. Other,31,27,13,14,4,2,2
S01008133,All people aged 16 to 74 in employment,248,208,60,148,40,9,31
S01008133,A B D E. Agriculture energy and water,3,3,0,3,0,0,0
S01008133,C. Manufacturing,28,22,0,22,6,2,4
S01008133,F. Construction,17,9,2,7,8,0,8
S01008133,G I. Distribution hotels and restaurants,35,34,15,19,1,1,0
S01008133,H J. Transport and communication,20,18,6,12,2,0,2
S01008133,K L M N. Financial real estate professional and administrative activities,52,42,10,32,10,3,7
S01008133,O P Q. Public administration education and health,78,70,23,47,8,3,5
S01008133,R S T U. Other,15,10,4,6,5,0,5
S01008134,All people aged 16 to 74 in employment,325,289,55,234,36,7,29
S01008134,A B D E. Agriculture energy and water,7,7,0,7,0,0,0
S01008134,C. Manufacturing,19,18,1,17,1,0,1
S01008134,F. Construction,32,26,0,26,6,0,6
S01008134,G I. Distribution hotels and restaurants,53,49,19,30,4,1,3
S01008134,H J. Transport and communication,18,12,0,12,6,1,5
S01008134,K L M N. Financial real estate professional and administrative activities,66,58,7,51,8,1,7
S01008134,O P Q. Public administration education and health,113,106,22,84,7,3,4
S01008134,R S T U. Other,17,13,6,7,4,1,3
S01008135,All people aged 16 to 74 in employment,597,538,137,401,59,10,49
S01008135,A B D E. Agriculture energy and water,10,10,1,9,0,0,0
S01008135,C. Manufacturing,41,40,1,39,1,0,1
S01008135,F. Construction,59,38,3,35,21,0,21
S01008135,G I. Distribution hotels and restaurants,96,91,35,56,5,3,2
S01008135,H J. Transport and communication,49,36,6,30,13,0,13
S01008135,K L M N. Financial real estate professional and administrative activities,96,89,17,72,7,3,4
S01008135,O P Q. Public administration education and health,218,208,63,145,10,3,7
S01008135,R S T U. Other,28,26,11,15,2,1,1
S01008136,All people aged 16 to 74 in employment,434,392,100,292,42,4,38
S01008136,A B D E. Agriculture energy and water,3,3,1,2,0,0,0
S01008136,C. Manufacturing,34,32,2,30,2,1,1
S01008136,F. Construction,43,33,4,29,10,0,10
S01008136,G I. Distribution hotels and restaurants,85,80,34,46,5,0,5
S01008136,H J. Transport and communication,40,30,4,26,10,0,10
S01008136,K L M N. Financial real estate professional and administrative activities,73,67,12,55,6,1,5
S01008136,O P Q. Public administration education and health,143,137,39,98,6,1,5
S01008136,R S T U. Other,13,10,4,6,3,1,2
S01008137,All people aged 16 to 74 in employment,323,300,111,189,23,11,12
S01008137,A B D E. Agriculture energy and water,7,7,0,7,0,0,0
S01008137,C. Manufacturing,35,35,3,32,0,0,0
S01008137,F. Construction,24,19,1,18,5,0,5
S01008137,G I. Distribution hotels and restaurants,73,70,38,32,3,1,2
S01008137,H J. Transport and communication,22,15,5,10,7,4,3
S01008137,K L M N. Financial real estate professional and administrative activities,61,55,19,36,6,5,1
S01008137,O P Q. Public administration education and health,81,80,37,43,1,0,1
S01008137,R S T U. Other,20,19,8,11,1,1,0
S01008138,All people aged 16 to 74 in employment,329,304,102,202,25,4,21
S01008138,A B D E. Agriculture energy and water,4,4,0,4,0,0,0
S01008138,C. Manufacturing,22,22,2,20,0,0,0
S01008138,F. Construction,37,27,0,27,10,1,9
S01008138,G I. Distribution hotels and restaurants,82,79,45,34,3,0,3
S01008138,H J. Transport and communication,22,16,4,12,6,0,6
S01008138,K L M N. Financial real estate professional and administrative activities,52,50,12,38,2,1,1
S01008138,O P Q. Public administration education and health,98,96,33,63,2,1,1
S01008138,R S T U. Other,12,10,6,4,2,1,1
S01008139,All people aged 16 to 74 in employment,363,331,103,228,32,7,25
S01008139,A B D E. Agriculture energy and water,6,5,0,5,1,0,1
S01008139,C. Manufacturing,23,23,1,22,0,0,0
S01008139,F. Construction,28,19,0,19,9,1,8
S01008139,G I. Distribution hotels and restaurants,76,74,40,34,2,0,2
S01008139,H J. Transport and communication,29,21,1,20,8,1,7
S01008139,K L M N. Financial real estate professional and administrative activities,48,44,18,26,4,1,3
S01008139,O P Q. Public administration education and health,135,131,38,93,4,2,2
S01008139,R S T U. Other,18,14,5,9,4,2,2
S01008140,All people aged 16 to 74 in employment,204,191,63,128,13,1,12
S01008140,A B D E. Agriculture energy and water,7,7,2,5,0,0,0
S01008140,C. Manufacturing,11,11,2,9,0,0,0
S01008140,F. Construction,17,11,1,10,6,0,6
S01008140,G I. Distribution hotels and restaurants,45,41,22,19,4,1,3
S01008140,H J. Transport and communication,12,10,1,9,2,0,2
S01008140,K L M N. Financial real estate professional and administrative activities,34,33,7,26,1,0,1
S01008140,O P Q. Public administration education and health,69,69,26,43,0,0,0
S01008140,R S T U. Other,9,9,2,7,0,0,0
S01008141,All people aged 16 to 74 in employment,425,371,95,276,54,18,36
S01008141,A B D E. Agriculture energy and water,3,3,0,3,0,0,0
S01008141,C. Manufacturing,33,31,1,30,2,0,2
S01008141,F. Construction,39,28,3,25,11,3,8
S01008141,G I. Distribution hotels and restaurants,89,76,33,43,13,1,12
S01008141,H J. Transport and communication,40,28,6,22,12,5,7
S01008141,K L M N. Financial real estate professional and administrative activities,54,50,12,38,4,2,2
S01008141,O P Q. Public administration education and health,147,139,36,103,8,4,4
S01008141,R S T U. Other,20,16,4,12,4,3,1
S01008142,All people aged 16 to 74 in employment,445,408,116,292,37,14,23
S01008142,A B D E. Agriculture energy and water,6,6,1,5,0,0,0
S01008142,C. Manufacturing,20,20,1,19,0,0,0
S01008142,F. Construction,40,35,0,35,5,1,4
S01008142,G I. Distribution hotels and restaurants,87,81,37,44,6,2,4
S01008142,H J. Transport and communication,51,41,8,33,10,5,5
S01008142,K L M N. Financial real estate professional and administrative activities,75,67,23,44,8,3,5
S01008142,O P Q. Public administration education and health,149,144,39,105,5,2,3
S01008142,R S T U. Other,17,14,7,7,3,1,2
S01008143,All people aged 16 to 74 in employment,390,357,95,262,33,12,21
S01008143,A B D E. Agriculture energy and water,8,8,0,8,0,0,0
S01008143,C. Manufacturing,23,23,0,23,0,0,0
S01008143,F. Construction,32,28,1,27,4,0,4
S01008143,G I. Distribution hotels and restaurants,79,73,30,43,6,1,5
S01008143,H J. Transport and communication,32,26,6,20,6,4,2
S01008143,K L M N. Financial real estate professional and administrative activities,49,43,15,28,6,4,2
S01008143,O P Q. Public administration education and health,148,139,40,99,9,3,6
S01008143,R S T U. Other,19,17,3,14,2,0,2
S01008144,All people aged 16 to 74 in employment,308,257,79,178,51,14,37
S01008144,A B D E. Agriculture energy and water,9,3,0,3,6,1,5
S01008144,C. Manufacturing,20,16,2,14,4,2,2
S01008144,F. Construction,27,20,2,18,7,0,7
S01008144,G I. Distribution hotels and restaurants,55,45,28,17,10,3,7
S01008144,H J. Transport and communication,22,14,2,12,8,1,7
S01008144,K L M N. Financial real estate professional and administrative activities,52,45,8,37,7,3,4
S01008144,O P Q. Public administration education and health,110,107,32,75,3,0,3
S01008144,R S T U. Other,13,7,5,2,6,4,2
S01008145,All people aged 16 to 74 in employment,383,343,93,250,40,11,29
S01008145,A B D E. Agriculture energy and water,12,11,2,9,1,0,1
S01008145,C. Manufacturing,40,37,5,32,3,1,2
S01008145,F. Construction,53,41,5,36,12,2,10
S01008145,G I. Distribution hotels and restaurants,68,65,28,37,3,0,3
S01008145,H J. Transport and communication,34,25,3,22,9,1,8
S01008145,K L M N. Financial real estate professional and administrative activities,39,37,10,27,2,1,1
S01008145,O P Q. Public administration education and health,119,112,34,78,7,5,2
S01008145,R S T U. Other,18,15,6,9,3,1,2
S01008146,All people aged 16 to 74 in employment,210,187,58,129,23,5,18
S01008146,A B D E. Agriculture energy and water,17,14,1,13,3,0,3
S01008146,C. Manufacturing,32,28,5,23,4,1,3
S01008146,F. Construction,28,21,0,21,7,1,6
S01008146,G I. Distribution hotels and restaurants,36,33,18,15,3,1,2
S01008146,H J. Transport and communication,12,11,3,8,1,1,0
S01008146,K L M N. Financial real estate professional and administrative activities,24,21,9,12,3,1,2
S01008146,O P Q. Public administration education and health,56,55,21,34,1,0,1
S01008146,R S T U. Other,5,4,1,3,1,0,1
S01008147,All people aged 16 to 74 in employment,405,365,97,268,40,9,31
S01008147,A B D E. Agriculture energy and water,5,5,0,5,0,0,0
S01008147,C. Manufacturing,37,35,1,34,2,0,2
S01008147,F. Construction,40,28,1,27,12,1,11
S01008147,G I. Distribution hotels and restaurants,97,91,49,42,6,1,5
S01008147,H J. Transport and communication,29,16,2,14,13,3,10
S01008147,K L M N. Financial real estate professional and administrative activities,62,60,4,56,2,1,1
S01008147,O P Q. Public administration education and health,121,118,34,84,3,1,2
S01008147,R S T U. Other,14,12,6,6,2,2,0
S01008148,All people aged 16 to 74 in employment,420,379,105,274,41,11,30
S01008148,A B D E. Agriculture energy and water,9,8,1,7,1,0,1
S01008148,C. Manufacturing,21,19,4,15,2,1,1
S01008148,F. Construction,49,35,1,34,14,2,12
S01008148,G I. Distribution hotels and restaurants,87,80,38,42,7,1,6
S01008148,H J. Transport and communication,34,28,1,27,6,3,3
S01008148,K L M N. Financial real estate professional and administrative activities,55,47,14,33,8,2,6
S01008148,O P Q. Public administration education and health,155,152,44,108,3,2,1
S01008148,R S T U. Other,10,10,2,8,0,0,0
S01008149,All people aged 16 to 74 in employment,335,312,85,227,23,2,21
S01008149,A B D E. Agriculture energy and water,4,4,0,4,0,0,0
S01008149,C. Manufacturing,21,21,0,21,0,0,0
S01008149,F. Construction,30,26,1,25,4,0,4
S01008149,G I. Distribution hotels and restaurants,70,68,34,34,2,0,2
S01008149,H J. Transport and communication,29,21,5,16,8,1,7
S01008149,K L M N. Financial real estate professional and administrative activities,50,44,9,35,6,0,6
S01008149,O P Q. Public administration education and health,120,118,34,84,2,1,1
S01008149,R S T U. Other,11,10,2,8,1,0,1
S01008150,All people aged 16 to 74 in employment,407,375,99,276,32,9,23
S01008150,A B D E. Agriculture energy and water,4,4,1,3,0,0,0
S01008150,C. Manufacturing,39,38,1,37,1,0,1
S01008150,F. Construction,47,38,0,38,9,0,9
S01008150,G I. Distribution hotels and restaurants,81,79,25,54,2,0,2
S01008150,H J. Transport and communication,28,21,3,18,7,3,4
S01008150,K L M N. Financial real estate professional and administrative activities,55,50,11,39,5,2,3
S01008150,O P Q. Public administration education and health,139,131,50,81,8,4,4
S01008150,R S T U. Other,14,14,8,6,0,0,0
S01008151,All people aged 16 to 74 in employment,317,294,76,218,23,7,16
S01008151,A B D E. Agriculture energy and water,3,3,0,3,0,0,0
S01008151,C. Manufacturing,31,30,1,29,1,0,1
S01008151,F. Construction,30,21,1,20,9,2,7
S01008151,G I. Distribution hotels and restaurants,62,58,24,34,4,1,3
S01008151,H J. Transport and communication,21,16,1,15,5,1,4
S01008151,K L M N. Financial real estate professional and administrative activities,45,44,10,34,1,0,1
S01008151,O P Q. Public administration education and health,111,111,35,76,0,0,0
S01008151,R S T U. Other,14,11,4,7,3,3,0
S01008152,All people aged 16 to 74 in employment,437,401,102,299,36,9,27
S01008152,A B D E. Agriculture energy and water,9,9,1,8,0,0,0
S01008152,C. Manufacturing,35,33,2,31,2,1,1
S01008152,F. Construction,36,26,5,21,10,0,10
S01008152,G I. Distribution hotels and restaurants,99,94,39,55,5,1,4
S01008152,H J. Transport and communication,42,36,7,29,6,1,5
S01008152,K L M N. Financial real estate professional and administrative activities,64,62,8,54,2,1,1
S01008152,O P Q. Public administration education and health,139,134,37,97,5,2,3
S01008152,R S T U. Other,13,7,3,4,6,3,3
S01008153,All people aged 16 to 74 in employment,463,416,120,296,47,11,36
S01008153,A B D E. Agriculture energy and water,10,10,2,8,0,0,0
S01008153,C. Manufacturing,25,21,0,21,4,1,3
S01008153,F. Construction,50,40,2,38,10,1,9
S01008153,G I. Distribution hotels and restaurants,81,72,28,44,9,3,6
S01008153,H J. Transport and communication,31,27,4,23,4,0,4
S01008153,K L M N. Financial real estate professional and administrative activities,77,67,16,51,10,2,8
S01008153,O P Q. Public administration education and health,170,163,58,105,7,2,5
S01008153,R S T U. Other,19,16,10,6,3,2,1
S01008154,All people aged 16 to 74 in employment,377,331,89,242,46,13,33
S01008154,A B D E. Agriculture energy and water,9,8,1,7,1,0,1
S01008154,C. Manufacturing,21,19,1,18,2,1,1
S01008154,F. Construction,32,23,2,21,9,1,8
S01008154,G I. Distribution hotels and restaurants,62,54,30,24,8,1,7
S01008154,H J. Transport and communication,31,23,2,21,8,2,6
S01008154,K L M N. Financial real estate professional and administrative activities,62,55,14,41,7,3,4
S01008154,O P Q. Public administration education and health,144,136,35,101,8,4,4
S01008154,R S T U. Other,16,13,4,9,3,1,2
S01008155,All people aged 16 to 74 in employment,349,309,78,231,40,12,28
S01008155,A B D E. Agriculture energy and water,5,3,0,3,2,1,1
S01008155,C. Manufacturing,27,24,3,21,3,0,3
S01008155,F. Construction,30,26,1,25,4,0,4
S01008155,G I. Distribution hotels and restaurants,61,56,21,35,5,0,5
S01008155,H J. Transport and communication,23,19,3,16,4,0,4
S01008155,K L M N. Financial real estate professional and administrative activities,59,50,12,38,9,4,5
S01008155,O P Q. Public administration education and health,125,116,31,85,9,4,5
S01008155,R S T U. Other,19,15,7,8,4,3,1
S01008156,All people aged 16 to 74 in employment,438,361,109,252,77,16,61
S01008156,A B D E. Agriculture energy and water,14,11,3,8,3,0,3
S01008156,C. Manufacturing,18,16,3,13,2,0,2
S01008156,F. Construction,51,32,2,30,19,2,17
S01008156,G I. Distribution hotels and restaurants,101,79,39,40,22,3,19
S01008156,H J. Transport and communication,23,17,3,14,6,3,3
S01008156,K L M N. Financial real estate professional and administrative activities,59,46,10,36,13,3,10
S01008156,O P Q. Public administration education and health,145,144,42,102,1,1,0
S01008156,R S T U. Other,27,16,7,9,11,4,7
S01008157,All people aged 16 to 74 in employment,383,343,104,239,40,16,24
S01008157,A B D E. Agriculture energy and water,11,10,0,10,1,0,1
S01008157,C. Manufacturing,19,17,0,17,2,0,2
S01008157,F. Construction,36,28,2,26,8,1,7
S01008157,G I. Distribution hotels and restaurants,71,68,38,30,3,0,3
S01008157,H J. Transport and communication,37,29,4,25,8,4,4
S01008157,K L M N. Financial real estate professional and administrative activities,60,54,12,42,6,1,5
S01008157,O P Q. Public administration education and health,130,127,40,87,3,2,1
S01008157,R S T U. Other,19,10,8,2,9,8,1
S01008158,All people aged 16 to 74 in employment,462,416,90,326,46,11,35
S01008158,A B D E. Agriculture energy and water,5,4,0,4,1,0,1
S01008158,C. Manufacturing,28,26,1,25,2,2,0
S01008158,F. Construction,48,37,0,37,11,0,11
S01008158,G I. Distribution hotels and restaurants,92,83,30,53,9,1,8
S01008158,H J. Transport and communication,32,29,3,26,3,1,2
S01008158,K L M N. Financial real estate professional and administrative activities,66,59,10,49,7,3,4
S01008158,O P Q. Public administration education and health,172,168,45,123,4,0,4
S01008158,R S T U. Other,19,10,1,9,9,4,5
S01008159,All people aged 16 to 74 in employment,384,345,99,246,39,8,31
S01008159,A B D E. Agriculture energy and water,8,8,0,8,0,0,0
S01008159,C. Manufacturing,21,19,1,18,2,1,1
S01008159,F. Construction,36,26,0,26,10,2,8
S01008159,G I. Distribution hotels and restaurants,88,82,38,44,6,0,6
S01008159,H J. Transport and communication,18,13,1,12,5,1,4
S01008159,K L M N. Financial real estate professional and administrative activities,40,34,10,24,6,1,5
S01008159,O P Q. Public administration education and health,148,141,41,100,7,3,4
S01008159,R S T U. Other,25,22,8,14,3,0,3
S01008160,All people aged 16 to 74 in employment,389,351,90,261,38,14,24
S01008160,A B D E. Agriculture energy and water,9,9,0,9,0,0,0
S01008160,C. Manufacturing,33,31,0,31,2,0,2
S01008160,F. Construction,30,26,1,25,4,0,4
S01008160,G I. Distribution hotels and restaurants,64,60,25,35,4,0,4
S01008160,H J. Transport and communication,40,29,2,27,11,4,7
S01008160,K L M N. Financial real estate professional and administrative activities,46,37,8,29,9,6,3
S01008160,O P Q. Public administration education and health,146,143,50,93,3,2,1
S01008160,R S T U. Other,21,16,4,12,5,2,3
S01008161,All people aged 16 to 74 in employment,603,513,110,403,90,22,68
S01008161,A B D E. Agriculture energy and water,21,14,1,13,7,2,5
S01008161,C. Manufacturing,40,33,2,31,7,1,6
S01008161,F. Construction,65,44,4,40,21,3,18
S01008161,G I. Distribution hotels and restaurants,91,78,27,51,13,2,11
S01008161,H J. Transport and communication,50,38,2,36,12,3,9
S01008161,K L M N. Financial real estate professional and administrative activities,92,79,12,67,13,4,9
S01008161,O P Q. Public administration education and health,219,207,51,156,12,5,7
S01008161,R S T U. Other,25,20,11,9,5,2,3
S01008162,All people aged 16 to 74 in employment,520,460,114,346,60,12,48
S01008162,A B D E. Agriculture energy and water,14,10,1,9,4,0,4
S01008162,C. Manufacturing,32,25,3,22,7,0,7
S01008162,F. Construction,54,38,2,36,16,2,14
S01008162,G I. Distribution hotels and restaurants,95,85,31,54,10,2,8
S01008162,H J. Transport and communication,23,21,3,18,2,0,2
S01008162,K L M N. Financial real estate professional and administrative activities,76,66,14,52,10,3,7
S01008162,O P Q. Public administration education and health,204,197,55,142,7,2,5
S01008162,R S T U. Other,22,18,5,13,4,3,1
S01008163,All people aged 16 to 74 in employment,332,289,83,206,43,13,30
S01008163,A B D E. Agriculture energy and water,20,15,1,14,5,1,4
S01008163,C. Manufacturing,22,19,0,19,3,0,3
S01008163,F. Construction,27,16,3,13,11,1,10
S01008163,G I. Distribution hotels and restaurants,88,83,35,48,5,4,1
S01008163,H J. Transport and communication,23,18,0,18,5,1,4
S01008163,K L M N. Financial real estate professional and administrative activities,54,46,11,35,8,5,3
S01008163,O P Q. Public administration education and health,79,75,24,51,4,1,3
S01008163,R S T U. Other,19,17,9,8,2,0,2
S01008164,All people aged 16 to 74 in employment,531,490,258,232,41,10,31
S01008164,A B D E. Agriculture energy and water,5,4,0,4,1,1,0
S01008164,C. Manufacturing,15,13,0,13,2,0,2
S01008164,F. Construction,36,24,2,22,12,2,10
S01008164,G I. Distribution hotels and restaurants,209,199,155,44,10,0,10
S01008164,H J. Transport and communication,18,16,1,15,2,0,2
S01008164,K L M N. Financial real estate professional and administrative activities,64,61,24,37,3,1,2
S01008164,O P Q. Public administration education and health,133,127,57,70,6,4,2
S01008164,R S T U. Other,51,46,19,27,5,2,3
S01008165,All people aged 16 to 74 in employment,441,372,97,275,69,20,49
S01008165,A B D E. Agriculture energy and water,20,15,3,12,5,0,5
S01008165,C. Manufacturing,16,14,2,12,2,0,2
S01008165,F. Construction,47,32,1,31,15,2,13
S01008165,G I. Distribution hotels and restaurants,83,67,29,38,16,3,13
S01008165,H J. Transport and communication,43,36,6,30,7,1,6
S01008165,K L M N. Financial real estate professional and administrative activities,75,68,14,54,7,3,4
S01008165,O P Q. Public administration education and health,135,128,38,90,7,4,3
S01008165,R S T U. Other,22,12,4,8,10,7,3
S01008166,All people aged 16 to 74 in employment,257,231,69,162,26,8,18
S01008166,A B D E. Agriculture energy and water,4,4,1,3,0,0,0
S01008166,C. Manufacturing,11,10,0,10,1,1,0
S01008166,F. Construction,34,24,0,24,10,1,9
S01008166,G I. Distribution hotels and restaurants,66,61,24,37,5,0,5
S01008166,H J. Transport and communication,16,14,3,11,2,1,1
S01008166,K L M N. Financial real estate professional and administrative activities,33,28,7,21,5,2,3
S01008166,O P Q. Public administration education and health,78,77,29,48,1,1,0
S01008166,R S T U. Other,15,13,5,8,2,2,0
S01008167,All people aged 16 to 74 in employment,310,285,93,192,25,10,15
S01008167,A B D E. Agriculture energy and water,11,11,0,11,0,0,0
S01008167,C. Manufacturing,20,20,3,17,0,0,0
S01008167,F. Construction,41,30,4,26,11,3,8
S01008167,G I. Distribution hotels and restaurants,81,79,37,42,2,1,1
S01008167,H J. Transport and communication,22,18,2,16,4,2,2
S01008167,K L M N. Financial real estate professional and administrative activities,40,39,12,27,1,0,1
S01008167,O P Q. Public administration education and health,76,73,28,45,3,3,0
S01008167,R S T U. Other,19,15,7,8,4,1,3
S01008168,All people aged 16 to 74 in employment,369,347,104,243,22,9,13
S01008168,A B D E. Agriculture energy and water,12,12,0,12,0,0,0
S01008168,C. Manufacturing,26,26,5,21,0,0,0
S01008168,F. Construction,32,27,3,24,5,0,5
S01008168,G I. Distribution hotels and restaurants,93,89,47,42,4,1,3
S01008168,H J. Transport and communication,49,46,3,43,3,2,1
S01008168,K L M N. Financial real estate professional and administrative activities,42,37,8,29,5,3,2
S01008168,O P Q. Public administration education and health,98,96,33,63,2,2,0
S01008168,R S T U. Other,17,14,5,9,3,1,2
S01008169,All people aged 16 to 74 in employment,376,346,103,243,30,8,22
S01008169,A B D E. Agriculture energy and water,8,7,1,6,1,0,1
S01008169,C. Manufacturing,29,27,3,24,2,0,2
S01008169,F. Construction,34,22,0,22,12,4,8
S01008169,G I. Distribution hotels and restaurants,84,79,36,43,5,1,4
S01008169,H J. Transport and communication,22,20,1,19,2,0,2
S01008169,K L M N. Financial real estate professional and administrative activities,60,58,13,45,2,0,2
S01008169,O P Q. Public administration education and health,116,113,42,71,3,1,2
S01008169,R S T U. Other,23,20,7,13,3,2,1
S01008170,All people aged 16 to 74 in employment,326,280,87,193,46,11,35
S01008170,A B D E. Agriculture energy and water,5,5,1,4,0,0,0
S01008170,C. Manufacturing,16,16,0,16,0,0,0
S01008170,F. Construction,20,12,1,11,8,0,8
S01008170,G I. Distribution hotels and restaurants,64,56,33,23,8,2,6
S01008170,H J. Transport and communication,37,25,2,23,12,5,7
S01008170,K L M N. Financial real estate professional and administrative activities,74,69,15,54,5,0,5
S01008170,O P Q. Public administration education and health,86,76,25,51,10,2,8
S01008170,R S T U. Other,24,21,10,11,3,2,1
S01008171,All people aged 16 to 74 in employment,350,325,85,240,25,7,18
S01008171,A B D E. Agriculture energy and water,6,6,0,6,0,0,0
S01008171,C. Manufacturing,13,13,3,10,0,0,0
S01008171,F. Construction,24,20,4,16,4,0,4
S01008171,G I. Distribution hotels and restaurants,85,79,31,48,6,2,4
S01008171,H J. Transport and communication,32,24,1,23,8,1,7
S01008171,K L M N. Financial real estate professional and administrative activities,57,53,12,41,4,1,3
S01008171,O P Q. Public administration education and health,117,115,28,87,2,2,0
S01008171,R S T U. Other,16,15,6,9,1,1,0
S01008172,All people aged 16 to 74 in employment,267,238,75,163,29,8,21
S01008172,A B D E. Agriculture energy and water,10,10,2,8,0,0,0
S01008172,C. Manufacturing,15,14,2,12,1,0,1
S01008172,F. Construction,31,19,3,16,12,3,9
S01008172,G I. Distribution hotels and restaurants,55,53,29,24,2,2,0
S01008172,H J. Transport and communication,16,10,0,10,6,0,6
S01008172,K L M N. Financial real estate professional and administrative activities,45,43,13,30,2,1,1
S01008172,O P Q. Public administration education and health,77,75,23,52,2,0,2
S01008172,R S T U. Other,18,14,3,11,4,2,2
S01008173,All people aged 16 to 74 in employment,357,329,112,217,28,4,24
S01008173,A B D E. Agriculture energy and water,8,7,1,6,1,0,1
S01008173,C. Manufacturing,16,16,1,15,0,0,0
S01008173,F. Construction,25,16,1,15,9,1,8
S01008173,G I. Distribution hotels and restaurants,77,72,42,30,5,0,5
S01008173,H J. Transport and communication,25,18,0,18,7,1,6
S01008173,K L M N. Financial real estate professional and administrative activities,74,73,19,54,1,0,1
S01008173,O P Q. Public administration education and health,122,119,46,73,3,0,3
S01008173,R S T U. Other,10,8,2,6,2,2,0
S01008174,All people aged 16 to 74 in employment,305,269,83,186,36,9,27
S01008174,A B D E. Agriculture energy and water,3,3,0,3,0,0,0
S01008174,C. Manufacturing,15,15,1,14,0,0,0
S01008174,F. Construction,30,17,1,16,13,3,10
S01008174,G I. Distribution hotels and restaurants,56,52,23,29,4,2,2
S01008174,H J. Transport and communication,18,14,2,12,4,0,4
S01008174,K L M N. Financial real estate professional and administrative activities,75,68,21,47,7,0,7
S01008174,O P Q. Public administration education and health,93,90,31,59,3,2,1
S01008174,R S T U. Other,15,10,4,6,5,2,3
S01008175,All people aged 16 to 74 in employment,410,372,100,272,38,10,28
S01008175,A B D E. Agriculture energy and water,6,6,0,6,0,0,0
S01008175,C. Manufacturing,32,26,2,24,6,1,5
S01008175,F. Construction,31,24,3,21,7,1,6
S01008175,G I. Distribution hotels and restaurants,60,55,24,31,5,1,4
S01008175,H J. Transport and communication,32,27,2,25,5,2,3
S01008175,K L M N. Financial real estate professional and administrative activities,95,91,21,70,4,0,4
S01008175,O P Q. Public administration education and health,132,126,43,83,6,1,5
S01008175,R S T U. Other,22,17,5,12,5,4,1
S01008176,All people aged 16 to 74 in employment,385,315,96,219,70,26,44
S01008176,A B D E. Agriculture energy and water,13,13,1,12,0,0,0
S01008176,C. Manufacturing,13,11,1,10,2,0,2
S01008176,F. Construction,31,20,4,16,11,4,7
S01008176,G I. Distribution hotels and restaurants,65,52,26,26,13,4,9
S01008176,H J. Transport and communication,29,20,3,17,9,3,6
S01008176,K L M N. Financial real estate professional and administrative activities,96,77,18,59,19,8,11
S01008176,O P Q. Public administration education and health,117,103,37,66,14,5,9
S01008176,R S T U. Other,21,19,6,13,2,2,0
S01008177,All people aged 16 to 74 in employment,340,309,108,201,31,10,21
S01008177,A B D E. Agriculture energy and water,8,6,0,6,2,0,2
S01008177,C. Manufacturing,16,15,1,14,1,1,0
S01008177,F. Construction,28,21,3,18,7,0,7
S01008177,G I. Distribution hotels and restaurants,78,71,37,34,7,1,6
S01008177,H J. Transport and communication,23,22,4,18,1,0,1
S01008177,K L M N. Financial real estate professional and administrative activities,56,52,12,40,4,1,3
S01008177,O P Q. Public administration education and health,116,109,47,62,7,6,1
S01008177,R S T U. Other,15,13,4,9,2,1,1
S01008178,All people aged 16 to 74 in employment,307,282,92,190,25,5,20
S01008178,A B D E. Agriculture energy and water,8,7,1,6,1,0,1
S01008178,C. Manufacturing,19,18,4,14,1,0,1
S01008178,F. Construction,22,16,2,14,6,0,6
S01008178,G I. Distribution hotels and restaurants,58,54,23,31,4,0,4
S01008178,H J. Transport and communication,23,18,3,15,5,1,4
S01008178,K L M N. Financial real estate professional and administrative activities,56,54,21,33,2,1,1
S01008178,O P Q. Public administration education and health,100,98,31,67,2,0,2
S01008178,R S T U. Other,21,17,7,10,4,3,1
S01008179,All people aged 16 to 74 in employment,294,252,84,168,42,5,37
S01008179,A B D E. Agriculture energy and water,3,3,2,1,0,0,0
S01008179,C. Manufacturing,9,9,0,9,0,0,0
S01008179,F. Construction,23,14,0,14,9,0,9
S01008179,G I. Distribution hotels and restaurants,49,38,21,17,11,2,9
S01008179,H J. Transport and communication,17,10,0,10,7,0,7
S01008179,K L M N. Financial real estate professional and administrative activities,78,72,21,51,6,0,6
S01008179,O P Q. Public administration education and health,104,98,36,62,6,1,5
S01008179,R S T U. Other,11,8,4,4,3,2,1
S01008180,All people aged 16 to 74 in employment,286,245,71,174,41,14,27
S01008180,A B D E. Agriculture energy and water,5,5,0,5,0,0,0
S01008180,C. Manufacturing,6,6,0,6,0,0,0
S01008180,F. Construction,23,14,1,13,9,1,8
S01008180,G I. Distribution hotels and restaurants,52,41,21,20,11,4,7
S01008180,H J. Transport and communication,19,15,4,11,4,1,3
S01008180,K L M N. Financial real estate professional and administrative activities,73,63,12,51,10,4,6
S01008180,O P Q. Public administration education and health,90,89,29,60,1,0,1
S01008180,R S T U. Other,18,12,4,8,6,4,2
S01008181,All people aged 16 to 74 in employment,337,289,103,186,48,11,37
S01008181,A B D E. Agriculture energy and water,11,8,1,7,3,0,3
S01008181,C. Manufacturing,18,14,4,10,4,1,3
S01008181,F. Construction,29,23,3,20,6,2,4
S01008181,G I. Distribution hotels and restaurants,62,48,26,22,14,3,11
S01008181,H J. Transport and communication,18,15,4,11,3,1,2
S01008181,K L M N. Financial real estate professional and administrative activities,79,70,16,54,9,2,7
S01008181,O P Q. Public administration education and health,97,93,39,54,4,1,3
S01008181,R S T U. Other,23,18,10,8,5,1,4
S01008182,All people aged 16 to 74 in employment,525,478,98,380,47,21,26
S01008182,A B D E. Agriculture energy and water,9,9,0,9,0,0,0
S01008182,C. Manufacturing,34,29,3,26,5,0,5
S01008182,F. Construction,32,23,2,21,9,3,6
S01008182,G I. Distribution hotels and restaurants,111,106,34,72,5,1,4
S01008182,H J. Transport and communication,34,30,1,29,4,1,3
S01008182,K L M N. Financial real estate professional and administrative activities,104,94,10,84,10,6,4
S01008182,O P Q. Public administration education and health,161,154,39,115,7,6,1
S01008182,R S T U. Other,40,33,9,24,7,4,3
S01008183,All people aged 16 to 74 in employment,341,308,96,212,33,10,23
S01008183,A B D E. Agriculture energy and water,5,5,0,5,0,0,0
S01008183,C. Manufacturing,23,19,5,14,4,1,3
S01008183,F. Construction,18,13,1,12,5,0,5
S01008183,G I. Distribution hotels and restaurants,70,64,38,26,6,2,4
S01008183,H J. Transport and communication,25,19,2,17,6,1,5
S01008183,K L M N. Financial real estate professional and administrative activities,66,60,11,49,6,3,3
S01008183,O P Q. Public administration education and health,125,120,35,85,5,2,3
S01008183,R S T U. Other,9,8,4,4,1,1,0
S01008184,All people aged 16 to 74 in employment,398,350,82,268,48,18,30
S01008184,A B D E. Agriculture energy and water,8,5,1,4,3,1,2
S01008184,C. Manufacturing,21,19,2,17,2,0,2
S01008184,F. Construction,17,11,3,8,6,1,5
S01008184,G I. Distribution hotels and restaurants,83,75,25,50,8,2,6
S01008184,H J. Transport and communication,20,18,4,14,2,0,2
S01008184,K L M N. Financial real estate professional and administrative activities,84,80,13,67,4,3,1
S01008184,O P Q. Public administration education and health,137,122,29,93,15,9,6
S01008184,R S T U. Other,28,20,5,15,8,2,6
S01008185,All people aged 16 to 74 in employment,506,456,114,342,50,15,35
S01008185,A B D E. Agriculture energy and water,14,12,0,12,2,1,1
S01008185,C. Manufacturing,26,24,1,23,2,0,2
S01008185,F. Construction,38,25,3,22,13,3,10
S01008185,G I. Distribution hotels and restaurants,111,102,40,62,9,0,9
S01008185,H J. Transport and communication,21,18,1,17,3,1,2
S01008185,K L M N. Financial real estate professional and administrative activities,87,78,16,62,9,3,6
S01008185,O P Q. Public administration education and health,178,171,45,126,7,4,3
S01008185,R S T U. Other,31,26,8,18,5,3,2
S01008186,All people aged 16 to 74 in employment,326,287,61,226,39,12,27
S01008186,A B D E. Agriculture energy and water,11,11,0,11,0,0,0
S01008186,C. Manufacturing,12,11,2,9,1,0,1
S01008186,F. Construction,23,11,1,10,12,2,10
S01008186,G I. Distribution hotels and restaurants,63,60,20,40,3,0,3
S01008186,H J. Transport and communication,26,19,3,16,7,2,5
S01008186,K L M N. Financial real estate professional and administrative activities,63,55,5,50,8,4,4
S01008186,O P Q. Public administration education and health,115,109,29,80,6,3,3
S01008186,R S T U. Other,13,11,1,10,2,1,1
S01008187,All people aged 16 to 74 in employment,297,265,88,177,32,10,22
S01008187,A B D E. Agriculture energy and water,3,3,0,3,0,0,0
S01008187,C. Manufacturing,16,14,2,12,2,0,2
S01008187,F. Construction,26,18,0,18,8,1,7
S01008187,G I. Distribution hotels and restaurants,59,54,36,18,5,2,3
S01008187,H J. Transport and communication,27,19,3,16,8,2,6
S01008187,K L M N. Financial real estate professional and administrative activities,61,54,12,42,7,4,3
S01008187,O P Q. Public administration education and health,89,88,27,61,1,1,0
S01008187,R S T U. Other,16,15,8,7,1,0,1
S01008188,All people aged 16 to 74 in employment,387,349,113,236,38,12,26
S01008188,A B D E. Agriculture energy and water,3,3,0,3,0,0,0
S01008188,C. Manufacturing,23,18,1,17,5,1,4
S01008188,F. Construction,33,23,1,22,10,2,8
S01008188,G I. Distribution hotels and restaurants,96,88,47,41,8,3,5
S01008188,H J. Transport and communication,34,31,6,25,3,0,3
S01008188,K L M N. Financial real estate professional and administrative activities,64,58,17,41,6,3,3
S01008188,O P Q. Public administration education and health,110,107,34,73,3,2,1
S01008188,R S T U. Other,24,21,7,14,3,1,2
S01008189,All people aged 16 to 74 in employment,274,231,80,151,43,9,34
S01008189,A B D E. Agriculture energy and water,12,11,1,10,1,1,0
S01008189,C. Manufacturing,15,13,2,11,2,0,2
S01008189,F. Construction,22,12,0,12,10,0,10
S01008189,G I. Distribution hotels and restaurants,45,37,24,13,8,2,6
S01008189,H J. Transport and communication,19,14,2,12,5,2,3
S01008189,K L M N. Financial real estate professional and administrative activities,52,36,10,26,16,4,12
S01008189,O P Q. Public administration education and health,97,97,37,60,0,0,0
S01008189,R S T U. Other,12,11,4,7,1,0,1
S01008190,All people aged 16 to 74 in employment,402,364,131,233,38,10,28
S01008190,A B D E. Agriculture energy and water,8,7,1,6,1,0,1
S01008190,C. Manufacturing,19,19,0,19,0,0,0
S01008190,F. Construction,33,20,1,19,13,2,11
S01008190,G I. Distribution hotels and restaurants,105,100,45,55,5,1,4
S01008190,H J. Transport and communication,28,23,5,18,5,2,3
S01008190,K L M N. Financial real estate professional and administrative activities,60,58,18,40,2,0,2
S01008190,O P Q. Public administration education and health,117,111,49,62,6,3,3
S01008190,R S T U. Other,32,26,12,14,6,2,4
S01008191,All people aged 16 to 74 in employment,222,199,77,122,23,5,18
S01008191,A B D E. Agriculture energy and water,4,3,1,2,1,0,1
S01008191,C. Manufacturing,11,10,1,9,1,1,0
S01008191,F. Construction,19,12,2,10,7,0,7
S01008191,G I. Distribution hotels and restaurants,56,54,27,27,2,0,2
S01008191,H J. Transport and communication,8,7,3,4,1,0,1
S01008191,K L M N. Financial real estate professional and administrative activities,32,28,9,19,4,1,3
S01008191,O P Q. Public administration education and health,77,72,27,45,5,2,3
S01008191,R S T U. Other,15,13,7,6,2,1,1
S01008192,All people aged 16 to 74 in employment,432,394,109,285,38,14,24
S01008192,A B D E. Agriculture energy and water,27,26,3,23,1,0,1
S01008192,C. Manufacturing,16,14,1,13,2,1,1
S01008192,F. Construction,33,21,2,19,12,3,9
S01008192,G I. Distribution hotels and restaurants,90,84,40,44,6,4,2
S01008192,H J. Transport and communication,27,23,1,22,4,1,3
S01008192,K L M N. Financial real estate professional and administrative activities,88,81,15,66,7,3,4
S01008192,O P Q. Public administration education and health,134,133,43,90,1,1,0
S01008192,R S T U. Other,17,12,4,8,5,1,4
S01008193,All people aged 16 to 74 in employment,389,341,104,237,48,20,28
S01008193,A B D E. Agriculture energy and water,5,5,1,4,0,0,0
S01008193,C. Manufacturing,19,16,6,10,3,0,3
S01008193,F. Construction,25,16,0,16,9,4,5
S01008193,G I. Distribution hotels and restaurants,90,85,34,51,5,1,4
S01008193,H J. Transport and communication,27,22,3,19,5,0,5
S01008193,K L M N. Financial real estate professional and administrative activities,74,64,10,54,10,2,8
S01008193,O P Q. Public administration education and health,130,120,42,78,10,8,2
S01008193,R S T U. Other,19,13,8,5,6,5,1
S01008194,All people aged 16 to 74 in employment,296,267,82,185,29,5,24
S01008194,A B D E. Agriculture energy and water,8,8,0,8,0,0,0
S01008194,C. Manufacturing,15,14,1,13,1,1,0
S01008194,F. Construction,22,14,1,13,8,0,8
S01008194,G I. Distribution hotels and restaurants,64,58,27,31,6,1,5
S01008194,H J. Transport and communication,27,24,2,22,3,2,1
S01008194,K L M N. Financial real estate professional and administrative activities,48,42,8,34,6,0,6
S01008194,O P Q. Public administration education and health,98,93,36,57,5,1,4
S01008194,R S T U. Other,14,14,7,7,0,0,0
S01008195,All people aged 16 to 74 in employment,385,341,119,222,44,14,30
S01008195,A B D E. Agriculture energy and water,5,5,0,5,0,0,0
S01008195,C. Manufacturing,21,18,4,14,3,2,1
S01008195,F. Construction,39,27,3,24,12,2,10
S01008195,G I. Distribution hotels and restaurants,109,102,54,48,7,3,4
S01008195,H J. Transport and communication,20,15,3,12,5,1,4
S01008195,K L M N. Financial real estate professional and administrative activities,64,54,9,45,10,3,7
S01008195,O P Q. Public administration education and health,103,100,40,60,3,2,1
S01008195,R S T U. Other,24,20,6,14,4,1,3
S01008196,All people aged 16 to 74 in employment,355,320,111,209,35,11,24
S01008196,A B D E. Agriculture energy and water,17,16,1,15,1,0,1
S01008196,C. Manufacturing,19,19,2,17,0,0,0
S01008196,F. Construction,33,22,2,20,11,3,8
S01008196,G I. Distribution hotels and restaurants,103,97,43,54,6,1,5
S01008196,H J. Transport and communication,16,13,3,10,3,1,2
S01008196,K L M N. Financial real estate professional and administrative activities,46,44,7,37,2,2,0
S01008196,O P Q. Public administration education and health,95,89,42,47,6,0,6
S01008196,R S T U. Other,26,20,11,9,6,4,2
S01008197,All people aged 16 to 74 in employment,596,549,89,460,47,12,35
S01008197,A B D E. Agriculture energy and water,17,17,2,15,0,0,0
S01008197,C. Manufacturing,28,25,0,25,3,0,3
S01008197,F. Construction,55,46,0,46,9,1,8
S01008197,G I. Distribution hotels and restaurants,101,96,28,68,5,0,5
S01008197,H J. Transport and communication,39,28,1,27,11,1,10
S01008197,K L M N. Financial real estate professional and administrative activities,161,152,13,139,9,4,5
S01008197,O P Q. Public administration education and health,157,155,37,118,2,2,0
S01008197,R S T U. Other,38,30,8,22,8,4,4
S01008198,All people aged 16 to 74 in employment,318,292,87,205,26,8,18
S01008198,A B D E. Agriculture energy and water,7,7,1,6,0,0,0
S01008198,C. Manufacturing,21,20,3,17,1,0,1
S01008198,F. Construction,35,24,0,24,11,1,10
S01008198,G I. Distribution hotels and restaurants,82,79,42,37,3,1,2
S01008198,H J. Transport and communication,22,18,2,16,4,2,2
S01008198,K L M N. Financial real estate professional and administrative activities,43,43,7,36,0,0,0
S01008198,O P Q. Public administration education and health,88,83,28,55,5,3,2
S01008198,R S T U. Other,20,18,4,14,2,1,1
S01008199,All people aged 16 to 74 in employment,331,307,89,218,24,6,18
S01008199,A B D E. Agriculture energy and water,19,18,3,15,1,0,1
S01008199,C. Manufacturing,18,18,1,17,0,0,0
S01008199,F. Construction,32,24,2,22,8,1,7
S01008199,G I. Distribution hotels and restaurants,88,87,39,48,1,0,1
S01008199,H J. Transport and communication,31,25,3,22,6,0,6
S01008199,K L M N. Financial real estate professional and administrative activities,46,43,8,35,3,1,2
S01008199,O P Q. Public administration education and health,70,68,23,45,2,1,1
S01008199,R S T U. Other,27,24,10,14,3,3,0
S01008200,All people aged 16 to 74 in employment,249,225,71,154,24,8,16
S01008200,A B D E. Agriculture energy and water,10,9,1,8,1,1,0
S01008200,C. Manufacturing,9,8,1,7,1,0,1
S01008200,F. Construction,32,23,1,22,9,0,9
S01008200,G I. Distribution hotels and restaurants,67,62,31,31,5,2,3
S01008200,H J. Transport and communication,17,16,2,14,1,0,1
S01008200,K L M N. Financial real estate professional and administrative activities,32,29,5,24,3,3,0
S01008200,O P Q. Public administration education and health,70,70,26,44,0,0,0
S01008200,R S T U. Other,12,8,4,4,4,2,2
S01008201,All people aged 16 to 74 in employment,329,312,87,225,17,7,10
S01008201,A B D E. Agriculture energy and water,15,15,2,13,0,0,0
S01008201,C. Manufacturing,24,24,1,23,0,0,0
S01008201,F. Construction,23,21,2,19,2,0,2
S01008201,G I. Distribution hotels and restaurants,82,77,38,39,5,3,2
S01008201,H J. Transport and communication,31,30,3,27,1,0,1
S01008201,K L M N. Financial real estate professional and administrative activities,42,40,8,32,2,1,1
S01008201,O P Q. Public administration education and health,93,90,32,58,3,2,1
S01008201,R S T U. Other,19,15,1,14,4,1,3
S01008202,All people aged 16 to 74 in employment,269,247,61,186,22,2,20
S01008202,A B D E. Agriculture energy and water,3,3,0,3,0,0,0
S01008202,C. Manufacturing,13,11,0,11,2,0,2
S01008202,F. Construction,24,17,2,15,7,0,7
S01008202,G I. Distribution hotels and restaurants,45,44,18,26,1,0,1
S01008202,H J. Transport and communication,20,18,0,18,2,1,1
S01008202,K L M N. Financial real estate professional and administrative activities,64,58,9,49,6,1,5
S01008202,O P Q. Public administration education and health,83,82,25,57,1,0,1
S01008202,R S T U. Other,17,14,7,7,3,0,3
S01008203,All people aged 16 to 74 in employment,240,212,55,157,28,10,18
S01008203,A B D E. Agriculture energy and water,6,6,0,6,0,0,0
S01008203,C. Manufacturing,10,10,1,9,0,0,0
S01008203,F. Construction,35,28,1,27,7,0,7
S01008203,G I. Distribution hotels and restaurants,62,58,26,32,4,0,4
S01008203,H J. Transport and communication,12,10,0,10,2,1,1
S01008203,K L M N. Financial real estate professional and administrative activities,33,30,7,23,3,2,1
S01008203,O P Q. Public administration education and health,68,58,15,43,10,6,4
S01008203,R S T U. Other,14,12,5,7,2,1,1
S01008204,All people aged 16 to 74 in employment,339,299,80,219,40,10,30
S01008204,A B D E. Agriculture energy and water,13,11,0,11,2,1,1
S01008204,C. Manufacturing,16,14,0,14,2,0,2
S01008204,F. Construction,26,19,1,18,7,1,6
S01008204,G I. Distribution hotels and restaurants,65,55,22,33,10,2,8
S01008204,H J. Transport and communication,28,24,6,18,4,0,4
S01008204,K L M N. Financial real estate professional and administrative activities,57,52,9,43,5,1,4
S01008204,O P Q. Public administration education and health,108,105,35,70,3,1,2
S01008204,R S T U. Other,26,19,7,12,7,4,3
S01008205,All people aged 16 to 74 in employment,334,298,105,193,36,8,28
S01008205,A B D E. Agriculture energy and water,15,14,1,13,1,0,1
S01008205,C. Manufacturing,27,27,2,25,0,0,0
S01008205,F. Construction,33,23,2,21,10,1,9
S01008205,G I. Distribution hotels and restaurants,71,65,38,27,6,0,6
S01008205,H J. Transport and communication,33,28,5,23,5,1,4
S01008205,K L M N. Financial real estate professional and administrative activities,34,29,12,17,5,1,4
S01008205,O P Q. Public administration education and health,92,90,38,52,2,0,2
S01008205,R S T U. Other,29,22,7,15,7,5,2
S01008206,All people aged 16 to 74 in employment,292,261,80,181,31,11,20
S01008206,A B D E. Agriculture energy and water,6,6,1,5,0,0,0
S01008206,C. Manufacturing,16,16,2,14,0,0,0
S01008206,F. Construction,41,28,1,27,13,4,9
S01008206,G I. Distribution hotels and restaurants,64,60,27,33,4,0,4
S01008206,H J. Transport and communication,22,20,3,17,2,0,2
S01008206,K L M N. Financial real estate professional and administrative activities,38,35,9,26,3,2,1
S01008206,O P Q. Public administration education and health,88,84,30,54,4,3,1
S01008206,R S T U. Other,17,12,7,5,5,2,3
S01008207,All people aged 16 to 74 in employment,277,246,75,171,31,10,21
S01008207,A B D E. Agriculture energy and water,10,10,0,10,0,0,0
S01008207,C. Manufacturing,16,16,1,15,0,0,0
S01008207,F. Construction,37,26,4,22,11,2,9
S01008207,G I. Distribution hotels and restaurants,74,66,30,36,8,3,5
S01008207,H J. Transport and communication,19,17,4,13,2,1,1
S01008207,K L M N. Financial real estate professional and administrative activities,32,31,6,25,1,0,1
S01008207,O P Q. Public administration education and health,68,64,23,41,4,2,2
S01008207,R S T U. Other,21,16,7,9,5,2,3
S01008208,All people aged 16 to 74 in employment,474,432,90,342,42,9,33
S01008208,A B D E. Agriculture energy and water,17,17,0,17,0,0,0
S01008208,C. Manufacturing,23,22,2,20,1,1,0
S01008208,F. Construction,41,28,1,27,13,0,13
S01008208,G I. Distribution hotels and restaurants,84,78,34,44,6,2,4
S01008208,H J. Transport and communication,37,27,0,27,10,3,7
S01008208,K L M N. Financial real estate professional and administrative activities,100,94,12,82,6,3,3
S01008208,O P Q. Public administration education and health,143,140,36,104,3,0,3
S01008208,R S T U. Other,29,26,5,21,3,0,3
S01008209,All people aged 16 to 74 in employment,328,275,74,201,53,11,42
S01008209,A B D E. Agriculture energy and water,10,9,2,7,1,0,1
S01008209,C. Manufacturing,7,7,0,7,0,0,0
S01008209,F. Construction,34,18,1,17,16,3,13
S01008209,G I. Distribution hotels and restaurants,81,67,33,34,14,3,11
S01008209,H J. Transport and communication,20,15,1,14,5,1,4
S01008209,K L M N. Financial real estate professional and administrative activities,88,80,15,65,8,1,7
S01008209,O P Q. Public administration education and health,70,65,16,49,5,3,2
S01008209,R S T U. Other,18,14,6,8,4,0,4
S01008210,All people aged 16 to 74 in employment,456,396,111,285,60,21,39
S01008210,A B D E. Agriculture energy and water,27,23,1,22,4,0,4
S01008210,C. Manufacturing,29,26,3,23,3,1,2
S01008210,F. Construction,39,29,0,29,10,2,8
S01008210,G I. Distribution hotels and restaurants,87,78,38,40,9,2,7
S01008210,H J. Transport and communication,18,16,3,13,2,0,2
S01008210,K L M N. Financial real estate professional and administrative activities,74,66,12,54,8,2,6
S01008210,O P Q. Public administration education and health,138,125,36,89,13,6,7
S01008210,R S T U. Other,44,33,18,15,11,8,3
S01008211,All people aged 16 to 74 in employment,435,371,103,268,64,22,42
S01008211,A B D E. Agriculture energy and water,15,14,0,14,1,0,1
S01008211,C. Manufacturing,14,10,1,9,4,2,2
S01008211,F. Construction,34,23,0,23,11,2,9
S01008211,G I. Distribution hotels and restaurants,66,56,25,31,10,3,7
S01008211,H J. Transport and communication,29,25,2,23,4,3,1
S01008211,K L M N. Financial real estate professional and administrative activities,86,74,12,62,12,2,10
S01008211,O P Q. Public administration education and health,155,147,56,91,8,6,2
S01008211,R S T U. Other,36,22,7,15,14,4,10
S01008212,All people aged 16 to 74 in employment,341,305,96,209,36,6,30
S01008212,A B D E. Agriculture energy and water,16,11,3,8,5,0,5
S01008212,C. Manufacturing,24,23,2,21,1,0,1
S01008212,F. Construction,27,15,1,14,12,1,11
S01008212,G I. Distribution hotels and restaurants,60,55,20,35,5,0,5
S01008212,H J. Transport and communication,18,16,2,14,2,1,1
S01008212,K L M N. Financial real estate professional and administrative activities,68,63,21,42,5,2,3
S01008212,O P Q. Public administration education and health,117,114,41,73,3,0,3
S01008212,R S T U. Other,11,8,6,2,3,2,1
S01008213,All people aged 16 to 74 in employment,531,471,130,341,60,20,40
S01008213,A B D E. Agriculture energy and water,27,26,1,25,1,0,1
S01008213,C. Manufacturing,21,19,0,19,2,0,2
S01008213,F. Construction,43,28,3,25,15,3,12
S01008213,G I. Distribution hotels and restaurants,95,87,37,50,8,2,6
S01008213,H J. Transport and communication,45,38,3,35,7,2,5
S01008213,K L M N. Financial real estate professional and administrative activities,106,97,26,71,9,1,8
S01008213,O P Q. Public administration education and health,164,156,51,105,8,6,2
S01008213,R S T U. Other,30,20,9,11,10,6,4
S01008214,All people aged 16 to 74 in employment,289,257,81,176,32,10,22
S01008214,A B D E. Agriculture energy and water,16,11,0,11,5,0,5
S01008214,C. Manufacturing,22,20,1,19,2,1,1
S01008214,F. Construction,28,20,3,17,8,3,5
S01008214,G I. Distribution hotels and restaurants,54,52,26,26,2,0,2
S01008214,H J. Transport and communication,22,18,1,17,4,2,2
S01008214,K L M N. Financial real estate professional and administrative activities,29,26,9,17,3,0,3
S01008214,O P Q. Public administration education and health,93,90,32,58,3,1,2
S01008214,R S T U. Other,25,20,9,11,5,3,2
S01008215,All people aged 16 to 74 in employment,378,345,95,250,33,9,24
S01008215,A B D E. Agriculture energy and water,13,13,0,13,0,0,0
S01008215,C. Manufacturing,19,17,1,16,2,0,2
S01008215,F. Construction,29,19,0,19,10,2,8
S01008215,G I. Distribution hotels and restaurants,72,69,32,37,3,1,2
S01008215,H J. Transport and communication,21,19,1,18,2,0,2
S01008215,K L M N. Financial real estate professional and administrative activities,77,69,14,55,8,5,3
S01008215,O P Q. Public administration education and health,126,123,40,83,3,0,3
S01008215,R S T U. Other,21,16,7,9,5,1,4
S01008216,All people aged 16 to 74 in employment,292,254,76,178,38,8,30
S01008216,A B D E. Agriculture energy and water,15,13,1,12,2,1,1
S01008216,C. Manufacturing,17,14,1,13,3,0,3
S01008216,F. Construction,23,18,0,18,5,0,5
S01008216,G I. Distribution hotels and restaurants,50,40,20,20,10,1,9
S01008216,H J. Transport and communication,16,13,2,11,3,0,3
S01008216,K L M N. Financial real estate professional and administrative activities,60,54,14,40,6,2,4
S01008216,O P Q. Public administration education and health,94,92,32,60,2,0,2
S01008216,R S T U. Other,17,10,6,4,7,4,3
S01008217,All people aged 16 to 74 in employment,321,267,77,190,54,23,31
S01008217,A B D E. Agriculture energy and water,16,15,1,14,1,0,1
S01008217,C. Manufacturing,16,11,1,10,5,2,3
S01008217,F. Construction,17,12,2,10,5,1,4
S01008217,G I. Distribution hotels and restaurants,64,52,20,32,12,4,8
S01008217,H J. Transport and communication,9,8,0,8,1,0,1
S01008217,K L M N. Financial real estate professional and administrative activities,82,67,17,50,15,5,10
S01008217,O P Q. Public administration education and health,99,89,30,59,10,9,1
S01008217,R S T U. Other,18,13,6,7,5,2,3
S01008218,All people aged 16 to 74 in employment,645,547,147,400,98,25,73
S01008218,A B D E. Agriculture energy and water,17,15,1,14,2,1,1
S01008218,C. Manufacturing,34,30,1,29,4,1,3
S01008218,F. Construction,65,39,6,33,26,2,24
S01008218,G I. Distribution hotels and restaurants,115,95,44,51,20,4,16
S01008218,H J. Transport and communication,32,21,3,18,11,2,9
S01008218,K L M N. Financial real estate professional and administrative activities,145,127,22,105,18,6,12
S01008218,O P Q. Public administration education and health,208,198,67,131,10,6,4
S01008218,R S T U. Other,29,22,3,19,7,3,4
S01008219,All people aged 16 to 74 in employment,522,445,124,321,77,26,51
S01008219,A B D E. Agriculture energy and water,11,11,2,9,0,0,0
S01008219,C. Manufacturing,33,28,2,26,5,2,3
S01008219,F. Construction,68,43,7,36,25,4,21
S01008219,G I. Distribution hotels and restaurants,88,80,35,45,8,2,6
S01008219,H J. Transport and communication,41,29,4,25,12,2,10
S01008219,K L M N. Financial real estate professional and administrative activities,94,77,22,55,17,9,8
S01008219,O P Q. Public administration education and health,166,160,45,115,6,6,0
S01008219,R S T U. Other,21,17,7,10,4,1,3
S01008220,All people aged 16 to 74 in employment,265,240,81,159,25,4,21
S01008220,A B D E. Agriculture energy and water,19,19,1,18,0,0,0
S01008220,C. Manufacturing,13,13,0,13,0,0,0
S01008220,F. Construction,41,30,4,26,11,0,11
S01008220,G I. Distribution hotels and restaurants,61,56,34,22,5,1,4
S01008220,H J. Transport and communication,15,15,1,14,0,0,0
S01008220,K L M N. Financial real estate professional and administrative activities,33,28,10,18,5,3,2
S01008220,O P Q. Public administration education and health,75,72,28,44,3,0,3
S01008220,R S T U. Other,8,7,3,4,1,0,1
S01008221,All people aged 16 to 74 in employment,285,257,76,181,28,8,20
S01008221,A B D E. Agriculture energy and water,9,9,0,9,0,0,0
S01008221,C. Manufacturing,18,17,1,16,1,1,0
S01008221,F. Construction,30,23,2,21,7,0,7
S01008221,G I. Distribution hotels and restaurants,82,78,36,42,4,0,4
S01008221,H J. Transport and communication,18,16,2,14,2,0,2
S01008221,K L M N. Financial real estate professional and administrative activities,47,40,10,30,7,4,3
S01008221,O P Q. Public administration education and health,63,59,23,36,4,3,1
S01008221,R S T U. Other,18,15,2,13,3,0,3
S01008222,All people aged 16 to 74 in employment,240,221,71,150,19,4,15
S01008222,A B D E. Agriculture energy and water,8,8,0,8,0,0,0
S01008222,C. Manufacturing,16,16,2,14,0,0,0
S01008222,F. Construction,25,17,3,14,8,0,8
S01008222,G I. Distribution hotels and restaurants,59,55,26,29,4,1,3
S01008222,H J. Transport and communication,17,15,1,14,2,1,1
S01008222,K L M N. Financial real estate professional and administrative activities,39,38,14,24,1,1,0
S01008222,O P Q. Public administration education and health,61,60,21,39,1,0,1
S01008222,R S T U. Other,15,12,4,8,3,1,2
S01008223,All people aged 16 to 74 in employment,249,234,67,167,15,3,12
S01008223,A B D E. Agriculture energy and water,6,6,0,6,0,0,0
S01008223,C. Manufacturing,8,8,1,7,0,0,0
S01008223,F. Construction,21,19,0,19,2,0,2
S01008223,G I. Distribution hotels and restaurants,48,48,29,19,0,0,0
S01008223,H J. Transport and communication,20,16,1,15,4,0,4
S01008223,K L M N. Financial real estate professional and administrative activities,42,40,9,31,2,0,2
S01008223,O P Q. Public administration education and health,87,84,22,62,3,0,3
S01008223,R S T U. Other,17,13,5,8,4,3,1
S01008224,All people aged 16 to 74 in employment,552,502,141,361,50,16,34
S01008224,A B D E. Agriculture energy and water,18,17,0,17,1,1,0
S01008224,C. Manufacturing,23,21,2,19,2,0,2
S01008224,F. Construction,56,35,2,33,21,5,16
S01008224,G I. Distribution hotels and restaurants,103,100,42,58,3,1,2
S01008224,H J. Transport and communication,46,39,5,34,7,1,6
S01008224,K L M N. Financial real estate professional and administrative activities,100,97,21,76,3,3,0
S01008224,O P Q. Public administration education and health,177,170,60,110,7,1,6
S01008224,R S T U. Other,29,23,9,14,6,4,2
S01008225,All people aged 16 to 74 in employment,379,348,112,236,31,5,26
S01008225,A B D E. Agriculture energy and water,14,12,0,12,2,0,2
S01008225,C. Manufacturing,24,24,2,22,0,0,0
S01008225,F. Construction,35,25,1,24,10,1,9
S01008225,G I. Distribution hotels and restaurants,77,74,33,41,3,1,2
S01008225,H J. Transport and communication,21,13,1,12,8,0,8
S01008225,K L M N. Financial real estate professional and administrative activities,61,56,16,40,5,2,3
S01008225,O P Q. Public administration education and health,139,138,55,83,1,0,1
S01008225,R S T U. Other,8,6,4,2,2,1,1
S01008226,All people aged 16 to 74 in employment,321,291,98,193,30,8,22
S01008226,A B D E. Agriculture energy and water,4,4,0,4,0,0,0
S01008226,C. Manufacturing,19,16,4,12,3,0,3
S01008226,F. Construction,29,20,0,20,9,2,7
S01008226,G I. Distribution hotels and restaurants,72,68,34,34,4,1,3
S01008226,H J. Transport and communication,30,25,2,23,5,1,4
S01008226,K L M N. Financial real estate professional and administrative activities,60,55,14,41,5,2,3
S01008226,O P Q. Public administration education and health,85,85,38,47,0,0,0
S01008226,R S T U. Other,22,18,6,12,4,2,2
S01008227,All people aged 16 to 74 in employment,375,348,94,254,27,9,18
S01008227,A B D E. Agriculture energy and water,14,13,2,11,1,1,0
S01008227,C. Manufacturing,27,27,1,26,0,0,0
S01008227,F. Construction,40,29,1,28,11,1,10
S01008227,G I. Distribution hotels and restaurants,80,74,31,43,6,1,5
S01008227,H J. Transport and communication,30,26,3,23,4,3,1
S01008227,K L M N. Financial real estate professional and administrative activities,60,59,14,45,1,0,1
S01008227,O P Q. Public administration education and health,104,102,35,67,2,1,1
S01008227,R S T U. Other,20,18,7,11,2,2,0
S01008228,All people aged 16 to 74 in employment,339,289,86,203,50,8,42
S01008228,A B D E. Agriculture energy and water,6,6,0,6,0,0,0
S01008228,C. Manufacturing,19,16,3,13,3,0,3
S01008228,F. Construction,39,19,3,16,20,0,20
S01008228,G I. Distribution hotels and restaurants,70,64,34,30,6,0,6
S01008228,H J. Transport and communication,23,16,1,15,7,1,6
S01008228,K L M N. Financial real estate professional and administrative activities,66,60,15,45,6,3,3
S01008228,O P Q. Public administration education and health,97,92,22,70,5,2,3
S01008228,R S T U. Other,19,16,8,8,3,2,1
S01008229,All people aged 16 to 74 in employment,324,299,86,213,25,10,15
S01008229,A B D E. Agriculture energy and water,16,16,2,14,0,0,0
S01008229,C. Manufacturing,20,20,0,20,0,0,0
S01008229,F. Construction,29,17,0,17,12,1,11
S01008229,G I. Distribution hotels and restaurants,65,63,27,36,2,1,1
S01008229,H J. Transport and communication,18,16,2,14,2,1,1
S01008229,K L M N. Financial real estate professional and administrative activities,60,57,9,48,3,1,2
S01008229,O P Q. Public administration education and health,102,99,39,60,3,3,0
S01008229,R S T U. Other,14,11,7,4,3,3,0
S01008230,All people aged 16 to 74 in employment,488,427,103,324,61,18,43
S01008230,A B D E. Agriculture energy and water,12,11,1,10,1,0,1
S01008230,C. Manufacturing,28,25,3,22,3,1,2
S01008230,F. Construction,46,26,2,24,20,1,19
S01008230,G I. Distribution hotels and restaurants,90,85,34,51,5,1,4
S01008230,H J. Transport and communication,41,35,4,31,6,3,3
S01008230,K L M N. Financial real estate professional and administrative activities,103,97,16,81,6,0,6
S01008230,O P Q. Public administration education and health,144,132,35,97,12,8,4
S01008230,R S T U. Other,24,16,8,8,8,4,4
S01008231,All people aged 16 to 74 in employment,444,385,108,277,59,9,50
S01008231,A B D E. Agriculture energy and water,11,10,2,8,1,0,1
S01008231,C. Manufacturing,18,17,2,15,1,0,1
S01008231,F. Construction,71,45,2,43,26,4,22
S01008231,G I. Distribution hotels and restaurants,73,70,31,39,3,1,2
S01008231,H J. Transport and communication,34,21,1,20,13,0,13
S01008231,K L M N. Financial real estate professional and administrative activities,97,91,24,67,6,1,5
S01008231,O P Q. Public administration education and health,128,123,42,81,5,3,2
S01008231,R S T U. Other,12,8,4,4,4,0,4
S01008232,All people aged 16 to 74 in employment,390,355,87,268,35,2,33
S01008232,A B D E. Agriculture energy and water,13,13,1,12,0,0,0
S01008232,C. Manufacturing,15,15,1,14,0,0,0
S01008232,F. Construction,48,34,3,31,14,0,14
S01008232,G I. Distribution hotels and restaurants,74,69,26,43,5,0,5
S01008232,H J. Transport and communication,25,18,4,14,7,0,7
S01008232,K L M N. Financial real estate professional and administrative activities,88,82,16,66,6,2,4
S01008232,O P Q. Public administration education and health,110,108,27,81,2,0,2
S01008232,R S T U. Other,17,16,9,7,1,0,1
S01008233,All people aged 16 to 74 in employment,272,239,52,187,33,3,30
S01008233,A B D E. Agriculture energy and water,12,10,0,10,2,0,2
S01008233,C. Manufacturing,15,14,1,13,1,0,1
S01008233,F. Construction,26,16,2,14,10,1,9
S01008233,G I. Distribution hotels and restaurants,39,34,7,27,5,0,5
S01008233,H J. Transport and communication,11,10,2,8,1,0,1
S01008233,K L M N. Financial real estate professional and administrative activities,62,54,9,45,8,1,7
S01008233,O P Q. Public administration education and health,91,90,26,64,1,0,1
S01008233,R S T U. Other,16,11,5,6,5,1,4
S01008234,All people aged 16 to 74 in employment,173,155,41,114,18,2,16
S01008234,A B D E. Agriculture energy and water,4,4,1,3,0,0,0
S01008234,C. Manufacturing,12,10,2,8,2,0,2
S01008234,F. Construction,22,15,0,15,7,0,7
S01008234,G I. Distribution hotels and restaurants,33,29,12,17,4,1,3
S01008234,H J. Transport and communication,5,4,0,4,1,0,1
S01008234,K L M N. Financial real estate professional and administrative activities,27,27,7,20,0,0,0
S01008234,O P Q. Public administration education and health,57,56,17,39,1,0,1
S01008234,R S T U. Other,13,10,2,8,3,1,2
S01008235,All people aged 16 to 74 in employment,401,350,108,242,51,10,41
S01008235,A B D E. Agriculture energy and water,9,6,1,5,3,1,2
S01008235,C. Manufacturing,25,25,2,23,0,0,0
S01008235,F. Construction,60,42,1,41,18,1,17
S01008235,G I. Distribution hotels and restaurants,66,60,21,39,6,0,6
S01008235,H J. Transport and communication,25,21,6,15,4,0,4
S01008235,K L M N. Financial real estate professional and administrative activities,64,55,11,44,9,4,5
S01008235,O P Q. Public administration education and health,131,123,58,65,8,3,5
S01008235,R S T U. Other,21,18,8,10,3,1,2
S01008236,All people aged 16 to 74 in employment,414,345,93,252,69,17,52
S01008236,A B D E. Agriculture energy and water,13,12,3,9,1,0,1
S01008236,C. Manufacturing,26,20,3,17,6,1,5
S01008236,F. Construction,49,32,3,29,17,1,16
S01008236,G I. Distribution hotels and restaurants,66,53,21,32,13,3,10
S01008236,H J. Transport and communication,26,20,3,17,6,2,4
S01008236,K L M N. Financial real estate professional and administrative activities,81,66,6,60,15,5,10
S01008236,O P Q. Public administration education and health,130,123,49,74,7,3,4
S01008236,R S T U. Other,23,19,5,14,4,2,2
S01008237,All people aged 16 to 74 in employment,426,348,110,238,78,24,54
S01008237,A B D E. Agriculture energy and water,23,10,1,9,13,2,11
S01008237,C. Manufacturing,25,21,0,21,4,0,4
S01008237,F. Construction,34,22,1,21,12,3,9
S01008237,G I. Distribution hotels and restaurants,73,70,35,35,3,1,2
S01008237,H J. Transport and communication,23,14,4,10,9,2,7
S01008237,K L M N. Financial real estate professional and administrative activities,98,76,13,63,22,6,16
S01008237,O P Q. Public administration education and health,124,116,46,70,8,5,3
S01008237,R S T U. Other,26,19,10,9,7,5,2
S01008238,All people aged 16 to 74 in employment,342,307,92,215,35,7,28
S01008238,A B D E. Agriculture energy and water,22,20,1,19,2,0,2
S01008238,C. Manufacturing,25,24,2,22,1,0,1
S01008238,F. Construction,41,28,2,26,13,2,11
S01008238,G I. Distribution hotels and restaurants,72,64,36,28,8,2,6
S01008238,H J. Transport and communication,19,16,1,15,3,0,3
S01008238,K L M N. Financial real estate professional and administrative activities,56,51,11,40,5,3,2
S01008238,O P Q. Public administration education and health,95,94,37,57,1,0,1
S01008238,R S T U. Other,12,10,2,8,2,0,2
S01008239,All people aged 16 to 74 in employment,411,341,106,235,70,12,58
S01008239,A B D E. Agriculture energy and water,30,24,1,23,6,0,6
S01008239,C. Manufacturing,30,28,4,24,2,0,2
S01008239,F. Construction,50,25,2,23,25,2,23
S01008239,G I. Distribution hotels and restaurants,89,71,39,32,18,5,13
S01008239,H J. Transport and communication,23,21,1,20,2,0,2
S01008239,K L M N. Financial real estate professional and administrative activities,62,53,15,38,9,0,9
S01008239,O P Q. Public administration education and health,114,111,42,69,3,3,0
S01008239,R S T U. Other,13,8,2,6,5,2,3
S01008240,All people aged 16 to 74 in employment,398,336,90,246,62,21,41
S01008240,A B D E. Agriculture energy and water,20,13,1,12,7,0,7
S01008240,C. Manufacturing,24,23,1,22,1,0,1
S01008240,F. Construction,23,9,0,9,14,4,10
S01008240,G I. Distribution hotels and restaurants,74,62,30,32,12,4,8
S01008240,H J. Transport and communication,24,21,1,20,3,0,3
S01008240,K L M N. Financial real estate professional and administrative activities,81,68,15,53,13,6,7
S01008240,O P Q. Public administration education and health,132,123,37,86,9,6,3
S01008240,R S T U. Other,20,17,5,12,3,1,2
S01008241,All people aged 16 to 74 in employment,301,246,68,178,55,21,34
S01008241,A B D E. Agriculture energy and water,11,10,0,10,1,1,0
S01008241,C. Manufacturing,12,9,1,8,3,1,2
S01008241,F. Construction,24,17,1,16,7,4,3
S01008241,G I. Distribution hotels and restaurants,41,28,17,11,13,2,11
S01008241,H J. Transport and communication,9,8,1,7,1,0,1
S01008241,K L M N. Financial real estate professional and administrative activities,56,43,5,38,13,6,7
S01008241,O P Q. Public administration education and health,125,113,37,76,12,4,8
S01008241,R S T U. Other,23,18,6,12,5,3,2
S01008242,All people aged 16 to 74 in employment,383,311,99,212,72,23,49
S01008242,A B D E. Agriculture energy and water,10,7,0,7,3,1,2
S01008242,C. Manufacturing,15,13,1,12,2,0,2
S01008242,F. Construction,35,23,2,21,12,0,12
S01008242,G I. Distribution hotels and restaurants,67,57,28,29,10,4,6
S01008242,H J. Transport and communication,21,16,3,13,5,1,4
S01008242,K L M N. Financial real estate professional and administrative activities,73,56,13,43,17,5,12
S01008242,O P Q. Public administration education and health,131,120,44,76,11,6,5
S01008242,R S T U. Other,31,19,8,11,12,6,6
S01008243,All people aged 16 to 74 in employment,460,355,101,254,105,36,69
S01008243,A B D E. Agriculture energy and water,38,26,5,21,12,2,10
S01008243,C. Manufacturing,29,24,2,22,5,1,4
S01008243,F. Construction,27,17,1,16,10,3,7
S01008243,G I. Distribution hotels and restaurants,51,39,13,26,12,5,7
S01008243,H J. Transport and communication,25,17,2,15,8,1,7
S01008243,K L M N. Financial real estate professional and administrative activities,115,90,15,75,25,6,19
S01008243,O P Q. Public administration education and health,136,115,45,70,21,12,9
S01008243,R S T U. Other,39,27,18,9,12,6,6
S01008244,All people aged 16 to 74 in employment,242,182,54,128,60,32,28
S01008244,A B D E. Agriculture energy and water,4,4,2,2,0,0,0
S01008244,C. Manufacturing,9,8,0,8,1,1,0
S01008244,F. Construction,15,9,1,8,6,0,6
S01008244,G I. Distribution hotels and restaurants,35,24,12,12,11,4,7
S01008244,H J. Transport and communication,14,9,2,7,5,3,2
S01008244,K L M N. Financial real estate professional and administrative activities,57,41,12,29,16,8,8
S01008244,O P Q. Public administration education and health,81,68,20,48,13,8,5
S01008244,R S T U. Other,27,19,5,14,8,8,0
S01008245,All people aged 16 to 74 in employment,507,410,120,290,97,42,55
S01008245,A B D E. Agriculture energy and water,19,12,2,10,7,1,6
S01008245,C. Manufacturing,21,19,1,18,2,0,2
S01008245,F. Construction,39,27,3,24,12,1,11
S01008245,G I. Distribution hotels and restaurants,76,62,20,42,14,8,6
S01008245,H J. Transport and communication,35,25,3,22,10,3,7
S01008245,K L M N. Financial real estate professional and administrative activities,103,81,20,61,22,10,12
S01008245,O P Q. Public administration education and health,181,162,62,100,19,11,8
S01008245,R S T U. Other,33,22,9,13,11,8,3
S01008246,All people aged 16 to 74 in employment,524,418,124,294,106,38,68
S01008246,A B D E. Agriculture energy and water,33,22,3,19,11,1,10
S01008246,C. Manufacturing,24,21,2,19,3,1,2
S01008246,F. Construction,29,14,3,11,15,2,13
S01008246,G I. Distribution hotels and restaurants,66,51,21,30,15,6,9
S01008246,H J. Transport and communication,37,28,9,19,9,2,7
S01008246,K L M N. Financial real estate professional and administrative activities,130,105,28,77,25,12,13
S01008246,O P Q. Public administration education and health,169,154,50,104,15,7,8
S01008246,R S T U. Other,36,23,8,15,13,7,6
S01008247,All people aged 16 to 74 in employment,434,321,86,235,113,40,73
S01008247,A B D E. Agriculture energy and water,33,20,3,17,13,4,9
S01008247,C. Manufacturing,30,20,2,18,10,4,6
S01008247,F. Construction,33,17,3,14,16,3,13
S01008247,G I. Distribution hotels and restaurants,71,50,21,29,21,5,16
S01008247,H J. Transport and communication,28,22,3,19,6,3,3
S01008247,K L M N. Financial real estate professional and administrative activities,87,61,14,47,26,9,17
S01008247,O P Q. Public administration education and health,115,107,32,75,8,6,2
S01008247,R S T U. Other,37,24,8,16,13,6,7
S01008248,All people aged 16 to 74 in employment,424,327,102,225,97,25,72
S01008248,A B D E. Agriculture energy and water,50,28,5,23,22,4,18
S01008248,C. Manufacturing,27,22,1,21,5,2,3
S01008248,F. Construction,32,19,3,16,13,1,12
S01008248,G I. Distribution hotels and restaurants,55,49,26,23,6,2,4
S01008248,H J. Transport and communication,19,16,1,15,3,0,3
S01008248,K L M N. Financial real estate professional and administrative activities,80,55,8,47,25,5,20
S01008248,O P Q. Public administration education and health,132,112,46,66,20,10,10
S01008248,R S T U. Other,29,26,12,14,3,1,2
S01008249,All people aged 16 to 74 in employment,445,325,87,238,120,36,84
S01008249,A B D E. Agriculture energy and water,58,38,4,34,20,5,15
S01008249,C. Manufacturing,20,12,1,11,8,5,3
S01008249,F. Construction,37,20,1,19,17,3,14
S01008249,G I. Distribution hotels and restaurants,56,45,16,29,11,3,8
S01008249,H J. Transport and communication,25,16,3,13,9,2,7
S01008249,K L M N. Financial real estate professional and administrative activities,93,64,10,54,29,7,22
S01008249,O P Q. Public administration education and health,125,110,43,67,15,7,8
S01008249,R S T U. Other,31,20,9,11,11,4,7
S01008250,All people aged 16 to 74 in employment,533,401,118,283,132,36,96
S01008250,A B D E. Agriculture energy and water,48,31,3,28,17,1,16
S01008250,C. Manufacturing,24,17,2,15,7,4,3
S01008250,F. Construction,37,21,2,19,16,4,12
S01008250,G I. Distribution hotels and restaurants,73,56,25,31,17,3,14
S01008250,H J. Transport and communication,33,17,5,12,16,5,11
S01008250,K L M N. Financial real estate professional and administrative activities,140,107,25,82,33,9,24
S01008250,O P Q. Public administration education and health,147,129,47,82,18,8,10
S01008250,R S T U. Other,31,23,9,14,8,2,6
S01008251,All people aged 16 to 74 in employment,381,325,122,203,56,15,41
S01008251,A B D E. Agriculture energy and water,17,15,3,12,2,0,2
S01008251,C. Manufacturing,18,17,2,15,1,0,1
S01008251,F. Construction,18,10,2,8,8,1,7
S01008251,G I. Distribution hotels and restaurants,57,46,28,18,11,0,11
S01008251,H J. Transport and communication,28,20,3,17,8,2,6
S01008251,K L M N. Financial real estate professional and administrative activities,92,76,15,61,16,7,9
S01008251,O P Q. Public administration education and health,127,122,61,61,5,1,4
S01008251,R S T U. Other,24,19,8,11,5,4,1
S01008252,All people aged 16 to 74 in employment,406,348,124,224,58,16,42
S01008252,A B D E. Agriculture energy and water,23,20,1,19,3,0,3
S01008252,C. Manufacturing,21,16,3,13,5,2,3
S01008252,F. Construction,28,20,3,17,8,0,8
S01008252,G I. Distribution hotels and restaurants,83,70,48,22,13,2,11
S01008252,H J. Transport and communication,24,20,1,19,4,0,4
S01008252,K L M N. Financial real estate professional and administrative activities,69,52,10,42,17,10,7
S01008252,O P Q. Public administration education and health,140,135,51,84,5,0,5
S01008252,R S T U. Other,18,15,7,8,3,2,1
S01008253,All people aged 16 to 74 in employment,352,315,89,226,37,5,32
S01008253,A B D E. Agriculture energy and water,22,22,0,22,0,0,0
S01008253,C. Manufacturing,21,21,1,20,0,0,0
S01008253,F. Construction,36,22,2,20,14,0,14
S01008253,G I. Distribution hotels and restaurants,61,54,21,33,7,0,7
S01008253,H J. Transport and communication,29,25,4,21,4,2,2
S01008253,K L M N. Financial real estate professional and administrative activities,33,26,8,18,7,0,7
S01008253,O P Q. Public administration education and health,129,126,46,80,3,1,2
S01008253,R S T U. Other,21,19,7,12,2,2,0
S01008254,All people aged 16 to 74 in employment,441,393,106,287,48,18,30
S01008254,A B D E. Agriculture energy and water,17,17,3,14,0,0,0
S01008254,C. Manufacturing,36,34,1,33,2,1,1
S01008254,F. Construction,43,33,0,33,10,1,9
S01008254,G I. Distribution hotels and restaurants,81,74,33,41,7,1,6
S01008254,H J. Transport and communication,37,30,1,29,7,4,3
S01008254,K L M N. Financial real estate professional and administrative activities,53,44,13,31,9,4,5
S01008254,O P Q. Public administration education and health,153,146,52,94,7,5,2
S01008254,R S T U. Other,21,15,3,12,6,2,4
S01008255,All people aged 16 to 74 in employment,359,306,91,215,53,14,39
S01008255,A B D E. Agriculture energy and water,15,15,1,14,0,0,0
S01008255,C. Manufacturing,23,22,2,20,1,1,0
S01008255,F. Construction,35,22,1,21,13,4,9
S01008255,G I. Distribution hotels and restaurants,66,59,29,30,7,1,6
S01008255,H J. Transport and communication,16,15,2,13,1,0,1
S01008255,K L M N. Financial real estate professional and administrative activities,46,26,8,18,20,4,16
S01008255,O P Q. Public administration education and health,134,125,38,87,9,3,6
S01008255,R S T U. Other,24,22,10,12,2,1,1
S01008256,All people aged 16 to 74 in employment,400,341,109,232,59,20,39
S01008256,A B D E. Agriculture energy and water,20,17,1,16,3,1,2
S01008256,C. Manufacturing,28,24,4,20,4,1,3
S01008256,F. Construction,39,27,3,24,12,1,11
S01008256,G I. Distribution hotels and restaurants,82,73,39,34,9,2,7
S01008256,H J. Transport and communication,29,21,2,19,8,2,6
S01008256,K L M N. Financial real estate professional and administrative activities,68,54,14,40,14,8,6
S01008256,O P Q. Public administration education and health,102,99,40,59,3,1,2
S01008256,R S T U. Other,32,26,6,20,6,4,2
S01008257,All people aged 16 to 74 in employment,256,204,59,145,52,17,35
S01008257,A B D E. Agriculture energy and water,15,12,1,11,3,0,3
S01008257,C. Manufacturing,12,11,2,9,1,1,0
S01008257,F. Construction,23,14,0,14,9,3,6
S01008257,G I. Distribution hotels and restaurants,49,39,19,20,10,4,6
S01008257,H J. Transport and communication,15,10,2,8,5,0,5
S01008257,K L M N. Financial real estate professional and administrative activities,43,28,5,23,15,7,8
S01008257,O P Q. Public administration education and health,75,70,22,48,5,2,3
S01008257,R S T U. Other,24,20,8,12,4,0,4
S01008258,All people aged 16 to 74 in employment,477,427,102,325,50,13,37
S01008258,A B D E. Agriculture energy and water,30,28,0,28,2,1,1
S01008258,C. Manufacturing,26,24,2,22,2,0,2
S01008258,F. Construction,32,25,3,22,7,0,7
S01008258,G I. Distribution hotels and restaurants,101,89,33,56,12,3,9
S01008258,H J. Transport and communication,26,20,0,20,6,1,5
S01008258,K L M N. Financial real estate professional and administrative activities,77,72,13,59,5,0,5
S01008258,O P Q. Public administration education and health,158,150,42,108,8,4,4
S01008258,R S T U. Other,27,19,9,10,8,4,4
S01008259,All people aged 16 to 74 in employment,392,320,91,229,72,19,53
S01008259,A B D E. Agriculture energy and water,17,17,1,16,0,0,0
S01008259,C. Manufacturing,27,24,0,24,3,0,3
S01008259,F. Construction,24,13,2,11,11,4,7
S01008259,G I. Distribution hotels and restaurants,77,66,30,36,11,0,11
S01008259,H J. Transport and communication,18,15,1,14,3,0,3
S01008259,K L M N. Financial real estate professional and administrative activities,73,52,11,41,21,3,18
S01008259,O P Q. Public administration education and health,128,116,41,75,12,4,8
S01008259,R S T U. Other,28,17,5,12,11,8,3
S01008260,All people aged 16 to 74 in employment,388,354,94,260,34,12,22
S01008260,A B D E. Agriculture energy and water,19,18,1,17,1,0,1
S01008260,C. Manufacturing,34,32,3,29,2,1,1
S01008260,F. Construction,28,19,2,17,9,1,8
S01008260,G I. Distribution hotels and restaurants,76,73,25,48,3,1,2
S01008260,H J. Transport and communication,17,14,4,10,3,1,2
S01008260,K L M N. Financial real estate professional and administrative activities,51,45,7,38,6,3,3
S01008260,O P Q. Public administration education and health,135,131,46,85,4,2,2
S01008260,R S T U. Other,28,22,6,16,6,3,3
S01008261,All people aged 16 to 74 in employment,437,384,126,258,53,21,32
S01008261,A B D E. Agriculture energy and water,21,19,1,18,2,0,2
S01008261,C. Manufacturing,34,32,1,31,2,0,2
S01008261,F. Construction,47,34,2,32,13,2,11
S01008261,G I. Distribution hotels and restaurants,100,92,52,40,8,2,6
S01008261,H J. Transport and communication,28,24,5,19,4,2,2
S01008261,K L M N. Financial real estate professional and administrative activities,47,35,9,26,12,7,5
S01008261,O P Q. Public administration education and health,139,132,50,82,7,4,3
S01008261,R S T U. Other,21,16,6,10,5,4,1
S01008262,All people aged 16 to 74 in employment,333,248,81,167,85,25,60
S01008262,A B D E. Agriculture energy and water,51,35,5,30,16,2,14
S01008262,C. Manufacturing,12,10,2,8,2,0,2
S01008262,F. Construction,17,8,0,8,9,2,7
S01008262,G I. Distribution hotels and restaurants,52,43,23,20,9,5,4
S01008262,H J. Transport and communication,11,9,1,8,2,0,2
S01008262,K L M N. Financial real estate professional and administrative activities,53,29,6,23,24,2,22
S01008262,O P Q. Public administration education and health,112,96,42,54,16,9,7
S01008262,R S T U. Other,25,18,2,16,7,5,2
S01008263,All people aged 16 to 74 in employment,286,222,58,164,64,18,46
S01008263,A B D E. Agriculture energy and water,13,9,0,9,4,1,3
S01008263,C. Manufacturing,11,8,1,7,3,1,2
S01008263,F. Construction,12,6,1,5,6,0,6
S01008263,G I. Distribution hotels and restaurants,58,47,24,23,11,1,10
S01008263,H J. Transport and communication,11,10,3,7,1,0,1
S01008263,K L M N. Financial real estate professional and administrative activities,71,49,5,44,22,9,13
S01008263,O P Q. Public administration education and health,84,72,21,51,12,4,8
S01008263,R S T U. Other,26,21,3,18,5,2,3
S01008264,All people aged 16 to 74 in employment,344,303,97,206,41,15,26
S01008264,A B D E. Agriculture energy and water,15,15,2,13,0,0,0
S01008264,C. Manufacturing,17,17,2,15,0,0,0
S01008264,F. Construction,29,18,4,14,11,2,9
S01008264,G I. Distribution hotels and restaurants,64,57,20,37,7,3,4
S01008264,H J. Transport and communication,24,19,3,16,5,3,2
S01008264,K L M N. Financial real estate professional and administrative activities,55,46,9,37,9,3,6
S01008264,O P Q. Public administration education and health,115,108,48,60,7,3,4
S01008264,R S T U. Other,25,23,9,14,2,1,1
S01008265,All people aged 16 to 74 in employment,278,217,54,163,61,24,37
S01008265,A B D E. Agriculture energy and water,13,12,0,12,1,0,1
S01008265,C. Manufacturing,13,5,1,4,8,1,7
S01008265,F. Construction,14,8,0,8,6,2,4
S01008265,G I. Distribution hotels and restaurants,39,32,11,21,7,2,5
S01008265,H J. Transport and communication,13,10,1,9,3,2,1
S01008265,K L M N. Financial real estate professional and administrative activities,82,57,7,50,25,11,14
S01008265,O P Q. Public administration education and health,75,69,23,46,6,5,1
S01008265,R S T U. Other,29,24,11,13,5,1,4
S01008266,All people aged 16 to 74 in employment,282,206,64,142,76,29,47
S01008266,A B D E. Agriculture energy and water,9,8,0,8,1,0,1
S01008266,C. Manufacturing,6,4,0,4,2,0,2
S01008266,F. Construction,16,9,0,9,7,1,6
S01008266,G I. Distribution hotels and restaurants,40,29,18,11,11,5,6
S01008266,H J. Transport and communication,13,8,2,6,5,2,3
S01008266,K L M N. Financial real estate professional and administrative activities,85,57,10,47,28,10,18
S01008266,O P Q. Public administration education and health,89,74,28,46,15,8,7
S01008266,R S T U. Other,24,17,6,11,7,3,4
S01008267,All people aged 16 to 74 in employment,406,310,92,218,96,30,66
S01008267,A B D E. Agriculture energy and water,26,16,4,12,10,4,6
S01008267,C. Manufacturing,18,13,3,10,5,1,4
S01008267,F. Construction,33,19,3,16,14,5,9
S01008267,G I. Distribution hotels and restaurants,73,60,19,41,13,4,9
S01008267,H J. Transport and communication,23,17,2,15,6,1,5
S01008267,K L M N. Financial real estate professional and administrative activities,96,67,16,51,29,8,21
S01008267,O P Q. Public administration education and health,110,99,38,61,11,3,8
S01008267,R S T U. Other,27,19,7,12,8,4,4
S01008268,All people aged 16 to 74 in employment,365,254,70,184,111,42,69
S01008268,A B D E. Agriculture energy and water,10,7,0,7,3,1,2
S01008268,C. Manufacturing,9,7,0,7,2,0,2
S01008268,F. Construction,16,15,5,10,1,0,1
S01008268,G I. Distribution hotels and restaurants,67,47,15,32,20,6,14
S01008268,H J. Transport and communication,26,16,0,16,10,2,8
S01008268,K L M N. Financial real estate professional and administrative activities,110,65,10,55,45,20,25
S01008268,O P Q. Public administration education and health,105,83,34,49,22,9,13
S01008268,R S T U. Other,22,14,6,8,8,4,4
S01008269,All people aged 16 to 74 in employment,283,230,75,155,53,20,33
S01008269,A B D E. Agriculture energy and water,8,7,0,7,1,0,1
S01008269,C. Manufacturing,19,16,0,16,3,1,2
S01008269,F. Construction,5,4,0,4,1,0,1
S01008269,G I. Distribution hotels and restaurants,42,32,21,11,10,4,6
S01008269,H J. Transport and communication,20,17,2,15,3,0,3
S01008269,K L M N. Financial real estate professional and administrative activities,68,47,8,39,21,10,11
S01008269,O P Q. Public administration education and health,97,90,36,54,7,4,3
S01008269,R S T U. Other,24,17,8,9,7,1,6
S01008270,All people aged 16 to 74 in employment,296,225,79,146,71,21,50
S01008270,A B D E. Agriculture energy and water,3,2,0,2,1,0,1
S01008270,C. Manufacturing,6,5,1,4,1,0,1
S01008270,F. Construction,20,8,1,7,12,2,10
S01008270,G I. Distribution hotels and restaurants,47,31,17,14,16,3,13
S01008270,H J. Transport and communication,16,8,0,8,8,4,4
S01008270,K L M N. Financial real estate professional and administrative activities,83,66,14,52,17,4,13
S01008270,O P Q. Public administration education and health,94,84,35,49,10,5,5
S01008270,R S T U. Other,27,21,11,10,6,3,3
S01008271,All people aged 16 to 74 in employment,318,246,62,184,72,22,50
S01008271,A B D E. Agriculture energy and water,16,11,1,10,5,1,4
S01008271,C. Manufacturing,7,7,3,4,0,0,0
S01008271,F. Construction,25,18,2,16,7,0,7
S01008271,G I. Distribution hotels and restaurants,77,61,21,40,16,3,13
S01008271,H J. Transport and communication,14,8,0,8,6,2,4
S01008271,K L M N. Financial real estate professional and administrative activities,63,45,6,39,18,9,9
S01008271,O P Q. Public administration education and health,85,76,20,56,9,4,5
S01008271,R S T U. Other,31,20,9,11,11,3,8
S01008272,All people aged 16 to 74 in employment,482,401,139,262,81,22,59
S01008272,A B D E. Agriculture energy and water,33,28,5,23,5,0,5
S01008272,C. Manufacturing,17,14,1,13,3,2,1
S01008272,F. Construction,28,17,3,14,11,0,11
S01008272,G I. Distribution hotels and restaurants,91,74,43,31,17,5,12
S01008272,H J. Transport and communication,35,26,6,20,9,1,8
S01008272,K L M N. Financial real estate professional and administrative activities,83,64,16,48,19,6,13
S01008272,O P Q. Public administration education and health,156,145,53,92,11,6,5
S01008272,R S T U. Other,39,33,12,21,6,2,4
S01008273,All people aged 16 to 74 in employment,367,298,102,196,69,32,37
S01008273,A B D E. Agriculture energy and water,15,14,2,12,1,0,1
S01008273,C. Manufacturing,21,21,2,19,0,0,0
S01008273,F. Construction,21,15,2,13,6,1,5
S01008273,G I. Distribution hotels and restaurants,65,53,30,23,12,3,9
S01008273,H J. Transport and communication,22,16,2,14,6,3,3
S01008273,K L M N. Financial real estate professional and administrative activities,83,63,17,46,20,9,11
S01008273,O P Q. Public administration education and health,109,100,39,61,9,6,3
S01008273,R S T U. Other,31,16,8,8,15,10,5
S01008274,All people aged 16 to 74 in employment,304,264,98,166,40,11,29
S01008274,A B D E. Agriculture energy and water,15,15,0,15,0,0,0
S01008274,C. Manufacturing,9,8,0,8,1,1,0
S01008274,F. Construction,28,18,1,17,10,0,10
S01008274,G I. Distribution hotels and restaurants,85,79,40,39,6,1,5
S01008274,H J. Transport and communication,20,14,1,13,6,2,4
S01008274,K L M N. Financial real estate professional and administrative activities,41,31,13,18,10,2,8
S01008274,O P Q. Public administration education and health,76,72,33,39,4,3,1
S01008274,R S T U. Other,30,27,10,17,3,2,1
S01008275,All people aged 16 to 74 in employment,258,192,60,132,66,29,37
S01008275,A B D E. Agriculture energy and water,11,11,1,10,0,0,0
S01008275,C. Manufacturing,12,10,0,10,2,1,1
S01008275,F. Construction,9,4,0,4,5,3,2
S01008275,G I. Distribution hotels and restaurants,43,32,16,16,11,3,8
S01008275,H J. Transport and communication,18,12,3,9,6,1,5
S01008275,K L M N. Financial real estate professional and administrative activities,69,40,9,31,29,10,19
S01008275,O P Q. Public administration education and health,67,60,25,35,7,6,1
S01008275,R S T U. Other,29,23,6,17,6,5,1
S01008276,All people aged 16 to 74 in employment,276,215,75,140,61,26,35
S01008276,A B D E. Agriculture energy and water,8,6,0,6,2,1,1
S01008276,C. Manufacturing,12,9,2,7,3,1,2
S01008276,F. Construction,13,6,0,6,7,3,4
S01008276,G I. Distribution hotels and restaurants,53,43,19,24,10,2,8
S01008276,H J. Transport and communication,12,7,1,6,5,1,4
S01008276,K L M N. Financial real estate professional and administrative activities,63,47,10,37,16,7,9
S01008276,O P Q. Public administration education and health,92,82,39,43,10,6,4
S01008276,R S T U. Other,23,15,4,11,8,5,3
S01008277,All people aged 16 to 74 in employment,264,170,59,111,94,35,59
S01008277,A B D E. Agriculture energy and water,24,9,1,8,15,2,13
S01008277,C. Manufacturing,18,8,1,7,10,2,8
S01008277,F. Construction,9,3,0,3,6,1,5
S01008277,G I. Distribution hotels and restaurants,43,31,14,17,12,6,6
S01008277,H J. Transport and communication,18,15,5,10,3,2,1
S01008277,K L M N. Financial real estate professional and administrative activities,51,29,7,22,22,6,16
S01008277,O P Q. Public administration education and health,77,60,28,32,17,11,6
S01008277,R S T U. Other,24,15,3,12,9,5,4
S01008278,All people aged 16 to 74 in employment,371,281,80,201,90,31,59
S01008278,A B D E. Agriculture energy and water,32,23,2,21,9,1,8
S01008278,C. Manufacturing,17,13,0,13,4,0,4
S01008278,F. Construction,13,9,0,9,4,0,4
S01008278,G I. Distribution hotels and restaurants,58,47,20,27,11,3,8
S01008278,H J. Transport and communication,18,13,2,11,5,1,4
S01008278,K L M N. Financial real estate professional and administrative activities,95,59,12,47,36,14,22
S01008278,O P Q. Public administration education and health,106,97,36,61,9,4,5
S01008278,R S T U. Other,32,20,8,12,12,8,4
S01008279,All people aged 16 to 74 in employment,335,281,73,208,54,24,30
S01008279,A B D E. Agriculture energy and water,26,24,1,23,2,1,1
S01008279,C. Manufacturing,17,13,1,12,4,1,3
S01008279,F. Construction,31,22,2,20,9,0,9
S01008279,G I. Distribution hotels and restaurants,54,45,23,22,9,3,6
S01008279,H J. Transport and communication,25,20,0,20,5,2,3
S01008279,K L M N. Financial real estate professional and administrative activities,53,40,10,30,13,7,6
S01008279,O P Q. Public administration education and health,110,106,33,73,4,4,0
S01008279,R S T U. Other,19,11,3,8,8,6,2
S01008280,All people aged 16 to 74 in employment,481,347,103,244,134,42,92
S01008280,A B D E. Agriculture energy and water,57,37,7,30,20,1,19
S01008280,C. Manufacturing,21,15,1,14,6,1,5
S01008280,F. Construction,34,19,2,17,15,4,11
S01008280,G I. Distribution hotels and restaurants,75,60,25,35,15,3,12
S01008280,H J. Transport and communication,33,23,4,19,10,2,8
S01008280,K L M N. Financial real estate professional and administrative activities,85,49,12,37,36,13,23
S01008280,O P Q. Public administration education and health,143,123,45,78,20,11,9
S01008280,R S T U. Other,33,21,7,14,12,7,5
S01008281,All people aged 16 to 74 in employment,394,299,72,227,95,25,70
S01008281,A B D E. Agriculture energy and water,67,40,7,33,27,4,23
S01008281,C. Manufacturing,29,23,5,18,6,1,5
S01008281,F. Construction,25,18,1,17,7,0,7
S01008281,G I. Distribution hotels and restaurants,53,43,12,31,10,1,9
S01008281,H J. Transport and communication,14,8,0,8,6,0,6
S01008281,K L M N. Financial real estate professional and administrative activities,71,54,9,45,17,9,8
S01008281,O P Q. Public administration education and health,112,104,34,70,8,5,3
S01008281,R S T U. Other,23,9,4,5,14,5,9
S01008282,All people aged 16 to 74 in employment,365,257,76,181,108,35,73
S01008282,A B D E. Agriculture energy and water,72,41,4,37,31,3,28
S01008282,C. Manufacturing,21,19,1,18,2,0,2
S01008282,F. Construction,29,12,0,12,17,4,13
S01008282,G I. Distribution hotels and restaurants,63,41,16,25,22,6,16
S01008282,H J. Transport and communication,18,13,2,11,5,4,1
S01008282,K L M N. Financial real estate professional and administrative activities,43,31,7,24,12,4,8
S01008282,O P Q. Public administration education and health,93,82,38,44,11,9,2
S01008282,R S T U. Other,26,18,8,10,8,5,3
S01008283,All people aged 16 to 74 in employment,278,229,73,156,49,14,35
S01008283,A B D E. Agriculture energy and water,24,17,2,15,7,1,6
S01008283,C. Manufacturing,19,16,0,16,3,1,2
S01008283,F. Construction,22,15,3,12,7,1,6
S01008283,G I. Distribution hotels and restaurants,36,30,18,12,6,0,6
S01008283,H J. Transport and communication,12,8,0,8,4,3,1
S01008283,K L M N. Financial real estate professional and administrative activities,55,45,15,30,10,3,7
S01008283,O P Q. Public administration education and health,97,89,33,56,8,4,4
S01008283,R S T U. Other,13,9,2,7,4,1,3
S01008284,All people aged 16 to 74 in employment,437,373,119,254,64,21,43
S01008284,A B D E. Agriculture energy and water,30,26,2,24,4,1,3
S01008284,C. Manufacturing,37,36,2,34,1,1,0
S01008284,F. Construction,38,22,2,20,16,4,12
S01008284,G I. Distribution hotels and restaurants,66,56,24,32,10,4,6
S01008284,H J. Transport and communication,24,21,3,18,3,0,3
S01008284,K L M N. Financial real estate professional and administrative activities,87,70,26,44,17,3,14
S01008284,O P Q. Public administration education and health,134,127,53,74,7,5,2
S01008284,R S T U. Other,21,15,7,8,6,3,3
S01008285,All people aged 16 to 74 in employment,316,274,107,167,42,11,31
S01008285,A B D E. Agriculture energy and water,25,23,4,19,2,0,2
S01008285,C. Manufacturing,29,28,1,27,1,1,0
S01008285,F. Construction,36,20,1,19,16,1,15
S01008285,G I. Distribution hotels and restaurants,71,66,40,26,5,0,5
S01008285,H J. Transport and communication,9,9,0,9,0,0,0
S01008285,K L M N. Financial real estate professional and administrative activities,54,40,16,24,14,6,8
S01008285,O P Q. Public administration education and health,86,83,44,39,3,2,1
S01008285,R S T U. Other,6,5,1,4,1,1,0
S01008286,All people aged 16 to 74 in employment,354,307,96,211,47,9,38
S01008286,A B D E. Agriculture energy and water,34,30,0,30,4,0,4
S01008286,C. Manufacturing,42,35,1,34,7,2,5
S01008286,F. Construction,44,29,2,27,15,4,11
S01008286,G I. Distribution hotels and restaurants,68,63,36,27,5,0,5
S01008286,H J. Transport and communication,19,15,1,14,4,1,3
S01008286,K L M N. Financial real estate professional and administrative activities,33,28,7,21,5,0,5
S01008286,O P Q. Public administration education and health,92,90,40,50,2,2,0
S01008286,R S T U. Other,22,17,9,8,5,0,5
S01008287,All people aged 16 to 74 in employment,376,333,109,224,43,16,27
S01008287,A B D E. Agriculture energy and water,33,30,4,26,3,1,2
S01008287,C. Manufacturing,28,23,3,20,5,2,3
S01008287,F. Construction,38,28,0,28,10,2,8
S01008287,G I. Distribution hotels and restaurants,55,47,30,17,8,3,5
S01008287,H J. Transport and communication,20,19,4,15,1,0,1
S01008287,K L M N. Financial real estate professional and administrative activities,41,36,10,26,5,3,2
S01008287,O P Q. Public administration education and health,133,126,52,74,7,2,5
S01008287,R S T U. Other,28,24,6,18,4,3,1
S01008288,All people aged 16 to 74 in employment,401,333,110,223,68,23,45
S01008288,A B D E. Agriculture energy and water,22,16,0,16,6,2,4
S01008288,C. Manufacturing,40,36,5,31,4,0,4
S01008288,F. Construction,22,13,0,13,9,2,7
S01008288,G I. Distribution hotels and restaurants,80,64,30,34,16,5,11
S01008288,H J. Transport and communication,21,16,5,11,5,0,5
S01008288,K L M N. Financial real estate professional and administrative activities,62,49,12,37,13,8,5
S01008288,O P Q. Public administration education and health,128,118,47,71,10,4,6
S01008288,R S T U. Other,26,21,11,10,5,2,3
S01008289,All people aged 16 to 74 in employment,342,290,76,214,52,16,36
S01008289,A B D E. Agriculture energy and water,30,23,2,21,7,0,7
S01008289,C. Manufacturing,42,39,1,38,3,1,2
S01008289,F. Construction,26,13,1,12,13,2,11
S01008289,G I. Distribution hotels and restaurants,81,72,38,34,9,3,6
S01008289,H J. Transport and communication,23,19,2,17,4,1,3
S01008289,K L M N. Financial real estate professional and administrative activities,40,30,3,27,10,7,3
S01008289,O P Q. Public administration education and health,88,85,28,57,3,1,2
S01008289,R S T U. Other,12,9,1,8,3,1,2
S01008290,All people aged 16 to 74 in employment,418,336,90,246,82,24,58
S01008290,A B D E. Agriculture energy and water,24,23,5,18,1,0,1
S01008290,C. Manufacturing,35,30,2,28,5,1,4
S01008290,F. Construction,29,15,0,15,14,3,11
S01008290,G I. Distribution hotels and restaurants,66,54,31,23,12,0,12
S01008290,H J. Transport and communication,22,18,3,15,4,1,3
S01008290,K L M N. Financial real estate professional and administrative activities,86,60,11,49,26,10,16
S01008290,O P Q. Public administration education and health,126,113,32,81,13,5,8
S01008290,R S T U. Other,30,23,6,17,7,4,3
S01008291,All people aged 16 to 74 in employment,315,291,72,219,24,2,22
S01008291,A B D E. Agriculture energy and water,44,41,2,39,3,0,3
S01008291,C. Manufacturing,33,33,0,33,0,0,0
S01008291,F. Construction,27,18,1,17,9,0,9
S01008291,G I. Distribution hotels and restaurants,47,42,24,18,5,0,5
S01008291,H J. Transport and communication,21,21,3,18,0,0,0
S01008291,K L M N. Financial real estate professional and administrative activities,41,36,4,32,5,1,4
S01008291,O P Q. Public administration education and health,93,91,33,58,2,1,1
S01008291,R S T U. Other,9,9,5,4,0,0,0
S01008292,All people aged 16 to 74 in employment,389,354,136,218,35,10,25
S01008292,A B D E. Agriculture energy and water,27,25,3,22,2,0,2
S01008292,C. Manufacturing,31,30,3,27,1,1,0
S01008292,F. Construction,20,15,2,13,5,0,5
S01008292,G I. Distribution hotels and restaurants,69,60,40,20,9,2,7
S01008292,H J. Transport and communication,28,24,2,22,4,0,4
S01008292,K L M N. Financial real estate professional and administrative activities,56,49,13,36,7,3,4
S01008292,O P Q. Public administration education and health,137,134,66,68,3,2,1
S01008292,R S T U. Other,21,17,7,10,4,2,2
S01008293,All people aged 16 to 74 in employment,297,256,79,177,41,9,32
S01008293,A B D E. Agriculture energy and water,18,16,1,15,2,1,1
S01008293,C. Manufacturing,20,17,1,16,3,1,2
S01008293,F. Construction,17,11,2,9,6,1,5
S01008293,G I. Distribution hotels and restaurants,48,37,16,21,11,2,9
S01008293,H J. Transport and communication,12,11,0,11,1,0,1
S01008293,K L M N. Financial real estate professional and administrative activities,72,61,18,43,11,1,10
S01008293,O P Q. Public administration education and health,99,95,36,59,4,3,1
S01008293,R S T U. Other,11,8,5,3,3,0,3
S01008294,All people aged 16 to 74 in employment,463,401,117,284,62,13,49
S01008294,A B D E. Agriculture energy and water,52,48,4,44,4,0,4
S01008294,C. Manufacturing,32,29,3,26,3,2,1
S01008294,F. Construction,31,18,1,17,13,1,12
S01008294,G I. Distribution hotels and restaurants,65,48,23,25,17,3,14
S01008294,H J. Transport and communication,30,27,6,21,3,1,2
S01008294,K L M N. Financial real estate professional and administrative activities,89,78,19,59,11,0,11
S01008294,O P Q. Public administration education and health,141,132,58,74,9,5,4
S01008294,R S T U. Other,23,21,3,18,2,1,1
S01008295,All people aged 16 to 74 in employment,553,518,153,365,35,11,24
S01008295,A B D E. Agriculture energy and water,11,9,0,9,2,1,1
S01008295,C. Manufacturing,43,41,2,39,2,0,2
S01008295,F. Construction,50,40,7,33,10,2,8
S01008295,G I. Distribution hotels and restaurants,100,96,43,53,4,1,3
S01008295,H J. Transport and communication,49,44,6,38,5,3,2
S01008295,K L M N. Financial real estate professional and administrative activities,90,86,23,63,4,0,4
S01008295,O P Q. Public administration education and health,177,171,55,116,6,4,2
S01008295,R S T U. Other,33,31,17,14,2,0,2
S01008296,All people aged 16 to 74 in employment,283,246,77,169,37,13,24
S01008296,A B D E. Agriculture energy and water,4,4,0,4,0,0,0
S01008296,C. Manufacturing,20,19,1,18,1,1,0
S01008296,F. Construction,39,28,2,26,11,0,11
S01008296,G I. Distribution hotels and restaurants,55,49,23,26,6,0,6
S01008296,H J. Transport and communication,19,15,0,15,4,1,3
S01008296,K L M N. Financial real estate professional and administrative activities,35,29,7,22,6,5,1
S01008296,O P Q. Public administration education and health,102,94,40,54,8,5,3
S01008296,R S T U. Other,9,8,4,4,1,1,0
S01008297,All people aged 16 to 74 in employment,393,352,104,248,41,13,28
S01008297,A B D E. Agriculture energy and water,9,8,4,4,1,0,1
S01008297,C. Manufacturing,27,27,0,27,0,0,0
S01008297,F. Construction,41,25,4,21,16,1,15
S01008297,G I. Distribution hotels and restaurants,57,53,21,32,4,2,2
S01008297,H J. Transport and communication,36,29,11,18,7,2,5
S01008297,K L M N. Financial real estate professional and administrative activities,63,59,10,49,4,3,1
S01008297,O P Q. Public administration education and health,141,135,46,89,6,3,3
S01008297,R S T U. Other,19,16,8,8,3,2,1
S01008298,All people aged 16 to 74 in employment,384,332,89,243,52,22,30
S01008298,A B D E. Agriculture energy and water,12,5,0,5,7,0,7
S01008298,C. Manufacturing,28,24,0,24,4,1,3
S01008298,F. Construction,32,24,1,23,8,0,8
S01008298,G I. Distribution hotels and restaurants,73,67,36,31,6,1,5
S01008298,H J. Transport and communication,37,31,2,29,6,2,4
S01008298,K L M N. Financial real estate professional and administrative activities,41,35,5,30,6,5,1
S01008298,O P Q. Public administration education and health,138,130,40,90,8,8,0
S01008298,R S T U. Other,23,16,5,11,7,5,2
S01008299,All people aged 16 to 74 in employment,278,245,74,171,33,12,21
S01008299,A B D E. Agriculture energy and water,7,6,0,6,1,0,1
S01008299,C. Manufacturing,23,22,2,20,1,1,0
S01008299,F. Construction,29,23,3,20,6,0,6
S01008299,G I. Distribution hotels and restaurants,57,51,25,26,6,2,4
S01008299,H J. Transport and communication,14,10,0,10,4,3,1
S01008299,K L M N. Financial real estate professional and administrative activities,51,41,10,31,10,4,6
S01008299,O P Q. Public administration education and health,88,85,32,53,3,1,2
S01008299,R S T U. Other,9,7,2,5,2,1,1
S01008300,All people aged 16 to 74 in employment,362,317,102,215,45,12,33
S01008300,A B D E. Agriculture energy and water,5,4,0,4,1,0,1
S01008300,C. Manufacturing,25,24,0,24,1,0,1
S01008300,F. Construction,33,25,3,22,8,1,7
S01008300,G I. Distribution hotels and restaurants,70,65,38,27,5,0,5
S01008300,H J. Transport and communication,29,23,5,18,6,3,3
S01008300,K L M N. Financial real estate professional and administrative activities,50,41,4,37,9,3,6
S01008300,O P Q. Public administration education and health,122,115,44,71,7,2,5
S01008300,R S T U. Other,28,20,8,12,8,3,5
S01008301,All people aged 16 to 74 in employment,463,410,115,295,53,11,42
S01008301,A B D E. Agriculture energy and water,18,9,1,8,9,2,7
S01008301,C. Manufacturing,42,39,0,39,3,1,2
S01008301,F. Construction,32,23,2,21,9,0,9
S01008301,G I. Distribution hotels and restaurants,74,72,35,37,2,0,2
S01008301,H J. Transport and communication,33,23,5,18,10,1,9
S01008301,K L M N. Financial real estate professional and administrative activities,82,76,15,61,6,1,5
S01008301,O P Q. Public administration education and health,159,148,47,101,11,3,8
S01008301,R S T U. Other,23,20,10,10,3,3,0
S01008302,All people aged 16 to 74 in employment,368,290,77,213,78,26,52
S01008302,A B D E. Agriculture energy and water,22,10,2,8,12,3,9
S01008302,C. Manufacturing,25,22,2,20,3,0,3
S01008302,F. Construction,27,20,2,18,7,0,7
S01008302,G I. Distribution hotels and restaurants,70,56,26,30,14,5,9
S01008302,H J. Transport and communication,22,16,0,16,6,3,3
S01008302,K L M N. Financial real estate professional and administrative activities,53,40,7,33,13,4,9
S01008302,O P Q. Public administration education and health,117,108,32,76,9,6,3
S01008302,R S T U. Other,32,18,6,12,14,5,9
S01008303,All people aged 16 to 74 in employment,275,248,59,189,27,6,21
S01008303,A B D E. Agriculture energy and water,4,3,1,2,1,0,1
S01008303,C. Manufacturing,19,18,1,17,1,0,1
S01008303,F. Construction,25,17,2,15,8,2,6
S01008303,G I. Distribution hotels and restaurants,56,50,17,33,6,1,5
S01008303,H J. Transport and communication,24,20,4,16,4,1,3
S01008303,K L M N. Financial real estate professional and administrative activities,42,37,5,32,5,1,4
S01008303,O P Q. Public administration education and health,94,92,25,67,2,1,1
S01008303,R S T U. Other,11,11,4,7,0,0,0
S01008304,All people aged 16 to 74 in employment,232,209,56,153,23,1,22
S01008304,A B D E. Agriculture energy and water,2,2,0,2,0,0,0
S01008304,C. Manufacturing,17,16,1,15,1,0,1
S01008304,F. Construction,13,9,1,8,4,0,4
S01008304,G I. Distribution hotels and restaurants,53,47,26,21,6,0,6
S01008304,H J. Transport and communication,12,10,3,7,2,0,2
S01008304,K L M N. Financial real estate professional and administrative activities,37,34,4,30,3,0,3
S01008304,O P Q. Public administration education and health,92,86,19,67,6,1,5
S01008304,R S T U. Other,6,5,2,3,1,0,1
S01008305,All people aged 16 to 74 in employment,429,394,117,277,35,11,24
S01008305,A B D E. Agriculture energy and water,6,4,0,4,2,0,2
S01008305,C. Manufacturing,44,42,1,41,2,1,1
S01008305,F. Construction,43,36,7,29,7,0,7
S01008305,G I. Distribution hotels and restaurants,77,73,40,33,4,0,4
S01008305,H J. Transport and communication,31,29,2,27,2,1,1
S01008305,K L M N. Financial real estate professional and administrative activities,65,59,12,47,6,2,4
S01008305,O P Q. Public administration education and health,145,138,47,91,7,5,2
S01008305,R S T U. Other,18,13,8,5,5,2,3
S01008306,All people aged 16 to 74 in employment,351,314,102,212,37,3,34
S01008306,A B D E. Agriculture energy and water,2,2,0,2,0,0,0
S01008306,C. Manufacturing,27,26,1,25,1,0,1
S01008306,F. Construction,34,25,2,23,9,0,9
S01008306,G I. Distribution hotels and restaurants,59,55,29,26,4,0,4
S01008306,H J. Transport and communication,40,28,4,24,12,0,12
S01008306,K L M N. Financial real estate professional and administrative activities,48,42,13,29,6,1,5
S01008306,O P Q. Public administration education and health,130,126,47,79,4,2,2
S01008306,R S T U. Other,11,10,6,4,1,0,1
S01008307,All people aged 16 to 74 in employment,313,283,79,204,30,11,19
S01008307,A B D E. Agriculture energy and water,6,5,1,4,1,0,1
S01008307,C. Manufacturing,34,33,4,29,1,0,1
S01008307,F. Construction,21,14,3,11,7,2,5
S01008307,G I. Distribution hotels and restaurants,60,57,28,29,3,1,2
S01008307,H J. Transport and communication,19,17,5,12,2,0,2
S01008307,K L M N. Financial real estate professional and administrative activities,70,63,11,52,7,4,3
S01008307,O P Q. Public administration education and health,95,88,24,64,7,3,4
S01008307,R S T U. Other,8,6,3,3,2,1,1
S01008308,All people aged 16 to 74 in employment,281,253,67,186,28,5,23
S01008308,A B D E. Agriculture energy and water,5,5,0,5,0,0,0
S01008308,C. Manufacturing,17,16,1,15,1,0,1
S01008308,F. Construction,18,12,1,11,6,2,4
S01008308,G I. Distribution hotels and restaurants,58,52,24,28,6,1,5
S01008308,H J. Transport and communication,15,12,2,10,3,0,3
S01008308,K L M N. Financial real estate professional and administrative activities,41,37,8,29,4,0,4
S01008308,O P Q. Public administration education and health,116,112,27,85,4,2,2
S01008308,R S T U. Other,11,7,4,3,4,0,4
S01008309,All people aged 16 to 74 in employment,273,254,70,184,19,4,15
S01008309,A B D E. Agriculture energy and water,7,7,2,5,0,0,0
S01008309,C. Manufacturing,20,19,2,17,1,0,1
S01008309,F. Construction,22,19,3,16,3,1,2
S01008309,G I. Distribution hotels and restaurants,79,73,32,41,6,1,5
S01008309,H J. Transport and communication,17,15,1,14,2,0,2
S01008309,K L M N. Financial real estate professional and administrative activities,33,29,5,24,4,1,3
S01008309,O P Q. Public administration education and health,83,81,20,61,2,1,1
S01008309,R S T U. Other,12,11,5,6,1,0,1
S01008310,All people aged 16 to 74 in employment,444,406,112,294,38,9,29
S01008310,A B D E. Agriculture energy and water,10,10,0,10,0,0,0
S01008310,C. Manufacturing,38,37,1,36,1,0,1
S01008310,F. Construction,30,25,1,24,5,1,4
S01008310,G I. Distribution hotels and restaurants,90,86,41,45,4,1,3
S01008310,H J. Transport and communication,36,26,3,23,10,2,8
S01008310,K L M N. Financial real estate professional and administrative activities,70,64,14,50,6,3,3
S01008310,O P Q. Public administration education and health,156,149,48,101,7,2,5
S01008310,R S T U. Other,14,9,4,5,5,0,5
S01008311,All people aged 16 to 74 in employment,187,175,41,134,12,4,8
S01008311,A B D E. Agriculture energy and water,0,0,0,0,0,0,0
S01008311,C. Manufacturing,16,16,0,16,0,0,0
S01008311,F. Construction,19,17,1,16,2,0,2
S01008311,G I. Distribution hotels and restaurants,34,34,16,18,0,0,0
S01008311,H J. Transport and communication,18,16,2,14,2,1,1
S01008311,K L M N. Financial real estate professional and administrative activities,33,28,4,24,5,2,3
S01008311,O P Q. Public administration education and health,56,54,14,40,2,0,2
S01008311,R S T U. Other,11,10,4,6,1,1,0
S01008312,All people aged 16 to 74 in employment,206,189,52,137,17,2,15
S01008312,A B D E. Agriculture energy and water,5,5,0,5,0,0,0
S01008312,C. Manufacturing,14,14,1,13,0,0,0
S01008312,F. Construction,20,16,2,14,4,0,4
S01008312,G I. Distribution hotels and restaurants,36,34,16,18,2,0,2
S01008312,H J. Transport and communication,13,12,5,7,1,0,1
S01008312,K L M N. Financial real estate professional and administrative activities,32,28,8,20,4,1,3
S01008312,O P Q. Public administration education and health,76,74,19,55,2,1,1
S01008312,R S T U. Other,10,6,1,5,4,0,4
S01008313,All people aged 16 to 74 in employment,338,307,89,218,31,8,23
S01008313,A B D E. Agriculture energy and water,15,14,0,14,1,0,1
S01008313,C. Manufacturing,15,15,2,13,0,0,0
S01008313,F. Construction,24,19,2,17,5,2,3
S01008313,G I. Distribution hotels and restaurants,78,74,34,40,4,0,4
S01008313,H J. Transport and communication,25,19,2,17,6,1,5
S01008313,K L M N. Financial real estate professional and administrative activities,56,48,14,34,8,1,7
S01008313,O P Q. Public administration education and health,111,109,33,76,2,2,0
S01008313,R S T U. Other,14,9,2,7,5,2,3
S01008314,All people aged 16 to 74 in employment,270,249,75,174,21,3,18
S01008314,A B D E. Agriculture energy and water,6,6,0,6,0,0,0
S01008314,C. Manufacturing,18,16,0,16,2,0,2
S01008314,F. Construction,16,11,1,10,5,0,5
S01008314,G I. Distribution hotels and restaurants,77,73,39,34,4,1,3
S01008314,H J. Transport and communication,18,15,5,10,3,0,3
S01008314,K L M N. Financial real estate professional and administrative activities,39,35,9,26,4,2,2
S01008314,O P Q. Public administration education and health,80,78,16,62,2,0,2
S01008314,R S T U. Other,16,15,5,10,1,0,1
S01008315,All people aged 16 to 74 in employment,317,288,62,226,29,7,22
S01008315,A B D E. Agriculture energy and water,6,6,0,6,0,0,0
S01008315,C. Manufacturing,33,30,2,28,3,1,2
S01008315,F. Construction,17,16,0,16,1,0,1
S01008315,G I. Distribution hotels and restaurants,73,68,21,47,5,1,4
S01008315,H J. Transport and communication,41,34,4,30,7,0,7
S01008315,K L M N. Financial real estate professional and administrative activities,43,36,4,32,7,3,4
S01008315,O P Q. Public administration education and health,93,91,28,63,2,1,1
S01008315,R S T U. Other,11,7,3,4,4,1,3
S01008316,All people aged 16 to 74 in employment,193,178,55,123,15,5,10
S01008316,A B D E. Agriculture energy and water,3,3,0,3,0,0,0
S01008316,C. Manufacturing,15,14,1,13,1,0,1
S01008316,F. Construction,10,9,0,9,1,0,1
S01008316,G I. Distribution hotels and restaurants,55,50,21,29,5,2,3
S01008316,H J. Transport and communication,24,23,1,22,1,1,0
S01008316,K L M N. Financial real estate professional and administrative activities,24,23,10,13,1,0,1
S01008316,O P Q. Public administration education and health,51,49,19,30,2,1,1
S01008316,R S T U. Other,11,7,3,4,4,1,3
S01008317,All people aged 16 to 74 in employment,354,317,78,239,37,7,30
S01008317,A B D E. Agriculture energy and water,12,11,0,11,1,0,1
S01008317,C. Manufacturing,23,21,2,19,2,0,2
S01008317,F. Construction,31,24,0,24,7,1,6
S01008317,G I. Distribution hotels and restaurants,75,70,31,39,5,2,3
S01008317,H J. Transport and communication,39,31,5,26,8,1,7
S01008317,K L M N. Financial real estate professional and administrative activities,47,41,10,31,6,2,4
S01008317,O P Q. Public administration education and health,107,103,27,76,4,1,3
S01008317,R S T U. Other,20,16,3,13,4,0,4
S01008318,All people aged 16 to 74 in employment,486,422,112,310,64,15,49
S01008318,A B D E. Agriculture energy and water,14,9,2,7,5,1,4
S01008318,C. Manufacturing,36,34,2,32,2,0,2
S01008318,F. Construction,36,22,1,21,14,4,10
S01008318,G I. Distribution hotels and restaurants,79,69,36,33,10,1,9
S01008318,H J. Transport and communication,52,39,4,35,13,2,11
S01008318,K L M N. Financial real estate professional and administrative activities,77,69,15,54,8,3,5
S01008318,O P Q. Public administration education and health,171,166,49,117,5,2,3
S01008318,R S T U. Other,21,14,3,11,7,2,5
S01008319,All people aged 16 to 74 in employment,311,284,84,200,27,3,24
S01008319,A B D E. Agriculture energy and water,5,5,0,5,0,0,0
S01008319,C. Manufacturing,28,27,1,26,1,0,1
S01008319,F. Construction,23,16,1,15,7,0,7
S01008319,G I. Distribution hotels and restaurants,67,65,33,32,2,0,2
S01008319,H J. Transport and communication,39,31,6,25,8,2,6
S01008319,K L M N. Financial real estate professional and administrative activities,35,32,12,20,3,0,3
S01008319,O P Q. Public administration education and health,95,91,28,63,4,1,3
S01008319,R S T U. Other,19,17,3,14,2,0,2
S01008320,All people aged 16 to 74 in employment,267,239,73,166,28,7,21
S01008320,A B D E. Agriculture energy and water,6,6,0,6,0,0,0
S01008320,C. Manufacturing,19,19,1,18,0,0,0
S01008320,F. Construction,26,20,2,18,6,0,6
S01008320,G I. Distribution hotels and restaurants,48,47,28,19,1,0,1
S01008320,H J. Transport and communication,26,17,2,15,9,2,7
S01008320,K L M N. Financial real estate professional and administrative activities,31,28,3,25,3,1,2
S01008320,O P Q. Public administration education and health,95,89,32,57,6,3,3
S01008320,R S T U. Other,16,13,5,8,3,1,2
S01008321,All people aged 16 to 74 in employment,303,272,73,199,31,7,24
S01008321,A B D E. Agriculture energy and water,6,6,0,6,0,0,0
S01008321,C. Manufacturing,31,28,3,25,3,1,2
S01008321,F. Construction,30,21,1,20,9,1,8
S01008321,G I. Distribution hotels and restaurants,53,48,23,25,5,0,5
S01008321,H J. Transport and communication,14,11,3,8,3,0,3
S01008321,K L M N. Financial real estate professional and administrative activities,35,32,6,26,3,1,2
S01008321,O P Q. Public administration education and health,117,110,30,80,7,4,3
S01008321,R S T U. Other,17,16,7,9,1,0,1
S01008322,All people aged 16 to 74 in employment,473,435,120,315,38,7,31
S01008322,A B D E. Agriculture energy and water,2,2,0,2,0,0,0
S01008322,C. Manufacturing,33,31,1,30,2,0,2
S01008322,F. Construction,31,20,0,20,11,1,10
S01008322,G I. Distribution hotels and restaurants,92,83,32,51,9,1,8
S01008322,H J. Transport and communication,31,26,4,22,5,1,4
S01008322,K L M N. Financial real estate professional and administrative activities,67,61,15,46,6,2,4
S01008322,O P Q. Public administration education and health,192,188,54,134,4,2,2
S01008322,R S T U. Other,25,24,14,10,1,0,1
S01008323,All people aged 16 to 74 in employment,304,265,89,176,39,17,22
S01008323,A B D E. Agriculture energy and water,2,2,0,2,0,0,0
S01008323,C. Manufacturing,21,19,2,17,2,1,1
S01008323,F. Construction,38,23,2,21,15,2,13
S01008323,G I. Distribution hotels and restaurants,82,79,41,38,3,1,2
S01008323,H J. Transport and communication,28,21,4,17,7,4,3
S01008323,K L M N. Financial real estate professional and administrative activities,33,29,7,22,4,2,2
S01008323,O P Q. Public administration education and health,88,81,26,55,7,6,1
S01008323,R S T U. Other,12,11,7,4,1,1,0
S01008324,All people aged 16 to 74 in employment,281,251,69,182,30,8,22
S01008324,A B D E. Agriculture energy and water,8,8,0,8,0,0,0
S01008324,C. Manufacturing,14,14,0,14,0,0,0
S01008324,F. Construction,25,17,1,16,8,0,8
S01008324,G I. Distribution hotels and restaurants,67,66,29,37,1,1,0
S01008324,H J. Transport and communication,31,22,3,19,9,2,7
S01008324,K L M N. Financial real estate professional and administrative activities,44,39,10,29,5,3,2
S01008324,O P Q. Public administration education and health,84,79,24,55,5,1,4
S01008324,R S T U. Other,8,6,2,4,2,1,1
S01008325,All people aged 16 to 74 in employment,308,298,92,206,10,5,5
S01008325,A B D E. Agriculture energy and water,6,6,1,5,0,0,0
S01008325,C. Manufacturing,17,17,2,15,0,0,0
S01008325,F. Construction,15,13,0,13,2,0,2
S01008325,G I. Distribution hotels and restaurants,71,70,29,41,1,1,0
S01008325,H J. Transport and communication,16,16,3,13,0,0,0
S01008325,K L M N. Financial real estate professional and administrative activities,51,47,9,38,4,2,2
S01008325,O P Q. Public administration education and health,116,114,41,73,2,1,1
S01008325,R S T U. Other,16,15,7,8,1,1,0
S01008326,All people aged 16 to 74 in employment,395,368,120,248,27,8,19
S01008326,A B D E. Agriculture energy and water,8,8,0,8,0,0,0
S01008326,C. Manufacturing,24,23,1,22,1,0,1
S01008326,F. Construction,39,28,2,26,11,4,7
S01008326,G I. Distribution hotels and restaurants,98,98,44,54,0,0,0
S01008326,H J. Transport and communication,42,32,6,26,10,2,8
S01008326,K L M N. Financial real estate professional and administrative activities,60,58,14,44,2,0,2
S01008326,O P Q. Public administration education and health,104,103,44,59,1,1,0
S01008326,R S T U. Other,20,18,9,9,2,1,1
S01008327,All people aged 16 to 74 in employment,375,346,95,251,29,5,24
S01008327,A B D E. Agriculture energy and water,4,4,0,4,0,0,0
S01008327,C. Manufacturing,30,28,1,27,2,0,2
S01008327,F. Construction,36,33,1,32,3,0,3
S01008327,G I. Distribution hotels and restaurants,92,87,43,44,5,2,3
S01008327,H J. Transport and communication,31,25,3,22,6,0,6
S01008327,K L M N. Financial real estate professional and administrative activities,43,36,7,29,7,2,5
S01008327,O P Q. Public administration education and health,121,118,34,84,3,0,3
S01008327,R S T U. Other,18,15,6,9,3,1,2
S01008328,All people aged 16 to 74 in employment,358,299,85,214,59,19,40
S01008328,A B D E. Agriculture energy and water,2,2,0,2,0,0,0
S01008328,C. Manufacturing,20,13,1,12,7,0,7
S01008328,F. Construction,24,19,2,17,5,2,3
S01008328,G I. Distribution hotels and restaurants,69,55,26,29,14,4,10
S01008328,H J. Transport and communication,39,34,5,29,5,2,3
S01008328,K L M N. Financial real estate professional and administrative activities,62,50,11,39,12,5,7
S01008328,O P Q. Public administration education and health,125,114,36,78,11,1,10
S01008328,R S T U. Other,17,12,4,8,5,5,0
S01008329,All people aged 16 to 74 in employment,460,390,117,273,70,21,49
S01008329,A B D E. Agriculture energy and water,7,7,0,7,0,0,0
S01008329,C. Manufacturing,38,33,4,29,5,0,5
S01008329,F. Construction,28,20,2,18,8,1,7
S01008329,G I. Distribution hotels and restaurants,99,81,38,43,18,4,14
S01008329,H J. Transport and communication,34,31,5,26,3,0,3
S01008329,K L M N. Financial real estate professional and administrative activities,72,56,10,46,16,7,9
S01008329,O P Q. Public administration education and health,161,146,49,97,15,7,8
S01008329,R S T U. Other,21,16,9,7,5,2,3
S01008330,All people aged 16 to 74 in employment,457,399,145,254,58,20,38
S01008330,A B D E. Agriculture energy and water,11,11,2,9,0,0,0
S01008330,C. Manufacturing,26,23,2,21,3,1,2
S01008330,F. Construction,25,16,1,15,9,1,8
S01008330,G I. Distribution hotels and restaurants,103,93,59,34,10,5,5
S01008330,H J. Transport and communication,45,32,8,24,13,4,9
S01008330,K L M N. Financial real estate professional and administrative activities,67,59,17,42,8,3,5
S01008330,O P Q. Public administration education and health,153,144,44,100,9,5,4
S01008330,R S T U. Other,27,21,12,9,6,1,5
S01008331,All people aged 16 to 74 in employment,342,284,91,193,58,14,44
S01008331,A B D E. Agriculture energy and water,5,5,1,4,0,0,0
S01008331,C. Manufacturing,16,16,1,15,0,0,0
S01008331,F. Construction,23,15,1,14,8,0,8
S01008331,G I. Distribution hotels and restaurants,96,81,38,43,15,4,11
S01008331,H J. Transport and communication,24,14,2,12,10,0,10
S01008331,K L M N. Financial real estate professional and administrative activities,54,43,11,32,11,4,7
S01008331,O P Q. Public administration education and health,104,96,30,66,8,4,4
S01008331,R S T U. Other,20,14,7,7,6,2,4
S01008332,All people aged 16 to 74 in employment,426,347,116,231,79,23,56
S01008332,A B D E. Agriculture energy and water,6,6,0,6,0,0,0
S01008332,C. Manufacturing,24,21,3,18,3,1,2
S01008332,F. Construction,12,10,1,9,2,0,2
S01008332,G I. Distribution hotels and restaurants,91,68,37,31,23,6,17
S01008332,H J. Transport and communication,30,19,6,13,11,4,7
S01008332,K L M N. Financial real estate professional and administrative activities,74,51,10,41,23,7,16
S01008332,O P Q. Public administration education and health,167,153,49,104,14,4,10
S01008332,R S T U. Other,22,19,10,9,3,1,2
S01008333,All people aged 16 to 74 in employment,390,304,97,207,86,30,56
S01008333,A B D E. Agriculture energy and water,6,6,2,4,0,0,0
S01008333,C. Manufacturing,23,22,3,19,1,0,1
S01008333,F. Construction,25,17,2,15,8,1,7
S01008333,G I. Distribution hotels and restaurants,104,80,37,43,24,8,16
S01008333,H J. Transport and communication,22,13,3,10,9,1,8
S01008333,K L M N. Financial real estate professional and administrative activities,86,61,12,49,25,9,16
S01008333,O P Q. Public administration education and health,102,91,33,58,11,5,6
S01008333,R S T U. Other,22,14,5,9,8,6,2
S01008334,All people aged 16 to 74 in employment,324,276,79,197,48,11,37
S01008334,A B D E. Agriculture energy and water,6,4,0,4,2,1,1
S01008334,C. Manufacturing,14,11,1,10,3,1,2
S01008334,F. Construction,21,18,0,18,3,0,3
S01008334,G I. Distribution hotels and restaurants,69,59,32,27,10,3,7
S01008334,H J. Transport and communication,26,22,3,19,4,0,4
S01008334,K L M N. Financial real estate professional and administrative activities,69,48,6,42,21,4,17
S01008334,O P Q. Public administration education and health,110,107,33,74,3,1,2
S01008334,R S T U. Other,9,7,4,3,2,1,1
S01008335,All people aged 16 to 74 in employment,306,265,96,169,41,14,27
S01008335,A B D E. Agriculture energy and water,7,7,2,5,0,0,0
S01008335,C. Manufacturing,14,13,2,11,1,0,1
S01008335,F. Construction,13,10,0,10,3,1,2
S01008335,G I. Distribution hotels and restaurants,76,65,37,28,11,3,8
S01008335,H J. Transport and communication,18,14,3,11,4,2,2
S01008335,K L M N. Financial real estate professional and administrative activities,46,36,7,29,10,6,4
S01008335,O P Q. Public administration education and health,114,107,41,66,7,0,7
S01008335,R S T U. Other,18,13,4,9,5,2,3
S01008336,All people aged 16 to 74 in employment,299,238,88,150,61,24,37
S01008336,A B D E. Agriculture energy and water,6,6,1,5,0,0,0
S01008336,C. Manufacturing,14,12,0,12,2,0,2
S01008336,F. Construction,21,11,1,10,10,3,7
S01008336,G I. Distribution hotels and restaurants,70,56,37,19,14,5,9
S01008336,H J. Transport and communication,19,14,3,11,5,1,4
S01008336,K L M N. Financial real estate professional and administrative activities,54,43,10,33,11,5,6
S01008336,O P Q. Public administration education and health,96,85,33,52,11,5,6
S01008336,R S T U. Other,19,11,3,8,8,5,3
S01008337,All people aged 16 to 74 in employment,465,435,119,316,30,9,21
S01008337,A B D E. Agriculture energy and water,12,11,2,9,1,0,1
S01008337,C. Manufacturing,31,30,1,29,1,0,1
S01008337,F. Construction,23,19,2,17,4,0,4
S01008337,G I. Distribution hotels and restaurants,78,72,29,43,6,3,3
S01008337,H J. Transport and communication,45,39,1,38,6,1,5
S01008337,K L M N. Financial real estate professional and administrative activities,95,89,21,68,6,0,6
S01008337,O P Q. Public administration education and health,162,158,52,106,4,3,1
S01008337,R S T U. Other,19,17,11,6,2,2,0
S01008338,All people aged 16 to 74 in employment,449,395,138,257,54,10,44
S01008338,A B D E. Agriculture energy and water,10,9,0,9,1,0,1
S01008338,C. Manufacturing,19,17,4,13,2,2,0
S01008338,F. Construction,28,23,3,20,5,1,4
S01008338,G I. Distribution hotels and restaurants,93,77,46,31,16,1,15
S01008338,H J. Transport and communication,31,25,4,21,6,0,6
S01008338,K L M N. Financial real estate professional and administrative activities,92,80,18,62,12,1,11
S01008338,O P Q. Public administration education and health,160,154,60,94,6,3,3
S01008338,R S T U. Other,16,10,3,7,6,2,4
S01008339,All people aged 16 to 74 in employment,377,334,116,218,43,14,29
S01008339,A B D E. Agriculture energy and water,5,5,1,4,0,0,0
S01008339,C. Manufacturing,17,15,3,12,2,1,1
S01008339,F. Construction,20,15,0,15,5,1,4
S01008339,G I. Distribution hotels and restaurants,79,71,41,30,8,1,7
S01008339,H J. Transport and communication,30,25,10,15,5,1,4
S01008339,K L M N. Financial real estate professional and administrative activities,88,77,13,64,11,2,9
S01008339,O P Q. Public administration education and health,111,106,36,70,5,3,2
S01008339,R S T U. Other,27,20,12,8,7,5,2
S01008340,All people aged 16 to 74 in employment,472,403,121,282,69,25,44
S01008340,A B D E. Agriculture energy and water,12,10,2,8,2,1,1
S01008340,C. Manufacturing,23,21,2,19,2,1,1
S01008340,F. Construction,27,19,0,19,8,1,7
S01008340,G I. Distribution hotels and restaurants,116,101,48,53,15,5,10
S01008340,H J. Transport and communication,47,36,4,32,11,3,8
S01008340,K L M N. Financial real estate professional and administrative activities,57,49,10,39,8,2,6
S01008340,O P Q. Public administration education and health,161,149,46,103,12,6,6
S01008340,R S T U. Other,29,18,9,9,11,6,5
S01008341,All people aged 16 to 74 in employment,369,297,102,195,72,17,55
S01008341,A B D E. Agriculture energy and water,10,9,3,6,1,0,1
S01008341,C. Manufacturing,21,17,1,16,4,0,4
S01008341,F. Construction,16,13,1,12,3,1,2
S01008341,G I. Distribution hotels and restaurants,87,65,42,23,22,6,16
S01008341,H J. Transport and communication,26,22,3,19,4,0,4
S01008341,K L M N. Financial real estate professional and administrative activities,89,68,14,54,21,3,18
S01008341,O P Q. Public administration education and health,109,95,36,59,14,6,8
S01008341,R S T U. Other,11,8,2,6,3,1,2
S01008342,All people aged 16 to 74 in employment,409,348,111,237,61,14,47
S01008342,A B D E. Agriculture energy and water,6,5,0,5,1,0,1
S01008342,C. Manufacturing,21,21,2,19,0,0,0
S01008342,F. Construction,25,20,0,20,5,0,5
S01008342,G I. Distribution hotels and restaurants,98,84,46,38,14,3,11
S01008342,H J. Transport and communication,32,26,5,21,6,1,5
S01008342,K L M N. Financial real estate professional and administrative activities,72,52,15,37,20,3,17
S01008342,O P Q. Public administration education and health,144,131,40,91,13,6,7
S01008342,R S T U. Other,11,9,3,6,2,1,1
S01008343,All people aged 16 to 74 in employment,397,316,111,205,81,27,54
S01008343,A B D E. Agriculture energy and water,7,7,1,6,0,0,0
S01008343,C. Manufacturing,37,31,5,26,6,3,3
S01008343,F. Construction,24,14,1,13,10,4,6
S01008343,G I. Distribution hotels and restaurants,75,53,32,21,22,4,18
S01008343,H J. Transport and communication,28,21,4,17,7,1,6
S01008343,K L M N. Financial real estate professional and administrative activities,87,66,21,45,21,6,15
S01008343,O P Q. Public administration education and health,117,106,34,72,11,7,4
S01008343,R S T U. Other,22,18,13,5,4,2,2
S01008344,All people aged 16 to 74 in employment,412,285,99,186,127,36,91
S01008344,A B D E. Agriculture energy and water,6,5,0,5,1,0,1
S01008344,C. Manufacturing,27,25,3,22,2,0,2
S01008344,F. Construction,25,15,2,13,10,2,8
S01008344,G I. Distribution hotels and restaurants,90,64,31,33,26,4,22
S01008344,H J. Transport and communication,27,17,5,12,10,4,6
S01008344,K L M N. Financial real estate professional and administrative activities,111,59,21,38,52,15,37
S01008344,O P Q. Public administration education and health,110,91,33,58,19,8,11
S01008344,R S T U. Other,16,9,4,5,7,3,4
S01008345,All people aged 16 to 74 in employment,390,277,88,189,113,34,79
S01008345,A B D E. Agriculture energy and water,11,10,1,9,1,0,1
S01008345,C. Manufacturing,17,14,1,13,3,2,1
S01008345,F. Construction,25,16,5,11,9,0,9
S01008345,G I. Distribution hotels and restaurants,91,64,31,33,27,6,21
S01008345,H J. Transport and communication,24,13,2,11,11,2,9
S01008345,K L M N. Financial real estate professional and administrative activities,96,59,13,46,37,13,24
S01008345,O P Q. Public administration education and health,103,88,29,59,15,6,9
S01008345,R S T U. Other,23,13,6,7,10,5,5
S01008346,All people aged 16 to 74 in employment,447,343,121,222,104,33,71
S01008346,A B D E. Agriculture energy and water,12,12,1,11,0,0,0
S01008346,C. Manufacturing,30,24,6,18,6,3,3
S01008346,F. Construction,26,19,2,17,7,0,7
S01008346,G I. Distribution hotels and restaurants,98,67,36,31,31,9,22
S01008346,H J. Transport and communication,27,18,3,15,9,1,8
S01008346,K L M N. Financial real estate professional and administrative activities,102,73,16,57,29,11,18
S01008346,O P Q. Public administration education and health,141,122,53,69,19,7,12
S01008346,R S T U. Other,11,8,4,4,3,2,1
S01008347,All people aged 16 to 74 in employment,398,325,98,227,73,23,50
S01008347,A B D E. Agriculture energy and water,7,5,2,3,2,0,2
S01008347,C. Manufacturing,23,20,3,17,3,1,2
S01008347,F. Construction,28,22,1,21,6,0,6
S01008347,G I. Distribution hotels and restaurants,88,74,38,36,14,4,10
S01008347,H J. Transport and communication,30,23,4,19,7,2,5
S01008347,K L M N. Financial real estate professional and administrative activities,64,52,9,43,12,5,7
S01008347,O P Q. Public administration education and health,133,116,35,81,17,7,10
S01008347,R S T U. Other,25,13,6,7,12,4,8
S01008348,All people aged 16 to 74 in employment,309,254,77,177,55,19,36
S01008348,A B D E. Agriculture energy and water,3,3,0,3,0,0,0
S01008348,C. Manufacturing,15,14,0,14,1,0,1
S01008348,F. Construction,17,12,2,10,5,1,4
S01008348,G I. Distribution hotels and restaurants,66,51,26,25,15,3,12
S01008348,H J. Transport and communication,21,12,0,12,9,6,3
S01008348,K L M N. Financial real estate professional and administrative activities,64,53,10,43,11,4,7
S01008348,O P Q. Public administration education and health,104,94,32,62,10,3,7
S01008348,R S T U. Other,19,15,7,8,4,2,2
S01008349,All people aged 16 to 74 in employment,393,303,111,192,90,18,72
S01008349,A B D E. Agriculture energy and water,7,6,2,4,1,0,1
S01008349,C. Manufacturing,16,15,4,11,1,0,1
S01008349,F. Construction,8,4,1,3,4,0,4
S01008349,G I. Distribution hotels and restaurants,90,68,37,31,22,5,17
S01008349,H J. Transport and communication,34,26,3,23,8,1,7
S01008349,K L M N. Financial real estate professional and administrative activities,107,74,22,52,33,3,30
S01008349,O P Q. Public administration education and health,114,96,36,60,18,6,12
S01008349,R S T U. Other,17,14,6,8,3,3,0
S01008350,All people aged 16 to 74 in employment,242,188,59,129,54,15,39
S01008350,A B D E. Agriculture energy and water,6,4,1,3,2,0,2
S01008350,C. Manufacturing,17,14,0,14,3,1,2
S01008350,F. Construction,18,14,3,11,4,2,2
S01008350,G I. Distribution hotels and restaurants,55,39,17,22,16,5,11
S01008350,H J. Transport and communication,15,12,2,10,3,0,3
S01008350,K L M N. Financial real estate professional and administrative activities,44,32,6,26,12,3,9
S01008350,O P Q. Public administration education and health,78,67,28,39,11,3,8
S01008350,R S T U. Other,9,6,2,4,3,1,2
S01008351,All people aged 16 to 74 in employment,424,357,115,242,67,15,52
S01008351,A B D E. Agriculture energy and water,8,8,1,7,0,0,0
S01008351,C. Manufacturing,36,34,4,30,2,0,2
S01008351,F. Construction,22,13,3,10,9,0,9
S01008351,G I. Distribution hotels and restaurants,96,78,39,39,18,5,13
S01008351,H J. Transport and communication,25,19,4,15,6,0,6
S01008351,K L M N. Financial real estate professional and administrative activities,82,65,14,51,17,3,14
S01008351,O P Q. Public administration education and health,140,129,43,86,11,5,6
S01008351,R S T U. Other,15,11,7,4,4,2,2
S01008352,All people aged 16 to 74 in employment,291,240,72,168,51,16,35
S01008352,A B D E. Agriculture energy and water,6,6,3,3,0,0,0
S01008352,C. Manufacturing,20,19,1,18,1,1,0
S01008352,F. Construction,20,14,2,12,6,1,5
S01008352,G I. Distribution hotels and restaurants,64,48,26,22,16,6,10
S01008352,H J. Transport and communication,14,12,0,12,2,0,2
S01008352,K L M N. Financial real estate professional and administrative activities,58,49,12,37,9,0,9
S01008352,O P Q. Public administration education and health,101,87,26,61,14,6,8
S01008352,R S T U. Other,8,5,2,3,3,2,1
S01008353,All people aged 16 to 74 in employment,224,168,56,112,56,13,43
S01008353,A B D E. Agriculture energy and water,5,4,0,4,1,0,1
S01008353,C. Manufacturing,12,10,2,8,2,0,2
S01008353,F. Construction,5,1,0,1,4,1,3
S01008353,G I. Distribution hotels and restaurants,53,38,26,12,15,2,13
S01008353,H J. Transport and communication,19,15,0,15,4,1,3
S01008353,K L M N. Financial real estate professional and administrative activities,54,37,8,29,17,1,16
S01008353,O P Q. Public administration education and health,67,59,17,42,8,6,2
S01008353,R S T U. Other,9,4,3,1,5,2,3
S01008354,All people aged 16 to 74 in employment,337,250,67,183,87,25,62
S01008354,A B D E. Agriculture energy and water,36,14,3,11,22,5,17
S01008354,C. Manufacturing,18,15,3,12,3,0,3
S01008354,F. Construction,21,14,0,14,7,1,6
S01008354,G I. Distribution hotels and restaurants,72,58,17,41,14,4,10
S01008354,H J. Transport and communication,23,20,2,18,3,0,3
S01008354,K L M N. Financial real estate professional and administrative activities,54,41,10,31,13,4,9
S01008354,O P Q. Public administration education and health,93,73,23,50,20,10,10
S01008354,R S T U. Other,20,15,9,6,5,1,4
S01008355,All people aged 16 to 74 in employment,277,230,67,163,47,12,35
S01008355,A B D E. Agriculture energy and water,6,6,0,6,0,0,0
S01008355,C. Manufacturing,12,10,0,10,2,2,0
S01008355,F. Construction,30,20,1,19,10,0,10
S01008355,G I. Distribution hotels and restaurants,59,48,25,23,11,0,11
S01008355,H J. Transport and communication,20,13,2,11,7,1,6
S01008355,K L M N. Financial real estate professional and administrative activities,45,39,8,31,6,2,4
S01008355,O P Q. Public administration education and health,91,85,25,60,6,4,2
S01008355,R S T U. Other,14,9,6,3,5,3,2
S01008356,All people aged 16 to 74 in employment,324,273,83,190,51,14,37
S01008356,A B D E. Agriculture energy and water,3,3,1,2,0,0,0
S01008356,C. Manufacturing,27,24,2,22,3,1,2
S01008356,F. Construction,21,9,0,9,12,2,10
S01008356,G I. Distribution hotels and restaurants,60,51,26,25,9,1,8
S01008356,H J. Transport and communication,19,13,1,12,6,0,6
S01008356,K L M N. Financial real estate professional and administrative activities,69,59,8,51,10,4,6
S01008356,O P Q. Public administration education and health,107,103,39,64,4,2,2
S01008356,R S T U. Other,18,11,6,5,7,4,3
S01008357,All people aged 16 to 74 in employment,344,291,89,202,53,8,45
S01008357,A B D E. Agriculture energy and water,7,7,1,6,0,0,0
S01008357,C. Manufacturing,27,26,1,25,1,0,1
S01008357,F. Construction,28,18,3,15,10,0,10
S01008357,G I. Distribution hotels and restaurants,69,59,28,31,10,3,7
S01008357,H J. Transport and communication,25,22,5,17,3,2,1
S01008357,K L M N. Financial real estate professional and administrative activities,67,51,12,39,16,1,15
S01008357,O P Q. Public administration education and health,102,93,32,61,9,0,9
S01008357,R S T U. Other,19,15,7,8,4,2,2
S01008358,All people aged 16 to 74 in employment,302,259,77,182,43,10,33
S01008358,A B D E. Agriculture energy and water,9,5,1,4,4,1,3
S01008358,C. Manufacturing,14,10,1,9,4,0,4
S01008358,F. Construction,24,21,2,19,3,0,3
S01008358,G I. Distribution hotels and restaurants,64,58,30,28,6,0,6
S01008358,H J. Transport and communication,24,16,2,14,8,1,7
S01008358,K L M N. Financial real estate professional and administrative activities,47,36,8,28,11,5,6
S01008358,O P Q. Public administration education and health,105,99,28,71,6,3,3
S01008358,R S T U. Other,15,14,5,9,1,0,1
S01008359,All people aged 16 to 74 in employment,308,237,66,171,71,19,52
S01008359,A B D E. Agriculture energy and water,22,6,1,5,16,3,13
S01008359,C. Manufacturing,27,24,2,22,3,0,3
S01008359,F. Construction,18,11,1,10,7,1,6
S01008359,G I. Distribution hotels and restaurants,49,40,21,19,9,1,8
S01008359,H J. Transport and communication,22,17,1,16,5,1,4
S01008359,K L M N. Financial real estate professional and administrative activities,49,34,10,24,15,6,9
S01008359,O P Q. Public administration education and health,105,93,27,66,12,4,8
S01008359,R S T U. Other,16,12,3,9,4,3,1
S01008360,All people aged 16 to 74 in employment,417,330,120,210,87,19,68
S01008360,A B D E. Agriculture energy and water,10,5,0,5,5,1,4
S01008360,C. Manufacturing,24,20,3,17,4,0,4
S01008360,F. Construction,25,16,4,12,9,2,7
S01008360,G I. Distribution hotels and restaurants,82,73,41,32,9,1,8
S01008360,H J. Transport and communication,28,21,7,14,7,1,6
S01008360,K L M N. Financial real estate professional and administrative activities,75,56,17,39,19,4,15
S01008360,O P Q. Public administration education and health,155,129,43,86,26,7,19
S01008360,R S T U. Other,18,10,5,5,8,3,5
S01008361,All people aged 16 to 74 in employment,273,244,68,176,29,6,23
S01008361,A B D E. Agriculture energy and water,11,7,0,7,4,1,3
S01008361,C. Manufacturing,13,12,0,12,1,0,1
S01008361,F. Construction,18,12,1,11,6,1,5
S01008361,G I. Distribution hotels and restaurants,56,54,26,28,2,0,2
S01008361,H J. Transport and communication,21,19,0,19,2,1,1
S01008361,K L M N. Financial real estate professional and administrative activities,36,31,10,21,5,0,5
S01008361,O P Q. Public administration education and health,106,99,28,71,7,2,5
S01008361,R S T U. Other,12,10,3,7,2,1,1
S01008362,All people aged 16 to 74 in employment,497,430,125,305,67,16,51
S01008362,A B D E. Agriculture energy and water,4,4,1,3,0,0,0
S01008362,C. Manufacturing,30,28,2,26,2,0,2
S01008362,F. Construction,38,26,4,22,12,3,9
S01008362,G I. Distribution hotels and restaurants,94,81,43,38,13,0,13
S01008362,H J. Transport and communication,32,25,6,19,7,2,5
S01008362,K L M N. Financial real estate professional and administrative activities,115,101,24,77,14,1,13
S01008362,O P Q. Public administration education and health,159,147,38,109,12,5,7
S01008362,R S T U. Other,25,18,7,11,7,5,2
S01008363,All people aged 16 to 74 in employment,370,327,95,232,43,14,29
S01008363,A B D E. Agriculture energy and water,6,6,1,5,0,0,0
S01008363,C. Manufacturing,19,16,0,16,3,0,3
S01008363,F. Construction,25,17,1,16,8,1,7
S01008363,G I. Distribution hotels and restaurants,81,74,35,39,7,2,5
S01008363,H J. Transport and communication,27,22,8,14,5,2,3
S01008363,K L M N. Financial real estate professional and administrative activities,79,64,9,55,15,5,10
S01008363,O P Q. Public administration education and health,113,110,31,79,3,3,0
S01008363,R S T U. Other,20,18,10,8,2,1,1
S01008364,All people aged 16 to 74 in employment,365,295,101,194,70,22,48
S01008364,A B D E. Agriculture energy and water,6,5,3,2,1,0,1
S01008364,C. Manufacturing,21,15,1,14,6,3,3
S01008364,F. Construction,12,8,0,8,4,0,4
S01008364,G I. Distribution hotels and restaurants,78,64,34,30,14,3,11
S01008364,H J. Transport and communication,21,15,2,13,6,0,6
S01008364,K L M N. Financial real estate professional and administrative activities,90,67,17,50,23,8,15
S01008364,O P Q. Public administration education and health,114,104,32,72,10,5,5
S01008364,R S T U. Other,23,17,12,5,6,3,3
S01008365,All people aged 16 to 74 in employment,292,217,78,139,75,28,47
S01008365,A B D E. Agriculture energy and water,5,4,0,4,1,0,1
S01008365,C. Manufacturing,22,16,1,15,6,4,2
S01008365,F. Construction,13,8,0,8,5,1,4
S01008365,G I. Distribution hotels and restaurants,72,51,28,23,21,7,14
S01008365,H J. Transport and communication,19,11,3,8,8,1,7
S01008365,K L M N. Financial real estate professional and administrative activities,60,38,10,28,22,7,15
S01008365,O P Q. Public administration education and health,85,77,26,51,8,6,2
S01008365,R S T U. Other,16,12,10,2,4,2,2
S01008366,All people aged 16 to 74 in employment,365,329,101,228,36,10,26
S01008366,A B D E. Agriculture energy and water,9,9,0,9,0,0,0
S01008366,C. Manufacturing,29,25,0,25,4,0,4
S01008366,F. Construction,27,17,2,15,10,1,9
S01008366,G I. Distribution hotels and restaurants,70,68,39,29,2,0,2
S01008366,H J. Transport and communication,23,20,7,13,3,1,2
S01008366,K L M N. Financial real estate professional and administrative activities,55,47,11,36,8,4,4
S01008366,O P Q. Public administration education and health,139,132,37,95,7,3,4
S01008366,R S T U. Other,13,11,5,6,2,1,1
S01008367,All people aged 16 to 74 in employment,339,305,100,205,34,9,25
S01008367,A B D E. Agriculture energy and water,7,7,0,7,0,0,0
S01008367,C. Manufacturing,17,16,1,15,1,0,1
S01008367,F. Construction,23,18,0,18,5,0,5
S01008367,G I. Distribution hotels and restaurants,70,64,38,26,6,2,4
S01008367,H J. Transport and communication,31,20,3,17,11,2,9
S01008367,K L M N. Financial real estate professional and administrative activities,48,44,10,34,4,1,3
S01008367,O P Q. Public administration education and health,121,116,36,80,5,4,1
S01008367,R S T U. Other,22,20,12,8,2,0,2
S01008368,All people aged 16 to 74 in employment,344,303,79,224,41,11,30
S01008368,A B D E. Agriculture energy and water,5,4,0,4,1,0,1
S01008368,C. Manufacturing,23,21,1,20,2,0,2
S01008368,F. Construction,21,13,2,11,8,1,7
S01008368,G I. Distribution hotels and restaurants,67,59,33,26,8,3,5
S01008368,H J. Transport and communication,28,21,1,20,7,0,7
S01008368,K L M N. Financial real estate professional and administrative activities,64,58,7,51,6,1,5
S01008368,O P Q. Public administration education and health,129,123,32,91,6,3,3
S01008368,R S T U. Other,7,4,3,1,3,3,0
S01008369,All people aged 16 to 74 in employment,250,227,64,163,23,7,16
S01008369,A B D E. Agriculture energy and water,8,8,0,8,0,0,0
S01008369,C. Manufacturing,12,12,1,11,0,0,0
S01008369,F. Construction,20,15,1,14,5,2,3
S01008369,G I. Distribution hotels and restaurants,40,38,20,18,2,0,2
S01008369,H J. Transport and communication,22,18,3,15,4,1,3
S01008369,K L M N. Financial real estate professional and administrative activities,53,49,7,42,4,1,3
S01008369,O P Q. Public administration education and health,85,80,29,51,5,2,3
S01008369,R S T U. Other,10,7,3,4,3,1,2
S01008370,All people aged 16 to 74 in employment,348,287,90,197,61,17,44
S01008370,A B D E. Agriculture energy and water,2,2,0,2,0,0,0
S01008370,C. Manufacturing,13,8,2,6,5,2,3
S01008370,F. Construction,16,7,1,6,9,2,7
S01008370,G I. Distribution hotels and restaurants,84,68,37,31,16,3,13
S01008370,H J. Transport and communication,32,24,4,20,8,2,6
S01008370,K L M N. Financial real estate professional and administrative activities,66,60,12,48,6,3,3
S01008370,O P Q. Public administration education and health,107,97,26,71,10,3,7
S01008370,R S T U. Other,28,21,8,13,7,2,5
S01008371,All people aged 16 to 74 in employment,388,339,116,223,49,19,30
S01008371,A B D E. Agriculture energy and water,8,8,1,7,0,0,0
S01008371,C. Manufacturing,27,23,0,23,4,1,3
S01008371,F. Construction,32,22,1,21,10,3,7
S01008371,G I. Distribution hotels and restaurants,59,54,30,24,5,2,3
S01008371,H J. Transport and communication,21,18,3,15,3,0,3
S01008371,K L M N. Financial real estate professional and administrative activities,78,65,19,46,13,5,8
S01008371,O P Q. Public administration education and health,145,137,54,83,8,4,4
S01008371,R S T U. Other,18,12,8,4,6,4,2
S01008372,All people aged 16 to 74 in employment,393,354,114,240,39,7,32
S01008372,A B D E. Agriculture energy and water,9,9,0,9,0,0,0
S01008372,C. Manufacturing,26,23,2,21,3,0,3
S01008372,F. Construction,21,15,0,15,6,0,6
S01008372,G I. Distribution hotels and restaurants,90,80,46,34,10,1,9
S01008372,H J. Transport and communication,40,34,6,28,6,1,5
S01008372,K L M N. Financial real estate professional and administrative activities,69,63,13,50,6,1,5
S01008372,O P Q. Public administration education and health,119,114,39,75,5,2,3
S01008372,R S T U. Other,19,16,8,8,3,2,1
S01008373,All people aged 16 to 74 in employment,417,378,128,250,39,14,25
S01008373,A B D E. Agriculture energy and water,7,6,1,5,1,0,1
S01008373,C. Manufacturing,19,19,0,19,0,0,0
S01008373,F. Construction,27,17,3,14,10,0,10
S01008373,G I. Distribution hotels and restaurants,78,74,44,30,4,1,3
S01008373,H J. Transport and communication,26,23,4,19,3,1,2
S01008373,K L M N. Financial real estate professional and administrative activities,64,56,13,43,8,3,5
S01008373,O P Q. Public administration education and health,182,169,53,116,13,9,4
S01008373,R S T U. Other,14,14,10,4,0,0,0
S01008374,All people aged 16 to 74 in employment,361,322,111,211,39,10,29
S01008374,A B D E. Agriculture energy and water,4,3,0,3,1,1,0
S01008374,C. Manufacturing,24,22,1,21,2,0,2
S01008374,F. Construction,21,16,0,16,5,0,5
S01008374,G I. Distribution hotels and restaurants,80,74,46,28,6,1,5
S01008374,H J. Transport and communication,21,18,6,12,3,0,3
S01008374,K L M N. Financial real estate professional and administrative activities,66,57,11,46,9,1,8
S01008374,O P Q. Public administration education and health,124,117,39,78,7,3,4
S01008374,R S T U. Other,21,15,8,7,6,4,2
S01008375,All people aged 16 to 74 in employment,401,355,129,226,46,11,35
S01008375,A B D E. Agriculture energy and water,6,5,3,2,1,0,1
S01008375,C. Manufacturing,29,28,2,26,1,0,1
S01008375,F. Construction,18,10,4,6,8,0,8
S01008375,G I. Distribution hotels and restaurants,89,80,47,33,9,3,6
S01008375,H J. Transport and communication,40,35,5,30,5,1,4
S01008375,K L M N. Financial real estate professional and administrative activities,65,55,13,42,10,3,7
S01008375,O P Q. Public administration education and health,147,138,52,86,9,4,5
S01008375,R S T U. Other,7,4,3,1,3,0,3
S01008376,All people aged 16 to 74 in employment,263,221,64,157,42,15,27
S01008376,A B D E. Agriculture energy and water,4,4,0,4,0,0,0
S01008376,C. Manufacturing,23,21,0,21,2,2,0
S01008376,F. Construction,13,8,1,7,5,2,3
S01008376,G I. Distribution hotels and restaurants,48,40,23,17,8,1,7
S01008376,H J. Transport and communication,18,14,1,13,4,2,2
S01008376,K L M N. Financial real estate professional and administrative activities,59,46,11,35,13,2,11
S01008376,O P Q. Public administration education and health,89,81,27,54,8,5,3
S01008376,R S T U. Other,9,7,1,6,2,1,1
S01008377,All people aged 16 to 74 in employment,381,332,96,236,49,9,40
S01008377,A B D E. Agriculture energy and water,14,11,0,11,3,0,3
S01008377,C. Manufacturing,22,19,2,17,3,1,2
S01008377,F. Construction,26,18,5,13,8,1,7
S01008377,G I. Distribution hotels and restaurants,53,48,23,25,5,2,3
S01008377,H J. Transport and communication,31,24,3,21,7,0,7
S01008377,K L M N. Financial real estate professional and administrative activities,72,58,13,45,14,1,13
S01008377,O P Q. Public administration education and health,145,141,42,99,4,2,2
S01008377,R S T U. Other,18,13,8,5,5,2,3
S01008378,All people aged 16 to 74 in employment,477,406,119,287,71,19,52
S01008378,A B D E. Agriculture energy and water,9,8,1,7,1,0,1
S01008378,C. Manufacturing,29,26,1,25,3,1,2
S01008378,F. Construction,27,19,2,17,8,0,8
S01008378,G I. Distribution hotels and restaurants,88,77,49,28,11,2,9
S01008378,H J. Transport and communication,25,18,3,15,7,2,5
S01008378,K L M N. Financial real estate professional and administrative activities,88,69,14,55,19,4,15
S01008378,O P Q. Public administration education and health,188,175,44,131,13,6,7
S01008378,R S T U. Other,23,14,5,9,9,4,5
S01008379,All people aged 16 to 74 in employment,221,191,66,125,30,8,22
S01008379,A B D E. Agriculture energy and water,5,5,0,5,0,0,0
S01008379,C. Manufacturing,9,8,2,6,1,0,1
S01008379,F. Construction,9,6,0,6,3,1,2
S01008379,G I. Distribution hotels and restaurants,46,40,25,15,6,1,5
S01008379,H J. Transport and communication,17,11,1,10,6,2,4
S01008379,K L M N. Financial real estate professional and administrative activities,35,29,9,20,6,1,5
S01008379,O P Q. Public administration education and health,87,84,26,58,3,0,3
S01008379,R S T U. Other,13,8,3,5,5,3,2
S01008380,All people aged 16 to 74 in employment,336,292,100,192,44,13,31
S01008380,A B D E. Agriculture energy and water,10,9,0,9,1,0,1
S01008380,C. Manufacturing,26,24,2,22,2,1,1
S01008380,F. Construction,19,14,1,13,5,1,4
S01008380,G I. Distribution hotels and restaurants,62,58,35,23,4,1,3
S01008380,H J. Transport and communication,12,10,2,8,2,0,2
S01008380,K L M N. Financial real estate professional and administrative activities,69,49,9,40,20,4,16
S01008380,O P Q. Public administration education and health,126,120,48,72,6,5,1
S01008380,R S T U. Other,12,8,3,5,4,1,3
S01008381,All people aged 16 to 74 in employment,358,304,95,209,54,16,38
S01008381,A B D E. Agriculture energy and water,6,6,2,4,0,0,0
S01008381,C. Manufacturing,17,14,0,14,3,1,2
S01008381,F. Construction,21,13,1,12,8,0,8
S01008381,G I. Distribution hotels and restaurants,60,51,31,20,9,4,5
S01008381,H J. Transport and communication,24,18,3,15,6,1,5
S01008381,K L M N. Financial real estate professional and administrative activities,81,64,9,55,17,6,11
S01008381,O P Q. Public administration education and health,139,131,46,85,8,4,4
S01008381,R S T U. Other,10,7,3,4,3,0,3
S01008382,All people aged 16 to 74 in employment,296,254,79,175,42,15,27
S01008382,A B D E. Agriculture energy and water,10,9,1,8,1,0,1
S01008382,C. Manufacturing,22,19,3,16,3,0,3
S01008382,F. Construction,15,12,1,11,3,1,2
S01008382,G I. Distribution hotels and restaurants,53,42,18,24,11,5,6
S01008382,H J. Transport and communication,29,25,3,22,4,1,3
S01008382,K L M N. Financial real estate professional and administrative activities,49,40,13,27,9,3,6
S01008382,O P Q. Public administration education and health,108,102,36,66,6,3,3
S01008382,R S T U. Other,10,5,4,1,5,2,3
S01008383,All people aged 16 to 74 in employment,249,214,64,150,35,10,25
S01008383,A B D E. Agriculture energy and water,1,0,0,0,1,0,1
S01008383,C. Manufacturing,21,21,1,20,0,0,0
S01008383,F. Construction,22,14,3,11,8,0,8
S01008383,G I. Distribution hotels and restaurants,40,35,18,17,5,2,3
S01008383,H J. Transport and communication,23,21,3,18,2,0,2
S01008383,K L M N. Financial real estate professional and administrative activities,46,37,7,30,9,2,7
S01008383,O P Q. Public administration education and health,89,81,27,54,8,6,2
S01008383,R S T U. Other,7,5,5,0,2,0,2
S01008384,All people aged 16 to 74 in employment,502,453,136,317,49,13,36
S01008384,A B D E. Agriculture energy and water,13,13,1,12,0,0,0
S01008384,C. Manufacturing,31,29,2,27,2,0,2
S01008384,F. Construction,34,25,1,24,9,1,8
S01008384,G I. Distribution hotels and restaurants,111,99,54,45,12,1,11
S01008384,H J. Transport and communication,33,29,3,26,4,0,4
S01008384,K L M N. Financial real estate professional and administrative activities,88,78,19,59,10,2,8
S01008384,O P Q. Public administration education and health,168,159,47,112,9,7,2
S01008384,R S T U. Other,24,21,9,12,3,2,1
S01008385,All people aged 16 to 74 in employment,317,260,79,181,57,9,48
S01008385,A B D E. Agriculture energy and water,9,8,1,7,1,0,1
S01008385,C. Manufacturing,17,16,0,16,1,0,1
S01008385,F. Construction,23,14,3,11,9,0,9
S01008385,G I. Distribution hotels and restaurants,61,49,30,19,12,1,11
S01008385,H J. Transport and communication,22,15,3,12,7,2,5
S01008385,K L M N. Financial real estate professional and administrative activities,65,53,11,42,12,1,11
S01008385,O P Q. Public administration education and health,108,98,25,73,10,4,6
S01008385,R S T U. Other,12,7,6,1,5,1,4
S01008386,All people aged 16 to 74 in employment,422,377,112,265,45,13,32
S01008386,A B D E. Agriculture energy and water,11,11,2,9,0,0,0
S01008386,C. Manufacturing,25,25,1,24,0,0,0
S01008386,F. Construction,34,27,2,25,7,1,6
S01008386,G I. Distribution hotels and restaurants,81,74,36,38,7,0,7
S01008386,H J. Transport and communication,31,24,6,18,7,1,6
S01008386,K L M N. Financial real estate professional and administrative activities,74,64,15,49,10,4,6
S01008386,O P Q. Public administration education and health,144,134,42,92,10,5,5
S01008386,R S T U. Other,22,18,8,10,4,2,2
S01008387,All people aged 16 to 74 in employment,328,296,83,213,32,11,21
S01008387,A B D E. Agriculture energy and water,3,3,0,3,0,0,0
S01008387,C. Manufacturing,16,16,1,15,0,0,0
S01008387,F. Construction,21,12,1,11,9,0,9
S01008387,G I. Distribution hotels and restaurants,58,55,27,28,3,1,2
S01008387,H J. Transport and communication,26,19,2,17,7,2,5
S01008387,K L M N. Financial real estate professional and administrative activities,64,59,13,46,5,2,3
S01008387,O P Q. Public administration education and health,127,122,37,85,5,4,1
S01008387,R S T U. Other,13,10,2,8,3,2,1
S01008388,All people aged 16 to 74 in employment,367,326,92,234,41,8,33
S01008388,A B D E. Agriculture energy and water,8,7,0,7,1,0,1
S01008388,C. Manufacturing,17,15,1,14,2,0,2
S01008388,F. Construction,29,19,1,18,10,0,10
S01008388,G I. Distribution hotels and restaurants,68,63,32,31,5,0,5
S01008388,H J. Transport and communication,22,17,1,16,5,0,5
S01008388,K L M N. Financial real estate professional and administrative activities,60,52,10,42,8,4,4
S01008388,O P Q. Public administration education and health,148,142,42,100,6,3,3
S01008388,R S T U. Other,15,11,5,6,4,1,3
S01008389,All people aged 16 to 74 in employment,210,172,47,125,38,14,24
S01008389,A B D E. Agriculture energy and water,6,5,0,5,1,0,1
S01008389,C. Manufacturing,14,13,1,12,1,0,1
S01008389,F. Construction,9,5,0,5,4,0,4
S01008389,G I. Distribution hotels and restaurants,46,37,22,15,9,3,6
S01008389,H J. Transport and communication,14,10,0,10,4,0,4
S01008389,K L M N. Financial real estate professional and administrative activities,47,38,6,32,9,5,4
S01008389,O P Q. Public administration education and health,62,56,14,42,6,5,1
S01008389,R S T U. Other,12,8,4,4,4,1,3
S01008390,All people aged 16 to 74 in employment,314,269,81,188,45,14,31
S01008390,A B D E. Agriculture energy and water,8,7,2,5,1,1,0
S01008390,C. Manufacturing,19,15,0,15,4,0,4
S01008390,F. Construction,22,11,0,11,11,4,7
S01008390,G I. Distribution hotels and restaurants,45,39,22,17,6,0,6
S01008390,H J. Transport and communication,15,13,2,11,2,0,2
S01008390,K L M N. Financial real estate professional and administrative activities,62,54,15,39,8,2,6
S01008390,O P Q. Public administration education and health,131,120,35,85,11,7,4
S01008390,R S T U. Other,12,10,5,5,2,0,2
S01008391,All people aged 16 to 74 in employment,310,269,79,190,41,16,25
S01008391,A B D E. Agriculture energy and water,7,6,1,5,1,0,1
S01008391,C. Manufacturing,14,11,2,9,3,2,1
S01008391,F. Construction,12,11,0,11,1,0,1
S01008391,G I. Distribution hotels and restaurants,57,48,25,23,9,2,7
S01008391,H J. Transport and communication,25,22,6,16,3,2,1
S01008391,K L M N. Financial real estate professional and administrative activities,76,67,8,59,9,3,6
S01008391,O P Q. Public administration education and health,114,99,35,64,15,7,8
S01008391,R S T U. Other,5,5,2,3,0,0,0
S01008392,All people aged 16 to 74 in employment,485,421,127,294,64,19,45
S01008392,A B D E. Agriculture energy and water,12,10,2,8,2,0,2
S01008392,C. Manufacturing,25,20,1,19,5,3,2
S01008392,F. Construction,32,21,3,18,11,2,9
S01008392,G I. Distribution hotels and restaurants,70,66,38,28,4,0,4
S01008392,H J. Transport and communication,34,27,4,23,7,0,7
S01008392,K L M N. Financial real estate professional and administrative activities,94,74,21,53,20,6,14
S01008392,O P Q. Public administration education and health,198,186,53,133,12,7,5
S01008392,R S T U. Other,20,17,5,12,3,1,2
S01008393,All people aged 16 to 74 in employment,343,294,97,197,49,18,31
S01008393,A B D E. Agriculture energy and water,11,9,1,8,2,0,2
S01008393,C. Manufacturing,22,18,1,17,4,2,2
S01008393,F. Construction,11,6,2,4,5,1,4
S01008393,G I. Distribution hotels and restaurants,42,35,21,14,7,2,5
S01008393,H J. Transport and communication,22,18,2,16,4,0,4
S01008393,K L M N. Financial real estate professional and administrative activities,81,66,10,56,15,3,12
S01008393,O P Q. Public administration education and health,139,130,54,76,9,7,2
S01008393,R S T U. Other,15,12,6,6,3,3,0
S01008394,All people aged 16 to 74 in employment,405,343,99,244,62,20,42
S01008394,A B D E. Agriculture energy and water,12,10,2,8,2,0,2
S01008394,C. Manufacturing,18,15,2,13,3,0,3
S01008394,F. Construction,17,12,1,11,5,2,3
S01008394,G I. Distribution hotels and restaurants,58,52,28,24,6,1,5
S01008394,H J. Transport and communication,33,29,7,22,4,2,2
S01008394,K L M N. Financial real estate professional and administrative activities,97,80,17,63,17,2,15
S01008394,O P Q. Public administration education and health,151,135,38,97,16,8,8
S01008394,R S T U. Other,19,10,4,6,9,5,4
S01008395,All people aged 16 to 74 in employment,295,268,87,181,27,8,19
S01008395,A B D E. Agriculture energy and water,4,4,0,4,0,0,0
S01008395,C. Manufacturing,18,16,3,13,2,0,2
S01008395,F. Construction,5,4,0,4,1,1,0
S01008395,G I. Distribution hotels and restaurants,65,58,31,27,7,0,7
S01008395,H J. Transport and communication,26,23,4,19,3,0,3
S01008395,K L M N. Financial real estate professional and administrative activities,44,40,14,26,4,2,2
S01008395,O P Q. Public administration education and health,125,116,31,85,9,5,4
S01008395,R S T U. Other,8,7,4,3,1,0,1
S01008396,All people aged 16 to 74 in employment,250,204,51,153,46,16,30
S01008396,A B D E. Agriculture energy and water,6,5,2,3,1,1,0
S01008396,C. Manufacturing,23,20,4,16,3,0,3
S01008396,F. Construction,16,10,1,9,6,1,5
S01008396,G I. Distribution hotels and restaurants,45,37,18,19,8,2,6
S01008396,H J. Transport and communication,24,19,2,17,5,3,2
S01008396,K L M N. Financial real estate professional and administrative activities,42,31,7,24,11,5,6
S01008396,O P Q. Public administration education and health,88,79,16,63,9,3,6
S01008396,R S T U. Other,6,3,1,2,3,1,2
S01008397,All people aged 16 to 74 in employment,469,407,119,288,62,21,41
S01008397,A B D E. Agriculture energy and water,7,7,1,6,0,0,0
S01008397,C. Manufacturing,21,19,0,19,2,2,0
S01008397,F. Construction,18,12,2,10,6,2,4
S01008397,G I. Distribution hotels and restaurants,75,65,32,33,10,3,7
S01008397,H J. Transport and communication,42,28,3,25,14,3,11
S01008397,K L M N. Financial real estate professional and administrative activities,104,86,20,66,18,4,14
S01008397,O P Q. Public administration education and health,188,180,58,122,8,4,4
S01008397,R S T U. Other,14,10,3,7,4,3,1
S01008398,All people aged 16 to 74 in employment,263,223,67,156,40,10,30
S01008398,A B D E. Agriculture energy and water,2,2,2,0,0,0,0
S01008398,C. Manufacturing,11,11,0,11,0,0,0
S01008398,F. Construction,20,13,2,11,7,1,6
S01008398,G I. Distribution hotels and restaurants,38,32,17,15,6,0,6
S01008398,H J. Transport and communication,23,18,3,15,5,2,3
S01008398,K L M N. Financial real estate professional and administrative activities,48,36,4,32,12,2,10
S01008398,O P Q. Public administration education and health,112,104,34,70,8,5,3
S01008398,R S T U. Other,9,7,5,2,2,0,2
S01008399,All people aged 16 to 74 in employment,221,187,49,138,34,11,23
S01008399,A B D E. Agriculture energy and water,5,5,0,5,0,0,0
S01008399,C. Manufacturing,12,12,0,12,0,0,0
S01008399,F. Construction,17,6,0,6,11,4,7
S01008399,G I. Distribution hotels and restaurants,44,34,16,18,10,3,7
S01008399,H J. Transport and communication,14,11,4,7,3,1,2
S01008399,K L M N. Financial real estate professional and administrative activities,33,31,8,23,2,1,1
S01008399,O P Q. Public administration education and health,87,81,18,63,6,2,4
S01008399,R S T U. Other,9,7,3,4,2,0,2
S01008400,All people aged 16 to 74 in employment,314,273,92,181,41,12,29
S01008400,A B D E. Agriculture energy and water,4,3,0,3,1,1,0
S01008400,C. Manufacturing,15,15,1,14,0,0,0
S01008400,F. Construction,16,10,0,10,6,1,5
S01008400,G I. Distribution hotels and restaurants,65,50,29,21,15,4,11
S01008400,H J. Transport and communication,15,13,2,11,2,2,0
S01008400,K L M N. Financial real estate professional and administrative activities,73,64,15,49,9,0,9
S01008400,O P Q. Public administration education and health,118,113,41,72,5,4,1
S01008400,R S T U. Other,8,5,4,1,3,0,3
S01008401,All people aged 16 to 74 in employment,445,385,114,271,60,20,40
S01008401,A B D E. Agriculture energy and water,5,5,1,4,0,0,0
S01008401,C. Manufacturing,18,17,7,10,1,0,1
S01008401,F. Construction,19,11,0,11,8,2,6
S01008401,G I. Distribution hotels and restaurants,88,70,32,38,18,6,12
S01008401,H J. Transport and communication,32,23,4,19,9,1,8
S01008401,K L M N. Financial real estate professional and administrative activities,84,70,18,52,14,8,6
S01008401,O P Q. Public administration education and health,182,176,43,133,6,2,4
S01008401,R S T U. Other,17,13,9,4,4,1,3
S01008402,All people aged 16 to 74 in employment,490,333,100,233,157,63,94
S01008402,A B D E. Agriculture energy and water,2,2,0,2,0,0,0
S01008402,C. Manufacturing,26,19,3,16,7,2,5
S01008402,F. Construction,20,8,3,5,12,2,10
S01008402,G I. Distribution hotels and restaurants,90,59,29,30,31,11,20
S01008402,H J. Transport and communication,25,23,6,17,2,1,1
S01008402,K L M N. Financial real estate professional and administrative activities,131,74,11,63,57,25,32
S01008402,O P Q. Public administration education and health,172,138,44,94,34,18,16
S01008402,R S T U. Other,24,10,4,6,14,4,10
S01008403,All people aged 16 to 74 in employment,279,226,82,144,53,9,44
S01008403,A B D E. Agriculture energy and water,3,3,1,2,0,0,0
S01008403,C. Manufacturing,21,17,1,16,4,0,4
S01008403,F. Construction,17,11,0,11,6,0,6
S01008403,G I. Distribution hotels and restaurants,57,47,31,16,10,1,9
S01008403,H J. Transport and communication,16,14,2,12,2,0,2
S01008403,K L M N. Financial real estate professional and administrative activities,59,42,11,31,17,3,14
S01008403,O P Q. Public administration education and health,94,85,35,50,9,3,6
S01008403,R S T U. Other,12,7,1,6,5,2,3
S01008404,All people aged 16 to 74 in employment,404,331,101,230,73,21,52
S01008404,A B D E. Agriculture energy and water,6,5,0,5,1,0,1
S01008404,C. Manufacturing,22,19,1,18,3,0,3
S01008404,F. Construction,31,22,5,17,9,3,6
S01008404,G I. Distribution hotels and restaurants,70,58,25,33,12,4,8
S01008404,H J. Transport and communication,37,30,4,26,7,1,6
S01008404,K L M N. Financial real estate professional and administrative activities,76,52,10,42,24,6,18
S01008404,O P Q. Public administration education and health,148,135,50,85,13,5,8
S01008404,R S T U. Other,14,10,6,4,4,2,2
S01008405,All people aged 16 to 74 in employment,385,291,99,192,94,29,65
S01008405,A B D E. Agriculture energy and water,2,1,0,1,1,0,1
S01008405,C. Manufacturing,18,13,2,11,5,0,5
S01008405,F. Construction,14,10,0,10,4,1,3
S01008405,G I. Distribution hotels and restaurants,66,55,30,25,11,3,8
S01008405,H J. Transport and communication,25,20,2,18,5,2,3
S01008405,K L M N. Financial real estate professional and administrative activities,95,62,15,47,33,6,27
S01008405,O P Q. Public administration education and health,144,119,44,75,25,13,12
S01008405,R S T U. Other,21,11,6,5,10,4,6
S01008406,All people aged 16 to 74 in employment,367,301,87,214,66,26,40
S01008406,A B D E. Agriculture energy and water,8,8,3,5,0,0,0
S01008406,C. Manufacturing,14,11,0,11,3,2,1
S01008406,F. Construction,26,13,2,11,13,0,13
S01008406,G I. Distribution hotels and restaurants,65,51,23,28,14,3,11
S01008406,H J. Transport and communication,23,23,4,19,0,0,0
S01008406,K L M N. Financial real estate professional and administrative activities,77,61,13,48,16,8,8
S01008406,O P Q. Public administration education and health,144,129,40,89,15,9,6
S01008406,R S T U. Other,10,5,2,3,5,4,1
S01008407,All people aged 16 to 74 in employment,214,183,51,132,31,7,24
S01008407,A B D E. Agriculture energy and water,6,6,1,5,0,0,0
S01008407,C. Manufacturing,12,9,1,8,3,0,3
S01008407,F. Construction,9,6,2,4,3,0,3
S01008407,G I. Distribution hotels and restaurants,34,27,11,16,7,3,4
S01008407,H J. Transport and communication,14,14,2,12,0,0,0
S01008407,K L M N. Financial real estate professional and administrative activities,44,38,10,28,6,1,5
S01008407,O P Q. Public administration education and health,83,76,21,55,7,2,5
S01008407,R S T U. Other,12,7,3,4,5,1,4
S01008408,All people aged 16 to 74 in employment,339,297,95,202,42,11,31
S01008408,A B D E. Agriculture energy and water,8,7,0,7,1,0,1
S01008408,C. Manufacturing,20,17,1,16,3,3,0
S01008408,F. Construction,25,16,2,14,9,3,6
S01008408,G I. Distribution hotels and restaurants,63,58,27,31,5,1,4
S01008408,H J. Transport and communication,28,20,3,17,8,2,6
S01008408,K L M N. Financial real estate professional and administrative activities,57,48,15,33,9,0,9
S01008408,O P Q. Public administration education and health,125,121,43,78,4,2,2
S01008408,R S T U. Other,13,10,4,6,3,0,3
S01008409,All people aged 16 to 74 in employment,376,348,101,247,28,10,18
S01008409,A B D E. Agriculture energy and water,6,6,0,6,0,0,0
S01008409,C. Manufacturing,19,18,0,18,1,0,1
S01008409,F. Construction,27,25,2,23,2,0,2
S01008409,G I. Distribution hotels and restaurants,86,79,42,37,7,1,6
S01008409,H J. Transport and communication,35,33,3,30,2,1,1
S01008409,K L M N. Financial real estate professional and administrative activities,59,54,14,40,5,3,2
S01008409,O P Q. Public administration education and health,130,124,38,86,6,2,4
S01008409,R S T U. Other,14,9,2,7,5,3,2
S01008410,All people aged 16 to 74 in employment,238,195,60,135,43,8,35
S01008410,A B D E. Agriculture energy and water,2,2,0,2,0,0,0
S01008410,C. Manufacturing,10,9,0,9,1,0,1
S01008410,F. Construction,9,5,0,5,4,0,4
S01008410,G I. Distribution hotels and restaurants,59,48,28,20,11,3,8
S01008410,H J. Transport and communication,17,11,1,10,6,0,6
S01008410,K L M N. Financial real estate professional and administrative activities,39,31,6,25,8,0,8
S01008410,O P Q. Public administration education and health,93,85,24,61,8,3,5
S01008410,R S T U. Other,9,4,1,3,5,2,3
S01008411,All people aged 16 to 74 in employment,315,275,88,187,40,12,28
S01008411,A B D E. Agriculture energy and water,9,9,2,7,0,0,0
S01008411,C. Manufacturing,18,16,0,16,2,0,2
S01008411,F. Construction,22,15,1,14,7,3,4
S01008411,G I. Distribution hotels and restaurants,59,49,27,22,10,4,6
S01008411,H J. Transport and communication,21,16,3,13,5,0,5
S01008411,K L M N. Financial real estate professional and administrative activities,65,58,16,42,7,2,5
S01008411,O P Q. Public administration education and health,103,95,33,62,8,3,5
S01008411,R S T U. Other,18,17,6,11,1,0,1
S01008412,All people aged 16 to 74 in employment,325,283,101,182,42,11,31
S01008412,A B D E. Agriculture energy and water,10,10,2,8,0,0,0
S01008412,C. Manufacturing,20,18,5,13,2,0,2
S01008412,F. Construction,25,21,0,21,4,0,4
S01008412,G I. Distribution hotels and restaurants,81,71,47,24,10,2,8
S01008412,H J. Transport and communication,31,22,2,20,9,2,7
S01008412,K L M N. Financial real estate professional and administrative activities,56,49,11,38,7,1,6
S01008412,O P Q. Public administration education and health,92,84,30,54,8,5,3
S01008412,R S T U. Other,10,8,4,4,2,1,1
S01008413,All people aged 16 to 74 in employment,265,224,73,151,41,14,27
S01008413,A B D E. Agriculture energy and water,8,7,1,6,1,0,1
S01008413,C. Manufacturing,20,20,1,19,0,0,0
S01008413,F. Construction,19,13,2,11,6,2,4
S01008413,G I. Distribution hotels and restaurants,68,57,28,29,11,4,7
S01008413,H J. Transport and communication,14,13,0,13,1,0,1
S01008413,K L M N. Financial real estate professional and administrative activities,37,24,8,16,13,2,11
S01008413,O P Q. Public administration education and health,84,82,28,54,2,2,0
S01008413,R S T U. Other,15,8,5,3,7,4,3
S01008414,All people aged 16 to 74 in employment,219,185,58,127,34,7,27
S01008414,A B D E. Agriculture energy and water,2,2,1,1,0,0,0
S01008414,C. Manufacturing,9,9,0,9,0,0,0
S01008414,F. Construction,9,8,1,7,1,0,1
S01008414,G I. Distribution hotels and restaurants,46,38,18,20,8,1,7
S01008414,H J. Transport and communication,18,14,1,13,4,1,3
S01008414,K L M N. Financial real estate professional and administrative activities,44,33,10,23,11,3,8
S01008414,O P Q. Public administration education and health,74,68,22,46,6,2,4
S01008414,R S T U. Other,17,13,5,8,4,0,4
S01008415,All people aged 16 to 74 in employment,434,382,123,259,52,18,34
S01008415,A B D E. Agriculture energy and water,7,7,2,5,0,0,0
S01008415,C. Manufacturing,28,26,3,23,2,1,1
S01008415,F. Construction,25,20,0,20,5,2,3
S01008415,G I. Distribution hotels and restaurants,106,91,54,37,15,3,12
S01008415,H J. Transport and communication,28,21,3,18,7,1,6
S01008415,K L M N. Financial real estate professional and administrative activities,70,63,12,51,7,4,3
S01008415,O P Q. Public administration education and health,157,144,43,101,13,6,7
S01008415,R S T U. Other,13,10,6,4,3,1,2
S01008416,All people aged 16 to 74 in employment,430,385,116,269,45,7,38
S01008416,A B D E. Agriculture energy and water,8,8,1,7,0,0,0
S01008416,C. Manufacturing,30,29,1,28,1,0,1
S01008416,F. Construction,30,22,1,21,8,0,8
S01008416,G I. Distribution hotels and restaurants,108,95,45,50,13,0,13
S01008416,H J. Transport and communication,34,24,5,19,10,1,9
S01008416,K L M N. Financial real estate professional and administrative activities,62,55,11,44,7,3,4
S01008416,O P Q. Public administration education and health,133,131,41,90,2,0,2
S01008416,R S T U. Other,25,21,11,10,4,3,1
S01008417,All people aged 16 to 74 in employment,353,288,101,187,65,28,37
S01008417,A B D E. Agriculture energy and water,12,8,2,6,4,1,3
S01008417,C. Manufacturing,12,11,0,11,1,0,1
S01008417,F. Construction,16,10,2,8,6,1,5
S01008417,G I. Distribution hotels and restaurants,48,40,23,17,8,2,6
S01008417,H J. Transport and communication,32,26,5,21,6,1,5
S01008417,K L M N. Financial real estate professional and administrative activities,76,59,11,48,17,10,7
S01008417,O P Q. Public administration education and health,134,120,52,68,14,8,6
S01008417,R S T U. Other,23,14,6,8,9,5,4
S01008418,All people aged 16 to 74 in employment,375,321,97,224,54,18,36
S01008418,A B D E. Agriculture energy and water,13,5,2,3,8,2,6
S01008418,C. Manufacturing,16,15,1,14,1,1,0
S01008418,F. Construction,18,9,3,6,9,1,8
S01008418,G I. Distribution hotels and restaurants,51,48,23,25,3,0,3
S01008418,H J. Transport and communication,25,14,1,13,11,2,9
S01008418,K L M N. Financial real estate professional and administrative activities,91,77,20,57,14,6,8
S01008418,O P Q. Public administration education and health,137,133,41,92,4,4,0
S01008418,R S T U. Other,24,20,6,14,4,2,2
S01008419,All people aged 16 to 74 in employment,242,199,69,130,43,14,29
S01008419,A B D E. Agriculture energy and water,1,1,0,1,0,0,0
S01008419,C. Manufacturing,12,11,2,9,1,0,1
S01008419,F. Construction,7,6,1,5,1,1,0
S01008419,G I. Distribution hotels and restaurants,33,23,10,13,10,4,6
S01008419,H J. Transport and communication,24,18,6,12,6,2,4
S01008419,K L M N. Financial real estate professional and administrative activities,60,48,12,36,12,2,10
S01008419,O P Q. Public administration education and health,90,81,32,49,9,4,5
S01008419,R S T U. Other,15,11,6,5,4,1,3
S01008420,All people aged 16 to 74 in employment,240,214,67,147,26,12,14
S01008420,A B D E. Agriculture energy and water,2,2,1,1,0,0,0
S01008420,C. Manufacturing,12,11,0,11,1,0,1
S01008420,F. Construction,14,11,1,10,3,0,3
S01008420,G I. Distribution hotels and restaurants,36,33,17,16,3,2,1
S01008420,H J. Transport and communication,15,12,3,9,3,1,2
S01008420,K L M N. Financial real estate professional and administrative activities,64,55,11,44,9,5,4
S01008420,O P Q. Public administration education and health,83,80,31,49,3,2,1
S01008420,R S T U. Other,14,10,3,7,4,2,2
S01008421,All people aged 16 to 74 in employment,431,393,112,281,38,10,28
S01008421,A B D E. Agriculture energy and water,6,6,1,5,0,0,0
S01008421,C. Manufacturing,26,25,1,24,1,1,0
S01008421,F. Construction,30,20,2,18,10,0,10
S01008421,G I. Distribution hotels and restaurants,69,65,25,40,4,0,4
S01008421,H J. Transport and communication,39,32,1,31,7,1,6
S01008421,K L M N. Financial real estate professional and administrative activities,83,75,16,59,8,4,4
S01008421,O P Q. Public administration education and health,163,158,61,97,5,2,3
S01008421,R S T U. Other,15,12,5,7,3,2,1
S01008422,All people aged 16 to 74 in employment,269,219,75,144,50,18,32
S01008422,A B D E. Agriculture energy and water,6,5,1,4,1,0,1
S01008422,C. Manufacturing,9,7,0,7,2,0,2
S01008422,F. Construction,23,17,5,12,6,1,5
S01008422,G I. Distribution hotels and restaurants,30,26,12,14,4,2,2
S01008422,H J. Transport and communication,13,10,2,8,3,0,3
S01008422,K L M N. Financial real estate professional and administrative activities,79,59,14,45,20,8,12
S01008422,O P Q. Public administration education and health,93,84,34,50,9,4,5
S01008422,R S T U. Other,16,11,7,4,5,3,2
S01008423,All people aged 16 to 74 in employment,482,391,111,280,91,30,61
S01008423,A B D E. Agriculture energy and water,8,4,0,4,4,0,4
S01008423,C. Manufacturing,29,25,5,20,4,2,2
S01008423,F. Construction,23,12,2,10,11,0,11
S01008423,G I. Distribution hotels and restaurants,67,53,21,32,14,4,10
S01008423,H J. Transport and communication,31,27,6,21,4,0,4
S01008423,K L M N. Financial real estate professional and administrative activities,147,116,25,91,31,10,21
S01008423,O P Q. Public administration education and health,155,137,46,91,18,11,7
S01008423,R S T U. Other,22,17,6,11,5,3,2
S01008424,All people aged 16 to 74 in employment,332,277,98,179,55,20,35
S01008424,A B D E. Agriculture energy and water,6,4,2,2,2,0,2
S01008424,C. Manufacturing,13,12,2,10,1,1,0
S01008424,F. Construction,9,6,1,5,3,1,2
S01008424,G I. Distribution hotels and restaurants,39,30,17,13,9,3,6
S01008424,H J. Transport and communication,18,9,1,8,9,4,5
S01008424,K L M N. Financial real estate professional and administrative activities,109,87,22,65,22,5,17
S01008424,O P Q. Public administration education and health,124,117,47,70,7,5,2
S01008424,R S T U. Other,14,12,6,6,2,1,1
S01008425,All people aged 16 to 74 in employment,677,610,296,314,67,26,41
S01008425,A B D E. Agriculture energy and water,13,12,2,10,1,0,1
S01008425,C. Manufacturing,20,17,2,15,3,0,3
S01008425,F. Construction,24,15,1,14,9,2,7
S01008425,G I. Distribution hotels and restaurants,207,201,160,41,6,3,3
S01008425,H J. Transport and communication,51,36,4,32,15,6,9
S01008425,K L M N. Financial real estate professional and administrative activities,124,107,24,83,17,6,11
S01008425,O P Q. Public administration education and health,200,190,80,110,10,6,4
S01008425,R S T U. Other,38,32,23,9,6,3,3
S01008426,All people aged 16 to 74 in employment,253,229,67,162,24,6,18
S01008426,A B D E. Agriculture energy and water,9,9,1,8,0,0,0
S01008426,C. Manufacturing,10,10,1,9,0,0,0
S01008426,F. Construction,18,13,2,11,5,0,5
S01008426,G I. Distribution hotels and restaurants,47,44,16,28,3,1,2
S01008426,H J. Transport and communication,23,21,4,17,2,1,1
S01008426,K L M N. Financial real estate professional and administrative activities,37,34,9,25,3,0,3
S01008426,O P Q. Public administration education and health,95,89,30,59,6,2,4
S01008426,R S T U. Other,14,9,4,5,5,2,3
S01008427,All people aged 16 to 74 in employment,647,570,171,399,77,27,50
S01008427,A B D E. Agriculture energy and water,15,12,1,11,3,1,2
S01008427,C. Manufacturing,34,33,1,32,1,0,1
S01008427,F. Construction,32,22,2,20,10,1,9
S01008427,G I. Distribution hotels and restaurants,96,87,44,43,9,2,7
S01008427,H J. Transport and communication,58,45,7,38,13,0,13
S01008427,K L M N. Financial real estate professional and administrative activities,163,145,39,106,18,8,10
S01008427,O P Q. Public administration education and health,215,201,71,130,14,11,3
S01008427,R S T U. Other,34,25,6,19,9,4,5
S01008428,All people aged 16 to 74 in employment,298,265,74,191,33,8,25
S01008428,A B D E. Agriculture energy and water,6,6,0,6,0,0,0
S01008428,C. Manufacturing,12,8,0,8,4,0,4
S01008428,F. Construction,23,19,2,17,4,1,3
S01008428,G I. Distribution hotels and restaurants,59,54,22,32,5,1,4
S01008428,H J. Transport and communication,30,23,1,22,7,1,6
S01008428,K L M N. Financial real estate professional and administrative activities,58,53,18,35,5,2,3
S01008428,O P Q. Public administration education and health,90,87,27,60,3,2,1
S01008428,R S T U. Other,20,15,4,11,5,1,4
S01008429,All people aged 16 to 74 in employment,390,349,109,240,41,13,28
S01008429,A B D E. Agriculture energy and water,5,5,1,4,0,0,0
S01008429,C. Manufacturing,24,23,0,23,1,1,0
S01008429,F. Construction,30,18,3,15,12,2,10
S01008429,G I. Distribution hotels and restaurants,52,50,28,22,2,1,1
S01008429,H J. Transport and communication,30,22,0,22,8,1,7
S01008429,K L M N. Financial real estate professional and administrative activities,95,87,22,65,8,4,4
S01008429,O P Q. Public administration education and health,139,133,51,82,6,2,4
S01008429,R S T U. Other,15,11,4,7,4,2,2
S01008430,All people aged 16 to 74 in employment,302,269,87,182,33,8,25
S01008430,A B D E. Agriculture energy and water,4,4,0,4,0,0,0
S01008430,C. Manufacturing,21,21,3,18,0,0,0
S01008430,F. Construction,13,10,1,9,3,0,3
S01008430,G I. Distribution hotels and restaurants,53,47,24,23,6,1,5
S01008430,H J. Transport and communication,18,14,1,13,4,0,4
S01008430,K L M N. Financial real estate professional and administrative activities,66,55,12,43,11,5,6
S01008430,O P Q. Public administration education and health,108,102,43,59,6,2,4
S01008430,R S T U. Other,19,16,3,13,3,0,3
S01008431,All people aged 16 to 74 in employment,387,347,119,228,40,15,25
S01008431,A B D E. Agriculture energy and water,3,3,1,2,0,0,0
S01008431,C. Manufacturing,15,12,0,12,3,1,2
S01008431,F. Construction,18,12,2,10,6,1,5
S01008431,G I. Distribution hotels and restaurants,73,66,41,25,7,3,4
S01008431,H J. Transport and communication,27,22,3,19,5,1,4
S01008431,K L M N. Financial real estate professional and administrative activities,95,85,19,66,10,5,5
S01008431,O P Q. Public administration education and health,144,138,50,88,6,2,4
S01008431,R S T U. Other,12,9,3,6,3,2,1
S01008432,All people aged 16 to 74 in employment,300,255,88,167,45,20,25
S01008432,A B D E. Agriculture energy and water,2,2,0,2,0,0,0
S01008432,C. Manufacturing,18,18,2,16,0,0,0
S01008432,F. Construction,20,12,1,11,8,1,7
S01008432,G I. Distribution hotels and restaurants,39,39,25,14,0,0,0
S01008432,H J. Transport and communication,26,15,1,14,11,3,8
S01008432,K L M N. Financial real estate professional and administrative activities,68,64,20,44,4,2,2
S01008432,O P Q. Public administration education and health,114,100,37,63,14,7,7
S01008432,R S T U. Other,13,5,2,3,8,7,1
S01008433,All people aged 16 to 74 in employment,450,394,124,270,56,15,41
S01008433,A B D E. Agriculture energy and water,4,4,0,4,0,0,0
S01008433,C. Manufacturing,18,18,1,17,0,0,0
S01008433,F. Construction,30,21,2,19,9,1,8
S01008433,G I. Distribution hotels and restaurants,75,71,38,33,4,1,3
S01008433,H J. Transport and communication,48,31,2,29,17,0,17
S01008433,K L M N. Financial real estate professional and administrative activities,105,91,18,73,14,7,7
S01008433,O P Q. Public administration education and health,146,140,54,86,6,2,4
S01008433,R S T U. Other,24,18,9,9,6,4,2
S01008434,All people aged 16 to 74 in employment,415,365,103,262,50,19,31
S01008434,A B D E. Agriculture energy and water,5,5,1,4,0,0,0
S01008434,C. Manufacturing,16,16,0,16,0,0,0
S01008434,F. Construction,34,25,1,24,9,0,9
S01008434,G I. Distribution hotels and restaurants,55,50,19,31,5,4,1
S01008434,H J. Transport and communication,37,22,1,21,15,2,13
S01008434,K L M N. Financial real estate professional and administrative activities,118,111,37,74,7,5,2
S01008434,O P Q. Public administration education and health,134,126,39,87,8,6,2
S01008434,R S T U. Other,16,10,5,5,6,2,4
S01008435,All people aged 16 to 74 in employment,368,329,98,231,39,8,31
S01008435,A B D E. Agriculture energy and water,2,2,0,2,0,0,0
S01008435,C. Manufacturing,21,19,3,16,2,0,2
S01008435,F. Construction,24,15,2,13,9,2,7
S01008435,G I. Distribution hotels and restaurants,67,59,31,28,8,1,7
S01008435,H J. Transport and communication,27,19,2,17,8,1,7
S01008435,K L M N. Financial real estate professional and administrative activities,92,88,26,62,4,1,3
S01008435,O P Q. Public administration education and health,122,117,29,88,5,3,2
S01008435,R S T U. Other,13,10,5,5,3,0,3
S01008436,All people aged 16 to 74 in employment,412,350,104,246,62,15,47
S01008436,A B D E. Agriculture energy and water,7,5,0,5,2,0,2
S01008436,C. Manufacturing,28,28,3,25,0,0,0
S01008436,F. Construction,17,12,1,11,5,0,5
S01008436,G I. Distribution hotels and restaurants,61,53,24,29,8,1,7
S01008436,H J. Transport and communication,33,16,2,14,17,5,12
S01008436,K L M N. Financial real estate professional and administrative activities,115,98,14,84,17,4,13
S01008436,O P Q. Public administration education and health,130,120,53,67,10,4,6
S01008436,R S T U. Other,21,18,7,11,3,1,2
S01008437,All people aged 16 to 74 in employment,349,297,72,225,52,13,39
S01008437,A B D E. Agriculture energy and water,4,2,0,2,2,0,2
S01008437,C. Manufacturing,16,13,1,12,3,0,3
S01008437,F. Construction,11,4,0,4,7,1,6
S01008437,G I. Distribution hotels and restaurants,50,45,20,25,5,2,3
S01008437,H J. Transport and communication,34,27,5,22,7,2,5
S01008437,K L M N. Financial real estate professional and administrative activities,88,72,7,65,16,3,13
S01008437,O P Q. Public administration education and health,132,124,35,89,8,4,4
S01008437,R S T U. Other,14,10,4,6,4,1,3
S01008438,All people aged 16 to 74 in employment,245,199,54,145,46,11,35
S01008438,A B D E. Agriculture energy and water,4,2,1,1,2,0,2
S01008438,C. Manufacturing,13,9,2,7,4,0,4
S01008438,F. Construction,13,10,0,10,3,2,1
S01008438,G I. Distribution hotels and restaurants,22,16,7,9,6,2,4
S01008438,H J. Transport and communication,19,11,2,9,8,3,5
S01008438,K L M N. Financial real estate professional and administrative activities,72,54,12,42,18,1,17
S01008438,O P Q. Public administration education and health,93,89,29,60,4,2,2
S01008438,R S T U. Other,9,8,1,7,1,1,0
S01008439,All people aged 16 to 74 in employment,528,448,130,318,80,26,54
S01008439,A B D E. Agriculture energy and water,6,5,0,5,1,0,1
S01008439,C. Manufacturing,17,17,2,15,0,0,0
S01008439,F. Construction,24,16,5,11,8,0,8
S01008439,G I. Distribution hotels and restaurants,50,43,16,27,7,3,4
S01008439,H J. Transport and communication,33,25,4,21,8,3,5
S01008439,K L M N. Financial real estate professional and administrative activities,169,143,36,107,26,7,19
S01008439,O P Q. Public administration education and health,208,188,62,126,20,8,12
S01008439,R S T U. Other,21,11,5,6,10,5,5
S01008440,All people aged 16 to 74 in employment,440,358,93,265,82,38,44
S01008440,A B D E. Agriculture energy and water,2,2,0,2,0,0,0
S01008440,C. Manufacturing,14,12,0,12,2,1,1
S01008440,F. Construction,9,8,2,6,1,0,1
S01008440,G I. Distribution hotels and restaurants,36,30,15,15,6,2,4
S01008440,H J. Transport and communication,27,15,0,15,12,5,7
S01008440,K L M N. Financial real estate professional and administrative activities,158,122,20,102,36,15,21
S01008440,O P Q. Public administration education and health,172,154,54,100,18,12,6
S01008440,R S T U. Other,22,15,2,13,7,3,4
S01008441,All people aged 16 to 74 in employment,224,183,60,123,41,18,23
S01008441,A B D E. Agriculture energy and water,7,6,1,5,1,0,1
S01008441,C. Manufacturing,8,8,2,6,0,0,0
S01008441,F. Construction,7,4,0,4,3,0,3
S01008441,G I. Distribution hotels and restaurants,30,24,17,7,6,4,2
S01008441,H J. Transport and communication,7,3,0,3,4,2,2
S01008441,K L M N. Financial real estate professional and administrative activities,58,46,10,36,12,5,7
S01008441,O P Q. Public administration education and health,94,85,27,58,9,3,6
S01008441,R S T U. Other,13,7,3,4,6,4,2
S01008442,All people aged 16 to 74 in employment,385,315,65,250,70,23,47
S01008442,A B D E. Agriculture energy and water,6,6,0,6,0,0,0
S01008442,C. Manufacturing,21,17,0,17,4,1,3
S01008442,F. Construction,14,3,1,2,11,3,8
S01008442,G I. Distribution hotels and restaurants,49,36,8,28,13,3,10
S01008442,H J. Transport and communication,26,23,3,20,3,2,1
S01008442,K L M N. Financial real estate professional and administrative activities,105,92,8,84,13,3,10
S01008442,O P Q. Public administration education and health,140,125,41,84,15,8,7
S01008442,R S T U. Other,24,13,4,9,11,3,8
S01008443,All people aged 16 to 74 in employment,253,206,57,149,47,13,34
S01008443,A B D E. Agriculture energy and water,3,3,1,2,0,0,0
S01008443,C. Manufacturing,7,6,0,6,1,1,0
S01008443,F. Construction,20,13,3,10,7,1,6
S01008443,G I. Distribution hotels and restaurants,32,27,11,16,5,1,4
S01008443,H J. Transport and communication,14,13,3,10,1,0,1
S01008443,K L M N. Financial real estate professional and administrative activities,83,59,8,51,24,5,19
S01008443,O P Q. Public administration education and health,83,77,28,49,6,4,2
S01008443,R S T U. Other,11,8,3,5,3,1,2
S01008444,All people aged 16 to 74 in employment,337,293,83,210,44,11,33
S01008444,A B D E. Agriculture energy and water,4,4,0,4,0,0,0
S01008444,C. Manufacturing,12,9,2,7,3,1,2
S01008444,F. Construction,12,7,0,7,5,2,3
S01008444,G I. Distribution hotels and restaurants,52,50,26,24,2,0,2
S01008444,H J. Transport and communication,29,18,3,15,11,3,8
S01008444,K L M N. Financial real estate professional and administrative activities,58,47,10,37,11,2,9
S01008444,O P Q. Public administration education and health,154,148,39,109,6,1,5
S01008444,R S T U. Other,16,10,3,7,6,2,4
S01008445,All people aged 16 to 74 in employment,310,278,83,195,32,7,25
S01008445,A B D E. Agriculture energy and water,4,4,1,3,0,0,0
S01008445,C. Manufacturing,10,10,0,10,0,0,0
S01008445,F. Construction,5,1,1,0,4,0,4
S01008445,G I. Distribution hotels and restaurants,35,29,22,7,6,0,6
S01008445,H J. Transport and communication,14,9,0,9,5,0,5
S01008445,K L M N. Financial real estate professional and administrative activities,42,35,9,26,7,0,7
S01008445,O P Q. Public administration education and health,190,182,45,137,8,5,3
S01008445,R S T U. Other,10,8,5,3,2,2,0
S01008446,All people aged 16 to 74 in employment,400,326,90,236,74,26,48
S01008446,A B D E. Agriculture energy and water,3,3,0,3,0,0,0
S01008446,C. Manufacturing,14,13,1,12,1,1,0
S01008446,F. Construction,15,9,0,9,6,2,4
S01008446,G I. Distribution hotels and restaurants,48,30,15,15,18,5,13
S01008446,H J. Transport and communication,20,12,3,9,8,2,6
S01008446,K L M N. Financial real estate professional and administrative activities,119,94,17,77,25,6,19
S01008446,O P Q. Public administration education and health,163,153,48,105,10,7,3
S01008446,R S T U. Other,18,12,6,6,6,3,3
S01008447,All people aged 16 to 74 in employment,341,274,78,196,67,11,56
S01008447,A B D E. Agriculture energy and water,5,5,0,5,0,0,0
S01008447,C. Manufacturing,11,10,0,10,1,0,1
S01008447,F. Construction,12,4,0,4,8,0,8
S01008447,G I. Distribution hotels and restaurants,47,38,19,19,9,1,8
S01008447,H J. Transport and communication,19,13,3,10,6,0,6
S01008447,K L M N. Financial real estate professional and administrative activities,112,85,20,65,27,6,21
S01008447,O P Q. Public administration education and health,118,106,31,75,12,3,9
S01008447,R S T U. Other,17,13,5,8,4,1,3
S01008448,All people aged 16 to 74 in employment,365,296,92,204,69,24,45
S01008448,A B D E. Agriculture energy and water,7,7,2,5,0,0,0
S01008448,C. Manufacturing,13,13,3,10,0,0,0
S01008448,F. Construction,31,21,4,17,10,2,8
S01008448,G I. Distribution hotels and restaurants,56,42,23,19,14,1,13
S01008448,H J. Transport and communication,37,24,5,19,13,7,6
S01008448,K L M N. Financial real estate professional and administrative activities,80,66,16,50,14,3,11
S01008448,O P Q. Public administration education and health,119,112,36,76,7,3,4
S01008448,R S T U. Other,22,11,3,8,11,8,3
S01008449,All people aged 16 to 74 in employment,310,279,89,190,31,11,20
S01008449,A B D E. Agriculture energy and water,6,6,1,5,0,0,0
S01008449,C. Manufacturing,9,9,0,9,0,0,0
S01008449,F. Construction,18,9,0,9,9,1,8
S01008449,G I. Distribution hotels and restaurants,100,94,39,55,6,0,6
S01008449,H J. Transport and communication,26,18,1,17,8,4,4
S01008449,K L M N. Financial real estate professional and administrative activities,65,61,13,48,4,3,1
S01008449,O P Q. Public administration education and health,67,67,25,42,0,0,0
S01008449,R S T U. Other,19,15,10,5,4,3,1
S01008450,All people aged 16 to 74 in employment,224,203,84,119,21,7,14
S01008450,A B D E. Agriculture energy and water,2,2,0,2,0,0,0
S01008450,C. Manufacturing,7,7,0,7,0,0,0
S01008450,F. Construction,13,8,1,7,5,1,4
S01008450,G I. Distribution hotels and restaurants,70,66,39,27,4,2,2
S01008450,H J. Transport and communication,14,10,1,9,4,2,2
S01008450,K L M N. Financial real estate professional and administrative activities,43,38,13,25,5,1,4
S01008450,O P Q. Public administration education and health,61,60,26,34,1,1,0
S01008450,R S T U. Other,14,12,4,8,2,0,2
S01008451,All people aged 16 to 74 in employment,232,218,98,120,14,2,12
S01008451,A B D E. Agriculture energy and water,7,7,0,7,0,0,0
S01008451,C. Manufacturing,15,15,2,13,0,0,0
S01008451,F. Construction,11,9,2,7,2,0,2
S01008451,G I. Distribution hotels and restaurants,67,63,44,19,4,0,4
S01008451,H J. Transport and communication,18,14,2,12,4,0,4
S01008451,K L M N. Financial real estate professional and administrative activities,44,41,17,24,3,1,2
S01008451,O P Q. Public administration education and health,60,59,28,31,1,1,0
S01008451,R S T U. Other,10,10,3,7,0,0,0
S01008452,All people aged 16 to 74 in employment,233,211,73,138,22,8,14
S01008452,A B D E. Agriculture energy and water,5,5,1,4,0,0,0
S01008452,C. Manufacturing,11,9,0,9,2,1,1
S01008452,F. Construction,13,6,1,5,7,2,5
S01008452,G I. Distribution hotels and restaurants,71,66,37,29,5,2,3
S01008452,H J. Transport and communication,13,13,2,11,0,0,0
S01008452,K L M N. Financial real estate professional and administrative activities,41,39,9,30,2,1,1
S01008452,O P Q. Public administration education and health,68,64,20,44,4,1,3
S01008452,R S T U. Other,11,9,3,6,2,1,1
S01008453,All people aged 16 to 74 in employment,271,245,63,182,26,6,20
S01008453,A B D E. Agriculture energy and water,5,5,0,5,0,0,0
S01008453,C. Manufacturing,7,6,0,6,1,0,1
S01008453,F. Construction,14,11,2,9,3,0,3
S01008453,G I. Distribution hotels and restaurants,69,65,27,38,4,2,2
S01008453,H J. Transport and communication,27,19,1,18,8,1,7
S01008453,K L M N. Financial real estate professional and administrative activities,67,60,12,48,7,3,4
S01008453,O P Q. Public administration education and health,64,62,17,45,2,0,2
S01008453,R S T U. Other,18,17,4,13,1,0,1
S01008454,All people aged 16 to 74 in employment,354,325,122,203,29,11,18
S01008454,A B D E. Agriculture energy and water,5,5,0,5,0,0,0
S01008454,C. Manufacturing,12,10,1,9,2,1,1
S01008454,F. Construction,26,15,4,11,11,2,9
S01008454,G I. Distribution hotels and restaurants,110,103,50,53,7,4,3
S01008454,H J. Transport and communication,30,29,3,26,1,1,0
S01008454,K L M N. Financial real estate professional and administrative activities,55,53,19,34,2,0,2
S01008454,O P Q. Public administration education and health,91,86,36,50,5,2,3
S01008454,R S T U. Other,25,24,9,15,1,1,0
S01008455,All people aged 16 to 74 in employment,361,331,94,237,30,11,19
S01008455,A B D E. Agriculture energy and water,6,6,1,5,0,0,0
S01008455,C. Manufacturing,21,21,2,19,0,0,0
S01008455,F. Construction,27,21,2,19,6,1,5
S01008455,G I. Distribution hotels and restaurants,88,85,39,46,3,1,2
S01008455,H J. Transport and communication,30,25,3,22,5,1,4
S01008455,K L M N. Financial real estate professional and administrative activities,92,83,26,57,9,6,3
S01008455,O P Q. Public administration education and health,89,86,18,68,3,1,2
S01008455,R S T U. Other,8,4,3,1,4,1,3
S01008456,All people aged 16 to 74 in employment,359,326,129,197,33,11,22
S01008456,A B D E. Agriculture energy and water,6,6,0,6,0,0,0
S01008456,C. Manufacturing,17,16,6,10,1,1,0
S01008456,F. Construction,29,15,0,15,14,5,9
S01008456,G I. Distribution hotels and restaurants,87,85,47,38,2,0,2
S01008456,H J. Transport and communication,33,28,5,23,5,1,4
S01008456,K L M N. Financial real estate professional and administrative activities,77,72,27,45,5,0,5
S01008456,O P Q. Public administration education and health,94,94,41,53,0,0,0
S01008456,R S T U. Other,16,10,3,7,6,4,2
S01008457,All people aged 16 to 74 in employment,244,233,59,174,11,7,4
S01008457,A B D E. Agriculture energy and water,8,7,0,7,1,1,0
S01008457,C. Manufacturing,12,12,0,12,0,0,0
S01008457,F. Construction,21,18,0,18,3,0,3
S01008457,G I. Distribution hotels and restaurants,66,64,26,38,2,2,0
S01008457,H J. Transport and communication,25,24,5,19,1,0,1
S01008457,K L M N. Financial real estate professional and administrative activities,36,35,9,26,1,1,0
S01008457,O P Q. Public administration education and health,64,62,19,43,2,2,0
S01008457,R S T U. Other,12,11,0,11,1,1,0
S01008458,All people aged 16 to 74 in employment,465,429,112,317,36,13,23
S01008458,A B D E. Agriculture energy and water,3,3,0,3,0,0,0
S01008458,C. Manufacturing,16,16,0,16,0,0,0
S01008458,F. Construction,42,33,2,31,9,2,7
S01008458,G I. Distribution hotels and restaurants,97,90,33,57,7,1,6
S01008458,H J. Transport and communication,41,34,5,29,7,1,6
S01008458,K L M N. Financial real estate professional and administrative activities,107,100,25,75,7,5,2
S01008458,O P Q. Public administration education and health,132,128,44,84,4,3,1
S01008458,R S T U. Other,27,25,3,22,2,1,1
S01008459,All people aged 16 to 74 in employment,299,278,88,190,21,9,12
S01008459,A B D E. Agriculture energy and water,4,4,0,4,0,0,0
S01008459,C. Manufacturing,9,9,0,9,0,0,0
S01008459,F. Construction,15,11,1,10,4,0,4
S01008459,G I. Distribution hotels and restaurants,87,84,32,52,3,1,2
S01008459,H J. Transport and communication,23,21,2,19,2,0,2
S01008459,K L M N. Financial real estate professional and administrative activities,72,64,22,42,8,5,3
S01008459,O P Q. Public administration education and health,80,77,26,51,3,3,0
S01008459,R S T U. Other,9,8,5,3,1,0,1
S01008460,All people aged 16 to 74 in employment,259,244,96,148,15,7,8
S01008460,A B D E. Agriculture energy and water,2,2,0,2,0,0,0
S01008460,C. Manufacturing,11,11,2,9,0,0,0
S01008460,F. Construction,18,15,5,10,3,1,2
S01008460,G I. Distribution hotels and restaurants,81,80,35,45,1,0,1
S01008460,H J. Transport and communication,20,15,1,14,5,1,4
S01008460,K L M N. Financial real estate professional and administrative activities,56,52,19,33,4,4,0
S01008460,O P Q. Public administration education and health,61,59,28,31,2,1,1
S01008460,R S T U. Other,10,10,6,4,0,0,0
S01008461,All people aged 16 to 74 in employment,360,339,101,238,21,9,12
S01008461,A B D E. Agriculture energy and water,7,6,0,6,1,0,1
S01008461,C. Manufacturing,13,13,3,10,0,0,0
S01008461,F. Construction,29,23,2,21,6,1,5
S01008461,G I. Distribution hotels and restaurants,92,89,34,55,3,2,1
S01008461,H J. Transport and communication,33,32,4,28,1,0,1
S01008461,K L M N. Financial real estate professional and administrative activities,62,58,15,43,4,4,0
S01008461,O P Q. Public administration education and health,99,97,31,66,2,1,1
S01008461,R S T U. Other,25,21,12,9,4,1,3
S01008462,All people aged 16 to 74 in employment,189,178,53,125,11,3,8
S01008462,A B D E. Agriculture energy and water,3,3,1,2,0,0,0
S01008462,C. Manufacturing,4,4,0,4,0,0,0
S01008462,F. Construction,9,8,1,7,1,1,0
S01008462,G I. Distribution hotels and restaurants,50,48,22,26,2,1,1
S01008462,H J. Transport and communication,18,17,0,17,1,0,1
S01008462,K L M N. Financial real estate professional and administrative activities,43,38,13,25,5,1,4
S01008462,O P Q. Public administration education and health,52,50,14,36,2,0,2
S01008462,R S T U. Other,10,10,2,8,0,0,0
S01008463,All people aged 16 to 74 in employment,278,255,84,171,23,10,13
S01008463,A B D E. Agriculture energy and water,7,7,1,6,0,0,0
S01008463,C. Manufacturing,14,13,4,9,1,0,1
S01008463,F. Construction,21,13,2,11,8,1,7
S01008463,G I. Distribution hotels and restaurants,70,70,33,37,0,0,0
S01008463,H J. Transport and communication,32,29,2,27,3,0,3
S01008463,K L M N. Financial real estate professional and administrative activities,51,46,17,29,5,4,1
S01008463,O P Q. Public administration education and health,76,72,24,48,4,3,1
S01008463,R S T U. Other,7,5,1,4,2,2,0
S01008464,All people aged 16 to 74 in employment,418,391,102,289,27,7,20
S01008464,A B D E. Agriculture energy and water,6,6,1,5,0,0,0
S01008464,C. Manufacturing,14,14,0,14,0,0,0
S01008464,F. Construction,21,15,4,11,6,0,6
S01008464,G I. Distribution hotels and restaurants,102,100,30,70,2,1,1
S01008464,H J. Transport and communication,42,35,4,31,7,1,6
S01008464,K L M N. Financial real estate professional and administrative activities,103,94,17,77,9,4,5
S01008464,O P Q. Public administration education and health,115,112,39,73,3,1,2
S01008464,R S T U. Other,15,15,7,8,0,0,0
S01008465,All people aged 16 to 74 in employment,388,357,94,263,31,10,21
S01008465,A B D E. Agriculture energy and water,13,13,1,12,0,0,0
S01008465,C. Manufacturing,16,15,0,15,1,1,0
S01008465,F. Construction,27,20,1,19,7,0,7
S01008465,G I. Distribution hotels and restaurants,96,91,45,46,5,3,2
S01008465,H J. Transport and communication,34,29,6,23,5,0,5
S01008465,K L M N. Financial real estate professional and administrative activities,77,71,15,56,6,3,3
S01008465,O P Q. Public administration education and health,102,96,19,77,6,3,3
S01008465,R S T U. Other,23,22,7,15,1,0,1
S01008466,All people aged 16 to 74 in employment,351,331,92,239,20,7,13
S01008466,A B D E. Agriculture energy and water,11,10,0,10,1,0,1
S01008466,C. Manufacturing,12,12,0,12,0,0,0
S01008466,F. Construction,37,30,1,29,7,1,6
S01008466,G I. Distribution hotels and restaurants,75,74,26,48,1,0,1
S01008466,H J. Transport and communication,33,32,4,28,1,0,1
S01008466,K L M N. Financial real estate professional and administrative activities,62,57,17,40,5,3,2
S01008466,O P Q. Public administration education and health,93,92,34,58,1,0,1
S01008466,R S T U. Other,28,24,10,14,4,3,1
S01008467,All people aged 16 to 74 in employment,373,333,109,224,40,10,30
S01008467,A B D E. Agriculture energy and water,6,5,0,5,1,0,1
S01008467,C. Manufacturing,16,16,5,11,0,0,0
S01008467,F. Construction,44,25,3,22,19,2,17
S01008467,G I. Distribution hotels and restaurants,91,87,34,53,4,0,4
S01008467,H J. Transport and communication,35,30,2,28,5,1,4
S01008467,K L M N. Financial real estate professional and administrative activities,69,67,19,48,2,2,0
S01008467,O P Q. Public administration education and health,98,93,41,52,5,4,1
S01008467,R S T U. Other,14,10,5,5,4,1,3
S01008468,All people aged 16 to 74 in employment,258,236,76,160,22,5,17
S01008468,A B D E. Agriculture energy and water,3,2,0,2,1,1,0
S01008468,C. Manufacturing,11,11,2,9,0,0,0
S01008468,F. Construction,22,11,0,11,11,1,10
S01008468,G I. Distribution hotels and restaurants,61,58,31,27,3,0,3
S01008468,H J. Transport and communication,24,22,1,21,2,0,2
S01008468,K L M N. Financial real estate professional and administrative activities,56,53,15,38,3,1,2
S01008468,O P Q. Public administration education and health,68,66,21,45,2,2,0
S01008468,R S T U. Other,13,13,6,7,0,0,0
S01008469,All people aged 16 to 74 in employment,291,262,83,179,29,7,22
S01008469,A B D E. Agriculture energy and water,8,8,0,8,0,0,0
S01008469,C. Manufacturing,9,9,2,7,0,0,0
S01008469,F. Construction,18,10,1,9,8,1,7
S01008469,G I. Distribution hotels and restaurants,88,78,38,40,10,3,7
S01008469,H J. Transport and communication,25,21,7,14,4,1,3
S01008469,K L M N. Financial real estate professional and administrative activities,57,53,14,39,4,1,3
S01008469,O P Q. Public administration education and health,75,72,19,53,3,1,2
S01008469,R S T U. Other,11,11,2,9,0,0,0
S01008470,All people aged 16 to 74 in employment,282,259,77,182,23,9,14
S01008470,A B D E. Agriculture energy and water,2,2,0,2,0,0,0
S01008470,C. Manufacturing,5,5,0,5,0,0,0
S01008470,F. Construction,22,17,3,14,5,1,4
S01008470,G I. Distribution hotels and restaurants,59,57,26,31,2,1,1
S01008470,H J. Transport and communication,29,23,2,21,6,3,3
S01008470,K L M N. Financial real estate professional and administrative activities,79,77,25,52,2,0,2
S01008470,O P Q. Public administration education and health,68,66,17,49,2,2,0
S01008470,R S T U. Other,18,12,4,8,6,2,4
S01008471,All people aged 16 to 74 in employment,348,324,115,209,24,10,14
S01008471,A B D E. Agriculture energy and water,9,8,0,8,1,0,1
S01008471,C. Manufacturing,14,14,0,14,0,0,0
S01008471,F. Construction,14,7,0,7,7,2,5
S01008471,G I. Distribution hotels and restaurants,90,89,44,45,1,0,1
S01008471,H J. Transport and communication,28,26,8,18,2,0,2
S01008471,K L M N. Financial real estate professional and administrative activities,82,75,29,46,7,5,2
S01008471,O P Q. Public administration education and health,96,94,32,62,2,1,1
S01008471,R S T U. Other,15,11,2,9,4,2,2
S01008472,All people aged 16 to 74 in employment,284,249,61,188,35,11,24
S01008472,A B D E. Agriculture energy and water,3,1,0,1,2,0,2
S01008472,C. Manufacturing,6,6,3,3,0,0,0
S01008472,F. Construction,28,20,2,18,8,1,7
S01008472,G I. Distribution hotels and restaurants,70,65,20,45,5,2,3
S01008472,H J. Transport and communication,30,19,2,17,11,2,9
S01008472,K L M N. Financial real estate professional and administrative activities,66,59,13,46,7,5,2
S01008472,O P Q. Public administration education and health,73,71,18,53,2,1,1
S01008472,R S T U. Other,8,8,3,5,0,0,0
S01008473,All people aged 16 to 74 in employment,306,284,90,194,22,10,12
S01008473,A B D E. Agriculture energy and water,4,4,2,2,0,0,0
S01008473,C. Manufacturing,11,9,4,5,2,1,1
S01008473,F. Construction,27,20,1,19,7,1,6
S01008473,G I. Distribution hotels and restaurants,81,78,32,46,3,2,1
S01008473,H J. Transport and communication,32,30,5,25,2,0,2
S01008473,K L M N. Financial real estate professional and administrative activities,53,49,9,40,4,3,1
S01008473,O P Q. Public administration education and health,82,82,35,47,0,0,0
S01008473,R S T U. Other,16,12,2,10,4,3,1
S01008474,All people aged 16 to 74 in employment,329,314,83,231,15,10,5
S01008474,A B D E. Agriculture energy and water,2,2,1,1,0,0,0
S01008474,C. Manufacturing,10,10,0,10,0,0,0
S01008474,F. Construction,25,21,0,21,4,3,1
S01008474,G I. Distribution hotels and restaurants,88,83,37,46,5,2,3
S01008474,H J. Transport and communication,25,24,2,22,1,1,0
S01008474,K L M N. Financial real estate professional and administrative activities,67,67,17,50,0,0,0
S01008474,O P Q. Public administration education and health,99,97,22,75,2,2,0
S01008474,R S T U. Other,13,10,4,6,3,2,1
S01008475,All people aged 16 to 74 in employment,256,237,77,160,19,7,12
S01008475,A B D E. Agriculture energy and water,4,4,0,4,0,0,0
S01008475,C. Manufacturing,13,12,3,9,1,0,1
S01008475,F. Construction,18,11,2,9,7,2,5
S01008475,G I. Distribution hotels and restaurants,61,59,30,29,2,1,1
S01008475,H J. Transport and communication,19,15,2,13,4,2,2
S01008475,K L M N. Financial real estate professional and administrative activities,56,53,15,38,3,0,3
S01008475,O P Q. Public administration education and health,70,70,21,49,0,0,0
S01008475,R S T U. Other,15,13,4,9,2,2,0
S01008476,All people aged 16 to 74 in employment,308,282,71,211,26,3,23
S01008476,A B D E. Agriculture energy and water,3,3,0,3,0,0,0
S01008476,C. Manufacturing,9,8,2,6,1,1,0
S01008476,F. Construction,22,14,1,13,8,1,7
S01008476,G I. Distribution hotels and restaurants,71,69,24,45,2,0,2
S01008476,H J. Transport and communication,34,28,3,25,6,0,6
S01008476,K L M N. Financial real estate professional and administrative activities,69,67,16,51,2,0,2
S01008476,O P Q. Public administration education and health,81,78,21,57,3,0,3
S01008476,R S T U. Other,19,15,4,11,4,1,3
S01008477,All people aged 16 to 74 in employment,361,337,79,258,24,7,17
S01008477,A B D E. Agriculture energy and water,5,5,0,5,0,0,0
S01008477,C. Manufacturing,19,19,1,18,0,0,0
S01008477,F. Construction,39,30,1,29,9,2,7
S01008477,G I. Distribution hotels and restaurants,66,65,26,39,1,0,1
S01008477,H J. Transport and communication,32,30,3,27,2,1,1
S01008477,K L M N. Financial real estate professional and administrative activities,72,66,16,50,6,2,4
S01008477,O P Q. Public administration education and health,101,101,28,73,0,0,0
S01008477,R S T U. Other,27,21,4,17,6,2,4
S01008478,All people aged 16 to 74 in employment,318,288,86,202,30,8,22
S01008478,A B D E. Agriculture energy and water,8,8,1,7,0,0,0
S01008478,C. Manufacturing,11,9,1,8,2,0,2
S01008478,F. Construction,22,16,1,15,6,2,4
S01008478,G I. Distribution hotels and restaurants,68,65,28,37,3,0,3
S01008478,H J. Transport and communication,21,17,3,14,4,0,4
S01008478,K L M N. Financial real estate professional and administrative activities,75,69,19,50,6,2,4
S01008478,O P Q. Public administration education and health,89,87,29,58,2,0,2
S01008478,R S T U. Other,24,17,4,13,7,4,3
S01008479,All people aged 16 to 74 in employment,319,298,77,221,21,5,16
S01008479,A B D E. Agriculture energy and water,7,7,1,6,0,0,0
S01008479,C. Manufacturing,14,14,1,13,0,0,0
S01008479,F. Construction,22,18,0,18,4,1,3
S01008479,G I. Distribution hotels and restaurants,76,76,31,45,0,0,0
S01008479,H J. Transport and communication,33,24,2,22,9,0,9
S01008479,K L M N. Financial real estate professional and administrative activities,63,62,16,46,1,0,1
S01008479,O P Q. Public administration education and health,84,83,22,61,1,0,1
S01008479,R S T U. Other,20,14,4,10,6,4,2
S01008480,All people aged 16 to 74 in employment,298,287,70,217,11,3,8
S01008480,A B D E. Agriculture energy and water,5,5,0,5,0,0,0
S01008480,C. Manufacturing,6,5,0,5,1,1,0
S01008480,F. Construction,18,16,0,16,2,0,2
S01008480,G I. Distribution hotels and restaurants,84,83,27,56,1,1,0
S01008480,H J. Transport and communication,22,21,2,19,1,0,1
S01008480,K L M N. Financial real estate professional and administrative activities,76,73,14,59,3,0,3
S01008480,O P Q. Public administration education and health,74,73,22,51,1,1,0
S01008480,R S T U. Other,13,11,5,6,2,0,2
S01008481,All people aged 16 to 74 in employment,476,416,140,276,60,17,43
S01008481,A B D E. Agriculture energy and water,1,1,0,1,0,0,0
S01008481,C. Manufacturing,21,17,3,14,4,2,2
S01008481,F. Construction,55,26,4,22,29,3,26
S01008481,G I. Distribution hotels and restaurants,113,107,41,66,6,1,5
S01008481,H J. Transport and communication,43,38,6,32,5,1,4
S01008481,K L M N. Financial real estate professional and administrative activities,86,81,25,56,5,3,2
S01008481,O P Q. Public administration education and health,134,130,54,76,4,3,1
S01008481,R S T U. Other,23,16,7,9,7,4,3
S01008482,All people aged 16 to 74 in employment,255,231,68,163,24,11,13
S01008482,A B D E. Agriculture energy and water,7,7,0,7,0,0,0
S01008482,C. Manufacturing,20,20,1,19,0,0,0
S01008482,F. Construction,22,12,2,10,10,3,7
S01008482,G I. Distribution hotels and restaurants,49,46,18,28,3,3,0
S01008482,H J. Transport and communication,27,22,2,20,5,1,4
S01008482,K L M N. Financial real estate professional and administrative activities,54,51,14,37,3,2,1
S01008482,O P Q. Public administration education and health,67,67,28,39,0,0,0
S01008482,R S T U. Other,9,6,3,3,3,2,1
S01008483,All people aged 16 to 74 in employment,282,250,61,189,32,11,21
S01008483,A B D E. Agriculture energy and water,3,3,0,3,0,0,0
S01008483,C. Manufacturing,9,7,1,6,2,0,2
S01008483,F. Construction,29,18,0,18,11,4,7
S01008483,G I. Distribution hotels and restaurants,67,65,30,35,2,0,2
S01008483,H J. Transport and communication,28,19,2,17,9,1,8
S01008483,K L M N. Financial real estate professional and administrative activities,56,53,12,41,3,3,0
S01008483,O P Q. Public administration education and health,77,74,14,60,3,3,0
S01008483,R S T U. Other,13,11,2,9,2,0,2
S01008484,All people aged 16 to 74 in employment,359,313,89,224,46,19,27
S01008484,A B D E. Agriculture energy and water,4,2,1,1,2,1,1
S01008484,C. Manufacturing,16,15,0,15,1,0,1
S01008484,F. Construction,29,19,1,18,10,1,9
S01008484,G I. Distribution hotels and restaurants,60,58,18,40,2,0,2
S01008484,H J. Transport and communication,40,33,7,26,7,1,6
S01008484,K L M N. Financial real estate professional and administrative activities,93,78,23,55,15,10,5
S01008484,O P Q. Public administration education and health,107,100,37,63,7,5,2
S01008484,R S T U. Other,10,8,2,6,2,1,1
S01008485,All people aged 16 to 74 in employment,499,450,133,317,49,12,37
S01008485,A B D E. Agriculture energy and water,3,3,0,3,0,0,0
S01008485,C. Manufacturing,19,17,2,15,2,0,2
S01008485,F. Construction,37,24,2,22,13,3,10
S01008485,G I. Distribution hotels and restaurants,93,88,46,42,5,2,3
S01008485,H J. Transport and communication,48,31,7,24,17,4,13
S01008485,K L M N. Financial real estate professional and administrative activities,95,91,28,63,4,0,4
S01008485,O P Q. Public administration education and health,179,176,39,137,3,2,1
S01008485,R S T U. Other,25,20,9,11,5,1,4
S01008486,All people aged 16 to 74 in employment,386,340,81,259,46,8,38
S01008486,A B D E. Agriculture energy and water,10,10,2,8,0,0,0
S01008486,C. Manufacturing,14,11,0,11,3,0,3
S01008486,F. Construction,21,12,1,11,9,0,9
S01008486,G I. Distribution hotels and restaurants,76,69,37,32,7,1,6
S01008486,H J. Transport and communication,34,24,2,22,10,2,8
S01008486,K L M N. Financial real estate professional and administrative activities,89,80,7,73,9,1,8
S01008486,O P Q. Public administration education and health,125,119,28,91,6,4,2
S01008486,R S T U. Other,17,15,4,11,2,0,2
S01008487,All people aged 16 to 74 in employment,507,461,74,387,46,11,35
S01008487,A B D E. Agriculture energy and water,9,8,1,7,1,0,1
S01008487,C. Manufacturing,17,17,0,17,0,0,0
S01008487,F. Construction,30,23,4,19,7,1,6
S01008487,G I. Distribution hotels and restaurants,83,80,28,52,3,0,3
S01008487,H J. Transport and communication,43,33,2,31,10,1,9
S01008487,K L M N. Financial real estate professional and administrative activities,167,155,13,142,12,3,9
S01008487,O P Q. Public administration education and health,125,122,20,102,3,1,2
S01008487,R S T U. Other,33,23,6,17,10,5,5
S01008488,All people aged 16 to 74 in employment,389,353,80,273,36,8,28
S01008488,A B D E. Agriculture energy and water,4,4,0,4,0,0,0
S01008488,C. Manufacturing,14,12,1,11,2,0,2
S01008488,F. Construction,18,11,3,8,7,0,7
S01008488,G I. Distribution hotels and restaurants,95,87,30,57,8,0,8
S01008488,H J. Transport and communication,34,29,2,27,5,0,5
S01008488,K L M N. Financial real estate professional and administrative activities,98,92,15,77,6,3,3
S01008488,O P Q. Public administration education and health,96,89,18,71,7,5,2
S01008488,R S T U. Other,30,29,11,18,1,0,1
S01008489,All people aged 16 to 74 in employment,302,278,86,192,24,7,17
S01008489,A B D E. Agriculture energy and water,3,2,0,2,1,0,1
S01008489,C. Manufacturing,11,11,1,10,0,0,0
S01008489,F. Construction,18,12,2,10,6,0,6
S01008489,G I. Distribution hotels and restaurants,75,70,31,39,5,2,3
S01008489,H J. Transport and communication,27,23,3,20,4,1,3
S01008489,K L M N. Financial real estate professional and administrative activities,69,66,20,46,3,2,1
S01008489,O P Q. Public administration education and health,86,82,24,58,4,2,2
S01008489,R S T U. Other,13,12,5,7,1,0,1
S01008490,All people aged 16 to 74 in employment,543,499,96,403,44,15,29
S01008490,A B D E. Agriculture energy and water,3,3,0,3,0,0,0
S01008490,C. Manufacturing,17,17,1,16,0,0,0
S01008490,F. Construction,30,20,0,20,10,0,10
S01008490,G I. Distribution hotels and restaurants,105,100,42,58,5,3,2
S01008490,H J. Transport and communication,46,40,2,38,6,1,5
S01008490,K L M N. Financial real estate professional and administrative activities,148,136,17,119,12,4,8
S01008490,O P Q. Public administration education and health,172,163,30,133,9,5,4
S01008490,R S T U. Other,22,20,4,16,2,2,0
S01008491,All people aged 16 to 74 in employment,494,455,109,346,39,14,25
S01008491,A B D E. Agriculture energy and water,3,3,0,3,0,0,0
S01008491,C. Manufacturing,22,19,4,15,3,0,3
S01008491,F. Construction,21,18,0,18,3,0,3
S01008491,G I. Distribution hotels and restaurants,90,88,43,45,2,0,2
S01008491,H J. Transport and communication,48,43,3,40,5,0,5
S01008491,K L M N. Financial real estate professional and administrative activities,130,119,19,100,11,5,6
S01008491,O P Q. Public administration education and health,150,141,34,107,9,7,2
S01008491,R S T U. Other,30,24,6,18,6,2,4
S01008492,All people aged 16 to 74 in employment,584,545,106,439,39,17,22
S01008492,A B D E. Agriculture energy and water,6,6,0,6,0,0,0
S01008492,C. Manufacturing,23,22,1,21,1,0,1
S01008492,F. Construction,24,18,1,17,6,1,5
S01008492,G I. Distribution hotels and restaurants,121,113,49,64,8,4,4
S01008492,H J. Transport and communication,37,36,3,33,1,0,1
S01008492,K L M N. Financial real estate professional and administrative activities,174,163,14,149,11,4,7
S01008492,O P Q. Public administration education and health,170,163,31,132,7,5,2
S01008492,R S T U. Other,29,24,7,17,5,3,2
S01008493,All people aged 16 to 74 in employment,385,359,100,259,26,7,19
S01008493,A B D E. Agriculture energy and water,4,4,0,4,0,0,0
S01008493,C. Manufacturing,17,17,1,16,0,0,0
S01008493,F. Construction,23,16,2,14,7,1,6
S01008493,G I. Distribution hotels and restaurants,98,94,38,56,4,1,3
S01008493,H J. Transport and communication,32,29,2,27,3,2,1
S01008493,K L M N. Financial real estate professional and administrative activities,86,80,20,60,6,2,4
S01008493,O P Q. Public administration education and health,108,106,31,75,2,1,1
S01008493,R S T U. Other,17,13,6,7,4,0,4
S01008494,All people aged 16 to 74 in employment,375,343,60,283,32,11,21
S01008494,A B D E. Agriculture energy and water,5,5,0,5,0,0,0
S01008494,C. Manufacturing,12,11,0,11,1,1,0
S01008494,F. Construction,10,5,0,5,5,2,3
S01008494,G I. Distribution hotels and restaurants,93,88,31,57,5,0,5
S01008494,H J. Transport and communication,35,29,3,26,6,3,3
S01008494,K L M N. Financial real estate professional and administrative activities,106,100,8,92,6,2,4
S01008494,O P Q. Public administration education and health,96,90,15,75,6,2,4
S01008494,R S T U. Other,18,15,3,12,3,1,2
S01008495,All people aged 16 to 74 in employment,580,548,94,454,32,8,24
S01008495,A B D E. Agriculture energy and water,4,3,0,3,1,0,1
S01008495,C. Manufacturing,12,11,0,11,1,0,1
S01008495,F. Construction,27,23,1,22,4,0,4
S01008495,G I. Distribution hotels and restaurants,143,135,46,89,8,0,8
S01008495,H J. Transport and communication,50,44,5,39,6,1,5
S01008495,K L M N. Financial real estate professional and administrative activities,179,174,17,157,5,2,3
S01008495,O P Q. Public administration education and health,139,136,19,117,3,3,0
S01008495,R S T U. Other,26,22,6,16,4,2,2
S01008496,All people aged 16 to 74 in employment,660,622,103,519,38,11,27
S01008496,A B D E. Agriculture energy and water,8,7,0,7,1,0,1
S01008496,C. Manufacturing,16,16,0,16,0,0,0
S01008496,F. Construction,25,23,1,22,2,0,2
S01008496,G I. Distribution hotels and restaurants,148,143,54,89,5,3,2
S01008496,H J. Transport and communication,73,62,8,54,11,3,8
S01008496,K L M N. Financial real estate professional and administrative activities,205,191,18,173,14,2,12
S01008496,O P Q. Public administration education and health,155,153,16,137,2,2,0
S01008496,R S T U. Other,30,27,6,21,3,1,2
S01008497,All people aged 16 to 74 in employment,567,539,112,427,28,12,16
S01008497,A B D E. Agriculture energy and water,7,7,1,6,0,0,0
S01008497,C. Manufacturing,18,18,0,18,0,0,0
S01008497,F. Construction,15,13,1,12,2,1,1
S01008497,G I. Distribution hotels and restaurants,141,139,60,79,2,2,0
S01008497,H J. Transport and communication,52,42,6,36,10,2,8
S01008497,K L M N. Financial real estate professional and administrative activities,150,140,13,127,10,5,5
S01008497,O P Q. Public administration education and health,153,152,25,127,1,1,0
S01008497,R S T U. Other,31,28,6,22,3,1,2
S01008498,All people aged 16 to 74 in employment,507,462,117,345,45,10,35
S01008498,A B D E. Agriculture energy and water,3,3,1,2,0,0,0
S01008498,C. Manufacturing,21,16,3,13,5,1,4
S01008498,F. Construction,16,9,1,8,7,2,5
S01008498,G I. Distribution hotels and restaurants,132,120,57,63,12,3,9
S01008498,H J. Transport and communication,33,27,5,22,6,0,6
S01008498,K L M N. Financial real estate professional and administrative activities,133,126,14,112,7,1,6
S01008498,O P Q. Public administration education and health,145,142,28,114,3,1,2
S01008498,R S T U. Other,24,19,8,11,5,2,3
S01008499,All people aged 16 to 74 in employment,620,582,126,456,38,10,28
S01008499,A B D E. Agriculture energy and water,2,2,0,2,0,0,0
S01008499,C. Manufacturing,26,26,0,26,0,0,0
S01008499,F. Construction,18,10,1,9,8,2,6
S01008499,G I. Distribution hotels and restaurants,160,154,68,86,6,1,5
S01008499,H J. Transport and communication,55,51,6,45,4,1,3
S01008499,K L M N. Financial real estate professional and administrative activities,161,156,17,139,5,1,4
S01008499,O P Q. Public administration education and health,144,137,22,115,7,1,6
S01008499,R S T U. Other,54,46,12,34,8,4,4
S01008500,All people aged 16 to 74 in employment,211,196,48,148,15,7,8
S01008500,A B D E. Agriculture energy and water,3,3,0,3,0,0,0
S01008500,C. Manufacturing,6,5,1,4,1,1,0
S01008500,F. Construction,12,10,1,9,2,1,1
S01008500,G I. Distribution hotels and restaurants,49,47,22,25,2,2,0
S01008500,H J. Transport and communication,15,14,1,13,1,1,0
S01008500,K L M N. Financial real estate professional and administrative activities,57,54,5,49,3,0,3
S01008500,O P Q. Public administration education and health,59,58,16,42,1,0,1
S01008500,R S T U. Other,10,5,2,3,5,2,3
S01008501,All people aged 16 to 74 in employment,408,383,78,305,25,9,16
S01008501,A B D E. Agriculture energy and water,0,0,0,0,0,0,0
S01008501,C. Manufacturing,14,14,1,13,0,0,0
S01008501,F. Construction,13,9,0,9,4,0,4
S01008501,G I. Distribution hotels and restaurants,85,85,40,45,0,0,0
S01008501,H J. Transport and communication,40,39,8,31,1,0,1
S01008501,K L M N. Financial real estate professional and administrative activities,162,151,9,142,11,3,8
S01008501,O P Q. Public administration education and health,74,68,11,57,6,4,2
S01008501,R S T U. Other,20,17,9,8,3,2,1
S01008502,All people aged 16 to 74 in employment,440,420,74,346,20,9,11
S01008502,A B D E. Agriculture energy and water,5,5,0,5,0,0,0
S01008502,C. Manufacturing,19,19,1,18,0,0,0
S01008502,F. Construction,8,7,0,7,1,0,1
S01008502,G I. Distribution hotels and restaurants,88,85,30,55,3,3,0
S01008502,H J. Transport and communication,42,40,3,37,2,0,2
S01008502,K L M N. Financial real estate professional and administrative activities,134,129,8,121,5,1,4
S01008502,O P Q. Public administration education and health,123,119,26,93,4,3,1
S01008502,R S T U. Other,21,16,6,10,5,2,3
S01008503,All people aged 16 to 74 in employment,583,535,110,425,48,20,28
S01008503,A B D E. Agriculture energy and water,8,6,0,6,2,0,2
S01008503,C. Manufacturing,18,17,0,17,1,0,1
S01008503,F. Construction,13,9,0,9,4,0,4
S01008503,G I. Distribution hotels and restaurants,92,90,37,53,2,2,0
S01008503,H J. Transport and communication,52,45,6,39,7,1,6
S01008503,K L M N. Financial real estate professional and administrative activities,176,162,16,146,14,6,8
S01008503,O P Q. Public administration education and health,194,181,44,137,13,11,2
S01008503,R S T U. Other,30,25,7,18,5,0,5
S01008504,All people aged 16 to 74 in employment,698,629,138,491,69,24,45
S01008504,A B D E. Agriculture energy and water,8,7,2,5,1,0,1
S01008504,C. Manufacturing,26,21,4,17,5,1,4
S01008504,F. Construction,18,16,1,15,2,0,2
S01008504,G I. Distribution hotels and restaurants,95,89,43,46,6,1,5
S01008504,H J. Transport and communication,45,33,2,31,12,2,10
S01008504,K L M N. Financial real estate professional and administrative activities,229,210,29,181,19,4,15
S01008504,O P Q. Public administration education and health,232,216,47,169,16,12,4
S01008504,R S T U. Other,45,37,10,27,8,4,4
S01008505,All people aged 16 to 74 in employment,444,397,101,296,47,13,34
S01008505,A B D E. Agriculture energy and water,3,3,0,3,0,0,0
S01008505,C. Manufacturing,11,11,2,9,0,0,0
S01008505,F. Construction,19,10,0,10,9,0,9
S01008505,G I. Distribution hotels and restaurants,62,59,27,32,3,0,3
S01008505,H J. Transport and communication,30,21,3,18,9,1,8
S01008505,K L M N. Financial real estate professional and administrative activities,112,106,19,87,6,0,6
S01008505,O P Q. Public administration education and health,177,163,41,122,14,9,5
S01008505,R S T U. Other,30,24,9,15,6,3,3
S01008506,All people aged 16 to 74 in employment,423,368,92,276,55,12,43
S01008506,A B D E. Agriculture energy and water,6,6,1,5,0,0,0
S01008506,C. Manufacturing,10,8,1,7,2,0,2
S01008506,F. Construction,12,10,0,10,2,0,2
S01008506,G I. Distribution hotels and restaurants,57,49,27,22,8,1,7
S01008506,H J. Transport and communication,32,22,2,20,10,1,9
S01008506,K L M N. Financial real estate professional and administrative activities,118,102,18,84,16,4,12
S01008506,O P Q. Public administration education and health,171,158,40,118,13,3,10
S01008506,R S T U. Other,17,13,3,10,4,3,1
S01008507,All people aged 16 to 74 in employment,533,483,116,367,50,15,35
S01008507,A B D E. Agriculture energy and water,6,5,0,5,1,0,1
S01008507,C. Manufacturing,15,13,1,12,2,0,2
S01008507,F. Construction,14,7,0,7,7,2,5
S01008507,G I. Distribution hotels and restaurants,101,93,47,46,8,2,6
S01008507,H J. Transport and communication,33,30,4,26,3,1,2
S01008507,K L M N. Financial real estate professional and administrative activities,148,134,20,114,14,3,11
S01008507,O P Q. Public administration education and health,184,173,35,138,11,6,5
S01008507,R S T U. Other,32,28,9,19,4,1,3
S01008508,All people aged 16 to 74 in employment,437,367,106,261,70,13,57
S01008508,A B D E. Agriculture energy and water,8,7,1,6,1,0,1
S01008508,C. Manufacturing,15,13,1,12,2,0,2
S01008508,F. Construction,19,15,1,14,4,1,3
S01008508,G I. Distribution hotels and restaurants,68,47,21,26,21,2,19
S01008508,H J. Transport and communication,31,26,7,19,5,0,5
S01008508,K L M N. Financial real estate professional and administrative activities,134,110,21,89,24,5,19
S01008508,O P Q. Public administration education and health,152,144,49,95,8,4,4
S01008508,R S T U. Other,10,5,5,0,5,1,4
S01008509,All people aged 16 to 74 in employment,512,434,83,351,78,27,51
S01008509,A B D E. Agriculture energy and water,6,6,2,4,0,0,0
S01008509,C. Manufacturing,20,15,0,15,5,2,3
S01008509,F. Construction,18,13,1,12,5,0,5
S01008509,G I. Distribution hotels and restaurants,56,49,18,31,7,1,6
S01008509,H J. Transport and communication,37,25,2,23,12,5,7
S01008509,K L M N. Financial real estate professional and administrative activities,158,134,15,119,24,7,17
S01008509,O P Q. Public administration education and health,176,161,35,126,15,8,7
S01008509,R S T U. Other,41,31,10,21,10,4,6
S01008510,All people aged 16 to 74 in employment,457,390,112,278,67,22,45
S01008510,A B D E. Agriculture energy and water,8,8,0,8,0,0,0
S01008510,C. Manufacturing,21,19,0,19,2,1,1
S01008510,F. Construction,20,11,2,9,9,2,7
S01008510,G I. Distribution hotels and restaurants,59,51,28,23,8,2,6
S01008510,H J. Transport and communication,35,26,1,25,9,3,6
S01008510,K L M N. Financial real estate professional and administrative activities,115,101,20,81,14,3,11
S01008510,O P Q. Public administration education and health,163,152,52,100,11,7,4
S01008510,R S T U. Other,36,22,9,13,14,4,10
S01008511,All people aged 16 to 74 in employment,408,326,101,225,82,26,56
S01008511,A B D E. Agriculture energy and water,0,0,0,0,0,0,0
S01008511,C. Manufacturing,22,20,2,18,2,1,1
S01008511,F. Construction,20,11,2,9,9,2,7
S01008511,G I. Distribution hotels and restaurants,57,42,20,22,15,2,13
S01008511,H J. Transport and communication,30,22,3,19,8,1,7
S01008511,K L M N. Financial real estate professional and administrative activities,116,87,21,66,29,11,18
S01008511,O P Q. Public administration education and health,133,121,45,76,12,7,5
S01008511,R S T U. Other,30,23,8,15,7,2,5
S01008512,All people aged 16 to 74 in employment,240,190,59,131,50,19,31
S01008512,A B D E. Agriculture energy and water,2,2,0,2,0,0,0
S01008512,C. Manufacturing,8,6,1,5,2,1,1
S01008512,F. Construction,14,8,0,8,6,2,4
S01008512,G I. Distribution hotels and restaurants,29,25,13,12,4,1,3
S01008512,H J. Transport and communication,18,14,4,10,4,0,4
S01008512,K L M N. Financial real estate professional and administrative activities,75,53,11,42,22,9,13
S01008512,O P Q. Public administration education and health,84,78,27,51,6,3,3
S01008512,R S T U. Other,10,4,3,1,6,3,3
S01008513,All people aged 16 to 74 in employment,291,234,76,158,57,27,30
S01008513,A B D E. Agriculture energy and water,9,4,0,4,5,3,2
S01008513,C. Manufacturing,17,14,0,14,3,1,2
S01008513,F. Construction,7,2,0,2,5,2,3
S01008513,G I. Distribution hotels and restaurants,41,35,22,13,6,1,5
S01008513,H J. Transport and communication,23,17,3,14,6,2,4
S01008513,K L M N. Financial real estate professional and administrative activities,97,74,12,62,23,12,11
S01008513,O P Q. Public administration education and health,84,78,32,46,6,3,3
S01008513,R S T U. Other,13,10,7,3,3,3,0
S01008514,All people aged 16 to 74 in employment,395,318,88,230,77,30,47
S01008514,A B D E. Agriculture energy and water,7,7,2,5,0,0,0
S01008514,C. Manufacturing,11,9,0,9,2,2,0
S01008514,F. Construction,18,12,2,10,6,1,5
S01008514,G I. Distribution hotels and restaurants,43,36,11,25,7,2,5
S01008514,H J. Transport and communication,23,21,5,16,2,1,1
S01008514,K L M N. Financial real estate professional and administrative activities,119,86,17,69,33,7,26
S01008514,O P Q. Public administration education and health,152,134,47,87,18,10,8
S01008514,R S T U. Other,22,13,4,9,9,7,2
S01008515,All people aged 16 to 74 in employment,400,341,99,242,59,24,35
S01008515,A B D E. Agriculture energy and water,4,4,1,3,0,0,0
S01008515,C. Manufacturing,12,12,0,12,0,0,0
S01008515,F. Construction,12,5,2,3,7,3,4
S01008515,G I. Distribution hotels and restaurants,44,37,19,18,7,3,4
S01008515,H J. Transport and communication,21,16,2,14,5,3,2
S01008515,K L M N. Financial real estate professional and administrative activities,128,107,25,82,21,5,16
S01008515,O P Q. Public administration education and health,154,142,42,100,12,7,5
S01008515,R S T U. Other,25,18,8,10,7,3,4
S01008516,All people aged 16 to 74 in employment,541,495,91,404,46,17,29
S01008516,A B D E. Agriculture energy and water,2,2,0,2,0,0,0
S01008516,C. Manufacturing,15,13,0,13,2,1,1
S01008516,F. Construction,27,21,1,20,6,1,5
S01008516,G I. Distribution hotels and restaurants,84,79,33,46,5,3,2
S01008516,H J. Transport and communication,38,30,3,27,8,1,7
S01008516,K L M N. Financial real estate professional and administrative activities,133,122,14,108,11,4,7
S01008516,O P Q. Public administration education and health,212,204,33,171,8,4,4
S01008516,R S T U. Other,30,24,7,17,6,3,3
S01008517,All people aged 16 to 74 in employment,479,435,93,342,44,14,30
S01008517,A B D E. Agriculture energy and water,4,4,0,4,0,0,0
S01008517,C. Manufacturing,10,10,0,10,0,0,0
S01008517,F. Construction,7,5,1,4,2,0,2
S01008517,G I. Distribution hotels and restaurants,81,76,40,36,5,3,2
S01008517,H J. Transport and communication,40,34,6,28,6,0,6
S01008517,K L M N. Financial real estate professional and administrative activities,123,104,8,96,19,5,14
S01008517,O P Q. Public administration education and health,187,183,32,151,4,2,2
S01008517,R S T U. Other,27,19,6,13,8,4,4
S01008518,All people aged 16 to 74 in employment,459,383,92,291,76,27,49
S01008518,A B D E. Agriculture energy and water,8,8,1,7,0,0,0
S01008518,C. Manufacturing,16,15,0,15,1,0,1
S01008518,F. Construction,10,7,0,7,3,1,2
S01008518,G I. Distribution hotels and restaurants,63,56,31,25,7,4,3
S01008518,H J. Transport and communication,22,18,5,13,4,1,3
S01008518,K L M N. Financial real estate professional and administrative activities,126,86,10,76,40,10,30
S01008518,O P Q. Public administration education and health,187,173,40,133,14,8,6
S01008518,R S T U. Other,27,20,5,15,7,3,4
S01008519,All people aged 16 to 74 in employment,383,303,85,218,80,29,51
S01008519,A B D E. Agriculture energy and water,2,1,0,1,1,0,1
S01008519,C. Manufacturing,9,9,2,7,0,0,0
S01008519,F. Construction,12,6,0,6,6,1,5
S01008519,G I. Distribution hotels and restaurants,32,24,12,12,8,3,5
S01008519,H J. Transport and communication,19,12,1,11,7,3,4
S01008519,K L M N. Financial real estate professional and administrative activities,140,104,25,79,36,9,27
S01008519,O P Q. Public administration education and health,153,137,42,95,16,9,7
S01008519,R S T U. Other,16,10,3,7,6,4,2
S01008520,All people aged 16 to 74 in employment,478,374,103,271,104,28,76
S01008520,A B D E. Agriculture energy and water,4,3,0,3,1,0,1
S01008520,C. Manufacturing,16,16,2,14,0,0,0
S01008520,F. Construction,30,21,3,18,9,1,8
S01008520,G I. Distribution hotels and restaurants,57,42,21,21,15,5,10
S01008520,H J. Transport and communication,26,17,2,15,9,2,7
S01008520,K L M N. Financial real estate professional and administrative activities,154,110,18,92,44,8,36
S01008520,O P Q. Public administration education and health,167,147,50,97,20,10,10
S01008520,R S T U. Other,24,18,7,11,6,2,4
S01008521,All people aged 16 to 74 in employment,416,335,95,240,81,17,64
S01008521,A B D E. Agriculture energy and water,7,5,1,4,2,0,2
S01008521,C. Manufacturing,14,12,2,10,2,1,1
S01008521,F. Construction,15,10,3,7,5,1,4
S01008521,G I. Distribution hotels and restaurants,35,28,9,19,7,1,6
S01008521,H J. Transport and communication,17,11,1,10,6,3,3
S01008521,K L M N. Financial real estate professional and administrative activities,141,99,18,81,42,4,38
S01008521,O P Q. Public administration education and health,165,154,56,98,11,5,6
S01008521,R S T U. Other,22,16,5,11,6,2,4
S01008522,All people aged 16 to 74 in employment,246,194,44,150,52,15,37
S01008522,A B D E. Agriculture energy and water,5,4,0,4,1,0,1
S01008522,C. Manufacturing,9,6,0,6,3,0,3
S01008522,F. Construction,10,6,2,4,4,1,3
S01008522,G I. Distribution hotels and restaurants,25,18,6,12,7,2,5
S01008522,H J. Transport and communication,14,9,2,7,5,1,4
S01008522,K L M N. Financial real estate professional and administrative activities,92,72,12,60,20,6,14
S01008522,O P Q. Public administration education and health,82,72,19,53,10,4,6
S01008522,R S T U. Other,9,7,3,4,2,1,1
S01008523,All people aged 16 to 74 in employment,478,398,88,310,80,29,51
S01008523,A B D E. Agriculture energy and water,7,5,0,5,2,0,2
S01008523,C. Manufacturing,20,16,0,16,4,1,3
S01008523,F. Construction,15,11,2,9,4,0,4
S01008523,G I. Distribution hotels and restaurants,47,40,17,23,7,5,2
S01008523,H J. Transport and communication,37,28,2,26,9,2,7
S01008523,K L M N. Financial real estate professional and administrative activities,190,156,21,135,34,7,27
S01008523,O P Q. Public administration education and health,141,125,35,90,16,13,3
S01008523,R S T U. Other,21,17,11,6,4,1,3
S01008524,All people aged 16 to 74 in employment,388,349,114,235,39,12,27
S01008524,A B D E. Agriculture energy and water,6,3,0,3,3,2,1
S01008524,C. Manufacturing,9,9,1,8,0,0,0
S01008524,F. Construction,31,18,1,17,13,0,13
S01008524,G I. Distribution hotels and restaurants,98,95,45,50,3,0,3
S01008524,H J. Transport and communication,24,18,4,14,6,1,5
S01008524,K L M N. Financial real estate professional and administrative activities,69,66,13,53,3,2,1
S01008524,O P Q. Public administration education and health,126,119,40,79,7,5,2
S01008524,R S T U. Other,25,21,10,11,4,2,2
S01008525,All people aged 16 to 74 in employment,282,258,84,174,24,13,11
S01008525,A B D E. Agriculture energy and water,6,6,0,6,0,0,0
S01008525,C. Manufacturing,9,9,1,8,0,0,0
S01008525,F. Construction,15,12,1,11,3,0,3
S01008525,G I. Distribution hotels and restaurants,73,71,37,34,2,1,1
S01008525,H J. Transport and communication,18,13,3,10,5,2,3
S01008525,K L M N. Financial real estate professional and administrative activities,50,45,14,31,5,3,2
S01008525,O P Q. Public administration education and health,91,89,22,67,2,1,1
S01008525,R S T U. Other,20,13,6,7,7,6,1
S01008526,All people aged 16 to 74 in employment,421,382,106,276,39,9,30
S01008526,A B D E. Agriculture energy and water,5,4,0,4,1,0,1
S01008526,C. Manufacturing,10,8,3,5,2,1,1
S01008526,F. Construction,28,15,0,15,13,1,12
S01008526,G I. Distribution hotels and restaurants,76,75,32,43,1,1,0
S01008526,H J. Transport and communication,40,32,7,25,8,1,7
S01008526,K L M N. Financial real estate professional and administrative activities,87,81,20,61,6,3,3
S01008526,O P Q. Public administration education and health,154,150,39,111,4,1,3
S01008526,R S T U. Other,21,17,5,12,4,1,3
S01008527,All people aged 16 to 74 in employment,391,365,102,263,26,8,18
S01008527,A B D E. Agriculture energy and water,5,5,0,5,0,0,0
S01008527,C. Manufacturing,12,12,1,11,0,0,0
S01008527,F. Construction,24,21,2,19,3,0,3
S01008527,G I. Distribution hotels and restaurants,77,75,35,40,2,1,1
S01008527,H J. Transport and communication,29,23,2,21,6,0,6
S01008527,K L M N. Financial real estate professional and administrative activities,79,76,17,59,3,0,3
S01008527,O P Q. Public administration education and health,137,130,37,93,7,5,2
S01008527,R S T U. Other,28,23,8,15,5,2,3
S01008528,All people aged 16 to 74 in employment,354,315,107,208,39,10,29
S01008528,A B D E. Agriculture energy and water,0,0,0,0,0,0,0
S01008528,C. Manufacturing,10,8,0,8,2,1,1
S01008528,F. Construction,16,5,1,4,11,2,9
S01008528,G I. Distribution hotels and restaurants,82,76,46,30,6,2,4
S01008528,H J. Transport and communication,26,20,3,17,6,0,6
S01008528,K L M N. Financial real estate professional and administrative activities,61,59,14,45,2,0,2
S01008528,O P Q. Public administration education and health,134,129,36,93,5,2,3
S01008528,R S T U. Other,25,18,7,11,7,3,4
S01008529,All people aged 16 to 74 in employment,371,333,98,235,38,14,24
S01008529,A B D E. Agriculture energy and water,3,3,0,3,0,0,0
S01008529,C. Manufacturing,11,11,0,11,0,0,0
S01008529,F. Construction,34,22,1,21,12,2,10
S01008529,G I. Distribution hotels and restaurants,75,74,40,34,1,1,0
S01008529,H J. Transport and communication,28,23,2,21,5,1,4
S01008529,K L M N. Financial real estate professional and administrative activities,59,48,8,40,11,6,5
S01008529,O P Q. Public administration education and health,133,131,39,92,2,2,0
S01008529,R S T U. Other,28,21,8,13,7,2,5
S01008530,All people aged 16 to 74 in employment,311,286,88,198,25,11,14
S01008530,A B D E. Agriculture energy and water,7,7,0,7,0,0,0
S01008530,C. Manufacturing,12,10,3,7,2,0,2
S01008530,F. Construction,18,11,2,9,7,2,5
S01008530,G I. Distribution hotels and restaurants,78,72,38,34,6,5,1
S01008530,H J. Transport and communication,25,22,5,17,3,2,1
S01008530,K L M N. Financial real estate professional and administrative activities,48,47,6,41,1,0,1
S01008530,O P Q. Public administration education and health,99,94,27,67,5,2,3
S01008530,R S T U. Other,24,23,7,16,1,0,1
S01008531,All people aged 16 to 74 in employment,333,305,119,186,28,7,21
S01008531,A B D E. Agriculture energy and water,7,7,1,6,0,0,0
S01008531,C. Manufacturing,4,3,0,3,1,1,0
S01008531,F. Construction,20,14,1,13,6,0,6
S01008531,G I. Distribution hotels and restaurants,78,73,39,34,5,0,5
S01008531,H J. Transport and communication,32,28,2,26,4,1,3
S01008531,K L M N. Financial real estate professional and administrative activities,64,57,19,38,7,2,5
S01008531,O P Q. Public administration education and health,105,102,44,58,3,2,1
S01008531,R S T U. Other,23,21,13,8,2,1,1
S01008532,All people aged 16 to 74 in employment,184,164,56,108,20,4,16
S01008532,A B D E. Agriculture energy and water,3,3,1,2,0,0,0
S01008532,C. Manufacturing,3,3,0,3,0,0,0
S01008532,F. Construction,16,10,2,8,6,0,6
S01008532,G I. Distribution hotels and restaurants,51,46,19,27,5,1,4
S01008532,H J. Transport and communication,11,7,2,5,4,1,3
S01008532,K L M N. Financial real estate professional and administrative activities,31,28,10,18,3,1,2
S01008532,O P Q. Public administration education and health,57,56,19,37,1,1,0
S01008532,R S T U. Other,12,11,3,8,1,0,1
S01008533,All people aged 16 to 74 in employment,254,238,49,189,16,4,12
S01008533,A B D E. Agriculture energy and water,1,1,0,1,0,0,0
S01008533,C. Manufacturing,7,4,1,3,3,0,3
S01008533,F. Construction,3,3,0,3,0,0,0
S01008533,G I. Distribution hotels and restaurants,37,34,21,13,3,0,3
S01008533,H J. Transport and communication,8,5,1,4,3,2,1
S01008533,K L M N. Financial real estate professional and administrative activities,18,18,3,15,0,0,0
S01008533,O P Q. Public administration education and health,173,169,20,149,4,1,3
S01008533,R S T U. Other,7,4,3,1,3,1,2
S01008534,All people aged 16 to 74 in employment,386,339,96,243,47,20,27
S01008534,A B D E. Agriculture energy and water,4,4,1,3,0,0,0
S01008534,C. Manufacturing,11,9,0,9,2,0,2
S01008534,F. Construction,16,9,0,9,7,2,5
S01008534,G I. Distribution hotels and restaurants,68,62,37,25,6,1,5
S01008534,H J. Transport and communication,23,17,2,15,6,4,2
S01008534,K L M N. Financial real estate professional and administrative activities,89,76,16,60,13,1,12
S01008534,O P Q. Public administration education and health,159,150,35,115,9,9,0
S01008534,R S T U. Other,16,12,5,7,4,3,1
S01008535,All people aged 16 to 74 in employment,370,315,107,208,55,13,42
S01008535,A B D E. Agriculture energy and water,7,6,1,5,1,0,1
S01008535,C. Manufacturing,16,15,1,14,1,0,1
S01008535,F. Construction,18,14,3,11,4,1,3
S01008535,G I. Distribution hotels and restaurants,61,46,30,16,15,3,12
S01008535,H J. Transport and communication,28,18,2,16,10,2,8
S01008535,K L M N. Financial real estate professional and administrative activities,104,91,23,68,13,2,11
S01008535,O P Q. Public administration education and health,121,116,42,74,5,2,3
S01008535,R S T U. Other,15,9,5,4,6,3,3
S01008536,All people aged 16 to 74 in employment,259,224,62,162,35,14,21
S01008536,A B D E. Agriculture energy and water,3,3,1,2,0,0,0
S01008536,C. Manufacturing,13,11,1,10,2,0,2
S01008536,F. Construction,18,9,2,7,9,1,8
S01008536,G I. Distribution hotels and restaurants,31,28,11,17,3,2,1
S01008536,H J. Transport and communication,20,13,1,12,7,2,5
S01008536,K L M N. Financial real estate professional and administrative activities,67,61,8,53,6,3,3
S01008536,O P Q. Public administration education and health,92,89,34,55,3,2,1
S01008536,R S T U. Other,15,10,4,6,5,4,1
S01008537,All people aged 16 to 74 in employment,320,275,87,188,45,16,29
S01008537,A B D E. Agriculture energy and water,3,3,0,3,0,0,0
S01008537,C. Manufacturing,8,7,1,6,1,0,1
S01008537,F. Construction,6,2,0,2,4,0,4
S01008537,G I. Distribution hotels and restaurants,39,38,25,13,1,1,0
S01008537,H J. Transport and communication,23,18,5,13,5,0,5
S01008537,K L M N. Financial real estate professional and administrative activities,91,74,17,57,17,5,12
S01008537,O P Q. Public administration education and health,137,127,38,89,10,8,2
S01008537,R S T U. Other,13,6,1,5,7,2,5
S01008538,All people aged 16 to 74 in employment,231,192,67,125,39,14,25
S01008538,A B D E. Agriculture energy and water,0,0,0,0,0,0,0
S01008538,C. Manufacturing,13,9,3,6,4,2,2
S01008538,F. Construction,9,7,1,6,2,2,0
S01008538,G I. Distribution hotels and restaurants,31,24,14,10,7,2,5
S01008538,H J. Transport and communication,15,12,2,10,3,0,3
S01008538,K L M N. Financial real estate professional and administrative activities,51,45,13,32,6,1,5
S01008538,O P Q. Public administration education and health,100,87,32,55,13,4,9
S01008538,R S T U. Other,12,8,2,6,4,3,1
S01008539,All people aged 16 to 74 in employment,437,378,101,277,59,21,38
S01008539,A B D E. Agriculture energy and water,6,6,2,4,0,0,0
S01008539,C. Manufacturing,19,16,0,16,3,1,2
S01008539,F. Construction,16,11,3,8,5,1,4
S01008539,G I. Distribution hotels and restaurants,57,47,27,20,10,3,7
S01008539,H J. Transport and communication,27,19,1,18,8,3,5
S01008539,K L M N. Financial real estate professional and administrative activities,113,100,13,87,13,2,11
S01008539,O P Q. Public administration education and health,175,161,48,113,14,6,8
S01008539,R S T U. Other,24,18,7,11,6,5,1
S01008540,All people aged 16 to 74 in employment,405,321,97,224,84,27,57
S01008540,A B D E. Agriculture energy and water,8,4,0,4,4,2,2
S01008540,C. Manufacturing,12,10,2,8,2,0,2
S01008540,F. Construction,19,12,2,10,7,1,6
S01008540,G I. Distribution hotels and restaurants,55,38,18,20,17,3,14
S01008540,H J. Transport and communication,27,21,3,18,6,3,3
S01008540,K L M N. Financial real estate professional and administrative activities,116,89,21,68,27,8,19
S01008540,O P Q. Public administration education and health,145,132,45,87,13,8,5
S01008540,R S T U. Other,23,15,6,9,8,2,6
S01008541,All people aged 16 to 74 in employment,435,377,110,267,58,21,37
S01008541,A B D E. Agriculture energy and water,7,5,1,4,2,0,2
S01008541,C. Manufacturing,16,13,0,13,3,1,2
S01008541,F. Construction,21,10,1,9,11,1,10
S01008541,G I. Distribution hotels and restaurants,49,40,24,16,9,5,4
S01008541,H J. Transport and communication,32,23,6,17,9,1,8
S01008541,K L M N. Financial real estate professional and administrative activities,121,109,24,85,12,5,7
S01008541,O P Q. Public administration education and health,167,158,48,110,9,6,3
S01008541,R S T U. Other,22,19,6,13,3,2,1
S01008542,All people aged 16 to 74 in employment,475,419,152,267,56,21,35
S01008542,A B D E. Agriculture energy and water,4,4,2,2,0,0,0
S01008542,C. Manufacturing,16,16,0,16,0,0,0
S01008542,F. Construction,16,10,0,10,6,1,5
S01008542,G I. Distribution hotels and restaurants,68,55,34,21,13,2,11
S01008542,H J. Transport and communication,41,30,6,24,11,2,9
S01008542,K L M N. Financial real estate professional and administrative activities,130,119,32,87,11,5,6
S01008542,O P Q. Public administration education and health,176,167,72,95,9,6,3
S01008542,R S T U. Other,24,18,6,12,6,5,1
S01008543,All people aged 16 to 74 in employment,405,353,117,236,52,11,41
S01008543,A B D E. Agriculture energy and water,6,6,2,4,0,0,0
S01008543,C. Manufacturing,17,16,1,15,1,0,1
S01008543,F. Construction,34,22,3,19,12,0,12
S01008543,G I. Distribution hotels and restaurants,75,65,33,32,10,0,10
S01008543,H J. Transport and communication,28,20,6,14,8,2,6
S01008543,K L M N. Financial real estate professional and administrative activities,90,80,24,56,10,3,7
S01008543,O P Q. Public administration education and health,135,129,43,86,6,4,2
S01008543,R S T U. Other,20,15,5,10,5,2,3
S01008544,All people aged 16 to 74 in employment,358,306,92,214,52,15,37
S01008544,A B D E. Agriculture energy and water,4,4,3,1,0,0,0
S01008544,C. Manufacturing,17,13,0,13,4,0,4
S01008544,F. Construction,10,7,0,7,3,1,2
S01008544,G I. Distribution hotels and restaurants,38,33,17,16,5,1,4
S01008544,H J. Transport and communication,32,22,4,18,10,2,8
S01008544,K L M N. Financial real estate professional and administrative activities,105,87,19,68,18,5,13
S01008544,O P Q. Public administration education and health,136,129,43,86,7,3,4
S01008544,R S T U. Other,16,11,6,5,5,3,2
S01008545,All people aged 16 to 74 in employment,410,326,90,236,84,20,64
S01008545,A B D E. Agriculture energy and water,4,4,2,2,0,0,0
S01008545,C. Manufacturing,14,13,1,12,1,1,0
S01008545,F. Construction,21,13,3,10,8,0,8
S01008545,G I. Distribution hotels and restaurants,50,40,20,20,10,1,9
S01008545,H J. Transport and communication,20,17,3,14,3,0,3
S01008545,K L M N. Financial real estate professional and administrative activities,161,116,26,90,45,10,35
S01008545,O P Q. Public administration education and health,125,111,30,81,14,7,7
S01008545,R S T U. Other,15,12,5,7,3,1,2
S01008546,All people aged 16 to 74 in employment,388,311,96,215,77,21,56
S01008546,A B D E. Agriculture energy and water,6,5,2,3,1,1,0
S01008546,C. Manufacturing,16,10,2,8,6,2,4
S01008546,F. Construction,18,9,0,9,9,3,6
S01008546,G I. Distribution hotels and restaurants,46,34,19,15,12,1,11
S01008546,H J. Transport and communication,28,19,1,18,9,3,6
S01008546,K L M N. Financial real estate professional and administrative activities,113,84,24,60,29,6,23
S01008546,O P Q. Public administration education and health,141,134,43,91,7,2,5
S01008546,R S T U. Other,20,16,5,11,4,3,1
S01008547,All people aged 16 to 74 in employment,586,518,132,386,68,20,48
S01008547,A B D E. Agriculture energy and water,13,13,0,13,0,0,0
S01008547,C. Manufacturing,18,17,2,15,1,0,1
S01008547,F. Construction,39,31,1,30,8,2,6
S01008547,G I. Distribution hotels and restaurants,114,106,50,56,8,1,7
S01008547,H J. Transport and communication,50,30,4,26,20,5,15
S01008547,K L M N. Financial real estate professional and administrative activities,144,129,25,104,15,4,11
S01008547,O P Q. Public administration education and health,184,174,43,131,10,5,5
S01008547,R S T U. Other,24,18,7,11,6,3,3
S01008548,All people aged 16 to 74 in employment,492,432,95,337,60,16,44
S01008548,A B D E. Agriculture energy and water,8,8,1,7,0,0,0
S01008548,C. Manufacturing,17,16,0,16,1,0,1
S01008548,F. Construction,38,27,0,27,11,1,10
S01008548,G I. Distribution hotels and restaurants,108,92,31,61,16,4,12
S01008548,H J. Transport and communication,31,21,3,18,10,1,9
S01008548,K L M N. Financial real estate professional and administrative activities,106,99,20,79,7,3,4
S01008548,O P Q. Public administration education and health,155,144,31,113,11,6,5
S01008548,R S T U. Other,29,25,9,16,4,1,3
S01008549,All people aged 16 to 74 in employment,508,429,116,313,79,17,62
S01008549,A B D E. Agriculture energy and water,13,9,1,8,4,2,2
S01008549,C. Manufacturing,22,19,4,15,3,0,3
S01008549,F. Construction,37,20,1,19,17,4,13
S01008549,G I. Distribution hotels and restaurants,104,88,38,50,16,2,14
S01008549,H J. Transport and communication,49,33,3,30,16,2,14
S01008549,K L M N. Financial real estate professional and administrative activities,109,95,27,68,14,3,11
S01008549,O P Q. Public administration education and health,148,146,35,111,2,1,1
S01008549,R S T U. Other,26,19,7,12,7,3,4
S01008550,All people aged 16 to 74 in employment,427,375,92,283,52,9,43
S01008550,A B D E. Agriculture energy and water,8,6,1,5,2,0,2
S01008550,C. Manufacturing,17,14,0,14,3,0,3
S01008550,F. Construction,20,14,1,13,6,1,5
S01008550,G I. Distribution hotels and restaurants,69,58,31,27,11,2,9
S01008550,H J. Transport and communication,36,27,2,25,9,1,8
S01008550,K L M N. Financial real estate professional and administrative activities,115,104,13,91,11,0,11
S01008550,O P Q. Public administration education and health,144,136,37,99,8,4,4
S01008550,R S T U. Other,18,16,7,9,2,1,1
S01008551,All people aged 16 to 74 in employment,538,454,119,335,84,19,65
S01008551,A B D E. Agriculture energy and water,5,4,2,2,1,0,1
S01008551,C. Manufacturing,22,20,4,16,2,1,1
S01008551,F. Construction,40,22,0,22,18,4,14
S01008551,G I. Distribution hotels and restaurants,99,74,41,33,25,3,22
S01008551,H J. Transport and communication,48,32,6,26,16,3,13
S01008551,K L M N. Financial real estate professional and administrative activities,121,106,19,87,15,5,10
S01008551,O P Q. Public administration education and health,184,180,41,139,4,2,2
S01008551,R S T U. Other,19,16,6,10,3,1,2
S01008552,All people aged 16 to 74 in employment,437,378,113,265,59,17,42
S01008552,A B D E. Agriculture energy and water,4,3,0,3,1,0,1
S01008552,C. Manufacturing,18,18,1,17,0,0,0
S01008552,F. Construction,43,25,2,23,18,5,13
S01008552,G I. Distribution hotels and restaurants,86,76,40,36,10,4,6
S01008552,H J. Transport and communication,40,27,4,23,13,1,12
S01008552,K L M N. Financial real estate professional and administrative activities,80,71,15,56,9,3,6
S01008552,O P Q. Public administration education and health,146,139,44,95,7,4,3
S01008552,R S T U. Other,20,19,7,12,1,0,1
S01008553,All people aged 16 to 74 in employment,252,217,61,156,35,12,23
S01008553,A B D E. Agriculture energy and water,3,3,1,2,0,0,0
S01008553,C. Manufacturing,12,10,1,9,2,1,1
S01008553,F. Construction,21,13,0,13,8,0,8
S01008553,G I. Distribution hotels and restaurants,51,42,13,29,9,3,6
S01008553,H J. Transport and communication,20,13,0,13,7,3,4
S01008553,K L M N. Financial real estate professional and administrative activities,49,46,15,31,3,0,3
S01008553,O P Q. Public administration education and health,88,84,29,55,4,4,0
S01008553,R S T U. Other,8,6,2,4,2,1,1
S01008554,All people aged 16 to 74 in employment,380,342,103,239,38,12,26
S01008554,A B D E. Agriculture energy and water,8,7,2,5,1,0,1
S01008554,C. Manufacturing,13,11,0,11,2,0,2
S01008554,F. Construction,43,30,3,27,13,5,8
S01008554,G I. Distribution hotels and restaurants,98,93,40,53,5,2,3
S01008554,H J. Transport and communication,26,20,3,17,6,2,4
S01008554,K L M N. Financial real estate professional and administrative activities,51,47,11,36,4,1,3
S01008554,O P Q. Public administration education and health,114,112,34,78,2,0,2
S01008554,R S T U. Other,27,22,10,12,5,2,3
S01008555,All people aged 16 to 74 in employment,397,366,123,243,31,11,20
S01008555,A B D E. Agriculture energy and water,7,6,1,5,1,0,1
S01008555,C. Manufacturing,11,10,0,10,1,0,1
S01008555,F. Construction,29,17,1,16,12,4,8
S01008555,G I. Distribution hotels and restaurants,102,101,49,52,1,1,0
S01008555,H J. Transport and communication,24,17,4,13,7,1,6
S01008555,K L M N. Financial real estate professional and administrative activities,61,55,17,38,6,4,2
S01008555,O P Q. Public administration education and health,137,135,43,92,2,1,1
S01008555,R S T U. Other,26,25,8,17,1,0,1
S01008556,All people aged 16 to 74 in employment,283,256,78,178,27,9,18
S01008556,A B D E. Agriculture energy and water,3,3,0,3,0,0,0
S01008556,C. Manufacturing,7,7,0,7,0,0,0
S01008556,F. Construction,27,19,1,18,8,3,5
S01008556,G I. Distribution hotels and restaurants,81,77,36,41,4,1,3
S01008556,H J. Transport and communication,19,15,2,13,4,2,2
S01008556,K L M N. Financial real estate professional and administrative activities,47,45,12,33,2,0,2
S01008556,O P Q. Public administration education and health,83,77,24,53,6,2,4
S01008556,R S T U. Other,16,13,3,10,3,1,2
S01008557,All people aged 16 to 74 in employment,308,281,92,189,27,9,18
S01008557,A B D E. Agriculture energy and water,4,4,1,3,0,0,0
S01008557,C. Manufacturing,6,6,4,2,0,0,0
S01008557,F. Construction,29,23,2,21,6,0,6
S01008557,G I. Distribution hotels and restaurants,83,79,35,44,4,1,3
S01008557,H J. Transport and communication,25,18,4,14,7,3,4
S01008557,K L M N. Financial real estate professional and administrative activities,40,37,9,28,3,3,0
S01008557,O P Q. Public administration education and health,103,99,31,68,4,1,3
S01008557,R S T U. Other,18,15,6,9,3,1,2
S01008558,All people aged 16 to 74 in employment,363,325,99,226,38,13,25
S01008558,A B D E. Agriculture energy and water,3,3,0,3,0,0,0
S01008558,C. Manufacturing,11,11,3,8,0,0,0
S01008558,F. Construction,34,28,2,26,6,1,5
S01008558,G I. Distribution hotels and restaurants,78,75,33,42,3,1,2
S01008558,H J. Transport and communication,32,21,2,19,11,3,8
S01008558,K L M N. Financial real estate professional and administrative activities,56,49,11,38,7,5,2
S01008558,O P Q. Public administration education and health,129,122,41,81,7,2,5
S01008558,R S T U. Other,20,16,7,9,4,1,3
S01008559,All people aged 16 to 74 in employment,289,262,78,184,27,9,18
S01008559,A B D E. Agriculture energy and water,6,6,1,5,0,0,0
S01008559,C. Manufacturing,7,6,0,6,1,0,1
S01008559,F. Construction,30,27,0,27,3,1,2
S01008559,G I. Distribution hotels and restaurants,70,63,29,34,7,1,6
S01008559,H J. Transport and communication,31,23,3,20,8,0,8
S01008559,K L M N. Financial real estate professional and administrative activities,28,24,12,12,4,4,0
S01008559,O P Q. Public administration education and health,102,99,30,69,3,2,1
S01008559,R S T U. Other,15,14,3,11,1,1,0
S01008560,All people aged 16 to 74 in employment,300,275,93,182,25,5,20
S01008560,A B D E. Agriculture energy and water,3,3,1,2,0,0,0
S01008560,C. Manufacturing,12,10,0,10,2,0,2
S01008560,F. Construction,20,15,0,15,5,1,4
S01008560,G I. Distribution hotels and restaurants,65,62,35,27,3,1,2
S01008560,H J. Transport and communication,25,20,3,17,5,1,4
S01008560,K L M N. Financial real estate professional and administrative activities,46,43,9,34,3,0,3
S01008560,O P Q. Public administration education and health,112,108,39,69,4,1,3
S01008560,R S T U. Other,17,14,6,8,3,1,2
S01008561,All people aged 16 to 74 in employment,291,269,80,189,22,7,15
S01008561,A B D E. Agriculture energy and water,10,10,1,9,0,0,0
S01008561,C. Manufacturing,13,12,0,12,1,0,1
S01008561,F. Construction,27,20,1,19,7,1,6
S01008561,G I. Distribution hotels and restaurants,70,68,32,36,2,1,1
S01008561,H J. Transport and communication,24,18,0,18,6,3,3
S01008561,K L M N. Financial real estate professional and administrative activities,42,40,12,28,2,0,2
S01008561,O P Q. Public administration education and health,98,95,33,62,3,2,1
S01008561,R S T U. Other,7,6,1,5,1,0,1
S01008562,All people aged 16 to 74 in employment,208,188,68,120,20,5,15
S01008562,A B D E. Agriculture energy and water,5,5,2,3,0,0,0
S01008562,C. Manufacturing,7,6,2,4,1,0,1
S01008562,F. Construction,13,10,0,10,3,0,3
S01008562,G I. Distribution hotels and restaurants,42,39,19,20,3,1,2
S01008562,H J. Transport and communication,14,11,3,8,3,1,2
S01008562,K L M N. Financial real estate professional and administrative activities,48,41,16,25,7,2,5
S01008562,O P Q. Public administration education and health,71,69,23,46,2,1,1
S01008562,R S T U. Other,8,7,3,4,1,0,1
S01008563,All people aged 16 to 74 in employment,360,328,84,244,32,8,24
S01008563,A B D E. Agriculture energy and water,12,11,0,11,1,1,0
S01008563,C. Manufacturing,12,11,0,11,1,1,0
S01008563,F. Construction,30,25,1,24,5,1,4
S01008563,G I. Distribution hotels and restaurants,70,63,25,38,7,2,5
S01008563,H J. Transport and communication,35,28,3,25,7,0,7
S01008563,K L M N. Financial real estate professional and administrative activities,65,63,13,50,2,0,2
S01008563,O P Q. Public administration education and health,118,114,38,76,4,1,3
S01008563,R S T U. Other,18,13,4,9,5,2,3
S01008564,All people aged 16 to 74 in employment,269,244,39,205,25,7,18
S01008564,A B D E. Agriculture energy and water,8,7,0,7,1,0,1
S01008564,C. Manufacturing,11,10,0,10,1,0,1
S01008564,F. Construction,22,16,0,16,6,1,5
S01008564,G I. Distribution hotels and restaurants,47,45,10,35,2,1,1
S01008564,H J. Transport and communication,26,21,0,21,5,2,3
S01008564,K L M N. Financial real estate professional and administrative activities,48,45,5,40,3,2,1
S01008564,O P Q. Public administration education and health,85,84,21,63,1,0,1
S01008564,R S T U. Other,22,16,3,13,6,1,5
S01008565,All people aged 16 to 74 in employment,363,328,112,216,35,10,25
S01008565,A B D E. Agriculture energy and water,6,6,0,6,0,0,0
S01008565,C. Manufacturing,6,5,1,4,1,1,0
S01008565,F. Construction,28,21,1,20,7,1,6
S01008565,G I. Distribution hotels and restaurants,73,65,39,26,8,0,8
S01008565,H J. Transport and communication,30,22,3,19,8,3,5
S01008565,K L M N. Financial real estate professional and administrative activities,56,52,18,34,4,2,2
S01008565,O P Q. Public administration education and health,135,134,41,93,1,1,0
S01008565,R S T U. Other,29,23,9,14,6,2,4
S01008566,All people aged 16 to 74 in employment,450,395,114,281,55,19,36
S01008566,A B D E. Agriculture energy and water,8,6,0,6,2,0,2
S01008566,C. Manufacturing,19,17,1,16,2,0,2
S01008566,F. Construction,46,33,1,32,13,3,10
S01008566,G I. Distribution hotels and restaurants,105,93,39,54,12,3,9
S01008566,H J. Transport and communication,35,27,3,24,8,3,5
S01008566,K L M N. Financial real estate professional and administrative activities,67,60,19,41,7,2,5
S01008566,O P Q. Public administration education and health,142,136,44,92,6,4,2
S01008566,R S T U. Other,28,23,7,16,5,4,1
S01008567,All people aged 16 to 74 in employment,322,287,73,214,35,14,21
S01008567,A B D E. Agriculture energy and water,7,6,0,6,1,1,0
S01008567,C. Manufacturing,13,13,3,10,0,0,0
S01008567,F. Construction,29,21,1,20,8,2,6
S01008567,G I. Distribution hotels and restaurants,67,64,24,40,3,0,3
S01008567,H J. Transport and communication,35,24,1,23,11,4,7
S01008567,K L M N. Financial real estate professional and administrative activities,55,50,13,37,5,2,3
S01008567,O P Q. Public administration education and health,102,101,26,75,1,1,0
S01008567,R S T U. Other,14,8,5,3,6,4,2
S01008568,All people aged 16 to 74 in employment,415,371,115,256,44,11,33
S01008568,A B D E. Agriculture energy and water,9,9,0,9,0,0,0
S01008568,C. Manufacturing,7,4,0,4,3,0,3
S01008568,F. Construction,34,19,4,15,15,2,13
S01008568,G I. Distribution hotels and restaurants,88,81,43,38,7,2,5
S01008568,H J. Transport and communication,32,27,10,17,5,1,4
S01008568,K L M N. Financial real estate professional and administrative activities,80,75,16,59,5,2,3
S01008568,O P Q. Public administration education and health,148,142,37,105,6,2,4
S01008568,R S T U. Other,17,14,5,9,3,2,1
S01008569,All people aged 16 to 74 in employment,237,209,70,139,28,15,13
S01008569,A B D E. Agriculture energy and water,0,0,0,0,0,0,0
S01008569,C. Manufacturing,3,3,0,3,0,0,0
S01008569,F. Construction,23,19,3,16,4,4,0
S01008569,G I. Distribution hotels and restaurants,58,54,26,28,4,0,4
S01008569,H J. Transport and communication,19,11,1,10,8,2,6
S01008569,K L M N. Financial real estate professional and administrative activities,31,26,9,17,5,3,2
S01008569,O P Q. Public administration education and health,86,85,26,59,1,0,1
S01008569,R S T U. Other,17,11,5,6,6,6,0
S01008570,All people aged 16 to 74 in employment,356,311,107,204,45,17,28
S01008570,A B D E. Agriculture energy and water,3,3,0,3,0,0,0
S01008570,C. Manufacturing,12,12,2,10,0,0,0
S01008570,F. Construction,27,14,0,14,13,1,12
S01008570,G I. Distribution hotels and restaurants,99,91,38,53,8,3,5
S01008570,H J. Transport and communication,21,15,0,15,6,2,4
S01008570,K L M N. Financial real estate professional and administrative activities,51,42,20,22,9,5,4
S01008570,O P Q. Public administration education and health,118,114,37,77,4,3,1
S01008570,R S T U. Other,25,20,10,10,5,3,2
S01008571,All people aged 16 to 74 in employment,284,250,95,155,34,9,25
S01008571,A B D E. Agriculture energy and water,2,2,0,2,0,0,0
S01008571,C. Manufacturing,15,14,2,12,1,1,0
S01008571,F. Construction,19,10,1,9,9,2,7
S01008571,G I. Distribution hotels and restaurants,60,55,26,29,5,2,3
S01008571,H J. Transport and communication,28,20,2,18,8,1,7
S01008571,K L M N. Financial real estate professional and administrative activities,53,47,16,31,6,2,4
S01008571,O P Q. Public administration education and health,87,84,39,45,3,0,3
S01008571,R S T U. Other,20,18,9,9,2,1,1
S01008572,All people aged 16 to 74 in employment,364,316,93,223,48,13,35
S01008572,A B D E. Agriculture energy and water,10,9,1,8,1,1,0
S01008572,C. Manufacturing,11,10,0,10,1,0,1
S01008572,F. Construction,39,22,2,20,17,6,11
S01008572,G I. Distribution hotels and restaurants,87,80,45,35,7,0,7
S01008572,H J. Transport and communication,19,15,1,14,4,0,4
S01008572,K L M N. Financial real estate professional and administrative activities,61,52,13,39,9,3,6
S01008572,O P Q. Public administration education and health,117,114,31,83,3,1,2
S01008572,R S T U. Other,20,14,0,14,6,2,4
S01008573,All people aged 16 to 74 in employment,435,355,99,256,80,18,62
S01008573,A B D E. Agriculture energy and water,8,7,1,6,1,1,0
S01008573,C. Manufacturing,13,12,3,9,1,0,1
S01008573,F. Construction,22,12,0,12,10,2,8
S01008573,G I. Distribution hotels and restaurants,86,64,32,32,22,2,20
S01008573,H J. Transport and communication,33,24,5,19,9,1,8
S01008573,K L M N. Financial real estate professional and administrative activities,104,93,18,75,11,4,7
S01008573,O P Q. Public administration education and health,142,130,36,94,12,6,6
S01008573,R S T U. Other,27,13,4,9,14,2,12
S01008574,All people aged 16 to 74 in employment,430,386,106,280,44,9,35
S01008574,A B D E. Agriculture energy and water,6,6,1,5,0,0,0
S01008574,C. Manufacturing,23,21,2,19,2,0,2
S01008574,F. Construction,32,16,1,15,16,5,11
S01008574,G I. Distribution hotels and restaurants,74,66,30,36,8,1,7
S01008574,H J. Transport and communication,35,27,3,24,8,1,7
S01008574,K L M N. Financial real estate professional and administrative activities,83,77,17,60,6,1,5
S01008574,O P Q. Public administration education and health,151,148,38,110,3,0,3
S01008574,R S T U. Other,26,25,14,11,1,1,0
S01008575,All people aged 16 to 74 in employment,392,322,78,244,70,17,53
S01008575,A B D E. Agriculture energy and water,0,0,0,0,0,0,0
S01008575,C. Manufacturing,20,18,1,17,2,0,2
S01008575,F. Construction,29,21,3,18,8,0,8
S01008575,G I. Distribution hotels and restaurants,67,45,26,19,22,7,15
S01008575,H J. Transport and communication,17,11,1,10,6,0,6
S01008575,K L M N. Financial real estate professional and administrative activities,116,98,15,83,18,4,14
S01008575,O P Q. Public administration education and health,126,117,29,88,9,4,5
S01008575,R S T U. Other,17,12,3,9,5,2,3
S01008576,All people aged 16 to 74 in employment,446,383,123,260,63,18,45
S01008576,A B D E. Agriculture energy and water,6,5,0,5,1,0,1
S01008576,C. Manufacturing,13,12,0,12,1,0,1
S01008576,F. Construction,38,23,2,21,15,2,13
S01008576,G I. Distribution hotels and restaurants,69,56,38,18,13,3,10
S01008576,H J. Transport and communication,25,17,1,16,8,5,3
S01008576,K L M N. Financial real estate professional and administrative activities,116,105,24,81,11,3,8
S01008576,O P Q. Public administration education and health,157,152,54,98,5,1,4
S01008576,R S T U. Other,22,13,4,9,9,4,5
S01008577,All people aged 16 to 74 in employment,374,296,91,205,78,20,58
S01008577,A B D E. Agriculture energy and water,4,4,0,4,0,0,0
S01008577,C. Manufacturing,14,10,0,10,4,2,2
S01008577,F. Construction,21,9,0,9,12,0,12
S01008577,G I. Distribution hotels and restaurants,53,41,23,18,12,3,9
S01008577,H J. Transport and communication,28,16,0,16,12,2,10
S01008577,K L M N. Financial real estate professional and administrative activities,95,75,14,61,20,4,16
S01008577,O P Q. Public administration education and health,131,123,48,75,8,5,3
S01008577,R S T U. Other,28,18,6,12,10,4,6
S01008578,All people aged 16 to 74 in employment,354,284,75,209,70,23,47
S01008578,A B D E. Agriculture energy and water,4,3,1,2,1,0,1
S01008578,C. Manufacturing,13,11,2,9,2,0,2
S01008578,F. Construction,12,9,2,7,3,0,3
S01008578,G I. Distribution hotels and restaurants,44,32,18,14,12,2,10
S01008578,H J. Transport and communication,18,14,2,12,4,1,3
S01008578,K L M N. Financial real estate professional and administrative activities,86,66,7,59,20,6,14
S01008578,O P Q. Public administration education and health,160,144,42,102,16,10,6
S01008578,R S T U. Other,17,5,1,4,12,4,8
S01008579,All people aged 16 to 74 in employment,291,232,69,163,59,24,35
S01008579,A B D E. Agriculture energy and water,8,7,1,6,1,1,0
S01008579,C. Manufacturing,10,8,0,8,2,1,1
S01008579,F. Construction,16,8,0,8,8,1,7
S01008579,G I. Distribution hotels and restaurants,24,17,9,8,7,4,3
S01008579,H J. Transport and communication,22,13,3,10,9,3,6
S01008579,K L M N. Financial real estate professional and administrative activities,58,40,9,31,18,8,10
S01008579,O P Q. Public administration education and health,135,126,42,84,9,5,4
S01008579,R S T U. Other,18,13,5,8,5,1,4
S01008580,All people aged 16 to 74 in employment,279,250,63,187,29,15,14
S01008580,A B D E. Agriculture energy and water,1,1,0,1,0,0,0
S01008580,C. Manufacturing,7,7,0,7,0,0,0
S01008580,F. Construction,19,14,0,14,5,2,3
S01008580,G I. Distribution hotels and restaurants,52,49,30,19,3,2,1
S01008580,H J. Transport and communication,18,13,0,13,5,3,2
S01008580,K L M N. Financial real estate professional and administrative activities,75,69,11,58,6,1,5
S01008580,O P Q. Public administration education and health,89,81,17,64,8,6,2
S01008580,R S T U. Other,18,16,5,11,2,1,1
S01008581,All people aged 16 to 74 in employment,389,358,96,262,31,13,18
S01008581,A B D E. Agriculture energy and water,7,7,0,7,0,0,0
S01008581,C. Manufacturing,10,9,0,9,1,0,1
S01008581,F. Construction,29,22,2,20,7,2,5
S01008581,G I. Distribution hotels and restaurants,94,89,39,50,5,0,5
S01008581,H J. Transport and communication,28,21,5,16,7,4,3
S01008581,K L M N. Financial real estate professional and administrative activities,68,62,16,46,6,3,3
S01008581,O P Q. Public administration education and health,134,130,29,101,4,3,1
S01008581,R S T U. Other,19,18,5,13,1,1,0
S01008582,All people aged 16 to 74 in employment,457,410,126,284,47,9,38
S01008582,A B D E. Agriculture energy and water,16,16,4,12,0,0,0
S01008582,C. Manufacturing,11,10,0,10,1,0,1
S01008582,F. Construction,38,27,2,25,11,1,10
S01008582,G I. Distribution hotels and restaurants,87,81,42,39,6,1,5
S01008582,H J. Transport and communication,32,25,4,21,7,0,7
S01008582,K L M N. Financial real estate professional and administrative activities,82,72,13,59,10,4,6
S01008582,O P Q. Public administration education and health,163,158,56,102,5,2,3
S01008582,R S T U. Other,28,21,5,16,7,1,6
S01008583,All people aged 16 to 74 in employment,307,278,68,210,29,8,21
S01008583,A B D E. Agriculture energy and water,6,5,0,5,1,0,1
S01008583,C. Manufacturing,11,11,1,10,0,0,0
S01008583,F. Construction,26,19,1,18,7,1,6
S01008583,G I. Distribution hotels and restaurants,59,55,24,31,4,0,4
S01008583,H J. Transport and communication,23,18,0,18,5,0,5
S01008583,K L M N. Financial real estate professional and administrative activities,43,37,6,31,6,2,4
S01008583,O P Q. Public administration education and health,127,123,33,90,4,3,1
S01008583,R S T U. Other,12,10,3,7,2,2,0
S01008584,All people aged 16 to 74 in employment,358,320,86,234,38,12,26
S01008584,A B D E. Agriculture energy and water,9,8,2,6,1,0,1
S01008584,C. Manufacturing,11,11,0,11,0,0,0
S01008584,F. Construction,25,19,2,17,6,3,3
S01008584,G I. Distribution hotels and restaurants,77,68,28,40,9,2,7
S01008584,H J. Transport and communication,17,14,0,14,3,0,3
S01008584,K L M N. Financial real estate professional and administrative activities,73,66,7,59,7,1,6
S01008584,O P Q. Public administration education and health,126,116,39,77,10,6,4
S01008584,R S T U. Other,20,18,8,10,2,0,2
S01008585,All people aged 16 to 74 in employment,264,243,67,176,21,8,13
S01008585,A B D E. Agriculture energy and water,1,1,0,1,0,0,0
S01008585,C. Manufacturing,5,5,1,4,0,0,0
S01008585,F. Construction,21,16,0,16,5,0,5
S01008585,G I. Distribution hotels and restaurants,41,39,20,19,2,1,1
S01008585,H J. Transport and communication,15,13,1,12,2,1,1
S01008585,K L M N. Financial real estate professional and administrative activities,55,51,10,41,4,1,3
S01008585,O P Q. Public administration education and health,101,97,28,69,4,4,0
S01008585,R S T U. Other,25,21,7,14,4,1,3
S01008586,All people aged 16 to 74 in employment,328,299,97,202,29,11,18
S01008586,A B D E. Agriculture energy and water,3,3,0,3,0,0,0
S01008586,C. Manufacturing,5,5,0,5,0,0,0
S01008586,F. Construction,34,26,2,24,8,0,8
S01008586,G I. Distribution hotels and restaurants,64,62,35,27,2,0,2
S01008586,H J. Transport and communication,27,24,3,21,3,0,3
S01008586,K L M N. Financial real estate professional and administrative activities,54,45,13,32,9,6,3
S01008586,O P Q. Public administration education and health,121,116,39,77,5,4,1
S01008586,R S T U. Other,20,18,5,13,2,1,1
S01008587,All people aged 16 to 74 in employment,369,316,102,214,53,20,33
S01008587,A B D E. Agriculture energy and water,1,1,1,0,0,0,0
S01008587,C. Manufacturing,15,13,2,11,2,0,2
S01008587,F. Construction,12,5,0,5,7,1,6
S01008587,G I. Distribution hotels and restaurants,62,53,27,26,9,4,5
S01008587,H J. Transport and communication,22,20,6,14,2,1,1
S01008587,K L M N. Financial real estate professional and administrative activities,94,75,14,61,19,7,12
S01008587,O P Q. Public administration education and health,146,136,45,91,10,6,4
S01008587,R S T U. Other,17,13,7,6,4,1,3
S01008588,All people aged 16 to 74 in employment,344,296,91,205,48,17,31
S01008588,A B D E. Agriculture energy and water,2,2,0,2,0,0,0
S01008588,C. Manufacturing,20,15,0,15,5,2,3
S01008588,F. Construction,10,4,0,4,6,2,4
S01008588,G I. Distribution hotels and restaurants,31,27,18,9,4,1,3
S01008588,H J. Transport and communication,20,15,5,10,5,2,3
S01008588,K L M N. Financial real estate professional and administrative activities,94,81,15,66,13,4,9
S01008588,O P Q. Public administration education and health,144,134,47,87,10,6,4
S01008588,R S T U. Other,23,18,6,12,5,0,5
S01008589,All people aged 16 to 74 in employment,171,151,48,103,20,6,14
S01008589,A B D E. Agriculture energy and water,1,1,0,1,0,0,0
S01008589,C. Manufacturing,3,2,0,2,1,0,1
S01008589,F. Construction,5,5,1,4,0,0,0
S01008589,G I. Distribution hotels and restaurants,14,12,7,5,2,0,2
S01008589,H J. Transport and communication,18,12,3,9,6,2,4
S01008589,K L M N. Financial real estate professional and administrative activities,39,30,5,25,9,3,6
S01008589,O P Q. Public administration education and health,81,80,28,52,1,1,0
S01008589,R S T U. Other,10,9,4,5,1,0,1
S01008590,All people aged 16 to 74 in employment,308,280,66,214,28,10,18
S01008590,A B D E. Agriculture energy and water,2,2,1,1,0,0,0
S01008590,C. Manufacturing,7,7,1,6,0,0,0
S01008590,F. Construction,6,5,1,4,1,0,1
S01008590,G I. Distribution hotels and restaurants,30,26,12,14,4,0,4
S01008590,H J. Transport and communication,17,12,2,10,5,2,3
S01008590,K L M N. Financial real estate professional and administrative activities,74,68,9,59,6,2,4
S01008590,O P Q. Public administration education and health,161,153,38,115,8,4,4
S01008590,R S T U. Other,11,7,2,5,4,2,2
S01008591,All people aged 16 to 74 in employment,392,336,104,232,56,22,34
S01008591,A B D E. Agriculture energy and water,5,4,0,4,1,0,1
S01008591,C. Manufacturing,9,7,2,5,2,1,1
S01008591,F. Construction,8,4,1,3,4,0,4
S01008591,G I. Distribution hotels and restaurants,64,58,29,29,6,1,5
S01008591,H J. Transport and communication,23,17,3,14,6,2,4
S01008591,K L M N. Financial real estate professional and administrative activities,112,88,21,67,24,8,16
S01008591,O P Q. Public administration education and health,147,145,42,103,2,2,0
S01008591,R S T U. Other,24,13,6,7,11,8,3
S01008592,All people aged 16 to 74 in employment,317,282,98,184,35,11,24
S01008592,A B D E. Agriculture energy and water,2,1,0,1,1,0,1
S01008592,C. Manufacturing,13,12,2,10,1,0,1
S01008592,F. Construction,19,11,1,10,8,1,7
S01008592,G I. Distribution hotels and restaurants,49,45,32,13,4,1,3
S01008592,H J. Transport and communication,20,15,3,12,5,1,4
S01008592,K L M N. Financial real estate professional and administrative activities,72,64,16,48,8,3,5
S01008592,O P Q. Public administration education and health,123,119,37,82,4,1,3
S01008592,R S T U. Other,19,15,7,8,4,4,0
S01008593,All people aged 16 to 74 in employment,361,280,68,212,81,33,48
S01008593,A B D E. Agriculture energy and water,8,8,2,6,0,0,0
S01008593,C. Manufacturing,5,5,1,4,0,0,0
S01008593,F. Construction,10,6,0,6,4,1,3
S01008593,G I. Distribution hotels and restaurants,51,32,12,20,19,4,15
S01008593,H J. Transport and communication,19,14,0,14,5,1,4
S01008593,K L M N. Financial real estate professional and administrative activities,105,79,15,64,26,8,18
S01008593,O P Q. Public administration education and health,147,126,36,90,21,15,6
S01008593,R S T U. Other,16,10,2,8,6,4,2
S01008594,All people aged 16 to 74 in employment,490,399,90,309,91,32,59
S01008594,A B D E. Agriculture energy and water,6,6,0,6,0,0,0
S01008594,C. Manufacturing,12,12,1,11,0,0,0
S01008594,F. Construction,14,7,0,7,7,2,5
S01008594,G I. Distribution hotels and restaurants,66,44,20,24,22,9,13
S01008594,H J. Transport and communication,39,23,3,20,16,4,12
S01008594,K L M N. Financial real estate professional and administrative activities,141,115,15,100,26,6,20
S01008594,O P Q. Public administration education and health,180,167,40,127,13,8,5
S01008594,R S T U. Other,32,25,11,14,7,3,4
S01008595,All people aged 16 to 74 in employment,336,313,85,228,23,10,13
S01008595,A B D E. Agriculture energy and water,2,2,0,2,0,0,0
S01008595,C. Manufacturing,7,7,1,6,0,0,0
S01008595,F. Construction,23,19,2,17,4,1,3
S01008595,G I. Distribution hotels and restaurants,68,62,37,25,6,1,5
S01008595,H J. Transport and communication,21,19,6,13,2,0,2
S01008595,K L M N. Financial real estate professional and administrative activities,69,65,11,54,4,2,2
S01008595,O P Q. Public administration education and health,130,124,25,99,6,5,1
S01008595,R S T U. Other,16,15,3,12,1,1,0
S01008596,All people aged 16 to 74 in employment,345,317,82,235,28,11,17
S01008596,A B D E. Agriculture energy and water,2,2,0,2,0,0,0
S01008596,C. Manufacturing,10,9,1,8,1,0,1
S01008596,F. Construction,19,12,0,12,7,1,6
S01008596,G I. Distribution hotels and restaurants,80,77,40,37,3,2,1
S01008596,H J. Transport and communication,13,11,1,10,2,1,1
S01008596,K L M N. Financial real estate professional and administrative activities,82,74,10,64,8,3,5
S01008596,O P Q. Public administration education and health,127,121,27,94,6,4,2
S01008596,R S T U. Other,12,11,3,8,1,0,1
S01008597,All people aged 16 to 74 in employment,427,353,100,253,74,26,48
S01008597,A B D E. Agriculture energy and water,5,5,0,5,0,0,0
S01008597,C. Manufacturing,22,19,3,16,3,0,3
S01008597,F. Construction,22,11,0,11,11,3,8
S01008597,G I. Distribution hotels and restaurants,64,50,25,25,14,4,10
S01008597,H J. Transport and communication,31,22,1,21,9,3,6
S01008597,K L M N. Financial real estate professional and administrative activities,86,71,12,59,15,2,13
S01008597,O P Q. Public administration education and health,167,151,45,106,16,11,5
S01008597,R S T U. Other,30,24,14,10,6,3,3
S01008598,All people aged 16 to 74 in employment,343,304,111,193,39,7,32
S01008598,A B D E. Agriculture energy and water,6,6,2,4,0,0,0
S01008598,C. Manufacturing,11,8,2,6,3,0,3
S01008598,F. Construction,14,12,5,7,2,0,2
S01008598,G I. Distribution hotels and restaurants,81,71,42,29,10,1,9
S01008598,H J. Transport and communication,13,11,2,9,2,1,1
S01008598,K L M N. Financial real estate professional and administrative activities,77,71,13,58,6,1,5
S01008598,O P Q. Public administration education and health,116,105,34,71,11,4,7
S01008598,R S T U. Other,25,20,11,9,5,0,5
S01008599,All people aged 16 to 74 in employment,453,380,106,274,73,15,58
S01008599,A B D E. Agriculture energy and water,5,5,1,4,0,0,0
S01008599,C. Manufacturing,14,12,1,11,2,0,2
S01008599,F. Construction,10,9,1,8,1,1,0
S01008599,G I. Distribution hotels and restaurants,88,71,45,26,17,0,17
S01008599,H J. Transport and communication,22,14,3,11,8,3,5
S01008599,K L M N. Financial real estate professional and administrative activities,114,91,13,78,23,5,18
S01008599,O P Q. Public administration education and health,165,151,34,117,14,5,9
S01008599,R S T U. Other,35,27,8,19,8,1,7
S01008600,All people aged 16 to 74 in employment,332,240,64,176,92,34,58
S01008600,A B D E. Agriculture energy and water,5,5,1,4,0,0,0
S01008600,C. Manufacturing,8,8,0,8,0,0,0
S01008600,F. Construction,5,3,2,1,2,1,1
S01008600,G I. Distribution hotels and restaurants,66,38,18,20,28,8,20
S01008600,H J. Transport and communication,15,10,0,10,5,3,2
S01008600,K L M N. Financial real estate professional and administrative activities,91,58,9,49,33,7,26
S01008600,O P Q. Public administration education and health,122,106,30,76,16,10,6
S01008600,R S T U. Other,20,12,4,8,8,5,3
S01008601,All people aged 16 to 74 in employment,500,455,266,189,45,29,16
S01008601,A B D E. Agriculture energy and water,3,3,1,2,0,0,0
S01008601,C. Manufacturing,9,7,3,4,2,1,1
S01008601,F. Construction,8,8,3,5,0,0,0
S01008601,G I. Distribution hotels and restaurants,195,188,153,35,7,4,3
S01008601,H J. Transport and communication,27,22,4,18,5,3,2
S01008601,K L M N. Financial real estate professional and administrative activities,77,71,32,39,6,4,2
S01008601,O P Q. Public administration education and health,140,124,43,81,16,13,3
S01008601,R S T U. Other,41,32,27,5,9,4,5
S01008602,All people aged 16 to 74 in employment,295,252,84,168,43,13,30
S01008602,A B D E. Agriculture energy and water,2,2,1,1,0,0,0
S01008602,C. Manufacturing,9,8,0,8,1,0,1
S01008602,F. Construction,6,1,0,1,5,2,3
S01008602,G I. Distribution hotels and restaurants,72,64,45,19,8,2,6
S01008602,H J. Transport and communication,18,13,5,8,5,0,5
S01008602,K L M N. Financial real estate professional and administrative activities,63,53,8,45,10,3,7
S01008602,O P Q. Public administration education and health,102,94,18,76,8,3,5
S01008602,R S T U. Other,23,17,7,10,6,3,3
S01008603,All people aged 16 to 74 in employment,524,471,146,325,53,22,31
S01008603,A B D E. Agriculture energy and water,5,4,1,3,1,0,1
S01008603,C. Manufacturing,10,7,0,7,3,1,2
S01008603,F. Construction,10,8,0,8,2,0,2
S01008603,G I. Distribution hotels and restaurants,122,119,64,55,3,1,2
S01008603,H J. Transport and communication,34,29,8,21,5,1,4
S01008603,K L M N. Financial real estate professional and administrative activities,127,105,18,87,22,13,9
S01008603,O P Q. Public administration education and health,180,169,41,128,11,4,7
S01008603,R S T U. Other,36,30,14,16,6,2,4
S01008604,All people aged 16 to 74 in employment,430,351,105,246,79,21,58
S01008604,A B D E. Agriculture energy and water,4,4,0,4,0,0,0
S01008604,C. Manufacturing,8,6,0,6,2,0,2
S01008604,F. Construction,9,5,2,3,4,1,3
S01008604,G I. Distribution hotels and restaurants,92,71,43,28,21,4,17
S01008604,H J. Transport and communication,22,19,1,18,3,0,3
S01008604,K L M N. Financial real estate professional and administrative activities,120,93,18,75,27,4,23
S01008604,O P Q. Public administration education and health,147,134,39,95,13,7,6
S01008604,R S T U. Other,28,19,2,17,9,5,4
S01008605,All people aged 16 to 74 in employment,372,314,67,247,58,23,35
S01008605,A B D E. Agriculture energy and water,4,4,0,4,0,0,0
S01008605,C. Manufacturing,7,5,0,5,2,1,1
S01008605,F. Construction,6,3,0,3,3,0,3
S01008605,G I. Distribution hotels and restaurants,65,63,25,38,2,0,2
S01008605,H J. Transport and communication,23,17,2,15,6,1,5
S01008605,K L M N. Financial real estate professional and administrative activities,88,69,10,59,19,7,12
S01008605,O P Q. Public administration education and health,154,136,26,110,18,11,7
S01008605,R S T U. Other,25,17,4,13,8,3,5
S01008606,All people aged 16 to 74 in employment,380,302,99,203,78,33,45
S01008606,A B D E. Agriculture energy and water,2,2,0,2,0,0,0
S01008606,C. Manufacturing,7,6,1,5,1,0,1
S01008606,F. Construction,9,6,2,4,3,0,3
S01008606,G I. Distribution hotels and restaurants,54,42,21,21,12,3,9
S01008606,H J. Transport and communication,20,16,4,12,4,2,2
S01008606,K L M N. Financial real estate professional and administrative activities,99,72,11,61,27,9,18
S01008606,O P Q. Public administration education and health,163,141,50,91,22,13,9
S01008606,R S T U. Other,26,17,10,7,9,6,3
S01008607,All people aged 16 to 74 in employment,263,191,55,136,72,31,41
S01008607,A B D E. Agriculture energy and water,1,1,0,1,0,0,0
S01008607,C. Manufacturing,8,6,2,4,2,1,1
S01008607,F. Construction,2,1,0,1,1,0,1
S01008607,G I. Distribution hotels and restaurants,21,15,11,4,6,2,4
S01008607,H J. Transport and communication,9,7,0,7,2,0,2
S01008607,K L M N. Financial real estate professional and administrative activities,91,60,10,50,31,12,19
S01008607,O P Q. Public administration education and health,108,89,27,62,19,10,9
S01008607,R S T U. Other,23,12,5,7,11,6,5
S01008608,All people aged 16 to 74 in employment,315,250,67,183,65,27,38
S01008608,A B D E. Agriculture energy and water,5,5,0,5,0,0,0
S01008608,C. Manufacturing,7,6,0,6,1,0,1
S01008608,F. Construction,10,7,0,7,3,1,2
S01008608,G I. Distribution hotels and restaurants,37,31,15,16,6,3,3
S01008608,H J. Transport and communication,23,15,2,13,8,5,3
S01008608,K L M N. Financial real estate professional and administrative activities,87,59,14,45,28,7,21
S01008608,O P Q. Public administration education and health,133,119,34,85,14,9,5
S01008608,R S T U. Other,13,8,2,6,5,2,3
S01008609,All people aged 16 to 74 in employment,385,297,75,222,88,21,67
S01008609,A B D E. Agriculture energy and water,3,3,0,3,0,0,0
S01008609,C. Manufacturing,15,13,1,12,2,1,1
S01008609,F. Construction,17,8,3,5,9,1,8
S01008609,G I. Distribution hotels and restaurants,29,23,11,12,6,1,5
S01008609,H J. Transport and communication,26,18,3,15,8,1,7
S01008609,K L M N. Financial real estate professional and administrative activities,97,64,10,54,33,5,28
S01008609,O P Q. Public administration education and health,169,148,41,107,21,10,11
S01008609,R S T U. Other,29,20,6,14,9,2,7
S01008610,All people aged 16 to 74 in employment,338,277,80,197,61,20,41
S01008610,A B D E. Agriculture energy and water,7,6,0,6,1,0,1
S01008610,C. Manufacturing,18,17,0,17,1,0,1
S01008610,F. Construction,10,7,2,5,3,0,3
S01008610,G I. Distribution hotels and restaurants,53,46,31,15,7,1,6
S01008610,H J. Transport and communication,28,21,4,17,7,2,5
S01008610,K L M N. Financial real estate professional and administrative activities,95,67,9,58,28,11,17
S01008610,O P Q. Public administration education and health,110,102,28,74,8,5,3
S01008610,R S T U. Other,17,11,6,5,6,1,5
S01008611,All people aged 16 to 74 in employment,581,508,179,329,73,39,34
S01008611,A B D E. Agriculture energy and water,13,12,4,8,1,0,1
S01008611,C. Manufacturing,19,16,3,13,3,2,1
S01008611,F. Construction,6,5,0,5,1,0,1
S01008611,G I. Distribution hotels and restaurants,137,130,89,41,7,2,5
S01008611,H J. Transport and communication,41,28,5,23,13,5,8
S01008611,K L M N. Financial real estate professional and administrative activities,104,88,12,76,16,7,9
S01008611,O P Q. Public administration education and health,230,206,48,158,24,19,5
S01008611,R S T U. Other,31,23,18,5,8,4,4
S01008612,All people aged 16 to 74 in employment,378,338,112,226,40,15,25
S01008612,A B D E. Agriculture energy and water,4,3,1,2,1,0,1
S01008612,C. Manufacturing,5,5,0,5,0,0,0
S01008612,F. Construction,9,7,1,6,2,0,2
S01008612,G I. Distribution hotels and restaurants,75,72,45,27,3,0,3
S01008612,H J. Transport and communication,26,21,1,20,5,2,3
S01008612,K L M N. Financial real estate professional and administrative activities,88,74,13,61,14,6,8
S01008612,O P Q. Public administration education and health,137,131,40,91,6,5,1
S01008612,R S T U. Other,34,25,11,14,9,2,7
S01008613,All people aged 16 to 74 in employment,361,305,114,191,56,15,41
S01008613,A B D E. Agriculture energy and water,7,7,0,7,0,0,0
S01008613,C. Manufacturing,7,7,0,7,0,0,0
S01008613,F. Construction,10,10,2,8,0,0,0
S01008613,G I. Distribution hotels and restaurants,70,66,47,19,4,1,3
S01008613,H J. Transport and communication,17,10,1,9,7,2,5
S01008613,K L M N. Financial real estate professional and administrative activities,94,63,15,48,31,6,25
S01008613,O P Q. Public administration education and health,137,129,42,87,8,4,4
S01008613,R S T U. Other,19,13,7,6,6,2,4
S01008614,All people aged 16 to 74 in employment,293,262,100,162,31,18,13
S01008614,A B D E. Agriculture energy and water,3,2,0,2,1,0,1
S01008614,C. Manufacturing,6,5,1,4,1,1,0
S01008614,F. Construction,3,1,0,1,2,1,1
S01008614,G I. Distribution hotels and restaurants,69,66,45,21,3,1,2
S01008614,H J. Transport and communication,16,14,3,11,2,2,0
S01008614,K L M N. Financial real estate professional and administrative activities,66,60,11,49,6,2,4
S01008614,O P Q. Public administration education and health,105,95,29,66,10,7,3
S01008614,R S T U. Other,25,19,11,8,6,4,2
S01008615,All people aged 16 to 74 in employment,368,317,118,199,51,21,30
S01008615,A B D E. Agriculture energy and water,5,4,0,4,1,0,1
S01008615,C. Manufacturing,5,4,0,4,1,0,1
S01008615,F. Construction,8,5,1,4,3,1,2
S01008615,G I. Distribution hotels and restaurants,81,75,56,19,6,2,4
S01008615,H J. Transport and communication,20,14,4,10,6,1,5
S01008615,K L M N. Financial real estate professional and administrative activities,83,66,13,53,17,7,10
S01008615,O P Q. Public administration education and health,134,122,32,90,12,8,4
S01008615,R S T U. Other,32,27,12,15,5,2,3
S01008616,All people aged 16 to 74 in employment,319,278,125,153,41,17,24
S01008616,A B D E. Agriculture energy and water,7,7,0,7,0,0,0
S01008616,C. Manufacturing,6,6,2,4,0,0,0
S01008616,F. Construction,4,1,0,1,3,1,2
S01008616,G I. Distribution hotels and restaurants,85,75,60,15,10,2,8
S01008616,H J. Transport and communication,23,18,4,14,5,1,4
S01008616,K L M N. Financial real estate professional and administrative activities,60,52,14,38,8,4,4
S01008616,O P Q. Public administration education and health,113,104,36,68,9,6,3
S01008616,R S T U. Other,21,15,9,6,6,3,3
S01008617,All people aged 16 to 74 in employment,306,254,118,136,52,27,25
S01008617,A B D E. Agriculture energy and water,3,2,0,2,1,0,1
S01008617,C. Manufacturing,5,5,0,5,0,0,0
S01008617,F. Construction,5,5,0,5,0,0,0
S01008617,G I. Distribution hotels and restaurants,77,70,58,12,7,2,5
S01008617,H J. Transport and communication,18,13,3,10,5,4,1
S01008617,K L M N. Financial real estate professional and administrative activities,72,57,11,46,15,9,6
S01008617,O P Q. Public administration education and health,98,87,33,54,11,5,6
S01008617,R S T U. Other,28,15,13,2,13,7,6
S01008618,All people aged 16 to 74 in employment,295,268,115,153,27,9,18
S01008618,A B D E. Agriculture energy and water,6,5,1,4,1,0,1
S01008618,C. Manufacturing,5,5,1,4,0,0,0
S01008618,F. Construction,1,0,0,0,1,0,1
S01008618,G I. Distribution hotels and restaurants,84,81,67,14,3,1,2
S01008618,H J. Transport and communication,17,15,1,14,2,2,0
S01008618,K L M N. Financial real estate professional and administrative activities,55,48,10,38,7,1,6
S01008618,O P Q. Public administration education and health,106,96,24,72,10,5,5
S01008618,R S T U. Other,21,18,11,7,3,0,3
S01008619,All people aged 16 to 74 in employment,258,225,82,143,33,15,18
S01008619,A B D E. Agriculture energy and water,4,4,1,3,0,0,0
S01008619,C. Manufacturing,5,5,0,5,0,0,0
S01008619,F. Construction,3,3,1,2,0,0,0
S01008619,G I. Distribution hotels and restaurants,69,65,39,26,4,1,3
S01008619,H J. Transport and communication,10,9,3,6,1,0,1
S01008619,K L M N. Financial real estate professional and administrative activities,48,35,5,30,13,7,6
S01008619,O P Q. Public administration education and health,97,86,26,60,11,4,7
S01008619,R S T U. Other,22,18,7,11,4,3,1
S01008620,All people aged 16 to 74 in employment,360,313,111,202,47,19,28
S01008620,A B D E. Agriculture energy and water,2,2,0,2,0,0,0
S01008620,C. Manufacturing,7,5,0,5,2,0,2
S01008620,F. Construction,5,2,0,2,3,1,2
S01008620,G I. Distribution hotels and restaurants,87,85,54,31,2,0,2
S01008620,H J. Transport and communication,23,17,5,12,6,2,4
S01008620,K L M N. Financial real estate professional and administrative activities,76,61,9,52,15,4,11
S01008620,O P Q. Public administration education and health,131,119,31,88,12,8,4
S01008620,R S T U. Other,29,22,12,10,7,4,3
S01008621,All people aged 16 to 74 in employment,327,272,126,146,55,22,33
S01008621,A B D E. Agriculture energy and water,4,3,0,3,1,0,1
S01008621,C. Manufacturing,6,3,0,3,3,1,2
S01008621,F. Construction,5,4,0,4,1,0,1
S01008621,G I. Distribution hotels and restaurants,98,91,70,21,7,5,2
S01008621,H J. Transport and communication,21,12,5,7,9,3,6
S01008621,K L M N. Financial real estate professional and administrative activities,63,46,15,31,17,5,12
S01008621,O P Q. Public administration education and health,95,87,24,63,8,5,3
S01008621,R S T U. Other,35,26,12,14,9,3,6
S01008622,All people aged 16 to 74 in employment,252,218,68,150,34,16,18
S01008622,A B D E. Agriculture energy and water,4,4,0,4,0,0,0
S01008622,C. Manufacturing,11,8,0,8,3,1,2
S01008622,F. Construction,2,1,0,1,1,0,1
S01008622,G I. Distribution hotels and restaurants,36,35,25,10,1,1,0
S01008622,H J. Transport and communication,20,18,4,14,2,1,1
S01008622,K L M N. Financial real estate professional and administrative activities,61,47,8,39,14,4,10
S01008622,O P Q. Public administration education and health,104,97,28,69,7,6,1
S01008622,R S T U. Other,14,8,3,5,6,3,3
S01008623,All people aged 16 to 74 in employment,382,307,125,182,75,22,53
S01008623,A B D E. Agriculture energy and water,2,2,0,2,0,0,0
S01008623,C. Manufacturing,5,4,0,4,1,0,1
S01008623,F. Construction,4,3,0,3,1,0,1
S01008623,G I. Distribution hotels and restaurants,78,66,48,18,12,1,11
S01008623,H J. Transport and communication,24,18,4,14,6,0,6
S01008623,K L M N. Financial real estate professional and administrative activities,107,78,16,62,29,11,18
S01008623,O P Q. Public administration education and health,137,120,47,73,17,9,8
S01008623,R S T U. Other,25,16,10,6,9,1,8
S01008624,All people aged 16 to 74 in employment,266,204,52,152,62,31,31
S01008624,A B D E. Agriculture energy and water,3,2,0,2,1,0,1
S01008624,C. Manufacturing,5,5,0,5,0,0,0
S01008624,F. Construction,9,6,2,4,3,0,3
S01008624,G I. Distribution hotels and restaurants,32,21,12,9,11,7,4
S01008624,H J. Transport and communication,19,15,2,13,4,1,3
S01008624,K L M N. Financial real estate professional and administrative activities,80,56,9,47,24,14,10
S01008624,O P Q. Public administration education and health,102,86,22,64,16,8,8
S01008624,R S T U. Other,16,13,5,8,3,1,2
S01008625,All people aged 16 to 74 in employment,262,206,61,145,56,15,41
S01008625,A B D E. Agriculture energy and water,2,2,0,2,0,0,0
S01008625,C. Manufacturing,8,7,1,6,1,0,1
S01008625,F. Construction,5,3,0,3,2,0,2
S01008625,G I. Distribution hotels and restaurants,28,20,9,11,8,2,6
S01008625,H J. Transport and communication,13,9,1,8,4,0,4
S01008625,K L M N. Financial real estate professional and administrative activities,90,65,11,54,25,5,20
S01008625,O P Q. Public administration education and health,100,90,37,53,10,4,6
S01008625,R S T U. Other,16,10,2,8,6,4,2
S01008626,All people aged 16 to 74 in employment,482,408,98,310,74,21,53
S01008626,A B D E. Agriculture energy and water,10,8,0,8,2,2,0
S01008626,C. Manufacturing,16,15,2,13,1,0,1
S01008626,F. Construction,14,11,2,9,3,1,2
S01008626,G I. Distribution hotels and restaurants,64,54,24,30,10,2,8
S01008626,H J. Transport and communication,19,17,3,14,2,1,1
S01008626,K L M N. Financial real estate professional and administrative activities,152,120,16,104,32,5,27
S01008626,O P Q. Public administration education and health,179,164,45,119,15,8,7
S01008626,R S T U. Other,28,19,6,13,9,2,7
S01008627,All people aged 16 to 74 in employment,334,256,78,178,78,17,61
S01008627,A B D E. Agriculture energy and water,3,2,1,1,1,0,1
S01008627,C. Manufacturing,12,12,1,11,0,0,0
S01008627,F. Construction,11,5,2,3,6,1,5
S01008627,G I. Distribution hotels and restaurants,42,35,19,16,7,2,5
S01008627,H J. Transport and communication,14,9,1,8,5,1,4
S01008627,K L M N. Financial real estate professional and administrative activities,106,71,16,55,35,4,31
S01008627,O P Q. Public administration education and health,127,108,36,72,19,9,10
S01008627,R S T U. Other,19,14,2,12,5,0,5
S01008628,All people aged 16 to 74 in employment,332,282,72,210,50,12,38
S01008628,A B D E. Agriculture energy and water,1,1,0,1,0,0,0
S01008628,C. Manufacturing,10,10,2,8,0,0,0
S01008628,F. Construction,13,10,1,9,3,0,3
S01008628,G I. Distribution hotels and restaurants,41,34,18,16,7,2,5
S01008628,H J. Transport and communication,26,18,0,18,8,2,6
S01008628,K L M N. Financial real estate professional and administrative activities,99,81,12,69,18,2,16
S01008628,O P Q. Public administration education and health,123,112,36,76,11,5,6
S01008628,R S T U. Other,19,16,3,13,3,1,2
S01008629,All people aged 16 to 74 in employment,294,258,75,183,36,13,23
S01008629,A B D E. Agriculture energy and water,4,4,0,4,0,0,0
S01008629,C. Manufacturing,12,10,1,9,2,0,2
S01008629,F. Construction,6,5,1,4,1,0,1
S01008629,G I. Distribution hotels and restaurants,37,37,24,13,0,0,0
S01008629,H J. Transport and communication,11,8,1,7,3,1,2
S01008629,K L M N. Financial real estate professional and administrative activities,83,73,10,63,10,1,9
S01008629,O P Q. Public administration education and health,123,113,36,77,10,7,3
S01008629,R S T U. Other,18,8,2,6,10,4,6
S01008630,All people aged 16 to 74 in employment,291,257,71,186,34,9,25
S01008630,A B D E. Agriculture energy and water,2,1,0,1,1,0,1
S01008630,C. Manufacturing,11,8,1,7,3,2,1
S01008630,F. Construction,10,4,0,4,6,1,5
S01008630,G I. Distribution hotels and restaurants,50,46,35,11,4,1,3
S01008630,H J. Transport and communication,15,14,0,14,1,0,1
S01008630,K L M N. Financial real estate professional and administrative activities,78,69,4,65,9,2,7
S01008630,O P Q. Public administration education and health,102,97,24,73,5,1,4
S01008630,R S T U. Other,23,18,7,11,5,2,3
S01008631,All people aged 16 to 74 in employment,512,447,97,350,65,19,46
S01008631,A B D E. Agriculture energy and water,7,7,1,6,0,0,0
S01008631,C. Manufacturing,9,7,1,6,2,0,2
S01008631,F. Construction,14,8,0,8,6,2,4
S01008631,G I. Distribution hotels and restaurants,80,76,40,36,4,1,3
S01008631,H J. Transport and communication,30,23,7,16,7,1,6
S01008631,K L M N. Financial real estate professional and administrative activities,132,109,9,100,23,4,19
S01008631,O P Q. Public administration education and health,199,184,33,151,15,9,6
S01008631,R S T U. Other,41,33,6,27,8,2,6
S01008632,All people aged 16 to 74 in employment,459,401,88,313,58,17,41
S01008632,A B D E. Agriculture energy and water,3,3,0,3,0,0,0
S01008632,C. Manufacturing,8,8,0,8,0,0,0
S01008632,F. Construction,9,8,0,8,1,0,1
S01008632,G I. Distribution hotels and restaurants,66,60,28,32,6,2,4
S01008632,H J. Transport and communication,37,28,4,24,9,1,8
S01008632,K L M N. Financial real estate professional and administrative activities,130,111,13,98,19,5,14
S01008632,O P Q. Public administration education and health,176,164,40,124,12,5,7
S01008632,R S T U. Other,30,19,3,16,11,4,7
S01008633,All people aged 16 to 74 in employment,366,290,87,203,76,19,57
S01008633,A B D E. Agriculture energy and water,6,6,0,6,0,0,0
S01008633,C. Manufacturing,16,13,3,10,3,1,2
S01008633,F. Construction,10,6,1,5,4,0,4
S01008633,G I. Distribution hotels and restaurants,35,21,12,9,14,2,12
S01008633,H J. Transport and communication,21,17,4,13,4,0,4
S01008633,K L M N. Financial real estate professional and administrative activities,119,89,17,72,30,7,23
S01008633,O P Q. Public administration education and health,139,123,43,80,16,7,9
S01008633,R S T U. Other,20,15,7,8,5,2,3
S01008634,All people aged 16 to 74 in employment,353,282,93,189,71,21,50
S01008634,A B D E. Agriculture energy and water,4,3,0,3,1,0,1
S01008634,C. Manufacturing,6,5,2,3,1,0,1
S01008634,F. Construction,7,2,0,2,5,0,5
S01008634,G I. Distribution hotels and restaurants,64,51,29,22,13,3,10
S01008634,H J. Transport and communication,18,13,2,11,5,0,5
S01008634,K L M N. Financial real estate professional and administrative activities,110,80,13,67,30,8,22
S01008634,O P Q. Public administration education and health,120,110,40,70,10,6,4
S01008634,R S T U. Other,24,18,7,11,6,4,2
S01008635,All people aged 16 to 74 in employment,451,365,90,275,86,29,57
S01008635,A B D E. Agriculture energy and water,7,5,1,4,2,2,0
S01008635,C. Manufacturing,17,13,2,11,4,1,3
S01008635,F. Construction,13,8,1,7,5,1,4
S01008635,G I. Distribution hotels and restaurants,72,61,30,31,11,1,10
S01008635,H J. Transport and communication,33,29,2,27,4,1,3
S01008635,K L M N. Financial real estate professional and administrative activities,132,99,11,88,33,12,21
S01008635,O P Q. Public administration education and health,146,130,35,95,16,6,10
S01008635,R S T U. Other,31,20,8,12,11,5,6
S01008636,All people aged 16 to 74 in employment,428,353,106,247,75,24,51
S01008636,A B D E. Agriculture energy and water,4,4,1,3,0,0,0
S01008636,C. Manufacturing,9,8,0,8,1,0,1
S01008636,F. Construction,7,5,0,5,2,0,2
S01008636,G I. Distribution hotels and restaurants,70,63,41,22,7,1,6
S01008636,H J. Transport and communication,24,18,4,14,6,2,4
S01008636,K L M N. Financial real estate professional and administrative activities,123,96,15,81,27,6,21
S01008636,O P Q. Public administration education and health,157,132,35,97,25,12,13
S01008636,R S T U. Other,34,27,10,17,7,3,4
S01008637,All people aged 16 to 74 in employment,341,284,54,230,57,16,41
S01008637,A B D E. Agriculture energy and water,4,4,0,4,0,0,0
S01008637,C. Manufacturing,14,12,0,12,2,0,2
S01008637,F. Construction,6,5,1,4,1,0,1
S01008637,G I. Distribution hotels and restaurants,36,32,18,14,4,0,4
S01008637,H J. Transport and communication,25,14,3,11,11,4,7
S01008637,K L M N. Financial real estate professional and administrative activities,111,89,12,77,22,7,15
S01008637,O P Q. Public administration education and health,121,111,19,92,10,4,6
S01008637,R S T U. Other,24,17,1,16,7,1,6
S01008638,All people aged 16 to 74 in employment,363,315,93,222,48,15,33
S01008638,A B D E. Agriculture energy and water,3,3,1,2,0,0,0
S01008638,C. Manufacturing,7,5,1,4,2,0,2
S01008638,F. Construction,10,7,2,5,3,0,3
S01008638,G I. Distribution hotels and restaurants,101,87,46,41,14,1,13
S01008638,H J. Transport and communication,31,25,7,18,6,1,5
S01008638,K L M N. Financial real estate professional and administrative activities,96,84,10,74,12,4,8
S01008638,O P Q. Public administration education and health,97,89,21,68,8,7,1
S01008638,R S T U. Other,18,15,5,10,3,2,1
S01008639,All people aged 16 to 74 in employment,556,483,123,360,73,20,53
S01008639,A B D E. Agriculture energy and water,3,2,1,1,1,1,0
S01008639,C. Manufacturing,23,19,1,18,4,1,3
S01008639,F. Construction,11,8,0,8,3,1,2
S01008639,G I. Distribution hotels and restaurants,92,77,38,39,15,1,14
S01008639,H J. Transport and communication,30,21,3,18,9,4,5
S01008639,K L M N. Financial real estate professional and administrative activities,143,123,15,108,20,6,14
S01008639,O P Q. Public administration education and health,211,200,52,148,11,5,6
S01008639,R S T U. Other,43,33,13,20,10,1,9
S01008640,All people aged 16 to 74 in employment,457,400,91,309,57,23,34
S01008640,A B D E. Agriculture energy and water,3,3,0,3,0,0,0
S01008640,C. Manufacturing,11,11,1,10,0,0,0
S01008640,F. Construction,11,7,1,6,4,0,4
S01008640,G I. Distribution hotels and restaurants,87,82,45,37,5,1,4
S01008640,H J. Transport and communication,28,21,1,20,7,2,5
S01008640,K L M N. Financial real estate professional and administrative activities,127,108,11,97,19,5,14
S01008640,O P Q. Public administration education and health,158,147,25,122,11,8,3
S01008640,R S T U. Other,32,21,7,14,11,7,4
S01008641,All people aged 16 to 74 in employment,447,406,125,281,41,13,28
S01008641,A B D E. Agriculture energy and water,11,9,2,7,2,0,2
S01008641,C. Manufacturing,6,6,0,6,0,0,0
S01008641,F. Construction,2,2,0,2,0,0,0
S01008641,G I. Distribution hotels and restaurants,111,106,69,37,5,0,5
S01008641,H J. Transport and communication,27,20,6,14,7,3,4
S01008641,K L M N. Financial real estate professional and administrative activities,116,103,11,92,13,2,11
S01008641,O P Q. Public administration education and health,143,135,25,110,8,4,4
S01008641,R S T U. Other,31,25,12,13,6,4,2
S01008642,All people aged 16 to 74 in employment,555,491,131,360,64,21,43
S01008642,A B D E. Agriculture energy and water,13,12,0,12,1,0,1
S01008642,C. Manufacturing,19,13,1,12,6,0,6
S01008642,F. Construction,5,4,1,3,1,0,1
S01008642,G I. Distribution hotels and restaurants,98,92,62,30,6,2,4
S01008642,H J. Transport and communication,34,24,6,18,10,2,8
S01008642,K L M N. Financial real estate professional and administrative activities,171,147,18,129,24,7,17
S01008642,O P Q. Public administration education and health,187,179,34,145,8,8,0
S01008642,R S T U. Other,28,20,9,11,8,2,6
S01008643,All people aged 16 to 74 in employment,438,374,80,294,64,23,41
S01008643,A B D E. Agriculture energy and water,3,2,0,2,1,0,1
S01008643,C. Manufacturing,13,10,1,9,3,1,2
S01008643,F. Construction,7,6,1,5,1,1,0
S01008643,G I. Distribution hotels and restaurants,73,65,31,34,8,2,6
S01008643,H J. Transport and communication,27,19,2,17,8,1,7
S01008643,K L M N. Financial real estate professional and administrative activities,132,106,14,92,26,8,18
S01008643,O P Q. Public administration education and health,148,138,25,113,10,6,4
S01008643,R S T U. Other,35,28,6,22,7,4,3
S01008644,All people aged 16 to 74 in employment,415,377,82,295,38,16,22
S01008644,A B D E. Agriculture energy and water,6,6,0,6,0,0,0
S01008644,C. Manufacturing,18,15,0,15,3,0,3
S01008644,F. Construction,10,7,0,7,3,1,2
S01008644,G I. Distribution hotels and restaurants,79,71,40,31,8,3,5
S01008644,H J. Transport and communication,27,24,3,21,3,1,2
S01008644,K L M N. Financial real estate professional and administrative activities,105,100,7,93,5,2,3
S01008644,O P Q. Public administration education and health,152,140,28,112,12,8,4
S01008644,R S T U. Other,18,14,4,10,4,1,3
S01008645,All people aged 16 to 74 in employment,460,426,126,300,34,10,24
S01008645,A B D E. Agriculture energy and water,2,1,0,1,1,0,1
S01008645,C. Manufacturing,13,9,0,9,4,1,3
S01008645,F. Construction,12,9,2,7,3,2,1
S01008645,G I. Distribution hotels and restaurants,116,112,63,49,4,0,4
S01008645,H J. Transport and communication,31,28,8,20,3,0,3
S01008645,K L M N. Financial real estate professional and administrative activities,120,113,15,98,7,2,5
S01008645,O P Q. Public administration education and health,145,142,36,106,3,2,1
S01008645,R S T U. Other,21,12,2,10,9,3,6
S01008646,All people aged 16 to 74 in employment,525,481,131,350,44,14,30
S01008646,A B D E. Agriculture energy and water,8,8,2,6,0,0,0
S01008646,C. Manufacturing,11,10,0,10,1,0,1
S01008646,F. Construction,12,10,0,10,2,0,2
S01008646,G I. Distribution hotels and restaurants,120,112,64,48,8,2,6
S01008646,H J. Transport and communication,42,36,6,30,6,1,5
S01008646,K L M N. Financial real estate professional and administrative activities,160,147,12,135,13,3,10
S01008646,O P Q. Public administration education and health,135,128,33,95,7,5,2
S01008646,R S T U. Other,37,30,14,16,7,3,4
S01008647,All people aged 16 to 74 in employment,422,391,76,315,31,7,24
S01008647,A B D E. Agriculture energy and water,8,8,1,7,0,0,0
S01008647,C. Manufacturing,17,17,0,17,0,0,0
S01008647,F. Construction,10,7,1,6,3,1,2
S01008647,G I. Distribution hotels and restaurants,61,57,27,30,4,0,4
S01008647,H J. Transport and communication,29,23,3,20,6,0,6
S01008647,K L M N. Financial real estate professional and administrative activities,149,140,15,125,9,2,7
S01008647,O P Q. Public administration education and health,126,121,20,101,5,2,3
S01008647,R S T U. Other,22,18,9,9,4,2,2
S01008648,All people aged 16 to 74 in employment,395,376,81,295,19,5,14
S01008648,A B D E. Agriculture energy and water,3,2,0,2,1,0,1
S01008648,C. Manufacturing,11,11,1,10,0,0,0
S01008648,F. Construction,8,5,1,4,3,1,2
S01008648,G I. Distribution hotels and restaurants,97,96,43,53,1,0,1
S01008648,H J. Transport and communication,47,43,4,39,4,1,3
S01008648,K L M N. Financial real estate professional and administrative activities,113,107,7,100,6,2,4
S01008648,O P Q. Public administration education and health,94,92,20,72,2,1,1
S01008648,R S T U. Other,22,20,5,15,2,0,2
S01008649,All people aged 16 to 74 in employment,581,550,74,476,31,10,21
S01008649,A B D E. Agriculture energy and water,4,4,1,3,0,0,0
S01008649,C. Manufacturing,17,17,0,17,0,0,0
S01008649,F. Construction,10,5,0,5,5,2,3
S01008649,G I. Distribution hotels and restaurants,105,104,37,67,1,0,1
S01008649,H J. Transport and communication,46,39,2,37,7,1,6
S01008649,K L M N. Financial real estate professional and administrative activities,178,171,10,161,7,1,6
S01008649,O P Q. Public administration education and health,188,186,24,162,2,1,1
S01008649,R S T U. Other,33,24,0,24,9,5,4
S01008650,All people aged 16 to 74 in employment,514,482,102,380,32,11,21
S01008650,A B D E. Agriculture energy and water,7,7,0,7,0,0,0
S01008650,C. Manufacturing,20,17,0,17,3,1,2
S01008650,F. Construction,13,11,0,11,2,0,2
S01008650,G I. Distribution hotels and restaurants,116,113,51,62,3,1,2
S01008650,H J. Transport and communication,31,23,4,19,8,2,6
S01008650,K L M N. Financial real estate professional and administrative activities,118,111,7,104,7,2,5
S01008650,O P Q. Public administration education and health,182,177,35,142,5,2,3
S01008650,R S T U. Other,27,23,5,18,4,3,1
S01008651,All people aged 16 to 74 in employment,508,457,146,311,51,19,32
S01008651,A B D E. Agriculture energy and water,8,7,1,6,1,0,1
S01008651,C. Manufacturing,16,15,1,14,1,0,1
S01008651,F. Construction,13,11,1,10,2,0,2
S01008651,G I. Distribution hotels and restaurants,131,121,81,40,10,4,6
S01008651,H J. Transport and communication,35,28,5,23,7,1,6
S01008651,K L M N. Financial real estate professional and administrative activities,140,120,17,103,20,6,14
S01008651,O P Q. Public administration education and health,145,136,33,103,9,8,1
S01008651,R S T U. Other,20,19,7,12,1,0,1
S01008652,All people aged 16 to 74 in employment,380,349,84,265,31,13,18
S01008652,A B D E. Agriculture energy and water,1,0,0,0,1,0,1
S01008652,C. Manufacturing,5,5,0,5,0,0,0
S01008652,F. Construction,9,9,1,8,0,0,0
S01008652,G I. Distribution hotels and restaurants,92,86,35,51,6,2,4
S01008652,H J. Transport and communication,29,22,4,18,7,3,4
S01008652,K L M N. Financial real estate professional and administrative activities,109,104,11,93,5,4,1
S01008652,O P Q. Public administration education and health,100,93,25,68,7,2,5
S01008652,R S T U. Other,35,30,8,22,5,2,3
S01008653,All people aged 16 to 74 in employment,386,364,85,279,22,10,12
S01008653,A B D E. Agriculture energy and water,5,5,0,5,0,0,0
S01008653,C. Manufacturing,8,8,0,8,0,0,0
S01008653,F. Construction,18,13,1,12,5,0,5
S01008653,G I. Distribution hotels and restaurants,95,94,39,55,1,0,1
S01008653,H J. Transport and communication,30,24,5,19,6,4,2
S01008653,K L M N. Financial real estate professional and administrative activities,111,107,9,98,4,1,3
S01008653,O P Q. Public administration education and health,93,92,21,71,1,1,0
S01008653,R S T U. Other,26,21,10,11,5,4,1
S01008654,All people aged 16 to 74 in employment,590,546,136,410,44,21,23
S01008654,A B D E. Agriculture energy and water,14,14,4,10,0,0,0
S01008654,C. Manufacturing,14,12,0,12,2,2,0
S01008654,F. Construction,22,17,1,16,5,0,5
S01008654,G I. Distribution hotels and restaurants,147,142,73,69,5,1,4
S01008654,H J. Transport and communication,52,48,7,41,4,3,1
S01008654,K L M N. Financial real estate professional and administrative activities,155,141,13,128,14,6,8
S01008654,O P Q. Public administration education and health,146,138,24,114,8,5,3
S01008654,R S T U. Other,40,34,14,20,6,4,2
S01008655,All people aged 16 to 74 in employment,514,478,96,382,36,10,26
S01008655,A B D E. Agriculture energy and water,6,4,0,4,2,0,2
S01008655,C. Manufacturing,11,11,0,11,0,0,0
S01008655,F. Construction,11,8,0,8,3,0,3
S01008655,G I. Distribution hotels and restaurants,104,98,49,49,6,2,4
S01008655,H J. Transport and communication,54,47,10,37,7,3,4
S01008655,K L M N. Financial real estate professional and administrative activities,181,171,5,166,10,3,7
S01008655,O P Q. Public administration education and health,129,124,26,98,5,2,3
S01008655,R S T U. Other,18,15,6,9,3,0,3
S01008656,All people aged 16 to 74 in employment,382,347,82,265,35,11,24
S01008656,A B D E. Agriculture energy and water,1,1,0,1,0,0,0
S01008656,C. Manufacturing,12,9,0,9,3,0,3
S01008656,F. Construction,16,12,0,12,4,1,3
S01008656,G I. Distribution hotels and restaurants,99,93,46,47,6,0,6
S01008656,H J. Transport and communication,28,23,2,21,5,1,4
S01008656,K L M N. Financial real estate professional and administrative activities,103,93,6,87,10,5,5
S01008656,O P Q. Public administration education and health,98,94,19,75,4,1,3
S01008656,R S T U. Other,25,22,9,13,3,3,0
S01008657,All people aged 16 to 74 in employment,414,375,113,262,39,15,24
S01008657,A B D E. Agriculture energy and water,9,8,0,8,1,1,0
S01008657,C. Manufacturing,12,10,0,10,2,1,1
S01008657,F. Construction,14,12,1,11,2,0,2
S01008657,G I. Distribution hotels and restaurants,100,94,52,42,6,1,5
S01008657,H J. Transport and communication,34,28,6,22,6,1,5
S01008657,K L M N. Financial real estate professional and administrative activities,94,85,13,72,9,3,6
S01008657,O P Q. Public administration education and health,114,104,31,73,10,7,3
S01008657,R S T U. Other,37,34,10,24,3,1,2
S01008658,All people aged 16 to 74 in employment,560,519,165,354,41,18,23
S01008658,A B D E. Agriculture energy and water,11,11,4,7,0,0,0
S01008658,C. Manufacturing,6,6,0,6,0,0,0
S01008658,F. Construction,15,11,0,11,4,1,3
S01008658,G I. Distribution hotels and restaurants,152,147,90,57,5,2,3
S01008658,H J. Transport and communication,33,25,6,19,8,3,5
S01008658,K L M N. Financial real estate professional and administrative activities,149,138,14,124,11,5,6
S01008658,O P Q. Public administration education and health,157,155,44,111,2,1,1
S01008658,R S T U. Other,37,26,7,19,11,6,5
S01008659,All people aged 16 to 74 in employment,458,421,155,266,37,9,28
S01008659,A B D E. Agriculture energy and water,9,7,1,6,2,0,2
S01008659,C. Manufacturing,14,12,1,11,2,0,2
S01008659,F. Construction,15,13,0,13,2,0,2
S01008659,G I. Distribution hotels and restaurants,156,150,89,61,6,0,6
S01008659,H J. Transport and communication,26,21,5,16,5,0,5
S01008659,K L M N. Financial real estate professional and administrative activities,95,83,14,69,12,5,7
S01008659,O P Q. Public administration education and health,119,116,36,80,3,1,2
S01008659,R S T U. Other,24,19,9,10,5,3,2
S01008660,All people aged 16 to 74 in employment,507,445,146,299,62,22,40
S01008660,A B D E. Agriculture energy and water,6,5,0,5,1,0,1
S01008660,C. Manufacturing,10,7,0,7,3,0,3
S01008660,F. Construction,6,3,0,3,3,0,3
S01008660,G I. Distribution hotels and restaurants,165,160,89,71,5,2,3
S01008660,H J. Transport and communication,24,13,2,11,11,4,7
S01008660,K L M N. Financial real estate professional and administrative activities,149,131,19,112,18,6,12
S01008660,O P Q. Public administration education and health,112,100,26,74,12,5,7
S01008660,R S T U. Other,35,26,10,16,9,5,4
S01008661,All people aged 16 to 74 in employment,460,414,147,267,46,17,29
S01008661,A B D E. Agriculture energy and water,7,7,0,7,0,0,0
S01008661,C. Manufacturing,10,9,0,9,1,0,1
S01008661,F. Construction,12,8,1,7,4,0,4
S01008661,G I. Distribution hotels and restaurants,142,132,78,54,10,6,4
S01008661,H J. Transport and communication,35,25,6,19,10,3,7
S01008661,K L M N. Financial real estate professional and administrative activities,98,88,14,74,10,4,6
S01008661,O P Q. Public administration education and health,123,117,41,76,6,2,4
S01008661,R S T U. Other,33,28,7,21,5,2,3
S01008662,All people aged 16 to 74 in employment,341,310,138,172,31,13,18
S01008662,A B D E. Agriculture energy and water,4,4,0,4,0,0,0
S01008662,C. Manufacturing,6,4,1,3,2,1,1
S01008662,F. Construction,8,8,1,7,0,0,0
S01008662,G I. Distribution hotels and restaurants,124,121,90,31,3,2,1
S01008662,H J. Transport and communication,19,17,4,13,2,1,1
S01008662,K L M N. Financial real estate professional and administrative activities,85,73,9,64,12,3,9
S01008662,O P Q. Public administration education and health,73,66,20,46,7,2,5
S01008662,R S T U. Other,22,17,13,4,5,4,1
S01008663,All people aged 16 to 74 in employment,420,362,109,253,58,18,40
S01008663,A B D E. Agriculture energy and water,6,6,0,6,0,0,0
S01008663,C. Manufacturing,6,5,1,4,1,0,1
S01008663,F. Construction,9,8,0,8,1,0,1
S01008663,G I. Distribution hotels and restaurants,119,110,64,46,9,3,6
S01008663,H J. Transport and communication,34,27,2,25,7,2,5
S01008663,K L M N. Financial real estate professional and administrative activities,115,95,21,74,20,6,14
S01008663,O P Q. Public administration education and health,100,93,14,79,7,5,2
S01008663,R S T U. Other,31,18,7,11,13,2,11
S01008664,All people aged 16 to 74 in employment,434,384,103,281,50,18,32
S01008664,A B D E. Agriculture energy and water,5,5,0,5,0,0,0
S01008664,C. Manufacturing,12,11,1,10,1,0,1
S01008664,F. Construction,8,6,3,3,2,1,1
S01008664,G I. Distribution hotels and restaurants,101,98,53,45,3,1,2
S01008664,H J. Transport and communication,38,33,5,28,5,1,4
S01008664,K L M N. Financial real estate professional and administrative activities,117,97,16,81,20,6,14
S01008664,O P Q. Public administration education and health,119,112,19,93,7,5,2
S01008664,R S T U. Other,34,22,6,16,12,4,8
S01008665,All people aged 16 to 74 in employment,615,545,167,378,70,24,46
S01008665,A B D E. Agriculture energy and water,0,0,0,0,0,0,0
S01008665,C. Manufacturing,18,15,3,12,3,0,3
S01008665,F. Construction,15,12,1,11,3,0,3
S01008665,G I. Distribution hotels and restaurants,192,176,94,82,16,3,13
S01008665,H J. Transport and communication,44,35,8,27,9,4,5
S01008665,K L M N. Financial real estate professional and administrative activities,131,114,11,103,17,6,11
S01008665,O P Q. Public administration education and health,176,161,35,126,15,10,5
S01008665,R S T U. Other,39,32,15,17,7,1,6
S01008666,All people aged 16 to 74 in employment,435,379,147,232,56,26,30
S01008666,A B D E. Agriculture energy and water,4,4,0,4,0,0,0
S01008666,C. Manufacturing,5,4,0,4,1,0,1
S01008666,F. Construction,9,6,0,6,3,0,3
S01008666,G I. Distribution hotels and restaurants,118,107,76,31,11,4,7
S01008666,H J. Transport and communication,30,25,6,19,5,4,1
S01008666,K L M N. Financial real estate professional and administrative activities,89,73,8,65,16,5,11
S01008666,O P Q. Public administration education and health,144,129,38,91,15,9,6
S01008666,R S T U. Other,36,31,19,12,5,4,1
S01008667,All people aged 16 to 74 in employment,359,314,118,196,45,15,30
S01008667,A B D E. Agriculture energy and water,8,7,5,2,1,0,1
S01008667,C. Manufacturing,0,0,0,0,0,0,0
S01008667,F. Construction,10,6,1,5,4,1,3
S01008667,G I. Distribution hotels and restaurants,78,75,54,21,3,0,3
S01008667,H J. Transport and communication,40,33,3,30,7,5,2
S01008667,K L M N. Financial real estate professional and administrative activities,66,51,6,45,15,6,9
S01008667,O P Q. Public administration education and health,127,114,34,80,13,2,11
S01008667,R S T U. Other,30,28,15,13,2,1,1
S01008668,All people aged 16 to 74 in employment,290,246,70,176,44,15,29
S01008668,A B D E. Agriculture energy and water,5,5,0,5,0,0,0
S01008668,C. Manufacturing,7,5,0,5,2,0,2
S01008668,F. Construction,8,3,0,3,5,1,4
S01008668,G I. Distribution hotels and restaurants,56,50,25,25,6,2,4
S01008668,H J. Transport and communication,24,16,1,15,8,2,6
S01008668,K L M N. Financial real estate professional and administrative activities,56,48,10,38,8,3,5
S01008668,O P Q. Public administration education and health,106,100,22,78,6,5,1
S01008668,R S T U. Other,28,19,12,7,9,2,7
S01008669,All people aged 16 to 74 in employment,177,168,91,77,9,3,6
S01008669,A B D E. Agriculture energy and water,0,0,0,0,0,0,0
S01008669,C. Manufacturing,1,1,0,1,0,0,0
S01008669,F. Construction,4,4,0,4,0,0,0
S01008669,G I. Distribution hotels and restaurants,74,73,50,23,1,0,1
S01008669,H J. Transport and communication,10,7,1,6,3,2,1
S01008669,K L M N. Financial real estate professional and administrative activities,30,26,7,19,4,1,3
S01008669,O P Q. Public administration education and health,40,39,22,17,1,0,1
S01008669,R S T U. Other,18,18,11,7,0,0,0
S01008670,All people aged 16 to 74 in employment,296,265,133,132,31,15,16
S01008670,A B D E. Agriculture energy and water,2,2,0,2,0,0,0
S01008670,C. Manufacturing,6,5,3,2,1,0,1
S01008670,F. Construction,7,4,0,4,3,1,2
S01008670,G I. Distribution hotels and restaurants,118,107,78,29,11,4,7
S01008670,H J. Transport and communication,18,13,2,11,5,2,3
S01008670,K L M N. Financial real estate professional and administrative activities,51,47,10,37,4,3,1
S01008670,O P Q. Public administration education and health,72,66,25,41,6,4,2
S01008670,R S T U. Other,22,21,15,6,1,1,0
S01008671,All people aged 16 to 74 in employment,287,260,120,140,27,15,12
S01008671,A B D E. Agriculture energy and water,3,3,1,2,0,0,0
S01008671,C. Manufacturing,7,7,0,7,0,0,0
S01008671,F. Construction,5,4,1,3,1,0,1
S01008671,G I. Distribution hotels and restaurants,80,78,57,21,2,0,2
S01008671,H J. Transport and communication,20,16,4,12,4,3,1
S01008671,K L M N. Financial real estate professional and administrative activities,53,49,11,38,4,2,2
S01008671,O P Q. Public administration education and health,99,86,35,51,13,9,4
S01008671,R S T U. Other,20,17,11,6,3,1,2
S01008672,All people aged 16 to 74 in employment,281,259,89,170,22,11,11
S01008672,A B D E. Agriculture energy and water,0,0,0,0,0,0,0
S01008672,C. Manufacturing,9,8,1,7,1,1,0
S01008672,F. Construction,6,5,0,5,1,0,1
S01008672,G I. Distribution hotels and restaurants,74,70,46,24,4,2,2
S01008672,H J. Transport and communication,11,10,1,9,1,0,1
S01008672,K L M N. Financial real estate professional and administrative activities,69,62,14,48,7,3,4
S01008672,O P Q. Public administration education and health,89,85,21,64,4,1,3
S01008672,R S T U. Other,23,19,6,13,4,4,0
S01008673,All people aged 16 to 74 in employment,421,349,122,227,72,23,49
S01008673,A B D E. Agriculture energy and water,4,1,0,1,3,0,3
S01008673,C. Manufacturing,4,2,1,1,2,1,1
S01008673,F. Construction,11,8,0,8,3,2,1
S01008673,G I. Distribution hotels and restaurants,81,75,54,21,6,4,2
S01008673,H J. Transport and communication,37,26,2,24,11,0,11
S01008673,K L M N. Financial real estate professional and administrative activities,103,82,10,72,21,4,17
S01008673,O P Q. Public administration education and health,135,122,34,88,13,7,6
S01008673,R S T U. Other,46,33,21,12,13,5,8
S01008674,All people aged 16 to 74 in employment,389,338,133,205,51,18,33
S01008674,A B D E. Agriculture energy and water,3,3,1,2,0,0,0
S01008674,C. Manufacturing,9,8,1,7,1,1,0
S01008674,F. Construction,9,6,0,6,3,0,3
S01008674,G I. Distribution hotels and restaurants,143,141,79,62,2,0,2
S01008674,H J. Transport and communication,22,16,4,12,6,4,2
S01008674,K L M N. Financial real estate professional and administrative activities,81,66,10,56,15,5,10
S01008674,O P Q. Public administration education and health,82,69,23,46,13,5,8
S01008674,R S T U. Other,40,29,15,14,11,3,8
S01008675,All people aged 16 to 74 in employment,377,321,67,254,56,17,39
S01008675,A B D E. Agriculture energy and water,5,5,0,5,0,0,0
S01008675,C. Manufacturing,12,11,0,11,1,0,1
S01008675,F. Construction,5,3,0,3,2,1,1
S01008675,G I. Distribution hotels and restaurants,95,85,31,54,10,3,7
S01008675,H J. Transport and communication,29,20,4,16,9,2,7
S01008675,K L M N. Financial real estate professional and administrative activities,96,85,8,77,11,4,7
S01008675,O P Q. Public administration education and health,107,94,20,74,13,4,9
S01008675,R S T U. Other,28,18,4,14,10,3,7
S01008676,All people aged 16 to 74 in employment,436,359,70,289,77,23,54
S01008676,A B D E. Agriculture energy and water,6,6,0,6,0,0,0
S01008676,C. Manufacturing,15,12,0,12,3,1,2
S01008676,F. Construction,3,1,0,1,2,1,1
S01008676,G I. Distribution hotels and restaurants,96,83,33,50,13,5,8
S01008676,H J. Transport and communication,46,34,5,29,12,3,9
S01008676,K L M N. Financial real estate professional and administrative activities,119,93,6,87,26,6,20
S01008676,O P Q. Public administration education and health,110,100,20,80,10,5,5
S01008676,R S T U. Other,41,30,6,24,11,2,9
S01008677,All people aged 16 to 74 in employment,438,376,99,277,62,24,38
S01008677,A B D E. Agriculture energy and water,5,5,0,5,0,0,0
S01008677,C. Manufacturing,15,12,0,12,3,1,2
S01008677,F. Construction,9,6,0,6,3,2,1
S01008677,G I. Distribution hotels and restaurants,158,146,53,93,12,1,11
S01008677,H J. Transport and communication,39,28,4,24,11,5,6
S01008677,K L M N. Financial real estate professional and administrative activities,79,70,12,58,9,4,5
S01008677,O P Q. Public administration education and health,93,83,22,61,10,4,6
S01008677,R S T U. Other,40,26,8,18,14,7,7
S01008678,All people aged 16 to 74 in employment,390,340,159,181,50,21,29
S01008678,A B D E. Agriculture energy and water,2,2,0,2,0,0,0
S01008678,C. Manufacturing,9,5,2,3,4,0,4
S01008678,F. Construction,4,3,0,3,1,0,1
S01008678,G I. Distribution hotels and restaurants,140,138,100,38,2,1,1
S01008678,H J. Transport and communication,34,24,5,19,10,5,5
S01008678,K L M N. Financial real estate professional and administrative activities,92,69,18,51,23,7,16
S01008678,O P Q. Public administration education and health,83,79,24,55,4,4,0
S01008678,R S T U. Other,26,20,10,10,6,4,2
S01008679,All people aged 16 to 74 in employment,401,348,147,201,53,20,33
S01008679,A B D E. Agriculture energy and water,4,4,1,3,0,0,0
S01008679,C. Manufacturing,4,4,0,4,0,0,0
S01008679,F. Construction,17,11,0,11,6,1,5
S01008679,G I. Distribution hotels and restaurants,124,115,76,39,9,4,5
S01008679,H J. Transport and communication,33,26,3,23,7,0,7
S01008679,K L M N. Financial real estate professional and administrative activities,80,68,19,49,12,5,7
S01008679,O P Q. Public administration education and health,98,93,33,60,5,4,1
S01008679,R S T U. Other,41,27,15,12,14,6,8
S01008680,All people aged 16 to 74 in employment,257,234,81,153,23,11,12
S01008680,A B D E. Agriculture energy and water,2,2,0,2,0,0,0
S01008680,C. Manufacturing,5,5,2,3,0,0,0
S01008680,F. Construction,8,7,1,6,1,0,1
S01008680,G I. Distribution hotels and restaurants,74,72,41,31,2,1,1
S01008680,H J. Transport and communication,14,12,3,9,2,1,1
S01008680,K L M N. Financial real estate professional and administrative activities,51,41,7,34,10,5,5
S01008680,O P Q. Public administration education and health,84,79,21,58,5,1,4
S01008680,R S T U. Other,19,16,6,10,3,3,0
S01008681,All people aged 16 to 74 in employment,331,300,93,207,31,15,16
S01008681,A B D E. Agriculture energy and water,5,5,0,5,0,0,0
S01008681,C. Manufacturing,11,9,1,8,2,0,2
S01008681,F. Construction,8,6,1,5,2,1,1
S01008681,G I. Distribution hotels and restaurants,82,78,43,35,4,2,2
S01008681,H J. Transport and communication,18,13,1,12,5,2,3
S01008681,K L M N. Financial real estate professional and administrative activities,70,64,15,49,6,2,4
S01008681,O P Q. Public administration education and health,109,100,22,78,9,6,3
S01008681,R S T U. Other,28,25,10,15,3,2,1
S01008682,All people aged 16 to 74 in employment,371,328,100,228,43,15,28
S01008682,A B D E. Agriculture energy and water,3,3,0,3,0,0,0
S01008682,C. Manufacturing,17,15,3,12,2,0,2
S01008682,F. Construction,12,10,1,9,2,1,1
S01008682,G I. Distribution hotels and restaurants,81,78,37,41,3,1,2
S01008682,H J. Transport and communication,19,11,2,9,8,1,7
S01008682,K L M N. Financial real estate professional and administrative activities,83,72,15,57,11,4,7
S01008682,O P Q. Public administration education and health,135,124,35,89,11,6,5
S01008682,R S T U. Other,21,15,7,8,6,2,4
S01008683,All people aged 16 to 74 in employment,408,359,139,220,49,26,23
S01008683,A B D E. Agriculture energy and water,2,2,0,2,0,0,0
S01008683,C. Manufacturing,4,4,0,4,0,0,0
S01008683,F. Construction,14,11,0,11,3,2,1
S01008683,G I. Distribution hotels and restaurants,122,116,62,54,6,1,5
S01008683,H J. Transport and communication,22,20,2,18,2,2,0
S01008683,K L M N. Financial real estate professional and administrative activities,83,66,20,46,17,10,7
S01008683,O P Q. Public administration education and health,129,116,43,73,13,9,4
S01008683,R S T U. Other,32,24,12,12,8,2,6
S01008684,All people aged 16 to 74 in employment,401,352,125,227,49,17,32
S01008684,A B D E. Agriculture energy and water,7,7,1,6,0,0,0
S01008684,C. Manufacturing,6,5,1,4,1,0,1
S01008684,F. Construction,23,17,0,17,6,0,6
S01008684,G I. Distribution hotels and restaurants,106,103,64,39,3,0,3
S01008684,H J. Transport and communication,39,30,6,24,9,1,8
S01008684,K L M N. Financial real estate professional and administrative activities,77,64,9,55,13,7,6
S01008684,O P Q. Public administration education and health,123,112,39,73,11,6,5
S01008684,R S T U. Other,20,14,5,9,6,3,3
S01008685,All people aged 16 to 74 in employment,439,389,141,248,50,15,35
S01008685,A B D E. Agriculture energy and water,2,2,1,1,0,0,0
S01008685,C. Manufacturing,9,9,1,8,0,0,0
S01008685,F. Construction,13,7,0,7,6,1,5
S01008685,G I. Distribution hotels and restaurants,117,108,67,41,9,2,7
S01008685,H J. Transport and communication,36,29,3,26,7,1,6
S01008685,K L M N. Financial real estate professional and administrative activities,82,73,20,53,9,2,7
S01008685,O P Q. Public administration education and health,152,143,41,102,9,5,4
S01008685,R S T U. Other,28,18,8,10,10,4,6
S01008686,All people aged 16 to 74 in employment,438,379,100,279,59,19,40
S01008686,A B D E. Agriculture energy and water,6,5,0,5,1,0,1
S01008686,C. Manufacturing,9,9,1,8,0,0,0
S01008686,F. Construction,12,6,1,5,6,2,4
S01008686,G I. Distribution hotels and restaurants,118,112,40,72,6,2,4
S01008686,H J. Transport and communication,43,32,2,30,11,5,6
S01008686,K L M N. Financial real estate professional and administrative activities,96,82,16,66,14,3,11
S01008686,O P Q. Public administration education and health,115,107,28,79,8,2,6
S01008686,R S T U. Other,39,26,12,14,13,5,8
S01008687,All people aged 16 to 74 in employment,447,411,77,334,36,12,24
S01008687,A B D E. Agriculture energy and water,3,3,0,3,0,0,0
S01008687,C. Manufacturing,11,11,1,10,0,0,0
S01008687,F. Construction,13,9,0,9,4,1,3
S01008687,G I. Distribution hotels and restaurants,101,94,31,63,7,4,3
S01008687,H J. Transport and communication,42,33,3,30,9,1,8
S01008687,K L M N. Financial real estate professional and administrative activities,111,99,7,92,12,4,8
S01008687,O P Q. Public administration education and health,139,136,26,110,3,1,2
S01008687,R S T U. Other,27,26,9,17,1,1,0
S01008688,All people aged 16 to 74 in employment,540,470,89,381,70,24,46
S01008688,A B D E. Agriculture energy and water,11,10,1,9,1,0,1
S01008688,C. Manufacturing,8,8,0,8,0,0,0
S01008688,F. Construction,21,13,0,13,8,1,7
S01008688,G I. Distribution hotels and restaurants,92,86,37,49,6,3,3
S01008688,H J. Transport and communication,39,30,2,28,9,3,6
S01008688,K L M N. Financial real estate professional and administrative activities,154,133,16,117,21,8,13
S01008688,O P Q. Public administration education and health,185,171,27,144,14,4,10
S01008688,R S T U. Other,30,19,6,13,11,5,6
S01008689,All people aged 16 to 74 in employment,564,511,104,407,53,16,37
S01008689,A B D E. Agriculture energy and water,6,6,0,6,0,0,0
S01008689,C. Manufacturing,14,14,1,13,0,0,0
S01008689,F. Construction,15,10,1,9,5,0,5
S01008689,G I. Distribution hotels and restaurants,153,150,45,105,3,2,1
S01008689,H J. Transport and communication,30,24,3,21,6,2,4
S01008689,K L M N. Financial real estate professional and administrative activities,125,104,11,93,21,7,14
S01008689,O P Q. Public administration education and health,178,172,40,132,6,2,4
S01008689,R S T U. Other,43,31,3,28,12,3,9
S01008690,All people aged 16 to 74 in employment,673,590,128,462,83,28,55
S01008690,A B D E. Agriculture energy and water,7,5,1,4,2,0,2
S01008690,C. Manufacturing,23,21,2,19,2,0,2
S01008690,F. Construction,27,15,0,15,12,0,12
S01008690,G I. Distribution hotels and restaurants,151,141,61,80,10,6,4
S01008690,H J. Transport and communication,63,53,8,45,10,2,8
S01008690,K L M N. Financial real estate professional and administrative activities,155,139,14,125,16,6,10
S01008690,O P Q. Public administration education and health,200,185,34,151,15,7,8
S01008690,R S T U. Other,47,31,8,23,16,7,9
S01008691,All people aged 16 to 74 in employment,737,658,116,542,79,33,46
S01008691,A B D E. Agriculture energy and water,14,13,0,13,1,0,1
S01008691,C. Manufacturing,20,18,0,18,2,0,2
S01008691,F. Construction,31,20,2,18,11,4,7
S01008691,G I. Distribution hotels and restaurants,158,153,44,109,5,2,3
S01008691,H J. Transport and communication,58,45,4,41,13,4,9
S01008691,K L M N. Financial real estate professional and administrative activities,184,162,22,140,22,11,11
S01008691,O P Q. Public administration education and health,220,209,33,176,11,6,5
S01008691,R S T U. Other,52,38,11,27,14,6,8
S01008692,All people aged 16 to 74 in employment,422,388,75,313,34,13,21
S01008692,A B D E. Agriculture energy and water,2,2,0,2,0,0,0
S01008692,C. Manufacturing,12,11,1,10,1,0,1
S01008692,F. Construction,12,7,0,7,5,2,3
S01008692,G I. Distribution hotels and restaurants,102,98,30,68,4,2,2
S01008692,H J. Transport and communication,35,31,7,24,4,0,4
S01008692,K L M N. Financial real estate professional and administrative activities,95,90,7,83,5,1,4
S01008692,O P Q. Public administration education and health,141,132,28,104,9,5,4
S01008692,R S T U. Other,23,17,2,15,6,3,3
S01008693,All people aged 16 to 74 in employment,239,199,67,132,40,9,31
S01008693,A B D E. Agriculture energy and water,4,2,0,2,2,1,1
S01008693,C. Manufacturing,14,11,1,10,3,0,3
S01008693,F. Construction,14,9,0,9,5,1,4
S01008693,G I. Distribution hotels and restaurants,53,49,23,26,4,0,4
S01008693,H J. Transport and communication,34,19,1,18,15,3,12
S01008693,K L M N. Financial real estate professional and administrative activities,33,30,12,18,3,1,2
S01008693,O P Q. Public administration education and health,77,72,24,48,5,2,3
S01008693,R S T U. Other,10,7,6,1,3,1,2
S01008694,All people aged 16 to 74 in employment,674,618,125,493,56,18,38
S01008694,A B D E. Agriculture energy and water,11,11,0,11,0,0,0
S01008694,C. Manufacturing,19,18,2,16,1,0,1
S01008694,F. Construction,21,15,1,14,6,1,5
S01008694,G I. Distribution hotels and restaurants,141,136,53,83,5,0,5
S01008694,H J. Transport and communication,51,46,3,43,5,2,3
S01008694,K L M N. Financial real estate professional and administrative activities,146,130,16,114,16,5,11
S01008694,O P Q. Public administration education and health,240,229,38,191,11,6,5
S01008694,R S T U. Other,45,33,12,21,12,4,8
S01008695,All people aged 16 to 74 in employment,406,372,95,277,34,10,24
S01008695,A B D E. Agriculture energy and water,1,1,0,1,0,0,0
S01008695,C. Manufacturing,6,5,1,4,1,0,1
S01008695,F. Construction,10,5,0,5,5,1,4
S01008695,G I. Distribution hotels and restaurants,67,66,27,39,1,0,1
S01008695,H J. Transport and communication,24,21,2,19,3,2,1
S01008695,K L M N. Financial real estate professional and administrative activities,95,81,15,66,14,5,9
S01008695,O P Q. Public administration education and health,175,170,41,129,5,1,4
S01008695,R S T U. Other,28,23,9,14,5,1,4
S01008696,All people aged 16 to 74 in employment,370,318,80,238,52,19,33
S01008696,A B D E. Agriculture energy and water,5,3,0,3,2,0,2
S01008696,C. Manufacturing,12,11,0,11,1,0,1
S01008696,F. Construction,16,9,1,8,7,1,6
S01008696,G I. Distribution hotels and restaurants,52,45,17,28,7,3,4
S01008696,H J. Transport and communication,37,28,2,26,9,4,5
S01008696,K L M N. Financial real estate professional and administrative activities,74,65,11,54,9,3,6
S01008696,O P Q. Public administration education and health,141,135,40,95,6,2,4
S01008696,R S T U. Other,33,22,9,13,11,6,5
S01008697,All people aged 16 to 74 in employment,535,460,125,335,75,21,54
S01008697,A B D E. Agriculture energy and water,9,9,1,8,0,0,0
S01008697,C. Manufacturing,25,19,2,17,6,3,3
S01008697,F. Construction,22,14,3,11,8,0,8
S01008697,G I. Distribution hotels and restaurants,100,88,42,46,12,1,11
S01008697,H J. Transport and communication,32,18,1,17,14,4,10
S01008697,K L M N. Financial real estate professional and administrative activities,132,121,19,102,11,3,8
S01008697,O P Q. Public administration education and health,182,169,51,118,13,7,6
S01008697,R S T U. Other,33,22,6,16,11,3,8
S01008698,All people aged 16 to 74 in employment,259,218,83,135,41,12,29
S01008698,A B D E. Agriculture energy and water,4,4,1,3,0,0,0
S01008698,C. Manufacturing,13,12,2,10,1,0,1
S01008698,F. Construction,15,11,0,11,4,1,3
S01008698,G I. Distribution hotels and restaurants,45,38,24,14,7,0,7
S01008698,H J. Transport and communication,19,11,3,8,8,2,6
S01008698,K L M N. Financial real estate professional and administrative activities,54,44,13,31,10,5,5
S01008698,O P Q. Public administration education and health,92,87,34,53,5,1,4
S01008698,R S T U. Other,17,11,6,5,6,3,3
S01008699,All people aged 16 to 74 in employment,396,360,97,263,36,11,25
S01008699,A B D E. Agriculture energy and water,5,4,0,4,1,0,1
S01008699,C. Manufacturing,15,15,1,14,0,0,0
S01008699,F. Construction,22,18,1,17,4,1,3
S01008699,G I. Distribution hotels and restaurants,69,64,31,33,5,2,3
S01008699,H J. Transport and communication,32,25,4,21,7,0,7
S01008699,K L M N. Financial real estate professional and administrative activities,97,89,22,67,8,3,5
S01008699,O P Q. Public administration education and health,131,125,35,90,6,3,3
S01008699,R S T U. Other,25,20,3,17,5,2,3
S01008700,All people aged 16 to 74 in employment,238,186,47,139,52,18,34
S01008700,A B D E. Agriculture energy and water,8,6,0,6,2,0,2
S01008700,C. Manufacturing,11,9,0,9,2,1,1
S01008700,F. Construction,10,4,0,4,6,0,6
S01008700,G I. Distribution hotels and restaurants,45,33,16,17,12,4,8
S01008700,H J. Transport and communication,14,8,0,8,6,2,4
S01008700,K L M N. Financial real estate professional and administrative activities,63,48,8,40,15,7,8
S01008700,O P Q. Public administration education and health,73,68,21,47,5,3,2
S01008700,R S T U. Other,14,10,2,8,4,1,3
S01008701,All people aged 16 to 74 in employment,157,147,52,95,10,4,6
S01008701,A B D E. Agriculture energy and water,5,5,2,3,0,0,0
S01008701,C. Manufacturing,0,0,0,0,0,0,0
S01008701,F. Construction,9,6,0,6,3,1,2
S01008701,G I. Distribution hotels and restaurants,49,49,23,26,0,0,0
S01008701,H J. Transport and communication,9,6,0,6,3,1,2
S01008701,K L M N. Financial real estate professional and administrative activities,33,30,10,20,3,1,2
S01008701,O P Q. Public administration education and health,43,43,12,31,0,0,0
S01008701,R S T U. Other,9,8,5,3,1,1,0
S01008702,All people aged 16 to 74 in employment,318,293,75,218,25,8,17
S01008702,A B D E. Agriculture energy and water,7,7,0,7,0,0,0
S01008702,C. Manufacturing,10,10,0,10,0,0,0
S01008702,F. Construction,19,16,0,16,3,1,2
S01008702,G I. Distribution hotels and restaurants,94,89,36,53,5,1,4
S01008702,H J. Transport and communication,16,16,0,16,0,0,0
S01008702,K L M N. Financial real estate professional and administrative activities,63,56,12,44,7,3,4
S01008702,O P Q. Public administration education and health,96,92,24,68,4,0,4
S01008702,R S T U. Other,13,7,3,4,6,3,3
S01008703,All people aged 16 to 74 in employment,359,322,111,211,37,17,20
S01008703,A B D E. Agriculture energy and water,8,6,0,6,2,1,1
S01008703,C. Manufacturing,9,9,2,7,0,0,0
S01008703,F. Construction,25,19,2,17,6,1,5
S01008703,G I. Distribution hotels and restaurants,83,74,35,39,9,3,6
S01008703,H J. Transport and communication,25,19,4,15,6,2,4
S01008703,K L M N. Financial real estate professional and administrative activities,79,73,31,42,6,4,2
S01008703,O P Q. Public administration education and health,110,106,32,74,4,4,0
S01008703,R S T U. Other,20,16,5,11,4,2,2
S01008704,All people aged 16 to 74 in employment,268,238,77,161,30,7,23
S01008704,A B D E. Agriculture energy and water,2,1,0,1,1,0,1
S01008704,C. Manufacturing,11,11,0,11,0,0,0
S01008704,F. Construction,23,10,2,8,13,3,10
S01008704,G I. Distribution hotels and restaurants,66,63,32,31,3,1,2
S01008704,H J. Transport and communication,18,11,3,8,7,2,5
S01008704,K L M N. Financial real estate professional and administrative activities,49,47,11,36,2,0,2
S01008704,O P Q. Public administration education and health,85,82,23,59,3,1,2
S01008704,R S T U. Other,14,13,6,7,1,0,1
S01008705,All people aged 16 to 74 in employment,198,178,57,121,20,7,13
S01008705,A B D E. Agriculture energy and water,1,1,0,1,0,0,0
S01008705,C. Manufacturing,3,3,0,3,0,0,0
S01008705,F. Construction,13,10,0,10,3,1,2
S01008705,G I. Distribution hotels and restaurants,57,52,26,26,5,1,4
S01008705,H J. Transport and communication,15,12,3,9,3,0,3
S01008705,K L M N. Financial real estate professional and administrative activities,38,32,11,21,6,3,3
S01008705,O P Q. Public administration education and health,64,61,14,47,3,2,1
S01008705,R S T U. Other,7,7,3,4,0,0,0
S01008706,All people aged 16 to 74 in employment,210,189,67,122,21,8,13
S01008706,A B D E. Agriculture energy and water,1,1,0,1,0,0,0
S01008706,C. Manufacturing,3,1,0,1,2,0,2
S01008706,F. Construction,9,6,0,6,3,0,3
S01008706,G I. Distribution hotels and restaurants,56,52,34,18,4,0,4
S01008706,H J. Transport and communication,14,11,0,11,3,0,3
S01008706,K L M N. Financial real estate professional and administrative activities,42,37,11,26,5,5,0
S01008706,O P Q. Public administration education and health,77,75,21,54,2,2,0
S01008706,R S T U. Other,8,6,1,5,2,1,1
S01008707,All people aged 16 to 74 in employment,270,243,101,142,27,7,20
S01008707,A B D E. Agriculture energy and water,3,2,1,1,1,0,1
S01008707,C. Manufacturing,11,10,1,9,1,0,1
S01008707,F. Construction,18,14,0,14,4,1,3
S01008707,G I. Distribution hotels and restaurants,77,68,37,31,9,1,8
S01008707,H J. Transport and communication,16,15,5,10,1,0,1
S01008707,K L M N. Financial real estate professional and administrative activities,45,39,16,23,6,2,4
S01008707,O P Q. Public administration education and health,94,90,40,50,4,2,2
S01008707,R S T U. Other,6,5,1,4,1,1,0
S01008708,All people aged 16 to 74 in employment,293,271,108,163,22,7,15
S01008708,A B D E. Agriculture energy and water,3,3,0,3,0,0,0
S01008708,C. Manufacturing,16,14,3,11,2,0,2
S01008708,F. Construction,23,17,2,15,6,1,5
S01008708,G I. Distribution hotels and restaurants,91,90,42,48,1,0,1
S01008708,H J. Transport and communication,23,18,6,12,5,1,4
S01008708,K L M N. Financial real estate professional and administrative activities,45,42,19,23,3,1,2
S01008708,O P Q. Public administration education and health,74,72,33,39,2,2,0
S01008708,R S T U. Other,18,15,3,12,3,2,1
S01008709,All people aged 16 to 74 in employment,284,261,93,168,23,10,13
S01008709,A B D E. Agriculture energy and water,5,5,0,5,0,0,0
S01008709,C. Manufacturing,12,12,2,10,0,0,0
S01008709,F. Construction,26,19,2,17,7,2,5
S01008709,G I. Distribution hotels and restaurants,83,79,32,47,4,2,2
S01008709,H J. Transport and communication,23,17,4,13,6,1,5
S01008709,K L M N. Financial real estate professional and administrative activities,43,40,17,23,3,3,0
S01008709,O P Q. Public administration education and health,75,74,28,46,1,1,0
S01008709,R S T U. Other,17,15,8,7,2,1,1
S01008710,All people aged 16 to 74 in employment,186,168,53,115,18,10,8
S01008710,A B D E. Agriculture energy and water,5,5,0,5,0,0,0
S01008710,C. Manufacturing,4,4,0,4,0,0,0
S01008710,F. Construction,11,11,0,11,0,0,0
S01008710,G I. Distribution hotels and restaurants,60,53,25,28,7,3,4
S01008710,H J. Transport and communication,13,10,2,8,3,2,1
S01008710,K L M N. Financial real estate professional and administrative activities,34,29,6,23,5,3,2
S01008710,O P Q. Public administration education and health,48,47,15,32,1,1,0
S01008710,R S T U. Other,11,9,5,4,2,1,1
S01008711,All people aged 16 to 74 in employment,277,259,88,171,18,6,12
S01008711,A B D E. Agriculture energy and water,6,6,0,6,0,0,0
S01008711,C. Manufacturing,10,9,0,9,1,0,1
S01008711,F. Construction,22,18,0,18,4,1,3
S01008711,G I. Distribution hotels and restaurants,83,78,34,44,5,2,3
S01008711,H J. Transport and communication,21,16,2,14,5,1,4
S01008711,K L M N. Financial real estate professional and administrative activities,48,46,18,28,2,1,1
S01008711,O P Q. Public administration education and health,73,72,30,42,1,1,0
S01008711,R S T U. Other,14,14,4,10,0,0,0
S01008712,All people aged 16 to 74 in employment,307,277,100,177,30,12,18
S01008712,A B D E. Agriculture energy and water,10,9,1,8,1,0,1
S01008712,C. Manufacturing,10,7,1,6,3,0,3
S01008712,F. Construction,35,25,5,20,10,3,7
S01008712,G I. Distribution hotels and restaurants,71,67,32,35,4,2,2
S01008712,H J. Transport and communication,23,23,2,21,0,0,0
S01008712,K L M N. Financial real estate professional and administrative activities,48,42,11,31,6,2,4
S01008712,O P Q. Public administration education and health,90,86,39,47,4,3,1
S01008712,R S T U. Other,20,18,9,9,2,2,0
S01008713,All people aged 16 to 74 in employment,248,222,72,150,26,9,17
S01008713,A B D E. Agriculture energy and water,1,1,0,1,0,0,0
S01008713,C. Manufacturing,8,8,0,8,0,0,0
S01008713,F. Construction,26,18,2,16,8,2,6
S01008713,G I. Distribution hotels and restaurants,67,64,33,31,3,3,0
S01008713,H J. Transport and communication,29,23,1,22,6,1,5
S01008713,K L M N. Financial real estate professional and administrative activities,36,32,9,23,4,2,2
S01008713,O P Q. Public administration education and health,67,66,22,44,1,0,1
S01008713,R S T U. Other,14,10,5,5,4,1,3
S01008714,All people aged 16 to 74 in employment,225,203,64,139,22,6,16
S01008714,A B D E. Agriculture energy and water,3,2,0,2,1,0,1
S01008714,C. Manufacturing,8,7,0,7,1,0,1
S01008714,F. Construction,19,18,2,16,1,0,1
S01008714,G I. Distribution hotels and restaurants,53,51,25,26,2,0,2
S01008714,H J. Transport and communication,15,14,0,14,1,0,1
S01008714,K L M N. Financial real estate professional and administrative activities,44,35,11,24,9,3,6
S01008714,O P Q. Public administration education and health,68,66,24,42,2,1,1
S01008714,R S T U. Other,15,10,2,8,5,2,3
S01008715,All people aged 16 to 74 in employment,313,286,96,190,27,9,18
S01008715,A B D E. Agriculture energy and water,9,9,1,8,0,0,0
S01008715,C. Manufacturing,12,12,2,10,0,0,0
S01008715,F. Construction,30,23,2,21,7,1,6
S01008715,G I. Distribution hotels and restaurants,85,79,41,38,6,1,5
S01008715,H J. Transport and communication,33,29,4,25,4,1,3
S01008715,K L M N. Financial real estate professional and administrative activities,40,39,10,29,1,0,1
S01008715,O P Q. Public administration education and health,83,76,31,45,7,4,3
S01008715,R S T U. Other,21,19,5,14,2,2,0
S01008716,All people aged 16 to 74 in employment,221,194,59,135,27,9,18
S01008716,A B D E. Agriculture energy and water,3,3,1,2,0,0,0
S01008716,C. Manufacturing,8,7,0,7,1,0,1
S01008716,F. Construction,19,14,1,13,5,2,3
S01008716,G I. Distribution hotels and restaurants,49,46,19,27,3,1,2
S01008716,H J. Transport and communication,20,15,0,15,5,1,4
S01008716,K L M N. Financial real estate professional and administrative activities,31,27,10,17,4,1,3
S01008716,O P Q. Public administration education and health,73,67,27,40,6,2,4
S01008716,R S T U. Other,18,15,1,14,3,2,1
S01008717,All people aged 16 to 74 in employment,228,204,56,148,24,3,21
S01008717,A B D E. Agriculture energy and water,1,1,0,1,0,0,0
S01008717,C. Manufacturing,6,6,0,6,0,0,0
S01008717,F. Construction,15,12,1,11,3,0,3
S01008717,G I. Distribution hotels and restaurants,61,57,30,27,4,0,4
S01008717,H J. Transport and communication,30,21,2,19,9,1,8
S01008717,K L M N. Financial real estate professional and administrative activities,42,38,7,31,4,0,4
S01008717,O P Q. Public administration education and health,62,61,13,48,1,1,0
S01008717,R S T U. Other,11,8,3,5,3,1,2
S01008718,All people aged 16 to 74 in employment,273,237,57,180,36,11,25
S01008718,A B D E. Agriculture energy and water,2,2,0,2,0,0,0
S01008718,C. Manufacturing,14,11,0,11,3,0,3
S01008718,F. Construction,17,11,2,9,6,1,5
S01008718,G I. Distribution hotels and restaurants,70,58,18,40,12,2,10
S01008718,H J. Transport and communication,25,21,1,20,4,0,4
S01008718,K L M N. Financial real estate professional and administrative activities,45,44,7,37,1,1,0
S01008718,O P Q. Public administration education and health,85,78,27,51,7,5,2
S01008718,R S T U. Other,15,12,2,10,3,2,1
S01008719,All people aged 16 to 74 in employment,507,419,128,291,88,15,73
S01008719,A B D E. Agriculture energy and water,8,8,0,8,0,0,0
S01008719,C. Manufacturing,19,19,1,18,0,0,0
S01008719,F. Construction,45,31,4,27,14,0,14
S01008719,G I. Distribution hotels and restaurants,132,110,58,52,22,2,20
S01008719,H J. Transport and communication,55,30,1,29,25,4,21
S01008719,K L M N. Financial real estate professional and administrative activities,78,70,14,56,8,3,5
S01008719,O P Q. Public administration education and health,136,130,44,86,6,2,4
S01008719,R S T U. Other,34,21,6,15,13,4,9
S01008720,All people aged 16 to 74 in employment,246,209,63,146,37,11,26
S01008720,A B D E. Agriculture energy and water,4,4,0,4,0,0,0
S01008720,C. Manufacturing,16,14,2,12,2,1,1
S01008720,F. Construction,25,18,3,15,7,3,4
S01008720,G I. Distribution hotels and restaurants,52,48,24,24,4,1,3
S01008720,H J. Transport and communication,24,18,2,16,6,1,5
S01008720,K L M N. Financial real estate professional and administrative activities,43,36,6,30,7,3,4
S01008720,O P Q. Public administration education and health,71,64,25,39,7,1,6
S01008720,R S T U. Other,11,7,1,6,4,1,3
S01008721,All people aged 16 to 74 in employment,494,426,113,313,68,18,50
S01008721,A B D E. Agriculture energy and water,7,6,1,5,1,0,1
S01008721,C. Manufacturing,16,15,0,15,1,0,1
S01008721,F. Construction,35,22,2,20,13,2,11
S01008721,G I. Distribution hotels and restaurants,93,83,40,43,10,2,8
S01008721,H J. Transport and communication,46,32,5,27,14,1,13
S01008721,K L M N. Financial real estate professional and administrative activities,138,127,26,101,11,4,7
S01008721,O P Q. Public administration education and health,119,111,30,81,8,5,3
S01008721,R S T U. Other,40,30,9,21,10,4,6
S01008722,All people aged 16 to 74 in employment,445,361,105,256,84,21,63
S01008722,A B D E. Agriculture energy and water,9,9,0,9,0,0,0
S01008722,C. Manufacturing,14,8,0,8,6,1,5
S01008722,F. Construction,25,17,4,13,8,1,7
S01008722,G I. Distribution hotels and restaurants,82,58,28,30,24,4,20
S01008722,H J. Transport and communication,30,18,3,15,12,0,12
S01008722,K L M N. Financial real estate professional and administrative activities,101,82,18,64,19,8,11
S01008722,O P Q. Public administration education and health,161,152,48,104,9,4,5
S01008722,R S T U. Other,23,17,4,13,6,3,3
S01008723,All people aged 16 to 74 in employment,373,321,94,227,52,10,42
S01008723,A B D E. Agriculture energy and water,4,3,0,3,1,0,1
S01008723,C. Manufacturing,21,20,2,18,1,0,1
S01008723,F. Construction,24,17,1,16,7,0,7
S01008723,G I. Distribution hotels and restaurants,78,65,30,35,13,3,10
S01008723,H J. Transport and communication,31,24,1,23,7,1,6
S01008723,K L M N. Financial real estate professional and administrative activities,89,74,18,56,15,3,12
S01008723,O P Q. Public administration education and health,108,104,34,70,4,1,3
S01008723,R S T U. Other,18,14,8,6,4,2,2
S01008724,All people aged 16 to 74 in employment,438,350,102,248,88,29,59
S01008724,A B D E. Agriculture energy and water,8,8,1,7,0,0,0
S01008724,C. Manufacturing,16,12,0,12,4,1,3
S01008724,F. Construction,21,13,1,12,8,2,6
S01008724,G I. Distribution hotels and restaurants,60,48,25,23,12,4,8
S01008724,H J. Transport and communication,30,19,5,14,11,3,8
S01008724,K L M N. Financial real estate professional and administrative activities,94,69,13,56,25,9,16
S01008724,O P Q. Public administration education and health,172,158,48,110,14,6,8
S01008724,R S T U. Other,37,23,9,14,14,4,10
S01008725,All people aged 16 to 74 in employment,390,318,82,236,72,22,50
S01008725,A B D E. Agriculture energy and water,9,7,1,6,2,0,2
S01008725,C. Manufacturing,13,9,2,7,4,0,4
S01008725,F. Construction,23,15,2,13,8,1,7
S01008725,G I. Distribution hotels and restaurants,58,42,20,22,16,5,11
S01008725,H J. Transport and communication,32,23,3,20,9,2,7
S01008725,K L M N. Financial real estate professional and administrative activities,76,64,13,51,12,5,7
S01008725,O P Q. Public administration education and health,147,134,36,98,13,5,8
S01008725,R S T U. Other,32,24,5,19,8,4,4
S01008726,All people aged 16 to 74 in employment,304,242,64,178,62,21,41
S01008726,A B D E. Agriculture energy and water,5,4,0,4,1,1,0
S01008726,C. Manufacturing,9,8,1,7,1,1,0
S01008726,F. Construction,15,10,0,10,5,2,3
S01008726,G I. Distribution hotels and restaurants,35,29,19,10,6,1,5
S01008726,H J. Transport and communication,13,7,1,6,6,2,4
S01008726,K L M N. Financial real estate professional and administrative activities,90,65,4,61,25,8,17
S01008726,O P Q. Public administration education and health,123,111,36,75,12,5,7
S01008726,R S T U. Other,14,8,3,5,6,1,5
S01008727,All people aged 16 to 74 in employment,513,418,112,306,95,33,62
S01008727,A B D E. Agriculture energy and water,6,5,1,4,1,1,0
S01008727,C. Manufacturing,12,9,2,7,3,2,1
S01008727,F. Construction,21,19,2,17,2,0,2
S01008727,G I. Distribution hotels and restaurants,74,61,25,36,13,3,10
S01008727,H J. Transport and communication,41,23,2,21,18,6,12
S01008727,K L M N. Financial real estate professional and administrative activities,114,91,21,70,23,8,15
S01008727,O P Q. Public administration education and health,206,189,52,137,17,6,11
S01008727,R S T U. Other,39,21,7,14,18,7,11
S01008728,All people aged 16 to 74 in employment,228,192,61,131,36,12,24
S01008728,A B D E. Agriculture energy and water,5,5,1,4,0,0,0
S01008728,C. Manufacturing,5,5,0,5,0,0,0
S01008728,F. Construction,12,6,2,4,6,1,5
S01008728,G I. Distribution hotels and restaurants,47,44,21,23,3,1,2
S01008728,H J. Transport and communication,23,19,2,17,4,1,3
S01008728,K L M N. Financial real estate professional and administrative activities,49,40,9,31,9,3,6
S01008728,O P Q. Public administration education and health,65,59,24,35,6,4,2
S01008728,R S T U. Other,22,14,2,12,8,2,6
S01008729,All people aged 16 to 74 in employment,359,283,86,197,76,33,43
S01008729,A B D E. Agriculture energy and water,4,4,1,3,0,0,0
S01008729,C. Manufacturing,8,5,0,5,3,3,0
S01008729,F. Construction,10,8,0,8,2,1,1
S01008729,G I. Distribution hotels and restaurants,53,48,21,27,5,1,4
S01008729,H J. Transport and communication,19,11,1,10,8,2,6
S01008729,K L M N. Financial real estate professional and administrative activities,89,60,8,52,29,13,16
S01008729,O P Q. Public administration education and health,144,131,50,81,13,7,6
S01008729,R S T U. Other,32,16,5,11,16,6,10
S01008730,All people aged 16 to 74 in employment,453,397,92,305,56,16,40
S01008730,A B D E. Agriculture energy and water,8,8,1,7,0,0,0
S01008730,C. Manufacturing,13,12,1,11,1,0,1
S01008730,F. Construction,19,10,1,9,9,1,8
S01008730,G I. Distribution hotels and restaurants,84,76,31,45,8,3,5
S01008730,H J. Transport and communication,37,28,2,26,9,2,7
S01008730,K L M N. Financial real estate professional and administrative activities,102,84,9,75,18,5,13
S01008730,O P Q. Public administration education and health,164,157,40,117,7,4,3
S01008730,R S T U. Other,26,22,7,15,4,1,3
S01008731,All people aged 16 to 74 in employment,179,158,45,113,21,13,8
S01008731,A B D E. Agriculture energy and water,2,2,1,1,0,0,0
S01008731,C. Manufacturing,10,8,1,7,2,0,2
S01008731,F. Construction,9,6,0,6,3,1,2
S01008731,G I. Distribution hotels and restaurants,33,28,12,16,5,4,1
S01008731,H J. Transport and communication,13,9,2,7,4,3,1
S01008731,K L M N. Financial real estate professional and administrative activities,28,25,5,20,3,2,1
S01008731,O P Q. Public administration education and health,70,67,20,47,3,2,1
S01008731,R S T U. Other,14,13,4,9,1,1,0
S01008732,All people aged 16 to 74 in employment,284,241,55,186,43,15,28
S01008732,A B D E. Agriculture energy and water,3,3,1,2,0,0,0
S01008732,C. Manufacturing,5,4,1,3,1,1,0
S01008732,F. Construction,19,13,2,11,6,2,4
S01008732,G I. Distribution hotels and restaurants,55,42,20,22,13,2,11
S01008732,H J. Transport and communication,17,15,2,13,2,0,2
S01008732,K L M N. Financial real estate professional and administrative activities,60,54,8,46,6,3,3
S01008732,O P Q. Public administration education and health,102,95,18,77,7,3,4
S01008732,R S T U. Other,23,15,3,12,8,4,4
S01008733,All people aged 16 to 74 in employment,510,467,98,369,43,13,30
S01008733,A B D E. Agriculture energy and water,7,7,2,5,0,0,0
S01008733,C. Manufacturing,23,19,5,14,4,1,3
S01008733,F. Construction,30,24,2,22,6,0,6
S01008733,G I. Distribution hotels and restaurants,90,84,33,51,6,1,5
S01008733,H J. Transport and communication,34,29,1,28,5,0,5
S01008733,K L M N. Financial real estate professional and administrative activities,105,102,16,86,3,0,3
S01008733,O P Q. Public administration education and health,174,167,33,134,7,4,3
S01008733,R S T U. Other,47,35,6,29,12,7,5
S01008734,All people aged 16 to 74 in employment,272,229,60,169,43,10,33
S01008734,A B D E. Agriculture energy and water,4,4,0,4,0,0,0
S01008734,C. Manufacturing,7,7,0,7,0,0,0
S01008734,F. Construction,11,4,1,3,7,1,6
S01008734,G I. Distribution hotels and restaurants,46,39,16,23,7,2,5
S01008734,H J. Transport and communication,21,17,5,12,4,0,4
S01008734,K L M N. Financial real estate professional and administrative activities,59,45,12,33,14,3,11
S01008734,O P Q. Public administration education and health,102,98,23,75,4,0,4
S01008734,R S T U. Other,22,15,3,12,7,4,3
S01008735,All people aged 16 to 74 in employment,446,353,112,241,93,30,63
S01008735,A B D E. Agriculture energy and water,3,3,0,3,0,0,0
S01008735,C. Manufacturing,15,10,1,9,5,4,1
S01008735,F. Construction,30,18,3,15,12,0,12
S01008735,G I. Distribution hotels and restaurants,72,64,32,32,8,1,7
S01008735,H J. Transport and communication,40,22,5,17,18,3,15
S01008735,K L M N. Financial real estate professional and administrative activities,118,88,20,68,30,10,20
S01008735,O P Q. Public administration education and health,148,135,45,90,13,6,7
S01008735,R S T U. Other,20,13,6,7,7,6,1
S01008736,All people aged 16 to 74 in employment,321,279,93,186,42,13,29
S01008736,A B D E. Agriculture energy and water,6,6,0,6,0,0,0
S01008736,C. Manufacturing,19,17,1,16,2,1,1
S01008736,F. Construction,14,5,0,5,9,2,7
S01008736,G I. Distribution hotels and restaurants,73,61,34,27,12,3,9
S01008736,H J. Transport and communication,25,21,2,19,4,0,4
S01008736,K L M N. Financial real estate professional and administrative activities,66,61,11,50,5,1,4
S01008736,O P Q. Public administration education and health,91,85,36,49,6,3,3
S01008736,R S T U. Other,27,23,9,14,4,3,1
S01008737,All people aged 16 to 74 in employment,374,320,111,209,54,21,33
S01008737,A B D E. Agriculture energy and water,5,4,0,4,1,0,1
S01008737,C. Manufacturing,14,11,3,8,3,1,2
S01008737,F. Construction,20,15,3,12,5,2,3
S01008737,G I. Distribution hotels and restaurants,74,57,35,22,17,4,13
S01008737,H J. Transport and communication,22,16,0,16,6,0,6
S01008737,K L M N. Financial real estate professional and administrative activities,84,74,19,55,10,6,4
S01008737,O P Q. Public administration education and health,135,128,46,82,7,3,4
S01008737,R S T U. Other,20,15,5,10,5,5,0
S01008738,All people aged 16 to 74 in employment,333,277,96,181,56,18,38
S01008738,A B D E. Agriculture energy and water,5,5,1,4,0,0,0
S01008738,C. Manufacturing,15,13,4,9,2,0,2
S01008738,F. Construction,17,12,0,12,5,1,4
S01008738,G I. Distribution hotels and restaurants,63,50,27,23,13,1,12
S01008738,H J. Transport and communication,34,18,2,16,16,6,10
S01008738,K L M N. Financial real estate professional and administrative activities,78,70,18,52,8,2,6
S01008738,O P Q. Public administration education and health,112,102,43,59,10,7,3
S01008738,R S T U. Other,9,7,1,6,2,1,1
S01008739,All people aged 16 to 74 in employment,289,250,84,166,39,11,28
S01008739,A B D E. Agriculture energy and water,5,5,0,5,0,0,0
S01008739,C. Manufacturing,13,10,0,10,3,2,1
S01008739,F. Construction,25,16,1,15,9,2,7
S01008739,G I. Distribution hotels and restaurants,56,53,27,26,3,0,3
S01008739,H J. Transport and communication,23,12,1,11,11,1,10
S01008739,K L M N. Financial real estate professional and administrative activities,68,58,18,40,10,5,5
S01008739,O P Q. Public administration education and health,82,81,28,53,1,0,1
S01008739,R S T U. Other,17,15,9,6,2,1,1
S01008740,All people aged 16 to 74 in employment,271,238,80,158,33,10,23
S01008740,A B D E. Agriculture energy and water,5,5,0,5,0,0,0
S01008740,C. Manufacturing,9,8,0,8,1,0,1
S01008740,F. Construction,22,14,3,11,8,3,5
S01008740,G I. Distribution hotels and restaurants,45,42,19,23,3,0,3
S01008740,H J. Transport and communication,27,19,2,17,8,2,6
S01008740,K L M N. Financial real estate professional and administrative activities,62,59,14,45,3,3,0
S01008740,O P Q. Public administration education and health,92,85,38,47,7,1,6
S01008740,R S T U. Other,9,6,4,2,3,1,2
S01008741,All people aged 16 to 74 in employment,445,387,118,269,58,15,43
S01008741,A B D E. Agriculture energy and water,7,7,1,6,0,0,0
S01008741,C. Manufacturing,20,17,0,17,3,0,3
S01008741,F. Construction,34,24,2,22,10,2,8
S01008741,G I. Distribution hotels and restaurants,78,68,37,31,10,3,7
S01008741,H J. Transport and communication,54,30,3,27,24,5,19
S01008741,K L M N. Financial real estate professional and administrative activities,89,86,26,60,3,2,1
S01008741,O P Q. Public administration education and health,150,145,48,97,5,3,2
S01008741,R S T U. Other,13,10,1,9,3,0,3
S01008742,All people aged 16 to 74 in employment,217,188,51,137,29,9,20
S01008742,A B D E. Agriculture energy and water,0,0,0,0,0,0,0
S01008742,C. Manufacturing,5,5,0,5,0,0,0
S01008742,F. Construction,10,6,1,5,4,0,4
S01008742,G I. Distribution hotels and restaurants,51,47,20,27,4,3,1
S01008742,H J. Transport and communication,15,10,2,8,5,1,4
S01008742,K L M N. Financial real estate professional and administrative activities,47,40,2,38,7,2,5
S01008742,O P Q. Public administration education and health,71,69,23,46,2,1,1
S01008742,R S T U. Other,18,11,3,8,7,2,5
S01008743,All people aged 16 to 74 in employment,430,389,107,282,41,11,30
S01008743,A B D E. Agriculture energy and water,10,10,2,8,0,0,0
S01008743,C. Manufacturing,16,15,0,15,1,1,0
S01008743,F. Construction,24,13,4,9,11,2,9
S01008743,G I. Distribution hotels and restaurants,98,90,32,58,8,1,7
S01008743,H J. Transport and communication,46,40,3,37,6,1,5
S01008743,K L M N. Financial real estate professional and administrative activities,88,79,22,57,9,2,7
S01008743,O P Q. Public administration education and health,126,124,38,86,2,1,1
S01008743,R S T U. Other,22,18,6,12,4,3,1
S01008744,All people aged 16 to 74 in employment,491,449,117,332,42,10,32
S01008744,A B D E. Agriculture energy and water,9,9,0,9,0,0,0
S01008744,C. Manufacturing,15,12,0,12,3,1,2
S01008744,F. Construction,37,28,1,27,9,0,9
S01008744,G I. Distribution hotels and restaurants,76,73,25,48,3,0,3
S01008744,H J. Transport and communication,42,31,1,30,11,2,9
S01008744,K L M N. Financial real estate professional and administrative activities,112,109,23,86,3,1,2
S01008744,O P Q. Public administration education and health,168,163,57,106,5,3,2
S01008744,R S T U. Other,32,24,10,14,8,3,5
S01008745,All people aged 16 to 74 in employment,243,217,48,169,26,7,19
S01008745,A B D E. Agriculture energy and water,3,3,0,3,0,0,0
S01008745,C. Manufacturing,7,6,2,4,1,0,1
S01008745,F. Construction,11,8,0,8,3,1,2
S01008745,G I. Distribution hotels and restaurants,33,31,15,16,2,1,1
S01008745,H J. Transport and communication,18,14,0,14,4,1,3
S01008745,K L M N. Financial real estate professional and administrative activities,72,62,12,50,10,2,8
S01008745,O P Q. Public administration education and health,91,87,19,68,4,0,4
S01008745,R S T U. Other,8,6,0,6,2,2,0
S01008746,All people aged 16 to 74 in employment,483,448,119,329,35,13,22
S01008746,A B D E. Agriculture energy and water,7,6,1,5,1,1,0
S01008746,C. Manufacturing,17,16,2,14,1,0,1
S01008746,F. Construction,36,30,3,27,6,1,5
S01008746,G I. Distribution hotels and restaurants,122,116,62,54,6,1,5
S01008746,H J. Transport and communication,39,32,5,27,7,4,3
S01008746,K L M N. Financial real estate professional and administrative activities,103,94,15,79,9,4,5
S01008746,O P Q. Public administration education and health,136,132,27,105,4,1,3
S01008746,R S T U. Other,23,22,4,18,1,1,0
S01008747,All people aged 16 to 74 in employment,235,192,60,132,43,8,35
S01008747,A B D E. Agriculture energy and water,2,2,0,2,0,0,0
S01008747,C. Manufacturing,11,9,1,8,2,0,2
S01008747,F. Construction,15,8,0,8,7,1,6
S01008747,G I. Distribution hotels and restaurants,40,30,16,14,10,2,8
S01008747,H J. Transport and communication,26,14,1,13,12,2,10
S01008747,K L M N. Financial real estate professional and administrative activities,43,39,9,30,4,1,3
S01008747,O P Q. Public administration education and health,84,79,28,51,5,2,3
S01008747,R S T U. Other,14,11,5,6,3,0,3
S01008748,All people aged 16 to 74 in employment,312,270,90,180,42,11,31
S01008748,A B D E. Agriculture energy and water,4,4,0,4,0,0,0
S01008748,C. Manufacturing,7,7,1,6,0,0,0
S01008748,F. Construction,24,8,1,7,16,5,11
S01008748,G I. Distribution hotels and restaurants,48,41,22,19,7,2,5
S01008748,H J. Transport and communication,22,16,1,15,6,1,5
S01008748,K L M N. Financial real estate professional and administrative activities,94,89,24,65,5,0,5
S01008748,O P Q. Public administration education and health,95,90,37,53,5,3,2
S01008748,R S T U. Other,18,15,4,11,3,0,3
S01008749,All people aged 16 to 74 in employment,466,388,123,265,78,19,59
S01008749,A B D E. Agriculture energy and water,5,5,0,5,0,0,0
S01008749,C. Manufacturing,17,13,2,11,4,0,4
S01008749,F. Construction,35,19,0,19,16,4,12
S01008749,G I. Distribution hotels and restaurants,109,85,48,37,24,7,17
S01008749,H J. Transport and communication,27,20,2,18,7,1,6
S01008749,K L M N. Financial real estate professional and administrative activities,114,100,20,80,14,4,10
S01008749,O P Q. Public administration education and health,129,126,43,83,3,1,2
S01008749,R S T U. Other,30,20,8,12,10,2,8
S01008750,All people aged 16 to 74 in employment,323,277,92,185,46,11,35
S01008750,A B D E. Agriculture energy and water,6,5,1,4,1,0,1
S01008750,C. Manufacturing,17,16,0,16,1,0,1
S01008750,F. Construction,21,9,2,7,12,0,12
S01008750,G I. Distribution hotels and restaurants,46,39,22,17,7,2,5
S01008750,H J. Transport and communication,22,12,5,7,10,2,8
S01008750,K L M N. Financial real estate professional and administrative activities,89,83,18,65,6,4,2
S01008750,O P Q. Public administration education and health,106,102,41,61,4,2,2
S01008750,R S T U. Other,16,11,3,8,5,1,4
S01008751,All people aged 16 to 74 in employment,264,228,63,165,36,13,23
S01008751,A B D E. Agriculture energy and water,2,2,1,1,0,0,0
S01008751,C. Manufacturing,10,10,0,10,0,0,0
S01008751,F. Construction,30,17,0,17,13,7,6
S01008751,G I. Distribution hotels and restaurants,53,49,22,27,4,1,3
S01008751,H J. Transport and communication,30,25,7,18,5,0,5
S01008751,K L M N. Financial real estate professional and administrative activities,56,49,8,41,7,3,4
S01008751,O P Q. Public administration education and health,70,67,24,43,3,1,2
S01008751,R S T U. Other,13,9,1,8,4,1,3
S01008752,All people aged 16 to 74 in employment,304,282,86,196,22,3,19
S01008752,A B D E. Agriculture energy and water,6,6,0,6,0,0,0
S01008752,C. Manufacturing,7,7,1,6,0,0,0
S01008752,F. Construction,18,10,0,10,8,0,8
S01008752,G I. Distribution hotels and restaurants,70,67,30,37,3,0,3
S01008752,H J. Transport and communication,34,27,8,19,7,2,5
S01008752,K L M N. Financial real estate professional and administrative activities,68,65,14,51,3,1,2
S01008752,O P Q. Public administration education and health,94,94,30,64,0,0,0
S01008752,R S T U. Other,7,6,3,3,1,0,1
S01008753,All people aged 16 to 74 in employment,230,212,62,150,18,3,15
S01008753,A B D E. Agriculture energy and water,5,5,1,4,0,0,0
S01008753,C. Manufacturing,10,8,0,8,2,0,2
S01008753,F. Construction,10,8,0,8,2,0,2
S01008753,G I. Distribution hotels and restaurants,55,48,18,30,7,1,6
S01008753,H J. Transport and communication,17,15,2,13,2,0,2
S01008753,K L M N. Financial real estate professional and administrative activities,39,37,6,31,2,1,1
S01008753,O P Q. Public administration education and health,74,73,31,42,1,1,0
S01008753,R S T U. Other,20,18,4,14,2,0,2
S01008754,All people aged 16 to 74 in employment,355,327,65,262,28,7,21
S01008754,A B D E. Agriculture energy and water,3,3,0,3,0,0,0
S01008754,C. Manufacturing,11,11,0,11,0,0,0
S01008754,F. Construction,28,17,2,15,11,2,9
S01008754,G I. Distribution hotels and restaurants,99,94,33,61,5,1,4
S01008754,H J. Transport and communication,27,22,1,21,5,0,5
S01008754,K L M N. Financial real estate professional and administrative activities,75,71,9,62,4,2,2
S01008754,O P Q. Public administration education and health,92,91,16,75,1,1,0
S01008754,R S T U. Other,20,18,4,14,2,1,1
S01008755,All people aged 16 to 74 in employment,506,464,113,351,42,14,28
S01008755,A B D E. Agriculture energy and water,14,13,0,13,1,0,1
S01008755,C. Manufacturing,17,16,1,15,1,1,0
S01008755,F. Construction,32,20,2,18,12,2,10
S01008755,G I. Distribution hotels and restaurants,159,150,49,101,9,4,5
S01008755,H J. Transport and communication,37,31,4,27,6,1,5
S01008755,K L M N. Financial real estate professional and administrative activities,93,87,16,71,6,1,5
S01008755,O P Q. Public administration education and health,127,126,34,92,1,0,1
S01008755,R S T U. Other,27,21,7,14,6,5,1
S01008756,All people aged 16 to 74 in employment,337,306,78,228,31,12,19
S01008756,A B D E. Agriculture energy and water,4,4,0,4,0,0,0
S01008756,C. Manufacturing,20,20,2,18,0,0,0
S01008756,F. Construction,22,16,0,16,6,1,5
S01008756,G I. Distribution hotels and restaurants,77,73,32,41,4,0,4
S01008756,H J. Transport and communication,30,24,3,21,6,0,6
S01008756,K L M N. Financial real estate professional and administrative activities,60,55,6,49,5,2,3
S01008756,O P Q. Public administration education and health,105,99,29,70,6,6,0
S01008756,R S T U. Other,19,15,6,9,4,3,1
S01008757,All people aged 16 to 74 in employment,207,190,55,135,17,3,14
S01008757,A B D E. Agriculture energy and water,7,7,0,7,0,0,0
S01008757,C. Manufacturing,11,9,1,8,2,0,2
S01008757,F. Construction,11,8,1,7,3,1,2
S01008757,G I. Distribution hotels and restaurants,42,38,17,21,4,1,3
S01008757,H J. Transport and communication,16,11,1,10,5,0,5
S01008757,K L M N. Financial real estate professional and administrative activities,46,44,10,34,2,1,1
S01008757,O P Q. Public administration education and health,67,66,23,43,1,0,1
S01008757,R S T U. Other,7,7,2,5,0,0,0
S01008758,All people aged 16 to 74 in employment,341,298,92,206,43,11,32
S01008758,A B D E. Agriculture energy and water,9,7,1,6,2,0,2
S01008758,C. Manufacturing,6,6,1,5,0,0,0
S01008758,F. Construction,36,28,1,27,8,0,8
S01008758,G I. Distribution hotels and restaurants,75,69,28,41,6,3,3
S01008758,H J. Transport and communication,36,25,5,20,11,0,11
S01008758,K L M N. Financial real estate professional and administrative activities,66,61,17,44,5,4,1
S01008758,O P Q. Public administration education and health,98,90,37,53,8,3,5
S01008758,R S T U. Other,15,12,2,10,3,1,2
S01008759,All people aged 16 to 74 in employment,218,197,60,137,21,7,14
S01008759,A B D E. Agriculture energy and water,4,4,1,3,0,0,0
S01008759,C. Manufacturing,10,9,1,8,1,1,0
S01008759,F. Construction,15,10,0,10,5,1,4
S01008759,G I. Distribution hotels and restaurants,46,43,23,20,3,1,2
S01008759,H J. Transport and communication,16,9,1,8,7,1,6
S01008759,K L M N. Financial real estate professional and administrative activities,36,34,9,25,2,2,0
S01008759,O P Q. Public administration education and health,70,68,20,48,2,1,1
S01008759,R S T U. Other,21,20,5,15,1,0,1
S01008760,All people aged 16 to 74 in employment,370,343,131,212,27,9,18
S01008760,A B D E. Agriculture energy and water,4,4,0,4,0,0,0
S01008760,C. Manufacturing,14,13,3,10,1,0,1
S01008760,F. Construction,26,19,0,19,7,0,7
S01008760,G I. Distribution hotels and restaurants,100,93,50,43,7,1,6
S01008760,H J. Transport and communication,40,37,6,31,3,2,1
S01008760,K L M N. Financial real estate professional and administrative activities,70,65,27,38,5,4,1
S01008760,O P Q. Public administration education and health,91,89,39,50,2,2,0
S01008760,R S T U. Other,25,23,6,17,2,0,2
S01008761,All people aged 16 to 74 in employment,418,367,96,271,51,9,42
S01008761,A B D E. Agriculture energy and water,7,6,0,6,1,0,1
S01008761,C. Manufacturing,21,19,0,19,2,0,2
S01008761,F. Construction,25,15,0,15,10,1,9
S01008761,G I. Distribution hotels and restaurants,121,109,37,72,12,1,11
S01008761,H J. Transport and communication,28,20,1,19,8,3,5
S01008761,K L M N. Financial real estate professional and administrative activities,86,75,21,54,11,1,10
S01008761,O P Q. Public administration education and health,112,107,28,79,5,2,3
S01008761,R S T U. Other,18,16,9,7,2,1,1
S01008762,All people aged 16 to 74 in employment,319,287,80,207,32,7,25
S01008762,A B D E. Agriculture energy and water,10,9,1,8,1,1,0
S01008762,C. Manufacturing,17,17,1,16,0,0,0
S01008762,F. Construction,22,14,0,14,8,3,5
S01008762,G I. Distribution hotels and restaurants,58,52,23,29,6,2,4
S01008762,H J. Transport and communication,29,19,2,17,10,0,10
S01008762,K L M N. Financial real estate professional and administrative activities,72,69,18,51,3,1,2
S01008762,O P Q. Public administration education and health,100,98,33,65,2,0,2
S01008762,R S T U. Other,11,9,2,7,2,0,2
S01008763,All people aged 16 to 74 in employment,582,519,124,395,63,17,46
S01008763,A B D E. Agriculture energy and water,4,4,1,3,0,0,0
S01008763,C. Manufacturing,16,14,1,13,2,2,0
S01008763,F. Construction,40,25,2,23,15,1,14
S01008763,G I. Distribution hotels and restaurants,85,82,34,48,3,1,2
S01008763,H J. Transport and communication,54,41,3,38,13,1,12
S01008763,K L M N. Financial real estate professional and administrative activities,135,121,20,101,14,3,11
S01008763,O P Q. Public administration education and health,211,203,57,146,8,5,3
S01008763,R S T U. Other,37,29,6,23,8,4,4
S01008764,All people aged 16 to 74 in employment,406,355,84,271,51,14,37
S01008764,A B D E. Agriculture energy and water,7,6,0,6,1,0,1
S01008764,C. Manufacturing,20,17,1,16,3,0,3
S01008764,F. Construction,22,15,1,14,7,0,7
S01008764,G I. Distribution hotels and restaurants,64,58,24,34,6,0,6
S01008764,H J. Transport and communication,40,30,4,26,10,2,8
S01008764,K L M N. Financial real estate professional and administrative activities,92,76,6,70,16,7,9
S01008764,O P Q. Public administration education and health,132,130,40,90,2,2,0
S01008764,R S T U. Other,29,23,8,15,6,3,3
S01008765,All people aged 16 to 74 in employment,497,421,105,316,76,13,63
S01008765,A B D E. Agriculture energy and water,6,4,0,4,2,0,2
S01008765,C. Manufacturing,8,6,0,6,2,1,1
S01008765,F. Construction,22,14,1,13,8,0,8
S01008765,G I. Distribution hotels and restaurants,101,91,39,52,10,0,10
S01008765,H J. Transport and communication,40,25,3,22,15,0,15
S01008765,K L M N. Financial real estate professional and administrative activities,103,87,16,71,16,5,11
S01008765,O P Q. Public administration education and health,182,170,44,126,12,3,9
S01008765,R S T U. Other,35,24,2,22,11,4,7
S01008766,All people aged 16 to 74 in employment,524,425,138,287,99,35,64
S01008766,A B D E. Agriculture energy and water,8,6,3,3,2,0,2
S01008766,C. Manufacturing,25,22,1,21,3,2,1
S01008766,F. Construction,30,20,1,19,10,6,4
S01008766,G I. Distribution hotels and restaurants,82,64,31,33,18,3,15
S01008766,H J. Transport and communication,61,39,9,30,22,3,19
S01008766,K L M N. Financial real estate professional and administrative activities,124,105,29,76,19,6,13
S01008766,O P Q. Public administration education and health,167,153,56,97,14,7,7
S01008766,R S T U. Other,27,16,8,8,11,8,3
S01008767,All people aged 16 to 74 in employment,284,249,73,176,35,9,26
S01008767,A B D E. Agriculture energy and water,3,3,1,2,0,0,0
S01008767,C. Manufacturing,5,5,3,2,0,0,0
S01008767,F. Construction,21,13,0,13,8,0,8
S01008767,G I. Distribution hotels and restaurants,52,49,21,28,3,0,3
S01008767,H J. Transport and communication,25,22,1,21,3,1,2
S01008767,K L M N. Financial real estate professional and administrative activities,74,66,18,48,8,2,6
S01008767,O P Q. Public administration education and health,91,84,27,57,7,3,4
S01008767,R S T U. Other,13,7,2,5,6,3,3
S01008768,All people aged 16 to 74 in employment,266,234,56,178,32,5,27
S01008768,A B D E. Agriculture energy and water,6,6,0,6,0,0,0
S01008768,C. Manufacturing,9,7,0,7,2,0,2
S01008768,F. Construction,13,11,2,9,2,1,1
S01008768,G I. Distribution hotels and restaurants,54,47,14,33,7,1,6
S01008768,H J. Transport and communication,25,16,1,15,9,1,8
S01008768,K L M N. Financial real estate professional and administrative activities,45,40,8,32,5,0,5
S01008768,O P Q. Public administration education and health,93,88,27,61,5,1,4
S01008768,R S T U. Other,21,19,4,15,2,1,1
S01008769,All people aged 16 to 74 in employment,520,456,53,403,64,8,56
S01008769,A B D E. Agriculture energy and water,12,11,2,9,1,0,1
S01008769,C. Manufacturing,27,24,0,24,3,0,3
S01008769,F. Construction,20,12,1,11,8,0,8
S01008769,G I. Distribution hotels and restaurants,79,71,23,48,8,3,5
S01008769,H J. Transport and communication,38,31,2,29,7,1,6
S01008769,K L M N. Financial real estate professional and administrative activities,175,149,9,140,26,3,23
S01008769,O P Q. Public administration education and health,141,133,11,122,8,1,7
S01008769,R S T U. Other,28,25,5,20,3,0,3
S01008770,All people aged 16 to 74 in employment,567,492,70,422,75,21,54
S01008770,A B D E. Agriculture energy and water,15,14,0,14,1,0,1
S01008770,C. Manufacturing,23,20,1,19,3,1,2
S01008770,F. Construction,16,13,0,13,3,0,3
S01008770,G I. Distribution hotels and restaurants,115,96,25,71,19,7,12
S01008770,H J. Transport and communication,60,44,6,38,16,2,14
S01008770,K L M N. Financial real estate professional and administrative activities,189,170,12,158,19,5,14
S01008770,O P Q. Public administration education and health,124,116,21,95,8,3,5
S01008770,R S T U. Other,25,19,5,14,6,3,3
S01008771,All people aged 16 to 74 in employment,446,370,68,302,76,17,59
S01008771,A B D E. Agriculture energy and water,12,11,1,10,1,0,1
S01008771,C. Manufacturing,21,20,0,20,1,0,1
S01008771,F. Construction,25,14,1,13,11,2,9
S01008771,G I. Distribution hotels and restaurants,75,63,26,37,12,2,10
S01008771,H J. Transport and communication,38,29,3,26,9,2,7
S01008771,K L M N. Financial real estate professional and administrative activities,139,117,14,103,22,3,19
S01008771,O P Q. Public administration education and health,112,101,20,81,11,6,5
S01008771,R S T U. Other,24,15,3,12,9,2,7
S01008772,All people aged 16 to 74 in employment,413,354,70,284,59,17,42
S01008772,A B D E. Agriculture energy and water,13,12,0,12,1,0,1
S01008772,C. Manufacturing,16,15,1,14,1,0,1
S01008772,F. Construction,17,10,0,10,7,1,6
S01008772,G I. Distribution hotels and restaurants,84,70,26,44,14,2,12
S01008772,H J. Transport and communication,32,27,0,27,5,2,3
S01008772,K L M N. Financial real estate professional and administrative activities,91,78,9,69,13,3,10
S01008772,O P Q. Public administration education and health,127,114,29,85,13,6,7
S01008772,R S T U. Other,33,28,5,23,5,3,2
S01008773,All people aged 16 to 74 in employment,609,555,112,443,54,13,41
S01008773,A B D E. Agriculture energy and water,12,12,0,12,0,0,0
S01008773,C. Manufacturing,13,13,1,12,0,0,0
S01008773,F. Construction,30,18,2,16,12,2,10
S01008773,G I. Distribution hotels and restaurants,135,130,48,82,5,0,5
S01008773,H J. Transport and communication,53,45,4,41,8,3,5
S01008773,K L M N. Financial real estate professional and administrative activities,135,123,14,109,12,2,10
S01008773,O P Q. Public administration education and health,184,176,32,144,8,3,5
S01008773,R S T U. Other,47,38,11,27,9,3,6
S01008774,All people aged 16 to 74 in employment,521,467,95,372,54,20,34
S01008774,A B D E. Agriculture energy and water,14,12,1,11,2,1,1
S01008774,C. Manufacturing,21,20,0,20,1,1,0
S01008774,F. Construction,26,19,1,18,7,1,6
S01008774,G I. Distribution hotels and restaurants,147,136,39,97,11,3,8
S01008774,H J. Transport and communication,31,26,0,26,5,0,5
S01008774,K L M N. Financial real estate professional and administrative activities,118,104,16,88,14,8,6
S01008774,O P Q. Public administration education and health,128,124,31,93,4,3,1
S01008774,R S T U. Other,36,26,7,19,10,3,7
S01008775,All people aged 16 to 74 in employment,280,234,54,180,46,17,29
S01008775,A B D E. Agriculture energy and water,6,4,0,4,2,1,1
S01008775,C. Manufacturing,7,3,0,3,4,2,2
S01008775,F. Construction,12,8,0,8,4,1,3
S01008775,G I. Distribution hotels and restaurants,62,55,19,36,7,0,7
S01008775,H J. Transport and communication,20,12,0,12,8,0,8
S01008775,K L M N. Financial real estate professional and administrative activities,60,49,6,43,11,5,6
S01008775,O P Q. Public administration education and health,92,87,24,63,5,5,0
S01008775,R S T U. Other,21,16,5,11,5,3,2
S01008776,All people aged 16 to 74 in employment,419,373,94,279,46,11,35
S01008776,A B D E. Agriculture energy and water,8,8,0,8,0,0,0
S01008776,C. Manufacturing,10,9,1,8,1,0,1
S01008776,F. Construction,9,8,0,8,1,0,1
S01008776,G I. Distribution hotels and restaurants,123,114,49,65,9,1,8
S01008776,H J. Transport and communication,28,23,1,22,5,2,3
S01008776,K L M N. Financial real estate professional and administrative activities,103,87,11,76,16,3,13
S01008776,O P Q. Public administration education and health,118,109,24,85,9,2,7
S01008776,R S T U. Other,20,15,8,7,5,3,2
S01008777,All people aged 16 to 74 in employment,491,440,110,330,51,18,33
S01008777,A B D E. Agriculture energy and water,8,7,0,7,1,1,0
S01008777,C. Manufacturing,26,24,3,21,2,0,2
S01008777,F. Construction,24,19,1,18,5,1,4
S01008777,G I. Distribution hotels and restaurants,137,124,49,75,13,6,7
S01008777,H J. Transport and communication,41,34,4,30,7,2,5
S01008777,K L M N. Financial real estate professional and administrative activities,98,88,12,76,10,3,7
S01008777,O P Q. Public administration education and health,140,132,40,92,8,5,3
S01008777,R S T U. Other,17,12,1,11,5,0,5
S01008778,All people aged 16 to 74 in employment,786,680,109,571,106,24,82
S01008778,A B D E. Agriculture energy and water,18,17,1,16,1,0,1
S01008778,C. Manufacturing,23,21,1,20,2,0,2
S01008778,F. Construction,26,15,2,13,11,1,10
S01008778,G I. Distribution hotels and restaurants,166,150,50,100,16,2,14
S01008778,H J. Transport and communication,74,60,10,50,14,2,12
S01008778,K L M N. Financial real estate professional and administrative activities,243,211,14,197,32,11,21
S01008778,O P Q. Public administration education and health,181,171,25,146,10,3,7
S01008778,R S T U. Other,55,35,6,29,20,5,15
S01008779,All people aged 16 to 74 in employment,550,479,73,406,71,17,54
S01008779,A B D E. Agriculture energy and water,17,16,1,15,1,0,1
S01008779,C. Manufacturing,21,17,1,16,4,0,4
S01008779,F. Construction,22,13,0,13,9,0,9
S01008779,G I. Distribution hotels and restaurants,100,91,24,67,9,4,5
S01008779,H J. Transport and communication,40,32,5,27,8,1,7
S01008779,K L M N. Financial real estate professional and administrative activities,184,162,18,144,22,4,18
S01008779,O P Q. Public administration education and health,135,124,15,109,11,4,7
S01008779,R S T U. Other,31,24,9,15,7,4,3
S01008780,All people aged 16 to 74 in employment,419,365,59,306,54,15,39
S01008780,A B D E. Agriculture energy and water,10,9,0,9,1,0,1
S01008780,C. Manufacturing,10,8,1,7,2,1,1
S01008780,F. Construction,13,9,0,9,4,1,3
S01008780,G I. Distribution hotels and restaurants,93,85,28,57,8,2,6
S01008780,H J. Transport and communication,36,29,2,27,7,1,6
S01008780,K L M N. Financial real estate professional and administrative activities,121,108,12,96,13,5,8
S01008780,O P Q. Public administration education and health,103,97,13,84,6,2,4
S01008780,R S T U. Other,33,20,3,17,13,3,10
S01008781,All people aged 16 to 74 in employment,616,572,103,469,44,14,30
S01008781,A B D E. Agriculture energy and water,18,16,0,16,2,2,0
S01008781,C. Manufacturing,14,14,1,13,0,0,0
S01008781,F. Construction,23,14,0,14,9,1,8
S01008781,G I. Distribution hotels and restaurants,152,149,45,104,3,0,3
S01008781,H J. Transport and communication,50,45,1,44,5,0,5
S01008781,K L M N. Financial real estate professional and administrative activities,195,182,13,169,13,5,8
S01008781,O P Q. Public administration education and health,132,129,36,93,3,3,0
S01008781,R S T U. Other,32,23,7,16,9,3,6
S01008782,All people aged 16 to 74 in employment,509,446,61,385,63,10,53
S01008782,A B D E. Agriculture energy and water,9,8,0,8,1,0,1
S01008782,C. Manufacturing,19,17,0,17,2,0,2
S01008782,F. Construction,20,14,0,14,6,0,6
S01008782,G I. Distribution hotels and restaurants,108,98,22,76,10,2,8
S01008782,H J. Transport and communication,41,35,3,32,6,0,6
S01008782,K L M N. Financial real estate professional and administrative activities,154,129,14,115,25,5,20
S01008782,O P Q. Public administration education and health,135,128,19,109,7,3,4
S01008782,R S T U. Other,23,17,3,14,6,0,6
S01008783,All people aged 16 to 74 in employment,308,265,38,227,43,11,32
S01008783,A B D E. Agriculture energy and water,7,6,0,6,1,0,1
S01008783,C. Manufacturing,5,4,0,4,1,0,1
S01008783,F. Construction,14,10,0,10,4,1,3
S01008783,G I. Distribution hotels and restaurants,59,56,19,37,3,0,3
S01008783,H J. Transport and communication,31,26,0,26,5,2,3
S01008783,K L M N. Financial real estate professional and administrative activities,94,78,10,68,16,2,14
S01008783,O P Q. Public administration education and health,69,67,4,63,2,1,1
S01008783,R S T U. Other,29,18,5,13,11,5,6
S01008784,All people aged 16 to 74 in employment,322,285,47,238,37,14,23
S01008784,A B D E. Agriculture energy and water,6,5,0,5,1,0,1
S01008784,C. Manufacturing,7,7,0,7,0,0,0
S01008784,F. Construction,10,6,1,5,4,1,3
S01008784,G I. Distribution hotels and restaurants,75,71,25,46,4,2,2
S01008784,H J. Transport and communication,34,24,1,23,10,4,6
S01008784,K L M N. Financial real estate professional and administrative activities,98,90,8,82,8,3,5
S01008784,O P Q. Public administration education and health,69,69,12,57,0,0,0
S01008784,R S T U. Other,23,13,0,13,10,4,6
S01008785,All people aged 16 to 74 in employment,395,350,90,260,45,20,25
S01008785,A B D E. Agriculture energy and water,6,5,0,5,1,0,1
S01008785,C. Manufacturing,14,11,2,9,3,0,3
S01008785,F. Construction,17,14,0,14,3,1,2
S01008785,G I. Distribution hotels and restaurants,129,122,47,75,7,3,4
S01008785,H J. Transport and communication,29,26,4,22,3,2,1
S01008785,K L M N. Financial real estate professional and administrative activities,86,79,13,66,7,3,4
S01008785,O P Q. Public administration education and health,86,74,17,57,12,8,4
S01008785,R S T U. Other,28,19,7,12,9,3,6
S01008786,All people aged 16 to 74 in employment,625,559,77,482,66,14,52
S01008786,A B D E. Agriculture energy and water,17,16,0,16,1,1,0
S01008786,C. Manufacturing,20,18,1,17,2,0,2
S01008786,F. Construction,21,11,0,11,10,3,7
S01008786,G I. Distribution hotels and restaurants,161,153,25,128,8,0,8
S01008786,H J. Transport and communication,37,33,5,28,4,2,2
S01008786,K L M N. Financial real estate professional and administrative activities,175,155,17,138,20,4,16
S01008786,O P Q. Public administration education and health,148,140,23,117,8,2,6
S01008786,R S T U. Other,46,33,6,27,13,2,11
S01008787,All people aged 16 to 74 in employment,122,110,54,56,12,3,9
S01008787,A B D E. Agriculture energy and water,3,2,1,1,1,0,1
S01008787,C. Manufacturing,5,3,0,3,2,1,1
S01008787,F. Construction,7,7,1,6,0,0,0
S01008787,G I. Distribution hotels and restaurants,45,44,30,14,1,0,1
S01008787,H J. Transport and communication,9,8,2,6,1,0,1
S01008787,K L M N. Financial real estate professional and administrative activities,21,18,10,8,3,2,1
S01008787,O P Q. Public administration education and health,26,24,7,17,2,0,2
S01008787,R S T U. Other,6,4,3,1,2,0,2
S01008788,All people aged 16 to 74 in employment,487,434,68,366,53,9,44
S01008788,A B D E. Agriculture energy and water,10,9,3,6,1,0,1
S01008788,C. Manufacturing,13,11,0,11,2,0,2
S01008788,F. Construction,10,8,0,8,2,1,1
S01008788,G I. Distribution hotels and restaurants,120,110,23,87,10,2,8
S01008788,H J. Transport and communication,38,34,5,29,4,0,4
S01008788,K L M N. Financial real estate professional and administrative activities,153,127,10,117,26,2,24
S01008788,O P Q. Public administration education and health,111,107,21,86,4,1,3
S01008788,R S T U. Other,32,28,6,22,4,3,1
S01008789,All people aged 16 to 74 in employment,283,253,55,198,30,6,24
S01008789,A B D E. Agriculture energy and water,7,7,0,7,0,0,0
S01008789,C. Manufacturing,8,8,0,8,0,0,0
S01008789,F. Construction,16,11,0,11,5,1,4
S01008789,G I. Distribution hotels and restaurants,66,60,21,39,6,0,6
S01008789,H J. Transport and communication,19,18,2,16,1,0,1
S01008789,K L M N. Financial real estate professional and administrative activities,71,58,7,51,13,2,11
S01008789,O P Q. Public administration education and health,82,79,18,61,3,2,1
S01008789,R S T U. Other,14,12,7,5,2,1,1
S01008790,All people aged 16 to 74 in employment,363,323,96,227,40,12,28
S01008790,A B D E. Agriculture energy and water,8,7,0,7,1,0,1
S01008790,C. Manufacturing,18,15,1,14,3,2,1
S01008790,F. Construction,20,10,0,10,10,1,9
S01008790,G I. Distribution hotels and restaurants,105,96,48,48,9,1,8
S01008790,H J. Transport and communication,20,16,4,12,4,1,3
S01008790,K L M N. Financial real estate professional and administrative activities,75,66,10,56,9,3,6
S01008790,O P Q. Public administration education and health,85,84,24,60,1,1,0
S01008790,R S T U. Other,32,29,9,20,3,3,0
S01008791,All people aged 16 to 74 in employment,567,510,99,411,57,18,39
S01008791,A B D E. Agriculture energy and water,10,8,1,7,2,0,2
S01008791,C. Manufacturing,18,17,0,17,1,0,1
S01008791,F. Construction,29,16,0,16,13,1,12
S01008791,G I. Distribution hotels and restaurants,176,164,42,122,12,2,10
S01008791,H J. Transport and communication,47,44,5,39,3,1,2
S01008791,K L M N. Financial real estate professional and administrative activities,124,113,18,95,11,6,5
S01008791,O P Q. Public administration education and health,136,125,28,97,11,6,5
S01008791,R S T U. Other,27,23,5,18,4,2,2
S01008792,All people aged 16 to 74 in employment,476,420,102,318,56,18,38
S01008792,A B D E. Agriculture energy and water,9,8,0,8,1,0,1
S01008792,C. Manufacturing,17,16,3,13,1,0,1
S01008792,F. Construction,20,13,0,13,7,0,7
S01008792,G I. Distribution hotels and restaurants,98,89,37,52,9,4,5
S01008792,H J. Transport and communication,37,32,7,25,5,3,2
S01008792,K L M N. Financial real estate professional and administrative activities,106,92,16,76,14,5,9
S01008792,O P Q. Public administration education and health,154,148,33,115,6,3,3
S01008792,R S T U. Other,35,22,6,16,13,3,10
S01008793,All people aged 16 to 74 in employment,193,172,46,126,21,8,13
S01008793,A B D E. Agriculture energy and water,2,2,0,2,0,0,0
S01008793,C. Manufacturing,5,4,0,4,1,0,1
S01008793,F. Construction,4,2,0,2,2,0,2
S01008793,G I. Distribution hotels and restaurants,62,60,22,38,2,0,2
S01008793,H J. Transport and communication,8,5,1,4,3,0,3
S01008793,K L M N. Financial real estate professional and administrative activities,48,42,8,34,6,5,1
S01008793,O P Q. Public administration education and health,50,49,12,37,1,0,1
S01008793,R S T U. Other,14,8,3,5,6,3,3
S01008794,All people aged 16 to 74 in employment,428,395,86,309,33,8,25
S01008794,A B D E. Agriculture energy and water,4,4,1,3,0,0,0
S01008794,C. Manufacturing,15,14,1,13,1,0,1
S01008794,F. Construction,21,15,1,14,6,1,5
S01008794,G I. Distribution hotels and restaurants,95,87,27,60,8,0,8
S01008794,H J. Transport and communication,40,32,5,27,8,4,4
S01008794,K L M N. Financial real estate professional and administrative activities,102,96,14,82,6,3,3
S01008794,O P Q. Public administration education and health,113,112,31,81,1,0,1
S01008794,R S T U. Other,38,35,6,29,3,0,3
S01008795,All people aged 16 to 74 in employment,741,667,143,524,74,24,50
S01008795,A B D E. Agriculture energy and water,8,8,0,8,0,0,0
S01008795,C. Manufacturing,18,16,0,16,2,0,2
S01008795,F. Construction,26,16,0,16,10,1,9
S01008795,G I. Distribution hotels and restaurants,207,192,65,127,15,2,13
S01008795,H J. Transport and communication,56,45,5,40,11,1,10
S01008795,K L M N. Financial real estate professional and administrative activities,167,151,18,133,16,7,9
S01008795,O P Q. Public administration education and health,215,206,42,164,9,8,1
S01008795,R S T U. Other,44,33,13,20,11,5,6
S01008796,All people aged 16 to 74 in employment,622,568,144,424,54,13,41
S01008796,A B D E. Agriculture energy and water,8,8,1,7,0,0,0
S01008796,C. Manufacturing,30,28,6,22,2,1,1
S01008796,F. Construction,29,22,0,22,7,0,7
S01008796,G I. Distribution hotels and restaurants,168,156,59,97,12,3,9
S01008796,H J. Transport and communication,39,30,4,26,9,2,7
S01008796,K L M N. Financial real estate professional and administrative activities,134,123,19,104,11,5,6
S01008796,O P Q. Public administration education and health,176,170,42,128,6,0,6
S01008796,R S T U. Other,38,31,13,18,7,2,5
S01008797,All people aged 16 to 74 in employment,617,573,139,434,44,9,35
S01008797,A B D E. Agriculture energy and water,8,8,2,6,0,0,0
S01008797,C. Manufacturing,13,10,0,10,3,0,3
S01008797,F. Construction,23,13,1,12,10,3,7
S01008797,G I. Distribution hotels and restaurants,163,159,64,95,4,0,4
S01008797,H J. Transport and communication,47,44,4,40,3,0,3
S01008797,K L M N. Financial real estate professional and administrative activities,153,144,26,118,9,3,6
S01008797,O P Q. Public administration education and health,166,159,33,126,7,2,5
S01008797,R S T U. Other,44,36,9,27,8,1,7
S01008798,All people aged 16 to 74 in employment,461,419,96,323,42,14,28
S01008798,A B D E. Agriculture energy and water,4,4,0,4,0,0,0
S01008798,C. Manufacturing,13,12,0,12,1,0,1
S01008798,F. Construction,15,10,1,9,5,1,4
S01008798,G I. Distribution hotels and restaurants,107,101,42,59,6,2,4
S01008798,H J. Transport and communication,37,31,3,28,6,0,6
S01008798,K L M N. Financial real estate professional and administrative activities,99,88,10,78,11,6,5
S01008798,O P Q. Public administration education and health,153,147,30,117,6,3,3
S01008798,R S T U. Other,33,26,10,16,7,2,5
S01008799,All people aged 16 to 74 in employment,406,373,89,284,33,13,20
S01008799,A B D E. Agriculture energy and water,16,15,0,15,1,0,1
S01008799,C. Manufacturing,10,10,1,9,0,0,0
S01008799,F. Construction,14,11,1,10,3,0,3
S01008799,G I. Distribution hotels and restaurants,138,131,42,89,7,4,3
S01008799,H J. Transport and communication,43,35,7,28,8,2,6
S01008799,K L M N. Financial real estate professional and administrative activities,92,86,17,69,6,3,3
S01008799,O P Q. Public administration education and health,62,60,12,48,2,0,2
S01008799,R S T U. Other,31,25,9,16,6,4,2
S01008800,All people aged 16 to 74 in employment,767,703,135,568,64,14,50
S01008800,A B D E. Agriculture energy and water,10,9,1,8,1,0,1
S01008800,C. Manufacturing,11,11,2,9,0,0,0
S01008800,F. Construction,33,22,2,20,11,0,11
S01008800,G I. Distribution hotels and restaurants,200,190,60,130,10,2,8
S01008800,H J. Transport and communication,61,48,2,46,13,2,11
S01008800,K L M N. Financial real estate professional and administrative activities,189,172,18,154,17,8,9
S01008800,O P Q. Public administration education and health,221,216,40,176,5,1,4
S01008800,R S T U. Other,42,35,10,25,7,1,6
S01008801,All people aged 16 to 74 in employment,653,604,110,494,49,12,37
S01008801,A B D E. Agriculture energy and water,7,7,1,6,0,0,0
S01008801,C. Manufacturing,24,24,0,24,0,0,0
S01008801,F. Construction,22,17,0,17,5,2,3
S01008801,G I. Distribution hotels and restaurants,193,184,55,129,9,2,7
S01008801,H J. Transport and communication,55,45,3,42,10,1,9
S01008801,K L M N. Financial real estate professional and administrative activities,141,127,9,118,14,5,9
S01008801,O P Q. Public administration education and health,166,158,32,126,8,2,6
S01008801,R S T U. Other,45,42,10,32,3,0,3
S01008802,All people aged 16 to 74 in employment,608,548,109,439,60,24,36
S01008802,A B D E. Agriculture energy and water,8,8,0,8,0,0,0
S01008802,C. Manufacturing,10,10,0,10,0,0,0
S01008802,F. Construction,16,13,0,13,3,0,3
S01008802,G I. Distribution hotels and restaurants,169,149,43,106,20,9,11
S01008802,H J. Transport and communication,36,31,3,28,5,2,3
S01008802,K L M N. Financial real estate professional and administrative activities,156,136,20,116,20,8,12
S01008802,O P Q. Public administration education and health,170,163,32,131,7,5,2
S01008802,R S T U. Other,43,38,11,27,5,0,5
S01008803,All people aged 16 to 74 in employment,574,508,120,388,66,25,41
S01008803,A B D E. Agriculture energy and water,11,10,1,9,1,0,1
S01008803,C. Manufacturing,21,18,1,17,3,0,3
S01008803,F. Construction,16,15,4,11,1,1,0
S01008803,G I. Distribution hotels and restaurants,150,135,59,76,15,3,12
S01008803,H J. Transport and communication,56,43,9,34,13,6,7
S01008803,K L M N. Financial real estate professional and administrative activities,139,122,9,113,17,6,11
S01008803,O P Q. Public administration education and health,132,128,24,104,4,3,1
S01008803,R S T U. Other,49,37,13,24,12,6,6
S01008804,All people aged 16 to 74 in employment,332,310,62,248,22,4,18
S01008804,A B D E. Agriculture energy and water,4,4,0,4,0,0,0
S01008804,C. Manufacturing,10,9,2,7,1,0,1
S01008804,F. Construction,10,6,0,6,4,0,4
S01008804,G I. Distribution hotels and restaurants,97,97,31,66,0,0,0
S01008804,H J. Transport and communication,17,15,3,12,2,0,2
S01008804,K L M N. Financial real estate professional and administrative activities,84,75,8,67,9,0,9
S01008804,O P Q. Public administration education and health,93,91,16,75,2,1,1
S01008804,R S T U. Other,17,13,2,11,4,3,1
S01008805,All people aged 16 to 74 in employment,402,371,101,270,31,11,20
S01008805,A B D E. Agriculture energy and water,5,5,0,5,0,0,0
S01008805,C. Manufacturing,15,15,1,14,0,0,0
S01008805,F. Construction,3,3,0,3,0,0,0
S01008805,G I. Distribution hotels and restaurants,127,123,63,60,4,1,3
S01008805,H J. Transport and communication,26,23,4,19,3,1,2
S01008805,K L M N. Financial real estate professional and administrative activities,111,101,8,93,10,5,5
S01008805,O P Q. Public administration education and health,96,88,22,66,8,3,5
S01008805,R S T U. Other,19,13,3,10,6,1,5
S01008806,All people aged 16 to 74 in employment,713,646,132,514,67,20,47
S01008806,A B D E. Agriculture energy and water,25,23,3,20,2,0,2
S01008806,C. Manufacturing,16,15,0,15,1,1,0
S01008806,F. Construction,24,15,0,15,9,1,8
S01008806,G I. Distribution hotels and restaurants,165,158,56,102,7,2,5
S01008806,H J. Transport and communication,65,51,8,43,14,3,11
S01008806,K L M N. Financial real estate professional and administrative activities,186,175,24,151,11,1,10
S01008806,O P Q. Public administration education and health,187,175,32,143,12,7,5
S01008806,R S T U. Other,45,34,9,25,11,5,6
S01008807,All people aged 16 to 74 in employment,526,469,89,380,57,17,40
S01008807,A B D E. Agriculture energy and water,6,6,0,6,0,0,0
S01008807,C. Manufacturing,19,18,2,16,1,1,0
S01008807,F. Construction,15,9,0,9,6,0,6
S01008807,G I. Distribution hotels and restaurants,112,105,35,70,7,2,5
S01008807,H J. Transport and communication,33,25,1,24,8,3,5
S01008807,K L M N. Financial real estate professional and administrative activities,136,123,15,108,13,3,10
S01008807,O P Q. Public administration education and health,164,154,28,126,10,4,6
S01008807,R S T U. Other,41,29,8,21,12,4,8
S01008808,All people aged 16 to 74 in employment,417,342,67,275,75,25,50
S01008808,A B D E. Agriculture energy and water,6,6,0,6,0,0,0
S01008808,C. Manufacturing,14,11,2,9,3,0,3
S01008808,F. Construction,14,8,1,7,6,0,6
S01008808,G I. Distribution hotels and restaurants,81,68,25,43,13,5,8
S01008808,H J. Transport and communication,39,30,2,28,9,1,8
S01008808,K L M N. Financial real estate professional and administrative activities,114,89,13,76,25,8,17
S01008808,O P Q. Public administration education and health,111,106,17,89,5,5,0
S01008808,R S T U. Other,38,24,7,17,14,6,8
S01008809,All people aged 16 to 74 in employment,373,285,66,219,88,26,62
S01008809,A B D E. Agriculture energy and water,5,4,0,4,1,0,1
S01008809,C. Manufacturing,11,7,0,7,4,3,1
S01008809,F. Construction,7,4,0,4,3,0,3
S01008809,G I. Distribution hotels and restaurants,74,58,29,29,16,3,13
S01008809,H J. Transport and communication,32,22,6,16,10,2,8
S01008809,K L M N. Financial real estate professional and administrative activities,114,86,9,77,28,5,23
S01008809,O P Q. Public administration education and health,106,89,16,73,17,10,7
S01008809,R S T U. Other,24,15,6,9,9,3,6
S01008810,All people aged 16 to 74 in employment,484,416,90,326,68,20,48
S01008810,A B D E. Agriculture energy and water,8,8,0,8,0,0,0
S01008810,C. Manufacturing,14,13,1,12,1,1,0
S01008810,F. Construction,9,7,0,7,2,0,2
S01008810,G I. Distribution hotels and restaurants,95,87,40,47,8,3,5
S01008810,H J. Transport and communication,43,34,3,31,9,2,7
S01008810,K L M N. Financial real estate professional and administrative activities,123,103,11,92,20,1,19
S01008810,O P Q. Public administration education and health,151,137,27,110,14,7,7
S01008810,R S T U. Other,41,27,8,19,14,6,8
S01008811,All people aged 16 to 74 in employment,562,477,115,362,85,21,64
S01008811,A B D E. Agriculture energy and water,6,6,0,6,0,0,0
S01008811,C. Manufacturing,17,13,1,12,4,0,4
S01008811,F. Construction,15,14,0,14,1,0,1
S01008811,G I. Distribution hotels and restaurants,144,129,68,61,15,6,9
S01008811,H J. Transport and communication,36,30,3,27,6,2,4
S01008811,K L M N. Financial real estate professional and administrative activities,161,128,17,111,33,5,28
S01008811,O P Q. Public administration education and health,143,126,21,105,17,3,14
S01008811,R S T U. Other,40,31,5,26,9,5,4
S01008812,All people aged 16 to 74 in employment,313,271,59,212,42,11,31
S01008812,A B D E. Agriculture energy and water,3,3,0,3,0,0,0
S01008812,C. Manufacturing,12,11,0,11,1,0,1
S01008812,F. Construction,7,2,0,2,5,1,4
S01008812,G I. Distribution hotels and restaurants,65,61,27,34,4,1,3
S01008812,H J. Transport and communication,26,19,1,18,7,1,6
S01008812,K L M N. Financial real estate professional and administrative activities,85,70,6,64,15,3,12
S01008812,O P Q. Public administration education and health,93,90,21,69,3,2,1
S01008812,R S T U. Other,22,15,4,11,7,3,4
S01008813,All people aged 16 to 74 in employment,512,439,131,308,73,24,49
S01008813,A B D E. Agriculture energy and water,9,8,2,6,1,0,1
S01008813,C. Manufacturing,11,10,1,9,1,0,1
S01008813,F. Construction,22,16,0,16,6,1,5
S01008813,G I. Distribution hotels and restaurants,137,123,49,74,14,4,10
S01008813,H J. Transport and communication,44,33,6,27,11,3,8
S01008813,K L M N. Financial real estate professional and administrative activities,104,88,20,68,16,5,11
S01008813,O P Q. Public administration education and health,150,141,48,93,9,5,4
S01008813,R S T U. Other,35,20,5,15,15,6,9
S01008814,All people aged 16 to 74 in employment,516,456,136,320,60,15,45
S01008814,A B D E. Agriculture energy and water,8,8,1,7,0,0,0
S01008814,C. Manufacturing,16,13,2,11,3,0,3
S01008814,F. Construction,17,10,1,9,7,0,7
S01008814,G I. Distribution hotels and restaurants,156,144,66,78,12,0,12
S01008814,H J. Transport and communication,26,22,4,18,4,1,3
S01008814,K L M N. Financial real estate professional and administrative activities,121,103,14,89,18,8,10
S01008814,O P Q. Public administration education and health,137,130,38,92,7,3,4
S01008814,R S T U. Other,35,26,10,16,9,3,6
S01008815,All people aged 16 to 74 in employment,568,517,99,418,51,19,32
S01008815,A B D E. Agriculture energy and water,5,5,0,5,0,0,0
S01008815,C. Manufacturing,10,9,1,8,1,0,1
S01008815,F. Construction,28,20,1,19,8,0,8
S01008815,G I. Distribution hotels and restaurants,156,150,49,101,6,2,4
S01008815,H J. Transport and communication,44,36,2,34,8,2,6
S01008815,K L M N. Financial real estate professional and administrative activities,120,110,11,99,10,6,4
S01008815,O P Q. Public administration education and health,178,170,33,137,8,3,5
S01008815,R S T U. Other,27,17,2,15,10,6,4
S01008816,All people aged 16 to 74 in employment,286,264,33,231,22,3,19
S01008816,A B D E. Agriculture energy and water,7,7,0,7,0,0,0
S01008816,C. Manufacturing,7,7,0,7,0,0,0
S01008816,F. Construction,10,6,0,6,4,0,4
S01008816,G I. Distribution hotels and restaurants,56,53,15,38,3,1,2
S01008816,H J. Transport and communication,26,24,0,24,2,0,2
S01008816,K L M N. Financial real estate professional and administrative activities,105,96,9,87,9,1,8
S01008816,O P Q. Public administration education and health,58,57,8,49,1,0,1
S01008816,R S T U. Other,17,14,1,13,3,1,2
S01008817,All people aged 16 to 74 in employment,459,419,90,329,40,13,27
S01008817,A B D E. Agriculture energy and water,8,7,0,7,1,0,1
S01008817,C. Manufacturing,22,22,1,21,0,0,0
S01008817,F. Construction,21,15,0,15,6,0,6
S01008817,G I. Distribution hotels and restaurants,85,79,31,48,6,2,4
S01008817,H J. Transport and communication,50,41,5,36,9,0,9
S01008817,K L M N. Financial real estate professional and administrative activities,131,123,18,105,8,5,3
S01008817,O P Q. Public administration education and health,115,115,29,86,0,0,0
S01008817,R S T U. Other,27,17,6,11,10,6,4
S01008818,All people aged 16 to 74 in employment,495,445,99,346,50,19,31
S01008818,A B D E. Agriculture energy and water,7,7,1,6,0,0,0
S01008818,C. Manufacturing,17,14,3,11,3,0,3
S01008818,F. Construction,17,13,0,13,4,0,4
S01008818,G I. Distribution hotels and restaurants,93,83,30,53,10,4,6
S01008818,H J. Transport and communication,44,37,2,35,7,2,5
S01008818,K L M N. Financial real estate professional and administrative activities,123,116,18,98,7,3,4
S01008818,O P Q. Public administration education and health,161,152,39,113,9,4,5
S01008818,R S T U. Other,33,23,6,17,10,6,4
S01008819,All people aged 16 to 74 in employment,448,384,72,312,64,20,44
S01008819,A B D E. Agriculture energy and water,8,6,0,6,2,1,1
S01008819,C. Manufacturing,22,18,1,17,4,0,4
S01008819,F. Construction,10,6,1,5,4,0,4
S01008819,G I. Distribution hotels and restaurants,53,50,17,33,3,0,3
S01008819,H J. Transport and communication,43,35,3,32,8,1,7
S01008819,K L M N. Financial real estate professional and administrative activities,127,104,14,90,23,8,15
S01008819,O P Q. Public administration education and health,153,143,33,110,10,6,4
S01008819,R S T U. Other,32,22,3,19,10,4,6
S01008820,All people aged 16 to 74 in employment,621,542,99,443,79,30,49
S01008820,A B D E. Agriculture energy and water,12,12,1,11,0,0,0
S01008820,C. Manufacturing,19,16,0,16,3,1,2
S01008820,F. Construction,22,11,1,10,11,1,10
S01008820,G I. Distribution hotels and restaurants,147,135,45,90,12,3,9
S01008820,H J. Transport and communication,58,42,2,40,16,7,9
S01008820,K L M N. Financial real estate professional and administrative activities,126,114,12,102,12,6,6
S01008820,O P Q. Public administration education and health,189,173,27,146,16,9,7
S01008820,R S T U. Other,48,39,11,28,9,3,6
S01008821,All people aged 16 to 74 in employment,390,339,90,249,51,14,37
S01008821,A B D E. Agriculture energy and water,5,5,1,4,0,0,0
S01008821,C. Manufacturing,15,15,1,14,0,0,0
S01008821,F. Construction,7,6,1,5,1,1,0
S01008821,G I. Distribution hotels and restaurants,64,52,28,24,12,1,11
S01008821,H J. Transport and communication,31,22,2,20,9,1,8
S01008821,K L M N. Financial real estate professional and administrative activities,113,96,18,78,17,5,12
S01008821,O P Q. Public administration education and health,139,129,35,94,10,4,6
S01008821,R S T U. Other,16,14,4,10,2,2,0
S01008822,All people aged 16 to 74 in employment,371,302,82,220,69,22,47
S01008822,A B D E. Agriculture energy and water,3,3,0,3,0,0,0
S01008822,C. Manufacturing,17,14,0,14,3,0,3
S01008822,F. Construction,8,6,0,6,2,0,2
S01008822,G I. Distribution hotels and restaurants,66,46,25,21,20,8,12
S01008822,H J. Transport and communication,20,18,2,16,2,1,1
S01008822,K L M N. Financial real estate professional and administrative activities,101,75,5,70,26,3,23
S01008822,O P Q. Public administration education and health,134,122,45,77,12,7,5
S01008822,R S T U. Other,22,18,5,13,4,3,1
S01008823,All people aged 16 to 74 in employment,333,262,67,195,71,21,50
S01008823,A B D E. Agriculture energy and water,2,1,0,1,1,0,1
S01008823,C. Manufacturing,8,6,0,6,2,0,2
S01008823,F. Construction,20,12,2,10,8,1,7
S01008823,G I. Distribution hotels and restaurants,56,35,20,15,21,3,18
S01008823,H J. Transport and communication,16,16,2,14,0,0,0
S01008823,K L M N. Financial real estate professional and administrative activities,116,89,15,74,27,12,15
S01008823,O P Q. Public administration education and health,99,90,23,67,9,5,4
S01008823,R S T U. Other,16,13,5,8,3,0,3
S01008824,All people aged 16 to 74 in employment,555,481,107,374,74,27,47
S01008824,A B D E. Agriculture energy and water,6,5,0,5,1,1,0
S01008824,C. Manufacturing,19,16,1,15,3,1,2
S01008824,F. Construction,25,17,3,14,8,1,7
S01008824,G I. Distribution hotels and restaurants,64,56,25,31,8,2,6
S01008824,H J. Transport and communication,38,28,3,25,10,2,8
S01008824,K L M N. Financial real estate professional and administrative activities,161,141,20,121,20,8,12
S01008824,O P Q. Public administration education and health,191,178,42,136,13,8,5
S01008824,R S T U. Other,51,40,13,27,11,4,7
S01008825,All people aged 16 to 74 in employment,355,297,69,228,58,13,45
S01008825,A B D E. Agriculture energy and water,4,3,0,3,1,0,1
S01008825,C. Manufacturing,11,10,1,9,1,0,1
S01008825,F. Construction,15,8,0,8,7,0,7
S01008825,G I. Distribution hotels and restaurants,41,38,21,17,3,1,2
S01008825,H J. Transport and communication,31,26,0,26,5,1,4
S01008825,K L M N. Financial real estate professional and administrative activities,118,98,13,85,20,4,16
S01008825,O P Q. Public administration education and health,113,99,28,71,14,7,7
S01008825,R S T U. Other,22,15,6,9,7,0,7
S01008826,All people aged 16 to 74 in employment,396,333,73,260,63,12,51
S01008826,A B D E. Agriculture energy and water,8,8,1,7,0,0,0
S01008826,C. Manufacturing,16,13,0,13,3,0,3
S01008826,F. Construction,18,11,2,9,7,0,7
S01008826,G I. Distribution hotels and restaurants,56,49,16,33,7,1,6
S01008826,H J. Transport and communication,40,26,3,23,14,2,12
S01008826,K L M N. Financial real estate professional and administrative activities,103,85,22,63,18,4,14
S01008826,O P Q. Public administration education and health,133,125,24,101,8,4,4
S01008826,R S T U. Other,22,16,5,11,6,1,5
S01008827,All people aged 16 to 74 in employment,321,252,73,179,69,20,49
S01008827,A B D E. Agriculture energy and water,3,3,0,3,0,0,0
S01008827,C. Manufacturing,17,17,1,16,0,0,0
S01008827,F. Construction,8,6,2,4,2,0,2
S01008827,G I. Distribution hotels and restaurants,28,23,13,10,5,2,3
S01008827,H J. Transport and communication,35,22,2,20,13,3,10
S01008827,K L M N. Financial real estate professional and administrative activities,106,75,17,58,31,5,26
S01008827,O P Q. Public administration education and health,102,91,37,54,11,8,3
S01008827,R S T U. Other,22,15,1,14,7,2,5
S01008828,All people aged 16 to 74 in employment,478,393,89,304,85,30,55
S01008828,A B D E. Agriculture energy and water,9,9,1,8,0,0,0
S01008828,C. Manufacturing,19,16,1,15,3,0,3
S01008828,F. Construction,18,14,1,13,4,1,3
S01008828,G I. Distribution hotels and restaurants,69,56,31,25,13,3,10
S01008828,H J. Transport and communication,26,20,2,18,6,4,2
S01008828,K L M N. Financial real estate professional and administrative activities,148,112,17,95,36,11,25
S01008828,O P Q. Public administration education and health,162,146,30,116,16,8,8
S01008828,R S T U. Other,27,20,6,14,7,3,4
S01008829,All people aged 16 to 74 in employment,319,273,84,189,46,14,32
S01008829,A B D E. Agriculture energy and water,5,5,1,4,0,0,0
S01008829,C. Manufacturing,9,7,0,7,2,1,1
S01008829,F. Construction,15,10,1,9,5,1,4
S01008829,G I. Distribution hotels and restaurants,50,44,25,19,6,1,5
S01008829,H J. Transport and communication,23,19,2,17,4,1,3
S01008829,K L M N. Financial real estate professional and administrative activities,74,60,10,50,14,6,8
S01008829,O P Q. Public administration education and health,117,108,41,67,9,4,5
S01008829,R S T U. Other,26,20,4,16,6,0,6
S01008830,All people aged 16 to 74 in employment,347,288,73,215,59,13,46
S01008830,A B D E. Agriculture energy and water,5,5,1,4,0,0,0
S01008830,C. Manufacturing,16,14,2,12,2,0,2
S01008830,F. Construction,7,4,1,3,3,0,3
S01008830,G I. Distribution hotels and restaurants,55,44,20,24,11,3,8
S01008830,H J. Transport and communication,23,21,2,19,2,0,2
S01008830,K L M N. Financial real estate professional and administrative activities,95,71,13,58,24,2,22
S01008830,O P Q. Public administration education and health,119,111,28,83,8,5,3
S01008830,R S T U. Other,27,18,6,12,9,3,6
S01008831,All people aged 16 to 74 in employment,345,267,86,181,78,24,54
S01008831,A B D E. Agriculture energy and water,2,1,0,1,1,0,1
S01008831,C. Manufacturing,14,10,2,8,4,0,4
S01008831,F. Construction,14,5,1,4,9,2,7
S01008831,G I. Distribution hotels and restaurants,37,31,17,14,6,2,4
S01008831,H J. Transport and communication,29,21,3,18,8,1,7
S01008831,K L M N. Financial real estate professional and administrative activities,106,74,24,50,32,11,21
S01008831,O P Q. Public administration education and health,126,114,34,80,12,8,4
S01008831,R S T U. Other,17,11,5,6,6,0,6
S01008832,All people aged 16 to 74 in employment,298,238,38,200,60,12,48
S01008832,A B D E. Agriculture energy and water,5,4,0,4,1,0,1
S01008832,C. Manufacturing,14,12,0,12,2,0,2
S01008832,F. Construction,11,7,0,7,4,0,4
S01008832,G I. Distribution hotels and restaurants,44,31,9,22,13,1,12
S01008832,H J. Transport and communication,26,21,5,16,5,0,5
S01008832,K L M N. Financial real estate professional and administrative activities,88,70,6,64,18,4,14
S01008832,O P Q. Public administration education and health,91,79,16,63,12,4,8
S01008832,R S T U. Other,19,14,2,12,5,3,2
S01008833,All people aged 16 to 74 in employment,512,433,88,345,79,29,50
S01008833,A B D E. Agriculture energy and water,14,14,2,12,0,0,0
S01008833,C. Manufacturing,14,12,1,11,2,0,2
S01008833,F. Construction,16,12,3,9,4,1,3
S01008833,G I. Distribution hotels and restaurants,74,59,21,38,15,6,9
S01008833,H J. Transport and communication,30,27,2,25,3,1,2
S01008833,K L M N. Financial real estate professional and administrative activities,146,120,12,108,26,6,20
S01008833,O P Q. Public administration education and health,188,167,40,127,21,10,11
S01008833,R S T U. Other,30,22,7,15,8,5,3
S01008834,All people aged 16 to 74 in employment,578,463,104,359,115,38,77
S01008834,A B D E. Agriculture energy and water,12,12,0,12,0,0,0
S01008834,C. Manufacturing,18,12,0,12,6,0,6
S01008834,F. Construction,20,10,0,10,10,2,8
S01008834,G I. Distribution hotels and restaurants,71,52,22,30,19,4,15
S01008834,H J. Transport and communication,46,32,1,31,14,2,12
S01008834,K L M N. Financial real estate professional and administrative activities,160,118,15,103,42,20,22
S01008834,O P Q. Public administration education and health,215,200,60,140,15,7,8
S01008834,R S T U. Other,36,27,6,21,9,3,6
S01008835,All people aged 16 to 74 in employment,411,371,103,268,40,13,27
S01008835,A B D E. Agriculture energy and water,4,4,1,3,0,0,0
S01008835,C. Manufacturing,20,20,2,18,0,0,0
S01008835,F. Construction,19,14,1,13,5,1,4
S01008835,G I. Distribution hotels and restaurants,63,59,25,34,4,0,4
S01008835,H J. Transport and communication,37,25,6,19,12,6,6
S01008835,K L M N. Financial real estate professional and administrative activities,95,87,20,67,8,2,6
S01008835,O P Q. Public administration education and health,152,145,41,104,7,3,4
S01008835,R S T U. Other,21,17,7,10,4,1,3
S01008836,All people aged 16 to 74 in employment,401,358,83,275,43,6,37
S01008836,A B D E. Agriculture energy and water,6,6,0,6,0,0,0
S01008836,C. Manufacturing,14,13,1,12,1,0,1
S01008836,F. Construction,27,22,2,20,5,1,4
S01008836,G I. Distribution hotels and restaurants,94,85,39,46,9,2,7
S01008836,H J. Transport and communication,31,25,7,18,6,1,5
S01008836,K L M N. Financial real estate professional and administrative activities,113,101,15,86,12,2,10
S01008836,O P Q. Public administration education and health,99,93,15,78,6,0,6
S01008836,R S T U. Other,17,13,4,9,4,0,4
S01008837,All people aged 16 to 74 in employment,723,646,101,545,77,22,55
S01008837,A B D E. Agriculture energy and water,13,11,2,9,2,0,2
S01008837,C. Manufacturing,24,22,2,20,2,0,2
S01008837,F. Construction,19,13,3,10,6,1,5
S01008837,G I. Distribution hotels and restaurants,120,109,39,70,11,3,8
S01008837,H J. Transport and communication,72,58,3,55,14,2,12
S01008837,K L M N. Financial real estate professional and administrative activities,239,220,19,201,19,5,14
S01008837,O P Q. Public administration education and health,186,172,22,150,14,7,7
S01008837,R S T U. Other,50,41,11,30,9,4,5
S01008838,All people aged 16 to 74 in employment,675,594,107,487,81,29,52
S01008838,A B D E. Agriculture energy and water,9,9,1,8,0,0,0
S01008838,C. Manufacturing,30,24,1,23,6,2,4
S01008838,F. Construction,17,11,0,11,6,3,3
S01008838,G I. Distribution hotels and restaurants,122,115,26,89,7,3,4
S01008838,H J. Transport and communication,58,44,6,38,14,3,11
S01008838,K L M N. Financial real estate professional and administrative activities,210,185,17,168,25,7,18
S01008838,O P Q. Public administration education and health,190,177,49,128,13,5,8
S01008838,R S T U. Other,39,29,7,22,10,6,4
S01008839,All people aged 16 to 74 in employment,655,574,110,464,81,30,51
S01008839,A B D E. Agriculture energy and water,3,3,0,3,0,0,0
S01008839,C. Manufacturing,20,17,3,14,3,2,1
S01008839,F. Construction,22,14,2,12,8,1,7
S01008839,G I. Distribution hotels and restaurants,117,104,37,67,13,4,9
S01008839,H J. Transport and communication,53,47,1,46,6,0,6
S01008839,K L M N. Financial real estate professional and administrative activities,187,157,13,144,30,10,20
S01008839,O P Q. Public administration education and health,206,196,44,152,10,8,2
S01008839,R S T U. Other,47,36,10,26,11,5,6
S01008840,All people aged 16 to 74 in employment,646,566,122,444,80,24,56
S01008840,A B D E. Agriculture energy and water,9,8,1,7,1,1,0
S01008840,C. Manufacturing,19,17,1,16,2,1,1
S01008840,F. Construction,16,11,1,10,5,2,3
S01008840,G I. Distribution hotels and restaurants,110,96,39,57,14,6,8
S01008840,H J. Transport and communication,67,60,8,52,7,2,5
S01008840,K L M N. Financial real estate professional and administrative activities,176,152,18,134,24,4,20
S01008840,O P Q. Public administration education and health,198,188,43,145,10,2,8
S01008840,R S T U. Other,51,34,11,23,17,6,11
S01008841,All people aged 16 to 74 in employment,377,329,66,263,48,2,46
S01008841,A B D E. Agriculture energy and water,4,2,0,2,2,0,2
S01008841,C. Manufacturing,14,11,1,10,3,0,3
S01008841,F. Construction,16,9,0,9,7,0,7
S01008841,G I. Distribution hotels and restaurants,86,76,30,46,10,2,8
S01008841,H J. Transport and communication,40,30,2,28,10,0,10
S01008841,K L M N. Financial real estate professional and administrative activities,106,93,9,84,13,0,13
S01008841,O P Q. Public administration education and health,94,92,22,70,2,0,2
S01008841,R S T U. Other,17,16,2,14,1,0,1
S01008842,All people aged 16 to 74 in employment,600,530,112,418,70,17,53
S01008842,A B D E. Agriculture energy and water,11,11,0,11,0,0,0
S01008842,C. Manufacturing,22,20,2,18,2,0,2
S01008842,F. Construction,25,17,2,15,8,0,8
S01008842,G I. Distribution hotels and restaurants,160,144,68,76,16,5,11
S01008842,H J. Transport and communication,47,34,3,31,13,3,10
S01008842,K L M N. Financial real estate professional and administrative activities,167,149,13,136,18,4,14
S01008842,O P Q. Public administration education and health,136,131,11,120,5,1,4
S01008842,R S T U. Other,32,24,13,11,8,4,4
S01008843,All people aged 16 to 74 in employment,631,565,118,447,66,18,48
S01008843,A B D E. Agriculture energy and water,5,5,0,5,0,0,0
S01008843,C. Manufacturing,14,12,2,10,2,1,1
S01008843,F. Construction,6,4,1,3,2,0,2
S01008843,G I. Distribution hotels and restaurants,144,126,50,76,18,3,15
S01008843,H J. Transport and communication,66,56,8,48,10,5,5
S01008843,K L M N. Financial real estate professional and administrative activities,173,158,14,144,15,3,12
S01008843,O P Q. Public administration education and health,174,163,32,131,11,3,8
S01008843,R S T U. Other,49,41,11,30,8,3,5
S01008844,All people aged 16 to 74 in employment,444,399,68,331,45,10,35
S01008844,A B D E. Agriculture energy and water,0,0,0,0,0,0,0
S01008844,C. Manufacturing,10,9,0,9,1,0,1
S01008844,F. Construction,12,7,0,7,5,1,4
S01008844,G I. Distribution hotels and restaurants,88,77,30,47,11,3,8
S01008844,H J. Transport and communication,31,25,3,22,6,0,6
S01008844,K L M N. Financial real estate professional and administrative activities,177,163,16,147,14,3,11
S01008844,O P Q. Public administration education and health,105,99,16,83,6,2,4
S01008844,R S T U. Other,21,19,3,16,2,1,1
S01008845,All people aged 16 to 74 in employment,501,428,110,318,73,15,58
S01008845,A B D E. Agriculture energy and water,6,6,0,6,0,0,0
S01008845,C. Manufacturing,13,12,0,12,1,0,1
S01008845,F. Construction,9,6,1,5,3,0,3
S01008845,G I. Distribution hotels and restaurants,104,92,56,36,12,1,11
S01008845,H J. Transport and communication,31,26,2,24,5,2,3
S01008845,K L M N. Financial real estate professional and administrative activities,169,143,15,128,26,4,22
S01008845,O P Q. Public administration education and health,133,119,26,93,14,3,11
S01008845,R S T U. Other,36,24,10,14,12,5,7
S01008846,All people aged 16 to 74 in employment,482,382,95,287,100,34,66
S01008846,A B D E. Agriculture energy and water,6,5,1,4,1,0,1
S01008846,C. Manufacturing,18,13,0,13,5,1,4
S01008846,F. Construction,12,6,0,6,6,1,5
S01008846,G I. Distribution hotels and restaurants,96,78,44,34,18,7,11
S01008846,H J. Transport and communication,39,27,5,22,12,1,11
S01008846,K L M N. Financial real estate professional and administrative activities,133,104,14,90,29,7,22
S01008846,O P Q. Public administration education and health,136,121,25,96,15,10,5
S01008846,R S T U. Other,42,28,6,22,14,7,7
S01008847,All people aged 16 to 74 in employment,337,266,45,221,71,15,56
S01008847,A B D E. Agriculture energy and water,3,3,0,3,0,0,0
S01008847,C. Manufacturing,13,9,0,9,4,0,4
S01008847,F. Construction,10,4,1,3,6,1,5
S01008847,G I. Distribution hotels and restaurants,59,48,18,30,11,2,9
S01008847,H J. Transport and communication,35,23,3,20,12,3,9
S01008847,K L M N. Financial real estate professional and administrative activities,114,87,10,77,27,3,24
S01008847,O P Q. Public administration education and health,83,78,11,67,5,3,2
S01008847,R S T U. Other,20,14,2,12,6,3,3
S01008848,All people aged 16 to 74 in employment,454,352,71,281,102,22,80
S01008848,A B D E. Agriculture energy and water,9,8,1,7,1,0,1
S01008848,C. Manufacturing,20,15,0,15,5,2,3
S01008848,F. Construction,6,3,1,2,3,0,3
S01008848,G I. Distribution hotels and restaurants,60,51,19,32,9,3,6
S01008848,H J. Transport and communication,34,22,4,18,12,3,9
S01008848,K L M N. Financial real estate professional and administrative activities,157,108,14,94,49,11,38
S01008848,O P Q. Public administration education and health,140,127,27,100,13,1,12
S01008848,R S T U. Other,28,18,5,13,10,2,8
S01008849,All people aged 16 to 74 in employment,442,339,53,286,103,36,67
S01008849,A B D E. Agriculture energy and water,6,4,0,4,2,1,1
S01008849,C. Manufacturing,13,13,1,12,0,0,0
S01008849,F. Construction,14,7,0,7,7,0,7
S01008849,G I. Distribution hotels and restaurants,80,67,25,42,13,6,7
S01008849,H J. Transport and communication,21,17,0,17,4,1,3
S01008849,K L M N. Financial real estate professional and administrative activities,164,125,9,116,39,12,27
S01008849,O P Q. Public administration education and health,103,86,17,69,17,7,10
S01008849,R S T U. Other,41,20,1,19,21,9,12
S01008850,All people aged 16 to 74 in employment,424,315,53,262,109,34,75
S01008850,A B D E. Agriculture energy and water,10,8,0,8,2,0,2
S01008850,C. Manufacturing,14,10,2,8,4,2,2
S01008850,F. Construction,14,7,0,7,7,2,5
S01008850,G I. Distribution hotels and restaurants,52,40,15,25,12,7,5
S01008850,H J. Transport and communication,27,20,3,17,7,4,3
S01008850,K L M N. Financial real estate professional and administrative activities,171,128,12,116,43,11,32
S01008850,O P Q. Public administration education and health,96,80,11,69,16,5,11
S01008850,R S T U. Other,40,22,10,12,18,3,15
S01008851,All people aged 16 to 74 in employment,586,463,72,391,123,40,83
S01008851,A B D E. Agriculture energy and water,10,4,0,4,6,0,6
S01008851,C. Manufacturing,17,13,3,10,4,0,4
S01008851,F. Construction,14,11,0,11,3,1,2
S01008851,G I. Distribution hotels and restaurants,99,90,25,65,9,1,8
S01008851,H J. Transport and communication,47,32,2,30,15,3,12
S01008851,K L M N. Financial real estate professional and administrative activities,201,158,14,144,43,12,31
S01008851,O P Q. Public administration education and health,152,129,20,109,23,13,10
S01008851,R S T U. Other,46,26,8,18,20,10,10
S01008852,All people aged 16 to 74 in employment,542,385,81,304,157,49,108
S01008852,A B D E. Agriculture energy and water,9,7,1,6,2,1,1
S01008852,C. Manufacturing,20,20,1,19,0,0,0
S01008852,F. Construction,8,6,1,5,2,0,2
S01008852,G I. Distribution hotels and restaurants,88,64,29,35,24,6,18
S01008852,H J. Transport and communication,35,24,9,15,11,3,8
S01008852,K L M N. Financial real estate professional and administrative activities,213,137,12,125,76,18,58
S01008852,O P Q. Public administration education and health,139,110,25,85,29,14,15
S01008852,R S T U. Other,30,17,3,14,13,7,6
S01008853,All people aged 16 to 74 in employment,450,379,73,306,71,23,48
S01008853,A B D E. Agriculture energy and water,10,9,1,8,1,1,0
S01008853,C. Manufacturing,17,16,1,15,1,0,1
S01008853,F. Construction,6,4,1,3,2,0,2
S01008853,G I. Distribution hotels and restaurants,84,72,29,43,12,1,11
S01008853,H J. Transport and communication,42,33,4,29,9,3,6
S01008853,K L M N. Financial real estate professional and administrative activities,130,108,12,96,22,10,12
S01008853,O P Q. Public administration education and health,132,119,20,99,13,3,10
S01008853,R S T U. Other,29,18,5,13,11,5,6
S01008854,All people aged 16 to 74 in employment,541,407,64,343,134,34,100
S01008854,A B D E. Agriculture energy and water,8,6,0,6,2,0,2
S01008854,C. Manufacturing,15,12,1,11,3,1,2
S01008854,F. Construction,18,12,1,11,6,2,4
S01008854,G I. Distribution hotels and restaurants,76,64,29,35,12,3,9
S01008854,H J. Transport and communication,33,21,3,18,12,0,12
S01008854,K L M N. Financial real estate professional and administrative activities,192,143,4,139,49,13,36
S01008854,O P Q. Public administration education and health,161,128,20,108,33,11,22
S01008854,R S T U. Other,38,21,6,15,17,4,13
S01008855,All people aged 16 to 74 in employment,712,593,68,525,119,25,94
S01008855,A B D E. Agriculture energy and water,3,3,0,3,0,0,0
S01008855,C. Manufacturing,26,22,0,22,4,1,3
S01008855,F. Construction,18,10,2,8,8,1,7
S01008855,G I. Distribution hotels and restaurants,96,80,19,61,16,0,16
S01008855,H J. Transport and communication,58,40,2,38,18,2,16
S01008855,K L M N. Financial real estate professional and administrative activities,265,224,17,207,41,11,30
S01008855,O P Q. Public administration education and health,204,184,20,164,20,7,13
S01008855,R S T U. Other,42,30,8,22,12,3,9
S01008856,All people aged 16 to 74 in employment,391,338,56,282,53,26,27
S01008856,A B D E. Agriculture energy and water,10,10,2,8,0,0,0
S01008856,C. Manufacturing,10,6,0,6,4,2,2
S01008856,F. Construction,5,4,0,4,1,1,0
S01008856,G I. Distribution hotels and restaurants,65,55,22,33,10,3,7
S01008856,H J. Transport and communication,33,25,1,24,8,1,7
S01008856,K L M N. Financial real estate professional and administrative activities,130,116,8,108,14,7,7
S01008856,O P Q. Public administration education and health,110,99,19,80,11,8,3
S01008856,R S T U. Other,28,23,4,19,5,4,1
S01008857,All people aged 16 to 74 in employment,524,439,96,343,85,24,61
S01008857,A B D E. Agriculture energy and water,3,3,0,3,0,0,0
S01008857,C. Manufacturing,8,8,0,8,0,0,0
S01008857,F. Construction,19,12,0,12,7,1,6
S01008857,G I. Distribution hotels and restaurants,82,73,31,42,9,3,6
S01008857,H J. Transport and communication,44,33,5,28,11,1,10
S01008857,K L M N. Financial real estate professional and administrative activities,148,125,10,115,23,3,20
S01008857,O P Q. Public administration education and health,185,164,44,120,21,7,14
S01008857,R S T U. Other,35,21,6,15,14,9,5
S01008858,All people aged 16 to 74 in employment,353,275,51,224,78,26,52
S01008858,A B D E. Agriculture energy and water,3,3,0,3,0,0,0
S01008858,C. Manufacturing,8,6,0,6,2,0,2
S01008858,F. Construction,5,3,0,3,2,0,2
S01008858,G I. Distribution hotels and restaurants,33,27,11,16,6,1,5
S01008858,H J. Transport and communication,28,17,4,13,11,3,8
S01008858,K L M N. Financial real estate professional and administrative activities,120,92,6,86,28,8,20
S01008858,O P Q. Public administration education and health,113,99,22,77,14,6,8
S01008858,R S T U. Other,43,28,8,20,15,8,7
S01008859,All people aged 16 to 74 in employment,710,588,72,516,122,30,92
S01008859,A B D E. Agriculture energy and water,9,8,2,6,1,0,1
S01008859,C. Manufacturing,24,20,0,20,4,0,4
S01008859,F. Construction,18,11,1,10,7,1,6
S01008859,G I. Distribution hotels and restaurants,120,106,24,82,14,5,9
S01008859,H J. Transport and communication,53,33,3,30,20,4,16
S01008859,K L M N. Financial real estate professional and administrative activities,269,225,13,212,44,7,37
S01008859,O P Q. Public administration education and health,176,157,26,131,19,9,10
S01008859,R S T U. Other,41,28,3,25,13,4,9
S01008860,All people aged 16 to 74 in employment,555,488,90,398,67,12,55
S01008860,A B D E. Agriculture energy and water,9,8,1,7,1,0,1
S01008860,C. Manufacturing,11,11,2,9,0,0,0
S01008860,F. Construction,13,6,1,5,7,1,6
S01008860,G I. Distribution hotels and restaurants,88,79,26,53,9,0,9
S01008860,H J. Transport and communication,42,35,7,28,7,2,5
S01008860,K L M N. Financial real estate professional and administrative activities,169,145,11,134,24,7,17
S01008860,O P Q. Public administration education and health,189,175,36,139,14,2,12
S01008860,R S T U. Other,34,29,6,23,5,0,5
S01008861,All people aged 16 to 74 in employment,415,294,66,228,121,35,86
S01008861,A B D E. Agriculture energy and water,5,4,0,4,1,0,1
S01008861,C. Manufacturing,20,16,1,15,4,2,2
S01008861,F. Construction,8,2,0,2,6,0,6
S01008861,G I. Distribution hotels and restaurants,58,42,21,21,16,5,11
S01008861,H J. Transport and communication,26,21,2,19,5,2,3
S01008861,K L M N. Financial real estate professional and administrative activities,165,102,12,90,63,12,51
S01008861,O P Q. Public administration education and health,116,96,28,68,20,10,10
S01008861,R S T U. Other,17,11,2,9,6,4,2
S01008862,All people aged 16 to 74 in employment,631,527,75,452,104,32,72
S01008862,A B D E. Agriculture energy and water,8,6,0,6,2,1,1
S01008862,C. Manufacturing,19,15,0,15,4,2,2
S01008862,F. Construction,19,10,0,10,9,1,8
S01008862,G I. Distribution hotels and restaurants,59,51,17,34,8,2,6
S01008862,H J. Transport and communication,42,31,6,25,11,2,9
S01008862,K L M N. Financial real estate professional and administrative activities,234,202,14,188,32,9,23
S01008862,O P Q. Public administration education and health,203,183,31,152,20,9,11
S01008862,R S T U. Other,47,29,7,22,18,6,12
S01008863,All people aged 16 to 74 in employment,471,398,62,336,73,18,55
S01008863,A B D E. Agriculture energy and water,4,4,0,4,0,0,0
S01008863,C. Manufacturing,17,14,0,14,3,1,2
S01008863,F. Construction,11,4,1,3,7,1,6
S01008863,G I. Distribution hotels and restaurants,59,44,14,30,15,3,12
S01008863,H J. Transport and communication,21,20,1,19,1,0,1
S01008863,K L M N. Financial real estate professional and administrative activities,190,161,12,149,29,6,23
S01008863,O P Q. Public administration education and health,138,126,29,97,12,4,8
S01008863,R S T U. Other,31,25,5,20,6,3,3
S01008864,All people aged 16 to 74 in employment,418,368,47,321,50,14,36
S01008864,A B D E. Agriculture energy and water,6,6,2,4,0,0,0
S01008864,C. Manufacturing,9,8,1,7,1,1,0
S01008864,F. Construction,7,4,1,3,3,1,2
S01008864,G I. Distribution hotels and restaurants,41,35,11,24,6,1,5
S01008864,H J. Transport and communication,34,25,1,24,9,3,6
S01008864,K L M N. Financial real estate professional and administrative activities,132,116,9,107,16,2,14
S01008864,O P Q. Public administration education and health,165,153,17,136,12,5,7
S01008864,R S T U. Other,24,21,5,16,3,1,2
S01008865,All people aged 16 to 74 in employment,501,445,87,358,56,25,31
S01008865,A B D E. Agriculture energy and water,3,3,0,3,0,0,0
S01008865,C. Manufacturing,14,13,0,13,1,0,1
S01008865,F. Construction,15,14,1,13,1,1,0
S01008865,G I. Distribution hotels and restaurants,67,65,30,35,2,1,1
S01008865,H J. Transport and communication,33,26,1,25,7,2,5
S01008865,K L M N. Financial real estate professional and administrative activities,172,151,11,140,21,6,15
S01008865,O P Q. Public administration education and health,160,146,37,109,14,11,3
S01008865,R S T U. Other,37,27,7,20,10,4,6
S01008866,All people aged 16 to 74 in employment,552,466,48,418,86,27,59
S01008866,A B D E. Agriculture energy and water,7,6,0,6,1,0,1
S01008866,C. Manufacturing,20,16,0,16,4,1,3
S01008866,F. Construction,11,8,0,8,3,0,3
S01008866,G I. Distribution hotels and restaurants,58,43,10,33,15,4,11
S01008866,H J. Transport and communication,46,33,2,31,13,3,10
S01008866,K L M N. Financial real estate professional and administrative activities,193,172,8,164,21,3,18
S01008866,O P Q. Public administration education and health,181,162,25,137,19,10,9
S01008866,R S T U. Other,36,26,3,23,10,6,4
S01008867,All people aged 16 to 74 in employment,486,388,62,326,98,29,69
S01008867,A B D E. Agriculture energy and water,7,6,1,5,1,0,1
S01008867,C. Manufacturing,18,15,0,15,3,0,3
S01008867,F. Construction,10,8,1,7,2,1,1
S01008867,G I. Distribution hotels and restaurants,57,41,13,28,16,4,12
S01008867,H J. Transport and communication,43,31,3,28,12,4,8
S01008867,K L M N. Financial real estate professional and administrative activities,191,148,11,137,43,12,31
S01008867,O P Q. Public administration education and health,139,123,27,96,16,7,9
S01008867,R S T U. Other,21,16,6,10,5,1,4
S01008868,All people aged 16 to 74 in employment,525,430,78,352,95,28,67
S01008868,A B D E. Agriculture energy and water,10,10,0,10,0,0,0
S01008868,C. Manufacturing,16,14,0,14,2,2,0
S01008868,F. Construction,6,1,0,1,5,0,5
S01008868,G I. Distribution hotels and restaurants,148,141,47,94,7,0,7
S01008868,H J. Transport and communication,31,23,1,22,8,3,5
S01008868,K L M N. Financial real estate professional and administrative activities,160,120,12,108,40,13,27
S01008868,O P Q. Public administration education and health,124,103,12,91,21,8,13
S01008868,R S T U. Other,30,18,6,12,12,2,10
S01008869,All people aged 16 to 74 in employment,618,490,86,404,128,34,94
S01008869,A B D E. Agriculture energy and water,15,14,0,14,1,0,1
S01008869,C. Manufacturing,26,23,0,23,3,0,3
S01008869,F. Construction,22,19,0,19,3,1,2
S01008869,G I. Distribution hotels and restaurants,65,46,16,30,19,8,11
S01008869,H J. Transport and communication,56,41,3,38,15,3,12
S01008869,K L M N. Financial real estate professional and administrative activities,224,178,16,162,46,10,36
S01008869,O P Q. Public administration education and health,170,144,45,99,26,9,17
S01008869,R S T U. Other,40,25,6,19,15,3,12
S01008870,All people aged 16 to 74 in employment,485,392,70,322,93,26,67
S01008870,A B D E. Agriculture energy and water,6,4,1,3,2,0,2
S01008870,C. Manufacturing,29,25,0,25,4,1,3
S01008870,F. Construction,16,14,2,12,2,0,2
S01008870,G I. Distribution hotels and restaurants,65,53,12,41,12,3,9
S01008870,H J. Transport and communication,38,26,6,20,12,3,9
S01008870,K L M N. Financial real estate professional and administrative activities,183,142,14,128,41,12,29
S01008870,O P Q. Public administration education and health,119,103,28,75,16,7,9
S01008870,R S T U. Other,29,25,7,18,4,0,4
S01008871,All people aged 16 to 74 in employment,644,523,117,406,121,42,79
S01008871,A B D E. Agriculture energy and water,12,8,0,8,4,1,3
S01008871,C. Manufacturing,34,28,2,26,6,3,3
S01008871,F. Construction,21,13,1,12,8,4,4
S01008871,G I. Distribution hotels and restaurants,116,101,47,54,15,6,9
S01008871,H J. Transport and communication,41,32,4,28,9,3,6
S01008871,K L M N. Financial real estate professional and administrative activities,215,171,20,151,44,14,30
S01008871,O P Q. Public administration education and health,160,137,30,107,23,8,15
S01008871,R S T U. Other,45,33,13,20,12,3,9
S01008872,All people aged 16 to 74 in employment,508,417,108,309,91,27,64
S01008872,A B D E. Agriculture energy and water,5,3,0,3,2,1,1
S01008872,C. Manufacturing,17,12,0,12,5,1,4
S01008872,F. Construction,22,12,3,9,10,3,7
S01008872,G I. Distribution hotels and restaurants,108,99,60,39,9,4,5
S01008872,H J. Transport and communication,45,35,7,28,10,2,8
S01008872,K L M N. Financial real estate professional and administrative activities,199,163,15,148,36,7,29
S01008872,O P Q. Public administration education and health,88,76,16,60,12,7,5
S01008872,R S T U. Other,24,17,7,10,7,2,5
S01008873,All people aged 16 to 74 in employment,404,299,57,242,105,31,74
S01008873,A B D E. Agriculture energy and water,4,2,0,2,2,0,2
S01008873,C. Manufacturing,16,15,1,14,1,0,1
S01008873,F. Construction,17,9,0,9,8,4,4
S01008873,G I. Distribution hotels and restaurants,58,42,15,27,16,3,13
S01008873,H J. Transport and communication,32,22,2,20,10,1,9
S01008873,K L M N. Financial real estate professional and administrative activities,148,108,15,93,40,11,29
S01008873,O P Q. Public administration education and health,107,85,22,63,22,9,13
S01008873,R S T U. Other,22,16,2,14,6,3,3
S01008874,All people aged 16 to 74 in employment,512,436,66,370,76,22,54
S01008874,A B D E. Agriculture energy and water,10,10,1,9,0,0,0
S01008874,C. Manufacturing,11,10,0,10,1,0,1
S01008874,F. Construction,15,11,0,11,4,1,3
S01008874,G I. Distribution hotels and restaurants,83,67,31,36,16,3,13
S01008874,H J. Transport and communication,56,42,7,35,14,6,8
S01008874,K L M N. Financial real estate professional and administrative activities,182,157,11,146,25,4,21
S01008874,O P Q. Public administration education and health,124,118,16,102,6,3,3
S01008874,R S T U. Other,31,21,0,21,10,5,5
S01008875,All people aged 16 to 74 in employment,499,443,82,361,56,13,43
S01008875,A B D E. Agriculture energy and water,5,5,0,5,0,0,0
S01008875,C. Manufacturing,19,18,0,18,1,0,1
S01008875,F. Construction,13,9,0,9,4,0,4
S01008875,G I. Distribution hotels and restaurants,88,85,26,59,3,0,3
S01008875,H J. Transport and communication,51,35,6,29,16,3,13
S01008875,K L M N. Financial real estate professional and administrative activities,147,131,13,118,16,4,12
S01008875,O P Q. Public administration education and health,142,133,31,102,9,2,7
S01008875,R S T U. Other,34,27,6,21,7,4,3
S01008876,All people aged 16 to 74 in employment,279,236,76,160,43,16,27
S01008876,A B D E. Agriculture energy and water,2,2,0,2,0,0,0
S01008876,C. Manufacturing,9,9,0,9,0,0,0
S01008876,F. Construction,12,7,1,6,5,0,5
S01008876,G I. Distribution hotels and restaurants,42,36,20,16,6,2,4
S01008876,H J. Transport and communication,24,20,1,19,4,0,4
S01008876,K L M N. Financial real estate professional and administrative activities,75,61,12,49,14,7,7
S01008876,O P Q. Public administration education and health,100,90,36,54,10,6,4
S01008876,R S T U. Other,15,11,6,5,4,1,3
S01008877,All people aged 16 to 74 in employment,293,242,57,185,51,11,40
S01008877,A B D E. Agriculture energy and water,6,5,1,4,1,1,0
S01008877,C. Manufacturing,9,6,0,6,3,1,2
S01008877,F. Construction,18,12,1,11,6,0,6
S01008877,G I. Distribution hotels and restaurants,31,27,17,10,4,0,4
S01008877,H J. Transport and communication,25,20,4,16,5,1,4
S01008877,K L M N. Financial real estate professional and administrative activities,100,84,13,71,16,3,13
S01008877,O P Q. Public administration education and health,91,80,19,61,11,2,9
S01008877,R S T U. Other,13,8,2,6,5,3,2
S01008878,All people aged 16 to 74 in employment,421,358,113,245,63,24,39
S01008878,A B D E. Agriculture energy and water,8,8,2,6,0,0,0
S01008878,C. Manufacturing,15,12,2,10,3,0,3
S01008878,F. Construction,34,16,2,14,18,4,14
S01008878,G I. Distribution hotels and restaurants,84,73,36,37,11,3,8
S01008878,H J. Transport and communication,31,23,9,14,8,4,4
S01008878,K L M N. Financial real estate professional and administrative activities,96,84,17,67,12,4,8
S01008878,O P Q. Public administration education and health,134,126,39,87,8,7,1
S01008878,R S T U. Other,19,16,6,10,3,2,1
S01008879,All people aged 16 to 74 in employment,428,384,93,291,44,19,25
S01008879,A B D E. Agriculture energy and water,6,6,2,4,0,0,0
S01008879,C. Manufacturing,17,15,0,15,2,1,1
S01008879,F. Construction,28,20,5,15,8,3,5
S01008879,G I. Distribution hotels and restaurants,54,52,23,29,2,0,2
S01008879,H J. Transport and communication,42,29,5,24,13,3,10
S01008879,K L M N. Financial real estate professional and administrative activities,118,111,24,87,7,3,4
S01008879,O P Q. Public administration education and health,147,139,29,110,8,6,2
S01008879,R S T U. Other,16,12,5,7,4,3,1
S01008880,All people aged 16 to 74 in employment,332,296,71,225,36,11,25
S01008880,A B D E. Agriculture energy and water,5,5,0,5,0,0,0
S01008880,C. Manufacturing,16,15,1,14,1,0,1
S01008880,F. Construction,12,5,0,5,7,2,5
S01008880,G I. Distribution hotels and restaurants,43,38,18,20,5,3,2
S01008880,H J. Transport and communication,30,26,4,22,4,1,3
S01008880,K L M N. Financial real estate professional and administrative activities,107,94,17,77,13,2,11
S01008880,O P Q. Public administration education and health,107,102,27,75,5,3,2
S01008880,R S T U. Other,12,11,4,7,1,0,1
S01008881,All people aged 16 to 74 in employment,244,188,51,137,56,15,41
S01008881,A B D E. Agriculture energy and water,2,2,1,1,0,0,0
S01008881,C. Manufacturing,14,12,0,12,2,1,1
S01008881,F. Construction,8,6,0,6,2,0,2
S01008881,G I. Distribution hotels and restaurants,27,20,7,13,7,1,6
S01008881,H J. Transport and communication,28,20,5,15,8,2,6
S01008881,K L M N. Financial real estate professional and administrative activities,78,54,13,41,24,6,18
S01008881,O P Q. Public administration education and health,71,66,22,44,5,2,3
S01008881,R S T U. Other,16,8,3,5,8,3,5
S01008882,All people aged 16 to 74 in employment,492,369,76,293,123,29,94
S01008882,A B D E. Agriculture energy and water,6,3,0,3,3,0,3
S01008882,C. Manufacturing,21,19,3,16,2,1,1
S01008882,F. Construction,14,10,3,7,4,0,4
S01008882,G I. Distribution hotels and restaurants,49,45,17,28,4,1,3
S01008882,H J. Transport and communication,38,31,3,28,7,2,5
S01008882,K L M N. Financial real estate professional and administrative activities,212,137,17,120,75,11,64
S01008882,O P Q. Public administration education and health,129,104,28,76,25,12,13
S01008882,R S T U. Other,23,20,5,15,3,2,1
S01008883,All people aged 16 to 74 in employment,377,270,68,202,107,40,67
S01008883,A B D E. Agriculture energy and water,6,6,0,6,0,0,0
S01008883,C. Manufacturing,14,13,2,11,1,1,0
S01008883,F. Construction,16,10,2,8,6,3,3
S01008883,G I. Distribution hotels and restaurants,43,29,8,21,14,3,11
S01008883,H J. Transport and communication,23,17,2,15,6,3,3
S01008883,K L M N. Financial real estate professional and administrative activities,135,86,15,71,49,15,34
S01008883,O P Q. Public administration education and health,126,99,37,62,27,15,12
S01008883,R S T U. Other,14,10,2,8,4,0,4
S01008884,All people aged 16 to 74 in employment,272,206,59,147,66,19,47
S01008884,A B D E. Agriculture energy and water,5,3,0,3,2,0,2
S01008884,C. Manufacturing,8,5,0,5,3,2,1
S01008884,F. Construction,13,8,0,8,5,1,4
S01008884,G I. Distribution hotels and restaurants,33,26,9,17,7,2,5
S01008884,H J. Transport and communication,14,9,2,7,5,2,3
S01008884,K L M N. Financial real estate professional and administrative activities,106,73,17,56,33,6,27
S01008884,O P Q. Public administration education and health,80,72,27,45,8,4,4
S01008884,R S T U. Other,13,10,4,6,3,2,1
S01008885,All people aged 16 to 74 in employment,403,317,97,220,86,20,66
S01008885,A B D E. Agriculture energy and water,8,7,2,5,1,0,1
S01008885,C. Manufacturing,27,26,3,23,1,0,1
S01008885,F. Construction,19,15,5,10,4,0,4
S01008885,G I. Distribution hotels and restaurants,40,27,15,12,13,1,12
S01008885,H J. Transport and communication,18,14,2,12,4,3,1
S01008885,K L M N. Financial real estate professional and administrative activities,143,104,22,82,39,8,31
S01008885,O P Q. Public administration education and health,132,115,44,71,17,8,9
S01008885,R S T U. Other,16,9,4,5,7,0,7
S01008886,All people aged 16 to 74 in employment,417,361,76,285,56,14,42
S01008886,A B D E. Agriculture energy and water,2,2,0,2,0,0,0
S01008886,C. Manufacturing,12,11,0,11,1,0,1
S01008886,F. Construction,13,7,2,5,6,0,6
S01008886,G I. Distribution hotels and restaurants,71,64,28,36,7,0,7
S01008886,H J. Transport and communication,33,25,3,22,8,1,7
S01008886,K L M N. Financial real estate professional and administrative activities,146,129,9,120,17,4,13
S01008886,O P Q. Public administration education and health,118,109,30,79,9,5,4
S01008886,R S T U. Other,22,14,4,10,8,4,4
S01008887,All people aged 16 to 74 in employment,377,321,95,226,56,17,39
S01008887,A B D E. Agriculture energy and water,12,11,2,9,1,0,1
S01008887,C. Manufacturing,17,16,1,15,1,1,0
S01008887,F. Construction,16,11,0,11,5,0,5
S01008887,G I. Distribution hotels and restaurants,46,35,17,18,11,4,7
S01008887,H J. Transport and communication,19,15,4,11,4,0,4
S01008887,K L M N. Financial real estate professional and administrative activities,114,94,23,71,20,2,18
S01008887,O P Q. Public administration education and health,138,129,46,83,9,7,2
S01008887,R S T U. Other,15,10,2,8,5,3,2
S01008888,All people aged 16 to 74 in employment,385,337,51,286,48,12,36
S01008888,A B D E. Agriculture energy and water,2,1,0,1,1,0,1
S01008888,C. Manufacturing,15,14,0,14,1,1,0
S01008888,F. Construction,3,2,0,2,1,0,1
S01008888,G I. Distribution hotels and restaurants,37,32,7,25,5,1,4
S01008888,H J. Transport and communication,37,32,3,29,5,3,2
S01008888,K L M N. Financial real estate professional and administrative activities,124,105,9,96,19,5,14
S01008888,O P Q. Public administration education and health,139,129,29,100,10,2,8
S01008888,R S T U. Other,28,22,3,19,6,0,6
S01008889,All people aged 16 to 74 in employment,310,261,63,198,49,10,39
S01008889,A B D E. Agriculture energy and water,2,2,1,1,0,0,0
S01008889,C. Manufacturing,10,9,0,9,1,1,0
S01008889,F. Construction,21,10,2,8,11,0,11
S01008889,G I. Distribution hotels and restaurants,54,51,17,34,3,1,2
S01008889,H J. Transport and communication,27,16,1,15,11,1,10
S01008889,K L M N. Financial real estate professional and administrative activities,95,82,11,71,13,2,11
S01008889,O P Q. Public administration education and health,85,77,24,53,8,4,4
S01008889,R S T U. Other,16,14,7,7,2,1,1
S01008890,All people aged 16 to 74 in employment,343,290,100,190,53,9,44
S01008890,A B D E. Agriculture energy and water,3,3,0,3,0,0,0
S01008890,C. Manufacturing,11,8,1,7,3,1,2
S01008890,F. Construction,17,6,0,6,11,0,11
S01008890,G I. Distribution hotels and restaurants,53,44,27,17,9,1,8
S01008890,H J. Transport and communication,31,21,2,19,10,2,8
S01008890,K L M N. Financial real estate professional and administrative activities,80,66,20,46,14,3,11
S01008890,O P Q. Public administration education and health,129,126,42,84,3,1,2
S01008890,R S T U. Other,19,16,8,8,3,1,2
S01008891,All people aged 16 to 74 in employment,363,299,97,202,64,20,44
S01008891,A B D E. Agriculture energy and water,4,4,0,4,0,0,0
S01008891,C. Manufacturing,11,9,2,7,2,0,2
S01008891,F. Construction,14,10,0,10,4,1,3
S01008891,G I. Distribution hotels and restaurants,64,48,27,21,16,4,12
S01008891,H J. Transport and communication,18,12,2,10,6,2,4
S01008891,K L M N. Financial real estate professional and administrative activities,93,76,12,64,17,3,14
S01008891,O P Q. Public administration education and health,132,123,46,77,9,7,2
S01008891,R S T U. Other,27,17,8,9,10,3,7
S01008892,All people aged 16 to 74 in employment,466,400,94,306,66,26,40
S01008892,A B D E. Agriculture energy and water,2,2,0,2,0,0,0
S01008892,C. Manufacturing,15,15,1,14,0,0,0
S01008892,F. Construction,26,15,1,14,11,2,9
S01008892,G I. Distribution hotels and restaurants,61,57,25,32,4,1,3
S01008892,H J. Transport and communication,40,34,4,30,6,2,4
S01008892,K L M N. Financial real estate professional and administrative activities,128,109,18,91,19,6,13
S01008892,O P Q. Public administration education and health,165,146,39,107,19,12,7
S01008892,R S T U. Other,29,22,6,16,7,3,4
S01008893,All people aged 16 to 74 in employment,436,354,104,250,82,20,62
S01008893,A B D E. Agriculture energy and water,6,5,0,5,1,0,1
S01008893,C. Manufacturing,15,12,1,11,3,0,3
S01008893,F. Construction,16,10,0,10,6,2,4
S01008893,G I. Distribution hotels and restaurants,60,49,25,24,11,4,7
S01008893,H J. Transport and communication,36,27,7,20,9,0,9
S01008893,K L M N. Financial real estate professional and administrative activities,154,116,19,97,38,8,30
S01008893,O P Q. Public administration education and health,130,122,44,78,8,4,4
S01008893,R S T U. Other,19,13,8,5,6,2,4
S01008894,All people aged 16 to 74 in employment,399,311,95,216,88,32,56
S01008894,A B D E. Agriculture energy and water,6,6,1,5,0,0,0
S01008894,C. Manufacturing,16,15,2,13,1,0,1
S01008894,F. Construction,21,13,1,12,8,3,5
S01008894,G I. Distribution hotels and restaurants,59,48,26,22,11,1,10
S01008894,H J. Transport and communication,22,17,2,15,5,1,4
S01008894,K L M N. Financial real estate professional and administrative activities,133,99,24,75,34,11,23
S01008894,O P Q. Public administration education and health,121,98,33,65,23,12,11
S01008894,R S T U. Other,21,15,6,9,6,4,2
S01008895,All people aged 16 to 74 in employment,314,252,76,176,62,14,48
S01008895,A B D E. Agriculture energy and water,8,8,0,8,0,0,0
S01008895,C. Manufacturing,18,15,1,14,3,0,3
S01008895,F. Construction,17,11,1,10,6,1,5
S01008895,G I. Distribution hotels and restaurants,37,25,13,12,12,2,10
S01008895,H J. Transport and communication,17,13,3,10,4,0,4
S01008895,K L M N. Financial real estate professional and administrative activities,117,90,21,69,27,7,20
S01008895,O P Q. Public administration education and health,90,82,33,49,8,3,5
S01008895,R S T U. Other,10,8,4,4,2,1,1
S01008896,All people aged 16 to 74 in employment,258,228,48,180,30,3,27
S01008896,A B D E. Agriculture energy and water,4,4,0,4,0,0,0
S01008896,C. Manufacturing,17,17,0,17,0,0,0
S01008896,F. Construction,9,6,0,6,3,0,3
S01008896,G I. Distribution hotels and restaurants,23,18,6,12,5,0,5
S01008896,H J. Transport and communication,15,7,1,6,8,2,6
S01008896,K L M N. Financial real estate professional and administrative activities,106,98,15,83,8,1,7
S01008896,O P Q. Public administration education and health,71,66,21,45,5,0,5
S01008896,R S T U. Other,13,12,5,7,1,0,1
S01008897,All people aged 16 to 74 in employment,303,255,69,186,48,12,36
S01008897,A B D E. Agriculture energy and water,4,4,0,4,0,0,0
S01008897,C. Manufacturing,18,16,2,14,2,1,1
S01008897,F. Construction,11,9,1,8,2,0,2
S01008897,G I. Distribution hotels and restaurants,41,35,13,22,6,0,6
S01008897,H J. Transport and communication,19,12,2,10,7,3,4
S01008897,K L M N. Financial real estate professional and administrative activities,98,78,12,66,20,5,15
S01008897,O P Q. Public administration education and health,103,94,37,57,9,1,8
S01008897,R S T U. Other,9,7,2,5,2,2,0
S01008898,All people aged 16 to 74 in employment,389,308,102,206,81,26,55
S01008898,A B D E. Agriculture energy and water,6,6,0,6,0,0,0
S01008898,C. Manufacturing,19,18,2,16,1,0,1
S01008898,F. Construction,22,9,2,7,13,2,11
S01008898,G I. Distribution hotels and restaurants,63,52,25,27,11,4,7
S01008898,H J. Transport and communication,28,19,1,18,9,2,7
S01008898,K L M N. Financial real estate professional and administrative activities,109,87,21,66,22,5,17
S01008898,O P Q. Public administration education and health,122,105,49,56,17,9,8
S01008898,R S T U. Other,20,12,2,10,8,4,4
S01008899,All people aged 16 to 74 in employment,334,296,100,196,38,12,26
S01008899,A B D E. Agriculture energy and water,8,6,1,5,2,0,2
S01008899,C. Manufacturing,10,9,0,9,1,0,1
S01008899,F. Construction,21,13,2,11,8,1,7
S01008899,G I. Distribution hotels and restaurants,86,79,43,36,7,3,4
S01008899,H J. Transport and communication,24,17,1,16,7,1,6
S01008899,K L M N. Financial real estate professional and administrative activities,64,58,17,41,6,4,2
S01008899,O P Q. Public administration education and health,98,94,33,61,4,2,2
S01008899,R S T U. Other,23,20,3,17,3,1,2
S01008900,All people aged 16 to 74 in employment,472,436,118,318,36,14,22
S01008900,A B D E. Agriculture energy and water,11,9,1,8,2,1,1
S01008900,C. Manufacturing,21,21,3,18,0,0,0
S01008900,F. Construction,27,23,1,22,4,1,3
S01008900,G I. Distribution hotels and restaurants,124,118,52,66,6,3,3
S01008900,H J. Transport and communication,40,32,4,28,8,1,7
S01008900,K L M N. Financial real estate professional and administrative activities,84,78,22,56,6,4,2
S01008900,O P Q. Public administration education and health,144,139,33,106,5,2,3
S01008900,R S T U. Other,21,16,2,14,5,2,3
S01008901,All people aged 16 to 74 in employment,371,331,98,233,40,11,29
S01008901,A B D E. Agriculture energy and water,6,6,0,6,0,0,0
S01008901,C. Manufacturing,14,14,1,13,0,0,0
S01008901,F. Construction,38,30,0,30,8,3,5
S01008901,G I. Distribution hotels and restaurants,86,81,33,48,5,2,3
S01008901,H J. Transport and communication,35,22,0,22,13,4,9
S01008901,K L M N. Financial real estate professional and administrative activities,45,40,12,28,5,1,4
S01008901,O P Q. Public administration education and health,128,124,46,78,4,0,4
S01008901,R S T U. Other,19,14,6,8,5,1,4
S01008902,All people aged 16 to 74 in employment,470,425,124,301,45,11,34
S01008902,A B D E. Agriculture energy and water,5,5,1,4,0,0,0
S01008902,C. Manufacturing,13,13,1,12,0,0,0
S01008902,F. Construction,34,21,0,21,13,3,10
S01008902,G I. Distribution hotels and restaurants,123,110,46,64,13,1,12
S01008902,H J. Transport and communication,35,28,7,21,7,3,4
S01008902,K L M N. Financial real estate professional and administrative activities,106,99,19,80,7,2,5
S01008902,O P Q. Public administration education and health,137,132,46,86,5,2,3
S01008902,R S T U. Other,17,17,4,13,0,0,0
S01008903,All people aged 16 to 74 in employment,433,401,126,275,32,7,25
S01008903,A B D E. Agriculture energy and water,8,8,2,6,0,0,0
S01008903,C. Manufacturing,18,18,1,17,0,0,0
S01008903,F. Construction,46,31,1,30,15,1,14
S01008903,G I. Distribution hotels and restaurants,102,95,41,54,7,2,5
S01008903,H J. Transport and communication,31,29,3,26,2,1,1
S01008903,K L M N. Financial real estate professional and administrative activities,64,60,25,35,4,1,3
S01008903,O P Q. Public administration education and health,148,145,48,97,3,1,2
S01008903,R S T U. Other,16,15,5,10,1,1,0
S01008904,All people aged 16 to 74 in employment,458,420,137,283,38,11,27
S01008904,A B D E. Agriculture energy and water,5,5,1,4,0,0,0
S01008904,C. Manufacturing,16,15,2,13,1,0,1
S01008904,F. Construction,22,17,1,16,5,1,4
S01008904,G I. Distribution hotels and restaurants,152,142,65,77,10,3,7
S01008904,H J. Transport and communication,32,30,2,28,2,0,2
S01008904,K L M N. Financial real estate professional and administrative activities,94,82,27,55,12,1,11
S01008904,O P Q. Public administration education and health,116,112,35,77,4,2,2
S01008904,R S T U. Other,21,17,4,13,4,4,0
S01008905,All people aged 16 to 74 in employment,420,395,142,253,25,7,18
S01008905,A B D E. Agriculture energy and water,9,9,1,8,0,0,0
S01008905,C. Manufacturing,23,23,3,20,0,0,0
S01008905,F. Construction,29,20,5,15,9,0,9
S01008905,G I. Distribution hotels and restaurants,101,96,49,47,5,2,3
S01008905,H J. Transport and communication,25,21,3,18,4,1,3
S01008905,K L M N. Financial real estate professional and administrative activities,101,99,35,64,2,2,0
S01008905,O P Q. Public administration education and health,109,106,41,65,3,2,1
S01008905,R S T U. Other,23,21,5,16,2,0,2
S01008906,All people aged 16 to 74 in employment,333,305,93,212,28,7,21
S01008906,A B D E. Agriculture energy and water,3,3,0,3,0,0,0
S01008906,C. Manufacturing,16,12,0,12,4,0,4
S01008906,F. Construction,14,11,0,11,3,2,1
S01008906,G I. Distribution hotels and restaurants,104,99,33,66,5,1,4
S01008906,H J. Transport and communication,16,11,2,9,5,0,5
S01008906,K L M N. Financial real estate professional and administrative activities,68,63,20,43,5,2,3
S01008906,O P Q. Public administration education and health,98,96,36,60,2,1,1
S01008906,R S T U. Other,14,10,2,8,4,1,3
S01008907,All people aged 16 to 74 in employment,188,170,69,101,18,10,8
S01008907,A B D E. Agriculture energy and water,5,5,0,5,0,0,0
S01008907,C. Manufacturing,8,5,0,5,3,0,3
S01008907,F. Construction,8,7,1,6,1,1,0
S01008907,G I. Distribution hotels and restaurants,57,55,26,29,2,0,2
S01008907,H J. Transport and communication,8,7,1,6,1,0,1
S01008907,K L M N. Financial real estate professional and administrative activities,47,41,17,24,6,6,0
S01008907,O P Q. Public administration education and health,46,44,20,24,2,2,0
S01008907,R S T U. Other,9,6,4,2,3,1,2
S01008908,All people aged 16 to 74 in employment,393,348,96,252,45,20,25
S01008908,A B D E. Agriculture energy and water,14,14,2,12,0,0,0
S01008908,C. Manufacturing,17,16,0,16,1,0,1
S01008908,F. Construction,29,21,0,21,8,2,6
S01008908,G I. Distribution hotels and restaurants,90,77,38,39,13,6,7
S01008908,H J. Transport and communication,19,16,0,16,3,2,1
S01008908,K L M N. Financial real estate professional and administrative activities,91,83,19,64,8,3,5
S01008908,O P Q. Public administration education and health,112,108,34,74,4,3,1
S01008908,R S T U. Other,21,13,3,10,8,4,4
S01008909,All people aged 16 to 74 in employment,404,370,119,251,34,11,23
S01008909,A B D E. Agriculture energy and water,13,13,0,13,0,0,0
S01008909,C. Manufacturing,22,21,3,18,1,0,1
S01008909,F. Construction,25,20,0,20,5,3,2
S01008909,G I. Distribution hotels and restaurants,105,95,40,55,10,1,9
S01008909,H J. Transport and communication,36,28,5,23,8,1,7
S01008909,K L M N. Financial real estate professional and administrative activities,67,62,13,49,5,3,2
S01008909,O P Q. Public administration education and health,117,116,56,60,1,0,1
S01008909,R S T U. Other,19,15,2,13,4,3,1
S01008910,All people aged 16 to 74 in employment,251,226,56,170,25,8,17
S01008910,A B D E. Agriculture energy and water,6,5,0,5,1,0,1
S01008910,C. Manufacturing,15,14,0,14,1,0,1
S01008910,F. Construction,16,13,0,13,3,0,3
S01008910,G I. Distribution hotels and restaurants,61,54,21,33,7,4,3
S01008910,H J. Transport and communication,25,23,1,22,2,0,2
S01008910,K L M N. Financial real estate professional and administrative activities,44,40,9,31,4,2,2
S01008910,O P Q. Public administration education and health,74,72,21,51,2,0,2
S01008910,R S T U. Other,10,5,4,1,5,2,3
S01008911,All people aged 16 to 74 in employment,584,505,80,425,79,16,63
S01008911,A B D E. Agriculture energy and water,10,10,0,10,0,0,0
S01008911,C. Manufacturing,35,32,0,32,3,2,1
S01008911,F. Construction,27,14,0,14,13,0,13
S01008911,G I. Distribution hotels and restaurants,123,113,38,75,10,4,6
S01008911,H J. Transport and communication,44,28,5,23,16,1,15
S01008911,K L M N. Financial real estate professional and administrative activities,185,168,6,162,17,1,16
S01008911,O P Q. Public administration education and health,123,116,21,95,7,3,4
S01008911,R S T U. Other,37,24,10,14,13,5,8
S01008912,All people aged 16 to 74 in employment,425,360,100,260,65,18,47
S01008912,A B D E. Agriculture energy and water,10,8,0,8,2,0,2
S01008912,C. Manufacturing,17,16,1,15,1,0,1
S01008912,F. Construction,20,10,0,10,10,2,8
S01008912,G I. Distribution hotels and restaurants,68,62,29,33,6,1,5
S01008912,H J. Transport and communication,35,24,3,21,11,2,9
S01008912,K L M N. Financial real estate professional and administrative activities,93,80,17,63,13,2,11
S01008912,O P Q. Public administration education and health,151,143,45,98,8,4,4
S01008912,R S T U. Other,31,17,5,12,14,7,7
S01008913,All people aged 16 to 74 in employment,377,337,75,262,40,14,26
S01008913,A B D E. Agriculture energy and water,14,12,0,12,2,1,1
S01008913,C. Manufacturing,19,18,1,17,1,0,1
S01008913,F. Construction,23,18,0,18,5,1,4
S01008913,G I. Distribution hotels and restaurants,76,71,30,41,5,1,4
S01008913,H J. Transport and communication,29,23,1,22,6,2,4
S01008913,K L M N. Financial real estate professional and administrative activities,110,104,14,90,6,1,5
S01008913,O P Q. Public administration education and health,87,78,25,53,9,4,5
S01008913,R S T U. Other,19,13,4,9,6,4,2
S01008914,All people aged 16 to 74 in employment,439,384,122,262,55,16,39
S01008914,A B D E. Agriculture energy and water,7,7,0,7,0,0,0
S01008914,C. Manufacturing,23,23,3,20,0,0,0
S01008914,F. Construction,43,31,2,29,12,1,11
S01008914,G I. Distribution hotels and restaurants,81,74,34,40,7,1,6
S01008914,H J. Transport and communication,33,22,2,20,11,2,9
S01008914,K L M N. Financial real estate professional and administrative activities,76,66,14,52,10,2,8
S01008914,O P Q. Public administration education and health,150,141,55,86,9,5,4
S01008914,R S T U. Other,26,20,12,8,6,5,1
S01008915,All people aged 16 to 74 in employment,281,234,82,152,47,16,31
S01008915,A B D E. Agriculture energy and water,3,3,0,3,0,0,0
S01008915,C. Manufacturing,10,8,0,8,2,0,2
S01008915,F. Construction,14,5,1,4,9,0,9
S01008915,G I. Distribution hotels and restaurants,50,45,24,21,5,2,3
S01008915,H J. Transport and communication,26,14,2,12,12,2,10
S01008915,K L M N. Financial real estate professional and administrative activities,60,51,14,37,9,6,3
S01008915,O P Q. Public administration education and health,103,96,38,58,7,4,3
S01008915,R S T U. Other,15,12,3,9,3,2,1
S01008916,All people aged 16 to 74 in employment,402,360,121,239,42,12,30
S01008916,A B D E. Agriculture energy and water,7,7,2,5,0,0,0
S01008916,C. Manufacturing,19,16,0,16,3,1,2
S01008916,F. Construction,19,12,1,11,7,2,5
S01008916,G I. Distribution hotels and restaurants,95,88,47,41,7,0,7
S01008916,H J. Transport and communication,23,17,2,15,6,2,4
S01008916,K L M N. Financial real estate professional and administrative activities,72,62,18,44,10,4,6
S01008916,O P Q. Public administration education and health,140,134,41,93,6,2,4
S01008916,R S T U. Other,27,24,10,14,3,1,2
S01008917,All people aged 16 to 74 in employment,277,248,95,153,29,12,17
S01008917,A B D E. Agriculture energy and water,5,5,3,2,0,0,0
S01008917,C. Manufacturing,12,10,0,10,2,1,1
S01008917,F. Construction,11,4,1,3,7,1,6
S01008917,G I. Distribution hotels and restaurants,71,66,28,38,5,1,4
S01008917,H J. Transport and communication,22,18,2,16,4,2,2
S01008917,K L M N. Financial real estate professional and administrative activities,53,48,20,28,5,2,3
S01008917,O P Q. Public administration education and health,84,81,34,47,3,3,0
S01008917,R S T U. Other,19,16,7,9,3,2,1
S01008918,All people aged 16 to 74 in employment,203,181,73,108,22,8,14
S01008918,A B D E. Agriculture energy and water,2,2,0,2,0,0,0
S01008918,C. Manufacturing,8,8,1,7,0,0,0
S01008918,F. Construction,15,13,0,13,2,2,0
S01008918,G I. Distribution hotels and restaurants,70,59,28,31,11,2,9
S01008918,H J. Transport and communication,7,5,0,5,2,1,1
S01008918,K L M N. Financial real estate professional and administrative activities,34,31,16,15,3,1,2
S01008918,O P Q. Public administration education and health,56,53,21,32,3,1,2
S01008918,R S T U. Other,11,10,7,3,1,1,0
S01008919,All people aged 16 to 74 in employment,191,176,75,101,15,8,7
S01008919,A B D E. Agriculture energy and water,3,3,0,3,0,0,0
S01008919,C. Manufacturing,4,4,0,4,0,0,0
S01008919,F. Construction,8,6,1,5,2,1,1
S01008919,G I. Distribution hotels and restaurants,63,61,34,27,2,0,2
S01008919,H J. Transport and communication,21,19,4,15,2,1,1
S01008919,K L M N. Financial real estate professional and administrative activities,34,28,12,16,6,4,2
S01008919,O P Q. Public administration education and health,41,39,15,24,2,1,1
S01008919,R S T U. Other,17,16,9,7,1,1,0
S01008920,All people aged 16 to 74 in employment,746,658,111,547,88,23,65
S01008920,A B D E. Agriculture energy and water,20,19,0,19,1,0,1
S01008920,C. Manufacturing,33,30,3,27,3,1,2
S01008920,F. Construction,39,27,5,22,12,2,10
S01008920,G I. Distribution hotels and restaurants,146,134,40,94,12,3,9
S01008920,H J. Transport and communication,60,47,6,41,13,2,11
S01008920,K L M N. Financial real estate professional and administrative activities,205,182,22,160,23,8,15
S01008920,O P Q. Public administration education and health,199,187,29,158,12,4,8
S01008920,R S T U. Other,44,32,6,26,12,3,9
S01008921,All people aged 16 to 74 in employment,265,245,68,177,20,5,15
S01008921,A B D E. Agriculture energy and water,12,12,1,11,0,0,0
S01008921,C. Manufacturing,9,9,1,8,0,0,0
S01008921,F. Construction,16,12,1,11,4,2,2
S01008921,G I. Distribution hotels and restaurants,84,79,26,53,5,0,5
S01008921,H J. Transport and communication,14,10,4,6,4,0,4
S01008921,K L M N. Financial real estate professional and administrative activities,36,36,11,25,0,0,0
S01008921,O P Q. Public administration education and health,77,75,20,55,2,1,1
S01008921,R S T U. Other,17,12,4,8,5,2,3
S01008922,All people aged 16 to 74 in employment,331,303,85,218,28,10,18
S01008922,A B D E. Agriculture energy and water,10,10,0,10,0,0,0
S01008922,C. Manufacturing,15,14,3,11,1,0,1
S01008922,F. Construction,18,15,1,14,3,2,1
S01008922,G I. Distribution hotels and restaurants,85,81,30,51,4,2,2
S01008922,H J. Transport and communication,30,22,3,19,8,1,7
S01008922,K L M N. Financial real estate professional and administrative activities,55,48,7,41,7,3,4
S01008922,O P Q. Public administration education and health,106,102,37,65,4,2,2
S01008922,R S T U. Other,12,11,4,7,1,0,1
S01008923,All people aged 16 to 74 in employment,339,305,96,209,34,10,24
S01008923,A B D E. Agriculture energy and water,16,14,2,12,2,1,1
S01008923,C. Manufacturing,17,17,3,14,0,0,0
S01008923,F. Construction,17,10,0,10,7,1,6
S01008923,G I. Distribution hotels and restaurants,104,95,36,59,9,0,9
S01008923,H J. Transport and communication,21,15,2,13,6,3,3
S01008923,K L M N. Financial real estate professional and administrative activities,56,54,19,35,2,0,2
S01008923,O P Q. Public administration education and health,86,83,30,53,3,2,1
S01008923,R S T U. Other,22,17,4,13,5,3,2
S01008924,All people aged 16 to 74 in employment,370,351,143,208,19,8,11
S01008924,A B D E. Agriculture energy and water,8,8,3,5,0,0,0
S01008924,C. Manufacturing,12,12,0,12,0,0,0
S01008924,F. Construction,30,24,2,22,6,3,3
S01008924,G I. Distribution hotels and restaurants,101,100,46,54,1,0,1
S01008924,H J. Transport and communication,26,21,5,16,5,1,4
S01008924,K L M N. Financial real estate professional and administrative activities,67,62,24,38,5,4,1
S01008924,O P Q. Public administration education and health,116,116,58,58,0,0,0
S01008924,R S T U. Other,10,8,5,3,2,0,2
S01008925,All people aged 16 to 74 in employment,355,326,95,231,29,7,22
S01008925,A B D E. Agriculture energy and water,10,10,0,10,0,0,0
S01008925,C. Manufacturing,17,17,2,15,0,0,0
S01008925,F. Construction,21,16,0,16,5,1,4
S01008925,G I. Distribution hotels and restaurants,105,96,38,58,9,0,9
S01008925,H J. Transport and communication,27,24,2,22,3,0,3
S01008925,K L M N. Financial real estate professional and administrative activities,64,60,19,41,4,1,3
S01008925,O P Q. Public administration education and health,90,88,27,61,2,1,1
S01008925,R S T U. Other,21,15,7,8,6,4,2
S01008926,All people aged 16 to 74 in employment,337,303,68,235,34,10,24
S01008926,A B D E. Agriculture energy and water,16,16,1,15,0,0,0
S01008926,C. Manufacturing,17,16,0,16,1,0,1
S01008926,F. Construction,28,19,2,17,9,1,8
S01008926,G I. Distribution hotels and restaurants,71,67,18,49,4,2,2
S01008926,H J. Transport and communication,28,21,6,15,7,2,5
S01008926,K L M N. Financial real estate professional and administrative activities,66,57,7,50,9,4,5
S01008926,O P Q. Public administration education and health,98,96,29,67,2,1,1
S01008926,R S T U. Other,13,11,5,6,2,0,2
S01008927,All people aged 16 to 74 in employment,495,464,95,369,31,8,23
S01008927,A B D E. Agriculture energy and water,16,15,2,13,1,1,0
S01008927,C. Manufacturing,15,15,0,15,0,0,0
S01008927,F. Construction,29,22,2,20,7,1,6
S01008927,G I. Distribution hotels and restaurants,112,105,29,76,7,2,5
S01008927,H J. Transport and communication,32,28,3,25,4,1,3
S01008927,K L M N. Financial real estate professional and administrative activities,135,128,23,105,7,3,4
S01008927,O P Q. Public administration education and health,135,134,33,101,1,0,1
S01008927,R S T U. Other,21,17,3,14,4,0,4
S01008928,All people aged 16 to 74 in employment,331,298,93,205,33,6,27
S01008928,A B D E. Agriculture energy and water,8,7,1,6,1,0,1
S01008928,C. Manufacturing,19,15,6,9,4,0,4
S01008928,F. Construction,16,8,0,8,8,1,7
S01008928,G I. Distribution hotels and restaurants,75,72,43,29,3,0,3
S01008928,H J. Transport and communication,33,25,6,19,8,2,6
S01008928,K L M N. Financial real estate professional and administrative activities,73,67,8,59,6,2,4
S01008928,O P Q. Public administration education and health,93,90,26,64,3,1,2
S01008928,R S T U. Other,14,14,3,11,0,0,0
S01008929,All people aged 16 to 74 in employment,233,222,80,142,11,6,5
S01008929,A B D E. Agriculture energy and water,1,1,0,1,0,0,0
S01008929,C. Manufacturing,13,12,0,12,1,0,1
S01008929,F. Construction,7,6,0,6,1,0,1
S01008929,G I. Distribution hotels and restaurants,78,78,38,40,0,0,0
S01008929,H J. Transport and communication,23,21,5,16,2,1,1
S01008929,K L M N. Financial real estate professional and administrative activities,34,30,13,17,4,3,1
S01008929,O P Q. Public administration education and health,63,62,19,43,1,1,0
S01008929,R S T U. Other,14,12,5,7,2,1,1
S01008930,All people aged 16 to 74 in employment,307,288,116,172,19,1,18
S01008930,A B D E. Agriculture energy and water,13,13,1,12,0,0,0
S01008930,C. Manufacturing,3,3,1,2,0,0,0
S01008930,F. Construction,22,15,2,13,7,0,7
S01008930,G I. Distribution hotels and restaurants,73,71,45,26,2,1,1
S01008930,H J. Transport and communication,29,25,6,19,4,0,4
S01008930,K L M N. Financial real estate professional and administrative activities,63,60,24,36,3,0,3
S01008930,O P Q. Public administration education and health,86,85,29,56,1,0,1
S01008930,R S T U. Other,18,16,8,8,2,0,2
S01008931,All people aged 16 to 74 in employment,306,294,102,192,12,6,6
S01008931,A B D E. Agriculture energy and water,6,6,2,4,0,0,0
S01008931,C. Manufacturing,7,7,0,7,0,0,0
S01008931,F. Construction,27,24,3,21,3,0,3
S01008931,G I. Distribution hotels and restaurants,86,85,40,45,1,0,1
S01008931,H J. Transport and communication,21,19,3,16,2,1,1
S01008931,K L M N. Financial real estate professional and administrative activities,58,58,23,35,0,0,0
S01008931,O P Q. Public administration education and health,83,80,26,54,3,3,0
S01008931,R S T U. Other,18,15,5,10,3,2,1
S01008932,All people aged 16 to 74 in employment,486,437,111,326,49,14,35
S01008932,A B D E. Agriculture energy and water,8,8,4,4,0,0,0
S01008932,C. Manufacturing,29,29,1,28,0,0,0
S01008932,F. Construction,19,13,0,13,6,2,4
S01008932,G I. Distribution hotels and restaurants,125,112,45,67,13,2,11
S01008932,H J. Transport and communication,30,19,0,19,11,1,10
S01008932,K L M N. Financial real estate professional and administrative activities,118,108,21,87,10,5,5
S01008932,O P Q. Public administration education and health,129,123,28,95,6,2,4
S01008932,R S T U. Other,28,25,12,13,3,2,1
S01008933,All people aged 16 to 74 in employment,284,267,103,164,17,6,11
S01008933,A B D E. Agriculture energy and water,7,6,3,3,1,0,1
S01008933,C. Manufacturing,8,8,1,7,0,0,0
S01008933,F. Construction,21,19,1,18,2,1,1
S01008933,G I. Distribution hotels and restaurants,69,68,35,33,1,0,1
S01008933,H J. Transport and communication,27,20,2,18,7,1,6
S01008933,K L M N. Financial real estate professional and administrative activities,57,53,19,34,4,3,1
S01008933,O P Q. Public administration education and health,80,78,35,43,2,1,1
S01008933,R S T U. Other,15,15,7,8,0,0,0
S01008934,All people aged 16 to 74 in employment,358,317,93,224,41,16,25
S01008934,A B D E. Agriculture energy and water,4,4,0,4,0,0,0
S01008934,C. Manufacturing,15,13,2,11,2,2,0
S01008934,F. Construction,24,16,3,13,8,4,4
S01008934,G I. Distribution hotels and restaurants,93,86,36,50,7,1,6
S01008934,H J. Transport and communication,32,20,0,20,12,5,7
S01008934,K L M N. Financial real estate professional and administrative activities,75,68,15,53,7,1,6
S01008934,O P Q. Public administration education and health,92,92,32,60,0,0,0
S01008934,R S T U. Other,23,18,5,13,5,3,2
S01008935,All people aged 16 to 74 in employment,410,363,116,247,47,16,31
S01008935,A B D E. Agriculture energy and water,7,6,0,6,1,0,1
S01008935,C. Manufacturing,27,26,2,24,1,0,1
S01008935,F. Construction,19,14,1,13,5,1,4
S01008935,G I. Distribution hotels and restaurants,72,62,28,34,10,2,8
S01008935,H J. Transport and communication,33,23,0,23,10,2,8
S01008935,K L M N. Financial real estate professional and administrative activities,92,80,18,62,12,7,5
S01008935,O P Q. Public administration education and health,145,140,63,77,5,3,2
S01008935,R S T U. Other,15,12,4,8,3,1,2
S01008936,All people aged 16 to 74 in employment,190,155,53,102,35,10,25
S01008936,A B D E. Agriculture energy and water,1,1,0,1,0,0,0
S01008936,C. Manufacturing,10,9,0,9,1,0,1
S01008936,F. Construction,10,4,1,3,6,0,6
S01008936,G I. Distribution hotels and restaurants,23,19,10,9,4,4,0
S01008936,H J. Transport and communication,9,5,1,4,4,1,3
S01008936,K L M N. Financial real estate professional and administrative activities,72,57,11,46,15,4,11
S01008936,O P Q. Public administration education and health,53,52,27,25,1,0,1
S01008936,R S T U. Other,12,8,3,5,4,1,3
S01008937,All people aged 16 to 74 in employment,391,333,90,243,58,16,42
S01008937,A B D E. Agriculture energy and water,6,6,0,6,0,0,0
S01008937,C. Manufacturing,15,13,0,13,2,0,2
S01008937,F. Construction,29,16,1,15,13,1,12
S01008937,G I. Distribution hotels and restaurants,65,55,22,33,10,2,8
S01008937,H J. Transport and communication,31,22,4,18,9,2,7
S01008937,K L M N. Financial real estate professional and administrative activities,94,80,16,64,14,5,9
S01008937,O P Q. Public administration education and health,117,112,37,75,5,2,3
S01008937,R S T U. Other,34,29,10,19,5,4,1
S01008938,All people aged 16 to 74 in employment,329,273,88,185,56,18,38
S01008938,A B D E. Agriculture energy and water,5,4,1,3,1,0,1
S01008938,C. Manufacturing,15,12,0,12,3,2,1
S01008938,F. Construction,24,16,1,15,8,0,8
S01008938,G I. Distribution hotels and restaurants,46,42,19,23,4,1,3
S01008938,H J. Transport and communication,24,13,2,11,11,4,7
S01008938,K L M N. Financial real estate professional and administrative activities,91,76,13,63,15,3,12
S01008938,O P Q. Public administration education and health,104,96,42,54,8,6,2
S01008938,R S T U. Other,20,14,10,4,6,2,4
S01008939,All people aged 16 to 74 in employment,359,304,101,203,55,14,41
S01008939,A B D E. Agriculture energy and water,14,14,2,12,0,0,0
S01008939,C. Manufacturing,17,15,0,15,2,0,2
S01008939,F. Construction,21,8,2,6,13,2,11
S01008939,G I. Distribution hotels and restaurants,57,51,27,24,6,2,4
S01008939,H J. Transport and communication,27,15,2,13,12,1,11
S01008939,K L M N. Financial real estate professional and administrative activities,84,74,19,55,10,3,7
S01008939,O P Q. Public administration education and health,117,110,44,66,7,5,2
S01008939,R S T U. Other,22,17,5,12,5,1,4
S01008940,All people aged 16 to 74 in employment,263,195,59,136,68,21,47
S01008940,A B D E. Agriculture energy and water,1,1,0,1,0,0,0
S01008940,C. Manufacturing,9,9,0,9,0,0,0
S01008940,F. Construction,14,9,4,5,5,0,5
S01008940,G I. Distribution hotels and restaurants,36,27,14,13,9,2,7
S01008940,H J. Transport and communication,17,11,2,9,6,3,3
S01008940,K L M N. Financial real estate professional and administrative activities,94,65,9,56,29,6,23
S01008940,O P Q. Public administration education and health,72,62,25,37,10,5,5
S01008940,R S T U. Other,20,11,5,6,9,5,4
S01008941,All people aged 16 to 74 in employment,371,286,88,198,85,22,63
S01008941,A B D E. Agriculture energy and water,9,9,1,8,0,0,0
S01008941,C. Manufacturing,21,17,4,13,4,0,4
S01008941,F. Construction,12,7,0,7,5,2,3
S01008941,G I. Distribution hotels and restaurants,42,30,17,13,12,4,8
S01008941,H J. Transport and communication,19,11,2,9,8,2,6
S01008941,K L M N. Financial real estate professional and administrative activities,148,108,20,88,40,9,31
S01008941,O P Q. Public administration education and health,99,86,38,48,13,5,8
S01008941,R S T U. Other,21,18,6,12,3,0,3
S01008942,All people aged 16 to 74 in employment,365,311,85,226,54,19,35
S01008942,A B D E. Agriculture energy and water,8,8,0,8,0,0,0
S01008942,C. Manufacturing,15,13,4,9,2,0,2
S01008942,F. Construction,14,11,0,11,3,0,3
S01008942,G I. Distribution hotels and restaurants,53,49,23,26,4,2,2
S01008942,H J. Transport and communication,32,20,2,18,12,3,9
S01008942,K L M N. Financial real estate professional and administrative activities,96,83,12,71,13,4,9
S01008942,O P Q. Public administration education and health,123,112,40,72,11,7,4
S01008942,R S T U. Other,24,15,4,11,9,3,6
S01008943,All people aged 16 to 74 in employment,336,249,84,165,87,31,56
S01008943,A B D E. Agriculture energy and water,3,3,0,3,0,0,0
S01008943,C. Manufacturing,16,14,1,13,2,0,2
S01008943,F. Construction,15,6,0,6,9,3,6
S01008943,G I. Distribution hotels and restaurants,43,33,16,17,10,3,7
S01008943,H J. Transport and communication,23,16,5,11,7,2,5
S01008943,K L M N. Financial real estate professional and administrative activities,112,76,21,55,36,12,24
S01008943,O P Q. Public administration education and health,112,93,38,55,19,9,10
S01008943,R S T U. Other,12,8,3,5,4,2,2
S01008944,All people aged 16 to 74 in employment,407,311,79,232,96,36,60
S01008944,A B D E. Agriculture energy and water,4,3,0,3,1,0,1
S01008944,C. Manufacturing,18,17,3,14,1,0,1
S01008944,F. Construction,17,9,2,7,8,4,4
S01008944,G I. Distribution hotels and restaurants,62,51,27,24,11,7,4
S01008944,H J. Transport and communication,13,10,1,9,3,0,3
S01008944,K L M N. Financial real estate professional and administrative activities,151,106,13,93,45,12,33
S01008944,O P Q. Public administration education and health,119,98,27,71,21,10,11
S01008944,R S T U. Other,23,17,6,11,6,3,3
S01008945,All people aged 16 to 74 in employment,393,307,102,205,86,26,60
S01008945,A B D E. Agriculture energy and water,1,1,0,1,0,0,0
S01008945,C. Manufacturing,20,17,0,17,3,2,1
S01008945,F. Construction,18,11,0,11,7,0,7
S01008945,G I. Distribution hotels and restaurants,56,41,24,17,15,3,12
S01008945,H J. Transport and communication,33,24,5,19,9,2,7
S01008945,K L M N. Financial real estate professional and administrative activities,138,111,32,79,27,11,16
S01008945,O P Q. Public administration education and health,103,88,35,53,15,5,10
S01008945,R S T U. Other,24,14,6,8,10,3,7
S01008946,All people aged 16 to 74 in employment,378,296,85,211,82,20,62
S01008946,A B D E. Agriculture energy and water,5,5,0,5,0,0,0
S01008946,C. Manufacturing,27,21,4,17,6,0,6
S01008946,F. Construction,10,6,0,6,4,0,4
S01008946,G I. Distribution hotels and restaurants,62,43,23,20,19,4,15
S01008946,H J. Transport and communication,32,22,1,21,10,2,8
S01008946,K L M N. Financial real estate professional and administrative activities,116,95,18,77,21,5,16
S01008946,O P Q. Public administration education and health,114,100,36,64,14,6,8
S01008946,R S T U. Other,12,4,3,1,8,3,5
S01008947,All people aged 16 to 74 in employment,451,368,102,266,83,33,50
S01008947,A B D E. Agriculture energy and water,15,13,1,12,2,1,1
S01008947,C. Manufacturing,25,23,2,21,2,1,1
S01008947,F. Construction,12,5,0,5,7,3,4
S01008947,G I. Distribution hotels and restaurants,75,62,29,33,13,4,9
S01008947,H J. Transport and communication,33,22,2,20,11,8,3
S01008947,K L M N. Financial real estate professional and administrative activities,122,96,20,76,26,5,21
S01008947,O P Q. Public administration education and health,153,137,45,92,16,7,9
S01008947,R S T U. Other,16,10,3,7,6,4,2
S01008948,All people aged 16 to 74 in employment,369,302,80,222,67,23,44
S01008948,A B D E. Agriculture energy and water,3,3,1,2,0,0,0
S01008948,C. Manufacturing,19,14,0,14,5,3,2
S01008948,F. Construction,20,15,3,12,5,1,4
S01008948,G I. Distribution hotels and restaurants,72,54,24,30,18,7,11
S01008948,H J. Transport and communication,33,24,5,19,9,4,5
S01008948,K L M N. Financial real estate professional and administrative activities,104,86,15,71,18,3,15
S01008948,O P Q. Public administration education and health,99,93,25,68,6,4,2
S01008948,R S T U. Other,19,13,7,6,6,1,5
S01008949,All people aged 16 to 74 in employment,436,389,123,266,47,12,35
S01008949,A B D E. Agriculture energy and water,8,8,3,5,0,0,0
S01008949,C. Manufacturing,15,15,1,14,0,0,0
S01008949,F. Construction,35,24,1,23,11,3,8
S01008949,G I. Distribution hotels and restaurants,85,84,43,41,1,0,1
S01008949,H J. Transport and communication,41,28,5,23,13,1,12
S01008949,K L M N. Financial real estate professional and administrative activities,99,91,20,71,8,3,5
S01008949,O P Q. Public administration education and health,127,121,40,81,6,2,4
S01008949,R S T U. Other,26,18,10,8,8,3,5
S01008950,All people aged 16 to 74 in employment,433,387,130,257,46,15,31
S01008950,A B D E. Agriculture energy and water,5,4,1,3,1,0,1
S01008950,C. Manufacturing,21,19,2,17,2,1,1
S01008950,F. Construction,28,17,3,14,11,2,9
S01008950,G I. Distribution hotels and restaurants,84,78,37,41,6,0,6
S01008950,H J. Transport and communication,33,24,4,20,9,4,5
S01008950,K L M N. Financial real estate professional and administrative activities,99,88,28,60,11,5,6
S01008950,O P Q. Public administration education and health,136,133,47,86,3,1,2
S01008950,R S T U. Other,27,24,8,16,3,2,1
S01008951,All people aged 16 to 74 in employment,393,365,100,265,28,12,16
S01008951,A B D E. Agriculture energy and water,6,6,0,6,0,0,0
S01008951,C. Manufacturing,17,17,0,17,0,0,0
S01008951,F. Construction,28,21,1,20,7,0,7
S01008951,G I. Distribution hotels and restaurants,104,99,47,52,5,3,2
S01008951,H J. Transport and communication,23,19,3,16,4,0,4
S01008951,K L M N. Financial real estate professional and administrative activities,85,80,13,67,5,4,1
S01008951,O P Q. Public administration education and health,113,109,33,76,4,3,1
S01008951,R S T U. Other,17,14,3,11,3,2,1
S01008952,All people aged 16 to 74 in employment,382,345,105,240,37,13,24
S01008952,A B D E. Agriculture energy and water,4,4,1,3,0,0,0
S01008952,C. Manufacturing,11,10,1,9,1,0,1
S01008952,F. Construction,24,18,3,15,6,0,6
S01008952,G I. Distribution hotels and restaurants,99,89,39,50,10,6,4
S01008952,H J. Transport and communication,23,21,5,16,2,0,2
S01008952,K L M N. Financial real estate professional and administrative activities,103,89,20,69,14,5,9
S01008952,O P Q. Public administration education and health,108,104,33,71,4,2,2
S01008952,R S T U. Other,10,10,3,7,0,0,0
S01008953,All people aged 16 to 74 in employment,400,349,110,239,51,18,33
S01008953,A B D E. Agriculture energy and water,3,3,1,2,0,0,0
S01008953,C. Manufacturing,20,18,1,17,2,0,2
S01008953,F. Construction,32,21,0,21,11,3,8
S01008953,G I. Distribution hotels and restaurants,100,89,45,44,11,2,9
S01008953,H J. Transport and communication,29,23,2,21,6,1,5
S01008953,K L M N. Financial real estate professional and administrative activities,74,68,21,47,6,3,3
S01008953,O P Q. Public administration education and health,115,110,33,77,5,3,2
S01008953,R S T U. Other,27,17,7,10,10,6,4
S01008954,All people aged 16 to 74 in employment,353,312,104,208,41,11,30
S01008954,A B D E. Agriculture energy and water,11,11,0,11,0,0,0
S01008954,C. Manufacturing,18,18,2,16,0,0,0
S01008954,F. Construction,25,15,2,13,10,1,9
S01008954,G I. Distribution hotels and restaurants,80,72,32,40,8,3,5
S01008954,H J. Transport and communication,39,28,5,23,11,3,8
S01008954,K L M N. Financial real estate professional and administrative activities,70,64,22,42,6,1,5
S01008954,O P Q. Public administration education and health,98,94,38,56,4,2,2
S01008954,R S T U. Other,12,10,3,7,2,1,1
S01008955,All people aged 16 to 74 in employment,349,299,84,215,50,20,30
S01008955,A B D E. Agriculture energy and water,8,7,2,5,1,0,1
S01008955,C. Manufacturing,7,7,0,7,0,0,0
S01008955,F. Construction,17,11,0,11,6,1,5
S01008955,G I. Distribution hotels and restaurants,71,60,34,26,11,2,9
S01008955,H J. Transport and communication,21,13,2,11,8,1,7
S01008955,K L M N. Financial real estate professional and administrative activities,93,80,11,69,13,7,6
S01008955,O P Q. Public administration education and health,114,108,33,75,6,6,0
S01008955,R S T U. Other,18,13,2,11,5,3,2
S01008956,All people aged 16 to 74 in employment,513,473,117,356,40,7,33
S01008956,A B D E. Agriculture energy and water,9,9,0,9,0,0,0
S01008956,C. Manufacturing,21,20,2,18,1,0,1
S01008956,F. Construction,21,16,0,16,5,2,3
S01008956,G I. Distribution hotels and restaurants,74,70,33,37,4,0,4
S01008956,H J. Transport and communication,59,52,11,41,7,1,6
S01008956,K L M N. Financial real estate professional and administrative activities,154,140,26,114,14,4,10
S01008956,O P Q. Public administration education and health,158,153,42,111,5,0,5
S01008956,R S T U. Other,17,13,3,10,4,0,4
S01008957,All people aged 16 to 74 in employment,473,425,121,304,48,15,33
S01008957,A B D E. Agriculture energy and water,10,7,1,6,3,1,2
S01008957,C. Manufacturing,19,18,1,17,1,0,1
S01008957,F. Construction,26,19,0,19,7,0,7
S01008957,G I. Distribution hotels and restaurants,88,82,43,39,6,2,4
S01008957,H J. Transport and communication,27,21,5,16,6,1,5
S01008957,K L M N. Financial real estate professional and administrative activities,124,111,20,91,13,5,8
S01008957,O P Q. Public administration education and health,154,148,43,105,6,2,4
S01008957,R S T U. Other,25,19,8,11,6,4,2
S01008958,All people aged 16 to 74 in employment,334,302,75,227,32,6,26
S01008958,A B D E. Agriculture energy and water,3,3,1,2,0,0,0
S01008958,C. Manufacturing,12,12,1,11,0,0,0
S01008958,F. Construction,29,20,3,17,9,1,8
S01008958,G I. Distribution hotels and restaurants,62,56,28,28,6,0,6
S01008958,H J. Transport and communication,25,20,3,17,5,1,4
S01008958,K L M N. Financial real estate professional and administrative activities,89,81,12,69,8,3,5
S01008958,O P Q. Public administration education and health,102,100,24,76,2,1,1
S01008958,R S T U. Other,12,10,3,7,2,0,2
S01008959,All people aged 16 to 74 in employment,454,412,106,306,42,15,27
S01008959,A B D E. Agriculture energy and water,8,8,0,8,0,0,0
S01008959,C. Manufacturing,15,12,2,10,3,1,2
S01008959,F. Construction,26,21,0,21,5,0,5
S01008959,G I. Distribution hotels and restaurants,82,73,31,42,9,1,8
S01008959,H J. Transport and communication,50,39,10,29,11,4,7
S01008959,K L M N. Financial real estate professional and administrative activities,110,106,20,86,4,2,2
S01008959,O P Q. Public administration education and health,137,133,40,93,4,3,1
S01008959,R S T U. Other,26,20,3,17,6,4,2
S01008960,All people aged 16 to 74 in employment,530,464,114,350,66,10,56
S01008960,A B D E. Agriculture energy and water,6,4,0,4,2,0,2
S01008960,C. Manufacturing,26,24,1,23,2,0,2
S01008960,F. Construction,37,28,4,24,9,1,8
S01008960,G I. Distribution hotels and restaurants,81,68,34,34,13,1,12
S01008960,H J. Transport and communication,29,24,2,22,5,1,4
S01008960,K L M N. Financial real estate professional and administrative activities,195,175,32,143,20,3,17
S01008960,O P Q. Public administration education and health,132,121,35,86,11,3,8
S01008960,R S T U. Other,24,20,6,14,4,1,3
S01008961,All people aged 16 to 74 in employment,379,340,89,251,39,9,30
S01008961,A B D E. Agriculture energy and water,8,7,2,5,1,0,1
S01008961,C. Manufacturing,14,14,1,13,0,0,0
S01008961,F. Construction,22,14,2,12,8,0,8
S01008961,G I. Distribution hotels and restaurants,72,65,31,34,7,2,5
S01008961,H J. Transport and communication,35,27,4,23,8,0,8
S01008961,K L M N. Financial real estate professional and administrative activities,82,79,8,71,3,1,2
S01008961,O P Q. Public administration education and health,124,117,39,78,7,4,3
S01008961,R S T U. Other,22,17,2,15,5,2,3
S01008962,All people aged 16 to 74 in employment,336,302,84,218,34,7,27
S01008962,A B D E. Agriculture energy and water,3,3,0,3,0,0,0
S01008962,C. Manufacturing,15,14,0,14,1,1,0
S01008962,F. Construction,13,7,1,6,6,0,6
S01008962,G I. Distribution hotels and restaurants,48,46,20,26,2,1,1
S01008962,H J. Transport and communication,40,32,5,27,8,2,6
S01008962,K L M N. Financial real estate professional and administrative activities,88,79,13,66,9,2,7
S01008962,O P Q. Public administration education and health,113,108,42,66,5,0,5
S01008962,R S T U. Other,16,13,3,10,3,1,2
S01008963,All people aged 16 to 74 in employment,383,339,97,242,44,13,31
S01008963,A B D E. Agriculture energy and water,5,5,0,5,0,0,0
S01008963,C. Manufacturing,19,18,0,18,1,0,1
S01008963,F. Construction,24,17,3,14,7,2,5
S01008963,G I. Distribution hotels and restaurants,57,50,22,28,7,0,7
S01008963,H J. Transport and communication,32,27,6,21,5,1,4
S01008963,K L M N. Financial real estate professional and administrative activities,112,100,28,72,12,4,8
S01008963,O P Q. Public administration education and health,112,104,31,73,8,5,3
S01008963,R S T U. Other,22,18,7,11,4,1,3
S01008964,All people aged 16 to 74 in employment,245,210,78,132,35,11,24
S01008964,A B D E. Agriculture energy and water,7,6,0,6,1,0,1
S01008964,C. Manufacturing,13,11,0,11,2,0,2
S01008964,F. Construction,15,10,0,10,5,1,4
S01008964,G I. Distribution hotels and restaurants,43,39,27,12,4,2,2
S01008964,H J. Transport and communication,19,17,5,12,2,0,2
S01008964,K L M N. Financial real estate professional and administrative activities,63,50,13,37,13,2,11
S01008964,O P Q. Public administration education and health,75,69,28,41,6,5,1
S01008964,R S T U. Other,10,8,5,3,2,1,1
S01008965,All people aged 16 to 74 in employment,323,259,81,178,64,21,43
S01008965,A B D E. Agriculture energy and water,10,10,2,8,0,0,0
S01008965,C. Manufacturing,21,16,1,15,5,0,5
S01008965,F. Construction,21,11,2,9,10,1,9
S01008965,G I. Distribution hotels and restaurants,44,38,21,17,6,1,5
S01008965,H J. Transport and communication,28,20,2,18,8,1,7
S01008965,K L M N. Financial real estate professional and administrative activities,80,60,14,46,20,8,12
S01008965,O P Q. Public administration education and health,105,94,34,60,11,7,4
S01008965,R S T U. Other,14,10,5,5,4,3,1
S01008966,All people aged 16 to 74 in employment,291,258,79,179,33,6,27
S01008966,A B D E. Agriculture energy and water,2,2,1,1,0,0,0
S01008966,C. Manufacturing,21,20,3,17,1,0,1
S01008966,F. Construction,23,12,2,10,11,1,10
S01008966,G I. Distribution hotels and restaurants,25,22,14,8,3,1,2
S01008966,H J. Transport and communication,27,24,6,18,3,0,3
S01008966,K L M N. Financial real estate professional and administrative activities,91,81,24,57,10,1,9
S01008966,O P Q. Public administration education and health,92,90,26,64,2,2,0
S01008966,R S T U. Other,10,7,3,4,3,1,2
S01008967,All people aged 16 to 74 in employment,475,415,123,292,60,14,46
S01008967,A B D E. Agriculture energy and water,10,10,0,10,0,0,0
S01008967,C. Manufacturing,23,22,3,19,1,0,1
S01008967,F. Construction,25,15,1,14,10,2,8
S01008967,G I. Distribution hotels and restaurants,50,40,15,25,10,1,9
S01008967,H J. Transport and communication,44,34,9,25,10,2,8
S01008967,K L M N. Financial real estate professional and administrative activities,142,123,38,85,19,5,14
S01008967,O P Q. Public administration education and health,156,151,50,101,5,2,3
S01008967,R S T U. Other,25,20,7,13,5,2,3
S01008968,All people aged 16 to 74 in employment,498,436,148,288,62,19,43
S01008968,A B D E. Agriculture energy and water,9,8,2,6,1,0,1
S01008968,C. Manufacturing,26,24,7,17,2,0,2
S01008968,F. Construction,37,25,3,22,12,2,10
S01008968,G I. Distribution hotels and restaurants,72,62,36,26,10,6,4
S01008968,H J. Transport and communication,31,21,5,16,10,0,10
S01008968,K L M N. Financial real estate professional and administrative activities,134,122,29,93,12,3,9
S01008968,O P Q. Public administration education and health,173,161,60,101,12,7,5
S01008968,R S T U. Other,16,13,6,7,3,1,2
S01008969,All people aged 16 to 74 in employment,533,477,141,336,56,15,41
S01008969,A B D E. Agriculture energy and water,4,4,1,3,0,0,0
S01008969,C. Manufacturing,39,36,1,35,3,0,3
S01008969,F. Construction,27,20,2,18,7,0,7
S01008969,G I. Distribution hotels and restaurants,77,74,38,36,3,2,1
S01008969,H J. Transport and communication,50,35,4,31,15,4,11
S01008969,K L M N. Financial real estate professional and administrative activities,131,120,29,91,11,2,9
S01008969,O P Q. Public administration education and health,181,170,60,110,11,6,5
S01008969,R S T U. Other,24,18,6,12,6,1,5
S01008970,All people aged 16 to 74 in employment,548,475,121,354,73,27,46
S01008970,A B D E. Agriculture energy and water,10,9,1,8,1,0,1
S01008970,C. Manufacturing,28,20,0,20,8,3,5
S01008970,F. Construction,29,20,2,18,9,1,8
S01008970,G I. Distribution hotels and restaurants,68,63,27,36,5,3,2
S01008970,H J. Transport and communication,36,25,2,23,11,3,8
S01008970,K L M N. Financial real estate professional and administrative activities,160,137,25,112,23,9,14
S01008970,O P Q. Public administration education and health,185,179,57,122,6,3,3
S01008970,R S T U. Other,32,22,7,15,10,5,5
S01008971,All people aged 16 to 74 in employment,368,317,79,238,51,14,37
S01008971,A B D E. Agriculture energy and water,6,6,0,6,0,0,0
S01008971,C. Manufacturing,11,10,2,8,1,0,1
S01008971,F. Construction,15,11,0,11,4,0,4
S01008971,G I. Distribution hotels and restaurants,46,37,18,19,9,2,7
S01008971,H J. Transport and communication,34,24,2,22,10,3,7
S01008971,K L M N. Financial real estate professional and administrative activities,108,95,10,85,13,2,11
S01008971,O P Q. Public administration education and health,136,125,43,82,11,5,6
S01008971,R S T U. Other,12,9,4,5,3,2,1
S01008972,All people aged 16 to 74 in employment,367,299,76,223,68,22,46
S01008972,A B D E. Agriculture energy and water,5,4,0,4,1,0,1
S01008972,C. Manufacturing,20,17,0,17,3,1,2
S01008972,F. Construction,8,6,0,6,2,0,2
S01008972,G I. Distribution hotels and restaurants,38,30,14,16,8,3,5
S01008972,H J. Transport and communication,23,18,2,16,5,1,4
S01008972,K L M N. Financial real estate professional and administrative activities,133,100,15,85,33,10,23
S01008972,O P Q. Public administration education and health,118,108,39,69,10,4,6
S01008972,R S T U. Other,22,16,6,10,6,3,3
S01008973,All people aged 16 to 74 in employment,397,338,52,286,59,17,42
S01008973,A B D E. Agriculture energy and water,16,15,0,15,1,0,1
S01008973,C. Manufacturing,19,19,0,19,0,0,0
S01008973,F. Construction,22,16,1,15,6,1,5
S01008973,G I. Distribution hotels and restaurants,53,35,12,23,18,4,14
S01008973,H J. Transport and communication,30,18,1,17,12,5,7
S01008973,K L M N. Financial real estate professional and administrative activities,123,106,12,94,17,5,12
S01008973,O P Q. Public administration education and health,108,105,23,82,3,1,2
S01008973,R S T U. Other,26,24,3,21,2,1,1
S01008974,All people aged 16 to 74 in employment,359,316,84,232,43,11,32
S01008974,A B D E. Agriculture energy and water,3,3,0,3,0,0,0
S01008974,C. Manufacturing,14,13,1,12,1,0,1
S01008974,F. Construction,21,18,0,18,3,0,3
S01008974,G I. Distribution hotels and restaurants,54,50,28,22,4,0,4
S01008974,H J. Transport and communication,40,29,3,26,11,0,11
S01008974,K L M N. Financial real estate professional and administrative activities,101,87,18,69,14,5,9
S01008974,O P Q. Public administration education and health,105,101,31,70,4,2,2
S01008974,R S T U. Other,21,15,3,12,6,4,2
S01008975,All people aged 16 to 74 in employment,275,248,53,195,27,7,20
S01008975,A B D E. Agriculture energy and water,4,4,1,3,0,0,0
S01008975,C. Manufacturing,11,11,1,10,0,0,0
S01008975,F. Construction,14,12,1,11,2,0,2
S01008975,G I. Distribution hotels and restaurants,41,36,15,21,5,1,4
S01008975,H J. Transport and communication,20,19,0,19,1,0,1
S01008975,K L M N. Financial real estate professional and administrative activities,90,74,6,68,16,4,12
S01008975,O P Q. Public administration education and health,82,79,23,56,3,2,1
S01008975,R S T U. Other,13,13,6,7,0,0,0
S01008976,All people aged 16 to 74 in employment,246,207,55,152,39,11,28
S01008976,A B D E. Agriculture energy and water,2,2,0,2,0,0,0
S01008976,C. Manufacturing,8,6,0,6,2,0,2
S01008976,F. Construction,19,11,1,10,8,2,6
S01008976,G I. Distribution hotels and restaurants,27,24,11,13,3,0,3
S01008976,H J. Transport and communication,21,17,5,12,4,0,4
S01008976,K L M N. Financial real estate professional and administrative activities,84,72,13,59,12,3,9
S01008976,O P Q. Public administration education and health,73,69,24,45,4,1,3
S01008976,R S T U. Other,12,6,1,5,6,5,1
S01008977,All people aged 16 to 74 in employment,310,276,80,196,34,9,25
S01008977,A B D E. Agriculture energy and water,6,5,1,4,1,0,1
S01008977,C. Manufacturing,19,18,0,18,1,0,1
S01008977,F. Construction,13,9,0,9,4,0,4
S01008977,G I. Distribution hotels and restaurants,42,37,15,22,5,3,2
S01008977,H J. Transport and communication,28,20,7,13,8,3,5
S01008977,K L M N. Financial real estate professional and administrative activities,72,62,13,49,10,2,8
S01008977,O P Q. Public administration education and health,111,107,35,72,4,1,3
S01008977,R S T U. Other,19,18,9,9,1,0,1
S01008978,All people aged 16 to 74 in employment,312,277,89,188,35,8,27
S01008978,A B D E. Agriculture energy and water,8,8,2,6,0,0,0
S01008978,C. Manufacturing,13,12,0,12,1,0,1
S01008978,F. Construction,26,19,0,19,7,0,7
S01008978,G I. Distribution hotels and restaurants,58,55,30,25,3,0,3
S01008978,H J. Transport and communication,23,17,0,17,6,0,6
S01008978,K L M N. Financial real estate professional and administrative activities,76,72,17,55,4,2,2
S01008978,O P Q. Public administration education and health,91,85,35,50,6,2,4
S01008978,R S T U. Other,17,9,5,4,8,4,4
S01008979,All people aged 16 to 74 in employment,413,368,94,274,45,13,32
S01008979,A B D E. Agriculture energy and water,5,5,0,5,0,0,0
S01008979,C. Manufacturing,17,14,0,14,3,1,2
S01008979,F. Construction,29,21,0,21,8,1,7
S01008979,G I. Distribution hotels and restaurants,78,74,38,36,4,1,3
S01008979,H J. Transport and communication,29,24,3,21,5,1,4
S01008979,K L M N. Financial real estate professional and administrative activities,115,105,18,87,10,1,9
S01008979,O P Q. Public administration education and health,117,108,28,80,9,5,4
S01008979,R S T U. Other,23,17,7,10,6,3,3
S01008980,All people aged 16 to 74 in employment,434,388,105,283,46,11,35
S01008980,A B D E. Agriculture energy and water,7,7,1,6,0,0,0
S01008980,C. Manufacturing,12,11,2,9,1,0,1
S01008980,F. Construction,28,19,0,19,9,2,7
S01008980,G I. Distribution hotels and restaurants,116,107,39,68,9,2,7
S01008980,H J. Transport and communication,35,31,7,24,4,1,3
S01008980,K L M N. Financial real estate professional and administrative activities,97,90,18,72,7,1,6
S01008980,O P Q. Public administration education and health,111,102,33,69,9,3,6
S01008980,R S T U. Other,28,21,5,16,7,2,5
S01008981,All people aged 16 to 74 in employment,324,280,90,190,44,12,32
S01008981,A B D E. Agriculture energy and water,5,5,1,4,0,0,0
S01008981,C. Manufacturing,20,20,1,19,0,0,0
S01008981,F. Construction,29,15,2,13,14,2,12
S01008981,G I. Distribution hotels and restaurants,44,40,25,15,4,0,4
S01008981,H J. Transport and communication,34,26,5,21,8,1,7
S01008981,K L M N. Financial real estate professional and administrative activities,82,72,18,54,10,4,6
S01008981,O P Q. Public administration education and health,94,90,36,54,4,2,2
S01008981,R S T U. Other,16,12,2,10,4,3,1
S01008982,All people aged 16 to 74 in employment,422,385,110,275,37,12,25
S01008982,A B D E. Agriculture energy and water,5,4,1,3,1,0,1
S01008982,C. Manufacturing,20,17,1,16,3,0,3
S01008982,F. Construction,30,19,1,18,11,1,10
S01008982,G I. Distribution hotels and restaurants,98,96,46,50,2,2,0
S01008982,H J. Transport and communication,32,24,5,19,8,3,5
S01008982,K L M N. Financial real estate professional and administrative activities,106,101,24,77,5,1,4
S01008982,O P Q. Public administration education and health,113,107,28,79,6,4,2
S01008982,R S T U. Other,18,17,4,13,1,1,0
S01008983,All people aged 16 to 74 in employment,413,384,74,310,29,10,19
S01008983,A B D E. Agriculture energy and water,5,4,1,3,1,0,1
S01008983,C. Manufacturing,16,16,2,14,0,0,0
S01008983,F. Construction,37,27,3,24,10,2,8
S01008983,G I. Distribution hotels and restaurants,94,90,28,62,4,2,2
S01008983,H J. Transport and communication,43,38,4,34,5,0,5
S01008983,K L M N. Financial real estate professional and administrative activities,90,88,12,76,2,1,1
S01008983,O P Q. Public administration education and health,107,104,18,86,3,3,0
S01008983,R S T U. Other,21,17,6,11,4,2,2
S01008984,All people aged 16 to 74 in employment,255,237,72,165,18,7,11
S01008984,A B D E. Agriculture energy and water,5,5,2,3,0,0,0
S01008984,C. Manufacturing,9,9,0,9,0,0,0
S01008984,F. Construction,14,8,0,8,6,0,6
S01008984,G I. Distribution hotels and restaurants,44,42,18,24,2,2,0
S01008984,H J. Transport and communication,22,19,4,15,3,0,3
S01008984,K L M N. Financial real estate professional and administrative activities,54,49,12,37,5,3,2
S01008984,O P Q. Public administration education and health,92,91,30,61,1,1,0
S01008984,R S T U. Other,15,14,6,8,1,1,0
S01008985,All people aged 16 to 74 in employment,394,361,92,269,33,9,24
S01008985,A B D E. Agriculture energy and water,9,7,0,7,2,0,2
S01008985,C. Manufacturing,15,15,0,15,0,0,0
S01008985,F. Construction,22,16,2,14,6,1,5
S01008985,G I. Distribution hotels and restaurants,88,84,36,48,4,1,3
S01008985,H J. Transport and communication,35,25,2,23,10,0,10
S01008985,K L M N. Financial real estate professional and administrative activities,103,100,14,86,3,2,1
S01008985,O P Q. Public administration education and health,101,96,32,64,5,4,1
S01008985,R S T U. Other,21,18,6,12,3,1,2
S01008986,All people aged 16 to 74 in employment,392,345,119,226,47,23,24
S01008986,A B D E. Agriculture energy and water,4,4,2,2,0,0,0
S01008986,C. Manufacturing,25,22,0,22,3,2,1
S01008986,F. Construction,24,21,2,19,3,2,1
S01008986,G I. Distribution hotels and restaurants,74,67,38,29,7,3,4
S01008986,H J. Transport and communication,35,22,5,17,13,4,9
S01008986,K L M N. Financial real estate professional and administrative activities,76,70,18,52,6,2,4
S01008986,O P Q. Public administration education and health,139,127,49,78,12,8,4
S01008986,R S T U. Other,15,12,5,7,3,2,1
S01008987,All people aged 16 to 74 in employment,420,368,112,256,52,13,39
S01008987,A B D E. Agriculture energy and water,2,2,1,1,0,0,0
S01008987,C. Manufacturing,31,29,3,26,2,0,2
S01008987,F. Construction,31,17,0,17,14,1,13
S01008987,G I. Distribution hotels and restaurants,74,64,34,30,10,4,6
S01008987,H J. Transport and communication,41,27,3,24,14,1,13
S01008987,K L M N. Financial real estate professional and administrative activities,91,89,28,61,2,2,0
S01008987,O P Q. Public administration education and health,129,122,33,89,7,4,3
S01008987,R S T U. Other,21,18,10,8,3,1,2
S01008988,All people aged 16 to 74 in employment,477,428,110,318,49,10,39
S01008988,A B D E. Agriculture energy and water,9,8,0,8,1,0,1
S01008988,C. Manufacturing,16,15,1,14,1,0,1
S01008988,F. Construction,32,17,2,15,15,1,14
S01008988,G I. Distribution hotels and restaurants,85,79,34,45,6,2,4
S01008988,H J. Transport and communication,60,55,5,50,5,1,4
S01008988,K L M N. Financial real estate professional and administrative activities,123,110,25,85,13,4,9
S01008988,O P Q. Public administration education and health,126,120,35,85,6,1,5
S01008988,R S T U. Other,26,24,8,16,2,1,1
S01008989,All people aged 16 to 74 in employment,432,393,74,319,39,10,29
S01008989,A B D E. Agriculture energy and water,5,5,1,4,0,0,0
S01008989,C. Manufacturing,23,23,0,23,0,0,0
S01008989,F. Construction,25,18,0,18,7,1,6
S01008989,G I. Distribution hotels and restaurants,73,71,27,44,2,1,1
S01008989,H J. Transport and communication,51,35,3,32,16,1,15
S01008989,K L M N. Financial real estate professional and administrative activities,124,118,18,100,6,4,2
S01008989,O P Q. Public administration education and health,110,109,20,89,1,0,1
S01008989,R S T U. Other,21,14,5,9,7,3,4
S01008990,All people aged 16 to 74 in employment,513,468,85,383,45,9,36
S01008990,A B D E. Agriculture energy and water,10,9,1,8,1,0,1
S01008990,C. Manufacturing,16,16,0,16,0,0,0
S01008990,F. Construction,20,14,0,14,6,1,5
S01008990,G I. Distribution hotels and restaurants,89,82,32,50,7,1,6
S01008990,H J. Transport and communication,66,56,1,55,10,1,9
S01008990,K L M N. Financial real estate professional and administrative activities,180,167,22,145,13,3,10
S01008990,O P Q. Public administration education and health,112,106,24,82,6,1,5
S01008990,R S T U. Other,20,18,5,13,2,2,0
S01008991,All people aged 16 to 74 in employment,590,528,138,390,62,12,50
S01008991,A B D E. Agriculture energy and water,8,8,0,8,0,0,0
S01008991,C. Manufacturing,30,30,3,27,0,0,0
S01008991,F. Construction,31,21,3,18,10,0,10
S01008991,G I. Distribution hotels and restaurants,102,94,39,55,8,2,6
S01008991,H J. Transport and communication,47,34,4,30,13,2,11
S01008991,K L M N. Financial real estate professional and administrative activities,191,176,31,145,15,3,12
S01008991,O P Q. Public administration education and health,155,145,48,97,10,3,7
S01008991,R S T U. Other,26,20,10,10,6,2,4
S01008992,All people aged 16 to 74 in employment,284,254,59,195,30,15,15
S01008992,A B D E. Agriculture energy and water,8,6,1,5,2,1,1
S01008992,C. Manufacturing,8,8,0,8,0,0,0
S01008992,F. Construction,16,14,2,12,2,0,2
S01008992,G I. Distribution hotels and restaurants,73,66,24,42,7,0,7
S01008992,H J. Transport and communication,24,21,2,19,3,2,1
S01008992,K L M N. Financial real estate professional and administrative activities,69,62,8,54,7,4,3
S01008992,O P Q. Public administration education and health,73,66,18,48,7,6,1
S01008992,R S T U. Other,13,11,4,7,2,2,0
S01008993,All people aged 16 to 74 in employment,571,467,118,349,104,33,71
S01008993,A B D E. Agriculture energy and water,13,12,2,10,1,0,1
S01008993,C. Manufacturing,24,23,0,23,1,0,1
S01008993,F. Construction,25,14,2,12,11,2,9
S01008993,G I. Distribution hotels and restaurants,95,79,33,46,16,3,13
S01008993,H J. Transport and communication,50,31,9,22,19,6,13
S01008993,K L M N. Financial real estate professional and administrative activities,162,129,24,105,33,12,21
S01008993,O P Q. Public administration education and health,171,159,45,114,12,6,6
S01008993,R S T U. Other,31,20,3,17,11,4,7
S01008994,All people aged 16 to 74 in employment,377,327,103,224,50,12,38
S01008994,A B D E. Agriculture energy and water,12,12,2,10,0,0,0
S01008994,C. Manufacturing,24,20,2,18,4,2,2
S01008994,F. Construction,29,20,1,19,9,1,8
S01008994,G I. Distribution hotels and restaurants,93,81,36,45,12,3,9
S01008994,H J. Transport and communication,41,32,6,26,9,2,7
S01008994,K L M N. Financial real estate professional and administrative activities,71,59,16,43,12,3,9
S01008994,O P Q. Public administration education and health,86,84,33,51,2,1,1
S01008994,R S T U. Other,21,19,7,12,2,0,2
S01008995,All people aged 16 to 74 in employment,477,424,99,325,53,13,40
S01008995,A B D E. Agriculture energy and water,7,7,0,7,0,0,0
S01008995,C. Manufacturing,26,23,0,23,3,0,3
S01008995,F. Construction,20,10,1,9,10,0,10
S01008995,G I. Distribution hotels and restaurants,86,75,28,47,11,2,9
S01008995,H J. Transport and communication,38,31,3,28,7,2,5
S01008995,K L M N. Financial real estate professional and administrative activities,104,93,13,80,11,4,7
S01008995,O P Q. Public administration education and health,175,169,51,118,6,1,5
S01008995,R S T U. Other,21,16,3,13,5,4,1
S01008996,All people aged 16 to 74 in employment,280,257,72,185,23,9,14
S01008996,A B D E. Agriculture energy and water,9,7,0,7,2,0,2
S01008996,C. Manufacturing,15,15,3,12,0,0,0
S01008996,F. Construction,23,15,4,11,8,2,6
S01008996,G I. Distribution hotels and restaurants,76,74,37,37,2,1,1
S01008996,H J. Transport and communication,28,25,0,25,3,0,3
S01008996,K L M N. Financial real estate professional and administrative activities,55,50,9,41,5,4,1
S01008996,O P Q. Public administration education and health,62,60,16,44,2,2,0
S01008996,R S T U. Other,12,11,3,8,1,0,1
S01008997,All people aged 16 to 74 in employment,545,470,121,349,75,17,58
S01008997,A B D E. Agriculture energy and water,24,15,1,14,9,1,8
S01008997,C. Manufacturing,27,25,1,24,2,2,0
S01008997,F. Construction,41,30,0,30,11,3,8
S01008997,G I. Distribution hotels and restaurants,107,98,31,67,9,2,7
S01008997,H J. Transport and communication,54,40,6,34,14,2,12
S01008997,K L M N. Financial real estate professional and administrative activities,129,109,29,80,20,3,17
S01008997,O P Q. Public administration education and health,143,138,48,90,5,2,3
S01008997,R S T U. Other,20,15,5,10,5,2,3
S01008998,All people aged 16 to 74 in employment,265,246,74,172,19,4,15
S01008998,A B D E. Agriculture energy and water,7,7,2,5,0,0,0
S01008998,C. Manufacturing,21,21,3,18,0,0,0
S01008998,F. Construction,21,17,2,15,4,0,4
S01008998,G I. Distribution hotels and restaurants,82,79,36,43,3,0,3
S01008998,H J. Transport and communication,22,21,1,20,1,0,1
S01008998,K L M N. Financial real estate professional and administrative activities,34,32,9,23,2,0,2
S01008998,O P Q. Public administration education and health,68,62,19,43,6,2,4
S01008998,R S T U. Other,10,7,2,5,3,2,1
S01008999,All people aged 16 to 74 in employment,361,332,86,246,29,8,21
S01008999,A B D E. Agriculture energy and water,8,8,1,7,0,0,0
S01008999,C. Manufacturing,26,25,3,22,1,1,0
S01008999,F. Construction,24,21,1,20,3,1,2
S01008999,G I. Distribution hotels and restaurants,75,71,24,47,4,1,3
S01008999,H J. Transport and communication,39,29,6,23,10,2,8
S01008999,K L M N. Financial real estate professional and administrative activities,73,69,12,57,4,1,3
S01008999,O P Q. Public administration education and health,90,87,31,56,3,1,2
S01008999,R S T U. Other,26,22,8,14,4,1,3
S01009000,All people aged 16 to 74 in employment,466,395,93,302,71,19,52
S01009000,A B D E. Agriculture energy and water,17,15,2,13,2,0,2
S01009000,C. Manufacturing,32,30,2,28,2,2,0
S01009000,F. Construction,30,15,0,15,15,3,12
S01009000,G I. Distribution hotels and restaurants,93,78,30,48,15,7,8
S01009000,H J. Transport and communication,36,31,4,27,5,0,5
S01009000,K L M N. Financial real estate professional and administrative activities,107,89,17,72,18,2,16
S01009000,O P Q. Public administration education and health,120,111,27,84,9,3,6
S01009000,R S T U. Other,31,26,11,15,5,2,3
S01009001,All people aged 16 to 74 in employment,410,355,118,237,55,22,33
S01009001,A B D E. Agriculture energy and water,18,15,3,12,3,1,2
S01009001,C. Manufacturing,24,23,0,23,1,1,0
S01009001,F. Construction,31,21,2,19,10,4,6
S01009001,G I. Distribution hotels and restaurants,62,56,29,27,6,2,4
S01009001,H J. Transport and communication,28,22,3,19,6,0,6
S01009001,K L M N. Financial real estate professional and administrative activities,95,80,20,60,15,8,7
S01009001,O P Q. Public administration education and health,131,123,54,69,8,3,5
S01009001,R S T U. Other,21,15,7,8,6,3,3
S01009002,All people aged 16 to 74 in employment,423,367,95,272,56,16,40
S01009002,A B D E. Agriculture energy and water,16,14,2,12,2,0,2
S01009002,C. Manufacturing,19,16,2,14,3,1,2
S01009002,F. Construction,16,12,0,12,4,1,3
S01009002,G I. Distribution hotels and restaurants,46,37,19,18,9,4,5
S01009002,H J. Transport and communication,42,35,9,26,7,1,6
S01009002,K L M N. Financial real estate professional and administrative activities,94,73,19,54,21,5,16
S01009002,O P Q. Public administration education and health,178,173,41,132,5,3,2
S01009002,R S T U. Other,12,7,3,4,5,1,4
S01009003,All people aged 16 to 74 in employment,514,426,93,333,88,29,59
S01009003,A B D E. Agriculture energy and water,10,9,3,6,1,0,1
S01009003,C. Manufacturing,23,17,0,17,6,2,4
S01009003,F. Construction,15,9,2,7,6,2,4
S01009003,G I. Distribution hotels and restaurants,94,80,27,53,14,5,9
S01009003,H J. Transport and communication,41,33,1,32,8,0,8
S01009003,K L M N. Financial real estate professional and administrative activities,160,126,16,110,34,12,22
S01009003,O P Q. Public administration education and health,145,132,34,98,13,6,7
S01009003,R S T U. Other,26,20,10,10,6,2,4
S01009004,All people aged 16 to 74 in employment,375,331,79,252,44,11,33
S01009004,A B D E. Agriculture energy and water,5,5,0,5,0,0,0
S01009004,C. Manufacturing,20,19,0,19,1,0,1
S01009004,F. Construction,27,20,0,20,7,0,7
S01009004,G I. Distribution hotels and restaurants,81,72,30,42,9,1,8
S01009004,H J. Transport and communication,40,34,5,29,6,1,5
S01009004,K L M N. Financial real estate professional and administrative activities,71,62,12,50,9,4,5
S01009004,O P Q. Public administration education and health,114,103,29,74,11,4,7
S01009004,R S T U. Other,17,16,3,13,1,1,0
S01009005,All people aged 16 to 74 in employment,383,348,84,264,35,12,23
S01009005,A B D E. Agriculture energy and water,7,6,0,6,1,0,1
S01009005,C. Manufacturing,30,26,2,24,4,1,3
S01009005,F. Construction,15,12,1,11,3,1,2
S01009005,G I. Distribution hotels and restaurants,83,81,36,45,2,0,2
S01009005,H J. Transport and communication,39,32,3,29,7,1,6
S01009005,K L M N. Financial real estate professional and administrative activities,72,70,10,60,2,1,1
S01009005,O P Q. Public administration education and health,113,105,28,77,8,4,4
S01009005,R S T U. Other,24,16,4,12,8,4,4
S01009006,All people aged 16 to 74 in employment,332,299,85,214,33,13,20
S01009006,A B D E. Agriculture energy and water,7,6,2,4,1,0,1
S01009006,C. Manufacturing,20,18,2,16,2,0,2
S01009006,F. Construction,21,20,2,18,1,0,1
S01009006,G I. Distribution hotels and restaurants,69,64,27,37,5,1,4
S01009006,H J. Transport and communication,25,20,1,19,5,2,3
S01009006,K L M N. Financial real estate professional and administrative activities,70,60,16,44,10,4,6
S01009006,O P Q. Public administration education and health,99,95,30,65,4,3,1
S01009006,R S T U. Other,21,16,5,11,5,3,2
S01009007,All people aged 16 to 74 in employment,323,292,75,217,31,9,22
S01009007,A B D E. Agriculture energy and water,3,3,0,3,0,0,0
S01009007,C. Manufacturing,22,20,0,20,2,0,2
S01009007,F. Construction,20,18,1,17,2,0,2
S01009007,G I. Distribution hotels and restaurants,71,66,23,43,5,0,5
S01009007,H J. Transport and communication,30,24,3,21,6,1,5
S01009007,K L M N. Financial real estate professional and administrative activities,68,62,12,50,6,2,4
S01009007,O P Q. Public administration education and health,93,88,31,57,5,4,1
S01009007,R S T U. Other,16,11,5,6,5,2,3
S01009008,All people aged 16 to 74 in employment,444,383,90,293,61,23,38
S01009008,A B D E. Agriculture energy and water,10,9,0,9,1,0,1
S01009008,C. Manufacturing,27,27,0,27,0,0,0
S01009008,F. Construction,26,20,3,17,6,1,5
S01009008,G I. Distribution hotels and restaurants,69,62,14,48,7,1,6
S01009008,H J. Transport and communication,42,38,4,34,4,2,2
S01009008,K L M N. Financial real estate professional and administrative activities,121,92,21,71,29,15,14
S01009008,O P Q. Public administration education and health,122,113,40,73,9,3,6
S01009008,R S T U. Other,27,22,8,14,5,1,4
S01009009,All people aged 16 to 74 in employment,202,184,47,137,18,8,10
S01009009,A B D E. Agriculture energy and water,3,3,0,3,0,0,0
S01009009,C. Manufacturing,3,2,0,2,1,0,1
S01009009,F. Construction,14,12,0,12,2,2,0
S01009009,G I. Distribution hotels and restaurants,57,56,22,34,1,0,1
S01009009,H J. Transport and communication,25,22,1,21,3,1,2
S01009009,K L M N. Financial real estate professional and administrative activities,40,33,6,27,7,3,4
S01009009,O P Q. Public administration education and health,51,48,16,32,3,2,1
S01009009,R S T U. Other,9,8,2,6,1,0,1
S01009010,All people aged 16 to 74 in employment,614,561,168,393,53,18,35
S01009010,A B D E. Agriculture energy and water,10,10,2,8,0,0,0
S01009010,C. Manufacturing,31,27,1,26,4,2,2
S01009010,F. Construction,32,23,2,21,9,0,9
S01009010,G I. Distribution hotels and restaurants,131,123,60,63,8,1,7
S01009010,H J. Transport and communication,51,48,7,41,3,1,2
S01009010,K L M N. Financial real estate professional and administrative activities,154,136,31,105,18,6,12
S01009010,O P Q. Public administration education and health,181,176,55,121,5,3,2
S01009010,R S T U. Other,24,18,10,8,6,5,1
S01009011,All people aged 16 to 74 in employment,547,496,140,356,51,17,34
S01009011,A B D E. Agriculture energy and water,15,15,3,12,0,0,0
S01009011,C. Manufacturing,29,27,2,25,2,1,1
S01009011,F. Construction,44,37,2,35,7,1,6
S01009011,G I. Distribution hotels and restaurants,100,90,37,53,10,1,9
S01009011,H J. Transport and communication,39,34,6,28,5,2,3
S01009011,K L M N. Financial real estate professional and administrative activities,132,119,23,96,13,6,7
S01009011,O P Q. Public administration education and health,160,154,55,99,6,2,4
S01009011,R S T U. Other,28,20,12,8,8,4,4
S01009012,All people aged 16 to 74 in employment,442,393,119,274,49,10,39
S01009012,A B D E. Agriculture energy and water,4,3,2,1,1,0,1
S01009012,C. Manufacturing,23,22,0,22,1,0,1
S01009012,F. Construction,22,11,0,11,11,1,10
S01009012,G I. Distribution hotels and restaurants,72,66,30,36,6,1,5
S01009012,H J. Transport and communication,39,30,5,25,9,1,8
S01009012,K L M N. Financial real estate professional and administrative activities,107,97,20,77,10,1,9
S01009012,O P Q. Public administration education and health,147,139,56,83,8,5,3
S01009012,R S T U. Other,28,25,6,19,3,1,2
S01009013,All people aged 16 to 74 in employment,512,455,132,323,57,15,42
S01009013,A B D E. Agriculture energy and water,6,6,0,6,0,0,0
S01009013,C. Manufacturing,26,25,2,23,1,0,1
S01009013,F. Construction,29,26,6,20,3,0,3
S01009013,G I. Distribution hotels and restaurants,93,84,38,46,9,0,9
S01009013,H J. Transport and communication,50,39,7,32,11,3,8
S01009013,K L M N. Financial real estate professional and administrative activities,115,103,19,84,12,4,8
S01009013,O P Q. Public administration education and health,167,153,50,103,14,3,11
S01009013,R S T U. Other,26,19,10,9,7,5,2
S01009014,All people aged 16 to 74 in employment,305,248,89,159,57,11,46
S01009014,A B D E. Agriculture energy and water,27,16,1,15,11,3,8
S01009014,C. Manufacturing,21,18,3,15,3,0,3
S01009014,F. Construction,31,16,0,16,15,5,10
S01009014,G I. Distribution hotels and restaurants,64,49,21,28,15,1,14
S01009014,H J. Transport and communication,41,39,7,32,2,1,1
S01009014,K L M N. Financial real estate professional and administrative activities,15,11,6,5,4,1,3
S01009014,O P Q. Public administration education and health,98,95,50,45,3,0,3
S01009014,R S T U. Other,8,4,1,3,4,0,4
S01009015,All people aged 16 to 74 in employment,280,231,82,149,49,9,40
S01009015,A B D E. Agriculture energy and water,26,10,1,9,16,3,13
S01009015,C. Manufacturing,17,15,1,14,2,1,1
S01009015,F. Construction,21,13,1,12,8,0,8
S01009015,G I. Distribution hotels and restaurants,42,32,17,15,10,2,8
S01009015,H J. Transport and communication,47,42,12,30,5,0,5
S01009015,K L M N. Financial real estate professional and administrative activities,14,11,1,10,3,0,3
S01009015,O P Q. Public administration education and health,106,103,46,57,3,1,2
S01009015,R S T U. Other,7,5,3,2,2,2,0
S01009016,All people aged 16 to 74 in employment,230,188,47,141,42,14,28
S01009016,A B D E. Agriculture energy and water,33,16,1,15,17,6,11
S01009016,C. Manufacturing,6,5,1,4,1,0,1
S01009016,F. Construction,31,26,1,25,5,0,5
S01009016,G I. Distribution hotels and restaurants,30,24,12,12,6,2,4
S01009016,H J. Transport and communication,28,24,3,21,4,1,3
S01009016,K L M N. Financial real estate professional and administrative activities,17,16,2,14,1,1,0
S01009016,O P Q. Public administration education and health,77,73,26,47,4,3,1
S01009016,R S T U. Other,8,4,1,3,4,1,3
S01009017,All people aged 16 to 74 in employment,278,232,55,177,46,12,34
S01009017,A B D E. Agriculture energy and water,39,26,2,24,13,1,12
S01009017,C. Manufacturing,4,4,0,4,0,0,0
S01009017,F. Construction,36,23,1,22,13,2,11
S01009017,G I. Distribution hotels and restaurants,60,53,13,40,7,2,5
S01009017,H J. Transport and communication,23,21,3,18,2,1,1
S01009017,K L M N. Financial real estate professional and administrative activities,20,15,2,13,5,2,3
S01009017,O P Q. Public administration education and health,86,83,33,50,3,2,1
S01009017,R S T U. Other,10,7,1,6,3,2,1
S01009018,All people aged 16 to 74 in employment,389,321,84,237,68,23,45
S01009018,A B D E. Agriculture energy and water,55,33,1,32,22,9,13
S01009018,C. Manufacturing,10,7,3,4,3,2,1
S01009018,F. Construction,51,39,2,37,12,2,10
S01009018,G I. Distribution hotels and restaurants,58,52,19,33,6,0,6
S01009018,H J. Transport and communication,37,33,8,25,4,2,2
S01009018,K L M N. Financial real estate professional and administrative activities,43,35,6,29,8,3,5
S01009018,O P Q. Public administration education and health,123,114,40,74,9,3,6
S01009018,R S T U. Other,12,8,5,3,4,2,2
S01009019,All people aged 16 to 74 in employment,278,243,63,180,35,6,29
S01009019,A B D E. Agriculture energy and water,28,20,2,18,8,2,6
S01009019,C. Manufacturing,11,9,1,8,2,0,2
S01009019,F. Construction,24,21,1,20,3,0,3
S01009019,G I. Distribution hotels and restaurants,48,39,15,24,9,3,6
S01009019,H J. Transport and communication,22,20,2,18,2,0,2
S01009019,K L M N. Financial real estate professional and administrative activities,44,38,11,27,6,0,6
S01009019,O P Q. Public administration education and health,92,88,30,58,4,0,4
S01009019,R S T U. Other,9,8,1,7,1,1,0
S01009020,All people aged 16 to 74 in employment,450,401,114,287,49,12,37
S01009020,A B D E. Agriculture energy and water,29,20,3,17,9,3,6
S01009020,C. Manufacturing,11,11,3,8,0,0,0
S01009020,F. Construction,57,38,1,37,19,3,16
S01009020,G I. Distribution hotels and restaurants,71,67,23,44,4,1,3
S01009020,H J. Transport and communication,30,25,1,24,5,0,5
S01009020,K L M N. Financial real estate professional and administrative activities,53,48,5,43,5,3,2
S01009020,O P Q. Public administration education and health,183,179,70,109,4,1,3
S01009020,R S T U. Other,16,13,8,5,3,1,2
S01009021,All people aged 16 to 74 in employment,377,296,99,197,81,14,67
S01009021,A B D E. Agriculture energy and water,44,17,1,16,27,6,21
S01009021,C. Manufacturing,24,19,4,15,5,0,5
S01009021,F. Construction,43,27,2,25,16,1,15
S01009021,G I. Distribution hotels and restaurants,61,48,22,26,13,1,12
S01009021,H J. Transport and communication,24,19,5,14,5,0,5
S01009021,K L M N. Financial real estate professional and administrative activities,29,24,5,19,5,1,4
S01009021,O P Q. Public administration education and health,138,131,57,74,7,3,4
S01009021,R S T U. Other,14,11,3,8,3,2,1
S01009022,All people aged 16 to 74 in employment,444,362,105,257,82,15,67
S01009022,A B D E. Agriculture energy and water,61,32,0,32,29,2,27
S01009022,C. Manufacturing,20,12,3,9,8,1,7
S01009022,F. Construction,26,19,0,19,7,1,6
S01009022,G I. Distribution hotels and restaurants,78,61,27,34,17,3,14
S01009022,H J. Transport and communication,67,64,15,49,3,0,3
S01009022,K L M N. Financial real estate professional and administrative activities,43,34,4,30,9,5,4
S01009022,O P Q. Public administration education and health,132,125,54,71,7,2,5
S01009022,R S T U. Other,17,15,2,13,2,1,1
S01009023,All people aged 16 to 74 in employment,423,292,95,197,131,39,92
S01009023,A B D E. Agriculture energy and water,41,22,2,20,19,3,16
S01009023,C. Manufacturing,20,7,1,6,13,4,9
S01009023,F. Construction,55,29,0,29,26,8,18
S01009023,G I. Distribution hotels and restaurants,88,54,24,30,34,8,26
S01009023,H J. Transport and communication,38,28,2,26,10,8,2
S01009023,K L M N. Financial real estate professional and administrative activities,25,17,5,12,8,3,5
S01009023,O P Q. Public administration education and health,137,128,58,70,9,2,7
S01009023,R S T U. Other,19,7,3,4,12,3,9
S01009024,All people aged 16 to 74 in employment,436,352,100,252,84,19,65
S01009024,A B D E. Agriculture energy and water,55,31,1,30,24,4,20
S01009024,C. Manufacturing,14,9,1,8,5,1,4
S01009024,F. Construction,35,22,4,18,13,4,9
S01009024,G I. Distribution hotels and restaurants,91,68,30,38,23,5,18
S01009024,H J. Transport and communication,46,42,3,39,4,2,2
S01009024,K L M N. Financial real estate professional and administrative activities,39,34,4,30,5,2,3
S01009024,O P Q. Public administration education and health,136,131,51,80,5,0,5
S01009024,R S T U. Other,20,15,6,9,5,1,4
S01009025,All people aged 16 to 74 in employment,439,348,112,236,91,22,69
S01009025,A B D E. Agriculture energy and water,46,33,3,30,13,4,9
S01009025,C. Manufacturing,16,5,0,5,11,2,9
S01009025,F. Construction,61,41,5,36,20,3,17
S01009025,G I. Distribution hotels and restaurants,73,58,24,34,15,2,13
S01009025,H J. Transport and communication,47,37,5,32,10,1,9
S01009025,K L M N. Financial real estate professional and administrative activities,33,26,8,18,7,3,4
S01009025,O P Q. Public administration education and health,143,136,63,73,7,3,4
S01009025,R S T U. Other,20,12,4,8,8,4,4
S01009026,All people aged 16 to 74 in employment,425,356,104,252,69,17,52
S01009026,A B D E. Agriculture energy and water,38,26,1,25,12,1,11
S01009026,C. Manufacturing,22,16,2,14,6,3,3
S01009026,F. Construction,46,28,1,27,18,4,14
S01009026,G I. Distribution hotels and restaurants,63,54,22,32,9,2,7
S01009026,H J. Transport and communication,39,30,8,22,9,2,7
S01009026,K L M N. Financial real estate professional and administrative activities,36,29,3,26,7,3,4
S01009026,O P Q. Public administration education and health,167,163,65,98,4,0,4
S01009026,R S T U. Other,14,10,2,8,4,2,2
S01009027,All people aged 16 to 74 in employment,336,249,80,169,87,30,57
S01009027,A B D E. Agriculture energy and water,46,30,2,28,16,3,13
S01009027,C. Manufacturing,15,9,0,9,6,4,2
S01009027,F. Construction,42,22,3,19,20,5,15
S01009027,G I. Distribution hotels and restaurants,44,31,20,11,13,6,7
S01009027,H J. Transport and communication,32,22,5,17,10,3,7
S01009027,K L M N. Financial real estate professional and administrative activities,34,24,8,16,10,4,6
S01009027,O P Q. Public administration education and health,110,104,41,63,6,3,3
S01009027,R S T U. Other,13,7,1,6,6,2,4
S01009028,All people aged 16 to 74 in employment,235,188,51,137,47,12,35
S01009028,A B D E. Agriculture energy and water,22,17,2,15,5,1,4
S01009028,C. Manufacturing,22,14,2,12,8,1,7
S01009028,F. Construction,35,22,3,19,13,4,9
S01009028,G I. Distribution hotels and restaurants,42,31,9,22,11,1,10
S01009028,H J. Transport and communication,16,15,2,13,1,1,0
S01009028,K L M N. Financial real estate professional and administrative activities,19,16,3,13,3,1,2
S01009028,O P Q. Public administration education and health,65,62,25,37,3,1,2
S01009028,R S T U. Other,14,11,5,6,3,2,1
S01009029,All people aged 16 to 74 in employment,286,229,60,169,57,12,45
S01009029,A B D E. Agriculture energy and water,15,11,0,11,4,1,3
S01009029,C. Manufacturing,45,27,3,24,18,5,13
S01009029,F. Construction,29,23,1,22,6,0,6
S01009029,G I. Distribution hotels and restaurants,36,30,14,16,6,1,5
S01009029,H J. Transport and communication,26,17,2,15,9,1,8
S01009029,K L M N. Financial real estate professional and administrative activities,16,11,3,8,5,0,5
S01009029,O P Q. Public administration education and health,106,101,33,68,5,3,2
S01009029,R S T U. Other,13,9,4,5,4,1,3
S01009030,All people aged 16 to 74 in employment,356,294,86,208,62,20,42
S01009030,A B D E. Agriculture energy and water,23,14,0,14,9,1,8
S01009030,C. Manufacturing,47,33,5,28,14,2,12
S01009030,F. Construction,37,29,0,29,8,0,8
S01009030,G I. Distribution hotels and restaurants,39,33,18,15,6,1,5
S01009030,H J. Transport and communication,34,31,3,28,3,1,2
S01009030,K L M N. Financial real estate professional and administrative activities,37,29,5,24,8,4,4
S01009030,O P Q. Public administration education and health,125,120,54,66,5,4,1
S01009030,R S T U. Other,14,5,1,4,9,7,2
S01009031,All people aged 16 to 74 in employment,365,314,71,243,51,10,41
S01009031,A B D E. Agriculture energy and water,21,17,5,12,4,0,4
S01009031,C. Manufacturing,22,16,1,15,6,1,5
S01009031,F. Construction,54,41,1,40,13,1,12
S01009031,G I. Distribution hotels and restaurants,59,50,20,30,9,4,5
S01009031,H J. Transport and communication,43,39,3,36,4,0,4
S01009031,K L M N. Financial real estate professional and administrative activities,31,27,3,24,4,1,3
S01009031,O P Q. Public administration education and health,123,118,37,81,5,2,3
S01009031,R S T U. Other,12,6,1,5,6,1,5
S01009032,All people aged 16 to 74 in employment,283,239,69,170,44,9,35
S01009032,A B D E. Agriculture energy and water,11,8,0,8,3,2,1
S01009032,C. Manufacturing,17,11,2,9,6,2,4
S01009032,F. Construction,50,36,2,34,14,1,13
S01009032,G I. Distribution hotels and restaurants,55,48,15,33,7,0,7
S01009032,H J. Transport and communication,25,24,4,20,1,0,1
S01009032,K L M N. Financial real estate professional and administrative activities,16,12,1,11,4,0,4
S01009032,O P Q. Public administration education and health,88,86,40,46,2,1,1
S01009032,R S T U. Other,21,14,5,9,7,3,4
S01009033,All people aged 16 to 74 in employment,350,291,99,192,59,14,45
S01009033,A B D E. Agriculture energy and water,17,10,0,10,7,1,6
S01009033,C. Manufacturing,21,11,1,10,10,1,9
S01009033,F. Construction,63,51,2,49,12,1,11
S01009033,G I. Distribution hotels and restaurants,57,48,20,28,9,4,5
S01009033,H J. Transport and communication,34,33,3,30,1,1,0
S01009033,K L M N. Financial real estate professional and administrative activities,21,11,4,7,10,3,7
S01009033,O P Q. Public administration education and health,123,120,64,56,3,1,2
S01009033,R S T U. Other,14,7,5,2,7,2,5
S01009034,All people aged 16 to 74 in employment,312,274,79,195,38,14,24
S01009034,A B D E. Agriculture energy and water,14,13,0,13,1,0,1
S01009034,C. Manufacturing,18,15,2,13,3,2,1
S01009034,F. Construction,49,35,1,34,14,3,11
S01009034,G I. Distribution hotels and restaurants,38,35,15,20,3,0,3
S01009034,H J. Transport and communication,23,23,4,19,0,0,0
S01009034,K L M N. Financial real estate professional and administrative activities,28,21,6,15,7,3,4
S01009034,O P Q. Public administration education and health,126,121,51,70,5,4,1
S01009034,R S T U. Other,16,11,0,11,5,2,3
S01009035,All people aged 16 to 74 in employment,459,397,111,286,62,15,47
S01009035,A B D E. Agriculture energy and water,26,19,1,18,7,0,7
S01009035,C. Manufacturing,21,20,1,19,1,0,1
S01009035,F. Construction,40,30,1,29,10,3,7
S01009035,G I. Distribution hotels and restaurants,86,71,27,44,15,2,13
S01009035,H J. Transport and communication,49,44,3,41,5,2,3
S01009035,K L M N. Financial real estate professional and administrative activities,46,39,7,32,7,0,7
S01009035,O P Q. Public administration education and health,179,169,69,100,10,5,5
S01009035,R S T U. Other,12,5,2,3,7,3,4
S01009036,All people aged 16 to 74 in employment,523,462,131,331,61,17,44
S01009036,A B D E. Agriculture energy and water,34,30,0,30,4,0,4
S01009036,C. Manufacturing,26,22,3,19,4,1,3
S01009036,F. Construction,62,44,3,41,18,1,17
S01009036,G I. Distribution hotels and restaurants,76,67,27,40,9,2,7
S01009036,H J. Transport and communication,53,51,6,45,2,1,1
S01009036,K L M N. Financial real estate professional and administrative activities,37,32,7,25,5,2,3
S01009036,O P Q. Public administration education and health,216,206,80,126,10,6,4
S01009036,R S T U. Other,19,10,5,5,9,4,5
S01009037,All people aged 16 to 74 in employment,464,406,115,291,58,14,44
S01009037,A B D E. Agriculture energy and water,32,30,1,29,2,0,2
S01009037,C. Manufacturing,25,21,2,19,4,3,1
S01009037,F. Construction,59,38,4,34,21,3,18
S01009037,G I. Distribution hotels and restaurants,80,69,24,45,11,1,10
S01009037,H J. Transport and communication,44,41,7,34,3,0,3
S01009037,K L M N. Financial real estate professional and administrative activities,50,46,15,31,4,1,3
S01009037,O P Q. Public administration education and health,157,153,59,94,4,3,1
S01009037,R S T U. Other,17,8,3,5,9,3,6
S01009038,All people aged 16 to 74 in employment,548,488,160,328,60,12,48
S01009038,A B D E. Agriculture energy and water,31,26,1,25,5,1,4
S01009038,C. Manufacturing,27,26,6,20,1,0,1
S01009038,F. Construction,50,40,1,39,10,1,9
S01009038,G I. Distribution hotels and restaurants,113,96,44,52,17,5,12
S01009038,H J. Transport and communication,54,47,9,38,7,1,6
S01009038,K L M N. Financial real estate professional and administrative activities,37,31,9,22,6,1,5
S01009038,O P Q. Public administration education and health,208,198,82,116,10,2,8
S01009038,R S T U. Other,28,24,8,16,4,1,3
S01009039,All people aged 16 to 74 in employment,329,292,94,198,37,7,30
S01009039,A B D E. Agriculture energy and water,15,12,3,9,3,0,3
S01009039,C. Manufacturing,23,20,2,18,3,1,2
S01009039,F. Construction,40,27,0,27,13,1,12
S01009039,G I. Distribution hotels and restaurants,85,76,41,35,9,2,7
S01009039,H J. Transport and communication,28,27,2,25,1,0,1
S01009039,K L M N. Financial real estate professional and administrative activities,28,26,7,19,2,1,1
S01009039,O P Q. Public administration education and health,99,94,34,60,5,2,3
S01009039,R S T U. Other,11,10,5,5,1,0,1
S01009040,All people aged 16 to 74 in employment,322,283,82,201,39,12,27
S01009040,A B D E. Agriculture energy and water,14,10,1,9,4,0,4
S01009040,C. Manufacturing,15,13,2,11,2,0,2
S01009040,F. Construction,30,23,1,22,7,0,7
S01009040,G I. Distribution hotels and restaurants,62,56,26,30,6,2,4
S01009040,H J. Transport and communication,45,41,8,33,4,3,1
S01009040,K L M N. Financial real estate professional and administrative activities,20,19,4,15,1,0,1
S01009040,O P Q. Public administration education and health,127,118,40,78,9,3,6
S01009040,R S T U. Other,9,3,0,3,6,4,2
S01009041,All people aged 16 to 74 in employment,439,374,86,288,65,14,51
S01009041,A B D E. Agriculture energy and water,23,19,0,19,4,0,4
S01009041,C. Manufacturing,22,20,0,20,2,0,2
S01009041,F. Construction,52,36,2,34,16,3,13
S01009041,G I. Distribution hotels and restaurants,93,70,27,43,23,6,17
S01009041,H J. Transport and communication,46,42,1,41,4,1,3
S01009041,K L M N. Financial real estate professional and administrative activities,34,28,11,17,6,0,6
S01009041,O P Q. Public administration education and health,148,144,41,103,4,1,3
S01009041,R S T U. Other,21,15,4,11,6,3,3
S01009042,All people aged 16 to 74 in employment,425,384,110,274,41,14,27
S01009042,A B D E. Agriculture energy and water,14,10,1,9,4,1,3
S01009042,C. Manufacturing,27,25,0,25,2,0,2
S01009042,F. Construction,52,41,4,37,11,5,6
S01009042,G I. Distribution hotels and restaurants,89,84,34,50,5,2,3
S01009042,H J. Transport and communication,36,32,5,27,4,1,3
S01009042,K L M N. Financial real estate professional and administrative activities,42,35,13,22,7,2,5
S01009042,O P Q. Public administration education and health,144,139,46,93,5,1,4
S01009042,R S T U. Other,21,18,7,11,3,2,1
S01009043,All people aged 16 to 74 in employment,326,295,97,198,31,7,24
S01009043,A B D E. Agriculture energy and water,11,10,1,9,1,0,1
S01009043,C. Manufacturing,18,17,2,15,1,0,1
S01009043,F. Construction,39,34,1,33,5,1,4
S01009043,G I. Distribution hotels and restaurants,77,66,37,29,11,3,8
S01009043,H J. Transport and communication,30,27,4,23,3,1,2
S01009043,K L M N. Financial real estate professional and administrative activities,29,28,8,20,1,0,1
S01009043,O P Q. Public administration education and health,110,105,39,66,5,1,4
S01009043,R S T U. Other,12,8,5,3,4,1,3
S01009044,All people aged 16 to 74 in employment,364,328,91,237,36,9,27
S01009044,A B D E. Agriculture energy and water,18,15,1,14,3,0,3
S01009044,C. Manufacturing,23,19,3,16,4,1,3
S01009044,F. Construction,38,31,0,31,7,3,4
S01009044,G I. Distribution hotels and restaurants,74,66,31,35,8,1,7
S01009044,H J. Transport and communication,28,26,2,24,2,0,2
S01009044,K L M N. Financial real estate professional and administrative activities,27,24,6,18,3,0,3
S01009044,O P Q. Public administration education and health,142,137,42,95,5,3,2
S01009044,R S T U. Other,14,10,6,4,4,1,3
S01009045,All people aged 16 to 74 in employment,320,279,84,195,41,7,34
S01009045,A B D E. Agriculture energy and water,21,18,1,17,3,2,1
S01009045,C. Manufacturing,17,15,1,14,2,0,2
S01009045,F. Construction,28,19,0,19,9,1,8
S01009045,G I. Distribution hotels and restaurants,64,56,31,25,8,0,8
S01009045,H J. Transport and communication,36,30,4,26,6,0,6
S01009045,K L M N. Financial real estate professional and administrative activities,25,19,5,14,6,2,4
S01009045,O P Q. Public administration education and health,117,114,39,75,3,0,3
S01009045,R S T U. Other,12,8,3,5,4,2,2
S01009046,All people aged 16 to 74 in employment,439,375,107,268,64,14,50
S01009046,A B D E. Agriculture energy and water,37,29,1,28,8,1,7
S01009046,C. Manufacturing,20,17,2,15,3,0,3
S01009046,F. Construction,48,41,1,40,7,0,7
S01009046,G I. Distribution hotels and restaurants,78,62,29,33,16,2,14
S01009046,H J. Transport and communication,36,31,5,26,5,2,3
S01009046,K L M N. Financial real estate professional and administrative activities,44,34,7,27,10,3,7
S01009046,O P Q. Public administration education and health,164,153,60,93,11,5,6
S01009046,R S T U. Other,12,8,2,6,4,1,3
S01009047,All people aged 16 to 74 in employment,413,368,102,266,45,11,34
S01009047,A B D E. Agriculture energy and water,24,21,1,20,3,1,2
S01009047,C. Manufacturing,14,11,1,10,3,1,2
S01009047,F. Construction,39,30,0,30,9,1,8
S01009047,G I. Distribution hotels and restaurants,77,65,34,31,12,1,11
S01009047,H J. Transport and communication,41,40,6,34,1,0,1
S01009047,K L M N. Financial real estate professional and administrative activities,36,30,8,22,6,4,2
S01009047,O P Q. Public administration education and health,166,163,50,113,3,2,1
S01009047,R S T U. Other,16,8,2,6,8,1,7
S01009048,All people aged 16 to 74 in employment,419,377,102,275,42,15,27
S01009048,A B D E. Agriculture energy and water,27,26,1,25,1,0,1
S01009048,C. Manufacturing,20,15,2,13,5,1,4
S01009048,F. Construction,40,32,2,30,8,2,6
S01009048,G I. Distribution hotels and restaurants,68,58,24,34,10,3,7
S01009048,H J. Transport and communication,43,38,3,35,5,3,2
S01009048,K L M N. Financial real estate professional and administrative activities,38,35,7,28,3,0,3
S01009048,O P Q. Public administration education and health,168,165,62,103,3,2,1
S01009048,R S T U. Other,15,8,1,7,7,4,3
S01009049,All people aged 16 to 74 in employment,296,260,73,187,36,10,26
S01009049,A B D E. Agriculture energy and water,13,11,1,10,2,0,2
S01009049,C. Manufacturing,20,11,2,9,9,2,7
S01009049,F. Construction,31,19,0,19,12,2,10
S01009049,G I. Distribution hotels and restaurants,43,39,18,21,4,2,2
S01009049,H J. Transport and communication,39,36,4,32,3,2,1
S01009049,K L M N. Financial real estate professional and administrative activities,23,21,5,16,2,1,1
S01009049,O P Q. Public administration education and health,120,117,41,76,3,0,3
S01009049,R S T U. Other,7,6,2,4,1,1,0
S01009050,All people aged 16 to 74 in employment,397,359,95,264,38,9,29
S01009050,A B D E. Agriculture energy and water,20,17,1,16,3,0,3
S01009050,C. Manufacturing,39,36,1,35,3,1,2
S01009050,F. Construction,42,33,1,32,9,0,9
S01009050,G I. Distribution hotels and restaurants,76,69,25,44,7,2,5
S01009050,H J. Transport and communication,22,18,3,15,4,1,3
S01009050,K L M N. Financial real estate professional and administrative activities,59,52,18,34,7,3,4
S01009050,O P Q. Public administration education and health,123,122,41,81,1,0,1
S01009050,R S T U. Other,16,12,5,7,4,2,2
S01009051,All people aged 16 to 74 in employment,368,326,85,241,42,5,37
S01009051,A B D E. Agriculture energy and water,8,7,0,7,1,0,1
S01009051,C. Manufacturing,55,54,4,50,1,0,1
S01009051,F. Construction,40,28,0,28,12,1,11
S01009051,G I. Distribution hotels and restaurants,63,61,26,35,2,0,2
S01009051,H J. Transport and communication,40,35,6,29,5,0,5
S01009051,K L M N. Financial real estate professional and administrative activities,48,39,10,29,9,1,8
S01009051,O P Q. Public administration education and health,96,88,34,54,8,1,7
S01009051,R S T U. Other,18,14,5,9,4,2,2
S01009052,All people aged 16 to 74 in employment,320,285,78,207,35,6,29
S01009052,A B D E. Agriculture energy and water,13,13,1,12,0,0,0
S01009052,C. Manufacturing,33,31,2,29,2,0,2
S01009052,F. Construction,31,21,2,19,10,1,9
S01009052,G I. Distribution hotels and restaurants,60,56,25,31,4,0,4
S01009052,H J. Transport and communication,33,25,5,20,8,1,7
S01009052,K L M N. Financial real estate professional and administrative activities,47,42,9,33,5,2,3
S01009052,O P Q. Public administration education and health,91,90,31,59,1,0,1
S01009052,R S T U. Other,12,7,3,4,5,2,3
S01009053,All people aged 16 to 74 in employment,190,179,57,122,11,3,8
S01009053,A B D E. Agriculture energy and water,5,5,0,5,0,0,0
S01009053,C. Manufacturing,23,21,1,20,2,1,1
S01009053,F. Construction,11,10,0,10,1,1,0
S01009053,G I. Distribution hotels and restaurants,55,50,29,21,5,0,5
S01009053,H J. Transport and communication,14,13,2,11,1,0,1
S01009053,K L M N. Financial real estate professional and administrative activities,21,20,8,12,1,1,0
S01009053,O P Q. Public administration education and health,54,54,14,40,0,0,0
S01009053,R S T U. Other,7,6,3,3,1,0,1
S01009054,All people aged 16 to 74 in employment,270,254,66,188,16,5,11
S01009054,A B D E. Agriculture energy and water,11,11,2,9,0,0,0
S01009054,C. Manufacturing,23,23,3,20,0,0,0
S01009054,F. Construction,32,27,2,25,5,0,5
S01009054,G I. Distribution hotels and restaurants,64,60,22,38,4,1,3
S01009054,H J. Transport and communication,22,20,3,17,2,0,2
S01009054,K L M N. Financial real estate professional and administrative activities,25,24,6,18,1,1,0
S01009054,O P Q. Public administration education and health,82,78,22,56,4,3,1
S01009054,R S T U. Other,11,11,6,5,0,0,0
S01009055,All people aged 16 to 74 in employment,453,376,87,289,77,8,69
S01009055,A B D E. Agriculture energy and water,35,17,1,16,18,1,17
S01009055,C. Manufacturing,30,30,2,28,0,0,0
S01009055,F. Construction,61,46,2,44,15,2,13
S01009055,G I. Distribution hotels and restaurants,86,75,27,48,11,0,11
S01009055,H J. Transport and communication,27,22,3,19,5,1,4
S01009055,K L M N. Financial real estate professional and administrative activities,69,57,16,41,12,2,10
S01009055,O P Q. Public administration education and health,122,115,31,84,7,0,7
S01009055,R S T U. Other,23,14,5,9,9,2,7
S01009056,All people aged 16 to 74 in employment,219,191,57,134,28,4,24
S01009056,A B D E. Agriculture energy and water,9,8,1,7,1,0,1
S01009056,C. Manufacturing,24,20,1,19,4,1,3
S01009056,F. Construction,25,16,0,16,9,0,9
S01009056,G I. Distribution hotels and restaurants,59,54,23,31,5,0,5
S01009056,H J. Transport and communication,21,19,2,17,2,0,2
S01009056,K L M N. Financial real estate professional and administrative activities,20,16,6,10,4,3,1
S01009056,O P Q. Public administration education and health,53,51,21,30,2,0,2
S01009056,R S T U. Other,8,7,3,4,1,0,1
S01009057,All people aged 16 to 74 in employment,236,214,62,152,22,2,20
S01009057,A B D E. Agriculture energy and water,12,12,2,10,0,0,0
S01009057,C. Manufacturing,15,15,0,15,0,0,0
S01009057,F. Construction,30,18,1,17,12,0,12
S01009057,G I. Distribution hotels and restaurants,67,63,27,36,4,1,3
S01009057,H J. Transport and communication,11,10,0,10,1,1,0
S01009057,K L M N. Financial real estate professional and administrative activities,22,22,4,18,0,0,0
S01009057,O P Q. Public administration education and health,66,66,24,42,0,0,0
S01009057,R S T U. Other,13,8,4,4,5,0,5
S01009058,All people aged 16 to 74 in employment,357,334,74,260,23,9,14
S01009058,A B D E. Agriculture energy and water,24,23,1,22,1,1,0
S01009058,C. Manufacturing,34,33,1,32,1,0,1
S01009058,F. Construction,33,29,2,27,4,1,3
S01009058,G I. Distribution hotels and restaurants,77,74,29,45,3,1,2
S01009058,H J. Transport and communication,19,16,3,13,3,2,1
S01009058,K L M N. Financial real estate professional and administrative activities,52,51,5,46,1,0,1
S01009058,O P Q. Public administration education and health,100,96,30,66,4,1,3
S01009058,R S T U. Other,18,12,3,9,6,3,3
S01009059,All people aged 16 to 74 in employment,474,415,103,312,59,10,49
S01009059,A B D E. Agriculture energy and water,15,14,1,13,1,0,1
S01009059,C. Manufacturing,51,51,1,50,0,0,0
S01009059,F. Construction,49,33,1,32,16,0,16
S01009059,G I. Distribution hotels and restaurants,89,78,34,44,11,3,8
S01009059,H J. Transport and communication,43,33,4,29,10,0,10
S01009059,K L M N. Financial real estate professional and administrative activities,67,58,13,45,9,2,7
S01009059,O P Q. Public administration education and health,138,132,47,85,6,3,3
S01009059,R S T U. Other,22,16,2,14,6,2,4
S01009060,All people aged 16 to 74 in employment,329,278,59,219,51,10,41
S01009060,A B D E. Agriculture energy and water,17,13,0,13,4,0,4
S01009060,C. Manufacturing,32,30,4,26,2,0,2
S01009060,F. Construction,37,25,2,23,12,3,9
S01009060,G I. Distribution hotels and restaurants,62,48,15,33,14,4,10
S01009060,H J. Transport and communication,16,10,2,8,6,0,6
S01009060,K L M N. Financial real estate professional and administrative activities,47,43,7,36,4,1,3
S01009060,O P Q. Public administration education and health,103,96,22,74,7,1,6
S01009060,R S T U. Other,15,13,7,6,2,1,1
S01009061,All people aged 16 to 74 in employment,433,406,132,274,27,8,19
S01009061,A B D E. Agriculture energy and water,9,8,1,7,1,0,1
S01009061,C. Manufacturing,46,46,3,43,0,0,0
S01009061,F. Construction,43,34,0,34,9,2,7
S01009061,G I. Distribution hotels and restaurants,118,116,62,54,2,1,1
S01009061,H J. Transport and communication,27,24,2,22,3,1,2
S01009061,K L M N. Financial real estate professional and administrative activities,54,48,13,35,6,1,5
S01009061,O P Q. Public administration education and health,123,119,47,72,4,2,2
S01009061,R S T U. Other,13,11,4,7,2,1,1
S01009062,All people aged 16 to 74 in employment,271,250,84,166,21,5,16
S01009062,A B D E. Agriculture energy and water,10,9,0,9,1,0,1
S01009062,C. Manufacturing,30,29,1,28,1,0,1
S01009062,F. Construction,28,22,0,22,6,0,6
S01009062,G I. Distribution hotels and restaurants,60,55,28,27,5,1,4
S01009062,H J. Transport and communication,18,16,3,13,2,2,0
S01009062,K L M N. Financial real estate professional and administrative activities,33,33,11,22,0,0,0
S01009062,O P Q. Public administration education and health,78,77,35,42,1,0,1
S01009062,R S T U. Other,14,9,6,3,5,2,3
S01009063,All people aged 16 to 74 in employment,390,358,103,255,32,5,27
S01009063,A B D E. Agriculture energy and water,13,11,2,9,2,0,2
S01009063,C. Manufacturing,37,35,1,34,2,1,1
S01009063,F. Construction,38,30,1,29,8,0,8
S01009063,G I. Distribution hotels and restaurants,94,88,43,45,6,1,5
S01009063,H J. Transport and communication,27,25,1,24,2,0,2
S01009063,K L M N. Financial real estate professional and administrative activities,39,34,10,24,5,1,4
S01009063,O P Q. Public administration education and health,126,124,42,82,2,1,1
S01009063,R S T U. Other,16,11,3,8,5,1,4
S01009064,All people aged 16 to 74 in employment,272,258,64,194,14,2,12
S01009064,A B D E. Agriculture energy and water,6,6,1,5,0,0,0
S01009064,C. Manufacturing,31,31,2,29,0,0,0
S01009064,F. Construction,37,32,2,30,5,0,5
S01009064,G I. Distribution hotels and restaurants,48,46,22,24,2,0,2
S01009064,H J. Transport and communication,19,16,2,14,3,0,3
S01009064,K L M N. Financial real estate professional and administrative activities,39,38,8,30,1,0,1
S01009064,O P Q. Public administration education and health,86,83,22,61,3,2,1
S01009064,R S T U. Other,6,6,5,1,0,0,0
S01009065,All people aged 16 to 74 in employment,268,243,74,169,25,7,18
S01009065,A B D E. Agriculture energy and water,16,14,3,11,2,1,1
S01009065,C. Manufacturing,22,20,1,19,2,1,1
S01009065,F. Construction,34,26,0,26,8,1,7
S01009065,G I. Distribution hotels and restaurants,66,62,29,33,4,2,2
S01009065,H J. Transport and communication,15,11,4,7,4,1,3
S01009065,K L M N. Financial real estate professional and administrative activities,42,39,7,32,3,0,3
S01009065,O P Q. Public administration education and health,64,62,25,37,2,1,1
S01009065,R S T U. Other,9,9,5,4,0,0,0
S01009066,All people aged 16 to 74 in employment,323,299,86,213,24,7,17
S01009066,A B D E. Agriculture energy and water,10,10,1,9,0,0,0
S01009066,C. Manufacturing,31,31,4,27,0,0,0
S01009066,F. Construction,42,32,2,30,10,1,9
S01009066,G I. Distribution hotels and restaurants,65,60,29,31,5,1,4
S01009066,H J. Transport and communication,34,32,3,29,2,0,2
S01009066,K L M N. Financial real estate professional and administrative activities,33,30,7,23,3,2,1
S01009066,O P Q. Public administration education and health,97,95,36,59,2,2,0
S01009066,R S T U. Other,11,9,4,5,2,1,1
S01009067,All people aged 16 to 74 in employment,502,445,112,333,57,9,48
S01009067,A B D E. Agriculture energy and water,9,6,0,6,3,0,3
S01009067,C. Manufacturing,61,58,4,54,3,0,3
S01009067,F. Construction,49,32,1,31,17,3,14
S01009067,G I. Distribution hotels and restaurants,96,87,40,47,9,0,9
S01009067,H J. Transport and communication,36,30,3,27,6,0,6
S01009067,K L M N. Financial real estate professional and administrative activities,62,53,12,41,9,2,7
S01009067,O P Q. Public administration education and health,178,172,48,124,6,2,4
S01009067,R S T U. Other,11,7,4,3,4,2,2
S01009068,All people aged 16 to 74 in employment,463,428,108,320,35,6,29
S01009068,A B D E. Agriculture energy and water,21,21,3,18,0,0,0
S01009068,C. Manufacturing,50,47,4,43,3,1,2
S01009068,F. Construction,52,40,1,39,12,1,11
S01009068,G I. Distribution hotels and restaurants,103,95,42,53,8,2,6
S01009068,H J. Transport and communication,34,31,4,27,3,1,2
S01009068,K L M N. Financial real estate professional and administrative activities,51,49,12,37,2,0,2
S01009068,O P Q. Public administration education and health,135,132,36,96,3,0,3
S01009068,R S T U. Other,17,13,6,7,4,1,3
S01009069,All people aged 16 to 74 in employment,380,337,75,262,43,6,37
S01009069,A B D E. Agriculture energy and water,5,3,1,2,2,0,2
S01009069,C. Manufacturing,48,47,0,47,1,0,1
S01009069,F. Construction,44,30,1,29,14,0,14
S01009069,G I. Distribution hotels and restaurants,53,46,18,28,7,2,5
S01009069,H J. Transport and communication,27,24,0,24,3,0,3
S01009069,K L M N. Financial real estate professional and administrative activities,42,36,9,27,6,1,5
S01009069,O P Q. Public administration education and health,143,138,40,98,5,0,5
S01009069,R S T U. Other,18,13,6,7,5,3,2
S01009070,All people aged 16 to 74 in employment,354,310,79,231,44,11,33
S01009070,A B D E. Agriculture energy and water,11,10,1,9,1,0,1
S01009070,C. Manufacturing,36,33,3,30,3,0,3
S01009070,F. Construction,26,14,0,14,12,0,12
S01009070,G I. Distribution hotels and restaurants,81,72,27,45,9,1,8
S01009070,H J. Transport and communication,33,27,6,21,6,2,4
S01009070,K L M N. Financial real estate professional and administrative activities,46,40,9,31,6,4,2
S01009070,O P Q. Public administration education and health,105,102,29,73,3,2,1
S01009070,R S T U. Other,16,12,4,8,4,2,2
S01009071,All people aged 16 to 74 in employment,254,217,61,156,37,6,31
S01009071,A B D E. Agriculture energy and water,15,11,0,11,4,1,3
S01009071,C. Manufacturing,35,33,5,28,2,0,2
S01009071,F. Construction,32,20,1,19,12,2,10
S01009071,G I. Distribution hotels and restaurants,44,39,16,23,5,1,4
S01009071,H J. Transport and communication,19,13,1,12,6,1,5
S01009071,K L M N. Financial real estate professional and administrative activities,32,28,7,21,4,1,3
S01009071,O P Q. Public administration education and health,67,65,28,37,2,0,2
S01009071,R S T U. Other,10,8,3,5,2,0,2
S01009072,All people aged 16 to 74 in employment,263,224,59,165,39,9,30
S01009072,A B D E. Agriculture energy and water,9,7,1,6,2,1,1
S01009072,C. Manufacturing,23,22,1,21,1,0,1
S01009072,F. Construction,31,22,0,22,9,1,8
S01009072,G I. Distribution hotels and restaurants,58,51,19,32,7,0,7
S01009072,H J. Transport and communication,19,14,4,10,5,1,4
S01009072,K L M N. Financial real estate professional and administrative activities,34,31,6,25,3,2,1
S01009072,O P Q. Public administration education and health,75,71,26,45,4,1,3
S01009072,R S T U. Other,14,6,2,4,8,3,5
S01009073,All people aged 16 to 74 in employment,258,232,76,156,26,8,18
S01009073,A B D E. Agriculture energy and water,5,4,0,4,1,0,1
S01009073,C. Manufacturing,24,24,3,21,0,0,0
S01009073,F. Construction,31,25,1,24,6,0,6
S01009073,G I. Distribution hotels and restaurants,73,67,36,31,6,1,5
S01009073,H J. Transport and communication,24,19,6,13,5,2,3
S01009073,K L M N. Financial real estate professional and administrative activities,20,16,1,15,4,3,1
S01009073,O P Q. Public administration education and health,73,71,28,43,2,2,0
S01009073,R S T U. Other,8,6,1,5,2,0,2
S01009074,All people aged 16 to 74 in employment,329,304,101,203,25,3,22
S01009074,A B D E. Agriculture energy and water,11,10,3,7,1,0,1
S01009074,C. Manufacturing,37,36,2,34,1,1,0
S01009074,F. Construction,42,31,1,30,11,0,11
S01009074,G I. Distribution hotels and restaurants,84,80,40,40,4,0,4
S01009074,H J. Transport and communication,19,17,1,16,2,0,2
S01009074,K L M N. Financial real estate professional and administrative activities,39,35,17,18,4,1,3
S01009074,O P Q. Public administration education and health,87,86,32,54,1,0,1
S01009074,R S T U. Other,10,9,5,4,1,1,0
S01009075,All people aged 16 to 74 in employment,243,212,63,149,31,7,24
S01009075,A B D E. Agriculture energy and water,5,4,1,3,1,0,1
S01009075,C. Manufacturing,24,21,3,18,3,0,3
S01009075,F. Construction,28,21,1,20,7,0,7
S01009075,G I. Distribution hotels and restaurants,59,53,24,29,6,1,5
S01009075,H J. Transport and communication,25,21,6,15,4,0,4
S01009075,K L M N. Financial real estate professional and administrative activities,25,21,6,15,4,2,2
S01009075,O P Q. Public administration education and health,63,60,18,42,3,2,1
S01009075,R S T U. Other,14,11,4,7,3,2,1
S01009076,All people aged 16 to 74 in employment,550,487,118,369,63,12,51
S01009076,A B D E. Agriculture energy and water,16,15,1,14,1,0,1
S01009076,C. Manufacturing,52,50,2,48,2,1,1
S01009076,F. Construction,59,44,2,42,15,1,14
S01009076,G I. Distribution hotels and restaurants,97,92,45,47,5,1,4
S01009076,H J. Transport and communication,64,51,7,44,13,3,10
S01009076,K L M N. Financial real estate professional and administrative activities,68,58,13,45,10,3,7
S01009076,O P Q. Public administration education and health,168,160,43,117,8,1,7
S01009076,R S T U. Other,26,17,5,12,9,2,7
S01009077,All people aged 16 to 74 in employment,317,285,74,211,32,10,22
S01009077,A B D E. Agriculture energy and water,13,13,0,13,0,0,0
S01009077,C. Manufacturing,29,29,0,29,0,0,0
S01009077,F. Construction,32,25,3,22,7,1,6
S01009077,G I. Distribution hotels and restaurants,64,59,28,31,5,1,4
S01009077,H J. Transport and communication,26,17,2,15,9,3,6
S01009077,K L M N. Financial real estate professional and administrative activities,53,46,10,36,7,2,5
S01009077,O P Q. Public administration education and health,91,89,29,60,2,1,1
S01009077,R S T U. Other,9,7,2,5,2,2,0
S01009078,All people aged 16 to 74 in employment,460,420,85,335,40,10,30
S01009078,A B D E. Agriculture energy and water,15,15,2,13,0,0,0
S01009078,C. Manufacturing,52,49,3,46,3,1,2
S01009078,F. Construction,40,32,1,31,8,0,8
S01009078,G I. Distribution hotels and restaurants,59,58,16,42,1,0,1
S01009078,H J. Transport and communication,35,31,1,30,4,0,4
S01009078,K L M N. Financial real estate professional and administrative activities,75,72,13,59,3,1,2
S01009078,O P Q. Public administration education and health,165,152,46,106,13,5,8
S01009078,R S T U. Other,19,11,3,8,8,3,5
S01009079,All people aged 16 to 74 in employment,377,342,97,245,35,6,29
S01009079,A B D E. Agriculture energy and water,22,21,3,18,1,0,1
S01009079,C. Manufacturing,45,43,2,41,2,2,0
S01009079,F. Construction,36,29,0,29,7,0,7
S01009079,G I. Distribution hotels and restaurants,85,79,35,44,6,0,6
S01009079,H J. Transport and communication,27,21,2,19,6,2,4
S01009079,K L M N. Financial real estate professional and administrative activities,34,31,6,25,3,0,3
S01009079,O P Q. Public administration education and health,115,110,45,65,5,0,5
S01009079,R S T U. Other,13,8,4,4,5,2,3
S01009080,All people aged 16 to 74 in employment,416,373,112,261,43,13,30
S01009080,A B D E. Agriculture energy and water,15,13,0,13,2,1,1
S01009080,C. Manufacturing,74,69,6,63,5,2,3
S01009080,F. Construction,48,37,4,33,11,1,10
S01009080,G I. Distribution hotels and restaurants,83,78,41,37,5,1,4
S01009080,H J. Transport and communication,27,23,2,21,4,0,4
S01009080,K L M N. Financial real estate professional and administrative activities,32,30,4,26,2,2,0
S01009080,O P Q. Public administration education and health,115,109,49,60,6,2,4
S01009080,R S T U. Other,22,14,6,8,8,4,4
S01009081,All people aged 16 to 74 in employment,332,292,59,233,40,6,34
S01009081,A B D E. Agriculture energy and water,4,4,0,4,0,0,0
S01009081,C. Manufacturing,43,40,1,39,3,0,3
S01009081,F. Construction,43,30,3,27,13,0,13
S01009081,G I. Distribution hotels and restaurants,62,60,20,40,2,0,2
S01009081,H J. Transport and communication,21,14,2,12,7,0,7
S01009081,K L M N. Financial real estate professional and administrative activities,39,35,8,27,4,1,3
S01009081,O P Q. Public administration education and health,108,102,23,79,6,3,3
S01009081,R S T U. Other,12,7,2,5,5,2,3
S01009082,All people aged 16 to 74 in employment,464,408,116,292,56,10,46
S01009082,A B D E. Agriculture energy and water,17,17,1,16,0,0,0
S01009082,C. Manufacturing,61,57,2,55,4,1,3
S01009082,F. Construction,57,40,5,35,17,1,16
S01009082,G I. Distribution hotels and restaurants,105,95,48,47,10,0,10
S01009082,H J. Transport and communication,35,27,2,25,8,3,5
S01009082,K L M N. Financial real estate professional and administrative activities,40,33,17,16,7,2,5
S01009082,O P Q. Public administration education and health,130,126,36,90,4,0,4
S01009082,R S T U. Other,19,13,5,8,6,3,3
S01009083,All people aged 16 to 74 in employment,371,344,86,258,27,7,20
S01009083,A B D E. Agriculture energy and water,12,11,0,11,1,1,0
S01009083,C. Manufacturing,59,57,3,54,2,0,2
S01009083,F. Construction,38,33,3,30,5,0,5
S01009083,G I. Distribution hotels and restaurants,90,85,35,50,5,1,4
S01009083,H J. Transport and communication,24,21,1,20,3,0,3
S01009083,K L M N. Financial real estate professional and administrative activities,29,25,4,21,4,1,3
S01009083,O P Q. Public administration education and health,105,103,37,66,2,2,0
S01009083,R S T U. Other,14,9,3,6,5,2,3
S01009084,All people aged 16 to 74 in employment,255,203,49,154,52,5,47
S01009084,A B D E. Agriculture energy and water,13,6,1,5,7,1,6
S01009084,C. Manufacturing,25,24,3,21,1,0,1
S01009084,F. Construction,31,15,1,14,16,1,15
S01009084,G I. Distribution hotels and restaurants,49,35,13,22,14,1,13
S01009084,H J. Transport and communication,22,19,1,18,3,0,3
S01009084,K L M N. Financial real estate professional and administrative activities,29,26,5,21,3,1,2
S01009084,O P Q. Public administration education and health,75,72,21,51,3,1,2
S01009084,R S T U. Other,11,6,4,2,5,0,5
S01009085,All people aged 16 to 74 in employment,497,458,99,359,39,7,32
S01009085,A B D E. Agriculture energy and water,15,15,3,12,0,0,0
S01009085,C. Manufacturing,50,48,3,45,2,1,1
S01009085,F. Construction,50,39,5,34,11,2,9
S01009085,G I. Distribution hotels and restaurants,95,92,30,62,3,2,1
S01009085,H J. Transport and communication,42,32,2,30,10,0,10
S01009085,K L M N. Financial real estate professional and administrative activities,74,71,13,58,3,2,1
S01009085,O P Q. Public administration education and health,157,152,39,113,5,0,5
S01009085,R S T U. Other,14,9,4,5,5,0,5
S01009086,All people aged 16 to 74 in employment,349,314,91,223,35,15,20
S01009086,A B D E. Agriculture energy and water,12,11,0,11,1,0,1
S01009086,C. Manufacturing,33,33,1,32,0,0,0
S01009086,F. Construction,35,27,4,23,8,3,5
S01009086,G I. Distribution hotels and restaurants,82,76,29,47,6,0,6
S01009086,H J. Transport and communication,29,22,4,18,7,3,4
S01009086,K L M N. Financial real estate professional and administrative activities,38,34,14,20,4,4,0
S01009086,O P Q. Public administration education and health,101,97,35,62,4,1,3
S01009086,R S T U. Other,19,14,4,10,5,4,1
S01009087,All people aged 16 to 74 in employment,272,252,68,184,20,7,13
S01009087,A B D E. Agriculture energy and water,6,6,0,6,0,0,0
S01009087,C. Manufacturing,32,30,0,30,2,1,1
S01009087,F. Construction,37,22,1,21,15,5,10
S01009087,G I. Distribution hotels and restaurants,60,60,27,33,0,0,0
S01009087,H J. Transport and communication,14,13,0,13,1,0,1
S01009087,K L M N. Financial real estate professional and administrative activities,34,34,5,29,0,0,0
S01009087,O P Q. Public administration education and health,76,74,30,44,2,1,1
S01009087,R S T U. Other,13,13,5,8,0,0,0
S01009088,All people aged 16 to 74 in employment,517,443,121,322,74,13,61
S01009088,A B D E. Agriculture energy and water,13,7,0,7,6,0,6
S01009088,C. Manufacturing,47,44,2,42,3,1,2
S01009088,F. Construction,45,33,4,29,12,3,9
S01009088,G I. Distribution hotels and restaurants,103,86,39,47,17,0,17
S01009088,H J. Transport and communication,40,35,4,31,5,0,5
S01009088,K L M N. Financial real estate professional and administrative activities,79,65,13,52,14,2,12
S01009088,O P Q. Public administration education and health,172,162,54,108,10,4,6
S01009088,R S T U. Other,18,11,5,6,7,3,4
S01009089,All people aged 16 to 74 in employment,529,468,132,336,61,12,49
S01009089,A B D E. Agriculture energy and water,16,14,1,13,2,0,2
S01009089,C. Manufacturing,58,55,1,54,3,0,3
S01009089,F. Construction,33,24,1,23,9,1,8
S01009089,G I. Distribution hotels and restaurants,83,65,33,32,18,2,16
S01009089,H J. Transport and communication,30,27,4,23,3,0,3
S01009089,K L M N. Financial real estate professional and administrative activities,116,105,23,82,11,4,7
S01009089,O P Q. Public administration education and health,173,164,65,99,9,4,5
S01009089,R S T U. Other,20,14,4,10,6,1,5
S01009090,All people aged 16 to 74 in employment,532,481,88,393,51,7,44
S01009090,A B D E. Agriculture energy and water,23,20,1,19,3,0,3
S01009090,C. Manufacturing,44,41,5,36,3,0,3
S01009090,F. Construction,47,34,5,29,13,1,12
S01009090,G I. Distribution hotels and restaurants,90,78,20,58,12,0,12
S01009090,H J. Transport and communication,31,29,5,24,2,0,2
S01009090,K L M N. Financial real estate professional and administrative activities,112,102,12,90,10,1,9
S01009090,O P Q. Public administration education and health,171,166,36,130,5,4,1
S01009090,R S T U. Other,14,11,4,7,3,1,2
S01009091,All people aged 16 to 74 in employment,388,352,102,250,36,8,28
S01009091,A B D E. Agriculture energy and water,19,18,3,15,1,0,1
S01009091,C. Manufacturing,40,37,1,36,3,1,2
S01009091,F. Construction,24,22,2,20,2,0,2
S01009091,G I. Distribution hotels and restaurants,64,55,26,29,9,1,8
S01009091,H J. Transport and communication,26,22,4,18,4,0,4
S01009091,K L M N. Financial real estate professional and administrative activities,95,86,13,73,9,2,7
S01009091,O P Q. Public administration education and health,110,104,49,55,6,3,3
S01009091,R S T U. Other,10,8,4,4,2,1,1
S01009092,All people aged 16 to 74 in employment,500,462,125,337,38,10,28
S01009092,A B D E. Agriculture energy and water,19,19,2,17,0,0,0
S01009092,C. Manufacturing,51,47,2,45,4,0,4
S01009092,F. Construction,30,23,2,21,7,1,6
S01009092,G I. Distribution hotels and restaurants,109,99,38,61,10,1,9
S01009092,H J. Transport and communication,35,35,1,34,0,0,0
S01009092,K L M N. Financial real estate professional and administrative activities,74,67,21,46,7,3,4
S01009092,O P Q. Public administration education and health,155,151,52,99,4,3,1
S01009092,R S T U. Other,27,21,7,14,6,2,4
S01009093,All people aged 16 to 74 in employment,375,339,111,228,36,12,24
S01009093,A B D E. Agriculture energy and water,4,4,1,3,0,0,0
S01009093,C. Manufacturing,33,31,1,30,2,0,2
S01009093,F. Construction,29,22,1,21,7,1,6
S01009093,G I. Distribution hotels and restaurants,96,88,48,40,8,4,4
S01009093,H J. Transport and communication,38,27,2,25,11,2,9
S01009093,K L M N. Financial real estate professional and administrative activities,53,51,16,35,2,1,1
S01009093,O P Q. Public administration education and health,101,98,34,64,3,2,1
S01009093,R S T U. Other,21,18,8,10,3,2,1
S01009094,All people aged 16 to 74 in employment,295,272,67,205,23,10,13
S01009094,A B D E. Agriculture energy and water,12,11,0,11,1,1,0
S01009094,C. Manufacturing,32,30,4,26,2,0,2
S01009094,F. Construction,18,14,0,14,4,1,3
S01009094,G I. Distribution hotels and restaurants,52,47,18,29,5,3,2
S01009094,H J. Transport and communication,18,17,2,15,1,0,1
S01009094,K L M N. Financial real estate professional and administrative activities,47,42,6,36,5,1,4
S01009094,O P Q. Public administration education and health,103,101,34,67,2,1,1
S01009094,R S T U. Other,13,10,3,7,3,3,0
S01009095,All people aged 16 to 74 in employment,395,332,92,240,63,18,45
S01009095,A B D E. Agriculture energy and water,16,14,1,13,2,0,2
S01009095,C. Manufacturing,31,28,1,27,3,0,3
S01009095,F. Construction,26,15,1,14,11,2,9
S01009095,G I. Distribution hotels and restaurants,87,73,38,35,14,5,9
S01009095,H J. Transport and communication,26,21,4,17,5,1,4
S01009095,K L M N. Financial real estate professional and administrative activities,65,50,9,41,15,5,10
S01009095,O P Q. Public administration education and health,125,113,29,84,12,4,8
S01009095,R S T U. Other,19,18,9,9,1,1,0
S01009096,All people aged 16 to 74 in employment,527,467,109,358,60,14,46
S01009096,A B D E. Agriculture energy and water,12,11,0,11,1,0,1
S01009096,C. Manufacturing,34,29,1,28,5,0,5
S01009096,F. Construction,38,26,5,21,12,0,12
S01009096,G I. Distribution hotels and restaurants,86,76,27,49,10,2,8
S01009096,H J. Transport and communication,39,35,3,32,4,2,2
S01009096,K L M N. Financial real estate professional and administrative activities,122,108,22,86,14,4,10
S01009096,O P Q. Public administration education and health,183,172,48,124,11,6,5
S01009096,R S T U. Other,13,10,3,7,3,0,3
S01009097,All people aged 16 to 74 in employment,496,464,111,353,32,11,21
S01009097,A B D E. Agriculture energy and water,18,18,2,16,0,0,0
S01009097,C. Manufacturing,57,54,2,52,3,1,2
S01009097,F. Construction,33,27,2,25,6,2,4
S01009097,G I. Distribution hotels and restaurants,85,79,32,47,6,1,5
S01009097,H J. Transport and communication,43,36,6,30,7,3,4
S01009097,K L M N. Financial real estate professional and administrative activities,82,77,17,60,5,3,2
S01009097,O P Q. Public administration education and health,168,165,47,118,3,0,3
S01009097,R S T U. Other,10,8,3,5,2,1,1
S01009098,All people aged 16 to 74 in employment,245,211,60,151,34,17,17
S01009098,A B D E. Agriculture energy and water,5,5,0,5,0,0,0
S01009098,C. Manufacturing,22,20,0,20,2,1,1
S01009098,F. Construction,24,19,0,19,5,3,2
S01009098,G I. Distribution hotels and restaurants,50,43,26,17,7,3,4
S01009098,H J. Transport and communication,12,9,1,8,3,2,1
S01009098,K L M N. Financial real estate professional and administrative activities,40,30,7,23,10,3,7
S01009098,O P Q. Public administration education and health,80,73,21,52,7,5,2
S01009098,R S T U. Other,12,12,5,7,0,0,0
S01009099,All people aged 16 to 74 in employment,361,336,90,246,25,4,21
S01009099,A B D E. Agriculture energy and water,11,10,2,8,1,0,1
S01009099,C. Manufacturing,43,43,4,39,0,0,0
S01009099,F. Construction,40,31,2,29,9,2,7
S01009099,G I. Distribution hotels and restaurants,71,63,26,37,8,0,8
S01009099,H J. Transport and communication,27,24,7,17,3,1,2
S01009099,K L M N. Financial real estate professional and administrative activities,45,44,15,29,1,0,1
S01009099,O P Q. Public administration education and health,112,111,31,80,1,1,0
S01009099,R S T U. Other,12,10,3,7,2,0,2
S01009100,All people aged 16 to 74 in employment,316,286,83,203,30,6,24
S01009100,A B D E. Agriculture energy and water,5,5,0,5,0,0,0
S01009100,C. Manufacturing,29,27,4,23,2,1,1
S01009100,F. Construction,29,23,1,22,6,0,6
S01009100,G I. Distribution hotels and restaurants,80,73,33,40,7,0,7
S01009100,H J. Transport and communication,31,24,3,21,7,0,7
S01009100,K L M N. Financial real estate professional and administrative activities,40,35,6,29,5,3,2
S01009100,O P Q. Public administration education and health,90,89,30,59,1,1,0
S01009100,R S T U. Other,12,10,6,4,2,1,1
S01009101,All people aged 16 to 74 in employment,451,415,128,287,36,17,19
S01009101,A B D E. Agriculture energy and water,13,12,1,11,1,0,1
S01009101,C. Manufacturing,57,56,2,54,1,0,1
S01009101,F. Construction,34,28,1,27,6,2,4
S01009101,G I. Distribution hotels and restaurants,117,107,45,62,10,4,6
S01009101,H J. Transport and communication,35,29,7,22,6,1,5
S01009101,K L M N. Financial real estate professional and administrative activities,56,51,18,33,5,3,2
S01009101,O P Q. Public administration education and health,125,122,48,74,3,3,0
S01009101,R S T U. Other,14,10,6,4,4,4,0
S01009102,All people aged 16 to 74 in employment,341,320,109,211,21,5,16
S01009102,A B D E. Agriculture energy and water,6,6,3,3,0,0,0
S01009102,C. Manufacturing,42,41,4,37,1,0,1
S01009102,F. Construction,38,30,3,27,8,1,7
S01009102,G I. Distribution hotels and restaurants,80,79,40,39,1,1,0
S01009102,H J. Transport and communication,22,16,4,12,6,0,6
S01009102,K L M N. Financial real estate professional and administrative activities,51,48,20,28,3,2,1
S01009102,O P Q. Public administration education and health,92,91,32,59,1,1,0
S01009102,R S T U. Other,10,9,3,6,1,0,1
S01009103,All people aged 16 to 74 in employment,273,257,68,189,16,4,12
S01009103,A B D E. Agriculture energy and water,12,11,2,9,1,0,1
S01009103,C. Manufacturing,36,35,1,34,1,0,1
S01009103,F. Construction,16,15,4,11,1,0,1
S01009103,G I. Distribution hotels and restaurants,49,45,19,26,4,0,4
S01009103,H J. Transport and communication,17,15,2,13,2,1,1
S01009103,K L M N. Financial real estate professional and administrative activities,35,32,8,24,3,0,3
S01009103,O P Q. Public administration education and health,97,94,27,67,3,2,1
S01009103,R S T U. Other,11,10,5,5,1,1,0
S01009104,All people aged 16 to 74 in employment,380,352,108,244,28,9,19
S01009104,A B D E. Agriculture energy and water,9,9,0,9,0,0,0
S01009104,C. Manufacturing,39,38,3,35,1,0,1
S01009104,F. Construction,46,37,4,33,9,1,8
S01009104,G I. Distribution hotels and restaurants,78,74,39,35,4,1,3
S01009104,H J. Transport and communication,25,22,1,21,3,0,3
S01009104,K L M N. Financial real estate professional and administrative activities,49,43,16,27,6,4,2
S01009104,O P Q. Public administration education and health,126,121,44,77,5,3,2
S01009104,R S T U. Other,8,8,1,7,0,0,0
S01009105,All people aged 16 to 74 in employment,419,380,91,289,39,5,34
S01009105,A B D E. Agriculture energy and water,10,9,0,9,1,0,1
S01009105,C. Manufacturing,32,29,1,28,3,0,3
S01009105,F. Construction,42,30,1,29,12,1,11
S01009105,G I. Distribution hotels and restaurants,83,73,29,44,10,0,10
S01009105,H J. Transport and communication,31,27,4,23,4,0,4
S01009105,K L M N. Financial real estate professional and administrative activities,64,61,14,47,3,1,2
S01009105,O P Q. Public administration education and health,136,133,36,97,3,2,1
S01009105,R S T U. Other,21,18,6,12,3,1,2
S01009106,All people aged 16 to 74 in employment,276,253,57,196,23,3,20
S01009106,A B D E. Agriculture energy and water,8,7,1,6,1,0,1
S01009106,C. Manufacturing,35,34,1,33,1,0,1
S01009106,F. Construction,22,18,1,17,4,0,4
S01009106,G I. Distribution hotels and restaurants,53,49,19,30,4,2,2
S01009106,H J. Transport and communication,24,18,2,16,6,0,6
S01009106,K L M N. Financial real estate professional and administrative activities,33,31,6,25,2,0,2
S01009106,O P Q. Public administration education and health,85,81,21,60,4,1,3
S01009106,R S T U. Other,16,15,6,9,1,0,1
S01009107,All people aged 16 to 74 in employment,461,436,118,318,25,7,18
S01009107,A B D E. Agriculture energy and water,13,13,1,12,0,0,0
S01009107,C. Manufacturing,68,67,5,62,1,1,0
S01009107,F. Construction,36,29,4,25,7,0,7
S01009107,G I. Distribution hotels and restaurants,80,74,27,47,6,2,4
S01009107,H J. Transport and communication,27,24,4,20,3,2,1
S01009107,K L M N. Financial real estate professional and administrative activities,80,76,17,59,4,0,4
S01009107,O P Q. Public administration education and health,149,147,58,89,2,1,1
S01009107,R S T U. Other,8,6,2,4,2,1,1
S01009108,All people aged 16 to 74 in employment,386,353,100,253,33,8,25
S01009108,A B D E. Agriculture energy and water,15,14,4,10,1,0,1
S01009108,C. Manufacturing,45,42,1,41,3,0,3
S01009108,F. Construction,37,28,3,25,9,3,6
S01009108,G I. Distribution hotels and restaurants,73,68,28,40,5,1,4
S01009108,H J. Transport and communication,26,22,4,18,4,0,4
S01009108,K L M N. Financial real estate professional and administrative activities,58,55,13,42,3,0,3
S01009108,O P Q. Public administration education and health,111,108,39,69,3,2,1
S01009108,R S T U. Other,21,16,8,8,5,2,3
S01009109,All people aged 16 to 74 in employment,378,348,103,245,30,7,23
S01009109,A B D E. Agriculture energy and water,14,12,1,11,2,0,2
S01009109,C. Manufacturing,30,29,2,27,1,0,1
S01009109,F. Construction,21,17,0,17,4,1,3
S01009109,G I. Distribution hotels and restaurants,89,83,38,45,6,1,5
S01009109,H J. Transport and communication,29,26,3,23,3,1,2
S01009109,K L M N. Financial real estate professional and administrative activities,43,36,9,27,7,1,6
S01009109,O P Q. Public administration education and health,135,130,45,85,5,2,3
S01009109,R S T U. Other,17,15,5,10,2,1,1
S01009110,All people aged 16 to 74 in employment,289,268,72,196,21,2,19
S01009110,A B D E. Agriculture energy and water,9,9,1,8,0,0,0
S01009110,C. Manufacturing,30,30,2,28,0,0,0
S01009110,F. Construction,29,19,1,18,10,0,10
S01009110,G I. Distribution hotels and restaurants,61,58,19,39,3,0,3
S01009110,H J. Transport and communication,10,9,1,8,1,0,1
S01009110,K L M N. Financial real estate professional and administrative activities,38,37,12,25,1,0,1
S01009110,O P Q. Public administration education and health,99,96,32,64,3,1,2
S01009110,R S T U. Other,13,10,4,6,3,1,2
S01009111,All people aged 16 to 74 in employment,511,467,121,346,44,9,35
S01009111,A B D E. Agriculture energy and water,19,17,1,16,2,0,2
S01009111,C. Manufacturing,45,45,3,42,0,0,0
S01009111,F. Construction,36,25,3,22,11,0,11
S01009111,G I. Distribution hotels and restaurants,117,108,32,76,9,3,6
S01009111,H J. Transport and communication,30,25,5,20,5,1,4
S01009111,K L M N. Financial real estate professional and administrative activities,80,73,14,59,7,2,5
S01009111,O P Q. Public administration education and health,170,164,58,106,6,2,4
S01009111,R S T U. Other,14,10,5,5,4,1,3
S01009112,All people aged 16 to 74 in employment,273,240,71,169,33,5,28
S01009112,A B D E. Agriculture energy and water,10,10,0,10,0,0,0
S01009112,C. Manufacturing,28,26,2,24,2,0,2
S01009112,F. Construction,15,10,1,9,5,1,4
S01009112,G I. Distribution hotels and restaurants,57,47,21,26,10,0,10
S01009112,H J. Transport and communication,18,13,3,10,5,0,5
S01009112,K L M N. Financial real estate professional and administrative activities,34,32,7,25,2,1,1
S01009112,O P Q. Public administration education and health,94,86,30,56,8,3,5
S01009112,R S T U. Other,17,16,7,9,1,0,1
S01009113,All people aged 16 to 74 in employment,465,421,98,323,44,9,35
S01009113,A B D E. Agriculture energy and water,15,13,0,13,2,0,2
S01009113,C. Manufacturing,54,51,2,49,3,0,3
S01009113,F. Construction,39,29,0,29,10,1,9
S01009113,G I. Distribution hotels and restaurants,114,100,34,66,14,4,10
S01009113,H J. Transport and communication,38,30,3,27,8,2,6
S01009113,K L M N. Financial real estate professional and administrative activities,69,66,14,52,3,1,2
S01009113,O P Q. Public administration education and health,128,126,42,84,2,1,1
S01009113,R S T U. Other,8,6,3,3,2,0,2
S01009114,All people aged 16 to 74 in employment,448,412,104,308,36,6,30
S01009114,A B D E. Agriculture energy and water,13,13,0,13,0,0,0
S01009114,C. Manufacturing,58,56,3,53,2,0,2
S01009114,F. Construction,38,29,3,26,9,1,8
S01009114,G I. Distribution hotels and restaurants,105,96,36,60,9,4,5
S01009114,H J. Transport and communication,33,28,7,21,5,0,5
S01009114,K L M N. Financial real estate professional and administrative activities,66,58,14,44,8,1,7
S01009114,O P Q. Public administration education and health,126,123,38,85,3,0,3
S01009114,R S T U. Other,9,9,3,6,0,0,0
S01009115,All people aged 16 to 74 in employment,340,310,83,227,30,11,19
S01009115,A B D E. Agriculture energy and water,9,9,1,8,0,0,0
S01009115,C. Manufacturing,40,37,1,36,3,1,2
S01009115,F. Construction,27,18,1,17,9,3,6
S01009115,G I. Distribution hotels and restaurants,71,65,31,34,6,2,4
S01009115,H J. Transport and communication,25,22,1,21,3,1,2
S01009115,K L M N. Financial real estate professional and administrative activities,41,35,10,25,6,2,4
S01009115,O P Q. Public administration education and health,120,117,34,83,3,2,1
S01009115,R S T U. Other,7,7,4,3,0,0,0
S01009116,All people aged 16 to 74 in employment,265,248,70,178,17,3,14
S01009116,A B D E. Agriculture energy and water,13,13,1,12,0,0,0
S01009116,C. Manufacturing,31,29,2,27,2,1,1
S01009116,F. Construction,25,21,0,21,4,0,4
S01009116,G I. Distribution hotels and restaurants,55,51,24,27,4,0,4
S01009116,H J. Transport and communication,5,4,1,3,1,0,1
S01009116,K L M N. Financial real estate professional and administrative activities,36,33,6,27,3,0,3
S01009116,O P Q. Public administration education and health,83,81,28,53,2,2,0
S01009116,R S T U. Other,17,16,8,8,1,0,1
S01009117,All people aged 16 to 74 in employment,450,413,101,312,37,13,24
S01009117,A B D E. Agriculture energy and water,16,15,0,15,1,1,0
S01009117,C. Manufacturing,50,49,2,47,1,1,0
S01009117,F. Construction,44,30,0,30,14,4,10
S01009117,G I. Distribution hotels and restaurants,87,81,32,49,6,3,3
S01009117,H J. Transport and communication,32,30,2,28,2,1,1
S01009117,K L M N. Financial real estate professional and administrative activities,69,64,14,50,5,1,4
S01009117,O P Q. Public administration education and health,126,121,40,81,5,0,5
S01009117,R S T U. Other,26,23,11,12,3,2,1
S01009118,All people aged 16 to 74 in employment,376,349,101,248,27,7,20
S01009118,A B D E. Agriculture energy and water,13,12,0,12,1,0,1
S01009118,C. Manufacturing,56,54,2,52,2,0,2
S01009118,F. Construction,26,20,1,19,6,2,4
S01009118,G I. Distribution hotels and restaurants,71,68,31,37,3,0,3
S01009118,H J. Transport and communication,21,20,4,16,1,1,0
S01009118,K L M N. Financial real estate professional and administrative activities,56,50,13,37,6,1,5
S01009118,O P Q. Public administration education and health,121,115,47,68,6,3,3
S01009118,R S T U. Other,12,10,3,7,2,0,2
S01009119,All people aged 16 to 74 in employment,335,306,92,214,29,4,25
S01009119,A B D E. Agriculture energy and water,10,10,1,9,0,0,0
S01009119,C. Manufacturing,63,59,7,52,4,0,4
S01009119,F. Construction,35,31,1,30,4,0,4
S01009119,G I. Distribution hotels and restaurants,65,62,32,30,3,1,2
S01009119,H J. Transport and communication,26,20,2,18,6,0,6
S01009119,K L M N. Financial real estate professional and administrative activities,36,35,9,26,1,0,1
S01009119,O P Q. Public administration education and health,89,79,34,45,10,2,8
S01009119,R S T U. Other,11,10,6,4,1,1,0
S01009120,All people aged 16 to 74 in employment,260,243,67,176,17,4,13
S01009120,A B D E. Agriculture energy and water,7,7,0,7,0,0,0
S01009120,C. Manufacturing,24,24,0,24,0,0,0
S01009120,F. Construction,29,25,0,25,4,1,3
S01009120,G I. Distribution hotels and restaurants,76,70,31,39,6,1,5
S01009120,H J. Transport and communication,21,19,3,16,2,0,2
S01009120,K L M N. Financial real estate professional and administrative activities,40,38,9,29,2,1,1
S01009120,O P Q. Public administration education and health,56,53,22,31,3,1,2
S01009120,R S T U. Other,7,7,2,5,0,0,0
S01009121,All people aged 16 to 74 in employment,420,386,100,286,34,5,29
S01009121,A B D E. Agriculture energy and water,14,14,0,14,0,0,0
S01009121,C. Manufacturing,38,35,3,32,3,0,3
S01009121,F. Construction,45,37,3,34,8,0,8
S01009121,G I. Distribution hotels and restaurants,111,103,38,65,8,1,7
S01009121,H J. Transport and communication,39,35,6,29,4,0,4
S01009121,K L M N. Financial real estate professional and administrative activities,66,59,12,47,7,4,3
S01009121,O P Q. Public administration education and health,77,75,26,49,2,0,2
S01009121,R S T U. Other,30,28,12,16,2,0,2
S01009122,All people aged 16 to 74 in employment,460,381,110,271,79,16,63
S01009122,A B D E. Agriculture energy and water,29,13,3,10,16,2,14
S01009122,C. Manufacturing,66,61,9,52,5,0,5
S01009122,F. Construction,35,26,4,22,9,1,8
S01009122,G I. Distribution hotels and restaurants,92,77,35,42,15,2,13
S01009122,H J. Transport and communication,20,16,1,15,4,0,4
S01009122,K L M N. Financial real estate professional and administrative activities,74,60,11,49,14,5,9
S01009122,O P Q. Public administration education and health,124,114,43,71,10,2,8
S01009122,R S T U. Other,20,14,4,10,6,4,2
S01009123,All people aged 16 to 74 in employment,304,265,65,200,39,15,24
S01009123,A B D E. Agriculture energy and water,10,9,1,8,1,0,1
S01009123,C. Manufacturing,35,35,2,33,0,0,0
S01009123,F. Construction,35,24,2,22,11,5,6
S01009123,G I. Distribution hotels and restaurants,57,49,16,33,8,1,7
S01009123,H J. Transport and communication,21,16,5,11,5,3,2
S01009123,K L M N. Financial real estate professional and administrative activities,49,44,6,38,5,2,3
S01009123,O P Q. Public administration education and health,83,79,29,50,4,1,3
S01009123,R S T U. Other,14,9,4,5,5,3,2
S01009124,All people aged 16 to 74 in employment,295,259,71,188,36,12,24
S01009124,A B D E. Agriculture energy and water,8,8,1,7,0,0,0
S01009124,C. Manufacturing,39,37,4,33,2,1,1
S01009124,F. Construction,31,25,0,25,6,1,5
S01009124,G I. Distribution hotels and restaurants,63,62,23,39,1,0,1
S01009124,H J. Transport and communication,16,14,2,12,2,1,1
S01009124,K L M N. Financial real estate professional and administrative activities,48,34,9,25,14,5,9
S01009124,O P Q. Public administration education and health,79,72,31,41,7,1,6
S01009124,R S T U. Other,11,7,1,6,4,3,1
S01009125,All people aged 16 to 74 in employment,296,276,71,205,20,4,16
S01009125,A B D E. Agriculture energy and water,14,14,2,12,0,0,0
S01009125,C. Manufacturing,39,38,1,37,1,0,1
S01009125,F. Construction,34,27,1,26,7,2,5
S01009125,G I. Distribution hotels and restaurants,70,66,28,38,4,1,3
S01009125,H J. Transport and communication,15,14,2,12,1,0,1
S01009125,K L M N. Financial real estate professional and administrative activities,26,23,6,17,3,1,2
S01009125,O P Q. Public administration education and health,91,87,29,58,4,0,4
S01009125,R S T U. Other,7,7,2,5,0,0,0
S01009126,All people aged 16 to 74 in employment,228,210,68,142,18,9,9
S01009126,A B D E. Agriculture energy and water,6,6,0,6,0,0,0
S01009126,C. Manufacturing,32,30,2,28,2,0,2
S01009126,F. Construction,17,10,1,9,7,4,3
S01009126,G I. Distribution hotels and restaurants,57,54,21,33,3,1,2
S01009126,H J. Transport and communication,17,15,3,12,2,1,1
S01009126,K L M N. Financial real estate professional and administrative activities,34,32,13,19,2,1,1
S01009126,O P Q. Public administration education and health,61,59,26,33,2,2,0
S01009126,R S T U. Other,4,4,2,2,0,0,0
S01009127,All people aged 16 to 74 in employment,248,231,72,159,17,4,13
S01009127,A B D E. Agriculture energy and water,7,7,0,7,0,0,0
S01009127,C. Manufacturing,37,37,3,34,0,0,0
S01009127,F. Construction,22,12,0,12,10,3,7
S01009127,G I. Distribution hotels and restaurants,63,60,32,28,3,0,3
S01009127,H J. Transport and communication,13,11,1,10,2,1,1
S01009127,K L M N. Financial real estate professional and administrative activities,23,23,5,18,0,0,0
S01009127,O P Q. Public administration education and health,72,71,25,46,1,0,1
S01009127,R S T U. Other,11,10,6,4,1,0,1
S01009128,All people aged 16 to 74 in employment,312,288,76,212,24,6,18
S01009128,A B D E. Agriculture energy and water,13,13,1,12,0,0,0
S01009128,C. Manufacturing,31,31,1,30,0,0,0
S01009128,F. Construction,35,22,1,21,13,0,13
S01009128,G I. Distribution hotels and restaurants,82,82,32,50,0,0,0
S01009128,H J. Transport and communication,21,14,7,7,7,3,4
S01009128,K L M N. Financial real estate professional and administrative activities,51,50,16,34,1,1,0
S01009128,O P Q. Public administration education and health,69,68,14,54,1,1,0
S01009128,R S T U. Other,10,8,4,4,2,1,1
S01009129,All people aged 16 to 74 in employment,211,204,66,138,7,4,3
S01009129,A B D E. Agriculture energy and water,6,6,0,6,0,0,0
S01009129,C. Manufacturing,27,27,1,26,0,0,0
S01009129,F. Construction,21,21,0,21,0,0,0
S01009129,G I. Distribution hotels and restaurants,53,50,29,21,3,2,1
S01009129,H J. Transport and communication,5,5,0,5,0,0,0
S01009129,K L M N. Financial real estate professional and administrative activities,30,28,9,19,2,1,1
S01009129,O P Q. Public administration education and health,58,58,22,36,0,0,0
S01009129,R S T U. Other,11,9,5,4,2,1,1
S01009130,All people aged 16 to 74 in employment,317,289,79,210,28,4,24
S01009130,A B D E. Agriculture energy and water,2,2,0,2,0,0,0
S01009130,C. Manufacturing,40,36,3,33,4,1,3
S01009130,F. Construction,21,15,0,15,6,1,5
S01009130,G I. Distribution hotels and restaurants,75,69,25,44,6,0,6
S01009130,H J. Transport and communication,25,20,1,19,5,0,5
S01009130,K L M N. Financial real estate professional and administrative activities,66,62,21,41,4,2,2
S01009130,O P Q. Public administration education and health,74,72,25,47,2,0,2
S01009130,R S T U. Other,14,13,4,9,1,0,1
S01009131,All people aged 16 to 74 in employment,235,220,50,170,15,8,7
S01009131,A B D E. Agriculture energy and water,5,5,1,4,0,0,0
S01009131,C. Manufacturing,32,32,1,31,0,0,0
S01009131,F. Construction,22,20,0,20,2,0,2
S01009131,G I. Distribution hotels and restaurants,56,53,22,31,3,2,1
S01009131,H J. Transport and communication,23,20,1,19,3,1,2
S01009131,K L M N. Financial real estate professional and administrative activities,25,22,5,17,3,2,1
S01009131,O P Q. Public administration education and health,63,62,17,45,1,1,0
S01009131,R S T U. Other,9,6,3,3,3,2,1
S01009132,All people aged 16 to 74 in employment,467,435,114,321,32,7,25
S01009132,A B D E. Agriculture energy and water,15,13,1,12,2,0,2
S01009132,C. Manufacturing,57,57,4,53,0,0,0
S01009132,F. Construction,38,31,4,27,7,0,7
S01009132,G I. Distribution hotels and restaurants,87,79,36,43,8,2,6
S01009132,H J. Transport and communication,36,34,3,31,2,0,2
S01009132,K L M N. Financial real estate professional and administrative activities,78,68,16,52,10,3,7
S01009132,O P Q. Public administration education and health,142,140,46,94,2,2,0
S01009132,R S T U. Other,14,13,4,9,1,0,1
S01009133,All people aged 16 to 74 in employment,275,254,60,194,21,8,13
S01009133,A B D E. Agriculture energy and water,6,6,0,6,0,0,0
S01009133,C. Manufacturing,35,35,1,34,0,0,0
S01009133,F. Construction,26,19,0,19,7,2,5
S01009133,G I. Distribution hotels and restaurants,71,68,21,47,3,1,2
S01009133,H J. Transport and communication,20,17,2,15,3,0,3
S01009133,K L M N. Financial real estate professional and administrative activities,35,33,13,20,2,0,2
S01009133,O P Q. Public administration education and health,72,70,21,49,2,2,0
S01009133,R S T U. Other,10,6,2,4,4,3,1
S01009134,All people aged 16 to 74 in employment,474,436,111,325,38,8,30
S01009134,A B D E. Agriculture energy and water,15,15,0,15,0,0,0
S01009134,C. Manufacturing,49,49,5,44,0,0,0
S01009134,F. Construction,45,30,1,29,15,3,12
S01009134,G I. Distribution hotels and restaurants,111,105,43,62,6,0,6
S01009134,H J. Transport and communication,34,31,1,30,3,1,2
S01009134,K L M N. Financial real estate professional and administrative activities,50,45,11,34,5,1,4
S01009134,O P Q. Public administration education and health,147,145,49,96,2,1,1
S01009134,R S T U. Other,23,16,1,15,7,2,5
S01009135,All people aged 16 to 74 in employment,346,318,69,249,28,7,21
S01009135,A B D E. Agriculture energy and water,18,17,1,16,1,0,1
S01009135,C. Manufacturing,36,32,1,31,4,0,4
S01009135,F. Construction,15,10,0,10,5,1,4
S01009135,G I. Distribution hotels and restaurants,78,72,27,45,6,1,5
S01009135,H J. Transport and communication,28,27,2,25,1,0,1
S01009135,K L M N. Financial real estate professional and administrative activities,54,52,7,45,2,1,1
S01009135,O P Q. Public administration education and health,100,95,28,67,5,2,3
S01009135,R S T U. Other,17,13,3,10,4,2,2
S01009136,All people aged 16 to 74 in employment,388,346,79,267,42,9,33
S01009136,A B D E. Agriculture energy and water,16,14,1,13,2,0,2
S01009136,C. Manufacturing,41,40,1,39,1,0,1
S01009136,F. Construction,30,24,2,22,6,0,6
S01009136,G I. Distribution hotels and restaurants,75,62,23,39,13,1,12
S01009136,H J. Transport and communication,24,23,0,23,1,1,0
S01009136,K L M N. Financial real estate professional and administrative activities,68,61,15,46,7,1,6
S01009136,O P Q. Public administration education and health,117,112,32,80,5,3,2
S01009136,R S T U. Other,17,10,5,5,7,3,4
S01009137,All people aged 16 to 74 in employment,386,340,87,253,46,8,38
S01009137,A B D E. Agriculture energy and water,15,13,1,12,2,0,2
S01009137,C. Manufacturing,46,42,7,35,4,0,4
S01009137,F. Construction,28,23,1,22,5,0,5
S01009137,G I. Distribution hotels and restaurants,69,63,26,37,6,0,6
S01009137,H J. Transport and communication,19,14,5,9,5,1,4
S01009137,K L M N. Financial real estate professional and administrative activities,77,65,14,51,12,2,10
S01009137,O P Q. Public administration education and health,117,111,28,83,6,1,5
S01009137,R S T U. Other,15,9,5,4,6,4,2
S01009138,All people aged 16 to 74 in employment,487,427,90,337,60,13,47
S01009138,A B D E. Agriculture energy and water,16,16,1,15,0,0,0
S01009138,C. Manufacturing,49,46,3,43,3,0,3
S01009138,F. Construction,44,29,4,25,15,3,12
S01009138,G I. Distribution hotels and restaurants,90,83,31,52,7,0,7
S01009138,H J. Transport and communication,38,30,0,30,8,4,4
S01009138,K L M N. Financial real estate professional and administrative activities,85,77,11,66,8,1,7
S01009138,O P Q. Public administration education and health,145,132,36,96,13,0,13
S01009138,R S T U. Other,20,14,4,10,6,5,1
S01009139,All people aged 16 to 74 in employment,214,197,52,145,17,3,14
S01009139,A B D E. Agriculture energy and water,5,5,0,5,0,0,0
S01009139,C. Manufacturing,25,24,3,21,1,0,1
S01009139,F. Construction,15,11,0,11,4,0,4
S01009139,G I. Distribution hotels and restaurants,60,58,28,30,2,0,2
S01009139,H J. Transport and communication,12,8,1,7,4,0,4
S01009139,K L M N. Financial real estate professional and administrative activities,40,38,9,29,2,0,2
S01009139,O P Q. Public administration education and health,48,48,11,37,0,0,0
S01009139,R S T U. Other,9,5,0,5,4,3,1
S01009140,All people aged 16 to 74 in employment,363,338,81,257,25,6,19
S01009140,A B D E. Agriculture energy and water,14,13,2,11,1,0,1
S01009140,C. Manufacturing,46,46,7,39,0,0,0
S01009140,F. Construction,29,20,1,19,9,1,8
S01009140,G I. Distribution hotels and restaurants,87,84,28,56,3,1,2
S01009140,H J. Transport and communication,25,24,1,23,1,0,1
S01009140,K L M N. Financial real estate professional and administrative activities,37,35,10,25,2,0,2
S01009140,O P Q. Public administration education and health,102,99,25,74,3,1,2
S01009140,R S T U. Other,23,17,7,10,6,3,3
S01009141,All people aged 16 to 74 in employment,383,350,80,270,33,7,26
S01009141,A B D E. Agriculture energy and water,17,17,2,15,0,0,0
S01009141,C. Manufacturing,41,39,2,37,2,1,1
S01009141,F. Construction,27,20,0,20,7,1,6
S01009141,G I. Distribution hotels and restaurants,87,83,29,54,4,0,4
S01009141,H J. Transport and communication,28,24,1,23,4,0,4
S01009141,K L M N. Financial real estate professional and administrative activities,53,48,12,36,5,1,4
S01009141,O P Q. Public administration education and health,108,103,29,74,5,1,4
S01009141,R S T U. Other,22,16,5,11,6,3,3
S01009142,All people aged 16 to 74 in employment,296,274,52,222,22,4,18
S01009142,A B D E. Agriculture energy and water,8,7,1,6,1,0,1
S01009142,C. Manufacturing,39,37,2,35,2,0,2
S01009142,F. Construction,27,21,0,21,6,0,6
S01009142,G I. Distribution hotels and restaurants,81,78,22,56,3,1,2
S01009142,H J. Transport and communication,29,26,3,23,3,1,2
S01009142,K L M N. Financial real estate professional and administrative activities,39,35,6,29,4,0,4
S01009142,O P Q. Public administration education and health,58,58,12,46,0,0,0
S01009142,R S T U. Other,15,12,6,6,3,2,1
S01009143,All people aged 16 to 74 in employment,244,224,75,149,20,6,14
S01009143,A B D E. Agriculture energy and water,13,13,1,12,0,0,0
S01009143,C. Manufacturing,18,18,1,17,0,0,0
S01009143,F. Construction,22,16,0,16,6,1,5
S01009143,G I. Distribution hotels and restaurants,71,66,31,35,5,3,2
S01009143,H J. Transport and communication,16,15,5,10,1,1,0
S01009143,K L M N. Financial real estate professional and administrative activities,24,22,6,16,2,0,2
S01009143,O P Q. Public administration education and health,69,65,28,37,4,0,4
S01009143,R S T U. Other,11,9,3,6,2,1,1
S01009144,All people aged 16 to 74 in employment,451,415,64,351,36,9,27
S01009144,A B D E. Agriculture energy and water,24,23,2,21,1,0,1
S01009144,C. Manufacturing,62,60,1,59,2,1,1
S01009144,F. Construction,53,40,2,38,13,1,12
S01009144,G I. Distribution hotels and restaurants,85,80,28,52,5,1,4
S01009144,H J. Transport and communication,29,28,1,27,1,1,0
S01009144,K L M N. Financial real estate professional and administrative activities,75,70,8,62,5,0,5
S01009144,O P Q. Public administration education and health,107,106,18,88,1,0,1
S01009144,R S T U. Other,16,8,4,4,8,5,3
S01009145,All people aged 16 to 74 in employment,458,426,118,308,32,6,26
S01009145,A B D E. Agriculture energy and water,13,13,0,13,0,0,0
S01009145,C. Manufacturing,58,56,6,50,2,0,2
S01009145,F. Construction,50,36,2,34,14,0,14
S01009145,G I. Distribution hotels and restaurants,108,105,45,60,3,1,2
S01009145,H J. Transport and communication,37,32,2,30,5,1,4
S01009145,K L M N. Financial real estate professional and administrative activities,43,41,8,33,2,1,1
S01009145,O P Q. Public administration education and health,128,127,48,79,1,0,1
S01009145,R S T U. Other,21,16,7,9,5,3,2
S01009146,All people aged 16 to 74 in employment,447,414,112,302,33,10,23
S01009146,A B D E. Agriculture energy and water,21,18,2,16,3,0,3
S01009146,C. Manufacturing,46,46,5,41,0,0,0
S01009146,F. Construction,42,30,1,29,12,2,10
S01009146,G I. Distribution hotels and restaurants,115,108,49,59,7,2,5
S01009146,H J. Transport and communication,33,29,4,25,4,0,4
S01009146,K L M N. Financial real estate professional and administrative activities,68,67,9,58,1,1,0
S01009146,O P Q. Public administration education and health,95,91,31,60,4,4,0
S01009146,R S T U. Other,27,25,11,14,2,1,1
S01009147,All people aged 16 to 74 in employment,331,309,91,218,22,9,13
S01009147,A B D E. Agriculture energy and water,9,9,1,8,0,0,0
S01009147,C. Manufacturing,35,34,2,32,1,1,0
S01009147,F. Construction,38,31,2,29,7,0,7
S01009147,G I. Distribution hotels and restaurants,93,88,36,52,5,2,3
S01009147,H J. Transport and communication,23,21,2,19,2,1,1
S01009147,K L M N. Financial real estate professional and administrative activities,35,33,10,23,2,2,0
S01009147,O P Q. Public administration education and health,88,87,36,51,1,1,0
S01009147,R S T U. Other,10,6,2,4,4,2,2
S01009148,All people aged 16 to 74 in employment,313,300,102,198,13,1,12
S01009148,A B D E. Agriculture energy and water,5,5,1,4,0,0,0
S01009148,C. Manufacturing,55,54,4,50,1,0,1
S01009148,F. Construction,30,28,1,27,2,0,2
S01009148,G I. Distribution hotels and restaurants,98,93,51,42,5,0,5
S01009148,H J. Transport and communication,24,21,1,20,3,1,2
S01009148,K L M N. Financial real estate professional and administrative activities,32,31,12,19,1,0,1
S01009148,O P Q. Public administration education and health,54,53,24,29,1,0,1
S01009148,R S T U. Other,15,15,8,7,0,0,0
S01009149,All people aged 16 to 74 in employment,414,365,93,272,49,17,32
S01009149,A B D E. Agriculture energy and water,15,15,0,15,0,0,0
S01009149,C. Manufacturing,52,50,0,50,2,0,2
S01009149,F. Construction,31,23,3,20,8,4,4
S01009149,G I. Distribution hotels and restaurants,94,84,47,37,10,4,6
S01009149,H J. Transport and communication,33,22,5,17,11,1,10
S01009149,K L M N. Financial real estate professional and administrative activities,61,56,10,46,5,1,4
S01009149,O P Q. Public administration education and health,107,103,22,81,4,2,2
S01009149,R S T U. Other,21,12,6,6,9,5,4
S01009150,All people aged 16 to 74 in employment,93,82,28,54,11,2,9
S01009150,A B D E. Agriculture energy and water,5,4,2,2,1,0,1
S01009150,C. Manufacturing,3,3,0,3,0,0,0
S01009150,F. Construction,6,4,0,4,2,1,1
S01009150,G I. Distribution hotels and restaurants,29,25,11,14,4,0,4
S01009150,H J. Transport and communication,7,4,0,4,3,0,3
S01009150,K L M N. Financial real estate professional and administrative activities,11,11,5,6,0,0,0
S01009150,O P Q. Public administration education and health,27,27,8,19,0,0,0
S01009150,R S T U. Other,5,4,2,2,1,1,0
S01009151,All people aged 16 to 74 in employment,341,300,68,232,41,12,29
S01009151,A B D E. Agriculture energy and water,13,12,1,11,1,0,1
S01009151,C. Manufacturing,29,28,0,28,1,0,1
S01009151,F. Construction,24,15,0,15,9,3,6
S01009151,G I. Distribution hotels and restaurants,59,53,22,31,6,3,3
S01009151,H J. Transport and communication,27,25,3,22,2,0,2
S01009151,K L M N. Financial real estate professional and administrative activities,63,50,14,36,13,4,9
S01009151,O P Q. Public administration education and health,111,107,27,80,4,0,4
S01009151,R S T U. Other,15,10,1,9,5,2,3
S01009152,All people aged 16 to 74 in employment,291,266,42,224,25,3,22
S01009152,A B D E. Agriculture energy and water,14,14,1,13,0,0,0
S01009152,C. Manufacturing,25,25,1,24,0,0,0
S01009152,F. Construction,36,29,3,26,7,2,5
S01009152,G I. Distribution hotels and restaurants,55,52,13,39,3,0,3
S01009152,H J. Transport and communication,18,16,0,16,2,0,2
S01009152,K L M N. Financial real estate professional and administrative activities,61,56,7,49,5,0,5
S01009152,O P Q. Public administration education and health,67,63,14,49,4,1,3
S01009152,R S T U. Other,15,11,3,8,4,0,4
S01009153,All people aged 16 to 74 in employment,277,231,47,184,46,11,35
S01009153,A B D E. Agriculture energy and water,9,9,0,9,0,0,0
S01009153,C. Manufacturing,25,25,1,24,0,0,0
S01009153,F. Construction,16,9,0,9,7,1,6
S01009153,G I. Distribution hotels and restaurants,64,55,24,31,9,2,7
S01009153,H J. Transport and communication,28,22,3,19,6,2,4
S01009153,K L M N. Financial real estate professional and administrative activities,49,35,5,30,14,3,11
S01009153,O P Q. Public administration education and health,77,69,13,56,8,3,5
S01009153,R S T U. Other,9,7,1,6,2,0,2
S01009154,All people aged 16 to 74 in employment,460,384,97,287,76,16,60
S01009154,A B D E. Agriculture energy and water,24,23,3,20,1,0,1
S01009154,C. Manufacturing,46,44,1,43,2,0,2
S01009154,F. Construction,29,19,0,19,10,2,8
S01009154,G I. Distribution hotels and restaurants,80,64,29,35,16,2,14
S01009154,H J. Transport and communication,24,16,3,13,8,1,7
S01009154,K L M N. Financial real estate professional and administrative activities,97,79,16,63,18,3,15
S01009154,O P Q. Public administration education and health,134,123,36,87,11,5,6
S01009154,R S T U. Other,26,16,9,7,10,3,7
S01009155,All people aged 16 to 74 in employment,259,233,60,173,26,6,20
S01009155,A B D E. Agriculture energy and water,3,3,0,3,0,0,0
S01009155,C. Manufacturing,22,20,1,19,2,0,2
S01009155,F. Construction,20,13,0,13,7,2,5
S01009155,G I. Distribution hotels and restaurants,45,43,21,22,2,0,2
S01009155,H J. Transport and communication,13,12,1,11,1,0,1
S01009155,K L M N. Financial real estate professional and administrative activities,48,40,9,31,8,1,7
S01009155,O P Q. Public administration education and health,98,92,24,68,6,3,3
S01009155,R S T U. Other,10,10,4,6,0,0,0
S01009156,All people aged 16 to 74 in employment,259,226,66,160,33,9,24
S01009156,A B D E. Agriculture energy and water,7,7,0,7,0,0,0
S01009156,C. Manufacturing,17,14,0,14,3,0,3
S01009156,F. Construction,13,7,2,5,6,1,5
S01009156,G I. Distribution hotels and restaurants,45,37,18,19,8,3,5
S01009156,H J. Transport and communication,14,10,2,8,4,1,3
S01009156,K L M N. Financial real estate professional and administrative activities,59,53,12,41,6,2,4
S01009156,O P Q. Public administration education and health,87,83,28,55,4,1,3
S01009156,R S T U. Other,17,15,4,11,2,1,1
S01009157,All people aged 16 to 74 in employment,401,366,103,263,35,13,22
S01009157,A B D E. Agriculture energy and water,15,15,2,13,0,0,0
S01009157,C. Manufacturing,40,36,3,33,4,1,3
S01009157,F. Construction,37,30,2,28,7,2,5
S01009157,G I. Distribution hotels and restaurants,93,84,42,42,9,2,7
S01009157,H J. Transport and communication,20,18,0,18,2,1,1
S01009157,K L M N. Financial real estate professional and administrative activities,44,40,12,28,4,2,2
S01009157,O P Q. Public administration education and health,132,127,38,89,5,3,2
S01009157,R S T U. Other,20,16,4,12,4,2,2
S01009158,All people aged 16 to 74 in employment,265,249,61,188,16,9,7
S01009158,A B D E. Agriculture energy and water,7,6,2,4,1,0,1
S01009158,C. Manufacturing,39,39,2,37,0,0,0
S01009158,F. Construction,18,16,1,15,2,1,1
S01009158,G I. Distribution hotels and restaurants,55,54,21,33,1,1,0
S01009158,H J. Transport and communication,19,18,3,15,1,1,0
S01009158,K L M N. Financial real estate professional and administrative activities,31,26,3,23,5,2,3
S01009158,O P Q. Public administration education and health,84,82,24,58,2,1,1
S01009158,R S T U. Other,12,8,5,3,4,3,1
S01009159,All people aged 16 to 74 in employment,194,179,62,117,15,1,14
S01009159,A B D E. Agriculture energy and water,6,6,1,5,0,0,0
S01009159,C. Manufacturing,15,14,1,13,1,0,1
S01009159,F. Construction,12,10,1,9,2,0,2
S01009159,G I. Distribution hotels and restaurants,56,51,28,23,5,0,5
S01009159,H J. Transport and communication,13,7,0,7,6,0,6
S01009159,K L M N. Financial real estate professional and administrative activities,32,32,9,23,0,0,0
S01009159,O P Q. Public administration education and health,53,52,19,33,1,1,0
S01009159,R S T U. Other,7,7,3,4,0,0,0
S01009160,All people aged 16 to 74 in employment,303,279,77,202,24,5,19
S01009160,A B D E. Agriculture energy and water,6,6,1,5,0,0,0
S01009160,C. Manufacturing,40,39,1,38,1,0,1
S01009160,F. Construction,24,17,1,16,7,0,7
S01009160,G I. Distribution hotels and restaurants,80,74,37,37,6,0,6
S01009160,H J. Transport and communication,26,24,3,21,2,0,2
S01009160,K L M N. Financial real estate professional and administrative activities,31,28,9,19,3,2,1
S01009160,O P Q. Public administration education and health,88,84,23,61,4,2,2
S01009160,R S T U. Other,8,7,2,5,1,1,0
S01009161,All people aged 16 to 74 in employment,248,235,81,154,13,3,10
S01009161,A B D E. Agriculture energy and water,8,8,0,8,0,0,0
S01009161,C. Manufacturing,25,25,1,24,0,0,0
S01009161,F. Construction,15,14,0,14,1,0,1
S01009161,G I. Distribution hotels and restaurants,76,71,38,33,5,2,3
S01009161,H J. Transport and communication,18,14,4,10,4,1,3
S01009161,K L M N. Financial real estate professional and administrative activities,25,24,9,15,1,0,1
S01009161,O P Q. Public administration education and health,71,70,26,44,1,0,1
S01009161,R S T U. Other,10,9,3,6,1,0,1
S01009162,All people aged 16 to 74 in employment,335,320,67,253,15,5,10
S01009162,A B D E. Agriculture energy and water,10,10,3,7,0,0,0
S01009162,C. Manufacturing,46,46,3,43,0,0,0
S01009162,F. Construction,27,25,2,23,2,0,2
S01009162,G I. Distribution hotels and restaurants,61,60,21,39,1,0,1
S01009162,H J. Transport and communication,29,26,3,23,3,0,3
S01009162,K L M N. Financial real estate professional and administrative activities,46,44,4,40,2,2,0
S01009162,O P Q. Public administration education and health,95,94,25,69,1,1,0
S01009162,R S T U. Other,21,15,6,9,6,2,4
S01009163,All people aged 16 to 74 in employment,226,208,54,154,18,5,13
S01009163,A B D E. Agriculture energy and water,11,10,2,8,1,0,1
S01009163,C. Manufacturing,22,20,2,18,2,0,2
S01009163,F. Construction,12,10,0,10,2,0,2
S01009163,G I. Distribution hotels and restaurants,50,46,21,25,4,0,4
S01009163,H J. Transport and communication,18,17,0,17,1,0,1
S01009163,K L M N. Financial real estate professional and administrative activities,21,20,4,16,1,0,1
S01009163,O P Q. Public administration education and health,80,77,24,53,3,2,1
S01009163,R S T U. Other,12,8,1,7,4,3,1
S01009164,All people aged 16 to 74 in employment,345,326,85,241,19,3,16
S01009164,A B D E. Agriculture energy and water,16,16,1,15,0,0,0
S01009164,C. Manufacturing,31,31,3,28,0,0,0
S01009164,F. Construction,35,31,2,29,4,1,3
S01009164,G I. Distribution hotels and restaurants,93,90,38,52,3,1,2
S01009164,H J. Transport and communication,37,31,3,28,6,0,6
S01009164,K L M N. Financial real estate professional and administrative activities,26,26,6,20,0,0,0
S01009164,O P Q. Public administration education and health,94,90,27,63,4,1,3
S01009164,R S T U. Other,13,11,5,6,2,0,2
S01009165,All people aged 16 to 74 in employment,299,284,78,206,15,5,10
S01009165,A B D E. Agriculture energy and water,16,16,2,14,0,0,0
S01009165,C. Manufacturing,27,27,0,27,0,0,0
S01009165,F. Construction,25,22,0,22,3,0,3
S01009165,G I. Distribution hotels and restaurants,79,75,30,45,4,1,3
S01009165,H J. Transport and communication,26,25,3,22,1,0,1
S01009165,K L M N. Financial real estate professional and administrative activities,33,32,10,22,1,0,1
S01009165,O P Q. Public administration education and health,74,71,29,42,3,3,0
S01009165,R S T U. Other,19,16,4,12,3,1,2
S01009166,All people aged 16 to 74 in employment,341,325,112,213,16,4,12
S01009166,A B D E. Agriculture energy and water,8,8,0,8,0,0,0
S01009166,C. Manufacturing,23,23,1,22,0,0,0
S01009166,F. Construction,35,28,4,24,7,0,7
S01009166,G I. Distribution hotels and restaurants,90,86,47,39,4,2,2
S01009166,H J. Transport and communication,21,18,5,13,3,1,2
S01009166,K L M N. Financial real estate professional and administrative activities,46,44,19,25,2,1,1
S01009166,O P Q. Public administration education and health,107,107,29,78,0,0,0
S01009166,R S T U. Other,11,11,7,4,0,0,0
S01009167,All people aged 16 to 74 in employment,239,217,63,154,22,8,14
S01009167,A B D E. Agriculture energy and water,5,5,1,4,0,0,0
S01009167,C. Manufacturing,32,32,2,30,0,0,0
S01009167,F. Construction,19,13,0,13,6,1,5
S01009167,G I. Distribution hotels and restaurants,76,71,26,45,5,2,3
S01009167,H J. Transport and communication,16,10,1,9,6,1,5
S01009167,K L M N. Financial real estate professional and administrative activities,23,22,10,12,1,0,1
S01009167,O P Q. Public administration education and health,57,53,18,35,4,4,0
S01009167,R S T U. Other,11,11,5,6,0,0,0
S01009168,All people aged 16 to 74 in employment,319,291,81,210,28,13,15
S01009168,A B D E. Agriculture energy and water,9,9,0,9,0,0,0
S01009168,C. Manufacturing,52,49,6,43,3,1,2
S01009168,F. Construction,24,19,2,17,5,2,3
S01009168,G I. Distribution hotels and restaurants,60,57,23,34,3,2,1
S01009168,H J. Transport and communication,24,21,6,15,3,1,2
S01009168,K L M N. Financial real estate professional and administrative activities,53,47,12,35,6,3,3
S01009168,O P Q. Public administration education and health,78,77,25,52,1,1,0
S01009168,R S T U. Other,19,12,7,5,7,3,4
S01009169,All people aged 16 to 74 in employment,256,234,78,156,22,3,19
S01009169,A B D E. Agriculture energy and water,5,4,0,4,1,0,1
S01009169,C. Manufacturing,32,32,2,30,0,0,0
S01009169,F. Construction,19,14,0,14,5,1,4
S01009169,G I. Distribution hotels and restaurants,58,51,27,24,7,0,7
S01009169,H J. Transport and communication,18,14,5,9,4,0,4
S01009169,K L M N. Financial real estate professional and administrative activities,31,29,6,23,2,1,1
S01009169,O P Q. Public administration education and health,79,78,31,47,1,0,1
S01009169,R S T U. Other,14,12,7,5,2,1,1
S01009170,All people aged 16 to 74 in employment,323,289,90,199,34,11,23
S01009170,A B D E. Agriculture energy and water,4,2,0,2,2,0,2
S01009170,C. Manufacturing,34,31,3,28,3,0,3
S01009170,F. Construction,34,24,0,24,10,1,9
S01009170,G I. Distribution hotels and restaurants,99,94,42,52,5,1,4
S01009170,H J. Transport and communication,27,23,2,21,4,2,2
S01009170,K L M N. Financial real estate professional and administrative activities,33,32,9,23,1,1,0
S01009170,O P Q. Public administration education and health,84,80,33,47,4,2,2
S01009170,R S T U. Other,8,3,1,2,5,4,1
S01009171,All people aged 16 to 74 in employment,334,305,81,224,29,9,20
S01009171,A B D E. Agriculture energy and water,8,8,2,6,0,0,0
S01009171,C. Manufacturing,42,42,3,39,0,0,0
S01009171,F. Construction,27,18,1,17,9,1,8
S01009171,G I. Distribution hotels and restaurants,73,68,22,46,5,3,2
S01009171,H J. Transport and communication,49,43,10,33,6,0,6
S01009171,K L M N. Financial real estate professional and administrative activities,34,32,11,21,2,0,2
S01009171,O P Q. Public administration education and health,83,81,27,54,2,1,1
S01009171,R S T U. Other,18,13,5,8,5,4,1
S01009172,All people aged 16 to 74 in employment,348,293,61,232,55,20,35
S01009172,A B D E. Agriculture energy and water,6,6,1,5,0,0,0
S01009172,C. Manufacturing,31,31,3,28,0,0,0
S01009172,F. Construction,20,16,1,15,4,1,3
S01009172,G I. Distribution hotels and restaurants,51,44,18,26,7,0,7
S01009172,H J. Transport and communication,22,17,2,15,5,1,4
S01009172,K L M N. Financial real estate professional and administrative activities,74,61,7,54,13,5,8
S01009172,O P Q. Public administration education and health,132,111,25,86,21,10,11
S01009172,R S T U. Other,12,7,4,3,5,3,2
S01009173,All people aged 16 to 74 in employment,429,385,97,288,44,11,33
S01009173,A B D E. Agriculture energy and water,11,8,0,8,3,1,2
S01009173,C. Manufacturing,51,46,5,41,5,2,3
S01009173,F. Construction,25,16,2,14,9,0,9
S01009173,G I. Distribution hotels and restaurants,73,65,27,38,8,2,6
S01009173,H J. Transport and communication,29,26,5,21,3,1,2
S01009173,K L M N. Financial real estate professional and administrative activities,82,76,16,60,6,2,4
S01009173,O P Q. Public administration education and health,131,124,31,93,7,2,5
S01009173,R S T U. Other,27,24,11,13,3,1,2
S01009174,All people aged 16 to 74 in employment,291,252,62,190,39,5,34
S01009174,A B D E. Agriculture energy and water,8,6,1,5,2,0,2
S01009174,C. Manufacturing,31,30,2,28,1,0,1
S01009174,F. Construction,18,11,0,11,7,1,6
S01009174,G I. Distribution hotels and restaurants,48,39,18,21,9,0,9
S01009174,H J. Transport and communication,19,18,5,13,1,0,1
S01009174,K L M N. Financial real estate professional and administrative activities,62,51,9,42,11,2,9
S01009174,O P Q. Public administration education and health,93,90,24,66,3,1,2
S01009174,R S T U. Other,12,7,3,4,5,1,4
S01009175,All people aged 16 to 74 in employment,514,468,119,349,46,8,38
S01009175,A B D E. Agriculture energy and water,21,16,1,15,5,0,5
S01009175,C. Manufacturing,50,49,2,47,1,0,1
S01009175,F. Construction,25,14,0,14,11,2,9
S01009175,G I. Distribution hotels and restaurants,73,66,35,31,7,1,6
S01009175,H J. Transport and communication,38,35,5,30,3,0,3
S01009175,K L M N. Financial real estate professional and administrative activities,102,96,20,76,6,1,5
S01009175,O P Q. Public administration education and health,186,179,52,127,7,3,4
S01009175,R S T U. Other,19,13,4,9,6,1,5
S01009176,All people aged 16 to 74 in employment,474,408,116,292,66,12,54
S01009176,A B D E. Agriculture energy and water,25,14,1,13,11,1,10
S01009176,C. Manufacturing,53,48,3,45,5,1,4
S01009176,F. Construction,25,20,2,18,5,0,5
S01009176,G I. Distribution hotels and restaurants,66,60,31,29,6,2,4
S01009176,H J. Transport and communication,33,27,4,23,6,1,5
S01009176,K L M N. Financial real estate professional and administrative activities,95,76,16,60,19,2,17
S01009176,O P Q. Public administration education and health,158,146,53,93,12,5,7
S01009176,R S T U. Other,19,17,6,11,2,0,2
S01009177,All people aged 16 to 74 in employment,387,343,98,245,44,9,35
S01009177,A B D E. Agriculture energy and water,16,14,0,14,2,1,1
S01009177,C. Manufacturing,34,34,3,31,0,0,0
S01009177,F. Construction,49,30,0,30,19,0,19
S01009177,G I. Distribution hotels and restaurants,88,82,30,52,6,1,5
S01009177,H J. Transport and communication,30,25,1,24,5,1,4
S01009177,K L M N. Financial real estate professional and administrative activities,49,44,16,28,5,3,2
S01009177,O P Q. Public administration education and health,105,102,41,61,3,2,1
S01009177,R S T U. Other,16,12,7,5,4,1,3
S01009178,All people aged 16 to 74 in employment,330,304,97,207,26,8,18
S01009178,A B D E. Agriculture energy and water,6,5,1,4,1,1,0
S01009178,C. Manufacturing,29,29,5,24,0,0,0
S01009178,F. Construction,40,28,2,26,12,0,12
S01009178,G I. Distribution hotels and restaurants,104,98,48,50,6,2,4
S01009178,H J. Transport and communication,24,20,5,15,4,3,1
S01009178,K L M N. Financial real estate professional and administrative activities,34,34,10,24,0,0,0
S01009178,O P Q. Public administration education and health,71,71,15,56,0,0,0
S01009178,R S T U. Other,22,19,11,8,3,2,1
S01009179,All people aged 16 to 74 in employment,324,304,89,215,20,2,18
S01009179,A B D E. Agriculture energy and water,9,7,0,7,2,1,1
S01009179,C. Manufacturing,35,34,4,30,1,0,1
S01009179,F. Construction,25,17,0,17,8,0,8
S01009179,G I. Distribution hotels and restaurants,78,75,27,48,3,0,3
S01009179,H J. Transport and communication,17,17,3,14,0,0,0
S01009179,K L M N. Financial real estate professional and administrative activities,33,32,15,17,1,0,1
S01009179,O P Q. Public administration education and health,114,111,36,75,3,1,2
S01009179,R S T U. Other,13,11,4,7,2,0,2
S01009180,All people aged 16 to 74 in employment,467,428,146,282,39,16,23
S01009180,A B D E. Agriculture energy and water,12,12,1,11,0,0,0
S01009180,C. Manufacturing,45,44,2,42,1,0,1
S01009180,F. Construction,52,41,4,37,11,2,9
S01009180,G I. Distribution hotels and restaurants,101,97,46,51,4,1,3
S01009180,H J. Transport and communication,36,28,1,27,8,3,5
S01009180,K L M N. Financial real estate professional and administrative activities,56,48,14,34,8,4,4
S01009180,O P Q. Public administration education and health,141,138,67,71,3,3,0
S01009180,R S T U. Other,24,20,11,9,4,3,1
S01009181,All people aged 16 to 74 in employment,408,359,116,243,49,15,34
S01009181,A B D E. Agriculture energy and water,12,8,1,7,4,2,2
S01009181,C. Manufacturing,47,45,3,42,2,0,2
S01009181,F. Construction,39,28,2,26,11,2,9
S01009181,G I. Distribution hotels and restaurants,103,99,41,58,4,1,3
S01009181,H J. Transport and communication,34,25,3,22,9,1,8
S01009181,K L M N. Financial real estate professional and administrative activities,47,38,16,22,9,6,3
S01009181,O P Q. Public administration education and health,102,100,43,57,2,1,1
S01009181,R S T U. Other,24,16,7,9,8,2,6
S01009182,All people aged 16 to 74 in employment,536,471,94,377,65,12,53
S01009182,A B D E. Agriculture energy and water,15,14,0,14,1,0,1
S01009182,C. Manufacturing,60,57,1,56,3,0,3
S01009182,F. Construction,62,47,0,47,15,1,14
S01009182,G I. Distribution hotels and restaurants,103,90,36,54,13,4,9
S01009182,H J. Transport and communication,31,25,3,22,6,0,6
S01009182,K L M N. Financial real estate professional and administrative activities,65,56,9,47,9,2,7
S01009182,O P Q. Public administration education and health,170,162,35,127,8,1,7
S01009182,R S T U. Other,30,20,10,10,10,4,6
S01009183,All people aged 16 to 74 in employment,459,424,103,321,35,8,27
S01009183,A B D E. Agriculture energy and water,12,11,0,11,1,0,1
S01009183,C. Manufacturing,52,50,4,46,2,1,1
S01009183,F. Construction,42,30,1,29,12,1,11
S01009183,G I. Distribution hotels and restaurants,87,82,39,43,5,1,4
S01009183,H J. Transport and communication,28,26,1,25,2,1,1
S01009183,K L M N. Financial real estate professional and administrative activities,59,54,11,43,5,1,4
S01009183,O P Q. Public administration education and health,155,150,41,109,5,2,3
S01009183,R S T U. Other,24,21,6,15,3,1,2
S01009184,All people aged 16 to 74 in employment,356,284,84,200,72,18,54
S01009184,A B D E. Agriculture energy and water,23,6,1,5,17,6,11
S01009184,C. Manufacturing,30,29,1,28,1,0,1
S01009184,F. Construction,51,32,1,31,19,2,17
S01009184,G I. Distribution hotels and restaurants,80,72,27,45,8,2,6
S01009184,H J. Transport and communication,24,19,5,14,5,0,5
S01009184,K L M N. Financial real estate professional and administrative activities,44,33,11,22,11,2,9
S01009184,O P Q. Public administration education and health,85,82,34,48,3,0,3
S01009184,R S T U. Other,19,11,4,7,8,6,2
S01009185,All people aged 16 to 74 in employment,399,335,94,241,64,19,45
S01009185,A B D E. Agriculture energy and water,18,10,2,8,8,2,6
S01009185,C. Manufacturing,37,33,3,30,4,0,4
S01009185,F. Construction,47,33,0,33,14,2,12
S01009185,G I. Distribution hotels and restaurants,84,70,21,49,14,4,10
S01009185,H J. Transport and communication,34,29,5,24,5,1,4
S01009185,K L M N. Financial real estate professional and administrative activities,44,37,5,32,7,3,4
S01009185,O P Q. Public administration education and health,117,110,55,55,7,5,2
S01009185,R S T U. Other,18,13,3,10,5,2,3
S01009186,All people aged 16 to 74 in employment,388,338,73,265,50,13,37
S01009186,A B D E. Agriculture energy and water,9,9,0,9,0,0,0
S01009186,C. Manufacturing,36,32,2,30,4,1,3
S01009186,F. Construction,57,37,2,35,20,5,15
S01009186,G I. Distribution hotels and restaurants,74,69,25,44,5,0,5
S01009186,H J. Transport and communication,42,36,5,31,6,1,5
S01009186,K L M N. Financial real estate professional and administrative activities,43,36,4,32,7,2,5
S01009186,O P Q. Public administration education and health,109,105,31,74,4,2,2
S01009186,R S T U. Other,18,14,4,10,4,2,2
S01009187,All people aged 16 to 74 in employment,251,191,48,143,60,9,51
S01009187,A B D E. Agriculture energy and water,23,10,1,9,13,2,11
S01009187,C. Manufacturing,24,21,3,18,3,0,3
S01009187,F. Construction,16,10,0,10,6,1,5
S01009187,G I. Distribution hotels and restaurants,45,33,12,21,12,0,12
S01009187,H J. Transport and communication,19,17,1,16,2,0,2
S01009187,K L M N. Financial real estate professional and administrative activities,47,37,8,29,10,1,9
S01009187,O P Q. Public administration education and health,67,59,20,39,8,2,6
S01009187,R S T U. Other,10,4,3,1,6,3,3
S01009188,All people aged 16 to 74 in employment,434,363,104,259,71,14,57
S01009188,A B D E. Agriculture energy and water,26,13,1,12,13,2,11
S01009188,C. Manufacturing,40,34,1,33,6,1,5
S01009188,F. Construction,46,34,2,32,12,1,11
S01009188,G I. Distribution hotels and restaurants,97,86,43,43,11,3,8
S01009188,H J. Transport and communication,49,39,13,26,10,2,8
S01009188,K L M N. Financial real estate professional and administrative activities,52,41,8,33,11,3,8
S01009188,O P Q. Public administration education and health,104,100,31,69,4,2,2
S01009188,R S T U. Other,20,16,5,11,4,0,4
S01009189,All people aged 16 to 74 in employment,329,302,81,221,27,7,20
S01009189,A B D E. Agriculture energy and water,12,10,2,8,2,0,2
S01009189,C. Manufacturing,37,36,2,34,1,0,1
S01009189,F. Construction,39,35,3,32,4,1,3
S01009189,G I. Distribution hotels and restaurants,86,83,30,53,3,0,3
S01009189,H J. Transport and communication,30,25,3,22,5,0,5
S01009189,K L M N. Financial real estate professional and administrative activities,39,35,10,25,4,1,3
S01009189,O P Q. Public administration education and health,67,64,22,42,3,2,1
S01009189,R S T U. Other,19,14,9,5,5,3,2
S01009190,All people aged 16 to 74 in employment,478,406,107,299,72,20,52
S01009190,A B D E. Agriculture energy and water,19,18,2,16,1,0,1
S01009190,C. Manufacturing,49,43,3,40,6,2,4
S01009190,F. Construction,52,28,1,27,24,5,19
S01009190,G I. Distribution hotels and restaurants,84,73,27,46,11,2,9
S01009190,H J. Transport and communication,28,21,4,17,7,2,5
S01009190,K L M N. Financial real estate professional and administrative activities,90,83,25,58,7,0,7
S01009190,O P Q. Public administration education and health,138,130,41,89,8,5,3
S01009190,R S T U. Other,18,10,4,6,8,4,4
S01009191,All people aged 16 to 74 in employment,415,372,89,283,43,14,29
S01009191,A B D E. Agriculture energy and water,16,14,1,13,2,0,2
S01009191,C. Manufacturing,44,41,3,38,3,0,3
S01009191,F. Construction,28,20,2,18,8,0,8
S01009191,G I. Distribution hotels and restaurants,59,50,21,29,9,3,6
S01009191,H J. Transport and communication,39,35,2,33,4,3,1
S01009191,K L M N. Financial real estate professional and administrative activities,90,79,20,59,11,4,7
S01009191,O P Q. Public administration education and health,125,121,36,85,4,2,2
S01009191,R S T U. Other,14,12,4,8,2,2,0
S01009192,All people aged 16 to 74 in employment,356,314,99,215,42,12,30
S01009192,A B D E. Agriculture energy and water,5,5,1,4,0,0,0
S01009192,C. Manufacturing,31,31,3,28,0,0,0
S01009192,F. Construction,47,29,0,29,18,2,16
S01009192,G I. Distribution hotels and restaurants,64,61,29,32,3,1,2
S01009192,H J. Transport and communication,25,19,3,16,6,1,5
S01009192,K L M N. Financial real estate professional and administrative activities,47,40,13,27,7,5,2
S01009192,O P Q. Public administration education and health,120,115,43,72,5,3,2
S01009192,R S T U. Other,17,14,7,7,3,0,3
S01009193,All people aged 16 to 74 in employment,199,188,36,152,11,4,7
S01009193,A B D E. Agriculture energy and water,9,9,1,8,0,0,0
S01009193,C. Manufacturing,25,25,2,23,0,0,0
S01009193,F. Construction,18,18,2,16,0,0,0
S01009193,G I. Distribution hotels and restaurants,33,30,12,18,3,0,3
S01009193,H J. Transport and communication,13,13,1,12,0,0,0
S01009193,K L M N. Financial real estate professional and administrative activities,31,29,3,26,2,0,2
S01009193,O P Q. Public administration education and health,64,62,15,47,2,2,0
S01009193,R S T U. Other,6,2,0,2,4,2,2
S01009194,All people aged 16 to 74 in employment,422,369,96,273,53,17,36
S01009194,A B D E. Agriculture energy and water,15,14,1,13,1,0,1
S01009194,C. Manufacturing,43,34,3,31,9,1,8
S01009194,F. Construction,41,30,3,27,11,2,9
S01009194,G I. Distribution hotels and restaurants,86,74,31,43,12,6,6
S01009194,H J. Transport and communication,18,17,5,12,1,0,1
S01009194,K L M N. Financial real estate professional and administrative activities,70,61,8,53,9,4,5
S01009194,O P Q. Public administration education and health,129,124,36,88,5,2,3
S01009194,R S T U. Other,20,15,9,6,5,2,3
S01009195,All people aged 16 to 74 in employment,498,450,93,357,48,16,32
S01009195,A B D E. Agriculture energy and water,12,11,1,10,1,1,0
S01009195,C. Manufacturing,44,41,3,38,3,0,3
S01009195,F. Construction,27,18,1,17,9,3,6
S01009195,G I. Distribution hotels and restaurants,70,65,28,37,5,0,5
S01009195,H J. Transport and communication,45,40,6,34,5,1,4
S01009195,K L M N. Financial real estate professional and administrative activities,131,121,25,96,10,5,5
S01009195,O P Q. Public administration education and health,151,141,26,115,10,3,7
S01009195,R S T U. Other,18,13,3,10,5,3,2
S01009196,All people aged 16 to 74 in employment,330,287,76,211,43,15,28
S01009196,A B D E. Agriculture energy and water,6,5,0,5,1,0,1
S01009196,C. Manufacturing,41,38,3,35,3,0,3
S01009196,F. Construction,26,18,2,16,8,2,6
S01009196,G I. Distribution hotels and restaurants,70,63,29,34,7,3,4
S01009196,H J. Transport and communication,32,27,5,22,5,1,4
S01009196,K L M N. Financial real estate professional and administrative activities,45,39,6,33,6,2,4
S01009196,O P Q. Public administration education and health,88,82,28,54,6,3,3
S01009196,R S T U. Other,22,15,3,12,7,4,3
S01009197,All people aged 16 to 74 in employment,546,488,126,362,58,14,44
S01009197,A B D E. Agriculture energy and water,13,13,1,12,0,0,0
S01009197,C. Manufacturing,55,51,3,48,4,1,3
S01009197,F. Construction,39,25,5,20,14,2,12
S01009197,G I. Distribution hotels and restaurants,79,72,25,47,7,0,7
S01009197,H J. Transport and communication,35,28,5,23,7,2,5
S01009197,K L M N. Financial real estate professional and administrative activities,118,106,24,82,12,4,8
S01009197,O P Q. Public administration education and health,188,178,61,117,10,4,6
S01009197,R S T U. Other,19,15,2,13,4,1,3
S01009198,All people aged 16 to 74 in employment,388,339,102,237,49,10,39
S01009198,A B D E. Agriculture energy and water,10,10,1,9,0,0,0
S01009198,C. Manufacturing,44,42,3,39,2,0,2
S01009198,F. Construction,33,22,1,21,11,2,9
S01009198,G I. Distribution hotels and restaurants,61,59,28,31,2,1,1
S01009198,H J. Transport and communication,33,26,5,21,7,1,6
S01009198,K L M N. Financial real estate professional and administrative activities,44,33,8,25,11,2,9
S01009198,O P Q. Public administration education and health,140,129,50,79,11,4,7
S01009198,R S T U. Other,23,18,6,12,5,0,5
S01009199,All people aged 16 to 74 in employment,328,291,75,216,37,5,32
S01009199,A B D E. Agriculture energy and water,9,7,0,7,2,1,1
S01009199,C. Manufacturing,38,35,1,34,3,0,3
S01009199,F. Construction,26,14,1,13,12,0,12
S01009199,G I. Distribution hotels and restaurants,62,57,27,30,5,1,4
S01009199,H J. Transport and communication,26,23,4,19,3,0,3
S01009199,K L M N. Financial real estate professional and administrative activities,47,41,8,33,6,2,4
S01009199,O P Q. Public administration education and health,110,105,30,75,5,1,4
S01009199,R S T U. Other,10,9,4,5,1,0,1
S01009200,All people aged 16 to 74 in employment,549,506,142,364,43,7,36
S01009200,A B D E. Agriculture energy and water,21,19,0,19,2,0,2
S01009200,C. Manufacturing,48,46,8,38,2,0,2
S01009200,F. Construction,46,38,7,31,8,1,7
S01009200,G I. Distribution hotels and restaurants,93,82,33,49,11,2,9
S01009200,H J. Transport and communication,35,30,1,29,5,1,4
S01009200,K L M N. Financial real estate professional and administrative activities,118,106,24,82,12,2,10
S01009200,O P Q. Public administration education and health,172,171,64,107,1,0,1
S01009200,R S T U. Other,16,14,5,9,2,1,1
S01009201,All people aged 16 to 74 in employment,323,291,86,205,32,11,21
S01009201,A B D E. Agriculture energy and water,6,6,0,6,0,0,0
S01009201,C. Manufacturing,36,35,5,30,1,0,1
S01009201,F. Construction,25,19,2,17,6,1,5
S01009201,G I. Distribution hotels and restaurants,81,71,36,35,10,6,4
S01009201,H J. Transport and communication,26,21,3,18,5,0,5
S01009201,K L M N. Financial real estate professional and administrative activities,42,40,5,35,2,1,1
S01009201,O P Q. Public administration education and health,92,90,31,59,2,1,1
S01009201,R S T U. Other,15,9,4,5,6,2,4
S01009202,All people aged 16 to 74 in employment,282,248,48,200,34,10,24
S01009202,A B D E. Agriculture energy and water,12,9,0,9,3,0,3
S01009202,C. Manufacturing,42,38,1,37,4,2,2
S01009202,F. Construction,18,9,0,9,9,0,9
S01009202,G I. Distribution hotels and restaurants,53,48,16,32,5,1,4
S01009202,H J. Transport and communication,24,21,1,20,3,1,2
S01009202,K L M N. Financial real estate professional and administrative activities,44,42,8,34,2,1,1
S01009202,O P Q. Public administration education and health,84,79,20,59,5,3,2
S01009202,R S T U. Other,5,2,2,0,3,2,1
S01009203,All people aged 16 to 74 in employment,223,195,62,133,28,7,21
S01009203,A B D E. Agriculture energy and water,4,4,1,3,0,0,0
S01009203,C. Manufacturing,17,17,0,17,0,0,0
S01009203,F. Construction,17,12,1,11,5,0,5
S01009203,G I. Distribution hotels and restaurants,50,44,16,28,6,2,4
S01009203,H J. Transport and communication,23,21,3,18,2,0,2
S01009203,K L M N. Financial real estate professional and administrative activities,35,29,14,15,6,3,3
S01009203,O P Q. Public administration education and health,66,60,24,36,6,1,5
S01009203,R S T U. Other,11,8,3,5,3,1,2
S01009204,All people aged 16 to 74 in employment,435,391,108,283,44,15,29
S01009204,A B D E. Agriculture energy and water,14,13,1,12,1,0,1
S01009204,C. Manufacturing,40,39,1,38,1,1,0
S01009204,F. Construction,41,30,1,29,11,2,9
S01009204,G I. Distribution hotels and restaurants,98,88,40,48,10,3,7
S01009204,H J. Transport and communication,36,33,8,25,3,1,2
S01009204,K L M N. Financial real estate professional and administrative activities,54,50,9,41,4,1,3
S01009204,O P Q. Public administration education and health,137,128,43,85,9,6,3
S01009204,R S T U. Other,15,10,5,5,5,1,4
S01009205,All people aged 16 to 74 in employment,453,411,99,312,42,16,26
S01009205,A B D E. Agriculture energy and water,15,15,0,15,0,0,0
S01009205,C. Manufacturing,39,38,2,36,1,1,0
S01009205,F. Construction,42,28,2,26,14,1,13
S01009205,G I. Distribution hotels and restaurants,72,69,33,36,3,1,2
S01009205,H J. Transport and communication,33,30,3,27,3,1,2
S01009205,K L M N. Financial real estate professional and administrative activities,66,60,6,54,6,2,4
S01009205,O P Q. Public administration education and health,166,155,46,109,11,6,5
S01009205,R S T U. Other,20,16,7,9,4,4,0
S01009206,All people aged 16 to 74 in employment,492,460,101,359,32,10,22
S01009206,A B D E. Agriculture energy and water,14,14,1,13,0,0,0
S01009206,C. Manufacturing,63,60,3,57,3,0,3
S01009206,F. Construction,29,22,2,20,7,1,6
S01009206,G I. Distribution hotels and restaurants,81,79,31,48,2,1,1
S01009206,H J. Transport and communication,47,41,5,36,6,0,6
S01009206,K L M N. Financial real estate professional and administrative activities,84,80,13,67,4,2,2
S01009206,O P Q. Public administration education and health,161,155,43,112,6,3,3
S01009206,R S T U. Other,13,9,3,6,4,3,1
S01009207,All people aged 16 to 74 in employment,390,363,85,278,27,12,15
S01009207,A B D E. Agriculture energy and water,8,6,0,6,2,0,2
S01009207,C. Manufacturing,57,54,5,49,3,1,2
S01009207,F. Construction,27,25,4,21,2,0,2
S01009207,G I. Distribution hotels and restaurants,55,53,25,28,2,0,2
S01009207,H J. Transport and communication,34,31,4,27,3,1,2
S01009207,K L M N. Financial real estate professional and administrative activities,67,62,13,49,5,3,2
S01009207,O P Q. Public administration education and health,129,122,32,90,7,5,2
S01009207,R S T U. Other,13,10,2,8,3,2,1
S01009208,All people aged 16 to 74 in employment,279,260,71,189,19,5,14
S01009208,A B D E. Agriculture energy and water,9,9,1,8,0,0,0
S01009208,C. Manufacturing,34,34,5,29,0,0,0
S01009208,F. Construction,12,7,1,6,5,1,4
S01009208,G I. Distribution hotels and restaurants,63,62,31,31,1,0,1
S01009208,H J. Transport and communication,13,11,2,9,2,1,1
S01009208,K L M N. Financial real estate professional and administrative activities,42,38,6,32,4,1,3
S01009208,O P Q. Public administration education and health,92,88,20,68,4,1,3
S01009208,R S T U. Other,14,11,5,6,3,1,2
S01009209,All people aged 16 to 74 in employment,287,258,64,194,29,8,21
S01009209,A B D E. Agriculture energy and water,16,16,0,16,0,0,0
S01009209,C. Manufacturing,33,30,2,28,3,1,2
S01009209,F. Construction,23,19,5,14,4,0,4
S01009209,G I. Distribution hotels and restaurants,48,42,15,27,6,1,5
S01009209,H J. Transport and communication,21,20,1,19,1,0,1
S01009209,K L M N. Financial real estate professional and administrative activities,46,38,8,30,8,3,5
S01009209,O P Q. Public administration education and health,91,87,31,56,4,2,2
S01009209,R S T U. Other,9,6,2,4,3,1,2
S01009210,All people aged 16 to 74 in employment,299,253,79,174,46,15,31
S01009210,A B D E. Agriculture energy and water,12,8,1,7,4,0,4
S01009210,C. Manufacturing,35,35,4,31,0,0,0
S01009210,F. Construction,16,6,1,5,10,2,8
S01009210,G I. Distribution hotels and restaurants,69,64,25,39,5,0,5
S01009210,H J. Transport and communication,20,16,4,12,4,1,3
S01009210,K L M N. Financial real estate professional and administrative activities,55,39,10,29,16,5,11
S01009210,O P Q. Public administration education and health,79,75,32,43,4,4,0
S01009210,R S T U. Other,13,10,2,8,3,3,0
S01009211,All people aged 16 to 74 in employment,312,282,63,219,30,4,26
S01009211,A B D E. Agriculture energy and water,5,4,0,4,1,1,0
S01009211,C. Manufacturing,45,44,1,43,1,0,1
S01009211,F. Construction,32,20,0,20,12,0,12
S01009211,G I. Distribution hotels and restaurants,53,53,15,38,0,0,0
S01009211,H J. Transport and communication,19,17,2,15,2,0,2
S01009211,K L M N. Financial real estate professional and administrative activities,54,49,11,38,5,0,5
S01009211,O P Q. Public administration education and health,87,81,30,51,6,1,5
S01009211,R S T U. Other,17,14,4,10,3,2,1
S01009212,All people aged 16 to 74 in employment,359,329,99,230,30,5,25
S01009212,A B D E. Agriculture energy and water,5,5,2,3,0,0,0
S01009212,C. Manufacturing,40,39,3,36,1,0,1
S01009212,F. Construction,42,32,1,31,10,0,10
S01009212,G I. Distribution hotels and restaurants,77,74,33,41,3,0,3
S01009212,H J. Transport and communication,25,22,0,22,3,1,2
S01009212,K L M N. Financial real estate professional and administrative activities,50,47,10,37,3,1,2
S01009212,O P Q. Public administration education and health,98,92,42,50,6,3,3
S01009212,R S T U. Other,22,18,8,10,4,0,4
S01009213,All people aged 16 to 74 in employment,411,375,115,260,36,10,26
S01009213,A B D E. Agriculture energy and water,12,12,1,11,0,0,0
S01009213,C. Manufacturing,46,45,3,42,1,0,1
S01009213,F. Construction,51,33,2,31,18,5,13
S01009213,G I. Distribution hotels and restaurants,114,108,48,60,6,0,6
S01009213,H J. Transport and communication,14,14,1,13,0,0,0
S01009213,K L M N. Financial real estate professional and administrative activities,37,34,12,22,3,1,2
S01009213,O P Q. Public administration education and health,117,114,42,72,3,1,2
S01009213,R S T U. Other,20,15,6,9,5,3,2
S01009214,All people aged 16 to 74 in employment,519,477,128,349,42,12,30
S01009214,A B D E. Agriculture energy and water,11,11,1,10,0,0,0
S01009214,C. Manufacturing,63,61,5,56,2,0,2
S01009214,F. Construction,34,23,1,22,11,1,10
S01009214,G I. Distribution hotels and restaurants,94,88,37,51,6,2,4
S01009214,H J. Transport and communication,39,37,4,33,2,0,2
S01009214,K L M N. Financial real estate professional and administrative activities,99,90,18,72,9,2,7
S01009214,O P Q. Public administration education and health,159,151,57,94,8,4,4
S01009214,R S T U. Other,20,16,5,11,4,3,1
S01009215,All people aged 16 to 74 in employment,430,392,117,275,38,11,27
S01009215,A B D E. Agriculture energy and water,13,12,1,11,1,0,1
S01009215,C. Manufacturing,36,34,1,33,2,0,2
S01009215,F. Construction,39,31,1,30,8,1,7
S01009215,G I. Distribution hotels and restaurants,110,105,38,67,5,2,3
S01009215,H J. Transport and communication,32,26,4,22,6,3,3
S01009215,K L M N. Financial real estate professional and administrative activities,57,48,11,37,9,5,4
S01009215,O P Q. Public administration education and health,124,121,53,68,3,0,3
S01009215,R S T U. Other,19,15,8,7,4,0,4
S01009216,All people aged 16 to 74 in employment,448,410,114,296,38,8,30
S01009216,A B D E. Agriculture energy and water,13,13,0,13,0,0,0
S01009216,C. Manufacturing,52,50,6,44,2,0,2
S01009216,F. Construction,53,37,1,36,16,1,15
S01009216,G I. Distribution hotels and restaurants,125,119,56,63,6,1,5
S01009216,H J. Transport and communication,29,27,3,24,2,1,1
S01009216,K L M N. Financial real estate professional and administrative activities,37,35,8,27,2,0,2
S01009216,O P Q. Public administration education and health,123,116,36,80,7,4,3
S01009216,R S T U. Other,16,13,4,9,3,1,2
S01009217,All people aged 16 to 74 in employment,252,228,62,166,24,6,18
S01009217,A B D E. Agriculture energy and water,4,3,0,3,1,0,1
S01009217,C. Manufacturing,21,20,2,18,1,1,0
S01009217,F. Construction,34,24,0,24,10,1,9
S01009217,G I. Distribution hotels and restaurants,48,43,16,27,5,0,5
S01009217,H J. Transport and communication,14,13,0,13,1,0,1
S01009217,K L M N. Financial real estate professional and administrative activities,26,25,8,17,1,0,1
S01009217,O P Q. Public administration education and health,90,88,29,59,2,2,0
S01009217,R S T U. Other,15,12,7,5,3,2,1
S01009218,All people aged 16 to 74 in employment,375,339,99,240,36,13,23
S01009218,A B D E. Agriculture energy and water,14,14,0,14,0,0,0
S01009218,C. Manufacturing,44,44,3,41,0,0,0
S01009218,F. Construction,43,30,2,28,13,1,12
S01009218,G I. Distribution hotels and restaurants,81,74,30,44,7,1,6
S01009218,H J. Transport and communication,20,19,3,16,1,1,0
S01009218,K L M N. Financial real estate professional and administrative activities,45,38,13,25,7,3,4
S01009218,O P Q. Public administration education and health,112,106,43,63,6,5,1
S01009218,R S T U. Other,16,14,5,9,2,2,0
S01009219,All people aged 16 to 74 in employment,288,267,82,185,21,6,15
S01009219,A B D E. Agriculture energy and water,8,8,2,6,0,0,0
S01009219,C. Manufacturing,36,36,3,33,0,0,0
S01009219,F. Construction,26,17,1,16,9,0,9
S01009219,G I. Distribution hotels and restaurants,77,74,38,36,3,1,2
S01009219,H J. Transport and communication,30,27,3,24,3,1,2
S01009219,K L M N. Financial real estate professional and administrative activities,32,30,7,23,2,2,0
S01009219,O P Q. Public administration education and health,68,66,23,43,2,2,0
S01009219,R S T U. Other,11,9,5,4,2,0,2
S01009220,All people aged 16 to 74 in employment,221,205,66,139,16,4,12
S01009220,A B D E. Agriculture energy and water,6,6,1,5,0,0,0
S01009220,C. Manufacturing,34,32,4,28,2,0,2
S01009220,F. Construction,20,16,2,14,4,1,3
S01009220,G I. Distribution hotels and restaurants,62,58,25,33,4,0,4
S01009220,H J. Transport and communication,18,16,1,15,2,1,1
S01009220,K L M N. Financial real estate professional and administrative activities,26,24,6,18,2,0,2
S01009220,O P Q. Public administration education and health,45,44,22,22,1,1,0
S01009220,R S T U. Other,10,9,5,4,1,1,0
S01009221,All people aged 16 to 74 in employment,257,241,63,178,16,2,14
S01009221,A B D E. Agriculture energy and water,8,7,0,7,1,0,1
S01009221,C. Manufacturing,33,33,0,33,0,0,0
S01009221,F. Construction,24,20,2,18,4,1,3
S01009221,G I. Distribution hotels and restaurants,76,68,24,44,8,0,8
S01009221,H J. Transport and communication,17,17,3,14,0,0,0
S01009221,K L M N. Financial real estate professional and administrative activities,32,32,12,20,0,0,0
S01009221,O P Q. Public administration education and health,52,51,18,33,1,0,1
S01009221,R S T U. Other,15,13,4,9,2,1,1
S01009222,All people aged 16 to 74 in employment,235,217,82,135,18,6,12
S01009222,A B D E. Agriculture energy and water,3,3,0,3,0,0,0
S01009222,C. Manufacturing,35,33,1,32,2,1,1
S01009222,F. Construction,20,17,2,15,3,1,2
S01009222,G I. Distribution hotels and restaurants,64,62,38,24,2,1,1
S01009222,H J. Transport and communication,19,17,1,16,2,2,0
S01009222,K L M N. Financial real estate professional and administrative activities,27,22,6,16,5,0,5
S01009222,O P Q. Public administration education and health,57,55,28,27,2,1,1
S01009222,R S T U. Other,10,8,6,2,2,0,2
S01009223,All people aged 16 to 74 in employment,261,244,72,172,17,1,16
S01009223,A B D E. Agriculture energy and water,6,6,0,6,0,0,0
S01009223,C. Manufacturing,44,43,3,40,1,0,1
S01009223,F. Construction,22,16,2,14,6,0,6
S01009223,G I. Distribution hotels and restaurants,66,60,26,34,6,0,6
S01009223,H J. Transport and communication,22,19,3,16,3,0,3
S01009223,K L M N. Financial real estate professional and administrative activities,35,35,11,24,0,0,0
S01009223,O P Q. Public administration education and health,59,58,25,33,1,1,0
S01009223,R S T U. Other,7,7,2,5,0,0,0
S01009224,All people aged 16 to 74 in employment,284,265,84,181,19,5,14
S01009224,A B D E. Agriculture energy and water,7,7,1,6,0,0,0
S01009224,C. Manufacturing,34,34,3,31,0,0,0
S01009224,F. Construction,37,31,0,31,6,1,5
S01009224,G I. Distribution hotels and restaurants,76,72,30,42,4,1,3
S01009224,H J. Transport and communication,24,22,6,16,2,0,2
S01009224,K L M N. Financial real estate professional and administrative activities,30,28,13,15,2,0,2
S01009224,O P Q. Public administration education and health,61,59,25,34,2,0,2
S01009224,R S T U. Other,15,12,6,6,3,3,0
S01009225,All people aged 16 to 74 in employment,259,244,71,173,15,4,11
S01009225,A B D E. Agriculture energy and water,5,5,0,5,0,0,0
S01009225,C. Manufacturing,41,40,3,37,1,0,1
S01009225,F. Construction,24,21,0,21,3,0,3
S01009225,G I. Distribution hotels and restaurants,74,70,32,38,4,0,4
S01009225,H J. Transport and communication,25,23,5,18,2,0,2
S01009225,K L M N. Financial real estate professional and administrative activities,27,24,8,16,3,3,0
S01009225,O P Q. Public administration education and health,50,49,18,31,1,1,0
S01009225,R S T U. Other,13,12,5,7,1,0,1
S01009226,All people aged 16 to 74 in employment,401,379,96,283,22,4,18
S01009226,A B D E. Agriculture energy and water,13,13,0,13,0,0,0
S01009226,C. Manufacturing,52,51,4,47,1,0,1
S01009226,F. Construction,31,25,0,25,6,2,4
S01009226,G I. Distribution hotels and restaurants,101,99,38,61,2,0,2
S01009226,H J. Transport and communication,35,32,7,25,3,0,3
S01009226,K L M N. Financial real estate professional and administrative activities,56,50,12,38,6,0,6
S01009226,O P Q. Public administration education and health,88,88,30,58,0,0,0
S01009226,R S T U. Other,25,21,5,16,4,2,2
S01009227,All people aged 16 to 74 in employment,260,242,57,185,18,5,13
S01009227,A B D E. Agriculture energy and water,4,4,0,4,0,0,0
S01009227,C. Manufacturing,34,33,4,29,1,0,1
S01009227,F. Construction,20,17,2,15,3,0,3
S01009227,G I. Distribution hotels and restaurants,67,63,22,41,4,1,3
S01009227,H J. Transport and communication,20,17,2,15,3,1,2
S01009227,K L M N. Financial real estate professional and administrative activities,36,35,6,29,1,0,1
S01009227,O P Q. Public administration education and health,67,64,18,46,3,2,1
S01009227,R S T U. Other,12,9,3,6,3,1,2
S01009228,All people aged 16 to 74 in employment,236,215,59,156,21,5,16
S01009228,A B D E. Agriculture energy and water,9,6,1,5,3,0,3
S01009228,C. Manufacturing,33,32,2,30,1,0,1
S01009228,F. Construction,23,19,1,18,4,1,3
S01009228,G I. Distribution hotels and restaurants,66,63,30,33,3,2,1
S01009228,H J. Transport and communication,25,22,0,22,3,1,2
S01009228,K L M N. Financial real estate professional and administrative activities,20,17,4,13,3,0,3
S01009228,O P Q. Public administration education and health,50,48,19,29,2,1,1
S01009228,R S T U. Other,10,8,2,6,2,0,2
S01009229,All people aged 16 to 74 in employment,275,245,55,190,30,11,19
S01009229,A B D E. Agriculture energy and water,11,11,0,11,0,0,0
S01009229,C. Manufacturing,34,33,2,31,1,0,1
S01009229,F. Construction,22,17,0,17,5,1,4
S01009229,G I. Distribution hotels and restaurants,68,60,25,35,8,3,5
S01009229,H J. Transport and communication,25,21,1,20,4,1,3
S01009229,K L M N. Financial real estate professional and administrative activities,39,34,8,26,5,2,3
S01009229,O P Q. Public administration education and health,67,62,17,45,5,3,2
S01009229,R S T U. Other,9,7,2,5,2,1,1
S01009230,All people aged 16 to 74 in employment,347,319,52,267,28,4,24
S01009230,A B D E. Agriculture energy and water,12,12,0,12,0,0,0
S01009230,C. Manufacturing,41,39,4,35,2,0,2
S01009230,F. Construction,36,28,2,26,8,0,8
S01009230,G I. Distribution hotels and restaurants,73,68,20,48,5,1,4
S01009230,H J. Transport and communication,38,32,0,32,6,1,5
S01009230,K L M N. Financial real estate professional and administrative activities,52,51,4,47,1,0,1
S01009230,O P Q. Public administration education and health,88,84,20,64,4,1,3
S01009230,R S T U. Other,7,5,2,3,2,1,1
S01009231,All people aged 16 to 74 in employment,493,438,105,333,55,22,33
S01009231,A B D E. Agriculture energy and water,14,13,1,12,1,1,0
S01009231,C. Manufacturing,76,73,5,68,3,1,2
S01009231,F. Construction,36,26,1,25,10,3,7
S01009231,G I. Distribution hotels and restaurants,102,89,29,60,13,2,11
S01009231,H J. Transport and communication,33,29,5,24,4,2,2
S01009231,K L M N. Financial real estate professional and administrative activities,67,62,11,51,5,4,1
S01009231,O P Q. Public administration education and health,133,122,41,81,11,6,5
S01009231,R S T U. Other,32,24,12,12,8,3,5
S01009232,All people aged 16 to 74 in employment,221,217,56,161,4,3,1
S01009232,A B D E. Agriculture energy and water,9,8,0,8,1,1,0
S01009232,C. Manufacturing,26,26,1,25,0,0,0
S01009232,F. Construction,24,23,1,22,1,0,1
S01009232,G I. Distribution hotels and restaurants,69,69,30,39,0,0,0
S01009232,H J. Transport and communication,15,15,1,14,0,0,0
S01009232,K L M N. Financial real estate professional and administrative activities,25,25,4,21,0,0,0
S01009232,O P Q. Public administration education and health,46,45,16,29,1,1,0
S01009232,R S T U. Other,7,6,3,3,1,1,0
S01009233,All people aged 16 to 74 in employment,231,214,57,157,17,5,12
S01009233,A B D E. Agriculture energy and water,11,11,0,11,0,0,0
S01009233,C. Manufacturing,34,34,0,34,0,0,0
S01009233,F. Construction,24,21,0,21,3,0,3
S01009233,G I. Distribution hotels and restaurants,57,55,26,29,2,1,1
S01009233,H J. Transport and communication,18,14,1,13,4,1,3
S01009233,K L M N. Financial real estate professional and administrative activities,24,21,5,16,3,1,2
S01009233,O P Q. Public administration education and health,52,49,19,30,3,1,2
S01009233,R S T U. Other,11,9,6,3,2,1,1
S01009234,All people aged 16 to 74 in employment,394,376,119,257,18,7,11
S01009234,A B D E. Agriculture energy and water,13,13,0,13,0,0,0
S01009234,C. Manufacturing,57,56,6,50,1,0,1
S01009234,F. Construction,29,25,2,23,4,1,3
S01009234,G I. Distribution hotels and restaurants,106,103,54,49,3,1,2
S01009234,H J. Transport and communication,25,22,3,19,3,0,3
S01009234,K L M N. Financial real estate professional and administrative activities,54,51,11,40,3,2,1
S01009234,O P Q. Public administration education and health,86,83,34,49,3,2,1
S01009234,R S T U. Other,24,23,9,14,1,1,0
S01009235,All people aged 16 to 74 in employment,423,399,83,316,24,11,13
S01009235,A B D E. Agriculture energy and water,13,13,0,13,0,0,0
S01009235,C. Manufacturing,52,48,2,46,4,2,2
S01009235,F. Construction,39,36,2,34,3,1,2
S01009235,G I. Distribution hotels and restaurants,109,104,43,61,5,1,4
S01009235,H J. Transport and communication,39,38,3,35,1,0,1
S01009235,K L M N. Financial real estate professional and administrative activities,68,64,7,57,4,2,2
S01009235,O P Q. Public administration education and health,88,85,23,62,3,2,1
S01009235,R S T U. Other,15,11,3,8,4,3,1
S01009236,All people aged 16 to 74 in employment,215,197,59,138,18,7,11
S01009236,A B D E. Agriculture energy and water,4,4,1,3,0,0,0
S01009236,C. Manufacturing,31,31,3,28,0,0,0
S01009236,F. Construction,19,13,1,12,6,2,4
S01009236,G I. Distribution hotels and restaurants,40,35,20,15,5,2,3
S01009236,H J. Transport and communication,13,11,0,11,2,1,1
S01009236,K L M N. Financial real estate professional and administrative activities,32,30,8,22,2,0,2
S01009236,O P Q. Public administration education and health,64,63,22,41,1,1,0
S01009236,R S T U. Other,12,10,4,6,2,1,1
S01009237,All people aged 16 to 74 in employment,438,393,94,299,45,11,34
S01009237,A B D E. Agriculture energy and water,11,11,0,11,0,0,0
S01009237,C. Manufacturing,61,59,4,55,2,0,2
S01009237,F. Construction,39,33,2,31,6,2,4
S01009237,G I. Distribution hotels and restaurants,80,69,34,35,11,2,9
S01009237,H J. Transport and communication,31,26,3,23,5,1,4
S01009237,K L M N. Financial real estate professional and administrative activities,73,63,17,46,10,0,10
S01009237,O P Q. Public administration education and health,115,112,29,83,3,2,1
S01009237,R S T U. Other,28,20,5,15,8,4,4
S01009238,All people aged 16 to 74 in employment,308,300,99,201,8,1,7
S01009238,A B D E. Agriculture energy and water,12,11,1,10,1,0,1
S01009238,C. Manufacturing,37,36,2,34,1,0,1
S01009238,F. Construction,17,16,2,14,1,0,1
S01009238,G I. Distribution hotels and restaurants,102,101,44,57,1,0,1
S01009238,H J. Transport and communication,21,19,3,16,2,0,2
S01009238,K L M N. Financial real estate professional and administrative activities,44,43,16,27,1,0,1
S01009238,O P Q. Public administration education and health,63,63,21,42,0,0,0
S01009238,R S T U. Other,12,11,10,1,1,1,0
S01009239,All people aged 16 to 74 in employment,441,422,116,306,19,6,13
S01009239,A B D E. Agriculture energy and water,19,19,1,18,0,0,0
S01009239,C. Manufacturing,60,60,4,56,0,0,0
S01009239,F. Construction,34,27,1,26,7,1,6
S01009239,G I. Distribution hotels and restaurants,138,134,60,74,4,1,3
S01009239,H J. Transport and communication,34,32,4,28,2,0,2
S01009239,K L M N. Financial real estate professional and administrative activities,42,39,11,28,3,2,1
S01009239,O P Q. Public administration education and health,96,95,29,66,1,0,1
S01009239,R S T U. Other,18,16,6,10,2,2,0
S01009240,All people aged 16 to 74 in employment,254,240,82,158,14,5,9
S01009240,A B D E. Agriculture energy and water,11,11,0,11,0,0,0
S01009240,C. Manufacturing,30,30,4,26,0,0,0
S01009240,F. Construction,32,28,2,26,4,0,4
S01009240,G I. Distribution hotels and restaurants,64,64,40,24,0,0,0
S01009240,H J. Transport and communication,17,17,2,15,0,0,0
S01009240,K L M N. Financial real estate professional and administrative activities,33,30,11,19,3,2,1
S01009240,O P Q. Public administration education and health,57,54,21,33,3,1,2
S01009240,R S T U. Other,10,6,2,4,4,2,2
S01009241,All people aged 16 to 74 in employment,356,332,105,227,24,9,15
S01009241,A B D E. Agriculture energy and water,10,10,0,10,0,0,0
S01009241,C. Manufacturing,35,35,1,34,0,0,0
S01009241,F. Construction,36,30,2,28,6,2,4
S01009241,G I. Distribution hotels and restaurants,106,101,41,60,5,1,4
S01009241,H J. Transport and communication,30,26,6,20,4,1,3
S01009241,K L M N. Financial real estate professional and administrative activities,45,43,12,31,2,2,0
S01009241,O P Q. Public administration education and health,79,74,37,37,5,3,2
S01009241,R S T U. Other,15,13,6,7,2,0,2
S01009242,All people aged 16 to 74 in employment,369,340,109,231,29,11,18
S01009242,A B D E. Agriculture energy and water,19,18,2,16,1,0,1
S01009242,C. Manufacturing,61,59,2,57,2,0,2
S01009242,F. Construction,30,27,2,25,3,1,2
S01009242,G I. Distribution hotels and restaurants,85,83,53,30,2,0,2
S01009242,H J. Transport and communication,25,20,4,16,5,1,4
S01009242,K L M N. Financial real estate professional and administrative activities,33,26,7,19,7,5,2
S01009242,O P Q. Public administration education and health,97,91,30,61,6,1,5
S01009242,R S T U. Other,19,16,9,7,3,3,0
S01009243,All people aged 16 to 74 in employment,502,460,118,342,42,9,33
S01009243,A B D E. Agriculture energy and water,13,13,3,10,0,0,0
S01009243,C. Manufacturing,73,73,9,64,0,0,0
S01009243,F. Construction,49,41,1,40,8,1,7
S01009243,G I. Distribution hotels and restaurants,113,105,48,57,8,0,8
S01009243,H J. Transport and communication,48,46,6,40,2,0,2
S01009243,K L M N. Financial real estate professional and administrative activities,72,65,12,53,7,1,6
S01009243,O P Q. Public administration education and health,115,106,33,73,9,2,7
S01009243,R S T U. Other,19,11,6,5,8,5,3
S01009244,All people aged 16 to 74 in employment,421,378,90,288,43,10,33
S01009244,A B D E. Agriculture energy and water,28,21,2,19,7,1,6
S01009244,C. Manufacturing,70,67,8,59,3,0,3
S01009244,F. Construction,30,22,2,20,8,0,8
S01009244,G I. Distribution hotels and restaurants,66,61,23,38,5,1,4
S01009244,H J. Transport and communication,31,28,2,26,3,2,1
S01009244,K L M N. Financial real estate professional and administrative activities,84,74,22,52,10,1,9
S01009244,O P Q. Public administration education and health,100,95,29,66,5,3,2
S01009244,R S T U. Other,12,10,2,8,2,2,0
S01009245,All people aged 16 to 74 in employment,434,397,106,291,37,8,29
S01009245,A B D E. Agriculture energy and water,16,15,1,14,1,0,1
S01009245,C. Manufacturing,50,48,9,39,2,0,2
S01009245,F. Construction,31,24,1,23,7,1,6
S01009245,G I. Distribution hotels and restaurants,85,80,33,47,5,1,4
S01009245,H J. Transport and communication,36,34,7,27,2,0,2
S01009245,K L M N. Financial real estate professional and administrative activities,75,64,10,54,11,3,8
S01009245,O P Q. Public administration education and health,124,119,37,82,5,1,4
S01009245,R S T U. Other,17,13,8,5,4,2,2
S01009246,All people aged 16 to 74 in employment,384,353,91,262,31,5,26
S01009246,A B D E. Agriculture energy and water,6,6,0,6,0,0,0
S01009246,C. Manufacturing,85,84,7,77,1,0,1
S01009246,F. Construction,39,29,3,26,10,0,10
S01009246,G I. Distribution hotels and restaurants,82,76,35,41,6,2,4
S01009246,H J. Transport and communication,29,26,2,24,3,0,3
S01009246,K L M N. Financial real estate professional and administrative activities,44,41,8,33,3,1,2
S01009246,O P Q. Public administration education and health,80,78,29,49,2,1,1
S01009246,R S T U. Other,19,13,7,6,6,1,5
S01009247,All people aged 16 to 74 in employment,519,495,146,349,24,8,16
S01009247,A B D E. Agriculture energy and water,20,20,0,20,0,0,0
S01009247,C. Manufacturing,97,96,9,87,1,1,0
S01009247,F. Construction,39,33,2,31,6,1,5
S01009247,G I. Distribution hotels and restaurants,130,127,60,67,3,1,2
S01009247,H J. Transport and communication,43,40,4,36,3,0,3
S01009247,K L M N. Financial real estate professional and administrative activities,56,52,18,34,4,2,2
S01009247,O P Q. Public administration education and health,108,105,43,62,3,1,2
S01009247,R S T U. Other,26,22,10,12,4,2,2
S01009248,All people aged 16 to 74 in employment,335,299,101,198,36,11,25
S01009248,A B D E. Agriculture energy and water,1,0,0,0,1,0,1
S01009248,C. Manufacturing,53,51,6,45,2,1,1
S01009248,F. Construction,24,15,1,14,9,2,7
S01009248,G I. Distribution hotels and restaurants,76,73,34,39,3,0,3
S01009248,H J. Transport and communication,23,15,3,12,8,0,8
S01009248,K L M N. Financial real estate professional and administrative activities,45,42,12,30,3,3,0
S01009248,O P Q. Public administration education and health,98,91,37,54,7,4,3
S01009248,R S T U. Other,15,12,8,4,3,1,2
S01009249,All people aged 16 to 74 in employment,379,333,91,242,46,14,32
S01009249,A B D E. Agriculture energy and water,11,11,2,9,0,0,0
S01009249,C. Manufacturing,65,64,7,57,1,0,1
S01009249,F. Construction,35,18,1,17,17,2,15
S01009249,G I. Distribution hotels and restaurants,97,92,37,55,5,0,5
S01009249,H J. Transport and communication,38,31,4,27,7,3,4
S01009249,K L M N. Financial real estate professional and administrative activities,45,37,10,27,8,4,4
S01009249,O P Q. Public administration education and health,67,63,19,44,4,2,2
S01009249,R S T U. Other,21,17,11,6,4,3,1
S01009250,All people aged 16 to 74 in employment,305,277,77,200,28,7,21
S01009250,A B D E. Agriculture energy and water,13,12,0,12,1,0,1
S01009250,C. Manufacturing,51,48,2,46,3,2,1
S01009250,F. Construction,30,18,0,18,12,3,9
S01009250,G I. Distribution hotels and restaurants,57,53,28,25,4,0,4
S01009250,H J. Transport and communication,25,22,1,21,3,0,3
S01009250,K L M N. Financial real estate professional and administrative activities,45,44,14,30,1,1,0
S01009250,O P Q. Public administration education and health,69,65,24,41,4,1,3
S01009250,R S T U. Other,15,15,8,7,0,0,0
S01009251,All people aged 16 to 74 in employment,263,237,60,177,26,10,16
S01009251,A B D E. Agriculture energy and water,6,5,0,5,1,0,1
S01009251,C. Manufacturing,45,44,4,40,1,1,0
S01009251,F. Construction,21,14,3,11,7,1,6
S01009251,G I. Distribution hotels and restaurants,55,52,24,28,3,0,3
S01009251,H J. Transport and communication,22,19,1,18,3,1,2
S01009251,K L M N. Financial real estate professional and administrative activities,34,26,3,23,8,4,4
S01009251,O P Q. Public administration education and health,71,70,23,47,1,1,0
S01009251,R S T U. Other,9,7,2,5,2,2,0
S01009252,All people aged 16 to 74 in employment,283,259,77,182,24,9,15
S01009252,A B D E. Agriculture energy and water,7,5,0,5,2,0,2
S01009252,C. Manufacturing,33,33,1,32,0,0,0
S01009252,F. Construction,29,24,2,22,5,1,4
S01009252,G I. Distribution hotels and restaurants,42,41,21,20,1,1,0
S01009252,H J. Transport and communication,24,20,7,13,4,1,3
S01009252,K L M N. Financial real estate professional and administrative activities,70,64,20,44,6,3,3
S01009252,O P Q. Public administration education and health,62,61,22,39,1,1,0
S01009252,R S T U. Other,16,11,4,7,5,2,3
S01009253,All people aged 16 to 74 in employment,169,152,54,98,17,6,11
S01009253,A B D E. Agriculture energy and water,5,5,1,4,0,0,0
S01009253,C. Manufacturing,27,26,5,21,1,0,1
S01009253,F. Construction,17,12,0,12,5,1,4
S01009253,G I. Distribution hotels and restaurants,49,47,21,26,2,0,2
S01009253,H J. Transport and communication,12,10,5,5,2,0,2
S01009253,K L M N. Financial real estate professional and administrative activities,18,17,4,13,1,1,0
S01009253,O P Q. Public administration education and health,32,29,15,14,3,3,0
S01009253,R S T U. Other,9,6,3,3,3,1,2
S01009254,All people aged 16 to 74 in employment,315,295,82,213,20,6,14
S01009254,A B D E. Agriculture energy and water,6,6,0,6,0,0,0
S01009254,C. Manufacturing,54,53,10,43,1,0,1
S01009254,F. Construction,32,30,0,30,2,1,1
S01009254,G I. Distribution hotels and restaurants,84,81,31,50,3,0,3
S01009254,H J. Transport and communication,20,17,4,13,3,0,3
S01009254,K L M N. Financial real estate professional and administrative activities,42,39,7,32,3,2,1
S01009254,O P Q. Public administration education and health,63,57,23,34,6,2,4
S01009254,R S T U. Other,14,12,7,5,2,1,1
S01009255,All people aged 16 to 74 in employment,360,334,64,270,26,3,23
S01009255,A B D E. Agriculture energy and water,12,11,2,9,1,0,1
S01009255,C. Manufacturing,88,85,5,80,3,1,2
S01009255,F. Construction,20,17,3,14,3,0,3
S01009255,G I. Distribution hotels and restaurants,73,63,19,44,10,0,10
S01009255,H J. Transport and communication,37,36,4,32,1,0,1
S01009255,K L M N. Financial real estate professional and administrative activities,44,41,8,33,3,1,2
S01009255,O P Q. Public administration education and health,74,71,19,52,3,1,2
S01009255,R S T U. Other,12,10,4,6,2,0,2
S01009256,All people aged 16 to 74 in employment,219,201,36,165,18,4,14
S01009256,A B D E. Agriculture energy and water,7,6,1,5,1,0,1
S01009256,C. Manufacturing,38,38,4,34,0,0,0
S01009256,F. Construction,19,17,0,17,2,0,2
S01009256,G I. Distribution hotels and restaurants,35,28,3,25,7,1,6
S01009256,H J. Transport and communication,13,12,1,11,1,0,1
S01009256,K L M N. Financial real estate professional and administrative activities,36,34,5,29,2,1,1
S01009256,O P Q. Public administration education and health,59,56,19,37,3,0,3
S01009256,R S T U. Other,12,10,3,7,2,2,0
S01009257,All people aged 16 to 74 in employment,340,293,68,225,47,8,39
S01009257,A B D E. Agriculture energy and water,12,12,1,11,0,0,0
S01009257,C. Manufacturing,58,56,5,51,2,0,2
S01009257,F. Construction,21,15,1,14,6,0,6
S01009257,G I. Distribution hotels and restaurants,71,58,19,39,13,2,11
S01009257,H J. Transport and communication,36,30,8,22,6,0,6
S01009257,K L M N. Financial real estate professional and administrative activities,55,49,12,37,6,1,5
S01009257,O P Q. Public administration education and health,63,58,13,45,5,1,4
S01009257,R S T U. Other,24,15,9,6,9,4,5
S01009258,All people aged 16 to 74 in employment,322,255,60,195,67,15,52
S01009258,A B D E. Agriculture energy and water,20,7,2,5,13,1,12
S01009258,C. Manufacturing,32,26,5,21,6,0,6
S01009258,F. Construction,20,10,1,9,10,1,9
S01009258,G I. Distribution hotels and restaurants,43,39,14,25,4,1,3
S01009258,H J. Transport and communication,35,32,4,28,3,0,3
S01009258,K L M N. Financial real estate professional and administrative activities,57,42,8,34,15,5,10
S01009258,O P Q. Public administration education and health,98,87,25,62,11,5,6
S01009258,R S T U. Other,17,12,1,11,5,2,3
S01009259,All people aged 16 to 74 in employment,501,441,129,312,60,17,43
S01009259,A B D E. Agriculture energy and water,14,14,3,11,0,0,0
S01009259,C. Manufacturing,74,72,8,64,2,0,2
S01009259,F. Construction,51,38,3,35,13,2,11
S01009259,G I. Distribution hotels and restaurants,71,58,29,29,13,1,12
S01009259,H J. Transport and communication,30,25,2,23,5,1,4
S01009259,K L M N. Financial real estate professional and administrative activities,128,117,35,82,11,4,7
S01009259,O P Q. Public administration education and health,114,106,41,65,8,3,5
S01009259,R S T U. Other,19,11,8,3,8,6,2
S01009260,All people aged 16 to 74 in employment,645,588,143,445,57,15,42
S01009260,A B D E. Agriculture energy and water,16,14,2,12,2,0,2
S01009260,C. Manufacturing,123,122,14,108,1,0,1
S01009260,F. Construction,56,43,5,38,13,0,13
S01009260,G I. Distribution hotels and restaurants,109,101,32,69,8,0,8
S01009260,H J. Transport and communication,45,39,3,36,6,3,3
S01009260,K L M N. Financial real estate professional and administrative activities,106,95,15,80,11,5,6
S01009260,O P Q. Public administration education and health,153,146,64,82,7,3,4
S01009260,R S T U. Other,37,28,8,20,9,4,5
S01009261,All people aged 16 to 74 in employment,315,286,73,213,29,8,21
S01009261,A B D E. Agriculture energy and water,8,7,0,7,1,0,1
S01009261,C. Manufacturing,64,64,12,52,0,0,0
S01009261,F. Construction,35,25,3,22,10,2,8
S01009261,G I. Distribution hotels and restaurants,69,63,25,38,6,1,5
S01009261,H J. Transport and communication,29,27,4,23,2,1,1
S01009261,K L M N. Financial real estate professional and administrative activities,38,33,9,24,5,2,3
S01009261,O P Q. Public administration education and health,63,61,19,42,2,2,0
S01009261,R S T U. Other,9,6,1,5,3,0,3
S01009262,All people aged 16 to 74 in employment,230,216,71,145,14,6,8
S01009262,A B D E. Agriculture energy and water,10,10,2,8,0,0,0
S01009262,C. Manufacturing,43,43,8,35,0,0,0
S01009262,F. Construction,21,18,2,16,3,2,1
S01009262,G I. Distribution hotels and restaurants,43,41,18,23,2,1,1
S01009262,H J. Transport and communication,24,21,2,19,3,0,3
S01009262,K L M N. Financial real estate professional and administrative activities,38,36,12,24,2,1,1
S01009262,O P Q. Public administration education and health,41,40,22,18,1,1,0
S01009262,R S T U. Other,10,7,5,2,3,1,2
S01009263,All people aged 16 to 74 in employment,512,459,95,364,53,15,38
S01009263,A B D E. Agriculture energy and water,15,15,1,14,0,0,0
S01009263,C. Manufacturing,62,58,7,51,4,0,4
S01009263,F. Construction,31,23,2,21,8,0,8
S01009263,G I. Distribution hotels and restaurants,82,76,32,44,6,1,5
S01009263,H J. Transport and communication,38,32,3,29,6,2,4
S01009263,K L M N. Financial real estate professional and administrative activities,116,104,11,93,12,4,8
S01009263,O P Q. Public administration education and health,141,133,33,100,8,4,4
S01009263,R S T U. Other,27,18,6,12,9,4,5
S01009264,All people aged 16 to 74 in employment,262,222,55,167,40,16,24
S01009264,A B D E. Agriculture energy and water,24,18,1,17,6,1,5
S01009264,C. Manufacturing,22,22,1,21,0,0,0
S01009264,F. Construction,19,18,1,17,1,0,1
S01009264,G I. Distribution hotels and restaurants,57,44,20,24,13,6,7
S01009264,H J. Transport and communication,19,15,3,12,4,1,3
S01009264,K L M N. Financial real estate professional and administrative activities,37,30,8,22,7,3,4
S01009264,O P Q. Public administration education and health,68,64,16,48,4,1,3
S01009264,R S T U. Other,16,11,5,6,5,4,1
S01009265,All people aged 16 to 74 in employment,377,353,102,251,24,10,14
S01009265,A B D E. Agriculture energy and water,24,24,1,23,0,0,0
S01009265,C. Manufacturing,40,38,1,37,2,1,1
S01009265,F. Construction,36,34,1,33,2,1,1
S01009265,G I. Distribution hotels and restaurants,84,76,40,36,8,3,5
S01009265,H J. Transport and communication,18,18,2,16,0,0,0
S01009265,K L M N. Financial real estate professional and administrative activities,40,38,8,30,2,1,1
S01009265,O P Q. Public administration education and health,119,113,41,72,6,2,4
S01009265,R S T U. Other,16,12,8,4,4,2,2
S01009266,All people aged 16 to 74 in employment,363,330,99,231,33,8,25
S01009266,A B D E. Agriculture energy and water,27,24,0,24,3,0,3
S01009266,C. Manufacturing,37,37,1,36,0,0,0
S01009266,F. Construction,36,26,0,26,10,0,10
S01009266,G I. Distribution hotels and restaurants,64,56,25,31,8,2,6
S01009266,H J. Transport and communication,27,23,8,15,4,3,1
S01009266,K L M N. Financial real estate professional and administrative activities,37,37,11,26,0,0,0
S01009266,O P Q. Public administration education and health,121,116,49,67,5,1,4
S01009266,R S T U. Other,14,11,5,6,3,2,1
S01009267,All people aged 16 to 74 in employment,389,352,86,266,37,14,23
S01009267,A B D E. Agriculture energy and water,24,23,0,23,1,0,1
S01009267,C. Manufacturing,34,32,2,30,2,1,1
S01009267,F. Construction,37,25,3,22,12,4,8
S01009267,G I. Distribution hotels and restaurants,69,61,29,32,8,2,6
S01009267,H J. Transport and communication,22,21,3,18,1,0,1
S01009267,K L M N. Financial real estate professional and administrative activities,57,55,18,37,2,1,1
S01009267,O P Q. Public administration education and health,128,124,27,97,4,1,3
S01009267,R S T U. Other,18,11,4,7,7,5,2
S01009268,All people aged 16 to 74 in employment,462,416,107,309,46,10,36
S01009268,A B D E. Agriculture energy and water,26,19,0,19,7,0,7
S01009268,C. Manufacturing,41,38,2,36,3,2,1
S01009268,F. Construction,42,29,1,28,13,2,11
S01009268,G I. Distribution hotels and restaurants,86,80,26,54,6,3,3
S01009268,H J. Transport and communication,42,40,5,35,2,0,2
S01009268,K L M N. Financial real estate professional and administrative activities,74,70,23,47,4,1,3
S01009268,O P Q. Public administration education and health,133,129,42,87,4,1,3
S01009268,R S T U. Other,18,11,8,3,7,1,6
S01009269,All people aged 16 to 74 in employment,353,335,105,230,18,10,8
S01009269,A B D E. Agriculture energy and water,16,16,0,16,0,0,0
S01009269,C. Manufacturing,27,25,1,24,2,1,1
S01009269,F. Construction,52,49,3,46,3,1,2
S01009269,G I. Distribution hotels and restaurants,74,69,37,32,5,2,3
S01009269,H J. Transport and communication,35,35,9,26,0,0,0
S01009269,K L M N. Financial real estate professional and administrative activities,39,35,11,24,4,4,0
S01009269,O P Q. Public administration education and health,90,89,35,54,1,1,0
S01009269,R S T U. Other,20,17,9,8,3,1,2
S01009270,All people aged 16 to 74 in employment,239,211,58,153,28,10,18
S01009270,A B D E. Agriculture energy and water,10,10,1,9,0,0,0
S01009270,C. Manufacturing,24,22,3,19,2,1,1
S01009270,F. Construction,32,18,2,16,14,3,11
S01009270,G I. Distribution hotels and restaurants,58,54,22,32,4,1,3
S01009270,H J. Transport and communication,18,17,6,11,1,0,1
S01009270,K L M N. Financial real estate professional and administrative activities,32,27,3,24,5,4,1
S01009270,O P Q. Public administration education and health,52,52,17,35,0,0,0
S01009270,R S T U. Other,13,11,4,7,2,1,1
S01009271,All people aged 16 to 74 in employment,493,443,100,343,50,9,41
S01009271,A B D E. Agriculture energy and water,23,21,0,21,2,0,2
S01009271,C. Manufacturing,59,55,3,52,4,0,4
S01009271,F. Construction,43,28,3,25,15,3,12
S01009271,G I. Distribution hotels and restaurants,91,84,36,48,7,2,5
S01009271,H J. Transport and communication,34,33,5,28,1,0,1
S01009271,K L M N. Financial real estate professional and administrative activities,64,60,10,50,4,2,2
S01009271,O P Q. Public administration education and health,157,146,39,107,11,1,10
S01009271,R S T U. Other,22,16,4,12,6,1,5
S01009272,All people aged 16 to 74 in employment,317,292,105,187,25,11,14
S01009272,A B D E. Agriculture energy and water,19,19,3,16,0,0,0
S01009272,C. Manufacturing,26,24,2,22,2,2,0
S01009272,F. Construction,39,34,6,28,5,2,3
S01009272,G I. Distribution hotels and restaurants,60,58,32,26,2,2,0
S01009272,H J. Transport and communication,35,33,10,23,2,0,2
S01009272,K L M N. Financial real estate professional and administrative activities,44,38,16,22,6,3,3
S01009272,O P Q. Public administration education and health,81,77,31,46,4,1,3
S01009272,R S T U. Other,13,9,5,4,4,1,3
S01009273,All people aged 16 to 74 in employment,229,200,55,145,29,12,17
S01009273,A B D E. Agriculture energy and water,7,6,0,6,1,0,1
S01009273,C. Manufacturing,27,22,1,21,5,2,3
S01009273,F. Construction,24,20,3,17,4,1,3
S01009273,G I. Distribution hotels and restaurants,24,21,12,9,3,0,3
S01009273,H J. Transport and communication,14,13,6,7,1,0,1
S01009273,K L M N. Financial real estate professional and administrative activities,47,41,6,35,6,3,3
S01009273,O P Q. Public administration education and health,78,70,21,49,8,5,3
S01009273,R S T U. Other,8,7,6,1,1,1,0
S01009274,All people aged 16 to 74 in employment,277,246,62,184,31,6,25
S01009274,A B D E. Agriculture energy and water,12,11,2,9,1,0,1
S01009274,C. Manufacturing,22,21,1,20,1,0,1
S01009274,F. Construction,33,25,0,25,8,1,7
S01009274,G I. Distribution hotels and restaurants,43,36,11,25,7,1,6
S01009274,H J. Transport and communication,22,18,4,14,4,0,4
S01009274,K L M N. Financial real estate professional and administrative activities,36,32,7,25,4,0,4
S01009274,O P Q. Public administration education and health,99,94,35,59,5,3,2
S01009274,R S T U. Other,10,9,2,7,1,1,0
S01009275,All people aged 16 to 74 in employment,305,239,51,188,66,16,50
S01009275,A B D E. Agriculture energy and water,40,22,4,18,18,2,16
S01009275,C. Manufacturing,32,29,2,27,3,0,3
S01009275,F. Construction,31,16,1,15,15,4,11
S01009275,G I. Distribution hotels and restaurants,48,39,9,30,9,4,5
S01009275,H J. Transport and communication,23,20,4,16,3,1,2
S01009275,K L M N. Financial real estate professional and administrative activities,54,41,5,36,13,2,11
S01009275,O P Q. Public administration education and health,66,63,19,44,3,1,2
S01009275,R S T U. Other,11,9,7,2,2,2,0
S01009276,All people aged 16 to 74 in employment,415,362,108,254,53,14,39
S01009276,A B D E. Agriculture energy and water,10,10,0,10,0,0,0
S01009276,C. Manufacturing,42,40,2,38,2,0,2
S01009276,F. Construction,29,20,4,16,9,1,8
S01009276,G I. Distribution hotels and restaurants,73,69,35,34,4,0,4
S01009276,H J. Transport and communication,32,24,6,18,8,4,4
S01009276,K L M N. Financial real estate professional and administrative activities,66,56,13,43,10,3,7
S01009276,O P Q. Public administration education and health,142,129,38,91,13,3,10
S01009276,R S T U. Other,21,14,10,4,7,3,4
S01009277,All people aged 16 to 74 in employment,288,214,67,147,74,16,58
S01009277,A B D E. Agriculture energy and water,27,9,1,8,18,0,18
S01009277,C. Manufacturing,18,14,0,14,4,0,4
S01009277,F. Construction,21,13,2,11,8,1,7
S01009277,G I. Distribution hotels and restaurants,47,36,16,20,11,3,8
S01009277,H J. Transport and communication,20,16,6,10,4,2,2
S01009277,K L M N. Financial real estate professional and administrative activities,54,41,9,32,13,1,12
S01009277,O P Q. Public administration education and health,88,81,31,50,7,4,3
S01009277,R S T U. Other,13,4,2,2,9,5,4
S01009278,All people aged 16 to 74 in employment,300,272,66,206,28,10,18
S01009278,A B D E. Agriculture energy and water,10,9,1,8,1,0,1
S01009278,C. Manufacturing,19,18,2,16,1,1,0
S01009278,F. Construction,25,17,2,15,8,3,5
S01009278,G I. Distribution hotels and restaurants,35,27,13,14,8,2,6
S01009278,H J. Transport and communication,24,23,4,19,1,0,1
S01009278,K L M N. Financial real estate professional and administrative activities,88,83,14,69,5,1,4
S01009278,O P Q. Public administration education and health,93,90,28,62,3,2,1
S01009278,R S T U. Other,6,5,2,3,1,1,0
S01009279,All people aged 16 to 74 in employment,290,236,71,165,54,15,39
S01009279,A B D E. Agriculture energy and water,10,6,0,6,4,1,3
S01009279,C. Manufacturing,11,9,2,7,2,0,2
S01009279,F. Construction,43,29,3,26,14,1,13
S01009279,G I. Distribution hotels and restaurants,55,48,20,28,7,2,5
S01009279,H J. Transport and communication,25,15,4,11,10,4,6
S01009279,K L M N. Financial real estate professional and administrative activities,47,43,10,33,4,1,3
S01009279,O P Q. Public administration education and health,82,75,27,48,7,3,4
S01009279,R S T U. Other,17,11,5,6,6,3,3
S01009280,All people aged 16 to 74 in employment,290,277,84,193,13,3,10
S01009280,A B D E. Agriculture energy and water,13,13,0,13,0,0,0
S01009280,C. Manufacturing,40,40,5,35,0,0,0
S01009280,F. Construction,51,47,2,45,4,1,3
S01009280,G I. Distribution hotels and restaurants,55,54,28,26,1,0,1
S01009280,H J. Transport and communication,21,18,5,13,3,0,3
S01009280,K L M N. Financial real estate professional and administrative activities,35,32,8,24,3,2,1
S01009280,O P Q. Public administration education and health,61,60,31,29,1,0,1
S01009280,R S T U. Other,14,13,5,8,1,0,1
S01009281,All people aged 16 to 74 in employment,288,272,85,187,16,6,10
S01009281,A B D E. Agriculture energy and water,12,11,2,9,1,0,1
S01009281,C. Manufacturing,29,28,2,26,1,0,1
S01009281,F. Construction,42,39,0,39,3,1,2
S01009281,G I. Distribution hotels and restaurants,51,48,26,22,3,2,1
S01009281,H J. Transport and communication,21,19,5,14,2,0,2
S01009281,K L M N. Financial real estate professional and administrative activities,45,43,13,30,2,1,1
S01009281,O P Q. Public administration education and health,82,79,35,44,3,2,1
S01009281,R S T U. Other,6,5,2,3,1,0,1
S01009282,All people aged 16 to 74 in employment,353,290,73,217,63,18,45
S01009282,A B D E. Agriculture energy and water,17,7,0,7,10,1,9
S01009282,C. Manufacturing,24,22,1,21,2,0,2
S01009282,F. Construction,33,27,1,26,6,3,3
S01009282,G I. Distribution hotels and restaurants,50,42,21,21,8,0,8
S01009282,H J. Transport and communication,17,13,4,9,4,1,3
S01009282,K L M N. Financial real estate professional and administrative activities,76,61,12,49,15,5,10
S01009282,O P Q. Public administration education and health,114,105,31,74,9,3,6
S01009282,R S T U. Other,22,13,3,10,9,5,4
S01009283,All people aged 16 to 74 in employment,262,227,57,170,35,9,26
S01009283,A B D E. Agriculture energy and water,12,8,0,8,4,1,3
S01009283,C. Manufacturing,15,14,0,14,1,0,1
S01009283,F. Construction,13,10,0,10,3,0,3
S01009283,G I. Distribution hotels and restaurants,51,47,21,26,4,0,4
S01009283,H J. Transport and communication,27,24,4,20,3,1,2
S01009283,K L M N. Financial real estate professional and administrative activities,58,48,8,40,10,3,7
S01009283,O P Q. Public administration education and health,77,69,20,49,8,3,5
S01009283,R S T U. Other,9,7,4,3,2,1,1
S01009284,All people aged 16 to 74 in employment,457,408,118,290,49,8,41
S01009284,A B D E. Agriculture energy and water,18,18,1,17,0,0,0
S01009284,C. Manufacturing,42,38,0,38,4,0,4
S01009284,F. Construction,38,28,5,23,10,1,9
S01009284,G I. Distribution hotels and restaurants,80,68,30,38,12,0,12
S01009284,H J. Transport and communication,28,26,4,22,2,0,2
S01009284,K L M N. Financial real estate professional and administrative activities,97,90,19,71,7,1,6
S01009284,O P Q. Public administration education and health,137,129,53,76,8,2,6
S01009284,R S T U. Other,17,11,6,5,6,4,2
S01009285,All people aged 16 to 74 in employment,479,433,153,280,46,17,29
S01009285,A B D E. Agriculture energy and water,16,14,1,13,2,0,2
S01009285,C. Manufacturing,43,42,2,40,1,1,0
S01009285,F. Construction,27,18,3,15,9,0,9
S01009285,G I. Distribution hotels and restaurants,93,89,48,41,4,2,2
S01009285,H J. Transport and communication,40,37,5,32,3,2,1
S01009285,K L M N. Financial real estate professional and administrative activities,88,79,27,52,9,6,3
S01009285,O P Q. Public administration education and health,151,140,61,79,11,4,7
S01009285,R S T U. Other,21,14,6,8,7,2,5
S01009286,All people aged 16 to 74 in employment,388,343,89,254,45,12,33
S01009286,A B D E. Agriculture energy and water,8,8,0,8,0,0,0
S01009286,C. Manufacturing,30,28,0,28,2,0,2
S01009286,F. Construction,34,27,0,27,7,0,7
S01009286,G I. Distribution hotels and restaurants,68,57,28,29,11,3,8
S01009286,H J. Transport and communication,34,31,7,24,3,0,3
S01009286,K L M N. Financial real estate professional and administrative activities,67,58,15,43,9,3,6
S01009286,O P Q. Public administration education and health,131,122,32,90,9,4,5
S01009286,R S T U. Other,16,12,7,5,4,2,2
S01009287,All people aged 16 to 74 in employment,326,256,68,188,70,33,37
S01009287,A B D E. Agriculture energy and water,6,3,0,3,3,1,2
S01009287,C. Manufacturing,29,24,2,22,5,1,4
S01009287,F. Construction,15,11,1,10,4,2,2
S01009287,G I. Distribution hotels and restaurants,48,32,10,22,16,5,11
S01009287,H J. Transport and communication,28,27,5,22,1,0,1
S01009287,K L M N. Financial real estate professional and administrative activities,82,57,19,38,25,14,11
S01009287,O P Q. Public administration education and health,112,98,28,70,14,9,5
S01009287,R S T U. Other,6,4,3,1,2,1,1
S01009288,All people aged 16 to 74 in employment,355,286,79,207,69,30,39
S01009288,A B D E. Agriculture energy and water,16,14,2,12,2,0,2
S01009288,C. Manufacturing,36,29,3,26,7,2,5
S01009288,F. Construction,18,17,5,12,1,0,1
S01009288,G I. Distribution hotels and restaurants,63,41,19,22,22,5,17
S01009288,H J. Transport and communication,24,18,6,12,6,3,3
S01009288,K L M N. Financial real estate professional and administrative activities,80,62,8,54,18,9,9
S01009288,O P Q. Public administration education and health,106,99,33,66,7,6,1
S01009288,R S T U. Other,12,6,3,3,6,5,1
S01009289,All people aged 16 to 74 in employment,429,364,85,279,65,12,53
S01009289,A B D E. Agriculture energy and water,12,4,0,4,8,3,5
S01009289,C. Manufacturing,46,41,0,41,5,0,5
S01009289,F. Construction,31,22,0,22,9,0,9
S01009289,G I. Distribution hotels and restaurants,67,55,19,36,12,3,9
S01009289,H J. Transport and communication,38,32,6,26,6,0,6
S01009289,K L M N. Financial real estate professional and administrative activities,86,71,14,57,15,3,12
S01009289,O P Q. Public administration education and health,131,127,40,87,4,1,3
S01009289,R S T U. Other,18,12,6,6,6,2,4
S01009290,All people aged 16 to 74 in employment,283,243,76,167,40,15,25
S01009290,A B D E. Agriculture energy and water,2,2,0,2,0,0,0
S01009290,C. Manufacturing,28,28,4,24,0,0,0
S01009290,F. Construction,25,16,2,14,9,2,7
S01009290,G I. Distribution hotels and restaurants,37,22,10,12,15,6,9
S01009290,H J. Transport and communication,33,29,8,21,4,2,2
S01009290,K L M N. Financial real estate professional and administrative activities,63,54,16,38,9,3,6
S01009290,O P Q. Public administration education and health,88,87,33,54,1,1,0
S01009290,R S T U. Other,7,5,3,2,2,1,1
S01009291,All people aged 16 to 74 in employment,523,462,138,324,61,19,42
S01009291,A B D E. Agriculture energy and water,14,14,0,14,0,0,0
S01009291,C. Manufacturing,41,38,1,37,3,2,1
S01009291,F. Construction,47,34,1,33,13,1,12
S01009291,G I. Distribution hotels and restaurants,91,77,43,34,14,5,9
S01009291,H J. Transport and communication,37,32,3,29,5,3,2
S01009291,K L M N. Financial real estate professional and administrative activities,93,87,28,59,6,1,5
S01009291,O P Q. Public administration education and health,172,161,52,109,11,2,9
S01009291,R S T U. Other,28,19,10,9,9,5,4
S01009292,All people aged 16 to 74 in employment,237,223,75,148,14,0,14
S01009292,A B D E. Agriculture energy and water,7,7,1,6,0,0,0
S01009292,C. Manufacturing,16,16,0,16,0,0,0
S01009292,F. Construction,25,22,1,21,3,0,3
S01009292,G I. Distribution hotels and restaurants,53,50,26,24,3,0,3
S01009292,H J. Transport and communication,17,17,2,15,0,0,0
S01009292,K L M N. Financial real estate professional and administrative activities,41,37,12,25,4,0,4
S01009292,O P Q. Public administration education and health,65,62,29,33,3,0,3
S01009292,R S T U. Other,13,12,4,8,1,0,1
S01009293,All people aged 16 to 74 in employment,389,343,102,241,46,16,30
S01009293,A B D E. Agriculture energy and water,13,11,0,11,2,0,2
S01009293,C. Manufacturing,26,26,1,25,0,0,0
S01009293,F. Construction,32,25,1,24,7,3,4
S01009293,G I. Distribution hotels and restaurants,84,68,33,35,16,5,11
S01009293,H J. Transport and communication,30,28,3,25,2,0,2
S01009293,K L M N. Financial real estate professional and administrative activities,67,61,15,46,6,1,5
S01009293,O P Q. Public administration education and health,112,108,43,65,4,2,2
S01009293,R S T U. Other,25,16,6,10,9,5,4
S01009294,All people aged 16 to 74 in employment,258,220,59,161,38,10,28
S01009294,A B D E. Agriculture energy and water,8,7,1,6,1,0,1
S01009294,C. Manufacturing,28,25,1,24,3,1,2
S01009294,F. Construction,27,19,3,16,8,0,8
S01009294,G I. Distribution hotels and restaurants,41,36,17,19,5,1,4
S01009294,H J. Transport and communication,17,16,1,15,1,0,1
S01009294,K L M N. Financial real estate professional and administrative activities,47,35,8,27,12,4,8
S01009294,O P Q. Public administration education and health,76,71,23,48,5,2,3
S01009294,R S T U. Other,14,11,5,6,3,2,1
S01009295,All people aged 16 to 74 in employment,358,321,81,240,37,11,26
S01009295,A B D E. Agriculture energy and water,20,18,0,18,2,0,2
S01009295,C. Manufacturing,35,35,1,34,0,0,0
S01009295,F. Construction,28,19,0,19,9,1,8
S01009295,G I. Distribution hotels and restaurants,56,49,22,27,7,1,6
S01009295,H J. Transport and communication,25,23,5,18,2,0,2
S01009295,K L M N. Financial real estate professional and administrative activities,57,55,10,45,2,1,1
S01009295,O P Q. Public administration education and health,116,106,35,71,10,5,5
S01009295,R S T U. Other,21,16,8,8,5,3,2
S01009296,All people aged 16 to 74 in employment,303,264,71,193,39,11,28
S01009296,A B D E. Agriculture energy and water,13,13,0,13,0,0,0
S01009296,C. Manufacturing,33,31,3,28,2,1,1
S01009296,F. Construction,29,17,1,16,12,3,9
S01009296,G I. Distribution hotels and restaurants,57,47,29,18,10,1,9
S01009296,H J. Transport and communication,23,20,4,16,3,1,2
S01009296,K L M N. Financial real estate professional and administrative activities,54,50,13,37,4,0,4
S01009296,O P Q. Public administration education and health,80,77,17,60,3,2,1
S01009296,R S T U. Other,14,9,4,5,5,3,2
S01009297,All people aged 16 to 74 in employment,486,435,115,320,51,15,36
S01009297,A B D E. Agriculture energy and water,14,14,0,14,0,0,0
S01009297,C. Manufacturing,52,49,2,47,3,0,3
S01009297,F. Construction,28,18,1,17,10,2,8
S01009297,G I. Distribution hotels and restaurants,72,69,38,31,3,1,2
S01009297,H J. Transport and communication,39,37,7,30,2,0,2
S01009297,K L M N. Financial real estate professional and administrative activities,106,91,18,73,15,4,11
S01009297,O P Q. Public administration education and health,154,143,44,99,11,6,5
S01009297,R S T U. Other,21,14,5,9,7,2,5
S01009298,All people aged 16 to 74 in employment,442,401,118,283,41,8,33
S01009298,A B D E. Agriculture energy and water,16,15,2,13,1,0,1
S01009298,C. Manufacturing,40,36,4,32,4,0,4
S01009298,F. Construction,33,24,6,18,9,1,8
S01009298,G I. Distribution hotels and restaurants,96,94,42,52,2,0,2
S01009298,H J. Transport and communication,35,30,2,28,5,2,3
S01009298,K L M N. Financial real estate professional and administrative activities,62,56,9,47,6,1,5
S01009298,O P Q. Public administration education and health,137,130,42,88,7,3,4
S01009298,R S T U. Other,23,16,11,5,7,1,6
S01009299,All people aged 16 to 74 in employment,510,443,110,333,67,17,50
S01009299,A B D E. Agriculture energy and water,14,13,0,13,1,0,1
S01009299,C. Manufacturing,31,29,1,28,2,1,1
S01009299,F. Construction,36,27,3,24,9,1,8
S01009299,G I. Distribution hotels and restaurants,84,67,26,41,17,4,13
S01009299,H J. Transport and communication,48,45,9,36,3,3,0
S01009299,K L M N. Financial real estate professional and administrative activities,110,99,21,78,11,2,9
S01009299,O P Q. Public administration education and health,160,148,43,105,12,4,8
S01009299,R S T U. Other,27,15,7,8,12,2,10
S01009300,All people aged 16 to 74 in employment,281,255,46,209,26,7,19
S01009300,A B D E. Agriculture energy and water,4,4,0,4,0,0,0
S01009300,C. Manufacturing,28,26,1,25,2,1,1
S01009300,F. Construction,24,19,0,19,5,0,5
S01009300,G I. Distribution hotels and restaurants,51,47,16,31,4,0,4
S01009300,H J. Transport and communication,28,26,6,20,2,0,2
S01009300,K L M N. Financial real estate professional and administrative activities,52,46,7,39,6,2,4
S01009300,O P Q. Public administration education and health,80,74,15,59,6,4,2
S01009300,R S T U. Other,14,13,1,12,1,0,1
S01009301,All people aged 16 to 74 in employment,426,382,83,299,44,11,33
S01009301,A B D E. Agriculture energy and water,12,12,0,12,0,0,0
S01009301,C. Manufacturing,39,34,0,34,5,0,5
S01009301,F. Construction,28,18,2,16,10,1,9
S01009301,G I. Distribution hotels and restaurants,79,75,32,43,4,0,4
S01009301,H J. Transport and communication,38,37,8,29,1,1,0
S01009301,K L M N. Financial real estate professional and administrative activities,90,81,11,70,9,2,7
S01009301,O P Q. Public administration education and health,106,101,21,80,5,4,1
S01009301,R S T U. Other,34,24,9,15,10,3,7
S01009302,All people aged 16 to 74 in employment,370,354,104,250,16,10,6
S01009302,A B D E. Agriculture energy and water,10,10,0,10,0,0,0
S01009302,C. Manufacturing,34,30,1,29,4,1,3
S01009302,F. Construction,34,32,2,30,2,0,2
S01009302,G I. Distribution hotels and restaurants,92,90,42,48,2,1,1
S01009302,H J. Transport and communication,36,35,6,29,1,1,0
S01009302,K L M N. Financial real estate professional and administrative activities,57,56,11,45,1,1,0
S01009302,O P Q. Public administration education and health,100,96,39,57,4,4,0
S01009302,R S T U. Other,7,5,3,2,2,2,0
S01009303,All people aged 16 to 74 in employment,359,328,93,235,31,7,24
S01009303,A B D E. Agriculture energy and water,9,9,0,9,0,0,0
S01009303,C. Manufacturing,29,27,4,23,2,1,1
S01009303,F. Construction,23,20,1,19,3,1,2
S01009303,G I. Distribution hotels and restaurants,56,50,23,27,6,1,5
S01009303,H J. Transport and communication,28,24,3,21,4,1,3
S01009303,K L M N. Financial real estate professional and administrative activities,84,77,18,59,7,1,6
S01009303,O P Q. Public administration education and health,111,107,37,70,4,2,2
S01009303,R S T U. Other,19,14,7,7,5,0,5
S01009304,All people aged 16 to 74 in employment,471,424,122,302,47,13,34
S01009304,A B D E. Agriculture energy and water,9,9,1,8,0,0,0
S01009304,C. Manufacturing,44,41,2,39,3,0,3
S01009304,F. Construction,45,36,2,34,9,0,9
S01009304,G I. Distribution hotels and restaurants,85,77,34,43,8,1,7
S01009304,H J. Transport and communication,40,38,5,33,2,1,1
S01009304,K L M N. Financial real estate professional and administrative activities,96,88,26,62,8,3,5
S01009304,O P Q. Public administration education and health,127,118,46,72,9,4,5
S01009304,R S T U. Other,25,17,6,11,8,4,4
S01009305,All people aged 16 to 74 in employment,368,348,88,260,20,7,13
S01009305,A B D E. Agriculture energy and water,12,12,1,11,0,0,0
S01009305,C. Manufacturing,25,24,0,24,1,0,1
S01009305,F. Construction,24,17,1,16,7,2,5
S01009305,G I. Distribution hotels and restaurants,56,55,27,28,1,0,1
S01009305,H J. Transport and communication,39,37,3,34,2,1,1
S01009305,K L M N. Financial real estate professional and administrative activities,76,72,11,61,4,2,2
S01009305,O P Q. Public administration education and health,119,116,39,77,3,2,1
S01009305,R S T U. Other,17,15,6,9,2,0,2
S01009306,All people aged 16 to 74 in employment,570,519,122,397,51,19,32
S01009306,A B D E. Agriculture energy and water,10,10,2,8,0,0,0
S01009306,C. Manufacturing,60,55,3,52,5,1,4
S01009306,F. Construction,39,30,2,28,9,1,8
S01009306,G I. Distribution hotels and restaurants,113,106,42,64,7,2,5
S01009306,H J. Transport and communication,48,41,6,35,7,1,6
S01009306,K L M N. Financial real estate professional and administrative activities,100,96,13,83,4,2,2
S01009306,O P Q. Public administration education and health,165,155,43,112,10,5,5
S01009306,R S T U. Other,35,26,11,15,9,7,2
S01009307,All people aged 16 to 74 in employment,549,487,96,391,62,23,39
S01009307,A B D E. Agriculture energy and water,13,12,1,11,1,0,1
S01009307,C. Manufacturing,44,43,7,36,1,0,1
S01009307,F. Construction,35,29,3,26,6,0,6
S01009307,G I. Distribution hotels and restaurants,92,83,35,48,9,1,8
S01009307,H J. Transport and communication,56,52,5,47,4,1,3
S01009307,K L M N. Financial real estate professional and administrative activities,111,90,8,82,21,10,11
S01009307,O P Q. Public administration education and health,170,159,31,128,11,6,5
S01009307,R S T U. Other,28,19,6,13,9,5,4
S01009308,All people aged 16 to 74 in employment,283,244,47,197,39,13,26
S01009308,A B D E. Agriculture energy and water,3,3,1,2,0,0,0
S01009308,C. Manufacturing,29,27,0,27,2,0,2
S01009308,F. Construction,22,16,0,16,6,3,3
S01009308,G I. Distribution hotels and restaurants,56,51,19,32,5,2,3
S01009308,H J. Transport and communication,25,22,2,20,3,1,2
S01009308,K L M N. Financial real estate professional and administrative activities,59,48,5,43,11,3,8
S01009308,O P Q. Public administration education and health,73,68,16,52,5,2,3
S01009308,R S T U. Other,16,9,4,5,7,2,5
S01009309,All people aged 16 to 74 in employment,438,384,68,316,54,15,39
S01009309,A B D E. Agriculture energy and water,9,9,1,8,0,0,0
S01009309,C. Manufacturing,43,40,2,38,3,1,2
S01009309,F. Construction,29,17,0,17,12,3,9
S01009309,G I. Distribution hotels and restaurants,64,61,17,44,3,0,3
S01009309,H J. Transport and communication,48,43,4,39,5,1,4
S01009309,K L M N. Financial real estate professional and administrative activities,97,82,8,74,15,5,10
S01009309,O P Q. Public administration education and health,124,114,33,81,10,3,7
S01009309,R S T U. Other,24,18,3,15,6,2,4
S01009310,All people aged 16 to 74 in employment,466,405,96,309,61,22,39
S01009310,A B D E. Agriculture energy and water,8,7,1,6,1,1,0
S01009310,C. Manufacturing,50,48,1,47,2,1,1
S01009310,F. Construction,26,22,1,21,4,1,3
S01009310,G I. Distribution hotels and restaurants,85,73,30,43,12,4,8
S01009310,H J. Transport and communication,33,28,0,28,5,1,4
S01009310,K L M N. Financial real estate professional and administrative activities,98,86,17,69,12,5,7
S01009310,O P Q. Public administration education and health,139,123,38,85,16,4,12
S01009310,R S T U. Other,27,18,8,10,9,5,4
S01009311,All people aged 16 to 74 in employment,294,273,90,183,21,5,16
S01009311,A B D E. Agriculture energy and water,6,5,1,4,1,0,1
S01009311,C. Manufacturing,21,21,1,20,0,0,0
S01009311,F. Construction,28,23,1,22,5,1,4
S01009311,G I. Distribution hotels and restaurants,81,76,41,35,5,0,5
S01009311,H J. Transport and communication,24,21,3,18,3,0,3
S01009311,K L M N. Financial real estate professional and administrative activities,53,50,15,35,3,2,1
S01009311,O P Q. Public administration education and health,69,66,24,42,3,1,2
S01009311,R S T U. Other,12,11,4,7,1,1,0
S01009312,All people aged 16 to 74 in employment,397,369,69,300,28,7,21
S01009312,A B D E. Agriculture energy and water,7,7,0,7,0,0,0
S01009312,C. Manufacturing,31,29,4,25,2,1,1
S01009312,F. Construction,23,18,1,17,5,0,5
S01009312,G I. Distribution hotels and restaurants,76,68,18,50,8,2,6
S01009312,H J. Transport and communication,32,29,1,28,3,0,3
S01009312,K L M N. Financial real estate professional and administrative activities,101,98,13,85,3,1,2
S01009312,O P Q. Public administration education and health,108,102,27,75,6,3,3
S01009312,R S T U. Other,19,18,5,13,1,0,1
S01009313,All people aged 16 to 74 in employment,247,220,64,156,27,11,16
S01009313,A B D E. Agriculture energy and water,8,6,0,6,2,2,0
S01009313,C. Manufacturing,19,18,2,16,1,1,0
S01009313,F. Construction,18,13,0,13,5,0,5
S01009313,G I. Distribution hotels and restaurants,49,42,25,17,7,3,4
S01009313,H J. Transport and communication,20,19,2,17,1,0,1
S01009313,K L M N. Financial real estate professional and administrative activities,46,43,10,33,3,1,2
S01009313,O P Q. Public administration education and health,74,70,21,49,4,1,3
S01009313,R S T U. Other,13,9,4,5,4,3,1
S01009314,All people aged 16 to 74 in employment,333,302,87,215,31,5,26
S01009314,A B D E. Agriculture energy and water,5,4,1,3,1,1,0
S01009314,C. Manufacturing,26,26,2,24,0,0,0
S01009314,F. Construction,14,10,0,10,4,0,4
S01009314,G I. Distribution hotels and restaurants,70,61,35,26,9,0,9
S01009314,H J. Transport and communication,34,30,5,25,4,0,4
S01009314,K L M N. Financial real estate professional and administrative activities,54,49,14,35,5,0,5
S01009314,O P Q. Public administration education and health,113,108,26,82,5,2,3
S01009314,R S T U. Other,17,14,4,10,3,2,1
S01009315,All people aged 16 to 74 in employment,285,257,75,182,28,7,21
S01009315,A B D E. Agriculture energy and water,13,13,0,13,0,0,0
S01009315,C. Manufacturing,31,28,1,27,3,0,3
S01009315,F. Construction,30,21,0,21,9,1,8
S01009315,G I. Distribution hotels and restaurants,65,64,35,29,1,0,1
S01009315,H J. Transport and communication,27,22,3,19,5,1,4
S01009315,K L M N. Financial real estate professional and administrative activities,42,39,8,31,3,0,3
S01009315,O P Q. Public administration education and health,63,62,24,38,1,0,1
S01009315,R S T U. Other,14,8,4,4,6,5,1
S01009316,All people aged 16 to 74 in employment,405,354,92,262,51,16,35
S01009316,A B D E. Agriculture energy and water,5,5,1,4,0,0,0
S01009316,C. Manufacturing,38,36,2,34,2,0,2
S01009316,F. Construction,14,10,0,10,4,0,4
S01009316,G I. Distribution hotels and restaurants,56,54,26,28,2,0,2
S01009316,H J. Transport and communication,34,29,5,24,5,2,3
S01009316,K L M N. Financial real estate professional and administrative activities,95,75,16,59,20,5,15
S01009316,O P Q. Public administration education and health,146,132,38,94,14,7,7
S01009316,R S T U. Other,17,13,4,9,4,2,2
S01009317,All people aged 16 to 74 in employment,441,395,103,292,46,13,33
S01009317,A B D E. Agriculture energy and water,6,5,0,5,1,0,1
S01009317,C. Manufacturing,37,36,2,34,1,0,1
S01009317,F. Construction,37,25,3,22,12,1,11
S01009317,G I. Distribution hotels and restaurants,67,59,31,28,8,3,5
S01009317,H J. Transport and communication,41,40,5,35,1,0,1
S01009317,K L M N. Financial real estate professional and administrative activities,96,88,17,71,8,0,8
S01009317,O P Q. Public administration education and health,139,131,41,90,8,6,2
S01009317,R S T U. Other,18,11,4,7,7,3,4
S01009318,All people aged 16 to 74 in employment,341,308,92,216,33,7,26
S01009318,A B D E. Agriculture energy and water,3,3,0,3,0,0,0
S01009318,C. Manufacturing,23,21,0,21,2,0,2
S01009318,F. Construction,17,13,1,12,4,0,4
S01009318,G I. Distribution hotels and restaurants,67,61,28,33,6,2,4
S01009318,H J. Transport and communication,20,17,2,15,3,1,2
S01009318,K L M N. Financial real estate professional and administrative activities,65,57,10,47,8,1,7
S01009318,O P Q. Public administration education and health,128,125,44,81,3,1,2
S01009318,R S T U. Other,18,11,7,4,7,2,5
S01009319,All people aged 16 to 74 in employment,387,352,103,249,35,6,29
S01009319,A B D E. Agriculture energy and water,6,6,1,5,0,0,0
S01009319,C. Manufacturing,38,35,1,34,3,1,2
S01009319,F. Construction,24,14,1,13,10,1,9
S01009319,G I. Distribution hotels and restaurants,43,38,18,20,5,1,4
S01009319,H J. Transport and communication,25,23,5,18,2,1,1
S01009319,K L M N. Financial real estate professional and administrative activities,82,77,17,60,5,0,5
S01009319,O P Q. Public administration education and health,147,139,52,87,8,2,6
S01009319,R S T U. Other,22,20,8,12,2,0,2
S01009320,All people aged 16 to 74 in employment,318,289,77,212,29,10,19
S01009320,A B D E. Agriculture energy and water,8,6,0,6,2,1,1
S01009320,C. Manufacturing,24,22,3,19,2,1,1
S01009320,F. Construction,30,23,3,20,7,2,5
S01009320,G I. Distribution hotels and restaurants,43,41,15,26,2,0,2
S01009320,H J. Transport and communication,31,29,3,26,2,0,2
S01009320,K L M N. Financial real estate professional and administrative activities,68,64,16,48,4,2,2
S01009320,O P Q. Public administration education and health,99,95,31,64,4,0,4
S01009320,R S T U. Other,15,9,6,3,6,4,2
S01009321,All people aged 16 to 74 in employment,316,295,83,212,21,7,14
S01009321,A B D E. Agriculture energy and water,9,9,2,7,0,0,0
S01009321,C. Manufacturing,32,31,2,29,1,0,1
S01009321,F. Construction,24,20,1,19,4,1,3
S01009321,G I. Distribution hotels and restaurants,63,57,31,26,6,1,5
S01009321,H J. Transport and communication,25,22,4,18,3,1,2
S01009321,K L M N. Financial real estate professional and administrative activities,62,60,13,47,2,2,0
S01009321,O P Q. Public administration education and health,92,90,26,64,2,2,0
S01009321,R S T U. Other,9,6,4,2,3,0,3
S01009322,All people aged 16 to 74 in employment,384,347,81,266,37,9,28
S01009322,A B D E. Agriculture energy and water,12,12,1,11,0,0,0
S01009322,C. Manufacturing,34,33,3,30,1,1,0
S01009322,F. Construction,42,30,2,28,12,3,9
S01009322,G I. Distribution hotels and restaurants,65,59,27,32,6,1,5
S01009322,H J. Transport and communication,42,37,7,30,5,0,5
S01009322,K L M N. Financial real estate professional and administrative activities,57,50,8,42,7,3,4
S01009322,O P Q. Public administration education and health,113,111,28,83,2,0,2
S01009322,R S T U. Other,19,15,5,10,4,1,3
S01009323,All people aged 16 to 74 in employment,296,260,64,196,36,10,26
S01009323,A B D E. Agriculture energy and water,7,7,0,7,0,0,0
S01009323,C. Manufacturing,30,29,1,28,1,1,0
S01009323,F. Construction,22,13,1,12,9,0,9
S01009323,G I. Distribution hotels and restaurants,57,50,22,28,7,2,5
S01009323,H J. Transport and communication,32,29,4,25,3,0,3
S01009323,K L M N. Financial real estate professional and administrative activities,55,49,12,37,6,4,2
S01009323,O P Q. Public administration education and health,77,72,21,51,5,1,4
S01009323,R S T U. Other,16,11,3,8,5,2,3
S01009324,All people aged 16 to 74 in employment,272,246,66,180,26,9,17
S01009324,A B D E. Agriculture energy and water,6,5,0,5,1,1,0
S01009324,C. Manufacturing,18,18,0,18,0,0,0
S01009324,F. Construction,33,21,2,19,12,0,12
S01009324,G I. Distribution hotels and restaurants,49,48,24,24,1,1,0
S01009324,H J. Transport and communication,32,30,3,27,2,1,1
S01009324,K L M N. Financial real estate professional and administrative activities,44,41,10,31,3,3,0
S01009324,O P Q. Public administration education and health,75,72,23,49,3,1,2
S01009324,R S T U. Other,15,11,4,7,4,2,2
S01009325,All people aged 16 to 74 in employment,412,371,100,271,41,15,26
S01009325,A B D E. Agriculture energy and water,15,13,2,11,2,0,2
S01009325,C. Manufacturing,34,29,2,27,5,0,5
S01009325,F. Construction,30,21,1,20,9,3,6
S01009325,G I. Distribution hotels and restaurants,47,42,18,24,5,1,4
S01009325,H J. Transport and communication,35,33,6,27,2,1,1
S01009325,K L M N. Financial real estate professional and administrative activities,90,84,22,62,6,1,5
S01009325,O P Q. Public administration education and health,144,139,45,94,5,3,2
S01009325,R S T U. Other,17,10,4,6,7,6,1
S01009326,All people aged 16 to 74 in employment,306,288,87,201,18,8,10
S01009326,A B D E. Agriculture energy and water,6,6,0,6,0,0,0
S01009326,C. Manufacturing,25,25,3,22,0,0,0
S01009326,F. Construction,15,12,1,11,3,1,2
S01009326,G I. Distribution hotels and restaurants,59,55,28,27,4,2,2
S01009326,H J. Transport and communication,28,25,3,22,3,0,3
S01009326,K L M N. Financial real estate professional and administrative activities,57,54,11,43,3,1,2
S01009326,O P Q. Public administration education and health,102,98,34,64,4,3,1
S01009326,R S T U. Other,14,13,7,6,1,1,0
S01009327,All people aged 16 to 74 in employment,240,219,67,152,21,2,19
S01009327,A B D E. Agriculture energy and water,5,5,0,5,0,0,0
S01009327,C. Manufacturing,25,24,1,23,1,0,1
S01009327,F. Construction,15,9,0,9,6,0,6
S01009327,G I. Distribution hotels and restaurants,32,30,16,14,2,0,2
S01009327,H J. Transport and communication,22,20,5,15,2,0,2
S01009327,K L M N. Financial real estate professional and administrative activities,47,40,11,29,7,2,5
S01009327,O P Q. Public administration education and health,84,82,30,52,2,0,2
S01009327,R S T U. Other,10,9,4,5,1,0,1
S01009328,All people aged 16 to 74 in employment,421,394,73,321,27,7,20
S01009328,A B D E. Agriculture energy and water,7,7,0,7,0,0,0
S01009328,C. Manufacturing,40,40,2,38,0,0,0
S01009328,F. Construction,24,17,1,16,7,0,7
S01009328,G I. Distribution hotels and restaurants,62,60,14,46,2,0,2
S01009328,H J. Transport and communication,44,42,1,41,2,0,2
S01009328,K L M N. Financial real estate professional and administrative activities,117,108,23,85,9,3,6
S01009328,O P Q. Public administration education and health,111,107,27,80,4,1,3
S01009328,R S T U. Other,16,13,5,8,3,3,0
S01009329,All people aged 16 to 74 in employment,284,268,48,220,16,7,9
S01009329,A B D E. Agriculture energy and water,7,7,0,7,0,0,0
S01009329,C. Manufacturing,14,14,0,14,0,0,0
S01009329,F. Construction,19,15,0,15,4,0,4
S01009329,G I. Distribution hotels and restaurants,49,48,18,30,1,0,1
S01009329,H J. Transport and communication,22,21,2,19,1,0,1
S01009329,K L M N. Financial real estate professional and administrative activities,77,74,14,60,3,1,2
S01009329,O P Q. Public administration education and health,74,72,10,62,2,2,0
S01009329,R S T U. Other,22,17,4,13,5,4,1
S01009330,All people aged 16 to 74 in employment,252,231,61,170,21,6,15
S01009330,A B D E. Agriculture energy and water,6,6,0,6,0,0,0
S01009330,C. Manufacturing,19,18,2,16,1,0,1
S01009330,F. Construction,21,19,2,17,2,0,2
S01009330,G I. Distribution hotels and restaurants,60,57,26,31,3,1,2
S01009330,H J. Transport and communication,20,20,3,17,0,0,0
S01009330,K L M N. Financial real estate professional and administrative activities,50,41,9,32,9,4,5
S01009330,O P Q. Public administration education and health,63,63,18,45,0,0,0
S01009330,R S T U. Other,13,7,1,6,6,1,5
S01009331,All people aged 16 to 74 in employment,324,290,60,230,34,7,27
S01009331,A B D E. Agriculture energy and water,8,7,0,7,1,0,1
S01009331,C. Manufacturing,17,16,1,15,1,0,1
S01009331,F. Construction,19,12,1,11,7,0,7
S01009331,G I. Distribution hotels and restaurants,40,38,17,21,2,1,1
S01009331,H J. Transport and communication,20,16,2,14,4,0,4
S01009331,K L M N. Financial real estate professional and administrative activities,108,101,14,87,7,1,6
S01009331,O P Q. Public administration education and health,100,93,21,72,7,3,4
S01009331,R S T U. Other,12,7,4,3,5,2,3
S01009332,All people aged 16 to 74 in employment,451,409,109,300,42,13,29
S01009332,A B D E. Agriculture energy and water,9,8,1,7,1,0,1
S01009332,C. Manufacturing,38,36,2,34,2,1,1
S01009332,F. Construction,24,19,1,18,5,1,4
S01009332,G I. Distribution hotels and restaurants,57,50,17,33,7,1,6
S01009332,H J. Transport and communication,31,27,4,23,4,0,4
S01009332,K L M N. Financial real estate professional and administrative activities,123,110,24,86,13,5,8
S01009332,O P Q. Public administration education and health,147,142,50,92,5,2,3
S01009332,R S T U. Other,22,17,10,7,5,3,2
S01009333,All people aged 16 to 74 in employment,363,332,94,238,31,12,19
S01009333,A B D E. Agriculture energy and water,12,12,1,11,0,0,0
S01009333,C. Manufacturing,24,24,1,23,0,0,0
S01009333,F. Construction,25,15,1,14,10,0,10
S01009333,G I. Distribution hotels and restaurants,89,85,32,53,4,2,2
S01009333,H J. Transport and communication,42,35,8,27,7,3,4
S01009333,K L M N. Financial real estate professional and administrative activities,69,65,14,51,4,2,2
S01009333,O P Q. Public administration education and health,86,83,30,53,3,2,1
S01009333,R S T U. Other,16,13,7,6,3,3,0
S01009334,All people aged 16 to 74 in employment,238,221,68,153,17,8,9
S01009334,A B D E. Agriculture energy and water,6,6,0,6,0,0,0
S01009334,C. Manufacturing,21,20,1,19,1,1,0
S01009334,F. Construction,14,11,0,11,3,0,3
S01009334,G I. Distribution hotels and restaurants,51,50,23,27,1,1,0
S01009334,H J. Transport and communication,28,26,7,19,2,0,2
S01009334,K L M N. Financial real estate professional and administrative activities,33,30,6,24,3,2,1
S01009334,O P Q. Public administration education and health,74,69,27,42,5,3,2
S01009334,R S T U. Other,11,9,4,5,2,1,1
S01009335,All people aged 16 to 74 in employment,347,325,104,221,22,5,17
S01009335,A B D E. Agriculture energy and water,7,6,0,6,1,1,0
S01009335,C. Manufacturing,18,18,0,18,0,0,0
S01009335,F. Construction,30,23,1,22,7,0,7
S01009335,G I. Distribution hotels and restaurants,92,88,40,48,4,1,3
S01009335,H J. Transport and communication,35,35,8,27,0,0,0
S01009335,K L M N. Financial real estate professional and administrative activities,52,48,15,33,4,0,4
S01009335,O P Q. Public administration education and health,96,95,34,61,1,1,0
S01009335,R S T U. Other,17,12,6,6,5,2,3
S01009336,All people aged 16 to 74 in employment,235,216,71,145,19,5,14
S01009336,A B D E. Agriculture energy and water,1,0,0,0,1,0,1
S01009336,C. Manufacturing,21,20,1,19,1,0,1
S01009336,F. Construction,9,7,1,6,2,0,2
S01009336,G I. Distribution hotels and restaurants,75,71,32,39,4,1,3
S01009336,H J. Transport and communication,17,17,2,15,0,0,0
S01009336,K L M N. Financial real estate professional and administrative activities,36,32,9,23,4,2,2
S01009336,O P Q. Public administration education and health,69,64,23,41,5,1,4
S01009336,R S T U. Other,7,5,3,2,2,1,1
S01009337,All people aged 16 to 74 in employment,292,274,103,171,18,6,12
S01009337,A B D E. Agriculture energy and water,5,5,0,5,0,0,0
S01009337,C. Manufacturing,30,28,0,28,2,2,0
S01009337,F. Construction,23,18,1,17,5,0,5
S01009337,G I. Distribution hotels and restaurants,69,67,41,26,2,1,1
S01009337,H J. Transport and communication,17,16,5,11,1,0,1
S01009337,K L M N. Financial real estate professional and administrative activities,71,67,21,46,4,1,3
S01009337,O P Q. Public administration education and health,66,63,30,33,3,1,2
S01009337,R S T U. Other,11,10,5,5,1,1,0
S01009338,All people aged 16 to 74 in employment,271,256,72,184,15,9,6
S01009338,A B D E. Agriculture energy and water,7,7,0,7,0,0,0
S01009338,C. Manufacturing,16,16,0,16,0,0,0
S01009338,F. Construction,16,15,1,14,1,0,1
S01009338,G I. Distribution hotels and restaurants,85,82,35,47,3,2,1
S01009338,H J. Transport and communication,32,25,3,22,7,4,3
S01009338,K L M N. Financial real estate professional and administrative activities,50,48,16,32,2,1,1
S01009338,O P Q. Public administration education and health,52,51,16,35,1,1,0
S01009338,R S T U. Other,13,12,1,11,1,1,0
S01009339,All people aged 16 to 74 in employment,318,292,88,204,26,11,15
S01009339,A B D E. Agriculture energy and water,10,10,2,8,0,0,0
S01009339,C. Manufacturing,18,17,2,15,1,0,1
S01009339,F. Construction,41,31,0,31,10,1,9
S01009339,G I. Distribution hotels and restaurants,100,98,48,50,2,2,0
S01009339,H J. Transport and communication,40,36,4,32,4,2,2
S01009339,K L M N. Financial real estate professional and administrative activities,48,47,13,34,1,0,1
S01009339,O P Q. Public administration education and health,49,45,16,29,4,2,2
S01009339,R S T U. Other,12,8,3,5,4,4,0
S01009340,All people aged 16 to 74 in employment,266,250,89,161,16,8,8
S01009340,A B D E. Agriculture energy and water,10,10,1,9,0,0,0
S01009340,C. Manufacturing,15,15,0,15,0,0,0
S01009340,F. Construction,14,9,0,9,5,1,4
S01009340,G I. Distribution hotels and restaurants,62,60,28,32,2,0,2
S01009340,H J. Transport and communication,31,29,3,26,2,2,0
S01009340,K L M N. Financial real estate professional and administrative activities,54,51,24,27,3,2,1
S01009340,O P Q. Public administration education and health,70,69,29,40,1,1,0
S01009340,R S T U. Other,10,7,4,3,3,2,1
S01009341,All people aged 16 to 74 in employment,258,233,72,161,25,7,18
S01009341,A B D E. Agriculture energy and water,4,4,0,4,0,0,0
S01009341,C. Manufacturing,16,16,3,13,0,0,0
S01009341,F. Construction,34,23,2,21,11,2,9
S01009341,G I. Distribution hotels and restaurants,59,59,26,33,0,0,0
S01009341,H J. Transport and communication,49,44,12,32,5,2,3
S01009341,K L M N. Financial real estate professional and administrative activities,34,30,8,22,4,1,3
S01009341,O P Q. Public administration education and health,50,49,17,32,1,0,1
S01009341,R S T U. Other,12,8,4,4,4,2,2
S01009342,All people aged 16 to 74 in employment,349,325,94,231,24,14,10
S01009342,A B D E. Agriculture energy and water,11,11,0,11,0,0,0
S01009342,C. Manufacturing,25,24,1,23,1,1,0
S01009342,F. Construction,23,16,1,15,7,3,4
S01009342,G I. Distribution hotels and restaurants,83,81,33,48,2,1,1
S01009342,H J. Transport and communication,43,38,9,29,5,2,3
S01009342,K L M N. Financial real estate professional and administrative activities,61,59,19,40,2,2,0
S01009342,O P Q. Public administration education and health,87,84,29,55,3,3,0
S01009342,R S T U. Other,16,12,2,10,4,2,2
S01009343,All people aged 16 to 74 in employment,298,283,87,196,15,4,11
S01009343,A B D E. Agriculture energy and water,9,9,0,9,0,0,0
S01009343,C. Manufacturing,29,29,3,26,0,0,0
S01009343,F. Construction,20,16,0,16,4,1,3
S01009343,G I. Distribution hotels and restaurants,78,76,34,42,2,0,2
S01009343,H J. Transport and communication,28,25,5,20,3,2,1
S01009343,K L M N. Financial real estate professional and administrative activities,51,50,19,31,1,0,1
S01009343,O P Q. Public administration education and health,74,72,24,48,2,1,1
S01009343,R S T U. Other,9,6,2,4,3,0,3
S01009344,All people aged 16 to 74 in employment,276,261,78,183,15,3,12
S01009344,A B D E. Agriculture energy and water,4,3,0,3,1,0,1
S01009344,C. Manufacturing,20,20,1,19,0,0,0
S01009344,F. Construction,31,25,1,24,6,0,6
S01009344,G I. Distribution hotels and restaurants,63,62,40,22,1,0,1
S01009344,H J. Transport and communication,38,36,3,33,2,1,1
S01009344,K L M N. Financial real estate professional and administrative activities,48,45,12,33,3,2,1
S01009344,O P Q. Public administration education and health,56,56,14,42,0,0,0
S01009344,R S T U. Other,16,14,7,7,2,0,2
S01009345,All people aged 16 to 74 in employment,475,447,149,298,28,7,21
S01009345,A B D E. Agriculture energy and water,14,14,1,13,0,0,0
S01009345,C. Manufacturing,45,45,2,43,0,0,0
S01009345,F. Construction,31,21,4,17,10,1,9
S01009345,G I. Distribution hotels and restaurants,116,114,57,57,2,0,2
S01009345,H J. Transport and communication,46,41,6,35,5,1,4
S01009345,K L M N. Financial real estate professional and administrative activities,85,81,28,53,4,3,1
S01009345,O P Q. Public administration education and health,118,113,45,68,5,1,4
S01009345,R S T U. Other,20,18,6,12,2,1,1
S01009346,All people aged 16 to 74 in employment,402,349,86,263,53,13,40
S01009346,A B D E. Agriculture energy and water,17,16,1,15,1,0,1
S01009346,C. Manufacturing,31,29,1,28,2,1,1
S01009346,F. Construction,26,17,1,16,9,0,9
S01009346,G I. Distribution hotels and restaurants,49,40,12,28,9,2,7
S01009346,H J. Transport and communication,40,31,10,21,9,0,9
S01009346,K L M N. Financial real estate professional and administrative activities,104,99,23,76,5,1,4
S01009346,O P Q. Public administration education and health,119,105,33,72,14,7,7
S01009346,R S T U. Other,16,12,5,7,4,2,2
S01009347,All people aged 16 to 74 in employment,370,324,90,234,46,6,40
S01009347,A B D E. Agriculture energy and water,7,6,0,6,1,0,1
S01009347,C. Manufacturing,43,41,2,39,2,2,0
S01009347,F. Construction,16,12,2,10,4,0,4
S01009347,G I. Distribution hotels and restaurants,52,44,19,25,8,2,6
S01009347,H J. Transport and communication,33,24,4,20,9,0,9
S01009347,K L M N. Financial real estate professional and administrative activities,99,90,23,67,9,1,8
S01009347,O P Q. Public administration education and health,107,100,36,64,7,1,6
S01009347,R S T U. Other,13,7,4,3,6,0,6
S01009348,All people aged 16 to 74 in employment,293,271,71,200,22,8,14
S01009348,A B D E. Agriculture energy and water,7,5,0,5,2,0,2
S01009348,C. Manufacturing,21,21,0,21,0,0,0
S01009348,F. Construction,16,12,1,11,4,0,4
S01009348,G I. Distribution hotels and restaurants,49,45,19,26,4,1,3
S01009348,H J. Transport and communication,33,32,7,25,1,1,0
S01009348,K L M N. Financial real estate professional and administrative activities,73,70,22,48,3,2,1
S01009348,O P Q. Public administration education and health,84,80,21,59,4,1,3
S01009348,R S T U. Other,10,6,1,5,4,3,1
S01009349,All people aged 16 to 74 in employment,461,412,91,321,49,18,31
S01009349,A B D E. Agriculture energy and water,18,17,0,17,1,0,1
S01009349,C. Manufacturing,32,30,1,29,2,1,1
S01009349,F. Construction,31,24,1,23,7,1,6
S01009349,G I. Distribution hotels and restaurants,65,59,21,38,6,2,4
S01009349,H J. Transport and communication,32,28,5,23,4,2,2
S01009349,K L M N. Financial real estate professional and administrative activities,124,114,26,88,10,2,8
S01009349,O P Q. Public administration education and health,136,124,31,93,12,6,6
S01009349,R S T U. Other,23,16,6,10,7,4,3
S01009350,All people aged 16 to 74 in employment,349,320,79,241,29,10,19
S01009350,A B D E. Agriculture energy and water,9,9,1,8,0,0,0
S01009350,C. Manufacturing,22,21,3,18,1,1,0
S01009350,F. Construction,17,16,1,15,1,0,1
S01009350,G I. Distribution hotels and restaurants,86,77,30,47,9,2,7
S01009350,H J. Transport and communication,42,39,6,33,3,1,2
S01009350,K L M N. Financial real estate professional and administrative activities,72,69,8,61,3,2,1
S01009350,O P Q. Public administration education and health,91,83,28,55,8,1,7
S01009350,R S T U. Other,10,6,2,4,4,3,1
S01009351,All people aged 16 to 74 in employment,333,308,57,251,25,13,12
S01009351,A B D E. Agriculture energy and water,4,4,0,4,0,0,0
S01009351,C. Manufacturing,21,19,0,19,2,1,1
S01009351,F. Construction,19,16,0,16,3,0,3
S01009351,G I. Distribution hotels and restaurants,64,59,22,37,5,1,4
S01009351,H J. Transport and communication,33,31,3,28,2,2,0
S01009351,K L M N. Financial real estate professional and administrative activities,84,79,13,66,5,4,1
S01009351,O P Q. Public administration education and health,93,88,15,73,5,2,3
S01009351,R S T U. Other,15,12,4,8,3,3,0
S01009352,All people aged 16 to 74 in employment,475,444,91,353,31,9,22
S01009352,A B D E. Agriculture energy and water,19,18,0,18,1,0,1
S01009352,C. Manufacturing,41,41,5,36,0,0,0
S01009352,F. Construction,25,20,1,19,5,1,4
S01009352,G I. Distribution hotels and restaurants,64,60,22,38,4,2,2
S01009352,H J. Transport and communication,41,38,4,34,3,0,3
S01009352,K L M N. Financial real estate professional and administrative activities,118,112,24,88,6,2,4
S01009352,O P Q. Public administration education and health,150,145,31,114,5,1,4
S01009352,R S T U. Other,17,10,4,6,7,3,4
S01009353,All people aged 16 to 74 in employment,235,211,36,175,24,6,18
S01009353,A B D E. Agriculture energy and water,10,7,1,6,3,0,3
S01009353,C. Manufacturing,21,19,2,17,2,0,2
S01009353,F. Construction,16,11,1,10,5,3,2
S01009353,G I. Distribution hotels and restaurants,23,17,6,11,6,1,5
S01009353,H J. Transport and communication,16,14,1,13,2,1,1
S01009353,K L M N. Financial real estate professional and administrative activities,71,70,13,57,1,0,1
S01009353,O P Q. Public administration education and health,69,67,12,55,2,0,2
S01009353,R S T U. Other,9,6,0,6,3,1,2
S01009354,All people aged 16 to 74 in employment,514,456,106,350,58,18,40
S01009354,A B D E. Agriculture energy and water,9,9,1,8,0,0,0
S01009354,C. Manufacturing,38,36,1,35,2,0,2
S01009354,F. Construction,33,23,2,21,10,0,10
S01009354,G I. Distribution hotels and restaurants,87,73,32,41,14,2,12
S01009354,H J. Transport and communication,44,40,3,37,4,1,3
S01009354,K L M N. Financial real estate professional and administrative activities,143,128,26,102,15,4,11
S01009354,O P Q. Public administration education and health,146,136,38,98,10,9,1
S01009354,R S T U. Other,14,11,3,8,3,2,1
S01009355,All people aged 16 to 74 in employment,464,426,131,295,38,15,23
S01009355,A B D E. Agriculture energy and water,5,4,0,4,1,0,1
S01009355,C. Manufacturing,42,40,4,36,2,2,0
S01009355,F. Construction,40,28,1,27,12,5,7
S01009355,G I. Distribution hotels and restaurants,85,78,38,40,7,0,7
S01009355,H J. Transport and communication,34,31,3,28,3,1,2
S01009355,K L M N. Financial real estate professional and administrative activities,99,95,29,66,4,2,2
S01009355,O P Q. Public administration education and health,140,134,51,83,6,4,2
S01009355,R S T U. Other,19,16,5,11,3,1,2
S01009356,All people aged 16 to 74 in employment,508,465,122,343,43,13,30
S01009356,A B D E. Agriculture energy and water,10,9,0,9,1,0,1
S01009356,C. Manufacturing,52,51,5,46,1,0,1
S01009356,F. Construction,30,26,1,25,4,0,4
S01009356,G I. Distribution hotels and restaurants,111,99,43,56,12,4,8
S01009356,H J. Transport and communication,42,38,5,33,4,1,3
S01009356,K L M N. Financial real estate professional and administrative activities,89,85,23,62,4,0,4
S01009356,O P Q. Public administration education and health,152,141,37,104,11,3,8
S01009356,R S T U. Other,22,16,8,8,6,5,1
S01009357,All people aged 16 to 74 in employment,285,252,59,193,33,12,21
S01009357,A B D E. Agriculture energy and water,11,10,0,10,1,0,1
S01009357,C. Manufacturing,24,24,4,20,0,0,0
S01009357,F. Construction,17,11,0,11,6,0,6
S01009357,G I. Distribution hotels and restaurants,41,34,12,22,7,3,4
S01009357,H J. Transport and communication,38,37,10,27,1,0,1
S01009357,K L M N. Financial real estate professional and administrative activities,71,63,13,50,8,4,4
S01009357,O P Q. Public administration education and health,76,70,19,51,6,3,3
S01009357,R S T U. Other,7,3,1,2,4,2,2
S01009358,All people aged 16 to 74 in employment,378,325,88,237,53,19,34
S01009358,A B D E. Agriculture energy and water,7,7,0,7,0,0,0
S01009358,C. Manufacturing,42,38,3,35,4,1,3
S01009358,F. Construction,5,5,0,5,0,0,0
S01009358,G I. Distribution hotels and restaurants,52,42,21,21,10,4,6
S01009358,H J. Transport and communication,26,18,1,17,8,2,6
S01009358,K L M N. Financial real estate professional and administrative activities,112,92,21,71,20,4,16
S01009358,O P Q. Public administration education and health,119,113,36,77,6,3,3
S01009358,R S T U. Other,15,10,6,4,5,5,0
S01009359,All people aged 16 to 74 in employment,437,391,91,300,46,12,34
S01009359,A B D E. Agriculture energy and water,11,11,0,11,0,0,0
S01009359,C. Manufacturing,31,30,0,30,1,0,1
S01009359,F. Construction,20,12,0,12,8,0,8
S01009359,G I. Distribution hotels and restaurants,81,74,31,43,7,2,5
S01009359,H J. Transport and communication,39,34,3,31,5,2,3
S01009359,K L M N. Financial real estate professional and administrative activities,107,93,16,77,14,2,12
S01009359,O P Q. Public administration education and health,132,127,39,88,5,2,3
S01009359,R S T U. Other,16,10,2,8,6,4,2
S01009360,All people aged 16 to 74 in employment,439,393,102,291,46,17,29
S01009360,A B D E. Agriculture energy and water,14,12,0,12,2,0,2
S01009360,C. Manufacturing,51,50,2,48,1,0,1
S01009360,F. Construction,20,14,1,13,6,2,4
S01009360,G I. Distribution hotels and restaurants,79,70,30,40,9,4,5
S01009360,H J. Transport and communication,32,28,5,23,4,1,3
S01009360,K L M N. Financial real estate professional and administrative activities,92,81,21,60,11,4,7
S01009360,O P Q. Public administration education and health,127,122,35,87,5,3,2
S01009360,R S T U. Other,24,16,8,8,8,3,5
S01009361,All people aged 16 to 74 in employment,393,361,100,261,32,9,23
S01009361,A B D E. Agriculture energy and water,6,6,0,6,0,0,0
S01009361,C. Manufacturing,36,35,1,34,1,1,0
S01009361,F. Construction,18,13,0,13,5,0,5
S01009361,G I. Distribution hotels and restaurants,82,71,33,38,11,2,9
S01009361,H J. Transport and communication,32,29,8,21,3,1,2
S01009361,K L M N. Financial real estate professional and administrative activities,86,81,16,65,5,2,3
S01009361,O P Q. Public administration education and health,111,107,35,72,4,2,2
S01009361,R S T U. Other,22,19,7,12,3,1,2
S01009362,All people aged 16 to 74 in employment,543,506,152,354,37,9,28
S01009362,A B D E. Agriculture energy and water,6,6,0,6,0,0,0
S01009362,C. Manufacturing,62,60,4,56,2,1,1
S01009362,F. Construction,27,21,2,19,6,0,6
S01009362,G I. Distribution hotels and restaurants,105,102,57,45,3,0,3
S01009362,H J. Transport and communication,52,44,5,39,8,2,6
S01009362,K L M N. Financial real estate professional and administrative activities,117,108,31,77,9,3,6
S01009362,O P Q. Public administration education and health,152,145,45,100,7,1,6
S01009362,R S T U. Other,22,20,8,12,2,2,0
S01009363,All people aged 16 to 74 in employment,399,378,111,267,21,5,16
S01009363,A B D E. Agriculture energy and water,8,7,0,7,1,0,1
S01009363,C. Manufacturing,33,32,2,30,1,1,0
S01009363,F. Construction,28,22,0,22,6,0,6
S01009363,G I. Distribution hotels and restaurants,98,93,35,58,5,0,5
S01009363,H J. Transport and communication,43,42,7,35,1,1,0
S01009363,K L M N. Financial real estate professional and administrative activities,79,76,27,49,3,1,2
S01009363,O P Q. Public administration education and health,95,92,33,59,3,1,2
S01009363,R S T U. Other,15,14,7,7,1,1,0
S01009364,All people aged 16 to 74 in employment,486,449,122,327,37,9,28
S01009364,A B D E. Agriculture energy and water,11,10,0,10,1,0,1
S01009364,C. Manufacturing,62,60,2,58,2,1,1
S01009364,F. Construction,38,29,1,28,9,1,8
S01009364,G I. Distribution hotels and restaurants,111,103,47,56,8,3,5
S01009364,H J. Transport and communication,41,39,7,32,2,0,2
S01009364,K L M N. Financial real estate professional and administrative activities,93,86,25,61,7,4,3
S01009364,O P Q. Public administration education and health,123,117,38,79,6,0,6
S01009364,R S T U. Other,7,5,2,3,2,0,2
S01009365,All people aged 16 to 74 in employment,284,265,64,201,19,7,12
S01009365,A B D E. Agriculture energy and water,7,7,1,6,0,0,0
S01009365,C. Manufacturing,27,27,2,25,0,0,0
S01009365,F. Construction,23,19,2,17,4,0,4
S01009365,G I. Distribution hotels and restaurants,56,55,18,37,1,0,1
S01009365,H J. Transport and communication,36,33,6,27,3,2,1
S01009365,K L M N. Financial real estate professional and administrative activities,48,45,9,36,3,1,2
S01009365,O P Q. Public administration education and health,74,68,22,46,6,2,4
S01009365,R S T U. Other,13,11,4,7,2,2,0
S01009366,All people aged 16 to 74 in employment,335,302,76,226,33,5,28
S01009366,A B D E. Agriculture energy and water,8,8,0,8,0,0,0
S01009366,C. Manufacturing,28,25,1,24,3,0,3
S01009366,F. Construction,27,22,0,22,5,0,5
S01009366,G I. Distribution hotels and restaurants,75,69,32,37,6,0,6
S01009366,H J. Transport and communication,37,31,3,28,6,0,6
S01009366,K L M N. Financial real estate professional and administrative activities,61,56,13,43,5,1,4
S01009366,O P Q. Public administration education and health,86,81,25,56,5,1,4
S01009366,R S T U. Other,13,10,2,8,3,3,0
S01009367,All people aged 16 to 74 in employment,305,284,74,210,21,8,13
S01009367,A B D E. Agriculture energy and water,6,4,0,4,2,1,1
S01009367,C. Manufacturing,26,26,0,26,0,0,0
S01009367,F. Construction,36,28,1,27,8,2,6
S01009367,G I. Distribution hotels and restaurants,69,67,30,37,2,1,1
S01009367,H J. Transport and communication,29,27,4,23,2,0,2
S01009367,K L M N. Financial real estate professional and administrative activities,51,46,15,31,5,3,2
S01009367,O P Q. Public administration education and health,75,73,23,50,2,1,1
S01009367,R S T U. Other,13,13,1,12,0,0,0
S01009368,All people aged 16 to 74 in employment,278,257,74,183,21,12,9
S01009368,A B D E. Agriculture energy and water,5,5,0,5,0,0,0
S01009368,C. Manufacturing,35,35,5,30,0,0,0
S01009368,F. Construction,25,23,2,21,2,0,2
S01009368,G I. Distribution hotels and restaurants,57,54,18,36,3,1,2
S01009368,H J. Transport and communication,31,27,4,23,4,4,0
S01009368,K L M N. Financial real estate professional and administrative activities,54,50,18,32,4,1,3
S01009368,O P Q. Public administration education and health,55,54,23,31,1,0,1
S01009368,R S T U. Other,16,9,4,5,7,6,1
S01009369,All people aged 16 to 74 in employment,298,274,85,189,24,7,17
S01009369,A B D E. Agriculture energy and water,6,6,0,6,0,0,0
S01009369,C. Manufacturing,34,34,0,34,0,0,0
S01009369,F. Construction,30,22,1,21,8,1,7
S01009369,G I. Distribution hotels and restaurants,60,57,30,27,3,2,1
S01009369,H J. Transport and communication,31,27,7,20,4,1,3
S01009369,K L M N. Financial real estate professional and administrative activities,54,52,13,39,2,1,1
S01009369,O P Q. Public administration education and health,68,65,30,35,3,0,3
S01009369,R S T U. Other,15,11,4,7,4,2,2
S01009370,All people aged 16 to 74 in employment,415,390,109,281,25,9,16
S01009370,A B D E. Agriculture energy and water,7,7,0,7,0,0,0
S01009370,C. Manufacturing,54,53,3,50,1,0,1
S01009370,F. Construction,31,26,0,26,5,1,4
S01009370,G I. Distribution hotels and restaurants,91,90,34,56,1,0,1
S01009370,H J. Transport and communication,48,42,10,32,6,3,3
S01009370,K L M N. Financial real estate professional and administrative activities,68,65,17,48,3,1,2
S01009370,O P Q. Public administration education and health,101,96,42,54,5,1,4
S01009370,R S T U. Other,15,11,3,8,4,3,1
S01009371,All people aged 16 to 74 in employment,262,253,74,179,9,3,6
S01009371,A B D E. Agriculture energy and water,2,2,0,2,0,0,0
S01009371,C. Manufacturing,31,31,0,31,0,0,0
S01009371,F. Construction,23,20,2,18,3,1,2
S01009371,G I. Distribution hotels and restaurants,61,61,31,30,0,0,0
S01009371,H J. Transport and communication,26,22,3,19,4,1,3
S01009371,K L M N. Financial real estate professional and administrative activities,41,40,12,28,1,0,1
S01009371,O P Q. Public administration education and health,69,68,23,45,1,1,0
S01009371,R S T U. Other,9,9,3,6,0,0,0
S01009372,All people aged 16 to 74 in employment,266,238,76,162,28,4,24
S01009372,A B D E. Agriculture energy and water,6,6,2,4,0,0,0
S01009372,C. Manufacturing,35,33,1,32,2,0,2
S01009372,F. Construction,21,11,1,10,10,1,9
S01009372,G I. Distribution hotels and restaurants,74,71,35,36,3,0,3
S01009372,H J. Transport and communication,24,19,2,17,5,1,4
S01009372,K L M N. Financial real estate professional and administrative activities,47,42,12,30,5,2,3
S01009372,O P Q. Public administration education and health,45,42,18,24,3,0,3
S01009372,R S T U. Other,14,14,5,9,0,0,0
S01009373,All people aged 16 to 74 in employment,359,339,85,254,20,6,14
S01009373,A B D E. Agriculture energy and water,10,10,0,10,0,0,0
S01009373,C. Manufacturing,36,36,3,33,0,0,0
S01009373,F. Construction,34,31,4,27,3,0,3
S01009373,G I. Distribution hotels and restaurants,70,69,30,39,1,0,1
S01009373,H J. Transport and communication,39,35,9,26,4,0,4
S01009373,K L M N. Financial real estate professional and administrative activities,56,52,11,41,4,2,2
S01009373,O P Q. Public administration education and health,89,83,21,62,6,4,2
S01009373,R S T U. Other,25,23,7,16,2,0,2
S01009374,All people aged 16 to 74 in employment,393,364,106,258,29,9,20
S01009374,A B D E. Agriculture energy and water,6,6,0,6,0,0,0
S01009374,C. Manufacturing,36,36,0,36,0,0,0
S01009374,F. Construction,33,26,2,24,7,1,6
S01009374,G I. Distribution hotels and restaurants,111,106,49,57,5,2,3
S01009374,H J. Transport and communication,39,34,8,26,5,1,4
S01009374,K L M N. Financial real estate professional and administrative activities,73,68,14,54,5,2,3
S01009374,O P Q. Public administration education and health,79,74,28,46,5,3,2
S01009374,R S T U. Other,16,14,5,9,2,0,2
S01009375,All people aged 16 to 74 in employment,356,335,98,237,21,9,12
S01009375,A B D E. Agriculture energy and water,5,5,0,5,0,0,0
S01009375,C. Manufacturing,36,35,2,33,1,0,1
S01009375,F. Construction,35,28,1,27,7,1,6
S01009375,G I. Distribution hotels and restaurants,80,78,41,37,2,1,1
S01009375,H J. Transport and communication,36,33,6,27,3,1,2
S01009375,K L M N. Financial real estate professional and administrative activities,47,47,11,36,0,0,0
S01009375,O P Q. Public administration education and health,105,99,32,67,6,5,1
S01009375,R S T U. Other,12,10,5,5,2,1,1
S01009376,All people aged 16 to 74 in employment,262,247,70,177,15,6,9
S01009376,A B D E. Agriculture energy and water,6,6,0,6,0,0,0
S01009376,C. Manufacturing,29,29,2,27,0,0,0
S01009376,F. Construction,21,18,2,16,3,2,1
S01009376,G I. Distribution hotels and restaurants,66,61,22,39,5,3,2
S01009376,H J. Transport and communication,25,24,4,20,1,0,1
S01009376,K L M N. Financial real estate professional and administrative activities,49,47,18,29,2,1,1
S01009376,O P Q. Public administration education and health,61,57,20,37,4,0,4
S01009376,R S T U. Other,5,5,2,3,0,0,0
S01009377,All people aged 16 to 74 in employment,824,781,106,675,43,13,30
S01009377,A B D E. Agriculture energy and water,4,4,0,4,0,0,0
S01009377,C. Manufacturing,50,48,4,44,2,1,1
S01009377,F. Construction,35,29,0,29,6,1,5
S01009377,G I. Distribution hotels and restaurants,103,98,40,58,5,1,4
S01009377,H J. Transport and communication,56,49,5,44,7,1,6
S01009377,K L M N. Financial real estate professional and administrative activities,109,102,15,87,7,4,3
S01009377,O P Q. Public administration education and health,448,437,37,400,11,4,7
S01009377,R S T U. Other,19,14,5,9,5,1,4
S01009378,All people aged 16 to 74 in employment,502,457,129,328,45,12,33
S01009378,A B D E. Agriculture energy and water,6,6,0,6,0,0,0
S01009378,C. Manufacturing,48,47,1,46,1,0,1
S01009378,F. Construction,39,26,4,22,13,1,12
S01009378,G I. Distribution hotels and restaurants,90,83,41,42,7,1,6
S01009378,H J. Transport and communication,65,57,12,45,8,2,6
S01009378,K L M N. Financial real estate professional and administrative activities,87,82,15,67,5,1,4
S01009378,O P Q. Public administration education and health,146,139,48,91,7,4,3
S01009378,R S T U. Other,21,17,8,9,4,3,1
S01009379,All people aged 16 to 74 in employment,509,466,103,363,43,10,33
S01009379,A B D E. Agriculture energy and water,22,21,4,17,1,1,0
S01009379,C. Manufacturing,51,49,0,49,2,0,2
S01009379,F. Construction,38,25,1,24,13,2,11
S01009379,G I. Distribution hotels and restaurants,77,72,33,39,5,0,5
S01009379,H J. Transport and communication,65,58,6,52,7,2,5
S01009379,K L M N. Financial real estate professional and administrative activities,120,114,25,89,6,1,5
S01009379,O P Q. Public administration education and health,118,114,29,85,4,2,2
S01009379,R S T U. Other,18,13,5,8,5,2,3
S01009380,All people aged 16 to 74 in employment,315,297,69,228,18,6,12
S01009380,A B D E. Agriculture energy and water,7,7,0,7,0,0,0
S01009380,C. Manufacturing,23,22,0,22,1,0,1
S01009380,F. Construction,25,18,0,18,7,0,7
S01009380,G I. Distribution hotels and restaurants,71,71,30,41,0,0,0
S01009380,H J. Transport and communication,35,34,4,30,1,0,1
S01009380,K L M N. Financial real estate professional and administrative activities,47,43,10,33,4,2,2
S01009380,O P Q. Public administration education and health,92,89,18,71,3,2,1
S01009380,R S T U. Other,15,13,7,6,2,2,0
S01009381,All people aged 16 to 74 in employment,381,338,85,253,43,15,28
S01009381,A B D E. Agriculture energy and water,9,7,0,7,2,0,2
S01009381,C. Manufacturing,31,28,1,27,3,1,2
S01009381,F. Construction,30,21,0,21,9,1,8
S01009381,G I. Distribution hotels and restaurants,83,76,34,42,7,2,5
S01009381,H J. Transport and communication,34,33,5,28,1,0,1
S01009381,K L M N. Financial real estate professional and administrative activities,98,89,19,70,9,6,3
S01009381,O P Q. Public administration education and health,79,72,23,49,7,2,5
S01009381,R S T U. Other,17,12,3,9,5,3,2
S01009382,All people aged 16 to 74 in employment,367,335,92,243,32,11,21
S01009382,A B D E. Agriculture energy and water,3,2,0,2,1,0,1
S01009382,C. Manufacturing,38,37,1,36,1,0,1
S01009382,F. Construction,25,16,2,14,9,2,7
S01009382,G I. Distribution hotels and restaurants,97,93,45,48,4,2,2
S01009382,H J. Transport and communication,43,35,4,31,8,1,7
S01009382,K L M N. Financial real estate professional and administrative activities,62,56,13,43,6,3,3
S01009382,O P Q. Public administration education and health,87,85,26,59,2,2,0
S01009382,R S T U. Other,12,11,1,10,1,1,0
S01009383,All people aged 16 to 74 in employment,413,372,88,284,41,12,29
S01009383,A B D E. Agriculture energy and water,12,12,1,11,0,0,0
S01009383,C. Manufacturing,40,40,2,38,0,0,0
S01009383,F. Construction,45,33,2,31,12,0,12
S01009383,G I. Distribution hotels and restaurants,93,89,33,56,4,2,2
S01009383,H J. Transport and communication,47,42,7,35,5,0,5
S01009383,K L M N. Financial real estate professional and administrative activities,73,63,18,45,10,5,5
S01009383,O P Q. Public administration education and health,88,80,21,59,8,4,4
S01009383,R S T U. Other,15,13,4,9,2,1,1
S01009384,All people aged 16 to 74 in employment,287,222,61,161,65,18,47
S01009384,A B D E. Agriculture energy and water,7,5,0,5,2,0,2
S01009384,C. Manufacturing,19,17,1,16,2,1,1
S01009384,F. Construction,18,13,1,12,5,1,4
S01009384,G I. Distribution hotels and restaurants,41,30,14,16,11,3,8
S01009384,H J. Transport and communication,25,21,2,19,4,2,2
S01009384,K L M N. Financial real estate professional and administrative activities,78,53,15,38,25,2,23
S01009384,O P Q. Public administration education and health,88,76,26,50,12,7,5
S01009384,R S T U. Other,11,7,2,5,4,2,2
S01009385,All people aged 16 to 74 in employment,257,217,55,162,40,10,30
S01009385,A B D E. Agriculture energy and water,8,6,0,6,2,0,2
S01009385,C. Manufacturing,20,17,4,13,3,0,3
S01009385,F. Construction,17,8,0,8,9,2,7
S01009385,G I. Distribution hotels and restaurants,37,32,16,16,5,2,3
S01009385,H J. Transport and communication,22,21,3,18,1,0,1
S01009385,K L M N. Financial real estate professional and administrative activities,55,46,10,36,9,4,5
S01009385,O P Q. Public administration education and health,76,70,16,54,6,0,6
S01009385,R S T U. Other,22,17,6,11,5,2,3
S01009386,All people aged 16 to 74 in employment,298,276,86,190,22,4,18
S01009386,A B D E. Agriculture energy and water,7,7,1,6,0,0,0
S01009386,C. Manufacturing,28,28,4,24,0,0,0
S01009386,F. Construction,27,21,0,21,6,1,5
S01009386,G I. Distribution hotels and restaurants,64,61,34,27,3,0,3
S01009386,H J. Transport and communication,31,30,2,28,1,0,1
S01009386,K L M N. Financial real estate professional and administrative activities,61,55,10,45,6,2,4
S01009386,O P Q. Public administration education and health,68,65,29,36,3,1,2
S01009386,R S T U. Other,12,9,6,3,3,0,3
S01009387,All people aged 16 to 74 in employment,252,228,63,165,24,6,18
S01009387,A B D E. Agriculture energy and water,4,4,0,4,0,0,0
S01009387,C. Manufacturing,28,26,2,24,2,1,1
S01009387,F. Construction,16,11,0,11,5,0,5
S01009387,G I. Distribution hotels and restaurants,53,53,28,25,0,0,0
S01009387,H J. Transport and communication,40,37,2,35,3,1,2
S01009387,K L M N. Financial real estate professional and administrative activities,45,38,7,31,7,2,5
S01009387,O P Q. Public administration education and health,56,52,18,34,4,1,3
S01009387,R S T U. Other,10,7,6,1,3,1,2
S01009388,All people aged 16 to 74 in employment,349,319,94,225,30,11,19
S01009388,A B D E. Agriculture energy and water,6,6,0,6,0,0,0
S01009388,C. Manufacturing,28,27,1,26,1,0,1
S01009388,F. Construction,34,29,2,27,5,0,5
S01009388,G I. Distribution hotels and restaurants,81,76,38,38,5,2,3
S01009388,H J. Transport and communication,52,44,7,37,8,3,5
S01009388,K L M N. Financial real estate professional and administrative activities,57,52,16,36,5,3,2
S01009388,O P Q. Public administration education and health,77,73,26,47,4,2,2
S01009388,R S T U. Other,14,12,4,8,2,1,1
S01009389,All people aged 16 to 74 in employment,448,393,105,288,55,16,39
S01009389,A B D E. Agriculture energy and water,9,8,1,7,1,0,1
S01009389,C. Manufacturing,50,48,5,43,2,0,2
S01009389,F. Construction,39,26,3,23,13,3,10
S01009389,G I. Distribution hotels and restaurants,91,82,38,44,9,3,6
S01009389,H J. Transport and communication,31,24,0,24,7,2,5
S01009389,K L M N. Financial real estate professional and administrative activities,94,79,13,66,15,4,11
S01009389,O P Q. Public administration education and health,112,110,38,72,2,0,2
S01009389,R S T U. Other,22,16,7,9,6,4,2
S01009390,All people aged 16 to 74 in employment,428,394,100,294,34,8,26
S01009390,A B D E. Agriculture energy and water,15,13,0,13,2,0,2
S01009390,C. Manufacturing,41,39,1,38,2,1,1
S01009390,F. Construction,24,21,5,16,3,1,2
S01009390,G I. Distribution hotels and restaurants,59,55,29,26,4,0,4
S01009390,H J. Transport and communication,42,37,5,32,5,3,2
S01009390,K L M N. Financial real estate professional and administrative activities,123,113,23,90,10,2,8
S01009390,O P Q. Public administration education and health,114,107,34,73,7,1,6
S01009390,R S T U. Other,10,9,3,6,1,0,1
S01009391,All people aged 16 to 74 in employment,410,369,87,282,41,14,27
S01009391,A B D E. Agriculture energy and water,12,10,0,10,2,1,1
S01009391,C. Manufacturing,42,40,1,39,2,1,1
S01009391,F. Construction,14,8,0,8,6,1,5
S01009391,G I. Distribution hotels and restaurants,65,57,26,31,8,2,6
S01009391,H J. Transport and communication,45,38,7,31,7,2,5
S01009391,K L M N. Financial real estate professional and administrative activities,99,96,15,81,3,0,3
S01009391,O P Q. Public administration education and health,116,107,30,77,9,5,4
S01009391,R S T U. Other,17,13,8,5,4,2,2
S01009392,All people aged 16 to 74 in employment,302,264,78,186,38,11,27
S01009392,A B D E. Agriculture energy and water,7,7,0,7,0,0,0
S01009392,C. Manufacturing,24,23,1,22,1,0,1
S01009392,F. Construction,21,14,1,13,7,1,6
S01009392,G I. Distribution hotels and restaurants,33,32,16,16,1,1,0
S01009392,H J. Transport and communication,27,22,6,16,5,0,5
S01009392,K L M N. Financial real estate professional and administrative activities,86,76,17,59,10,4,6
S01009392,O P Q. Public administration education and health,90,82,34,48,8,3,5
S01009392,R S T U. Other,14,8,3,5,6,2,4
S01009393,All people aged 16 to 74 in employment,377,321,86,235,56,12,44
S01009393,A B D E. Agriculture energy and water,5,3,0,3,2,0,2
S01009393,C. Manufacturing,37,36,2,34,1,0,1
S01009393,F. Construction,32,16,3,13,16,1,15
S01009393,G I. Distribution hotels and restaurants,86,74,34,40,12,3,9
S01009393,H J. Transport and communication,30,26,1,25,4,2,2
S01009393,K L M N. Financial real estate professional and administrative activities,67,61,12,49,6,1,5
S01009393,O P Q. Public administration education and health,99,91,29,62,8,2,6
S01009393,R S T U. Other,21,14,5,9,7,3,4
S01009394,All people aged 16 to 74 in employment,472,425,93,332,47,11,36
S01009394,A B D E. Agriculture energy and water,17,17,2,15,0,0,0
S01009394,C. Manufacturing,45,40,0,40,5,2,3
S01009394,F. Construction,20,17,3,14,3,0,3
S01009394,G I. Distribution hotels and restaurants,66,60,24,36,6,0,6
S01009394,H J. Transport and communication,52,49,5,44,3,1,2
S01009394,K L M N. Financial real estate professional and administrative activities,117,105,19,86,12,2,10
S01009394,O P Q. Public administration education and health,135,120,34,86,15,5,10
S01009394,R S T U. Other,20,17,6,11,3,1,2
S01009395,All people aged 16 to 74 in employment,290,250,62,188,40,10,30
S01009395,A B D E. Agriculture energy and water,8,7,0,7,1,0,1
S01009395,C. Manufacturing,27,25,2,23,2,1,1
S01009395,F. Construction,13,9,1,8,4,1,3
S01009395,G I. Distribution hotels and restaurants,36,30,10,20,6,1,5
S01009395,H J. Transport and communication,26,22,5,17,4,2,2
S01009395,K L M N. Financial real estate professional and administrative activities,67,55,7,48,12,2,10
S01009395,O P Q. Public administration education and health,95,86,28,58,9,2,7
S01009395,R S T U. Other,18,16,9,7,2,1,1
S01009396,All people aged 16 to 74 in employment,328,264,68,196,64,22,42
S01009396,A B D E. Agriculture energy and water,4,4,0,4,0,0,0
S01009396,C. Manufacturing,34,33,1,32,1,0,1
S01009396,F. Construction,17,12,1,11,5,0,5
S01009396,G I. Distribution hotels and restaurants,46,39,16,23,7,3,4
S01009396,H J. Transport and communication,37,32,6,26,5,0,5
S01009396,K L M N. Financial real estate professional and administrative activities,77,54,8,46,23,8,15
S01009396,O P Q. Public administration education and health,98,82,32,50,16,7,9
S01009396,R S T U. Other,15,8,4,4,7,4,3
S01009397,All people aged 16 to 74 in employment,354,315,91,224,39,10,29
S01009397,A B D E. Agriculture energy and water,5,4,1,3,1,0,1
S01009397,C. Manufacturing,29,27,3,24,2,1,1
S01009397,F. Construction,14,9,0,9,5,0,5
S01009397,G I. Distribution hotels and restaurants,48,44,16,28,4,1,3
S01009397,H J. Transport and communication,38,31,4,27,7,0,7
S01009397,K L M N. Financial real estate professional and administrative activities,78,70,17,53,8,2,6
S01009397,O P Q. Public administration education and health,125,116,44,72,9,4,5
S01009397,R S T U. Other,17,14,6,8,3,2,1
S01009398,All people aged 16 to 74 in employment,371,334,87,247,37,12,25
S01009398,A B D E. Agriculture energy and water,2,2,0,2,0,0,0
S01009398,C. Manufacturing,34,32,4,28,2,0,2
S01009398,F. Construction,24,17,4,13,7,2,5
S01009398,G I. Distribution hotels and restaurants,54,48,17,31,6,2,4
S01009398,H J. Transport and communication,49,43,6,37,6,2,4
S01009398,K L M N. Financial real estate professional and administrative activities,65,62,17,45,3,0,3
S01009398,O P Q. Public administration education and health,125,115,35,80,10,5,5
S01009398,R S T U. Other,18,15,4,11,3,1,2
S01009399,All people aged 16 to 74 in employment,375,327,89,238,48,22,26
S01009399,A B D E. Agriculture energy and water,6,6,0,6,0,0,0
S01009399,C. Manufacturing,32,32,2,30,0,0,0
S01009399,F. Construction,25,22,2,20,3,1,2
S01009399,G I. Distribution hotels and restaurants,64,56,28,28,8,4,4
S01009399,H J. Transport and communication,43,34,3,31,9,2,7
S01009399,K L M N. Financial real estate professional and administrative activities,86,74,20,54,12,5,7
S01009399,O P Q. Public administration education and health,104,94,29,65,10,6,4
S01009399,R S T U. Other,15,9,5,4,6,4,2
S01009400,All people aged 16 to 74 in employment,253,231,73,158,22,4,18
S01009400,A B D E. Agriculture energy and water,4,4,0,4,0,0,0
S01009400,C. Manufacturing,31,30,3,27,1,0,1
S01009400,F. Construction,16,10,1,9,6,0,6
S01009400,G I. Distribution hotels and restaurants,48,48,27,21,0,0,0
S01009400,H J. Transport and communication,29,25,5,20,4,1,3
S01009400,K L M N. Financial real estate professional and administrative activities,49,45,13,32,4,1,3
S01009400,O P Q. Public administration education and health,62,55,19,36,7,2,5
S01009400,R S T U. Other,14,14,5,9,0,0,0
S01009401,All people aged 16 to 74 in employment,283,253,71,182,30,8,22
S01009401,A B D E. Agriculture energy and water,9,9,2,7,0,0,0
S01009401,C. Manufacturing,30,29,0,29,1,0,1
S01009401,F. Construction,16,13,1,12,3,0,3
S01009401,G I. Distribution hotels and restaurants,50,47,22,25,3,0,3
S01009401,H J. Transport and communication,22,18,3,15,4,2,2
S01009401,K L M N. Financial real estate professional and administrative activities,60,54,17,37,6,2,4
S01009401,O P Q. Public administration education and health,89,79,25,54,10,4,6
S01009401,R S T U. Other,7,4,1,3,3,0,3
S01009402,All people aged 16 to 74 in employment,418,352,100,252,66,34,32
S01009402,A B D E. Agriculture energy and water,5,5,0,5,0,0,0
S01009402,C. Manufacturing,49,44,2,42,5,3,2
S01009402,F. Construction,18,11,2,9,7,2,5
S01009402,G I. Distribution hotels and restaurants,65,57,27,30,8,2,6
S01009402,H J. Transport and communication,35,26,3,23,9,6,3
S01009402,K L M N. Financial real estate professional and administrative activities,91,78,18,60,13,9,4
S01009402,O P Q. Public administration education and health,130,114,41,73,16,10,6
S01009402,R S T U. Other,25,17,7,10,8,2,6
S01009403,All people aged 16 to 74 in employment,291,269,87,182,22,5,17
S01009403,A B D E. Agriculture energy and water,6,6,0,6,0,0,0
S01009403,C. Manufacturing,33,33,3,30,0,0,0
S01009403,F. Construction,15,8,0,8,7,1,6
S01009403,G I. Distribution hotels and restaurants,63,58,35,23,5,0,5
S01009403,H J. Transport and communication,25,21,3,18,4,2,2
S01009403,K L M N. Financial real estate professional and administrative activities,61,58,19,39,3,2,1
S01009403,O P Q. Public administration education and health,81,78,22,56,3,0,3
S01009403,R S T U. Other,7,7,5,2,0,0,0
S01009404,All people aged 16 to 74 in employment,233,204,48,156,29,9,20
S01009404,A B D E. Agriculture energy and water,10,10,2,8,0,0,0
S01009404,C. Manufacturing,16,15,1,14,1,0,1
S01009404,F. Construction,32,22,0,22,10,3,7
S01009404,G I. Distribution hotels and restaurants,67,58,22,36,9,4,5
S01009404,H J. Transport and communication,11,9,3,6,2,0,2
S01009404,K L M N. Financial real estate professional and administrative activities,28,25,7,18,3,1,2
S01009404,O P Q. Public administration education and health,62,59,10,49,3,0,3
S01009404,R S T U. Other,7,6,3,3,1,1,0
S01009405,All people aged 16 to 74 in employment,207,166,51,115,41,11,30
S01009405,A B D E. Agriculture energy and water,19,13,0,13,6,3,3
S01009405,C. Manufacturing,21,20,1,19,1,0,1
S01009405,F. Construction,18,10,1,9,8,1,7
S01009405,G I. Distribution hotels and restaurants,33,27,13,14,6,0,6
S01009405,H J. Transport and communication,12,8,1,7,4,1,3
S01009405,K L M N. Financial real estate professional and administrative activities,36,28,13,15,8,3,5
S01009405,O P Q. Public administration education and health,56,55,20,35,1,0,1
S01009405,R S T U. Other,12,5,2,3,7,3,4
S01009406,All people aged 16 to 74 in employment,449,408,93,315,41,6,35
S01009406,A B D E. Agriculture energy and water,8,8,0,8,0,0,0
S01009406,C. Manufacturing,41,36,0,36,5,1,4
S01009406,F. Construction,58,41,1,40,17,1,16
S01009406,G I. Distribution hotels and restaurants,79,75,28,47,4,0,4
S01009406,H J. Transport and communication,29,25,5,20,4,2,2
S01009406,K L M N. Financial real estate professional and administrative activities,69,64,15,49,5,1,4
S01009406,O P Q. Public administration education and health,140,138,35,103,2,1,1
S01009406,R S T U. Other,25,21,9,12,4,0,4
S01009407,All people aged 16 to 74 in employment,241,210,51,159,31,7,24
S01009407,A B D E. Agriculture energy and water,5,2,0,2,3,0,3
S01009407,C. Manufacturing,40,39,0,39,1,0,1
S01009407,F. Construction,22,14,2,12,8,1,7
S01009407,G I. Distribution hotels and restaurants,47,41,15,26,6,2,4
S01009407,H J. Transport and communication,18,17,5,12,1,0,1
S01009407,K L M N. Financial real estate professional and administrative activities,39,33,9,24,6,1,5
S01009407,O P Q. Public administration education and health,62,60,18,42,2,1,1
S01009407,R S T U. Other,8,4,2,2,4,2,2
S01009408,All people aged 16 to 74 in employment,424,378,80,298,46,13,33
S01009408,A B D E. Agriculture energy and water,16,14,2,12,2,0,2
S01009408,C. Manufacturing,41,40,4,36,1,0,1
S01009408,F. Construction,46,35,2,33,11,2,9
S01009408,G I. Distribution hotels and restaurants,80,70,27,43,10,4,6
S01009408,H J. Transport and communication,21,17,1,16,4,1,3
S01009408,K L M N. Financial real estate professional and administrative activities,70,61,13,48,9,2,7
S01009408,O P Q. Public administration education and health,133,130,29,101,3,2,1
S01009408,R S T U. Other,17,11,2,9,6,2,4
S01009409,All people aged 16 to 74 in employment,289,266,87,179,23,9,14
S01009409,A B D E. Agriculture energy and water,8,7,0,7,1,1,0
S01009409,C. Manufacturing,33,33,3,30,0,0,0
S01009409,F. Construction,37,29,3,26,8,0,8
S01009409,G I. Distribution hotels and restaurants,66,61,29,32,5,2,3
S01009409,H J. Transport and communication,28,24,6,18,4,1,3
S01009409,K L M N. Financial real estate professional and administrative activities,37,35,13,22,2,2,0
S01009409,O P Q. Public administration education and health,68,66,30,36,2,2,0
S01009409,R S T U. Other,12,11,3,8,1,1,0
S01009410,All people aged 16 to 74 in employment,408,371,123,248,37,17,20
S01009410,A B D E. Agriculture energy and water,9,9,0,9,0,0,0
S01009410,C. Manufacturing,45,43,2,41,2,1,1
S01009410,F. Construction,51,39,0,39,12,2,10
S01009410,G I. Distribution hotels and restaurants,88,81,43,38,7,4,3
S01009410,H J. Transport and communication,33,29,15,14,4,3,1
S01009410,K L M N. Financial real estate professional and administrative activities,60,56,16,40,4,4,0
S01009410,O P Q. Public administration education and health,106,100,41,59,6,2,4
S01009410,R S T U. Other,16,14,6,8,2,1,1
S01009411,All people aged 16 to 74 in employment,380,348,101,247,32,10,22
S01009411,A B D E. Agriculture energy and water,8,8,0,8,0,0,0
S01009411,C. Manufacturing,49,49,0,49,0,0,0
S01009411,F. Construction,41,25,3,22,16,2,14
S01009411,G I. Distribution hotels and restaurants,79,74,41,33,5,2,3
S01009411,H J. Transport and communication,36,36,3,33,0,0,0
S01009411,K L M N. Financial real estate professional and administrative activities,37,33,6,27,4,2,2
S01009411,O P Q. Public administration education and health,112,109,41,68,3,1,2
S01009411,R S T U. Other,18,14,7,7,4,3,1
S01009412,All people aged 16 to 74 in employment,396,375,115,260,21,7,14
S01009412,A B D E. Agriculture energy and water,10,9,0,9,1,0,1
S01009412,C. Manufacturing,45,45,7,38,0,0,0
S01009412,F. Construction,40,34,2,32,6,1,5
S01009412,G I. Distribution hotels and restaurants,109,103,50,53,6,0,6
S01009412,H J. Transport and communication,35,35,4,31,0,0,0
S01009412,K L M N. Financial real estate professional and administrative activities,45,40,12,28,5,4,1
S01009412,O P Q. Public administration education and health,93,93,36,57,0,0,0
S01009412,R S T U. Other,19,16,4,12,3,2,1
S01009413,All people aged 16 to 74 in employment,488,442,129,313,46,9,37
S01009413,A B D E. Agriculture energy and water,9,9,0,9,0,0,0
S01009413,C. Manufacturing,63,60,2,58,3,0,3
S01009413,F. Construction,68,52,2,50,16,2,14
S01009413,G I. Distribution hotels and restaurants,102,93,51,42,9,0,9
S01009413,H J. Transport and communication,39,37,7,30,2,0,2
S01009413,K L M N. Financial real estate professional and administrative activities,64,57,18,39,7,4,3
S01009413,O P Q. Public administration education and health,124,119,40,79,5,1,4
S01009413,R S T U. Other,19,15,9,6,4,2,2
S01009414,All people aged 16 to 74 in employment,299,273,84,189,26,7,19
S01009414,A B D E. Agriculture energy and water,10,10,1,9,0,0,0
S01009414,C. Manufacturing,36,35,4,31,1,0,1
S01009414,F. Construction,33,24,1,23,9,2,7
S01009414,G I. Distribution hotels and restaurants,58,50,24,26,8,2,6
S01009414,H J. Transport and communication,32,30,4,26,2,1,1
S01009414,K L M N. Financial real estate professional and administrative activities,29,28,13,15,1,0,1
S01009414,O P Q. Public administration education and health,87,84,32,52,3,1,2
S01009414,R S T U. Other,14,12,5,7,2,1,1
S01009415,All people aged 16 to 74 in employment,335,293,78,215,42,4,38
S01009415,A B D E. Agriculture energy and water,14,13,1,12,1,0,1
S01009415,C. Manufacturing,35,34,3,31,1,0,1
S01009415,F. Construction,37,28,2,26,9,0,9
S01009415,G I. Distribution hotels and restaurants,70,57,28,29,13,0,13
S01009415,H J. Transport and communication,27,24,5,19,3,0,3
S01009415,K L M N. Financial real estate professional and administrative activities,43,39,9,30,4,1,3
S01009415,O P Q. Public administration education and health,93,86,27,59,7,2,5
S01009415,R S T U. Other,16,12,3,9,4,1,3
S01009416,All people aged 16 to 74 in employment,297,266,82,184,31,5,26
S01009416,A B D E. Agriculture energy and water,5,5,0,5,0,0,0
S01009416,C. Manufacturing,29,27,1,26,2,0,2
S01009416,F. Construction,26,18,2,16,8,1,7
S01009416,G I. Distribution hotels and restaurants,66,56,28,28,10,1,9
S01009416,H J. Transport and communication,24,22,5,17,2,1,1
S01009416,K L M N. Financial real estate professional and administrative activities,47,45,11,34,2,0,2
S01009416,O P Q. Public administration education and health,79,77,29,48,2,0,2
S01009416,R S T U. Other,21,16,6,10,5,2,3
S01009417,All people aged 16 to 74 in employment,178,146,34,112,32,4,28
S01009417,A B D E. Agriculture energy and water,13,4,1,3,9,1,8
S01009417,C. Manufacturing,17,16,0,16,1,1,0
S01009417,F. Construction,12,5,1,4,7,0,7
S01009417,G I. Distribution hotels and restaurants,37,34,11,23,3,0,3
S01009417,H J. Transport and communication,12,11,1,10,1,0,1
S01009417,K L M N. Financial real estate professional and administrative activities,22,17,7,10,5,0,5
S01009417,O P Q. Public administration education and health,52,51,12,39,1,0,1
S01009417,R S T U. Other,13,8,1,7,5,2,3
S01009418,All people aged 16 to 74 in employment,508,466,122,344,42,9,33
S01009418,A B D E. Agriculture energy and water,17,16,1,15,1,0,1
S01009418,C. Manufacturing,58,56,2,54,2,0,2
S01009418,F. Construction,63,52,0,52,11,2,9
S01009418,G I. Distribution hotels and restaurants,102,96,35,61,6,1,5
S01009418,H J. Transport and communication,45,40,10,30,5,0,5
S01009418,K L M N. Financial real estate professional and administrative activities,73,64,20,44,9,3,6
S01009418,O P Q. Public administration education and health,123,119,44,75,4,1,3
S01009418,R S T U. Other,27,23,10,13,4,2,2
S01009419,All people aged 16 to 74 in employment,241,226,64,162,15,5,10
S01009419,A B D E. Agriculture energy and water,7,7,1,6,0,0,0
S01009419,C. Manufacturing,25,25,1,24,0,0,0
S01009419,F. Construction,26,21,1,20,5,0,5
S01009419,G I. Distribution hotels and restaurants,46,43,26,17,3,2,1
S01009419,H J. Transport and communication,20,20,2,18,0,0,0
S01009419,K L M N. Financial real estate professional and administrative activities,34,30,7,23,4,1,3
S01009419,O P Q. Public administration education and health,74,73,23,50,1,0,1
S01009419,R S T U. Other,9,7,3,4,2,2,0
S01009420,All people aged 16 to 74 in employment,230,216,71,145,14,6,8
S01009420,A B D E. Agriculture energy and water,6,6,0,6,0,0,0
S01009420,C. Manufacturing,29,28,6,22,1,0,1
S01009420,F. Construction,20,18,1,17,2,1,1
S01009420,G I. Distribution hotels and restaurants,64,60,20,40,4,3,1
S01009420,H J. Transport and communication,27,26,4,22,1,0,1
S01009420,K L M N. Financial real estate professional and administrative activities,21,18,7,11,3,2,1
S01009420,O P Q. Public administration education and health,56,54,30,24,2,0,2
S01009420,R S T U. Other,7,6,3,3,1,0,1
S01009421,All people aged 16 to 74 in employment,277,259,84,175,18,9,9
S01009421,A B D E. Agriculture energy and water,7,7,0,7,0,0,0
S01009421,C. Manufacturing,36,33,4,29,3,2,1
S01009421,F. Construction,30,25,2,23,5,1,4
S01009421,G I. Distribution hotels and restaurants,58,55,26,29,3,2,1
S01009421,H J. Transport and communication,21,19,5,14,2,0,2
S01009421,K L M N. Financial real estate professional and administrative activities,52,49,21,28,3,2,1
S01009421,O P Q. Public administration education and health,59,58,20,38,1,1,0
S01009421,R S T U. Other,14,13,6,7,1,1,0
S01009422,All people aged 16 to 74 in employment,366,343,105,238,23,7,16
S01009422,A B D E. Agriculture energy and water,14,13,1,12,1,0,1
S01009422,C. Manufacturing,49,49,0,49,0,0,0
S01009422,F. Construction,36,28,2,26,8,1,7
S01009422,G I. Distribution hotels and restaurants,71,69,37,32,2,0,2
S01009422,H J. Transport and communication,30,29,10,19,1,0,1
S01009422,K L M N. Financial real estate professional and administrative activities,56,52,14,38,4,1,3
S01009422,O P Q. Public administration education and health,91,86,32,54,5,5,0
S01009422,R S T U. Other,19,17,9,8,2,0,2
S01009423,All people aged 16 to 74 in employment,544,492,108,384,52,20,32
S01009423,A B D E. Agriculture energy and water,21,21,2,19,0,0,0
S01009423,C. Manufacturing,48,47,2,45,1,1,0
S01009423,F. Construction,58,44,2,42,14,1,13
S01009423,G I. Distribution hotels and restaurants,82,71,27,44,11,3,8
S01009423,H J. Transport and communication,41,39,12,27,2,1,1
S01009423,K L M N. Financial real estate professional and administrative activities,89,85,22,63,4,1,3
S01009423,O P Q. Public administration education and health,180,170,36,134,10,3,7
S01009423,R S T U. Other,25,15,5,10,10,10,0
S01009424,All people aged 16 to 74 in employment,279,251,58,193,28,7,21
S01009424,A B D E. Agriculture energy and water,6,5,0,5,1,0,1
S01009424,C. Manufacturing,26,24,1,23,2,1,1
S01009424,F. Construction,34,28,1,27,6,1,5
S01009424,G I. Distribution hotels and restaurants,43,38,20,18,5,0,5
S01009424,H J. Transport and communication,33,27,6,21,6,0,6
S01009424,K L M N. Financial real estate professional and administrative activities,39,36,11,25,3,1,2
S01009424,O P Q. Public administration education and health,87,86,17,69,1,0,1
S01009424,R S T U. Other,11,7,2,5,4,4,0
S01009425,All people aged 16 to 74 in employment,330,302,59,243,28,9,19
S01009425,A B D E. Agriculture energy and water,16,14,0,14,2,0,2
S01009425,C. Manufacturing,46,45,2,43,1,1,0
S01009425,F. Construction,32,27,1,26,5,1,4
S01009425,G I. Distribution hotels and restaurants,49,45,21,24,4,0,4
S01009425,H J. Transport and communication,30,29,5,24,1,0,1
S01009425,K L M N. Financial real estate professional and administrative activities,49,46,9,37,3,2,1
S01009425,O P Q. Public administration education and health,95,87,18,69,8,3,5
S01009425,R S T U. Other,13,9,3,6,4,2,2
S01009426,All people aged 16 to 74 in employment,310,288,87,201,22,3,19
S01009426,A B D E. Agriculture energy and water,9,8,0,8,1,0,1
S01009426,C. Manufacturing,45,45,3,42,0,0,0
S01009426,F. Construction,42,32,2,30,10,1,9
S01009426,G I. Distribution hotels and restaurants,62,57,31,26,5,0,5
S01009426,H J. Transport and communication,28,28,8,20,0,0,0
S01009426,K L M N. Financial real estate professional and administrative activities,28,27,11,16,1,1,0
S01009426,O P Q. Public administration education and health,82,80,27,53,2,0,2
S01009426,R S T U. Other,14,11,5,6,3,1,2
S01009427,All people aged 16 to 74 in employment,229,210,71,139,19,3,16
S01009427,A B D E. Agriculture energy and water,2,2,1,1,0,0,0
S01009427,C. Manufacturing,16,15,1,14,1,0,1
S01009427,F. Construction,36,29,1,28,7,0,7
S01009427,G I. Distribution hotels and restaurants,37,37,19,18,0,0,0
S01009427,H J. Transport and communication,13,12,3,9,1,0,1
S01009427,K L M N. Financial real estate professional and administrative activities,36,32,13,19,4,1,3
S01009427,O P Q. Public administration education and health,77,74,30,44,3,1,2
S01009427,R S T U. Other,12,9,3,6,3,1,2
S01009428,All people aged 16 to 74 in employment,229,205,60,145,24,8,16
S01009428,A B D E. Agriculture energy and water,4,4,1,3,0,0,0
S01009428,C. Manufacturing,33,33,6,27,0,0,0
S01009428,F. Construction,30,22,1,21,8,2,6
S01009428,G I. Distribution hotels and restaurants,41,36,22,14,5,1,4
S01009428,H J. Transport and communication,15,15,5,10,0,0,0
S01009428,K L M N. Financial real estate professional and administrative activities,25,18,3,15,7,3,4
S01009428,O P Q. Public administration education and health,72,69,17,52,3,2,1
S01009428,R S T U. Other,9,8,5,3,1,0,1
S01009429,All people aged 16 to 74 in employment,272,264,72,192,8,1,7
S01009429,A B D E. Agriculture energy and water,10,10,1,9,0,0,0
S01009429,C. Manufacturing,39,39,5,34,0,0,0
S01009429,F. Construction,34,32,0,32,2,0,2
S01009429,G I. Distribution hotels and restaurants,51,48,27,21,3,0,3
S01009429,H J. Transport and communication,18,17,4,13,1,1,0
S01009429,K L M N. Financial real estate professional and administrative activities,32,30,4,26,2,0,2
S01009429,O P Q. Public administration education and health,72,72,25,47,0,0,0
S01009429,R S T U. Other,16,16,6,10,0,0,0
S01009430,All people aged 16 to 74 in employment,296,272,98,174,24,4,20
S01009430,A B D E. Agriculture energy and water,13,13,1,12,0,0,0
S01009430,C. Manufacturing,38,37,6,31,1,0,1
S01009430,F. Construction,29,19,1,18,10,1,9
S01009430,G I. Distribution hotels and restaurants,54,50,31,19,4,2,2
S01009430,H J. Transport and communication,28,26,5,21,2,0,2
S01009430,K L M N. Financial real estate professional and administrative activities,40,37,11,26,3,0,3
S01009430,O P Q. Public administration education and health,76,74,31,43,2,0,2
S01009430,R S T U. Other,18,16,12,4,2,1,1
S01009431,All people aged 16 to 74 in employment,278,250,69,181,28,3,25
S01009431,A B D E. Agriculture energy and water,8,5,1,4,3,0,3
S01009431,C. Manufacturing,25,24,2,22,1,0,1
S01009431,F. Construction,28,24,1,23,4,0,4
S01009431,G I. Distribution hotels and restaurants,56,48,20,28,8,1,7
S01009431,H J. Transport and communication,22,21,4,17,1,0,1
S01009431,K L M N. Financial real estate professional and administrative activities,33,29,6,23,4,1,3
S01009431,O P Q. Public administration education and health,96,90,31,59,6,0,6
S01009431,R S T U. Other,10,9,4,5,1,1,0
S01009432,All people aged 16 to 74 in employment,306,290,102,188,16,5,11
S01009432,A B D E. Agriculture energy and water,9,9,1,8,0,0,0
S01009432,C. Manufacturing,33,33,6,27,0,0,0
S01009432,F. Construction,45,38,6,32,7,0,7
S01009432,G I. Distribution hotels and restaurants,64,62,33,29,2,0,2
S01009432,H J. Transport and communication,25,24,7,17,1,1,0
S01009432,K L M N. Financial real estate professional and administrative activities,26,24,5,19,2,2,0
S01009432,O P Q. Public administration education and health,87,87,38,49,0,0,0
S01009432,R S T U. Other,17,13,6,7,4,2,2
S01009433,All people aged 16 to 74 in employment,293,275,89,186,18,5,13
S01009433,A B D E. Agriculture energy and water,10,10,1,9,0,0,0
S01009433,C. Manufacturing,29,29,4,25,0,0,0
S01009433,F. Construction,41,35,2,33,6,1,5
S01009433,G I. Distribution hotels and restaurants,58,52,31,21,6,1,5
S01009433,H J. Transport and communication,15,15,6,9,0,0,0
S01009433,K L M N. Financial real estate professional and administrative activities,24,23,8,15,1,1,0
S01009433,O P Q. Public administration education and health,103,100,33,67,3,1,2
S01009433,R S T U. Other,13,11,4,7,2,1,1
S01009434,All people aged 16 to 74 in employment,208,190,62,128,18,6,12
S01009434,A B D E. Agriculture energy and water,7,6,0,6,1,0,1
S01009434,C. Manufacturing,33,33,4,29,0,0,0
S01009434,F. Construction,34,25,2,23,9,2,7
S01009434,G I. Distribution hotels and restaurants,32,32,12,20,0,0,0
S01009434,H J. Transport and communication,22,18,5,13,4,1,3
S01009434,K L M N. Financial real estate professional and administrative activities,20,18,7,11,2,1,1
S01009434,O P Q. Public administration education and health,52,51,28,23,1,1,0
S01009434,R S T U. Other,8,7,4,3,1,1,0
S01009435,All people aged 16 to 74 in employment,261,235,76,159,26,8,18
S01009435,A B D E. Agriculture energy and water,9,7,1,6,2,0,2
S01009435,C. Manufacturing,34,34,3,31,0,0,0
S01009435,F. Construction,31,23,1,22,8,2,6
S01009435,G I. Distribution hotels and restaurants,58,51,29,22,7,1,6
S01009435,H J. Transport and communication,12,11,5,6,1,1,0
S01009435,K L M N. Financial real estate professional and administrative activities,36,33,8,25,3,1,2
S01009435,O P Q. Public administration education and health,73,69,27,42,4,3,1
S01009435,R S T U. Other,8,7,2,5,1,0,1
S01009436,All people aged 16 to 74 in employment,303,282,69,213,21,8,13
S01009436,A B D E. Agriculture energy and water,16,15,0,15,1,1,0
S01009436,C. Manufacturing,37,36,1,35,1,1,0
S01009436,F. Construction,30,22,0,22,8,1,7
S01009436,G I. Distribution hotels and restaurants,59,56,27,29,3,2,1
S01009436,H J. Transport and communication,30,28,3,25,2,2,0
S01009436,K L M N. Financial real estate professional and administrative activities,29,27,6,21,2,0,2
S01009436,O P Q. Public administration education and health,92,90,28,62,2,1,1
S01009436,R S T U. Other,10,8,4,4,2,0,2
S01009437,All people aged 16 to 74 in employment,307,272,67,205,35,5,30
S01009437,A B D E. Agriculture energy and water,5,5,1,4,0,0,0
S01009437,C. Manufacturing,37,34,5,29,3,1,2
S01009437,F. Construction,47,37,1,36,10,1,9
S01009437,G I. Distribution hotels and restaurants,77,64,27,37,13,3,10
S01009437,H J. Transport and communication,22,21,4,17,1,0,1
S01009437,K L M N. Financial real estate professional and administrative activities,29,26,7,19,3,0,3
S01009437,O P Q. Public administration education and health,79,76,20,56,3,0,3
S01009437,R S T U. Other,11,9,2,7,2,0,2
S01009438,All people aged 16 to 74 in employment,339,303,79,224,36,12,24
S01009438,A B D E. Agriculture energy and water,9,9,1,8,0,0,0
S01009438,C. Manufacturing,56,54,6,48,2,1,1
S01009438,F. Construction,44,30,0,30,14,4,10
S01009438,G I. Distribution hotels and restaurants,72,66,41,25,6,1,5
S01009438,H J. Transport and communication,23,19,4,15,4,2,2
S01009438,K L M N. Financial real estate professional and administrative activities,28,26,2,24,2,0,2
S01009438,O P Q. Public administration education and health,94,88,23,65,6,4,2
S01009438,R S T U. Other,13,11,2,9,2,0,2
S01009439,All people aged 16 to 74 in employment,357,336,91,245,21,8,13
S01009439,A B D E. Agriculture energy and water,11,11,2,9,0,0,0
S01009439,C. Manufacturing,51,50,1,49,1,0,1
S01009439,F. Construction,54,44,4,40,10,4,6
S01009439,G I. Distribution hotels and restaurants,84,83,39,44,1,1,0
S01009439,H J. Transport and communication,27,26,5,21,1,0,1
S01009439,K L M N. Financial real estate professional and administrative activities,31,28,7,21,3,1,2
S01009439,O P Q. Public administration education and health,83,79,26,53,4,2,2
S01009439,R S T U. Other,16,15,7,8,1,0,1
S01009440,All people aged 16 to 74 in employment,255,233,79,154,22,5,17
S01009440,A B D E. Agriculture energy and water,5,4,0,4,1,0,1
S01009440,C. Manufacturing,22,22,3,19,0,0,0
S01009440,F. Construction,33,26,0,26,7,1,6
S01009440,G I. Distribution hotels and restaurants,64,60,35,25,4,0,4
S01009440,H J. Transport and communication,23,23,7,16,0,0,0
S01009440,K L M N. Financial real estate professional and administrative activities,36,32,8,24,4,2,2
S01009440,O P Q. Public administration education and health,61,58,22,36,3,2,1
S01009440,R S T U. Other,11,8,4,4,3,0,3
S01009441,All people aged 16 to 74 in employment,343,320,111,209,23,5,18
S01009441,A B D E. Agriculture energy and water,21,20,2,18,1,0,1
S01009441,C. Manufacturing,40,37,4,33,3,2,1
S01009441,F. Construction,38,31,2,29,7,0,7
S01009441,G I. Distribution hotels and restaurants,92,87,50,37,5,0,5
S01009441,H J. Transport and communication,33,31,6,25,2,0,2
S01009441,K L M N. Financial real estate professional and administrative activities,31,29,12,17,2,2,0
S01009441,O P Q. Public administration education and health,75,74,32,42,1,1,0
S01009441,R S T U. Other,13,11,3,8,2,0,2
S01009442,All people aged 16 to 74 in employment,290,233,50,183,57,14,43
S01009442,A B D E. Agriculture energy and water,23,10,1,9,13,1,12
S01009442,C. Manufacturing,30,24,2,22,6,3,3
S01009442,F. Construction,46,33,1,32,13,2,11
S01009442,G I. Distribution hotels and restaurants,50,42,16,26,8,5,3
S01009442,H J. Transport and communication,21,16,3,13,5,0,5
S01009442,K L M N. Financial real estate professional and administrative activities,36,30,7,23,6,2,4
S01009442,O P Q. Public administration education and health,78,74,20,54,4,1,3
S01009442,R S T U. Other,6,4,0,4,2,0,2
S01009443,All people aged 16 to 74 in employment,332,284,88,196,48,7,41
S01009443,A B D E. Agriculture energy and water,21,12,3,9,9,0,9
S01009443,C. Manufacturing,40,39,3,36,1,0,1
S01009443,F. Construction,30,19,2,17,11,3,8
S01009443,G I. Distribution hotels and restaurants,65,55,25,30,10,0,10
S01009443,H J. Transport and communication,28,23,11,12,5,1,4
S01009443,K L M N. Financial real estate professional and administrative activities,39,33,8,25,6,2,4
S01009443,O P Q. Public administration education and health,97,92,31,61,5,1,4
S01009443,R S T U. Other,12,11,5,6,1,0,1
S01009444,All people aged 16 to 74 in employment,455,415,117,298,40,16,24
S01009444,A B D E. Agriculture energy and water,13,12,0,12,1,0,1
S01009444,C. Manufacturing,51,49,2,47,2,0,2
S01009444,F. Construction,48,37,0,37,11,1,10
S01009444,G I. Distribution hotels and restaurants,90,81,40,41,9,4,5
S01009444,H J. Transport and communication,27,22,8,14,5,4,1
S01009444,K L M N. Financial real estate professional and administrative activities,56,51,12,39,5,2,3
S01009444,O P Q. Public administration education and health,156,152,49,103,4,2,2
S01009444,R S T U. Other,14,11,6,5,3,3,0
S01009445,All people aged 16 to 74 in employment,354,326,92,234,28,10,18
S01009445,A B D E. Agriculture energy and water,13,12,1,11,1,0,1
S01009445,C. Manufacturing,56,55,4,51,1,0,1
S01009445,F. Construction,44,35,2,33,9,1,8
S01009445,G I. Distribution hotels and restaurants,64,60,29,31,4,1,3
S01009445,H J. Transport and communication,32,28,6,22,4,2,2
S01009445,K L M N. Financial real estate professional and administrative activities,42,38,11,27,4,2,2
S01009445,O P Q. Public administration education and health,93,89,34,55,4,3,1
S01009445,R S T U. Other,10,9,5,4,1,1,0
S01009446,All people aged 16 to 74 in employment,322,301,89,212,21,6,15
S01009446,A B D E. Agriculture energy and water,12,12,1,11,0,0,0
S01009446,C. Manufacturing,25,25,1,24,0,0,0
S01009446,F. Construction,36,29,2,27,7,2,5
S01009446,G I. Distribution hotels and restaurants,65,62,32,30,3,1,2
S01009446,H J. Transport and communication,30,28,1,27,2,0,2
S01009446,K L M N. Financial real estate professional and administrative activities,34,32,12,20,2,1,1
S01009446,O P Q. Public administration education and health,103,98,32,66,5,2,3
S01009446,R S T U. Other,17,15,8,7,2,0,2
S01009447,All people aged 16 to 74 in employment,227,206,56,150,21,8,13
S01009447,A B D E. Agriculture energy and water,10,10,0,10,0,0,0
S01009447,C. Manufacturing,16,15,0,15,1,0,1
S01009447,F. Construction,26,22,0,22,4,0,4
S01009447,G I. Distribution hotels and restaurants,39,37,15,22,2,1,1
S01009447,H J. Transport and communication,21,18,2,16,3,1,2
S01009447,K L M N. Financial real estate professional and administrative activities,29,28,7,21,1,1,0
S01009447,O P Q. Public administration education and health,72,68,31,37,4,1,3
S01009447,R S T U. Other,14,8,1,7,6,4,2
S01009448,All people aged 16 to 74 in employment,424,390,106,284,34,10,24
S01009448,A B D E. Agriculture energy and water,11,11,0,11,0,0,0
S01009448,C. Manufacturing,43,42,5,37,1,1,0
S01009448,F. Construction,60,43,2,41,17,2,15
S01009448,G I. Distribution hotels and restaurants,72,69,33,36,3,1,2
S01009448,H J. Transport and communication,37,32,6,26,5,1,4
S01009448,K L M N. Financial real estate professional and administrative activities,52,51,14,37,1,1,0
S01009448,O P Q. Public administration education and health,138,135,42,93,3,1,2
S01009448,R S T U. Other,11,7,4,3,4,3,1
S01009449,All people aged 16 to 74 in employment,216,195,59,136,21,4,17
S01009449,A B D E. Agriculture energy and water,11,10,0,10,1,0,1
S01009449,C. Manufacturing,21,21,4,17,0,0,0
S01009449,F. Construction,27,18,3,15,9,0,9
S01009449,G I. Distribution hotels and restaurants,42,38,18,20,4,0,4
S01009449,H J. Transport and communication,19,18,3,15,1,0,1
S01009449,K L M N. Financial real estate professional and administrative activities,24,23,9,14,1,1,0
S01009449,O P Q. Public administration education and health,55,54,17,37,1,0,1
S01009449,R S T U. Other,17,13,5,8,4,3,1
S01009450,All people aged 16 to 74 in employment,235,219,69,150,16,2,14
S01009450,A B D E. Agriculture energy and water,6,6,0,6,0,0,0
S01009450,C. Manufacturing,33,33,1,32,0,0,0
S01009450,F. Construction,28,22,1,21,6,0,6
S01009450,G I. Distribution hotels and restaurants,50,47,24,23,3,0,3
S01009450,H J. Transport and communication,19,18,6,12,1,0,1
S01009450,K L M N. Financial real estate professional and administrative activities,27,26,8,18,1,1,0
S01009450,O P Q. Public administration education and health,62,61,28,33,1,0,1
S01009450,R S T U. Other,10,6,1,5,4,1,3
S01009451,All people aged 16 to 74 in employment,383,347,105,242,36,7,29
S01009451,A B D E. Agriculture energy and water,17,16,4,12,1,0,1
S01009451,C. Manufacturing,46,43,3,40,3,0,3
S01009451,F. Construction,71,55,3,52,16,2,14
S01009451,G I. Distribution hotels and restaurants,76,68,33,35,8,1,7
S01009451,H J. Transport and communication,19,16,4,12,3,1,2
S01009451,K L M N. Financial real estate professional and administrative activities,39,38,17,21,1,1,0
S01009451,O P Q. Public administration education and health,103,99,39,60,4,2,2
S01009451,R S T U. Other,12,12,2,10,0,0,0
S01009452,All people aged 16 to 74 in employment,204,192,49,143,12,1,11
S01009452,A B D E. Agriculture energy and water,7,7,1,6,0,0,0
S01009452,C. Manufacturing,26,26,2,24,0,0,0
S01009452,F. Construction,27,24,0,24,3,0,3
S01009452,G I. Distribution hotels and restaurants,40,36,15,21,4,0,4
S01009452,H J. Transport and communication,20,18,3,15,2,0,2
S01009452,K L M N. Financial real estate professional and administrative activities,24,23,1,22,1,0,1
S01009452,O P Q. Public administration education and health,51,50,24,26,1,0,1
S01009452,R S T U. Other,9,8,3,5,1,1,0
S01009453,All people aged 16 to 74 in employment,437,412,113,299,25,5,20
S01009453,A B D E. Agriculture energy and water,10,10,0,10,0,0,0
S01009453,C. Manufacturing,52,52,3,49,0,0,0
S01009453,F. Construction,57,47,0,47,10,0,10
S01009453,G I. Distribution hotels and restaurants,84,81,38,43,3,0,3
S01009453,H J. Transport and communication,33,33,8,25,0,0,0
S01009453,K L M N. Financial real estate professional and administrative activities,64,61,19,42,3,1,2
S01009453,O P Q. Public administration education and health,109,107,35,72,2,2,0
S01009453,R S T U. Other,28,21,10,11,7,2,5
S01009454,All people aged 16 to 74 in employment,420,354,100,254,66,24,42
S01009454,A B D E. Agriculture energy and water,6,5,1,4,1,0,1
S01009454,C. Manufacturing,40,37,4,33,3,1,2
S01009454,F. Construction,18,9,1,8,9,3,6
S01009454,G I. Distribution hotels and restaurants,59,47,24,23,12,2,10
S01009454,H J. Transport and communication,36,33,8,25,3,2,1
S01009454,K L M N. Financial real estate professional and administrative activities,89,72,17,55,17,8,9
S01009454,O P Q. Public administration education and health,149,137,42,95,12,4,8
S01009454,R S T U. Other,23,14,3,11,9,4,5
S01009455,All people aged 16 to 74 in employment,404,311,80,231,93,31,62
S01009455,A B D E. Agriculture energy and water,10,3,0,3,7,2,5
S01009455,C. Manufacturing,25,22,3,19,3,0,3
S01009455,F. Construction,28,17,1,16,11,3,8
S01009455,G I. Distribution hotels and restaurants,66,49,20,29,17,5,12
S01009455,H J. Transport and communication,36,28,4,24,8,3,5
S01009455,K L M N. Financial real estate professional and administrative activities,88,59,15,44,29,9,20
S01009455,O P Q. Public administration education and health,132,121,33,88,11,6,5
S01009455,R S T U. Other,19,12,4,8,7,3,4
S01009456,All people aged 16 to 74 in employment,305,257,52,205,48,11,37
S01009456,A B D E. Agriculture energy and water,20,11,0,11,9,1,8
S01009456,C. Manufacturing,42,41,1,40,1,0,1
S01009456,F. Construction,46,36,0,36,10,1,9
S01009456,G I. Distribution hotels and restaurants,31,25,10,15,6,2,4
S01009456,H J. Transport and communication,23,21,2,19,2,0,2
S01009456,K L M N. Financial real estate professional and administrative activities,41,37,12,25,4,2,2
S01009456,O P Q. Public administration education and health,78,71,21,50,7,3,4
S01009456,R S T U. Other,24,15,6,9,9,2,7
S01009457,All people aged 16 to 74 in employment,305,226,69,157,79,22,57
S01009457,A B D E. Agriculture energy and water,31,14,3,11,17,1,16
S01009457,C. Manufacturing,32,28,2,26,4,0,4
S01009457,F. Construction,28,15,2,13,13,2,11
S01009457,G I. Distribution hotels and restaurants,43,29,15,14,14,6,8
S01009457,H J. Transport and communication,21,16,6,10,5,3,2
S01009457,K L M N. Financial real estate professional and administrative activities,30,20,5,15,10,4,6
S01009457,O P Q. Public administration education and health,101,91,31,60,10,3,7
S01009457,R S T U. Other,19,13,5,8,6,3,3
S01009458,All people aged 16 to 74 in employment,294,258,63,195,36,11,25
S01009458,A B D E. Agriculture energy and water,5,5,0,5,0,0,0
S01009458,C. Manufacturing,22,22,1,21,0,0,0
S01009458,F. Construction,22,20,0,20,2,1,1
S01009458,G I. Distribution hotels and restaurants,59,47,23,24,12,1,11
S01009458,H J. Transport and communication,31,27,5,22,4,1,3
S01009458,K L M N. Financial real estate professional and administrative activities,46,40,8,32,6,2,4
S01009458,O P Q. Public administration education and health,92,89,26,63,3,1,2
S01009458,R S T U. Other,17,8,0,8,9,5,4
S01009459,All people aged 16 to 74 in employment,372,314,81,233,58,18,40
S01009459,A B D E. Agriculture energy and water,15,13,2,11,2,1,1
S01009459,C. Manufacturing,35,31,1,30,4,2,2
S01009459,F. Construction,34,21,2,19,13,3,10
S01009459,G I. Distribution hotels and restaurants,78,61,33,28,17,2,15
S01009459,H J. Transport and communication,27,26,6,20,1,0,1
S01009459,K L M N. Financial real estate professional and administrative activities,53,44,7,37,9,3,6
S01009459,O P Q. Public administration education and health,105,98,24,74,7,4,3
S01009459,R S T U. Other,25,20,6,14,5,3,2
S01009460,All people aged 16 to 74 in employment,323,304,103,201,19,3,16
S01009460,A B D E. Agriculture energy and water,6,6,0,6,0,0,0
S01009460,C. Manufacturing,33,33,3,30,0,0,0
S01009460,F. Construction,28,24,0,24,4,0,4
S01009460,G I. Distribution hotels and restaurants,81,78,42,36,3,0,3
S01009460,H J. Transport and communication,24,22,2,20,2,0,2
S01009460,K L M N. Financial real estate professional and administrative activities,47,43,16,27,4,1,3
S01009460,O P Q. Public administration education and health,84,80,31,49,4,1,3
S01009460,R S T U. Other,20,18,9,9,2,1,1
S01009461,All people aged 16 to 74 in employment,304,272,61,211,32,9,23
S01009461,A B D E. Agriculture energy and water,4,4,0,4,0,0,0
S01009461,C. Manufacturing,23,21,3,18,2,0,2
S01009461,F. Construction,21,18,0,18,3,0,3
S01009461,G I. Distribution hotels and restaurants,49,46,18,28,3,0,3
S01009461,H J. Transport and communication,17,13,3,10,4,1,3
S01009461,K L M N. Financial real estate professional and administrative activities,70,61,7,54,9,3,6
S01009461,O P Q. Public administration education and health,101,97,22,75,4,2,2
S01009461,R S T U. Other,19,12,8,4,7,3,4
S01009462,All people aged 16 to 74 in employment,304,267,77,190,37,15,22
S01009462,A B D E. Agriculture energy and water,3,1,0,1,2,1,1
S01009462,C. Manufacturing,31,29,1,28,2,0,2
S01009462,F. Construction,38,31,2,29,7,1,6
S01009462,G I. Distribution hotels and restaurants,64,59,27,32,5,1,4
S01009462,H J. Transport and communication,28,26,4,22,2,1,1
S01009462,K L M N. Financial real estate professional and administrative activities,42,32,6,26,10,4,6
S01009462,O P Q. Public administration education and health,84,79,33,46,5,4,1
S01009462,R S T U. Other,14,10,4,6,4,3,1
S01009463,All people aged 16 to 74 in employment,286,249,69,180,37,10,27
S01009463,A B D E. Agriculture energy and water,10,9,0,9,1,0,1
S01009463,C. Manufacturing,34,32,0,32,2,1,1
S01009463,F. Construction,29,18,2,16,11,0,11
S01009463,G I. Distribution hotels and restaurants,53,44,21,23,9,2,7
S01009463,H J. Transport and communication,33,30,9,21,3,2,1
S01009463,K L M N. Financial real estate professional and administrative activities,33,30,8,22,3,1,2
S01009463,O P Q. Public administration education and health,78,73,23,50,5,2,3
S01009463,R S T U. Other,16,13,6,7,3,2,1
S01009464,All people aged 16 to 74 in employment,430,380,111,269,50,13,37
S01009464,A B D E. Agriculture energy and water,8,6,0,6,2,0,2
S01009464,C. Manufacturing,44,44,2,42,0,0,0
S01009464,F. Construction,28,17,3,14,11,1,10
S01009464,G I. Distribution hotels and restaurants,76,66,29,37,10,3,7
S01009464,H J. Transport and communication,55,54,14,40,1,1,0
S01009464,K L M N. Financial real estate professional and administrative activities,76,68,14,54,8,4,4
S01009464,O P Q. Public administration education and health,122,112,46,66,10,3,7
S01009464,R S T U. Other,21,13,3,10,8,1,7
S01009465,All people aged 16 to 74 in employment,269,243,78,165,26,9,17
S01009465,A B D E. Agriculture energy and water,11,10,1,9,1,1,0
S01009465,C. Manufacturing,28,27,2,25,1,1,0
S01009465,F. Construction,26,15,3,12,11,4,7
S01009465,G I. Distribution hotels and restaurants,61,56,27,29,5,1,4
S01009465,H J. Transport and communication,22,19,0,19,3,0,3
S01009465,K L M N. Financial real estate professional and administrative activities,28,26,8,18,2,1,1
S01009465,O P Q. Public administration education and health,81,80,31,49,1,0,1
S01009465,R S T U. Other,12,10,6,4,2,1,1
S01009466,All people aged 16 to 74 in employment,272,227,57,170,45,12,33
S01009466,A B D E. Agriculture energy and water,7,4,0,4,3,0,3
S01009466,C. Manufacturing,34,31,1,30,3,3,0
S01009466,F. Construction,19,14,1,13,5,1,4
S01009466,G I. Distribution hotels and restaurants,44,32,17,15,12,1,11
S01009466,H J. Transport and communication,16,15,1,14,1,0,1
S01009466,K L M N. Financial real estate professional and administrative activities,48,31,9,22,17,5,12
S01009466,O P Q. Public administration education and health,88,85,20,65,3,1,2
S01009466,R S T U. Other,16,15,8,7,1,1,0
S01009467,All people aged 16 to 74 in employment,355,309,97,212,46,13,33
S01009467,A B D E. Agriculture energy and water,17,17,2,15,0,0,0
S01009467,C. Manufacturing,33,28,3,25,5,1,4
S01009467,F. Construction,21,15,1,14,6,0,6
S01009467,G I. Distribution hotels and restaurants,40,33,14,19,7,2,5
S01009467,H J. Transport and communication,17,13,3,10,4,2,2
S01009467,K L M N. Financial real estate professional and administrative activities,52,44,10,34,8,3,5
S01009467,O P Q. Public administration education and health,152,146,59,87,6,2,4
S01009467,R S T U. Other,23,13,5,8,10,3,7
S01009468,All people aged 16 to 74 in employment,330,301,96,205,29,11,18
S01009468,A B D E. Agriculture energy and water,7,7,0,7,0,0,0
S01009468,C. Manufacturing,31,29,3,26,2,1,1
S01009468,F. Construction,25,22,2,20,3,0,3
S01009468,G I. Distribution hotels and restaurants,72,63,41,22,9,2,7
S01009468,H J. Transport and communication,29,26,2,24,3,3,0
S01009468,K L M N. Financial real estate professional and administrative activities,46,42,9,33,4,1,3
S01009468,O P Q. Public administration education and health,98,95,34,61,3,1,2
S01009468,R S T U. Other,22,17,5,12,5,3,2
S01009469,All people aged 16 to 74 in employment,366,331,95,236,35,9,26
S01009469,A B D E. Agriculture energy and water,8,7,0,7,1,0,1
S01009469,C. Manufacturing,42,42,1,41,0,0,0
S01009469,F. Construction,30,23,0,23,7,0,7
S01009469,G I. Distribution hotels and restaurants,57,53,26,27,4,0,4
S01009469,H J. Transport and communication,15,10,1,9,5,1,4
S01009469,K L M N. Financial real estate professional and administrative activities,62,51,13,38,11,3,8
S01009469,O P Q. Public administration education and health,130,127,43,84,3,3,0
S01009469,R S T U. Other,22,18,11,7,4,2,2
S01009470,All people aged 16 to 74 in employment,214,186,55,131,28,13,15
S01009470,A B D E. Agriculture energy and water,7,7,0,7,0,0,0
S01009470,C. Manufacturing,20,20,3,17,0,0,0
S01009470,F. Construction,18,15,2,13,3,0,3
S01009470,G I. Distribution hotels and restaurants,50,43,23,20,7,4,3
S01009470,H J. Transport and communication,18,16,4,12,2,0,2
S01009470,K L M N. Financial real estate professional and administrative activities,24,20,1,19,4,2,2
S01009470,O P Q. Public administration education and health,62,56,17,39,6,4,2
S01009470,R S T U. Other,15,9,5,4,6,3,3
S01009471,All people aged 16 to 74 in employment,219,196,45,151,23,6,17
S01009471,A B D E. Agriculture energy and water,5,5,0,5,0,0,0
S01009471,C. Manufacturing,21,19,0,19,2,0,2
S01009471,F. Construction,18,14,0,14,4,1,3
S01009471,G I. Distribution hotels and restaurants,57,57,22,35,0,0,0
S01009471,H J. Transport and communication,12,10,1,9,2,1,1
S01009471,K L M N. Financial real estate professional and administrative activities,34,30,3,27,4,1,3
S01009471,O P Q. Public administration education and health,59,55,17,38,4,1,3
S01009471,R S T U. Other,13,6,2,4,7,2,5
S01009472,All people aged 16 to 74 in employment,360,315,96,219,45,6,39
S01009472,A B D E. Agriculture energy and water,9,9,1,8,0,0,0
S01009472,C. Manufacturing,28,27,3,24,1,0,1
S01009472,F. Construction,31,21,1,20,10,0,10
S01009472,G I. Distribution hotels and restaurants,85,74,40,34,11,3,8
S01009472,H J. Transport and communication,18,17,4,13,1,0,1
S01009472,K L M N. Financial real estate professional and administrative activities,51,40,7,33,11,2,9
S01009472,O P Q. Public administration education and health,115,113,34,79,2,0,2
S01009472,R S T U. Other,23,14,6,8,9,1,8
S01009473,All people aged 16 to 74 in employment,382,350,103,247,32,13,19
S01009473,A B D E. Agriculture energy and water,8,7,2,5,1,1,0
S01009473,C. Manufacturing,59,58,4,54,1,0,1
S01009473,F. Construction,27,22,4,18,5,1,4
S01009473,G I. Distribution hotels and restaurants,109,102,48,54,7,1,6
S01009473,H J. Transport and communication,22,19,4,15,3,2,1
S01009473,K L M N. Financial real estate professional and administrative activities,38,32,4,28,6,3,3
S01009473,O P Q. Public administration education and health,97,91,32,59,6,3,3
S01009473,R S T U. Other,22,19,5,14,3,2,1
S01009474,All people aged 16 to 74 in employment,381,339,99,240,42,12,30
S01009474,A B D E. Agriculture energy and water,8,7,0,7,1,1,0
S01009474,C. Manufacturing,43,40,2,38,3,1,2
S01009474,F. Construction,32,25,0,25,7,2,5
S01009474,G I. Distribution hotels and restaurants,98,89,42,47,9,1,8
S01009474,H J. Transport and communication,21,20,2,18,1,1,0
S01009474,K L M N. Financial real estate professional and administrative activities,40,32,6,26,8,1,7
S01009474,O P Q. Public administration education and health,115,106,37,69,9,4,5
S01009474,R S T U. Other,24,20,10,10,4,1,3
S01009475,All people aged 16 to 74 in employment,306,259,54,205,47,15,32
S01009475,A B D E. Agriculture energy and water,6,5,0,5,1,0,1
S01009475,C. Manufacturing,22,22,0,22,0,0,0
S01009475,F. Construction,15,9,1,8,6,1,5
S01009475,G I. Distribution hotels and restaurants,56,44,16,28,12,5,7
S01009475,H J. Transport and communication,17,13,1,12,4,1,3
S01009475,K L M N. Financial real estate professional and administrative activities,49,41,8,33,8,1,7
S01009475,O P Q. Public administration education and health,127,114,24,90,13,5,8
S01009475,R S T U. Other,14,11,4,7,3,2,1
S01009476,All people aged 16 to 74 in employment,269,223,67,156,46,12,34
S01009476,A B D E. Agriculture energy and water,17,13,0,13,4,0,4
S01009476,C. Manufacturing,26,24,5,19,2,1,1
S01009476,F. Construction,32,24,2,22,8,0,8
S01009476,G I. Distribution hotels and restaurants,41,33,19,14,8,1,7
S01009476,H J. Transport and communication,9,8,2,6,1,0,1
S01009476,K L M N. Financial real estate professional and administrative activities,56,43,11,32,13,4,9
S01009476,O P Q. Public administration education and health,77,71,25,46,6,2,4
S01009476,R S T U. Other,11,7,3,4,4,4,0
S01009477,All people aged 16 to 74 in employment,341,285,71,214,56,12,44
S01009477,A B D E. Agriculture energy and water,8,7,0,7,1,0,1
S01009477,C. Manufacturing,31,27,2,25,4,1,3
S01009477,F. Construction,26,18,2,16,8,0,8
S01009477,G I. Distribution hotels and restaurants,58,49,18,31,9,3,6
S01009477,H J. Transport and communication,17,12,2,10,5,0,5
S01009477,K L M N. Financial real estate professional and administrative activities,54,41,11,30,13,4,9
S01009477,O P Q. Public administration education and health,132,121,33,88,11,3,8
S01009477,R S T U. Other,15,10,3,7,5,1,4
S01009478,All people aged 16 to 74 in employment,464,417,92,325,47,20,27
S01009478,A B D E. Agriculture energy and water,7,6,0,6,1,1,0
S01009478,C. Manufacturing,44,41,2,39,3,1,2
S01009478,F. Construction,29,23,2,21,6,1,5
S01009478,G I. Distribution hotels and restaurants,111,102,33,69,9,4,5
S01009478,H J. Transport and communication,25,22,3,19,3,2,1
S01009478,K L M N. Financial real estate professional and administrative activities,66,57,10,47,9,2,7
S01009478,O P Q. Public administration education and health,148,144,37,107,4,2,2
S01009478,R S T U. Other,34,22,5,17,12,7,5
S01009479,All people aged 16 to 74 in employment,378,331,86,245,47,9,38
S01009479,A B D E. Agriculture energy and water,8,7,0,7,1,0,1
S01009479,C. Manufacturing,27,27,1,26,0,0,0
S01009479,F. Construction,26,18,0,18,8,0,8
S01009479,G I. Distribution hotels and restaurants,90,79,36,43,11,0,11
S01009479,H J. Transport and communication,15,14,2,12,1,0,1
S01009479,K L M N. Financial real estate professional and administrative activities,61,51,13,38,10,3,7
S01009479,O P Q. Public administration education and health,127,119,29,90,8,3,5
S01009479,R S T U. Other,24,16,5,11,8,3,5
S01009480,All people aged 16 to 74 in employment,399,342,83,259,57,9,48
S01009480,A B D E. Agriculture energy and water,6,5,1,4,1,1,0
S01009480,C. Manufacturing,33,30,1,29,3,0,3
S01009480,F. Construction,23,17,3,14,6,0,6
S01009480,G I. Distribution hotels and restaurants,75,67,34,33,8,0,8
S01009480,H J. Transport and communication,29,20,1,19,9,2,7
S01009480,K L M N. Financial real estate professional and administrative activities,58,41,7,34,17,3,14
S01009480,O P Q. Public administration education and health,156,147,32,115,9,2,7
S01009480,R S T U. Other,19,15,4,11,4,1,3
S01009481,All people aged 16 to 74 in employment,505,467,88,379,38,8,30
S01009481,A B D E. Agriculture energy and water,6,5,0,5,1,1,0
S01009481,C. Manufacturing,71,70,5,65,1,0,1
S01009481,F. Construction,34,23,1,22,11,2,9
S01009481,G I. Distribution hotels and restaurants,95,90,31,59,5,1,4
S01009481,H J. Transport and communication,47,40,3,37,7,1,6
S01009481,K L M N. Financial real estate professional and administrative activities,74,68,10,58,6,1,5
S01009481,O P Q. Public administration education and health,157,154,35,119,3,1,2
S01009481,R S T U. Other,21,17,3,14,4,1,3
S01009482,All people aged 16 to 74 in employment,332,305,70,235,27,8,19
S01009482,A B D E. Agriculture energy and water,7,7,2,5,0,0,0
S01009482,C. Manufacturing,47,46,1,45,1,0,1
S01009482,F. Construction,27,23,2,21,4,1,3
S01009482,G I. Distribution hotels and restaurants,76,68,28,40,8,1,7
S01009482,H J. Transport and communication,20,19,4,15,1,1,0
S01009482,K L M N. Financial real estate professional and administrative activities,48,39,5,34,9,3,6
S01009482,O P Q. Public administration education and health,88,85,22,63,3,1,2
S01009482,R S T U. Other,19,18,6,12,1,1,0
S01009483,All people aged 16 to 74 in employment,426,379,76,303,47,13,34
S01009483,A B D E. Agriculture energy and water,9,7,0,7,2,1,1
S01009483,C. Manufacturing,54,51,3,48,3,0,3
S01009483,F. Construction,38,25,1,24,13,5,8
S01009483,G I. Distribution hotels and restaurants,68,61,22,39,7,3,4
S01009483,H J. Transport and communication,19,16,3,13,3,1,2
S01009483,K L M N. Financial real estate professional and administrative activities,48,40,9,31,8,0,8
S01009483,O P Q. Public administration education and health,162,156,33,123,6,2,4
S01009483,R S T U. Other,28,23,5,18,5,1,4
S01009484,All people aged 16 to 74 in employment,312,288,72,216,24,6,18
S01009484,A B D E. Agriculture energy and water,5,3,0,3,2,0,2
S01009484,C. Manufacturing,33,32,2,30,1,0,1
S01009484,F. Construction,20,16,1,15,4,0,4
S01009484,G I. Distribution hotels and restaurants,69,65,26,39,4,2,2
S01009484,H J. Transport and communication,15,14,2,12,1,0,1
S01009484,K L M N. Financial real estate professional and administrative activities,36,34,5,29,2,2,0
S01009484,O P Q. Public administration education and health,115,109,30,79,6,2,4
S01009484,R S T U. Other,19,15,6,9,4,0,4
S01009485,All people aged 16 to 74 in employment,316,279,90,189,37,15,22
S01009485,A B D E. Agriculture energy and water,10,8,1,7,2,0,2
S01009485,C. Manufacturing,33,33,2,31,0,0,0
S01009485,F. Construction,23,16,1,15,7,1,6
S01009485,G I. Distribution hotels and restaurants,83,74,40,34,9,3,6
S01009485,H J. Transport and communication,24,21,3,18,3,1,2
S01009485,K L M N. Financial real estate professional and administrative activities,38,31,3,28,7,5,2
S01009485,O P Q. Public administration education and health,92,87,37,50,5,2,3
S01009485,R S T U. Other,13,9,3,6,4,3,1
S01009486,All people aged 16 to 74 in employment,279,248,61,187,31,8,23
S01009486,A B D E. Agriculture energy and water,9,7,0,7,2,0,2
S01009486,C. Manufacturing,28,27,3,24,1,0,1
S01009486,F. Construction,22,16,0,16,6,0,6
S01009486,G I. Distribution hotels and restaurants,58,49,22,27,9,0,9
S01009486,H J. Transport and communication,16,16,1,15,0,0,0
S01009486,K L M N. Financial real estate professional and administrative activities,35,30,7,23,5,2,3
S01009486,O P Q. Public administration education and health,95,90,21,69,5,4,1
S01009486,R S T U. Other,16,13,7,6,3,2,1
S01009487,All people aged 16 to 74 in employment,347,328,98,230,19,5,14
S01009487,A B D E. Agriculture energy and water,4,4,0,4,0,0,0
S01009487,C. Manufacturing,45,43,3,40,2,0,2
S01009487,F. Construction,25,21,1,20,4,0,4
S01009487,G I. Distribution hotels and restaurants,81,78,34,44,3,0,3
S01009487,H J. Transport and communication,21,19,5,14,2,1,1
S01009487,K L M N. Financial real estate professional and administrative activities,45,41,9,32,4,1,3
S01009487,O P Q. Public administration education and health,104,102,37,65,2,2,0
S01009487,R S T U. Other,22,20,9,11,2,1,1
S01009488,All people aged 16 to 74 in employment,317,287,98,189,30,12,18
S01009488,A B D E. Agriculture energy and water,5,5,0,5,0,0,0
S01009488,C. Manufacturing,31,30,3,27,1,0,1
S01009488,F. Construction,28,22,1,21,6,0,6
S01009488,G I. Distribution hotels and restaurants,81,76,41,35,5,0,5
S01009488,H J. Transport and communication,22,20,7,13,2,0,2
S01009488,K L M N. Financial real estate professional and administrative activities,39,32,10,22,7,5,2
S01009488,O P Q. Public administration education and health,97,93,33,60,4,4,0
S01009488,R S T U. Other,14,9,3,6,5,3,2
S01009489,All people aged 16 to 74 in employment,317,287,83,204,30,7,23
S01009489,A B D E. Agriculture energy and water,7,7,0,7,0,0,0
S01009489,C. Manufacturing,41,37,1,36,4,0,4
S01009489,F. Construction,44,34,1,33,10,1,9
S01009489,G I. Distribution hotels and restaurants,65,59,24,35,6,1,5
S01009489,H J. Transport and communication,30,27,3,24,3,0,3
S01009489,K L M N. Financial real estate professional and administrative activities,37,36,16,20,1,0,1
S01009489,O P Q. Public administration education and health,79,77,36,41,2,1,1
S01009489,R S T U. Other,14,10,2,8,4,4,0
S01009490,All people aged 16 to 74 in employment,323,304,107,197,19,6,13
S01009490,A B D E. Agriculture energy and water,14,13,2,11,1,0,1
S01009490,C. Manufacturing,36,35,2,33,1,1,0
S01009490,F. Construction,38,31,2,29,7,1,6
S01009490,G I. Distribution hotels and restaurants,74,72,34,38,2,0,2
S01009490,H J. Transport and communication,16,16,1,15,0,0,0
S01009490,K L M N. Financial real estate professional and administrative activities,44,40,17,23,4,2,2
S01009490,O P Q. Public administration education and health,85,84,43,41,1,0,1
S01009490,R S T U. Other,16,13,6,7,3,2,1
S01009491,All people aged 16 to 74 in employment,241,215,64,151,26,9,17
S01009491,A B D E. Agriculture energy and water,5,5,0,5,0,0,0
S01009491,C. Manufacturing,26,25,1,24,1,0,1
S01009491,F. Construction,25,19,1,18,6,1,5
S01009491,G I. Distribution hotels and restaurants,47,43,24,19,4,1,3
S01009491,H J. Transport and communication,22,22,6,16,0,0,0
S01009491,K L M N. Financial real estate professional and administrative activities,34,31,10,21,3,2,1
S01009491,O P Q. Public administration education and health,65,61,19,42,4,1,3
S01009491,R S T U. Other,17,9,3,6,8,4,4
S01009492,All people aged 16 to 74 in employment,338,307,88,219,31,11,20
S01009492,A B D E. Agriculture energy and water,11,10,1,9,1,0,1
S01009492,C. Manufacturing,40,38,3,35,2,0,2
S01009492,F. Construction,43,33,1,32,10,3,7
S01009492,G I. Distribution hotels and restaurants,73,67,29,38,6,3,3
S01009492,H J. Transport and communication,23,21,7,14,2,1,1
S01009492,K L M N. Financial real estate professional and administrative activities,44,38,10,28,6,3,3
S01009492,O P Q. Public administration education and health,88,88,32,56,0,0,0
S01009492,R S T U. Other,16,12,5,7,4,1,3
S01009493,All people aged 16 to 74 in employment,355,286,90,196,69,14,55
S01009493,A B D E. Agriculture energy and water,8,7,0,7,1,0,1
S01009493,C. Manufacturing,28,24,4,20,4,0,4
S01009493,F. Construction,26,17,3,14,9,1,8
S01009493,G I. Distribution hotels and restaurants,72,54,28,26,18,4,14
S01009493,H J. Transport and communication,14,10,1,9,4,1,3
S01009493,K L M N. Financial real estate professional and administrative activities,62,41,7,34,21,6,15
S01009493,O P Q. Public administration education and health,128,120,41,79,8,1,7
S01009493,R S T U. Other,17,13,6,7,4,1,3
S01009494,All people aged 16 to 74 in employment,527,459,100,359,68,15,53
S01009494,A B D E. Agriculture energy and water,10,8,2,6,2,1,1
S01009494,C. Manufacturing,65,62,3,59,3,0,3
S01009494,F. Construction,35,21,0,21,14,1,13
S01009494,G I. Distribution hotels and restaurants,105,90,26,64,15,1,14
S01009494,H J. Transport and communication,34,30,6,24,4,2,2
S01009494,K L M N. Financial real estate professional and administrative activities,77,67,9,58,10,4,6
S01009494,O P Q. Public administration education and health,177,165,47,118,12,3,9
S01009494,R S T U. Other,24,16,7,9,8,3,5
S01009495,All people aged 16 to 74 in employment,498,444,109,335,54,15,39
S01009495,A B D E. Agriculture energy and water,15,14,0,14,1,0,1
S01009495,C. Manufacturing,54,48,2,46,6,2,4
S01009495,F. Construction,31,19,0,19,12,0,12
S01009495,G I. Distribution hotels and restaurants,87,78,37,41,9,2,7
S01009495,H J. Transport and communication,37,32,5,27,5,2,3
S01009495,K L M N. Financial real estate professional and administrative activities,75,68,12,56,7,4,3
S01009495,O P Q. Public administration education and health,183,173,45,128,10,3,7
S01009495,R S T U. Other,16,12,8,4,4,2,2
S01009496,All people aged 16 to 74 in employment,373,342,110,232,31,4,27
S01009496,A B D E. Agriculture energy and water,6,6,2,4,0,0,0
S01009496,C. Manufacturing,28,27,2,25,1,0,1
S01009496,F. Construction,49,33,1,32,16,1,15
S01009496,G I. Distribution hotels and restaurants,94,90,42,48,4,0,4
S01009496,H J. Transport and communication,26,22,5,17,4,1,3
S01009496,K L M N. Financial real estate professional and administrative activities,39,36,11,25,3,1,2
S01009496,O P Q. Public administration education and health,110,108,37,71,2,1,1
S01009496,R S T U. Other,21,20,10,10,1,0,1
S01009497,All people aged 16 to 74 in employment,472,439,120,319,33,11,22
S01009497,A B D E. Agriculture energy and water,9,7,0,7,2,0,2
S01009497,C. Manufacturing,48,46,2,44,2,1,1
S01009497,F. Construction,49,39,3,36,10,2,8
S01009497,G I. Distribution hotels and restaurants,122,110,53,57,12,4,8
S01009497,H J. Transport and communication,32,30,4,26,2,1,1
S01009497,K L M N. Financial real estate professional and administrative activities,48,46,7,39,2,2,0
S01009497,O P Q. Public administration education and health,148,145,44,101,3,1,2
S01009497,R S T U. Other,16,16,7,9,0,0,0
S01009498,All people aged 16 to 74 in employment,309,276,78,198,33,9,24
S01009498,A B D E. Agriculture energy and water,7,7,0,7,0,0,0
S01009498,C. Manufacturing,30,28,1,27,2,0,2
S01009498,F. Construction,23,13,3,10,10,2,8
S01009498,G I. Distribution hotels and restaurants,59,52,23,29,7,1,6
S01009498,H J. Transport and communication,24,21,3,18,3,1,2
S01009498,K L M N. Financial real estate professional and administrative activities,43,39,8,31,4,1,3
S01009498,O P Q. Public administration education and health,117,111,38,73,6,4,2
S01009498,R S T U. Other,6,5,2,3,1,0,1
S01009499,All people aged 16 to 74 in employment,347,313,102,211,34,17,17
S01009499,A B D E. Agriculture energy and water,11,10,1,9,1,1,0
S01009499,C. Manufacturing,39,38,3,35,1,0,1
S01009499,F. Construction,32,27,1,26,5,1,4
S01009499,G I. Distribution hotels and restaurants,72,66,40,26,6,4,2
S01009499,H J. Transport and communication,25,19,4,15,6,2,4
S01009499,K L M N. Financial real estate professional and administrative activities,32,27,5,22,5,4,1
S01009499,O P Q. Public administration education and health,118,111,38,73,7,3,4
S01009499,R S T U. Other,18,15,10,5,3,2,1
S01009500,All people aged 16 to 74 in employment,314,289,94,195,25,10,15
S01009500,A B D E. Agriculture energy and water,6,5,0,5,1,0,1
S01009500,C. Manufacturing,39,37,1,36,2,0,2
S01009500,F. Construction,24,14,0,14,10,2,8
S01009500,G I. Distribution hotels and restaurants,85,83,41,42,2,2,0
S01009500,H J. Transport and communication,16,15,4,11,1,1,0
S01009500,K L M N. Financial real estate professional and administrative activities,37,33,12,21,4,3,1
S01009500,O P Q. Public administration education and health,89,86,31,55,3,2,1
S01009500,R S T U. Other,18,16,5,11,2,0,2
S01009501,All people aged 16 to 74 in employment,261,241,75,166,20,3,17
S01009501,A B D E. Agriculture energy and water,5,5,0,5,0,0,0
S01009501,C. Manufacturing,28,28,2,26,0,0,0
S01009501,F. Construction,25,17,1,16,8,1,7
S01009501,G I. Distribution hotels and restaurants,75,75,40,35,0,0,0
S01009501,H J. Transport and communication,26,22,2,20,4,1,3
S01009501,K L M N. Financial real estate professional and administrative activities,28,23,7,16,5,0,5
S01009501,O P Q. Public administration education and health,66,65,21,44,1,0,1
S01009501,R S T U. Other,8,6,2,4,2,1,1
S01009502,All people aged 16 to 74 in employment,382,349,121,228,33,10,23
S01009502,A B D E. Agriculture energy and water,16,15,1,14,1,0,1
S01009502,C. Manufacturing,41,40,4,36,1,0,1
S01009502,F. Construction,40,31,2,29,9,1,8
S01009502,G I. Distribution hotels and restaurants,113,105,54,51,8,4,4
S01009502,H J. Transport and communication,32,28,6,22,4,0,4
S01009502,K L M N. Financial real estate professional and administrative activities,26,24,7,17,2,2,0
S01009502,O P Q. Public administration education and health,92,86,34,52,6,1,5
S01009502,R S T U. Other,22,20,13,7,2,2,0
S01009503,All people aged 16 to 74 in employment,365,326,115,211,39,11,28
S01009503,A B D E. Agriculture energy and water,5,4,0,4,1,1,0
S01009503,C. Manufacturing,35,34,2,32,1,0,1
S01009503,F. Construction,34,22,2,20,12,1,11
S01009503,G I. Distribution hotels and restaurants,98,91,46,45,7,2,5
S01009503,H J. Transport and communication,25,21,4,17,4,2,2
S01009503,K L M N. Financial real estate professional and administrative activities,31,28,12,16,3,1,2
S01009503,O P Q. Public administration education and health,120,112,43,69,8,3,5
S01009503,R S T U. Other,17,14,6,8,3,1,2
S01009504,All people aged 16 to 74 in employment,275,252,90,162,23,7,16
S01009504,A B D E. Agriculture energy and water,8,8,0,8,0,0,0
S01009504,C. Manufacturing,34,33,2,31,1,1,0
S01009504,F. Construction,25,20,1,19,5,1,4
S01009504,G I. Distribution hotels and restaurants,82,76,40,36,6,1,5
S01009504,H J. Transport and communication,30,22,10,12,8,2,6
S01009504,K L M N. Financial real estate professional and administrative activities,18,17,7,10,1,1,0
S01009504,O P Q. Public administration education and health,57,55,24,31,2,1,1
S01009504,R S T U. Other,21,21,6,15,0,0,0
S01009505,All people aged 16 to 74 in employment,276,265,96,169,11,5,6
S01009505,A B D E. Agriculture energy and water,12,11,0,11,1,0,1
S01009505,C. Manufacturing,26,24,3,21,2,2,0
S01009505,F. Construction,28,25,1,24,3,1,2
S01009505,G I. Distribution hotels and restaurants,77,76,41,35,1,1,0
S01009505,H J. Transport and communication,12,11,3,8,1,1,0
S01009505,K L M N. Financial real estate professional and administrative activities,27,27,9,18,0,0,0
S01009505,O P Q. Public administration education and health,81,78,33,45,3,0,3
S01009505,R S T U. Other,13,13,6,7,0,0,0
S01009506,All people aged 16 to 74 in employment,294,274,100,174,20,4,16
S01009506,A B D E. Agriculture energy and water,10,10,0,10,0,0,0
S01009506,C. Manufacturing,23,22,1,21,1,0,1
S01009506,F. Construction,19,14,0,14,5,0,5
S01009506,G I. Distribution hotels and restaurants,92,84,45,39,8,3,5
S01009506,H J. Transport and communication,24,19,7,12,5,1,4
S01009506,K L M N. Financial real estate professional and administrative activities,39,39,8,31,0,0,0
S01009506,O P Q. Public administration education and health,75,74,34,40,1,0,1
S01009506,R S T U. Other,12,12,5,7,0,0,0
S01009507,All people aged 16 to 74 in employment,416,384,99,285,32,5,27
S01009507,A B D E. Agriculture energy and water,7,7,1,6,0,0,0
S01009507,C. Manufacturing,41,39,1,38,2,1,1
S01009507,F. Construction,28,21,1,20,7,0,7
S01009507,G I. Distribution hotels and restaurants,112,104,33,71,8,1,7
S01009507,H J. Transport and communication,32,27,3,24,5,0,5
S01009507,K L M N. Financial real estate professional and administrative activities,50,47,14,33,3,1,2
S01009507,O P Q. Public administration education and health,137,131,44,87,6,2,4
S01009507,R S T U. Other,9,8,2,6,1,0,1
S01009508,All people aged 16 to 74 in employment,329,306,130,176,23,6,17
S01009508,A B D E. Agriculture energy and water,5,5,1,4,0,0,0
S01009508,C. Manufacturing,32,31,4,27,1,0,1
S01009508,F. Construction,31,23,2,21,8,1,7
S01009508,G I. Distribution hotels and restaurants,95,94,49,45,1,0,1
S01009508,H J. Transport and communication,20,15,4,11,5,2,3
S01009508,K L M N. Financial real estate professional and administrative activities,40,35,21,14,5,2,3
S01009508,O P Q. Public administration education and health,94,92,44,48,2,1,1
S01009508,R S T U. Other,12,11,5,6,1,0,1
S01009509,All people aged 16 to 74 in employment,425,388,115,273,37,12,25
S01009509,A B D E. Agriculture energy and water,7,7,0,7,0,0,0
S01009509,C. Manufacturing,61,58,2,56,3,0,3
S01009509,F. Construction,33,26,4,22,7,1,6
S01009509,G I. Distribution hotels and restaurants,118,108,54,54,10,2,8
S01009509,H J. Transport and communication,25,21,5,16,4,2,2
S01009509,K L M N. Financial real estate professional and administrative activities,43,39,10,29,4,2,2
S01009509,O P Q. Public administration education and health,120,114,32,82,6,2,4
S01009509,R S T U. Other,18,15,8,7,3,3,0
S01009510,All people aged 16 to 74 in employment,333,304,77,227,29,6,23
S01009510,A B D E. Agriculture energy and water,7,7,0,7,0,0,0
S01009510,C. Manufacturing,23,23,1,22,0,0,0
S01009510,F. Construction,30,21,0,21,9,0,9
S01009510,G I. Distribution hotels and restaurants,59,53,30,23,6,3,3
S01009510,H J. Transport and communication,27,21,4,17,6,0,6
S01009510,K L M N. Financial real estate professional and administrative activities,41,36,7,29,5,1,4
S01009510,O P Q. Public administration education and health,131,128,31,97,3,2,1
S01009510,R S T U. Other,15,15,4,11,0,0,0
S01009511,All people aged 16 to 74 in employment,285,254,69,185,31,5,26
S01009511,A B D E. Agriculture energy and water,7,7,0,7,0,0,0
S01009511,C. Manufacturing,28,26,0,26,2,0,2
S01009511,F. Construction,26,14,0,14,12,2,10
S01009511,G I. Distribution hotels and restaurants,56,51,31,20,5,0,5
S01009511,H J. Transport and communication,13,12,0,12,1,0,1
S01009511,K L M N. Financial real estate professional and administrative activities,37,32,8,24,5,1,4
S01009511,O P Q. Public administration education and health,109,104,26,78,5,1,4
S01009511,R S T U. Other,9,8,4,4,1,1,0
S01009512,All people aged 16 to 74 in employment,398,368,108,260,30,9,21
S01009512,A B D E. Agriculture energy and water,7,6,0,6,1,1,0
S01009512,C. Manufacturing,47,47,4,43,0,0,0
S01009512,F. Construction,26,19,1,18,7,0,7
S01009512,G I. Distribution hotels and restaurants,74,73,37,36,1,1,0
S01009512,H J. Transport and communication,31,27,3,24,4,2,2
S01009512,K L M N. Financial real estate professional and administrative activities,58,51,8,43,7,1,6
S01009512,O P Q. Public administration education and health,141,136,51,85,5,1,4
S01009512,R S T U. Other,14,9,4,5,5,3,2
S01009513,All people aged 16 to 74 in employment,282,259,81,178,23,9,14
S01009513,A B D E. Agriculture energy and water,2,2,0,2,0,0,0
S01009513,C. Manufacturing,27,24,0,24,3,1,2
S01009513,F. Construction,17,12,0,12,5,0,5
S01009513,G I. Distribution hotels and restaurants,58,56,32,24,2,1,1
S01009513,H J. Transport and communication,17,13,1,12,4,0,4
S01009513,K L M N. Financial real estate professional and administrative activities,36,32,6,26,4,3,1
S01009513,O P Q. Public administration education and health,108,106,34,72,2,1,1
S01009513,R S T U. Other,17,14,8,6,3,3,0
S01009514,All people aged 16 to 74 in employment,404,374,101,273,30,8,22
S01009514,A B D E. Agriculture energy and water,9,7,0,7,2,0,2
S01009514,C. Manufacturing,36,33,4,29,3,2,1
S01009514,F. Construction,36,24,1,23,12,2,10
S01009514,G I. Distribution hotels and restaurants,82,79,41,38,3,0,3
S01009514,H J. Transport and communication,32,31,4,27,1,1,0
S01009514,K L M N. Financial real estate professional and administrative activities,60,54,12,42,6,2,4
S01009514,O P Q. Public administration education and health,138,136,34,102,2,0,2
S01009514,R S T U. Other,11,10,5,5,1,1,0
S01009515,All people aged 16 to 74 in employment,298,270,91,179,28,6,22
S01009515,A B D E. Agriculture energy and water,6,5,0,5,1,1,0
S01009515,C. Manufacturing,21,20,1,19,1,0,1
S01009515,F. Construction,36,24,0,24,12,1,11
S01009515,G I. Distribution hotels and restaurants,85,84,39,45,1,0,1
S01009515,H J. Transport and communication,21,15,3,12,6,1,5
S01009515,K L M N. Financial real estate professional and administrative activities,36,34,13,21,2,0,2
S01009515,O P Q. Public administration education and health,76,73,28,45,3,2,1
S01009515,R S T U. Other,17,15,7,8,2,1,1
S01009516,All people aged 16 to 74 in employment,356,321,105,216,35,8,27
S01009516,A B D E. Agriculture energy and water,7,7,0,7,0,0,0
S01009516,C. Manufacturing,37,33,1,32,4,1,3
S01009516,F. Construction,35,29,4,25,6,0,6
S01009516,G I. Distribution hotels and restaurants,104,91,51,40,13,3,10
S01009516,H J. Transport and communication,21,18,1,17,3,0,3
S01009516,K L M N. Financial real estate professional and administrative activities,41,39,10,29,2,0,2
S01009516,O P Q. Public administration education and health,94,91,33,58,3,1,2
S01009516,R S T U. Other,17,13,5,8,4,3,1
S01009517,All people aged 16 to 74 in employment,564,512,118,394,52,12,40
S01009517,A B D E. Agriculture energy and water,13,10,1,9,3,1,2
S01009517,C. Manufacturing,51,50,3,47,1,1,0
S01009517,F. Construction,46,34,2,32,12,2,10
S01009517,G I. Distribution hotels and restaurants,89,78,35,43,11,2,9
S01009517,H J. Transport and communication,51,47,6,41,4,1,3
S01009517,K L M N. Financial real estate professional and administrative activities,94,84,15,69,10,1,9
S01009517,O P Q. Public administration education and health,200,195,52,143,5,2,3
S01009517,R S T U. Other,20,14,4,10,6,2,4
S01009518,All people aged 16 to 74 in employment,568,510,116,394,58,11,47
S01009518,A B D E. Agriculture energy and water,14,14,0,14,0,0,0
S01009518,C. Manufacturing,45,45,1,44,0,0,0
S01009518,F. Construction,59,45,3,42,14,0,14
S01009518,G I. Distribution hotels and restaurants,101,87,34,53,14,1,13
S01009518,H J. Transport and communication,26,24,4,20,2,1,1
S01009518,K L M N. Financial real estate professional and administrative activities,98,87,21,66,11,3,8
S01009518,O P Q. Public administration education and health,204,197,52,145,7,1,6
S01009518,R S T U. Other,21,11,1,10,10,5,5
S01009519,All people aged 16 to 74 in employment,262,239,69,170,23,2,21
S01009519,A B D E. Agriculture energy and water,6,6,0,6,0,0,0
S01009519,C. Manufacturing,31,30,2,28,1,0,1
S01009519,F. Construction,23,19,2,17,4,0,4
S01009519,G I. Distribution hotels and restaurants,53,42,23,19,11,0,11
S01009519,H J. Transport and communication,16,12,4,8,4,1,3
S01009519,K L M N. Financial real estate professional and administrative activities,28,27,4,23,1,0,1
S01009519,O P Q. Public administration education and health,89,88,31,57,1,1,0
S01009519,R S T U. Other,16,15,3,12,1,0,1
S01009520,All people aged 16 to 74 in employment,431,388,110,278,43,13,30
S01009520,A B D E. Agriculture energy and water,13,12,0,12,1,0,1
S01009520,C. Manufacturing,49,45,2,43,4,0,4
S01009520,F. Construction,26,22,2,20,4,0,4
S01009520,G I. Distribution hotels and restaurants,107,91,43,48,16,4,12
S01009520,H J. Transport and communication,39,33,6,27,6,1,5
S01009520,K L M N. Financial real estate professional and administrative activities,54,49,16,33,5,4,1
S01009520,O P Q. Public administration education and health,127,124,36,88,3,1,2
S01009520,R S T U. Other,16,12,5,7,4,3,1
S01009521,All people aged 16 to 74 in employment,281,254,95,159,27,9,18
S01009521,A B D E. Agriculture energy and water,6,6,1,5,0,0,0
S01009521,C. Manufacturing,19,17,2,15,2,2,0
S01009521,F. Construction,27,18,2,16,9,1,8
S01009521,G I. Distribution hotels and restaurants,77,75,42,33,2,0,2
S01009521,H J. Transport and communication,25,17,6,11,8,3,5
S01009521,K L M N. Financial real estate professional and administrative activities,26,25,7,18,1,0,1
S01009521,O P Q. Public administration education and health,76,73,28,45,3,1,2
S01009521,R S T U. Other,25,23,7,16,2,2,0
S01009522,All people aged 16 to 74 in employment,416,374,123,251,42,19,23
S01009522,A B D E. Agriculture energy and water,11,11,0,11,0,0,0
S01009522,C. Manufacturing,50,49,5,44,1,0,1
S01009522,F. Construction,34,23,3,20,11,5,6
S01009522,G I. Distribution hotels and restaurants,114,107,63,44,7,2,5
S01009522,H J. Transport and communication,25,21,5,16,4,1,3
S01009522,K L M N. Financial real estate professional and administrative activities,47,39,12,27,8,6,2
S01009522,O P Q. Public administration education and health,108,104,30,74,4,2,2
S01009522,R S T U. Other,27,20,5,15,7,3,4
S01009523,All people aged 16 to 74 in employment,214,204,57,147,10,4,6
S01009523,A B D E. Agriculture energy and water,2,2,0,2,0,0,0
S01009523,C. Manufacturing,29,27,0,27,2,0,2
S01009523,F. Construction,21,20,0,20,1,0,1
S01009523,G I. Distribution hotels and restaurants,47,47,21,26,0,0,0
S01009523,H J. Transport and communication,13,13,3,10,0,0,0
S01009523,K L M N. Financial real estate professional and administrative activities,23,19,5,14,4,1,3
S01009523,O P Q. Public administration education and health,68,66,26,40,2,2,0
S01009523,R S T U. Other,11,10,2,8,1,1,0
S01009524,All people aged 16 to 74 in employment,266,245,59,186,21,3,18
S01009524,A B D E. Agriculture energy and water,4,4,2,2,0,0,0
S01009524,C. Manufacturing,34,33,2,31,1,0,1
S01009524,F. Construction,17,14,2,12,3,0,3
S01009524,G I. Distribution hotels and restaurants,59,53,21,32,6,1,5
S01009524,H J. Transport and communication,21,17,2,15,4,0,4
S01009524,K L M N. Financial real estate professional and administrative activities,36,33,7,26,3,1,2
S01009524,O P Q. Public administration education and health,86,83,22,61,3,1,2
S01009524,R S T U. Other,9,8,1,7,1,0,1
S01009525,All people aged 16 to 74 in employment,224,208,59,149,16,6,10
S01009525,A B D E. Agriculture energy and water,8,8,0,8,0,0,0
S01009525,C. Manufacturing,25,23,2,21,2,1,1
S01009525,F. Construction,15,12,1,11,3,0,3
S01009525,G I. Distribution hotels and restaurants,54,51,21,30,3,1,2
S01009525,H J. Transport and communication,22,22,4,18,0,0,0
S01009525,K L M N. Financial real estate professional and administrative activities,16,14,2,12,2,1,1
S01009525,O P Q. Public administration education and health,72,68,26,42,4,2,2
S01009525,R S T U. Other,12,10,3,7,2,1,1
S01009526,All people aged 16 to 74 in employment,402,359,62,297,43,13,30
S01009526,A B D E. Agriculture energy and water,10,10,0,10,0,0,0
S01009526,C. Manufacturing,45,43,4,39,2,0,2
S01009526,F. Construction,26,18,0,18,8,1,7
S01009526,G I. Distribution hotels and restaurants,77,72,18,54,5,2,3
S01009526,H J. Transport and communication,29,22,3,19,7,0,7
S01009526,K L M N. Financial real estate professional and administrative activities,59,52,3,49,7,3,4
S01009526,O P Q. Public administration education and health,129,118,27,91,11,5,6
S01009526,R S T U. Other,27,24,7,17,3,2,1
S01009527,All people aged 16 to 74 in employment,314,291,65,226,23,7,16
S01009527,A B D E. Agriculture energy and water,10,10,0,10,0,0,0
S01009527,C. Manufacturing,33,31,2,29,2,0,2
S01009527,F. Construction,30,19,3,16,11,1,10
S01009527,G I. Distribution hotels and restaurants,73,69,30,39,4,2,2
S01009527,H J. Transport and communication,23,21,5,16,2,1,1
S01009527,K L M N. Financial real estate professional and administrative activities,29,28,4,24,1,0,1
S01009527,O P Q. Public administration education and health,106,103,16,87,3,3,0
S01009527,R S T U. Other,10,10,5,5,0,0,0
S01009528,All people aged 16 to 74 in employment,185,168,37,131,17,7,10
S01009528,A B D E. Agriculture energy and water,4,4,0,4,0,0,0
S01009528,C. Manufacturing,29,29,2,27,0,0,0
S01009528,F. Construction,10,7,0,7,3,1,2
S01009528,G I. Distribution hotels and restaurants,30,24,9,15,6,2,4
S01009528,H J. Transport and communication,7,4,1,3,3,1,2
S01009528,K L M N. Financial real estate professional and administrative activities,39,35,5,30,4,2,2
S01009528,O P Q. Public administration education and health,53,53,19,34,0,0,0
S01009528,R S T U. Other,13,12,1,11,1,1,0
S01009529,All people aged 16 to 74 in employment,265,227,59,168,38,12,26
S01009529,A B D E. Agriculture energy and water,10,10,0,10,0,0,0
S01009529,C. Manufacturing,29,29,0,29,0,0,0
S01009529,F. Construction,25,18,2,16,7,0,7
S01009529,G I. Distribution hotels and restaurants,42,36,20,16,6,0,6
S01009529,H J. Transport and communication,11,10,2,8,1,1,0
S01009529,K L M N. Financial real estate professional and administrative activities,37,29,7,22,8,3,5
S01009529,O P Q. Public administration education and health,95,84,22,62,11,4,7
S01009529,R S T U. Other,16,11,6,5,5,4,1
S01009530,All people aged 16 to 74 in employment,298,261,86,175,37,7,30
S01009530,A B D E. Agriculture energy and water,10,8,2,6,2,1,1
S01009530,C. Manufacturing,33,31,2,29,2,0,2
S01009530,F. Construction,15,9,0,9,6,1,5
S01009530,G I. Distribution hotels and restaurants,39,32,15,17,7,0,7
S01009530,H J. Transport and communication,24,23,2,21,1,0,1
S01009530,K L M N. Financial real estate professional and administrative activities,49,38,15,23,11,1,10
S01009530,O P Q. Public administration education and health,111,108,45,63,3,0,3
S01009530,R S T U. Other,17,12,5,7,5,4,1
S01009531,All people aged 16 to 74 in employment,311,293,87,206,18,6,12
S01009531,A B D E. Agriculture energy and water,11,11,0,11,0,0,0
S01009531,C. Manufacturing,42,41,6,35,1,0,1
S01009531,F. Construction,38,32,1,31,6,2,4
S01009531,G I. Distribution hotels and restaurants,76,71,35,36,5,2,3
S01009531,H J. Transport and communication,23,22,5,17,1,1,0
S01009531,K L M N. Financial real estate professional and administrative activities,31,28,9,19,3,0,3
S01009531,O P Q. Public administration education and health,79,78,27,51,1,1,0
S01009531,R S T U. Other,11,10,4,6,1,0,1
S01009532,All people aged 16 to 74 in employment,274,257,72,185,17,3,14
S01009532,A B D E. Agriculture energy and water,6,5,0,5,1,0,1
S01009532,C. Manufacturing,37,36,0,36,1,1,0
S01009532,F. Construction,22,17,1,16,5,0,5
S01009532,G I. Distribution hotels and restaurants,69,66,30,36,3,0,3
S01009532,H J. Transport and communication,23,21,3,18,2,1,1
S01009532,K L M N. Financial real estate professional and administrative activities,29,28,7,21,1,0,1
S01009532,O P Q. Public administration education and health,74,71,23,48,3,1,2
S01009532,R S T U. Other,14,13,8,5,1,0,1
S01009533,All people aged 16 to 74 in employment,354,324,93,231,30,12,18
S01009533,A B D E. Agriculture energy and water,8,7,1,6,1,0,1
S01009533,C. Manufacturing,45,43,3,40,2,1,1
S01009533,F. Construction,25,21,4,17,4,0,4
S01009533,G I. Distribution hotels and restaurants,88,84,38,46,4,0,4
S01009533,H J. Transport and communication,25,20,4,16,5,1,4
S01009533,K L M N. Financial real estate professional and administrative activities,27,24,6,18,3,1,2
S01009533,O P Q. Public administration education and health,108,102,28,74,6,6,0
S01009533,R S T U. Other,28,23,9,14,5,3,2
S01009534,All people aged 16 to 74 in employment,286,253,81,172,33,13,20
S01009534,A B D E. Agriculture energy and water,3,3,0,3,0,0,0
S01009534,C. Manufacturing,24,22,3,19,2,0,2
S01009534,F. Construction,25,17,3,14,8,1,7
S01009534,G I. Distribution hotels and restaurants,87,79,30,49,8,3,5
S01009534,H J. Transport and communication,19,15,2,13,4,1,3
S01009534,K L M N. Financial real estate professional and administrative activities,38,31,13,18,7,7,0
S01009534,O P Q. Public administration education and health,73,70,22,48,3,0,3
S01009534,R S T U. Other,17,16,8,8,1,1,0
S01009535,All people aged 16 to 74 in employment,236,218,79,139,18,8,10
S01009535,A B D E. Agriculture energy and water,3,3,0,3,0,0,0
S01009535,C. Manufacturing,26,26,2,24,0,0,0
S01009535,F. Construction,22,16,4,12,6,1,5
S01009535,G I. Distribution hotels and restaurants,73,70,38,32,3,1,2
S01009535,H J. Transport and communication,14,12,5,7,2,1,1
S01009535,K L M N. Financial real estate professional and administrative activities,25,23,10,13,2,1,1
S01009535,O P Q. Public administration education and health,59,55,16,39,4,3,1
S01009535,R S T U. Other,14,13,4,9,1,1,0
S01009536,All people aged 16 to 74 in employment,223,203,68,135,20,7,13
S01009536,A B D E. Agriculture energy and water,8,6,0,6,2,0,2
S01009536,C. Manufacturing,24,22,0,22,2,0,2
S01009536,F. Construction,27,20,2,18,7,3,4
S01009536,G I. Distribution hotels and restaurants,52,49,23,26,3,1,2
S01009536,H J. Transport and communication,15,14,5,9,1,0,1
S01009536,K L M N. Financial real estate professional and administrative activities,14,13,7,6,1,0,1
S01009536,O P Q. Public administration education and health,69,66,28,38,3,2,1
S01009536,R S T U. Other,14,13,3,10,1,1,0
S01009537,All people aged 16 to 74 in employment,216,197,49,148,19,3,16
S01009537,A B D E. Agriculture energy and water,4,4,1,3,0,0,0
S01009537,C. Manufacturing,20,18,1,17,2,0,2
S01009537,F. Construction,17,14,0,14,3,0,3
S01009537,G I. Distribution hotels and restaurants,44,43,15,28,1,0,1
S01009537,H J. Transport and communication,12,9,1,8,3,0,3
S01009537,K L M N. Financial real estate professional and administrative activities,24,20,4,16,4,3,1
S01009537,O P Q. Public administration education and health,79,75,25,50,4,0,4
S01009537,R S T U. Other,16,14,2,12,2,0,2
S01009538,All people aged 16 to 74 in employment,327,289,78,211,38,7,31
S01009538,A B D E. Agriculture energy and water,7,7,0,7,0,0,0
S01009538,C. Manufacturing,31,29,0,29,2,1,1
S01009538,F. Construction,23,16,0,16,7,0,7
S01009538,G I. Distribution hotels and restaurants,66,54,18,36,12,1,11
S01009538,H J. Transport and communication,23,20,5,15,3,1,2
S01009538,K L M N. Financial real estate professional and administrative activities,34,31,8,23,3,1,2
S01009538,O P Q. Public administration education and health,126,119,43,76,7,2,5
S01009538,R S T U. Other,17,13,4,9,4,1,3
S01009539,All people aged 16 to 74 in employment,414,379,113,266,35,10,25
S01009539,A B D E. Agriculture energy and water,7,7,0,7,0,0,0
S01009539,C. Manufacturing,40,39,4,35,1,0,1
S01009539,F. Construction,47,36,4,32,11,2,9
S01009539,G I. Distribution hotels and restaurants,87,83,38,45,4,0,4
S01009539,H J. Transport and communication,31,23,5,18,8,4,4
S01009539,K L M N. Financial real estate professional and administrative activities,53,46,7,39,7,0,7
S01009539,O P Q. Public administration education and health,125,123,45,78,2,2,0
S01009539,R S T U. Other,24,22,10,12,2,2,0
S01009540,All people aged 16 to 74 in employment,374,350,100,250,24,6,18
S01009540,A B D E. Agriculture energy and water,10,9,1,8,1,1,0
S01009540,C. Manufacturing,50,48,3,45,2,0,2
S01009540,F. Construction,41,28,1,27,13,1,12
S01009540,G I. Distribution hotels and restaurants,83,82,43,39,1,0,1
S01009540,H J. Transport and communication,23,22,3,19,1,0,1
S01009540,K L M N. Financial real estate professional and administrative activities,29,28,5,23,1,1,0
S01009540,O P Q. Public administration education and health,112,110,38,72,2,2,0
S01009540,R S T U. Other,26,23,6,17,3,1,2
S01009541,All people aged 16 to 74 in employment,386,337,75,262,49,15,34
S01009541,A B D E. Agriculture energy and water,23,15,1,14,8,0,8
S01009541,C. Manufacturing,52,45,5,40,7,1,6
S01009541,F. Construction,39,27,1,26,12,3,9
S01009541,G I. Distribution hotels and restaurants,65,61,20,41,4,1,3
S01009541,H J. Transport and communication,22,22,2,20,0,0,0
S01009541,K L M N. Financial real estate professional and administrative activities,32,26,3,23,6,1,5
S01009541,O P Q. Public administration education and health,133,129,37,92,4,3,1
S01009541,R S T U. Other,20,12,6,6,8,6,2
S01009542,All people aged 16 to 74 in employment,298,269,93,176,29,6,23
S01009542,A B D E. Agriculture energy and water,9,8,0,8,1,1,0
S01009542,C. Manufacturing,26,26,3,23,0,0,0
S01009542,F. Construction,26,19,2,17,7,0,7
S01009542,G I. Distribution hotels and restaurants,80,71,36,35,9,0,9
S01009542,H J. Transport and communication,19,18,3,15,1,1,0
S01009542,K L M N. Financial real estate professional and administrative activities,41,39,10,29,2,0,2
S01009542,O P Q. Public administration education and health,82,77,36,41,5,2,3
S01009542,R S T U. Other,15,11,3,8,4,2,2
S01009543,All people aged 16 to 74 in employment,236,201,61,140,35,10,25
S01009543,A B D E. Agriculture energy and water,2,2,0,2,0,0,0
S01009543,C. Manufacturing,35,31,2,29,4,0,4
S01009543,F. Construction,23,18,0,18,5,1,4
S01009543,G I. Distribution hotels and restaurants,45,37,21,16,8,1,7
S01009543,H J. Transport and communication,14,11,2,9,3,0,3
S01009543,K L M N. Financial real estate professional and administrative activities,27,22,4,18,5,3,2
S01009543,O P Q. Public administration education and health,79,74,30,44,5,3,2
S01009543,R S T U. Other,11,6,2,4,5,2,3
S01009544,All people aged 16 to 74 in employment,412,365,98,267,47,12,35
S01009544,A B D E. Agriculture energy and water,15,8,1,7,7,3,4
S01009544,C. Manufacturing,55,54,2,52,1,1,0
S01009544,F. Construction,24,15,0,15,9,2,7
S01009544,G I. Distribution hotels and restaurants,74,65,33,32,9,1,8
S01009544,H J. Transport and communication,35,32,4,28,3,0,3
S01009544,K L M N. Financial real estate professional and administrative activities,42,33,6,27,9,3,6
S01009544,O P Q. Public administration education and health,144,141,47,94,3,1,2
S01009544,R S T U. Other,23,17,5,12,6,1,5
S01009545,All people aged 16 to 74 in employment,353,303,72,231,50,15,35
S01009545,A B D E. Agriculture energy and water,34,23,2,21,11,4,7
S01009545,C. Manufacturing,51,49,2,47,2,0,2
S01009545,F. Construction,29,17,2,15,12,2,10
S01009545,G I. Distribution hotels and restaurants,62,56,21,35,6,1,5
S01009545,H J. Transport and communication,29,26,2,24,3,1,2
S01009545,K L M N. Financial real estate professional and administrative activities,31,24,3,21,7,3,4
S01009545,O P Q. Public administration education and health,95,90,34,56,5,1,4
S01009545,R S T U. Other,22,18,6,12,4,3,1
S01009546,All people aged 16 to 74 in employment,512,469,112,357,43,12,31
S01009546,A B D E. Agriculture energy and water,28,27,1,26,1,0,1
S01009546,C. Manufacturing,70,67,6,61,3,0,3
S01009546,F. Construction,50,38,3,35,12,1,11
S01009546,G I. Distribution hotels and restaurants,75,70,31,39,5,0,5
S01009546,H J. Transport and communication,42,39,6,33,3,0,3
S01009546,K L M N. Financial real estate professional and administrative activities,56,50,13,37,6,3,3
S01009546,O P Q. Public administration education and health,159,152,43,109,7,4,3
S01009546,R S T U. Other,32,26,9,17,6,4,2
S01009547,All people aged 16 to 74 in employment,352,308,94,214,44,9,35
S01009547,A B D E. Agriculture energy and water,34,29,2,27,5,0,5
S01009547,C. Manufacturing,34,32,2,30,2,0,2
S01009547,F. Construction,29,24,1,23,5,1,4
S01009547,G I. Distribution hotels and restaurants,95,81,37,44,14,4,10
S01009547,H J. Transport and communication,19,15,2,13,4,0,4
S01009547,K L M N. Financial real estate professional and administrative activities,30,27,7,20,3,1,2
S01009547,O P Q. Public administration education and health,96,91,40,51,5,2,3
S01009547,R S T U. Other,15,9,3,6,6,1,5
S01009548,All people aged 16 to 74 in employment,317,290,81,209,27,5,22
S01009548,A B D E. Agriculture energy and water,10,9,4,5,1,0,1
S01009548,C. Manufacturing,54,50,3,47,4,1,3
S01009548,F. Construction,31,22,2,20,9,3,6
S01009548,G I. Distribution hotels and restaurants,67,61,31,30,6,0,6
S01009548,H J. Transport and communication,21,20,5,15,1,0,1
S01009548,K L M N. Financial real estate professional and administrative activities,23,22,4,18,1,0,1
S01009548,O P Q. Public administration education and health,95,93,26,67,2,1,1
S01009548,R S T U. Other,16,13,6,7,3,0,3
S01009549,All people aged 16 to 74 in employment,392,349,105,244,43,8,35
S01009549,A B D E. Agriculture energy and water,17,14,1,13,3,1,2
S01009549,C. Manufacturing,52,49,7,42,3,0,3
S01009549,F. Construction,43,33,3,30,10,0,10
S01009549,G I. Distribution hotels and restaurants,95,90,49,41,5,0,5
S01009549,H J. Transport and communication,21,15,1,14,6,3,3
S01009549,K L M N. Financial real estate professional and administrative activities,46,39,10,29,7,2,5
S01009549,O P Q. Public administration education and health,102,96,26,70,6,2,4
S01009549,R S T U. Other,16,13,8,5,3,0,3
S01009550,All people aged 16 to 74 in employment,254,236,69,167,18,8,10
S01009550,A B D E. Agriculture energy and water,9,9,2,7,0,0,0
S01009550,C. Manufacturing,55,54,5,49,1,0,1
S01009550,F. Construction,16,11,0,11,5,2,3
S01009550,G I. Distribution hotels and restaurants,42,39,19,20,3,1,2
S01009550,H J. Transport and communication,9,9,1,8,0,0,0
S01009550,K L M N. Financial real estate professional and administrative activities,24,21,5,16,3,2,1
S01009550,O P Q. Public administration education and health,89,85,33,52,4,3,1
S01009550,R S T U. Other,10,8,4,4,2,0,2
S01009551,All people aged 16 to 74 in employment,239,224,61,163,15,1,14
S01009551,A B D E. Agriculture energy and water,4,4,0,4,0,0,0
S01009551,C. Manufacturing,43,42,3,39,1,0,1
S01009551,F. Construction,14,10,1,9,4,0,4
S01009551,G I. Distribution hotels and restaurants,58,56,28,28,2,0,2
S01009551,H J. Transport and communication,21,18,4,14,3,0,3
S01009551,K L M N. Financial real estate professional and administrative activities,23,22,7,15,1,0,1
S01009551,O P Q. Public administration education and health,63,63,15,48,0,0,0
S01009551,R S T U. Other,13,9,3,6,4,1,3
S01009552,All people aged 16 to 74 in employment,432,379,112,267,53,18,35
S01009552,A B D E. Agriculture energy and water,19,16,0,16,3,0,3
S01009552,C. Manufacturing,78,72,3,69,6,1,5
S01009552,F. Construction,44,30,3,27,14,3,11
S01009552,G I. Distribution hotels and restaurants,92,79,45,34,13,3,10
S01009552,H J. Transport and communication,28,25,3,22,3,2,1
S01009552,K L M N. Financial real estate professional and administrative activities,37,30,7,23,7,4,3
S01009552,O P Q. Public administration education and health,111,107,46,61,4,3,1
S01009552,R S T U. Other,23,20,5,15,3,2,1
S01009553,All people aged 16 to 74 in employment,346,317,101,216,29,5,24
S01009553,A B D E. Agriculture energy and water,12,11,1,10,1,0,1
S01009553,C. Manufacturing,59,56,6,50,3,0,3
S01009553,F. Construction,48,37,1,36,11,1,10
S01009553,G I. Distribution hotels and restaurants,69,65,35,30,4,1,3
S01009553,H J. Transport and communication,12,12,5,7,0,0,0
S01009553,K L M N. Financial real estate professional and administrative activities,35,32,12,20,3,0,3
S01009553,O P Q. Public administration education and health,86,84,32,52,2,0,2
S01009553,R S T U. Other,25,20,9,11,5,3,2
S01009554,All people aged 16 to 74 in employment,294,247,81,166,47,10,37
S01009554,A B D E. Agriculture energy and water,21,9,1,8,12,2,10
S01009554,C. Manufacturing,44,43,3,40,1,0,1
S01009554,F. Construction,26,15,1,14,11,2,9
S01009554,G I. Distribution hotels and restaurants,61,49,28,21,12,4,8
S01009554,H J. Transport and communication,17,16,5,11,1,0,1
S01009554,K L M N. Financial real estate professional and administrative activities,28,25,8,17,3,0,3
S01009554,O P Q. Public administration education and health,81,78,29,49,3,1,2
S01009554,R S T U. Other,16,12,6,6,4,1,3
S01009555,All people aged 16 to 74 in employment,369,314,88,226,55,17,38
S01009555,A B D E. Agriculture energy and water,6,6,1,5,0,0,0
S01009555,C. Manufacturing,48,45,1,44,3,2,1
S01009555,F. Construction,36,22,3,19,14,1,13
S01009555,G I. Distribution hotels and restaurants,72,59,34,25,13,5,8
S01009555,H J. Transport and communication,28,23,1,22,5,0,5
S01009555,K L M N. Financial real estate professional and administrative activities,39,29,8,21,10,3,7
S01009555,O P Q. Public administration education and health,118,113,33,80,5,2,3
S01009555,R S T U. Other,22,17,7,10,5,4,1
S01009556,All people aged 16 to 74 in employment,361,341,92,249,20,5,15
S01009556,A B D E. Agriculture energy and water,11,10,0,10,1,0,1
S01009556,C. Manufacturing,61,60,4,56,1,0,1
S01009556,F. Construction,27,22,1,21,5,1,4
S01009556,G I. Distribution hotels and restaurants,85,81,35,46,4,1,3
S01009556,H J. Transport and communication,22,18,3,15,4,1,3
S01009556,K L M N. Financial real estate professional and administrative activities,37,37,12,25,0,0,0
S01009556,O P Q. Public administration education and health,94,91,30,61,3,0,3
S01009556,R S T U. Other,24,22,7,15,2,2,0
S01009557,All people aged 16 to 74 in employment,262,244,74,170,18,0,18
S01009557,A B D E. Agriculture energy and water,12,11,1,10,1,0,1
S01009557,C. Manufacturing,45,44,4,40,1,0,1
S01009557,F. Construction,17,12,2,10,5,0,5
S01009557,G I. Distribution hotels and restaurants,58,55,27,28,3,0,3
S01009557,H J. Transport and communication,20,19,2,17,1,0,1
S01009557,K L M N. Financial real estate professional and administrative activities,21,19,6,13,2,0,2
S01009557,O P Q. Public administration education and health,74,69,28,41,5,0,5
S01009557,R S T U. Other,15,15,4,11,0,0,0
S01009558,All people aged 16 to 74 in employment,252,237,69,168,15,4,11
S01009558,A B D E. Agriculture energy and water,7,7,2,5,0,0,0
S01009558,C. Manufacturing,48,48,2,46,0,0,0
S01009558,F. Construction,17,14,1,13,3,0,3
S01009558,G I. Distribution hotels and restaurants,61,56,32,24,5,2,3
S01009558,H J. Transport and communication,20,17,3,14,3,0,3
S01009558,K L M N. Financial real estate professional and administrative activities,26,24,9,15,2,1,1
S01009558,O P Q. Public administration education and health,61,59,17,42,2,1,1
S01009558,R S T U. Other,12,12,3,9,0,0,0
S01009559,All people aged 16 to 74 in employment,360,338,95,243,22,5,17
S01009559,A B D E. Agriculture energy and water,8,8,0,8,0,0,0
S01009559,C. Manufacturing,59,59,2,57,0,0,0
S01009559,F. Construction,29,24,2,22,5,0,5
S01009559,G I. Distribution hotels and restaurants,93,90,39,51,3,0,3
S01009559,H J. Transport and communication,24,21,4,17,3,0,3
S01009559,K L M N. Financial real estate professional and administrative activities,37,34,11,23,3,1,2
S01009559,O P Q. Public administration education and health,80,77,31,46,3,0,3
S01009559,R S T U. Other,30,25,6,19,5,4,1
S01009560,All people aged 16 to 74 in employment,294,274,73,201,20,10,10
S01009560,A B D E. Agriculture energy and water,3,3,0,3,0,0,0
S01009560,C. Manufacturing,47,42,4,38,5,3,2
S01009560,F. Construction,28,23,2,21,5,1,4
S01009560,G I. Distribution hotels and restaurants,68,66,33,33,2,2,0
S01009560,H J. Transport and communication,19,16,3,13,3,1,2
S01009560,K L M N. Financial real estate professional and administrative activities,29,25,7,18,4,2,2
S01009560,O P Q. Public administration education and health,89,89,22,67,0,0,0
S01009560,R S T U. Other,11,10,2,8,1,1,0
S01009561,All people aged 16 to 74 in employment,211,195,63,132,16,4,12
S01009561,A B D E. Agriculture energy and water,4,4,2,2,0,0,0
S01009561,C. Manufacturing,36,35,4,31,1,0,1
S01009561,F. Construction,14,10,0,10,4,1,3
S01009561,G I. Distribution hotels and restaurants,64,59,27,32,5,0,5
S01009561,H J. Transport and communication,10,8,2,6,2,0,2
S01009561,K L M N. Financial real estate professional and administrative activities,16,14,5,9,2,1,1
S01009561,O P Q. Public administration education and health,55,54,20,34,1,1,0
S01009561,R S T U. Other,12,11,3,8,1,1,0
S01009562,All people aged 16 to 74 in employment,332,314,81,233,18,7,11
S01009562,A B D E. Agriculture energy and water,6,6,0,6,0,0,0
S01009562,C. Manufacturing,55,55,0,55,0,0,0
S01009562,F. Construction,35,29,0,29,6,1,5
S01009562,G I. Distribution hotels and restaurants,62,60,33,27,2,2,0
S01009562,H J. Transport and communication,18,16,2,14,2,0,2
S01009562,K L M N. Financial real estate professional and administrative activities,41,38,9,29,3,2,1
S01009562,O P Q. Public administration education and health,106,103,36,67,3,2,1
S01009562,R S T U. Other,9,7,1,6,2,0,2
S01009563,All people aged 16 to 74 in employment,315,293,82,211,22,5,17
S01009563,A B D E. Agriculture energy and water,11,11,2,9,0,0,0
S01009563,C. Manufacturing,59,57,3,54,2,1,1
S01009563,F. Construction,27,19,1,18,8,0,8
S01009563,G I. Distribution hotels and restaurants,49,49,23,26,0,0,0
S01009563,H J. Transport and communication,19,16,3,13,3,1,2
S01009563,K L M N. Financial real estate professional and administrative activities,35,32,13,19,3,0,3
S01009563,O P Q. Public administration education and health,100,96,31,65,4,3,1
S01009563,R S T U. Other,15,13,6,7,2,0,2
S01009564,All people aged 16 to 74 in employment,278,259,69,190,19,4,15
S01009564,A B D E. Agriculture energy and water,8,8,0,8,0,0,0
S01009564,C. Manufacturing,36,35,1,34,1,0,1
S01009564,F. Construction,27,21,0,21,6,0,6
S01009564,G I. Distribution hotels and restaurants,48,47,29,18,1,0,1
S01009564,H J. Transport and communication,20,18,4,14,2,2,0
S01009564,K L M N. Financial real estate professional and administrative activities,32,29,9,20,3,1,2
S01009564,O P Q. Public administration education and health,97,94,23,71,3,1,2
S01009564,R S T U. Other,10,7,3,4,3,0,3
S01009565,All people aged 16 to 74 in employment,225,213,67,146,12,5,7
S01009565,A B D E. Agriculture energy and water,4,4,1,3,0,0,0
S01009565,C. Manufacturing,32,32,3,29,0,0,0
S01009565,F. Construction,15,12,0,12,3,0,3
S01009565,G I. Distribution hotels and restaurants,56,52,26,26,4,3,1
S01009565,H J. Transport and communication,14,12,2,10,2,0,2
S01009565,K L M N. Financial real estate professional and administrative activities,22,20,6,14,2,1,1
S01009565,O P Q. Public administration education and health,67,66,27,39,1,1,0
S01009565,R S T U. Other,15,15,2,13,0,0,0
S01009566,All people aged 16 to 74 in employment,529,491,121,370,38,6,32
S01009566,A B D E. Agriculture energy and water,12,12,1,11,0,0,0
S01009566,C. Manufacturing,99,96,6,90,3,0,3
S01009566,F. Construction,55,39,3,36,16,0,16
S01009566,G I. Distribution hotels and restaurants,116,110,56,54,6,1,5
S01009566,H J. Transport and communication,21,21,6,15,0,0,0
S01009566,K L M N. Financial real estate professional and administrative activities,52,47,9,38,5,1,4
S01009566,O P Q. Public administration education and health,133,129,29,100,4,1,3
S01009566,R S T U. Other,41,37,11,26,4,3,1
S01009567,All people aged 16 to 74 in employment,399,372,85,287,27,14,13
S01009567,A B D E. Agriculture energy and water,14,14,0,14,0,0,0
S01009567,C. Manufacturing,78,76,7,69,2,1,1
S01009567,F. Construction,33,24,0,24,9,3,6
S01009567,G I. Distribution hotels and restaurants,79,76,32,44,3,1,2
S01009567,H J. Transport and communication,21,18,4,14,3,2,1
S01009567,K L M N. Financial real estate professional and administrative activities,34,30,4,26,4,3,1
S01009567,O P Q. Public administration education and health,126,123,36,87,3,1,2
S01009567,R S T U. Other,14,11,2,9,3,3,0
S01009568,All people aged 16 to 74 in employment,305,276,76,200,29,10,19
S01009568,A B D E. Agriculture energy and water,5,4,1,3,1,0,1
S01009568,C. Manufacturing,60,58,4,54,2,0,2
S01009568,F. Construction,31,22,2,20,9,2,7
S01009568,G I. Distribution hotels and restaurants,67,61,31,30,6,1,5
S01009568,H J. Transport and communication,15,14,0,14,1,0,1
S01009568,K L M N. Financial real estate professional and administrative activities,26,22,5,17,4,2,2
S01009568,O P Q. Public administration education and health,91,87,32,55,4,3,1
S01009568,R S T U. Other,10,8,1,7,2,2,0
S01009569,All people aged 16 to 74 in employment,361,346,105,241,15,7,8
S01009569,A B D E. Agriculture energy and water,10,9,0,9,1,0,1
S01009569,C. Manufacturing,48,48,3,45,0,0,0
S01009569,F. Construction,24,16,2,14,8,3,5
S01009569,G I. Distribution hotels and restaurants,86,85,38,47,1,1,0
S01009569,H J. Transport and communication,28,26,3,23,2,1,1
S01009569,K L M N. Financial real estate professional and administrative activities,31,30,10,20,1,1,0
S01009569,O P Q. Public administration education and health,115,113,42,71,2,1,1
S01009569,R S T U. Other,19,19,7,12,0,0,0
S01009570,All people aged 16 to 74 in employment,237,216,53,163,21,8,13
S01009570,A B D E. Agriculture energy and water,9,9,0,9,0,0,0
S01009570,C. Manufacturing,45,45,4,41,0,0,0
S01009570,F. Construction,27,20,0,20,7,0,7
S01009570,G I. Distribution hotels and restaurants,52,49,22,27,3,1,2
S01009570,H J. Transport and communication,14,11,1,10,3,1,2
S01009570,K L M N. Financial real estate professional and administrative activities,19,16,6,10,3,2,1
S01009570,O P Q. Public administration education and health,59,57,18,39,2,2,0
S01009570,R S T U. Other,12,9,2,7,3,2,1
S01009571,All people aged 16 to 74 in employment,264,245,76,169,19,5,14
S01009571,A B D E. Agriculture energy and water,8,8,1,7,0,0,0
S01009571,C. Manufacturing,58,56,4,52,2,0,2
S01009571,F. Construction,17,14,1,13,3,0,3
S01009571,G I. Distribution hotels and restaurants,77,72,39,33,5,2,3
S01009571,H J. Transport and communication,10,10,1,9,0,0,0
S01009571,K L M N. Financial real estate professional and administrative activities,17,16,7,9,1,1,0
S01009571,O P Q. Public administration education and health,66,59,18,41,7,1,6
S01009571,R S T U. Other,11,10,5,5,1,1,0
S01009572,All people aged 16 to 74 in employment,413,379,103,276,34,11,23
S01009572,A B D E. Agriculture energy and water,8,8,2,6,0,0,0
S01009572,C. Manufacturing,78,76,5,71,2,1,1
S01009572,F. Construction,28,21,0,21,7,1,6
S01009572,G I. Distribution hotels and restaurants,110,98,45,53,12,3,9
S01009572,H J. Transport and communication,28,27,4,23,1,1,0
S01009572,K L M N. Financial real estate professional and administrative activities,50,45,15,30,5,1,4
S01009572,O P Q. Public administration education and health,83,80,26,54,3,2,1
S01009572,R S T U. Other,28,24,6,18,4,2,2
S01009573,All people aged 16 to 74 in employment,274,260,75,185,14,8,6
S01009573,A B D E. Agriculture energy and water,11,11,1,10,0,0,0
S01009573,C. Manufacturing,54,54,4,50,0,0,0
S01009573,F. Construction,25,21,1,20,4,2,2
S01009573,G I. Distribution hotels and restaurants,63,55,29,26,8,5,3
S01009573,H J. Transport and communication,15,15,2,13,0,0,0
S01009573,K L M N. Financial real estate professional and administrative activities,27,27,9,18,0,0,0
S01009573,O P Q. Public administration education and health,64,63,23,40,1,1,0
S01009573,R S T U. Other,15,14,6,8,1,0,1
S01009574,All people aged 16 to 74 in employment,441,405,120,285,36,12,24
S01009574,A B D E. Agriculture energy and water,13,12,2,10,1,0,1
S01009574,C. Manufacturing,73,71,8,63,2,0,2
S01009574,F. Construction,38,32,2,30,6,1,5
S01009574,G I. Distribution hotels and restaurants,99,90,43,47,9,6,3
S01009574,H J. Transport and communication,22,20,2,18,2,0,2
S01009574,K L M N. Financial real estate professional and administrative activities,51,46,13,33,5,1,4
S01009574,O P Q. Public administration education and health,125,115,39,76,10,4,6
S01009574,R S T U. Other,20,19,11,8,1,0,1
S01009575,All people aged 16 to 74 in employment,239,222,49,173,17,5,12
S01009575,A B D E. Agriculture energy and water,4,4,0,4,0,0,0
S01009575,C. Manufacturing,43,42,0,42,1,0,1
S01009575,F. Construction,18,11,1,10,7,0,7
S01009575,G I. Distribution hotels and restaurants,41,39,14,25,2,1,1
S01009575,H J. Transport and communication,18,17,3,14,1,1,0
S01009575,K L M N. Financial real estate professional and administrative activities,27,25,6,19,2,1,1
S01009575,O P Q. Public administration education and health,76,73,23,50,3,1,2
S01009575,R S T U. Other,12,11,2,9,1,1,0
S01009576,All people aged 16 to 74 in employment,288,257,53,204,31,10,21
S01009576,A B D E. Agriculture energy and water,11,11,1,10,0,0,0
S01009576,C. Manufacturing,38,34,2,32,4,1,3
S01009576,F. Construction,20,14,1,13,6,0,6
S01009576,G I. Distribution hotels and restaurants,48,43,16,27,5,1,4
S01009576,H J. Transport and communication,17,16,2,14,1,0,1
S01009576,K L M N. Financial real estate professional and administrative activities,33,27,3,24,6,3,3
S01009576,O P Q. Public administration education and health,105,99,24,75,6,3,3
S01009576,R S T U. Other,16,13,4,9,3,2,1
S01009577,All people aged 16 to 74 in employment,361,317,91,226,44,9,35
S01009577,A B D E. Agriculture energy and water,8,8,1,7,0,0,0
S01009577,C. Manufacturing,55,53,3,50,2,0,2
S01009577,F. Construction,26,18,0,18,8,0,8
S01009577,G I. Distribution hotels and restaurants,69,52,30,22,17,5,12
S01009577,H J. Transport and communication,20,17,3,14,3,0,3
S01009577,K L M N. Financial real estate professional and administrative activities,30,27,7,20,3,0,3
S01009577,O P Q. Public administration education and health,130,123,39,84,7,1,6
S01009577,R S T U. Other,23,19,8,11,4,3,1
S01009578,All people aged 16 to 74 in employment,374,346,82,264,28,11,17
S01009578,A B D E. Agriculture energy and water,10,10,0,10,0,0,0
S01009578,C. Manufacturing,68,67,3,64,1,1,0
S01009578,F. Construction,28,17,1,16,11,2,9
S01009578,G I. Distribution hotels and restaurants,67,65,39,26,2,2,0
S01009578,H J. Transport and communication,24,22,2,20,2,0,2
S01009578,K L M N. Financial real estate professional and administrative activities,40,37,7,30,3,2,1
S01009578,O P Q. Public administration education and health,103,100,22,78,3,1,2
S01009578,R S T U. Other,34,28,8,20,6,3,3
S01009579,All people aged 16 to 74 in employment,515,469,121,348,46,12,34
S01009579,A B D E. Agriculture energy and water,17,16,0,16,1,0,1
S01009579,C. Manufacturing,77,73,2,71,4,3,1
S01009579,F. Construction,41,32,6,26,9,2,7
S01009579,G I. Distribution hotels and restaurants,109,95,41,54,14,2,12
S01009579,H J. Transport and communication,36,31,7,24,5,0,5
S01009579,K L M N. Financial real estate professional and administrative activities,51,45,8,37,6,2,4
S01009579,O P Q. Public administration education and health,150,145,50,95,5,2,3
S01009579,R S T U. Other,34,32,7,25,2,1,1
S01009580,All people aged 16 to 74 in employment,551,495,139,356,56,16,40
S01009580,A B D E. Agriculture energy and water,13,10,0,10,3,2,1
S01009580,C. Manufacturing,93,91,7,84,2,1,1
S01009580,F. Construction,33,20,1,19,13,3,10
S01009580,G I. Distribution hotels and restaurants,95,83,41,42,12,1,11
S01009580,H J. Transport and communication,23,20,5,15,3,0,3
S01009580,K L M N. Financial real estate professional and administrative activities,54,48,9,39,6,1,5
S01009580,O P Q. Public administration education and health,209,195,64,131,14,7,7
S01009580,R S T U. Other,31,28,12,16,3,1,2
S01009581,All people aged 16 to 74 in employment,254,236,63,173,18,3,15
S01009581,A B D E. Agriculture energy and water,8,8,0,8,0,0,0
S01009581,C. Manufacturing,38,38,1,37,0,0,0
S01009581,F. Construction,26,18,0,18,8,0,8
S01009581,G I. Distribution hotels and restaurants,42,42,26,16,0,0,0
S01009581,H J. Transport and communication,19,17,3,14,2,1,1
S01009581,K L M N. Financial real estate professional and administrative activities,32,30,7,23,2,1,1
S01009581,O P Q. Public administration education and health,75,71,23,48,4,1,3
S01009581,R S T U. Other,14,12,3,9,2,0,2
S01009582,All people aged 16 to 74 in employment,254,231,64,167,23,11,12
S01009582,A B D E. Agriculture energy and water,6,5,1,4,1,0,1
S01009582,C. Manufacturing,42,42,1,41,0,0,0
S01009582,F. Construction,20,16,0,16,4,1,3
S01009582,G I. Distribution hotels and restaurants,50,46,15,31,4,2,2
S01009582,H J. Transport and communication,20,19,2,17,1,0,1
S01009582,K L M N. Financial real estate professional and administrative activities,30,23,7,16,7,5,2
S01009582,O P Q. Public administration education and health,69,67,31,36,2,1,1
S01009582,R S T U. Other,17,13,7,6,4,2,2
S01009583,All people aged 16 to 74 in employment,355,323,98,225,32,7,25
S01009583,A B D E. Agriculture energy and water,13,12,0,12,1,0,1
S01009583,C. Manufacturing,50,48,1,47,2,0,2
S01009583,F. Construction,28,19,2,17,9,0,9
S01009583,G I. Distribution hotels and restaurants,88,84,42,42,4,0,4
S01009583,H J. Transport and communication,26,23,2,21,3,1,2
S01009583,K L M N. Financial real estate professional and administrative activities,27,21,4,17,6,2,4
S01009583,O P Q. Public administration education and health,103,99,36,63,4,2,2
S01009583,R S T U. Other,20,17,11,6,3,2,1
S01009584,All people aged 16 to 74 in employment,240,200,50,150,40,7,33
S01009584,A B D E. Agriculture energy and water,7,6,0,6,1,0,1
S01009584,C. Manufacturing,27,24,1,23,3,1,2
S01009584,F. Construction,18,8,0,8,10,0,10
S01009584,G I. Distribution hotels and restaurants,50,43,16,27,7,1,6
S01009584,H J. Transport and communication,23,17,3,14,6,1,5
S01009584,K L M N. Financial real estate professional and administrative activities,20,17,5,12,3,0,3
S01009584,O P Q. Public administration education and health,80,71,19,52,9,4,5
S01009584,R S T U. Other,15,14,6,8,1,0,1
S01009585,All people aged 16 to 74 in employment,474,434,108,326,40,12,28
S01009585,A B D E. Agriculture energy and water,12,12,2,10,0,0,0
S01009585,C. Manufacturing,93,90,7,83,3,0,3
S01009585,F. Construction,27,17,0,17,10,1,9
S01009585,G I. Distribution hotels and restaurants,103,95,34,61,8,1,7
S01009585,H J. Transport and communication,28,21,3,18,7,3,4
S01009585,K L M N. Financial real estate professional and administrative activities,37,33,4,29,4,3,1
S01009585,O P Q. Public administration education and health,140,134,48,86,6,2,4
S01009585,R S T U. Other,34,32,10,22,2,2,0
S01009586,All people aged 16 to 74 in employment,262,240,63,177,22,5,17
S01009586,A B D E. Agriculture energy and water,15,15,0,15,0,0,0
S01009586,C. Manufacturing,42,41,4,37,1,0,1
S01009586,F. Construction,17,13,0,13,4,0,4
S01009586,G I. Distribution hotels and restaurants,53,49,26,23,4,2,2
S01009586,H J. Transport and communication,21,19,6,13,2,0,2
S01009586,K L M N. Financial real estate professional and administrative activities,21,16,1,15,5,2,3
S01009586,O P Q. Public administration education and health,76,72,21,51,4,1,3
S01009586,R S T U. Other,17,15,5,10,2,0,2
S01009587,All people aged 16 to 74 in employment,278,255,64,191,23,3,20
S01009587,A B D E. Agriculture energy and water,13,12,1,11,1,0,1
S01009587,C. Manufacturing,40,39,4,35,1,0,1
S01009587,F. Construction,30,25,3,22,5,0,5
S01009587,G I. Distribution hotels and restaurants,46,41,21,20,5,1,4
S01009587,H J. Transport and communication,17,15,0,15,2,0,2
S01009587,K L M N. Financial real estate professional and administrative activities,24,22,8,14,2,0,2
S01009587,O P Q. Public administration education and health,94,92,24,68,2,0,2
S01009587,R S T U. Other,14,9,3,6,5,2,3
S01009588,All people aged 16 to 74 in employment,451,422,130,292,29,6,23
S01009588,A B D E. Agriculture energy and water,7,5,0,5,2,0,2
S01009588,C. Manufacturing,95,92,7,85,3,0,3
S01009588,F. Construction,35,31,2,29,4,0,4
S01009588,G I. Distribution hotels and restaurants,95,88,44,44,7,2,5
S01009588,H J. Transport and communication,23,23,8,15,0,0,0
S01009588,K L M N. Financial real estate professional and administrative activities,29,26,3,23,3,0,3
S01009588,O P Q. Public administration education and health,144,137,56,81,7,3,4
S01009588,R S T U. Other,23,20,10,10,3,1,2
S01009589,All people aged 16 to 74 in employment,439,410,120,290,29,6,23
S01009589,A B D E. Agriculture energy and water,18,18,3,15,0,0,0
S01009589,C. Manufacturing,67,66,4,62,1,0,1
S01009589,F. Construction,49,41,4,37,8,1,7
S01009589,G I. Distribution hotels and restaurants,92,85,37,48,7,0,7
S01009589,H J. Transport and communication,30,28,3,25,2,1,1
S01009589,K L M N. Financial real estate professional and administrative activities,34,32,14,18,2,1,1
S01009589,O P Q. Public administration education and health,121,115,47,68,6,1,5
S01009589,R S T U. Other,28,25,8,17,3,2,1
S01009590,All people aged 16 to 74 in employment,365,327,81,246,38,9,29
S01009590,A B D E. Agriculture energy and water,2,2,0,2,0,0,0
S01009590,C. Manufacturing,55,51,3,48,4,0,4
S01009590,F. Construction,20,12,1,11,8,0,8
S01009590,G I. Distribution hotels and restaurants,57,51,23,28,6,2,4
S01009590,H J. Transport and communication,24,20,2,18,4,1,3
S01009590,K L M N. Financial real estate professional and administrative activities,31,27,4,23,4,1,3
S01009590,O P Q. Public administration education and health,152,147,42,105,5,1,4
S01009590,R S T U. Other,24,17,6,11,7,4,3
S01009591,All people aged 16 to 74 in employment,368,335,71,264,33,11,22
S01009591,A B D E. Agriculture energy and water,8,7,1,6,1,0,1
S01009591,C. Manufacturing,63,59,3,56,4,1,3
S01009591,F. Construction,24,17,2,15,7,3,4
S01009591,G I. Distribution hotels and restaurants,77,70,27,43,7,0,7
S01009591,H J. Transport and communication,20,17,0,17,3,2,1
S01009591,K L M N. Financial real estate professional and administrative activities,40,31,6,25,9,5,4
S01009591,O P Q. Public administration education and health,124,122,29,93,2,0,2
S01009591,R S T U. Other,12,12,3,9,0,0,0
S01009592,All people aged 16 to 74 in employment,263,228,55,173,35,7,28
S01009592,A B D E. Agriculture energy and water,8,8,1,7,0,0,0
S01009592,C. Manufacturing,40,37,3,34,3,0,3
S01009592,F. Construction,25,18,2,16,7,0,7
S01009592,G I. Distribution hotels and restaurants,45,37,19,18,8,2,6
S01009592,H J. Transport and communication,12,10,0,10,2,0,2
S01009592,K L M N. Financial real estate professional and administrative activities,38,30,8,22,8,3,5
S01009592,O P Q. Public administration education and health,82,79,19,60,3,1,2
S01009592,R S T U. Other,13,9,3,6,4,1,3
S01009593,All people aged 16 to 74 in employment,315,273,64,209,42,13,29
S01009593,A B D E. Agriculture energy and water,7,6,0,6,1,0,1
S01009593,C. Manufacturing,44,42,3,39,2,0,2
S01009593,F. Construction,29,22,2,20,7,2,5
S01009593,G I. Distribution hotels and restaurants,49,37,17,20,12,2,10
S01009593,H J. Transport and communication,21,20,2,18,1,1,0
S01009593,K L M N. Financial real estate professional and administrative activities,42,33,8,25,9,3,6
S01009593,O P Q. Public administration education and health,114,106,29,77,8,3,5
S01009593,R S T U. Other,9,7,3,4,2,2,0
S01009594,All people aged 16 to 74 in employment,374,341,91,250,33,10,23
S01009594,A B D E. Agriculture energy and water,14,14,1,13,0,0,0
S01009594,C. Manufacturing,65,64,7,57,1,0,1
S01009594,F. Construction,27,19,2,17,8,1,7
S01009594,G I. Distribution hotels and restaurants,50,47,24,23,3,2,1
S01009594,H J. Transport and communication,17,15,2,13,2,1,1
S01009594,K L M N. Financial real estate professional and administrative activities,37,29,8,21,8,2,6
S01009594,O P Q. Public administration education and health,146,141,43,98,5,3,2
S01009594,R S T U. Other,18,12,4,8,6,1,5
S01009595,All people aged 16 to 74 in employment,282,243,60,183,39,11,28
S01009595,A B D E. Agriculture energy and water,12,12,0,12,0,0,0
S01009595,C. Manufacturing,43,39,3,36,4,0,4
S01009595,F. Construction,22,13,2,11,9,3,6
S01009595,G I. Distribution hotels and restaurants,44,34,16,18,10,3,7
S01009595,H J. Transport and communication,12,10,2,8,2,1,1
S01009595,K L M N. Financial real estate professional and administrative activities,37,29,7,22,8,2,6
S01009595,O P Q. Public administration education and health,93,92,22,70,1,0,1
S01009595,R S T U. Other,19,14,8,6,5,2,3
S01009596,All people aged 16 to 74 in employment,383,352,98,254,31,10,21
S01009596,A B D E. Agriculture energy and water,13,13,2,11,0,0,0
S01009596,C. Manufacturing,70,68,3,65,2,0,2
S01009596,F. Construction,18,13,0,13,5,1,4
S01009596,G I. Distribution hotels and restaurants,96,89,43,46,7,3,4
S01009596,H J. Transport and communication,22,17,4,13,5,2,3
S01009596,K L M N. Financial real estate professional and administrative activities,30,28,6,22,2,1,1
S01009596,O P Q. Public administration education and health,113,106,34,72,7,3,4
S01009596,R S T U. Other,21,18,6,12,3,0,3
S01009597,All people aged 16 to 74 in employment,329,298,105,193,31,9,22
S01009597,A B D E. Agriculture energy and water,7,6,2,4,1,0,1
S01009597,C. Manufacturing,45,45,3,42,0,0,0
S01009597,F. Construction,19,14,2,12,5,0,5
S01009597,G I. Distribution hotels and restaurants,99,93,45,48,6,1,5
S01009597,H J. Transport and communication,25,17,4,13,8,2,6
S01009597,K L M N. Financial real estate professional and administrative activities,27,23,6,17,4,1,3
S01009597,O P Q. Public administration education and health,84,80,37,43,4,3,1
S01009597,R S T U. Other,23,20,6,14,3,2,1
S01009598,All people aged 16 to 74 in employment,254,226,77,149,28,8,20
S01009598,A B D E. Agriculture energy and water,9,8,0,8,1,0,1
S01009598,C. Manufacturing,29,24,0,24,5,2,3
S01009598,F. Construction,14,10,1,9,4,0,4
S01009598,G I. Distribution hotels and restaurants,68,62,31,31,6,0,6
S01009598,H J. Transport and communication,18,14,5,9,4,0,4
S01009598,K L M N. Financial real estate professional and administrative activities,27,26,9,17,1,1,0
S01009598,O P Q. Public administration education and health,74,68,27,41,6,4,2
S01009598,R S T U. Other,15,14,4,10,1,1,0
S01009599,All people aged 16 to 74 in employment,409,381,98,283,28,12,16
S01009599,A B D E. Agriculture energy and water,9,9,2,7,0,0,0
S01009599,C. Manufacturing,59,57,4,53,2,1,1
S01009599,F. Construction,33,27,3,24,6,1,5
S01009599,G I. Distribution hotels and restaurants,64,60,26,34,4,1,3
S01009599,H J. Transport and communication,30,28,4,24,2,0,2
S01009599,K L M N. Financial real estate professional and administrative activities,46,41,9,32,5,2,3
S01009599,O P Q. Public administration education and health,145,141,46,95,4,2,2
S01009599,R S T U. Other,23,18,4,14,5,5,0
S01009600,All people aged 16 to 74 in employment,240,222,72,150,18,6,12
S01009600,A B D E. Agriculture energy and water,4,4,0,4,0,0,0
S01009600,C. Manufacturing,33,31,3,28,2,1,1
S01009600,F. Construction,19,16,0,16,3,0,3
S01009600,G I. Distribution hotels and restaurants,58,53,31,22,5,1,4
S01009600,H J. Transport and communication,19,17,3,14,2,1,1
S01009600,K L M N. Financial real estate professional and administrative activities,26,24,10,14,2,0,2
S01009600,O P Q. Public administration education and health,68,67,23,44,1,1,0
S01009600,R S T U. Other,13,10,2,8,3,2,1
S01009601,All people aged 16 to 74 in employment,303,285,79,206,18,5,13
S01009601,A B D E. Agriculture energy and water,7,6,0,6,1,0,1
S01009601,C. Manufacturing,45,44,1,43,1,0,1
S01009601,F. Construction,18,18,1,17,0,0,0
S01009601,G I. Distribution hotels and restaurants,70,66,32,34,4,0,4
S01009601,H J. Transport and communication,17,15,5,10,2,1,1
S01009601,K L M N. Financial real estate professional and administrative activities,33,30,10,20,3,1,2
S01009601,O P Q. Public administration education and health,93,89,26,63,4,2,2
S01009601,R S T U. Other,20,17,4,13,3,1,2
S01009602,All people aged 16 to 74 in employment,448,410,94,316,38,10,28
S01009602,A B D E. Agriculture energy and water,18,16,1,15,2,0,2
S01009602,C. Manufacturing,75,70,8,62,5,2,3
S01009602,F. Construction,32,22,4,18,10,0,10
S01009602,G I. Distribution hotels and restaurants,69,65,35,30,4,0,4
S01009602,H J. Transport and communication,17,16,0,16,1,0,1
S01009602,K L M N. Financial real estate professional and administrative activities,58,54,12,42,4,2,2
S01009602,O P Q. Public administration education and health,157,152,29,123,5,1,4
S01009602,R S T U. Other,22,15,5,10,7,5,2
S01009603,All people aged 16 to 74 in employment,295,261,60,201,34,9,25
S01009603,A B D E. Agriculture energy and water,10,10,0,10,0,0,0
S01009603,C. Manufacturing,42,41,4,37,1,0,1
S01009603,F. Construction,18,14,0,14,4,0,4
S01009603,G I. Distribution hotels and restaurants,61,53,22,31,8,3,5
S01009603,H J. Transport and communication,13,11,2,9,2,0,2
S01009603,K L M N. Financial real estate professional and administrative activities,31,23,6,17,8,1,7
S01009603,O P Q. Public administration education and health,109,102,23,79,7,3,4
S01009603,R S T U. Other,11,7,3,4,4,2,2
S01009604,All people aged 16 to 74 in employment,429,394,108,286,35,16,19
S01009604,A B D E. Agriculture energy and water,15,14,0,14,1,0,1
S01009604,C. Manufacturing,62,62,8,54,0,0,0
S01009604,F. Construction,36,29,1,28,7,0,7
S01009604,G I. Distribution hotels and restaurants,87,84,40,44,3,1,2
S01009604,H J. Transport and communication,22,19,4,15,3,3,0
S01009604,K L M N. Financial real estate professional and administrative activities,53,48,13,35,5,3,2
S01009604,O P Q. Public administration education and health,137,126,37,89,11,5,6
S01009604,R S T U. Other,17,12,5,7,5,4,1
S01009605,All people aged 16 to 74 in employment,305,274,89,185,31,7,24
S01009605,A B D E. Agriculture energy and water,14,12,1,11,2,1,1
S01009605,C. Manufacturing,37,35,4,31,2,0,2
S01009605,F. Construction,26,16,0,16,10,1,9
S01009605,G I. Distribution hotels and restaurants,69,67,43,24,2,0,2
S01009605,H J. Transport and communication,21,18,1,17,3,0,3
S01009605,K L M N. Financial real estate professional and administrative activities,35,28,8,20,7,2,5
S01009605,O P Q. Public administration education and health,83,82,28,54,1,0,1
S01009605,R S T U. Other,20,16,4,12,4,3,1
S01009606,All people aged 16 to 74 in employment,319,297,63,234,22,5,17
S01009606,A B D E. Agriculture energy and water,9,9,1,8,0,0,0
S01009606,C. Manufacturing,42,39,0,39,3,0,3
S01009606,F. Construction,26,20,3,17,6,1,5
S01009606,G I. Distribution hotels and restaurants,46,44,17,27,2,1,1
S01009606,H J. Transport and communication,15,15,2,13,0,0,0
S01009606,K L M N. Financial real estate professional and administrative activities,40,36,7,29,4,0,4
S01009606,O P Q. Public administration education and health,128,123,29,94,5,2,3
S01009606,R S T U. Other,13,11,4,7,2,1,1
S01009607,All people aged 16 to 74 in employment,269,240,70,170,29,8,21
S01009607,A B D E. Agriculture energy and water,8,8,0,8,0,0,0
S01009607,C. Manufacturing,40,39,3,36,1,1,0
S01009607,F. Construction,28,19,4,15,9,1,8
S01009607,G I. Distribution hotels and restaurants,39,35,17,18,4,1,3
S01009607,H J. Transport and communication,16,13,4,9,3,0,3
S01009607,K L M N. Financial real estate professional and administrative activities,38,33,7,26,5,1,4
S01009607,O P Q. Public administration education and health,91,87,34,53,4,2,2
S01009607,R S T U. Other,9,6,1,5,3,2,1
S01009608,All people aged 16 to 74 in employment,286,263,56,207,23,5,18
S01009608,A B D E. Agriculture energy and water,12,11,0,11,1,0,1
S01009608,C. Manufacturing,45,44,3,41,1,0,1
S01009608,F. Construction,29,26,3,23,3,0,3
S01009608,G I. Distribution hotels and restaurants,48,44,15,29,4,2,2
S01009608,H J. Transport and communication,17,17,1,16,0,0,0
S01009608,K L M N. Financial real estate professional and administrative activities,33,27,4,23,6,0,6
S01009608,O P Q. Public administration education and health,84,82,24,58,2,1,1
S01009608,R S T U. Other,18,12,6,6,6,2,4
S01009609,All people aged 16 to 74 in employment,403,348,85,263,55,10,45
S01009609,A B D E. Agriculture energy and water,6,5,0,5,1,1,0
S01009609,C. Manufacturing,61,58,5,53,3,0,3
S01009609,F. Construction,44,28,0,28,16,1,15
S01009609,G I. Distribution hotels and restaurants,61,50,25,25,11,2,9
S01009609,H J. Transport and communication,20,18,4,14,2,0,2
S01009609,K L M N. Financial real estate professional and administrative activities,48,37,7,30,11,2,9
S01009609,O P Q. Public administration education and health,141,135,38,97,6,2,4
S01009609,R S T U. Other,22,17,6,11,5,2,3
S01009610,All people aged 16 to 74 in employment,464,424,115,309,40,12,28
S01009610,A B D E. Agriculture energy and water,12,10,0,10,2,1,1
S01009610,C. Manufacturing,73,73,1,72,0,0,0
S01009610,F. Construction,30,17,1,16,13,2,11
S01009610,G I. Distribution hotels and restaurants,94,83,42,41,11,2,9
S01009610,H J. Transport and communication,31,29,6,23,2,0,2
S01009610,K L M N. Financial real estate professional and administrative activities,48,42,5,37,6,4,2
S01009610,O P Q. Public administration education and health,142,140,49,91,2,2,0
S01009610,R S T U. Other,34,30,11,19,4,1,3
S01009611,All people aged 16 to 74 in employment,284,229,72,157,55,15,40
S01009611,A B D E. Agriculture energy and water,29,20,5,15,9,0,9
S01009611,C. Manufacturing,32,24,3,21,8,3,5
S01009611,F. Construction,16,12,1,11,4,0,4
S01009611,G I. Distribution hotels and restaurants,54,45,23,22,9,2,7
S01009611,H J. Transport and communication,17,9,1,8,8,6,2
S01009611,K L M N. Financial real estate professional and administrative activities,25,21,4,17,4,0,4
S01009611,O P Q. Public administration education and health,97,88,33,55,9,4,5
S01009611,R S T U. Other,14,10,2,8,4,0,4
S01009612,All people aged 16 to 74 in employment,311,276,72,204,35,5,30
S01009612,A B D E. Agriculture energy and water,14,14,1,13,0,0,0
S01009612,C. Manufacturing,47,42,1,41,5,0,5
S01009612,F. Construction,35,22,0,22,13,1,12
S01009612,G I. Distribution hotels and restaurants,57,50,28,22,7,1,6
S01009612,H J. Transport and communication,20,17,2,15,3,0,3
S01009612,K L M N. Financial real estate professional and administrative activities,37,35,10,25,2,0,2
S01009612,O P Q. Public administration education and health,81,80,23,57,1,0,1
S01009612,R S T U. Other,20,16,7,9,4,3,1
S01009613,All people aged 16 to 74 in employment,262,210,64,146,52,15,37
S01009613,A B D E. Agriculture energy and water,11,5,0,5,6,2,4
S01009613,C. Manufacturing,25,22,1,21,3,0,3
S01009613,F. Construction,21,9,0,9,12,1,11
S01009613,G I. Distribution hotels and restaurants,48,37,19,18,11,2,9
S01009613,H J. Transport and communication,12,5,1,4,7,2,5
S01009613,K L M N. Financial real estate professional and administrative activities,33,31,6,25,2,1,1
S01009613,O P Q. Public administration education and health,100,95,33,62,5,4,1
S01009613,R S T U. Other,12,6,4,2,6,3,3
S01009614,All people aged 16 to 74 in employment,264,219,66,153,45,12,33
S01009614,A B D E. Agriculture energy and water,30,22,2,20,8,1,7
S01009614,C. Manufacturing,26,23,2,21,3,1,2
S01009614,F. Construction,17,13,1,12,4,1,3
S01009614,G I. Distribution hotels and restaurants,55,48,25,23,7,2,5
S01009614,H J. Transport and communication,18,16,3,13,2,0,2
S01009614,K L M N. Financial real estate professional and administrative activities,22,10,1,9,12,4,8
S01009614,O P Q. Public administration education and health,82,76,28,48,6,1,5
S01009614,R S T U. Other,14,11,4,7,3,2,1
S01009615,All people aged 16 to 74 in employment,171,156,51,105,15,3,12
S01009615,A B D E. Agriculture energy and water,8,7,1,6,1,1,0
S01009615,C. Manufacturing,29,29,1,28,0,0,0
S01009615,F. Construction,12,6,0,6,6,1,5
S01009615,G I. Distribution hotels and restaurants,26,24,13,11,2,0,2
S01009615,H J. Transport and communication,12,10,5,5,2,0,2
S01009615,K L M N. Financial real estate professional and administrative activities,30,26,9,17,4,1,3
S01009615,O P Q. Public administration education and health,48,48,18,30,0,0,0
S01009615,R S T U. Other,6,6,4,2,0,0,0
S01009616,All people aged 16 to 74 in employment,369,329,92,237,40,9,31
S01009616,A B D E. Agriculture energy and water,15,13,0,13,2,0,2
S01009616,C. Manufacturing,60,59,5,54,1,0,1
S01009616,F. Construction,39,26,1,25,13,3,10
S01009616,G I. Distribution hotels and restaurants,80,71,35,36,9,0,9
S01009616,H J. Transport and communication,21,17,2,15,4,1,3
S01009616,K L M N. Financial real estate professional and administrative activities,28,25,6,19,3,2,1
S01009616,O P Q. Public administration education and health,111,108,39,69,3,1,2
S01009616,R S T U. Other,15,10,4,6,5,2,3
S01009617,All people aged 16 to 74 in employment,401,362,104,258,39,13,26
S01009617,A B D E. Agriculture energy and water,20,17,0,17,3,1,2
S01009617,C. Manufacturing,74,74,6,68,0,0,0
S01009617,F. Construction,33,23,1,22,10,0,10
S01009617,G I. Distribution hotels and restaurants,61,55,29,26,6,4,2
S01009617,H J. Transport and communication,29,25,7,18,4,1,3
S01009617,K L M N. Financial real estate professional and administrative activities,40,33,6,27,7,2,5
S01009617,O P Q. Public administration education and health,127,124,48,76,3,1,2
S01009617,R S T U. Other,17,11,7,4,6,4,2
S01009618,All people aged 16 to 74 in employment,320,293,85,208,27,3,24
S01009618,A B D E. Agriculture energy and water,5,5,0,5,0,0,0
S01009618,C. Manufacturing,49,47,3,44,2,0,2
S01009618,F. Construction,36,23,1,22,13,0,13
S01009618,G I. Distribution hotels and restaurants,72,65,30,35,7,3,4
S01009618,H J. Transport and communication,23,23,1,22,0,0,0
S01009618,K L M N. Financial real estate professional and administrative activities,27,26,3,23,1,0,1
S01009618,O P Q. Public administration education and health,93,91,40,51,2,0,2
S01009618,R S T U. Other,15,13,7,6,2,0,2
S01009619,All people aged 16 to 74 in employment,245,222,68,154,23,14,9
S01009619,A B D E. Agriculture energy and water,7,6,0,6,1,1,0
S01009619,C. Manufacturing,34,33,2,31,1,1,0
S01009619,F. Construction,22,16,1,15,6,2,4
S01009619,G I. Distribution hotels and restaurants,48,44,24,20,4,2,2
S01009619,H J. Transport and communication,14,12,2,10,2,2,0
S01009619,K L M N. Financial real estate professional and administrative activities,29,25,8,17,4,3,1
S01009619,O P Q. Public administration education and health,82,79,28,51,3,1,2
S01009619,R S T U. Other,9,7,3,4,2,2,0
S01009620,All people aged 16 to 74 in employment,303,281,87,194,22,6,16
S01009620,A B D E. Agriculture energy and water,11,10,0,10,1,0,1
S01009620,C. Manufacturing,54,54,8,46,0,0,0
S01009620,F. Construction,22,16,1,15,6,0,6
S01009620,G I. Distribution hotels and restaurants,57,53,20,33,4,1,3
S01009620,H J. Transport and communication,22,22,6,16,0,0,0
S01009620,K L M N. Financial real estate professional and administrative activities,28,22,6,16,6,2,4
S01009620,O P Q. Public administration education and health,91,88,37,51,3,2,1
S01009620,R S T U. Other,18,16,9,7,2,1,1
S01009621,All people aged 16 to 74 in employment,325,295,87,208,30,6,24
S01009621,A B D E. Agriculture energy and water,7,7,1,6,0,0,0
S01009621,C. Manufacturing,58,54,3,51,4,1,3
S01009621,F. Construction,39,26,3,23,13,1,12
S01009621,G I. Distribution hotels and restaurants,48,43,22,21,5,1,4
S01009621,H J. Transport and communication,23,21,2,19,2,1,1
S01009621,K L M N. Financial real estate professional and administrative activities,31,27,8,19,4,1,3
S01009621,O P Q. Public administration education and health,102,102,43,59,0,0,0
S01009621,R S T U. Other,17,15,5,10,2,1,1
S01009622,All people aged 16 to 74 in employment,268,251,72,179,17,9,8
S01009622,A B D E. Agriculture energy and water,12,11,1,10,1,0,1
S01009622,C. Manufacturing,32,31,3,28,1,0,1
S01009622,F. Construction,20,16,0,16,4,2,2
S01009622,G I. Distribution hotels and restaurants,62,59,26,33,3,0,3
S01009622,H J. Transport and communication,15,14,4,10,1,1,0
S01009622,K L M N. Financial real estate professional and administrative activities,21,19,3,16,2,2,0
S01009622,O P Q. Public administration education and health,93,91,34,57,2,2,0
S01009622,R S T U. Other,13,10,1,9,3,2,1
S01009623,All people aged 16 to 74 in employment,198,180,52,128,18,11,7
S01009623,A B D E. Agriculture energy and water,9,7,0,7,2,0,2
S01009623,C. Manufacturing,26,25,3,22,1,0,1
S01009623,F. Construction,19,18,0,18,1,1,0
S01009623,G I. Distribution hotels and restaurants,33,33,16,17,0,0,0
S01009623,H J. Transport and communication,18,14,3,11,4,2,2
S01009623,K L M N. Financial real estate professional and administrative activities,18,16,1,15,2,2,0
S01009623,O P Q. Public administration education and health,64,61,26,35,3,2,1
S01009623,R S T U. Other,11,6,3,3,5,4,1
S01009624,All people aged 16 to 74 in employment,366,342,108,234,24,10,14
S01009624,A B D E. Agriculture energy and water,13,13,2,11,0,0,0
S01009624,C. Manufacturing,58,56,6,50,2,0,2
S01009624,F. Construction,31,28,1,27,3,1,2
S01009624,G I. Distribution hotels and restaurants,81,75,38,37,6,2,4
S01009624,H J. Transport and communication,31,28,6,22,3,0,3
S01009624,K L M N. Financial real estate professional and administrative activities,34,29,10,19,5,3,2
S01009624,O P Q. Public administration education and health,108,105,43,62,3,2,1
S01009624,R S T U. Other,10,8,2,6,2,2,0
S01009625,All people aged 16 to 74 in employment,369,348,115,233,21,5,16
S01009625,A B D E. Agriculture energy and water,12,12,1,11,0,0,0
S01009625,C. Manufacturing,64,64,8,56,0,0,0
S01009625,F. Construction,39,32,2,30,7,0,7
S01009625,G I. Distribution hotels and restaurants,102,97,42,55,5,1,4
S01009625,H J. Transport and communication,16,14,1,13,2,1,1
S01009625,K L M N. Financial real estate professional and administrative activities,21,21,9,12,0,0,0
S01009625,O P Q. Public administration education and health,94,90,46,44,4,3,1
S01009625,R S T U. Other,21,18,6,12,3,0,3
S01009626,All people aged 16 to 74 in employment,190,172,64,108,18,6,12
S01009626,A B D E. Agriculture energy and water,6,6,0,6,0,0,0
S01009626,C. Manufacturing,19,19,3,16,0,0,0
S01009626,F. Construction,13,9,0,9,4,0,4
S01009626,G I. Distribution hotels and restaurants,40,38,29,9,2,0,2
S01009626,H J. Transport and communication,17,14,2,12,3,2,1
S01009626,K L M N. Financial real estate professional and administrative activities,20,19,8,11,1,1,0
S01009626,O P Q. Public administration education and health,60,56,20,36,4,1,3
S01009626,R S T U. Other,15,11,2,9,4,2,2
S01009627,All people aged 16 to 74 in employment,325,301,106,195,24,4,20
S01009627,A B D E. Agriculture energy and water,10,10,3,7,0,0,0
S01009627,C. Manufacturing,66,64,7,57,2,0,2
S01009627,F. Construction,28,20,2,18,8,0,8
S01009627,G I. Distribution hotels and restaurants,71,68,39,29,3,1,2
S01009627,H J. Transport and communication,20,17,5,12,3,0,3
S01009627,K L M N. Financial real estate professional and administrative activities,26,22,8,14,4,3,1
S01009627,O P Q. Public administration education and health,88,87,39,48,1,0,1
S01009627,R S T U. Other,16,13,3,10,3,0,3
S01009628,All people aged 16 to 74 in employment,155,146,49,97,9,5,4
S01009628,A B D E. Agriculture energy and water,3,3,1,2,0,0,0
S01009628,C. Manufacturing,27,26,2,24,1,0,1
S01009628,F. Construction,11,8,1,7,3,1,2
S01009628,G I. Distribution hotels and restaurants,32,31,14,17,1,0,1
S01009628,H J. Transport and communication,16,13,2,11,3,3,0
S01009628,K L M N. Financial real estate professional and administrative activities,10,10,2,8,0,0,0
S01009628,O P Q. Public administration education and health,47,47,22,25,0,0,0
S01009628,R S T U. Other,9,8,5,3,1,1,0
S01009629,All people aged 16 to 74 in employment,438,405,132,273,33,10,23
S01009629,A B D E. Agriculture energy and water,19,17,2,15,2,0,2
S01009629,C. Manufacturing,68,68,3,65,0,0,0
S01009629,F. Construction,43,32,5,27,11,4,7
S01009629,G I. Distribution hotels and restaurants,97,90,42,48,7,0,7
S01009629,H J. Transport and communication,28,25,6,19,3,1,2
S01009629,K L M N. Financial real estate professional and administrative activities,42,41,14,27,1,0,1
S01009629,O P Q. Public administration education and health,121,118,57,61,3,3,0
S01009629,R S T U. Other,20,14,3,11,6,2,4
S01009630,All people aged 16 to 74 in employment,291,272,94,178,19,5,14
S01009630,A B D E. Agriculture energy and water,11,10,1,9,1,0,1
S01009630,C. Manufacturing,41,39,4,35,2,0,2
S01009630,F. Construction,26,19,0,19,7,2,5
S01009630,G I. Distribution hotels and restaurants,78,74,43,31,4,0,4
S01009630,H J. Transport and communication,23,22,2,20,1,0,1
S01009630,K L M N. Financial real estate professional and administrative activities,21,21,8,13,0,0,0
S01009630,O P Q. Public administration education and health,77,75,33,42,2,2,0
S01009630,R S T U. Other,14,12,3,9,2,1,1
S01009631,All people aged 16 to 74 in employment,264,244,75,169,20,9,11
S01009631,A B D E. Agriculture energy and water,9,7,0,7,2,0,2
S01009631,C. Manufacturing,44,44,2,42,0,0,0
S01009631,F. Construction,29,19,2,17,10,3,7
S01009631,G I. Distribution hotels and restaurants,59,58,31,27,1,1,0
S01009631,H J. Transport and communication,15,13,5,8,2,1,1
S01009631,K L M N. Financial real estate professional and administrative activities,22,22,6,16,0,0,0
S01009631,O P Q. Public administration education and health,74,71,26,45,3,3,0
S01009631,R S T U. Other,12,10,3,7,2,1,1
S01009632,All people aged 16 to 74 in employment,175,161,59,102,14,6,8
S01009632,A B D E. Agriculture energy and water,6,6,0,6,0,0,0
S01009632,C. Manufacturing,27,27,3,24,0,0,0
S01009632,F. Construction,13,9,1,8,4,1,3
S01009632,G I. Distribution hotels and restaurants,55,49,25,24,6,4,2
S01009632,H J. Transport and communication,10,10,2,8,0,0,0
S01009632,K L M N. Financial real estate professional and administrative activities,14,12,6,6,2,0,2
S01009632,O P Q. Public administration education and health,38,37,17,20,1,1,0
S01009632,R S T U. Other,12,11,5,6,1,0,1
S01009633,All people aged 16 to 74 in employment,247,233,102,131,14,4,10
S01009633,A B D E. Agriculture energy and water,11,11,3,8,0,0,0
S01009633,C. Manufacturing,40,38,8,30,2,0,2
S01009633,F. Construction,25,22,3,19,3,1,2
S01009633,G I. Distribution hotels and restaurants,71,67,44,23,4,2,2
S01009633,H J. Transport and communication,22,19,11,8,3,0,3
S01009633,K L M N. Financial real estate professional and administrative activities,16,14,6,8,2,1,1
S01009633,O P Q. Public administration education and health,55,55,21,34,0,0,0
S01009633,R S T U. Other,7,7,6,1,0,0,0
S01009634,All people aged 16 to 74 in employment,160,157,51,106,3,0,3
S01009634,A B D E. Agriculture energy and water,6,6,2,4,0,0,0
S01009634,C. Manufacturing,21,21,5,16,0,0,0
S01009634,F. Construction,11,11,0,11,0,0,0
S01009634,G I. Distribution hotels and restaurants,39,39,21,18,0,0,0
S01009634,H J. Transport and communication,10,8,2,6,2,0,2
S01009634,K L M N. Financial real estate professional and administrative activities,10,10,0,10,0,0,0
S01009634,O P Q. Public administration education and health,52,52,18,34,0,0,0
S01009634,R S T U. Other,11,10,3,7,1,0,1
S01009635,All people aged 16 to 74 in employment,384,352,112,240,32,10,22
S01009635,A B D E. Agriculture energy and water,7,6,0,6,1,0,1
S01009635,C. Manufacturing,67,66,10,56,1,1,0
S01009635,F. Construction,25,18,2,16,7,0,7
S01009635,G I. Distribution hotels and restaurants,88,82,46,36,6,0,6
S01009635,H J. Transport and communication,26,25,4,21,1,1,0
S01009635,K L M N. Financial real estate professional and administrative activities,31,28,9,19,3,0,3
S01009635,O P Q. Public administration education and health,107,99,31,68,8,5,3
S01009635,R S T U. Other,33,28,10,18,5,3,2
S01009636,All people aged 16 to 74 in employment,329,296,85,211,33,8,25
S01009636,A B D E. Agriculture energy and water,7,5,0,5,2,0,2
S01009636,C. Manufacturing,44,42,6,36,2,0,2
S01009636,F. Construction,27,21,0,21,6,0,6
S01009636,G I. Distribution hotels and restaurants,75,70,30,40,5,0,5
S01009636,H J. Transport and communication,36,29,7,22,7,1,6
S01009636,K L M N. Financial real estate professional and administrative activities,31,22,7,15,9,6,3
S01009636,O P Q. Public administration education and health,88,87,27,60,1,0,1
S01009636,R S T U. Other,21,20,8,12,1,1,0
S01009637,All people aged 16 to 74 in employment,339,317,88,229,22,5,17
S01009637,A B D E. Agriculture energy and water,12,11,1,10,1,0,1
S01009637,C. Manufacturing,48,45,3,42,3,1,2
S01009637,F. Construction,40,35,2,33,5,0,5
S01009637,G I. Distribution hotels and restaurants,76,73,34,39,3,0,3
S01009637,H J. Transport and communication,20,20,2,18,0,0,0
S01009637,K L M N. Financial real estate professional and administrative activities,28,24,4,20,4,1,3
S01009637,O P Q. Public administration education and health,102,98,39,59,4,1,3
S01009637,R S T U. Other,13,11,3,8,2,2,0
S01009638,All people aged 16 to 74 in employment,230,209,67,142,21,2,19
S01009638,A B D E. Agriculture energy and water,8,7,1,6,1,0,1
S01009638,C. Manufacturing,34,34,2,32,0,0,0
S01009638,F. Construction,28,20,0,20,8,0,8
S01009638,G I. Distribution hotels and restaurants,47,44,29,15,3,0,3
S01009638,H J. Transport and communication,14,12,4,8,2,0,2
S01009638,K L M N. Financial real estate professional and administrative activities,28,23,6,17,5,2,3
S01009638,O P Q. Public administration education and health,62,62,20,42,0,0,0
S01009638,R S T U. Other,9,7,5,2,2,0,2
S01009639,All people aged 16 to 74 in employment,338,294,80,214,44,6,38
S01009639,A B D E. Agriculture energy and water,9,8,0,8,1,1,0
S01009639,C. Manufacturing,42,38,3,35,4,1,3
S01009639,F. Construction,25,15,3,12,10,1,9
S01009639,G I. Distribution hotels and restaurants,54,45,25,20,9,0,9
S01009639,H J. Transport and communication,15,14,2,12,1,0,1
S01009639,K L M N. Financial real estate professional and administrative activities,55,49,12,37,6,0,6
S01009639,O P Q. Public administration education and health,113,106,28,78,7,3,4
S01009639,R S T U. Other,25,19,7,12,6,0,6
S01009640,All people aged 16 to 74 in employment,214,200,56,144,14,5,9
S01009640,A B D E. Agriculture energy and water,8,8,0,8,0,0,0
S01009640,C. Manufacturing,33,33,6,27,0,0,0
S01009640,F. Construction,17,11,0,11,6,2,4
S01009640,G I. Distribution hotels and restaurants,38,35,18,17,3,1,2
S01009640,H J. Transport and communication,11,11,5,6,0,0,0
S01009640,K L M N. Financial real estate professional and administrative activities,30,29,4,25,1,0,1
S01009640,O P Q. Public administration education and health,67,66,19,47,1,1,0
S01009640,R S T U. Other,10,7,4,3,3,1,2
S01009641,All people aged 16 to 74 in employment,309,274,78,196,35,15,20
S01009641,A B D E. Agriculture energy and water,6,6,1,5,0,0,0
S01009641,C. Manufacturing,41,39,3,36,2,1,1
S01009641,F. Construction,30,23,1,22,7,0,7
S01009641,G I. Distribution hotels and restaurants,68,59,33,26,9,5,4
S01009641,H J. Transport and communication,13,11,1,10,2,0,2
S01009641,K L M N. Financial real estate professional and administrative activities,42,37,10,27,5,2,3
S01009641,O P Q. Public administration education and health,94,91,25,66,3,2,1
S01009641,R S T U. Other,15,8,4,4,7,5,2
S01009642,All people aged 16 to 74 in employment,464,414,117,297,50,18,32
S01009642,A B D E. Agriculture energy and water,14,13,0,13,1,0,1
S01009642,C. Manufacturing,65,65,7,58,0,0,0
S01009642,F. Construction,36,28,1,27,8,1,7
S01009642,G I. Distribution hotels and restaurants,80,73,37,36,7,1,6
S01009642,H J. Transport and communication,28,21,4,17,7,3,4
S01009642,K L M N. Financial real estate professional and administrative activities,51,38,10,28,13,6,7
S01009642,O P Q. Public administration education and health,160,152,50,102,8,3,5
S01009642,R S T U. Other,30,24,8,16,6,4,2
S01009643,All people aged 16 to 74 in employment,343,322,93,229,21,3,18
S01009643,A B D E. Agriculture energy and water,11,11,0,11,0,0,0
S01009643,C. Manufacturing,65,63,5,58,2,1,1
S01009643,F. Construction,32,23,2,21,9,1,8
S01009643,G I. Distribution hotels and restaurants,70,65,32,33,5,1,4
S01009643,H J. Transport and communication,12,10,3,7,2,0,2
S01009643,K L M N. Financial real estate professional and administrative activities,25,23,6,17,2,0,2
S01009643,O P Q. Public administration education and health,117,116,39,77,1,0,1
S01009643,R S T U. Other,11,11,6,5,0,0,0
S01009644,All people aged 16 to 74 in employment,343,314,106,208,29,8,21
S01009644,A B D E. Agriculture energy and water,12,10,1,9,2,0,2
S01009644,C. Manufacturing,51,50,3,47,1,0,1
S01009644,F. Construction,29,22,1,21,7,1,6
S01009644,G I. Distribution hotels and restaurants,76,69,40,29,7,2,5
S01009644,H J. Transport and communication,21,17,5,12,4,2,2
S01009644,K L M N. Financial real estate professional and administrative activities,38,37,10,27,1,1,0
S01009644,O P Q. Public administration education and health,99,96,42,54,3,1,2
S01009644,R S T U. Other,17,13,4,9,4,1,3
S01009645,All people aged 16 to 74 in employment,277,250,86,164,27,8,19
S01009645,A B D E. Agriculture energy and water,11,9,0,9,2,1,1
S01009645,C. Manufacturing,41,38,4,34,3,1,2
S01009645,F. Construction,26,20,0,20,6,0,6
S01009645,G I. Distribution hotels and restaurants,56,52,26,26,4,2,2
S01009645,H J. Transport and communication,15,15,5,10,0,0,0
S01009645,K L M N. Financial real estate professional and administrative activities,24,20,6,14,4,1,3
S01009645,O P Q. Public administration education and health,88,84,41,43,4,0,4
S01009645,R S T U. Other,16,12,4,8,4,3,1
S01009646,All people aged 16 to 74 in employment,244,219,59,160,25,10,15
S01009646,A B D E. Agriculture energy and water,11,9,1,8,2,1,1
S01009646,C. Manufacturing,44,44,5,39,0,0,0
S01009646,F. Construction,21,18,0,18,3,2,1
S01009646,G I. Distribution hotels and restaurants,56,50,22,28,6,4,2
S01009646,H J. Transport and communication,20,19,3,16,1,0,1
S01009646,K L M N. Financial real estate professional and administrative activities,23,18,5,13,5,1,4
S01009646,O P Q. Public administration education and health,58,53,18,35,5,1,4
S01009646,R S T U. Other,11,8,5,3,3,1,2
S01009647,All people aged 16 to 74 in employment,222,197,66,131,25,4,21
S01009647,A B D E. Agriculture energy and water,9,8,2,6,1,0,1
S01009647,C. Manufacturing,34,32,5,27,2,0,2
S01009647,F. Construction,17,10,2,8,7,1,6
S01009647,G I. Distribution hotels and restaurants,49,44,24,20,5,1,4
S01009647,H J. Transport and communication,10,9,1,8,1,1,0
S01009647,K L M N. Financial real estate professional and administrative activities,18,17,3,14,1,0,1
S01009647,O P Q. Public administration education and health,68,65,21,44,3,0,3
S01009647,R S T U. Other,17,12,8,4,5,1,4
S01009648,All people aged 16 to 74 in employment,377,347,98,249,30,9,21
S01009648,A B D E. Agriculture energy and water,14,13,1,12,1,0,1
S01009648,C. Manufacturing,63,61,7,54,2,0,2
S01009648,F. Construction,33,24,2,22,9,3,6
S01009648,G I. Distribution hotels and restaurants,73,64,32,32,9,3,6
S01009648,H J. Transport and communication,21,19,3,16,2,0,2
S01009648,K L M N. Financial real estate professional and administrative activities,41,39,10,29,2,0,2
S01009648,O P Q. Public administration education and health,107,104,37,67,3,2,1
S01009648,R S T U. Other,25,23,6,17,2,1,1
S01009649,All people aged 16 to 74 in employment,445,412,111,301,33,5,28
S01009649,A B D E. Agriculture energy and water,20,19,1,18,1,0,1
S01009649,C. Manufacturing,85,81,7,74,4,1,3
S01009649,F. Construction,48,36,5,31,12,1,11
S01009649,G I. Distribution hotels and restaurants,81,75,43,32,6,0,6
S01009649,H J. Transport and communication,14,12,2,10,2,1,1
S01009649,K L M N. Financial real estate professional and administrative activities,42,37,8,29,5,2,3
S01009649,O P Q. Public administration education and health,138,135,41,94,3,0,3
S01009649,R S T U. Other,17,17,4,13,0,0,0
S01009650,All people aged 16 to 74 in employment,345,297,74,223,48,13,35
S01009650,A B D E. Agriculture energy and water,10,10,2,8,0,0,0
S01009650,C. Manufacturing,52,50,3,47,2,1,1
S01009650,F. Construction,36,25,2,23,11,2,9
S01009650,G I. Distribution hotels and restaurants,62,55,25,30,7,1,6
S01009650,H J. Transport and communication,17,13,1,12,4,1,3
S01009650,K L M N. Financial real estate professional and administrative activities,41,32,8,24,9,3,6
S01009650,O P Q. Public administration education and health,96,89,26,63,7,2,5
S01009650,R S T U. Other,31,23,7,16,8,3,5
S01009651,All people aged 16 to 74 in employment,434,329,98,231,105,31,74
S01009651,A B D E. Agriculture energy and water,52,28,2,26,24,1,23
S01009651,C. Manufacturing,27,21,4,17,6,1,5
S01009651,F. Construction,27,14,1,13,13,2,11
S01009651,G I. Distribution hotels and restaurants,61,47,22,25,14,4,10
S01009651,H J. Transport and communication,27,20,8,12,7,0,7
S01009651,K L M N. Financial real estate professional and administrative activities,66,42,9,33,24,12,12
S01009651,O P Q. Public administration education and health,146,137,46,91,9,5,4
S01009651,R S T U. Other,28,20,6,14,8,6,2
S01009652,All people aged 16 to 74 in employment,314,249,84,165,65,20,45
S01009652,A B D E. Agriculture energy and water,2,1,0,1,1,1,0
S01009652,C. Manufacturing,27,24,2,22,3,1,2
S01009652,F. Construction,22,13,1,12,9,1,8
S01009652,G I. Distribution hotels and restaurants,60,41,18,23,19,4,15
S01009652,H J. Transport and communication,10,8,0,8,2,2,0
S01009652,K L M N. Financial real estate professional and administrative activities,42,27,7,20,15,5,10
S01009652,O P Q. Public administration education and health,128,117,48,69,11,2,9
S01009652,R S T U. Other,23,18,8,10,5,4,1
S01009653,All people aged 16 to 74 in employment,273,242,66,176,31,6,25
S01009653,A B D E. Agriculture energy and water,3,3,1,2,0,0,0
S01009653,C. Manufacturing,34,32,3,29,2,0,2
S01009653,F. Construction,34,20,2,18,14,0,14
S01009653,G I. Distribution hotels and restaurants,38,34,15,19,4,2,2
S01009653,H J. Transport and communication,12,12,2,10,0,0,0
S01009653,K L M N. Financial real estate professional and administrative activities,43,35,7,28,8,2,6
S01009653,O P Q. Public administration education and health,97,95,30,65,2,1,1
S01009653,R S T U. Other,12,11,6,5,1,1,0
S01009654,All people aged 16 to 74 in employment,246,198,67,131,48,16,32
S01009654,A B D E. Agriculture energy and water,5,4,0,4,1,0,1
S01009654,C. Manufacturing,16,15,2,13,1,0,1
S01009654,F. Construction,23,15,0,15,8,1,7
S01009654,G I. Distribution hotels and restaurants,57,47,23,24,10,5,5
S01009654,H J. Transport and communication,15,9,0,9,6,4,2
S01009654,K L M N. Financial real estate professional and administrative activities,25,17,6,11,8,3,5
S01009654,O P Q. Public administration education and health,90,81,33,48,9,2,7
S01009654,R S T U. Other,15,10,3,7,5,1,4
S01009655,All people aged 16 to 74 in employment,353,333,106,227,20,8,12
S01009655,A B D E. Agriculture energy and water,15,14,0,14,1,1,0
S01009655,C. Manufacturing,55,54,9,45,1,0,1
S01009655,F. Construction,39,32,3,29,7,1,6
S01009655,G I. Distribution hotels and restaurants,81,75,45,30,6,3,3
S01009655,H J. Transport and communication,27,26,3,23,1,0,1
S01009655,K L M N. Financial real estate professional and administrative activities,26,26,6,20,0,0,0
S01009655,O P Q. Public administration education and health,93,92,33,59,1,1,0
S01009655,R S T U. Other,17,14,7,7,3,2,1
S01009656,All people aged 16 to 74 in employment,226,206,68,138,20,3,17
S01009656,A B D E. Agriculture energy and water,6,5,1,4,1,0,1
S01009656,C. Manufacturing,41,41,7,34,0,0,0
S01009656,F. Construction,13,9,1,8,4,1,3
S01009656,G I. Distribution hotels and restaurants,49,38,21,17,11,2,9
S01009656,H J. Transport and communication,18,18,5,13,0,0,0
S01009656,K L M N. Financial real estate professional and administrative activities,24,23,3,20,1,0,1
S01009656,O P Q. Public administration education and health,65,62,26,36,3,0,3
S01009656,R S T U. Other,10,10,4,6,0,0,0
S01009657,All people aged 16 to 74 in employment,379,336,98,238,43,11,32
S01009657,A B D E. Agriculture energy and water,18,15,1,14,3,1,2
S01009657,C. Manufacturing,58,58,3,55,0,0,0
S01009657,F. Construction,35,22,4,18,13,0,13
S01009657,G I. Distribution hotels and restaurants,83,67,37,30,16,5,11
S01009657,H J. Transport and communication,20,17,2,15,3,1,2
S01009657,K L M N. Financial real estate professional and administrative activities,39,36,12,24,3,1,2
S01009657,O P Q. Public administration education and health,105,105,34,71,0,0,0
S01009657,R S T U. Other,21,16,5,11,5,3,2
S01009658,All people aged 16 to 74 in employment,344,322,105,217,22,2,20
S01009658,A B D E. Agriculture energy and water,17,17,2,15,0,0,0
S01009658,C. Manufacturing,52,52,2,50,0,0,0
S01009658,F. Construction,41,28,1,27,13,1,12
S01009658,G I. Distribution hotels and restaurants,66,62,34,28,4,0,4
S01009658,H J. Transport and communication,17,16,2,14,1,0,1
S01009658,K L M N. Financial real estate professional and administrative activities,25,24,9,15,1,0,1
S01009658,O P Q. Public administration education and health,117,115,54,61,2,1,1
S01009658,R S T U. Other,9,8,1,7,1,0,1
S01009659,All people aged 16 to 74 in employment,228,204,62,142,24,6,18
S01009659,A B D E. Agriculture energy and water,7,7,0,7,0,0,0
S01009659,C. Manufacturing,42,40,4,36,2,0,2
S01009659,F. Construction,18,13,1,12,5,1,4
S01009659,G I. Distribution hotels and restaurants,48,43,23,20,5,1,4
S01009659,H J. Transport and communication,9,8,0,8,1,0,1
S01009659,K L M N. Financial real estate professional and administrative activities,21,18,2,16,3,1,2
S01009659,O P Q. Public administration education and health,69,66,28,38,3,1,2
S01009659,R S T U. Other,14,9,4,5,5,2,3
S01009660,All people aged 16 to 74 in employment,468,427,119,308,41,10,31
S01009660,A B D E. Agriculture energy and water,12,12,1,11,0,0,0
S01009660,C. Manufacturing,79,77,6,71,2,1,1
S01009660,F. Construction,56,39,4,35,17,1,16
S01009660,G I. Distribution hotels and restaurants,92,89,43,46,3,0,3
S01009660,H J. Transport and communication,26,25,3,22,1,0,1
S01009660,K L M N. Financial real estate professional and administrative activities,35,28,5,23,7,2,5
S01009660,O P Q. Public administration education and health,145,138,46,92,7,3,4
S01009660,R S T U. Other,23,19,11,8,4,3,1
S01009661,All people aged 16 to 74 in employment,443,327,105,222,116,20,96
S01009661,A B D E. Agriculture energy and water,56,22,2,20,34,1,33
S01009661,C. Manufacturing,45,37,4,33,8,1,7
S01009661,F. Construction,38,21,2,19,17,0,17
S01009661,G I. Distribution hotels and restaurants,66,54,28,26,12,4,8
S01009661,H J. Transport and communication,23,13,8,5,10,3,7
S01009661,K L M N. Financial real estate professional and administrative activities,44,31,10,21,13,2,11
S01009661,O P Q. Public administration education and health,149,136,46,90,13,7,6
S01009661,R S T U. Other,22,13,5,8,9,2,7
S01009662,All people aged 16 to 74 in employment,371,302,79,223,69,16,53
S01009662,A B D E. Agriculture energy and water,28,17,1,16,11,4,7
S01009662,C. Manufacturing,46,41,6,35,5,0,5
S01009662,F. Construction,31,19,4,15,12,1,11
S01009662,G I. Distribution hotels and restaurants,67,51,20,31,16,1,15
S01009662,H J. Transport and communication,17,15,2,13,2,0,2
S01009662,K L M N. Financial real estate professional and administrative activities,46,36,8,28,10,4,6
S01009662,O P Q. Public administration education and health,120,113,36,77,7,2,5
S01009662,R S T U. Other,16,10,2,8,6,4,2
S01009663,All people aged 16 to 74 in employment,312,268,69,199,44,15,29
S01009663,A B D E. Agriculture energy and water,17,13,0,13,4,1,3
S01009663,C. Manufacturing,23,22,3,19,1,0,1
S01009663,F. Construction,24,18,2,16,6,1,5
S01009663,G I. Distribution hotels and restaurants,58,53,20,33,5,1,4
S01009663,H J. Transport and communication,19,12,2,10,7,2,5
S01009663,K L M N. Financial real estate professional and administrative activities,27,19,5,14,8,2,6
S01009663,O P Q. Public administration education and health,132,123,33,90,9,6,3
S01009663,R S T U. Other,12,8,4,4,4,2,2
S01009664,All people aged 16 to 74 in employment,463,371,110,261,92,29,63
S01009664,A B D E. Agriculture energy and water,35,24,2,22,11,1,10
S01009664,C. Manufacturing,26,22,3,19,4,1,3
S01009664,F. Construction,45,30,1,29,15,1,14
S01009664,G I. Distribution hotels and restaurants,66,55,31,24,11,1,10
S01009664,H J. Transport and communication,34,24,0,24,10,2,8
S01009664,K L M N. Financial real estate professional and administrative activities,59,42,12,30,17,10,7
S01009664,O P Q. Public administration education and health,180,161,57,104,19,10,9
S01009664,R S T U. Other,18,13,4,9,5,3,2
S01009665,All people aged 16 to 74 in employment,309,275,72,203,34,9,25
S01009665,A B D E. Agriculture energy and water,18,16,2,14,2,0,2
S01009665,C. Manufacturing,38,37,1,36,1,0,1
S01009665,F. Construction,35,25,1,24,10,3,7
S01009665,G I. Distribution hotels and restaurants,56,47,20,27,9,2,7
S01009665,H J. Transport and communication,13,11,2,9,2,1,1
S01009665,K L M N. Financial real estate professional and administrative activities,32,26,8,18,6,2,4
S01009665,O P Q. Public administration education and health,100,100,35,65,0,0,0
S01009665,R S T U. Other,17,13,3,10,4,1,3
S01009666,All people aged 16 to 74 in employment,362,301,75,226,61,13,48
S01009666,A B D E. Agriculture energy and water,23,17,2,15,6,0,6
S01009666,C. Manufacturing,28,25,1,24,3,0,3
S01009666,F. Construction,43,25,1,24,18,1,17
S01009666,G I. Distribution hotels and restaurants,61,50,22,28,11,1,10
S01009666,H J. Transport and communication,27,22,3,19,5,1,4
S01009666,K L M N. Financial real estate professional and administrative activities,42,36,13,23,6,5,1
S01009666,O P Q. Public administration education and health,120,115,31,84,5,2,3
S01009666,R S T U. Other,18,11,2,9,7,3,4
S01009667,All people aged 16 to 74 in employment,266,225,58,167,41,7,34
S01009667,A B D E. Agriculture energy and water,31,23,3,20,8,0,8
S01009667,C. Manufacturing,14,11,1,10,3,1,2
S01009667,F. Construction,24,12,0,12,12,1,11
S01009667,G I. Distribution hotels and restaurants,38,34,15,19,4,1,3
S01009667,H J. Transport and communication,14,14,0,14,0,0,0
S01009667,K L M N. Financial real estate professional and administrative activities,28,26,5,21,2,1,1
S01009667,O P Q. Public administration education and health,105,97,33,64,8,2,6
S01009667,R S T U. Other,12,8,1,7,4,1,3
S01009668,All people aged 16 to 74 in employment,308,270,66,204,38,11,27
S01009668,A B D E. Agriculture energy and water,14,12,1,11,2,0,2
S01009668,C. Manufacturing,29,26,4,22,3,0,3
S01009668,F. Construction,24,17,1,16,7,0,7
S01009668,G I. Distribution hotels and restaurants,64,58,23,35,6,0,6
S01009668,H J. Transport and communication,17,13,1,12,4,1,3
S01009668,K L M N. Financial real estate professional and administrative activities,33,28,7,21,5,5,0
S01009668,O P Q. Public administration education and health,112,105,26,79,7,2,5
S01009668,R S T U. Other,15,11,3,8,4,3,1
S01009669,All people aged 16 to 74 in employment,229,189,40,149,40,13,27
S01009669,A B D E. Agriculture energy and water,9,4,1,3,5,1,4
S01009669,C. Manufacturing,30,27,2,25,3,1,2
S01009669,F. Construction,29,17,0,17,12,1,11
S01009669,G I. Distribution hotels and restaurants,36,33,11,22,3,0,3
S01009669,H J. Transport and communication,10,8,1,7,2,1,1
S01009669,K L M N. Financial real estate professional and administrative activities,19,14,3,11,5,3,2
S01009669,O P Q. Public administration education and health,81,73,20,53,8,5,3
S01009669,R S T U. Other,15,13,2,11,2,1,1
S01009670,All people aged 16 to 74 in employment,395,333,89,244,62,19,43
S01009670,A B D E. Agriculture energy and water,14,11,1,10,3,0,3
S01009670,C. Manufacturing,49,47,1,46,2,0,2
S01009670,F. Construction,32,19,1,18,13,4,9
S01009670,G I. Distribution hotels and restaurants,64,54,25,29,10,1,9
S01009670,H J. Transport and communication,14,9,1,8,5,1,4
S01009670,K L M N. Financial real estate professional and administrative activities,54,39,10,29,15,8,7
S01009670,O P Q. Public administration education and health,149,141,45,96,8,3,5
S01009670,R S T U. Other,19,13,5,8,6,2,4
S01009671,All people aged 16 to 74 in employment,341,279,75,204,62,21,41
S01009671,A B D E. Agriculture energy and water,20,13,2,11,7,0,7
S01009671,C. Manufacturing,43,39,3,36,4,1,3
S01009671,F. Construction,24,15,1,14,9,2,7
S01009671,G I. Distribution hotels and restaurants,72,63,27,36,9,2,7
S01009671,H J. Transport and communication,19,15,1,14,4,2,2
S01009671,K L M N. Financial real estate professional and administrative activities,45,33,7,26,12,5,7
S01009671,O P Q. Public administration education and health,101,91,30,61,10,4,6
S01009671,R S T U. Other,17,10,4,6,7,5,2
S01009672,All people aged 16 to 74 in employment,381,346,103,243,35,13,22
S01009672,A B D E. Agriculture energy and water,14,13,1,12,1,0,1
S01009672,C. Manufacturing,50,47,7,40,3,1,2
S01009672,F. Construction,36,30,0,30,6,1,5
S01009672,G I. Distribution hotels and restaurants,63,56,23,33,7,2,5
S01009672,H J. Transport and communication,28,22,1,21,6,3,3
S01009672,K L M N. Financial real estate professional and administrative activities,43,37,8,29,6,3,3
S01009672,O P Q. Public administration education and health,130,126,57,69,4,2,2
S01009672,R S T U. Other,17,15,6,9,2,1,1
S01009673,All people aged 16 to 74 in employment,379,317,78,239,62,17,45
S01009673,A B D E. Agriculture energy and water,22,17,3,14,5,2,3
S01009673,C. Manufacturing,52,45,6,39,7,2,5
S01009673,F. Construction,33,22,0,22,11,2,9
S01009673,G I. Distribution hotels and restaurants,57,43,16,27,14,3,11
S01009673,H J. Transport and communication,18,13,1,12,5,1,4
S01009673,K L M N. Financial real estate professional and administrative activities,34,26,9,17,8,1,7
S01009673,O P Q. Public administration education and health,140,136,41,95,4,1,3
S01009673,R S T U. Other,23,15,2,13,8,5,3
S01009674,All people aged 16 to 74 in employment,429,344,91,253,85,24,61
S01009674,A B D E. Agriculture energy and water,42,22,4,18,20,2,18
S01009674,C. Manufacturing,47,42,6,36,5,2,3
S01009674,F. Construction,40,29,4,25,11,2,9
S01009674,G I. Distribution hotels and restaurants,58,47,23,24,11,2,9
S01009674,H J. Transport and communication,16,11,3,8,5,2,3
S01009674,K L M N. Financial real estate professional and administrative activities,66,52,9,43,14,5,9
S01009674,O P Q. Public administration education and health,130,120,37,83,10,5,5
S01009674,R S T U. Other,30,21,5,16,9,4,5
S01009675,All people aged 16 to 74 in employment,449,373,110,263,76,18,58
S01009675,A B D E. Agriculture energy and water,31,19,4,15,12,2,10
S01009675,C. Manufacturing,51,46,3,43,5,4,1
S01009675,F. Construction,39,26,5,21,13,0,13
S01009675,G I. Distribution hotels and restaurants,84,75,35,40,9,2,7
S01009675,H J. Transport and communication,19,13,1,12,6,2,4
S01009675,K L M N. Financial real estate professional and administrative activities,40,31,7,24,9,2,7
S01009675,O P Q. Public administration education and health,157,145,50,95,12,4,8
S01009675,R S T U. Other,28,18,5,13,10,2,8
S01009676,All people aged 16 to 74 in employment,410,338,100,238,72,19,53
S01009676,A B D E. Agriculture energy and water,44,27,5,22,17,4,13
S01009676,C. Manufacturing,29,27,2,25,2,0,2
S01009676,F. Construction,44,31,1,30,13,0,13
S01009676,G I. Distribution hotels and restaurants,79,68,26,42,11,2,9
S01009676,H J. Transport and communication,27,23,6,17,4,2,2
S01009676,K L M N. Financial real estate professional and administrative activities,37,24,11,13,13,5,8
S01009676,O P Q. Public administration education and health,128,125,45,80,3,1,2
S01009676,R S T U. Other,22,13,4,9,9,5,4
S01009677,All people aged 16 to 74 in employment,306,226,73,153,80,24,56
S01009677,A B D E. Agriculture energy and water,48,20,3,17,28,4,24
S01009677,C. Manufacturing,15,14,1,13,1,0,1
S01009677,F. Construction,24,14,0,14,10,0,10
S01009677,G I. Distribution hotels and restaurants,46,36,20,16,10,4,6
S01009677,H J. Transport and communication,19,15,4,11,4,4,0
S01009677,K L M N. Financial real estate professional and administrative activities,41,28,4,24,13,4,9
S01009677,O P Q. Public administration education and health,98,89,38,51,9,7,2
S01009677,R S T U. Other,15,10,3,7,5,1,4
S01009678,All people aged 16 to 74 in employment,294,249,69,180,45,12,33
S01009678,A B D E. Agriculture energy and water,20,16,2,14,4,1,3
S01009678,C. Manufacturing,32,28,3,25,4,1,3
S01009678,F. Construction,37,26,1,25,11,2,9
S01009678,G I. Distribution hotels and restaurants,53,47,24,23,6,0,6
S01009678,H J. Transport and communication,17,13,3,10,4,1,3
S01009678,K L M N. Financial real estate professional and administrative activities,42,33,4,29,9,5,4
S01009678,O P Q. Public administration education and health,73,69,26,43,4,1,3
S01009678,R S T U. Other,20,17,6,11,3,1,2
S01009679,All people aged 16 to 74 in employment,433,379,97,282,54,12,42
S01009679,A B D E. Agriculture energy and water,27,24,0,24,3,0,3
S01009679,C. Manufacturing,45,38,3,35,7,0,7
S01009679,F. Construction,50,42,4,38,8,1,7
S01009679,G I. Distribution hotels and restaurants,95,85,35,50,10,1,9
S01009679,H J. Transport and communication,17,15,2,13,2,0,2
S01009679,K L M N. Financial real estate professional and administrative activities,55,45,12,33,10,4,6
S01009679,O P Q. Public administration education and health,115,106,32,74,9,4,5
S01009679,R S T U. Other,29,24,9,15,5,2,3
S01009680,All people aged 16 to 74 in employment,402,342,98,244,60,17,43
S01009680,A B D E. Agriculture energy and water,38,30,3,27,8,3,5
S01009680,C. Manufacturing,31,30,1,29,1,0,1
S01009680,F. Construction,47,33,2,31,14,3,11
S01009680,G I. Distribution hotels and restaurants,84,74,37,37,10,2,8
S01009680,H J. Transport and communication,14,12,1,11,2,0,2
S01009680,K L M N. Financial real estate professional and administrative activities,43,38,11,27,5,0,5
S01009680,O P Q. Public administration education and health,109,105,36,69,4,1,3
S01009680,R S T U. Other,36,20,7,13,16,8,8
S01009681,All people aged 16 to 74 in employment,320,284,74,210,36,11,25
S01009681,A B D E. Agriculture energy and water,17,15,2,13,2,0,2
S01009681,C. Manufacturing,20,20,0,20,0,0,0
S01009681,F. Construction,25,17,1,16,8,1,7
S01009681,G I. Distribution hotels and restaurants,65,57,24,33,8,3,5
S01009681,H J. Transport and communication,13,11,2,9,2,1,1
S01009681,K L M N. Financial real estate professional and administrative activities,25,19,9,10,6,3,3
S01009681,O P Q. Public administration education and health,136,128,31,97,8,3,5
S01009681,R S T U. Other,19,17,5,12,2,0,2
S01009682,All people aged 16 to 74 in employment,304,282,78,204,22,5,17
S01009682,A B D E. Agriculture energy and water,12,12,0,12,0,0,0
S01009682,C. Manufacturing,21,19,2,17,2,0,2
S01009682,F. Construction,18,15,2,13,3,0,3
S01009682,G I. Distribution hotels and restaurants,49,45,19,26,4,1,3
S01009682,H J. Transport and communication,16,14,2,12,2,1,1
S01009682,K L M N. Financial real estate professional and administrative activities,27,25,5,20,2,0,2
S01009682,O P Q. Public administration education and health,139,132,41,91,7,2,5
S01009682,R S T U. Other,22,20,7,13,2,1,1
S01009683,All people aged 16 to 74 in employment,361,316,92,224,45,8,37
S01009683,A B D E. Agriculture energy and water,8,8,0,8,0,0,0
S01009683,C. Manufacturing,12,11,0,11,1,0,1
S01009683,F. Construction,21,16,2,14,5,0,5
S01009683,G I. Distribution hotels and restaurants,75,65,36,29,10,1,9
S01009683,H J. Transport and communication,16,15,1,14,1,1,0
S01009683,K L M N. Financial real estate professional and administrative activities,54,35,4,31,19,3,16
S01009683,O P Q. Public administration education and health,157,151,48,103,6,1,5
S01009683,R S T U. Other,18,15,1,14,3,2,1
S01009684,All people aged 16 to 74 in employment,561,457,114,343,104,31,73
S01009684,A B D E. Agriculture energy and water,39,21,3,18,18,2,16
S01009684,C. Manufacturing,38,35,2,33,3,1,2
S01009684,F. Construction,32,20,2,18,12,2,10
S01009684,G I. Distribution hotels and restaurants,88,76,29,47,12,2,10
S01009684,H J. Transport and communication,25,18,2,16,7,1,6
S01009684,K L M N. Financial real estate professional and administrative activities,88,59,15,44,29,8,21
S01009684,O P Q. Public administration education and health,222,211,59,152,11,7,4
S01009684,R S T U. Other,29,17,2,15,12,8,4
S01009685,All people aged 16 to 74 in employment,282,253,68,185,29,5,24
S01009685,A B D E. Agriculture energy and water,18,15,1,14,3,0,3
S01009685,C. Manufacturing,31,28,2,26,3,0,3
S01009685,F. Construction,28,19,0,19,9,1,8
S01009685,G I. Distribution hotels and restaurants,51,46,16,30,5,1,4
S01009685,H J. Transport and communication,13,12,1,11,1,1,0
S01009685,K L M N. Financial real estate professional and administrative activities,29,25,5,20,4,2,2
S01009685,O P Q. Public administration education and health,101,98,40,58,3,0,3
S01009685,R S T U. Other,11,10,3,7,1,0,1
S01009686,All people aged 16 to 74 in employment,526,483,144,339,43,8,35
S01009686,A B D E. Agriculture energy and water,15,15,1,14,0,0,0
S01009686,C. Manufacturing,21,20,3,17,1,0,1
S01009686,F. Construction,41,30,2,28,11,0,11
S01009686,G I. Distribution hotels and restaurants,135,125,59,66,10,3,7
S01009686,H J. Transport and communication,29,27,4,23,2,0,2
S01009686,K L M N. Financial real estate professional and administrative activities,41,36,9,27,5,1,4
S01009686,O P Q. Public administration education and health,199,190,58,132,9,3,6
S01009686,R S T U. Other,45,40,8,32,5,1,4
S01009687,All people aged 16 to 74 in employment,346,309,90,219,37,13,24
S01009687,A B D E. Agriculture energy and water,11,8,0,8,3,1,2
S01009687,C. Manufacturing,15,13,4,9,2,2,0
S01009687,F. Construction,31,24,0,24,7,1,6
S01009687,G I. Distribution hotels and restaurants,75,71,34,37,4,1,3
S01009687,H J. Transport and communication,19,13,3,10,6,0,6
S01009687,K L M N. Financial real estate professional and administrative activities,31,27,7,20,4,3,1
S01009687,O P Q. Public administration education and health,142,134,34,100,8,3,5
S01009687,R S T U. Other,22,19,8,11,3,2,1
S01009688,All people aged 16 to 74 in employment,359,336,103,233,23,6,17
S01009688,A B D E. Agriculture energy and water,10,9,1,8,1,0,1
S01009688,C. Manufacturing,26,24,0,24,2,1,1
S01009688,F. Construction,22,15,2,13,7,2,5
S01009688,G I. Distribution hotels and restaurants,105,100,43,57,5,1,4
S01009688,H J. Transport and communication,18,16,4,12,2,0,2
S01009688,K L M N. Financial real estate professional and administrative activities,24,19,6,13,5,1,4
S01009688,O P Q. Public administration education and health,126,125,41,84,1,1,0
S01009688,R S T U. Other,28,28,6,22,0,0,0
S01009689,All people aged 16 to 74 in employment,306,270,63,207,36,13,23
S01009689,A B D E. Agriculture energy and water,5,5,1,4,0,0,0
S01009689,C. Manufacturing,14,14,0,14,0,0,0
S01009689,F. Construction,19,13,0,13,6,0,6
S01009689,G I. Distribution hotels and restaurants,70,63,20,43,7,1,6
S01009689,H J. Transport and communication,20,15,5,10,5,0,5
S01009689,K L M N. Financial real estate professional and administrative activities,24,17,2,15,7,5,2
S01009689,O P Q. Public administration education and health,122,117,31,86,5,4,1
S01009689,R S T U. Other,32,26,4,22,6,3,3
S01009690,All people aged 16 to 74 in employment,354,318,71,247,36,10,26
S01009690,A B D E. Agriculture energy and water,10,9,0,9,1,0,1
S01009690,C. Manufacturing,19,19,1,18,0,0,0
S01009690,F. Construction,26,16,2,14,10,1,9
S01009690,G I. Distribution hotels and restaurants,82,77,26,51,5,1,4
S01009690,H J. Transport and communication,21,14,1,13,7,1,6
S01009690,K L M N. Financial real estate professional and administrative activities,33,27,5,22,6,3,3
S01009690,O P Q. Public administration education and health,146,141,32,109,5,3,2
S01009690,R S T U. Other,17,15,4,11,2,1,1
S01009691,All people aged 16 to 74 in employment,281,250,66,184,31,9,22
S01009691,A B D E. Agriculture energy and water,4,3,0,3,1,0,1
S01009691,C. Manufacturing,20,19,1,18,1,0,1
S01009691,F. Construction,14,9,1,8,5,1,4
S01009691,G I. Distribution hotels and restaurants,61,56,26,30,5,1,4
S01009691,H J. Transport and communication,13,11,2,9,2,0,2
S01009691,K L M N. Financial real estate professional and administrative activities,41,31,4,27,10,5,5
S01009691,O P Q. Public administration education and health,114,108,30,78,6,2,4
S01009691,R S T U. Other,14,13,2,11,1,0,1
S01009692,All people aged 16 to 74 in employment,451,394,112,282,57,18,39
S01009692,A B D E. Agriculture energy and water,13,12,1,11,1,0,1
S01009692,C. Manufacturing,35,31,4,27,4,1,3
S01009692,F. Construction,28,21,3,18,7,0,7
S01009692,G I. Distribution hotels and restaurants,85,74,32,42,11,4,7
S01009692,H J. Transport and communication,32,21,3,18,11,5,6
S01009692,K L M N. Financial real estate professional and administrative activities,45,34,11,23,11,5,6
S01009692,O P Q. Public administration education and health,179,174,50,124,5,2,3
S01009692,R S T U. Other,34,27,8,19,7,1,6
S01009693,All people aged 16 to 74 in employment,301,267,83,184,34,15,19
S01009693,A B D E. Agriculture energy and water,11,10,2,8,1,0,1
S01009693,C. Manufacturing,19,18,0,18,1,0,1
S01009693,F. Construction,18,10,0,10,8,1,7
S01009693,G I. Distribution hotels and restaurants,44,43,25,18,1,0,1
S01009693,H J. Transport and communication,14,12,7,5,2,1,1
S01009693,K L M N. Financial real estate professional and administrative activities,37,27,3,24,10,6,4
S01009693,O P Q. Public administration education and health,139,132,40,92,7,5,2
S01009693,R S T U. Other,19,15,6,9,4,2,2
S01009694,All people aged 16 to 74 in employment,428,388,117,271,40,15,25
S01009694,A B D E. Agriculture energy and water,8,8,1,7,0,0,0
S01009694,C. Manufacturing,37,36,5,31,1,0,1
S01009694,F. Construction,26,17,3,14,9,2,7
S01009694,G I. Distribution hotels and restaurants,66,61,32,29,5,2,3
S01009694,H J. Transport and communication,27,22,2,20,5,1,4
S01009694,K L M N. Financial real estate professional and administrative activities,47,37,9,28,10,3,7
S01009694,O P Q. Public administration education and health,183,178,55,123,5,3,2
S01009694,R S T U. Other,34,29,10,19,5,4,1
S01009695,All people aged 16 to 74 in employment,294,229,64,165,65,20,45
S01009695,A B D E. Agriculture energy and water,27,11,1,10,16,1,15
S01009695,C. Manufacturing,21,18,2,16,3,0,3
S01009695,F. Construction,19,10,2,8,9,2,7
S01009695,G I. Distribution hotels and restaurants,55,44,24,20,11,4,7
S01009695,H J. Transport and communication,14,12,0,12,2,1,1
S01009695,K L M N. Financial real estate professional and administrative activities,30,25,9,16,5,2,3
S01009695,O P Q. Public administration education and health,106,93,23,70,13,8,5
S01009695,R S T U. Other,22,16,3,13,6,2,4
S01009696,All people aged 16 to 74 in employment,461,371,105,266,90,26,64
S01009696,A B D E. Agriculture energy and water,29,22,2,20,7,1,6
S01009696,C. Manufacturing,31,24,4,20,7,2,5
S01009696,F. Construction,37,22,4,18,15,2,13
S01009696,G I. Distribution hotels and restaurants,79,68,28,40,11,3,8
S01009696,H J. Transport and communication,15,8,3,5,7,1,6
S01009696,K L M N. Financial real estate professional and administrative activities,52,35,11,24,17,5,12
S01009696,O P Q. Public administration education and health,193,176,50,126,17,8,9
S01009696,R S T U. Other,25,16,3,13,9,4,5
S01009697,All people aged 16 to 74 in employment,349,280,68,212,69,17,52
S01009697,A B D E. Agriculture energy and water,21,8,2,6,13,4,9
S01009697,C. Manufacturing,14,13,2,11,1,0,1
S01009697,F. Construction,21,11,2,9,10,5,5
S01009697,G I. Distribution hotels and restaurants,67,53,19,34,14,0,14
S01009697,H J. Transport and communication,23,18,5,13,5,0,5
S01009697,K L M N. Financial real estate professional and administrative activities,46,30,7,23,16,6,10
S01009697,O P Q. Public administration education and health,133,126,25,101,7,2,5
S01009697,R S T U. Other,24,21,6,15,3,0,3
S01009698,All people aged 16 to 74 in employment,307,222,54,168,85,20,65
S01009698,A B D E. Agriculture energy and water,33,14,3,11,19,2,17
S01009698,C. Manufacturing,10,9,0,9,1,0,1
S01009698,F. Construction,23,10,1,9,13,2,11
S01009698,G I. Distribution hotels and restaurants,68,49,18,31,19,6,13
S01009698,H J. Transport and communication,11,6,0,6,5,0,5
S01009698,K L M N. Financial real estate professional and administrative activities,37,24,6,18,13,5,8
S01009698,O P Q. Public administration education and health,96,90,22,68,6,3,3
S01009698,R S T U. Other,29,20,4,16,9,2,7
S01009699,All people aged 16 to 74 in employment,168,130,45,85,38,9,29
S01009699,A B D E. Agriculture energy and water,14,9,2,7,5,0,5
S01009699,C. Manufacturing,6,6,0,6,0,0,0
S01009699,F. Construction,10,5,0,5,5,0,5
S01009699,G I. Distribution hotels and restaurants,40,31,14,17,9,1,8
S01009699,H J. Transport and communication,10,8,1,7,2,0,2
S01009699,K L M N. Financial real estate professional and administrative activities,29,19,5,14,10,5,5
S01009699,O P Q. Public administration education and health,44,41,20,21,3,2,1
S01009699,R S T U. Other,15,11,3,8,4,1,3
S01009700,All people aged 16 to 74 in employment,302,234,65,169,68,20,48
S01009700,A B D E. Agriculture energy and water,25,18,1,17,7,0,7
S01009700,C. Manufacturing,14,8,0,8,6,1,5
S01009700,F. Construction,26,16,0,16,10,3,7
S01009700,G I. Distribution hotels and restaurants,75,60,30,30,15,5,10
S01009700,H J. Transport and communication,6,6,0,6,0,0,0
S01009700,K L M N. Financial real estate professional and administrative activities,33,22,1,21,11,1,10
S01009700,O P Q. Public administration education and health,84,74,22,52,10,5,5
S01009700,R S T U. Other,39,30,11,19,9,5,4
S01009701,All people aged 16 to 74 in employment,152,104,32,72,48,19,29
S01009701,A B D E. Agriculture energy and water,4,3,1,2,1,0,1
S01009701,C. Manufacturing,4,3,0,3,1,1,0
S01009701,F. Construction,8,4,1,3,4,0,4
S01009701,G I. Distribution hotels and restaurants,36,28,14,14,8,5,3
S01009701,H J. Transport and communication,4,2,1,1,2,0,2
S01009701,K L M N. Financial real estate professional and administrative activities,24,11,2,9,13,4,9
S01009701,O P Q. Public administration education and health,44,36,12,24,8,5,3
S01009701,R S T U. Other,28,17,1,16,11,4,7
S01009702,All people aged 16 to 74 in employment,316,225,64,161,91,26,65
S01009702,A B D E. Agriculture energy and water,40,20,1,19,20,2,18
S01009702,C. Manufacturing,19,14,3,11,5,3,2
S01009702,F. Construction,34,17,2,15,17,3,14
S01009702,G I. Distribution hotels and restaurants,61,52,24,28,9,3,6
S01009702,H J. Transport and communication,12,8,1,7,4,2,2
S01009702,K L M N. Financial real estate professional and administrative activities,33,19,7,12,14,5,9
S01009702,O P Q. Public administration education and health,95,80,22,58,15,6,9
S01009702,R S T U. Other,22,15,4,11,7,2,5
S01009703,All people aged 16 to 74 in employment,257,210,67,143,47,13,34
S01009703,A B D E. Agriculture energy and water,20,14,1,13,6,2,4
S01009703,C. Manufacturing,13,12,1,11,1,0,1
S01009703,F. Construction,22,16,2,14,6,1,5
S01009703,G I. Distribution hotels and restaurants,67,56,27,29,11,1,10
S01009703,H J. Transport and communication,14,10,3,7,4,2,2
S01009703,K L M N. Financial real estate professional and administrative activities,24,16,6,10,8,4,4
S01009703,O P Q. Public administration education and health,78,71,20,51,7,3,4
S01009703,R S T U. Other,19,15,7,8,4,0,4
S01009704,All people aged 16 to 74 in employment,448,330,116,214,118,32,86
S01009704,A B D E. Agriculture energy and water,25,15,1,14,10,2,8
S01009704,C. Manufacturing,25,18,0,18,7,2,5
S01009704,F. Construction,33,13,0,13,20,2,18
S01009704,G I. Distribution hotels and restaurants,111,85,48,37,26,6,20
S01009704,H J. Transport and communication,18,12,2,10,6,2,4
S01009704,K L M N. Financial real estate professional and administrative activities,51,33,10,23,18,4,14
S01009704,O P Q. Public administration education and health,144,129,40,89,15,7,8
S01009704,R S T U. Other,41,25,15,10,16,7,9
S01009705,All people aged 16 to 74 in employment,364,292,91,201,72,19,53
S01009705,A B D E. Agriculture energy and water,19,12,0,12,7,1,6
S01009705,C. Manufacturing,30,23,1,22,7,0,7
S01009705,F. Construction,37,26,2,24,11,0,11
S01009705,G I. Distribution hotels and restaurants,90,76,38,38,14,2,12
S01009705,H J. Transport and communication,28,24,3,21,4,2,2
S01009705,K L M N. Financial real estate professional and administrative activities,36,28,7,21,8,3,5
S01009705,O P Q. Public administration education and health,90,81,31,50,9,6,3
S01009705,R S T U. Other,34,22,9,13,12,5,7
S01009706,All people aged 16 to 74 in employment,286,212,62,150,74,25,49
S01009706,A B D E. Agriculture energy and water,18,7,0,7,11,2,9
S01009706,C. Manufacturing,22,19,1,18,3,1,2
S01009706,F. Construction,16,7,1,6,9,0,9
S01009706,G I. Distribution hotels and restaurants,66,49,20,29,17,5,12
S01009706,H J. Transport and communication,9,7,1,6,2,0,2
S01009706,K L M N. Financial real estate professional and administrative activities,30,18,6,12,12,4,8
S01009706,O P Q. Public administration education and health,96,88,25,63,8,6,2
S01009706,R S T U. Other,29,17,8,9,12,7,5
S01009707,All people aged 16 to 74 in employment,255,215,49,166,40,6,34
S01009707,A B D E. Agriculture energy and water,12,9,1,8,3,0,3
S01009707,C. Manufacturing,18,16,0,16,2,0,2
S01009707,F. Construction,13,8,1,7,5,0,5
S01009707,G I. Distribution hotels and restaurants,61,47,17,30,14,1,13
S01009707,H J. Transport and communication,8,7,0,7,1,0,1
S01009707,K L M N. Financial real estate professional and administrative activities,19,15,4,11,4,2,2
S01009707,O P Q. Public administration education and health,109,105,22,83,4,2,2
S01009707,R S T U. Other,15,8,4,4,7,1,6
S01009708,All people aged 16 to 74 in employment,264,205,72,133,59,9,50
S01009708,A B D E. Agriculture energy and water,20,14,0,14,6,0,6
S01009708,C. Manufacturing,13,11,2,9,2,0,2
S01009708,F. Construction,17,7,0,7,10,0,10
S01009708,G I. Distribution hotels and restaurants,69,48,30,18,21,4,17
S01009708,H J. Transport and communication,9,7,3,4,2,0,2
S01009708,K L M N. Financial real estate professional and administrative activities,34,29,11,18,5,1,4
S01009708,O P Q. Public administration education and health,84,79,23,56,5,1,4
S01009708,R S T U. Other,18,10,3,7,8,3,5
S01009709,All people aged 16 to 74 in employment,368,302,99,203,66,13,53
S01009709,A B D E. Agriculture energy and water,20,18,2,16,2,0,2
S01009709,C. Manufacturing,20,19,1,18,1,0,1
S01009709,F. Construction,39,25,2,23,14,1,13
S01009709,G I. Distribution hotels and restaurants,81,61,30,31,20,2,18
S01009709,H J. Transport and communication,25,19,3,16,6,1,5
S01009709,K L M N. Financial real estate professional and administrative activities,37,29,11,18,8,3,5
S01009709,O P Q. Public administration education and health,116,110,43,67,6,3,3
S01009709,R S T U. Other,30,21,7,14,9,3,6
S01009710,All people aged 16 to 74 in employment,282,226,82,144,56,13,43
S01009710,A B D E. Agriculture energy and water,28,20,2,18,8,1,7
S01009710,C. Manufacturing,11,10,2,8,1,0,1
S01009710,F. Construction,20,14,2,12,6,1,5
S01009710,G I. Distribution hotels and restaurants,83,57,32,25,26,5,21
S01009710,H J. Transport and communication,8,6,0,6,2,1,1
S01009710,K L M N. Financial real estate professional and administrative activities,27,22,8,14,5,2,3
S01009710,O P Q. Public administration education and health,88,86,32,54,2,0,2
S01009710,R S T U. Other,17,11,4,7,6,3,3
S01009711,All people aged 16 to 74 in employment,346,268,85,183,78,14,64
S01009711,A B D E. Agriculture energy and water,16,12,0,12,4,0,4
S01009711,C. Manufacturing,23,14,1,13,9,2,7
S01009711,F. Construction,33,24,3,21,9,0,9
S01009711,G I. Distribution hotels and restaurants,105,79,38,41,26,5,21
S01009711,H J. Transport and communication,13,6,0,6,7,1,6
S01009711,K L M N. Financial real estate professional and administrative activities,33,26,3,23,7,1,6
S01009711,O P Q. Public administration education and health,98,89,32,57,9,3,6
S01009711,R S T U. Other,25,18,8,10,7,2,5
S01009712,All people aged 16 to 74 in employment,267,209,68,141,58,17,41
S01009712,A B D E. Agriculture energy and water,24,16,1,15,8,0,8
S01009712,C. Manufacturing,11,6,0,6,5,0,5
S01009712,F. Construction,17,12,3,9,5,1,4
S01009712,G I. Distribution hotels and restaurants,64,47,25,22,17,4,13
S01009712,H J. Transport and communication,13,9,3,6,4,2,2
S01009712,K L M N. Financial real estate professional and administrative activities,34,26,7,19,8,4,4
S01009712,O P Q. Public administration education and health,86,79,26,53,7,3,4
S01009712,R S T U. Other,18,14,3,11,4,3,1
S01009713,All people aged 16 to 74 in employment,361,275,89,186,86,29,57
S01009713,A B D E. Agriculture energy and water,24,6,1,5,18,4,14
S01009713,C. Manufacturing,9,5,0,5,4,1,3
S01009713,F. Construction,34,23,0,23,11,2,9
S01009713,G I. Distribution hotels and restaurants,83,67,32,35,16,5,11
S01009713,H J. Transport and communication,19,15,2,13,4,0,4
S01009713,K L M N. Financial real estate professional and administrative activities,38,29,12,17,9,4,5
S01009713,O P Q. Public administration education and health,120,109,33,76,11,7,4
S01009713,R S T U. Other,34,21,9,12,13,6,7
S01009714,All people aged 16 to 74 in employment,384,300,88,212,84,25,59
S01009714,A B D E. Agriculture energy and water,14,6,0,6,8,2,6
S01009714,C. Manufacturing,11,9,4,5,2,1,1
S01009714,F. Construction,26,14,2,12,12,3,9
S01009714,G I. Distribution hotels and restaurants,124,93,43,50,31,7,24
S01009714,H J. Transport and communication,16,13,1,12,3,0,3
S01009714,K L M N. Financial real estate professional and administrative activities,37,25,8,17,12,5,7
S01009714,O P Q. Public administration education and health,126,121,26,95,5,1,4
S01009714,R S T U. Other,30,19,4,15,11,6,5
S01009715,All people aged 16 to 74 in employment,320,236,49,187,84,25,59
S01009715,A B D E. Agriculture energy and water,40,15,1,14,25,2,23
S01009715,C. Manufacturing,8,5,0,5,3,1,2
S01009715,F. Construction,17,9,1,8,8,2,6
S01009715,G I. Distribution hotels and restaurants,43,36,11,25,7,3,4
S01009715,H J. Transport and communication,16,8,2,6,8,3,5
S01009715,K L M N. Financial real estate professional and administrative activities,36,21,4,17,15,5,10
S01009715,O P Q. Public administration education and health,126,116,25,91,10,6,4
S01009715,R S T U. Other,34,26,5,21,8,3,5
S01009716,All people aged 16 to 74 in employment,283,241,76,165,42,10,32
S01009716,A B D E. Agriculture energy and water,3,2,0,2,1,0,1
S01009716,C. Manufacturing,5,4,2,2,1,0,1
S01009716,F. Construction,10,6,1,5,4,1,3
S01009716,G I. Distribution hotels and restaurants,65,49,19,30,16,4,12
S01009716,H J. Transport and communication,19,15,5,10,4,0,4
S01009716,K L M N. Financial real estate professional and administrative activities,24,15,1,14,9,1,8
S01009716,O P Q. Public administration education and health,130,125,34,91,5,3,2
S01009716,R S T U. Other,27,25,14,11,2,1,1
S01009717,All people aged 16 to 74 in employment,305,284,140,144,21,6,15
S01009717,A B D E. Agriculture energy and water,7,6,1,5,1,0,1
S01009717,C. Manufacturing,4,4,1,3,0,0,0
S01009717,F. Construction,13,8,1,7,5,2,3
S01009717,G I. Distribution hotels and restaurants,99,97,63,34,2,1,1
S01009717,H J. Transport and communication,18,13,2,11,5,1,4
S01009717,K L M N. Financial real estate professional and administrative activities,23,21,9,12,2,1,1
S01009717,O P Q. Public administration education and health,118,117,52,65,1,0,1
S01009717,R S T U. Other,23,18,11,7,5,1,4
S01009718,All people aged 16 to 74 in employment,319,295,113,182,24,8,16
S01009718,A B D E. Agriculture energy and water,5,5,0,5,0,0,0
S01009718,C. Manufacturing,13,11,3,8,2,0,2
S01009718,F. Construction,13,11,1,10,2,0,2
S01009718,G I. Distribution hotels and restaurants,100,96,48,48,4,1,3
S01009718,H J. Transport and communication,21,17,4,13,4,1,3
S01009718,K L M N. Financial real estate professional and administrative activities,20,14,5,9,6,2,4
S01009718,O P Q. Public administration education and health,129,125,48,77,4,2,2
S01009718,R S T U. Other,18,16,4,12,2,2,0
S01009719,All people aged 16 to 74 in employment,345,313,111,202,32,11,21
S01009719,A B D E. Agriculture energy and water,9,6,1,5,3,1,2
S01009719,C. Manufacturing,6,6,1,5,0,0,0
S01009719,F. Construction,25,19,2,17,6,0,6
S01009719,G I. Distribution hotels and restaurants,110,103,45,58,7,3,4
S01009719,H J. Transport and communication,13,9,2,7,4,2,2
S01009719,K L M N. Financial real estate professional and administrative activities,27,22,5,17,5,2,3
S01009719,O P Q. Public administration education and health,122,118,48,70,4,2,2
S01009719,R S T U. Other,33,30,7,23,3,1,2
S01009720,All people aged 16 to 74 in employment,341,320,111,209,21,7,14
S01009720,A B D E. Agriculture energy and water,5,2,0,2,3,1,2
S01009720,C. Manufacturing,4,4,0,4,0,0,0
S01009720,F. Construction,22,20,2,18,2,0,2
S01009720,G I. Distribution hotels and restaurants,108,105,36,69,3,1,2
S01009720,H J. Transport and communication,13,10,1,9,3,0,3
S01009720,K L M N. Financial real estate professional and administrative activities,22,17,4,13,5,3,2
S01009720,O P Q. Public administration education and health,139,135,60,75,4,1,3
S01009720,R S T U. Other,28,27,8,19,1,1,0
S01009721,All people aged 16 to 74 in employment,154,134,82,52,20,11,9
S01009721,A B D E. Agriculture energy and water,2,1,0,1,1,1,0
S01009721,C. Manufacturing,4,3,0,3,1,0,1
S01009721,F. Construction,4,3,0,3,1,0,1
S01009721,G I. Distribution hotels and restaurants,63,61,47,14,2,0,2
S01009721,H J. Transport and communication,6,4,1,3,2,2,0
S01009721,K L M N. Financial real estate professional and administrative activities,8,7,4,3,1,1,0
S01009721,O P Q. Public administration education and health,53,47,24,23,6,4,2
S01009721,R S T U. Other,14,8,6,2,6,3,3
S01009722,All people aged 16 to 74 in employment,269,241,142,99,28,16,12
S01009722,A B D E. Agriculture energy and water,3,3,0,3,0,0,0
S01009722,C. Manufacturing,7,4,0,4,3,2,1
S01009722,F. Construction,3,1,1,0,2,1,1
S01009722,G I. Distribution hotels and restaurants,90,80,71,9,10,3,7
S01009722,H J. Transport and communication,4,2,0,2,2,1,1
S01009722,K L M N. Financial real estate professional and administrative activities,15,13,5,8,2,1,1
S01009722,O P Q. Public administration education and health,129,122,55,67,7,6,1
S01009722,R S T U. Other,18,16,10,6,2,2,0
S01009723,All people aged 16 to 74 in employment,197,175,108,67,22,13,9
S01009723,A B D E. Agriculture energy and water,1,0,0,0,1,1,0
S01009723,C. Manufacturing,1,1,0,1,0,0,0
S01009723,F. Construction,1,1,0,1,0,0,0
S01009723,G I. Distribution hotels and restaurants,64,61,44,17,3,0,3
S01009723,H J. Transport and communication,4,1,0,1,3,3,0
S01009723,K L M N. Financial real estate professional and administrative activities,21,17,5,12,4,1,3
S01009723,O P Q. Public administration education and health,83,77,48,29,6,5,1
S01009723,R S T U. Other,22,17,11,6,5,3,2
S01009724,All people aged 16 to 74 in employment,360,324,136,188,36,18,18
S01009724,A B D E. Agriculture energy and water,5,3,0,3,2,0,2
S01009724,C. Manufacturing,4,4,0,4,0,0,0
S01009724,F. Construction,16,9,1,8,7,5,2
S01009724,G I. Distribution hotels and restaurants,115,111,59,52,4,0,4
S01009724,H J. Transport and communication,13,10,1,9,3,1,2
S01009724,K L M N. Financial real estate professional and administrative activities,21,14,3,11,7,3,4
S01009724,O P Q. Public administration education and health,159,151,63,88,8,5,3
S01009724,R S T U. Other,27,22,9,13,5,4,1
S01009725,All people aged 16 to 74 in employment,206,187,126,61,19,12,7
S01009725,A B D E. Agriculture energy and water,2,1,1,0,1,0,1
S01009725,C. Manufacturing,3,3,0,3,0,0,0
S01009725,F. Construction,2,0,0,0,2,2,0
S01009725,G I. Distribution hotels and restaurants,96,93,78,15,3,0,3
S01009725,H J. Transport and communication,6,2,1,1,4,4,0
S01009725,K L M N. Financial real estate professional and administrative activities,15,11,7,4,4,4,0
S01009725,O P Q. Public administration education and health,64,61,28,33,3,2,1
S01009725,R S T U. Other,18,16,11,5,2,0,2
S01009726,All people aged 16 to 74 in employment,220,174,118,56,46,17,29
S01009726,A B D E. Agriculture energy and water,3,0,0,0,3,2,1
S01009726,C. Manufacturing,5,5,1,4,0,0,0
S01009726,F. Construction,2,2,1,1,0,0,0
S01009726,G I. Distribution hotels and restaurants,104,80,70,10,24,5,19
S01009726,H J. Transport and communication,6,5,2,3,1,0,1
S01009726,K L M N. Financial real estate professional and administrative activities,25,16,8,8,9,6,3
S01009726,O P Q. Public administration education and health,63,59,31,28,4,4,0
S01009726,R S T U. Other,12,7,5,2,5,0,5
S01009727,All people aged 16 to 74 in employment,375,300,97,203,75,23,52
S01009727,A B D E. Agriculture energy and water,31,24,3,21,7,2,5
S01009727,C. Manufacturing,15,14,1,13,1,1,0
S01009727,F. Construction,14,8,1,7,6,0,6
S01009727,G I. Distribution hotels and restaurants,89,74,35,39,15,2,13
S01009727,H J. Transport and communication,11,7,3,4,4,2,2
S01009727,K L M N. Financial real estate professional and administrative activities,40,23,7,16,17,6,11
S01009727,O P Q. Public administration education and health,146,130,43,87,16,8,8
S01009727,R S T U. Other,29,20,4,16,9,2,7
S01009728,All people aged 16 to 74 in employment,353,308,87,221,45,14,31
S01009728,A B D E. Agriculture energy and water,10,7,0,7,3,1,2
S01009728,C. Manufacturing,19,18,1,17,1,0,1
S01009728,F. Construction,12,5,1,4,7,1,6
S01009728,G I. Distribution hotels and restaurants,61,54,25,29,7,0,7
S01009728,H J. Transport and communication,13,8,1,7,5,2,3
S01009728,K L M N. Financial real estate professional and administrative activities,40,29,8,21,11,4,7
S01009728,O P Q. Public administration education and health,176,169,47,122,7,5,2
S01009728,R S T U. Other,22,18,4,14,4,1,3
S01009729,All people aged 16 to 74 in employment,264,231,56,175,33,12,21
S01009729,A B D E. Agriculture energy and water,5,5,0,5,0,0,0
S01009729,C. Manufacturing,14,12,1,11,2,1,1
S01009729,F. Construction,13,5,0,5,8,0,8
S01009729,G I. Distribution hotels and restaurants,47,44,16,28,3,0,3
S01009729,H J. Transport and communication,13,8,1,7,5,1,4
S01009729,K L M N. Financial real estate professional and administrative activities,24,20,7,13,4,4,0
S01009729,O P Q. Public administration education and health,126,121,27,94,5,3,2
S01009729,R S T U. Other,22,16,4,12,6,3,3
S01009730,All people aged 16 to 74 in employment,256,228,81,147,28,7,21
S01009730,A B D E. Agriculture energy and water,2,1,0,1,1,1,0
S01009730,C. Manufacturing,11,11,0,11,0,0,0
S01009730,F. Construction,8,5,1,4,3,0,3
S01009730,G I. Distribution hotels and restaurants,57,51,24,27,6,0,6
S01009730,H J. Transport and communication,14,12,5,7,2,0,2
S01009730,K L M N. Financial real estate professional and administrative activities,31,23,9,14,8,4,4
S01009730,O P Q. Public administration education and health,101,98,33,65,3,1,2
S01009730,R S T U. Other,32,27,9,18,5,1,4
S01009731,All people aged 16 to 74 in employment,184,148,49,99,36,12,24
S01009731,A B D E. Agriculture energy and water,1,1,0,1,0,0,0
S01009731,C. Manufacturing,8,7,0,7,1,0,1
S01009731,F. Construction,4,1,0,1,3,1,2
S01009731,G I. Distribution hotels and restaurants,30,23,14,9,7,0,7
S01009731,H J. Transport and communication,14,6,0,6,8,2,6
S01009731,K L M N. Financial real estate professional and administrative activities,22,16,5,11,6,5,1
S01009731,O P Q. Public administration education and health,80,72,18,54,8,4,4
S01009731,R S T U. Other,25,22,12,10,3,0,3
S01009732,All people aged 16 to 74 in employment,259,215,103,112,44,14,30
S01009732,A B D E. Agriculture energy and water,3,1,0,1,2,1,1
S01009732,C. Manufacturing,10,7,2,5,3,0,3
S01009732,F. Construction,11,7,1,6,4,0,4
S01009732,G I. Distribution hotels and restaurants,81,72,47,25,9,2,7
S01009732,H J. Transport and communication,8,6,2,4,2,0,2
S01009732,K L M N. Financial real estate professional and administrative activities,29,18,6,12,11,5,6
S01009732,O P Q. Public administration education and health,97,91,38,53,6,2,4
S01009732,R S T U. Other,20,13,7,6,7,4,3
S01009733,All people aged 16 to 74 in employment,251,205,69,136,46,14,32
S01009733,A B D E. Agriculture energy and water,9,8,1,7,1,0,1
S01009733,C. Manufacturing,8,8,0,8,0,0,0
S01009733,F. Construction,15,9,4,5,6,0,6
S01009733,G I. Distribution hotels and restaurants,43,31,15,16,12,2,10
S01009733,H J. Transport and communication,18,12,5,7,6,1,5
S01009733,K L M N. Financial real estate professional and administrative activities,28,16,6,10,12,5,7
S01009733,O P Q. Public administration education and health,112,107,33,74,5,4,1
S01009733,R S T U. Other,18,14,5,9,4,2,2
S01009734,All people aged 16 to 74 in employment,441,366,104,262,75,18,57
S01009734,A B D E. Agriculture energy and water,26,17,1,16,9,2,7
S01009734,C. Manufacturing,18,16,1,15,2,0,2
S01009734,F. Construction,22,11,2,9,11,2,9
S01009734,G I. Distribution hotels and restaurants,110,88,38,50,22,4,18
S01009734,H J. Transport and communication,19,15,5,10,4,0,4
S01009734,K L M N. Financial real estate professional and administrative activities,44,31,10,21,13,5,8
S01009734,O P Q. Public administration education and health,172,165,41,124,7,1,6
S01009734,R S T U. Other,30,23,6,17,7,4,3
S01009735,All people aged 16 to 74 in employment,305,230,81,149,75,28,47
S01009735,A B D E. Agriculture energy and water,5,2,0,2,3,1,2
S01009735,C. Manufacturing,12,8,1,7,4,0,4
S01009735,F. Construction,8,3,0,3,5,2,3
S01009735,G I. Distribution hotels and restaurants,66,46,34,12,20,4,16
S01009735,H J. Transport and communication,10,8,2,6,2,0,2
S01009735,K L M N. Financial real estate professional and administrative activities,43,25,8,17,18,8,10
S01009735,O P Q. Public administration education and health,137,120,30,90,17,11,6
S01009735,R S T U. Other,24,18,6,12,6,2,4
S01009736,All people aged 16 to 74 in employment,303,262,192,70,41,23,18
S01009736,A B D E. Agriculture energy and water,5,4,1,3,1,0,1
S01009736,C. Manufacturing,6,3,1,2,3,1,2
S01009736,F. Construction,2,1,1,0,1,0,1
S01009736,G I. Distribution hotels and restaurants,114,107,97,10,7,0,7
S01009736,H J. Transport and communication,9,5,2,3,4,4,0
S01009736,K L M N. Financial real estate professional and administrative activities,33,22,14,8,11,8,3
S01009736,O P Q. Public administration education and health,104,95,56,39,9,6,3
S01009736,R S T U. Other,30,25,20,5,5,4,1
S01009737,All people aged 16 to 74 in employment,419,391,87,304,28,12,16
S01009737,A B D E. Agriculture energy and water,7,6,2,4,1,0,1
S01009737,C. Manufacturing,17,16,1,15,1,0,1
S01009737,F. Construction,11,9,0,9,2,0,2
S01009737,G I. Distribution hotels and restaurants,85,78,32,46,7,3,4
S01009737,H J. Transport and communication,19,15,3,12,4,1,3
S01009737,K L M N. Financial real estate professional and administrative activities,26,19,6,13,7,5,2
S01009737,O P Q. Public administration education and health,243,239,38,201,4,1,3
S01009737,R S T U. Other,11,9,5,4,2,2,0
S01009738,All people aged 16 to 74 in employment,248,214,49,165,34,10,24
S01009738,A B D E. Agriculture energy and water,5,5,0,5,0,0,0
S01009738,C. Manufacturing,12,11,0,11,1,0,1
S01009738,F. Construction,18,12,0,12,6,2,4
S01009738,G I. Distribution hotels and restaurants,63,56,23,33,7,0,7
S01009738,H J. Transport and communication,14,10,3,7,4,3,1
S01009738,K L M N. Financial real estate professional and administrative activities,33,29,4,25,4,1,3
S01009738,O P Q. Public administration education and health,83,77,17,60,6,2,4
S01009738,R S T U. Other,20,14,2,12,6,2,4
S01009739,All people aged 16 to 74 in employment,431,400,84,316,31,8,23
S01009739,A B D E. Agriculture energy and water,8,4,0,4,4,0,4
S01009739,C. Manufacturing,8,6,0,6,2,0,2
S01009739,F. Construction,10,5,1,4,5,1,4
S01009739,G I. Distribution hotels and restaurants,75,68,28,40,7,2,5
S01009739,H J. Transport and communication,12,11,4,7,1,0,1
S01009739,K L M N. Financial real estate professional and administrative activities,40,36,11,25,4,3,1
S01009739,O P Q. Public administration education and health,255,251,37,214,4,2,2
S01009739,R S T U. Other,23,19,3,16,4,0,4
S01009740,All people aged 16 to 74 in employment,249,225,59,166,24,9,15
S01009740,A B D E. Agriculture energy and water,3,3,0,3,0,0,0
S01009740,C. Manufacturing,8,8,0,8,0,0,0
S01009740,F. Construction,13,7,1,6,6,1,5
S01009740,G I. Distribution hotels and restaurants,80,75,29,46,5,2,3
S01009740,H J. Transport and communication,15,14,2,12,1,0,1
S01009740,K L M N. Financial real estate professional and administrative activities,24,19,4,15,5,1,4
S01009740,O P Q. Public administration education and health,91,86,22,64,5,3,2
S01009740,R S T U. Other,15,13,1,12,2,2,0
S01009741,All people aged 16 to 74 in employment,578,568,48,520,10,6,4
S01009741,A B D E. Agriculture energy and water,2,2,0,2,0,0,0
S01009741,C. Manufacturing,3,3,1,2,0,0,0
S01009741,F. Construction,3,3,0,3,0,0,0
S01009741,G I. Distribution hotels and restaurants,36,35,19,16,1,0,1
S01009741,H J. Transport and communication,3,3,0,3,0,0,0
S01009741,K L M N. Financial real estate professional and administrative activities,15,13,3,10,2,2,0
S01009741,O P Q. Public administration education and health,510,506,24,482,4,2,2
S01009741,R S T U. Other,6,3,1,2,3,2,1
S01009742,All people aged 16 to 74 in employment,249,203,47,156,46,7,39
S01009742,A B D E. Agriculture energy and water,29,19,3,16,10,0,10
S01009742,C. Manufacturing,10,9,1,8,1,0,1
S01009742,F. Construction,8,3,2,1,5,0,5
S01009742,G I. Distribution hotels and restaurants,29,22,8,14,7,0,7
S01009742,H J. Transport and communication,11,9,0,9,2,0,2
S01009742,K L M N. Financial real estate professional and administrative activities,33,24,5,19,9,1,8
S01009742,O P Q. Public administration education and health,107,104,24,80,3,1,2
S01009742,R S T U. Other,22,13,4,9,9,5,4
S01009743,All people aged 16 to 74 in employment,447,371,102,269,76,25,51
S01009743,A B D E. Agriculture energy and water,26,18,4,14,8,4,4
S01009743,C. Manufacturing,30,26,2,24,4,1,3
S01009743,F. Construction,49,30,2,28,19,1,18
S01009743,G I. Distribution hotels and restaurants,63,54,22,32,9,1,8
S01009743,H J. Transport and communication,17,12,3,9,5,0,5
S01009743,K L M N. Financial real estate professional and administrative activities,50,34,8,26,16,8,8
S01009743,O P Q. Public administration education and health,196,186,58,128,10,7,3
S01009743,R S T U. Other,16,11,3,8,5,3,2
S01009744,All people aged 16 to 74 in employment,345,290,80,210,55,17,38
S01009744,A B D E. Agriculture energy and water,16,9,0,9,7,4,3
S01009744,C. Manufacturing,15,14,0,14,1,0,1
S01009744,F. Construction,28,17,2,15,11,0,11
S01009744,G I. Distribution hotels and restaurants,56,51,24,27,5,2,3
S01009744,H J. Transport and communication,25,17,5,12,8,3,5
S01009744,K L M N. Financial real estate professional and administrative activities,53,40,9,31,13,4,9
S01009744,O P Q. Public administration education and health,129,122,32,90,7,4,3
S01009744,R S T U. Other,23,20,8,12,3,0,3
S01009745,All people aged 16 to 74 in employment,548,488,146,342,60,20,40
S01009745,A B D E. Agriculture energy and water,30,22,2,20,8,1,7
S01009745,C. Manufacturing,30,26,3,23,4,2,2
S01009745,F. Construction,31,22,3,19,9,2,7
S01009745,G I. Distribution hotels and restaurants,107,99,54,45,8,1,7
S01009745,H J. Transport and communication,25,19,1,18,6,0,6
S01009745,K L M N. Financial real estate professional and administrative activities,56,46,7,39,10,4,6
S01009745,O P Q. Public administration education and health,238,228,68,160,10,6,4
S01009745,R S T U. Other,31,26,8,18,5,4,1
S01009746,All people aged 16 to 74 in employment,291,206,52,154,85,27,58
S01009746,A B D E. Agriculture energy and water,41,16,1,15,25,4,21
S01009746,C. Manufacturing,18,14,2,12,4,2,2
S01009746,F. Construction,16,6,0,6,10,1,9
S01009746,G I. Distribution hotels and restaurants,34,26,12,14,8,1,7
S01009746,H J. Transport and communication,10,7,1,6,3,2,1
S01009746,K L M N. Financial real estate professional and administrative activities,39,26,4,22,13,5,8
S01009746,O P Q. Public administration education and health,106,98,25,73,8,4,4
S01009746,R S T U. Other,27,13,7,6,14,8,6
S01009747,All people aged 16 to 74 in employment,338,305,72,233,33,11,22
S01009747,A B D E. Agriculture energy and water,5,3,0,3,2,2,0
S01009747,C. Manufacturing,24,21,0,21,3,0,3
S01009747,F. Construction,14,9,1,8,5,1,4
S01009747,G I. Distribution hotels and restaurants,79,73,27,46,6,1,5
S01009747,H J. Transport and communication,26,22,1,21,4,1,3
S01009747,K L M N. Financial real estate professional and administrative activities,40,37,9,28,3,1,2
S01009747,O P Q. Public administration education and health,119,118,27,91,1,0,1
S01009747,R S T U. Other,31,22,7,15,9,5,4
S01009748,All people aged 16 to 74 in employment,346,315,97,218,31,9,22
S01009748,A B D E. Agriculture energy and water,8,6,0,6,2,0,2
S01009748,C. Manufacturing,26,25,1,24,1,0,1
S01009748,F. Construction,24,17,3,14,7,2,5
S01009748,G I. Distribution hotels and restaurants,58,54,26,28,4,1,3
S01009748,H J. Transport and communication,14,11,1,10,3,3,0
S01009748,K L M N. Financial real estate professional and administrative activities,47,41,13,28,6,1,5
S01009748,O P Q. Public administration education and health,151,147,47,100,4,1,3
S01009748,R S T U. Other,18,14,6,8,4,1,3
S01009749,All people aged 16 to 74 in employment,477,423,119,304,54,23,31
S01009749,A B D E. Agriculture energy and water,19,16,2,14,3,1,2
S01009749,C. Manufacturing,35,33,3,30,2,2,0
S01009749,F. Construction,36,30,2,28,6,1,5
S01009749,G I. Distribution hotels and restaurants,63,59,26,33,4,1,3
S01009749,H J. Transport and communication,36,31,6,25,5,1,4
S01009749,K L M N. Financial real estate professional and administrative activities,48,32,7,25,16,5,11
S01009749,O P Q. Public administration education and health,214,204,66,138,10,6,4
S01009749,R S T U. Other,26,18,7,11,8,6,2
S01009750,All people aged 16 to 74 in employment,330,299,85,214,31,9,22
S01009750,A B D E. Agriculture energy and water,5,3,1,2,2,1,1
S01009750,C. Manufacturing,25,23,4,19,2,0,2
S01009750,F. Construction,21,17,0,17,4,0,4
S01009750,G I. Distribution hotels and restaurants,76,75,36,39,1,0,1
S01009750,H J. Transport and communication,31,22,5,17,9,3,6
S01009750,K L M N. Financial real estate professional and administrative activities,32,27,5,22,5,3,2
S01009750,O P Q. Public administration education and health,121,116,29,87,5,1,4
S01009750,R S T U. Other,19,16,5,11,3,1,2
S01009751,All people aged 16 to 74 in employment,421,388,108,280,33,13,20
S01009751,A B D E. Agriculture energy and water,10,9,0,9,1,0,1
S01009751,C. Manufacturing,45,45,1,44,0,0,0
S01009751,F. Construction,31,21,3,18,10,1,9
S01009751,G I. Distribution hotels and restaurants,75,73,31,42,2,1,1
S01009751,H J. Transport and communication,26,20,5,15,6,2,4
S01009751,K L M N. Financial real estate professional and administrative activities,31,26,3,23,5,4,1
S01009751,O P Q. Public administration education and health,179,173,58,115,6,4,2
S01009751,R S T U. Other,24,21,7,14,3,1,2
S01009752,All people aged 16 to 74 in employment,297,254,73,181,43,14,29
S01009752,A B D E. Agriculture energy and water,3,3,1,2,0,0,0
S01009752,C. Manufacturing,11,10,2,8,1,0,1
S01009752,F. Construction,10,6,0,6,4,3,1
S01009752,G I. Distribution hotels and restaurants,34,27,17,10,7,1,6
S01009752,H J. Transport and communication,14,10,0,10,4,1,3
S01009752,K L M N. Financial real estate professional and administrative activities,43,34,8,26,9,2,7
S01009752,O P Q. Public administration education and health,172,157,41,116,15,5,10
S01009752,R S T U. Other,10,7,4,3,3,2,1
S01009753,All people aged 16 to 74 in employment,295,242,59,183,53,22,31
S01009753,A B D E. Agriculture energy and water,5,4,1,3,1,0,1
S01009753,C. Manufacturing,7,6,2,4,1,0,1
S01009753,F. Construction,19,12,1,11,7,3,4
S01009753,G I. Distribution hotels and restaurants,38,28,11,17,10,3,7
S01009753,H J. Transport and communication,18,15,2,13,3,0,3
S01009753,K L M N. Financial real estate professional and administrative activities,43,31,8,23,12,4,8
S01009753,O P Q. Public administration education and health,144,129,30,99,15,10,5
S01009753,R S T U. Other,21,17,4,13,4,2,2
S01009754,All people aged 16 to 74 in employment,372,323,78,245,49,11,38
S01009754,A B D E. Agriculture energy and water,5,2,1,1,3,1,2
S01009754,C. Manufacturing,14,13,1,12,1,0,1
S01009754,F. Construction,26,18,1,17,8,2,6
S01009754,G I. Distribution hotels and restaurants,55,48,19,29,7,2,5
S01009754,H J. Transport and communication,29,22,3,19,7,2,5
S01009754,K L M N. Financial real estate professional and administrative activities,37,33,12,21,4,0,4
S01009754,O P Q. Public administration education and health,179,170,35,135,9,1,8
S01009754,R S T U. Other,27,17,6,11,10,3,7
S01009755,All people aged 16 to 74 in employment,333,276,69,207,57,16,41
S01009755,A B D E. Agriculture energy and water,12,10,0,10,2,0,2
S01009755,C. Manufacturing,12,10,1,9,2,1,1
S01009755,F. Construction,23,20,0,20,3,0,3
S01009755,G I. Distribution hotels and restaurants,42,38,21,17,4,2,2
S01009755,H J. Transport and communication,21,13,1,12,8,0,8
S01009755,K L M N. Financial real estate professional and administrative activities,43,30,6,24,13,5,8
S01009755,O P Q. Public administration education and health,162,144,34,110,18,5,13
S01009755,R S T U. Other,18,11,6,5,7,3,4
S01009756,All people aged 16 to 74 in employment,359,311,73,238,48,17,31
S01009756,A B D E. Agriculture energy and water,6,5,0,5,1,0,1
S01009756,C. Manufacturing,16,14,1,13,2,2,0
S01009756,F. Construction,19,12,0,12,7,0,7
S01009756,G I. Distribution hotels and restaurants,46,40,13,27,6,3,3
S01009756,H J. Transport and communication,20,13,1,12,7,3,4
S01009756,K L M N. Financial real estate professional and administrative activities,42,34,7,27,8,2,6
S01009756,O P Q. Public administration education and health,192,181,49,132,11,5,6
S01009756,R S T U. Other,18,12,2,10,6,2,4
S01009757,All people aged 16 to 74 in employment,311,254,64,190,57,18,39
S01009757,A B D E. Agriculture energy and water,5,5,0,5,0,0,0
S01009757,C. Manufacturing,12,8,0,8,4,0,4
S01009757,F. Construction,14,10,0,10,4,0,4
S01009757,G I. Distribution hotels and restaurants,42,35,17,18,7,2,5
S01009757,H J. Transport and communication,12,8,0,8,4,1,3
S01009757,K L M N. Financial real estate professional and administrative activities,39,19,6,13,20,8,12
S01009757,O P Q. Public administration education and health,169,156,35,121,13,6,7
S01009757,R S T U. Other,18,13,6,7,5,1,4
S01009758,All people aged 16 to 74 in employment,332,300,72,228,32,5,27
S01009758,A B D E. Agriculture energy and water,4,4,0,4,0,0,0
S01009758,C. Manufacturing,21,19,2,17,2,0,2
S01009758,F. Construction,20,16,1,15,4,0,4
S01009758,G I. Distribution hotels and restaurants,89,83,35,48,6,0,6
S01009758,H J. Transport and communication,33,25,1,24,8,3,5
S01009758,K L M N. Financial real estate professional and administrative activities,53,45,5,40,8,1,7
S01009758,O P Q. Public administration education and health,95,93,25,68,2,0,2
S01009758,R S T U. Other,17,15,3,12,2,1,1
S01009759,All people aged 16 to 74 in employment,323,302,127,175,21,5,16
S01009759,A B D E. Agriculture energy and water,5,5,2,3,0,0,0
S01009759,C. Manufacturing,23,23,2,21,0,0,0
S01009759,F. Construction,20,14,1,13,6,0,6
S01009759,G I. Distribution hotels and restaurants,113,105,61,44,8,1,7
S01009759,H J. Transport and communication,21,19,5,14,2,0,2
S01009759,K L M N. Financial real estate professional and administrative activities,47,45,18,27,2,2,0
S01009759,O P Q. Public administration education and health,81,79,34,45,2,2,0
S01009759,R S T U. Other,13,12,4,8,1,0,1
S01009760,All people aged 16 to 74 in employment,318,291,113,178,27,9,18
S01009760,A B D E. Agriculture energy and water,6,6,0,6,0,0,0
S01009760,C. Manufacturing,34,33,3,30,1,0,1
S01009760,F. Construction,28,16,1,15,12,3,9
S01009760,G I. Distribution hotels and restaurants,79,77,49,28,2,1,1
S01009760,H J. Transport and communication,34,28,7,21,6,1,5
S01009760,K L M N. Financial real estate professional and administrative activities,52,50,23,27,2,2,0
S01009760,O P Q. Public administration education and health,72,70,28,42,2,1,1
S01009760,R S T U. Other,13,11,2,9,2,1,1
S01009761,All people aged 16 to 74 in employment,464,426,119,307,38,4,34
S01009761,A B D E. Agriculture energy and water,12,11,0,11,1,0,1
S01009761,C. Manufacturing,29,28,2,26,1,0,1
S01009761,F. Construction,43,35,4,31,8,0,8
S01009761,G I. Distribution hotels and restaurants,110,103,49,54,7,0,7
S01009761,H J. Transport and communication,39,29,7,22,10,2,8
S01009761,K L M N. Financial real estate professional and administrative activities,83,78,15,63,5,1,4
S01009761,O P Q. Public administration education and health,132,130,36,94,2,1,1
S01009761,R S T U. Other,16,12,6,6,4,0,4
S01009762,All people aged 16 to 74 in employment,350,334,113,221,16,9,7
S01009762,A B D E. Agriculture energy and water,7,7,3,4,0,0,0
S01009762,C. Manufacturing,29,28,1,27,1,1,0
S01009762,F. Construction,24,22,2,20,2,0,2
S01009762,G I. Distribution hotels and restaurants,111,109,50,59,2,2,0
S01009762,H J. Transport and communication,30,26,8,18,4,2,2
S01009762,K L M N. Financial real estate professional and administrative activities,39,36,16,20,3,1,2
S01009762,O P Q. Public administration education and health,86,86,29,57,0,0,0
S01009762,R S T U. Other,24,20,4,16,4,3,1
S01009763,All people aged 16 to 74 in employment,417,330,98,232,87,21,66
S01009763,A B D E. Agriculture energy and water,7,6,0,6,1,0,1
S01009763,C. Manufacturing,30,25,1,24,5,0,5
S01009763,F. Construction,33,21,2,19,12,2,10
S01009763,G I. Distribution hotels and restaurants,92,76,43,33,16,5,11
S01009763,H J. Transport and communication,33,22,3,19,11,1,10
S01009763,K L M N. Financial real estate professional and administrative activities,93,69,16,53,24,8,16
S01009763,O P Q. Public administration education and health,113,104,31,73,9,2,7
S01009763,R S T U. Other,16,7,2,5,9,3,6
S01009764,All people aged 16 to 74 in employment,276,256,85,171,20,8,12
S01009764,A B D E. Agriculture energy and water,1,1,0,1,0,0,0
S01009764,C. Manufacturing,12,11,1,10,1,0,1
S01009764,F. Construction,21,19,4,15,2,0,2
S01009764,G I. Distribution hotels and restaurants,83,80,38,42,3,1,2
S01009764,H J. Transport and communication,21,18,5,13,3,2,1
S01009764,K L M N. Financial real estate professional and administrative activities,46,41,11,30,5,2,3
S01009764,O P Q. Public administration education and health,78,74,22,52,4,2,2
S01009764,R S T U. Other,14,12,4,8,2,1,1
S01009765,All people aged 16 to 74 in employment,442,394,120,274,48,12,36
S01009765,A B D E. Agriculture energy and water,3,3,2,1,0,0,0
S01009765,C. Manufacturing,23,22,4,18,1,0,1
S01009765,F. Construction,31,22,2,20,9,1,8
S01009765,G I. Distribution hotels and restaurants,139,124,58,66,15,3,12
S01009765,H J. Transport and communication,44,33,4,29,11,3,8
S01009765,K L M N. Financial real estate professional and administrative activities,71,64,14,50,7,1,6
S01009765,O P Q. Public administration education and health,111,109,28,81,2,1,1
S01009765,R S T U. Other,20,17,8,9,3,3,0
S01009766,All people aged 16 to 74 in employment,338,318,89,229,20,6,14
S01009766,A B D E. Agriculture energy and water,4,4,0,4,0,0,0
S01009766,C. Manufacturing,29,27,1,26,2,0,2
S01009766,F. Construction,29,27,0,27,2,0,2
S01009766,G I. Distribution hotels and restaurants,78,78,38,40,0,0,0
S01009766,H J. Transport and communication,34,28,5,23,6,1,5
S01009766,K L M N. Financial real estate professional and administrative activities,40,39,7,32,1,0,1
S01009766,O P Q. Public administration education and health,107,103,33,70,4,2,2
S01009766,R S T U. Other,17,12,5,7,5,3,2
S01009767,All people aged 16 to 74 in employment,198,186,56,130,12,2,10
S01009767,A B D E. Agriculture energy and water,2,2,0,2,0,0,0
S01009767,C. Manufacturing,10,9,0,9,1,0,1
S01009767,F. Construction,17,14,1,13,3,0,3
S01009767,G I. Distribution hotels and restaurants,59,54,24,30,5,0,5
S01009767,H J. Transport and communication,16,16,1,15,0,0,0
S01009767,K L M N. Financial real estate professional and administrative activities,28,26,11,15,2,1,1
S01009767,O P Q. Public administration education and health,62,62,18,44,0,0,0
S01009767,R S T U. Other,4,3,1,2,1,1,0
S01009768,All people aged 16 to 74 in employment,294,257,89,168,37,13,24
S01009768,A B D E. Agriculture energy and water,4,4,1,3,0,0,0
S01009768,C. Manufacturing,20,20,1,19,0,0,0
S01009768,F. Construction,28,18,2,16,10,1,9
S01009768,G I. Distribution hotels and restaurants,91,80,35,45,11,6,5
S01009768,H J. Transport and communication,16,13,1,12,3,0,3
S01009768,K L M N. Financial real estate professional and administrative activities,36,30,9,21,6,2,4
S01009768,O P Q. Public administration education and health,83,79,30,49,4,2,2
S01009768,R S T U. Other,16,13,10,3,3,2,1
S01009769,All people aged 16 to 74 in employment,374,335,76,259,39,10,29
S01009769,A B D E. Agriculture energy and water,13,13,0,13,0,0,0
S01009769,C. Manufacturing,18,16,1,15,2,0,2
S01009769,F. Construction,28,24,1,23,4,1,3
S01009769,G I. Distribution hotels and restaurants,85,77,30,47,8,1,7
S01009769,H J. Transport and communication,31,25,5,20,6,0,6
S01009769,K L M N. Financial real estate professional and administrative activities,57,52,9,43,5,3,2
S01009769,O P Q. Public administration education and health,109,105,20,85,4,3,1
S01009769,R S T U. Other,33,23,10,13,10,2,8
S01009770,All people aged 16 to 74 in employment,353,313,108,205,40,9,31
S01009770,A B D E. Agriculture energy and water,4,4,1,3,0,0,0
S01009770,C. Manufacturing,17,16,3,13,1,0,1
S01009770,F. Construction,30,22,1,21,8,3,5
S01009770,G I. Distribution hotels and restaurants,119,107,56,51,12,1,11
S01009770,H J. Transport and communication,22,13,4,9,9,0,9
S01009770,K L M N. Financial real estate professional and administrative activities,55,49,10,39,6,2,4
S01009770,O P Q. Public administration education and health,93,91,28,63,2,2,0
S01009770,R S T U. Other,13,11,5,6,2,1,1
S01009771,All people aged 16 to 74 in employment,441,375,95,280,66,20,46
S01009771,A B D E. Agriculture energy and water,11,11,2,9,0,0,0
S01009771,C. Manufacturing,23,22,1,21,1,0,1
S01009771,F. Construction,33,26,0,26,7,0,7
S01009771,G I. Distribution hotels and restaurants,138,115,45,70,23,7,16
S01009771,H J. Transport and communication,44,26,8,18,18,3,15
S01009771,K L M N. Financial real estate professional and administrative activities,62,55,8,47,7,4,3
S01009771,O P Q. Public administration education and health,118,111,30,81,7,4,3
S01009771,R S T U. Other,12,9,1,8,3,2,1
S01009772,All people aged 16 to 74 in employment,354,322,76,246,32,10,22
S01009772,A B D E. Agriculture energy and water,6,6,0,6,0,0,0
S01009772,C. Manufacturing,29,29,2,27,0,0,0
S01009772,F. Construction,20,16,2,14,4,0,4
S01009772,G I. Distribution hotels and restaurants,82,75,27,48,7,2,5
S01009772,H J. Transport and communication,28,21,0,21,7,2,5
S01009772,K L M N. Financial real estate professional and administrative activities,44,41,11,30,3,2,1
S01009772,O P Q. Public administration education and health,130,128,34,94,2,1,1
S01009772,R S T U. Other,15,6,0,6,9,3,6
S01009773,All people aged 16 to 74 in employment,280,228,75,153,52,14,38
S01009773,A B D E. Agriculture energy and water,8,8,0,8,0,0,0
S01009773,C. Manufacturing,12,12,3,9,0,0,0
S01009773,F. Construction,35,25,2,23,10,2,8
S01009773,G I. Distribution hotels and restaurants,74,54,30,24,20,5,15
S01009773,H J. Transport and communication,27,18,5,13,9,2,7
S01009773,K L M N. Financial real estate professional and administrative activities,44,40,9,31,4,2,2
S01009773,O P Q. Public administration education and health,72,65,23,42,7,1,6
S01009773,R S T U. Other,8,6,3,3,2,2,0
S01009774,All people aged 16 to 74 in employment,264,224,69,155,40,10,30
S01009774,A B D E. Agriculture energy and water,4,4,0,4,0,0,0
S01009774,C. Manufacturing,16,15,2,13,1,0,1
S01009774,F. Construction,12,8,1,7,4,0,4
S01009774,G I. Distribution hotels and restaurants,72,59,34,25,13,3,10
S01009774,H J. Transport and communication,25,14,2,12,11,2,9
S01009774,K L M N. Financial real estate professional and administrative activities,47,42,3,39,5,1,4
S01009774,O P Q. Public administration education and health,84,79,26,53,5,4,1
S01009774,R S T U. Other,4,3,1,2,1,0,1
S01009775,All people aged 16 to 74 in employment,276,264,108,156,12,2,10
S01009775,A B D E. Agriculture energy and water,4,4,0,4,0,0,0
S01009775,C. Manufacturing,12,11,0,11,1,0,1
S01009775,F. Construction,27,23,0,23,4,0,4
S01009775,G I. Distribution hotels and restaurants,94,92,52,40,2,1,1
S01009775,H J. Transport and communication,17,13,5,8,4,0,4
S01009775,K L M N. Financial real estate professional and administrative activities,41,41,15,26,0,0,0
S01009775,O P Q. Public administration education and health,78,77,33,44,1,1,0
S01009775,R S T U. Other,3,3,3,0,0,0,0
S01009776,All people aged 16 to 74 in employment,206,197,88,109,9,1,8
S01009776,A B D E. Agriculture energy and water,4,4,1,3,0,0,0
S01009776,C. Manufacturing,9,9,1,8,0,0,0
S01009776,F. Construction,12,10,0,10,2,0,2
S01009776,G I. Distribution hotels and restaurants,70,68,42,26,2,0,2
S01009776,H J. Transport and communication,15,13,3,10,2,0,2
S01009776,K L M N. Financial real estate professional and administrative activities,37,35,16,19,2,0,2
S01009776,O P Q. Public administration education and health,45,45,18,27,0,0,0
S01009776,R S T U. Other,14,13,7,6,1,1,0
S01009777,All people aged 16 to 74 in employment,219,207,52,155,12,3,9
S01009777,A B D E. Agriculture energy and water,4,4,0,4,0,0,0
S01009777,C. Manufacturing,5,5,2,3,0,0,0
S01009777,F. Construction,23,19,0,19,4,1,3
S01009777,G I. Distribution hotels and restaurants,51,50,19,31,1,0,1
S01009777,H J. Transport and communication,16,12,1,11,4,0,4
S01009777,K L M N. Financial real estate professional and administrative activities,40,37,4,33,3,2,1
S01009777,O P Q. Public administration education and health,68,68,23,45,0,0,0
S01009777,R S T U. Other,12,12,3,9,0,0,0
S01009778,All people aged 16 to 74 in employment,248,231,73,158,17,7,10
S01009778,A B D E. Agriculture energy and water,4,4,0,4,0,0,0
S01009778,C. Manufacturing,18,18,0,18,0,0,0
S01009778,F. Construction,29,23,0,23,6,0,6
S01009778,G I. Distribution hotels and restaurants,67,67,35,32,0,0,0
S01009778,H J. Transport and communication,15,12,4,8,3,1,2
S01009778,K L M N. Financial real estate professional and administrative activities,33,27,6,21,6,5,1
S01009778,O P Q. Public administration education and health,74,73,26,47,1,0,1
S01009778,R S T U. Other,8,7,2,5,1,1,0
S01009779,All people aged 16 to 74 in employment,169,158,63,95,11,4,7
S01009779,A B D E. Agriculture energy and water,3,3,0,3,0,0,0
S01009779,C. Manufacturing,9,9,1,8,0,0,0
S01009779,F. Construction,13,11,1,10,2,0,2
S01009779,G I. Distribution hotels and restaurants,45,43,25,18,2,0,2
S01009779,H J. Transport and communication,14,11,3,8,3,0,3
S01009779,K L M N. Financial real estate professional and administrative activities,19,18,5,13,1,1,0
S01009779,O P Q. Public administration education and health,54,53,25,28,1,1,0
S01009779,R S T U. Other,12,10,3,7,2,2,0
S01009780,All people aged 16 to 74 in employment,203,193,91,102,10,5,5
S01009780,A B D E. Agriculture energy and water,3,3,1,2,0,0,0
S01009780,C. Manufacturing,15,15,2,13,0,0,0
S01009780,F. Construction,6,5,1,4,1,0,1
S01009780,G I. Distribution hotels and restaurants,69,67,39,28,2,0,2
S01009780,H J. Transport and communication,13,10,3,7,3,2,1
S01009780,K L M N. Financial real estate professional and administrative activities,22,22,8,14,0,0,0
S01009780,O P Q. Public administration education and health,63,61,34,27,2,2,0
S01009780,R S T U. Other,12,10,3,7,2,1,1
S01009781,All people aged 16 to 74 in employment,199,192,73,119,7,4,3
S01009781,A B D E. Agriculture energy and water,3,2,0,2,1,1,0
S01009781,C. Manufacturing,17,16,1,15,1,1,0
S01009781,F. Construction,10,10,0,10,0,0,0
S01009781,G I. Distribution hotels and restaurants,56,56,30,26,0,0,0
S01009781,H J. Transport and communication,7,6,0,6,1,0,1
S01009781,K L M N. Financial real estate professional and administrative activities,32,31,11,20,1,1,0
S01009781,O P Q. Public administration education and health,61,59,28,31,2,1,1
S01009781,R S T U. Other,13,12,3,9,1,0,1
S01009782,All people aged 16 to 74 in employment,262,231,61,170,31,6,25
S01009782,A B D E. Agriculture energy and water,5,5,1,4,0,0,0
S01009782,C. Manufacturing,11,10,0,10,1,0,1
S01009782,F. Construction,21,11,3,8,10,0,10
S01009782,G I. Distribution hotels and restaurants,76,70,24,46,6,1,5
S01009782,H J. Transport and communication,36,26,5,21,10,4,6
S01009782,K L M N. Financial real estate professional and administrative activities,41,38,4,34,3,1,2
S01009782,O P Q. Public administration education and health,65,65,21,44,0,0,0
S01009782,R S T U. Other,7,6,3,3,1,0,1
S01009783,All people aged 16 to 74 in employment,306,291,107,184,15,6,9
S01009783,A B D E. Agriculture energy and water,6,6,1,5,0,0,0
S01009783,C. Manufacturing,20,19,1,18,1,1,0
S01009783,F. Construction,27,24,1,23,3,0,3
S01009783,G I. Distribution hotels and restaurants,80,78,43,35,2,1,1
S01009783,H J. Transport and communication,23,21,4,17,2,1,1
S01009783,K L M N. Financial real estate professional and administrative activities,45,40,13,27,5,2,3
S01009783,O P Q. Public administration education and health,93,92,40,52,1,1,0
S01009783,R S T U. Other,12,11,4,7,1,0,1
S01009784,All people aged 16 to 74 in employment,251,240,92,148,11,3,8
S01009784,A B D E. Agriculture energy and water,3,3,1,2,0,0,0
S01009784,C. Manufacturing,12,12,0,12,0,0,0
S01009784,F. Construction,22,17,0,17,5,1,4
S01009784,G I. Distribution hotels and restaurants,65,64,35,29,1,0,1
S01009784,H J. Transport and communication,11,9,4,5,2,0,2
S01009784,K L M N. Financial real estate professional and administrative activities,36,36,11,25,0,0,0
S01009784,O P Q. Public administration education and health,79,79,33,46,0,0,0
S01009784,R S T U. Other,23,20,8,12,3,2,1
S01009785,All people aged 16 to 74 in employment,286,263,90,173,23,9,14
S01009785,A B D E. Agriculture energy and water,9,9,1,8,0,0,0
S01009785,C. Manufacturing,15,15,1,14,0,0,0
S01009785,F. Construction,22,14,1,13,8,1,7
S01009785,G I. Distribution hotels and restaurants,88,83,40,43,5,2,3
S01009785,H J. Transport and communication,14,13,4,9,1,1,0
S01009785,K L M N. Financial real estate professional and administrative activities,43,40,13,27,3,2,1
S01009785,O P Q. Public administration education and health,79,75,26,49,4,3,1
S01009785,R S T U. Other,16,14,4,10,2,0,2
S01009786,All people aged 16 to 74 in employment,317,299,114,185,18,8,10
S01009786,A B D E. Agriculture energy and water,3,3,1,2,0,0,0
S01009786,C. Manufacturing,16,16,1,15,0,0,0
S01009786,F. Construction,37,30,0,30,7,2,5
S01009786,G I. Distribution hotels and restaurants,97,93,54,39,4,3,1
S01009786,H J. Transport and communication,15,13,4,9,2,0,2
S01009786,K L M N. Financial real estate professional and administrative activities,39,36,15,21,3,3,0
S01009786,O P Q. Public administration education and health,93,91,30,61,2,0,2
S01009786,R S T U. Other,17,17,9,8,0,0,0
S01009787,All people aged 16 to 74 in employment,308,290,116,174,18,3,15
S01009787,A B D E. Agriculture energy and water,2,2,0,2,0,0,0
S01009787,C. Manufacturing,18,16,2,14,2,0,2
S01009787,F. Construction,20,19,0,19,1,0,1
S01009787,G I. Distribution hotels and restaurants,79,76,47,29,3,0,3
S01009787,H J. Transport and communication,32,28,12,16,4,0,4
S01009787,K L M N. Financial real estate professional and administrative activities,44,42,12,30,2,1,1
S01009787,O P Q. Public administration education and health,91,89,35,54,2,1,1
S01009787,R S T U. Other,22,18,8,10,4,1,3
S01009788,All people aged 16 to 74 in employment,334,305,101,204,29,4,25
S01009788,A B D E. Agriculture energy and water,4,4,0,4,0,0,0
S01009788,C. Manufacturing,30,29,3,26,1,0,1
S01009788,F. Construction,35,29,0,29,6,0,6
S01009788,G I. Distribution hotels and restaurants,73,71,45,26,2,1,1
S01009788,H J. Transport and communication,38,28,3,25,10,1,9
S01009788,K L M N. Financial real estate professional and administrative activities,32,30,5,25,2,1,1
S01009788,O P Q. Public administration education and health,107,102,42,60,5,1,4
S01009788,R S T U. Other,15,12,3,9,3,0,3
S01009789,All people aged 16 to 74 in employment,346,324,110,214,22,5,17
S01009789,A B D E. Agriculture energy and water,1,1,0,1,0,0,0
S01009789,C. Manufacturing,26,25,3,22,1,0,1
S01009789,F. Construction,36,26,2,24,10,1,9
S01009789,G I. Distribution hotels and restaurants,81,78,41,37,3,2,1
S01009789,H J. Transport and communication,24,20,1,19,4,1,3
S01009789,K L M N. Financial real estate professional and administrative activities,52,52,11,41,0,0,0
S01009789,O P Q. Public administration education and health,110,108,42,66,2,1,1
S01009789,R S T U. Other,16,14,10,4,2,0,2
S01009790,All people aged 16 to 74 in employment,285,272,83,189,13,5,8
S01009790,A B D E. Agriculture energy and water,3,3,0,3,0,0,0
S01009790,C. Manufacturing,23,23,2,21,0,0,0
S01009790,F. Construction,28,26,1,25,2,0,2
S01009790,G I. Distribution hotels and restaurants,65,64,29,35,1,1,0
S01009790,H J. Transport and communication,25,20,5,15,5,1,4
S01009790,K L M N. Financial real estate professional and administrative activities,39,37,11,26,2,2,0
S01009790,O P Q. Public administration education and health,94,92,33,59,2,1,1
S01009790,R S T U. Other,8,7,2,5,1,0,1
S01009791,All people aged 16 to 74 in employment,228,201,68,133,27,13,14
S01009791,A B D E. Agriculture energy and water,3,3,0,3,0,0,0
S01009791,C. Manufacturing,14,12,1,11,2,1,1
S01009791,F. Construction,27,24,2,22,3,0,3
S01009791,G I. Distribution hotels and restaurants,58,55,30,25,3,3,0
S01009791,H J. Transport and communication,15,12,3,9,3,1,2
S01009791,K L M N. Financial real estate professional and administrative activities,22,17,3,14,5,2,3
S01009791,O P Q. Public administration education and health,80,71,29,42,9,5,4
S01009791,R S T U. Other,9,7,0,7,2,1,1
S01009792,All people aged 16 to 74 in employment,527,469,118,351,58,8,50
S01009792,A B D E. Agriculture energy and water,11,10,1,9,1,0,1
S01009792,C. Manufacturing,49,44,3,41,5,0,5
S01009792,F. Construction,39,36,3,33,3,0,3
S01009792,G I. Distribution hotels and restaurants,124,104,54,50,20,3,17
S01009792,H J. Transport and communication,42,32,5,27,10,2,8
S01009792,K L M N. Financial real estate professional and administrative activities,88,78,11,67,10,1,9
S01009792,O P Q. Public administration education and health,151,148,35,113,3,1,2
S01009792,R S T U. Other,23,17,6,11,6,1,5
S01009793,All people aged 16 to 74 in employment,440,397,102,295,43,16,27
S01009793,A B D E. Agriculture energy and water,8,8,0,8,0,0,0
S01009793,C. Manufacturing,34,33,3,30,1,1,0
S01009793,F. Construction,33,23,0,23,10,1,9
S01009793,G I. Distribution hotels and restaurants,96,89,45,44,7,4,3
S01009793,H J. Transport and communication,43,31,2,29,12,2,10
S01009793,K L M N. Financial real estate professional and administrative activities,77,72,14,58,5,1,4
S01009793,O P Q. Public administration education and health,139,134,37,97,5,5,0
S01009793,R S T U. Other,10,7,1,6,3,2,1
S01009794,All people aged 16 to 74 in employment,338,314,70,244,24,5,19
S01009794,A B D E. Agriculture energy and water,6,6,0,6,0,0,0
S01009794,C. Manufacturing,23,21,4,17,2,1,1
S01009794,F. Construction,48,42,1,41,6,3,3
S01009794,G I. Distribution hotels and restaurants,57,53,25,28,4,0,4
S01009794,H J. Transport and communication,30,24,1,23,6,0,6
S01009794,K L M N. Financial real estate professional and administrative activities,46,43,4,39,3,0,3
S01009794,O P Q. Public administration education and health,116,114,34,80,2,1,1
S01009794,R S T U. Other,12,11,1,10,1,0,1
S01009795,All people aged 16 to 74 in employment,497,444,132,312,53,5,48
S01009795,A B D E. Agriculture energy and water,12,12,1,11,0,0,0
S01009795,C. Manufacturing,32,30,5,25,2,1,1
S01009795,F. Construction,44,31,3,28,13,1,12
S01009795,G I. Distribution hotels and restaurants,102,87,49,38,15,1,14
S01009795,H J. Transport and communication,29,26,3,23,3,0,3
S01009795,K L M N. Financial real estate professional and administrative activities,76,66,17,49,10,1,9
S01009795,O P Q. Public administration education and health,179,172,48,124,7,1,6
S01009795,R S T U. Other,23,20,6,14,3,0,3
S01009796,All people aged 16 to 74 in employment,399,353,99,254,46,11,35
S01009796,A B D E. Agriculture energy and water,7,7,0,7,0,0,0
S01009796,C. Manufacturing,40,36,2,34,4,0,4
S01009796,F. Construction,29,19,1,18,10,1,9
S01009796,G I. Distribution hotels and restaurants,92,78,41,37,14,4,10
S01009796,H J. Transport and communication,34,29,3,26,5,1,4
S01009796,K L M N. Financial real estate professional and administrative activities,51,47,12,35,4,1,3
S01009796,O P Q. Public administration education and health,131,127,35,92,4,0,4
S01009796,R S T U. Other,15,10,5,5,5,4,1
S01009797,All people aged 16 to 74 in employment,429,386,100,286,43,12,31
S01009797,A B D E. Agriculture energy and water,6,6,1,5,0,0,0
S01009797,C. Manufacturing,29,29,1,28,0,0,0
S01009797,F. Construction,45,37,3,34,8,3,5
S01009797,G I. Distribution hotels and restaurants,82,68,32,36,14,4,10
S01009797,H J. Transport and communication,39,32,2,30,7,0,7
S01009797,K L M N. Financial real estate professional and administrative activities,75,65,12,53,10,4,6
S01009797,O P Q. Public administration education and health,136,135,42,93,1,0,1
S01009797,R S T U. Other,17,14,7,7,3,1,2
S01009798,All people aged 16 to 74 in employment,421,371,99,272,50,15,35
S01009798,A B D E. Agriculture energy and water,9,7,1,6,2,0,2
S01009798,C. Manufacturing,20,19,0,19,1,0,1
S01009798,F. Construction,38,26,0,26,12,1,11
S01009798,G I. Distribution hotels and restaurants,73,69,27,42,4,2,2
S01009798,H J. Transport and communication,56,43,6,37,13,4,9
S01009798,K L M N. Financial real estate professional and administrative activities,66,62,11,51,4,1,3
S01009798,O P Q. Public administration education and health,138,131,47,84,7,2,5
S01009798,R S T U. Other,21,14,7,7,7,5,2
S01009799,All people aged 16 to 74 in employment,292,280,113,167,12,3,9
S01009799,A B D E. Agriculture energy and water,4,4,2,2,0,0,0
S01009799,C. Manufacturing,20,19,3,16,1,0,1
S01009799,F. Construction,20,19,1,18,1,0,1
S01009799,G I. Distribution hotels and restaurants,89,85,40,45,4,2,2
S01009799,H J. Transport and communication,15,13,2,11,2,0,2
S01009799,K L M N. Financial real estate professional and administrative activities,44,41,16,25,3,0,3
S01009799,O P Q. Public administration education and health,86,86,46,40,0,0,0
S01009799,R S T U. Other,14,13,3,10,1,1,0
S01009800,All people aged 16 to 74 in employment,465,433,153,280,32,9,23
S01009800,A B D E. Agriculture energy and water,8,8,1,7,0,0,0
S01009800,C. Manufacturing,22,22,2,20,0,0,0
S01009800,F. Construction,37,31,0,31,6,1,5
S01009800,G I. Distribution hotels and restaurants,110,109,58,51,1,1,0
S01009800,H J. Transport and communication,36,23,4,19,13,3,10
S01009800,K L M N. Financial real estate professional and administrative activities,61,58,16,42,3,3,0
S01009800,O P Q. Public administration education and health,162,157,60,97,5,0,5
S01009800,R S T U. Other,29,25,12,13,4,1,3
S01009801,All people aged 16 to 74 in employment,320,305,113,192,15,4,11
S01009801,A B D E. Agriculture energy and water,11,10,4,6,1,0,1
S01009801,C. Manufacturing,21,20,1,19,1,1,0
S01009801,F. Construction,27,24,0,24,3,0,3
S01009801,G I. Distribution hotels and restaurants,80,79,45,34,1,1,0
S01009801,H J. Transport and communication,26,23,3,20,3,0,3
S01009801,K L M N. Financial real estate professional and administrative activities,40,39,11,28,1,1,0
S01009801,O P Q. Public administration education and health,98,96,43,53,2,1,1
S01009801,R S T U. Other,17,14,6,8,3,0,3
S01009802,All people aged 16 to 74 in employment,450,422,120,302,28,11,17
S01009802,A B D E. Agriculture energy and water,6,6,0,6,0,0,0
S01009802,C. Manufacturing,33,33,2,31,0,0,0
S01009802,F. Construction,28,22,0,22,6,1,5
S01009802,G I. Distribution hotels and restaurants,112,109,48,61,3,1,2
S01009802,H J. Transport and communication,49,38,8,30,11,3,8
S01009802,K L M N. Financial real estate professional and administrative activities,68,63,14,49,5,3,2
S01009802,O P Q. Public administration education and health,141,140,41,99,1,1,0
S01009802,R S T U. Other,13,11,7,4,2,2,0
S01009803,All people aged 16 to 74 in employment,284,261,70,191,23,6,17
S01009803,A B D E. Agriculture energy and water,5,5,0,5,0,0,0
S01009803,C. Manufacturing,17,16,0,16,1,0,1
S01009803,F. Construction,31,27,0,27,4,1,3
S01009803,G I. Distribution hotels and restaurants,67,67,34,33,0,0,0
S01009803,H J. Transport and communication,25,20,5,15,5,1,4
S01009803,K L M N. Financial real estate professional and administrative activities,37,34,8,26,3,2,1
S01009803,O P Q. Public administration education and health,89,85,20,65,4,0,4
S01009803,R S T U. Other,13,7,3,4,6,2,4
S01009804,All people aged 16 to 74 in employment,269,246,52,194,23,8,15
S01009804,A B D E. Agriculture energy and water,3,3,0,3,0,0,0
S01009804,C. Manufacturing,25,21,2,19,4,1,3
S01009804,F. Construction,21,19,3,16,2,1,1
S01009804,G I. Distribution hotels and restaurants,44,40,13,27,4,0,4
S01009804,H J. Transport and communication,27,24,3,21,3,1,2
S01009804,K L M N. Financial real estate professional and administrative activities,43,39,5,34,4,1,3
S01009804,O P Q. Public administration education and health,90,89,20,69,1,1,0
S01009804,R S T U. Other,16,11,6,5,5,3,2
S01009805,All people aged 16 to 74 in employment,364,347,105,242,17,3,14
S01009805,A B D E. Agriculture energy and water,4,4,1,3,0,0,0
S01009805,C. Manufacturing,31,29,4,25,2,0,2
S01009805,F. Construction,30,28,1,27,2,1,1
S01009805,G I. Distribution hotels and restaurants,91,89,44,45,2,0,2
S01009805,H J. Transport and communication,25,22,2,20,3,1,2
S01009805,K L M N. Financial real estate professional and administrative activities,49,48,10,38,1,0,1
S01009805,O P Q. Public administration education and health,107,106,37,69,1,1,0
S01009805,R S T U. Other,27,21,6,15,6,0,6
S01009806,All people aged 16 to 74 in employment,356,329,104,225,27,7,20
S01009806,A B D E. Agriculture energy and water,5,5,1,4,0,0,0
S01009806,C. Manufacturing,20,20,2,18,0,0,0
S01009806,F. Construction,25,21,3,18,4,1,3
S01009806,G I. Distribution hotels and restaurants,75,69,30,39,6,1,5
S01009806,H J. Transport and communication,28,22,5,17,6,0,6
S01009806,K L M N. Financial real estate professional and administrative activities,59,57,15,42,2,1,1
S01009806,O P Q. Public administration education and health,120,117,41,76,3,3,0
S01009806,R S T U. Other,24,18,7,11,6,1,5
S01009807,All people aged 16 to 74 in employment,430,404,138,266,26,7,19
S01009807,A B D E. Agriculture energy and water,1,1,0,1,0,0,0
S01009807,C. Manufacturing,34,34,8,26,0,0,0
S01009807,F. Construction,35,31,1,30,4,1,3
S01009807,G I. Distribution hotels and restaurants,128,121,59,62,7,0,7
S01009807,H J. Transport and communication,33,29,7,22,4,1,3
S01009807,K L M N. Financial real estate professional and administrative activities,59,51,9,42,8,5,3
S01009807,O P Q. Public administration education and health,122,121,48,73,1,0,1
S01009807,R S T U. Other,18,16,6,10,2,0,2
S01009808,All people aged 16 to 74 in employment,314,287,102,185,27,9,18
S01009808,A B D E. Agriculture energy and water,4,4,0,4,0,0,0
S01009808,C. Manufacturing,16,16,1,15,0,0,0
S01009808,F. Construction,22,10,2,8,12,3,9
S01009808,G I. Distribution hotels and restaurants,99,97,49,48,2,0,2
S01009808,H J. Transport and communication,22,15,1,14,7,2,5
S01009808,K L M N. Financial real estate professional and administrative activities,38,38,6,32,0,0,0
S01009808,O P Q. Public administration education and health,98,94,33,61,4,3,1
S01009808,R S T U. Other,15,13,10,3,2,1,1
S01009809,All people aged 16 to 74 in employment,339,319,98,221,20,4,16
S01009809,A B D E. Agriculture energy and water,3,3,0,3,0,0,0
S01009809,C. Manufacturing,27,26,2,24,1,0,1
S01009809,F. Construction,27,24,2,22,3,0,3
S01009809,G I. Distribution hotels and restaurants,81,79,44,35,2,1,1
S01009809,H J. Transport and communication,33,25,4,21,8,1,7
S01009809,K L M N. Financial real estate professional and administrative activities,50,46,10,36,4,1,3
S01009809,O P Q. Public administration education and health,99,99,29,70,0,0,0
S01009809,R S T U. Other,19,17,7,10,2,1,1
S01009810,All people aged 16 to 74 in employment,293,270,86,184,23,4,19
S01009810,A B D E. Agriculture energy and water,4,4,0,4,0,0,0
S01009810,C. Manufacturing,27,26,3,23,1,0,1
S01009810,F. Construction,23,20,1,19,3,0,3
S01009810,G I. Distribution hotels and restaurants,77,77,44,33,0,0,0
S01009810,H J. Transport and communication,31,22,5,17,9,2,7
S01009810,K L M N. Financial real estate professional and administrative activities,36,33,6,27,3,1,2
S01009810,O P Q. Public administration education and health,91,85,25,60,6,0,6
S01009810,R S T U. Other,4,3,2,1,1,1,0
S01009811,All people aged 16 to 74 in employment,404,376,92,284,28,11,17
S01009811,A B D E. Agriculture energy and water,9,9,0,9,0,0,0
S01009811,C. Manufacturing,37,36,2,34,1,0,1
S01009811,F. Construction,42,33,1,32,9,2,7
S01009811,G I. Distribution hotels and restaurants,102,93,45,48,9,2,7
S01009811,H J. Transport and communication,24,21,1,20,3,2,1
S01009811,K L M N. Financial real estate professional and administrative activities,57,55,8,47,2,2,0
S01009811,O P Q. Public administration education and health,122,118,33,85,4,3,1
S01009811,R S T U. Other,11,11,2,9,0,0,0
S01009812,All people aged 16 to 74 in employment,293,267,62,205,26,8,18
S01009812,A B D E. Agriculture energy and water,3,2,0,2,1,0,1
S01009812,C. Manufacturing,23,20,0,20,3,0,3
S01009812,F. Construction,37,28,3,25,9,1,8
S01009812,G I. Distribution hotels and restaurants,62,58,26,32,4,3,1
S01009812,H J. Transport and communication,29,26,2,24,3,1,2
S01009812,K L M N. Financial real estate professional and administrative activities,38,38,9,29,0,0,0
S01009812,O P Q. Public administration education and health,87,86,18,68,1,1,0
S01009812,R S T U. Other,14,9,4,5,5,2,3
S01009813,All people aged 16 to 74 in employment,220,201,92,109,19,6,13
S01009813,A B D E. Agriculture energy and water,2,2,0,2,0,0,0
S01009813,C. Manufacturing,10,10,0,10,0,0,0
S01009813,F. Construction,10,6,1,5,4,0,4
S01009813,G I. Distribution hotels and restaurants,76,71,47,24,5,2,3
S01009813,H J. Transport and communication,14,6,2,4,8,4,4
S01009813,K L M N. Financial real estate professional and administrative activities,29,28,8,20,1,0,1
S01009813,O P Q. Public administration education and health,69,68,27,41,1,0,1
S01009813,R S T U. Other,10,10,7,3,0,0,0
S01009814,All people aged 16 to 74 in employment,360,319,88,231,41,5,36
S01009814,A B D E. Agriculture energy and water,5,4,0,4,1,0,1
S01009814,C. Manufacturing,29,26,4,22,3,0,3
S01009814,F. Construction,30,24,3,21,6,1,5
S01009814,G I. Distribution hotels and restaurants,67,62,29,33,5,0,5
S01009814,H J. Transport and communication,37,26,3,23,11,2,9
S01009814,K L M N. Financial real estate professional and administrative activities,50,42,9,33,8,1,7
S01009814,O P Q. Public administration education and health,128,123,36,87,5,1,4
S01009814,R S T U. Other,14,12,4,8,2,0,2
S01009815,All people aged 16 to 74 in employment,362,339,99,240,23,4,19
S01009815,A B D E. Agriculture energy and water,6,6,0,6,0,0,0
S01009815,C. Manufacturing,25,23,1,22,2,0,2
S01009815,F. Construction,27,24,1,23,3,0,3
S01009815,G I. Distribution hotels and restaurants,74,74,40,34,0,0,0
S01009815,H J. Transport and communication,40,31,5,26,9,1,8
S01009815,K L M N. Financial real estate professional and administrative activities,52,50,6,44,2,1,1
S01009815,O P Q. Public administration education and health,115,111,37,74,4,2,2
S01009815,R S T U. Other,23,20,9,11,3,0,3
S01009816,All people aged 16 to 74 in employment,393,364,99,265,29,8,21
S01009816,A B D E. Agriculture energy and water,8,8,0,8,0,0,0
S01009816,C. Manufacturing,25,21,3,18,4,3,1
S01009816,F. Construction,30,23,0,23,7,1,6
S01009816,G I. Distribution hotels and restaurants,85,85,38,47,0,0,0
S01009816,H J. Transport and communication,42,33,6,27,9,0,9
S01009816,K L M N. Financial real estate professional and administrative activities,57,52,6,46,5,3,2
S01009816,O P Q. Public administration education and health,130,126,40,86,4,1,3
S01009816,R S T U. Other,16,16,6,10,0,0,0
S01009817,All people aged 16 to 74 in employment,288,270,75,195,18,3,15
S01009817,A B D E. Agriculture energy and water,6,5,0,5,1,0,1
S01009817,C. Manufacturing,32,32,4,28,0,0,0
S01009817,F. Construction,15,15,0,15,0,0,0
S01009817,G I. Distribution hotels and restaurants,71,71,29,42,0,0,0
S01009817,H J. Transport and communication,34,26,8,18,8,0,8
S01009817,K L M N. Financial real estate professional and administrative activities,29,27,8,19,2,0,2
S01009817,O P Q. Public administration education and health,85,81,21,60,4,1,3
S01009817,R S T U. Other,16,13,5,8,3,2,1
S01009818,All people aged 16 to 74 in employment,407,359,98,261,48,13,35
S01009818,A B D E. Agriculture energy and water,4,3,0,3,1,1,0
S01009818,C. Manufacturing,31,29,0,29,2,1,1
S01009818,F. Construction,30,23,1,22,7,1,6
S01009818,G I. Distribution hotels and restaurants,73,59,30,29,14,3,11
S01009818,H J. Transport and communication,34,30,2,28,4,1,3
S01009818,K L M N. Financial real estate professional and administrative activities,55,47,13,34,8,2,6
S01009818,O P Q. Public administration education and health,161,155,48,107,6,2,4
S01009818,R S T U. Other,19,13,4,9,6,2,4
S01009819,All people aged 16 to 74 in employment,250,213,59,154,37,9,28
S01009819,A B D E. Agriculture energy and water,2,2,0,2,0,0,0
S01009819,C. Manufacturing,18,16,2,14,2,0,2
S01009819,F. Construction,16,12,2,10,4,0,4
S01009819,G I. Distribution hotels and restaurants,42,36,16,20,6,2,4
S01009819,H J. Transport and communication,28,19,6,13,9,4,5
S01009819,K L M N. Financial real estate professional and administrative activities,39,30,7,23,9,0,9
S01009819,O P Q. Public administration education and health,91,87,22,65,4,2,2
S01009819,R S T U. Other,14,11,4,7,3,1,2
S01009820,All people aged 16 to 74 in employment,428,397,100,297,31,5,26
S01009820,A B D E. Agriculture energy and water,5,5,1,4,0,0,0
S01009820,C. Manufacturing,34,33,1,32,1,1,0
S01009820,F. Construction,41,30,3,27,11,0,11
S01009820,G I. Distribution hotels and restaurants,74,72,33,39,2,0,2
S01009820,H J. Transport and communication,39,33,5,28,6,1,5
S01009820,K L M N. Financial real estate professional and administrative activities,62,55,11,44,7,2,5
S01009820,O P Q. Public administration education and health,145,141,37,104,4,1,3
S01009820,R S T U. Other,28,28,9,19,0,0,0
S01009821,All people aged 16 to 74 in employment,322,289,78,211,33,10,23
S01009821,A B D E. Agriculture energy and water,3,2,0,2,1,0,1
S01009821,C. Manufacturing,18,17,1,16,1,0,1
S01009821,F. Construction,30,19,1,18,11,1,10
S01009821,G I. Distribution hotels and restaurants,71,65,31,34,6,1,5
S01009821,H J. Transport and communication,35,29,6,23,6,2,4
S01009821,K L M N. Financial real estate professional and administrative activities,40,37,4,33,3,2,1
S01009821,O P Q. Public administration education and health,112,109,34,75,3,3,0
S01009821,R S T U. Other,13,11,1,10,2,1,1
S01009822,All people aged 16 to 74 in employment,208,198,42,156,10,0,10
S01009822,A B D E. Agriculture energy and water,5,5,0,5,0,0,0
S01009822,C. Manufacturing,22,22,1,21,0,0,0
S01009822,F. Construction,20,15,2,13,5,0,5
S01009822,G I. Distribution hotels and restaurants,44,43,15,28,1,0,1
S01009822,H J. Transport and communication,16,13,0,13,3,0,3
S01009822,K L M N. Financial real estate professional and administrative activities,35,34,5,29,1,0,1
S01009822,O P Q. Public administration education and health,60,60,16,44,0,0,0
S01009822,R S T U. Other,6,6,3,3,0,0,0
S01009823,All people aged 16 to 74 in employment,258,247,79,168,11,3,8
S01009823,A B D E. Agriculture energy and water,2,2,0,2,0,0,0
S01009823,C. Manufacturing,20,19,2,17,1,0,1
S01009823,F. Construction,23,20,2,18,3,0,3
S01009823,G I. Distribution hotels and restaurants,66,65,28,37,1,0,1
S01009823,H J. Transport and communication,20,16,3,13,4,2,2
S01009823,K L M N. Financial real estate professional and administrative activities,42,41,12,29,1,0,1
S01009823,O P Q. Public administration education and health,71,70,24,46,1,1,0
S01009823,R S T U. Other,14,14,8,6,0,0,0
S01009824,All people aged 16 to 74 in employment,366,348,88,260,18,1,17
S01009824,A B D E. Agriculture energy and water,6,6,0,6,0,0,0
S01009824,C. Manufacturing,40,40,2,38,0,0,0
S01009824,F. Construction,41,39,1,38,2,0,2
S01009824,G I. Distribution hotels and restaurants,81,73,31,42,8,0,8
S01009824,H J. Transport and communication,35,31,4,27,4,0,4
S01009824,K L M N. Financial real estate professional and administrative activities,55,51,16,35,4,1,3
S01009824,O P Q. Public administration education and health,99,99,33,66,0,0,0
S01009824,R S T U. Other,9,9,1,8,0,0,0
S01009825,All people aged 16 to 74 in employment,415,388,103,285,27,8,19
S01009825,A B D E. Agriculture energy and water,6,6,1,5,0,0,0
S01009825,C. Manufacturing,34,33,1,32,1,0,1
S01009825,F. Construction,34,24,1,23,10,3,7
S01009825,G I. Distribution hotels and restaurants,97,95,40,55,2,0,2
S01009825,H J. Transport and communication,32,26,1,25,6,2,4
S01009825,K L M N. Financial real estate professional and administrative activities,65,62,21,41,3,1,2
S01009825,O P Q. Public administration education and health,125,124,30,94,1,0,1
S01009825,R S T U. Other,22,18,8,10,4,2,2
S01009826,All people aged 16 to 74 in employment,215,204,57,147,11,3,8
S01009826,A B D E. Agriculture energy and water,2,2,0,2,0,0,0
S01009826,C. Manufacturing,24,24,2,22,0,0,0
S01009826,F. Construction,13,12,0,12,1,0,1
S01009826,G I. Distribution hotels and restaurants,64,64,27,37,0,0,0
S01009826,H J. Transport and communication,17,14,2,12,3,0,3
S01009826,K L M N. Financial real estate professional and administrative activities,27,25,8,17,2,0,2
S01009826,O P Q. Public administration education and health,55,54,15,39,1,1,0
S01009826,R S T U. Other,13,9,3,6,4,2,2
S01009827,All people aged 16 to 74 in employment,332,315,90,225,17,5,12
S01009827,A B D E. Agriculture energy and water,10,10,0,10,0,0,0
S01009827,C. Manufacturing,28,27,3,24,1,0,1
S01009827,F. Construction,29,24,0,24,5,1,4
S01009827,G I. Distribution hotels and restaurants,60,60,29,31,0,0,0
S01009827,H J. Transport and communication,43,36,6,30,7,1,6
S01009827,K L M N. Financial real estate professional and administrative activities,43,42,10,32,1,1,0
S01009827,O P Q. Public administration education and health,103,102,36,66,1,0,1
S01009827,R S T U. Other,16,14,6,8,2,2,0
S01009828,All people aged 16 to 74 in employment,241,223,72,151,18,3,15
S01009828,A B D E. Agriculture energy and water,9,8,0,8,1,0,1
S01009828,C. Manufacturing,19,19,0,19,0,0,0
S01009828,F. Construction,16,10,1,9,6,1,5
S01009828,G I. Distribution hotels and restaurants,67,63,35,28,4,0,4
S01009828,H J. Transport and communication,14,11,1,10,3,1,2
S01009828,K L M N. Financial real estate professional and administrative activities,37,35,8,27,2,0,2
S01009828,O P Q. Public administration education and health,69,68,21,47,1,0,1
S01009828,R S T U. Other,10,9,6,3,1,1,0
S01009829,All people aged 16 to 74 in employment,444,413,95,318,31,12,19
S01009829,A B D E. Agriculture energy and water,4,4,1,3,0,0,0
S01009829,C. Manufacturing,25,25,1,24,0,0,0
S01009829,F. Construction,39,33,1,32,6,0,6
S01009829,G I. Distribution hotels and restaurants,86,83,32,51,3,0,3
S01009829,H J. Transport and communication,44,36,5,31,8,5,3
S01009829,K L M N. Financial real estate professional and administrative activities,74,71,12,59,3,0,3
S01009829,O P Q. Public administration education and health,152,147,33,114,5,3,2
S01009829,R S T U. Other,20,14,10,4,6,4,2
S01009830,All people aged 16 to 74 in employment,362,343,88,255,19,5,14
S01009830,A B D E. Agriculture energy and water,7,7,1,6,0,0,0
S01009830,C. Manufacturing,24,23,2,21,1,0,1
S01009830,F. Construction,30,25,0,25,5,1,4
S01009830,G I. Distribution hotels and restaurants,89,84,33,51,5,2,3
S01009830,H J. Transport and communication,32,26,3,23,6,0,6
S01009830,K L M N. Financial real estate professional and administrative activities,41,41,7,34,0,0,0
S01009830,O P Q. Public administration education and health,125,123,37,86,2,2,0
S01009830,R S T U. Other,14,14,5,9,0,0,0
S01009831,All people aged 16 to 74 in employment,409,392,120,272,17,5,12
S01009831,A B D E. Agriculture energy and water,9,9,0,9,0,0,0
S01009831,C. Manufacturing,23,23,2,21,0,0,0
S01009831,F. Construction,32,27,1,26,5,1,4
S01009831,G I. Distribution hotels and restaurants,98,95,46,49,3,1,2
S01009831,H J. Transport and communication,31,28,4,24,3,1,2
S01009831,K L M N. Financial real estate professional and administrative activities,58,56,13,43,2,0,2
S01009831,O P Q. Public administration education and health,145,143,49,94,2,2,0
S01009831,R S T U. Other,13,11,5,6,2,0,2
S01009832,All people aged 16 to 74 in employment,468,432,122,310,36,13,23
S01009832,A B D E. Agriculture energy and water,6,6,2,4,0,0,0
S01009832,C. Manufacturing,41,36,4,32,5,1,4
S01009832,F. Construction,36,29,1,28,7,1,6
S01009832,G I. Distribution hotels and restaurants,103,103,47,56,0,0,0
S01009832,H J. Transport and communication,36,28,4,24,8,3,5
S01009832,K L M N. Financial real estate professional and administrative activities,59,55,11,44,4,2,2
S01009832,O P Q. Public administration education and health,168,160,48,112,8,5,3
S01009832,R S T U. Other,19,15,5,10,4,1,3
S01009833,All people aged 16 to 74 in employment,298,276,56,220,22,7,15
S01009833,A B D E. Agriculture energy and water,4,3,1,2,1,0,1
S01009833,C. Manufacturing,24,23,1,22,1,0,1
S01009833,F. Construction,35,32,1,31,3,0,3
S01009833,G I. Distribution hotels and restaurants,48,46,11,35,2,0,2
S01009833,H J. Transport and communication,24,20,4,16,4,0,4
S01009833,K L M N. Financial real estate professional and administrative activities,32,27,4,23,5,3,2
S01009833,O P Q. Public administration education and health,117,114,30,84,3,2,1
S01009833,R S T U. Other,14,11,4,7,3,2,1
S01009834,All people aged 16 to 74 in employment,395,370,110,260,25,7,18
S01009834,A B D E. Agriculture energy and water,5,5,0,5,0,0,0
S01009834,C. Manufacturing,27,25,1,24,2,0,2
S01009834,F. Construction,42,34,0,34,8,1,7
S01009834,G I. Distribution hotels and restaurants,89,83,45,38,6,1,5
S01009834,H J. Transport and communication,27,24,6,18,3,1,2
S01009834,K L M N. Financial real estate professional and administrative activities,65,63,15,48,2,2,0
S01009834,O P Q. Public administration education and health,121,119,37,82,2,1,1
S01009834,R S T U. Other,19,17,6,11,2,1,1
S01009835,All people aged 16 to 74 in employment,212,202,78,124,10,1,9
S01009835,A B D E. Agriculture energy and water,2,2,0,2,0,0,0
S01009835,C. Manufacturing,16,15,0,15,1,0,1
S01009835,F. Construction,15,13,2,11,2,0,2
S01009835,G I. Distribution hotels and restaurants,60,60,38,22,0,0,0
S01009835,H J. Transport and communication,17,13,3,10,4,0,4
S01009835,K L M N. Financial real estate professional and administrative activities,26,24,7,17,2,0,2
S01009835,O P Q. Public administration education and health,65,65,23,42,0,0,0
S01009835,R S T U. Other,11,10,5,5,1,1,0
S01009836,All people aged 16 to 74 in employment,451,420,105,315,31,3,28
S01009836,A B D E. Agriculture energy and water,5,5,0,5,0,0,0
S01009836,C. Manufacturing,54,53,3,50,1,0,1
S01009836,F. Construction,34,26,1,25,8,1,7
S01009836,G I. Distribution hotels and restaurants,96,89,28,61,7,0,7
S01009836,H J. Transport and communication,30,23,4,19,7,1,6
S01009836,K L M N. Financial real estate professional and administrative activities,56,54,16,38,2,1,1
S01009836,O P Q. Public administration education and health,160,156,48,108,4,0,4
S01009836,R S T U. Other,16,14,5,9,2,0,2
S01009837,All people aged 16 to 74 in employment,275,262,67,195,13,1,12
S01009837,A B D E. Agriculture energy and water,4,4,0,4,0,0,0
S01009837,C. Manufacturing,27,27,3,24,0,0,0
S01009837,F. Construction,22,17,0,17,5,0,5
S01009837,G I. Distribution hotels and restaurants,55,54,23,31,1,0,1
S01009837,H J. Transport and communication,23,19,4,15,4,0,4
S01009837,K L M N. Financial real estate professional and administrative activities,34,33,7,26,1,0,1
S01009837,O P Q. Public administration education and health,97,97,27,70,0,0,0
S01009837,R S T U. Other,13,11,3,8,2,1,1
S01009838,All people aged 16 to 74 in employment,319,300,72,228,19,5,14
S01009838,A B D E. Agriculture energy and water,8,8,0,8,0,0,0
S01009838,C. Manufacturing,26,26,5,21,0,0,0
S01009838,F. Construction,21,17,0,17,4,0,4
S01009838,G I. Distribution hotels and restaurants,71,70,31,39,1,0,1
S01009838,H J. Transport and communication,26,21,1,20,5,0,5
S01009838,K L M N. Financial real estate professional and administrative activities,46,43,6,37,3,1,2
S01009838,O P Q. Public administration education and health,97,95,26,69,2,1,1
S01009838,R S T U. Other,24,20,3,17,4,3,1
S01009839,All people aged 16 to 74 in employment,419,396,113,283,23,4,19
S01009839,A B D E. Agriculture energy and water,5,5,0,5,0,0,0
S01009839,C. Manufacturing,28,26,3,23,2,0,2
S01009839,F. Construction,13,9,0,9,4,0,4
S01009839,G I. Distribution hotels and restaurants,115,111,52,59,4,2,2
S01009839,H J. Transport and communication,28,23,1,22,5,0,5
S01009839,K L M N. Financial real estate professional and administrative activities,63,59,8,51,4,1,3
S01009839,O P Q. Public administration education and health,135,132,34,98,3,1,2
S01009839,R S T U. Other,32,31,15,16,1,0,1
S01009840,All people aged 16 to 74 in employment,386,362,117,245,24,7,17
S01009840,A B D E. Agriculture energy and water,4,4,0,4,0,0,0
S01009840,C. Manufacturing,32,31,7,24,1,0,1
S01009840,F. Construction,36,31,3,28,5,1,4
S01009840,G I. Distribution hotels and restaurants,85,79,41,38,6,1,5
S01009840,H J. Transport and communication,21,18,2,16,3,0,3
S01009840,K L M N. Financial real estate professional and administrative activities,55,53,9,44,2,1,1
S01009840,O P Q. Public administration education and health,137,131,49,82,6,4,2
S01009840,R S T U. Other,16,15,6,9,1,0,1
S01009841,All people aged 16 to 74 in employment,340,320,91,229,20,10,10
S01009841,A B D E. Agriculture energy and water,4,4,0,4,0,0,0
S01009841,C. Manufacturing,31,31,3,28,0,0,0
S01009841,F. Construction,25,22,3,19,3,1,2
S01009841,G I. Distribution hotels and restaurants,94,91,36,55,3,1,2
S01009841,H J. Transport and communication,21,19,5,14,2,1,1
S01009841,K L M N. Financial real estate professional and administrative activities,52,51,17,34,1,1,0
S01009841,O P Q. Public administration education and health,89,87,25,62,2,2,0
S01009841,R S T U. Other,24,15,2,13,9,4,5
S01009842,All people aged 16 to 74 in employment,257,237,76,161,20,6,14
S01009842,A B D E. Agriculture energy and water,5,5,2,3,0,0,0
S01009842,C. Manufacturing,23,23,6,17,0,0,0
S01009842,F. Construction,19,12,3,9,7,1,6
S01009842,G I. Distribution hotels and restaurants,60,57,25,32,3,0,3
S01009842,H J. Transport and communication,13,12,2,10,1,1,0
S01009842,K L M N. Financial real estate professional and administrative activities,60,54,16,38,6,4,2
S01009842,O P Q. Public administration education and health,63,62,18,44,1,0,1
S01009842,R S T U. Other,14,12,4,8,2,0,2
S01009843,All people aged 16 to 74 in employment,187,179,51,128,8,2,6
S01009843,A B D E. Agriculture energy and water,1,1,0,1,0,0,0
S01009843,C. Manufacturing,17,17,2,15,0,0,0
S01009843,F. Construction,15,13,1,12,2,0,2
S01009843,G I. Distribution hotels and restaurants,55,54,21,33,1,1,0
S01009843,H J. Transport and communication,11,10,4,6,1,1,0
S01009843,K L M N. Financial real estate professional and administrative activities,31,31,2,29,0,0,0
S01009843,O P Q. Public administration education and health,44,43,17,26,1,0,1
S01009843,R S T U. Other,13,10,4,6,3,0,3
S01009844,All people aged 16 to 74 in employment,184,161,39,122,23,5,18
S01009844,A B D E. Agriculture energy and water,0,0,0,0,0,0,0
S01009844,C. Manufacturing,22,21,0,21,1,0,1
S01009844,F. Construction,18,10,1,9,8,1,7
S01009844,G I. Distribution hotels and restaurants,58,49,20,29,9,3,6
S01009844,H J. Transport and communication,3,3,1,2,0,0,0
S01009844,K L M N. Financial real estate professional and administrative activities,36,35,8,27,1,0,1
S01009844,O P Q. Public administration education and health,34,32,9,23,2,1,1
S01009844,R S T U. Other,13,11,0,11,2,0,2
S01009845,All people aged 16 to 74 in employment,311,287,79,208,24,8,16
S01009845,A B D E. Agriculture energy and water,1,1,0,1,0,0,0
S01009845,C. Manufacturing,25,24,0,24,1,0,1
S01009845,F. Construction,17,13,0,13,4,0,4
S01009845,G I. Distribution hotels and restaurants,108,106,37,69,2,2,0
S01009845,H J. Transport and communication,18,17,4,13,1,1,0
S01009845,K L M N. Financial real estate professional and administrative activities,54,48,12,36,6,1,5
S01009845,O P Q. Public administration education and health,76,69,23,46,7,3,4
S01009845,R S T U. Other,12,9,3,6,3,1,2
S01009846,All people aged 16 to 74 in employment,362,339,118,221,23,9,14
S01009846,A B D E. Agriculture energy and water,5,5,0,5,0,0,0
S01009846,C. Manufacturing,34,33,2,31,1,0,1
S01009846,F. Construction,23,18,1,17,5,1,4
S01009846,G I. Distribution hotels and restaurants,95,92,48,44,3,1,2
S01009846,H J. Transport and communication,28,23,4,19,5,0,5
S01009846,K L M N. Financial real estate professional and administrative activities,58,54,13,41,4,3,1
S01009846,O P Q. Public administration education and health,108,105,46,59,3,2,1
S01009846,R S T U. Other,11,9,4,5,2,2,0
S01009847,All people aged 16 to 74 in employment,272,261,69,192,11,5,6
S01009847,A B D E. Agriculture energy and water,1,1,0,1,0,0,0
S01009847,C. Manufacturing,21,21,1,20,0,0,0
S01009847,F. Construction,15,12,1,11,3,0,3
S01009847,G I. Distribution hotels and restaurants,72,70,28,42,2,1,1
S01009847,H J. Transport and communication,13,11,1,10,2,1,1
S01009847,K L M N. Financial real estate professional and administrative activities,38,38,11,27,0,0,0
S01009847,O P Q. Public administration education and health,96,94,25,69,2,2,0
S01009847,R S T U. Other,16,14,2,12,2,1,1
S01009848,All people aged 16 to 74 in employment,345,330,111,219,15,2,13
S01009848,A B D E. Agriculture energy and water,7,7,1,6,0,0,0
S01009848,C. Manufacturing,29,28,4,24,1,0,1
S01009848,F. Construction,25,20,0,20,5,0,5
S01009848,G I. Distribution hotels and restaurants,91,89,45,44,2,0,2
S01009848,H J. Transport and communication,20,16,3,13,4,1,3
S01009848,K L M N. Financial real estate professional and administrative activities,43,43,11,32,0,0,0
S01009848,O P Q. Public administration education and health,112,111,40,71,1,1,0
S01009848,R S T U. Other,18,16,7,9,2,0,2
S01009849,All people aged 16 to 74 in employment,298,281,62,219,17,2,15
S01009849,A B D E. Agriculture energy and water,7,7,0,7,0,0,0
S01009849,C. Manufacturing,22,18,0,18,4,0,4
S01009849,F. Construction,22,21,0,21,1,0,1
S01009849,G I. Distribution hotels and restaurants,62,62,31,31,0,0,0
S01009849,H J. Transport and communication,29,25,2,23,4,0,4
S01009849,K L M N. Financial real estate professional and administrative activities,44,40,4,36,4,0,4
S01009849,O P Q. Public administration education and health,97,94,23,71,3,1,2
S01009849,R S T U. Other,15,14,2,12,1,1,0
S01009850,All people aged 16 to 74 in employment,393,364,81,283,29,11,18
S01009850,A B D E. Agriculture energy and water,7,7,0,7,0,0,0
S01009850,C. Manufacturing,23,22,2,20,1,0,1
S01009850,F. Construction,34,28,5,23,6,2,4
S01009850,G I. Distribution hotels and restaurants,73,71,24,47,2,0,2
S01009850,H J. Transport and communication,33,27,1,26,6,2,4
S01009850,K L M N. Financial real estate professional and administrative activities,69,63,11,52,6,3,3
S01009850,O P Q. Public administration education and health,134,131,33,98,3,2,1
S01009850,R S T U. Other,20,15,5,10,5,2,3
S01009851,All people aged 16 to 74 in employment,337,306,88,218,31,10,21
S01009851,A B D E. Agriculture energy and water,7,6,0,6,1,0,1
S01009851,C. Manufacturing,18,18,1,17,0,0,0
S01009851,F. Construction,30,19,2,17,11,2,9
S01009851,G I. Distribution hotels and restaurants,67,64,30,34,3,0,3
S01009851,H J. Transport and communication,39,31,2,29,8,2,6
S01009851,K L M N. Financial real estate professional and administrative activities,48,45,13,32,3,3,0
S01009851,O P Q. Public administration education and health,110,107,36,71,3,2,1
S01009851,R S T U. Other,18,16,4,12,2,1,1
S01009852,All people aged 16 to 74 in employment,237,221,54,167,16,4,12
S01009852,A B D E. Agriculture energy and water,3,3,1,2,0,0,0
S01009852,C. Manufacturing,12,12,0,12,0,0,0
S01009852,F. Construction,19,17,1,16,2,0,2
S01009852,G I. Distribution hotels and restaurants,58,55,21,34,3,1,2
S01009852,H J. Transport and communication,24,21,2,19,3,1,2
S01009852,K L M N. Financial real estate professional and administrative activities,34,29,5,24,5,2,3
S01009852,O P Q. Public administration education and health,71,71,19,52,0,0,0
S01009852,R S T U. Other,16,13,5,8,3,0,3
S01009853,All people aged 16 to 74 in employment,336,313,87,226,23,5,18
S01009853,A B D E. Agriculture energy and water,7,7,0,7,0,0,0
S01009853,C. Manufacturing,22,22,2,20,0,0,0
S01009853,F. Construction,33,30,0,30,3,0,3
S01009853,G I. Distribution hotels and restaurants,59,49,25,24,10,2,8
S01009853,H J. Transport and communication,26,23,4,19,3,0,3
S01009853,K L M N. Financial real estate professional and administrative activities,58,57,9,48,1,0,1
S01009853,O P Q. Public administration education and health,118,113,43,70,5,3,2
S01009853,R S T U. Other,13,12,4,8,1,0,1
S01009854,All people aged 16 to 74 in employment,386,355,109,246,31,6,25
S01009854,A B D E. Agriculture energy and water,2,2,0,2,0,0,0
S01009854,C. Manufacturing,23,22,2,20,1,0,1
S01009854,F. Construction,33,24,0,24,9,1,8
S01009854,G I. Distribution hotels and restaurants,89,85,44,41,4,1,3
S01009854,H J. Transport and communication,31,26,3,23,5,0,5
S01009854,K L M N. Financial real estate professional and administrative activities,69,64,18,46,5,2,3
S01009854,O P Q. Public administration education and health,118,116,37,79,2,0,2
S01009854,R S T U. Other,21,16,5,11,5,2,3
S01009855,All people aged 16 to 74 in employment,285,264,80,184,21,6,15
S01009855,A B D E. Agriculture energy and water,4,3,0,3,1,0,1
S01009855,C. Manufacturing,23,23,2,21,0,0,0
S01009855,F. Construction,26,21,4,17,5,0,5
S01009855,G I. Distribution hotels and restaurants,55,53,27,26,2,1,1
S01009855,H J. Transport and communication,23,18,3,15,5,1,4
S01009855,K L M N. Financial real estate professional and administrative activities,30,30,8,22,0,0,0
S01009855,O P Q. Public administration education and health,101,96,31,65,5,3,2
S01009855,R S T U. Other,23,20,5,15,3,1,2
S01009856,All people aged 16 to 74 in employment,244,217,67,150,27,10,17
S01009856,A B D E. Agriculture energy and water,3,3,0,3,0,0,0
S01009856,C. Manufacturing,13,11,2,9,2,0,2
S01009856,F. Construction,13,10,1,9,3,1,2
S01009856,G I. Distribution hotels and restaurants,64,60,28,32,4,1,3
S01009856,H J. Transport and communication,20,14,2,12,6,1,5
S01009856,K L M N. Financial real estate professional and administrative activities,34,27,6,21,7,4,3
S01009856,O P Q. Public administration education and health,86,83,25,58,3,2,1
S01009856,R S T U. Other,11,9,3,6,2,1,1
S01009857,All people aged 16 to 74 in employment,380,352,101,251,28,7,21
S01009857,A B D E. Agriculture energy and water,8,8,0,8,0,0,0
S01009857,C. Manufacturing,24,21,3,18,3,1,2
S01009857,F. Construction,28,20,0,20,8,1,7
S01009857,G I. Distribution hotels and restaurants,72,70,37,33,2,1,1
S01009857,H J. Transport and communication,25,21,2,19,4,1,3
S01009857,K L M N. Financial real estate professional and administrative activities,46,43,7,36,3,2,1
S01009857,O P Q. Public administration education and health,157,153,45,108,4,1,3
S01009857,R S T U. Other,20,16,7,9,4,0,4
S01009858,All people aged 16 to 74 in employment,341,317,81,236,24,4,20
S01009858,A B D E. Agriculture energy and water,8,7,0,7,1,0,1
S01009858,C. Manufacturing,28,28,1,27,0,0,0
S01009858,F. Construction,20,16,0,16,4,0,4
S01009858,G I. Distribution hotels and restaurants,71,70,31,39,1,0,1
S01009858,H J. Transport and communication,22,16,2,14,6,1,5
S01009858,K L M N. Financial real estate professional and administrative activities,63,60,12,48,3,1,2
S01009858,O P Q. Public administration education and health,107,104,26,78,3,0,3
S01009858,R S T U. Other,22,16,9,7,6,2,4
S01009859,All people aged 16 to 74 in employment,334,316,97,219,18,5,13
S01009859,A B D E. Agriculture energy and water,3,3,0,3,0,0,0
S01009859,C. Manufacturing,28,28,0,28,0,0,0
S01009859,F. Construction,23,14,0,14,9,0,9
S01009859,G I. Distribution hotels and restaurants,90,87,46,41,3,2,1
S01009859,H J. Transport and communication,18,17,1,16,1,0,1
S01009859,K L M N. Financial real estate professional and administrative activities,52,51,17,34,1,1,0
S01009859,O P Q. Public administration education and health,102,101,26,75,1,0,1
S01009859,R S T U. Other,18,15,7,8,3,2,1
S01009860,All people aged 16 to 74 in employment,282,274,95,179,8,2,6
S01009860,A B D E. Agriculture energy and water,2,2,1,1,0,0,0
S01009860,C. Manufacturing,16,15,1,14,1,0,1
S01009860,F. Construction,15,13,1,12,2,1,1
S01009860,G I. Distribution hotels and restaurants,75,74,41,33,1,0,1
S01009860,H J. Transport and communication,26,26,6,20,0,0,0
S01009860,K L M N. Financial real estate professional and administrative activities,45,45,11,34,0,0,0
S01009860,O P Q. Public administration education and health,85,83,25,58,2,0,2
S01009860,R S T U. Other,18,16,9,7,2,1,1
S01009861,All people aged 16 to 74 in employment,378,346,94,252,32,9,23
S01009861,A B D E. Agriculture energy and water,4,4,0,4,0,0,0
S01009861,C. Manufacturing,17,16,2,14,1,0,1
S01009861,F. Construction,28,25,0,25,3,1,2
S01009861,G I. Distribution hotels and restaurants,116,109,41,68,7,2,5
S01009861,H J. Transport and communication,39,29,5,24,10,0,10
S01009861,K L M N. Financial real estate professional and administrative activities,51,47,12,35,4,1,3
S01009861,O P Q. Public administration education and health,101,99,31,68,2,1,1
S01009861,R S T U. Other,22,17,3,14,5,4,1
S01009862,All people aged 16 to 74 in employment,452,418,101,317,34,8,26
S01009862,A B D E. Agriculture energy and water,7,7,2,5,0,0,0
S01009862,C. Manufacturing,27,26,3,23,1,1,0
S01009862,F. Construction,23,18,0,18,5,1,4
S01009862,G I. Distribution hotels and restaurants,120,111,45,66,9,2,7
S01009862,H J. Transport and communication,52,43,6,37,9,2,7
S01009862,K L M N. Financial real estate professional and administrative activities,88,81,13,68,7,2,5
S01009862,O P Q. Public administration education and health,110,110,23,87,0,0,0
S01009862,R S T U. Other,25,22,9,13,3,0,3
S01009863,All people aged 16 to 74 in employment,370,337,76,261,33,8,25
S01009863,A B D E. Agriculture energy and water,6,5,0,5,1,0,1
S01009863,C. Manufacturing,16,15,1,14,1,0,1
S01009863,F. Construction,23,15,1,14,8,1,7
S01009863,G I. Distribution hotels and restaurants,121,112,40,72,9,3,6
S01009863,H J. Transport and communication,21,19,3,16,2,0,2
S01009863,K L M N. Financial real estate professional and administrative activities,68,63,9,54,5,1,4
S01009863,O P Q. Public administration education and health,93,89,15,74,4,3,1
S01009863,R S T U. Other,22,19,7,12,3,0,3
S01009864,All people aged 16 to 74 in employment,278,248,62,186,30,6,24
S01009864,A B D E. Agriculture energy and water,4,3,1,2,1,0,1
S01009864,C. Manufacturing,14,11,0,11,3,0,3
S01009864,F. Construction,26,22,2,20,4,0,4
S01009864,G I. Distribution hotels and restaurants,60,58,26,32,2,1,1
S01009864,H J. Transport and communication,32,21,0,21,11,4,7
S01009864,K L M N. Financial real estate professional and administrative activities,50,44,7,37,6,0,6
S01009864,O P Q. Public administration education and health,70,69,20,49,1,1,0
S01009864,R S T U. Other,22,20,6,14,2,0,2
S01009865,All people aged 16 to 74 in employment,226,202,53,149,24,7,17
S01009865,A B D E. Agriculture energy and water,3,2,0,2,1,0,1
S01009865,C. Manufacturing,9,8,0,8,1,1,0
S01009865,F. Construction,12,9,0,9,3,1,2
S01009865,G I. Distribution hotels and restaurants,61,56,25,31,5,0,5
S01009865,H J. Transport and communication,24,18,3,15,6,1,5
S01009865,K L M N. Financial real estate professional and administrative activities,47,42,5,37,5,2,3
S01009865,O P Q. Public administration education and health,63,61,18,43,2,1,1
S01009865,R S T U. Other,7,6,2,4,1,1,0
S01009866,All people aged 16 to 74 in employment,460,425,90,335,35,8,27
S01009866,A B D E. Agriculture energy and water,6,6,0,6,0,0,0
S01009866,C. Manufacturing,35,34,4,30,1,0,1
S01009866,F. Construction,47,35,2,33,12,0,12
S01009866,G I. Distribution hotels and restaurants,104,99,27,72,5,2,3
S01009866,H J. Transport and communication,51,46,6,40,5,0,5
S01009866,K L M N. Financial real estate professional and administrative activities,75,71,14,57,4,1,3
S01009866,O P Q. Public administration education and health,117,113,26,87,4,3,1
S01009866,R S T U. Other,25,21,11,10,4,2,2
S01009867,All people aged 16 to 74 in employment,651,579,100,479,72,17,55
S01009867,A B D E. Agriculture energy and water,14,13,0,13,1,1,0
S01009867,C. Manufacturing,21,20,3,17,1,0,1
S01009867,F. Construction,37,29,2,27,8,0,8
S01009867,G I. Distribution hotels and restaurants,142,131,49,82,11,1,10
S01009867,H J. Transport and communication,110,90,15,75,20,2,18
S01009867,K L M N. Financial real estate professional and administrative activities,127,114,8,106,13,7,6
S01009867,O P Q. Public administration education and health,170,163,17,146,7,1,6
S01009867,R S T U. Other,30,19,6,13,11,5,6
S01009868,All people aged 16 to 74 in employment,380,353,72,281,27,4,23
S01009868,A B D E. Agriculture energy and water,7,7,0,7,0,0,0
S01009868,C. Manufacturing,20,18,1,17,2,0,2
S01009868,F. Construction,23,17,2,15,6,0,6
S01009868,G I. Distribution hotels and restaurants,93,91,33,58,2,1,1
S01009868,H J. Transport and communication,44,38,4,34,6,1,5
S01009868,K L M N. Financial real estate professional and administrative activities,93,90,8,82,3,0,3
S01009868,O P Q. Public administration education and health,83,80,19,61,3,1,2
S01009868,R S T U. Other,17,12,5,7,5,1,4
S01009869,All people aged 16 to 74 in employment,294,264,68,196,30,6,24
S01009869,A B D E. Agriculture energy and water,2,2,0,2,0,0,0
S01009869,C. Manufacturing,13,13,0,13,0,0,0
S01009869,F. Construction,14,9,0,9,5,0,5
S01009869,G I. Distribution hotels and restaurants,91,85,33,52,6,0,6
S01009869,H J. Transport and communication,33,23,2,21,10,0,10
S01009869,K L M N. Financial real estate professional and administrative activities,57,54,6,48,3,2,1
S01009869,O P Q. Public administration education and health,67,66,23,43,1,1,0
S01009869,R S T U. Other,17,12,4,8,5,3,2
S01009870,All people aged 16 to 74 in employment,268,230,70,160,38,12,26
S01009870,A B D E. Agriculture energy and water,4,3,0,3,1,0,1
S01009870,C. Manufacturing,14,12,0,12,2,0,2
S01009870,F. Construction,11,9,0,9,2,0,2
S01009870,G I. Distribution hotels and restaurants,88,76,31,45,12,5,7
S01009870,H J. Transport and communication,16,15,8,7,1,0,1
S01009870,K L M N. Financial real estate professional and administrative activities,59,52,14,38,7,3,4
S01009870,O P Q. Public administration education and health,55,50,12,38,5,3,2
S01009870,R S T U. Other,21,13,5,8,8,1,7
S01009871,All people aged 16 to 74 in employment,361,301,86,215,60,20,40
S01009871,A B D E. Agriculture energy and water,4,4,1,3,0,0,0
S01009871,C. Manufacturing,15,13,2,11,2,1,1
S01009871,F. Construction,18,11,1,10,7,2,5
S01009871,G I. Distribution hotels and restaurants,94,75,39,36,19,7,12
S01009871,H J. Transport and communication,27,18,2,16,9,3,6
S01009871,K L M N. Financial real estate professional and administrative activities,83,71,10,61,12,1,11
S01009871,O P Q. Public administration education and health,97,90,22,68,7,4,3
S01009871,R S T U. Other,23,19,9,10,4,2,2
S01009872,All people aged 16 to 74 in employment,359,312,66,246,47,13,34
S01009872,A B D E. Agriculture energy and water,5,5,1,4,0,0,0
S01009872,C. Manufacturing,17,16,1,15,1,1,0
S01009872,F. Construction,14,7,0,7,7,0,7
S01009872,G I. Distribution hotels and restaurants,102,87,34,53,15,5,10
S01009872,H J. Transport and communication,34,24,2,22,10,4,6
S01009872,K L M N. Financial real estate professional and administrative activities,86,78,8,70,8,2,6
S01009872,O P Q. Public administration education and health,86,83,16,67,3,1,2
S01009872,R S T U. Other,15,12,4,8,3,0,3
S01009873,All people aged 16 to 74 in employment,389,311,71,240,78,22,56
S01009873,A B D E. Agriculture energy and water,5,4,0,4,1,1,0
S01009873,C. Manufacturing,18,13,0,13,5,1,4
S01009873,F. Construction,23,15,0,15,8,2,6
S01009873,G I. Distribution hotels and restaurants,82,61,20,41,21,4,17
S01009873,H J. Transport and communication,52,39,6,33,13,7,6
S01009873,K L M N. Financial real estate professional and administrative activities,72,56,13,43,16,3,13
S01009873,O P Q. Public administration education and health,116,109,26,83,7,3,4
S01009873,R S T U. Other,21,14,6,8,7,1,6
S01009874,All people aged 16 to 74 in employment,440,371,126,245,69,20,49
S01009874,A B D E. Agriculture energy and water,4,3,0,3,1,0,1
S01009874,C. Manufacturing,27,23,3,20,4,0,4
S01009874,F. Construction,23,18,2,16,5,1,4
S01009874,G I. Distribution hotels and restaurants,101,87,44,43,14,1,13
S01009874,H J. Transport and communication,26,23,2,21,3,0,3
S01009874,K L M N. Financial real estate professional and administrative activities,81,59,20,39,22,11,11
S01009874,O P Q. Public administration education and health,140,130,43,87,10,4,6
S01009874,R S T U. Other,38,28,12,16,10,3,7
S01009875,All people aged 16 to 74 in employment,234,199,64,135,35,12,23
S01009875,A B D E. Agriculture energy and water,5,4,1,3,1,1,0
S01009875,C. Manufacturing,10,8,4,4,2,2,0
S01009875,F. Construction,11,10,2,8,1,0,1
S01009875,G I. Distribution hotels and restaurants,74,62,29,33,12,1,11
S01009875,H J. Transport and communication,17,9,1,8,8,2,6
S01009875,K L M N. Financial real estate professional and administrative activities,48,43,6,37,5,4,1
S01009875,O P Q. Public administration education and health,57,53,13,40,4,2,2
S01009875,R S T U. Other,12,10,8,2,2,0,2
S01009876,All people aged 16 to 74 in employment,216,197,89,108,19,9,10
S01009876,A B D E. Agriculture energy and water,0,0,0,0,0,0,0
S01009876,C. Manufacturing,7,7,0,7,0,0,0
S01009876,F. Construction,6,3,0,3,3,0,3
S01009876,G I. Distribution hotels and restaurants,77,72,38,34,5,2,3
S01009876,H J. Transport and communication,24,19,6,13,5,3,2
S01009876,K L M N. Financial real estate professional and administrative activities,45,40,12,28,5,3,2
S01009876,O P Q. Public administration education and health,45,44,23,21,1,1,0
S01009876,R S T U. Other,12,12,10,2,0,0,0
S01009877,All people aged 16 to 74 in employment,411,302,71,231,109,23,86
S01009877,A B D E. Agriculture energy and water,4,3,0,3,1,0,1
S01009877,C. Manufacturing,16,8,1,7,8,1,7
S01009877,F. Construction,11,7,1,6,4,1,3
S01009877,G I. Distribution hotels and restaurants,90,60,19,41,30,4,26
S01009877,H J. Transport and communication,37,26,3,23,11,4,7
S01009877,K L M N. Financial real estate professional and administrative activities,86,58,10,48,28,4,24
S01009877,O P Q. Public administration education and health,149,132,34,98,17,5,12
S01009877,R S T U. Other,18,8,3,5,10,4,6
S01009878,All people aged 16 to 74 in employment,258,207,73,134,51,11,40
S01009878,A B D E. Agriculture energy and water,4,3,0,3,1,0,1
S01009878,C. Manufacturing,10,9,2,7,1,1,0
S01009878,F. Construction,14,10,0,10,4,0,4
S01009878,G I. Distribution hotels and restaurants,84,61,36,25,23,3,20
S01009878,H J. Transport and communication,32,19,5,14,13,4,9
S01009878,K L M N. Financial real estate professional and administrative activities,45,43,12,31,2,1,1
S01009878,O P Q. Public administration education and health,58,55,14,41,3,1,2
S01009878,R S T U. Other,11,7,4,3,4,1,3
S01009879,All people aged 16 to 74 in employment,434,317,74,243,117,34,83
S01009879,A B D E. Agriculture energy and water,12,11,0,11,1,0,1
S01009879,C. Manufacturing,21,18,5,13,3,3,0
S01009879,F. Construction,16,12,1,11,4,1,3
S01009879,G I. Distribution hotels and restaurants,84,60,24,36,24,6,18
S01009879,H J. Transport and communication,45,31,5,26,14,3,11
S01009879,K L M N. Financial real estate professional and administrative activities,112,65,17,48,47,12,35
S01009879,O P Q. Public administration education and health,132,114,21,93,18,8,10
S01009879,R S T U. Other,12,6,1,5,6,1,5
S01009880,All people aged 16 to 74 in employment,309,250,84,166,59,10,49
S01009880,A B D E. Agriculture energy and water,5,5,1,4,0,0,0
S01009880,C. Manufacturing,7,7,2,5,0,0,0
S01009880,F. Construction,8,4,0,4,4,0,4
S01009880,G I. Distribution hotels and restaurants,110,80,41,39,30,3,27
S01009880,H J. Transport and communication,31,24,8,16,7,1,6
S01009880,K L M N. Financial real estate professional and administrative activities,54,44,11,33,10,2,8
S01009880,O P Q. Public administration education and health,86,80,17,63,6,3,3
S01009880,R S T U. Other,8,6,4,2,2,1,1
S01009881,All people aged 16 to 74 in employment,222,184,74,110,38,9,29
S01009881,A B D E. Agriculture energy and water,2,2,0,2,0,0,0
S01009881,C. Manufacturing,5,5,1,4,0,0,0
S01009881,F. Construction,5,3,2,1,2,1,1
S01009881,G I. Distribution hotels and restaurants,89,70,45,25,19,3,16
S01009881,H J. Transport and communication,25,16,5,11,9,3,6
S01009881,K L M N. Financial real estate professional and administrative activities,36,34,9,25,2,0,2
S01009881,O P Q. Public administration education and health,43,42,6,36,1,0,1
S01009881,R S T U. Other,17,12,6,6,5,2,3
S01009882,All people aged 16 to 74 in employment,691,602,148,454,89,17,72
S01009882,A B D E. Agriculture energy and water,15,14,0,14,1,0,1
S01009882,C. Manufacturing,27,26,5,21,1,0,1
S01009882,F. Construction,33,16,0,16,17,1,16
S01009882,G I. Distribution hotels and restaurants,159,140,72,68,19,4,15
S01009882,H J. Transport and communication,70,64,9,55,6,2,4
S01009882,K L M N. Financial real estate professional and administrative activities,138,122,18,104,16,3,13
S01009882,O P Q. Public administration education and health,207,197,39,158,10,5,5
S01009882,R S T U. Other,42,23,5,18,19,2,17
S01009883,All people aged 16 to 74 in employment,316,266,108,158,50,12,38
S01009883,A B D E. Agriculture energy and water,7,7,1,6,0,0,0
S01009883,C. Manufacturing,3,3,0,3,0,0,0
S01009883,F. Construction,9,8,2,6,1,0,1
S01009883,G I. Distribution hotels and restaurants,123,97,61,36,26,10,16
S01009883,H J. Transport and communication,30,18,4,14,12,0,12
S01009883,K L M N. Financial real estate professional and administrative activities,42,39,12,27,3,1,2
S01009883,O P Q. Public administration education and health,76,74,18,56,2,0,2
S01009883,R S T U. Other,26,20,10,10,6,1,5
S01009884,All people aged 16 to 74 in employment,380,307,77,230,73,29,44
S01009884,A B D E. Agriculture energy and water,7,6,0,6,1,0,1
S01009884,C. Manufacturing,13,10,0,10,3,0,3
S01009884,F. Construction,13,8,2,6,5,2,3
S01009884,G I. Distribution hotels and restaurants,107,91,42,49,16,6,10
S01009884,H J. Transport and communication,35,19,3,16,16,5,11
S01009884,K L M N. Financial real estate professional and administrative activities,75,65,9,56,10,3,7
S01009884,O P Q. Public administration education and health,98,92,20,72,6,2,4
S01009884,R S T U. Other,32,16,1,15,16,11,5
S01009885,All people aged 16 to 74 in employment,326,250,85,165,76,24,52
S01009885,A B D E. Agriculture energy and water,6,5,1,4,1,1,0
S01009885,C. Manufacturing,10,8,1,7,2,1,1
S01009885,F. Construction,12,10,2,8,2,0,2
S01009885,G I. Distribution hotels and restaurants,88,72,42,30,16,3,13
S01009885,H J. Transport and communication,43,21,3,18,22,4,18
S01009885,K L M N. Financial real estate professional and administrative activities,41,31,4,27,10,2,8
S01009885,O P Q. Public administration education and health,97,86,25,61,11,8,3
S01009885,R S T U. Other,29,17,7,10,12,5,7
S01009886,All people aged 16 to 74 in employment,291,236,102,134,55,17,38
S01009886,A B D E. Agriculture energy and water,4,4,0,4,0,0,0
S01009886,C. Manufacturing,7,6,0,6,1,1,0
S01009886,F. Construction,6,3,1,2,3,0,3
S01009886,G I. Distribution hotels and restaurants,100,83,61,22,17,3,14
S01009886,H J. Transport and communication,27,20,4,16,7,1,6
S01009886,K L M N. Financial real estate professional and administrative activities,47,40,13,27,7,1,6
S01009886,O P Q. Public administration education and health,82,72,20,52,10,4,6
S01009886,R S T U. Other,18,8,3,5,10,7,3
S01009887,All people aged 16 to 74 in employment,384,333,106,227,51,23,28
S01009887,A B D E. Agriculture energy and water,3,3,1,2,0,0,0
S01009887,C. Manufacturing,11,11,1,10,0,0,0
S01009887,F. Construction,16,10,0,10,6,4,2
S01009887,G I. Distribution hotels and restaurants,131,117,61,56,14,6,8
S01009887,H J. Transport and communication,31,24,3,21,7,1,6
S01009887,K L M N. Financial real estate professional and administrative activities,81,70,10,60,11,9,2
S01009887,O P Q. Public administration education and health,75,73,21,52,2,0,2
S01009887,R S T U. Other,36,25,9,16,11,3,8
S01009888,All people aged 16 to 74 in employment,279,236,83,153,43,16,27
S01009888,A B D E. Agriculture energy and water,5,5,0,5,0,0,0
S01009888,C. Manufacturing,10,9,1,8,1,0,1
S01009888,F. Construction,9,6,0,6,3,2,1
S01009888,G I. Distribution hotels and restaurants,94,81,47,34,13,4,9
S01009888,H J. Transport and communication,26,13,3,10,13,6,7
S01009888,K L M N. Financial real estate professional and administrative activities,37,34,10,24,3,1,2
S01009888,O P Q. Public administration education and health,83,79,17,62,4,2,2
S01009888,R S T U. Other,15,9,5,4,6,1,5
S01009889,All people aged 16 to 74 in employment,333,282,77,205,51,20,31
S01009889,A B D E. Agriculture energy and water,2,2,0,2,0,0,0
S01009889,C. Manufacturing,17,15,1,14,2,2,0
S01009889,F. Construction,11,7,0,7,4,2,2
S01009889,G I. Distribution hotels and restaurants,108,99,49,50,9,3,6
S01009889,H J. Transport and communication,33,26,3,23,7,2,5
S01009889,K L M N. Financial real estate professional and administrative activities,64,51,8,43,13,7,6
S01009889,O P Q. Public administration education and health,80,76,15,61,4,2,2
S01009889,R S T U. Other,18,6,1,5,12,2,10
S01009890,All people aged 16 to 74 in employment,207,189,70,119,18,5,13
S01009890,A B D E. Agriculture energy and water,2,2,0,2,0,0,0
S01009890,C. Manufacturing,7,7,1,6,0,0,0
S01009890,F. Construction,15,8,0,8,7,2,5
S01009890,G I. Distribution hotels and restaurants,66,64,36,28,2,0,2
S01009890,H J. Transport and communication,17,13,2,11,4,1,3
S01009890,K L M N. Financial real estate professional and administrative activities,36,35,12,23,1,0,1
S01009890,O P Q. Public administration education and health,49,46,16,30,3,2,1
S01009890,R S T U. Other,15,14,3,11,1,0,1
S01009891,All people aged 16 to 74 in employment,327,291,67,224,36,7,29
S01009891,A B D E. Agriculture energy and water,5,5,0,5,0,0,0
S01009891,C. Manufacturing,14,13,0,13,1,0,1
S01009891,F. Construction,7,5,1,4,2,0,2
S01009891,G I. Distribution hotels and restaurants,98,90,39,51,8,4,4
S01009891,H J. Transport and communication,27,21,2,19,6,0,6
S01009891,K L M N. Financial real estate professional and administrative activities,68,57,6,51,11,2,9
S01009891,O P Q. Public administration education and health,89,86,11,75,3,1,2
S01009891,R S T U. Other,19,14,8,6,5,0,5
S01009892,All people aged 16 to 74 in employment,332,311,73,238,21,5,16
S01009892,A B D E. Agriculture energy and water,5,4,0,4,1,0,1
S01009892,C. Manufacturing,15,14,2,12,1,1,0
S01009892,F. Construction,20,17,2,15,3,0,3
S01009892,G I. Distribution hotels and restaurants,82,80,29,51,2,0,2
S01009892,H J. Transport and communication,33,26,5,21,7,0,7
S01009892,K L M N. Financial real estate professional and administrative activities,62,59,11,48,3,1,2
S01009892,O P Q. Public administration education and health,98,96,20,76,2,2,0
S01009892,R S T U. Other,17,15,4,11,2,1,1
S01009893,All people aged 16 to 74 in employment,396,353,80,273,43,23,20
S01009893,A B D E. Agriculture energy and water,4,4,0,4,0,0,0
S01009893,C. Manufacturing,22,22,6,16,0,0,0
S01009893,F. Construction,15,8,0,8,7,6,1
S01009893,G I. Distribution hotels and restaurants,92,82,30,52,10,5,5
S01009893,H J. Transport and communication,41,36,5,31,5,0,5
S01009893,K L M N. Financial real estate professional and administrative activities,99,89,18,71,10,7,3
S01009893,O P Q. Public administration education and health,96,92,18,74,4,2,2
S01009893,R S T U. Other,27,20,3,17,7,3,4
S01009894,All people aged 16 to 74 in employment,302,271,92,179,31,9,22
S01009894,A B D E. Agriculture energy and water,4,3,0,3,1,0,1
S01009894,C. Manufacturing,17,17,5,12,0,0,0
S01009894,F. Construction,21,14,2,12,7,1,6
S01009894,G I. Distribution hotels and restaurants,91,84,42,42,7,0,7
S01009894,H J. Transport and communication,25,23,2,21,2,0,2
S01009894,K L M N. Financial real estate professional and administrative activities,41,35,8,27,6,5,1
S01009894,O P Q. Public administration education and health,82,79,26,53,3,1,2
S01009894,R S T U. Other,21,16,7,9,5,2,3
S01009895,All people aged 16 to 74 in employment,287,265,79,186,22,7,15
S01009895,A B D E. Agriculture energy and water,3,2,0,2,1,0,1
S01009895,C. Manufacturing,13,13,3,10,0,0,0
S01009895,F. Construction,15,13,0,13,2,1,1
S01009895,G I. Distribution hotels and restaurants,100,90,34,56,10,3,7
S01009895,H J. Transport and communication,25,20,4,16,5,0,5
S01009895,K L M N. Financial real estate professional and administrative activities,47,46,15,31,1,1,0
S01009895,O P Q. Public administration education and health,74,71,20,51,3,2,1
S01009895,R S T U. Other,10,10,3,7,0,0,0
S01009896,All people aged 16 to 74 in employment,328,283,89,194,45,17,28
S01009896,A B D E. Agriculture energy and water,4,4,0,4,0,0,0
S01009896,C. Manufacturing,14,14,1,13,0,0,0
S01009896,F. Construction,38,24,0,24,14,3,11
S01009896,G I. Distribution hotels and restaurants,101,91,46,45,10,3,7
S01009896,H J. Transport and communication,32,19,3,16,13,4,9
S01009896,K L M N. Financial real estate professional and administrative activities,43,42,10,32,1,1,0
S01009896,O P Q. Public administration education and health,82,78,26,52,4,3,1
S01009896,R S T U. Other,14,11,3,8,3,3,0
S01009897,All people aged 16 to 74 in employment,408,357,83,274,51,19,32
S01009897,A B D E. Agriculture energy and water,9,9,3,6,0,0,0
S01009897,C. Manufacturing,23,23,2,21,0,0,0
S01009897,F. Construction,28,23,0,23,5,0,5
S01009897,G I. Distribution hotels and restaurants,95,86,41,45,9,1,8
S01009897,H J. Transport and communication,39,28,2,26,11,7,4
S01009897,K L M N. Financial real estate professional and administrative activities,66,55,3,52,11,5,6
S01009897,O P Q. Public administration education and health,118,114,27,87,4,3,1
S01009897,R S T U. Other,30,19,5,14,11,3,8
S01009898,All people aged 16 to 74 in employment,195,159,58,101,36,14,22
S01009898,A B D E. Agriculture energy and water,2,2,0,2,0,0,0
S01009898,C. Manufacturing,9,8,1,7,1,0,1
S01009898,F. Construction,23,13,2,11,10,3,7
S01009898,G I. Distribution hotels and restaurants,52,40,18,22,12,4,8
S01009898,H J. Transport and communication,19,12,2,10,7,4,3
S01009898,K L M N. Financial real estate professional and administrative activities,20,19,11,8,1,0,1
S01009898,O P Q. Public administration education and health,58,55,20,35,3,2,1
S01009898,R S T U. Other,12,10,4,6,2,1,1
S01009899,All people aged 16 to 74 in employment,457,419,78,341,38,14,24
S01009899,A B D E. Agriculture energy and water,18,18,2,16,0,0,0
S01009899,C. Manufacturing,14,13,1,12,1,1,0
S01009899,F. Construction,25,19,1,18,6,0,6
S01009899,G I. Distribution hotels and restaurants,78,69,26,43,9,5,4
S01009899,H J. Transport and communication,46,40,6,34,6,2,4
S01009899,K L M N. Financial real estate professional and administrative activities,90,83,11,72,7,0,7
S01009899,O P Q. Public administration education and health,163,158,24,134,5,4,1
S01009899,R S T U. Other,23,19,7,12,4,2,2
S01009900,All people aged 16 to 74 in employment,600,551,88,463,49,5,44
S01009900,A B D E. Agriculture energy and water,14,14,1,13,0,0,0
S01009900,C. Manufacturing,28,27,0,27,1,0,1
S01009900,F. Construction,21,18,0,18,3,0,3
S01009900,G I. Distribution hotels and restaurants,86,75,29,46,11,0,11
S01009900,H J. Transport and communication,63,53,1,52,10,2,8
S01009900,K L M N. Financial real estate professional and administrative activities,134,124,13,111,10,2,8
S01009900,O P Q. Public administration education and health,223,216,41,175,7,1,6
S01009900,R S T U. Other,31,24,3,21,7,0,7
S01009901,All people aged 16 to 74 in employment,582,529,89,440,53,10,43
S01009901,A B D E. Agriculture energy and water,25,24,0,24,1,0,1
S01009901,C. Manufacturing,21,21,0,21,0,0,0
S01009901,F. Construction,25,19,2,17,6,1,5
S01009901,G I. Distribution hotels and restaurants,97,91,25,66,6,0,6
S01009901,H J. Transport and communication,56,46,1,45,10,4,6
S01009901,K L M N. Financial real estate professional and administrative activities,116,104,5,99,12,2,10
S01009901,O P Q. Public administration education and health,203,195,43,152,8,1,7
S01009901,R S T U. Other,39,29,13,16,10,2,8
S01009902,All people aged 16 to 74 in employment,337,298,97,201,39,3,36
S01009902,A B D E. Agriculture energy and water,4,4,1,3,0,0,0
S01009902,C. Manufacturing,24,23,1,22,1,0,1
S01009902,F. Construction,31,23,0,23,8,1,7
S01009902,G I. Distribution hotels and restaurants,66,56,31,25,10,0,10
S01009902,H J. Transport and communication,29,21,3,18,8,1,7
S01009902,K L M N. Financial real estate professional and administrative activities,51,45,11,34,6,0,6
S01009902,O P Q. Public administration education and health,111,109,42,67,2,1,1
S01009902,R S T U. Other,21,17,8,9,4,0,4
S01009903,All people aged 16 to 74 in employment,418,344,86,258,74,22,52
S01009903,A B D E. Agriculture energy and water,5,5,0,5,0,0,0
S01009903,C. Manufacturing,20,19,3,16,1,0,1
S01009903,F. Construction,11,8,1,7,3,0,3
S01009903,G I. Distribution hotels and restaurants,96,83,37,46,13,5,8
S01009903,H J. Transport and communication,45,31,4,27,14,2,12
S01009903,K L M N. Financial real estate professional and administrative activities,89,73,15,58,16,4,12
S01009903,O P Q. Public administration education and health,123,114,24,90,9,4,5
S01009903,R S T U. Other,29,11,2,9,18,7,11
S01009904,All people aged 16 to 74 in employment,469,416,64,352,53,13,40
S01009904,A B D E. Agriculture energy and water,9,9,0,9,0,0,0
S01009904,C. Manufacturing,20,19,1,18,1,0,1
S01009904,F. Construction,14,10,1,9,4,2,2
S01009904,G I. Distribution hotels and restaurants,63,49,16,33,14,2,12
S01009904,H J. Transport and communication,51,45,3,42,6,2,4
S01009904,K L M N. Financial real estate professional and administrative activities,99,86,11,75,13,3,10
S01009904,O P Q. Public administration education and health,191,182,30,152,9,3,6
S01009904,R S T U. Other,22,16,2,14,6,1,5
S01009905,All people aged 16 to 74 in employment,365,314,77,237,51,13,38
S01009905,A B D E. Agriculture energy and water,4,4,2,2,0,0,0
S01009905,C. Manufacturing,11,10,0,10,1,0,1
S01009905,F. Construction,13,8,1,7,5,1,4
S01009905,G I. Distribution hotels and restaurants,94,89,33,56,5,1,4
S01009905,H J. Transport and communication,40,27,3,24,13,2,11
S01009905,K L M N. Financial real estate professional and administrative activities,61,54,5,49,7,3,4
S01009905,O P Q. Public administration education and health,108,104,26,78,4,1,3
S01009905,R S T U. Other,34,18,7,11,16,5,11
S01009906,All people aged 16 to 74 in employment,370,328,71,257,42,11,31
S01009906,A B D E. Agriculture energy and water,4,4,0,4,0,0,0
S01009906,C. Manufacturing,19,17,1,16,2,1,1
S01009906,F. Construction,13,12,1,11,1,0,1
S01009906,G I. Distribution hotels and restaurants,88,83,39,44,5,0,5
S01009906,H J. Transport and communication,26,21,1,20,5,3,2
S01009906,K L M N. Financial real estate professional and administrative activities,81,66,12,54,15,4,11
S01009906,O P Q. Public administration education and health,114,110,15,95,4,2,2
S01009906,R S T U. Other,25,15,2,13,10,1,9
S01009907,All people aged 16 to 74 in employment,417,372,72,300,45,16,29
S01009907,A B D E. Agriculture energy and water,2,2,0,2,0,0,0
S01009907,C. Manufacturing,29,27,0,27,2,0,2
S01009907,F. Construction,13,10,0,10,3,1,2
S01009907,G I. Distribution hotels and restaurants,94,83,34,49,11,3,8
S01009907,H J. Transport and communication,36,28,2,26,8,1,7
S01009907,K L M N. Financial real estate professional and administrative activities,80,71,11,60,9,5,4
S01009907,O P Q. Public administration education and health,139,134,20,114,5,4,1
S01009907,R S T U. Other,24,17,5,12,7,2,5
S01009908,All people aged 16 to 74 in employment,632,524,126,398,108,32,76
S01009908,A B D E. Agriculture energy and water,9,7,1,6,2,0,2
S01009908,C. Manufacturing,16,14,1,13,2,0,2
S01009908,F. Construction,23,17,1,16,6,2,4
S01009908,G I. Distribution hotels and restaurants,134,118,56,62,16,4,12
S01009908,H J. Transport and communication,67,49,8,41,18,5,13
S01009908,K L M N. Financial real estate professional and administrative activities,126,99,15,84,27,6,21
S01009908,O P Q. Public administration education and health,199,180,36,144,19,6,13
S01009908,R S T U. Other,58,40,8,32,18,9,9
S01009909,All people aged 16 to 74 in employment,539,453,77,376,86,27,59
S01009909,A B D E. Agriculture energy and water,4,1,0,1,3,0,3
S01009909,C. Manufacturing,17,14,1,13,3,0,3
S01009909,F. Construction,25,20,2,18,5,3,2
S01009909,G I. Distribution hotels and restaurants,112,99,35,64,13,3,10
S01009909,H J. Transport and communication,62,49,2,47,13,3,10
S01009909,K L M N. Financial real estate professional and administrative activities,112,98,9,89,14,5,9
S01009909,O P Q. Public administration education and health,158,150,21,129,8,4,4
S01009909,R S T U. Other,49,22,7,15,27,9,18
S01009910,All people aged 16 to 74 in employment,347,307,68,239,40,11,29
S01009910,A B D E. Agriculture energy and water,2,2,1,1,0,0,0
S01009910,C. Manufacturing,21,19,1,18,2,0,2
S01009910,F. Construction,9,8,0,8,1,0,1
S01009910,G I. Distribution hotels and restaurants,70,64,22,42,6,0,6
S01009910,H J. Transport and communication,29,20,3,17,9,1,8
S01009910,K L M N. Financial real estate professional and administrative activities,69,63,12,51,6,2,4
S01009910,O P Q. Public administration education and health,117,110,26,84,7,4,3
S01009910,R S T U. Other,30,21,3,18,9,4,5
S01009911,All people aged 16 to 74 in employment,496,432,98,334,64,17,47
S01009911,A B D E. Agriculture energy and water,7,7,1,6,0,0,0
S01009911,C. Manufacturing,28,24,2,22,4,1,3
S01009911,F. Construction,18,11,1,10,7,3,4
S01009911,G I. Distribution hotels and restaurants,70,61,27,34,9,5,4
S01009911,H J. Transport and communication,48,36,6,30,12,1,11
S01009911,K L M N. Financial real estate professional and administrative activities,84,73,10,63,11,1,10
S01009911,O P Q. Public administration education and health,215,205,50,155,10,4,6
S01009911,R S T U. Other,26,15,1,14,11,2,9
S01009912,All people aged 16 to 74 in employment,420,312,79,233,108,28,80
S01009912,A B D E. Agriculture energy and water,7,6,3,3,1,0,1
S01009912,C. Manufacturing,19,17,1,16,2,0,2
S01009912,F. Construction,10,7,0,7,3,1,2
S01009912,G I. Distribution hotels and restaurants,85,61,26,35,24,5,19
S01009912,H J. Transport and communication,39,21,4,17,18,6,12
S01009912,K L M N. Financial real estate professional and administrative activities,84,58,10,48,26,5,21
S01009912,O P Q. Public administration education and health,146,129,30,99,17,6,11
S01009912,R S T U. Other,30,13,5,8,17,5,12
S01009913,All people aged 16 to 74 in employment,356,258,75,183,98,18,80
S01009913,A B D E. Agriculture energy and water,4,4,0,4,0,0,0
S01009913,C. Manufacturing,16,12,0,12,4,0,4
S01009913,F. Construction,20,13,2,11,7,1,6
S01009913,G I. Distribution hotels and restaurants,119,74,36,38,45,7,38
S01009913,H J. Transport and communication,19,15,3,12,4,0,4
S01009913,K L M N. Financial real estate professional and administrative activities,69,48,10,38,21,4,17
S01009913,O P Q. Public administration education and health,94,84,23,61,10,3,7
S01009913,R S T U. Other,15,8,1,7,7,3,4
S01009914,All people aged 16 to 74 in employment,487,346,95,251,141,38,103
S01009914,A B D E. Agriculture energy and water,5,4,1,3,1,0,1
S01009914,C. Manufacturing,16,11,0,11,5,1,4
S01009914,F. Construction,15,10,1,9,5,2,3
S01009914,G I. Distribution hotels and restaurants,118,77,41,36,41,6,35
S01009914,H J. Transport and communication,43,30,5,25,13,8,5
S01009914,K L M N. Financial real estate professional and administrative activities,110,64,13,51,46,6,40
S01009914,O P Q. Public administration education and health,160,139,29,110,21,10,11
S01009914,R S T U. Other,20,11,5,6,9,5,4
S01009915,All people aged 16 to 74 in employment,475,383,95,288,92,28,64
S01009915,A B D E. Agriculture energy and water,8,7,0,7,1,0,1
S01009915,C. Manufacturing,28,21,1,20,7,5,2
S01009915,F. Construction,13,5,0,5,8,1,7
S01009915,G I. Distribution hotels and restaurants,86,63,38,25,23,5,18
S01009915,H J. Transport and communication,48,40,13,27,8,1,7
S01009915,K L M N. Financial real estate professional and administrative activities,102,83,14,69,19,4,15
S01009915,O P Q. Public administration education and health,163,148,23,125,15,4,11
S01009915,R S T U. Other,27,16,6,10,11,8,3
S01009916,All people aged 16 to 74 in employment,390,287,93,194,103,17,86
S01009916,A B D E. Agriculture energy and water,6,6,2,4,0,0,0
S01009916,C. Manufacturing,11,9,1,8,2,0,2
S01009916,F. Construction,15,8,2,6,7,0,7
S01009916,G I. Distribution hotels and restaurants,111,64,33,31,47,9,38
S01009916,H J. Transport and communication,41,25,8,17,16,1,15
S01009916,K L M N. Financial real estate professional and administrative activities,76,65,14,51,11,3,8
S01009916,O P Q. Public administration education and health,115,104,31,73,11,1,10
S01009916,R S T U. Other,15,6,2,4,9,3,6
S01009917,All people aged 16 to 74 in employment,387,333,70,263,54,16,38
S01009917,A B D E. Agriculture energy and water,8,8,0,8,0,0,0
S01009917,C. Manufacturing,10,9,4,5,1,0,1
S01009917,F. Construction,16,10,2,8,6,1,5
S01009917,G I. Distribution hotels and restaurants,52,41,15,26,11,1,10
S01009917,H J. Transport and communication,34,27,2,25,7,1,6
S01009917,K L M N. Financial real estate professional and administrative activities,106,84,10,74,22,10,12
S01009917,O P Q. Public administration education and health,149,146,37,109,3,2,1
S01009917,R S T U. Other,12,8,0,8,4,1,3
S01009918,All people aged 16 to 74 in employment,354,294,74,220,60,17,43
S01009918,A B D E. Agriculture energy and water,7,7,0,7,0,0,0
S01009918,C. Manufacturing,6,6,0,6,0,0,0
S01009918,F. Construction,21,10,4,6,11,1,10
S01009918,G I. Distribution hotels and restaurants,44,37,20,17,7,2,5
S01009918,H J. Transport and communication,29,23,4,19,6,0,6
S01009918,K L M N. Financial real estate professional and administrative activities,74,56,7,49,18,7,11
S01009918,O P Q. Public administration education and health,156,141,33,108,15,7,8
S01009918,R S T U. Other,17,14,6,8,3,0,3
S01009919,All people aged 16 to 74 in employment,528,455,88,367,73,20,53
S01009919,A B D E. Agriculture energy and water,8,5,0,5,3,0,3
S01009919,C. Manufacturing,21,19,4,15,2,0,2
S01009919,F. Construction,25,14,0,14,11,1,10
S01009919,G I. Distribution hotels and restaurants,128,117,42,75,11,2,9
S01009919,H J. Transport and communication,41,33,2,31,8,2,6
S01009919,K L M N. Financial real estate professional and administrative activities,137,123,12,111,14,2,12
S01009919,O P Q. Public administration education and health,142,131,24,107,11,7,4
S01009919,R S T U. Other,26,13,4,9,13,6,7
S01009920,All people aged 16 to 74 in employment,596,544,64,480,52,15,37
S01009920,A B D E. Agriculture energy and water,14,10,0,10,4,0,4
S01009920,C. Manufacturing,25,25,1,24,0,0,0
S01009920,F. Construction,29,23,0,23,6,0,6
S01009920,G I. Distribution hotels and restaurants,90,86,25,61,4,1,3
S01009920,H J. Transport and communication,60,54,1,53,6,1,5
S01009920,K L M N. Financial real estate professional and administrative activities,134,126,6,120,8,2,6
S01009920,O P Q. Public administration education and health,197,186,23,163,11,4,7
S01009920,R S T U. Other,47,34,8,26,13,7,6
S01009921,All people aged 16 to 74 in employment,458,417,66,351,41,9,32
S01009921,A B D E. Agriculture energy and water,8,8,0,8,0,0,0
S01009921,C. Manufacturing,11,10,1,9,1,0,1
S01009921,F. Construction,21,18,1,17,3,0,3
S01009921,G I. Distribution hotels and restaurants,76,72,29,43,4,1,3
S01009921,H J. Transport and communication,47,39,3,36,8,2,6
S01009921,K L M N. Financial real estate professional and administrative activities,104,97,3,94,7,0,7
S01009921,O P Q. Public administration education and health,158,152,23,129,6,2,4
S01009921,R S T U. Other,33,21,6,15,12,4,8
S01009922,All people aged 16 to 74 in employment,705,648,95,553,57,16,41
S01009922,A B D E. Agriculture energy and water,11,9,2,7,2,1,1
S01009922,C. Manufacturing,42,38,2,36,4,0,4
S01009922,F. Construction,29,25,3,22,4,0,4
S01009922,G I. Distribution hotels and restaurants,96,84,29,55,12,1,11
S01009922,H J. Transport and communication,78,69,4,65,9,3,6
S01009922,K L M N. Financial real estate professional and administrative activities,188,179,20,159,9,1,8
S01009922,O P Q. Public administration education and health,234,222,29,193,12,8,4
S01009922,R S T U. Other,27,22,6,16,5,2,3
S01009923,All people aged 16 to 74 in employment,512,452,79,373,60,15,45
S01009923,A B D E. Agriculture energy and water,6,6,0,6,0,0,0
S01009923,C. Manufacturing,19,18,0,18,1,1,0
S01009923,F. Construction,34,28,2,26,6,0,6
S01009923,G I. Distribution hotels and restaurants,91,84,31,53,7,0,7
S01009923,H J. Transport and communication,56,49,9,40,7,1,6
S01009923,K L M N. Financial real estate professional and administrative activities,88,74,5,69,14,1,13
S01009923,O P Q. Public administration education and health,177,170,29,141,7,4,3
S01009923,R S T U. Other,41,23,3,20,18,8,10
S01009924,All people aged 16 to 74 in employment,619,564,95,469,55,18,37
S01009924,A B D E. Agriculture energy and water,12,10,0,10,2,0,2
S01009924,C. Manufacturing,28,28,0,28,0,0,0
S01009924,F. Construction,21,16,4,12,5,1,4
S01009924,G I. Distribution hotels and restaurants,132,122,42,80,10,2,8
S01009924,H J. Transport and communication,69,58,6,52,11,5,6
S01009924,K L M N. Financial real estate professional and administrative activities,147,134,13,121,13,4,9
S01009924,O P Q. Public administration education and health,184,179,28,151,5,4,1
S01009924,R S T U. Other,26,17,2,15,9,2,7
S01009925,All people aged 16 to 74 in employment,468,437,68,369,31,5,26
S01009925,A B D E. Agriculture energy and water,4,4,0,4,0,0,0
S01009925,C. Manufacturing,23,22,2,20,1,0,1
S01009925,F. Construction,14,10,0,10,4,1,3
S01009925,G I. Distribution hotels and restaurants,64,62,21,41,2,0,2
S01009925,H J. Transport and communication,48,42,3,39,6,1,5
S01009925,K L M N. Financial real estate professional and administrative activities,103,98,4,94,5,1,4
S01009925,O P Q. Public administration education and health,188,181,33,148,7,0,7
S01009925,R S T U. Other,24,18,5,13,6,2,4
S01009926,All people aged 16 to 74 in employment,430,369,66,303,61,15,46
S01009926,A B D E. Agriculture energy and water,6,6,0,6,0,0,0
S01009926,C. Manufacturing,11,11,0,11,0,0,0
S01009926,F. Construction,11,7,0,7,4,0,4
S01009926,G I. Distribution hotels and restaurants,85,77,30,47,8,1,7
S01009926,H J. Transport and communication,35,24,2,22,11,2,9
S01009926,K L M N. Financial real estate professional and administrative activities,81,65,6,59,16,6,10
S01009926,O P Q. Public administration education and health,161,156,20,136,5,1,4
S01009926,R S T U. Other,40,23,8,15,17,5,12
S01009927,All people aged 16 to 74 in employment,263,226,48,178,37,9,28
S01009927,A B D E. Agriculture energy and water,4,3,1,2,1,0,1
S01009927,C. Manufacturing,22,19,1,18,3,0,3
S01009927,F. Construction,19,15,1,14,4,0,4
S01009927,G I. Distribution hotels and restaurants,37,32,14,18,5,0,5
S01009927,H J. Transport and communication,20,16,4,12,4,2,2
S01009927,K L M N. Financial real estate professional and administrative activities,52,43,6,37,9,2,7
S01009927,O P Q. Public administration education and health,96,88,19,69,8,4,4
S01009927,R S T U. Other,13,10,2,8,3,1,2
S01009928,All people aged 16 to 74 in employment,524,438,69,369,86,17,69
S01009928,A B D E. Agriculture energy and water,16,16,1,15,0,0,0
S01009928,C. Manufacturing,25,17,0,17,8,2,6
S01009928,F. Construction,21,15,0,15,6,0,6
S01009928,G I. Distribution hotels and restaurants,60,48,18,30,12,3,9
S01009928,H J. Transport and communication,47,34,5,29,13,1,12
S01009928,K L M N. Financial real estate professional and administrative activities,116,98,4,94,18,1,17
S01009928,O P Q. Public administration education and health,207,189,33,156,18,7,11
S01009928,R S T U. Other,32,21,8,13,11,3,8
S01009929,All people aged 16 to 74 in employment,265,222,48,174,43,14,29
S01009929,A B D E. Agriculture energy and water,7,6,0,6,1,1,0
S01009929,C. Manufacturing,9,8,0,8,1,0,1
S01009929,F. Construction,13,8,1,7,5,1,4
S01009929,G I. Distribution hotels and restaurants,34,25,13,12,9,4,5
S01009929,H J. Transport and communication,27,22,3,19,5,1,4
S01009929,K L M N. Financial real estate professional and administrative activities,61,47,7,40,14,7,7
S01009929,O P Q. Public administration education and health,99,93,18,75,6,0,6
S01009929,R S T U. Other,15,13,6,7,2,0,2
S01009930,All people aged 16 to 74 in employment,559,487,76,411,72,24,48
S01009930,A B D E. Agriculture energy and water,7,5,2,3,2,2,0
S01009930,C. Manufacturing,21,19,1,18,2,0,2
S01009930,F. Construction,26,14,0,14,12,1,11
S01009930,G I. Distribution hotels and restaurants,87,76,22,54,11,3,8
S01009930,H J. Transport and communication,67,56,6,50,11,2,9
S01009930,K L M N. Financial real estate professional and administrative activities,114,103,9,94,11,2,9
S01009930,O P Q. Public administration education and health,211,194,27,167,17,12,5
S01009930,R S T U. Other,26,20,9,11,6,2,4
S01009931,All people aged 16 to 74 in employment,559,504,71,433,55,14,41
S01009931,A B D E. Agriculture energy and water,17,14,0,14,3,1,2
S01009931,C. Manufacturing,21,17,0,17,4,3,1
S01009931,F. Construction,28,21,2,19,7,0,7
S01009931,G I. Distribution hotels and restaurants,70,63,22,41,7,2,5
S01009931,H J. Transport and communication,58,48,3,45,10,0,10
S01009931,K L M N. Financial real estate professional and administrative activities,120,107,10,97,13,2,11
S01009931,O P Q. Public administration education and health,221,212,31,181,9,5,4
S01009931,R S T U. Other,24,22,3,19,2,1,1
S01009932,All people aged 16 to 74 in employment,435,379,61,318,56,15,41
S01009932,A B D E. Agriculture energy and water,11,9,0,9,2,1,1
S01009932,C. Manufacturing,31,30,1,29,1,0,1
S01009932,F. Construction,17,15,0,15,2,0,2
S01009932,G I. Distribution hotels and restaurants,70,65,26,39,5,2,3
S01009932,H J. Transport and communication,48,36,4,32,12,4,8
S01009932,K L M N. Financial real estate professional and administrative activities,91,73,8,65,18,5,13
S01009932,O P Q. Public administration education and health,146,135,20,115,11,1,10
S01009932,R S T U. Other,21,16,2,14,5,2,3
S01009933,All people aged 16 to 74 in employment,396,368,82,286,28,11,17
S01009933,A B D E. Agriculture energy and water,12,11,2,9,1,0,1
S01009933,C. Manufacturing,17,17,2,15,0,0,0
S01009933,F. Construction,26,17,0,17,9,3,6
S01009933,G I. Distribution hotels and restaurants,92,88,36,52,4,1,3
S01009933,H J. Transport and communication,42,36,2,34,6,3,3
S01009933,K L M N. Financial real estate professional and administrative activities,78,74,15,59,4,2,2
S01009933,O P Q. Public administration education and health,111,109,18,91,2,2,0
S01009933,R S T U. Other,18,16,7,9,2,0,2
S01009934,All people aged 16 to 74 in employment,508,464,111,353,44,13,31
S01009934,A B D E. Agriculture energy and water,8,8,0,8,0,0,0
S01009934,C. Manufacturing,39,35,3,32,4,0,4
S01009934,F. Construction,22,15,0,15,7,1,6
S01009934,G I. Distribution hotels and restaurants,97,91,36,55,6,2,4
S01009934,H J. Transport and communication,52,43,5,38,9,4,5
S01009934,K L M N. Financial real estate professional and administrative activities,101,93,17,76,8,3,5
S01009934,O P Q. Public administration education and health,167,160,43,117,7,1,6
S01009934,R S T U. Other,22,19,7,12,3,2,1
S01009935,All people aged 16 to 74 in employment,172,162,39,123,10,4,6
S01009935,A B D E. Agriculture energy and water,4,4,0,4,0,0,0
S01009935,C. Manufacturing,9,8,1,7,1,0,1
S01009935,F. Construction,18,13,0,13,5,2,3
S01009935,G I. Distribution hotels and restaurants,24,24,7,17,0,0,0
S01009935,H J. Transport and communication,18,16,4,12,2,1,1
S01009935,K L M N. Financial real estate professional and administrative activities,28,27,5,22,1,0,1
S01009935,O P Q. Public administration education and health,66,65,21,44,1,1,0
S01009935,R S T U. Other,5,5,1,4,0,0,0
S01009936,All people aged 16 to 74 in employment,299,272,53,219,27,13,14
S01009936,A B D E. Agriculture energy and water,2,2,0,2,0,0,0
S01009936,C. Manufacturing,12,12,0,12,0,0,0
S01009936,F. Construction,13,10,0,10,3,1,2
S01009936,G I. Distribution hotels and restaurants,78,69,22,47,9,5,4
S01009936,H J. Transport and communication,29,27,5,22,2,1,1
S01009936,K L M N. Financial real estate professional and administrative activities,70,63,5,58,7,3,4
S01009936,O P Q. Public administration education and health,79,75,17,58,4,2,2
S01009936,R S T U. Other,16,14,4,10,2,1,1
S01009937,All people aged 16 to 74 in employment,140,131,61,70,9,3,6
S01009937,A B D E. Agriculture energy and water,1,1,0,1,0,0,0
S01009937,C. Manufacturing,6,6,2,4,0,0,0
S01009937,F. Construction,5,4,0,4,1,0,1
S01009937,G I. Distribution hotels and restaurants,49,49,26,23,0,0,0
S01009937,H J. Transport and communication,10,7,2,5,3,1,2
S01009937,K L M N. Financial real estate professional and administrative activities,35,31,17,14,4,2,2
S01009937,O P Q. Public administration education and health,29,28,11,17,1,0,1
S01009937,R S T U. Other,5,5,3,2,0,0,0
S01009938,All people aged 16 to 74 in employment,315,276,76,200,39,15,24
S01009938,A B D E. Agriculture energy and water,8,8,0,8,0,0,0
S01009938,C. Manufacturing,16,15,1,14,1,0,1
S01009938,F. Construction,24,17,0,17,7,0,7
S01009938,G I. Distribution hotels and restaurants,66,62,27,35,4,1,3
S01009938,H J. Transport and communication,38,30,6,24,8,2,6
S01009938,K L M N. Financial real estate professional and administrative activities,61,52,15,37,9,3,6
S01009938,O P Q. Public administration education and health,89,83,23,60,6,6,0
S01009938,R S T U. Other,13,9,4,5,4,3,1
S01009939,All people aged 16 to 74 in employment,207,196,68,128,11,3,8
S01009939,A B D E. Agriculture energy and water,3,3,0,3,0,0,0
S01009939,C. Manufacturing,10,9,2,7,1,0,1
S01009939,F. Construction,12,11,0,11,1,0,1
S01009939,G I. Distribution hotels and restaurants,73,71,38,33,2,1,1
S01009939,H J. Transport and communication,8,7,2,5,1,0,1
S01009939,K L M N. Financial real estate professional and administrative activities,45,41,10,31,4,2,2
S01009939,O P Q. Public administration education and health,45,44,13,31,1,0,1
S01009939,R S T U. Other,11,10,3,7,1,0,1
S01009940,All people aged 16 to 74 in employment,263,248,89,159,15,3,12
S01009940,A B D E. Agriculture energy and water,7,7,1,6,0,0,0
S01009940,C. Manufacturing,13,13,1,12,0,0,0
S01009940,F. Construction,21,17,0,17,4,2,2
S01009940,G I. Distribution hotels and restaurants,65,63,30,33,2,0,2
S01009940,H J. Transport and communication,21,14,2,12,7,0,7
S01009940,K L M N. Financial real estate professional and administrative activities,50,50,20,30,0,0,0
S01009940,O P Q. Public administration education and health,73,73,29,44,0,0,0
S01009940,R S T U. Other,13,11,6,5,2,1,1
S01009941,All people aged 16 to 74 in employment,462,399,127,272,63,16,47
S01009941,A B D E. Agriculture energy and water,8,8,1,7,0,0,0
S01009941,C. Manufacturing,16,14,2,12,2,0,2
S01009941,F. Construction,24,17,3,14,7,1,6
S01009941,G I. Distribution hotels and restaurants,168,145,82,63,23,5,18
S01009941,H J. Transport and communication,59,41,7,34,18,6,12
S01009941,K L M N. Financial real estate professional and administrative activities,60,54,6,48,6,0,6
S01009941,O P Q. Public administration education and health,106,103,23,80,3,3,0
S01009941,R S T U. Other,21,17,3,14,4,1,3
S01009942,All people aged 16 to 74 in employment,368,340,102,238,28,7,21
S01009942,A B D E. Agriculture energy and water,7,7,2,5,0,0,0
S01009942,C. Manufacturing,22,21,1,20,1,0,1
S01009942,F. Construction,29,22,0,22,7,0,7
S01009942,G I. Distribution hotels and restaurants,108,105,43,62,3,1,2
S01009942,H J. Transport and communication,36,28,4,24,8,1,7
S01009942,K L M N. Financial real estate professional and administrative activities,55,51,12,39,4,3,1
S01009942,O P Q. Public administration education and health,99,96,37,59,3,1,2
S01009942,R S T U. Other,12,10,3,7,2,1,1
S01009943,All people aged 16 to 74 in employment,263,245,82,163,18,6,12
S01009943,A B D E. Agriculture energy and water,9,9,0,9,0,0,0
S01009943,C. Manufacturing,13,12,2,10,1,0,1
S01009943,F. Construction,27,22,2,20,5,1,4
S01009943,G I. Distribution hotels and restaurants,67,67,29,38,0,0,0
S01009943,H J. Transport and communication,18,14,2,12,4,0,4
S01009943,K L M N. Financial real estate professional and administrative activities,40,39,15,24,1,1,0
S01009943,O P Q. Public administration education and health,77,74,30,44,3,1,2
S01009943,R S T U. Other,12,8,2,6,4,3,1
S01009944,All people aged 16 to 74 in employment,341,303,86,217,38,11,27
S01009944,A B D E. Agriculture energy and water,6,6,1,5,0,0,0
S01009944,C. Manufacturing,12,10,2,8,2,1,1
S01009944,F. Construction,27,19,4,15,8,1,7
S01009944,G I. Distribution hotels and restaurants,76,71,34,37,5,1,4
S01009944,H J. Transport and communication,21,14,1,13,7,2,5
S01009944,K L M N. Financial real estate professional and administrative activities,87,77,14,63,10,2,8
S01009944,O P Q. Public administration education and health,91,89,25,64,2,1,1
S01009944,R S T U. Other,21,17,5,12,4,3,1
S01009945,All people aged 16 to 74 in employment,380,350,97,253,30,7,23
S01009945,A B D E. Agriculture energy and water,3,3,0,3,0,0,0
S01009945,C. Manufacturing,20,20,2,18,0,0,0
S01009945,F. Construction,26,16,3,13,10,1,9
S01009945,G I. Distribution hotels and restaurants,96,94,37,57,2,0,2
S01009945,H J. Transport and communication,24,18,4,14,6,2,4
S01009945,K L M N. Financial real estate professional and administrative activities,76,68,10,58,8,2,6
S01009945,O P Q. Public administration education and health,115,112,35,77,3,1,2
S01009945,R S T U. Other,20,19,6,13,1,1,0
S01009946,All people aged 16 to 74 in employment,339,310,100,210,29,7,22
S01009946,A B D E. Agriculture energy and water,4,4,0,4,0,0,0
S01009946,C. Manufacturing,16,16,2,14,0,0,0
S01009946,F. Construction,25,22,3,19,3,0,3
S01009946,G I. Distribution hotels and restaurants,74,67,32,35,7,1,6
S01009946,H J. Transport and communication,27,20,1,19,7,2,5
S01009946,K L M N. Financial real estate professional and administrative activities,58,55,15,40,3,2,1
S01009946,O P Q. Public administration education and health,106,101,35,66,5,1,4
S01009946,R S T U. Other,29,25,12,13,4,1,3
S01009947,All people aged 16 to 74 in employment,233,206,59,147,27,6,21
S01009947,A B D E. Agriculture energy and water,6,6,0,6,0,0,0
S01009947,C. Manufacturing,14,14,0,14,0,0,0
S01009947,F. Construction,14,9,1,8,5,1,4
S01009947,G I. Distribution hotels and restaurants,62,56,25,31,6,1,5
S01009947,H J. Transport and communication,15,11,5,6,4,0,4
S01009947,K L M N. Financial real estate professional and administrative activities,34,29,6,23,5,1,4
S01009947,O P Q. Public administration education and health,78,74,20,54,4,2,2
S01009947,R S T U. Other,10,7,2,5,3,1,2
S01009948,All people aged 16 to 74 in employment,273,250,78,172,23,7,16
S01009948,A B D E. Agriculture energy and water,4,4,0,4,0,0,0
S01009948,C. Manufacturing,19,19,2,17,0,0,0
S01009948,F. Construction,20,15,0,15,5,1,4
S01009948,G I. Distribution hotels and restaurants,79,75,37,38,4,2,2
S01009948,H J. Transport and communication,18,12,2,10,6,1,5
S01009948,K L M N. Financial real estate professional and administrative activities,47,41,5,36,6,3,3
S01009948,O P Q. Public administration education and health,75,74,26,48,1,0,1
S01009948,R S T U. Other,11,10,6,4,1,0,1
S01009949,All people aged 16 to 74 in employment,334,307,100,207,27,6,21
S01009949,A B D E. Agriculture energy and water,7,7,1,6,0,0,0
S01009949,C. Manufacturing,14,14,0,14,0,0,0
S01009949,F. Construction,21,15,0,15,6,1,5
S01009949,G I. Distribution hotels and restaurants,72,67,39,28,5,0,5
S01009949,H J. Transport and communication,33,26,6,20,7,1,6
S01009949,K L M N. Financial real estate professional and administrative activities,59,55,11,44,4,2,2
S01009949,O P Q. Public administration education and health,112,109,32,77,3,1,2
S01009949,R S T U. Other,16,14,11,3,2,1,1
S01009950,All people aged 16 to 74 in employment,365,290,81,209,75,19,56
S01009950,A B D E. Agriculture energy and water,2,2,0,2,0,0,0
S01009950,C. Manufacturing,17,12,2,10,5,0,5
S01009950,F. Construction,13,9,0,9,4,0,4
S01009950,G I. Distribution hotels and restaurants,68,56,31,25,12,2,10
S01009950,H J. Transport and communication,27,21,3,18,6,1,5
S01009950,K L M N. Financial real estate professional and administrative activities,92,59,15,44,33,9,24
S01009950,O P Q. Public administration education and health,131,118,24,94,13,7,6
S01009950,R S T U. Other,15,13,6,7,2,0,2
S01009951,All people aged 16 to 74 in employment,370,259,68,191,111,26,85
S01009951,A B D E. Agriculture energy and water,3,3,0,3,0,0,0
S01009951,C. Manufacturing,14,10,1,9,4,1,3
S01009951,F. Construction,24,19,4,15,5,1,4
S01009951,G I. Distribution hotels and restaurants,60,40,16,24,20,4,16
S01009951,H J. Transport and communication,30,19,3,16,11,4,7
S01009951,K L M N. Financial real estate professional and administrative activities,86,48,10,38,38,8,30
S01009951,O P Q. Public administration education and health,139,108,30,78,31,8,23
S01009951,R S T U. Other,14,12,4,8,2,0,2
S01009952,All people aged 16 to 74 in employment,351,308,79,229,43,12,31
S01009952,A B D E. Agriculture energy and water,3,2,1,1,1,0,1
S01009952,C. Manufacturing,23,20,2,18,3,0,3
S01009952,F. Construction,17,13,2,11,4,0,4
S01009952,G I. Distribution hotels and restaurants,60,52,23,29,8,4,4
S01009952,H J. Transport and communication,46,35,2,33,11,1,10
S01009952,K L M N. Financial real estate professional and administrative activities,54,47,5,42,7,2,5
S01009952,O P Q. Public administration education and health,137,130,41,89,7,3,4
S01009952,R S T U. Other,11,9,3,6,2,2,0
S01009953,All people aged 16 to 74 in employment,443,382,122,260,61,14,47
S01009953,A B D E. Agriculture energy and water,11,11,1,10,0,0,0
S01009953,C. Manufacturing,25,21,0,21,4,2,2
S01009953,F. Construction,27,24,3,21,3,1,2
S01009953,G I. Distribution hotels and restaurants,72,58,32,26,14,5,9
S01009953,H J. Transport and communication,36,24,5,19,12,2,10
S01009953,K L M N. Financial real estate professional and administrative activities,75,65,19,46,10,0,10
S01009953,O P Q. Public administration education and health,181,170,59,111,11,3,8
S01009953,R S T U. Other,16,9,3,6,7,1,6
S01009954,All people aged 16 to 74 in employment,292,227,69,158,65,18,47
S01009954,A B D E. Agriculture energy and water,7,7,1,6,0,0,0
S01009954,C. Manufacturing,14,7,2,5,7,0,7
S01009954,F. Construction,14,9,0,9,5,1,4
S01009954,G I. Distribution hotels and restaurants,90,70,38,32,20,5,15
S01009954,H J. Transport and communication,24,17,5,12,7,3,4
S01009954,K L M N. Financial real estate professional and administrative activities,43,34,8,26,9,1,8
S01009954,O P Q. Public administration education and health,89,73,13,60,16,8,8
S01009954,R S T U. Other,11,10,2,8,1,0,1
S01009955,All people aged 16 to 74 in employment,443,392,91,301,51,13,38
S01009955,A B D E. Agriculture energy and water,5,5,1,4,0,0,0
S01009955,C. Manufacturing,20,18,1,17,2,1,1
S01009955,F. Construction,23,18,1,17,5,1,4
S01009955,G I. Distribution hotels and restaurants,99,81,31,50,18,4,14
S01009955,H J. Transport and communication,35,31,7,24,4,0,4
S01009955,K L M N. Financial real estate professional and administrative activities,87,79,11,68,8,0,8
S01009955,O P Q. Public administration education and health,158,146,34,112,12,6,6
S01009955,R S T U. Other,16,14,5,9,2,1,1
S01009956,All people aged 16 to 74 in employment,315,273,80,193,42,10,32
S01009956,A B D E. Agriculture energy and water,7,7,3,4,0,0,0
S01009956,C. Manufacturing,15,15,2,13,0,0,0
S01009956,F. Construction,27,21,0,21,6,0,6
S01009956,G I. Distribution hotels and restaurants,65,56,27,29,9,1,8
S01009956,H J. Transport and communication,25,17,3,14,8,0,8
S01009956,K L M N. Financial real estate professional and administrative activities,61,54,12,42,7,2,5
S01009956,O P Q. Public administration education and health,106,96,29,67,10,6,4
S01009956,R S T U. Other,9,7,4,3,2,1,1
S01009957,All people aged 16 to 74 in employment,387,302,79,223,85,26,59
S01009957,A B D E. Agriculture energy and water,7,7,2,5,0,0,0
S01009957,C. Manufacturing,20,15,3,12,5,0,5
S01009957,F. Construction,29,21,1,20,8,1,7
S01009957,G I. Distribution hotels and restaurants,53,36,16,20,17,3,14
S01009957,H J. Transport and communication,26,16,4,12,10,2,8
S01009957,K L M N. Financial real estate professional and administrative activities,67,50,6,44,17,5,12
S01009957,O P Q. Public administration education and health,163,144,41,103,19,9,10
S01009957,R S T U. Other,22,13,6,7,9,6,3
S01009958,All people aged 16 to 74 in employment,521,446,110,336,75,23,52
S01009958,A B D E. Agriculture energy and water,15,15,2,13,0,0,0
S01009958,C. Manufacturing,32,31,4,27,1,1,0
S01009958,F. Construction,27,18,3,15,9,1,8
S01009958,G I. Distribution hotels and restaurants,78,66,31,35,12,4,8
S01009958,H J. Transport and communication,52,38,5,33,14,4,10
S01009958,K L M N. Financial real estate professional and administrative activities,115,97,21,76,18,5,13
S01009958,O P Q. Public administration education and health,173,161,39,122,12,4,8
S01009958,R S T U. Other,29,20,5,15,9,4,5
S01009959,All people aged 16 to 74 in employment,288,222,74,148,66,13,53
S01009959,A B D E. Agriculture energy and water,9,9,0,9,0,0,0
S01009959,C. Manufacturing,7,6,1,5,1,1,0
S01009959,F. Construction,21,11,1,10,10,2,8
S01009959,G I. Distribution hotels and restaurants,51,40,22,18,11,3,8
S01009959,H J. Transport and communication,24,17,5,12,7,1,6
S01009959,K L M N. Financial real estate professional and administrative activities,64,47,12,35,17,1,16
S01009959,O P Q. Public administration education and health,95,83,29,54,12,2,10
S01009959,R S T U. Other,17,9,4,5,8,3,5
S01009960,All people aged 16 to 74 in employment,400,338,84,254,62,10,52
S01009960,A B D E. Agriculture energy and water,7,4,1,3,3,0,3
S01009960,C. Manufacturing,26,24,2,22,2,1,1
S01009960,F. Construction,18,15,1,14,3,0,3
S01009960,G I. Distribution hotels and restaurants,79,60,25,35,19,1,18
S01009960,H J. Transport and communication,31,29,3,26,2,0,2
S01009960,K L M N. Financial real estate professional and administrative activities,75,62,10,52,13,1,12
S01009960,O P Q. Public administration education and health,145,132,38,94,13,4,9
S01009960,R S T U. Other,19,12,4,8,7,3,4
S01009961,All people aged 16 to 74 in employment,307,261,78,183,46,11,35
S01009961,A B D E. Agriculture energy and water,8,7,0,7,1,1,0
S01009961,C. Manufacturing,22,18,3,15,4,1,3
S01009961,F. Construction,17,12,0,12,5,1,4
S01009961,G I. Distribution hotels and restaurants,63,55,25,30,8,3,5
S01009961,H J. Transport and communication,25,18,2,16,7,0,7
S01009961,K L M N. Financial real estate professional and administrative activities,45,38,9,29,7,2,5
S01009961,O P Q. Public administration education and health,101,96,33,63,5,1,4
S01009961,R S T U. Other,26,17,6,11,9,2,7
S01009962,All people aged 16 to 74 in employment,573,523,90,433,50,18,32
S01009962,A B D E. Agriculture energy and water,13,12,1,11,1,0,1
S01009962,C. Manufacturing,38,36,1,35,2,0,2
S01009962,F. Construction,46,40,1,39,6,2,4
S01009962,G I. Distribution hotels and restaurants,102,96,32,64,6,3,3
S01009962,H J. Transport and communication,48,39,3,36,9,2,7
S01009962,K L M N. Financial real estate professional and administrative activities,112,104,11,93,8,2,6
S01009962,O P Q. Public administration education and health,178,168,35,133,10,8,2
S01009962,R S T U. Other,36,28,6,22,8,1,7
S01009963,All people aged 16 to 74 in employment,431,373,99,274,58,15,43
S01009963,A B D E. Agriculture energy and water,13,13,0,13,0,0,0
S01009963,C. Manufacturing,25,23,1,22,2,0,2
S01009963,F. Construction,34,22,2,20,12,0,12
S01009963,G I. Distribution hotels and restaurants,79,70,33,37,9,2,7
S01009963,H J. Transport and communication,37,28,2,26,9,1,8
S01009963,K L M N. Financial real estate professional and administrative activities,69,58,15,43,11,6,5
S01009963,O P Q. Public administration education and health,154,147,43,104,7,3,4
S01009963,R S T U. Other,20,12,3,9,8,3,5
S01009964,All people aged 16 to 74 in employment,488,424,112,312,64,11,53
S01009964,A B D E. Agriculture energy and water,11,11,3,8,0,0,0
S01009964,C. Manufacturing,21,17,2,15,4,1,3
S01009964,F. Construction,22,14,0,14,8,1,7
S01009964,G I. Distribution hotels and restaurants,101,85,50,35,16,4,12
S01009964,H J. Transport and communication,49,32,4,28,17,3,14
S01009964,K L M N. Financial real estate professional and administrative activities,93,82,17,65,11,1,10
S01009964,O P Q. Public administration education and health,174,173,31,142,1,1,0
S01009964,R S T U. Other,17,10,5,5,7,0,7
S01009965,All people aged 16 to 74 in employment,374,335,102,233,39,9,30
S01009965,A B D E. Agriculture energy and water,9,9,1,8,0,0,0
S01009965,C. Manufacturing,19,18,1,17,1,0,1
S01009965,F. Construction,40,24,0,24,16,2,14
S01009965,G I. Distribution hotels and restaurants,80,74,44,30,6,3,3
S01009965,H J. Transport and communication,40,31,1,30,9,1,8
S01009965,K L M N. Financial real estate professional and administrative activities,58,55,8,47,3,0,3
S01009965,O P Q. Public administration education and health,124,120,45,75,4,3,1
S01009965,R S T U. Other,4,4,2,2,0,0,0
S01009966,All people aged 16 to 74 in employment,404,372,117,255,32,10,22
S01009966,A B D E. Agriculture energy and water,3,3,0,3,0,0,0
S01009966,C. Manufacturing,28,28,1,27,0,0,0
S01009966,F. Construction,55,43,4,39,12,1,11
S01009966,G I. Distribution hotels and restaurants,92,86,43,43,6,3,3
S01009966,H J. Transport and communication,40,31,6,25,9,4,5
S01009966,K L M N. Financial real estate professional and administrative activities,47,45,19,26,2,1,1
S01009966,O P Q. Public administration education and health,125,124,40,84,1,0,1
S01009966,R S T U. Other,14,12,4,8,2,1,1
S01009967,All people aged 16 to 74 in employment,431,371,102,269,60,15,45
S01009967,A B D E. Agriculture energy and water,9,8,0,8,1,0,1
S01009967,C. Manufacturing,29,26,5,21,3,2,1
S01009967,F. Construction,22,14,0,14,8,1,7
S01009967,G I. Distribution hotels and restaurants,68,54,26,28,14,2,12
S01009967,H J. Transport and communication,33,26,5,21,7,3,4
S01009967,K L M N. Financial real estate professional and administrative activities,78,64,14,50,14,3,11
S01009967,O P Q. Public administration education and health,174,166,47,119,8,2,6
S01009967,R S T U. Other,18,13,5,8,5,2,3
S01009968,All people aged 16 to 74 in employment,324,290,77,213,34,6,28
S01009968,A B D E. Agriculture energy and water,10,10,2,8,0,0,0
S01009968,C. Manufacturing,14,13,0,13,1,0,1
S01009968,F. Construction,42,32,1,31,10,2,8
S01009968,G I. Distribution hotels and restaurants,46,42,24,18,4,1,3
S01009968,H J. Transport and communication,32,23,4,19,9,0,9
S01009968,K L M N. Financial real estate professional and administrative activities,45,42,11,31,3,0,3
S01009968,O P Q. Public administration education and health,125,120,34,86,5,2,3
S01009968,R S T U. Other,10,8,1,7,2,1,1
S01009969,All people aged 16 to 74 in employment,381,316,80,236,65,14,51
S01009969,A B D E. Agriculture energy and water,8,6,1,5,2,1,1
S01009969,C. Manufacturing,23,21,5,16,2,0,2
S01009969,F. Construction,26,17,1,16,9,0,9
S01009969,G I. Distribution hotels and restaurants,62,51,27,24,11,4,7
S01009969,H J. Transport and communication,29,21,2,19,8,0,8
S01009969,K L M N. Financial real estate professional and administrative activities,84,61,9,52,23,5,18
S01009969,O P Q. Public administration education and health,127,122,30,92,5,2,3
S01009969,R S T U. Other,22,17,5,12,5,2,3
S01009970,All people aged 16 to 74 in employment,296,275,105,170,21,2,19
S01009970,A B D E. Agriculture energy and water,7,7,3,4,0,0,0
S01009970,C. Manufacturing,13,13,1,12,0,0,0
S01009970,F. Construction,24,18,0,18,6,0,6
S01009970,G I. Distribution hotels and restaurants,68,64,38,26,4,1,3
S01009970,H J. Transport and communication,28,18,5,13,10,1,9
S01009970,K L M N. Financial real estate professional and administrative activities,43,43,10,33,0,0,0
S01009970,O P Q. Public administration education and health,86,86,41,45,0,0,0
S01009970,R S T U. Other,27,26,7,19,1,0,1
S01009971,All people aged 16 to 74 in employment,440,398,124,274,42,5,37
S01009971,A B D E. Agriculture energy and water,10,7,2,5,3,0,3
S01009971,C. Manufacturing,27,27,1,26,0,0,0
S01009971,F. Construction,47,33,2,31,14,1,13
S01009971,G I. Distribution hotels and restaurants,97,91,39,52,6,0,6
S01009971,H J. Transport and communication,35,26,7,19,9,1,8
S01009971,K L M N. Financial real estate professional and administrative activities,63,59,18,41,4,2,2
S01009971,O P Q. Public administration education and health,141,138,45,93,3,1,2
S01009971,R S T U. Other,20,17,10,7,3,0,3
S01009972,All people aged 16 to 74 in employment,368,326,81,245,42,7,35
S01009972,A B D E. Agriculture energy and water,9,8,2,6,1,0,1
S01009972,C. Manufacturing,25,23,3,20,2,0,2
S01009972,F. Construction,29,21,2,19,8,1,7
S01009972,G I. Distribution hotels and restaurants,76,69,24,45,7,1,6
S01009972,H J. Transport and communication,35,26,1,25,9,0,9
S01009972,K L M N. Financial real estate professional and administrative activities,58,49,14,35,9,4,5
S01009972,O P Q. Public administration education and health,113,111,31,80,2,1,1
S01009972,R S T U. Other,23,19,4,15,4,0,4
S01009973,All people aged 16 to 74 in employment,359,333,98,235,26,11,15
S01009973,A B D E. Agriculture energy and water,5,4,1,3,1,1,0
S01009973,C. Manufacturing,20,19,2,17,1,1,0
S01009973,F. Construction,54,43,2,41,11,4,7
S01009973,G I. Distribution hotels and restaurants,68,65,30,35,3,1,2
S01009973,H J. Transport and communication,34,30,7,23,4,2,2
S01009973,K L M N. Financial real estate professional and administrative activities,41,40,17,23,1,0,1
S01009973,O P Q. Public administration education and health,118,116,34,82,2,1,1
S01009973,R S T U. Other,19,16,5,11,3,1,2
S01009974,All people aged 16 to 74 in employment,193,183,72,111,10,1,9
S01009974,A B D E. Agriculture energy and water,2,1,0,1,1,0,1
S01009974,C. Manufacturing,7,7,1,6,0,0,0
S01009974,F. Construction,21,19,0,19,2,0,2
S01009974,G I. Distribution hotels and restaurants,52,49,23,26,3,0,3
S01009974,H J. Transport and communication,13,12,2,10,1,0,1
S01009974,K L M N. Financial real estate professional and administrative activities,32,30,15,15,2,0,2
S01009974,O P Q. Public administration education and health,56,55,28,27,1,1,0
S01009974,R S T U. Other,10,10,3,7,0,0,0
S01009975,All people aged 16 to 74 in employment,210,195,81,114,15,3,12
S01009975,A B D E. Agriculture energy and water,3,3,1,2,0,0,0
S01009975,C. Manufacturing,4,3,0,3,1,0,1
S01009975,F. Construction,24,20,3,17,4,0,4
S01009975,G I. Distribution hotels and restaurants,55,52,31,21,3,1,2
S01009975,H J. Transport and communication,14,10,4,6,4,0,4
S01009975,K L M N. Financial real estate professional and administrative activities,20,18,9,9,2,2,0
S01009975,O P Q. Public administration education and health,75,74,27,47,1,0,1
S01009975,R S T U. Other,15,15,6,9,0,0,0
S01009976,All people aged 16 to 74 in employment,183,173,52,121,10,5,5
S01009976,A B D E. Agriculture energy and water,6,5,0,5,1,1,0
S01009976,C. Manufacturing,7,7,1,6,0,0,0
S01009976,F. Construction,24,19,1,18,5,1,4
S01009976,G I. Distribution hotels and restaurants,34,34,16,18,0,0,0
S01009976,H J. Transport and communication,21,18,3,15,3,2,1
S01009976,K L M N. Financial real estate professional and administrative activities,34,34,9,25,0,0,0
S01009976,O P Q. Public administration education and health,46,45,18,27,1,1,0
S01009976,R S T U. Other,11,11,4,7,0,0,0
S01009977,All people aged 16 to 74 in employment,247,236,84,152,11,2,9
S01009977,A B D E. Agriculture energy and water,5,5,0,5,0,0,0
S01009977,C. Manufacturing,22,21,2,19,1,0,1
S01009977,F. Construction,19,15,2,13,4,0,4
S01009977,G I. Distribution hotels and restaurants,62,62,32,30,0,0,0
S01009977,H J. Transport and communication,23,22,3,19,1,0,1
S01009977,K L M N. Financial real estate professional and administrative activities,27,26,10,16,1,0,1
S01009977,O P Q. Public administration education and health,77,75,30,45,2,1,1
S01009977,R S T U. Other,12,10,5,5,2,1,1
S01009978,All people aged 16 to 74 in employment,362,340,118,222,22,6,16
S01009978,A B D E. Agriculture energy and water,5,5,0,5,0,0,0
S01009978,C. Manufacturing,23,23,1,22,0,0,0
S01009978,F. Construction,36,30,2,28,6,1,5
S01009978,G I. Distribution hotels and restaurants,109,103,57,46,6,1,5
S01009978,H J. Transport and communication,34,30,2,28,4,1,3
S01009978,K L M N. Financial real estate professional and administrative activities,47,46,14,32,1,0,1
S01009978,O P Q. Public administration education and health,90,87,37,50,3,1,2
S01009978,R S T U. Other,18,16,5,11,2,2,0
S01009979,All people aged 16 to 74 in employment,166,160,52,108,6,2,4
S01009979,A B D E. Agriculture energy and water,11,10,1,9,1,1,0
S01009979,C. Manufacturing,6,6,0,6,0,0,0
S01009979,F. Construction,10,10,1,9,0,0,0
S01009979,G I. Distribution hotels and restaurants,46,44,20,24,2,0,2
S01009979,H J. Transport and communication,9,7,0,7,2,0,2
S01009979,K L M N. Financial real estate professional and administrative activities,26,26,10,16,0,0,0
S01009979,O P Q. Public administration education and health,51,50,17,33,1,1,0
S01009979,R S T U. Other,7,7,3,4,0,0,0
S01009980,All people aged 16 to 74 in employment,172,167,66,101,5,1,4
S01009980,A B D E. Agriculture energy and water,5,5,0,5,0,0,0
S01009980,C. Manufacturing,7,7,0,7,0,0,0
S01009980,F. Construction,20,18,1,17,2,0,2
S01009980,G I. Distribution hotels and restaurants,52,52,30,22,0,0,0
S01009980,H J. Transport and communication,7,6,2,4,1,0,1
S01009980,K L M N. Financial real estate professional and administrative activities,28,27,13,14,1,0,1
S01009980,O P Q. Public administration education and health,44,43,16,27,1,1,0
S01009980,R S T U. Other,9,9,4,5,0,0,0
S01009981,All people aged 16 to 74 in employment,233,221,84,137,12,1,11
S01009981,A B D E. Agriculture energy and water,6,6,0,6,0,0,0
S01009981,C. Manufacturing,13,13,0,13,0,0,0
S01009981,F. Construction,20,14,1,13,6,0,6
S01009981,G I. Distribution hotels and restaurants,73,73,44,29,0,0,0
S01009981,H J. Transport and communication,11,10,1,9,1,0,1
S01009981,K L M N. Financial real estate professional and administrative activities,38,35,6,29,3,1,2
S01009981,O P Q. Public administration education and health,52,51,22,29,1,0,1
S01009981,R S T U. Other,20,19,10,9,1,0,1
S01009982,All people aged 16 to 74 in employment,429,390,141,249,39,8,31
S01009982,A B D E. Agriculture energy and water,8,8,0,8,0,0,0
S01009982,C. Manufacturing,21,20,4,16,1,1,0
S01009982,F. Construction,56,40,4,36,16,1,15
S01009982,G I. Distribution hotels and restaurants,96,91,52,39,5,1,4
S01009982,H J. Transport and communication,30,26,2,24,4,0,4
S01009982,K L M N. Financial real estate professional and administrative activities,73,66,19,47,7,2,5
S01009982,O P Q. Public administration education and health,127,126,51,75,1,1,0
S01009982,R S T U. Other,18,13,9,4,5,2,3
S01009983,All people aged 16 to 74 in employment,162,156,65,91,6,1,5
S01009983,A B D E. Agriculture energy and water,6,6,2,4,0,0,0
S01009983,C. Manufacturing,12,12,1,11,0,0,0
S01009983,F. Construction,3,2,0,2,1,0,1
S01009983,G I. Distribution hotels and restaurants,43,41,21,20,2,1,1
S01009983,H J. Transport and communication,10,7,1,6,3,0,3
S01009983,K L M N. Financial real estate professional and administrative activities,28,28,10,18,0,0,0
S01009983,O P Q. Public administration education and health,50,50,24,26,0,0,0
S01009983,R S T U. Other,10,10,6,4,0,0,0
S01009984,All people aged 16 to 74 in employment,333,299,82,217,34,11,23
S01009984,A B D E. Agriculture energy and water,11,11,0,11,0,0,0
S01009984,C. Manufacturing,27,27,2,25,0,0,0
S01009984,F. Construction,32,22,3,19,10,1,9
S01009984,G I. Distribution hotels and restaurants,79,77,33,44,2,2,0
S01009984,H J. Transport and communication,33,27,2,25,6,0,6
S01009984,K L M N. Financial real estate professional and administrative activities,53,45,11,34,8,3,5
S01009984,O P Q. Public administration education and health,78,77,26,51,1,1,0
S01009984,R S T U. Other,20,13,5,8,7,4,3
S01009985,All people aged 16 to 74 in employment,200,186,53,133,14,3,11
S01009985,A B D E. Agriculture energy and water,1,1,0,1,0,0,0
S01009985,C. Manufacturing,11,11,0,11,0,0,0
S01009985,F. Construction,31,23,0,23,8,2,6
S01009985,G I. Distribution hotels and restaurants,52,52,25,27,0,0,0
S01009985,H J. Transport and communication,18,14,4,10,4,0,4
S01009985,K L M N. Financial real estate professional and administrative activities,19,19,5,14,0,0,0
S01009985,O P Q. Public administration education and health,51,50,12,38,1,1,0
S01009985,R S T U. Other,17,16,7,9,1,0,1
S01009986,All people aged 16 to 74 in employment,152,146,50,96,6,2,4
S01009986,A B D E. Agriculture energy and water,9,9,1,8,0,0,0
S01009986,C. Manufacturing,5,4,0,4,1,0,1
S01009986,F. Construction,12,12,0,12,0,0,0
S01009986,G I. Distribution hotels and restaurants,40,39,21,18,1,0,1
S01009986,H J. Transport and communication,10,9,1,8,1,0,1
S01009986,K L M N. Financial real estate professional and administrative activities,26,24,9,15,2,1,1
S01009986,O P Q. Public administration education and health,40,39,13,26,1,1,0
S01009986,R S T U. Other,10,10,5,5,0,0,0
S01009987,All people aged 16 to 74 in employment,311,290,80,210,21,4,17
S01009987,A B D E. Agriculture energy and water,10,10,0,10,0,0,0
S01009987,C. Manufacturing,15,14,2,12,1,1,0
S01009987,F. Construction,36,27,2,25,9,1,8
S01009987,G I. Distribution hotels and restaurants,70,69,28,41,1,0,1
S01009987,H J. Transport and communication,20,15,2,13,5,0,5
S01009987,K L M N. Financial real estate professional and administrative activities,47,43,12,31,4,2,2
S01009987,O P Q. Public administration education and health,93,93,31,62,0,0,0
S01009987,R S T U. Other,20,19,3,16,1,0,1
S01009988,All people aged 16 to 74 in employment,149,144,53,91,5,1,4
S01009988,A B D E. Agriculture energy and water,3,3,0,3,0,0,0
S01009988,C. Manufacturing,4,4,0,4,0,0,0
S01009988,F. Construction,9,8,0,8,1,0,1
S01009988,G I. Distribution hotels and restaurants,40,40,22,18,0,0,0
S01009988,H J. Transport and communication,13,10,2,8,3,0,3
S01009988,K L M N. Financial real estate professional and administrative activities,21,21,9,12,0,0,0
S01009988,O P Q. Public administration education and health,53,52,18,34,1,1,0
S01009988,R S T U. Other,6,6,2,4,0,0,0
S01009989,All people aged 16 to 74 in employment,383,356,92,264,27,4,23
S01009989,A B D E. Agriculture energy and water,8,8,2,6,0,0,0
S01009989,C. Manufacturing,29,29,4,25,0,0,0
S01009989,F. Construction,43,33,1,32,10,2,8
S01009989,G I. Distribution hotels and restaurants,75,73,34,39,2,0,2
S01009989,H J. Transport and communication,41,33,3,30,8,0,8
S01009989,K L M N. Financial real estate professional and administrative activities,59,57,12,45,2,0,2
S01009989,O P Q. Public administration education and health,109,105,31,74,4,1,3
S01009989,R S T U. Other,19,18,5,13,1,1,0
S01009990,All people aged 16 to 74 in employment,364,342,94,248,22,6,16
S01009990,A B D E. Agriculture energy and water,4,3,0,3,1,0,1
S01009990,C. Manufacturing,21,20,0,20,1,0,1
S01009990,F. Construction,40,32,2,30,8,2,6
S01009990,G I. Distribution hotels and restaurants,80,77,36,41,3,1,2
S01009990,H J. Transport and communication,28,24,2,22,4,0,4
S01009990,K L M N. Financial real estate professional and administrative activities,66,63,9,54,3,2,1
S01009990,O P Q. Public administration education and health,111,110,42,68,1,1,0
S01009990,R S T U. Other,14,13,3,10,1,0,1
S01009991,All people aged 16 to 74 in employment,413,387,95,292,26,6,20
S01009991,A B D E. Agriculture energy and water,9,9,0,9,0,0,0
S01009991,C. Manufacturing,23,23,0,23,0,0,0
S01009991,F. Construction,36,24,1,23,12,3,9
S01009991,G I. Distribution hotels and restaurants,106,104,47,57,2,0,2
S01009991,H J. Transport and communication,31,25,2,23,6,0,6
S01009991,K L M N. Financial real estate professional and administrative activities,53,52,4,48,1,1,0
S01009991,O P Q. Public administration education and health,137,132,34,98,5,2,3
S01009991,R S T U. Other,18,18,7,11,0,0,0
S01009992,All people aged 16 to 74 in employment,217,203,67,136,14,7,7
S01009992,A B D E. Agriculture energy and water,6,6,0,6,0,0,0
S01009992,C. Manufacturing,11,11,1,10,0,0,0
S01009992,F. Construction,18,15,0,15,3,1,2
S01009992,G I. Distribution hotels and restaurants,58,57,30,27,1,0,1
S01009992,H J. Transport and communication,11,8,1,7,3,2,1
S01009992,K L M N. Financial real estate professional and administrative activities,27,24,5,19,3,1,2
S01009992,O P Q. Public administration education and health,76,72,26,46,4,3,1
S01009992,R S T U. Other,10,10,4,6,0,0,0
S01009993,All people aged 16 to 74 in employment,458,414,90,324,44,13,31
S01009993,A B D E. Agriculture energy and water,18,18,1,17,0,0,0
S01009993,C. Manufacturing,27,27,1,26,0,0,0
S01009993,F. Construction,53,38,4,34,15,3,12
S01009993,G I. Distribution hotels and restaurants,100,91,33,58,9,3,6
S01009993,H J. Transport and communication,46,39,5,34,7,1,6
S01009993,K L M N. Financial real estate professional and administrative activities,69,67,10,57,2,1,1
S01009993,O P Q. Public administration education and health,127,122,30,92,5,2,3
S01009993,R S T U. Other,18,12,6,6,6,3,3
S01009994,All people aged 16 to 74 in employment,356,330,92,238,26,3,23
S01009994,A B D E. Agriculture energy and water,9,8,2,6,1,0,1
S01009994,C. Manufacturing,23,22,2,20,1,0,1
S01009994,F. Construction,36,30,1,29,6,0,6
S01009994,G I. Distribution hotels and restaurants,71,67,33,34,4,1,3
S01009994,H J. Transport and communication,29,19,3,16,10,0,10
S01009994,K L M N. Financial real estate professional and administrative activities,50,48,9,39,2,0,2
S01009994,O P Q. Public administration education and health,124,123,38,85,1,1,0
S01009994,R S T U. Other,14,13,4,9,1,1,0
S01009995,All people aged 16 to 74 in employment,366,339,92,247,27,13,14
S01009995,A B D E. Agriculture energy and water,7,7,1,6,0,0,0
S01009995,C. Manufacturing,18,17,2,15,1,0,1
S01009995,F. Construction,30,25,0,25,5,3,2
S01009995,G I. Distribution hotels and restaurants,86,80,39,41,6,1,5
S01009995,H J. Transport and communication,31,25,3,22,6,1,5
S01009995,K L M N. Financial real estate professional and administrative activities,71,68,16,52,3,3,0
S01009995,O P Q. Public administration education and health,108,103,24,79,5,4,1
S01009995,R S T U. Other,15,14,7,7,1,1,0
S01009996,All people aged 16 to 74 in employment,355,330,104,226,25,4,21
S01009996,A B D E. Agriculture energy and water,9,5,2,3,4,0,4
S01009996,C. Manufacturing,21,19,2,17,2,1,1
S01009996,F. Construction,28,24,0,24,4,0,4
S01009996,G I. Distribution hotels and restaurants,92,88,47,41,4,0,4
S01009996,H J. Transport and communication,33,28,3,25,5,0,5
S01009996,K L M N. Financial real estate professional and administrative activities,56,56,13,43,0,0,0
S01009996,O P Q. Public administration education and health,90,86,31,55,4,1,3
S01009996,R S T U. Other,26,24,6,18,2,2,0
S01009997,All people aged 16 to 74 in employment,309,288,64,224,21,4,17
S01009997,A B D E. Agriculture energy and water,12,11,0,11,1,0,1
S01009997,C. Manufacturing,12,11,1,10,1,0,1
S01009997,F. Construction,28,22,1,21,6,0,6
S01009997,G I. Distribution hotels and restaurants,64,59,18,41,5,1,4
S01009997,H J. Transport and communication,22,18,2,16,4,0,4
S01009997,K L M N. Financial real estate professional and administrative activities,55,53,4,49,2,2,0
S01009997,O P Q. Public administration education and health,100,98,30,68,2,1,1
S01009997,R S T U. Other,16,16,8,8,0,0,0
S01009998,All people aged 16 to 74 in employment,266,221,59,162,45,10,35
S01009998,A B D E. Agriculture energy and water,4,4,0,4,0,0,0
S01009998,C. Manufacturing,19,15,2,13,4,2,2
S01009998,F. Construction,34,18,2,16,16,3,13
S01009998,G I. Distribution hotels and restaurants,53,40,18,22,13,0,13
S01009998,H J. Transport and communication,11,9,1,8,2,1,1
S01009998,K L M N. Financial real estate professional and administrative activities,40,34,4,30,6,2,4
S01009998,O P Q. Public administration education and health,92,91,28,63,1,0,1
S01009998,R S T U. Other,13,10,4,6,3,2,1
S01009999,All people aged 16 to 74 in employment,337,310,80,230,27,10,17
S01009999,A B D E. Agriculture energy and water,10,10,1,9,0,0,0
S01009999,C. Manufacturing,30,29,2,27,1,0,1
S01009999,F. Construction,34,28,1,27,6,2,4
S01009999,G I. Distribution hotels and restaurants,55,53,28,25,2,0,2
S01009999,H J. Transport and communication,28,24,3,21,4,2,2
S01009999,K L M N. Financial real estate professional and administrative activities,54,49,13,36,5,2,3
S01009999,O P Q. Public administration education and health,114,107,30,77,7,3,4
S01009999,R S T U. Other,12,10,2,8,2,1,1
S01010000,All people aged 16 to 74 in employment,325,300,71,229,25,5,20
S01010000,A B D E. Agriculture energy and water,7,7,1,6,0,0,0
S01010000,C. Manufacturing,21,19,1,18,2,1,1
S01010000,F. Construction,29,24,2,22,5,1,4
S01010000,G I. Distribution hotels and restaurants,66,59,29,30,7,0,7
S01010000,H J. Transport and communication,32,30,1,29,2,1,1
S01010000,K L M N. Financial real estate professional and administrative activities,52,51,7,44,1,0,1
S01010000,O P Q. Public administration education and health,100,95,26,69,5,2,3
S01010000,R S T U. Other,18,15,4,11,3,0,3
S01010001,All people aged 16 to 74 in employment,370,341,90,251,29,12,17
S01010001,A B D E. Agriculture energy and water,10,10,0,10,0,0,0
S01010001,C. Manufacturing,24,22,0,22,2,1,1
S01010001,F. Construction,31,26,0,26,5,1,4
S01010001,G I. Distribution hotels and restaurants,79,73,32,41,6,4,2
S01010001,H J. Transport and communication,39,31,2,29,8,5,3
S01010001,K L M N. Financial real estate professional and administrative activities,49,46,9,37,3,0,3
S01010001,O P Q. Public administration education and health,122,118,38,80,4,1,3
S01010001,R S T U. Other,16,15,9,6,1,0,1
S01010002,All people aged 16 to 74 in employment,399,369,121,248,30,9,21
S01010002,A B D E. Agriculture energy and water,5,5,0,5,0,0,0
S01010002,C. Manufacturing,8,7,0,7,1,1,0
S01010002,F. Construction,46,33,3,30,13,1,12
S01010002,G I. Distribution hotels and restaurants,108,104,58,46,4,2,2
S01010002,H J. Transport and communication,31,27,6,21,4,0,4
S01010002,K L M N. Financial real estate professional and administrative activities,50,47,8,39,3,2,1
S01010002,O P Q. Public administration education and health,122,119,34,85,3,2,1
S01010002,R S T U. Other,29,27,12,15,2,1,1
S01010003,All people aged 16 to 74 in employment,369,335,92,243,34,11,23
S01010003,A B D E. Agriculture energy and water,16,15,3,12,1,0,1
S01010003,C. Manufacturing,15,13,2,11,2,1,1
S01010003,F. Construction,36,29,0,29,7,0,7
S01010003,G I. Distribution hotels and restaurants,75,72,36,36,3,1,2
S01010003,H J. Transport and communication,20,15,2,13,5,0,5
S01010003,K L M N. Financial real estate professional and administrative activities,66,57,6,51,9,5,4
S01010003,O P Q. Public administration education and health,122,119,36,83,3,2,1
S01010003,R S T U. Other,19,15,7,8,4,2,2
S01010004,All people aged 16 to 74 in employment,351,311,87,224,40,12,28
S01010004,A B D E. Agriculture energy and water,7,6,0,6,1,0,1
S01010004,C. Manufacturing,14,11,2,9,3,2,1
S01010004,F. Construction,26,20,2,18,6,0,6
S01010004,G I. Distribution hotels and restaurants,72,59,30,29,13,5,8
S01010004,H J. Transport and communication,22,16,2,14,6,2,4
S01010004,K L M N. Financial real estate professional and administrative activities,65,59,12,47,6,1,5
S01010004,O P Q. Public administration education and health,139,137,38,99,2,2,0
S01010004,R S T U. Other,6,3,1,2,3,0,3
S01010005,All people aged 16 to 74 in employment,417,386,56,330,31,9,22
S01010005,A B D E. Agriculture energy and water,19,19,1,18,0,0,0
S01010005,C. Manufacturing,20,20,0,20,0,0,0
S01010005,F. Construction,19,12,0,12,7,1,6
S01010005,G I. Distribution hotels and restaurants,90,80,30,50,10,3,7
S01010005,H J. Transport and communication,34,29,1,28,5,1,4
S01010005,K L M N. Financial real estate professional and administrative activities,73,71,5,66,2,1,1
S01010005,O P Q. Public administration education and health,128,127,13,114,1,1,0
S01010005,R S T U. Other,34,28,6,22,6,2,4
S01010006,All people aged 16 to 74 in employment,515,491,71,420,24,4,20
S01010006,A B D E. Agriculture energy and water,15,15,1,14,0,0,0
S01010006,C. Manufacturing,20,20,0,20,0,0,0
S01010006,F. Construction,31,25,0,25,6,0,6
S01010006,G I. Distribution hotels and restaurants,87,85,31,54,2,1,1
S01010006,H J. Transport and communication,51,46,1,45,5,1,4
S01010006,K L M N. Financial real estate professional and administrative activities,106,102,11,91,4,0,4
S01010006,O P Q. Public administration education and health,172,169,22,147,3,1,2
S01010006,R S T U. Other,33,29,5,24,4,1,3
S01010007,All people aged 16 to 74 in employment,529,473,117,356,56,19,37
S01010007,A B D E. Agriculture energy and water,10,10,1,9,0,0,0
S01010007,C. Manufacturing,23,22,2,20,1,0,1
S01010007,F. Construction,45,34,3,31,11,1,10
S01010007,G I. Distribution hotels and restaurants,103,91,46,45,12,6,6
S01010007,H J. Transport and communication,41,31,3,28,10,2,8
S01010007,K L M N. Financial real estate professional and administrative activities,79,70,11,59,9,3,6
S01010007,O P Q. Public administration education and health,211,203,46,157,8,5,3
S01010007,R S T U. Other,17,12,5,7,5,2,3
S01010008,All people aged 16 to 74 in employment,385,352,49,303,33,9,24
S01010008,A B D E. Agriculture energy and water,13,13,0,13,0,0,0
S01010008,C. Manufacturing,22,20,0,20,2,0,2
S01010008,F. Construction,21,15,0,15,6,1,5
S01010008,G I. Distribution hotels and restaurants,50,49,16,33,1,0,1
S01010008,H J. Transport and communication,41,31,1,30,10,2,8
S01010008,K L M N. Financial real estate professional and administrative activities,89,83,7,76,6,1,5
S01010008,O P Q. Public administration education and health,129,124,20,104,5,3,2
S01010008,R S T U. Other,20,17,5,12,3,2,1
S01010009,All people aged 16 to 74 in employment,385,356,55,301,29,10,19
S01010009,A B D E. Agriculture energy and water,10,10,0,10,0,0,0
S01010009,C. Manufacturing,20,20,2,18,0,0,0
S01010009,F. Construction,29,21,2,19,8,1,7
S01010009,G I. Distribution hotels and restaurants,80,79,25,54,1,1,0
S01010009,H J. Transport and communication,31,24,4,20,7,3,4
S01010009,K L M N. Financial real estate professional and administrative activities,97,92,12,80,5,2,3
S01010009,O P Q. Public administration education and health,95,92,8,84,3,1,2
S01010009,R S T U. Other,23,18,2,16,5,2,3
S01010010,All people aged 16 to 74 in employment,539,469,123,346,70,21,49
S01010010,A B D E. Agriculture energy and water,6,6,1,5,0,0,0
S01010010,C. Manufacturing,29,26,3,23,3,1,2
S01010010,F. Construction,40,30,2,28,10,1,9
S01010010,G I. Distribution hotels and restaurants,84,68,35,33,16,2,14
S01010010,H J. Transport and communication,51,43,4,39,8,2,6
S01010010,K L M N. Financial real estate professional and administrative activities,97,85,20,65,12,4,8
S01010010,O P Q. Public administration education and health,205,189,48,141,16,9,7
S01010010,R S T U. Other,27,22,10,12,5,2,3
S01010011,All people aged 16 to 74 in employment,373,348,52,296,25,10,15
S01010011,A B D E. Agriculture energy and water,16,15,1,14,1,0,1
S01010011,C. Manufacturing,20,19,2,17,1,0,1
S01010011,F. Construction,16,15,0,15,1,1,0
S01010011,G I. Distribution hotels and restaurants,59,56,14,42,3,2,1
S01010011,H J. Transport and communication,28,26,4,22,2,1,1
S01010011,K L M N. Financial real estate professional and administrative activities,73,69,7,62,4,0,4
S01010011,O P Q. Public administration education and health,132,130,22,108,2,1,1
S01010011,R S T U. Other,29,18,2,16,11,5,6
S01010012,All people aged 16 to 74 in employment,402,359,111,248,43,10,33
S01010012,A B D E. Agriculture energy and water,9,9,2,7,0,0,0
S01010012,C. Manufacturing,19,17,1,16,2,0,2
S01010012,F. Construction,49,32,0,32,17,2,15
S01010012,G I. Distribution hotels and restaurants,88,84,39,45,4,0,4
S01010012,H J. Transport and communication,34,27,2,25,7,3,4
S01010012,K L M N. Financial real estate professional and administrative activities,55,46,16,30,9,3,6
S01010012,O P Q. Public administration education and health,133,129,46,83,4,2,2
S01010012,R S T U. Other,15,15,5,10,0,0,0
S01010013,All people aged 16 to 74 in employment,468,427,83,344,41,11,30
S01010013,A B D E. Agriculture energy and water,11,11,1,10,0,0,0
S01010013,C. Manufacturing,19,19,0,19,0,0,0
S01010013,F. Construction,39,32,0,32,7,0,7
S01010013,G I. Distribution hotels and restaurants,86,77,32,45,9,3,6
S01010013,H J. Transport and communication,38,32,2,30,6,1,5
S01010013,K L M N. Financial real estate professional and administrative activities,90,81,11,70,9,3,6
S01010013,O P Q. Public administration education and health,161,156,30,126,5,3,2
S01010013,R S T U. Other,24,19,7,12,5,1,4
S01010014,All people aged 16 to 74 in employment,567,485,95,390,82,15,67
S01010014,A B D E. Agriculture energy and water,4,2,0,2,2,0,2
S01010014,C. Manufacturing,22,20,0,20,2,0,2
S01010014,F. Construction,25,19,0,19,6,0,6
S01010014,G I. Distribution hotels and restaurants,87,74,38,36,13,2,11
S01010014,H J. Transport and communication,57,45,9,36,12,0,12
S01010014,K L M N. Financial real estate professional and administrative activities,115,97,6,91,18,2,16
S01010014,O P Q. Public administration education and health,208,196,40,156,12,5,7
S01010014,R S T U. Other,49,32,2,30,17,6,11
S01010015,All people aged 16 to 74 in employment,503,445,78,367,58,16,42
S01010015,A B D E. Agriculture energy and water,13,13,1,12,0,0,0
S01010015,C. Manufacturing,18,17,2,15,1,0,1
S01010015,F. Construction,19,13,0,13,6,0,6
S01010015,G I. Distribution hotels and restaurants,78,73,23,50,5,1,4
S01010015,H J. Transport and communication,49,42,5,37,7,0,7
S01010015,K L M N. Financial real estate professional and administrative activities,117,99,8,91,18,4,14
S01010015,O P Q. Public administration education and health,181,171,34,137,10,7,3
S01010015,R S T U. Other,28,17,5,12,11,4,7
S01010016,All people aged 16 to 74 in employment,295,274,86,188,21,1,20
S01010016,A B D E. Agriculture energy and water,9,8,1,7,1,0,1
S01010016,C. Manufacturing,21,20,1,19,1,0,1
S01010016,F. Construction,40,31,0,31,9,0,9
S01010016,G I. Distribution hotels and restaurants,72,68,37,31,4,0,4
S01010016,H J. Transport and communication,23,19,0,19,4,0,4
S01010016,K L M N. Financial real estate professional and administrative activities,42,42,9,33,0,0,0
S01010016,O P Q. Public administration education and health,75,73,33,40,2,1,1
S01010016,R S T U. Other,13,13,5,8,0,0,0
S01010017,All people aged 16 to 74 in employment,284,267,96,171,17,3,14
S01010017,A B D E. Agriculture energy and water,6,6,0,6,0,0,0
S01010017,C. Manufacturing,16,16,1,15,0,0,0
S01010017,F. Construction,28,20,2,18,8,0,8
S01010017,G I. Distribution hotels and restaurants,92,89,52,37,3,0,3
S01010017,H J. Transport and communication,17,14,1,13,3,0,3
S01010017,K L M N. Financial real estate professional and administrative activities,33,32,4,28,1,1,0
S01010017,O P Q. Public administration education and health,74,74,27,47,0,0,0
S01010017,R S T U. Other,18,16,9,7,2,2,0
S01010018,All people aged 16 to 74 in employment,388,364,98,266,24,10,14
S01010018,A B D E. Agriculture energy and water,9,9,0,9,0,0,0
S01010018,C. Manufacturing,21,21,2,19,0,0,0
S01010018,F. Construction,35,27,0,27,8,3,5
S01010018,G I. Distribution hotels and restaurants,98,93,36,57,5,4,1
S01010018,H J. Transport and communication,34,28,2,26,6,1,5
S01010018,K L M N. Financial real estate professional and administrative activities,69,68,15,53,1,0,1
S01010018,O P Q. Public administration education and health,109,108,39,69,1,0,1
S01010018,R S T U. Other,13,10,4,6,3,2,1
S01010019,All people aged 16 to 74 in employment,234,224,83,141,10,2,8
S01010019,A B D E. Agriculture energy and water,10,10,1,9,0,0,0
S01010019,C. Manufacturing,10,10,3,7,0,0,0
S01010019,F. Construction,18,13,1,12,5,1,4
S01010019,G I. Distribution hotels and restaurants,54,54,27,27,0,0,0
S01010019,H J. Transport and communication,26,22,12,10,4,1,3
S01010019,K L M N. Financial real estate professional and administrative activities,36,35,9,26,1,0,1
S01010019,O P Q. Public administration education and health,65,65,22,43,0,0,0
S01010019,R S T U. Other,15,15,8,7,0,0,0
S01010020,All people aged 16 to 74 in employment,321,300,92,208,21,7,14
S01010020,A B D E. Agriculture energy and water,5,5,0,5,0,0,0
S01010020,C. Manufacturing,16,16,1,15,0,0,0
S01010020,F. Construction,34,31,0,31,3,0,3
S01010020,G I. Distribution hotels and restaurants,96,88,44,44,8,3,5
S01010020,H J. Transport and communication,22,16,2,14,6,1,5
S01010020,K L M N. Financial real estate professional and administrative activities,35,33,6,27,2,1,1
S01010020,O P Q. Public administration education and health,95,94,29,65,1,1,0
S01010020,R S T U. Other,18,17,10,7,1,1,0
S01010021,All people aged 16 to 74 in employment,223,200,84,116,23,4,19
S01010021,A B D E. Agriculture energy and water,6,6,1,5,0,0,0
S01010021,C. Manufacturing,11,9,2,7,2,0,2
S01010021,F. Construction,16,7,1,6,9,0,9
S01010021,G I. Distribution hotels and restaurants,71,69,43,26,2,0,2
S01010021,H J. Transport and communication,17,15,4,11,2,1,1
S01010021,K L M N. Financial real estate professional and administrative activities,26,21,4,17,5,1,4
S01010021,O P Q. Public administration education and health,67,66,26,40,1,0,1
S01010021,R S T U. Other,9,7,3,4,2,2,0
S01010022,All people aged 16 to 74 in employment,347,315,81,234,32,12,20
S01010022,A B D E. Agriculture energy and water,9,9,0,9,0,0,0
S01010022,C. Manufacturing,23,20,1,19,3,0,3
S01010022,F. Construction,29,24,2,22,5,2,3
S01010022,G I. Distribution hotels and restaurants,66,62,28,34,4,2,2
S01010022,H J. Transport and communication,37,30,6,24,7,5,2
S01010022,K L M N. Financial real estate professional and administrative activities,58,53,11,42,5,1,4
S01010022,O P Q. Public administration education and health,97,91,26,65,6,2,4
S01010022,R S T U. Other,28,26,7,19,2,0,2
S01010023,All people aged 16 to 74 in employment,162,153,53,100,9,3,6
S01010023,A B D E. Agriculture energy and water,1,1,0,1,0,0,0
S01010023,C. Manufacturing,16,16,1,15,0,0,0
S01010023,F. Construction,9,6,0,6,3,0,3
S01010023,G I. Distribution hotels and restaurants,38,34,19,15,4,2,2
S01010023,H J. Transport and communication,14,13,4,9,1,0,1
S01010023,K L M N. Financial real estate professional and administrative activities,29,29,8,21,0,0,0
S01010023,O P Q. Public administration education and health,49,48,18,30,1,1,0
S01010023,R S T U. Other,6,6,3,3,0,0,0
S01010024,All people aged 16 to 74 in employment,312,298,97,201,14,5,9
S01010024,A B D E. Agriculture energy and water,6,6,1,5,0,0,0
S01010024,C. Manufacturing,22,22,6,16,0,0,0
S01010024,F. Construction,17,14,1,13,3,0,3
S01010024,G I. Distribution hotels and restaurants,68,67,32,35,1,0,1
S01010024,H J. Transport and communication,27,24,7,17,3,2,1
S01010024,K L M N. Financial real estate professional and administrative activities,61,57,8,49,4,1,3
S01010024,O P Q. Public administration education and health,92,91,32,59,1,1,0
S01010024,R S T U. Other,19,17,10,7,2,1,1
S01010025,All people aged 16 to 74 in employment,183,162,57,105,21,10,11
S01010025,A B D E. Agriculture energy and water,1,1,0,1,0,0,0
S01010025,C. Manufacturing,7,6,0,6,1,0,1
S01010025,F. Construction,9,6,1,5,3,1,2
S01010025,G I. Distribution hotels and restaurants,44,40,22,18,4,3,1
S01010025,H J. Transport and communication,21,16,2,14,5,1,4
S01010025,K L M N. Financial real estate professional and administrative activities,35,34,7,27,1,1,0
S01010025,O P Q. Public administration education and health,50,49,24,25,1,0,1
S01010025,R S T U. Other,16,10,1,9,6,4,2
S01010026,All people aged 16 to 74 in employment,412,382,87,295,30,4,26
S01010026,A B D E. Agriculture energy and water,12,12,0,12,0,0,0
S01010026,C. Manufacturing,26,26,1,25,0,0,0
S01010026,F. Construction,25,19,1,18,6,1,5
S01010026,G I. Distribution hotels and restaurants,90,83,33,50,7,0,7
S01010026,H J. Transport and communication,43,41,7,34,2,0,2
S01010026,K L M N. Financial real estate professional and administrative activities,89,78,15,63,11,2,9
S01010026,O P Q. Public administration education and health,108,108,26,82,0,0,0
S01010026,R S T U. Other,19,15,4,11,4,1,3
S01010027,All people aged 16 to 74 in employment,425,396,101,295,29,6,23
S01010027,A B D E. Agriculture energy and water,8,8,0,8,0,0,0
S01010027,C. Manufacturing,19,18,1,17,1,0,1
S01010027,F. Construction,31,27,5,22,4,0,4
S01010027,G I. Distribution hotels and restaurants,90,84,35,49,6,1,5
S01010027,H J. Transport and communication,33,28,6,22,5,1,4
S01010027,K L M N. Financial real estate professional and administrative activities,83,74,12,62,9,2,7
S01010027,O P Q. Public administration education and health,125,124,26,98,1,0,1
S01010027,R S T U. Other,36,33,16,17,3,2,1
S01010028,All people aged 16 to 74 in employment,242,221,63,158,21,4,17
S01010028,A B D E. Agriculture energy and water,3,3,0,3,0,0,0
S01010028,C. Manufacturing,15,15,1,14,0,0,0
S01010028,F. Construction,15,11,1,10,4,1,3
S01010028,G I. Distribution hotels and restaurants,49,46,19,27,3,2,1
S01010028,H J. Transport and communication,17,14,2,12,3,0,3
S01010028,K L M N. Financial real estate professional and administrative activities,61,55,8,47,6,0,6
S01010028,O P Q. Public administration education and health,65,63,25,38,2,1,1
S01010028,R S T U. Other,17,14,7,7,3,0,3
S01010029,All people aged 16 to 74 in employment,185,174,59,115,11,4,7
S01010029,A B D E. Agriculture energy and water,3,3,1,2,0,0,0
S01010029,C. Manufacturing,16,16,1,15,0,0,0
S01010029,F. Construction,19,15,0,15,4,1,3
S01010029,G I. Distribution hotels and restaurants,45,44,20,24,1,1,0
S01010029,H J. Transport and communication,15,12,5,7,3,1,2
S01010029,K L M N. Financial real estate professional and administrative activities,33,32,10,22,1,0,1
S01010029,O P Q. Public administration education and health,44,44,18,26,0,0,0
S01010029,R S T U. Other,10,8,4,4,2,1,1
S01010030,All people aged 16 to 74 in employment,454,427,85,342,27,7,20
S01010030,A B D E. Agriculture energy and water,11,11,1,10,0,0,0
S01010030,C. Manufacturing,19,19,0,19,0,0,0
S01010030,F. Construction,32,26,0,26,6,1,5
S01010030,G I. Distribution hotels and restaurants,90,87,36,51,3,0,3
S01010030,H J. Transport and communication,45,41,4,37,4,0,4
S01010030,K L M N. Financial real estate professional and administrative activities,101,96,8,88,5,1,4
S01010030,O P Q. Public administration education and health,127,122,24,98,5,3,2
S01010030,R S T U. Other,29,25,12,13,4,2,2
S01010031,All people aged 16 to 74 in employment,482,437,90,347,45,11,34
S01010031,A B D E. Agriculture energy and water,5,4,1,3,1,1,0
S01010031,C. Manufacturing,32,30,2,28,2,0,2
S01010031,F. Construction,19,15,1,14,4,0,4
S01010031,G I. Distribution hotels and restaurants,104,99,48,51,5,0,5
S01010031,H J. Transport and communication,67,62,3,59,5,2,3
S01010031,K L M N. Financial real estate professional and administrative activities,110,98,10,88,12,2,10
S01010031,O P Q. Public administration education and health,117,110,15,95,7,3,4
S01010031,R S T U. Other,28,19,10,9,9,3,6
S01010032,All people aged 16 to 74 in employment,394,370,99,271,24,5,19
S01010032,A B D E. Agriculture energy and water,5,5,2,3,0,0,0
S01010032,C. Manufacturing,22,22,2,20,0,0,0
S01010032,F. Construction,13,11,0,11,2,0,2
S01010032,G I. Distribution hotels and restaurants,107,103,55,48,4,1,3
S01010032,H J. Transport and communication,44,40,5,35,4,0,4
S01010032,K L M N. Financial real estate professional and administrative activities,100,93,12,81,7,0,7
S01010032,O P Q. Public administration education and health,80,76,14,62,4,2,2
S01010032,R S T U. Other,23,20,9,11,3,2,1
S01010033,All people aged 16 to 74 in employment,384,351,89,262,33,3,30
S01010033,A B D E. Agriculture energy and water,9,7,0,7,2,0,2
S01010033,C. Manufacturing,18,18,0,18,0,0,0
S01010033,F. Construction,19,13,0,13,6,0,6
S01010033,G I. Distribution hotels and restaurants,80,73,32,41,7,0,7
S01010033,H J. Transport and communication,45,38,5,33,7,1,6
S01010033,K L M N. Financial real estate professional and administrative activities,72,68,13,55,4,1,3
S01010033,O P Q. Public administration education and health,111,110,30,80,1,0,1
S01010033,R S T U. Other,30,24,9,15,6,1,5
S01010034,All people aged 16 to 74 in employment,367,352,101,251,15,3,12
S01010034,A B D E. Agriculture energy and water,7,7,0,7,0,0,0
S01010034,C. Manufacturing,16,15,1,14,1,0,1
S01010034,F. Construction,21,18,3,15,3,0,3
S01010034,G I. Distribution hotels and restaurants,96,94,40,54,2,0,2
S01010034,H J. Transport and communication,64,63,14,49,1,0,1
S01010034,K L M N. Financial real estate professional and administrative activities,58,56,11,45,2,1,1
S01010034,O P Q. Public administration education and health,86,82,27,55,4,2,2
S01010034,R S T U. Other,19,17,5,12,2,0,2
S01010035,All people aged 16 to 74 in employment,227,213,79,134,14,8,6
S01010035,A B D E. Agriculture energy and water,6,6,1,5,0,0,0
S01010035,C. Manufacturing,18,18,1,17,0,0,0
S01010035,F. Construction,17,15,4,11,2,1,1
S01010035,G I. Distribution hotels and restaurants,82,82,42,40,0,0,0
S01010035,H J. Transport and communication,15,15,2,13,0,0,0
S01010035,K L M N. Financial real estate professional and administrative activities,38,32,9,23,6,3,3
S01010035,O P Q. Public administration education and health,36,32,15,17,4,3,1
S01010035,R S T U. Other,15,13,5,8,2,1,1
S01010036,All people aged 16 to 74 in employment,492,446,180,266,46,22,24
S01010036,A B D E. Agriculture energy and water,14,12,3,9,2,1,1
S01010036,C. Manufacturing,23,23,4,19,0,0,0
S01010036,F. Construction,10,7,0,7,3,0,3
S01010036,G I. Distribution hotels and restaurants,176,162,109,53,14,8,6
S01010036,H J. Transport and communication,52,43,8,35,9,5,4
S01010036,K L M N. Financial real estate professional and administrative activities,100,91,20,71,9,2,7
S01010036,O P Q. Public administration education and health,80,78,16,62,2,2,0
S01010036,R S T U. Other,37,30,20,10,7,4,3
S01010037,All people aged 16 to 74 in employment,196,186,47,139,10,2,8
S01010037,A B D E. Agriculture energy and water,3,3,0,3,0,0,0
S01010037,C. Manufacturing,17,15,1,14,2,0,2
S01010037,F. Construction,11,11,0,11,0,0,0
S01010037,G I. Distribution hotels and restaurants,42,41,19,22,1,0,1
S01010037,H J. Transport and communication,16,12,2,10,4,1,3
S01010037,K L M N. Financial real estate professional and administrative activities,43,41,8,33,2,1,1
S01010037,O P Q. Public administration education and health,49,48,13,35,1,0,1
S01010037,R S T U. Other,15,15,4,11,0,0,0
S01010038,All people aged 16 to 74 in employment,397,365,101,264,32,9,23
S01010038,A B D E. Agriculture energy and water,8,8,1,7,0,0,0
S01010038,C. Manufacturing,30,28,0,28,2,1,1
S01010038,F. Construction,29,25,1,24,4,0,4
S01010038,G I. Distribution hotels and restaurants,119,112,53,59,7,2,5
S01010038,H J. Transport and communication,29,21,3,18,8,2,6
S01010038,K L M N. Financial real estate professional and administrative activities,56,50,6,44,6,2,4
S01010038,O P Q. Public administration education and health,107,105,33,72,2,1,1
S01010038,R S T U. Other,19,16,4,12,3,1,2
S01010039,All people aged 16 to 74 in employment,616,557,127,430,59,19,40
S01010039,A B D E. Agriculture energy and water,8,7,1,6,1,0,1
S01010039,C. Manufacturing,29,24,1,23,5,1,4
S01010039,F. Construction,15,10,0,10,5,0,5
S01010039,G I. Distribution hotels and restaurants,165,160,63,97,5,3,2
S01010039,H J. Transport and communication,69,57,9,48,12,3,9
S01010039,K L M N. Financial real estate professional and administrative activities,154,138,27,111,16,5,11
S01010039,O P Q. Public administration education and health,143,138,14,124,5,2,3
S01010039,R S T U. Other,33,23,12,11,10,5,5
S01010040,All people aged 16 to 74 in employment,434,388,78,310,46,16,30
S01010040,A B D E. Agriculture energy and water,6,6,0,6,0,0,0
S01010040,C. Manufacturing,32,32,2,30,0,0,0
S01010040,F. Construction,33,25,1,24,8,2,6
S01010040,G I. Distribution hotels and restaurants,85,77,33,44,8,1,7
S01010040,H J. Transport and communication,41,36,4,32,5,3,2
S01010040,K L M N. Financial real estate professional and administrative activities,91,80,14,66,11,2,9
S01010040,O P Q. Public administration education and health,115,108,20,88,7,5,2
S01010040,R S T U. Other,31,24,4,20,7,3,4
S01010041,All people aged 16 to 74 in employment,372,339,76,263,33,12,21
S01010041,A B D E. Agriculture energy and water,6,6,0,6,0,0,0
S01010041,C. Manufacturing,23,23,3,20,0,0,0
S01010041,F. Construction,14,12,0,12,2,0,2
S01010041,G I. Distribution hotels and restaurants,105,96,45,51,9,2,7
S01010041,H J. Transport and communication,38,31,6,25,7,0,7
S01010041,K L M N. Financial real estate professional and administrative activities,77,71,4,67,6,4,2
S01010041,O P Q. Public administration education and health,91,84,9,75,7,4,3
S01010041,R S T U. Other,18,16,9,7,2,2,0
S01010042,All people aged 16 to 74 in employment,627,583,135,448,44,10,34
S01010042,A B D E. Agriculture energy and water,13,13,1,12,0,0,0
S01010042,C. Manufacturing,51,48,5,43,3,0,3
S01010042,F. Construction,32,23,1,22,9,0,9
S01010042,G I. Distribution hotels and restaurants,175,164,70,94,11,4,7
S01010042,H J. Transport and communication,64,59,5,54,5,0,5
S01010042,K L M N. Financial real estate professional and administrative activities,136,133,17,116,3,1,2
S01010042,O P Q. Public administration education and health,123,119,30,89,4,4,0
S01010042,R S T U. Other,33,24,6,18,9,1,8
S01010043,All people aged 16 to 74 in employment,320,304,94,210,16,5,11
S01010043,A B D E. Agriculture energy and water,5,5,1,4,0,0,0
S01010043,C. Manufacturing,21,21,1,20,0,0,0
S01010043,F. Construction,17,15,0,15,2,0,2
S01010043,G I. Distribution hotels and restaurants,103,97,50,47,6,3,3
S01010043,H J. Transport and communication,30,29,7,22,1,0,1
S01010043,K L M N. Financial real estate professional and administrative activities,57,54,6,48,3,1,2
S01010043,O P Q. Public administration education and health,69,68,24,44,1,1,0
S01010043,R S T U. Other,18,15,5,10,3,0,3
S01010044,All people aged 16 to 74 in employment,522,485,119,366,37,13,24
S01010044,A B D E. Agriculture energy and water,10,10,0,10,0,0,0
S01010044,C. Manufacturing,52,50,3,47,2,0,2
S01010044,F. Construction,42,34,2,32,8,0,8
S01010044,G I. Distribution hotels and restaurants,116,110,46,64,6,4,2
S01010044,H J. Transport and communication,36,30,2,28,6,2,4
S01010044,K L M N. Financial real estate professional and administrative activities,109,101,22,79,8,2,6
S01010044,O P Q. Public administration education and health,139,134,38,96,5,3,2
S01010044,R S T U. Other,18,16,6,10,2,2,0
S01010045,All people aged 16 to 74 in employment,147,140,55,85,7,4,3
S01010045,A B D E. Agriculture energy and water,4,4,0,4,0,0,0
S01010045,C. Manufacturing,4,4,2,2,0,0,0
S01010045,F. Construction,10,8,1,7,2,0,2
S01010045,G I. Distribution hotels and restaurants,38,37,19,18,1,1,0
S01010045,H J. Transport and communication,7,5,3,2,2,1,1
S01010045,K L M N. Financial real estate professional and administrative activities,30,29,9,20,1,1,0
S01010045,O P Q. Public administration education and health,41,41,18,23,0,0,0
S01010045,R S T U. Other,13,12,3,9,1,1,0
S01010046,All people aged 16 to 74 in employment,301,268,72,196,33,18,15
S01010046,A B D E. Agriculture energy and water,6,6,0,6,0,0,0
S01010046,C. Manufacturing,18,18,0,18,0,0,0
S01010046,F. Construction,25,15,0,15,10,3,7
S01010046,G I. Distribution hotels and restaurants,82,73,29,44,9,6,3
S01010046,H J. Transport and communication,29,24,7,17,5,4,1
S01010046,K L M N. Financial real estate professional and administrative activities,45,41,8,33,4,3,1
S01010046,O P Q. Public administration education and health,77,75,24,51,2,1,1
S01010046,R S T U. Other,19,16,4,12,3,1,2
S01010047,All people aged 16 to 74 in employment,255,239,79,160,16,5,11
S01010047,A B D E. Agriculture energy and water,3,3,0,3,0,0,0
S01010047,C. Manufacturing,24,23,3,20,1,0,1
S01010047,F. Construction,21,19,2,17,2,0,2
S01010047,G I. Distribution hotels and restaurants,74,73,38,35,1,0,1
S01010047,H J. Transport and communication,30,25,4,21,5,1,4
S01010047,K L M N. Financial real estate professional and administrative activities,31,30,11,19,1,1,0
S01010047,O P Q. Public administration education and health,59,58,19,39,1,1,0
S01010047,R S T U. Other,13,8,2,6,5,2,3
S01010048,All people aged 16 to 74 in employment,323,305,76,229,18,6,12
S01010048,A B D E. Agriculture energy and water,6,6,0,6,0,0,0
S01010048,C. Manufacturing,39,39,2,37,0,0,0
S01010048,F. Construction,29,26,1,25,3,1,2
S01010048,G I. Distribution hotels and restaurants,73,70,30,40,3,0,3
S01010048,H J. Transport and communication,18,14,1,13,4,1,3
S01010048,K L M N. Financial real estate professional and administrative activities,56,52,10,42,4,2,2
S01010048,O P Q. Public administration education and health,95,91,27,64,4,2,2
S01010048,R S T U. Other,7,7,5,2,0,0,0
S01010049,All people aged 16 to 74 in employment,252,241,88,153,11,4,7
S01010049,A B D E. Agriculture energy and water,3,3,0,3,0,0,0
S01010049,C. Manufacturing,41,41,6,35,0,0,0
S01010049,F. Construction,22,18,0,18,4,0,4
S01010049,G I. Distribution hotels and restaurants,71,68,41,27,3,2,1
S01010049,H J. Transport and communication,21,18,4,14,3,2,1
S01010049,K L M N. Financial real estate professional and administrative activities,41,41,13,28,0,0,0
S01010049,O P Q. Public administration education and health,38,38,15,23,0,0,0
S01010049,R S T U. Other,15,14,9,5,1,0,1
S01010050,All people aged 16 to 74 in employment,302,287,95,192,15,2,13
S01010050,A B D E. Agriculture energy and water,3,3,1,2,0,0,0
S01010050,C. Manufacturing,35,35,2,33,0,0,0
S01010050,F. Construction,14,8,0,8,6,0,6
S01010050,G I. Distribution hotels and restaurants,70,67,39,28,3,1,2
S01010050,H J. Transport and communication,29,26,3,23,3,0,3
S01010050,K L M N. Financial real estate professional and administrative activities,68,67,25,42,1,0,1
S01010050,O P Q. Public administration education and health,66,64,18,46,2,1,1
S01010050,R S T U. Other,17,17,7,10,0,0,0
S01010051,All people aged 16 to 74 in employment,222,208,57,151,14,8,6
S01010051,A B D E. Agriculture energy and water,2,2,0,2,0,0,0
S01010051,C. Manufacturing,32,31,3,28,1,0,1
S01010051,F. Construction,17,13,0,13,4,2,2
S01010051,G I. Distribution hotels and restaurants,68,66,28,38,2,1,1
S01010051,H J. Transport and communication,17,14,2,12,3,3,0
S01010051,K L M N. Financial real estate professional and administrative activities,34,32,7,25,2,1,1
S01010051,O P Q. Public administration education and health,45,43,15,28,2,1,1
S01010051,R S T U. Other,7,7,2,5,0,0,0
S01010052,All people aged 16 to 74 in employment,247,235,59,176,12,3,9
S01010052,A B D E. Agriculture energy and water,12,12,0,12,0,0,0
S01010052,C. Manufacturing,32,32,0,32,0,0,0
S01010052,F. Construction,12,8,0,8,4,1,3
S01010052,G I. Distribution hotels and restaurants,53,53,22,31,0,0,0
S01010052,H J. Transport and communication,26,23,5,18,3,1,2
S01010052,K L M N. Financial real estate professional and administrative activities,36,36,12,24,0,0,0
S01010052,O P Q. Public administration education and health,61,58,14,44,3,1,2
S01010052,R S T U. Other,15,13,6,7,2,0,2
S01010053,All people aged 16 to 74 in employment,343,321,110,211,22,8,14
S01010053,A B D E. Agriculture energy and water,9,9,0,9,0,0,0
S01010053,C. Manufacturing,27,26,2,24,1,0,1
S01010053,F. Construction,27,24,3,21,3,1,2
S01010053,G I. Distribution hotels and restaurants,124,123,61,62,1,1,0
S01010053,H J. Transport and communication,25,15,4,11,10,4,6
S01010053,K L M N. Financial real estate professional and administrative activities,49,46,11,35,3,1,2
S01010053,O P Q. Public administration education and health,68,66,22,44,2,1,1
S01010053,R S T U. Other,14,12,7,5,2,0,2
S01010054,All people aged 16 to 74 in employment,148,142,50,92,6,1,5
S01010054,A B D E. Agriculture energy and water,5,5,1,4,0,0,0
S01010054,C. Manufacturing,10,9,1,8,1,0,1
S01010054,F. Construction,15,12,1,11,3,0,3
S01010054,G I. Distribution hotels and restaurants,37,37,12,25,0,0,0
S01010054,H J. Transport and communication,10,9,0,9,1,0,1
S01010054,K L M N. Financial real estate professional and administrative activities,19,18,8,10,1,1,0
S01010054,O P Q. Public administration education and health,40,40,19,21,0,0,0
S01010054,R S T U. Other,12,12,8,4,0,0,0
S01010055,All people aged 16 to 74 in employment,413,381,109,272,32,5,27
S01010055,A B D E. Agriculture energy and water,12,12,1,11,0,0,0
S01010055,C. Manufacturing,27,27,1,26,0,0,0
S01010055,F. Construction,30,23,2,21,7,1,6
S01010055,G I. Distribution hotels and restaurants,115,104,49,55,11,3,8
S01010055,H J. Transport and communication,40,34,8,26,6,0,6
S01010055,K L M N. Financial real estate professional and administrative activities,66,65,15,50,1,0,1
S01010055,O P Q. Public administration education and health,103,101,29,72,2,0,2
S01010055,R S T U. Other,20,15,4,11,5,1,4
S01010056,All people aged 16 to 74 in employment,170,157,49,108,13,4,9
S01010056,A B D E. Agriculture energy and water,5,4,0,4,1,1,0
S01010056,C. Manufacturing,23,22,3,19,1,0,1
S01010056,F. Construction,18,12,0,12,6,1,5
S01010056,G I. Distribution hotels and restaurants,41,41,19,22,0,0,0
S01010056,H J. Transport and communication,11,10,0,10,1,0,1
S01010056,K L M N. Financial real estate professional and administrative activities,23,22,9,13,1,1,0
S01010056,O P Q. Public administration education and health,35,34,12,22,1,1,0
S01010056,R S T U. Other,14,12,6,6,2,0,2
S01010057,All people aged 16 to 74 in employment,171,160,50,110,11,2,9
S01010057,A B D E. Agriculture energy and water,4,4,1,3,0,0,0
S01010057,C. Manufacturing,19,19,3,16,0,0,0
S01010057,F. Construction,13,8,0,8,5,0,5
S01010057,G I. Distribution hotels and restaurants,40,39,22,17,1,0,1
S01010057,H J. Transport and communication,16,15,7,8,1,1,0
S01010057,K L M N. Financial real estate professional and administrative activities,28,27,2,25,1,1,0
S01010057,O P Q. Public administration education and health,45,44,14,30,1,0,1
S01010057,R S T U. Other,6,4,1,3,2,0,2
S01010058,All people aged 16 to 74 in employment,313,296,93,203,17,6,11
S01010058,A B D E. Agriculture energy and water,8,7,0,7,1,1,0
S01010058,C. Manufacturing,21,20,5,15,1,0,1
S01010058,F. Construction,33,25,1,24,8,1,7
S01010058,G I. Distribution hotels and restaurants,92,92,44,48,0,0,0
S01010058,H J. Transport and communication,18,15,4,11,3,1,2
S01010058,K L M N. Financial real estate professional and administrative activities,41,40,9,31,1,1,0
S01010058,O P Q. Public administration education and health,84,83,24,59,1,0,1
S01010058,R S T U. Other,16,14,6,8,2,2,0
S01010059,All people aged 16 to 74 in employment,326,304,69,235,22,9,13
S01010059,A B D E. Agriculture energy and water,6,4,0,4,2,0,2
S01010059,C. Manufacturing,21,21,3,18,0,0,0
S01010059,F. Construction,31,26,2,24,5,3,2
S01010059,G I. Distribution hotels and restaurants,75,72,30,42,3,1,2
S01010059,H J. Transport and communication,31,28,4,24,3,0,3
S01010059,K L M N. Financial real estate professional and administrative activities,50,47,9,38,3,2,1
S01010059,O P Q. Public administration education and health,100,96,16,80,4,2,2
S01010059,R S T U. Other,12,10,5,5,2,1,1
S01010060,All people aged 16 to 74 in employment,385,357,86,271,28,2,26
S01010060,A B D E. Agriculture energy and water,5,5,0,5,0,0,0
S01010060,C. Manufacturing,30,30,1,29,0,0,0
S01010060,F. Construction,38,26,0,26,12,0,12
S01010060,G I. Distribution hotels and restaurants,85,81,39,42,4,1,3
S01010060,H J. Transport and communication,34,33,4,29,1,0,1
S01010060,K L M N. Financial real estate professional and administrative activities,72,69,16,53,3,0,3
S01010060,O P Q. Public administration education and health,106,100,24,76,6,1,5
S01010060,R S T U. Other,15,13,2,11,2,0,2
S01010061,All people aged 16 to 74 in employment,262,240,46,194,22,6,16
S01010061,A B D E. Agriculture energy and water,1,1,0,1,0,0,0
S01010061,C. Manufacturing,21,20,1,19,1,0,1
S01010061,F. Construction,29,24,0,24,5,0,5
S01010061,G I. Distribution hotels and restaurants,42,40,17,23,2,1,1
S01010061,H J. Transport and communication,20,14,1,13,6,2,4
S01010061,K L M N. Financial real estate professional and administrative activities,48,46,6,40,2,0,2
S01010061,O P Q. Public administration education and health,87,85,18,67,2,0,2
S01010061,R S T U. Other,14,10,3,7,4,3,1
S01010062,All people aged 16 to 74 in employment,272,244,83,161,28,7,21
S01010062,A B D E. Agriculture energy and water,11,10,1,9,1,0,1
S01010062,C. Manufacturing,22,21,4,17,1,0,1
S01010062,F. Construction,33,25,2,23,8,2,6
S01010062,G I. Distribution hotels and restaurants,53,51,22,29,2,0,2
S01010062,H J. Transport and communication,29,22,4,18,7,1,6
S01010062,K L M N. Financial real estate professional and administrative activities,41,38,7,31,3,0,3
S01010062,O P Q. Public administration education and health,73,69,37,32,4,3,1
S01010062,R S T U. Other,10,8,6,2,2,1,1
S01010063,All people aged 16 to 74 in employment,385,360,89,271,25,7,18
S01010063,A B D E. Agriculture energy and water,8,8,0,8,0,0,0
S01010063,C. Manufacturing,38,36,4,32,2,0,2
S01010063,F. Construction,48,37,2,35,11,1,10
S01010063,G I. Distribution hotels and restaurants,89,87,38,49,2,1,1
S01010063,H J. Transport and communication,27,24,2,22,3,0,3
S01010063,K L M N. Financial real estate professional and administrative activities,56,56,7,49,0,0,0
S01010063,O P Q. Public administration education and health,100,94,30,64,6,4,2
S01010063,R S T U. Other,19,18,6,12,1,1,0
S01010064,All people aged 16 to 74 in employment,231,214,56,158,17,3,14
S01010064,A B D E. Agriculture energy and water,4,4,0,4,0,0,0
S01010064,C. Manufacturing,28,26,2,24,2,0,2
S01010064,F. Construction,22,15,0,15,7,0,7
S01010064,G I. Distribution hotels and restaurants,51,50,26,24,1,0,1
S01010064,H J. Transport and communication,17,15,1,14,2,0,2
S01010064,K L M N. Financial real estate professional and administrative activities,39,35,8,27,4,3,1
S01010064,O P Q. Public administration education and health,65,65,18,47,0,0,0
S01010064,R S T U. Other,5,4,1,3,1,0,1
S01010065,All people aged 16 to 74 in employment,334,313,83,230,21,3,18
S01010065,A B D E. Agriculture energy and water,6,6,0,6,0,0,0
S01010065,C. Manufacturing,48,48,4,44,0,0,0
S01010065,F. Construction,34,28,2,26,6,1,5
S01010065,G I. Distribution hotels and restaurants,84,80,40,40,4,0,4
S01010065,H J. Transport and communication,26,19,3,16,7,2,5
S01010065,K L M N. Financial real estate professional and administrative activities,41,40,6,34,1,0,1
S01010065,O P Q. Public administration education and health,80,78,24,54,2,0,2
S01010065,R S T U. Other,15,14,4,10,1,0,1
S01010066,All people aged 16 to 74 in employment,246,226,84,142,20,10,10
S01010066,A B D E. Agriculture energy and water,2,2,0,2,0,0,0
S01010066,C. Manufacturing,32,32,2,30,0,0,0
S01010066,F. Construction,21,20,1,19,1,0,1
S01010066,G I. Distribution hotels and restaurants,58,52,32,20,6,2,4
S01010066,H J. Transport and communication,25,22,2,20,3,1,2
S01010066,K L M N. Financial real estate professional and administrative activities,30,28,12,16,2,1,1
S01010066,O P Q. Public administration education and health,64,59,29,30,5,3,2
S01010066,R S T U. Other,14,11,6,5,3,3,0
S01010067,All people aged 16 to 74 in employment,184,170,44,126,14,5,9
S01010067,A B D E. Agriculture energy and water,2,2,0,2,0,0,0
S01010067,C. Manufacturing,24,23,5,18,1,0,1
S01010067,F. Construction,13,10,2,8,3,1,2
S01010067,G I. Distribution hotels and restaurants,53,49,24,25,4,2,2
S01010067,H J. Transport and communication,13,11,2,9,2,0,2
S01010067,K L M N. Financial real estate professional and administrative activities,27,27,4,23,0,0,0
S01010067,O P Q. Public administration education and health,43,41,7,34,2,1,1
S01010067,R S T U. Other,9,7,0,7,2,1,1
S01010068,All people aged 16 to 74 in employment,284,259,64,195,25,9,16
S01010068,A B D E. Agriculture energy and water,2,2,0,2,0,0,0
S01010068,C. Manufacturing,24,23,2,21,1,0,1
S01010068,F. Construction,26,22,2,20,4,0,4
S01010068,G I. Distribution hotels and restaurants,79,76,31,45,3,1,2
S01010068,H J. Transport and communication,24,19,2,17,5,3,2
S01010068,K L M N. Financial real estate professional and administrative activities,53,48,9,39,5,0,5
S01010068,O P Q. Public administration education and health,57,56,12,44,1,1,0
S01010068,R S T U. Other,19,13,6,7,6,4,2
S01010069,All people aged 16 to 74 in employment,489,442,103,339,47,14,33
S01010069,A B D E. Agriculture energy and water,9,8,2,6,1,0,1
S01010069,C. Manufacturing,43,42,5,37,1,0,1
S01010069,F. Construction,50,39,1,38,11,1,10
S01010069,G I. Distribution hotels and restaurants,112,100,38,62,12,4,8
S01010069,H J. Transport and communication,47,37,0,37,10,4,6
S01010069,K L M N. Financial real estate professional and administrative activities,78,74,9,65,4,1,3
S01010069,O P Q. Public administration education and health,133,129,46,83,4,3,1
S01010069,R S T U. Other,17,13,2,11,4,1,3
S01010070,All people aged 16 to 74 in employment,416,368,115,253,48,11,37
S01010070,A B D E. Agriculture energy and water,10,10,1,9,0,0,0
S01010070,C. Manufacturing,30,25,2,23,5,0,5
S01010070,F. Construction,57,42,3,39,15,2,13
S01010070,G I. Distribution hotels and restaurants,100,94,56,38,6,2,4
S01010070,H J. Transport and communication,36,22,6,16,14,1,13
S01010070,K L M N. Financial real estate professional and administrative activities,51,47,6,41,4,3,1
S01010070,O P Q. Public administration education and health,117,116,38,78,1,0,1
S01010070,R S T U. Other,15,12,3,9,3,3,0
S01010071,All people aged 16 to 74 in employment,365,318,78,240,47,9,38
S01010071,A B D E. Agriculture energy and water,7,7,0,7,0,0,0
S01010071,C. Manufacturing,33,33,7,26,0,0,0
S01010071,F. Construction,49,34,0,34,15,2,13
S01010071,G I. Distribution hotels and restaurants,78,68,28,40,10,1,9
S01010071,H J. Transport and communication,32,23,1,22,9,0,9
S01010071,K L M N. Financial real estate professional and administrative activities,53,47,5,42,6,3,3
S01010071,O P Q. Public administration education and health,99,97,32,65,2,1,1
S01010071,R S T U. Other,14,9,5,4,5,2,3
S01010072,All people aged 16 to 74 in employment,387,358,99,259,29,11,18
S01010072,A B D E. Agriculture energy and water,10,10,1,9,0,0,0
S01010072,C. Manufacturing,38,37,5,32,1,0,1
S01010072,F. Construction,28,24,0,24,4,1,3
S01010072,G I. Distribution hotels and restaurants,103,98,37,61,5,1,4
S01010072,H J. Transport and communication,27,21,3,18,6,1,5
S01010072,K L M N. Financial real estate professional and administrative activities,49,45,7,38,4,3,1
S01010072,O P Q. Public administration education and health,118,113,41,72,5,3,2
S01010072,R S T U. Other,14,10,5,5,4,2,2
S01010073,All people aged 16 to 74 in employment,371,338,95,243,33,4,29
S01010073,A B D E. Agriculture energy and water,9,9,3,6,0,0,0
S01010073,C. Manufacturing,27,26,1,25,1,0,1
S01010073,F. Construction,43,33,4,29,10,2,8
S01010073,G I. Distribution hotels and restaurants,63,56,35,21,7,0,7
S01010073,H J. Transport and communication,37,31,2,29,6,1,5
S01010073,K L M N. Financial real estate professional and administrative activities,55,51,13,38,4,0,4
S01010073,O P Q. Public administration education and health,125,124,33,91,1,1,0
S01010073,R S T U. Other,12,8,4,4,4,0,4
S01010074,All people aged 16 to 74 in employment,360,323,89,234,37,6,31
S01010074,A B D E. Agriculture energy and water,4,4,0,4,0,0,0
S01010074,C. Manufacturing,30,29,1,28,1,0,1
S01010074,F. Construction,39,32,4,28,7,2,5
S01010074,G I. Distribution hotels and restaurants,85,72,37,35,13,2,11
S01010074,H J. Transport and communication,27,22,5,17,5,1,4
S01010074,K L M N. Financial real estate professional and administrative activities,59,52,11,41,7,0,7
S01010074,O P Q. Public administration education and health,100,98,25,73,2,0,2
S01010074,R S T U. Other,16,14,6,8,2,1,1
S01010075,All people aged 16 to 74 in employment,227,215,59,156,12,4,8
S01010075,A B D E. Agriculture energy and water,4,2,0,2,2,0,2
S01010075,C. Manufacturing,28,28,1,27,0,0,0
S01010075,F. Construction,32,28,4,24,4,1,3
S01010075,G I. Distribution hotels and restaurants,58,58,27,31,0,0,0
S01010075,H J. Transport and communication,20,15,0,15,5,3,2
S01010075,K L M N. Financial real estate professional and administrative activities,26,26,6,20,0,0,0
S01010075,O P Q. Public administration education and health,48,47,17,30,1,0,1
S01010075,R S T U. Other,11,11,4,7,0,0,0
S01010076,All people aged 16 to 74 in employment,300,271,65,206,29,4,25
S01010076,A B D E. Agriculture energy and water,8,8,1,7,0,0,0
S01010076,C. Manufacturing,37,35,4,31,2,0,2
S01010076,F. Construction,40,34,0,34,6,1,5
S01010076,G I. Distribution hotels and restaurants,62,58,16,42,4,0,4
S01010076,H J. Transport and communication,28,19,3,16,9,1,8
S01010076,K L M N. Financial real estate professional and administrative activities,48,47,11,36,1,0,1
S01010076,O P Q. Public administration education and health,67,63,27,36,4,1,3
S01010076,R S T U. Other,10,7,3,4,3,1,2
S01010077,All people aged 16 to 74 in employment,237,213,50,163,24,2,22
S01010077,A B D E. Agriculture energy and water,3,3,1,2,0,0,0
S01010077,C. Manufacturing,34,32,4,28,2,1,1
S01010077,F. Construction,26,18,0,18,8,0,8
S01010077,G I. Distribution hotels and restaurants,48,45,17,28,3,0,3
S01010077,H J. Transport and communication,19,15,0,15,4,0,4
S01010077,K L M N. Financial real estate professional and administrative activities,20,19,4,15,1,0,1
S01010077,O P Q. Public administration education and health,74,69,22,47,5,1,4
S01010077,R S T U. Other,13,12,2,10,1,0,1
S01010078,All people aged 16 to 74 in employment,343,311,93,218,32,9,23
S01010078,A B D E. Agriculture energy and water,10,10,1,9,0,0,0
S01010078,C. Manufacturing,27,27,3,24,0,0,0
S01010078,F. Construction,30,26,3,23,4,1,3
S01010078,G I. Distribution hotels and restaurants,71,64,37,27,7,1,6
S01010078,H J. Transport and communication,30,22,1,21,8,1,7
S01010078,K L M N. Financial real estate professional and administrative activities,51,44,11,33,7,2,5
S01010078,O P Q. Public administration education and health,114,109,30,79,5,4,1
S01010078,R S T U. Other,10,9,7,2,1,0,1
S01010079,All people aged 16 to 74 in employment,479,396,110,286,83,22,61
S01010079,A B D E. Agriculture energy and water,13,13,5,8,0,0,0
S01010079,C. Manufacturing,29,26,6,20,3,1,2
S01010079,F. Construction,53,42,5,37,11,2,9
S01010079,G I. Distribution hotels and restaurants,99,75,34,41,24,5,19
S01010079,H J. Transport and communication,48,32,8,24,16,5,11
S01010079,K L M N. Financial real estate professional and administrative activities,67,57,10,47,10,2,8
S01010079,O P Q. Public administration education and health,144,133,37,96,11,3,8
S01010079,R S T U. Other,26,18,5,13,8,4,4
S01010080,All people aged 16 to 74 in employment,307,271,71,200,36,9,27
S01010080,A B D E. Agriculture energy and water,6,6,0,6,0,0,0
S01010080,C. Manufacturing,26,23,4,19,3,0,3
S01010080,F. Construction,44,35,3,32,9,0,9
S01010080,G I. Distribution hotels and restaurants,63,56,25,31,7,3,4
S01010080,H J. Transport and communication,20,13,1,12,7,1,6
S01010080,K L M N. Financial real estate professional and administrative activities,42,41,10,31,1,0,1
S01010080,O P Q. Public administration education and health,91,85,25,60,6,4,2
S01010080,R S T U. Other,15,12,3,9,3,1,2
S01010081,All people aged 16 to 74 in employment,332,270,81,189,62,16,46
S01010081,A B D E. Agriculture energy and water,7,7,1,6,0,0,0
S01010081,C. Manufacturing,21,14,1,13,7,1,6
S01010081,F. Construction,41,27,4,23,14,3,11
S01010081,G I. Distribution hotels and restaurants,68,59,31,28,9,0,9
S01010081,H J. Transport and communication,30,21,1,20,9,3,6
S01010081,K L M N. Financial real estate professional and administrative activities,55,47,10,37,8,3,5
S01010081,O P Q. Public administration education and health,94,87,30,57,7,3,4
S01010081,R S T U. Other,16,8,3,5,8,3,5
S01010082,All people aged 16 to 74 in employment,431,369,77,292,62,6,56
S01010082,A B D E. Agriculture energy and water,5,5,0,5,0,0,0
S01010082,C. Manufacturing,21,21,0,21,0,0,0
S01010082,F. Construction,71,50,2,48,21,1,20
S01010082,G I. Distribution hotels and restaurants,96,79,30,49,17,1,16
S01010082,H J. Transport and communication,41,29,1,28,12,3,9
S01010082,K L M N. Financial real estate professional and administrative activities,73,66,12,54,7,1,6
S01010082,O P Q. Public administration education and health,106,103,28,75,3,0,3
S01010082,R S T U. Other,18,16,4,12,2,0,2
S01010083,All people aged 16 to 74 in employment,268,245,67,178,23,7,16
S01010083,A B D E. Agriculture energy and water,3,3,0,3,0,0,0
S01010083,C. Manufacturing,15,15,0,15,0,0,0
S01010083,F. Construction,41,32,2,30,9,1,8
S01010083,G I. Distribution hotels and restaurants,69,68,29,39,1,0,1
S01010083,H J. Transport and communication,19,12,4,8,7,3,4
S01010083,K L M N. Financial real estate professional and administrative activities,41,39,10,29,2,0,2
S01010083,O P Q. Public administration education and health,67,66,17,49,1,0,1
S01010083,R S T U. Other,13,10,5,5,3,3,0
S01010084,All people aged 16 to 74 in employment,350,334,93,241,16,5,11
S01010084,A B D E. Agriculture energy and water,5,5,0,5,0,0,0
S01010084,C. Manufacturing,25,25,6,19,0,0,0
S01010084,F. Construction,44,41,4,37,3,1,2
S01010084,G I. Distribution hotels and restaurants,85,83,30,53,2,0,2
S01010084,H J. Transport and communication,39,31,6,25,8,2,6
S01010084,K L M N. Financial real estate professional and administrative activities,46,45,10,35,1,1,0
S01010084,O P Q. Public administration education and health,94,94,34,60,0,0,0
S01010084,R S T U. Other,12,10,3,7,2,1,1
S01010085,All people aged 16 to 74 in employment,386,352,90,262,34,7,27
S01010085,A B D E. Agriculture energy and water,10,9,0,9,1,1,0
S01010085,C. Manufacturing,26,25,2,23,1,1,0
S01010085,F. Construction,52,45,4,41,7,2,5
S01010085,G I. Distribution hotels and restaurants,80,76,39,37,4,0,4
S01010085,H J. Transport and communication,45,31,3,28,14,3,11
S01010085,K L M N. Financial real estate professional and administrative activities,53,50,14,36,3,0,3
S01010085,O P Q. Public administration education and health,108,106,22,84,2,0,2
S01010085,R S T U. Other,12,10,6,4,2,0,2
S01010086,All people aged 16 to 74 in employment,339,314,85,229,25,9,16
S01010086,A B D E. Agriculture energy and water,2,2,0,2,0,0,0
S01010086,C. Manufacturing,29,29,1,28,0,0,0
S01010086,F. Construction,43,29,2,27,14,3,11
S01010086,G I. Distribution hotels and restaurants,82,80,37,43,2,1,1
S01010086,H J. Transport and communication,24,21,2,19,3,1,2
S01010086,K L M N. Financial real estate professional and administrative activities,53,52,9,43,1,1,0
S01010086,O P Q. Public administration education and health,88,85,26,59,3,1,2
S01010086,R S T U. Other,18,16,8,8,2,2,0
S01010087,All people aged 16 to 74 in employment,271,228,67,161,43,11,32
S01010087,A B D E. Agriculture energy and water,6,5,0,5,1,0,1
S01010087,C. Manufacturing,14,13,1,12,1,0,1
S01010087,F. Construction,35,27,2,25,8,1,7
S01010087,G I. Distribution hotels and restaurants,46,38,18,20,8,2,6
S01010087,H J. Transport and communication,23,14,3,11,9,3,6
S01010087,K L M N. Financial real estate professional and administrative activities,41,34,7,27,7,1,6
S01010087,O P Q. Public administration education and health,98,93,35,58,5,2,3
S01010087,R S T U. Other,8,4,1,3,4,2,2
S01010088,All people aged 16 to 74 in employment,505,428,101,327,77,11,66
S01010088,A B D E. Agriculture energy and water,13,12,0,12,1,0,1
S01010088,C. Manufacturing,28,22,3,19,6,1,5
S01010088,F. Construction,56,38,1,37,18,2,16
S01010088,G I. Distribution hotels and restaurants,91,77,34,43,14,1,13
S01010088,H J. Transport and communication,45,33,4,29,12,1,11
S01010088,K L M N. Financial real estate professional and administrative activities,99,84,22,62,15,4,11
S01010088,O P Q. Public administration education and health,148,146,31,115,2,0,2
S01010088,R S T U. Other,25,16,6,10,9,2,7
S01010089,All people aged 16 to 74 in employment,303,277,82,195,26,3,23
S01010089,A B D E. Agriculture energy and water,4,4,1,3,0,0,0
S01010089,C. Manufacturing,20,19,2,17,1,0,1
S01010089,F. Construction,44,36,0,36,8,0,8
S01010089,G I. Distribution hotels and restaurants,66,62,36,26,4,0,4
S01010089,H J. Transport and communication,33,25,5,20,8,1,7
S01010089,K L M N. Financial real estate professional and administrative activities,41,38,11,27,3,1,2
S01010089,O P Q. Public administration education and health,84,83,22,61,1,0,1
S01010089,R S T U. Other,11,10,5,5,1,1,0
S01010090,All people aged 16 to 74 in employment,584,532,145,387,52,15,37
S01010090,A B D E. Agriculture energy and water,6,6,1,5,0,0,0
S01010090,C. Manufacturing,52,46,3,43,6,1,5
S01010090,F. Construction,61,50,1,49,11,1,10
S01010090,G I. Distribution hotels and restaurants,130,122,66,56,8,3,5
S01010090,H J. Transport and communication,50,39,3,36,11,3,8
S01010090,K L M N. Financial real estate professional and administrative activities,89,86,17,69,3,1,2
S01010090,O P Q. Public administration education and health,175,166,45,121,9,5,4
S01010090,R S T U. Other,21,17,9,8,4,1,3
S01010091,All people aged 16 to 74 in employment,485,429,104,325,56,12,44
S01010091,A B D E. Agriculture energy and water,12,12,1,11,0,0,0
S01010091,C. Manufacturing,34,28,3,25,6,1,5
S01010091,F. Construction,53,39,0,39,14,0,14
S01010091,G I. Distribution hotels and restaurants,106,96,38,58,10,2,8
S01010091,H J. Transport and communication,43,36,4,32,7,2,5
S01010091,K L M N. Financial real estate professional and administrative activities,70,61,17,44,9,1,8
S01010091,O P Q. Public administration education and health,137,133,31,102,4,1,3
S01010091,R S T U. Other,30,24,10,14,6,5,1
S01010092,All people aged 16 to 74 in employment,312,291,86,205,21,6,15
S01010092,A B D E. Agriculture energy and water,5,5,0,5,0,0,0
S01010092,C. Manufacturing,28,28,2,26,0,0,0
S01010092,F. Construction,21,16,1,15,5,0,5
S01010092,G I. Distribution hotels and restaurants,82,79,41,38,3,2,1
S01010092,H J. Transport and communication,41,34,11,23,7,1,6
S01010092,K L M N. Financial real estate professional and administrative activities,44,39,4,35,5,2,3
S01010092,O P Q. Public administration education and health,84,83,24,59,1,1,0
S01010092,R S T U. Other,7,7,3,4,0,0,0
S01010093,All people aged 16 to 74 in employment,432,392,122,270,40,9,31
S01010093,A B D E. Agriculture energy and water,8,7,0,7,1,0,1
S01010093,C. Manufacturing,32,30,2,28,2,2,0
S01010093,F. Construction,38,29,2,27,9,1,8
S01010093,G I. Distribution hotels and restaurants,108,105,53,52,3,0,3
S01010093,H J. Transport and communication,34,21,8,13,13,0,13
S01010093,K L M N. Financial real estate professional and administrative activities,65,61,10,51,4,2,2
S01010093,O P Q. Public administration education and health,122,119,42,77,3,2,1
S01010093,R S T U. Other,25,20,5,15,5,2,3
S01010094,All people aged 16 to 74 in employment,340,312,97,215,28,6,22
S01010094,A B D E. Agriculture energy and water,1,1,1,0,0,0,0
S01010094,C. Manufacturing,24,21,4,17,3,0,3
S01010094,F. Construction,41,37,4,33,4,0,4
S01010094,G I. Distribution hotels and restaurants,56,53,27,26,3,0,3
S01010094,H J. Transport and communication,45,39,7,32,6,0,6
S01010094,K L M N. Financial real estate professional and administrative activities,58,54,17,37,4,4,0
S01010094,O P Q. Public administration education and health,101,97,33,64,4,1,3
S01010094,R S T U. Other,14,10,4,6,4,1,3
S01010095,All people aged 16 to 74 in employment,371,331,99,232,40,12,28
S01010095,A B D E. Agriculture energy and water,8,8,2,6,0,0,0
S01010095,C. Manufacturing,31,28,4,24,3,0,3
S01010095,F. Construction,43,33,2,31,10,3,7
S01010095,G I. Distribution hotels and restaurants,72,65,35,30,7,1,6
S01010095,H J. Transport and communication,34,21,5,16,13,5,8
S01010095,K L M N. Financial real estate professional and administrative activities,58,56,14,42,2,1,1
S01010095,O P Q. Public administration education and health,105,102,31,71,3,1,2
S01010095,R S T U. Other,20,18,6,12,2,1,1
S01010096,All people aged 16 to 74 in employment,391,356,111,245,35,8,27
S01010096,A B D E. Agriculture energy and water,3,3,0,3,0,0,0
S01010096,C. Manufacturing,20,19,0,19,1,0,1
S01010096,F. Construction,35,20,1,19,15,2,13
S01010096,G I. Distribution hotels and restaurants,81,77,45,32,4,1,3
S01010096,H J. Transport and communication,37,32,5,27,5,0,5
S01010096,K L M N. Financial real estate professional and administrative activities,69,63,10,53,6,4,2
S01010096,O P Q. Public administration education and health,133,129,42,87,4,1,3
S01010096,R S T U. Other,13,13,8,5,0,0,0
S01010097,All people aged 16 to 74 in employment,351,316,102,214,35,8,27
S01010097,A B D E. Agriculture energy and water,5,5,0,5,0,0,0
S01010097,C. Manufacturing,29,28,3,25,1,0,1
S01010097,F. Construction,45,31,4,27,14,3,11
S01010097,G I. Distribution hotels and restaurants,92,84,41,43,8,1,7
S01010097,H J. Transport and communication,28,23,6,17,5,1,4
S01010097,K L M N. Financial real estate professional and administrative activities,41,37,7,30,4,1,3
S01010097,O P Q. Public administration education and health,96,95,37,58,1,0,1
S01010097,R S T U. Other,15,13,4,9,2,2,0
S01010098,All people aged 16 to 74 in employment,368,328,98,230,40,8,32
S01010098,A B D E. Agriculture energy and water,6,6,0,6,0,0,0
S01010098,C. Manufacturing,20,19,3,16,1,0,1
S01010098,F. Construction,33,24,2,22,9,1,8
S01010098,G I. Distribution hotels and restaurants,77,70,39,31,7,0,7
S01010098,H J. Transport and communication,32,23,5,18,9,1,8
S01010098,K L M N. Financial real estate professional and administrative activities,62,60,13,47,2,0,2
S01010098,O P Q. Public administration education and health,125,119,34,85,6,5,1
S01010098,R S T U. Other,13,7,2,5,6,1,5
S01010099,All people aged 16 to 74 in employment,342,306,83,223,36,13,23
S01010099,A B D E. Agriculture energy and water,5,5,0,5,0,0,0
S01010099,C. Manufacturing,22,22,1,21,0,0,0
S01010099,F. Construction,33,22,1,21,11,3,8
S01010099,G I. Distribution hotels and restaurants,68,58,32,26,10,3,7
S01010099,H J. Transport and communication,28,24,1,23,4,1,3
S01010099,K L M N. Financial real estate professional and administrative activities,52,49,10,39,3,2,1
S01010099,O P Q. Public administration education and health,116,113,34,79,3,0,3
S01010099,R S T U. Other,18,13,4,9,5,4,1
S01010100,All people aged 16 to 74 in employment,421,372,99,273,49,12,37
S01010100,A B D E. Agriculture energy and water,12,11,1,10,1,0,1
S01010100,C. Manufacturing,35,32,4,28,3,0,3
S01010100,F. Construction,48,37,2,35,11,1,10
S01010100,G I. Distribution hotels and restaurants,88,74,37,37,14,3,11
S01010100,H J. Transport and communication,31,29,6,23,2,0,2
S01010100,K L M N. Financial real estate professional and administrative activities,60,51,11,40,9,4,5
S01010100,O P Q. Public administration education and health,130,122,33,89,8,3,5
S01010100,R S T U. Other,17,16,5,11,1,1,0
S01010101,All people aged 16 to 74 in employment,376,339,79,260,37,2,35
S01010101,A B D E. Agriculture energy and water,6,5,1,4,1,0,1
S01010101,C. Manufacturing,20,19,1,18,1,1,0
S01010101,F. Construction,64,54,3,51,10,0,10
S01010101,G I. Distribution hotels and restaurants,79,74,32,42,5,0,5
S01010101,H J. Transport and communication,38,27,7,20,11,1,10
S01010101,K L M N. Financial real estate professional and administrative activities,44,40,9,31,4,0,4
S01010101,O P Q. Public administration education and health,107,104,25,79,3,0,3
S01010101,R S T U. Other,18,16,1,15,2,0,2
S01010102,All people aged 16 to 74 in employment,559,515,145,370,44,4,40
S01010102,A B D E. Agriculture energy and water,6,6,0,6,0,0,0
S01010102,C. Manufacturing,19,16,0,16,3,0,3
S01010102,F. Construction,69,62,3,59,7,0,7
S01010102,G I. Distribution hotels and restaurants,127,124,63,61,3,0,3
S01010102,H J. Transport and communication,43,31,3,28,12,2,10
S01010102,K L M N. Financial real estate professional and administrative activities,99,86,19,67,13,1,12
S01010102,O P Q. Public administration education and health,187,183,54,129,4,1,3
S01010102,R S T U. Other,9,7,3,4,2,0,2
S01010103,All people aged 16 to 74 in employment,594,518,145,373,76,13,63
S01010103,A B D E. Agriculture energy and water,11,8,1,7,3,0,3
S01010103,C. Manufacturing,43,42,2,40,1,0,1
S01010103,F. Construction,76,55,3,52,21,4,17
S01010103,G I. Distribution hotels and restaurants,130,119,56,63,11,0,11
S01010103,H J. Transport and communication,51,33,6,27,18,2,16
S01010103,K L M N. Financial real estate professional and administrative activities,91,81,27,54,10,3,7
S01010103,O P Q. Public administration education and health,162,156,44,112,6,2,4
S01010103,R S T U. Other,30,24,6,18,6,2,4
S01010104,All people aged 16 to 74 in employment,434,387,100,287,47,8,39
S01010104,A B D E. Agriculture energy and water,13,12,1,11,1,0,1
S01010104,C. Manufacturing,28,25,3,22,3,0,3
S01010104,F. Construction,46,35,0,35,11,2,9
S01010104,G I. Distribution hotels and restaurants,86,79,40,39,7,0,7
S01010104,H J. Transport and communication,45,33,4,29,12,4,8
S01010104,K L M N. Financial real estate professional and administrative activities,69,65,10,55,4,1,3
S01010104,O P Q. Public administration education and health,131,126,36,90,5,0,5
S01010104,R S T U. Other,16,12,6,6,4,1,3
S01010105,All people aged 16 to 74 in employment,168,161,55,106,7,0,7
S01010105,A B D E. Agriculture energy and water,8,8,0,8,0,0,0
S01010105,C. Manufacturing,16,16,2,14,0,0,0
S01010105,F. Construction,12,10,2,8,2,0,2
S01010105,G I. Distribution hotels and restaurants,51,50,26,24,1,0,1
S01010105,H J. Transport and communication,17,15,3,12,2,0,2
S01010105,K L M N. Financial real estate professional and administrative activities,22,22,5,17,0,0,0
S01010105,O P Q. Public administration education and health,35,33,15,18,2,0,2
S01010105,R S T U. Other,7,7,2,5,0,0,0
S01010106,All people aged 16 to 74 in employment,150,140,39,101,10,2,8
S01010106,A B D E. Agriculture energy and water,2,1,0,1,1,0,1
S01010106,C. Manufacturing,13,11,2,9,2,1,1
S01010106,F. Construction,11,9,0,9,2,0,2
S01010106,G I. Distribution hotels and restaurants,36,36,11,25,0,0,0
S01010106,H J. Transport and communication,10,7,1,6,3,0,3
S01010106,K L M N. Financial real estate professional and administrative activities,30,29,10,19,1,0,1
S01010106,O P Q. Public administration education and health,41,41,11,30,0,0,0
S01010106,R S T U. Other,7,6,4,2,1,1,0
S01010107,All people aged 16 to 74 in employment,326,301,98,203,25,6,19
S01010107,A B D E. Agriculture energy and water,3,3,0,3,0,0,0
S01010107,C. Manufacturing,26,26,0,26,0,0,0
S01010107,F. Construction,33,27,2,25,6,1,5
S01010107,G I. Distribution hotels and restaurants,102,100,51,49,2,2,0
S01010107,H J. Transport and communication,29,17,5,12,12,2,10
S01010107,K L M N. Financial real estate professional and administrative activities,43,41,14,27,2,0,2
S01010107,O P Q. Public administration education and health,75,74,21,53,1,0,1
S01010107,R S T U. Other,15,13,5,8,2,1,1
S01010108,All people aged 16 to 74 in employment,331,297,82,215,34,5,29
S01010108,A B D E. Agriculture energy and water,3,2,0,2,1,0,1
S01010108,C. Manufacturing,34,32,3,29,2,0,2
S01010108,F. Construction,36,27,1,26,9,1,8
S01010108,G I. Distribution hotels and restaurants,71,68,27,41,3,0,3
S01010108,H J. Transport and communication,43,34,3,31,9,2,7
S01010108,K L M N. Financial real estate professional and administrative activities,53,47,17,30,6,1,5
S01010108,O P Q. Public administration education and health,82,79,28,51,3,0,3
S01010108,R S T U. Other,9,8,3,5,1,1,0
S01010109,All people aged 16 to 74 in employment,353,326,88,238,27,6,21
S01010109,A B D E. Agriculture energy and water,6,6,1,5,0,0,0
S01010109,C. Manufacturing,16,16,2,14,0,0,0
S01010109,F. Construction,36,28,0,28,8,0,8
S01010109,G I. Distribution hotels and restaurants,77,77,36,41,0,0,0
S01010109,H J. Transport and communication,38,28,2,26,10,2,8
S01010109,K L M N. Financial real estate professional and administrative activities,60,56,14,42,4,3,1
S01010109,O P Q. Public administration education and health,98,96,24,72,2,0,2
S01010109,R S T U. Other,22,19,9,10,3,1,2
S01010110,All people aged 16 to 74 in employment,264,250,102,148,14,4,10
S01010110,A B D E. Agriculture energy and water,2,2,0,2,0,0,0
S01010110,C. Manufacturing,13,13,1,12,0,0,0
S01010110,F. Construction,24,21,3,18,3,1,2
S01010110,G I. Distribution hotels and restaurants,78,74,39,35,4,1,3
S01010110,H J. Transport and communication,13,9,2,7,4,1,3
S01010110,K L M N. Financial real estate professional and administrative activities,50,47,20,27,3,1,2
S01010110,O P Q. Public administration education and health,77,77,32,45,0,0,0
S01010110,R S T U. Other,7,7,5,2,0,0,0
S01010111,All people aged 16 to 74 in employment,299,276,100,176,23,3,20
S01010111,A B D E. Agriculture energy and water,8,8,0,8,0,0,0
S01010111,C. Manufacturing,21,20,3,17,1,0,1
S01010111,F. Construction,33,24,3,21,9,1,8
S01010111,G I. Distribution hotels and restaurants,88,85,39,46,3,0,3
S01010111,H J. Transport and communication,19,12,3,9,7,1,6
S01010111,K L M N. Financial real estate professional and administrative activities,40,39,15,24,1,0,1
S01010111,O P Q. Public administration education and health,75,75,31,44,0,0,0
S01010111,R S T U. Other,15,13,6,7,2,1,1
S01010112,All people aged 16 to 74 in employment,311,290,120,170,21,5,16
S01010112,A B D E. Agriculture energy and water,5,5,0,5,0,0,0
S01010112,C. Manufacturing,17,17,4,13,0,0,0
S01010112,F. Construction,39,33,6,27,6,2,4
S01010112,G I. Distribution hotels and restaurants,95,92,57,35,3,0,3
S01010112,H J. Transport and communication,20,18,5,13,2,0,2
S01010112,K L M N. Financial real estate professional and administrative activities,45,39,12,27,6,2,4
S01010112,O P Q. Public administration education and health,70,69,28,41,1,0,1
S01010112,R S T U. Other,20,17,8,9,3,1,2
S01010113,All people aged 16 to 74 in employment,177,168,73,95,9,3,6
S01010113,A B D E. Agriculture energy and water,3,3,0,3,0,0,0
S01010113,C. Manufacturing,11,11,1,10,0,0,0
S01010113,F. Construction,14,13,1,12,1,0,1
S01010113,G I. Distribution hotels and restaurants,53,53,35,18,0,0,0
S01010113,H J. Transport and communication,12,8,1,7,4,0,4
S01010113,K L M N. Financial real estate professional and administrative activities,30,28,8,20,2,1,1
S01010113,O P Q. Public administration education and health,43,42,19,23,1,1,0
S01010113,R S T U. Other,11,10,8,2,1,1,0
S01010114,All people aged 16 to 74 in employment,225,215,84,131,10,4,6
S01010114,A B D E. Agriculture energy and water,7,6,0,6,1,0,1
S01010114,C. Manufacturing,30,29,4,25,1,0,1
S01010114,F. Construction,14,13,1,12,1,0,1
S01010114,G I. Distribution hotels and restaurants,61,61,34,27,0,0,0
S01010114,H J. Transport and communication,17,14,5,9,3,1,2
S01010114,K L M N. Financial real estate professional and administrative activities,31,29,8,21,2,2,0
S01010114,O P Q. Public administration education and health,46,45,22,23,1,1,0
S01010114,R S T U. Other,19,18,10,8,1,0,1
S01010115,All people aged 16 to 74 in employment,330,293,69,224,37,15,22
S01010115,A B D E. Agriculture energy and water,9,7,0,7,2,0,2
S01010115,C. Manufacturing,26,25,2,23,1,1,0
S01010115,F. Construction,43,35,1,34,8,3,5
S01010115,G I. Distribution hotels and restaurants,81,75,25,50,6,3,3
S01010115,H J. Transport and communication,31,21,1,20,10,3,7
S01010115,K L M N. Financial real estate professional and administrative activities,39,35,6,29,4,1,3
S01010115,O P Q. Public administration education and health,90,85,29,56,5,3,2
S01010115,R S T U. Other,11,10,5,5,1,1,0
S01010116,All people aged 16 to 74 in employment,572,527,126,401,45,8,37
S01010116,A B D E. Agriculture energy and water,9,9,1,8,0,0,0
S01010116,C. Manufacturing,34,34,3,31,0,0,0
S01010116,F. Construction,82,74,0,74,8,1,7
S01010116,G I. Distribution hotels and restaurants,126,121,49,72,5,1,4
S01010116,H J. Transport and communication,61,47,7,40,14,2,12
S01010116,K L M N. Financial real estate professional and administrative activities,87,80,14,66,7,2,5
S01010116,O P Q. Public administration education and health,143,140,46,94,3,1,2
S01010116,R S T U. Other,30,22,6,16,8,1,7
S01010117,All people aged 16 to 74 in employment,370,326,62,264,44,11,33
S01010117,A B D E. Agriculture energy and water,11,9,0,9,2,0,2
S01010117,C. Manufacturing,18,17,2,15,1,1,0
S01010117,F. Construction,39,32,0,32,7,2,5
S01010117,G I. Distribution hotels and restaurants,65,59,22,37,6,0,6
S01010117,H J. Transport and communication,43,35,3,32,8,2,6
S01010117,K L M N. Financial real estate professional and administrative activities,63,57,10,47,6,1,5
S01010117,O P Q. Public administration education and health,105,98,15,83,7,2,5
S01010117,R S T U. Other,26,19,10,9,7,3,4
S01010118,All people aged 16 to 74 in employment,171,162,71,91,9,2,7
S01010118,A B D E. Agriculture energy and water,2,2,0,2,0,0,0
S01010118,C. Manufacturing,12,12,1,11,0,0,0
S01010118,F. Construction,10,8,0,8,2,0,2
S01010118,G I. Distribution hotels and restaurants,47,43,24,19,4,0,4
S01010118,H J. Transport and communication,7,5,2,3,2,1,1
S01010118,K L M N. Financial real estate professional and administrative activities,30,30,11,19,0,0,0
S01010118,O P Q. Public administration education and health,54,54,26,28,0,0,0
S01010118,R S T U. Other,9,8,7,1,1,1,0
S01010119,All people aged 16 to 74 in employment,206,196,78,118,10,1,9
S01010119,A B D E. Agriculture energy and water,1,1,1,0,0,0,0
S01010119,C. Manufacturing,14,14,1,13,0,0,0
S01010119,F. Construction,21,19,2,17,2,0,2
S01010119,G I. Distribution hotels and restaurants,60,59,36,23,1,0,1
S01010119,H J. Transport and communication,9,5,0,5,4,1,3
S01010119,K L M N. Financial real estate professional and administrative activities,29,29,10,19,0,0,0
S01010119,O P Q. Public administration education and health,58,55,24,31,3,0,3
S01010119,R S T U. Other,14,14,4,10,0,0,0
S01010120,All people aged 16 to 74 in employment,317,302,108,194,15,1,14
S01010120,A B D E. Agriculture energy and water,7,7,0,7,0,0,0
S01010120,C. Manufacturing,24,23,1,22,1,0,1
S01010120,F. Construction,35,29,1,28,6,0,6
S01010120,G I. Distribution hotels and restaurants,81,80,39,41,1,0,1
S01010120,H J. Transport and communication,21,17,8,9,4,0,4
S01010120,K L M N. Financial real estate professional and administrative activities,48,45,20,25,3,1,2
S01010120,O P Q. Public administration education and health,83,83,31,52,0,0,0
S01010120,R S T U. Other,18,18,8,10,0,0,0
S01010121,All people aged 16 to 74 in employment,233,218,79,139,15,7,8
S01010121,A B D E. Agriculture energy and water,2,2,0,2,0,0,0
S01010121,C. Manufacturing,19,19,2,17,0,0,0
S01010121,F. Construction,27,27,2,25,0,0,0
S01010121,G I. Distribution hotels and restaurants,75,71,46,25,4,3,1
S01010121,H J. Transport and communication,14,9,1,8,5,0,5
S01010121,K L M N. Financial real estate professional and administrative activities,41,35,9,26,6,4,2
S01010121,O P Q. Public administration education and health,43,43,16,27,0,0,0
S01010121,R S T U. Other,12,12,3,9,0,0,0
S01010122,All people aged 16 to 74 in employment,119,113,37,76,6,2,4
S01010122,A B D E. Agriculture energy and water,3,3,0,3,0,0,0
S01010122,C. Manufacturing,13,13,1,12,0,0,0
S01010122,F. Construction,14,13,2,11,1,0,1
S01010122,G I. Distribution hotels and restaurants,32,32,14,18,0,0,0
S01010122,H J. Transport and communication,9,6,1,5,3,1,2
S01010122,K L M N. Financial real estate professional and administrative activities,15,14,5,9,1,0,1
S01010122,O P Q. Public administration education and health,29,29,12,17,0,0,0
S01010122,R S T U. Other,4,3,2,1,1,1,0
S01010123,All people aged 16 to 74 in employment,271,260,101,159,11,4,7
S01010123,A B D E. Agriculture energy and water,5,5,0,5,0,0,0
S01010123,C. Manufacturing,16,15,1,14,1,0,1
S01010123,F. Construction,20,15,0,15,5,0,5
S01010123,G I. Distribution hotels and restaurants,84,83,50,33,1,1,0
S01010123,H J. Transport and communication,17,16,5,11,1,1,0
S01010123,K L M N. Financial real estate professional and administrative activities,48,47,19,28,1,1,0
S01010123,O P Q. Public administration education and health,69,67,23,44,2,1,1
S01010123,R S T U. Other,12,12,3,9,0,0,0
S01010124,All people aged 16 to 74 in employment,330,307,72,235,23,7,16
S01010124,A B D E. Agriculture energy and water,5,5,0,5,0,0,0
S01010124,C. Manufacturing,27,27,0,27,0,0,0
S01010124,F. Construction,30,25,1,24,5,2,3
S01010124,G I. Distribution hotels and restaurants,85,83,37,46,2,1,1
S01010124,H J. Transport and communication,27,18,1,17,9,2,7
S01010124,K L M N. Financial real estate professional and administrative activities,57,55,8,47,2,1,1
S01010124,O P Q. Public administration education and health,79,79,15,64,0,0,0
S01010124,R S T U. Other,20,15,10,5,5,1,4
S01010125,All people aged 16 to 74 in employment,218,199,62,137,19,4,15
S01010125,A B D E. Agriculture energy and water,0,0,0,0,0,0,0
S01010125,C. Manufacturing,13,13,0,13,0,0,0
S01010125,F. Construction,26,17,2,15,9,1,8
S01010125,G I. Distribution hotels and restaurants,57,55,26,29,2,0,2
S01010125,H J. Transport and communication,18,14,2,12,4,1,3
S01010125,K L M N. Financial real estate professional and administrative activities,26,24,6,18,2,0,2
S01010125,O P Q. Public administration education and health,63,63,20,43,0,0,0
S01010125,R S T U. Other,15,13,6,7,2,2,0
S01010126,All people aged 16 to 74 in employment,359,318,86,232,41,6,35
S01010126,A B D E. Agriculture energy and water,10,9,2,7,1,0,1
S01010126,C. Manufacturing,37,36,6,30,1,0,1
S01010126,F. Construction,49,33,1,32,16,1,15
S01010126,G I. Distribution hotels and restaurants,74,69,29,40,5,1,4
S01010126,H J. Transport and communication,41,31,5,26,10,0,10
S01010126,K L M N. Financial real estate professional and administrative activities,41,38,7,31,3,1,2
S01010126,O P Q. Public administration education and health,87,85,29,56,2,0,2
S01010126,R S T U. Other,20,17,7,10,3,3,0
S01010127,All people aged 16 to 74 in employment,219,203,61,142,16,1,15
S01010127,A B D E. Agriculture energy and water,5,5,0,5,0,0,0
S01010127,C. Manufacturing,12,12,1,11,0,0,0
S01010127,F. Construction,22,13,0,13,9,0,9
S01010127,G I. Distribution hotels and restaurants,51,51,27,24,0,0,0
S01010127,H J. Transport and communication,20,15,6,9,5,1,4
S01010127,K L M N. Financial real estate professional and administrative activities,30,29,6,23,1,0,1
S01010127,O P Q. Public administration education and health,69,69,19,50,0,0,0
S01010127,R S T U. Other,10,9,2,7,1,0,1
S01010128,All people aged 16 to 74 in employment,137,132,52,80,5,2,3
S01010128,A B D E. Agriculture energy and water,2,2,0,2,0,0,0
S01010128,C. Manufacturing,8,7,1,6,1,0,1
S01010128,F. Construction,10,9,0,9,1,0,1
S01010128,G I. Distribution hotels and restaurants,49,49,26,23,0,0,0
S01010128,H J. Transport and communication,9,9,4,5,0,0,0
S01010128,K L M N. Financial real estate professional and administrative activities,19,18,5,13,1,0,1
S01010128,O P Q. Public administration education and health,36,36,14,22,0,0,0
S01010128,R S T U. Other,4,2,2,0,2,2,0
S01010129,All people aged 16 to 74 in employment,215,207,70,137,8,0,8
S01010129,A B D E. Agriculture energy and water,5,5,0,5,0,0,0
S01010129,C. Manufacturing,18,18,2,16,0,0,0
S01010129,F. Construction,20,19,1,18,1,0,1
S01010129,G I. Distribution hotels and restaurants,53,52,27,25,1,0,1
S01010129,H J. Transport and communication,22,18,4,14,4,0,4
S01010129,K L M N. Financial real estate professional and administrative activities,24,24,7,17,0,0,0
S01010129,O P Q. Public administration education and health,58,57,19,38,1,0,1
S01010129,R S T U. Other,15,14,10,4,1,0,1
S01010130,All people aged 16 to 74 in employment,134,121,37,84,13,1,12
S01010130,A B D E. Agriculture energy and water,1,1,0,1,0,0,0
S01010130,C. Manufacturing,11,10,2,8,1,0,1
S01010130,F. Construction,14,10,0,10,4,1,3
S01010130,G I. Distribution hotels and restaurants,39,38,18,20,1,0,1
S01010130,H J. Transport and communication,11,10,2,8,1,0,1
S01010130,K L M N. Financial real estate professional and administrative activities,13,13,3,10,0,0,0
S01010130,O P Q. Public administration education and health,37,35,11,24,2,0,2
S01010130,R S T U. Other,8,4,1,3,4,0,4
S01010131,All people aged 16 to 74 in employment,479,412,128,284,67,13,54
S01010131,A B D E. Agriculture energy and water,3,3,0,3,0,0,0
S01010131,C. Manufacturing,36,32,5,27,4,0,4
S01010131,F. Construction,69,53,4,49,16,2,14
S01010131,G I. Distribution hotels and restaurants,97,86,53,33,11,2,9
S01010131,H J. Transport and communication,51,30,4,26,21,4,17
S01010131,K L M N. Financial real estate professional and administrative activities,73,64,18,46,9,2,7
S01010131,O P Q. Public administration education and health,139,136,42,94,3,1,2
S01010131,R S T U. Other,11,8,2,6,3,2,1
S01010132,All people aged 16 to 74 in employment,294,279,93,186,15,7,8
S01010132,A B D E. Agriculture energy and water,4,4,0,4,0,0,0
S01010132,C. Manufacturing,32,31,3,28,1,1,0
S01010132,F. Construction,25,21,2,19,4,0,4
S01010132,G I. Distribution hotels and restaurants,85,79,40,39,6,4,2
S01010132,H J. Transport and communication,22,20,6,14,2,1,1
S01010132,K L M N. Financial real estate professional and administrative activities,40,39,9,30,1,1,0
S01010132,O P Q. Public administration education and health,76,75,28,47,1,0,1
S01010132,R S T U. Other,10,10,5,5,0,0,0
S01010133,All people aged 16 to 74 in employment,230,215,71,144,15,6,9
S01010133,A B D E. Agriculture energy and water,3,3,0,3,0,0,0
S01010133,C. Manufacturing,16,16,2,14,0,0,0
S01010133,F. Construction,23,17,0,17,6,1,5
S01010133,G I. Distribution hotels and restaurants,52,48,27,21,4,2,2
S01010133,H J. Transport and communication,14,11,4,7,3,1,2
S01010133,K L M N. Financial real estate professional and administrative activities,38,37,8,29,1,1,0
S01010133,O P Q. Public administration education and health,74,74,27,47,0,0,0
S01010133,R S T U. Other,10,9,3,6,1,1,0
S01010134,All people aged 16 to 74 in employment,376,346,102,244,30,10,20
S01010134,A B D E. Agriculture energy and water,6,6,0,6,0,0,0
S01010134,C. Manufacturing,34,33,2,31,1,0,1
S01010134,F. Construction,34,25,0,25,9,0,9
S01010134,G I. Distribution hotels and restaurants,97,94,41,53,3,2,1
S01010134,H J. Transport and communication,37,29,7,22,8,2,6
S01010134,K L M N. Financial real estate professional and administrative activities,54,48,8,40,6,4,2
S01010134,O P Q. Public administration education and health,99,97,39,58,2,1,1
S01010134,R S T U. Other,15,14,5,9,1,1,0
S01010135,All people aged 16 to 74 in employment,260,248,71,177,12,1,11
S01010135,A B D E. Agriculture energy and water,3,2,0,2,1,0,1
S01010135,C. Manufacturing,32,31,4,27,1,0,1
S01010135,F. Construction,24,20,0,20,4,0,4
S01010135,G I. Distribution hotels and restaurants,63,62,28,34,1,0,1
S01010135,H J. Transport and communication,22,18,7,11,4,0,4
S01010135,K L M N. Financial real estate professional and administrative activities,46,45,13,32,1,1,0
S01010135,O P Q. Public administration education and health,64,64,16,48,0,0,0
S01010135,R S T U. Other,6,6,3,3,0,0,0
S01010136,All people aged 16 to 74 in employment,367,335,91,244,32,8,24
S01010136,A B D E. Agriculture energy and water,10,10,1,9,0,0,0
S01010136,C. Manufacturing,23,23,2,21,0,0,0
S01010136,F. Construction,47,33,0,33,14,2,12
S01010136,G I. Distribution hotels and restaurants,84,80,42,38,4,3,1
S01010136,H J. Transport and communication,39,29,4,25,10,1,9
S01010136,K L M N. Financial real estate professional and administrative activities,45,43,8,35,2,1,1
S01010136,O P Q. Public administration education and health,104,103,30,73,1,0,1
S01010136,R S T U. Other,15,14,4,10,1,1,0
S01010137,All people aged 16 to 74 in employment,352,331,83,248,21,6,15
S01010137,A B D E. Agriculture energy and water,12,12,0,12,0,0,0
S01010137,C. Manufacturing,25,25,1,24,0,0,0
S01010137,F. Construction,29,22,0,22,7,1,6
S01010137,G I. Distribution hotels and restaurants,80,76,33,43,4,2,2
S01010137,H J. Transport and communication,24,22,1,21,2,0,2
S01010137,K L M N. Financial real estate professional and administrative activities,50,47,10,37,3,0,3
S01010137,O P Q. Public administration education and health,115,112,30,82,3,2,1
S01010137,R S T U. Other,17,15,8,7,2,1,1
S01010138,All people aged 16 to 74 in employment,254,233,73,160,21,4,17
S01010138,A B D E. Agriculture energy and water,7,7,0,7,0,0,0
S01010138,C. Manufacturing,17,17,0,17,0,0,0
S01010138,F. Construction,33,27,2,25,6,0,6
S01010138,G I. Distribution hotels and restaurants,51,47,25,22,4,2,2
S01010138,H J. Transport and communication,27,23,6,17,4,0,4
S01010138,K L M N. Financial real estate professional and administrative activities,41,38,15,23,3,1,2
S01010138,O P Q. Public administration education and health,63,59,20,39,4,1,3
S01010138,R S T U. Other,15,15,5,10,0,0,0
S01010139,All people aged 16 to 74 in employment,403,374,106,268,29,10,19
S01010139,A B D E. Agriculture energy and water,9,7,0,7,2,1,1
S01010139,C. Manufacturing,36,34,5,29,2,0,2
S01010139,F. Construction,45,36,1,35,9,2,7
S01010139,G I. Distribution hotels and restaurants,87,82,34,48,5,0,5
S01010139,H J. Transport and communication,26,22,7,15,4,3,1
S01010139,K L M N. Financial real estate professional and administrative activities,58,58,13,45,0,0,0
S01010139,O P Q. Public administration education and health,121,118,36,82,3,1,2
S01010139,R S T U. Other,21,17,10,7,4,3,1
S01010140,All people aged 16 to 74 in employment,407,381,67,314,26,7,19
S01010140,A B D E. Agriculture energy and water,7,6,0,6,1,0,1
S01010140,C. Manufacturing,35,35,0,35,0,0,0
S01010140,F. Construction,37,33,0,33,4,0,4
S01010140,G I. Distribution hotels and restaurants,87,82,28,54,5,0,5
S01010140,H J. Transport and communication,36,32,8,24,4,0,4
S01010140,K L M N. Financial real estate professional and administrative activities,78,73,16,57,5,2,3
S01010140,O P Q. Public administration education and health,111,107,13,94,4,2,2
S01010140,R S T U. Other,16,13,2,11,3,3,0
S01010141,All people aged 16 to 74 in employment,284,264,82,182,20,5,15
S01010141,A B D E. Agriculture energy and water,7,7,1,6,0,0,0
S01010141,C. Manufacturing,27,27,6,21,0,0,0
S01010141,F. Construction,33,25,2,23,8,2,6
S01010141,G I. Distribution hotels and restaurants,69,66,27,39,3,1,2
S01010141,H J. Transport and communication,14,11,2,9,3,1,2
S01010141,K L M N. Financial real estate professional and administrative activities,42,42,12,30,0,0,0
S01010141,O P Q. Public administration education and health,71,70,26,44,1,0,1
S01010141,R S T U. Other,21,16,6,10,5,1,4
S01010142,All people aged 16 to 74 in employment,257,233,59,174,24,3,21
S01010142,A B D E. Agriculture energy and water,1,1,0,1,0,0,0
S01010142,C. Manufacturing,19,18,1,17,1,0,1
S01010142,F. Construction,36,23,0,23,13,0,13
S01010142,G I. Distribution hotels and restaurants,59,56,28,28,3,0,3
S01010142,H J. Transport and communication,22,20,1,19,2,1,1
S01010142,K L M N. Financial real estate professional and administrative activities,36,34,4,30,2,1,1
S01010142,O P Q. Public administration education and health,77,75,24,51,2,1,1
S01010142,R S T U. Other,7,6,1,5,1,0,1
S01010143,All people aged 16 to 74 in employment,270,245,78,167,25,6,19
S01010143,A B D E. Agriculture energy and water,2,2,0,2,0,0,0
S01010143,C. Manufacturing,21,20,2,18,1,0,1
S01010143,F. Construction,39,33,1,32,6,0,6
S01010143,G I. Distribution hotels and restaurants,56,53,27,26,3,0,3
S01010143,H J. Transport and communication,32,21,5,16,11,3,8
S01010143,K L M N. Financial real estate professional and administrative activities,35,32,9,23,3,2,1
S01010143,O P Q. Public administration education and health,68,67,27,40,1,1,0
S01010143,R S T U. Other,17,17,7,10,0,0,0
S01010144,All people aged 16 to 74 in employment,330,306,73,233,24,6,18
S01010144,A B D E. Agriculture energy and water,11,11,1,10,0,0,0
S01010144,C. Manufacturing,27,27,3,24,0,0,0
S01010144,F. Construction,30,25,0,25,5,0,5
S01010144,G I. Distribution hotels and restaurants,91,87,35,52,4,1,3
S01010144,H J. Transport and communication,24,18,1,17,6,1,5
S01010144,K L M N. Financial real estate professional and administrative activities,51,45,5,40,6,3,3
S01010144,O P Q. Public administration education and health,79,78,22,56,1,1,0
S01010144,R S T U. Other,17,15,6,9,2,0,2
S01010145,All people aged 16 to 74 in employment,336,309,81,228,27,2,25
S01010145,A B D E. Agriculture energy and water,6,6,2,4,0,0,0
S01010145,C. Manufacturing,31,30,3,27,1,0,1
S01010145,F. Construction,43,30,2,28,13,2,11
S01010145,G I. Distribution hotels and restaurants,74,70,28,42,4,0,4
S01010145,H J. Transport and communication,32,29,1,28,3,0,3
S01010145,K L M N. Financial real estate professional and administrative activities,48,46,10,36,2,0,2
S01010145,O P Q. Public administration education and health,87,86,32,54,1,0,1
S01010145,R S T U. Other,15,12,3,9,3,0,3
S01010146,All people aged 16 to 74 in employment,304,282,77,205,22,3,19
S01010146,A B D E. Agriculture energy and water,5,5,1,4,0,0,0
S01010146,C. Manufacturing,35,33,2,31,2,0,2
S01010146,F. Construction,27,20,1,19,7,1,6
S01010146,G I. Distribution hotels and restaurants,88,82,36,46,6,0,6
S01010146,H J. Transport and communication,14,13,1,12,1,0,1
S01010146,K L M N. Financial real estate professional and administrative activities,38,37,5,32,1,0,1
S01010146,O P Q. Public administration education and health,85,83,25,58,2,1,1
S01010146,R S T U. Other,12,9,6,3,3,1,2
S01010147,All people aged 16 to 74 in employment,312,287,98,189,25,10,15
S01010147,A B D E. Agriculture energy and water,8,8,0,8,0,0,0
S01010147,C. Manufacturing,28,28,4,24,0,0,0
S01010147,F. Construction,27,24,2,22,3,0,3
S01010147,G I. Distribution hotels and restaurants,77,72,41,31,5,2,3
S01010147,H J. Transport and communication,24,21,2,19,3,0,3
S01010147,K L M N. Financial real estate professional and administrative activities,51,49,15,34,2,2,0
S01010147,O P Q. Public administration education and health,68,68,25,43,0,0,0
S01010147,R S T U. Other,29,17,9,8,12,6,6
S01010148,All people aged 16 to 74 in employment,249,234,85,149,15,2,13
S01010148,A B D E. Agriculture energy and water,2,2,0,2,0,0,0
S01010148,C. Manufacturing,11,11,0,11,0,0,0
S01010148,F. Construction,25,19,1,18,6,1,5
S01010148,G I. Distribution hotels and restaurants,53,49,31,18,4,0,4
S01010148,H J. Transport and communication,21,21,6,15,0,0,0
S01010148,K L M N. Financial real estate professional and administrative activities,54,51,17,34,3,0,3
S01010148,O P Q. Public administration education and health,74,73,27,46,1,1,0
S01010148,R S T U. Other,9,8,3,5,1,0,1
S01010149,All people aged 16 to 74 in employment,281,252,49,203,29,8,21
S01010149,A B D E. Agriculture energy and water,8,7,1,6,1,0,1
S01010149,C. Manufacturing,15,15,1,14,0,0,0
S01010149,F. Construction,34,29,0,29,5,1,4
S01010149,G I. Distribution hotels and restaurants,62,52,10,42,10,3,7
S01010149,H J. Transport and communication,22,17,0,17,5,0,5
S01010149,K L M N. Financial real estate professional and administrative activities,52,51,14,37,1,1,0
S01010149,O P Q. Public administration education and health,72,71,19,52,1,1,0
S01010149,R S T U. Other,16,10,4,6,6,2,4
S01010150,All people aged 16 to 74 in employment,200,179,59,120,21,3,18
S01010150,A B D E. Agriculture energy and water,3,3,0,3,0,0,0
S01010150,C. Manufacturing,10,10,2,8,0,0,0
S01010150,F. Construction,15,12,1,11,3,0,3
S01010150,G I. Distribution hotels and restaurants,55,54,27,27,1,0,1
S01010150,H J. Transport and communication,24,15,4,11,9,1,8
S01010150,K L M N. Financial real estate professional and administrative activities,29,26,4,22,3,1,2
S01010150,O P Q. Public administration education and health,47,47,20,27,0,0,0
S01010150,R S T U. Other,17,12,1,11,5,1,4
S01010151,All people aged 16 to 74 in employment,176,166,47,119,10,5,5
S01010151,A B D E. Agriculture energy and water,3,3,1,2,0,0,0
S01010151,C. Manufacturing,21,21,3,18,0,0,0
S01010151,F. Construction,10,8,0,8,2,0,2
S01010151,G I. Distribution hotels and restaurants,42,41,14,27,1,0,1
S01010151,H J. Transport and communication,25,21,4,17,4,2,2
S01010151,K L M N. Financial real estate professional and administrative activities,18,16,4,12,2,2,0
S01010151,O P Q. Public administration education and health,49,48,18,30,1,1,0
S01010151,R S T U. Other,8,8,3,5,0,0,0
S01010152,All people aged 16 to 74 in employment,338,322,80,242,16,5,11
S01010152,A B D E. Agriculture energy and water,6,6,1,5,0,0,0
S01010152,C. Manufacturing,21,21,4,17,0,0,0
S01010152,F. Construction,37,30,2,28,7,2,5
S01010152,G I. Distribution hotels and restaurants,73,70,34,36,3,0,3
S01010152,H J. Transport and communication,34,33,3,30,1,0,1
S01010152,K L M N. Financial real estate professional and administrative activities,52,48,11,37,4,2,2
S01010152,O P Q. Public administration education and health,98,97,23,74,1,1,0
S01010152,R S T U. Other,17,17,2,15,0,0,0
S01010153,All people aged 16 to 74 in employment,343,317,86,231,26,6,20
S01010153,A B D E. Agriculture energy and water,9,9,0,9,0,0,0
S01010153,C. Manufacturing,19,19,2,17,0,0,0
S01010153,F. Construction,28,24,1,23,4,0,4
S01010153,G I. Distribution hotels and restaurants,78,73,29,44,5,0,5
S01010153,H J. Transport and communication,27,17,2,15,10,2,8
S01010153,K L M N. Financial real estate professional and administrative activities,43,41,12,29,2,2,0
S01010153,O P Q. Public administration education and health,122,120,33,87,2,0,2
S01010153,R S T U. Other,17,14,7,7,3,2,1
S01010154,All people aged 16 to 74 in employment,284,273,76,197,11,1,10
S01010154,A B D E. Agriculture energy and water,8,8,0,8,0,0,0
S01010154,C. Manufacturing,20,19,1,18,1,0,1
S01010154,F. Construction,30,27,0,27,3,0,3
S01010154,G I. Distribution hotels and restaurants,45,45,21,24,0,0,0
S01010154,H J. Transport and communication,25,19,4,15,6,1,5
S01010154,K L M N. Financial real estate professional and administrative activities,49,48,15,33,1,0,1
S01010154,O P Q. Public administration education and health,96,96,33,63,0,0,0
S01010154,R S T U. Other,11,11,2,9,0,0,0
S01010155,All people aged 16 to 74 in employment,267,245,77,168,22,8,14
S01010155,A B D E. Agriculture energy and water,5,5,2,3,0,0,0
S01010155,C. Manufacturing,15,15,3,12,0,0,0
S01010155,F. Construction,27,21,1,20,6,2,4
S01010155,G I. Distribution hotels and restaurants,50,48,24,24,2,0,2
S01010155,H J. Transport and communication,31,25,4,21,6,1,5
S01010155,K L M N. Financial real estate professional and administrative activities,27,24,3,21,3,2,1
S01010155,O P Q. Public administration education and health,102,99,38,61,3,2,1
S01010155,R S T U. Other,10,8,2,6,2,1,1
S01010156,All people aged 16 to 74 in employment,186,162,48,114,24,12,12
S01010156,A B D E. Agriculture energy and water,4,3,1,2,1,0,1
S01010156,C. Manufacturing,13,12,0,12,1,1,0
S01010156,F. Construction,17,9,1,8,8,1,7
S01010156,G I. Distribution hotels and restaurants,37,34,11,23,3,1,2
S01010156,H J. Transport and communication,16,14,4,10,2,2,0
S01010156,K L M N. Financial real estate professional and administrative activities,46,38,7,31,8,6,2
S01010156,O P Q. Public administration education and health,47,46,20,26,1,1,0
S01010156,R S T U. Other,6,6,4,2,0,0,0
S01010157,All people aged 16 to 74 in employment,161,151,69,82,10,4,6
S01010157,A B D E. Agriculture energy and water,2,2,1,1,0,0,0
S01010157,C. Manufacturing,13,13,0,13,0,0,0
S01010157,F. Construction,16,11,0,11,5,1,4
S01010157,G I. Distribution hotels and restaurants,42,42,27,15,0,0,0
S01010157,H J. Transport and communication,14,12,6,6,2,1,1
S01010157,K L M N. Financial real estate professional and administrative activities,25,24,11,13,1,0,1
S01010157,O P Q. Public administration education and health,46,45,23,22,1,1,0
S01010157,R S T U. Other,3,2,1,1,1,1,0
S01010158,All people aged 16 to 74 in employment,343,319,75,244,24,6,18
S01010158,A B D E. Agriculture energy and water,7,7,1,6,0,0,0
S01010158,C. Manufacturing,32,31,2,29,1,0,1
S01010158,F. Construction,35,27,2,25,8,3,5
S01010158,G I. Distribution hotels and restaurants,66,65,21,44,1,1,0
S01010158,H J. Transport and communication,22,16,3,13,6,1,5
S01010158,K L M N. Financial real estate professional and administrative activities,56,51,10,41,5,1,4
S01010158,O P Q. Public administration education and health,114,112,35,77,2,0,2
S01010158,R S T U. Other,11,10,1,9,1,0,1
S01010159,All people aged 16 to 74 in employment,256,232,64,168,24,6,18
S01010159,A B D E. Agriculture energy and water,2,2,0,2,0,0,0
S01010159,C. Manufacturing,14,12,1,11,2,1,1
S01010159,F. Construction,23,19,0,19,4,0,4
S01010159,G I. Distribution hotels and restaurants,67,61,23,38,6,1,5
S01010159,H J. Transport and communication,20,17,4,13,3,0,3
S01010159,K L M N. Financial real estate professional and administrative activities,31,28,9,19,3,2,1
S01010159,O P Q. Public administration education and health,85,83,25,58,2,1,1
S01010159,R S T U. Other,14,10,2,8,4,1,3
S01010160,All people aged 16 to 74 in employment,204,178,54,124,26,10,16
S01010160,A B D E. Agriculture energy and water,5,4,0,4,1,0,1
S01010160,C. Manufacturing,25,25,1,24,0,0,0
S01010160,F. Construction,30,17,1,16,13,3,10
S01010160,G I. Distribution hotels and restaurants,52,50,23,27,2,1,1
S01010160,H J. Transport and communication,14,9,3,6,5,1,4
S01010160,K L M N. Financial real estate professional and administrative activities,31,28,10,18,3,3,0
S01010160,O P Q. Public administration education and health,36,36,14,22,0,0,0
S01010160,R S T U. Other,11,9,2,7,2,2,0
S01010161,All people aged 16 to 74 in employment,296,269,83,186,27,6,21
S01010161,A B D E. Agriculture energy and water,5,5,1,4,0,0,0
S01010161,C. Manufacturing,26,25,1,24,1,0,1
S01010161,F. Construction,34,26,0,26,8,0,8
S01010161,G I. Distribution hotels and restaurants,70,66,33,33,4,2,2
S01010161,H J. Transport and communication,26,19,4,15,7,1,6
S01010161,K L M N. Financial real estate professional and administrative activities,48,43,12,31,5,2,3
S01010161,O P Q. Public administration education and health,79,79,27,52,0,0,0
S01010161,R S T U. Other,8,6,5,1,2,1,1
S01010162,All people aged 16 to 74 in employment,218,205,91,114,13,5,8
S01010162,A B D E. Agriculture energy and water,3,3,0,3,0,0,0
S01010162,C. Manufacturing,16,16,1,15,0,0,0
S01010162,F. Construction,14,9,1,8,5,0,5
S01010162,G I. Distribution hotels and restaurants,64,63,36,27,1,1,0
S01010162,H J. Transport and communication,16,11,5,6,5,4,1
S01010162,K L M N. Financial real estate professional and administrative activities,29,29,12,17,0,0,0
S01010162,O P Q. Public administration education and health,61,61,32,29,0,0,0
S01010162,R S T U. Other,15,13,4,9,2,0,2
S01010163,All people aged 16 to 74 in employment,189,176,58,118,13,6,7
S01010163,A B D E. Agriculture energy and water,7,7,2,5,0,0,0
S01010163,C. Manufacturing,9,8,0,8,1,1,0
S01010163,F. Construction,22,19,0,19,3,0,3
S01010163,G I. Distribution hotels and restaurants,55,53,27,26,2,1,1
S01010163,H J. Transport and communication,11,10,2,8,1,0,1
S01010163,K L M N. Financial real estate professional and administrative activities,30,26,7,19,4,3,1
S01010163,O P Q. Public administration education and health,46,44,15,29,2,1,1
S01010163,R S T U. Other,9,9,5,4,0,0,0
S01010164,All people aged 16 to 74 in employment,266,242,65,177,24,8,16
S01010164,A B D E. Agriculture energy and water,5,5,1,4,0,0,0
S01010164,C. Manufacturing,18,18,1,17,0,0,0
S01010164,F. Construction,26,18,1,17,8,0,8
S01010164,G I. Distribution hotels and restaurants,58,58,22,36,0,0,0
S01010164,H J. Transport and communication,30,20,4,16,10,4,6
S01010164,K L M N. Financial real estate professional and administrative activities,34,32,8,24,2,2,0
S01010164,O P Q. Public administration education and health,77,76,22,54,1,1,0
S01010164,R S T U. Other,18,15,6,9,3,1,2
S01010165,All people aged 16 to 74 in employment,201,194,73,121,7,1,6
S01010165,A B D E. Agriculture energy and water,2,2,1,1,0,0,0
S01010165,C. Manufacturing,12,12,2,10,0,0,0
S01010165,F. Construction,17,15,0,15,2,0,2
S01010165,G I. Distribution hotels and restaurants,51,51,31,20,0,0,0
S01010165,H J. Transport and communication,14,12,1,11,2,0,2
S01010165,K L M N. Financial real estate professional and administrative activities,38,36,16,20,2,1,1
S01010165,O P Q. Public administration education and health,55,55,18,37,0,0,0
S01010165,R S T U. Other,12,11,4,7,1,0,1
S01010166,All people aged 16 to 74 in employment,272,254,80,174,18,1,17
S01010166,A B D E. Agriculture energy and water,3,3,0,3,0,0,0
S01010166,C. Manufacturing,32,31,2,29,1,0,1
S01010166,F. Construction,28,18,1,17,10,0,10
S01010166,G I. Distribution hotels and restaurants,61,59,22,37,2,1,1
S01010166,H J. Transport and communication,25,22,8,14,3,0,3
S01010166,K L M N. Financial real estate professional and administrative activities,34,33,10,23,1,0,1
S01010166,O P Q. Public administration education and health,73,73,30,43,0,0,0
S01010166,R S T U. Other,16,15,7,8,1,0,1
S01010167,All people aged 16 to 74 in employment,247,231,70,161,16,4,12
S01010167,A B D E. Agriculture energy and water,6,6,0,6,0,0,0
S01010167,C. Manufacturing,18,17,4,13,1,0,1
S01010167,F. Construction,22,16,0,16,6,0,6
S01010167,G I. Distribution hotels and restaurants,58,57,22,35,1,0,1
S01010167,H J. Transport and communication,30,26,3,23,4,1,3
S01010167,K L M N. Financial real estate professional and administrative activities,31,28,9,19,3,2,1
S01010167,O P Q. Public administration education and health,78,77,31,46,1,1,0
S01010167,R S T U. Other,4,4,1,3,0,0,0
S01010168,All people aged 16 to 74 in employment,220,200,57,143,20,4,16
S01010168,A B D E. Agriculture energy and water,2,2,0,2,0,0,0
S01010168,C. Manufacturing,14,12,0,12,2,1,1
S01010168,F. Construction,29,21,0,21,8,1,7
S01010168,G I. Distribution hotels and restaurants,55,54,30,24,1,1,0
S01010168,H J. Transport and communication,20,12,4,8,8,1,7
S01010168,K L M N. Financial real estate professional and administrative activities,33,33,4,29,0,0,0
S01010168,O P Q. Public administration education and health,56,56,15,41,0,0,0
S01010168,R S T U. Other,11,10,4,6,1,0,1
S01010169,All people aged 16 to 74 in employment,341,313,100,213,28,6,22
S01010169,A B D E. Agriculture energy and water,2,2,0,2,0,0,0
S01010169,C. Manufacturing,24,23,1,22,1,0,1
S01010169,F. Construction,37,26,3,23,11,1,10
S01010169,G I. Distribution hotels and restaurants,102,98,50,48,4,0,4
S01010169,H J. Transport and communication,20,13,2,11,7,2,5
S01010169,K L M N. Financial real estate professional and administrative activities,40,38,15,23,2,1,1
S01010169,O P Q. Public administration education and health,99,98,25,73,1,1,0
S01010169,R S T U. Other,17,15,4,11,2,1,1
S01010170,All people aged 16 to 74 in employment,217,200,65,135,17,2,15
S01010170,A B D E. Agriculture energy and water,4,4,0,4,0,0,0
S01010170,C. Manufacturing,21,19,1,18,2,0,2
S01010170,F. Construction,29,20,3,17,9,0,9
S01010170,G I. Distribution hotels and restaurants,52,50,27,23,2,0,2
S01010170,H J. Transport and communication,18,16,2,14,2,1,1
S01010170,K L M N. Financial real estate professional and administrative activities,29,28,7,21,1,0,1
S01010170,O P Q. Public administration education and health,56,55,22,33,1,1,0
S01010170,R S T U. Other,8,8,3,5,0,0,0
S01010171,All people aged 16 to 74 in employment,289,277,99,178,12,2,10
S01010171,A B D E. Agriculture energy and water,5,4,0,4,1,0,1
S01010171,C. Manufacturing,22,21,5,16,1,1,0
S01010171,F. Construction,34,31,0,31,3,0,3
S01010171,G I. Distribution hotels and restaurants,89,88,48,40,1,0,1
S01010171,H J. Transport and communication,20,16,3,13,4,0,4
S01010171,K L M N. Financial real estate professional and administrative activities,31,29,9,20,2,1,1
S01010171,O P Q. Public administration education and health,79,79,27,52,0,0,0
S01010171,R S T U. Other,9,9,7,2,0,0,0
S01010172,All people aged 16 to 74 in employment,235,215,42,173,20,7,13
S01010172,A B D E. Agriculture energy and water,5,5,1,4,0,0,0
S01010172,C. Manufacturing,15,15,1,14,0,0,0
S01010172,F. Construction,15,11,1,10,4,0,4
S01010172,G I. Distribution hotels and restaurants,46,42,14,28,4,2,2
S01010172,H J. Transport and communication,22,16,1,15,6,1,5
S01010172,K L M N. Financial real estate professional and administrative activities,40,37,5,32,3,3,0
S01010172,O P Q. Public administration education and health,83,83,18,65,0,0,0
S01010172,R S T U. Other,9,6,1,5,3,1,2
S01010173,All people aged 16 to 74 in employment,301,274,84,190,27,5,22
S01010173,A B D E. Agriculture energy and water,4,4,0,4,0,0,0
S01010173,C. Manufacturing,17,15,3,12,2,0,2
S01010173,F. Construction,31,24,0,24,7,1,6
S01010173,G I. Distribution hotels and restaurants,90,81,35,46,9,1,8
S01010173,H J. Transport and communication,24,21,3,18,3,0,3
S01010173,K L M N. Financial real estate professional and administrative activities,27,25,10,15,2,1,1
S01010173,O P Q. Public administration education and health,91,90,27,63,1,1,0
S01010173,R S T U. Other,17,14,6,8,3,1,2
S01010174,All people aged 16 to 74 in employment,326,297,93,204,29,6,23
S01010174,A B D E. Agriculture energy and water,9,8,1,7,1,0,1
S01010174,C. Manufacturing,23,23,1,22,0,0,0
S01010174,F. Construction,36,29,4,25,7,0,7
S01010174,G I. Distribution hotels and restaurants,84,78,32,46,6,2,4
S01010174,H J. Transport and communication,26,22,1,21,4,0,4
S01010174,K L M N. Financial real estate professional and administrative activities,43,39,12,27,4,2,2
S01010174,O P Q. Public administration education and health,90,88,37,51,2,2,0
S01010174,R S T U. Other,15,10,5,5,5,0,5
S01010175,All people aged 16 to 74 in employment,186,172,53,119,14,2,12
S01010175,A B D E. Agriculture energy and water,1,1,0,1,0,0,0
S01010175,C. Manufacturing,15,14,2,12,1,0,1
S01010175,F. Construction,21,16,0,16,5,1,4
S01010175,G I. Distribution hotels and restaurants,39,38,18,20,1,0,1
S01010175,H J. Transport and communication,18,15,2,13,3,1,2
S01010175,K L M N. Financial real estate professional and administrative activities,32,30,12,18,2,0,2
S01010175,O P Q. Public administration education and health,54,53,17,36,1,0,1
S01010175,R S T U. Other,6,5,2,3,1,0,1
S01010176,All people aged 16 to 74 in employment,250,230,68,162,20,7,13
S01010176,A B D E. Agriculture energy and water,6,6,0,6,0,0,0
S01010176,C. Manufacturing,12,12,0,12,0,0,0
S01010176,F. Construction,29,20,0,20,9,2,7
S01010176,G I. Distribution hotels and restaurants,47,45,24,21,2,1,1
S01010176,H J. Transport and communication,31,30,7,23,1,0,1
S01010176,K L M N. Financial real estate professional and administrative activities,34,30,7,23,4,2,2
S01010176,O P Q. Public administration education and health,84,82,27,55,2,1,1
S01010176,R S T U. Other,7,5,3,2,2,1,1
S01010177,All people aged 16 to 74 in employment,228,212,82,130,16,5,11
S01010177,A B D E. Agriculture energy and water,2,2,0,2,0,0,0
S01010177,C. Manufacturing,20,20,1,19,0,0,0
S01010177,F. Construction,19,17,2,15,2,0,2
S01010177,G I. Distribution hotels and restaurants,65,61,37,24,4,2,2
S01010177,H J. Transport and communication,14,7,2,5,7,1,6
S01010177,K L M N. Financial real estate professional and administrative activities,38,36,14,22,2,1,1
S01010177,O P Q. Public administration education and health,59,59,22,37,0,0,0
S01010177,R S T U. Other,11,10,4,6,1,1,0
S01010178,All people aged 16 to 74 in employment,317,302,129,173,15,5,10
S01010178,A B D E. Agriculture energy and water,5,5,0,5,0,0,0
S01010178,C. Manufacturing,16,16,2,14,0,0,0
S01010178,F. Construction,28,23,2,21,5,2,3
S01010178,G I. Distribution hotels and restaurants,93,90,54,36,3,0,3
S01010178,H J. Transport and communication,19,13,5,8,6,2,4
S01010178,K L M N. Financial real estate professional and administrative activities,50,50,23,27,0,0,0
S01010178,O P Q. Public administration education and health,81,81,32,49,0,0,0
S01010178,R S T U. Other,25,24,11,13,1,1,0
S01010179,All people aged 16 to 74 in employment,286,275,87,188,11,3,8
S01010179,A B D E. Agriculture energy and water,8,8,0,8,0,0,0
S01010179,C. Manufacturing,17,17,4,13,0,0,0
S01010179,F. Construction,24,22,0,22,2,0,2
S01010179,G I. Distribution hotels and restaurants,79,76,29,47,3,2,1
S01010179,H J. Transport and communication,26,23,6,17,3,0,3
S01010179,K L M N. Financial real estate professional and administrative activities,36,34,14,20,2,1,1
S01010179,O P Q. Public administration education and health,78,78,29,49,0,0,0
S01010179,R S T U. Other,18,17,5,12,1,0,1
S01010180,All people aged 16 to 74 in employment,256,232,64,168,24,6,18
S01010180,A B D E. Agriculture energy and water,2,2,0,2,0,0,0
S01010180,C. Manufacturing,25,25,2,23,0,0,0
S01010180,F. Construction,18,11,0,11,7,0,7
S01010180,G I. Distribution hotels and restaurants,62,60,25,35,2,1,1
S01010180,H J. Transport and communication,22,17,3,14,5,2,3
S01010180,K L M N. Financial real estate professional and administrative activities,33,33,6,27,0,0,0
S01010180,O P Q. Public administration education and health,77,74,24,50,3,1,2
S01010180,R S T U. Other,17,10,4,6,7,2,5
S01010181,All people aged 16 to 74 in employment,193,174,54,120,19,6,13
S01010181,A B D E. Agriculture energy and water,0,0,0,0,0,0,0
S01010181,C. Manufacturing,8,8,1,7,0,0,0
S01010181,F. Construction,24,19,0,19,5,0,5
S01010181,G I. Distribution hotels and restaurants,40,39,16,23,1,1,0
S01010181,H J. Transport and communication,20,12,4,8,8,2,6
S01010181,K L M N. Financial real estate professional and administrative activities,28,27,9,18,1,1,0
S01010181,O P Q. Public administration education and health,64,61,21,40,3,1,2
S01010181,R S T U. Other,9,8,3,5,1,1,0
S01010182,All people aged 16 to 74 in employment,385,342,88,254,43,9,34
S01010182,A B D E. Agriculture energy and water,10,10,1,9,0,0,0
S01010182,C. Manufacturing,20,18,1,17,2,1,1
S01010182,F. Construction,32,26,1,25,6,0,6
S01010182,G I. Distribution hotels and restaurants,90,78,32,46,12,1,11
S01010182,H J. Transport and communication,46,31,2,29,15,5,10
S01010182,K L M N. Financial real estate professional and administrative activities,55,54,15,39,1,0,1
S01010182,O P Q. Public administration education and health,122,118,33,85,4,2,2
S01010182,R S T U. Other,10,7,3,4,3,0,3
S01010183,All people aged 16 to 74 in employment,152,144,46,98,8,2,6
S01010183,A B D E. Agriculture energy and water,2,2,1,1,0,0,0
S01010183,C. Manufacturing,9,9,1,8,0,0,0
S01010183,F. Construction,14,14,0,14,0,0,0
S01010183,G I. Distribution hotels and restaurants,34,31,14,17,3,0,3
S01010183,H J. Transport and communication,9,8,0,8,1,0,1
S01010183,K L M N. Financial real estate professional and administrative activities,22,22,8,14,0,0,0
S01010183,O P Q. Public administration education and health,55,53,21,32,2,0,2
S01010183,R S T U. Other,7,5,1,4,2,2,0
S01010184,All people aged 16 to 74 in employment,222,211,78,133,11,3,8
S01010184,A B D E. Agriculture energy and water,6,6,0,6,0,0,0
S01010184,C. Manufacturing,10,9,1,8,1,1,0
S01010184,F. Construction,24,20,1,19,4,0,4
S01010184,G I. Distribution hotels and restaurants,56,56,29,27,0,0,0
S01010184,H J. Transport and communication,16,15,2,13,1,1,0
S01010184,K L M N. Financial real estate professional and administrative activities,33,31,9,22,2,1,1
S01010184,O P Q. Public administration education and health,67,67,31,36,0,0,0
S01010184,R S T U. Other,10,7,5,2,3,0,3
S01010185,All people aged 16 to 74 in employment,217,202,83,119,15,5,10
S01010185,A B D E. Agriculture energy and water,1,1,1,0,0,0,0
S01010185,C. Manufacturing,9,9,1,8,0,0,0
S01010185,F. Construction,26,21,0,21,5,0,5
S01010185,G I. Distribution hotels and restaurants,58,58,39,19,0,0,0
S01010185,H J. Transport and communication,19,15,3,12,4,2,2
S01010185,K L M N. Financial real estate professional and administrative activities,32,29,10,19,3,2,1
S01010185,O P Q. Public administration education and health,61,61,23,38,0,0,0
S01010185,R S T U. Other,11,8,6,2,3,1,2
S01010186,All people aged 16 to 74 in employment,343,308,84,224,35,3,32
S01010186,A B D E. Agriculture energy and water,2,2,0,2,0,0,0
S01010186,C. Manufacturing,20,20,1,19,0,0,0
S01010186,F. Construction,32,28,2,26,4,0,4
S01010186,G I. Distribution hotels and restaurants,98,88,41,47,10,1,9
S01010186,H J. Transport and communication,32,18,2,16,14,2,12
S01010186,K L M N. Financial real estate professional and administrative activities,56,51,9,42,5,0,5
S01010186,O P Q. Public administration education and health,94,94,27,67,0,0,0
S01010186,R S T U. Other,9,7,2,5,2,0,2
S01010187,All people aged 16 to 74 in employment,388,357,83,274,31,5,26
S01010187,A B D E. Agriculture energy and water,9,8,1,7,1,0,1
S01010187,C. Manufacturing,33,32,2,30,1,0,1
S01010187,F. Construction,47,39,4,35,8,0,8
S01010187,G I. Distribution hotels and restaurants,73,70,31,39,3,1,2
S01010187,H J. Transport and communication,38,32,1,31,6,1,5
S01010187,K L M N. Financial real estate professional and administrative activities,48,44,7,37,4,1,3
S01010187,O P Q. Public administration education and health,126,122,35,87,4,2,2
S01010187,R S T U. Other,14,10,2,8,4,0,4
S01010188,All people aged 16 to 74 in employment,401,351,80,271,50,6,44
S01010188,A B D E. Agriculture energy and water,11,10,0,10,1,0,1
S01010188,C. Manufacturing,18,16,1,15,2,0,2
S01010188,F. Construction,36,22,5,17,14,2,12
S01010188,G I. Distribution hotels and restaurants,81,70,35,35,11,1,10
S01010188,H J. Transport and communication,48,37,1,36,11,0,11
S01010188,K L M N. Financial real estate professional and administrative activities,64,60,6,54,4,1,3
S01010188,O P Q. Public administration education and health,128,124,30,94,4,1,3
S01010188,R S T U. Other,15,12,2,10,3,1,2
S01010189,All people aged 16 to 74 in employment,582,518,126,392,64,13,51
S01010189,A B D E. Agriculture energy and water,14,14,2,12,0,0,0
S01010189,C. Manufacturing,40,37,3,34,3,0,3
S01010189,F. Construction,69,55,0,55,14,1,13
S01010189,G I. Distribution hotels and restaurants,109,102,45,57,7,2,5
S01010189,H J. Transport and communication,50,33,3,30,17,3,14
S01010189,K L M N. Financial real estate professional and administrative activities,99,91,23,68,8,1,7
S01010189,O P Q. Public administration education and health,178,169,45,124,9,3,6
S01010189,R S T U. Other,23,17,5,12,6,3,3
S01010190,All people aged 16 to 74 in employment,449,379,99,280,70,12,58
S01010190,A B D E. Agriculture energy and water,8,7,0,7,1,1,0
S01010190,C. Manufacturing,25,24,3,21,1,0,1
S01010190,F. Construction,25,21,0,21,4,1,3
S01010190,G I. Distribution hotels and restaurants,131,99,41,58,32,3,29
S01010190,H J. Transport and communication,35,22,1,21,13,2,11
S01010190,K L M N. Financial real estate professional and administrative activities,74,67,14,53,7,1,6
S01010190,O P Q. Public administration education and health,130,125,37,88,5,2,3
S01010190,R S T U. Other,21,14,3,11,7,2,5
S01010191,All people aged 16 to 74 in employment,395,342,80,262,53,10,43
S01010191,A B D E. Agriculture energy and water,5,5,0,5,0,0,0
S01010191,C. Manufacturing,17,15,1,14,2,2,0
S01010191,F. Construction,36,29,3,26,7,1,6
S01010191,G I. Distribution hotels and restaurants,76,69,31,38,7,1,6
S01010191,H J. Transport and communication,48,30,3,27,18,1,17
S01010191,K L M N. Financial real estate professional and administrative activities,72,67,13,54,5,2,3
S01010191,O P Q. Public administration education and health,117,110,26,84,7,2,5
S01010191,R S T U. Other,24,17,3,14,7,1,6
S01010192,All people aged 16 to 74 in employment,480,436,112,324,44,4,40
S01010192,A B D E. Agriculture energy and water,6,6,0,6,0,0,0
S01010192,C. Manufacturing,36,36,4,32,0,0,0
S01010192,F. Construction,40,32,2,30,8,0,8
S01010192,G I. Distribution hotels and restaurants,123,109,45,64,14,2,12
S01010192,H J. Transport and communication,47,36,8,28,11,1,10
S01010192,K L M N. Financial real estate professional and administrative activities,74,69,15,54,5,0,5
S01010192,O P Q. Public administration education and health,137,135,31,104,2,0,2
S01010192,R S T U. Other,17,13,7,6,4,1,3
S01010193,All people aged 16 to 74 in employment,406,351,90,261,55,10,45
S01010193,A B D E. Agriculture energy and water,4,4,0,4,0,0,0
S01010193,C. Manufacturing,27,24,1,23,3,0,3
S01010193,F. Construction,36,26,0,26,10,1,9
S01010193,G I. Distribution hotels and restaurants,97,89,42,47,8,3,5
S01010193,H J. Transport and communication,45,25,3,22,20,2,18
S01010193,K L M N. Financial real estate professional and administrative activities,44,44,12,32,0,0,0
S01010193,O P Q. Public administration education and health,135,128,28,100,7,1,6
S01010193,R S T U. Other,18,11,4,7,7,3,4
S01010194,All people aged 16 to 74 in employment,243,225,78,147,18,3,15
S01010194,A B D E. Agriculture energy and water,3,3,0,3,0,0,0
S01010194,C. Manufacturing,18,17,0,17,1,0,1
S01010194,F. Construction,25,23,2,21,2,0,2
S01010194,G I. Distribution hotels and restaurants,52,49,29,20,3,0,3
S01010194,H J. Transport and communication,18,12,7,5,6,1,5
S01010194,K L M N. Financial real estate professional and administrative activities,28,26,7,19,2,1,1
S01010194,O P Q. Public administration education and health,80,79,23,56,1,0,1
S01010194,R S T U. Other,19,16,10,6,3,1,2
S01010195,All people aged 16 to 74 in employment,208,190,52,138,18,6,12
S01010195,A B D E. Agriculture energy and water,5,5,0,5,0,0,0
S01010195,C. Manufacturing,10,10,2,8,0,0,0
S01010195,F. Construction,23,17,1,16,6,2,4
S01010195,G I. Distribution hotels and restaurants,52,52,24,28,0,0,0
S01010195,H J. Transport and communication,21,13,0,13,8,3,5
S01010195,K L M N. Financial real estate professional and administrative activities,21,21,6,15,0,0,0
S01010195,O P Q. Public administration education and health,67,67,16,51,0,0,0
S01010195,R S T U. Other,9,5,3,2,4,1,3
S01010196,All people aged 16 to 74 in employment,251,242,69,173,9,4,5
S01010196,A B D E. Agriculture energy and water,3,3,0,3,0,0,0
S01010196,C. Manufacturing,14,14,3,11,0,0,0
S01010196,F. Construction,22,20,0,20,2,0,2
S01010196,G I. Distribution hotels and restaurants,56,56,25,31,0,0,0
S01010196,H J. Transport and communication,26,23,5,18,3,1,2
S01010196,K L M N. Financial real estate professional and administrative activities,39,38,11,27,1,1,0
S01010196,O P Q. Public administration education and health,81,79,22,57,2,2,0
S01010196,R S T U. Other,10,9,3,6,1,0,1
S01010197,All people aged 16 to 74 in employment,264,254,96,158,10,2,8
S01010197,A B D E. Agriculture energy and water,4,4,0,4,0,0,0
S01010197,C. Manufacturing,11,11,1,10,0,0,0
S01010197,F. Construction,22,19,0,19,3,0,3
S01010197,G I. Distribution hotels and restaurants,80,79,43,36,1,1,0
S01010197,H J. Transport and communication,23,19,3,16,4,0,4
S01010197,K L M N. Financial real estate professional and administrative activities,35,34,7,27,1,0,1
S01010197,O P Q. Public administration education and health,78,77,39,38,1,1,0
S01010197,R S T U. Other,11,11,3,8,0,0,0
S01010198,All people aged 16 to 74 in employment,341,313,104,209,28,5,23
S01010198,A B D E. Agriculture energy and water,6,5,0,5,1,0,1
S01010198,C. Manufacturing,18,17,2,15,1,0,1
S01010198,F. Construction,29,22,2,20,7,0,7
S01010198,G I. Distribution hotels and restaurants,96,91,44,47,5,1,4
S01010198,H J. Transport and communication,31,26,5,21,5,2,3
S01010198,K L M N. Financial real estate professional and administrative activities,46,43,11,32,3,0,3
S01010198,O P Q. Public administration education and health,92,90,32,58,2,1,1
S01010198,R S T U. Other,23,19,8,11,4,1,3
S01010199,All people aged 16 to 74 in employment,182,175,73,102,7,1,6
S01010199,A B D E. Agriculture energy and water,1,1,0,1,0,0,0
S01010199,C. Manufacturing,8,8,0,8,0,0,0
S01010199,F. Construction,17,16,2,14,1,0,1
S01010199,G I. Distribution hotels and restaurants,46,46,24,22,0,0,0
S01010199,H J. Transport and communication,10,8,3,5,2,0,2
S01010199,K L M N. Financial real estate professional and administrative activities,28,26,11,15,2,1,1
S01010199,O P Q. Public administration education and health,61,60,30,30,1,0,1
S01010199,R S T U. Other,11,10,3,7,1,0,1
S01010200,All people aged 16 to 74 in employment,259,239,64,175,20,2,18
S01010200,A B D E. Agriculture energy and water,3,3,0,3,0,0,0
S01010200,C. Manufacturing,17,15,0,15,2,0,2
S01010200,F. Construction,39,34,2,32,5,0,5
S01010200,G I. Distribution hotels and restaurants,51,46,21,25,5,0,5
S01010200,H J. Transport and communication,20,17,7,10,3,0,3
S01010200,K L M N. Financial real estate professional and administrative activities,42,41,6,35,1,1,0
S01010200,O P Q. Public administration education and health,77,75,26,49,2,0,2
S01010200,R S T U. Other,10,8,2,6,2,1,1
S01010201,All people aged 16 to 74 in employment,290,269,79,190,21,7,14
S01010201,A B D E. Agriculture energy and water,11,11,1,10,0,0,0
S01010201,C. Manufacturing,14,14,0,14,0,0,0
S01010201,F. Construction,38,32,2,30,6,1,5
S01010201,G I. Distribution hotels and restaurants,61,57,22,35,4,2,2
S01010201,H J. Transport and communication,33,27,2,25,6,2,4
S01010201,K L M N. Financial real estate professional and administrative activities,33,31,11,20,2,1,1
S01010201,O P Q. Public administration education and health,89,89,37,52,0,0,0
S01010201,R S T U. Other,11,8,4,4,3,1,2
S01010202,All people aged 16 to 74 in employment,201,189,71,118,12,4,8
S01010202,A B D E. Agriculture energy and water,4,4,0,4,0,0,0
S01010202,C. Manufacturing,10,10,0,10,0,0,0
S01010202,F. Construction,9,8,1,7,1,0,1
S01010202,G I. Distribution hotels and restaurants,65,62,32,30,3,0,3
S01010202,H J. Transport and communication,20,18,6,12,2,0,2
S01010202,K L M N. Financial real estate professional and administrative activities,30,28,11,17,2,2,0
S01010202,O P Q. Public administration education and health,53,50,18,32,3,2,1
S01010202,R S T U. Other,10,9,3,6,1,0,1
S01010203,All people aged 16 to 74 in employment,370,338,72,266,32,6,26
S01010203,A B D E. Agriculture energy and water,8,8,0,8,0,0,0
S01010203,C. Manufacturing,24,22,1,21,2,0,2
S01010203,F. Construction,38,31,0,31,7,0,7
S01010203,G I. Distribution hotels and restaurants,88,79,29,50,9,2,7
S01010203,H J. Transport and communication,39,33,4,29,6,1,5
S01010203,K L M N. Financial real estate professional and administrative activities,52,50,7,43,2,0,2
S01010203,O P Q. Public administration education and health,107,106,28,78,1,0,1
S01010203,R S T U. Other,14,9,3,6,5,3,2
S01010204,All people aged 16 to 74 in employment,253,245,94,151,8,3,5
S01010204,A B D E. Agriculture energy and water,4,4,0,4,0,0,0
S01010204,C. Manufacturing,9,9,0,9,0,0,0
S01010204,F. Construction,15,13,1,12,2,1,1
S01010204,G I. Distribution hotels and restaurants,69,68,41,27,1,1,0
S01010204,H J. Transport and communication,24,21,7,14,3,0,3
S01010204,K L M N. Financial real estate professional and administrative activities,38,36,12,24,2,1,1
S01010204,O P Q. Public administration education and health,85,85,26,59,0,0,0
S01010204,R S T U. Other,9,9,7,2,0,0,0
S01010205,All people aged 16 to 74 in employment,287,266,69,197,21,6,15
S01010205,A B D E. Agriculture energy and water,3,3,0,3,0,0,0
S01010205,C. Manufacturing,18,18,1,17,0,0,0
S01010205,F. Construction,22,18,0,18,4,1,3
S01010205,G I. Distribution hotels and restaurants,64,61,22,39,3,1,2
S01010205,H J. Transport and communication,17,12,5,7,5,0,5
S01010205,K L M N. Financial real estate professional and administrative activities,45,39,11,28,6,2,4
S01010205,O P Q. Public administration education and health,101,101,24,77,0,0,0
S01010205,R S T U. Other,17,14,6,8,3,2,1
S01010206,All people aged 16 to 74 in employment,43,40,9,31,3,0,3
S01010206,A B D E. Agriculture energy and water,1,1,0,1,0,0,0
S01010206,C. Manufacturing,1,1,0,1,0,0,0
S01010206,F. Construction,2,2,0,2,0,0,0
S01010206,G I. Distribution hotels and restaurants,18,17,5,12,1,0,1
S01010206,H J. Transport and communication,5,4,0,4,1,0,1
S01010206,K L M N. Financial real estate professional and administrative activities,11,10,3,7,1,0,1
S01010206,O P Q. Public administration education and health,5,5,1,4,0,0,0
S01010206,R S T U. Other,0,0,0,0,0,0,0
S01010207,All people aged 16 to 74 in employment,134,122,61,61,12,2,10
S01010207,A B D E. Agriculture energy and water,2,2,0,2,0,0,0
S01010207,C. Manufacturing,2,2,1,1,0,0,0
S01010207,F. Construction,8,7,1,6,1,0,1
S01010207,G I. Distribution hotels and restaurants,50,47,30,17,3,0,3
S01010207,H J. Transport and communication,16,12,4,8,4,1,3
S01010207,K L M N. Financial real estate professional and administrative activities,12,12,4,8,0,0,0
S01010207,O P Q. Public administration education and health,40,37,19,18,3,1,2
S01010207,R S T U. Other,4,3,2,1,1,0,1
S01010208,All people aged 16 to 74 in employment,471,438,88,350,33,6,27
S01010208,A B D E. Agriculture energy and water,10,7,1,6,3,0,3
S01010208,C. Manufacturing,25,23,0,23,2,0,2
S01010208,F. Construction,26,19,0,19,7,0,7
S01010208,G I. Distribution hotels and restaurants,98,92,28,64,6,2,4
S01010208,H J. Transport and communication,55,48,12,36,7,1,6
S01010208,K L M N. Financial real estate professional and administrative activities,106,103,16,87,3,0,3
S01010208,O P Q. Public administration education and health,131,129,26,103,2,1,1
S01010208,R S T U. Other,20,17,5,12,3,2,1
S01010209,All people aged 16 to 74 in employment,357,333,91,242,24,3,21
S01010209,A B D E. Agriculture energy and water,6,3,0,3,3,0,3
S01010209,C. Manufacturing,29,26,5,21,3,1,2
S01010209,F. Construction,21,18,2,16,3,0,3
S01010209,G I. Distribution hotels and restaurants,85,81,30,51,4,0,4
S01010209,H J. Transport and communication,32,27,4,23,5,0,5
S01010209,K L M N. Financial real estate professional and administrative activities,55,51,12,39,4,0,4
S01010209,O P Q. Public administration education and health,114,112,32,80,2,2,0
S01010209,R S T U. Other,15,15,6,9,0,0,0
S01010210,All people aged 16 to 74 in employment,349,326,90,236,23,4,19
S01010210,A B D E. Agriculture energy and water,7,7,0,7,0,0,0
S01010210,C. Manufacturing,20,20,0,20,0,0,0
S01010210,F. Construction,30,23,1,22,7,1,6
S01010210,G I. Distribution hotels and restaurants,74,71,35,36,3,0,3
S01010210,H J. Transport and communication,29,24,5,19,5,1,4
S01010210,K L M N. Financial real estate professional and administrative activities,37,35,7,28,2,0,2
S01010210,O P Q. Public administration education and health,131,129,35,94,2,1,1
S01010210,R S T U. Other,21,17,7,10,4,1,3
S01010211,All people aged 16 to 74 in employment,262,251,78,173,11,1,10
S01010211,A B D E. Agriculture energy and water,6,6,0,6,0,0,0
S01010211,C. Manufacturing,13,13,2,11,0,0,0
S01010211,F. Construction,21,18,1,17,3,0,3
S01010211,G I. Distribution hotels and restaurants,64,64,31,33,0,0,0
S01010211,H J. Transport and communication,29,25,5,20,4,0,4
S01010211,K L M N. Financial real estate professional and administrative activities,32,31,6,25,1,0,1
S01010211,O P Q. Public administration education and health,87,87,29,58,0,0,0
S01010211,R S T U. Other,10,7,4,3,3,1,2
S01010212,All people aged 16 to 74 in employment,342,327,113,214,15,5,10
S01010212,A B D E. Agriculture energy and water,5,5,0,5,0,0,0
S01010212,C. Manufacturing,22,22,2,20,0,0,0
S01010212,F. Construction,23,21,2,19,2,0,2
S01010212,G I. Distribution hotels and restaurants,92,88,46,42,4,4,0
S01010212,H J. Transport and communication,30,27,4,23,3,1,2
S01010212,K L M N. Financial real estate professional and administrative activities,51,49,12,37,2,0,2
S01010212,O P Q. Public administration education and health,105,105,43,62,0,0,0
S01010212,R S T U. Other,14,10,4,6,4,0,4
S01010213,All people aged 16 to 74 in employment,353,340,72,268,13,3,10
S01010213,A B D E. Agriculture energy and water,6,6,0,6,0,0,0
S01010213,C. Manufacturing,24,22,1,21,2,0,2
S01010213,F. Construction,20,19,1,18,1,0,1
S01010213,G I. Distribution hotels and restaurants,87,86,35,51,1,0,1
S01010213,H J. Transport and communication,49,45,4,41,4,1,3
S01010213,K L M N. Financial real estate professional and administrative activities,53,51,8,43,2,1,1
S01010213,O P Q. Public administration education and health,101,98,20,78,3,1,2
S01010213,R S T U. Other,13,13,3,10,0,0,0
S01010214,All people aged 16 to 74 in employment,440,412,136,276,28,3,25
S01010214,A B D E. Agriculture energy and water,10,10,1,9,0,0,0
S01010214,C. Manufacturing,23,23,1,22,0,0,0
S01010214,F. Construction,43,36,3,33,7,0,7
S01010214,G I. Distribution hotels and restaurants,110,105,54,51,5,1,4
S01010214,H J. Transport and communication,45,39,3,36,6,0,6
S01010214,K L M N. Financial real estate professional and administrative activities,62,56,16,40,6,1,5
S01010214,O P Q. Public administration education and health,125,124,52,72,1,0,1
S01010214,R S T U. Other,22,19,6,13,3,1,2
S01010215,All people aged 16 to 74 in employment,247,236,81,155,11,2,9
S01010215,A B D E. Agriculture energy and water,5,5,1,4,0,0,0
S01010215,C. Manufacturing,9,9,2,7,0,0,0
S01010215,F. Construction,26,25,3,22,1,0,1
S01010215,G I. Distribution hotels and restaurants,59,56,27,29,3,1,2
S01010215,H J. Transport and communication,30,26,8,18,4,0,4
S01010215,K L M N. Financial real estate professional and administrative activities,33,33,16,17,0,0,0
S01010215,O P Q. Public administration education and health,75,74,22,52,1,1,0
S01010215,R S T U. Other,10,8,2,6,2,0,2
S01010216,All people aged 16 to 74 in employment,215,196,64,132,19,9,10
S01010216,A B D E. Agriculture energy and water,4,3,0,3,1,1,0
S01010216,C. Manufacturing,8,8,2,6,0,0,0
S01010216,F. Construction,14,10,0,10,4,2,2
S01010216,G I. Distribution hotels and restaurants,45,42,21,21,3,3,0
S01010216,H J. Transport and communication,13,11,3,8,2,1,1
S01010216,K L M N. Financial real estate professional and administrative activities,37,35,12,23,2,1,1
S01010216,O P Q. Public administration education and health,75,75,22,53,0,0,0
S01010216,R S T U. Other,19,12,4,8,7,1,6
S01010217,All people aged 16 to 74 in employment,279,267,75,192,12,1,11
S01010217,A B D E. Agriculture energy and water,8,8,0,8,0,0,0
S01010217,C. Manufacturing,12,12,1,11,0,0,0
S01010217,F. Construction,23,19,1,18,4,0,4
S01010217,G I. Distribution hotels and restaurants,69,69,35,34,0,0,0
S01010217,H J. Transport and communication,21,19,6,13,2,0,2
S01010217,K L M N. Financial real estate professional and administrative activities,51,50,12,38,1,0,1
S01010217,O P Q. Public administration education and health,79,78,17,61,1,1,0
S01010217,R S T U. Other,16,12,3,9,4,0,4
S01010218,All people aged 16 to 74 in employment,452,418,93,325,34,10,24
S01010218,A B D E. Agriculture energy and water,11,11,0,11,0,0,0
S01010218,C. Manufacturing,31,31,2,29,0,0,0
S01010218,F. Construction,24,21,0,21,3,0,3
S01010218,G I. Distribution hotels and restaurants,94,89,29,60,5,2,3
S01010218,H J. Transport and communication,51,36,6,30,15,1,14
S01010218,K L M N. Financial real estate professional and administrative activities,86,84,17,67,2,2,0
S01010218,O P Q. Public administration education and health,130,126,32,94,4,3,1
S01010218,R S T U. Other,25,20,7,13,5,2,3
S01010219,All people aged 16 to 74 in employment,172,164,80,84,8,1,7
S01010219,A B D E. Agriculture energy and water,0,0,0,0,0,0,0
S01010219,C. Manufacturing,2,2,0,2,0,0,0
S01010219,F. Construction,3,3,1,2,0,0,0
S01010219,G I. Distribution hotels and restaurants,61,59,37,22,2,1,1
S01010219,H J. Transport and communication,10,8,4,4,2,0,2
S01010219,K L M N. Financial real estate professional and administrative activities,47,47,18,29,0,0,0
S01010219,O P Q. Public administration education and health,39,36,13,23,3,0,3
S01010219,R S T U. Other,10,9,7,2,1,0,1
S01010220,All people aged 16 to 74 in employment,339,288,52,236,51,13,38
S01010220,A B D E. Agriculture energy and water,0,0,0,0,0,0,0
S01010220,C. Manufacturing,15,15,2,13,0,0,0
S01010220,F. Construction,15,11,0,11,4,0,4
S01010220,G I. Distribution hotels and restaurants,84,72,28,44,12,6,6
S01010220,H J. Transport and communication,27,21,1,20,6,0,6
S01010220,K L M N. Financial real estate professional and administrative activities,90,77,9,68,13,3,10
S01010220,O P Q. Public administration education and health,86,79,9,70,7,0,7
S01010220,R S T U. Other,22,13,3,10,9,4,5
S01010221,All people aged 16 to 74 in employment,158,152,54,98,6,3,3
S01010221,A B D E. Agriculture energy and water,1,1,0,1,0,0,0
S01010221,C. Manufacturing,5,5,0,5,0,0,0
S01010221,F. Construction,11,11,1,10,0,0,0
S01010221,G I. Distribution hotels and restaurants,54,52,30,22,2,1,1
S01010221,H J. Transport and communication,6,5,0,5,1,0,1
S01010221,K L M N. Financial real estate professional and administrative activities,23,23,8,15,0,0,0
S01010221,O P Q. Public administration education and health,51,49,13,36,2,2,0
S01010221,R S T U. Other,7,6,2,4,1,0,1
S01010222,All people aged 16 to 74 in employment,234,223,47,176,11,2,9
S01010222,A B D E. Agriculture energy and water,2,2,0,2,0,0,0
S01010222,C. Manufacturing,16,15,1,14,1,0,1
S01010222,F. Construction,25,21,0,21,4,0,4
S01010222,G I. Distribution hotels and restaurants,53,52,16,36,1,1,0
S01010222,H J. Transport and communication,24,21,4,17,3,0,3
S01010222,K L M N. Financial real estate professional and administrative activities,40,39,7,32,1,1,0
S01010222,O P Q. Public administration education and health,66,65,17,48,1,0,1
S01010222,R S T U. Other,8,8,2,6,0,0,0
S01010223,All people aged 16 to 74 in employment,224,205,50,155,19,5,14
S01010223,A B D E. Agriculture energy and water,2,2,0,2,0,0,0
S01010223,C. Manufacturing,21,18,0,18,3,1,2
S01010223,F. Construction,16,11,1,10,5,0,5
S01010223,G I. Distribution hotels and restaurants,54,51,24,27,3,3,0
S01010223,H J. Transport and communication,23,20,3,17,3,0,3
S01010223,K L M N. Financial real estate professional and administrative activities,45,42,4,38,3,1,2
S01010223,O P Q. Public administration education and health,55,53,15,38,2,0,2
S01010223,R S T U. Other,8,8,3,5,0,0,0
S01010224,All people aged 16 to 74 in employment,318,294,123,171,24,3,21
S01010224,A B D E. Agriculture energy and water,2,2,0,2,0,0,0
S01010224,C. Manufacturing,21,20,3,17,1,0,1
S01010224,F. Construction,21,18,4,14,3,0,3
S01010224,G I. Distribution hotels and restaurants,91,87,47,40,4,1,3
S01010224,H J. Transport and communication,17,15,3,12,2,0,2
S01010224,K L M N. Financial real estate professional and administrative activities,53,43,16,27,10,2,8
S01010224,O P Q. Public administration education and health,92,91,39,52,1,0,1
S01010224,R S T U. Other,21,18,11,7,3,0,3
S01010225,All people aged 16 to 74 in employment,328,314,91,223,14,3,11
S01010225,A B D E. Agriculture energy and water,2,2,0,2,0,0,0
S01010225,C. Manufacturing,8,8,5,3,0,0,0
S01010225,F. Construction,27,22,1,21,5,0,5
S01010225,G I. Distribution hotels and restaurants,70,70,34,36,0,0,0
S01010225,H J. Transport and communication,38,33,6,27,5,1,4
S01010225,K L M N. Financial real estate professional and administrative activities,62,59,12,47,3,2,1
S01010225,O P Q. Public administration education and health,106,106,25,81,0,0,0
S01010225,R S T U. Other,15,14,8,6,1,0,1
S01010226,All people aged 16 to 74 in employment,239,207,93,114,32,20,12
S01010226,A B D E. Agriculture energy and water,1,1,0,1,0,0,0
S01010226,C. Manufacturing,7,6,0,6,1,0,1
S01010226,F. Construction,9,6,2,4,3,3,0
S01010226,G I. Distribution hotels and restaurants,76,65,40,25,11,5,6
S01010226,H J. Transport and communication,30,24,8,16,6,3,3
S01010226,K L M N. Financial real estate professional and administrative activities,52,47,25,22,5,5,0
S01010226,O P Q. Public administration education and health,57,51,13,38,6,4,2
S01010226,R S T U. Other,7,7,5,2,0,0,0
S01010227,All people aged 16 to 74 in employment,169,152,47,105,17,6,11
S01010227,A B D E. Agriculture energy and water,3,3,0,3,0,0,0
S01010227,C. Manufacturing,11,10,2,8,1,0,1
S01010227,F. Construction,10,9,0,9,1,0,1
S01010227,G I. Distribution hotels and restaurants,53,46,21,25,7,4,3
S01010227,H J. Transport and communication,24,21,3,18,3,0,3
S01010227,K L M N. Financial real estate professional and administrative activities,28,26,10,16,2,1,1
S01010227,O P Q. Public administration education and health,38,35,10,25,3,1,2
S01010227,R S T U. Other,2,2,1,1,0,0,0
S01010228,All people aged 16 to 74 in employment,217,207,62,145,10,3,7
S01010228,A B D E. Agriculture energy and water,1,1,0,1,0,0,0
S01010228,C. Manufacturing,9,9,1,8,0,0,0
S01010228,F. Construction,21,18,1,17,3,0,3
S01010228,G I. Distribution hotels and restaurants,63,62,23,39,1,1,0
S01010228,H J. Transport and communication,16,14,4,10,2,0,2
S01010228,K L M N. Financial real estate professional and administrative activities,35,35,12,23,0,0,0
S01010228,O P Q. Public administration education and health,63,63,19,44,0,0,0
S01010228,R S T U. Other,9,5,2,3,4,2,2
S01010229,All people aged 16 to 74 in employment,437,408,128,280,29,4,25
S01010229,A B D E. Agriculture energy and water,7,7,0,7,0,0,0
S01010229,C. Manufacturing,25,24,1,23,1,0,1
S01010229,F. Construction,39,29,0,29,10,0,10
S01010229,G I. Distribution hotels and restaurants,109,103,43,60,6,1,5
S01010229,H J. Transport and communication,41,38,9,29,3,0,3
S01010229,K L M N. Financial real estate professional and administrative activities,64,61,12,49,3,2,1
S01010229,O P Q. Public administration education and health,135,133,57,76,2,0,2
S01010229,R S T U. Other,17,13,6,7,4,1,3
S01010230,All people aged 16 to 74 in employment,324,313,126,187,11,2,9
S01010230,A B D E. Agriculture energy and water,3,3,0,3,0,0,0
S01010230,C. Manufacturing,21,21,2,19,0,0,0
S01010230,F. Construction,20,19,1,18,1,0,1
S01010230,G I. Distribution hotels and restaurants,88,87,45,42,1,0,1
S01010230,H J. Transport and communication,29,24,10,14,5,0,5
S01010230,K L M N. Financial real estate professional and administrative activities,76,74,27,47,2,1,1
S01010230,O P Q. Public administration education and health,82,81,40,41,1,0,1
S01010230,R S T U. Other,5,4,1,3,1,1,0
S01010231,All people aged 16 to 74 in employment,368,344,113,231,24,6,18
S01010231,A B D E. Agriculture energy and water,7,7,1,6,0,0,0
S01010231,C. Manufacturing,14,12,1,11,2,0,2
S01010231,F. Construction,25,21,0,21,4,0,4
S01010231,G I. Distribution hotels and restaurants,93,85,44,41,8,1,7
S01010231,H J. Transport and communication,31,24,8,16,7,2,5
S01010231,K L M N. Financial real estate professional and administrative activities,72,72,25,47,0,0,0
S01010231,O P Q. Public administration education and health,107,106,30,76,1,1,0
S01010231,R S T U. Other,19,17,4,13,2,2,0
S01010232,All people aged 16 to 74 in employment,392,368,147,221,24,7,17
S01010232,A B D E. Agriculture energy and water,10,10,0,10,0,0,0
S01010232,C. Manufacturing,21,20,2,18,1,0,1
S01010232,F. Construction,22,19,2,17,3,0,3
S01010232,G I. Distribution hotels and restaurants,93,87,50,37,6,1,5
S01010232,H J. Transport and communication,38,31,7,24,7,2,5
S01010232,K L M N. Financial real estate professional and administrative activities,75,73,33,40,2,1,1
S01010232,O P Q. Public administration education and health,110,107,45,62,3,1,2
S01010232,R S T U. Other,23,21,8,13,2,2,0
S01010233,All people aged 16 to 74 in employment,289,276,116,160,13,2,11
S01010233,A B D E. Agriculture energy and water,2,2,0,2,0,0,0
S01010233,C. Manufacturing,23,23,1,22,0,0,0
S01010233,F. Construction,18,13,2,11,5,0,5
S01010233,G I. Distribution hotels and restaurants,82,80,48,32,2,1,1
S01010233,H J. Transport and communication,21,18,7,11,3,0,3
S01010233,K L M N. Financial real estate professional and administrative activities,50,48,21,27,2,1,1
S01010233,O P Q. Public administration education and health,78,77,32,45,1,0,1
S01010233,R S T U. Other,15,15,5,10,0,0,0
S01010234,All people aged 16 to 74 in employment,515,459,101,358,56,19,37
S01010234,A B D E. Agriculture energy and water,3,3,0,3,0,0,0
S01010234,C. Manufacturing,36,33,4,29,3,1,2
S01010234,F. Construction,28,16,0,16,12,5,7
S01010234,G I. Distribution hotels and restaurants,100,95,46,49,5,2,3
S01010234,H J. Transport and communication,42,33,3,30,9,0,9
S01010234,K L M N. Financial real estate professional and administrative activities,118,107,16,91,11,3,8
S01010234,O P Q. Public administration education and health,155,146,23,123,9,4,5
S01010234,R S T U. Other,33,26,9,17,7,4,3
S01010235,All people aged 16 to 74 in employment,550,522,118,404,28,7,21
S01010235,A B D E. Agriculture energy and water,4,3,0,3,1,0,1
S01010235,C. Manufacturing,22,22,0,22,0,0,0
S01010235,F. Construction,17,11,0,11,6,0,6
S01010235,G I. Distribution hotels and restaurants,152,147,71,76,5,1,4
S01010235,H J. Transport and communication,46,41,5,36,5,4,1
S01010235,K L M N. Financial real estate professional and administrative activities,123,120,12,108,3,0,3
S01010235,O P Q. Public administration education and health,161,158,19,139,3,1,2
S01010235,R S T U. Other,25,20,11,9,5,1,4
S01010236,All people aged 16 to 74 in employment,410,366,90,276,44,15,29
S01010236,A B D E. Agriculture energy and water,6,6,0,6,0,0,0
S01010236,C. Manufacturing,19,18,4,14,1,0,1
S01010236,F. Construction,25,17,2,15,8,1,7
S01010236,G I. Distribution hotels and restaurants,92,86,42,44,6,1,5
S01010236,H J. Transport and communication,38,33,2,31,5,3,2
S01010236,K L M N. Financial real estate professional and administrative activities,73,62,8,54,11,5,6
S01010236,O P Q. Public administration education and health,128,127,22,105,1,0,1
S01010236,R S T U. Other,29,17,10,7,12,5,7
S01010237,All people aged 16 to 74 in employment,382,336,75,261,46,10,36
S01010237,A B D E. Agriculture energy and water,6,6,0,6,0,0,0
S01010237,C. Manufacturing,16,13,2,11,3,0,3
S01010237,F. Construction,22,17,0,17,5,1,4
S01010237,G I. Distribution hotels and restaurants,89,83,37,46,6,1,5
S01010237,H J. Transport and communication,30,24,2,22,6,1,5
S01010237,K L M N. Financial real estate professional and administrative activities,82,74,11,63,8,1,7
S01010237,O P Q. Public administration education and health,112,105,18,87,7,3,4
S01010237,R S T U. Other,25,14,5,9,11,3,8
S01010238,All people aged 16 to 74 in employment,474,430,119,311,44,8,36
S01010238,A B D E. Agriculture energy and water,7,7,0,7,0,0,0
S01010238,C. Manufacturing,19,16,4,12,3,0,3
S01010238,F. Construction,29,26,2,24,3,1,2
S01010238,G I. Distribution hotels and restaurants,123,117,61,56,6,0,6
S01010238,H J. Transport and communication,33,28,2,26,5,0,5
S01010238,K L M N. Financial real estate professional and administrative activities,75,68,11,57,7,1,6
S01010238,O P Q. Public administration education and health,154,149,33,116,5,2,3
S01010238,R S T U. Other,34,19,6,13,15,4,11
S01010239,All people aged 16 to 74 in employment,314,299,90,209,15,4,11
S01010239,A B D E. Agriculture energy and water,4,4,0,4,0,0,0
S01010239,C. Manufacturing,13,13,3,10,0,0,0
S01010239,F. Construction,25,21,1,20,4,0,4
S01010239,G I. Distribution hotels and restaurants,79,77,35,42,2,2,0
S01010239,H J. Transport and communication,26,24,1,23,2,0,2
S01010239,K L M N. Financial real estate professional and administrative activities,59,57,18,39,2,1,1
S01010239,O P Q. Public administration education and health,82,81,26,55,1,0,1
S01010239,R S T U. Other,26,22,6,16,4,1,3
S01010240,All people aged 16 to 74 in employment,358,335,78,257,23,8,15
S01010240,A B D E. Agriculture energy and water,3,3,0,3,0,0,0
S01010240,C. Manufacturing,15,15,1,14,0,0,0
S01010240,F. Construction,25,22,0,22,3,0,3
S01010240,G I. Distribution hotels and restaurants,89,88,37,51,1,0,1
S01010240,H J. Transport and communication,29,26,3,23,3,1,2
S01010240,K L M N. Financial real estate professional and administrative activities,65,58,10,48,7,4,3
S01010240,O P Q. Public administration education and health,113,110,25,85,3,0,3
S01010240,R S T U. Other,19,13,2,11,6,3,3
S01010241,All people aged 16 to 74 in employment,500,453,109,344,47,14,33
S01010241,A B D E. Agriculture energy and water,12,12,0,12,0,0,0
S01010241,C. Manufacturing,26,23,0,23,3,0,3
S01010241,F. Construction,18,14,1,13,4,1,3
S01010241,G I. Distribution hotels and restaurants,97,92,36,56,5,0,5
S01010241,H J. Transport and communication,47,39,9,30,8,2,6
S01010241,K L M N. Financial real estate professional and administrative activities,101,94,21,73,7,3,4
S01010241,O P Q. Public administration education and health,161,157,32,125,4,1,3
S01010241,R S T U. Other,38,22,10,12,16,7,9
S01010242,All people aged 16 to 74 in employment,368,344,97,247,24,11,13
S01010242,A B D E. Agriculture energy and water,8,8,1,7,0,0,0
S01010242,C. Manufacturing,26,25,3,22,1,0,1
S01010242,F. Construction,15,13,0,13,2,0,2
S01010242,G I. Distribution hotels and restaurants,94,92,45,47,2,2,0
S01010242,H J. Transport and communication,33,28,5,23,5,3,2
S01010242,K L M N. Financial real estate professional and administrative activities,70,66,9,57,4,2,2
S01010242,O P Q. Public administration education and health,95,91,26,65,4,1,3
S01010242,R S T U. Other,27,21,8,13,6,3,3
S01010243,All people aged 16 to 74 in employment,448,416,114,302,32,11,21
S01010243,A B D E. Agriculture energy and water,4,4,0,4,0,0,0
S01010243,C. Manufacturing,37,35,2,33,2,0,2
S01010243,F. Construction,22,20,5,15,2,0,2
S01010243,G I. Distribution hotels and restaurants,115,110,44,66,5,3,2
S01010243,H J. Transport and communication,32,28,4,24,4,0,4
S01010243,K L M N. Financial real estate professional and administrative activities,83,75,20,55,8,4,4
S01010243,O P Q. Public administration education and health,120,116,31,85,4,0,4
S01010243,R S T U. Other,35,28,8,20,7,4,3
S01010244,All people aged 16 to 74 in employment,238,219,75,144,19,4,15
S01010244,A B D E. Agriculture energy and water,2,2,0,2,0,0,0
S01010244,C. Manufacturing,11,10,0,10,1,0,1
S01010244,F. Construction,25,21,2,19,4,0,4
S01010244,G I. Distribution hotels and restaurants,65,62,29,33,3,0,3
S01010244,H J. Transport and communication,26,21,5,16,5,1,4
S01010244,K L M N. Financial real estate professional and administrative activities,45,40,9,31,5,2,3
S01010244,O P Q. Public administration education and health,52,51,22,29,1,1,0
S01010244,R S T U. Other,12,12,8,4,0,0,0
S01010245,All people aged 16 to 74 in employment,267,246,99,147,21,5,16
S01010245,A B D E. Agriculture energy and water,9,9,3,6,0,0,0
S01010245,C. Manufacturing,25,25,4,21,0,0,0
S01010245,F. Construction,21,17,1,16,4,1,3
S01010245,G I. Distribution hotels and restaurants,77,74,34,40,3,0,3
S01010245,H J. Transport and communication,19,13,0,13,6,1,5
S01010245,K L M N. Financial real estate professional and administrative activities,57,55,36,19,2,0,2
S01010245,O P Q. Public administration education and health,43,41,19,22,2,1,1
S01010245,R S T U. Other,16,12,2,10,4,2,2
S01010246,All people aged 16 to 74 in employment,304,286,100,186,18,4,14
S01010246,A B D E. Agriculture energy and water,5,4,0,4,1,0,1
S01010246,C. Manufacturing,19,18,5,13,1,0,1
S01010246,F. Construction,24,19,0,19,5,0,5
S01010246,G I. Distribution hotels and restaurants,95,93,49,44,2,1,1
S01010246,H J. Transport and communication,32,29,6,23,3,1,2
S01010246,K L M N. Financial real estate professional and administrative activities,45,43,11,32,2,1,1
S01010246,O P Q. Public administration education and health,65,65,23,42,0,0,0
S01010246,R S T U. Other,19,15,6,9,4,1,3
S01010247,All people aged 16 to 74 in employment,365,339,94,245,26,7,19
S01010247,A B D E. Agriculture energy and water,8,7,0,7,1,0,1
S01010247,C. Manufacturing,27,26,7,19,1,0,1
S01010247,F. Construction,38,31,2,29,7,0,7
S01010247,G I. Distribution hotels and restaurants,83,78,35,43,5,0,5
S01010247,H J. Transport and communication,29,25,2,23,4,1,3
S01010247,K L M N. Financial real estate professional and administrative activities,49,47,8,39,2,0,2
S01010247,O P Q. Public administration education and health,114,111,36,75,3,3,0
S01010247,R S T U. Other,17,14,4,10,3,3,0
S01010248,All people aged 16 to 74 in employment,515,462,117,345,53,15,38
S01010248,A B D E. Agriculture energy and water,8,7,0,7,1,0,1
S01010248,C. Manufacturing,22,20,2,18,2,0,2
S01010248,F. Construction,14,8,1,7,6,1,5
S01010248,G I. Distribution hotels and restaurants,118,110,61,49,8,2,6
S01010248,H J. Transport and communication,37,31,2,29,6,1,5
S01010248,K L M N. Financial real estate professional and administrative activities,127,115,18,97,12,1,11
S01010248,O P Q. Public administration education and health,153,151,30,121,2,1,1
S01010248,R S T U. Other,36,20,3,17,16,9,7
S01010249,All people aged 16 to 74 in employment,392,368,109,259,24,4,20
S01010249,A B D E. Agriculture energy and water,4,4,0,4,0,0,0
S01010249,C. Manufacturing,20,20,1,19,0,0,0
S01010249,F. Construction,15,15,1,14,0,0,0
S01010249,G I. Distribution hotels and restaurants,113,110,63,47,3,0,3
S01010249,H J. Transport and communication,29,24,5,19,5,0,5
S01010249,K L M N. Financial real estate professional and administrative activities,73,71,8,63,2,1,1
S01010249,O P Q. Public administration education and health,108,100,22,78,8,3,5
S01010249,R S T U. Other,30,24,9,15,6,0,6
S01010250,All people aged 16 to 74 in employment,476,430,106,324,46,18,28
S01010250,A B D E. Agriculture energy and water,2,1,0,1,1,0,1
S01010250,C. Manufacturing,20,19,1,18,1,0,1
S01010250,F. Construction,16,14,0,14,2,0,2
S01010250,G I. Distribution hotels and restaurants,131,125,63,62,6,1,5
S01010250,H J. Transport and communication,41,33,2,31,8,2,6
S01010250,K L M N. Financial real estate professional and administrative activities,97,90,11,79,7,3,4
S01010250,O P Q. Public administration education and health,141,134,24,110,7,4,3
S01010250,R S T U. Other,28,14,5,9,14,8,6
S01010251,All people aged 16 to 74 in employment,401,370,100,270,31,5,26
S01010251,A B D E. Agriculture energy and water,9,8,0,8,1,0,1
S01010251,C. Manufacturing,21,20,4,16,1,1,0
S01010251,F. Construction,26,22,1,21,4,0,4
S01010251,G I. Distribution hotels and restaurants,84,79,40,39,5,1,4
S01010251,H J. Transport and communication,47,40,5,35,7,1,6
S01010251,K L M N. Financial real estate professional and administrative activities,73,71,13,58,2,1,1
S01010251,O P Q. Public administration education and health,115,112,28,84,3,1,2
S01010251,R S T U. Other,26,18,9,9,8,0,8
S01010252,All people aged 16 to 74 in employment,353,321,66,255,32,6,26
S01010252,A B D E. Agriculture energy and water,5,5,0,5,0,0,0
S01010252,C. Manufacturing,15,14,2,12,1,0,1
S01010252,F. Construction,14,12,2,10,2,0,2
S01010252,G I. Distribution hotels and restaurants,80,77,24,53,3,0,3
S01010252,H J. Transport and communication,37,31,6,25,6,0,6
S01010252,K L M N. Financial real estate professional and administrative activities,71,67,12,55,4,0,4
S01010252,O P Q. Public administration education and health,107,99,17,82,8,2,6
S01010252,R S T U. Other,24,16,3,13,8,4,4
S01010253,All people aged 16 to 74 in employment,209,201,58,143,8,1,7
S01010253,A B D E. Agriculture energy and water,5,5,1,4,0,0,0
S01010253,C. Manufacturing,11,11,2,9,0,0,0
S01010253,F. Construction,13,12,2,10,1,0,1
S01010253,G I. Distribution hotels and restaurants,45,43,12,31,2,1,1
S01010253,H J. Transport and communication,12,10,2,8,2,0,2
S01010253,K L M N. Financial real estate professional and administrative activities,46,44,10,34,2,0,2
S01010253,O P Q. Public administration education and health,69,68,26,42,1,0,1
S01010253,R S T U. Other,8,8,3,5,0,0,0
S01010254,All people aged 16 to 74 in employment,471,450,140,310,21,6,15
S01010254,A B D E. Agriculture energy and water,8,8,0,8,0,0,0
S01010254,C. Manufacturing,30,28,5,23,2,0,2
S01010254,F. Construction,37,31,2,29,6,0,6
S01010254,G I. Distribution hotels and restaurants,132,131,70,61,1,1,0
S01010254,H J. Transport and communication,34,30,4,26,4,2,2
S01010254,K L M N. Financial real estate professional and administrative activities,71,68,12,56,3,1,2
S01010254,O P Q. Public administration education and health,137,134,39,95,3,1,2
S01010254,R S T U. Other,22,20,8,12,2,1,1
S01010255,All people aged 16 to 74 in employment,231,216,73,143,15,10,5
S01010255,A B D E. Agriculture energy and water,2,2,0,2,0,0,0
S01010255,C. Manufacturing,14,12,0,12,2,1,1
S01010255,F. Construction,9,6,0,6,3,2,1
S01010255,G I. Distribution hotels and restaurants,58,55,23,32,3,3,0
S01010255,H J. Transport and communication,15,14,6,8,1,0,1
S01010255,K L M N. Financial real estate professional and administrative activities,49,47,12,35,2,1,1
S01010255,O P Q. Public administration education and health,70,70,26,44,0,0,0
S01010255,R S T U. Other,14,10,6,4,4,3,1
S01010256,All people aged 16 to 74 in employment,329,292,96,196,37,13,24
S01010256,A B D E. Agriculture energy and water,8,8,0,8,0,0,0
S01010256,C. Manufacturing,18,15,3,12,3,2,1
S01010256,F. Construction,21,15,2,13,6,0,6
S01010256,G I. Distribution hotels and restaurants,81,77,32,45,4,1,3
S01010256,H J. Transport and communication,35,25,9,16,10,2,8
S01010256,K L M N. Financial real estate professional and administrative activities,51,43,9,34,8,4,4
S01010256,O P Q. Public administration education and health,98,94,36,58,4,3,1
S01010256,R S T U. Other,17,15,5,10,2,1,1
S01010257,All people aged 16 to 74 in employment,321,291,87,204,30,6,24
S01010257,A B D E. Agriculture energy and water,1,1,0,1,0,0,0
S01010257,C. Manufacturing,12,12,0,12,0,0,0
S01010257,F. Construction,20,12,0,12,8,0,8
S01010257,G I. Distribution hotels and restaurants,93,89,48,41,4,2,2
S01010257,H J. Transport and communication,34,30,5,25,4,1,3
S01010257,K L M N. Financial real estate professional and administrative activities,69,64,13,51,5,0,5
S01010257,O P Q. Public administration education and health,74,68,15,53,6,2,4
S01010257,R S T U. Other,18,15,6,9,3,1,2
S01010258,All people aged 16 to 74 in employment,464,430,194,236,34,17,17
S01010258,A B D E. Agriculture energy and water,7,6,1,5,1,0,1
S01010258,C. Manufacturing,12,12,0,12,0,0,0
S01010258,F. Construction,12,8,0,8,4,1,3
S01010258,G I. Distribution hotels and restaurants,166,161,126,35,5,2,3
S01010258,H J. Transport and communication,29,24,3,21,5,3,2
S01010258,K L M N. Financial real estate professional and administrative activities,87,80,13,67,7,3,4
S01010258,O P Q. Public administration education and health,112,110,35,75,2,2,0
S01010258,R S T U. Other,39,29,16,13,10,6,4
S01010259,All people aged 16 to 74 in employment,332,312,181,131,20,9,11
S01010259,A B D E. Agriculture energy and water,6,6,0,6,0,0,0
S01010259,C. Manufacturing,10,9,1,8,1,0,1
S01010259,F. Construction,14,6,0,6,8,1,7
S01010259,G I. Distribution hotels and restaurants,130,127,104,23,3,2,1
S01010259,H J. Transport and communication,16,13,4,9,3,2,1
S01010259,K L M N. Financial real estate professional and administrative activities,49,48,23,25,1,1,0
S01010259,O P Q. Public administration education and health,75,73,31,42,2,2,0
S01010259,R S T U. Other,32,30,18,12,2,1,1
S01010260,All people aged 16 to 74 in employment,659,587,232,355,72,16,56
S01010260,A B D E. Agriculture energy and water,16,15,5,10,1,0,1
S01010260,C. Manufacturing,20,16,1,15,4,0,4
S01010260,F. Construction,17,16,0,16,1,0,1
S01010260,G I. Distribution hotels and restaurants,210,199,142,57,11,2,9
S01010260,H J. Transport and communication,70,56,15,41,14,3,11
S01010260,K L M N. Financial real estate professional and administrative activities,163,142,29,113,21,4,17
S01010260,O P Q. Public administration education and health,124,117,27,90,7,2,5
S01010260,R S T U. Other,39,26,13,13,13,5,8
S01010261,All people aged 16 to 74 in employment,620,598,451,147,22,13,9
S01010261,A B D E. Agriculture energy and water,4,4,1,3,0,0,0
S01010261,C. Manufacturing,17,16,5,11,1,0,1
S01010261,F. Construction,14,12,5,7,2,0,2
S01010261,G I. Distribution hotels and restaurants,345,342,303,39,3,1,2
S01010261,H J. Transport and communication,22,21,13,8,1,1,0
S01010261,K L M N. Financial real estate professional and administrative activities,86,83,38,45,3,0,3
S01010261,O P Q. Public administration education and health,85,76,44,32,9,9,0
S01010261,R S T U. Other,47,44,42,2,3,2,1
S01010262,All people aged 16 to 74 in employment,259,243,100,143,16,7,9
S01010262,A B D E. Agriculture energy and water,0,0,0,0,0,0,0
S01010262,C. Manufacturing,17,17,3,14,0,0,0
S01010262,F. Construction,24,21,0,21,3,0,3
S01010262,G I. Distribution hotels and restaurants,92,86,63,23,6,5,1
S01010262,H J. Transport and communication,15,14,4,10,1,0,1
S01010262,K L M N. Financial real estate professional and administrative activities,29,29,8,21,0,0,0
S01010262,O P Q. Public administration education and health,66,63,18,45,3,1,2
S01010262,R S T U. Other,16,13,4,9,3,1,2
S01010263,All people aged 16 to 74 in employment,441,402,92,310,39,10,29
S01010263,A B D E. Agriculture energy and water,7,7,0,7,0,0,0
S01010263,C. Manufacturing,17,16,0,16,1,1,0
S01010263,F. Construction,10,8,2,6,2,0,2
S01010263,G I. Distribution hotels and restaurants,110,101,51,50,9,1,8
S01010263,H J. Transport and communication,42,39,9,30,3,1,2
S01010263,K L M N. Financial real estate professional and administrative activities,124,114,9,105,10,3,7
S01010263,O P Q. Public administration education and health,110,106,19,87,4,3,1
S01010263,R S T U. Other,21,11,2,9,10,1,9
S01010264,All people aged 16 to 74 in employment,470,430,97,333,40,12,28
S01010264,A B D E. Agriculture energy and water,15,15,0,15,0,0,0
S01010264,C. Manufacturing,13,13,0,13,0,0,0
S01010264,F. Construction,17,16,0,16,1,0,1
S01010264,G I. Distribution hotels and restaurants,133,123,70,53,10,3,7
S01010264,H J. Transport and communication,41,35,5,30,6,3,3
S01010264,K L M N. Financial real estate professional and administrative activities,127,119,8,111,8,1,7
S01010264,O P Q. Public administration education and health,89,84,8,76,5,2,3
S01010264,R S T U. Other,35,25,6,19,10,3,7
S01010265,All people aged 16 to 74 in employment,588,526,128,398,62,14,48
S01010265,A B D E. Agriculture energy and water,8,8,0,8,0,0,0
S01010265,C. Manufacturing,19,18,1,17,1,0,1
S01010265,F. Construction,14,10,0,10,4,1,3
S01010265,G I. Distribution hotels and restaurants,148,137,83,54,11,0,11
S01010265,H J. Transport and communication,50,38,3,35,12,1,11
S01010265,K L M N. Financial real estate professional and administrative activities,192,178,13,165,14,3,11
S01010265,O P Q. Public administration education and health,120,108,17,91,12,4,8
S01010265,R S T U. Other,37,29,11,18,8,5,3
S01010266,All people aged 16 to 74 in employment,251,216,89,127,35,6,29
S01010266,A B D E. Agriculture energy and water,1,1,0,1,0,0,0
S01010266,C. Manufacturing,6,4,0,4,2,0,2
S01010266,F. Construction,5,4,2,2,1,0,1
S01010266,G I. Distribution hotels and restaurants,87,75,55,20,12,0,12
S01010266,H J. Transport and communication,22,19,2,17,3,0,3
S01010266,K L M N. Financial real estate professional and administrative activities,35,30,4,26,5,2,3
S01010266,O P Q. Public administration education and health,72,67,19,48,5,2,3
S01010266,R S T U. Other,23,16,7,9,7,2,5
S01010267,All people aged 16 to 74 in employment,333,299,124,175,34,11,23
S01010267,A B D E. Agriculture energy and water,1,0,0,0,1,1,0
S01010267,C. Manufacturing,15,13,2,11,2,0,2
S01010267,F. Construction,7,5,0,5,2,1,1
S01010267,G I. Distribution hotels and restaurants,131,128,80,48,3,1,2
S01010267,H J. Transport and communication,30,28,8,20,2,0,2
S01010267,K L M N. Financial real estate professional and administrative activities,68,60,9,51,8,0,8
S01010267,O P Q. Public administration education and health,56,50,17,33,6,2,4
S01010267,R S T U. Other,25,15,8,7,10,6,4
S01010268,All people aged 16 to 74 in employment,390,339,117,222,51,13,38
S01010268,A B D E. Agriculture energy and water,4,3,0,3,1,0,1
S01010268,C. Manufacturing,14,10,1,9,4,0,4
S01010268,F. Construction,7,6,2,4,1,0,1
S01010268,G I. Distribution hotels and restaurants,126,113,73,40,13,4,9
S01010268,H J. Transport and communication,24,19,2,17,5,2,3
S01010268,K L M N. Financial real estate professional and administrative activities,84,75,10,65,9,2,7
S01010268,O P Q. Public administration education and health,104,101,22,79,3,1,2
S01010268,R S T U. Other,27,12,7,5,15,4,11
S01010269,All people aged 16 to 74 in employment,245,220,69,151,25,6,19
S01010269,A B D E. Agriculture energy and water,2,2,0,2,0,0,0
S01010269,C. Manufacturing,8,7,0,7,1,1,0
S01010269,F. Construction,1,0,0,0,1,0,1
S01010269,G I. Distribution hotels and restaurants,79,71,37,34,8,1,7
S01010269,H J. Transport and communication,22,18,3,15,4,1,3
S01010269,K L M N. Financial real estate professional and administrative activities,54,52,9,43,2,0,2
S01010269,O P Q. Public administration education and health,63,63,18,45,0,0,0
S01010269,R S T U. Other,16,7,2,5,9,3,6
S01010270,All people aged 16 to 74 in employment,381,341,94,247,40,12,28
S01010270,A B D E. Agriculture energy and water,4,3,1,2,1,1,0
S01010270,C. Manufacturing,19,18,2,16,1,0,1
S01010270,F. Construction,15,9,1,8,6,3,3
S01010270,G I. Distribution hotels and restaurants,106,94,45,49,12,3,9
S01010270,H J. Transport and communication,30,26,0,26,4,1,3
S01010270,K L M N. Financial real estate professional and administrative activities,91,81,18,63,10,3,7
S01010270,O P Q. Public administration education and health,98,96,18,78,2,0,2
S01010270,R S T U. Other,18,14,9,5,4,1,3
S01010271,All people aged 16 to 74 in employment,330,296,119,177,34,11,23
S01010271,A B D E. Agriculture energy and water,3,3,0,3,0,0,0
S01010271,C. Manufacturing,6,5,0,5,1,0,1
S01010271,F. Construction,4,3,0,3,1,1,0
S01010271,G I. Distribution hotels and restaurants,136,127,83,44,9,2,7
S01010271,H J. Transport and communication,25,22,4,18,3,1,2
S01010271,K L M N. Financial real estate professional and administrative activities,55,47,11,36,8,2,6
S01010271,O P Q. Public administration education and health,74,69,17,52,5,2,3
S01010271,R S T U. Other,27,20,4,16,7,3,4
S01010272,All people aged 16 to 74 in employment,437,394,89,305,43,12,31
S01010272,A B D E. Agriculture energy and water,9,9,1,8,0,0,0
S01010272,C. Manufacturing,14,11,1,10,3,0,3
S01010272,F. Construction,16,13,3,10,3,0,3
S01010272,G I. Distribution hotels and restaurants,104,99,47,52,5,2,3
S01010272,H J. Transport and communication,46,36,6,30,10,1,9
S01010272,K L M N. Financial real estate professional and administrative activities,121,113,11,102,8,0,8
S01010272,O P Q. Public administration education and health,103,95,16,79,8,5,3
S01010272,R S T U. Other,24,18,4,14,6,4,2
S01010273,All people aged 16 to 74 in employment,438,400,99,301,38,10,28
S01010273,A B D E. Agriculture energy and water,4,4,0,4,0,0,0
S01010273,C. Manufacturing,15,14,0,14,1,1,0
S01010273,F. Construction,22,17,0,17,5,1,4
S01010273,G I. Distribution hotels and restaurants,130,121,72,49,9,3,6
S01010273,H J. Transport and communication,45,41,2,39,4,1,3
S01010273,K L M N. Financial real estate professional and administrative activities,129,121,12,109,8,1,7
S01010273,O P Q. Public administration education and health,68,63,5,58,5,2,3
S01010273,R S T U. Other,25,19,8,11,6,1,5
S01010274,All people aged 16 to 74 in employment,355,318,72,246,37,7,30
S01010274,A B D E. Agriculture energy and water,8,8,0,8,0,0,0
S01010274,C. Manufacturing,10,7,0,7,3,0,3
S01010274,F. Construction,14,12,2,10,2,0,2
S01010274,G I. Distribution hotels and restaurants,84,79,46,33,5,0,5
S01010274,H J. Transport and communication,34,30,2,28,4,1,3
S01010274,K L M N. Financial real estate professional and administrative activities,108,98,5,93,10,3,7
S01010274,O P Q. Public administration education and health,69,62,11,51,7,1,6
S01010274,R S T U. Other,28,22,6,16,6,2,4
S01010275,All people aged 16 to 74 in employment,395,349,113,236,46,16,30
S01010275,A B D E. Agriculture energy and water,4,4,1,3,0,0,0
S01010275,C. Manufacturing,15,11,1,10,4,0,4
S01010275,F. Construction,7,7,0,7,0,0,0
S01010275,G I. Distribution hotels and restaurants,120,113,70,43,7,2,5
S01010275,H J. Transport and communication,33,26,7,19,7,1,6
S01010275,K L M N. Financial real estate professional and administrative activities,113,104,11,93,9,5,4
S01010275,O P Q. Public administration education and health,75,66,13,53,9,4,5
S01010275,R S T U. Other,28,18,10,8,10,4,6
S01010276,All people aged 16 to 74 in employment,661,555,60,495,106,25,81
S01010276,A B D E. Agriculture energy and water,13,13,1,12,0,0,0
S01010276,C. Manufacturing,36,34,2,32,2,1,1
S01010276,F. Construction,29,23,0,23,6,0,6
S01010276,G I. Distribution hotels and restaurants,104,91,26,65,13,1,12
S01010276,H J. Transport and communication,90,78,8,70,12,1,11
S01010276,K L M N. Financial real estate professional and administrative activities,177,136,8,128,41,7,34
S01010276,O P Q. Public administration education and health,180,163,8,155,17,7,10
S01010276,R S T U. Other,32,17,7,10,15,8,7
S01010277,All people aged 16 to 74 in employment,233,211,79,132,22,7,15
S01010277,A B D E. Agriculture energy and water,7,7,3,4,0,0,0
S01010277,C. Manufacturing,8,7,0,7,1,0,1
S01010277,F. Construction,12,9,0,9,3,0,3
S01010277,G I. Distribution hotels and restaurants,71,69,38,31,2,1,1
S01010277,H J. Transport and communication,22,18,4,14,4,2,2
S01010277,K L M N. Financial real estate professional and administrative activities,31,29,8,21,2,1,1
S01010277,O P Q. Public administration education and health,63,60,18,42,3,1,2
S01010277,R S T U. Other,19,12,8,4,7,2,5
S01010278,All people aged 16 to 74 in employment,273,247,93,154,26,8,18
S01010278,A B D E. Agriculture energy and water,4,4,0,4,0,0,0
S01010278,C. Manufacturing,6,6,1,5,0,0,0
S01010278,F. Construction,21,18,0,18,3,0,3
S01010278,G I. Distribution hotels and restaurants,84,79,41,38,5,2,3
S01010278,H J. Transport and communication,20,16,3,13,4,0,4
S01010278,K L M N. Financial real estate professional and administrative activities,47,41,8,33,6,3,3
S01010278,O P Q. Public administration education and health,78,72,33,39,6,3,3
S01010278,R S T U. Other,13,11,7,4,2,0,2
S01010279,All people aged 16 to 74 in employment,277,251,92,159,26,7,19
S01010279,A B D E. Agriculture energy and water,0,0,0,0,0,0,0
S01010279,C. Manufacturing,12,8,1,7,4,0,4
S01010279,F. Construction,7,6,2,4,1,0,1
S01010279,G I. Distribution hotels and restaurants,95,90,38,52,5,1,4
S01010279,H J. Transport and communication,21,19,3,16,2,0,2
S01010279,K L M N. Financial real estate professional and administrative activities,50,47,11,36,3,0,3
S01010279,O P Q. Public administration education and health,73,68,27,41,5,3,2
S01010279,R S T U. Other,19,13,10,3,6,3,3
S01010280,All people aged 16 to 74 in employment,476,432,113,319,44,16,28
S01010280,A B D E. Agriculture energy and water,4,4,0,4,0,0,0
S01010280,C. Manufacturing,18,14,2,12,4,3,1
S01010280,F. Construction,9,7,0,7,2,0,2
S01010280,G I. Distribution hotels and restaurants,127,124,67,57,3,1,2
S01010280,H J. Transport and communication,54,46,7,39,8,1,7
S01010280,K L M N. Financial real estate professional and administrative activities,130,117,11,106,13,5,8
S01010280,O P Q. Public administration education and health,106,99,21,78,7,3,4
S01010280,R S T U. Other,28,21,5,16,7,3,4
S01010281,All people aged 16 to 74 in employment,465,415,92,323,50,25,25
S01010281,A B D E. Agriculture energy and water,6,5,1,4,1,1,0
S01010281,C. Manufacturing,15,14,0,14,1,0,1
S01010281,F. Construction,9,7,1,6,2,0,2
S01010281,G I. Distribution hotels and restaurants,117,108,60,48,9,3,6
S01010281,H J. Transport and communication,66,54,2,52,12,3,9
S01010281,K L M N. Financial real estate professional and administrative activities,132,129,11,118,3,1,2
S01010281,O P Q. Public administration education and health,94,81,12,69,13,9,4
S01010281,R S T U. Other,26,17,5,12,9,8,1
S01010282,All people aged 16 to 74 in employment,496,460,110,350,36,10,26
S01010282,A B D E. Agriculture energy and water,11,11,0,11,0,0,0
S01010282,C. Manufacturing,16,14,2,12,2,0,2
S01010282,F. Construction,24,24,2,22,0,0,0
S01010282,G I. Distribution hotels and restaurants,113,106,58,48,7,4,3
S01010282,H J. Transport and communication,39,31,4,27,8,0,8
S01010282,K L M N. Financial real estate professional and administrative activities,92,86,7,79,6,1,5
S01010282,O P Q. Public administration education and health,165,160,28,132,5,2,3
S01010282,R S T U. Other,36,28,9,19,8,3,5
S01010283,All people aged 16 to 74 in employment,356,327,78,249,29,5,24
S01010283,A B D E. Agriculture energy and water,3,3,0,3,0,0,0
S01010283,C. Manufacturing,12,12,0,12,0,0,0
S01010283,F. Construction,16,12,1,11,4,0,4
S01010283,G I. Distribution hotels and restaurants,91,81,38,43,10,2,8
S01010283,H J. Transport and communication,48,43,7,36,5,1,4
S01010283,K L M N. Financial real estate professional and administrative activities,67,62,8,54,5,0,5
S01010283,O P Q. Public administration education and health,108,106,20,86,2,1,1
S01010283,R S T U. Other,11,8,4,4,3,1,2
S01010284,All people aged 16 to 74 in employment,654,579,137,442,75,18,57
S01010284,A B D E. Agriculture energy and water,3,3,0,3,0,0,0
S01010284,C. Manufacturing,22,19,1,18,3,1,2
S01010284,F. Construction,22,17,0,17,5,0,5
S01010284,G I. Distribution hotels and restaurants,107,104,60,44,3,0,3
S01010284,H J. Transport and communication,65,54,7,47,11,2,9
S01010284,K L M N. Financial real estate professional and administrative activities,114,103,11,92,11,4,7
S01010284,O P Q. Public administration education and health,271,257,49,208,14,4,10
S01010284,R S T U. Other,50,22,9,13,28,7,21
S01010285,All people aged 16 to 74 in employment,414,350,123,227,64,26,38
S01010285,A B D E. Agriculture energy and water,5,4,0,4,1,1,0
S01010285,C. Manufacturing,15,12,3,9,3,0,3
S01010285,F. Construction,16,13,0,13,3,1,2
S01010285,G I. Distribution hotels and restaurants,124,116,73,43,8,3,5
S01010285,H J. Transport and communication,30,20,6,14,10,3,7
S01010285,K L M N. Financial real estate professional and administrative activities,73,58,7,51,15,7,8
S01010285,O P Q. Public administration education and health,123,113,25,88,10,5,5
S01010285,R S T U. Other,28,14,9,5,14,6,8
S01010286,All people aged 16 to 74 in employment,495,448,170,278,47,17,30
S01010286,A B D E. Agriculture energy and water,3,3,0,3,0,0,0
S01010286,C. Manufacturing,15,13,1,12,2,0,2
S01010286,F. Construction,7,6,0,6,1,0,1
S01010286,G I. Distribution hotels and restaurants,136,129,96,33,7,7,0
S01010286,H J. Transport and communication,49,32,6,26,17,6,11
S01010286,K L M N. Financial real estate professional and administrative activities,98,90,19,71,8,2,6
S01010286,O P Q. Public administration education and health,156,148,34,114,8,1,7
S01010286,R S T U. Other,31,27,14,13,4,1,3
S01010287,All people aged 16 to 74 in employment,456,392,134,258,64,21,43
S01010287,A B D E. Agriculture energy and water,6,5,0,5,1,0,1
S01010287,C. Manufacturing,12,10,0,10,2,2,0
S01010287,F. Construction,10,6,0,6,4,1,3
S01010287,G I. Distribution hotels and restaurants,135,124,71,53,11,3,8
S01010287,H J. Transport and communication,35,28,4,24,7,0,7
S01010287,K L M N. Financial real estate professional and administrative activities,95,77,18,59,18,5,13
S01010287,O P Q. Public administration education and health,128,115,30,85,13,6,7
S01010287,R S T U. Other,35,27,11,16,8,4,4
S01010288,All people aged 16 to 74 in employment,456,389,111,278,67,20,47
S01010288,A B D E. Agriculture energy and water,4,3,2,1,1,0,1
S01010288,C. Manufacturing,23,19,4,15,4,1,3
S01010288,F. Construction,10,9,0,9,1,0,1
S01010288,G I. Distribution hotels and restaurants,110,98,56,42,12,1,11
S01010288,H J. Transport and communication,43,37,12,25,6,2,4
S01010288,K L M N. Financial real estate professional and administrative activities,103,88,8,80,15,3,12
S01010288,O P Q. Public administration education and health,122,112,19,93,10,6,4
S01010288,R S T U. Other,41,23,10,13,18,7,11
S01010289,All people aged 16 to 74 in employment,501,378,60,318,123,17,106
S01010289,A B D E. Agriculture energy and water,9,8,1,7,1,0,1
S01010289,C. Manufacturing,16,15,0,15,1,1,0
S01010289,F. Construction,26,19,2,17,7,0,7
S01010289,G I. Distribution hotels and restaurants,58,44,21,23,14,1,13
S01010289,H J. Transport and communication,60,38,5,33,22,3,19
S01010289,K L M N. Financial real estate professional and administrative activities,130,89,9,80,41,2,39
S01010289,O P Q. Public administration education and health,167,143,17,126,24,4,20
S01010289,R S T U. Other,35,22,5,17,13,6,7
S01010290,All people aged 16 to 74 in employment,280,243,69,174,37,13,24
S01010290,A B D E. Agriculture energy and water,0,0,0,0,0,0,0
S01010290,C. Manufacturing,10,10,0,10,0,0,0
S01010290,F. Construction,9,4,0,4,5,0,5
S01010290,G I. Distribution hotels and restaurants,85,82,48,34,3,1,2
S01010290,H J. Transport and communication,19,15,1,14,4,1,3
S01010290,K L M N. Financial real estate professional and administrative activities,60,49,6,43,11,4,7
S01010290,O P Q. Public administration education and health,78,68,9,59,10,6,4
S01010290,R S T U. Other,19,15,5,10,4,1,3
S01010291,All people aged 16 to 74 in employment,432,379,144,235,53,20,33
S01010291,A B D E. Agriculture energy and water,3,3,0,3,0,0,0
S01010291,C. Manufacturing,21,17,2,15,4,2,2
S01010291,F. Construction,10,7,1,6,3,0,3
S01010291,G I. Distribution hotels and restaurants,134,132,81,51,2,1,1
S01010291,H J. Transport and communication,31,24,2,22,7,2,5
S01010291,K L M N. Financial real estate professional and administrative activities,68,60,16,44,8,3,5
S01010291,O P Q. Public administration education and health,125,116,35,81,9,5,4
S01010291,R S T U. Other,40,20,7,13,20,7,13
S01010292,All people aged 16 to 74 in employment,483,424,133,291,59,12,47
S01010292,A B D E. Agriculture energy and water,4,4,0,4,0,0,0
S01010292,C. Manufacturing,16,15,1,14,1,1,0
S01010292,F. Construction,7,3,0,3,4,0,4
S01010292,G I. Distribution hotels and restaurants,131,124,77,47,7,0,7
S01010292,H J. Transport and communication,34,27,2,25,7,2,5
S01010292,K L M N. Financial real estate professional and administrative activities,85,70,12,58,15,3,12
S01010292,O P Q. Public administration education and health,162,151,35,116,11,3,8
S01010292,R S T U. Other,44,30,6,24,14,3,11
S01010293,All people aged 16 to 74 in employment,397,362,151,211,35,13,22
S01010293,A B D E. Agriculture energy and water,0,0,0,0,0,0,0
S01010293,C. Manufacturing,8,8,0,8,0,0,0
S01010293,F. Construction,4,4,1,3,0,0,0
S01010293,G I. Distribution hotels and restaurants,170,157,105,52,13,5,8
S01010293,H J. Transport and communication,29,24,2,22,5,2,3
S01010293,K L M N. Financial real estate professional and administrative activities,56,53,9,44,3,1,2
S01010293,O P Q. Public administration education and health,109,103,27,76,6,4,2
S01010293,R S T U. Other,21,13,7,6,8,1,7
S01010294,All people aged 16 to 74 in employment,302,276,133,143,26,10,16
S01010294,A B D E. Agriculture energy and water,3,3,0,3,0,0,0
S01010294,C. Manufacturing,5,5,1,4,0,0,0
S01010294,F. Construction,5,5,1,4,0,0,0
S01010294,G I. Distribution hotels and restaurants,117,114,91,23,3,2,1
S01010294,H J. Transport and communication,28,20,5,15,8,4,4
S01010294,K L M N. Financial real estate professional and administrative activities,40,34,7,27,6,1,5
S01010294,O P Q. Public administration education and health,84,80,20,60,4,2,2
S01010294,R S T U. Other,20,15,8,7,5,1,4
S01010295,All people aged 16 to 74 in employment,463,408,175,233,55,14,41
S01010295,A B D E. Agriculture energy and water,4,3,0,3,1,0,1
S01010295,C. Manufacturing,20,16,1,15,4,1,3
S01010295,F. Construction,9,3,1,2,6,0,6
S01010295,G I. Distribution hotels and restaurants,166,159,114,45,7,2,5
S01010295,H J. Transport and communication,37,32,10,22,5,1,4
S01010295,K L M N. Financial real estate professional and administrative activities,85,68,16,52,17,7,10
S01010295,O P Q. Public administration education and health,121,115,28,87,6,2,4
S01010295,R S T U. Other,21,12,5,7,9,1,8
S01010296,All people aged 16 to 74 in employment,287,257,107,150,30,13,17
S01010296,A B D E. Agriculture energy and water,1,1,0,1,0,0,0
S01010296,C. Manufacturing,10,9,1,8,1,0,1
S01010296,F. Construction,6,4,1,3,2,0,2
S01010296,G I. Distribution hotels and restaurants,106,101,75,26,5,1,4
S01010296,H J. Transport and communication,21,19,4,15,2,1,1
S01010296,K L M N. Financial real estate professional and administrative activities,48,41,5,36,7,4,3
S01010296,O P Q. Public administration education and health,73,67,16,51,6,3,3
S01010296,R S T U. Other,22,15,5,10,7,4,3
S01010297,All people aged 16 to 74 in employment,434,402,113,289,32,4,28
S01010297,A B D E. Agriculture energy and water,8,5,0,5,3,0,3
S01010297,C. Manufacturing,16,15,2,13,1,0,1
S01010297,F. Construction,14,11,1,10,3,0,3
S01010297,G I. Distribution hotels and restaurants,133,126,61,65,7,1,6
S01010297,H J. Transport and communication,40,37,7,30,3,0,3
S01010297,K L M N. Financial real estate professional and administrative activities,90,88,12,76,2,0,2
S01010297,O P Q. Public administration education and health,102,96,21,75,6,1,5
S01010297,R S T U. Other,31,24,9,15,7,2,5
S01010298,All people aged 16 to 74 in employment,376,334,115,219,42,16,26
S01010298,A B D E. Agriculture energy and water,3,3,0,3,0,0,0
S01010298,C. Manufacturing,16,16,4,12,0,0,0
S01010298,F. Construction,12,8,0,8,4,0,4
S01010298,G I. Distribution hotels and restaurants,103,93,54,39,10,3,7
S01010298,H J. Transport and communication,34,29,4,25,5,4,1
S01010298,K L M N. Financial real estate professional and administrative activities,53,42,4,38,11,2,9
S01010298,O P Q. Public administration education and health,133,127,42,85,6,3,3
S01010298,R S T U. Other,22,16,7,9,6,4,2
S01010299,All people aged 16 to 74 in employment,165,145,44,101,20,5,15
S01010299,A B D E. Agriculture energy and water,1,1,0,1,0,0,0
S01010299,C. Manufacturing,7,6,1,5,1,1,0
S01010299,F. Construction,7,7,0,7,0,0,0
S01010299,G I. Distribution hotels and restaurants,45,39,22,17,6,1,5
S01010299,H J. Transport and communication,14,13,1,12,1,1,0
S01010299,K L M N. Financial real estate professional and administrative activities,29,26,4,22,3,0,3
S01010299,O P Q. Public administration education and health,48,45,13,32,3,1,2
S01010299,R S T U. Other,14,8,3,5,6,1,5
S01010300,All people aged 16 to 74 in employment,394,356,121,235,38,18,20
S01010300,A B D E. Agriculture energy and water,2,2,0,2,0,0,0
S01010300,C. Manufacturing,9,9,1,8,0,0,0
S01010300,F. Construction,13,8,0,8,5,2,3
S01010300,G I. Distribution hotels and restaurants,113,107,54,53,6,2,4
S01010300,H J. Transport and communication,37,34,13,21,3,2,1
S01010300,K L M N. Financial real estate professional and administrative activities,84,77,13,64,7,0,7
S01010300,O P Q. Public administration education and health,106,103,31,72,3,3,0
S01010300,R S T U. Other,30,16,9,7,14,9,5
S01010301,All people aged 16 to 74 in employment,266,244,85,159,22,9,13
S01010301,A B D E. Agriculture energy and water,4,4,1,3,0,0,0
S01010301,C. Manufacturing,7,7,0,7,0,0,0
S01010301,F. Construction,7,7,1,6,0,0,0
S01010301,G I. Distribution hotels and restaurants,90,84,57,27,6,1,5
S01010301,H J. Transport and communication,29,23,3,20,6,1,5
S01010301,K L M N. Financial real estate professional and administrative activities,41,38,7,31,3,3,0
S01010301,O P Q. Public administration education and health,67,66,9,57,1,0,1
S01010301,R S T U. Other,21,15,7,8,6,4,2
S01010302,All people aged 16 to 74 in employment,171,155,52,103,16,3,13
S01010302,A B D E. Agriculture energy and water,4,4,0,4,0,0,0
S01010302,C. Manufacturing,9,9,0,9,0,0,0
S01010302,F. Construction,7,7,0,7,0,0,0
S01010302,G I. Distribution hotels and restaurants,61,56,27,29,5,1,4
S01010302,H J. Transport and communication,13,11,6,5,2,0,2
S01010302,K L M N. Financial real estate professional and administrative activities,29,28,6,22,1,0,1
S01010302,O P Q. Public administration education and health,34,32,10,22,2,1,1
S01010302,R S T U. Other,14,8,3,5,6,1,5
S01010303,All people aged 16 to 74 in employment,143,129,61,68,14,5,9
S01010303,A B D E. Agriculture energy and water,0,0,0,0,0,0,0
S01010303,C. Manufacturing,10,10,4,6,0,0,0
S01010303,F. Construction,2,2,0,2,0,0,0
S01010303,G I. Distribution hotels and restaurants,59,53,30,23,6,2,4
S01010303,H J. Transport and communication,10,7,3,4,3,1,2
S01010303,K L M N. Financial real estate professional and administrative activities,23,21,5,16,2,1,1
S01010303,O P Q. Public administration education and health,31,31,17,14,0,0,0
S01010303,R S T U. Other,8,5,2,3,3,1,2
S01010304,All people aged 16 to 74 in employment,214,202,55,147,12,6,6
S01010304,A B D E. Agriculture energy and water,5,5,1,4,0,0,0
S01010304,C. Manufacturing,6,6,1,5,0,0,0
S01010304,F. Construction,18,17,2,15,1,0,1
S01010304,G I. Distribution hotels and restaurants,48,44,26,18,4,1,3
S01010304,H J. Transport and communication,14,13,2,11,1,1,0
S01010304,K L M N. Financial real estate professional and administrative activities,38,38,5,33,0,0,0
S01010304,O P Q. Public administration education and health,74,72,16,56,2,1,1
S01010304,R S T U. Other,11,7,2,5,4,3,1
S01010305,All people aged 16 to 74 in employment,384,346,88,258,38,16,22
S01010305,A B D E. Agriculture energy and water,9,8,0,8,1,1,0
S01010305,C. Manufacturing,17,13,2,11,4,2,2
S01010305,F. Construction,17,13,0,13,4,1,3
S01010305,G I. Distribution hotels and restaurants,82,79,34,45,3,2,1
S01010305,H J. Transport and communication,27,19,2,17,8,1,7
S01010305,K L M N. Financial real estate professional and administrative activities,64,55,10,45,9,4,5
S01010305,O P Q. Public administration education and health,142,137,30,107,5,4,1
S01010305,R S T U. Other,26,22,10,12,4,1,3
S01010306,All people aged 16 to 74 in employment,412,375,88,287,37,6,31
S01010306,A B D E. Agriculture energy and water,7,6,0,6,1,0,1
S01010306,C. Manufacturing,13,13,1,12,0,0,0
S01010306,F. Construction,13,11,1,10,2,0,2
S01010306,G I. Distribution hotels and restaurants,81,79,42,37,2,1,1
S01010306,H J. Transport and communication,47,40,4,36,7,1,6
S01010306,K L M N. Financial real estate professional and administrative activities,63,56,11,45,7,0,7
S01010306,O P Q. Public administration education and health,163,154,23,131,9,2,7
S01010306,R S T U. Other,25,16,6,10,9,2,7
S01010307,All people aged 16 to 74 in employment,508,438,107,331,70,23,47
S01010307,A B D E. Agriculture energy and water,4,3,0,3,1,1,0
S01010307,C. Manufacturing,10,8,0,8,2,0,2
S01010307,F. Construction,11,8,0,8,3,0,3
S01010307,G I. Distribution hotels and restaurants,73,67,40,27,6,0,6
S01010307,H J. Transport and communication,52,39,7,32,13,3,10
S01010307,K L M N. Financial real estate professional and administrative activities,95,80,10,70,15,4,11
S01010307,O P Q. Public administration education and health,221,209,39,170,12,8,4
S01010307,R S T U. Other,42,24,11,13,18,7,11
S01010308,All people aged 16 to 74 in employment,536,455,106,349,81,23,58
S01010308,A B D E. Agriculture energy and water,9,9,0,9,0,0,0
S01010308,C. Manufacturing,18,12,0,12,6,2,4
S01010308,F. Construction,14,12,1,11,2,0,2
S01010308,G I. Distribution hotels and restaurants,81,75,38,37,6,1,5
S01010308,H J. Transport and communication,61,44,4,40,17,3,14
S01010308,K L M N. Financial real estate professional and administrative activities,102,83,12,71,19,9,10
S01010308,O P Q. Public administration education and health,210,192,45,147,18,5,13
S01010308,R S T U. Other,41,28,6,22,13,3,10
S01010309,All people aged 16 to 74 in employment,163,157,35,122,6,0,6
S01010309,A B D E. Agriculture energy and water,0,0,0,0,0,0,0
S01010309,C. Manufacturing,11,11,0,11,0,0,0
S01010309,F. Construction,10,10,0,10,0,0,0
S01010309,G I. Distribution hotels and restaurants,45,43,9,34,2,0,2
S01010309,H J. Transport and communication,18,16,5,11,2,0,2
S01010309,K L M N. Financial real estate professional and administrative activities,22,22,5,17,0,0,0
S01010309,O P Q. Public administration education and health,48,47,15,32,1,0,1
S01010309,R S T U. Other,9,8,1,7,1,0,1
S01010310,All people aged 16 to 74 in employment,267,247,73,174,20,4,16
S01010310,A B D E. Agriculture energy and water,0,0,0,0,0,0,0
S01010310,C. Manufacturing,12,12,1,11,0,0,0
S01010310,F. Construction,19,15,3,12,4,0,4
S01010310,G I. Distribution hotels and restaurants,83,80,28,52,3,1,2
S01010310,H J. Transport and communication,33,31,3,28,2,2,0
S01010310,K L M N. Financial real estate professional and administrative activities,45,40,14,26,5,1,4
S01010310,O P Q. Public administration education and health,62,56,22,34,6,0,6
S01010310,R S T U. Other,13,13,2,11,0,0,0
S01010311,All people aged 16 to 74 in employment,215,207,84,123,8,3,5
S01010311,A B D E. Agriculture energy and water,3,3,0,3,0,0,0
S01010311,C. Manufacturing,8,7,2,5,1,0,1
S01010311,F. Construction,16,15,2,13,1,0,1
S01010311,G I. Distribution hotels and restaurants,66,65,32,33,1,0,1
S01010311,H J. Transport and communication,24,23,7,16,1,1,0
S01010311,K L M N. Financial real estate professional and administrative activities,39,38,17,21,1,0,1
S01010311,O P Q. Public administration education and health,49,49,20,29,0,0,0
S01010311,R S T U. Other,10,7,4,3,3,2,1
S01010312,All people aged 16 to 74 in employment,257,243,92,151,14,5,9
S01010312,A B D E. Agriculture energy and water,5,5,0,5,0,0,0
S01010312,C. Manufacturing,22,21,2,19,1,1,0
S01010312,F. Construction,25,23,1,22,2,0,2
S01010312,G I. Distribution hotels and restaurants,80,78,45,33,2,0,2
S01010312,H J. Transport and communication,13,11,3,8,2,0,2
S01010312,K L M N. Financial real estate professional and administrative activities,33,28,10,18,5,3,2
S01010312,O P Q. Public administration education and health,67,67,25,42,0,0,0
S01010312,R S T U. Other,12,10,6,4,2,1,1
S01010313,All people aged 16 to 74 in employment,210,196,61,135,14,5,9
S01010313,A B D E. Agriculture energy and water,0,0,0,0,0,0,0
S01010313,C. Manufacturing,16,15,1,14,1,0,1
S01010313,F. Construction,11,8,0,8,3,0,3
S01010313,G I. Distribution hotels and restaurants,65,64,31,33,1,0,1
S01010313,H J. Transport and communication,18,17,0,17,1,1,0
S01010313,K L M N. Financial real estate professional and administrative activities,23,21,4,17,2,1,1
S01010313,O P Q. Public administration education and health,58,57,21,36,1,0,1
S01010313,R S T U. Other,19,14,4,10,5,3,2
S01010314,All people aged 16 to 74 in employment,438,401,122,279,37,15,22
S01010314,A B D E. Agriculture energy and water,13,12,1,11,1,0,1
S01010314,C. Manufacturing,13,11,2,9,2,0,2
S01010314,F. Construction,26,25,1,24,1,0,1
S01010314,G I. Distribution hotels and restaurants,100,95,56,39,5,0,5
S01010314,H J. Transport and communication,37,28,3,25,9,5,4
S01010314,K L M N. Financial real estate professional and administrative activities,74,71,10,61,3,1,2
S01010314,O P Q. Public administration education and health,148,143,39,104,5,3,2
S01010314,R S T U. Other,27,16,10,6,11,6,5
S01010315,All people aged 16 to 74 in employment,412,382,104,278,30,9,21
S01010315,A B D E. Agriculture energy and water,3,3,0,3,0,0,0
S01010315,C. Manufacturing,18,17,1,16,1,0,1
S01010315,F. Construction,27,23,1,22,4,0,4
S01010315,G I. Distribution hotels and restaurants,96,88,37,51,8,2,6
S01010315,H J. Transport and communication,28,24,1,23,4,2,2
S01010315,K L M N. Financial real estate professional and administrative activities,59,55,10,45,4,2,2
S01010315,O P Q. Public administration education and health,159,154,47,107,5,2,3
S01010315,R S T U. Other,22,18,7,11,4,1,3
S01010316,All people aged 16 to 74 in employment,210,197,62,135,13,2,11
S01010316,A B D E. Agriculture energy and water,2,2,0,2,0,0,0
S01010316,C. Manufacturing,6,6,1,5,0,0,0
S01010316,F. Construction,9,7,0,7,2,1,1
S01010316,G I. Distribution hotels and restaurants,57,53,27,26,4,0,4
S01010316,H J. Transport and communication,15,13,1,12,2,0,2
S01010316,K L M N. Financial real estate professional and administrative activities,18,17,4,13,1,1,0
S01010316,O P Q. Public administration education and health,81,81,22,59,0,0,0
S01010316,R S T U. Other,22,18,7,11,4,0,4
S01010317,All people aged 16 to 74 in employment,455,397,105,292,58,18,40
S01010317,A B D E. Agriculture energy and water,4,4,0,4,0,0,0
S01010317,C. Manufacturing,11,11,0,11,0,0,0
S01010317,F. Construction,17,11,2,9,6,3,3
S01010317,G I. Distribution hotels and restaurants,90,84,41,43,6,1,5
S01010317,H J. Transport and communication,34,23,4,19,11,1,10
S01010317,K L M N. Financial real estate professional and administrative activities,99,90,6,84,9,3,6
S01010317,O P Q. Public administration education and health,164,150,40,110,14,5,9
S01010317,R S T U. Other,36,24,12,12,12,5,7
S01010318,All people aged 16 to 74 in employment,432,403,255,148,29,12,17
S01010318,A B D E. Agriculture energy and water,2,2,2,0,0,0,0
S01010318,C. Manufacturing,9,9,1,8,0,0,0
S01010318,F. Construction,16,12,0,12,4,1,3
S01010318,G I. Distribution hotels and restaurants,179,176,149,27,3,2,1
S01010318,H J. Transport and communication,33,28,13,15,5,1,4
S01010318,K L M N. Financial real estate professional and administrative activities,65,57,21,36,8,3,5
S01010318,O P Q. Public administration education and health,97,93,50,43,4,3,1
S01010318,R S T U. Other,31,26,19,7,5,2,3
S01010319,All people aged 16 to 74 in employment,406,373,83,290,33,11,22
S01010319,A B D E. Agriculture energy and water,6,5,0,5,1,0,1
S01010319,C. Manufacturing,23,21,1,20,2,2,0
S01010319,F. Construction,12,10,1,9,2,1,1
S01010319,G I. Distribution hotels and restaurants,83,76,35,41,7,1,6
S01010319,H J. Transport and communication,38,31,4,27,7,1,6
S01010319,K L M N. Financial real estate professional and administrative activities,84,76,9,67,8,2,6
S01010319,O P Q. Public administration education and health,146,144,30,114,2,2,0
S01010319,R S T U. Other,14,10,3,7,4,2,2
S01010320,All people aged 16 to 74 in employment,317,285,68,217,32,9,23
S01010320,A B D E. Agriculture energy and water,8,8,0,8,0,0,0
S01010320,C. Manufacturing,19,18,2,16,1,0,1
S01010320,F. Construction,11,8,0,8,3,0,3
S01010320,G I. Distribution hotels and restaurants,74,73,38,35,1,0,1
S01010320,H J. Transport and communication,23,16,1,15,7,2,5
S01010320,K L M N. Financial real estate professional and administrative activities,68,62,5,57,6,3,3
S01010320,O P Q. Public administration education and health,97,89,17,72,8,3,5
S01010320,R S T U. Other,17,11,5,6,6,1,5
S01010321,All people aged 16 to 74 in employment,386,359,99,260,27,10,17
S01010321,A B D E. Agriculture energy and water,8,8,0,8,0,0,0
S01010321,C. Manufacturing,14,14,2,12,0,0,0
S01010321,F. Construction,25,23,2,21,2,1,1
S01010321,G I. Distribution hotels and restaurants,88,84,36,48,4,1,3
S01010321,H J. Transport and communication,33,24,6,18,9,3,6
S01010321,K L M N. Financial real estate professional and administrative activities,67,62,7,55,5,1,4
S01010321,O P Q. Public administration education and health,133,128,39,89,5,3,2
S01010321,R S T U. Other,18,16,7,9,2,1,1
S01010322,All people aged 16 to 74 in employment,646,547,129,418,99,29,70
S01010322,A B D E. Agriculture energy and water,7,7,1,6,0,0,0
S01010322,C. Manufacturing,22,20,1,19,2,0,2
S01010322,F. Construction,18,12,1,11,6,0,6
S01010322,G I. Distribution hotels and restaurants,105,93,48,45,12,4,8
S01010322,H J. Transport and communication,64,48,6,42,16,7,9
S01010322,K L M N. Financial real estate professional and administrative activities,125,100,9,91,25,6,19
S01010322,O P Q. Public administration education and health,254,239,50,189,15,2,13
S01010322,R S T U. Other,51,28,13,15,23,10,13
S01010323,All people aged 16 to 74 in employment,178,173,65,108,5,3,2
S01010323,A B D E. Agriculture energy and water,1,1,0,1,0,0,0
S01010323,C. Manufacturing,14,14,2,12,0,0,0
S01010323,F. Construction,7,6,1,5,1,0,1
S01010323,G I. Distribution hotels and restaurants,41,41,19,22,0,0,0
S01010323,H J. Transport and communication,18,17,6,11,1,0,1
S01010323,K L M N. Financial real estate professional and administrative activities,35,33,13,20,2,2,0
S01010323,O P Q. Public administration education and health,51,50,20,30,1,1,0
S01010323,R S T U. Other,11,11,4,7,0,0,0
S01010324,All people aged 16 to 74 in employment,256,238,74,164,18,5,13
S01010324,A B D E. Agriculture energy and water,11,11,0,11,0,0,0
S01010324,C. Manufacturing,9,9,0,9,0,0,0
S01010324,F. Construction,27,24,1,23,3,0,3
S01010324,G I. Distribution hotels and restaurants,54,53,26,27,1,0,1
S01010324,H J. Transport and communication,23,18,5,13,5,0,5
S01010324,K L M N. Financial real estate professional and administrative activities,35,31,9,22,4,3,1
S01010324,O P Q. Public administration education and health,76,74,25,49,2,1,1
S01010324,R S T U. Other,21,18,8,10,3,1,2
S01010325,All people aged 16 to 74 in employment,283,263,81,182,20,8,12
S01010325,A B D E. Agriculture energy and water,6,6,0,6,0,0,0
S01010325,C. Manufacturing,17,17,1,16,0,0,0
S01010325,F. Construction,27,24,0,24,3,0,3
S01010325,G I. Distribution hotels and restaurants,61,60,26,34,1,1,0
S01010325,H J. Transport and communication,32,26,5,21,6,1,5
S01010325,K L M N. Financial real estate professional and administrative activities,40,35,11,24,5,2,3
S01010325,O P Q. Public administration education and health,91,88,36,52,3,3,0
S01010325,R S T U. Other,9,7,2,5,2,1,1
S01010326,All people aged 16 to 74 in employment,262,242,109,133,20,1,19
S01010326,A B D E. Agriculture energy and water,4,4,0,4,0,0,0
S01010326,C. Manufacturing,9,9,0,9,0,0,0
S01010326,F. Construction,16,13,0,13,3,0,3
S01010326,G I. Distribution hotels and restaurants,79,78,49,29,1,0,1
S01010326,H J. Transport and communication,22,15,1,14,7,0,7
S01010326,K L M N. Financial real estate professional and administrative activities,28,27,11,16,1,1,0
S01010326,O P Q. Public administration education and health,88,84,41,43,4,0,4
S01010326,R S T U. Other,16,12,7,5,4,0,4
S01010327,All people aged 16 to 74 in employment,383,350,118,232,33,4,29
S01010327,A B D E. Agriculture energy and water,6,6,0,6,0,0,0
S01010327,C. Manufacturing,19,18,1,17,1,0,1
S01010327,F. Construction,26,23,2,21,3,0,3
S01010327,G I. Distribution hotels and restaurants,93,85,37,48,8,1,7
S01010327,H J. Transport and communication,23,14,2,12,9,1,8
S01010327,K L M N. Financial real estate professional and administrative activities,54,51,14,37,3,0,3
S01010327,O P Q. Public administration education and health,132,130,53,77,2,2,0
S01010327,R S T U. Other,30,23,9,14,7,0,7
S01010328,All people aged 16 to 74 in employment,407,365,100,265,42,7,35
S01010328,A B D E. Agriculture energy and water,7,7,1,6,0,0,0
S01010328,C. Manufacturing,21,20,2,18,1,0,1
S01010328,F. Construction,53,35,1,34,18,1,17
S01010328,G I. Distribution hotels and restaurants,89,88,34,54,1,1,0
S01010328,H J. Transport and communication,38,31,6,25,7,0,7
S01010328,K L M N. Financial real estate professional and administrative activities,58,52,12,40,6,1,5
S01010328,O P Q. Public administration education and health,127,123,40,83,4,3,1
S01010328,R S T U. Other,14,9,4,5,5,1,4
S01010329,All people aged 16 to 74 in employment,242,213,57,156,29,8,21
S01010329,A B D E. Agriculture energy and water,3,1,0,1,2,0,2
S01010329,C. Manufacturing,15,12,1,11,3,1,2
S01010329,F. Construction,11,8,0,8,3,1,2
S01010329,G I. Distribution hotels and restaurants,56,51,19,32,5,1,4
S01010329,H J. Transport and communication,29,22,4,18,7,3,4
S01010329,K L M N. Financial real estate professional and administrative activities,36,33,3,30,3,0,3
S01010329,O P Q. Public administration education and health,79,76,27,49,3,1,2
S01010329,R S T U. Other,13,10,3,7,3,1,2
S01010330,All people aged 16 to 74 in employment,203,187,67,120,16,5,11
S01010330,A B D E. Agriculture energy and water,2,2,0,2,0,0,0
S01010330,C. Manufacturing,14,14,1,13,0,0,0
S01010330,F. Construction,20,16,4,12,4,0,4
S01010330,G I. Distribution hotels and restaurants,55,52,26,26,3,2,1
S01010330,H J. Transport and communication,17,13,2,11,4,1,3
S01010330,K L M N. Financial real estate professional and administrative activities,27,26,7,19,1,0,1
S01010330,O P Q. Public administration education and health,64,62,26,36,2,1,1
S01010330,R S T U. Other,4,2,1,1,2,1,1
S01010331,All people aged 16 to 74 in employment,313,297,86,211,16,4,12
S01010331,A B D E. Agriculture energy and water,4,4,0,4,0,0,0
S01010331,C. Manufacturing,24,23,3,20,1,0,1
S01010331,F. Construction,32,28,0,28,4,0,4
S01010331,G I. Distribution hotels and restaurants,61,56,22,34,5,1,4
S01010331,H J. Transport and communication,19,17,2,15,2,2,0
S01010331,K L M N. Financial real estate professional and administrative activities,35,33,6,27,2,0,2
S01010331,O P Q. Public administration education and health,118,118,45,73,0,0,0
S01010331,R S T U. Other,20,18,8,10,2,1,1
S01010332,All people aged 16 to 74 in employment,236,222,72,150,14,1,13
S01010332,A B D E. Agriculture energy and water,1,1,0,1,0,0,0
S01010332,C. Manufacturing,11,10,0,10,1,0,1
S01010332,F. Construction,20,17,4,13,3,0,3
S01010332,G I. Distribution hotels and restaurants,76,75,33,42,1,0,1
S01010332,H J. Transport and communication,17,14,5,9,3,0,3
S01010332,K L M N. Financial real estate professional and administrative activities,34,33,7,26,1,1,0
S01010332,O P Q. Public administration education and health,61,61,18,43,0,0,0
S01010332,R S T U. Other,16,11,5,6,5,0,5
S01010333,All people aged 16 to 74 in employment,388,353,112,241,35,11,24
S01010333,A B D E. Agriculture energy and water,15,15,1,14,0,0,0
S01010333,C. Manufacturing,21,20,6,14,1,1,0
S01010333,F. Construction,34,26,2,24,8,0,8
S01010333,G I. Distribution hotels and restaurants,102,93,45,48,9,4,5
S01010333,H J. Transport and communication,34,26,6,20,8,1,7
S01010333,K L M N. Financial real estate professional and administrative activities,35,34,8,26,1,1,0
S01010333,O P Q. Public administration education and health,124,123,39,84,1,1,0
S01010333,R S T U. Other,23,16,5,11,7,3,4
S01010334,All people aged 16 to 74 in employment,412,379,100,279,33,9,24
S01010334,A B D E. Agriculture energy and water,10,10,0,10,0,0,0
S01010334,C. Manufacturing,26,24,2,22,2,0,2
S01010334,F. Construction,49,42,2,40,7,0,7
S01010334,G I. Distribution hotels and restaurants,90,87,33,54,3,3,0
S01010334,H J. Transport and communication,33,21,5,16,12,1,11
S01010334,K L M N. Financial real estate professional and administrative activities,62,60,11,49,2,0,2
S01010334,O P Q. Public administration education and health,126,124,43,81,2,1,1
S01010334,R S T U. Other,16,11,4,7,5,4,1
S01010335,All people aged 16 to 74 in employment,264,242,78,164,22,8,14
S01010335,A B D E. Agriculture energy and water,3,3,0,3,0,0,0
S01010335,C. Manufacturing,15,15,3,12,0,0,0
S01010335,F. Construction,27,22,1,21,5,0,5
S01010335,G I. Distribution hotels and restaurants,73,71,32,39,2,0,2
S01010335,H J. Transport and communication,19,14,2,12,5,4,1
S01010335,K L M N. Financial real estate professional and administrative activities,41,39,10,29,2,1,1
S01010335,O P Q. Public administration education and health,69,68,25,43,1,0,1
S01010335,R S T U. Other,17,10,5,5,7,3,4
S01010336,All people aged 16 to 74 in employment,188,174,71,103,14,6,8
S01010336,A B D E. Agriculture energy and water,3,3,0,3,0,0,0
S01010336,C. Manufacturing,7,7,3,4,0,0,0
S01010336,F. Construction,7,4,0,4,3,0,3
S01010336,G I. Distribution hotels and restaurants,58,56,31,25,2,1,1
S01010336,H J. Transport and communication,14,11,3,8,3,0,3
S01010336,K L M N. Financial real estate professional and administrative activities,30,28,11,17,2,2,0
S01010336,O P Q. Public administration education and health,60,57,20,37,3,2,1
S01010336,R S T U. Other,9,8,3,5,1,1,0
S01010337,All people aged 16 to 74 in employment,246,236,83,153,10,5,5
S01010337,A B D E. Agriculture energy and water,1,1,0,1,0,0,0
S01010337,C. Manufacturing,16,15,1,14,1,0,1
S01010337,F. Construction,21,20,1,19,1,0,1
S01010337,G I. Distribution hotels and restaurants,68,66,35,31,2,2,0
S01010337,H J. Transport and communication,20,16,6,10,4,1,3
S01010337,K L M N. Financial real estate professional and administrative activities,28,27,8,19,1,1,0
S01010337,O P Q. Public administration education and health,82,82,29,53,0,0,0
S01010337,R S T U. Other,10,9,3,6,1,1,0
S01010338,All people aged 16 to 74 in employment,223,206,81,125,17,4,13
S01010338,A B D E. Agriculture energy and water,7,6,0,6,1,0,1
S01010338,C. Manufacturing,13,12,2,10,1,1,0
S01010338,F. Construction,12,8,0,8,4,0,4
S01010338,G I. Distribution hotels and restaurants,58,57,30,27,1,0,1
S01010338,H J. Transport and communication,18,13,3,10,5,1,4
S01010338,K L M N. Financial real estate professional and administrative activities,26,26,9,17,0,0,0
S01010338,O P Q. Public administration education and health,74,70,29,41,4,2,2
S01010338,R S T U. Other,15,14,8,6,1,0,1
S01010339,All people aged 16 to 74 in employment,226,210,67,143,16,4,12
S01010339,A B D E. Agriculture energy and water,6,5,0,5,1,0,1
S01010339,C. Manufacturing,13,11,1,10,2,1,1
S01010339,F. Construction,19,16,4,12,3,0,3
S01010339,G I. Distribution hotels and restaurants,51,50,20,30,1,1,0
S01010339,H J. Transport and communication,18,15,2,13,3,0,3
S01010339,K L M N. Financial real estate professional and administrative activities,35,33,6,27,2,1,1
S01010339,O P Q. Public administration education and health,78,74,31,43,4,1,3
S01010339,R S T U. Other,6,6,3,3,0,0,0
S01010340,All people aged 16 to 74 in employment,305,280,96,184,25,10,15
S01010340,A B D E. Agriculture energy and water,4,3,0,3,1,0,1
S01010340,C. Manufacturing,18,18,2,16,0,0,0
S01010340,F. Construction,24,19,1,18,5,2,3
S01010340,G I. Distribution hotels and restaurants,75,71,34,37,4,0,4
S01010340,H J. Transport and communication,29,24,7,17,5,2,3
S01010340,K L M N. Financial real estate professional and administrative activities,68,63,20,43,5,4,1
S01010340,O P Q. Public administration education and health,71,69,24,45,2,1,1
S01010340,R S T U. Other,16,13,8,5,3,1,2
S01010341,All people aged 16 to 74 in employment,257,237,71,166,20,6,14
S01010341,A B D E. Agriculture energy and water,9,9,0,9,0,0,0
S01010341,C. Manufacturing,12,11,2,9,1,0,1
S01010341,F. Construction,24,19,0,19,5,0,5
S01010341,G I. Distribution hotels and restaurants,60,56,28,28,4,1,3
S01010341,H J. Transport and communication,29,20,3,17,9,5,4
S01010341,K L M N. Financial real estate professional and administrative activities,25,25,7,18,0,0,0
S01010341,O P Q. Public administration education and health,84,83,26,57,1,0,1
S01010341,R S T U. Other,14,14,5,9,0,0,0
S01010342,All people aged 16 to 74 in employment,384,355,93,262,29,7,22
S01010342,A B D E. Agriculture energy and water,6,5,0,5,1,0,1
S01010342,C. Manufacturing,31,28,1,27,3,1,2
S01010342,F. Construction,40,30,0,30,10,1,9
S01010342,G I. Distribution hotels and restaurants,78,75,26,49,3,0,3
S01010342,H J. Transport and communication,42,36,5,31,6,1,5
S01010342,K L M N. Financial real estate professional and administrative activities,42,39,11,28,3,2,1
S01010342,O P Q. Public administration education and health,132,131,48,83,1,1,0
S01010342,R S T U. Other,13,11,2,9,2,1,1
S01010343,All people aged 16 to 74 in employment,564,513,123,390,51,19,32
S01010343,A B D E. Agriculture energy and water,12,12,0,12,0,0,0
S01010343,C. Manufacturing,41,38,3,35,3,2,1
S01010343,F. Construction,62,50,5,45,12,2,10
S01010343,G I. Distribution hotels and restaurants,109,105,46,59,4,3,1
S01010343,H J. Transport and communication,61,46,6,40,15,3,12
S01010343,K L M N. Financial real estate professional and administrative activities,86,79,11,68,7,3,4
S01010343,O P Q. Public administration education and health,173,166,44,122,7,4,3
S01010343,R S T U. Other,20,17,8,9,3,2,1
S01010344,All people aged 16 to 74 in employment,232,218,68,150,14,2,12
S01010344,A B D E. Agriculture energy and water,7,7,0,7,0,0,0
S01010344,C. Manufacturing,15,14,2,12,1,1,0
S01010344,F. Construction,23,20,2,18,3,0,3
S01010344,G I. Distribution hotels and restaurants,57,56,28,28,1,0,1
S01010344,H J. Transport and communication,26,20,5,15,6,1,5
S01010344,K L M N. Financial real estate professional and administrative activities,33,32,9,23,1,0,1
S01010344,O P Q. Public administration education and health,62,62,21,41,0,0,0
S01010344,R S T U. Other,9,7,1,6,2,0,2
S01010345,All people aged 16 to 74 in employment,253,217,62,155,36,8,28
S01010345,A B D E. Agriculture energy and water,8,7,0,7,1,1,0
S01010345,C. Manufacturing,21,20,2,18,1,0,1
S01010345,F. Construction,27,18,2,16,9,0,9
S01010345,G I. Distribution hotels and restaurants,42,36,16,20,6,1,5
S01010345,H J. Transport and communication,26,23,7,16,3,1,2
S01010345,K L M N. Financial real estate professional and administrative activities,39,32,11,21,7,1,6
S01010345,O P Q. Public administration education and health,75,70,23,47,5,3,2
S01010345,R S T U. Other,15,11,1,10,4,1,3
S01010346,All people aged 16 to 74 in employment,559,495,110,385,64,21,43
S01010346,A B D E. Agriculture energy and water,4,4,0,4,0,0,0
S01010346,C. Manufacturing,24,23,4,19,1,0,1
S01010346,F. Construction,54,45,4,41,9,1,8
S01010346,G I. Distribution hotels and restaurants,82,72,23,49,10,1,9
S01010346,H J. Transport and communication,52,38,2,36,14,4,10
S01010346,K L M N. Financial real estate professional and administrative activities,90,76,10,66,14,6,8
S01010346,O P Q. Public administration education and health,223,215,59,156,8,5,3
S01010346,R S T U. Other,30,22,8,14,8,4,4
S01010347,All people aged 16 to 74 in employment,399,364,137,227,35,8,27
S01010347,A B D E. Agriculture energy and water,6,6,0,6,0,0,0
S01010347,C. Manufacturing,19,17,1,16,2,1,1
S01010347,F. Construction,24,14,2,12,10,4,6
S01010347,G I. Distribution hotels and restaurants,122,116,67,49,6,1,5
S01010347,H J. Transport and communication,31,22,3,19,9,2,7
S01010347,K L M N. Financial real estate professional and administrative activities,72,71,21,50,1,0,1
S01010347,O P Q. Public administration education and health,105,103,39,64,2,0,2
S01010347,R S T U. Other,20,15,4,11,5,0,5
S01010348,All people aged 16 to 74 in employment,430,409,130,279,21,3,18
S01010348,A B D E. Agriculture energy and water,5,4,0,4,1,0,1
S01010348,C. Manufacturing,28,27,1,26,1,0,1
S01010348,F. Construction,26,17,3,14,9,0,9
S01010348,G I. Distribution hotels and restaurants,116,116,56,60,0,0,0
S01010348,H J. Transport and communication,33,29,5,24,4,1,3
S01010348,K L M N. Financial real estate professional and administrative activities,67,65,15,50,2,0,2
S01010348,O P Q. Public administration education and health,131,130,44,86,1,0,1
S01010348,R S T U. Other,24,21,6,15,3,2,1
S01010349,All people aged 16 to 74 in employment,361,340,104,236,21,4,17
S01010349,A B D E. Agriculture energy and water,10,10,1,9,0,0,0
S01010349,C. Manufacturing,23,22,1,21,1,0,1
S01010349,F. Construction,28,22,1,21,6,0,6
S01010349,G I. Distribution hotels and restaurants,89,84,39,45,5,1,4
S01010349,H J. Transport and communication,27,23,7,16,4,1,3
S01010349,K L M N. Financial real estate professional and administrative activities,49,48,10,38,1,1,0
S01010349,O P Q. Public administration education and health,113,112,41,71,1,0,1
S01010349,R S T U. Other,22,19,4,15,3,1,2
S01010350,All people aged 16 to 74 in employment,312,297,108,189,15,5,10
S01010350,A B D E. Agriculture energy and water,5,4,0,4,1,0,1
S01010350,C. Manufacturing,17,16,1,15,1,1,0
S01010350,F. Construction,17,13,3,10,4,0,4
S01010350,G I. Distribution hotels and restaurants,67,62,31,31,5,2,3
S01010350,H J. Transport and communication,23,21,4,17,2,1,1
S01010350,K L M N. Financial real estate professional and administrative activities,49,49,15,34,0,0,0
S01010350,O P Q. Public administration education and health,110,109,46,63,1,1,0
S01010350,R S T U. Other,24,23,8,15,1,0,1
S01010351,All people aged 16 to 74 in employment,405,374,117,257,31,6,25
S01010351,A B D E. Agriculture energy and water,4,4,0,4,0,0,0
S01010351,C. Manufacturing,16,15,0,15,1,0,1
S01010351,F. Construction,32,25,0,25,7,0,7
S01010351,G I. Distribution hotels and restaurants,101,95,47,48,6,1,5
S01010351,H J. Transport and communication,25,22,4,18,3,1,2
S01010351,K L M N. Financial real estate professional and administrative activities,53,51,14,37,2,0,2
S01010351,O P Q. Public administration education and health,145,140,43,97,5,2,3
S01010351,R S T U. Other,29,22,9,13,7,2,5
S01010352,All people aged 16 to 74 in employment,192,184,54,130,8,7,1
S01010352,A B D E. Agriculture energy and water,8,5,0,5,3,2,1
S01010352,C. Manufacturing,16,16,1,15,0,0,0
S01010352,F. Construction,8,8,0,8,0,0,0
S01010352,G I. Distribution hotels and restaurants,53,53,25,28,0,0,0
S01010352,H J. Transport and communication,23,22,3,19,1,1,0
S01010352,K L M N. Financial real estate professional and administrative activities,21,20,4,16,1,1,0
S01010352,O P Q. Public administration education and health,52,52,19,33,0,0,0
S01010352,R S T U. Other,11,8,2,6,3,3,0
S01010353,All people aged 16 to 74 in employment,252,231,72,159,21,8,13
S01010353,A B D E. Agriculture energy and water,5,5,0,5,0,0,0
S01010353,C. Manufacturing,6,5,0,5,1,0,1
S01010353,F. Construction,21,18,0,18,3,1,2
S01010353,G I. Distribution hotels and restaurants,75,70,40,30,5,2,3
S01010353,H J. Transport and communication,21,19,3,16,2,0,2
S01010353,K L M N. Financial real estate professional and administrative activities,44,39,5,34,5,3,2
S01010353,O P Q. Public administration education and health,70,66,22,44,4,2,2
S01010353,R S T U. Other,10,9,2,7,1,0,1
S01010354,All people aged 16 to 74 in employment,289,267,79,188,22,7,15
S01010354,A B D E. Agriculture energy and water,10,10,2,8,0,0,0
S01010354,C. Manufacturing,11,11,0,11,0,0,0
S01010354,F. Construction,21,16,1,15,5,1,4
S01010354,G I. Distribution hotels and restaurants,77,74,39,35,3,0,3
S01010354,H J. Transport and communication,22,16,1,15,6,1,5
S01010354,K L M N. Financial real estate professional and administrative activities,54,52,5,47,2,0,2
S01010354,O P Q. Public administration education and health,77,73,26,47,4,4,0
S01010354,R S T U. Other,17,15,5,10,2,1,1
S01010355,All people aged 16 to 74 in employment,319,293,93,200,26,8,18
S01010355,A B D E. Agriculture energy and water,6,5,0,5,1,0,1
S01010355,C. Manufacturing,14,14,1,13,0,0,0
S01010355,F. Construction,32,30,2,28,2,0,2
S01010355,G I. Distribution hotels and restaurants,94,89,39,50,5,2,3
S01010355,H J. Transport and communication,20,18,4,14,2,0,2
S01010355,K L M N. Financial real estate professional and administrative activities,53,41,9,32,12,4,8
S01010355,O P Q. Public administration education and health,85,83,27,56,2,2,0
S01010355,R S T U. Other,15,13,11,2,2,0,2
S01010356,All people aged 16 to 74 in employment,369,345,89,256,24,4,20
S01010356,A B D E. Agriculture energy and water,7,7,0,7,0,0,0
S01010356,C. Manufacturing,12,12,0,12,0,0,0
S01010356,F. Construction,27,20,1,19,7,1,6
S01010356,G I. Distribution hotels and restaurants,93,90,36,54,3,0,3
S01010356,H J. Transport and communication,39,32,1,31,7,1,6
S01010356,K L M N. Financial real estate professional and administrative activities,56,54,13,41,2,0,2
S01010356,O P Q. Public administration education and health,112,111,29,82,1,1,0
S01010356,R S T U. Other,23,19,9,10,4,1,3
S01010357,All people aged 16 to 74 in employment,217,206,60,146,11,4,7
S01010357,A B D E. Agriculture energy and water,1,1,0,1,0,0,0
S01010357,C. Manufacturing,7,6,0,6,1,0,1
S01010357,F. Construction,11,11,1,10,0,0,0
S01010357,G I. Distribution hotels and restaurants,50,49,22,27,1,1,0
S01010357,H J. Transport and communication,20,16,3,13,4,0,4
S01010357,K L M N. Financial real estate professional and administrative activities,40,38,6,32,2,0,2
S01010357,O P Q. Public administration education and health,77,75,20,55,2,2,0
S01010357,R S T U. Other,11,10,8,2,1,1,0
S01010358,All people aged 16 to 74 in employment,282,266,85,181,16,8,8
S01010358,A B D E. Agriculture energy and water,8,8,0,8,0,0,0
S01010358,C. Manufacturing,10,10,0,10,0,0,0
S01010358,F. Construction,25,24,0,24,1,0,1
S01010358,G I. Distribution hotels and restaurants,67,65,24,41,2,0,2
S01010358,H J. Transport and communication,20,17,3,14,3,0,3
S01010358,K L M N. Financial real estate professional and administrative activities,45,38,10,28,7,6,1
S01010358,O P Q. Public administration education and health,92,92,42,50,0,0,0
S01010358,R S T U. Other,15,12,6,6,3,2,1
S01010359,All people aged 16 to 74 in employment,238,213,89,124,25,5,20
S01010359,A B D E. Agriculture energy and water,3,3,1,2,0,0,0
S01010359,C. Manufacturing,11,10,1,9,1,0,1
S01010359,F. Construction,14,11,1,10,3,0,3
S01010359,G I. Distribution hotels and restaurants,74,73,42,31,1,1,0
S01010359,H J. Transport and communication,21,14,6,8,7,0,7
S01010359,K L M N. Financial real estate professional and administrative activities,43,39,13,26,4,2,2
S01010359,O P Q. Public administration education and health,53,49,19,30,4,2,2
S01010359,R S T U. Other,19,14,6,8,5,0,5
S01010360,All people aged 16 to 74 in employment,210,194,66,128,16,2,14
S01010360,A B D E. Agriculture energy and water,4,3,0,3,1,0,1
S01010360,C. Manufacturing,7,7,1,6,0,0,0
S01010360,F. Construction,16,14,1,13,2,0,2
S01010360,G I. Distribution hotels and restaurants,37,36,20,16,1,1,0
S01010360,H J. Transport and communication,22,17,1,16,5,0,5
S01010360,K L M N. Financial real estate professional and administrative activities,41,36,13,23,5,1,4
S01010360,O P Q. Public administration education and health,71,70,25,45,1,0,1
S01010360,R S T U. Other,12,11,5,6,1,0,1
S01010361,All people aged 16 to 74 in employment,184,172,70,102,12,5,7
S01010361,A B D E. Agriculture energy and water,4,3,0,3,1,1,0
S01010361,C. Manufacturing,4,2,0,2,2,0,2
S01010361,F. Construction,4,3,0,3,1,0,1
S01010361,G I. Distribution hotels and restaurants,54,52,25,27,2,2,0
S01010361,H J. Transport and communication,18,16,6,10,2,1,1
S01010361,K L M N. Financial real estate professional and administrative activities,49,46,24,22,3,0,3
S01010361,O P Q. Public administration education and health,43,43,12,31,0,0,0
S01010361,R S T U. Other,8,7,3,4,1,1,0
S01010362,All people aged 16 to 74 in employment,261,253,85,168,8,2,6
S01010362,A B D E. Agriculture energy and water,5,5,0,5,0,0,0
S01010362,C. Manufacturing,12,12,2,10,0,0,0
S01010362,F. Construction,12,11,1,10,1,0,1
S01010362,G I. Distribution hotels and restaurants,57,57,28,29,0,0,0
S01010362,H J. Transport and communication,31,28,4,24,3,0,3
S01010362,K L M N. Financial real estate professional and administrative activities,46,44,21,23,2,1,1
S01010362,O P Q. Public administration education and health,84,84,26,58,0,0,0
S01010362,R S T U. Other,14,12,3,9,2,1,1
S01010363,All people aged 16 to 74 in employment,415,362,81,281,53,17,36
S01010363,A B D E. Agriculture energy and water,8,7,0,7,1,1,0
S01010363,C. Manufacturing,18,16,2,14,2,0,2
S01010363,F. Construction,20,12,1,11,8,0,8
S01010363,G I. Distribution hotels and restaurants,69,60,28,32,9,1,8
S01010363,H J. Transport and communication,39,35,1,34,4,2,2
S01010363,K L M N. Financial real estate professional and administrative activities,70,57,8,49,13,4,9
S01010363,O P Q. Public administration education and health,172,164,38,126,8,6,2
S01010363,R S T U. Other,19,11,3,8,8,3,5
S01010364,All people aged 16 to 74 in employment,461,387,114,273,74,26,48
S01010364,A B D E. Agriculture energy and water,5,4,0,4,1,0,1
S01010364,C. Manufacturing,29,24,1,23,5,1,4
S01010364,F. Construction,19,13,0,13,6,2,4
S01010364,G I. Distribution hotels and restaurants,78,62,34,28,16,3,13
S01010364,H J. Transport and communication,43,26,3,23,17,3,14
S01010364,K L M N. Financial real estate professional and administrative activities,79,70,16,54,9,3,6
S01010364,O P Q. Public administration education and health,194,180,57,123,14,9,5
S01010364,R S T U. Other,14,8,3,5,6,5,1
S01010365,All people aged 16 to 74 in employment,556,434,92,342,122,32,90
S01010365,A B D E. Agriculture energy and water,5,4,2,2,1,0,1
S01010365,C. Manufacturing,25,23,1,22,2,1,1
S01010365,F. Construction,13,9,1,8,4,1,3
S01010365,G I. Distribution hotels and restaurants,91,65,29,36,26,10,16
S01010365,H J. Transport and communication,64,44,8,36,20,4,16
S01010365,K L M N. Financial real estate professional and administrative activities,118,81,12,69,37,6,31
S01010365,O P Q. Public administration education and health,207,189,36,153,18,5,13
S01010365,R S T U. Other,33,19,3,16,14,5,9
S01010366,All people aged 16 to 74 in employment,578,503,102,401,75,30,45
S01010366,A B D E. Agriculture energy and water,5,4,0,4,1,0,1
S01010366,C. Manufacturing,25,24,0,24,1,0,1
S01010366,F. Construction,25,16,1,15,9,4,5
S01010366,G I. Distribution hotels and restaurants,103,96,45,51,7,3,4
S01010366,H J. Transport and communication,52,39,5,34,13,1,12
S01010366,K L M N. Financial real estate professional and administrative activities,98,87,11,76,11,3,8
S01010366,O P Q. Public administration education and health,240,214,34,180,26,16,10
S01010366,R S T U. Other,30,23,6,17,7,3,4
S01010367,All people aged 16 to 74 in employment,625,538,183,355,87,30,57
S01010367,A B D E. Agriculture energy and water,5,5,1,4,0,0,0
S01010367,C. Manufacturing,29,26,6,20,3,0,3
S01010367,F. Construction,17,15,0,15,2,0,2
S01010367,G I. Distribution hotels and restaurants,128,117,79,38,11,3,8
S01010367,H J. Transport and communication,46,38,5,33,8,1,7
S01010367,K L M N. Financial real estate professional and administrative activities,130,90,19,71,40,16,24
S01010367,O P Q. Public administration education and health,231,220,62,158,11,6,5
S01010367,R S T U. Other,39,27,11,16,12,4,8
S01010368,All people aged 16 to 74 in employment,388,294,60,234,94,20,74
S01010368,A B D E. Agriculture energy and water,3,3,0,3,0,0,0
S01010368,C. Manufacturing,17,14,1,13,3,0,3
S01010368,F. Construction,16,9,2,7,7,2,5
S01010368,G I. Distribution hotels and restaurants,28,24,9,15,4,0,4
S01010368,H J. Transport and communication,38,28,7,21,10,4,6
S01010368,K L M N. Financial real estate professional and administrative activities,130,83,12,71,47,7,40
S01010368,O P Q. Public administration education and health,134,120,23,97,14,5,9
S01010368,R S T U. Other,22,13,6,7,9,2,7
S01010369,All people aged 16 to 74 in employment,473,414,104,310,59,21,38
S01010369,A B D E. Agriculture energy and water,6,4,1,3,2,0,2
S01010369,C. Manufacturing,19,12,1,11,7,4,3
S01010369,F. Construction,9,5,0,5,4,1,3
S01010369,G I. Distribution hotels and restaurants,89,81,44,37,8,3,5
S01010369,H J. Transport and communication,36,29,6,23,7,1,6
S01010369,K L M N. Financial real estate professional and administrative activities,88,80,8,72,8,2,6
S01010369,O P Q. Public administration education and health,196,179,36,143,17,9,8
S01010369,R S T U. Other,30,24,8,16,6,1,5
S01010370,All people aged 16 to 74 in employment,433,348,69,279,85,33,52
S01010370,A B D E. Agriculture energy and water,9,9,0,9,0,0,0
S01010370,C. Manufacturing,14,11,0,11,3,3,0
S01010370,F. Construction,10,7,0,7,3,0,3
S01010370,G I. Distribution hotels and restaurants,56,47,23,24,9,0,9
S01010370,H J. Transport and communication,44,32,4,28,12,4,8
S01010370,K L M N. Financial real estate professional and administrative activities,91,66,6,60,25,9,16
S01010370,O P Q. Public administration education and health,178,160,32,128,18,10,8
S01010370,R S T U. Other,31,16,4,12,15,7,8
S01010371,All people aged 16 to 74 in employment,565,469,113,356,96,32,64
S01010371,A B D E. Agriculture energy and water,6,6,0,6,0,0,0
S01010371,C. Manufacturing,27,23,4,19,4,0,4
S01010371,F. Construction,10,6,0,6,4,0,4
S01010371,G I. Distribution hotels and restaurants,90,82,45,37,8,1,7
S01010371,H J. Transport and communication,47,34,4,30,13,5,8
S01010371,K L M N. Financial real estate professional and administrative activities,142,114,16,98,28,9,19
S01010371,O P Q. Public administration education and health,199,179,32,147,20,8,12
S01010371,R S T U. Other,44,25,12,13,19,9,10
S01010372,All people aged 16 to 74 in employment,315,265,71,194,50,20,30
S01010372,A B D E. Agriculture energy and water,5,4,0,4,1,0,1
S01010372,C. Manufacturing,4,3,0,3,1,1,0
S01010372,F. Construction,5,4,0,4,1,0,1
S01010372,G I. Distribution hotels and restaurants,52,46,23,23,6,1,5
S01010372,H J. Transport and communication,31,19,5,14,12,6,6
S01010372,K L M N. Financial real estate professional and administrative activities,61,48,6,42,13,5,8
S01010372,O P Q. Public administration education and health,131,125,33,92,6,4,2
S01010372,R S T U. Other,26,16,4,12,10,3,7
S01010373,All people aged 16 to 74 in employment,429,364,80,284,65,15,50
S01010373,A B D E. Agriculture energy and water,8,7,1,6,1,1,0
S01010373,C. Manufacturing,11,9,1,8,2,0,2
S01010373,F. Construction,16,13,1,12,3,0,3
S01010373,G I. Distribution hotels and restaurants,68,63,28,35,5,1,4
S01010373,H J. Transport and communication,57,42,9,33,15,1,14
S01010373,K L M N. Financial real estate professional and administrative activities,75,57,9,48,18,2,16
S01010373,O P Q. Public administration education and health,168,157,27,130,11,6,5
S01010373,R S T U. Other,26,16,4,12,10,4,6
S01010374,All people aged 16 to 74 in employment,523,427,110,317,96,29,67
S01010374,A B D E. Agriculture energy and water,6,5,0,5,1,0,1
S01010374,C. Manufacturing,12,10,0,10,2,0,2
S01010374,F. Construction,16,10,0,10,6,1,5
S01010374,G I. Distribution hotels and restaurants,93,80,55,25,13,5,8
S01010374,H J. Transport and communication,32,26,1,25,6,4,2
S01010374,K L M N. Financial real estate professional and administrative activities,112,82,12,70,30,8,22
S01010374,O P Q. Public administration education and health,224,198,32,166,26,6,20
S01010374,R S T U. Other,28,16,10,6,12,5,7
S01010375,All people aged 16 to 74 in employment,222,199,96,103,23,9,14
S01010375,A B D E. Agriculture energy and water,5,3,0,3,2,1,1
S01010375,C. Manufacturing,4,3,0,3,1,0,1
S01010375,F. Construction,3,1,0,1,2,1,1
S01010375,G I. Distribution hotels and restaurants,75,67,60,7,8,2,6
S01010375,H J. Transport and communication,22,20,4,16,2,1,1
S01010375,K L M N. Financial real estate professional and administrative activities,32,27,8,19,5,2,3
S01010375,O P Q. Public administration education and health,68,67,17,50,1,0,1
S01010375,R S T U. Other,13,11,7,4,2,2,0
S01010376,All people aged 16 to 74 in employment,348,309,100,209,39,8,31
S01010376,A B D E. Agriculture energy and water,3,3,0,3,0,0,0
S01010376,C. Manufacturing,7,6,1,5,1,0,1
S01010376,F. Construction,4,4,2,2,0,0,0
S01010376,G I. Distribution hotels and restaurants,84,78,54,24,6,1,5
S01010376,H J. Transport and communication,42,33,5,28,9,1,8
S01010376,K L M N. Financial real estate professional and administrative activities,56,50,3,47,6,1,5
S01010376,O P Q. Public administration education and health,119,113,24,89,6,4,2
S01010376,R S T U. Other,33,22,11,11,11,1,10
S01010377,All people aged 16 to 74 in employment,386,330,143,187,56,25,31
S01010377,A B D E. Agriculture energy and water,3,3,1,2,0,0,0
S01010377,C. Manufacturing,11,10,1,9,1,1,0
S01010377,F. Construction,14,12,2,10,2,1,1
S01010377,G I. Distribution hotels and restaurants,100,96,75,21,4,2,2
S01010377,H J. Transport and communication,25,16,3,13,9,5,4
S01010377,K L M N. Financial real estate professional and administrative activities,58,52,11,41,6,0,6
S01010377,O P Q. Public administration education and health,132,118,33,85,14,8,6
S01010377,R S T U. Other,43,23,17,6,20,8,12
S01010378,All people aged 16 to 74 in employment,297,271,112,159,26,10,16
S01010378,A B D E. Agriculture energy and water,1,1,1,0,0,0,0
S01010378,C. Manufacturing,8,8,0,8,0,0,0
S01010378,F. Construction,5,4,1,3,1,0,1
S01010378,G I. Distribution hotels and restaurants,73,69,59,10,4,2,2
S01010378,H J. Transport and communication,24,19,4,15,5,1,4
S01010378,K L M N. Financial real estate professional and administrative activities,48,44,11,33,4,1,3
S01010378,O P Q. Public administration education and health,108,105,29,76,3,3,0
S01010378,R S T U. Other,30,21,7,14,9,3,6
S01010379,All people aged 16 to 74 in employment,456,401,170,231,55,19,36
S01010379,A B D E. Agriculture energy and water,6,6,0,6,0,0,0
S01010379,C. Manufacturing,5,5,1,4,0,0,0
S01010379,F. Construction,7,5,2,3,2,0,2
S01010379,G I. Distribution hotels and restaurants,136,130,102,28,6,1,5
S01010379,H J. Transport and communication,30,22,4,18,8,2,6
S01010379,K L M N. Financial real estate professional and administrative activities,64,52,13,39,12,6,6
S01010379,O P Q. Public administration education and health,168,152,37,115,16,5,11
S01010379,R S T U. Other,40,29,11,18,11,5,6
S01010380,All people aged 16 to 74 in employment,533,461,115,346,72,21,51
S01010380,A B D E. Agriculture energy and water,4,3,0,3,1,1,0
S01010380,C. Manufacturing,15,13,0,13,2,1,1
S01010380,F. Construction,11,9,0,9,2,1,1
S01010380,G I. Distribution hotels and restaurants,94,87,50,37,7,0,7
S01010380,H J. Transport and communication,49,41,2,39,8,1,7
S01010380,K L M N. Financial real estate professional and administrative activities,97,79,15,64,18,3,15
S01010380,O P Q. Public administration education and health,218,201,34,167,17,8,9
S01010380,R S T U. Other,45,28,14,14,17,6,11
S01010381,All people aged 16 to 74 in employment,348,318,77,241,30,10,20
S01010381,A B D E. Agriculture energy and water,5,5,0,5,0,0,0
S01010381,C. Manufacturing,17,17,1,16,0,0,0
S01010381,F. Construction,9,6,0,6,3,0,3
S01010381,G I. Distribution hotels and restaurants,72,72,46,26,0,0,0
S01010381,H J. Transport and communication,31,28,3,25,3,0,3
S01010381,K L M N. Financial real estate professional and administrative activities,67,61,7,54,6,2,4
S01010381,O P Q. Public administration education and health,122,118,15,103,4,1,3
S01010381,R S T U. Other,25,11,5,6,14,7,7
S01010382,All people aged 16 to 74 in employment,500,447,127,320,53,16,37
S01010382,A B D E. Agriculture energy and water,6,6,1,5,0,0,0
S01010382,C. Manufacturing,16,14,2,12,2,0,2
S01010382,F. Construction,9,8,0,8,1,0,1
S01010382,G I. Distribution hotels and restaurants,112,110,70,40,2,1,1
S01010382,H J. Transport and communication,45,34,9,25,11,2,9
S01010382,K L M N. Financial real estate professional and administrative activities,84,69,8,61,15,3,12
S01010382,O P Q. Public administration education and health,199,188,29,159,11,5,6
S01010382,R S T U. Other,29,18,8,10,11,5,6
S01010383,All people aged 16 to 74 in employment,285,256,93,163,29,9,20
S01010383,A B D E. Agriculture energy and water,2,2,0,2,0,0,0
S01010383,C. Manufacturing,11,10,1,9,1,0,1
S01010383,F. Construction,19,15,2,13,4,2,2
S01010383,G I. Distribution hotels and restaurants,74,72,40,32,2,1,1
S01010383,H J. Transport and communication,22,18,4,14,4,1,3
S01010383,K L M N. Financial real estate professional and administrative activities,41,33,10,23,8,2,6
S01010383,O P Q. Public administration education and health,86,84,28,56,2,0,2
S01010383,R S T U. Other,30,22,8,14,8,3,5
S01010384,All people aged 16 to 74 in employment,497,442,89,353,55,10,45
S01010384,A B D E. Agriculture energy and water,12,12,0,12,0,0,0
S01010384,C. Manufacturing,19,18,2,16,1,0,1
S01010384,F. Construction,18,14,1,13,4,0,4
S01010384,G I. Distribution hotels and restaurants,93,88,48,40,5,2,3
S01010384,H J. Transport and communication,50,40,2,38,10,0,10
S01010384,K L M N. Financial real estate professional and administrative activities,93,79,6,73,14,2,12
S01010384,O P Q. Public administration education and health,175,170,24,146,5,3,2
S01010384,R S T U. Other,37,21,6,15,16,3,13
S01010385,All people aged 16 to 74 in employment,443,383,99,284,60,25,35
S01010385,A B D E. Agriculture energy and water,3,3,1,2,0,0,0
S01010385,C. Manufacturing,18,16,3,13,2,0,2
S01010385,F. Construction,16,12,0,12,4,0,4
S01010385,G I. Distribution hotels and restaurants,77,69,31,38,8,4,4
S01010385,H J. Transport and communication,37,29,3,26,8,3,5
S01010385,K L M N. Financial real estate professional and administrative activities,82,71,11,60,11,4,7
S01010385,O P Q. Public administration education and health,165,157,42,115,8,4,4
S01010385,R S T U. Other,45,26,8,18,19,10,9
S01010386,All people aged 16 to 74 in employment,409,368,95,273,41,15,26
S01010386,A B D E. Agriculture energy and water,6,6,1,5,0,0,0
S01010386,C. Manufacturing,20,18,1,17,2,0,2
S01010386,F. Construction,19,14,1,13,5,1,4
S01010386,G I. Distribution hotels and restaurants,99,97,49,48,2,1,1
S01010386,H J. Transport and communication,35,30,6,24,5,2,3
S01010386,K L M N. Financial real estate professional and administrative activities,74,67,6,61,7,5,2
S01010386,O P Q. Public administration education and health,114,106,22,84,8,2,6
S01010386,R S T U. Other,42,30,9,21,12,4,8
S01010387,All people aged 16 to 74 in employment,588,541,115,426,47,12,35
S01010387,A B D E. Agriculture energy and water,11,9,0,9,2,0,2
S01010387,C. Manufacturing,18,17,0,17,1,1,0
S01010387,F. Construction,29,21,2,19,8,2,6
S01010387,G I. Distribution hotels and restaurants,128,125,54,71,3,1,2
S01010387,H J. Transport and communication,50,41,8,33,9,1,8
S01010387,K L M N. Financial real estate professional and administrative activities,132,120,18,102,12,4,8
S01010387,O P Q. Public administration education and health,185,180,20,160,5,1,4
S01010387,R S T U. Other,35,28,13,15,7,2,5
S01010388,All people aged 16 to 74 in employment,489,452,129,323,37,13,24
S01010388,A B D E. Agriculture energy and water,5,5,0,5,0,0,0
S01010388,C. Manufacturing,23,23,3,20,0,0,0
S01010388,F. Construction,28,24,0,24,4,1,3
S01010388,G I. Distribution hotels and restaurants,101,90,49,41,11,6,5
S01010388,H J. Transport and communication,38,31,5,26,7,1,6
S01010388,K L M N. Financial real estate professional and administrative activities,87,83,14,69,4,2,2
S01010388,O P Q. Public administration education and health,178,174,48,126,4,2,2
S01010388,R S T U. Other,29,22,10,12,7,1,6
S01010389,All people aged 16 to 74 in employment,696,623,77,546,73,13,60
S01010389,A B D E. Agriculture energy and water,6,6,1,5,0,0,0
S01010389,C. Manufacturing,43,40,2,38,3,1,2
S01010389,F. Construction,31,23,0,23,8,1,7
S01010389,G I. Distribution hotels and restaurants,101,93,28,65,8,1,7
S01010389,H J. Transport and communication,81,74,7,67,7,1,6
S01010389,K L M N. Financial real estate professional and administrative activities,143,120,8,112,23,3,20
S01010389,O P Q. Public administration education and health,257,246,20,226,11,1,10
S01010389,R S T U. Other,34,21,11,10,13,5,8
S01010390,All people aged 16 to 74 in employment,721,664,118,546,57,16,41
S01010390,A B D E. Agriculture energy and water,11,10,0,10,1,1,0
S01010390,C. Manufacturing,29,24,2,22,5,0,5
S01010390,F. Construction,26,18,1,17,8,1,7
S01010390,G I. Distribution hotels and restaurants,131,127,40,87,4,1,3
S01010390,H J. Transport and communication,64,57,6,51,7,2,5
S01010390,K L M N. Financial real estate professional and administrative activities,154,139,8,131,15,2,13
S01010390,O P Q. Public administration education and health,259,249,46,203,10,6,4
S01010390,R S T U. Other,47,40,15,25,7,3,4
S01010391,All people aged 16 to 74 in employment,503,461,82,379,42,13,29
S01010391,A B D E. Agriculture energy and water,5,5,0,5,0,0,0
S01010391,C. Manufacturing,19,15,0,15,4,1,3
S01010391,F. Construction,28,24,0,24,4,2,2
S01010391,G I. Distribution hotels and restaurants,94,88,38,50,6,3,3
S01010391,H J. Transport and communication,59,49,5,44,10,0,10
S01010391,K L M N. Financial real estate professional and administrative activities,84,76,10,66,8,2,6
S01010391,O P Q. Public administration education and health,197,191,26,165,6,3,3
S01010391,R S T U. Other,17,13,3,10,4,2,2
S01010392,All people aged 16 to 74 in employment,489,414,54,360,75,7,68
S01010392,A B D E. Agriculture energy and water,5,4,0,4,1,0,1
S01010392,C. Manufacturing,27,25,0,25,2,0,2
S01010392,F. Construction,15,10,0,10,5,0,5
S01010392,G I. Distribution hotels and restaurants,75,70,23,47,5,0,5
S01010392,H J. Transport and communication,50,36,4,32,14,1,13
S01010392,K L M N. Financial real estate professional and administrative activities,129,103,8,95,26,2,24
S01010392,O P Q. Public administration education and health,166,154,13,141,12,1,11
S01010392,R S T U. Other,22,12,6,6,10,3,7
S01010393,All people aged 16 to 74 in employment,634,566,118,448,68,14,54
S01010393,A B D E. Agriculture energy and water,8,7,0,7,1,0,1
S01010393,C. Manufacturing,22,22,0,22,0,0,0
S01010393,F. Construction,20,12,1,11,8,1,7
S01010393,G I. Distribution hotels and restaurants,136,128,53,75,8,3,5
S01010393,H J. Transport and communication,55,44,5,39,11,1,10
S01010393,K L M N. Financial real estate professional and administrative activities,134,121,13,108,13,5,8
S01010393,O P Q. Public administration education and health,221,206,39,167,15,2,13
S01010393,R S T U. Other,38,26,7,19,12,2,10
S01010394,All people aged 16 to 74 in employment,309,271,73,198,38,10,28
S01010394,A B D E. Agriculture energy and water,2,2,0,2,0,0,0
S01010394,C. Manufacturing,10,9,0,9,1,0,1
S01010394,F. Construction,12,7,1,6,5,1,4
S01010394,G I. Distribution hotels and restaurants,58,54,28,26,4,0,4
S01010394,H J. Transport and communication,33,23,2,21,10,0,10
S01010394,K L M N. Financial real estate professional and administrative activities,57,49,10,39,8,5,3
S01010394,O P Q. Public administration education and health,118,113,25,88,5,2,3
S01010394,R S T U. Other,19,14,7,7,5,2,3
S01010395,All people aged 16 to 74 in employment,538,502,100,402,36,6,30
S01010395,A B D E. Agriculture energy and water,9,9,2,7,0,0,0
S01010395,C. Manufacturing,35,35,0,35,0,0,0
S01010395,F. Construction,19,10,0,10,9,1,8
S01010395,G I. Distribution hotels and restaurants,97,91,33,58,6,2,4
S01010395,H J. Transport and communication,54,48,4,44,6,0,6
S01010395,K L M N. Financial real estate professional and administrative activities,99,92,12,80,7,0,7
S01010395,O P Q. Public administration education and health,194,189,38,151,5,1,4
S01010395,R S T U. Other,31,28,11,17,3,2,1
S01010396,All people aged 16 to 74 in employment,533,474,120,354,59,13,46
S01010396,A B D E. Agriculture energy and water,6,6,1,5,0,0,0
S01010396,C. Manufacturing,30,26,1,25,4,1,3
S01010396,F. Construction,20,19,0,19,1,0,1
S01010396,G I. Distribution hotels and restaurants,106,101,64,37,5,2,3
S01010396,H J. Transport and communication,58,46,4,42,12,1,11
S01010396,K L M N. Financial real estate professional and administrative activities,102,88,7,81,14,1,13
S01010396,O P Q. Public administration education and health,181,173,38,135,8,3,5
S01010396,R S T U. Other,30,15,5,10,15,5,10
S01010397,All people aged 16 to 74 in employment,320,275,62,213,45,7,38
S01010397,A B D E. Agriculture energy and water,8,8,0,8,0,0,0
S01010397,C. Manufacturing,12,11,0,11,1,0,1
S01010397,F. Construction,11,5,0,5,6,1,5
S01010397,G I. Distribution hotels and restaurants,51,47,29,18,4,1,3
S01010397,H J. Transport and communication,28,23,4,19,5,0,5
S01010397,K L M N. Financial real estate professional and administrative activities,60,50,4,46,10,1,9
S01010397,O P Q. Public administration education and health,136,123,21,102,13,2,11
S01010397,R S T U. Other,14,8,4,4,6,2,4
S01010398,All people aged 16 to 74 in employment,648,558,101,457,90,29,61
S01010398,A B D E. Agriculture energy and water,13,13,0,13,0,0,0
S01010398,C. Manufacturing,22,20,0,20,2,0,2
S01010398,F. Construction,14,8,0,8,6,0,6
S01010398,G I. Distribution hotels and restaurants,107,91,37,54,16,4,12
S01010398,H J. Transport and communication,41,29,4,25,12,5,7
S01010398,K L M N. Financial real estate professional and administrative activities,165,140,12,128,25,8,17
S01010398,O P Q. Public administration education and health,256,237,43,194,19,6,13
S01010398,R S T U. Other,30,20,5,15,10,6,4
S01010399,All people aged 16 to 74 in employment,735,661,119,542,74,25,49
S01010399,A B D E. Agriculture energy and water,8,7,0,7,1,0,1
S01010399,C. Manufacturing,31,30,5,25,1,0,1
S01010399,F. Construction,15,15,0,15,0,0,0
S01010399,G I. Distribution hotels and restaurants,91,86,44,42,5,0,5
S01010399,H J. Transport and communication,63,51,7,44,12,4,8
S01010399,K L M N. Financial real estate professional and administrative activities,177,153,14,139,24,5,19
S01010399,O P Q. Public administration education and health,312,293,41,252,19,8,11
S01010399,R S T U. Other,38,26,8,18,12,8,4
S01010400,All people aged 16 to 74 in employment,629,524,108,416,105,37,68
S01010400,A B D E. Agriculture energy and water,7,7,0,7,0,0,0
S01010400,C. Manufacturing,17,14,0,14,3,1,2
S01010400,F. Construction,17,15,1,14,2,2,0
S01010400,G I. Distribution hotels and restaurants,114,103,49,54,11,1,10
S01010400,H J. Transport and communication,61,43,4,39,18,5,13
S01010400,K L M N. Financial real estate professional and administrative activities,113,81,10,71,32,7,25
S01010400,O P Q. Public administration education and health,265,236,36,200,29,16,13
S01010400,R S T U. Other,35,25,8,17,10,5,5
S01010401,All people aged 16 to 74 in employment,366,303,64,239,63,17,46
S01010401,A B D E. Agriculture energy and water,3,2,0,2,1,0,1
S01010401,C. Manufacturing,11,11,0,11,0,0,0
S01010401,F. Construction,11,8,1,7,3,0,3
S01010401,G I. Distribution hotels and restaurants,53,50,31,19,3,0,3
S01010401,H J. Transport and communication,29,18,4,14,11,3,8
S01010401,K L M N. Financial real estate professional and administrative activities,90,70,7,63,20,5,15
S01010401,O P Q. Public administration education and health,137,122,15,107,15,5,10
S01010401,R S T U. Other,32,22,6,16,10,4,6
S01010402,All people aged 16 to 74 in employment,627,536,98,438,91,22,69
S01010402,A B D E. Agriculture energy and water,5,5,1,4,0,0,0
S01010402,C. Manufacturing,25,20,0,20,5,1,4
S01010402,F. Construction,16,11,0,11,5,2,3
S01010402,G I. Distribution hotels and restaurants,95,85,45,40,10,0,10
S01010402,H J. Transport and communication,42,37,4,33,5,3,2
S01010402,K L M N. Financial real estate professional and administrative activities,150,115,5,110,35,7,28
S01010402,O P Q. Public administration education and health,267,244,37,207,23,8,15
S01010402,R S T U. Other,27,19,6,13,8,1,7
S01010403,All people aged 16 to 74 in employment,577,484,96,388,93,26,67
S01010403,A B D E. Agriculture energy and water,11,10,0,10,1,1,0
S01010403,C. Manufacturing,24,22,4,18,2,1,1
S01010403,F. Construction,22,19,0,19,3,0,3
S01010403,G I. Distribution hotels and restaurants,64,52,23,29,12,2,10
S01010403,H J. Transport and communication,46,37,6,31,9,0,9
S01010403,K L M N. Financial real estate professional and administrative activities,131,96,18,78,35,10,25
S01010403,O P Q. Public administration education and health,250,226,36,190,24,10,14
S01010403,R S T U. Other,29,22,9,13,7,2,5
S01010404,All people aged 16 to 74 in employment,447,335,76,259,112,23,89
S01010404,A B D E. Agriculture energy and water,8,7,1,6,1,0,1
S01010404,C. Manufacturing,19,15,3,12,4,0,4
S01010404,F. Construction,17,8,0,8,9,1,8
S01010404,G I. Distribution hotels and restaurants,59,43,16,27,16,3,13
S01010404,H J. Transport and communication,48,33,6,27,15,2,13
S01010404,K L M N. Financial real estate professional and administrative activities,111,75,14,61,36,6,30
S01010404,O P Q. Public administration education and health,147,135,33,102,12,4,8
S01010404,R S T U. Other,38,19,3,16,19,7,12
S01010405,All people aged 16 to 74 in employment,485,396,80,316,89,24,65
S01010405,A B D E. Agriculture energy and water,2,2,0,2,0,0,0
S01010405,C. Manufacturing,16,12,2,10,4,1,3
S01010405,F. Construction,18,13,1,12,5,1,4
S01010405,G I. Distribution hotels and restaurants,59,50,15,35,9,3,6
S01010405,H J. Transport and communication,45,32,11,21,13,2,11
S01010405,K L M N. Financial real estate professional and administrative activities,105,79,11,68,26,5,21
S01010405,O P Q. Public administration education and health,219,195,36,159,24,10,14
S01010405,R S T U. Other,21,13,4,9,8,2,6
S01010406,All people aged 16 to 74 in employment,495,404,100,304,91,30,61
S01010406,A B D E. Agriculture energy and water,5,4,0,4,1,0,1
S01010406,C. Manufacturing,21,19,3,16,2,1,1
S01010406,F. Construction,13,11,0,11,2,0,2
S01010406,G I. Distribution hotels and restaurants,89,77,41,36,12,2,10
S01010406,H J. Transport and communication,42,32,5,27,10,3,7
S01010406,K L M N. Financial real estate professional and administrative activities,115,84,9,75,31,5,26
S01010406,O P Q. Public administration education and health,181,158,33,125,23,13,10
S01010406,R S T U. Other,29,19,9,10,10,6,4
S01010407,All people aged 16 to 74 in employment,424,372,125,247,52,16,36
S01010407,A B D E. Agriculture energy and water,9,8,2,6,1,0,1
S01010407,C. Manufacturing,20,18,1,17,2,0,2
S01010407,F. Construction,10,9,0,9,1,0,1
S01010407,G I. Distribution hotels and restaurants,110,108,76,32,2,0,2
S01010407,H J. Transport and communication,35,30,7,23,5,0,5
S01010407,K L M N. Financial real estate professional and administrative activities,70,58,8,50,12,4,8
S01010407,O P Q. Public administration education and health,143,128,24,104,15,6,9
S01010407,R S T U. Other,27,13,7,6,14,6,8
S01010408,All people aged 16 to 74 in employment,233,201,46,155,32,10,22
S01010408,A B D E. Agriculture energy and water,7,4,0,4,3,1,2
S01010408,C. Manufacturing,16,12,2,10,4,0,4
S01010408,F. Construction,9,4,0,4,5,1,4
S01010408,G I. Distribution hotels and restaurants,35,31,13,18,4,0,4
S01010408,H J. Transport and communication,12,10,2,8,2,1,1
S01010408,K L M N. Financial real estate professional and administrative activities,42,39,7,32,3,2,1
S01010408,O P Q. Public administration education and health,102,95,19,76,7,3,4
S01010408,R S T U. Other,10,6,3,3,4,2,2
S01010409,All people aged 16 to 74 in employment,329,274,92,182,55,13,42
S01010409,A B D E. Agriculture energy and water,5,4,0,4,1,0,1
S01010409,C. Manufacturing,13,13,0,13,0,0,0
S01010409,F. Construction,9,6,0,6,3,0,3
S01010409,G I. Distribution hotels and restaurants,70,52,33,19,18,5,13
S01010409,H J. Transport and communication,30,18,3,15,12,0,12
S01010409,K L M N. Financial real estate professional and administrative activities,50,40,7,33,10,1,9
S01010409,O P Q. Public administration education and health,140,131,43,88,9,6,3
S01010409,R S T U. Other,12,10,6,4,2,1,1
S01010410,All people aged 16 to 74 in employment,302,260,65,195,42,8,34
S01010410,A B D E. Agriculture energy and water,8,8,2,6,0,0,0
S01010410,C. Manufacturing,25,24,2,22,1,0,1
S01010410,F. Construction,18,15,1,14,3,0,3
S01010410,G I. Distribution hotels and restaurants,41,32,15,17,9,1,8
S01010410,H J. Transport and communication,19,14,2,12,5,2,3
S01010410,K L M N. Financial real estate professional and administrative activities,58,45,9,36,13,2,11
S01010410,O P Q. Public administration education and health,125,117,33,84,8,2,6
S01010410,R S T U. Other,8,5,1,4,3,1,2
S01010411,All people aged 16 to 74 in employment,509,423,134,289,86,23,63
S01010411,A B D E. Agriculture energy and water,7,7,1,6,0,0,0
S01010411,C. Manufacturing,20,17,1,16,3,1,2
S01010411,F. Construction,19,16,2,14,3,1,2
S01010411,G I. Distribution hotels and restaurants,67,55,35,20,12,1,11
S01010411,H J. Transport and communication,41,33,6,27,8,2,6
S01010411,K L M N. Financial real estate professional and administrative activities,106,80,18,62,26,5,21
S01010411,O P Q. Public administration education and health,219,194,65,129,25,11,14
S01010411,R S T U. Other,30,21,6,15,9,2,7
S01010412,All people aged 16 to 74 in employment,490,423,70,353,67,13,54
S01010412,A B D E. Agriculture energy and water,10,7,1,6,3,1,2
S01010412,C. Manufacturing,20,18,1,17,2,0,2
S01010412,F. Construction,8,8,0,8,0,0,0
S01010412,G I. Distribution hotels and restaurants,56,53,22,31,3,1,2
S01010412,H J. Transport and communication,47,38,5,33,9,0,9
S01010412,K L M N. Financial real estate professional and administrative activities,109,93,9,84,16,2,14
S01010412,O P Q. Public administration education and health,205,182,24,158,23,6,17
S01010412,R S T U. Other,35,24,8,16,11,3,8
S01010413,All people aged 16 to 74 in employment,302,242,54,188,60,18,42
S01010413,A B D E. Agriculture energy and water,4,3,0,3,1,0,1
S01010413,C. Manufacturing,5,5,3,2,0,0,0
S01010413,F. Construction,11,10,0,10,1,0,1
S01010413,G I. Distribution hotels and restaurants,43,33,12,21,10,3,7
S01010413,H J. Transport and communication,22,16,3,13,6,2,4
S01010413,K L M N. Financial real estate professional and administrative activities,71,51,5,46,20,3,17
S01010413,O P Q. Public administration education and health,129,113,28,85,16,9,7
S01010413,R S T U. Other,17,11,3,8,6,1,5
S01010414,All people aged 16 to 74 in employment,512,440,103,337,72,24,48
S01010414,A B D E. Agriculture energy and water,5,5,0,5,0,0,0
S01010414,C. Manufacturing,15,13,1,12,2,1,1
S01010414,F. Construction,25,22,1,21,3,1,2
S01010414,G I. Distribution hotels and restaurants,66,58,27,31,8,2,6
S01010414,H J. Transport and communication,54,43,3,40,11,1,10
S01010414,K L M N. Financial real estate professional and administrative activities,111,88,20,68,23,10,13
S01010414,O P Q. Public administration education and health,218,199,48,151,19,5,14
S01010414,R S T U. Other,18,12,3,9,6,4,2
S01010415,All people aged 16 to 74 in employment,434,369,109,260,65,16,49
S01010415,A B D E. Agriculture energy and water,6,6,1,5,0,0,0
S01010415,C. Manufacturing,17,15,1,14,2,0,2
S01010415,F. Construction,21,13,3,10,8,1,7
S01010415,G I. Distribution hotels and restaurants,95,85,40,45,10,2,8
S01010415,H J. Transport and communication,48,36,5,31,12,0,12
S01010415,K L M N. Financial real estate professional and administrative activities,69,55,7,48,14,4,10
S01010415,O P Q. Public administration education and health,153,140,42,98,13,8,5
S01010415,R S T U. Other,25,19,10,9,6,1,5
S01010416,All people aged 16 to 74 in employment,355,295,70,225,60,19,41
S01010416,A B D E. Agriculture energy and water,7,7,0,7,0,0,0
S01010416,C. Manufacturing,12,12,1,11,0,0,0
S01010416,F. Construction,17,11,1,10,6,1,5
S01010416,G I. Distribution hotels and restaurants,55,41,19,22,14,2,12
S01010416,H J. Transport and communication,27,19,5,14,8,3,5
S01010416,K L M N. Financial real estate professional and administrative activities,72,55,12,43,17,5,12
S01010416,O P Q. Public administration education and health,145,136,26,110,9,6,3
S01010416,R S T U. Other,20,14,6,8,6,2,4
S01010417,All people aged 16 to 74 in employment,327,286,69,217,41,12,29
S01010417,A B D E. Agriculture energy and water,4,3,0,3,1,1,0
S01010417,C. Manufacturing,13,12,0,12,1,1,0
S01010417,F. Construction,8,6,1,5,2,1,1
S01010417,G I. Distribution hotels and restaurants,40,37,20,17,3,1,2
S01010417,H J. Transport and communication,19,15,5,10,4,1,3
S01010417,K L M N. Financial real estate professional and administrative activities,67,54,10,44,13,1,12
S01010417,O P Q. Public administration education and health,149,141,32,109,8,4,4
S01010417,R S T U. Other,27,18,1,17,9,2,7
S01010418,All people aged 16 to 74 in employment,657,551,90,461,106,25,81
S01010418,A B D E. Agriculture energy and water,9,6,0,6,3,0,3
S01010418,C. Manufacturing,24,21,1,20,3,0,3
S01010418,F. Construction,19,17,2,15,2,0,2
S01010418,G I. Distribution hotels and restaurants,64,53,16,37,11,0,11
S01010418,H J. Transport and communication,53,40,2,38,13,2,11
S01010418,K L M N. Financial real estate professional and administrative activities,173,131,11,120,42,13,29
S01010418,O P Q. Public administration education and health,272,253,53,200,19,5,14
S01010418,R S T U. Other,43,30,5,25,13,5,8
S01010419,All people aged 16 to 74 in employment,559,479,102,377,80,21,59
S01010419,A B D E. Agriculture energy and water,7,5,0,5,2,0,2
S01010419,C. Manufacturing,24,22,2,20,2,0,2
S01010419,F. Construction,14,11,1,10,3,1,2
S01010419,G I. Distribution hotels and restaurants,56,50,21,29,6,0,6
S01010419,H J. Transport and communication,49,38,3,35,11,3,8
S01010419,K L M N. Financial real estate professional and administrative activities,125,102,14,88,23,8,15
S01010419,O P Q. Public administration education and health,251,231,52,179,20,6,14
S01010419,R S T U. Other,33,20,9,11,13,3,10
S01010420,All people aged 16 to 74 in employment,314,267,81,186,47,12,35
S01010420,A B D E. Agriculture energy and water,2,2,0,2,0,0,0
S01010420,C. Manufacturing,6,4,1,3,2,1,1
S01010420,F. Construction,16,12,0,12,4,0,4
S01010420,G I. Distribution hotels and restaurants,60,51,31,20,9,3,6
S01010420,H J. Transport and communication,35,26,4,22,9,2,7
S01010420,K L M N. Financial real estate professional and administrative activities,54,41,10,31,13,2,11
S01010420,O P Q. Public administration education and health,130,123,34,89,7,3,4
S01010420,R S T U. Other,11,8,1,7,3,1,2
S01010421,All people aged 16 to 74 in employment,425,360,92,268,65,19,46
S01010421,A B D E. Agriculture energy and water,6,6,1,5,0,0,0
S01010421,C. Manufacturing,12,12,1,11,0,0,0
S01010421,F. Construction,18,15,1,14,3,1,2
S01010421,G I. Distribution hotels and restaurants,58,54,29,25,4,0,4
S01010421,H J. Transport and communication,31,22,1,21,9,4,5
S01010421,K L M N. Financial real estate professional and administrative activities,92,67,8,59,25,6,19
S01010421,O P Q. Public administration education and health,185,170,50,120,15,5,10
S01010421,R S T U. Other,23,14,1,13,9,3,6
S01010422,All people aged 16 to 74 in employment,509,446,122,324,63,18,45
S01010422,A B D E. Agriculture energy and water,3,3,0,3,0,0,0
S01010422,C. Manufacturing,23,19,1,18,4,1,3
S01010422,F. Construction,32,22,7,15,10,3,7
S01010422,G I. Distribution hotels and restaurants,82,70,42,28,12,2,10
S01010422,H J. Transport and communication,38,27,3,24,11,4,7
S01010422,K L M N. Financial real estate professional and administrative activities,93,83,13,70,10,1,9
S01010422,O P Q. Public administration education and health,212,204,50,154,8,4,4
S01010422,R S T U. Other,26,18,6,12,8,3,5
S01010423,All people aged 16 to 74 in employment,357,336,89,247,21,5,16
S01010423,A B D E. Agriculture energy and water,2,2,0,2,0,0,0
S01010423,C. Manufacturing,26,26,2,24,0,0,0
S01010423,F. Construction,29,24,2,22,5,0,5
S01010423,G I. Distribution hotels and restaurants,68,65,36,29,3,1,2
S01010423,H J. Transport and communication,29,25,4,21,4,1,3
S01010423,K L M N. Financial real estate professional and administrative activities,55,54,10,44,1,0,1
S01010423,O P Q. Public administration education and health,132,128,31,97,4,2,2
S01010423,R S T U. Other,16,12,4,8,4,1,3
S01010424,All people aged 16 to 74 in employment,339,316,100,216,23,11,12
S01010424,A B D E. Agriculture energy and water,4,4,1,3,0,0,0
S01010424,C. Manufacturing,18,18,2,16,0,0,0
S01010424,F. Construction,18,15,2,13,3,2,1
S01010424,G I. Distribution hotels and restaurants,70,68,37,31,2,1,1
S01010424,H J. Transport and communication,25,20,0,20,5,2,3
S01010424,K L M N. Financial real estate professional and administrative activities,65,62,15,47,3,1,2
S01010424,O P Q. Public administration education and health,114,112,36,76,2,1,1
S01010424,R S T U. Other,25,17,7,10,8,4,4
S01010425,All people aged 16 to 74 in employment,458,423,132,291,35,12,23
S01010425,A B D E. Agriculture energy and water,7,7,1,6,0,0,0
S01010425,C. Manufacturing,33,32,5,27,1,0,1
S01010425,F. Construction,30,21,1,20,9,2,7
S01010425,G I. Distribution hotels and restaurants,113,105,58,47,8,1,7
S01010425,H J. Transport and communication,25,25,3,22,0,0,0
S01010425,K L M N. Financial real estate professional and administrative activities,69,63,9,54,6,5,1
S01010425,O P Q. Public administration education and health,162,155,47,108,7,2,5
S01010425,R S T U. Other,19,15,8,7,4,2,2
S01010426,All people aged 16 to 74 in employment,345,323,70,253,22,9,13
S01010426,A B D E. Agriculture energy and water,3,3,0,3,0,0,0
S01010426,C. Manufacturing,24,22,1,21,2,1,1
S01010426,F. Construction,21,16,0,16,5,1,4
S01010426,G I. Distribution hotels and restaurants,62,62,28,34,0,0,0
S01010426,H J. Transport and communication,26,24,0,24,2,1,1
S01010426,K L M N. Financial real estate professional and administrative activities,60,54,5,49,6,4,2
S01010426,O P Q. Public administration education and health,128,127,32,95,1,1,0
S01010426,R S T U. Other,21,15,4,11,6,1,5
S01010427,All people aged 16 to 74 in employment,314,276,82,194,38,5,33
S01010427,A B D E. Agriculture energy and water,5,5,0,5,0,0,0
S01010427,C. Manufacturing,27,23,5,18,4,0,4
S01010427,F. Construction,23,16,3,13,7,0,7
S01010427,G I. Distribution hotels and restaurants,59,57,24,33,2,1,1
S01010427,H J. Transport and communication,33,22,3,19,11,1,10
S01010427,K L M N. Financial real estate professional and administrative activities,49,43,12,31,6,1,5
S01010427,O P Q. Public administration education and health,109,104,34,70,5,2,3
S01010427,R S T U. Other,9,6,1,5,3,0,3
S01010428,All people aged 16 to 74 in employment,340,303,83,220,37,8,29
S01010428,A B D E. Agriculture energy and water,7,6,1,5,1,0,1
S01010428,C. Manufacturing,15,13,0,13,2,0,2
S01010428,F. Construction,16,12,2,10,4,1,3
S01010428,G I. Distribution hotels and restaurants,50,49,27,22,1,0,1
S01010428,H J. Transport and communication,38,29,5,24,9,1,8
S01010428,K L M N. Financial real estate professional and administrative activities,68,57,14,43,11,3,8
S01010428,O P Q. Public administration education and health,131,125,30,95,6,2,4
S01010428,R S T U. Other,15,12,4,8,3,1,2
S01010429,All people aged 16 to 74 in employment,526,470,125,345,56,15,41
S01010429,A B D E. Agriculture energy and water,5,5,1,4,0,0,0
S01010429,C. Manufacturing,24,22,2,20,2,0,2
S01010429,F. Construction,22,13,0,13,9,1,8
S01010429,G I. Distribution hotels and restaurants,60,55,32,23,5,2,3
S01010429,H J. Transport and communication,52,40,7,33,12,2,10
S01010429,K L M N. Financial real estate professional and administrative activities,91,80,17,63,11,2,9
S01010429,O P Q. Public administration education and health,245,234,62,172,11,5,6
S01010429,R S T U. Other,27,21,4,17,6,3,3
S01010430,All people aged 16 to 74 in employment,327,298,112,186,29,13,16
S01010430,A B D E. Agriculture energy and water,1,1,0,1,0,0,0
S01010430,C. Manufacturing,26,26,4,22,0,0,0
S01010430,F. Construction,20,12,0,12,8,4,4
S01010430,G I. Distribution hotels and restaurants,94,91,44,47,3,1,2
S01010430,H J. Transport and communication,32,24,3,21,8,2,6
S01010430,K L M N. Financial real estate professional and administrative activities,49,42,15,27,7,3,4
S01010430,O P Q. Public administration education and health,91,89,41,48,2,2,0
S01010430,R S T U. Other,14,13,5,8,1,1,0
S01010431,All people aged 16 to 74 in employment,358,306,72,234,52,18,34
S01010431,A B D E. Agriculture energy and water,4,4,0,4,0,0,0
S01010431,C. Manufacturing,22,20,1,19,2,0,2
S01010431,F. Construction,20,16,1,15,4,0,4
S01010431,G I. Distribution hotels and restaurants,47,37,18,19,10,5,5
S01010431,H J. Transport and communication,30,20,0,20,10,2,8
S01010431,K L M N. Financial real estate professional and administrative activities,59,46,10,36,13,5,8
S01010431,O P Q. Public administration education and health,149,144,37,107,5,3,2
S01010431,R S T U. Other,27,19,5,14,8,3,5
S01010432,All people aged 16 to 74 in employment,391,368,86,282,23,4,19
S01010432,A B D E. Agriculture energy and water,7,7,0,7,0,0,0
S01010432,C. Manufacturing,18,18,0,18,0,0,0
S01010432,F. Construction,34,26,2,24,8,1,7
S01010432,G I. Distribution hotels and restaurants,93,84,38,46,9,1,8
S01010432,H J. Transport and communication,33,30,3,27,3,0,3
S01010432,K L M N. Financial real estate professional and administrative activities,57,57,10,47,0,0,0
S01010432,O P Q. Public administration education and health,134,133,28,105,1,0,1
S01010432,R S T U. Other,15,13,5,8,2,2,0
S01010433,All people aged 16 to 74 in employment,206,184,88,96,22,12,10
S01010433,A B D E. Agriculture energy and water,1,0,0,0,1,0,1
S01010433,C. Manufacturing,13,13,1,12,0,0,0
S01010433,F. Construction,10,6,1,5,4,1,3
S01010433,G I. Distribution hotels and restaurants,82,76,50,26,6,2,4
S01010433,H J. Transport and communication,18,11,2,9,7,7,0
S01010433,K L M N. Financial real estate professional and administrative activities,24,21,8,13,3,1,2
S01010433,O P Q. Public administration education and health,47,47,20,27,0,0,0
S01010433,R S T U. Other,11,10,6,4,1,1,0
S01010434,All people aged 16 to 74 in employment,235,220,74,146,15,2,13
S01010434,A B D E. Agriculture energy and water,5,5,0,5,0,0,0
S01010434,C. Manufacturing,21,21,2,19,0,0,0
S01010434,F. Construction,19,16,4,12,3,0,3
S01010434,G I. Distribution hotels and restaurants,53,50,26,24,3,1,2
S01010434,H J. Transport and communication,22,16,5,11,6,0,6
S01010434,K L M N. Financial real estate professional and administrative activities,38,38,12,26,0,0,0
S01010434,O P Q. Public administration education and health,61,59,18,41,2,1,1
S01010434,R S T U. Other,16,15,7,8,1,0,1
S01010435,All people aged 16 to 74 in employment,277,261,78,183,16,7,9
S01010435,A B D E. Agriculture energy and water,4,4,0,4,0,0,0
S01010435,C. Manufacturing,24,24,0,24,0,0,0
S01010435,F. Construction,21,18,3,15,3,0,3
S01010435,G I. Distribution hotels and restaurants,61,56,26,30,5,3,2
S01010435,H J. Transport and communication,23,21,5,16,2,0,2
S01010435,K L M N. Financial real estate professional and administrative activities,33,32,8,24,1,0,1
S01010435,O P Q. Public administration education and health,94,92,31,61,2,2,0
S01010435,R S T U. Other,17,14,5,9,3,2,1
S01010436,All people aged 16 to 74 in employment,329,299,92,207,30,10,20
S01010436,A B D E. Agriculture energy and water,8,8,1,7,0,0,0
S01010436,C. Manufacturing,21,20,0,20,1,1,0
S01010436,F. Construction,21,13,0,13,8,0,8
S01010436,G I. Distribution hotels and restaurants,85,77,41,36,8,3,5
S01010436,H J. Transport and communication,26,24,4,20,2,0,2
S01010436,K L M N. Financial real estate professional and administrative activities,36,35,10,25,1,1,0
S01010436,O P Q. Public administration education and health,109,105,31,74,4,2,2
S01010436,R S T U. Other,23,17,5,12,6,3,3
S01010437,All people aged 16 to 74 in employment,222,207,63,144,15,8,7
S01010437,A B D E. Agriculture energy and water,3,3,0,3,0,0,0
S01010437,C. Manufacturing,16,16,0,16,0,0,0
S01010437,F. Construction,13,13,1,12,0,0,0
S01010437,G I. Distribution hotels and restaurants,42,38,16,22,4,2,2
S01010437,H J. Transport and communication,25,19,4,15,6,4,2
S01010437,K L M N. Financial real estate professional and administrative activities,36,36,16,20,0,0,0
S01010437,O P Q. Public administration education and health,76,74,23,51,2,1,1
S01010437,R S T U. Other,11,8,3,5,3,1,2
S01010438,All people aged 16 to 74 in employment,327,307,87,220,20,6,14
S01010438,A B D E. Agriculture energy and water,4,4,0,4,0,0,0
S01010438,C. Manufacturing,28,25,3,22,3,1,2
S01010438,F. Construction,28,20,1,19,8,3,5
S01010438,G I. Distribution hotels and restaurants,78,77,30,47,1,0,1
S01010438,H J. Transport and communication,23,19,2,17,4,1,3
S01010438,K L M N. Financial real estate professional and administrative activities,37,35,8,27,2,0,2
S01010438,O P Q. Public administration education and health,117,116,36,80,1,1,0
S01010438,R S T U. Other,12,11,7,4,1,0,1
S01010439,All people aged 16 to 74 in employment,484,461,89,372,23,7,16
S01010439,A B D E. Agriculture energy and water,10,10,3,7,0,0,0
S01010439,C. Manufacturing,23,23,3,20,0,0,0
S01010439,F. Construction,47,40,2,38,7,1,6
S01010439,G I. Distribution hotels and restaurants,84,81,28,53,3,1,2
S01010439,H J. Transport and communication,37,34,2,32,3,1,2
S01010439,K L M N. Financial real estate professional and administrative activities,101,94,20,74,7,3,4
S01010439,O P Q. Public administration education and health,154,152,27,125,2,1,1
S01010439,R S T U. Other,28,27,4,23,1,0,1
S01010440,All people aged 16 to 74 in employment,238,221,58,163,17,8,9
S01010440,A B D E. Agriculture energy and water,2,2,1,1,0,0,0
S01010440,C. Manufacturing,15,14,1,13,1,0,1
S01010440,F. Construction,26,21,2,19,5,0,5
S01010440,G I. Distribution hotels and restaurants,41,40,17,23,1,0,1
S01010440,H J. Transport and communication,23,19,2,17,4,4,0
S01010440,K L M N. Financial real estate professional and administrative activities,27,25,5,20,2,2,0
S01010440,O P Q. Public administration education and health,96,93,27,66,3,1,2
S01010440,R S T U. Other,8,7,3,4,1,1,0
S01010441,All people aged 16 to 74 in employment,532,507,86,421,25,7,18
S01010441,A B D E. Agriculture energy and water,6,6,2,4,0,0,0
S01010441,C. Manufacturing,34,34,3,31,0,0,0
S01010441,F. Construction,40,30,0,30,10,2,8
S01010441,G I. Distribution hotels and restaurants,106,102,34,68,4,1,3
S01010441,H J. Transport and communication,35,33,1,32,2,1,1
S01010441,K L M N. Financial real estate professional and administrative activities,109,105,13,92,4,1,3
S01010441,O P Q. Public administration education and health,181,179,28,151,2,1,1
S01010441,R S T U. Other,21,18,5,13,3,1,2
S01010442,All people aged 16 to 74 in employment,392,366,111,255,26,7,19
S01010442,A B D E. Agriculture energy and water,2,2,0,2,0,0,0
S01010442,C. Manufacturing,31,30,6,24,1,0,1
S01010442,F. Construction,28,22,4,18,6,1,5
S01010442,G I. Distribution hotels and restaurants,86,81,46,35,5,3,2
S01010442,H J. Transport and communication,32,31,1,30,1,0,1
S01010442,K L M N. Financial real estate professional and administrative activities,75,72,12,60,3,0,3
S01010442,O P Q. Public administration education and health,115,110,33,77,5,2,3
S01010442,R S T U. Other,23,18,9,9,5,1,4
S01010443,All people aged 16 to 74 in employment,240,215,67,148,25,4,21
S01010443,A B D E. Agriculture energy and water,3,3,0,3,0,0,0
S01010443,C. Manufacturing,16,13,1,12,3,0,3
S01010443,F. Construction,19,13,0,13,6,1,5
S01010443,G I. Distribution hotels and restaurants,60,57,26,31,3,0,3
S01010443,H J. Transport and communication,17,12,1,11,5,0,5
S01010443,K L M N. Financial real estate professional and administrative activities,34,31,9,22,3,3,0
S01010443,O P Q. Public administration education and health,78,77,27,50,1,0,1
S01010443,R S T U. Other,13,9,3,6,4,0,4
S01010444,All people aged 16 to 74 in employment,262,238,78,160,24,9,15
S01010444,A B D E. Agriculture energy and water,2,2,1,1,0,0,0
S01010444,C. Manufacturing,16,14,3,11,2,0,2
S01010444,F. Construction,18,15,0,15,3,0,3
S01010444,G I. Distribution hotels and restaurants,54,49,24,25,5,3,2
S01010444,H J. Transport and communication,26,22,4,18,4,1,3
S01010444,K L M N. Financial real estate professional and administrative activities,31,29,3,26,2,1,1
S01010444,O P Q. Public administration education and health,97,91,32,59,6,3,3
S01010444,R S T U. Other,18,16,11,5,2,1,1
S01010445,All people aged 16 to 74 in employment,306,276,65,211,30,7,23
S01010445,A B D E. Agriculture energy and water,9,9,2,7,0,0,0
S01010445,C. Manufacturing,17,16,2,14,1,0,1
S01010445,F. Construction,41,28,1,27,13,3,10
S01010445,G I. Distribution hotels and restaurants,60,54,22,32,6,3,3
S01010445,H J. Transport and communication,21,16,1,15,5,0,5
S01010445,K L M N. Financial real estate professional and administrative activities,39,38,5,33,1,0,1
S01010445,O P Q. Public administration education and health,102,101,28,73,1,1,0
S01010445,R S T U. Other,17,14,4,10,3,0,3
S01010446,All people aged 16 to 74 in employment,403,353,107,246,50,10,40
S01010446,A B D E. Agriculture energy and water,13,11,2,9,2,1,1
S01010446,C. Manufacturing,33,29,0,29,4,2,2
S01010446,F. Construction,36,23,2,21,13,0,13
S01010446,G I. Distribution hotels and restaurants,84,77,40,37,7,2,5
S01010446,H J. Transport and communication,32,23,2,21,9,1,8
S01010446,K L M N. Financial real estate professional and administrative activities,49,44,12,32,5,1,4
S01010446,O P Q. Public administration education and health,134,129,42,87,5,2,3
S01010446,R S T U. Other,22,17,7,10,5,1,4
S01010447,All people aged 16 to 74 in employment,349,321,89,232,28,9,19
S01010447,A B D E. Agriculture energy and water,6,6,0,6,0,0,0
S01010447,C. Manufacturing,25,25,2,23,0,0,0
S01010447,F. Construction,32,25,1,24,7,2,5
S01010447,G I. Distribution hotels and restaurants,78,75,32,43,3,1,2
S01010447,H J. Transport and communication,29,21,1,20,8,3,5
S01010447,K L M N. Financial real estate professional and administrative activities,48,44,15,29,4,3,1
S01010447,O P Q. Public administration education and health,116,112,36,76,4,0,4
S01010447,R S T U. Other,15,13,2,11,2,0,2
S01010448,All people aged 16 to 74 in employment,400,366,111,255,34,9,25
S01010448,A B D E. Agriculture energy and water,3,3,0,3,0,0,0
S01010448,C. Manufacturing,19,19,1,18,0,0,0
S01010448,F. Construction,32,26,3,23,6,1,5
S01010448,G I. Distribution hotels and restaurants,88,79,38,41,9,2,7
S01010448,H J. Transport and communication,41,30,1,29,11,3,8
S01010448,K L M N. Financial real estate professional and administrative activities,63,61,14,47,2,0,2
S01010448,O P Q. Public administration education and health,143,140,49,91,3,2,1
S01010448,R S T U. Other,11,8,5,3,3,1,2
S01010449,All people aged 16 to 74 in employment,293,275,73,202,18,3,15
S01010449,A B D E. Agriculture energy and water,4,4,1,3,0,0,0
S01010449,C. Manufacturing,21,20,2,18,1,0,1
S01010449,F. Construction,26,19,1,18,7,1,6
S01010449,G I. Distribution hotels and restaurants,57,53,22,31,4,0,4
S01010449,H J. Transport and communication,26,24,2,22,2,1,1
S01010449,K L M N. Financial real estate professional and administrative activities,39,38,11,27,1,0,1
S01010449,O P Q. Public administration education and health,108,105,31,74,3,1,2
S01010449,R S T U. Other,12,12,3,9,0,0,0
S01010450,All people aged 16 to 74 in employment,318,299,78,221,19,3,16
S01010450,A B D E. Agriculture energy and water,8,8,0,8,0,0,0
S01010450,C. Manufacturing,26,24,3,21,2,0,2
S01010450,F. Construction,26,16,0,16,10,1,9
S01010450,G I. Distribution hotels and restaurants,60,60,23,37,0,0,0
S01010450,H J. Transport and communication,16,14,2,12,2,0,2
S01010450,K L M N. Financial real estate professional and administrative activities,42,40,5,35,2,1,1
S01010450,O P Q. Public administration education and health,120,118,40,78,2,1,1
S01010450,R S T U. Other,20,19,5,14,1,0,1
S01010451,All people aged 16 to 74 in employment,281,255,86,169,26,4,22
S01010451,A B D E. Agriculture energy and water,2,2,0,2,0,0,0
S01010451,C. Manufacturing,20,18,1,17,2,1,1
S01010451,F. Construction,21,16,1,15,5,1,4
S01010451,G I. Distribution hotels and restaurants,59,53,29,24,6,0,6
S01010451,H J. Transport and communication,27,23,3,20,4,1,3
S01010451,K L M N. Financial real estate professional and administrative activities,39,36,13,23,3,1,2
S01010451,O P Q. Public administration education and health,102,96,35,61,6,0,6
S01010451,R S T U. Other,11,11,4,7,0,0,0
S01010452,All people aged 16 to 74 in employment,328,311,82,229,17,5,12
S01010452,A B D E. Agriculture energy and water,4,4,0,4,0,0,0
S01010452,C. Manufacturing,20,20,0,20,0,0,0
S01010452,F. Construction,27,21,1,20,6,1,5
S01010452,G I. Distribution hotels and restaurants,62,59,23,36,3,1,2
S01010452,H J. Transport and communication,27,24,3,21,3,0,3
S01010452,K L M N. Financial real estate professional and administrative activities,54,54,14,40,0,0,0
S01010452,O P Q. Public administration education and health,117,114,35,79,3,2,1
S01010452,R S T U. Other,17,15,6,9,2,1,1
S01010453,All people aged 16 to 74 in employment,234,210,70,140,24,6,18
S01010453,A B D E. Agriculture energy and water,4,4,0,4,0,0,0
S01010453,C. Manufacturing,18,16,1,15,2,1,1
S01010453,F. Construction,20,13,0,13,7,1,6
S01010453,G I. Distribution hotels and restaurants,50,46,24,22,4,1,3
S01010453,H J. Transport and communication,20,18,3,15,2,1,1
S01010453,K L M N. Financial real estate professional and administrative activities,48,43,16,27,5,2,3
S01010453,O P Q. Public administration education and health,61,60,18,42,1,0,1
S01010453,R S T U. Other,13,10,8,2,3,0,3
S01010454,All people aged 16 to 74 in employment,328,304,83,221,24,5,19
S01010454,A B D E. Agriculture energy and water,12,11,0,11,1,0,1
S01010454,C. Manufacturing,22,21,0,21,1,1,0
S01010454,F. Construction,25,19,1,18,6,0,6
S01010454,G I. Distribution hotels and restaurants,55,54,22,32,1,0,1
S01010454,H J. Transport and communication,22,18,3,15,4,0,4
S01010454,K L M N. Financial real estate professional and administrative activities,60,59,12,47,1,0,1
S01010454,O P Q. Public administration education and health,110,106,38,68,4,3,1
S01010454,R S T U. Other,22,16,7,9,6,1,5
S01010455,All people aged 16 to 74 in employment,302,276,84,192,26,8,18
S01010455,A B D E. Agriculture energy and water,7,7,0,7,0,0,0
S01010455,C. Manufacturing,22,21,2,19,1,0,1
S01010455,F. Construction,28,22,6,16,6,1,5
S01010455,G I. Distribution hotels and restaurants,61,57,29,28,4,0,4
S01010455,H J. Transport and communication,18,10,3,7,8,2,6
S01010455,K L M N. Financial real estate professional and administrative activities,52,50,7,43,2,1,1
S01010455,O P Q. Public administration education and health,100,97,31,66,3,2,1
S01010455,R S T U. Other,14,12,6,6,2,2,0
S01010456,All people aged 16 to 74 in employment,228,209,53,156,19,2,17
S01010456,A B D E. Agriculture energy and water,3,3,1,2,0,0,0
S01010456,C. Manufacturing,24,24,2,22,0,0,0
S01010456,F. Construction,21,15,0,15,6,1,5
S01010456,G I. Distribution hotels and restaurants,37,34,7,27,3,0,3
S01010456,H J. Transport and communication,16,13,0,13,3,1,2
S01010456,K L M N. Financial real estate professional and administrative activities,32,29,8,21,3,0,3
S01010456,O P Q. Public administration education and health,82,82,31,51,0,0,0
S01010456,R S T U. Other,13,9,4,5,4,0,4
S01010457,All people aged 16 to 74 in employment,243,211,58,153,32,10,22
S01010457,A B D E. Agriculture energy and water,4,4,2,2,0,0,0
S01010457,C. Manufacturing,14,10,0,10,4,0,4
S01010457,F. Construction,12,10,0,10,2,0,2
S01010457,G I. Distribution hotels and restaurants,51,44,19,25,7,2,5
S01010457,H J. Transport and communication,23,19,0,19,4,2,2
S01010457,K L M N. Financial real estate professional and administrative activities,49,42,15,27,7,3,4
S01010457,O P Q. Public administration education and health,83,79,21,58,4,1,3
S01010457,R S T U. Other,7,3,1,2,4,2,2
S01010458,All people aged 16 to 74 in employment,252,234,74,160,18,6,12
S01010458,A B D E. Agriculture energy and water,6,6,0,6,0,0,0
S01010458,C. Manufacturing,16,16,2,14,0,0,0
S01010458,F. Construction,18,14,2,12,4,0,4
S01010458,G I. Distribution hotels and restaurants,44,42,30,12,2,1,1
S01010458,H J. Transport and communication,20,16,1,15,4,1,3
S01010458,K L M N. Financial real estate professional and administrative activities,45,42,12,30,3,2,1
S01010458,O P Q. Public administration education and health,88,86,23,63,2,1,1
S01010458,R S T U. Other,15,12,4,8,3,1,2
S01010459,All people aged 16 to 74 in employment,197,175,45,130,22,2,20
S01010459,A B D E. Agriculture energy and water,3,2,0,2,1,0,1
S01010459,C. Manufacturing,13,11,2,9,2,0,2
S01010459,F. Construction,15,7,1,6,8,0,8
S01010459,G I. Distribution hotels and restaurants,46,44,19,25,2,0,2
S01010459,H J. Transport and communication,19,16,1,15,3,0,3
S01010459,K L M N. Financial real estate professional and administrative activities,26,23,3,20,3,1,2
S01010459,O P Q. Public administration education and health,68,65,15,50,3,1,2
S01010459,R S T U. Other,7,7,4,3,0,0,0
S01010460,All people aged 16 to 74 in employment,384,316,54,262,68,12,56
S01010460,A B D E. Agriculture energy and water,7,6,0,6,1,0,1
S01010460,C. Manufacturing,22,18,1,17,4,0,4
S01010460,F. Construction,21,14,1,13,7,1,6
S01010460,G I. Distribution hotels and restaurants,68,61,21,40,7,0,7
S01010460,H J. Transport and communication,35,23,0,23,12,1,11
S01010460,K L M N. Financial real estate professional and administrative activities,68,59,9,50,9,2,7
S01010460,O P Q. Public administration education and health,144,127,21,106,17,4,13
S01010460,R S T U. Other,19,8,1,7,11,4,7
S01010461,All people aged 16 to 74 in employment,245,225,62,163,20,8,12
S01010461,A B D E. Agriculture energy and water,1,1,0,1,0,0,0
S01010461,C. Manufacturing,9,9,1,8,0,0,0
S01010461,F. Construction,20,15,0,15,5,0,5
S01010461,G I. Distribution hotels and restaurants,51,46,21,25,5,3,2
S01010461,H J. Transport and communication,28,21,2,19,7,3,4
S01010461,K L M N. Financial real estate professional and administrative activities,44,44,11,33,0,0,0
S01010461,O P Q. Public administration education and health,86,84,25,59,2,2,0
S01010461,R S T U. Other,6,5,2,3,1,0,1
S01010462,All people aged 16 to 74 in employment,187,167,79,88,20,5,15
S01010462,A B D E. Agriculture energy and water,4,4,0,4,0,0,0
S01010462,C. Manufacturing,12,12,3,9,0,0,0
S01010462,F. Construction,12,8,0,8,4,0,4
S01010462,G I. Distribution hotels and restaurants,62,58,34,24,4,2,2
S01010462,H J. Transport and communication,10,4,2,2,6,0,6
S01010462,K L M N. Financial real estate professional and administrative activities,37,34,18,16,3,1,2
S01010462,O P Q. Public administration education and health,39,37,17,20,2,1,1
S01010462,R S T U. Other,11,10,5,5,1,1,0
S01010463,All people aged 16 to 74 in employment,350,303,81,222,47,14,33
S01010463,A B D E. Agriculture energy and water,5,4,0,4,1,0,1
S01010463,C. Manufacturing,14,13,2,11,1,0,1
S01010463,F. Construction,28,22,0,22,6,2,4
S01010463,G I. Distribution hotels and restaurants,62,59,29,30,3,2,1
S01010463,H J. Transport and communication,42,28,4,24,14,1,13
S01010463,K L M N. Financial real estate professional and administrative activities,45,39,9,30,6,1,5
S01010463,O P Q. Public administration education and health,136,130,35,95,6,1,5
S01010463,R S T U. Other,18,8,2,6,10,7,3
S01010464,All people aged 16 to 74 in employment,237,210,49,161,27,11,16
S01010464,A B D E. Agriculture energy and water,9,8,0,8,1,0,1
S01010464,C. Manufacturing,16,15,0,15,1,1,0
S01010464,F. Construction,12,7,0,7,5,0,5
S01010464,G I. Distribution hotels and restaurants,43,42,14,28,1,1,0
S01010464,H J. Transport and communication,14,6,2,4,8,2,6
S01010464,K L M N. Financial real estate professional and administrative activities,31,27,3,24,4,3,1
S01010464,O P Q. Public administration education and health,98,94,26,68,4,4,0
S01010464,R S T U. Other,14,11,4,7,3,0,3
S01010465,All people aged 16 to 74 in employment,572,534,127,407,38,8,30
S01010465,A B D E. Agriculture energy and water,6,5,0,5,1,0,1
S01010465,C. Manufacturing,22,22,1,21,0,0,0
S01010465,F. Construction,30,26,2,24,4,0,4
S01010465,G I. Distribution hotels and restaurants,101,96,34,62,5,0,5
S01010465,H J. Transport and communication,45,38,10,28,7,0,7
S01010465,K L M N. Financial real estate professional and administrative activities,96,91,17,74,5,2,3
S01010465,O P Q. Public administration education and health,244,236,55,181,8,5,3
S01010465,R S T U. Other,28,20,8,12,8,1,7
S01010466,All people aged 16 to 74 in employment,531,475,82,393,56,17,39
S01010466,A B D E. Agriculture energy and water,5,5,1,4,0,0,0
S01010466,C. Manufacturing,31,30,4,26,1,0,1
S01010466,F. Construction,26,17,0,17,9,0,9
S01010466,G I. Distribution hotels and restaurants,83,72,23,49,11,5,6
S01010466,H J. Transport and communication,32,25,3,22,7,4,3
S01010466,K L M N. Financial real estate professional and administrative activities,114,104,10,94,10,2,8
S01010466,O P Q. Public administration education and health,208,200,37,163,8,4,4
S01010466,R S T U. Other,32,22,4,18,10,2,8
S01010467,All people aged 16 to 74 in employment,356,310,69,241,46,13,33
S01010467,A B D E. Agriculture energy and water,4,3,0,3,1,0,1
S01010467,C. Manufacturing,19,14,1,13,5,0,5
S01010467,F. Construction,15,12,1,11,3,1,2
S01010467,G I. Distribution hotels and restaurants,56,48,25,23,8,2,6
S01010467,H J. Transport and communication,29,22,3,19,7,1,6
S01010467,K L M N. Financial real estate professional and administrative activities,69,60,7,53,9,1,8
S01010467,O P Q. Public administration education and health,147,141,30,111,6,5,1
S01010467,R S T U. Other,17,10,2,8,7,3,4
S01010468,All people aged 16 to 74 in employment,492,431,127,304,61,16,45
S01010468,A B D E. Agriculture energy and water,4,4,0,4,0,0,0
S01010468,C. Manufacturing,23,18,0,18,5,0,5
S01010468,F. Construction,15,12,1,11,3,1,2
S01010468,G I. Distribution hotels and restaurants,117,104,58,46,13,2,11
S01010468,H J. Transport and communication,45,37,4,33,8,0,8
S01010468,K L M N. Financial real estate professional and administrative activities,95,83,13,70,12,6,6
S01010468,O P Q. Public administration education and health,168,156,42,114,12,5,7
S01010468,R S T U. Other,25,17,9,8,8,2,6
S01010469,All people aged 16 to 74 in employment,273,259,38,221,14,7,7
S01010469,A B D E. Agriculture energy and water,2,2,0,2,0,0,0
S01010469,C. Manufacturing,17,16,0,16,1,0,1
S01010469,F. Construction,12,5,0,5,7,3,4
S01010469,G I. Distribution hotels and restaurants,38,38,13,25,0,0,0
S01010469,H J. Transport and communication,20,19,0,19,1,1,0
S01010469,K L M N. Financial real estate professional and administrative activities,49,47,4,43,2,0,2
S01010469,O P Q. Public administration education and health,122,119,18,101,3,3,0
S01010469,R S T U. Other,13,13,3,10,0,0,0
S01010470,All people aged 16 to 74 in employment,332,296,85,211,36,13,23
S01010470,A B D E. Agriculture energy and water,5,5,0,5,0,0,0
S01010470,C. Manufacturing,18,16,1,15,2,0,2
S01010470,F. Construction,22,17,1,16,5,0,5
S01010470,G I. Distribution hotels and restaurants,60,51,22,29,9,3,6
S01010470,H J. Transport and communication,27,22,6,16,5,2,3
S01010470,K L M N. Financial real estate professional and administrative activities,54,47,10,37,7,2,5
S01010470,O P Q. Public administration education and health,129,125,41,84,4,3,1
S01010470,R S T U. Other,17,13,4,9,4,3,1
S01010471,All people aged 16 to 74 in employment,256,240,88,152,16,5,11
S01010471,A B D E. Agriculture energy and water,4,4,1,3,0,0,0
S01010471,C. Manufacturing,14,14,0,14,0,0,0
S01010471,F. Construction,18,17,3,14,1,0,1
S01010471,G I. Distribution hotels and restaurants,54,50,32,18,4,1,3
S01010471,H J. Transport and communication,29,24,2,22,5,0,5
S01010471,K L M N. Financial real estate professional and administrative activities,39,37,11,26,2,1,1
S01010471,O P Q. Public administration education and health,85,84,34,50,1,0,1
S01010471,R S T U. Other,13,10,5,5,3,3,0
S01010472,All people aged 16 to 74 in employment,322,300,43,257,22,8,14
S01010472,A B D E. Agriculture energy and water,6,6,0,6,0,0,0
S01010472,C. Manufacturing,19,18,1,17,1,0,1
S01010472,F. Construction,22,19,0,19,3,0,3
S01010472,G I. Distribution hotels and restaurants,45,42,13,29,3,0,3
S01010472,H J. Transport and communication,29,24,0,24,5,1,4
S01010472,K L M N. Financial real estate professional and administrative activities,66,64,5,59,2,2,0
S01010472,O P Q. Public administration education and health,115,112,19,93,3,2,1
S01010472,R S T U. Other,20,15,5,10,5,3,2
S01010473,All people aged 16 to 74 in employment,407,382,83,299,25,8,17
S01010473,A B D E. Agriculture energy and water,3,2,0,2,1,1,0
S01010473,C. Manufacturing,22,19,1,18,3,0,3
S01010473,F. Construction,23,21,4,17,2,1,1
S01010473,G I. Distribution hotels and restaurants,81,75,28,47,6,2,4
S01010473,H J. Transport and communication,30,28,6,22,2,0,2
S01010473,K L M N. Financial real estate professional and administrative activities,76,73,13,60,3,0,3
S01010473,O P Q. Public administration education and health,150,145,28,117,5,3,2
S01010473,R S T U. Other,22,19,3,16,3,1,2
S01010474,All people aged 16 to 74 in employment,432,387,104,283,45,11,34
S01010474,A B D E. Agriculture energy and water,9,9,0,9,0,0,0
S01010474,C. Manufacturing,26,24,1,23,2,0,2
S01010474,F. Construction,23,12,0,12,11,1,10
S01010474,G I. Distribution hotels and restaurants,89,86,40,46,3,2,1
S01010474,H J. Transport and communication,36,27,4,23,9,2,7
S01010474,K L M N. Financial real estate professional and administrative activities,59,52,13,39,7,2,5
S01010474,O P Q. Public administration education and health,161,152,35,117,9,4,5
S01010474,R S T U. Other,29,25,11,14,4,0,4
S01010475,All people aged 16 to 74 in employment,435,403,41,362,32,9,23
S01010475,A B D E. Agriculture energy and water,13,13,1,12,0,0,0
S01010475,C. Manufacturing,21,19,0,19,2,1,1
S01010475,F. Construction,20,17,0,17,3,0,3
S01010475,G I. Distribution hotels and restaurants,66,63,14,49,3,0,3
S01010475,H J. Transport and communication,37,33,0,33,4,1,3
S01010475,K L M N. Financial real estate professional and administrative activities,105,100,6,94,5,1,4
S01010475,O P Q. Public administration education and health,149,140,18,122,9,3,6
S01010475,R S T U. Other,24,18,2,16,6,3,3
S01010476,All people aged 16 to 74 in employment,458,416,82,334,42,6,36
S01010476,A B D E. Agriculture energy and water,4,3,0,3,1,0,1
S01010476,C. Manufacturing,18,18,0,18,0,0,0
S01010476,F. Construction,31,23,1,22,8,0,8
S01010476,G I. Distribution hotels and restaurants,83,75,30,45,8,0,8
S01010476,H J. Transport and communication,37,31,8,23,6,1,5
S01010476,K L M N. Financial real estate professional and administrative activities,85,79,10,69,6,0,6
S01010476,O P Q. Public administration education and health,179,170,28,142,9,2,7
S01010476,R S T U. Other,21,17,5,12,4,3,1
S01010477,All people aged 16 to 74 in employment,339,312,80,232,27,9,18
S01010477,A B D E. Agriculture energy and water,5,5,0,5,0,0,0
S01010477,C. Manufacturing,21,15,5,10,6,2,4
S01010477,F. Construction,33,29,2,27,4,0,4
S01010477,G I. Distribution hotels and restaurants,60,55,29,26,5,2,3
S01010477,H J. Transport and communication,22,20,3,17,2,0,2
S01010477,K L M N. Financial real estate professional and administrative activities,63,58,6,52,5,3,2
S01010477,O P Q. Public administration education and health,125,123,33,90,2,2,0
S01010477,R S T U. Other,10,7,2,5,3,0,3
S01010478,All people aged 16 to 74 in employment,416,374,105,269,42,22,20
S01010478,A B D E. Agriculture energy and water,4,4,0,4,0,0,0
S01010478,C. Manufacturing,12,12,1,11,0,0,0
S01010478,F. Construction,41,32,0,32,9,5,4
S01010478,G I. Distribution hotels and restaurants,100,94,42,52,6,5,1
S01010478,H J. Transport and communication,36,27,5,22,9,3,6
S01010478,K L M N. Financial real estate professional and administrative activities,63,61,11,50,2,2,0
S01010478,O P Q. Public administration education and health,137,131,41,90,6,5,1
S01010478,R S T U. Other,23,13,5,8,10,2,8
S01010479,All people aged 16 to 74 in employment,416,393,110,283,23,8,15
S01010479,A B D E. Agriculture energy and water,7,7,1,6,0,0,0
S01010479,C. Manufacturing,20,19,0,19,1,1,0
S01010479,F. Construction,42,33,2,31,9,3,6
S01010479,G I. Distribution hotels and restaurants,78,78,37,41,0,0,0
S01010479,H J. Transport and communication,27,21,2,19,6,0,6
S01010479,K L M N. Financial real estate professional and administrative activities,56,54,14,40,2,0,2
S01010479,O P Q. Public administration education and health,177,172,53,119,5,4,1
S01010479,R S T U. Other,9,9,1,8,0,0,0
S01010480,All people aged 16 to 74 in employment,234,211,54,157,23,7,16
S01010480,A B D E. Agriculture energy and water,6,6,0,6,0,0,0
S01010480,C. Manufacturing,18,17,0,17,1,1,0
S01010480,F. Construction,19,10,3,7,9,1,8
S01010480,G I. Distribution hotels and restaurants,47,45,16,29,2,0,2
S01010480,H J. Transport and communication,16,9,0,9,7,1,6
S01010480,K L M N. Financial real estate professional and administrative activities,29,28,6,22,1,1,0
S01010480,O P Q. Public administration education and health,95,92,29,63,3,3,0
S01010480,R S T U. Other,4,4,0,4,0,0,0
S01010481,All people aged 16 to 74 in employment,205,188,66,122,17,5,12
S01010481,A B D E. Agriculture energy and water,3,3,0,3,0,0,0
S01010481,C. Manufacturing,13,12,1,11,1,1,0
S01010481,F. Construction,13,10,2,8,3,2,1
S01010481,G I. Distribution hotels and restaurants,60,53,26,27,7,2,5
S01010481,H J. Transport and communication,18,13,3,10,5,0,5
S01010481,K L M N. Financial real estate professional and administrative activities,33,32,9,23,1,0,1
S01010481,O P Q. Public administration education and health,55,55,19,36,0,0,0
S01010481,R S T U. Other,10,10,6,4,0,0,0
S01010482,All people aged 16 to 74 in employment,323,295,76,219,28,7,21
S01010482,A B D E. Agriculture energy and water,4,4,1,3,0,0,0
S01010482,C. Manufacturing,22,22,0,22,0,0,0
S01010482,F. Construction,23,17,0,17,6,1,5
S01010482,G I. Distribution hotels and restaurants,72,65,31,34,7,1,6
S01010482,H J. Transport and communication,32,25,4,21,7,2,5
S01010482,K L M N. Financial real estate professional and administrative activities,48,46,11,35,2,1,1
S01010482,O P Q. Public administration education and health,106,103,23,80,3,1,2
S01010482,R S T U. Other,16,13,6,7,3,1,2
S01010483,All people aged 16 to 74 in employment,440,397,95,302,43,11,32
S01010483,A B D E. Agriculture energy and water,10,9,1,8,1,1,0
S01010483,C. Manufacturing,25,24,1,23,1,1,0
S01010483,F. Construction,40,29,0,29,11,2,9
S01010483,G I. Distribution hotels and restaurants,71,68,29,39,3,2,1
S01010483,H J. Transport and communication,38,29,4,25,9,1,8
S01010483,K L M N. Financial real estate professional and administrative activities,69,60,11,49,9,0,9
S01010483,O P Q. Public administration education and health,167,160,44,116,7,4,3
S01010483,R S T U. Other,20,18,5,13,2,0,2
S01010484,All people aged 16 to 74 in employment,246,227,59,168,19,4,15
S01010484,A B D E. Agriculture energy and water,0,0,0,0,0,0,0
S01010484,C. Manufacturing,8,8,0,8,0,0,0
S01010484,F. Construction,21,13,0,13,8,0,8
S01010484,G I. Distribution hotels and restaurants,49,48,21,27,1,0,1
S01010484,H J. Transport and communication,22,18,2,16,4,1,3
S01010484,K L M N. Financial real estate professional and administrative activities,41,39,6,33,2,1,1
S01010484,O P Q. Public administration education and health,96,93,28,65,3,2,1
S01010484,R S T U. Other,9,8,2,6,1,0,1
S01010485,All people aged 16 to 74 in employment,432,390,91,299,42,10,32
S01010485,A B D E. Agriculture energy and water,8,8,0,8,0,0,0
S01010485,C. Manufacturing,42,35,3,32,7,0,7
S01010485,F. Construction,40,31,1,30,9,1,8
S01010485,G I. Distribution hotels and restaurants,71,67,26,41,4,1,3
S01010485,H J. Transport and communication,32,24,5,19,8,4,4
S01010485,K L M N. Financial real estate professional and administrative activities,51,46,6,40,5,1,4
S01010485,O P Q. Public administration education and health,162,158,45,113,4,2,2
S01010485,R S T U. Other,26,21,5,16,5,1,4
S01010486,All people aged 16 to 74 in employment,495,431,110,321,64,12,52
S01010486,A B D E. Agriculture energy and water,9,8,2,6,1,1,0
S01010486,C. Manufacturing,41,38,1,37,3,0,3
S01010486,F. Construction,60,41,2,39,19,1,18
S01010486,G I. Distribution hotels and restaurants,82,72,34,38,10,3,7
S01010486,H J. Transport and communication,29,18,1,17,11,0,11
S01010486,K L M N. Financial real estate professional and administrative activities,72,64,15,49,8,3,5
S01010486,O P Q. Public administration education and health,174,170,45,125,4,1,3
S01010486,R S T U. Other,28,20,10,10,8,3,5
S01010487,All people aged 16 to 74 in employment,436,405,102,303,31,3,28
S01010487,A B D E. Agriculture energy and water,6,6,0,6,0,0,0
S01010487,C. Manufacturing,23,23,0,23,0,0,0
S01010487,F. Construction,42,35,0,35,7,0,7
S01010487,G I. Distribution hotels and restaurants,89,87,38,49,2,0,2
S01010487,H J. Transport and communication,45,38,3,35,7,1,6
S01010487,K L M N. Financial real estate professional and administrative activities,56,53,10,43,3,0,3
S01010487,O P Q. Public administration education and health,155,148,43,105,7,1,6
S01010487,R S T U. Other,20,15,8,7,5,1,4
S01010488,All people aged 16 to 74 in employment,281,265,94,171,16,4,12
S01010488,A B D E. Agriculture energy and water,3,3,0,3,0,0,0
S01010488,C. Manufacturing,15,15,2,13,0,0,0
S01010488,F. Construction,28,22,1,21,6,1,5
S01010488,G I. Distribution hotels and restaurants,68,65,33,32,3,0,3
S01010488,H J. Transport and communication,22,19,5,14,3,0,3
S01010488,K L M N. Financial real estate professional and administrative activities,38,35,7,28,3,2,1
S01010488,O P Q. Public administration education and health,81,80,34,46,1,1,0
S01010488,R S T U. Other,26,26,12,14,0,0,0
S01010489,All people aged 16 to 74 in employment,381,360,117,243,21,2,19
S01010489,A B D E. Agriculture energy and water,9,9,1,8,0,0,0
S01010489,C. Manufacturing,24,23,2,21,1,0,1
S01010489,F. Construction,29,21,1,20,8,0,8
S01010489,G I. Distribution hotels and restaurants,94,93,47,46,1,0,1
S01010489,H J. Transport and communication,28,23,1,22,5,0,5
S01010489,K L M N. Financial real estate professional and administrative activities,55,54,19,35,1,1,0
S01010489,O P Q. Public administration education and health,126,122,37,85,4,1,3
S01010489,R S T U. Other,16,15,9,6,1,0,1
S01010490,All people aged 16 to 74 in employment,224,210,70,140,14,4,10
S01010490,A B D E. Agriculture energy and water,1,1,0,1,0,0,0
S01010490,C. Manufacturing,8,8,0,8,0,0,0
S01010490,F. Construction,23,18,0,18,5,0,5
S01010490,G I. Distribution hotels and restaurants,62,57,35,22,5,2,3
S01010490,H J. Transport and communication,16,14,3,11,2,1,1
S01010490,K L M N. Financial real estate professional and administrative activities,33,31,8,23,2,1,1
S01010490,O P Q. Public administration education and health,70,70,23,47,0,0,0
S01010490,R S T U. Other,11,11,1,10,0,0,0
S01010491,All people aged 16 to 74 in employment,273,256,109,147,17,4,13
S01010491,A B D E. Agriculture energy and water,5,4,0,4,1,0,1
S01010491,C. Manufacturing,14,12,2,10,2,0,2
S01010491,F. Construction,24,16,1,15,8,0,8
S01010491,G I. Distribution hotels and restaurants,72,72,40,32,0,0,0
S01010491,H J. Transport and communication,14,14,3,11,0,0,0
S01010491,K L M N. Financial real estate professional and administrative activities,32,28,14,14,4,3,1
S01010491,O P Q. Public administration education and health,102,101,43,58,1,1,0
S01010491,R S T U. Other,10,9,6,3,1,0,1
S01010492,All people aged 16 to 74 in employment,137,131,52,79,6,2,4
S01010492,A B D E. Agriculture energy and water,0,0,0,0,0,0,0
S01010492,C. Manufacturing,8,8,0,8,0,0,0
S01010492,F. Construction,9,7,0,7,2,0,2
S01010492,G I. Distribution hotels and restaurants,38,35,18,17,3,2,1
S01010492,H J. Transport and communication,13,13,0,13,0,0,0
S01010492,K L M N. Financial real estate professional and administrative activities,24,23,7,16,1,0,1
S01010492,O P Q. Public administration education and health,41,41,23,18,0,0,0
S01010492,R S T U. Other,4,4,4,0,0,0,0
S01010493,All people aged 16 to 74 in employment,192,181,77,104,11,3,8
S01010493,A B D E. Agriculture energy and water,3,2,2,0,1,0,1
S01010493,C. Manufacturing,11,11,0,11,0,0,0
S01010493,F. Construction,8,3,0,3,5,1,4
S01010493,G I. Distribution hotels and restaurants,59,59,32,27,0,0,0
S01010493,H J. Transport and communication,13,9,0,9,4,1,3
S01010493,K L M N. Financial real estate professional and administrative activities,29,28,11,17,1,1,0
S01010493,O P Q. Public administration education and health,60,60,28,32,0,0,0
S01010493,R S T U. Other,9,9,4,5,0,0,0
S01010494,All people aged 16 to 74 in employment,268,249,71,178,19,4,15
S01010494,A B D E. Agriculture energy and water,5,5,0,5,0,0,0
S01010494,C. Manufacturing,20,19,2,17,1,0,1
S01010494,F. Construction,24,19,1,18,5,1,4
S01010494,G I. Distribution hotels and restaurants,55,55,24,31,0,0,0
S01010494,H J. Transport and communication,31,21,3,18,10,2,8
S01010494,K L M N. Financial real estate professional and administrative activities,39,38,11,27,1,0,1
S01010494,O P Q. Public administration education and health,86,86,27,59,0,0,0
S01010494,R S T U. Other,8,6,3,3,2,1,1
S01010495,All people aged 16 to 74 in employment,280,272,108,164,8,1,7
S01010495,A B D E. Agriculture energy and water,4,4,1,3,0,0,0
S01010495,C. Manufacturing,14,14,3,11,0,0,0
S01010495,F. Construction,25,21,1,20,4,0,4
S01010495,G I. Distribution hotels and restaurants,57,56,28,28,1,1,0
S01010495,H J. Transport and communication,23,22,3,19,1,0,1
S01010495,K L M N. Financial real estate professional and administrative activities,40,40,13,27,0,0,0
S01010495,O P Q. Public administration education and health,93,92,43,49,1,0,1
S01010495,R S T U. Other,24,23,16,7,1,0,1
S01010496,All people aged 16 to 74 in employment,261,246,85,161,15,7,8
S01010496,A B D E. Agriculture energy and water,3,3,0,3,0,0,0
S01010496,C. Manufacturing,23,23,0,23,0,0,0
S01010496,F. Construction,14,10,0,10,4,1,3
S01010496,G I. Distribution hotels and restaurants,60,59,33,26,1,1,0
S01010496,H J. Transport and communication,16,12,3,9,4,0,4
S01010496,K L M N. Financial real estate professional and administrative activities,35,34,13,21,1,1,0
S01010496,O P Q. Public administration education and health,95,92,32,60,3,2,1
S01010496,R S T U. Other,15,13,4,9,2,2,0
S01010497,All people aged 16 to 74 in employment,281,254,100,154,27,8,19
S01010497,A B D E. Agriculture energy and water,2,2,0,2,0,0,0
S01010497,C. Manufacturing,13,12,1,11,1,0,1
S01010497,F. Construction,22,20,0,20,2,0,2
S01010497,G I. Distribution hotels and restaurants,65,62,36,26,3,0,3
S01010497,H J. Transport and communication,38,26,5,21,12,2,10
S01010497,K L M N. Financial real estate professional and administrative activities,38,37,13,24,1,0,1
S01010497,O P Q. Public administration education and health,83,81,34,47,2,2,0
S01010497,R S T U. Other,20,14,11,3,6,4,2
S01010498,All people aged 16 to 74 in employment,274,263,93,170,11,4,7
S01010498,A B D E. Agriculture energy and water,6,6,1,5,0,0,0
S01010498,C. Manufacturing,23,23,2,21,0,0,0
S01010498,F. Construction,28,26,0,26,2,0,2
S01010498,G I. Distribution hotels and restaurants,57,57,24,33,0,0,0
S01010498,H J. Transport and communication,18,17,2,15,1,1,0
S01010498,K L M N. Financial real estate professional and administrative activities,49,44,18,26,5,2,3
S01010498,O P Q. Public administration education and health,80,78,38,40,2,1,1
S01010498,R S T U. Other,13,12,8,4,1,0,1
S01010499,All people aged 16 to 74 in employment,174,165,68,97,9,3,6
S01010499,A B D E. Agriculture energy and water,2,2,0,2,0,0,0
S01010499,C. Manufacturing,13,13,2,11,0,0,0
S01010499,F. Construction,16,15,0,15,1,0,1
S01010499,G I. Distribution hotels and restaurants,50,48,26,22,2,0,2
S01010499,H J. Transport and communication,5,5,0,5,0,0,0
S01010499,K L M N. Financial real estate professional and administrative activities,27,25,10,15,2,1,1
S01010499,O P Q. Public administration education and health,46,42,25,17,4,2,2
S01010499,R S T U. Other,15,15,5,10,0,0,0
S01010500,All people aged 16 to 74 in employment,336,317,132,185,19,8,11
S01010500,A B D E. Agriculture energy and water,1,1,0,1,0,0,0
S01010500,C. Manufacturing,20,20,8,12,0,0,0
S01010500,F. Construction,25,22,2,20,3,0,3
S01010500,G I. Distribution hotels and restaurants,96,96,53,43,0,0,0
S01010500,H J. Transport and communication,14,8,1,7,6,1,5
S01010500,K L M N. Financial real estate professional and administrative activities,51,47,12,35,4,1,3
S01010500,O P Q. Public administration education and health,109,105,45,60,4,4,0
S01010500,R S T U. Other,20,18,11,7,2,2,0
S01010501,All people aged 16 to 74 in employment,367,347,109,238,20,11,9
S01010501,A B D E. Agriculture energy and water,3,3,0,3,0,0,0
S01010501,C. Manufacturing,24,23,4,19,1,0,1
S01010501,F. Construction,42,36,4,32,6,4,2
S01010501,G I. Distribution hotels and restaurants,86,83,37,46,3,2,1
S01010501,H J. Transport and communication,31,25,5,20,6,2,4
S01010501,K L M N. Financial real estate professional and administrative activities,55,54,14,40,1,1,0
S01010501,O P Q. Public administration education and health,102,100,39,61,2,1,1
S01010501,R S T U. Other,24,23,6,17,1,1,0
S01010502,All people aged 16 to 74 in employment,394,362,111,251,32,9,23
S01010502,A B D E. Agriculture energy and water,4,4,0,4,0,0,0
S01010502,C. Manufacturing,26,24,2,22,2,2,0
S01010502,F. Construction,41,34,2,32,7,0,7
S01010502,G I. Distribution hotels and restaurants,95,92,42,50,3,0,3
S01010502,H J. Transport and communication,39,26,6,20,13,4,9
S01010502,K L M N. Financial real estate professional and administrative activities,58,57,15,42,1,0,1
S01010502,O P Q. Public administration education and health,115,110,38,72,5,3,2
S01010502,R S T U. Other,16,15,6,9,1,0,1
S01010503,All people aged 16 to 74 in employment,240,230,73,157,10,1,9
S01010503,A B D E. Agriculture energy and water,4,4,0,4,0,0,0
S01010503,C. Manufacturing,20,20,2,18,0,0,0
S01010503,F. Construction,21,18,0,18,3,0,3
S01010503,G I. Distribution hotels and restaurants,60,59,34,25,1,0,1
S01010503,H J. Transport and communication,12,7,1,6,5,1,4
S01010503,K L M N. Financial real estate professional and administrative activities,32,32,7,25,0,0,0
S01010503,O P Q. Public administration education and health,77,76,24,52,1,0,1
S01010503,R S T U. Other,14,14,5,9,0,0,0
S01010504,All people aged 16 to 74 in employment,258,129,61,68,129,47,82
S01010504,A B D E. Agriculture energy and water,40,13,1,12,27,6,21
S01010504,C. Manufacturing,11,3,1,2,8,1,7
S01010504,F. Construction,16,4,0,4,12,5,7
S01010504,G I. Distribution hotels and restaurants,60,25,13,12,35,13,22
S01010504,H J. Transport and communication,18,10,6,4,8,4,4
S01010504,K L M N. Financial real estate professional and administrative activities,23,8,2,6,15,6,9
S01010504,O P Q. Public administration education and health,66,52,33,19,14,7,7
S01010504,R S T U. Other,24,14,5,9,10,5,5
S01010505,All people aged 16 to 74 in employment,282,184,66,118,98,38,60
S01010505,A B D E. Agriculture energy and water,41,29,2,27,12,3,9
S01010505,C. Manufacturing,14,3,1,2,11,4,7
S01010505,F. Construction,25,8,0,8,17,2,15
S01010505,G I. Distribution hotels and restaurants,55,36,14,22,19,9,10
S01010505,H J. Transport and communication,31,24,6,18,7,3,4
S01010505,K L M N. Financial real estate professional and administrative activities,31,14,4,10,17,10,7
S01010505,O P Q. Public administration education and health,70,63,37,26,7,4,3
S01010505,R S T U. Other,15,7,2,5,8,3,5
S01010506,All people aged 16 to 74 in employment,442,302,87,215,140,39,101
S01010506,A B D E. Agriculture energy and water,59,33,4,29,26,7,19
S01010506,C. Manufacturing,16,10,2,8,6,1,5
S01010506,F. Construction,37,22,2,20,15,3,12
S01010506,G I. Distribution hotels and restaurants,133,82,31,51,51,13,38
S01010506,H J. Transport and communication,51,40,8,32,11,2,9
S01010506,K L M N. Financial real estate professional and administrative activities,36,24,4,20,12,5,7
S01010506,O P Q. Public administration education and health,91,80,33,47,11,5,6
S01010506,R S T U. Other,19,11,3,8,8,3,5
S01010507,All people aged 16 to 74 in employment,415,327,92,235,88,11,77
S01010507,A B D E. Agriculture energy and water,53,36,1,35,17,2,15
S01010507,C. Manufacturing,20,15,1,14,5,0,5
S01010507,F. Construction,24,14,0,14,10,0,10
S01010507,G I. Distribution hotels and restaurants,110,82,34,48,28,5,23
S01010507,H J. Transport and communication,76,68,6,62,8,1,7
S01010507,K L M N. Financial real estate professional and administrative activities,18,12,4,8,6,0,6
S01010507,O P Q. Public administration education and health,87,83,38,45,4,1,3
S01010507,R S T U. Other,27,17,8,9,10,2,8
S01010508,All people aged 16 to 74 in employment,495,363,109,254,132,45,87
S01010508,A B D E. Agriculture energy and water,71,49,4,45,22,3,19
S01010508,C. Manufacturing,11,4,0,4,7,4,3
S01010508,F. Construction,49,31,3,28,18,2,16
S01010508,G I. Distribution hotels and restaurants,96,66,35,31,30,9,21
S01010508,H J. Transport and communication,50,37,6,31,13,3,10
S01010508,K L M N. Financial real estate professional and administrative activities,60,38,15,23,22,12,10
S01010508,O P Q. Public administration education and health,132,121,41,80,11,8,3
S01010508,R S T U. Other,26,17,5,12,9,4,5
S01010509,All people aged 16 to 74 in employment,538,414,118,296,124,37,87
S01010509,A B D E. Agriculture energy and water,64,38,5,33,26,3,23
S01010509,C. Manufacturing,40,37,8,29,3,3,0
S01010509,F. Construction,36,21,3,18,15,0,15
S01010509,G I. Distribution hotels and restaurants,124,92,34,58,32,10,22
S01010509,H J. Transport and communication,39,28,6,22,11,2,9
S01010509,K L M N. Financial real estate professional and administrative activities,46,31,8,23,15,6,9
S01010509,O P Q. Public administration education and health,152,141,47,94,11,7,4
S01010509,R S T U. Other,37,26,7,19,11,6,5
S01010510,All people aged 16 to 74 in employment,383,338,114,224,45,13,32
S01010510,A B D E. Agriculture energy and water,24,20,5,15,4,0,4
S01010510,C. Manufacturing,43,40,4,36,3,1,2
S01010510,F. Construction,28,18,2,16,10,1,9
S01010510,G I. Distribution hotels and restaurants,98,83,37,46,15,6,9
S01010510,H J. Transport and communication,22,21,6,15,1,0,1
S01010510,K L M N. Financial real estate professional and administrative activities,31,26,9,17,5,1,4
S01010510,O P Q. Public administration education and health,125,120,48,72,5,3,2
S01010510,R S T U. Other,12,10,3,7,2,1,1
S01010511,All people aged 16 to 74 in employment,426,392,133,259,34,7,27
S01010511,A B D E. Agriculture energy and water,31,23,1,22,8,1,7
S01010511,C. Manufacturing,45,44,2,42,1,1,0
S01010511,F. Construction,46,39,2,37,7,0,7
S01010511,G I. Distribution hotels and restaurants,136,133,65,68,3,0,3
S01010511,H J. Transport and communication,40,33,4,29,7,1,6
S01010511,K L M N. Financial real estate professional and administrative activities,25,23,12,11,2,2,0
S01010511,O P Q. Public administration education and health,88,84,42,42,4,2,2
S01010511,R S T U. Other,15,13,5,8,2,0,2
S01010512,All people aged 16 to 74 in employment,269,230,88,142,39,10,29
S01010512,A B D E. Agriculture energy and water,16,14,1,13,2,0,2
S01010512,C. Manufacturing,25,24,6,18,1,0,1
S01010512,F. Construction,35,23,3,20,12,2,10
S01010512,G I. Distribution hotels and restaurants,65,58,32,26,7,3,4
S01010512,H J. Transport and communication,14,12,2,10,2,0,2
S01010512,K L M N. Financial real estate professional and administrative activities,15,13,4,9,2,0,2
S01010512,O P Q. Public administration education and health,72,68,34,34,4,2,2
S01010512,R S T U. Other,27,18,6,12,9,3,6
S01010513,All people aged 16 to 74 in employment,416,347,105,242,69,18,51
S01010513,A B D E. Agriculture energy and water,31,27,4,23,4,2,2
S01010513,C. Manufacturing,38,33,2,31,5,2,3
S01010513,F. Construction,39,27,3,24,12,1,11
S01010513,G I. Distribution hotels and restaurants,76,68,32,36,8,1,7
S01010513,H J. Transport and communication,33,26,3,23,7,2,5
S01010513,K L M N. Financial real estate professional and administrative activities,51,38,10,28,13,5,8
S01010513,O P Q. Public administration education and health,118,107,48,59,11,3,8
S01010513,R S T U. Other,30,21,3,18,9,2,7
S01010514,All people aged 16 to 74 in employment,360,332,112,220,28,6,22
S01010514,A B D E. Agriculture energy and water,21,19,0,19,2,0,2
S01010514,C. Manufacturing,41,41,1,40,0,0,0
S01010514,F. Construction,42,33,0,33,9,1,8
S01010514,G I. Distribution hotels and restaurants,100,95,55,40,5,1,4
S01010514,H J. Transport and communication,25,20,3,17,5,0,5
S01010514,K L M N. Financial real estate professional and administrative activities,20,18,2,16,2,2,0
S01010514,O P Q. Public administration education and health,95,93,45,48,2,1,1
S01010514,R S T U. Other,16,13,6,7,3,1,2
S01010515,All people aged 16 to 74 in employment,408,381,121,260,27,5,22
S01010515,A B D E. Agriculture energy and water,27,26,2,24,1,0,1
S01010515,C. Manufacturing,45,44,4,40,1,0,1
S01010515,F. Construction,44,40,0,40,4,0,4
S01010515,G I. Distribution hotels and restaurants,127,122,64,58,5,1,4
S01010515,H J. Transport and communication,29,26,4,22,3,0,3
S01010515,K L M N. Financial real estate professional and administrative activities,26,23,7,16,3,0,3
S01010515,O P Q. Public administration education and health,87,84,34,50,3,2,1
S01010515,R S T U. Other,23,16,6,10,7,2,5
S01010516,All people aged 16 to 74 in employment,329,238,60,178,91,13,78
S01010516,A B D E. Agriculture energy and water,10,9,1,8,1,0,1
S01010516,C. Manufacturing,24,21,1,20,3,1,2
S01010516,F. Construction,25,12,0,12,13,0,13
S01010516,G I. Distribution hotels and restaurants,146,90,24,66,56,8,48
S01010516,H J. Transport and communication,17,15,1,14,2,1,1
S01010516,K L M N. Financial real estate professional and administrative activities,30,22,10,12,8,2,6
S01010516,O P Q. Public administration education and health,64,60,20,40,4,1,3
S01010516,R S T U. Other,13,9,3,6,4,0,4
S01010517,All people aged 16 to 74 in employment,432,373,100,273,59,12,47
S01010517,A B D E. Agriculture energy and water,22,17,0,17,5,1,4
S01010517,C. Manufacturing,40,38,4,34,2,1,1
S01010517,F. Construction,44,34,2,32,10,0,10
S01010517,G I. Distribution hotels and restaurants,135,113,46,67,22,3,19
S01010517,H J. Transport and communication,34,28,2,26,6,1,5
S01010517,K L M N. Financial real estate professional and administrative activities,30,24,5,19,6,1,5
S01010517,O P Q. Public administration education and health,108,102,35,67,6,3,3
S01010517,R S T U. Other,19,17,6,11,2,2,0
S01010518,All people aged 16 to 74 in employment,368,325,104,221,43,14,29
S01010518,A B D E. Agriculture energy and water,22,19,2,17,3,0,3
S01010518,C. Manufacturing,50,46,4,42,4,0,4
S01010518,F. Construction,35,24,2,22,11,4,7
S01010518,G I. Distribution hotels and restaurants,98,92,46,46,6,2,4
S01010518,H J. Transport and communication,21,15,1,14,6,3,3
S01010518,K L M N. Financial real estate professional and administrative activities,23,15,5,10,8,4,4
S01010518,O P Q. Public administration education and health,93,93,39,54,0,0,0
S01010518,R S T U. Other,26,21,5,16,5,1,4
S01010519,All people aged 16 to 74 in employment,373,346,117,229,27,8,19
S01010519,A B D E. Agriculture energy and water,20,19,2,17,1,0,1
S01010519,C. Manufacturing,30,28,3,25,2,1,1
S01010519,F. Construction,35,28,1,27,7,0,7
S01010519,G I. Distribution hotels and restaurants,110,104,57,47,6,2,4
S01010519,H J. Transport and communication,33,31,4,27,2,2,0
S01010519,K L M N. Financial real estate professional and administrative activities,24,22,7,15,2,1,1
S01010519,O P Q. Public administration education and health,107,102,39,63,5,2,3
S01010519,R S T U. Other,14,12,4,8,2,0,2
S01010520,All people aged 16 to 74 in employment,495,454,142,312,41,7,34
S01010520,A B D E. Agriculture energy and water,27,25,2,23,2,0,2
S01010520,C. Manufacturing,62,60,5,55,2,0,2
S01010520,F. Construction,49,35,1,34,14,0,14
S01010520,G I. Distribution hotels and restaurants,118,109,52,57,9,1,8
S01010520,H J. Transport and communication,30,26,3,23,4,3,1
S01010520,K L M N. Financial real estate professional and administrative activities,47,46,15,31,1,0,1
S01010520,O P Q. Public administration education and health,152,146,62,84,6,1,5
S01010520,R S T U. Other,10,7,2,5,3,2,1
S01010521,All people aged 16 to 74 in employment,401,341,107,234,60,13,47
S01010521,A B D E. Agriculture energy and water,16,14,0,14,2,0,2
S01010521,C. Manufacturing,27,27,2,25,0,0,0
S01010521,F. Construction,38,25,2,23,13,2,11
S01010521,G I. Distribution hotels and restaurants,137,111,39,72,26,5,21
S01010521,H J. Transport and communication,33,27,5,22,6,1,5
S01010521,K L M N. Financial real estate professional and administrative activities,30,26,8,18,4,2,2
S01010521,O P Q. Public administration education and health,94,91,41,50,3,1,2
S01010521,R S T U. Other,26,20,10,10,6,2,4
S01010522,All people aged 16 to 74 in employment,303,264,68,196,39,5,34
S01010522,A B D E. Agriculture energy and water,13,12,1,11,1,0,1
S01010522,C. Manufacturing,35,33,1,32,2,0,2
S01010522,F. Construction,31,24,1,23,7,1,6
S01010522,G I. Distribution hotels and restaurants,115,99,41,58,16,1,15
S01010522,H J. Transport and communication,16,14,1,13,2,0,2
S01010522,K L M N. Financial real estate professional and administrative activities,20,18,5,13,2,0,2
S01010522,O P Q. Public administration education and health,59,56,16,40,3,1,2
S01010522,R S T U. Other,14,8,2,6,6,2,4
S01010523,All people aged 16 to 74 in employment,277,252,95,157,25,8,17
S01010523,A B D E. Agriculture energy and water,18,15,0,15,3,1,2
S01010523,C. Manufacturing,16,16,2,14,0,0,0
S01010523,F. Construction,26,20,1,19,6,1,5
S01010523,G I. Distribution hotels and restaurants,105,104,46,58,1,0,1
S01010523,H J. Transport and communication,17,13,2,11,4,1,3
S01010523,K L M N. Financial real estate professional and administrative activities,26,24,11,13,2,1,1
S01010523,O P Q. Public administration education and health,60,56,32,24,4,1,3
S01010523,R S T U. Other,9,4,1,3,5,3,2
S01010524,All people aged 16 to 74 in employment,288,213,53,160,75,23,52
S01010524,A B D E. Agriculture energy and water,20,14,1,13,6,0,6
S01010524,C. Manufacturing,9,8,0,8,1,0,1
S01010524,F. Construction,29,16,1,15,13,5,8
S01010524,G I. Distribution hotels and restaurants,92,58,19,39,34,6,28
S01010524,H J. Transport and communication,21,19,4,15,2,1,1
S01010524,K L M N. Financial real estate professional and administrative activities,29,18,6,12,11,6,5
S01010524,O P Q. Public administration education and health,76,72,22,50,4,2,2
S01010524,R S T U. Other,12,8,0,8,4,3,1
S01010525,All people aged 16 to 74 in employment,309,229,58,171,80,18,62
S01010525,A B D E. Agriculture energy and water,23,16,0,16,7,0,7
S01010525,C. Manufacturing,9,6,1,5,3,0,3
S01010525,F. Construction,35,21,3,18,14,2,12
S01010525,G I. Distribution hotels and restaurants,104,75,21,54,29,6,23
S01010525,H J. Transport and communication,21,13,1,12,8,2,6
S01010525,K L M N. Financial real estate professional and administrative activities,24,18,5,13,6,2,4
S01010525,O P Q. Public administration education and health,65,60,24,36,5,1,4
S01010525,R S T U. Other,28,20,3,17,8,5,3
S01010526,All people aged 16 to 74 in employment,413,316,96,220,97,22,75
S01010526,A B D E. Agriculture energy and water,16,12,0,12,4,1,3
S01010526,C. Manufacturing,22,18,0,18,4,0,4
S01010526,F. Construction,55,33,1,32,22,7,15
S01010526,G I. Distribution hotels and restaurants,112,79,30,49,33,7,26
S01010526,H J. Transport and communication,20,17,4,13,3,0,3
S01010526,K L M N. Financial real estate professional and administrative activities,35,25,9,16,10,2,8
S01010526,O P Q. Public administration education and health,126,112,48,64,14,3,11
S01010526,R S T U. Other,27,20,4,16,7,2,5
S01010527,All people aged 16 to 74 in employment,414,371,125,246,43,7,36
S01010527,A B D E. Agriculture energy and water,20,15,1,14,5,0,5
S01010527,C. Manufacturing,26,22,0,22,4,0,4
S01010527,F. Construction,36,29,4,25,7,0,7
S01010527,G I. Distribution hotels and restaurants,125,115,45,70,10,0,10
S01010527,H J. Transport and communication,24,22,6,16,2,0,2
S01010527,K L M N. Financial real estate professional and administrative activities,31,25,9,16,6,4,2
S01010527,O P Q. Public administration education and health,122,117,49,68,5,2,3
S01010527,R S T U. Other,30,26,11,15,4,1,3
S01010528,All people aged 16 to 74 in employment,328,249,71,178,79,25,54
S01010528,A B D E. Agriculture energy and water,27,15,1,14,12,1,11
S01010528,C. Manufacturing,19,13,0,13,6,3,3
S01010528,F. Construction,26,16,1,15,10,1,9
S01010528,G I. Distribution hotels and restaurants,89,66,25,41,23,7,16
S01010528,H J. Transport and communication,26,21,5,16,5,2,3
S01010528,K L M N. Financial real estate professional and administrative activities,38,24,5,19,14,6,8
S01010528,O P Q. Public administration education and health,84,78,29,49,6,3,3
S01010528,R S T U. Other,19,16,5,11,3,2,1
S01010529,All people aged 16 to 74 in employment,369,293,101,192,76,14,62
S01010529,A B D E. Agriculture energy and water,20,19,1,18,1,0,1
S01010529,C. Manufacturing,25,22,1,21,3,1,2
S01010529,F. Construction,39,25,3,22,14,1,13
S01010529,G I. Distribution hotels and restaurants,105,74,37,37,31,6,25
S01010529,H J. Transport and communication,38,35,5,30,3,0,3
S01010529,K L M N. Financial real estate professional and administrative activities,35,22,8,14,13,2,11
S01010529,O P Q. Public administration education and health,98,91,44,47,7,3,4
S01010529,R S T U. Other,9,5,2,3,4,1,3
S01010530,All people aged 16 to 74 in employment,354,248,79,169,106,24,82
S01010530,A B D E. Agriculture energy and water,28,17,2,15,11,1,10
S01010530,C. Manufacturing,20,15,2,13,5,3,2
S01010530,F. Construction,37,24,3,21,13,2,11
S01010530,G I. Distribution hotels and restaurants,118,68,28,40,50,8,42
S01010530,H J. Transport and communication,21,17,6,11,4,0,4
S01010530,K L M N. Financial real estate professional and administrative activities,37,28,8,20,9,3,6
S01010530,O P Q. Public administration education and health,82,72,28,44,10,6,4
S01010530,R S T U. Other,11,7,2,5,4,1,3
S01010531,All people aged 16 to 74 in employment,587,448,147,301,139,33,106
S01010531,A B D E. Agriculture energy and water,12,6,1,5,6,2,4
S01010531,C. Manufacturing,19,15,0,15,4,0,4
S01010531,F. Construction,80,50,4,46,30,1,29
S01010531,G I. Distribution hotels and restaurants,169,114,48,66,55,9,46
S01010531,H J. Transport and communication,29,24,5,19,5,2,3
S01010531,K L M N. Financial real estate professional and administrative activities,54,40,7,33,14,4,10
S01010531,O P Q. Public administration education and health,143,131,57,74,12,8,4
S01010531,R S T U. Other,81,68,25,43,13,7,6
S01010532,All people aged 16 to 74 in employment,279,200,57,143,79,19,60
S01010532,A B D E. Agriculture energy and water,29,15,0,15,14,5,9
S01010532,C. Manufacturing,22,18,3,15,4,1,3
S01010532,F. Construction,23,13,2,11,10,1,9
S01010532,G I. Distribution hotels and restaurants,53,31,10,21,22,3,19
S01010532,H J. Transport and communication,12,11,4,7,1,1,0
S01010532,K L M N. Financial real estate professional and administrative activities,55,43,13,30,12,1,11
S01010532,O P Q. Public administration education and health,58,47,19,28,11,5,6
S01010532,R S T U. Other,27,22,6,16,5,2,3
S01010533,All people aged 16 to 74 in employment,284,221,59,162,63,12,51
S01010533,A B D E. Agriculture energy and water,12,9,0,9,3,0,3
S01010533,C. Manufacturing,11,11,0,11,0,0,0
S01010533,F. Construction,17,11,0,11,6,0,6
S01010533,G I. Distribution hotels and restaurants,96,68,22,46,28,4,24
S01010533,H J. Transport and communication,14,10,0,10,4,1,3
S01010533,K L M N. Financial real estate professional and administrative activities,28,19,5,14,9,1,8
S01010533,O P Q. Public administration education and health,80,70,26,44,10,6,4
S01010533,R S T U. Other,26,23,6,17,3,0,3
S01010534,All people aged 16 to 74 in employment,448,370,122,248,78,21,57
S01010534,A B D E. Agriculture energy and water,9,7,1,6,2,0,2
S01010534,C. Manufacturing,12,8,2,6,4,1,3
S01010534,F. Construction,65,46,5,41,19,3,16
S01010534,G I. Distribution hotels and restaurants,116,94,53,41,22,2,20
S01010534,H J. Transport and communication,29,26,2,24,3,0,3
S01010534,K L M N. Financial real estate professional and administrative activities,34,25,5,20,9,4,5
S01010534,O P Q. Public administration education and health,139,128,45,83,11,5,6
S01010534,R S T U. Other,44,36,9,27,8,6,2
S01010535,All people aged 16 to 74 in employment,356,269,75,194,87,16,71
S01010535,A B D E. Agriculture energy and water,27,16,0,16,11,0,11
S01010535,C. Manufacturing,15,13,1,12,2,0,2
S01010535,F. Construction,29,16,3,13,13,2,11
S01010535,G I. Distribution hotels and restaurants,72,49,20,29,23,3,20
S01010535,H J. Transport and communication,10,10,0,10,0,0,0
S01010535,K L M N. Financial real estate professional and administrative activities,50,35,6,29,15,2,13
S01010535,O P Q. Public administration education and health,105,93,37,56,12,3,9
S01010535,R S T U. Other,48,37,8,29,11,6,5
S01010536,All people aged 16 to 74 in employment,449,393,121,272,56,14,42
S01010536,A B D E. Agriculture energy and water,12,10,1,9,2,0,2
S01010536,C. Manufacturing,21,21,4,17,0,0,0
S01010536,F. Construction,32,19,0,19,13,1,12
S01010536,G I. Distribution hotels and restaurants,181,167,64,103,14,3,11
S01010536,H J. Transport and communication,25,20,5,15,5,0,5
S01010536,K L M N. Financial real estate professional and administrative activities,53,42,11,31,11,5,6
S01010536,O P Q. Public administration education and health,76,70,28,42,6,3,3
S01010536,R S T U. Other,49,44,8,36,5,2,3
S01010537,All people aged 16 to 74 in employment,487,429,112,317,58,15,43
S01010537,A B D E. Agriculture energy and water,12,12,0,12,0,0,0
S01010537,C. Manufacturing,11,11,1,10,0,0,0
S01010537,F. Construction,22,16,1,15,6,0,6
S01010537,G I. Distribution hotels and restaurants,263,242,62,180,21,5,16
S01010537,H J. Transport and communication,24,18,5,13,6,1,5
S01010537,K L M N. Financial real estate professional and administrative activities,47,33,8,25,14,5,9
S01010537,O P Q. Public administration education and health,81,74,29,45,7,2,5
S01010537,R S T U. Other,27,23,6,17,4,2,2
S01010538,All people aged 16 to 74 in employment,442,380,99,281,62,18,44
S01010538,A B D E. Agriculture energy and water,23,19,0,19,4,0,4
S01010538,C. Manufacturing,16,14,0,14,2,1,1
S01010538,F. Construction,33,24,1,23,9,2,7
S01010538,G I. Distribution hotels and restaurants,152,138,48,90,14,5,9
S01010538,H J. Transport and communication,27,22,3,19,5,3,2
S01010538,K L M N. Financial real estate professional and administrative activities,48,39,11,28,9,0,9
S01010538,O P Q. Public administration education and health,105,99,30,69,6,4,2
S01010538,R S T U. Other,38,25,6,19,13,3,10
S01010539,All people aged 16 to 74 in employment,717,609,137,472,108,26,82
S01010539,A B D E. Agriculture energy and water,21,17,0,17,4,1,3
S01010539,C. Manufacturing,32,30,1,29,2,0,2
S01010539,F. Construction,34,19,2,17,15,2,13
S01010539,G I. Distribution hotels and restaurants,272,246,61,185,26,5,21
S01010539,H J. Transport and communication,33,23,2,21,10,0,10
S01010539,K L M N. Financial real estate professional and administrative activities,80,69,20,49,11,5,6
S01010539,O P Q. Public administration education and health,157,135,33,102,22,11,11
S01010539,R S T U. Other,88,70,18,52,18,2,16
S01010540,All people aged 16 to 74 in employment,322,249,69,180,73,15,58
S01010540,A B D E. Agriculture energy and water,26,12,1,11,14,1,13
S01010540,C. Manufacturing,19,14,1,13,5,0,5
S01010540,F. Construction,26,16,0,16,10,0,10
S01010540,G I. Distribution hotels and restaurants,64,51,21,30,13,4,9
S01010540,H J. Transport and communication,16,13,3,10,3,0,3
S01010540,K L M N. Financial real estate professional and administrative activities,57,44,5,39,13,7,6
S01010540,O P Q. Public administration education and health,76,71,29,42,5,2,3
S01010540,R S T U. Other,38,28,9,19,10,1,9
S01010541,All people aged 16 to 74 in employment,453,352,92,260,101,28,73
S01010541,A B D E. Agriculture energy and water,24,15,3,12,9,2,7
S01010541,C. Manufacturing,23,20,2,18,3,0,3
S01010541,F. Construction,27,17,0,17,10,2,8
S01010541,G I. Distribution hotels and restaurants,126,96,31,65,30,7,23
S01010541,H J. Transport and communication,22,16,2,14,6,1,5
S01010541,K L M N. Financial real estate professional and administrative activities,64,48,11,37,16,5,11
S01010541,O P Q. Public administration education and health,131,115,38,77,16,7,9
S01010541,R S T U. Other,36,25,5,20,11,4,7
S01010542,All people aged 16 to 74 in employment,456,358,104,254,98,35,63
S01010542,A B D E. Agriculture energy and water,25,12,3,9,13,0,13
S01010542,C. Manufacturing,22,18,1,17,4,1,3
S01010542,F. Construction,37,22,1,21,15,3,12
S01010542,G I. Distribution hotels and restaurants,99,69,25,44,30,14,16
S01010542,H J. Transport and communication,23,18,1,17,5,3,2
S01010542,K L M N. Financial real estate professional and administrative activities,50,40,12,28,10,7,3
S01010542,O P Q. Public administration education and health,156,139,49,90,17,5,12
S01010542,R S T U. Other,44,40,12,28,4,2,2
S01010543,All people aged 16 to 74 in employment,344,229,54,175,115,31,84
S01010543,A B D E. Agriculture energy and water,32,10,0,10,22,3,19
S01010543,C. Manufacturing,22,16,0,16,6,1,5
S01010543,F. Construction,42,19,2,17,23,1,22
S01010543,G I. Distribution hotels and restaurants,81,55,21,34,26,9,17
S01010543,H J. Transport and communication,18,15,1,14,3,0,3
S01010543,K L M N. Financial real estate professional and administrative activities,44,27,6,21,17,8,9
S01010543,O P Q. Public administration education and health,75,66,17,49,9,5,4
S01010543,R S T U. Other,30,21,7,14,9,4,5
S01010544,All people aged 16 to 74 in employment,426,351,117,234,75,19,56
S01010544,A B D E. Agriculture energy and water,21,13,3,10,8,0,8
S01010544,C. Manufacturing,47,46,4,42,1,0,1
S01010544,F. Construction,57,36,0,36,21,1,20
S01010544,G I. Distribution hotels and restaurants,126,102,43,59,24,5,19
S01010544,H J. Transport and communication,9,7,1,6,2,1,1
S01010544,K L M N. Financial real estate professional and administrative activities,41,35,12,23,6,4,2
S01010544,O P Q. Public administration education and health,107,101,52,49,6,4,2
S01010544,R S T U. Other,18,11,2,9,7,4,3
S01010545,All people aged 16 to 74 in employment,332,259,67,192,73,18,55
S01010545,A B D E. Agriculture energy and water,12,10,0,10,2,0,2
S01010545,C. Manufacturing,31,29,0,29,2,1,1
S01010545,F. Construction,36,22,1,21,14,1,13
S01010545,G I. Distribution hotels and restaurants,90,64,25,39,26,5,21
S01010545,H J. Transport and communication,18,15,1,14,3,0,3
S01010545,K L M N. Financial real estate professional and administrative activities,40,31,8,23,9,5,4
S01010545,O P Q. Public administration education and health,75,68,27,41,7,2,5
S01010545,R S T U. Other,30,20,5,15,10,4,6
S01010546,All people aged 16 to 74 in employment,372,307,75,232,65,16,49
S01010546,A B D E. Agriculture energy and water,13,8,0,8,5,1,4
S01010546,C. Manufacturing,54,50,1,49,4,0,4
S01010546,F. Construction,42,27,1,26,15,2,13
S01010546,G I. Distribution hotels and restaurants,90,72,24,48,18,4,14
S01010546,H J. Transport and communication,10,9,3,6,1,0,1
S01010546,K L M N. Financial real estate professional and administrative activities,50,37,13,24,13,4,9
S01010546,O P Q. Public administration education and health,89,84,29,55,5,4,1
S01010546,R S T U. Other,24,20,4,16,4,1,3
S01010547,All people aged 16 to 74 in employment,379,288,94,194,91,18,73
S01010547,A B D E. Agriculture energy and water,38,18,1,17,20,2,18
S01010547,C. Manufacturing,30,22,4,18,8,4,4
S01010547,F. Construction,37,21,5,16,16,1,15
S01010547,G I. Distribution hotels and restaurants,76,61,31,30,15,0,15
S01010547,H J. Transport and communication,24,19,3,16,5,1,4
S01010547,K L M N. Financial real estate professional and administrative activities,46,37,5,32,9,2,7
S01010547,O P Q. Public administration education and health,102,88,39,49,14,5,9
S01010547,R S T U. Other,26,22,6,16,4,3,1
S01010548,All people aged 16 to 74 in employment,296,225,78,147,71,21,50
S01010548,A B D E. Agriculture energy and water,34,16,4,12,18,4,14
S01010548,C. Manufacturing,18,10,0,10,8,4,4
S01010548,F. Construction,35,26,3,23,9,0,9
S01010548,G I. Distribution hotels and restaurants,73,61,28,33,12,3,9
S01010548,H J. Transport and communication,16,14,2,12,2,1,1
S01010548,K L M N. Financial real estate professional and administrative activities,39,27,7,20,12,4,8
S01010548,O P Q. Public administration education and health,64,58,29,29,6,2,4
S01010548,R S T U. Other,17,13,5,8,4,3,1
S01010549,All people aged 16 to 74 in employment,467,428,119,309,39,19,20
S01010549,A B D E. Agriculture energy and water,24,22,1,21,2,1,1
S01010549,C. Manufacturing,22,20,3,17,2,1,1
S01010549,F. Construction,31,26,0,26,5,1,4
S01010549,G I. Distribution hotels and restaurants,93,87,35,52,6,2,4
S01010549,H J. Transport and communication,42,35,7,28,7,4,3
S01010549,K L M N. Financial real estate professional and administrative activities,64,57,10,47,7,4,3
S01010549,O P Q. Public administration education and health,159,156,54,102,3,0,3
S01010549,R S T U. Other,32,25,9,16,7,6,1
S01010550,All people aged 16 to 74 in employment,280,240,70,170,40,15,25
S01010550,A B D E. Agriculture energy and water,9,8,0,8,1,0,1
S01010550,C. Manufacturing,19,16,2,14,3,0,3
S01010550,F. Construction,25,17,0,17,8,2,6
S01010550,G I. Distribution hotels and restaurants,65,61,24,37,4,0,4
S01010550,H J. Transport and communication,26,23,8,15,3,1,2
S01010550,K L M N. Financial real estate professional and administrative activities,41,36,5,31,5,2,3
S01010550,O P Q. Public administration education and health,81,72,29,43,9,5,4
S01010550,R S T U. Other,14,7,2,5,7,5,2
S01010551,All people aged 16 to 74 in employment,337,236,74,162,101,28,73
S01010551,A B D E. Agriculture energy and water,52,19,2,17,33,8,25
S01010551,C. Manufacturing,16,15,0,15,1,0,1
S01010551,F. Construction,33,19,2,17,14,2,12
S01010551,G I. Distribution hotels and restaurants,67,55,21,34,12,3,9
S01010551,H J. Transport and communication,19,15,2,13,4,0,4
S01010551,K L M N. Financial real estate professional and administrative activities,44,25,9,16,19,6,13
S01010551,O P Q. Public administration education and health,98,83,34,49,15,7,8
S01010551,R S T U. Other,8,5,4,1,3,2,1
S01010552,All people aged 16 to 74 in employment,407,321,95,226,86,20,66
S01010552,A B D E. Agriculture energy and water,29,15,1,14,14,1,13
S01010552,C. Manufacturing,21,17,1,16,4,2,2
S01010552,F. Construction,31,16,0,16,15,2,13
S01010552,G I. Distribution hotels and restaurants,76,64,31,33,12,0,12
S01010552,H J. Transport and communication,43,35,5,30,8,2,6
S01010552,K L M N. Financial real estate professional and administrative activities,66,47,8,39,19,7,12
S01010552,O P Q. Public administration education and health,118,113,44,69,5,1,4
S01010552,R S T U. Other,23,14,5,9,9,5,4
S01010553,All people aged 16 to 74 in employment,328,231,73,158,97,21,76
S01010553,A B D E. Agriculture energy and water,71,31,2,29,40,2,38
S01010553,C. Manufacturing,18,14,2,12,4,1,3
S01010553,F. Construction,23,15,2,13,8,0,8
S01010553,G I. Distribution hotels and restaurants,49,38,16,22,11,3,8
S01010553,H J. Transport and communication,18,14,0,14,4,4,0
S01010553,K L M N. Financial real estate professional and administrative activities,51,35,10,25,16,5,11
S01010553,O P Q. Public administration education and health,75,71,34,37,4,1,3
S01010553,R S T U. Other,23,13,7,6,10,5,5
S01010554,All people aged 16 to 74 in employment,378,320,96,224,58,17,41
S01010554,A B D E. Agriculture energy and water,15,14,2,12,1,1,0
S01010554,C. Manufacturing,21,18,0,18,3,2,1
S01010554,F. Construction,34,21,1,20,13,3,10
S01010554,G I. Distribution hotels and restaurants,83,77,30,47,6,2,4
S01010554,H J. Transport and communication,36,30,4,26,6,1,5
S01010554,K L M N. Financial real estate professional and administrative activities,46,32,10,22,14,4,10
S01010554,O P Q. Public administration education and health,125,116,45,71,9,1,8
S01010554,R S T U. Other,18,12,4,8,6,3,3
S01010555,All people aged 16 to 74 in employment,478,413,108,305,65,15,50
S01010555,A B D E. Agriculture energy and water,14,13,0,13,1,0,1
S01010555,C. Manufacturing,28,24,0,24,4,0,4
S01010555,F. Construction,18,15,0,15,3,0,3
S01010555,G I. Distribution hotels and restaurants,151,121,52,69,30,3,27
S01010555,H J. Transport and communication,40,38,4,34,2,0,2
S01010555,K L M N. Financial real estate professional and administrative activities,65,53,11,42,12,5,7
S01010555,O P Q. Public administration education and health,138,131,37,94,7,4,3
S01010555,R S T U. Other,24,18,4,14,6,3,3
S01010556,All people aged 16 to 74 in employment,366,334,94,240,32,7,25
S01010556,A B D E. Agriculture energy and water,15,14,1,13,1,0,1
S01010556,C. Manufacturing,28,26,1,25,2,0,2
S01010556,F. Construction,40,31,2,29,9,1,8
S01010556,G I. Distribution hotels and restaurants,103,99,38,61,4,3,1
S01010556,H J. Transport and communication,37,33,6,27,4,0,4
S01010556,K L M N. Financial real estate professional and administrative activities,35,30,9,21,5,0,5
S01010556,O P Q. Public administration education and health,90,89,31,58,1,1,0
S01010556,R S T U. Other,18,12,6,6,6,2,4
S01010557,All people aged 16 to 74 in employment,276,263,81,182,13,2,11
S01010557,A B D E. Agriculture energy and water,12,12,0,12,0,0,0
S01010557,C. Manufacturing,27,27,1,26,0,0,0
S01010557,F. Construction,19,15,0,15,4,1,3
S01010557,G I. Distribution hotels and restaurants,65,63,32,31,2,0,2
S01010557,H J. Transport and communication,25,25,6,19,0,0,0
S01010557,K L M N. Financial real estate professional and administrative activities,26,23,8,15,3,0,3
S01010557,O P Q. Public administration education and health,89,87,27,60,2,0,2
S01010557,R S T U. Other,13,11,7,4,2,1,1
S01010558,All people aged 16 to 74 in employment,312,270,73,197,42,13,29
S01010558,A B D E. Agriculture energy and water,13,11,1,10,2,1,1
S01010558,C. Manufacturing,22,16,3,13,6,0,6
S01010558,F. Construction,26,22,0,22,4,0,4
S01010558,G I. Distribution hotels and restaurants,53,49,15,34,4,0,4
S01010558,H J. Transport and communication,30,28,6,22,2,0,2
S01010558,K L M N. Financial real estate professional and administrative activities,44,34,9,25,10,4,6
S01010558,O P Q. Public administration education and health,99,94,33,61,5,2,3
S01010558,R S T U. Other,25,16,6,10,9,6,3
S01010559,All people aged 16 to 74 in employment,290,227,67,160,63,11,52
S01010559,A B D E. Agriculture energy and water,12,8,0,8,4,1,3
S01010559,C. Manufacturing,12,10,0,10,2,0,2
S01010559,F. Construction,17,11,2,9,6,1,5
S01010559,G I. Distribution hotels and restaurants,59,43,12,31,16,1,15
S01010559,H J. Transport and communication,27,26,4,22,1,0,1
S01010559,K L M N. Financial real estate professional and administrative activities,45,29,9,20,16,3,13
S01010559,O P Q. Public administration education and health,104,88,34,54,16,5,11
S01010559,R S T U. Other,14,12,6,6,2,0,2
S01010560,All people aged 16 to 74 in employment,331,286,80,206,45,12,33
S01010560,A B D E. Agriculture energy and water,19,16,1,15,3,0,3
S01010560,C. Manufacturing,14,12,1,11,2,2,0
S01010560,F. Construction,26,20,0,20,6,0,6
S01010560,G I. Distribution hotels and restaurants,72,60,29,31,12,5,7
S01010560,H J. Transport and communication,26,21,1,20,5,1,4
S01010560,K L M N. Financial real estate professional and administrative activities,41,33,8,25,8,1,7
S01010560,O P Q. Public administration education and health,116,110,35,75,6,3,3
S01010560,R S T U. Other,17,14,5,9,3,0,3
S01010561,All people aged 16 to 74 in employment,327,277,89,188,50,13,37
S01010561,A B D E. Agriculture energy and water,12,11,1,10,1,0,1
S01010561,C. Manufacturing,20,19,3,16,1,1,0
S01010561,F. Construction,33,25,2,23,8,1,7
S01010561,G I. Distribution hotels and restaurants,69,55,26,29,14,3,11
S01010561,H J. Transport and communication,28,25,6,19,3,0,3
S01010561,K L M N. Financial real estate professional and administrative activities,43,31,8,23,12,5,7
S01010561,O P Q. Public administration education and health,104,95,35,60,9,2,7
S01010561,R S T U. Other,18,16,8,8,2,1,1
S01010562,All people aged 16 to 74 in employment,391,353,120,233,38,10,28
S01010562,A B D E. Agriculture energy and water,22,18,1,17,4,1,3
S01010562,C. Manufacturing,30,29,1,28,1,0,1
S01010562,F. Construction,35,24,2,22,11,2,9
S01010562,G I. Distribution hotels and restaurants,99,93,43,50,6,1,5
S01010562,H J. Transport and communication,22,21,6,15,1,0,1
S01010562,K L M N. Financial real estate professional and administrative activities,35,29,11,18,6,1,5
S01010562,O P Q. Public administration education and health,119,114,46,68,5,3,2
S01010562,R S T U. Other,29,25,10,15,4,2,2
S01010563,All people aged 16 to 74 in employment,263,237,65,172,26,6,20
S01010563,A B D E. Agriculture energy and water,19,16,1,15,3,1,2
S01010563,C. Manufacturing,17,17,2,15,0,0,0
S01010563,F. Construction,29,19,0,19,10,1,9
S01010563,G I. Distribution hotels and restaurants,59,56,25,31,3,0,3
S01010563,H J. Transport and communication,22,20,1,19,2,0,2
S01010563,K L M N. Financial real estate professional and administrative activities,27,24,3,21,3,2,1
S01010563,O P Q. Public administration education and health,76,73,24,49,3,0,3
S01010563,R S T U. Other,14,12,9,3,2,2,0
S01010564,All people aged 16 to 74 in employment,214,190,54,136,24,7,17
S01010564,A B D E. Agriculture energy and water,15,13,2,11,2,0,2
S01010564,C. Manufacturing,18,16,1,15,2,1,1
S01010564,F. Construction,21,16,2,14,5,2,3
S01010564,G I. Distribution hotels and restaurants,61,58,25,33,3,1,2
S01010564,H J. Transport and communication,20,16,3,13,4,0,4
S01010564,K L M N. Financial real estate professional and administrative activities,22,20,7,13,2,0,2
S01010564,O P Q. Public administration education and health,48,45,11,34,3,3,0
S01010564,R S T U. Other,9,6,3,3,3,0,3
S01010565,All people aged 16 to 74 in employment,282,264,74,190,18,2,16
S01010565,A B D E. Agriculture energy and water,13,10,0,10,3,0,3
S01010565,C. Manufacturing,25,25,2,23,0,0,0
S01010565,F. Construction,29,24,1,23,5,0,5
S01010565,G I. Distribution hotels and restaurants,74,70,29,41,4,1,3
S01010565,H J. Transport and communication,17,16,0,16,1,0,1
S01010565,K L M N. Financial real estate professional and administrative activities,29,28,8,20,1,1,0
S01010565,O P Q. Public administration education and health,88,84,33,51,4,0,4
S01010565,R S T U. Other,7,7,1,6,0,0,0
S01010566,All people aged 16 to 74 in employment,586,471,125,346,115,32,83
S01010566,A B D E. Agriculture energy and water,51,34,3,31,17,2,15
S01010566,C. Manufacturing,61,54,4,50,7,2,5
S01010566,F. Construction,47,25,1,24,22,2,20
S01010566,G I. Distribution hotels and restaurants,83,65,29,36,18,4,14
S01010566,H J. Transport and communication,23,20,2,18,3,1,2
S01010566,K L M N. Financial real estate professional and administrative activities,103,81,13,68,22,10,12
S01010566,O P Q. Public administration education and health,181,167,65,102,14,4,10
S01010566,R S T U. Other,37,25,8,17,12,7,5
S01010567,All people aged 16 to 74 in employment,567,448,128,320,119,35,84
S01010567,A B D E. Agriculture energy and water,24,13,0,13,11,3,8
S01010567,C. Manufacturing,34,28,5,23,6,0,6
S01010567,F. Construction,59,38,4,34,21,3,18
S01010567,G I. Distribution hotels and restaurants,112,89,37,52,23,6,17
S01010567,H J. Transport and communication,35,22,4,18,13,1,12
S01010567,K L M N. Financial real estate professional and administrative activities,61,46,10,36,15,6,9
S01010567,O P Q. Public administration education and health,212,196,62,134,16,8,8
S01010567,R S T U. Other,30,16,6,10,14,8,6
S01010568,All people aged 16 to 74 in employment,529,439,129,310,90,23,67
S01010568,A B D E. Agriculture energy and water,38,23,2,21,15,3,12
S01010568,C. Manufacturing,26,21,1,20,5,1,4
S01010568,F. Construction,39,22,2,20,17,0,17
S01010568,G I. Distribution hotels and restaurants,121,106,38,68,15,4,11
S01010568,H J. Transport and communication,46,42,5,37,4,2,2
S01010568,K L M N. Financial real estate professional and administrative activities,68,56,16,40,12,1,11
S01010568,O P Q. Public administration education and health,163,148,57,91,15,8,7
S01010568,R S T U. Other,28,21,8,13,7,4,3
S01010569,All people aged 16 to 74 in employment,522,423,80,343,99,26,73
S01010569,A B D E. Agriculture energy and water,40,20,4,16,20,2,18
S01010569,C. Manufacturing,22,17,2,15,5,1,4
S01010569,F. Construction,39,25,1,24,14,3,11
S01010569,G I. Distribution hotels and restaurants,79,66,20,46,13,4,9
S01010569,H J. Transport and communication,42,37,2,35,5,0,5
S01010569,K L M N. Financial real estate professional and administrative activities,59,43,8,35,16,6,10
S01010569,O P Q. Public administration education and health,218,206,41,165,12,5,7
S01010569,R S T U. Other,23,9,2,7,14,5,9
S01010570,All people aged 16 to 74 in employment,515,461,130,331,54,13,41
S01010570,A B D E. Agriculture energy and water,35,27,9,18,8,0,8
S01010570,C. Manufacturing,33,33,2,31,0,0,0
S01010570,F. Construction,48,37,2,35,11,1,10
S01010570,G I. Distribution hotels and restaurants,141,132,53,79,9,4,5
S01010570,H J. Transport and communication,51,39,4,35,12,2,10
S01010570,K L M N. Financial real estate professional and administrative activities,45,41,12,29,4,1,3
S01010570,O P Q. Public administration education and health,141,133,42,91,8,4,4
S01010570,R S T U. Other,21,19,6,13,2,1,1
S01010571,All people aged 16 to 74 in employment,493,452,105,347,41,7,34
S01010571,A B D E. Agriculture energy and water,16,15,0,15,1,0,1
S01010571,C. Manufacturing,30,24,0,24,6,1,5
S01010571,F. Construction,36,26,3,23,10,1,9
S01010571,G I. Distribution hotels and restaurants,120,110,37,73,10,1,9
S01010571,H J. Transport and communication,63,57,8,49,6,0,6
S01010571,K L M N. Financial real estate professional and administrative activities,36,36,13,23,0,0,0
S01010571,O P Q. Public administration education and health,166,161,39,122,5,3,2
S01010571,R S T U. Other,26,23,5,18,3,1,2
S01010572,All people aged 16 to 74 in employment,410,384,101,283,26,9,17
S01010572,A B D E. Agriculture energy and water,12,12,2,10,0,0,0
S01010572,C. Manufacturing,27,27,3,24,0,0,0
S01010572,F. Construction,42,36,1,35,6,0,6
S01010572,G I. Distribution hotels and restaurants,132,128,51,77,4,1,3
S01010572,H J. Transport and communication,44,39,4,35,5,3,2
S01010572,K L M N. Financial real estate professional and administrative activities,44,38,6,32,6,4,2
S01010572,O P Q. Public administration education and health,93,89,28,61,4,1,3
S01010572,R S T U. Other,16,15,6,9,1,0,1
S01010573,All people aged 16 to 74 in employment,312,290,74,216,22,8,14
S01010573,A B D E. Agriculture energy and water,8,8,0,8,0,0,0
S01010573,C. Manufacturing,18,16,1,15,2,1,1
S01010573,F. Construction,36,31,2,29,5,1,4
S01010573,G I. Distribution hotels and restaurants,108,105,37,68,3,1,2
S01010573,H J. Transport and communication,24,21,3,18,3,0,3
S01010573,K L M N. Financial real estate professional and administrative activities,25,24,5,19,1,0,1
S01010573,O P Q. Public administration education and health,84,79,25,54,5,2,3
S01010573,R S T U. Other,9,6,1,5,3,3,0
S01010574,All people aged 16 to 74 in employment,313,279,80,199,34,6,28
S01010574,A B D E. Agriculture energy and water,9,5,1,4,4,0,4
S01010574,C. Manufacturing,21,20,3,17,1,0,1
S01010574,F. Construction,21,18,1,17,3,0,3
S01010574,G I. Distribution hotels and restaurants,71,66,25,41,5,2,3
S01010574,H J. Transport and communication,24,21,4,17,3,0,3
S01010574,K L M N. Financial real estate professional and administrative activities,48,39,10,29,9,3,6
S01010574,O P Q. Public administration education and health,108,101,30,71,7,0,7
S01010574,R S T U. Other,11,9,6,3,2,1,1
S01010575,All people aged 16 to 74 in employment,350,318,109,209,32,8,24
S01010575,A B D E. Agriculture energy and water,23,18,1,17,5,1,4
S01010575,C. Manufacturing,22,19,5,14,3,2,1
S01010575,F. Construction,30,24,3,21,6,2,4
S01010575,G I. Distribution hotels and restaurants,68,64,32,32,4,0,4
S01010575,H J. Transport and communication,26,22,5,17,4,1,3
S01010575,K L M N. Financial real estate professional and administrative activities,49,41,16,25,8,2,6
S01010575,O P Q. Public administration education and health,120,119,42,77,1,0,1
S01010575,R S T U. Other,12,11,5,6,1,0,1
S01010576,All people aged 16 to 74 in employment,425,367,105,262,58,17,41
S01010576,A B D E. Agriculture energy and water,16,11,0,11,5,1,4
S01010576,C. Manufacturing,30,26,4,22,4,1,3
S01010576,F. Construction,29,18,0,18,11,0,11
S01010576,G I. Distribution hotels and restaurants,78,71,30,41,7,3,4
S01010576,H J. Transport and communication,38,33,4,29,5,3,2
S01010576,K L M N. Financial real estate professional and administrative activities,46,37,6,31,9,3,6
S01010576,O P Q. Public administration education and health,165,152,55,97,13,4,9
S01010576,R S T U. Other,23,19,6,13,4,2,2
S01010577,All people aged 16 to 74 in employment,436,394,120,274,42,7,35
S01010577,A B D E. Agriculture energy and water,13,7,2,5,6,0,6
S01010577,C. Manufacturing,28,25,4,21,3,0,3
S01010577,F. Construction,53,40,0,40,13,0,13
S01010577,G I. Distribution hotels and restaurants,140,134,58,76,6,2,4
S01010577,H J. Transport and communication,42,41,5,36,1,1,0
S01010577,K L M N. Financial real estate professional and administrative activities,33,30,15,15,3,2,1
S01010577,O P Q. Public administration education and health,110,103,30,73,7,1,6
S01010577,R S T U. Other,17,14,6,8,3,1,2
S01010578,All people aged 16 to 74 in employment,335,306,90,216,29,7,22
S01010578,A B D E. Agriculture energy and water,9,9,0,9,0,0,0
S01010578,C. Manufacturing,26,23,1,22,3,1,2
S01010578,F. Construction,35,25,0,25,10,2,8
S01010578,G I. Distribution hotels and restaurants,106,99,44,55,7,2,5
S01010578,H J. Transport and communication,19,16,4,12,3,0,3
S01010578,K L M N. Financial real estate professional and administrative activities,26,25,6,19,1,0,1
S01010578,O P Q. Public administration education and health,94,91,30,61,3,1,2
S01010578,R S T U. Other,20,18,5,13,2,1,1
S01010579,All people aged 16 to 74 in employment,431,378,106,272,53,10,43
S01010579,A B D E. Agriculture energy and water,9,6,0,6,3,0,3
S01010579,C. Manufacturing,29,28,3,25,1,0,1
S01010579,F. Construction,37,28,1,27,9,1,8
S01010579,G I. Distribution hotels and restaurants,126,111,47,64,15,4,11
S01010579,H J. Transport and communication,33,26,0,26,7,0,7
S01010579,K L M N. Financial real estate professional and administrative activities,40,33,9,24,7,1,6
S01010579,O P Q. Public administration education and health,150,141,45,96,9,3,6
S01010579,R S T U. Other,7,5,1,4,2,1,1
S01010580,All people aged 16 to 74 in employment,321,297,42,255,24,6,18
S01010580,A B D E. Agriculture energy and water,10,10,0,10,0,0,0
S01010580,C. Manufacturing,19,19,0,19,0,0,0
S01010580,F. Construction,30,21,0,21,9,1,8
S01010580,G I. Distribution hotels and restaurants,82,78,19,59,4,0,4
S01010580,H J. Transport and communication,38,35,2,33,3,0,3
S01010580,K L M N. Financial real estate professional and administrative activities,30,29,3,26,1,0,1
S01010580,O P Q. Public administration education and health,99,95,16,79,4,4,0
S01010580,R S T U. Other,13,10,2,8,3,1,2
S01010581,All people aged 16 to 74 in employment,320,289,69,220,31,12,19
S01010581,A B D E. Agriculture energy and water,9,8,0,8,1,0,1
S01010581,C. Manufacturing,23,20,3,17,3,3,0
S01010581,F. Construction,26,20,1,19,6,1,5
S01010581,G I. Distribution hotels and restaurants,78,72,28,44,6,3,3
S01010581,H J. Transport and communication,22,19,4,15,3,2,1
S01010581,K L M N. Financial real estate professional and administrative activities,40,38,2,36,2,0,2
S01010581,O P Q. Public administration education and health,109,107,28,79,2,1,1
S01010581,R S T U. Other,13,5,3,2,8,2,6
S01010582,All people aged 16 to 74 in employment,255,220,63,157,35,9,26
S01010582,A B D E. Agriculture energy and water,12,9,0,9,3,1,2
S01010582,C. Manufacturing,21,21,1,20,0,0,0
S01010582,F. Construction,24,16,0,16,8,1,7
S01010582,G I. Distribution hotels and restaurants,48,42,19,23,6,4,2
S01010582,H J. Transport and communication,17,15,5,10,2,0,2
S01010582,K L M N. Financial real estate professional and administrative activities,37,30,7,23,7,0,7
S01010582,O P Q. Public administration education and health,86,81,29,52,5,3,2
S01010582,R S T U. Other,10,6,2,4,4,0,4
S01010583,All people aged 16 to 74 in employment,563,515,135,380,48,15,33
S01010583,A B D E. Agriculture energy and water,19,17,0,17,2,0,2
S01010583,C. Manufacturing,30,29,2,27,1,0,1
S01010583,F. Construction,39,35,0,35,4,0,4
S01010583,G I. Distribution hotels and restaurants,133,123,51,72,10,3,7
S01010583,H J. Transport and communication,51,45,5,40,6,1,5
S01010583,K L M N. Financial real estate professional and administrative activities,66,54,15,39,12,4,8
S01010583,O P Q. Public administration education and health,203,194,56,138,9,5,4
S01010583,R S T U. Other,22,18,6,12,4,2,2
S01010584,All people aged 16 to 74 in employment,439,381,104,277,58,12,46
S01010584,A B D E. Agriculture energy and water,11,6,2,4,5,0,5
S01010584,C. Manufacturing,33,30,2,28,3,0,3
S01010584,F. Construction,45,28,4,24,17,3,14
S01010584,G I. Distribution hotels and restaurants,93,80,30,50,13,3,10
S01010584,H J. Transport and communication,32,27,5,22,5,0,5
S01010584,K L M N. Financial real estate professional and administrative activities,53,47,10,37,6,0,6
S01010584,O P Q. Public administration education and health,149,144,43,101,5,4,1
S01010584,R S T U. Other,23,19,8,11,4,2,2
S01010585,All people aged 16 to 74 in employment,512,455,109,346,57,12,45
S01010585,A B D E. Agriculture energy and water,24,20,0,20,4,1,3
S01010585,C. Manufacturing,35,28,2,26,7,3,4
S01010585,F. Construction,49,38,1,37,11,0,11
S01010585,G I. Distribution hotels and restaurants,99,92,38,54,7,2,5
S01010585,H J. Transport and communication,39,39,6,33,0,0,0
S01010585,K L M N. Financial real estate professional and administrative activities,62,50,9,41,12,1,11
S01010585,O P Q. Public administration education and health,177,167,46,121,10,3,7
S01010585,R S T U. Other,27,21,7,14,6,2,4
S01010586,All people aged 16 to 74 in employment,430,375,111,264,55,17,38
S01010586,A B D E. Agriculture energy and water,15,12,0,12,3,0,3
S01010586,C. Manufacturing,26,25,1,24,1,1,0
S01010586,F. Construction,32,22,5,17,10,1,9
S01010586,G I. Distribution hotels and restaurants,94,83,32,51,11,4,7
S01010586,H J. Transport and communication,25,20,5,15,5,3,2
S01010586,K L M N. Financial real estate professional and administrative activities,48,39,10,29,9,1,8
S01010586,O P Q. Public administration education and health,170,164,52,112,6,2,4
S01010586,R S T U. Other,20,10,6,4,10,5,5
S01010587,All people aged 16 to 74 in employment,367,312,85,227,55,14,41
S01010587,A B D E. Agriculture energy and water,17,12,1,11,5,0,5
S01010587,C. Manufacturing,22,19,1,18,3,1,2
S01010587,F. Construction,26,20,2,18,6,0,6
S01010587,G I. Distribution hotels and restaurants,81,71,24,47,10,2,8
S01010587,H J. Transport and communication,21,17,2,15,4,1,3
S01010587,K L M N. Financial real estate professional and administrative activities,43,32,5,27,11,6,5
S01010587,O P Q. Public administration education and health,142,131,48,83,11,2,9
S01010587,R S T U. Other,15,10,2,8,5,2,3
S01010588,All people aged 16 to 74 in employment,321,292,86,206,29,5,24
S01010588,A B D E. Agriculture energy and water,15,13,1,12,2,1,1
S01010588,C. Manufacturing,15,14,3,11,1,1,0
S01010588,F. Construction,24,18,0,18,6,1,5
S01010588,G I. Distribution hotels and restaurants,63,59,29,30,4,0,4
S01010588,H J. Transport and communication,23,20,1,19,3,0,3
S01010588,K L M N. Financial real estate professional and administrative activities,40,36,9,27,4,0,4
S01010588,O P Q. Public administration education and health,128,124,40,84,4,2,2
S01010588,R S T U. Other,13,8,3,5,5,0,5
S01010589,All people aged 16 to 74 in employment,364,339,90,249,25,9,16
S01010589,A B D E. Agriculture energy and water,14,12,0,12,2,0,2
S01010589,C. Manufacturing,29,28,2,26,1,0,1
S01010589,F. Construction,25,19,0,19,6,2,4
S01010589,G I. Distribution hotels and restaurants,107,105,47,58,2,0,2
S01010589,H J. Transport and communication,32,29,6,23,3,0,3
S01010589,K L M N. Financial real estate professional and administrative activities,33,28,4,24,5,4,1
S01010589,O P Q. Public administration education and health,113,111,28,83,2,0,2
S01010589,R S T U. Other,11,7,3,4,4,3,1
S01010590,All people aged 16 to 74 in employment,465,407,108,299,58,15,43
S01010590,A B D E. Agriculture energy and water,26,24,2,22,2,0,2
S01010590,C. Manufacturing,30,29,2,27,1,0,1
S01010590,F. Construction,33,20,0,20,13,4,9
S01010590,G I. Distribution hotels and restaurants,92,76,26,50,16,3,13
S01010590,H J. Transport and communication,36,33,4,29,3,0,3
S01010590,K L M N. Financial real estate professional and administrative activities,65,50,11,39,15,4,11
S01010590,O P Q. Public administration education and health,169,164,58,106,5,2,3
S01010590,R S T U. Other,14,11,5,6,3,2,1
S01010591,All people aged 16 to 74 in employment,444,414,89,325,30,8,22
S01010591,A B D E. Agriculture energy and water,10,10,0,10,0,0,0
S01010591,C. Manufacturing,20,20,2,18,0,0,0
S01010591,F. Construction,42,34,1,33,8,1,7
S01010591,G I. Distribution hotels and restaurants,107,105,34,71,2,0,2
S01010591,H J. Transport and communication,36,30,2,28,6,1,5
S01010591,K L M N. Financial real estate professional and administrative activities,52,43,8,35,9,3,6
S01010591,O P Q. Public administration education and health,158,155,36,119,3,2,1
S01010591,R S T U. Other,19,17,6,11,2,1,1
S01010592,All people aged 16 to 74 in employment,307,286,67,219,21,6,15
S01010592,A B D E. Agriculture energy and water,12,12,1,11,0,0,0
S01010592,C. Manufacturing,18,18,5,13,0,0,0
S01010592,F. Construction,30,27,1,26,3,0,3
S01010592,G I. Distribution hotels and restaurants,68,64,23,41,4,1,3
S01010592,H J. Transport and communication,25,20,6,14,5,2,3
S01010592,K L M N. Financial real estate professional and administrative activities,27,23,5,18,4,2,2
S01010592,O P Q. Public administration education and health,105,105,24,81,0,0,0
S01010592,R S T U. Other,22,17,2,15,5,1,4
S01010593,All people aged 16 to 74 in employment,344,298,88,210,46,8,38
S01010593,A B D E. Agriculture energy and water,18,13,0,13,5,2,3
S01010593,C. Manufacturing,19,17,2,15,2,0,2
S01010593,F. Construction,39,28,2,26,11,0,11
S01010593,G I. Distribution hotels and restaurants,66,53,15,38,13,5,8
S01010593,H J. Transport and communication,24,20,3,17,4,0,4
S01010593,K L M N. Financial real estate professional and administrative activities,33,29,11,18,4,1,3
S01010593,O P Q. Public administration education and health,130,129,52,77,1,0,1
S01010593,R S T U. Other,15,9,3,6,6,0,6
S01010594,All people aged 16 to 74 in employment,393,352,94,258,41,13,28
S01010594,A B D E. Agriculture energy and water,9,9,0,9,0,0,0
S01010594,C. Manufacturing,33,32,1,31,1,1,0
S01010594,F. Construction,29,25,1,24,4,1,3
S01010594,G I. Distribution hotels and restaurants,92,82,28,54,10,2,8
S01010594,H J. Transport and communication,33,28,5,23,5,0,5
S01010594,K L M N. Financial real estate professional and administrative activities,51,43,10,33,8,3,5
S01010594,O P Q. Public administration education and health,125,118,41,77,7,3,4
S01010594,R S T U. Other,21,15,8,7,6,3,3
S01010595,All people aged 16 to 74 in employment,458,423,112,311,35,8,27
S01010595,A B D E. Agriculture energy and water,19,18,0,18,1,0,1
S01010595,C. Manufacturing,35,33,2,31,2,0,2
S01010595,F. Construction,29,22,0,22,7,0,7
S01010595,G I. Distribution hotels and restaurants,106,100,40,60,6,1,5
S01010595,H J. Transport and communication,26,25,1,24,1,1,0
S01010595,K L M N. Financial real estate professional and administrative activities,60,54,16,38,6,0,6
S01010595,O P Q. Public administration education and health,161,154,45,109,7,3,4
S01010595,R S T U. Other,22,17,8,9,5,3,2
S01010596,All people aged 16 to 74 in employment,465,385,99,286,80,15,65
S01010596,A B D E. Agriculture energy and water,33,24,1,23,9,0,9
S01010596,C. Manufacturing,30,22,0,22,8,1,7
S01010596,F. Construction,57,35,3,32,22,1,21
S01010596,G I. Distribution hotels and restaurants,87,77,37,40,10,3,7
S01010596,H J. Transport and communication,26,23,0,23,3,0,3
S01010596,K L M N. Financial real estate professional and administrative activities,72,62,14,48,10,2,8
S01010596,O P Q. Public administration education and health,142,132,40,92,10,5,5
S01010596,R S T U. Other,18,10,4,6,8,3,5
S01010597,All people aged 16 to 74 in employment,391,344,100,244,47,7,40
S01010597,A B D E. Agriculture energy and water,17,16,1,15,1,0,1
S01010597,C. Manufacturing,20,19,1,18,1,1,0
S01010597,F. Construction,36,24,2,22,12,0,12
S01010597,G I. Distribution hotels and restaurants,80,69,25,44,11,0,11
S01010597,H J. Transport and communication,34,30,7,23,4,0,4
S01010597,K L M N. Financial real estate professional and administrative activities,54,51,10,41,3,1,2
S01010597,O P Q. Public administration education and health,130,122,48,74,8,2,6
S01010597,R S T U. Other,20,13,6,7,7,3,4
S01010598,All people aged 16 to 74 in employment,600,540,112,428,60,13,47
S01010598,A B D E. Agriculture energy and water,20,17,0,17,3,0,3
S01010598,C. Manufacturing,36,36,4,32,0,0,0
S01010598,F. Construction,44,32,0,32,12,1,11
S01010598,G I. Distribution hotels and restaurants,126,119,33,86,7,1,6
S01010598,H J. Transport and communication,37,30,2,28,7,1,6
S01010598,K L M N. Financial real estate professional and administrative activities,79,66,13,53,13,3,10
S01010598,O P Q. Public administration education and health,233,222,52,170,11,2,9
S01010598,R S T U. Other,25,18,8,10,7,5,2
S01010599,All people aged 16 to 74 in employment,330,306,80,226,24,8,16
S01010599,A B D E. Agriculture energy and water,13,10,1,9,3,2,1
S01010599,C. Manufacturing,19,17,0,17,2,0,2
S01010599,F. Construction,23,20,2,18,3,0,3
S01010599,G I. Distribution hotels and restaurants,54,54,25,29,0,0,0
S01010599,H J. Transport and communication,23,19,4,15,4,2,2
S01010599,K L M N. Financial real estate professional and administrative activities,49,42,6,36,7,3,4
S01010599,O P Q. Public administration education and health,135,131,41,90,4,1,3
S01010599,R S T U. Other,14,13,1,12,1,0,1
S01010600,All people aged 16 to 74 in employment,473,408,107,301,65,16,49
S01010600,A B D E. Agriculture energy and water,21,16,1,15,5,1,4
S01010600,C. Manufacturing,24,23,1,22,1,0,1
S01010600,F. Construction,48,29,2,27,19,3,16
S01010600,G I. Distribution hotels and restaurants,113,98,37,61,15,4,11
S01010600,H J. Transport and communication,37,35,1,34,2,1,1
S01010600,K L M N. Financial real estate professional and administrative activities,56,42,13,29,14,4,10
S01010600,O P Q. Public administration education and health,145,142,46,96,3,1,2
S01010600,R S T U. Other,29,23,6,17,6,2,4
S01010601,All people aged 16 to 74 in employment,289,261,83,178,28,5,23
S01010601,A B D E. Agriculture energy and water,9,9,0,9,0,0,0
S01010601,C. Manufacturing,17,16,1,15,1,0,1
S01010601,F. Construction,30,20,3,17,10,0,10
S01010601,G I. Distribution hotels and restaurants,57,54,24,30,3,0,3
S01010601,H J. Transport and communication,23,21,1,20,2,0,2
S01010601,K L M N. Financial real estate professional and administrative activities,24,21,8,13,3,0,3
S01010601,O P Q. Public administration education and health,121,114,45,69,7,3,4
S01010601,R S T U. Other,8,6,1,5,2,2,0
S01010602,All people aged 16 to 74 in employment,318,291,68,223,27,6,21
S01010602,A B D E. Agriculture energy and water,13,10,0,10,3,2,1
S01010602,C. Manufacturing,20,20,0,20,0,0,0
S01010602,F. Construction,33,24,1,23,9,1,8
S01010602,G I. Distribution hotels and restaurants,74,70,25,45,4,1,3
S01010602,H J. Transport and communication,27,23,3,20,4,0,4
S01010602,K L M N. Financial real estate professional and administrative activities,37,34,8,26,3,1,2
S01010602,O P Q. Public administration education and health,100,99,28,71,1,0,1
S01010602,R S T U. Other,14,11,3,8,3,1,2
S01010603,All people aged 16 to 74 in employment,431,389,105,284,42,10,32
S01010603,A B D E. Agriculture energy and water,13,13,1,12,0,0,0
S01010603,C. Manufacturing,28,26,2,24,2,1,1
S01010603,F. Construction,39,28,2,26,11,3,8
S01010603,G I. Distribution hotels and restaurants,88,79,28,51,9,1,8
S01010603,H J. Transport and communication,28,24,1,23,4,0,4
S01010603,K L M N. Financial real estate professional and administrative activities,60,51,10,41,9,1,8
S01010603,O P Q. Public administration education and health,152,149,54,95,3,2,1
S01010603,R S T U. Other,23,19,7,12,4,2,2
S01010604,All people aged 16 to 74 in employment,246,219,70,149,27,7,20
S01010604,A B D E. Agriculture energy and water,8,7,1,6,1,0,1
S01010604,C. Manufacturing,8,5,0,5,3,1,2
S01010604,F. Construction,24,17,0,17,7,1,6
S01010604,G I. Distribution hotels and restaurants,52,48,24,24,4,1,3
S01010604,H J. Transport and communication,13,11,2,9,2,0,2
S01010604,K L M N. Financial real estate professional and administrative activities,34,27,7,20,7,2,5
S01010604,O P Q. Public administration education and health,101,99,34,65,2,1,1
S01010604,R S T U. Other,6,5,2,3,1,1,0
S01010605,All people aged 16 to 74 in employment,454,387,111,276,67,26,41
S01010605,A B D E. Agriculture energy and water,14,13,1,12,1,0,1
S01010605,C. Manufacturing,19,17,3,14,2,1,1
S01010605,F. Construction,47,33,0,33,14,1,13
S01010605,G I. Distribution hotels and restaurants,83,75,28,47,8,2,6
S01010605,H J. Transport and communication,38,31,3,28,7,1,6
S01010605,K L M N. Financial real estate professional and administrative activities,66,49,7,42,17,9,8
S01010605,O P Q. Public administration education and health,169,158,65,93,11,7,4
S01010605,R S T U. Other,18,11,4,7,7,5,2
S01010606,All people aged 16 to 74 in employment,390,347,103,244,43,8,35
S01010606,A B D E. Agriculture energy and water,21,18,0,18,3,0,3
S01010606,C. Manufacturing,22,21,2,19,1,0,1
S01010606,F. Construction,44,29,4,25,15,3,12
S01010606,G I. Distribution hotels and restaurants,107,106,51,55,1,0,1
S01010606,H J. Transport and communication,42,33,4,29,9,0,9
S01010606,K L M N. Financial real estate professional and administrative activities,29,23,7,16,6,2,4
S01010606,O P Q. Public administration education and health,108,105,30,75,3,1,2
S01010606,R S T U. Other,17,12,5,7,5,2,3
S01010607,All people aged 16 to 74 in employment,447,379,109,270,68,22,46
S01010607,A B D E. Agriculture energy and water,16,14,1,13,2,0,2
S01010607,C. Manufacturing,23,20,1,19,3,0,3
S01010607,F. Construction,26,14,2,12,12,3,9
S01010607,G I. Distribution hotels and restaurants,85,74,34,40,11,2,9
S01010607,H J. Transport and communication,38,31,2,29,7,1,6
S01010607,K L M N. Financial real estate professional and administrative activities,58,47,10,37,11,1,10
S01010607,O P Q. Public administration education and health,172,164,54,110,8,7,1
S01010607,R S T U. Other,29,15,5,10,14,8,6
S01010608,All people aged 16 to 74 in employment,284,266,88,178,18,3,15
S01010608,A B D E. Agriculture energy and water,10,9,0,9,1,0,1
S01010608,C. Manufacturing,7,7,0,7,0,0,0
S01010608,F. Construction,30,25,0,25,5,0,5
S01010608,G I. Distribution hotels and restaurants,93,90,43,47,3,2,1
S01010608,H J. Transport and communication,40,36,4,32,4,0,4
S01010608,K L M N. Financial real estate professional and administrative activities,27,25,11,14,2,0,2
S01010608,O P Q. Public administration education and health,68,66,27,39,2,0,2
S01010608,R S T U. Other,9,8,3,5,1,1,0
S01010609,All people aged 16 to 74 in employment,293,270,87,183,23,6,17
S01010609,A B D E. Agriculture energy and water,10,8,0,8,2,0,2
S01010609,C. Manufacturing,16,14,1,13,2,1,1
S01010609,F. Construction,27,22,0,22,5,0,5
S01010609,G I. Distribution hotels and restaurants,102,99,40,59,3,1,2
S01010609,H J. Transport and communication,30,24,5,19,6,2,4
S01010609,K L M N. Financial real estate professional and administrative activities,16,16,6,10,0,0,0
S01010609,O P Q. Public administration education and health,79,75,32,43,4,2,2
S01010609,R S T U. Other,13,12,3,9,1,0,1
S01010610,All people aged 16 to 74 in employment,328,286,74,212,42,16,26
S01010610,A B D E. Agriculture energy and water,11,11,1,10,0,0,0
S01010610,C. Manufacturing,13,13,2,11,0,0,0
S01010610,F. Construction,24,14,1,13,10,2,8
S01010610,G I. Distribution hotels and restaurants,48,43,15,28,5,1,4
S01010610,H J. Transport and communication,34,28,5,23,6,4,2
S01010610,K L M N. Financial real estate professional and administrative activities,53,42,8,34,11,2,9
S01010610,O P Q. Public administration education and health,126,122,40,82,4,3,1
S01010610,R S T U. Other,19,13,2,11,6,4,2
S01010611,All people aged 16 to 74 in employment,514,474,124,350,40,8,32
S01010611,A B D E. Agriculture energy and water,25,23,2,21,2,0,2
S01010611,C. Manufacturing,30,29,4,25,1,1,0
S01010611,F. Construction,42,36,1,35,6,1,5
S01010611,G I. Distribution hotels and restaurants,147,138,54,84,9,2,7
S01010611,H J. Transport and communication,51,48,2,46,3,0,3
S01010611,K L M N. Financial real estate professional and administrative activities,35,33,7,26,2,0,2
S01010611,O P Q. Public administration education and health,156,148,46,102,8,3,5
S01010611,R S T U. Other,28,19,8,11,9,1,8
S01010612,All people aged 16 to 74 in employment,400,368,113,255,32,7,25
S01010612,A B D E. Agriculture energy and water,13,11,0,11,2,0,2
S01010612,C. Manufacturing,22,20,2,18,2,0,2
S01010612,F. Construction,25,21,1,20,4,0,4
S01010612,G I. Distribution hotels and restaurants,130,125,53,72,5,1,4
S01010612,H J. Transport and communication,35,29,6,23,6,2,4
S01010612,K L M N. Financial real estate professional and administrative activities,27,23,8,15,4,2,2
S01010612,O P Q. Public administration education and health,130,126,38,88,4,0,4
S01010612,R S T U. Other,18,13,5,8,5,2,3
S01010613,All people aged 16 to 74 in employment,326,303,87,216,23,7,16
S01010613,A B D E. Agriculture energy and water,15,15,0,15,0,0,0
S01010613,C. Manufacturing,6,5,1,4,1,0,1
S01010613,F. Construction,22,17,2,15,5,0,5
S01010613,G I. Distribution hotels and restaurants,70,68,26,42,2,2,0
S01010613,H J. Transport and communication,31,24,6,18,7,0,7
S01010613,K L M N. Financial real estate professional and administrative activities,34,32,8,24,2,2,0
S01010613,O P Q. Public administration education and health,127,123,36,87,4,1,3
S01010613,R S T U. Other,21,19,8,11,2,2,0
S01010614,All people aged 16 to 74 in employment,260,246,79,167,14,6,8
S01010614,A B D E. Agriculture energy and water,4,4,0,4,0,0,0
S01010614,C. Manufacturing,19,19,1,18,0,0,0
S01010614,F. Construction,21,16,1,15,5,1,4
S01010614,G I. Distribution hotels and restaurants,100,97,40,57,3,2,1
S01010614,H J. Transport and communication,28,28,4,24,0,0,0
S01010614,K L M N. Financial real estate professional and administrative activities,16,14,5,9,2,0,2
S01010614,O P Q. Public administration education and health,62,59,24,35,3,2,1
S01010614,R S T U. Other,10,9,4,5,1,1,0
S01010615,All people aged 16 to 74 in employment,496,465,121,344,31,2,29
S01010615,A B D E. Agriculture energy and water,16,15,1,14,1,0,1
S01010615,C. Manufacturing,33,33,2,31,0,0,0
S01010615,F. Construction,39,30,1,29,9,0,9
S01010615,G I. Distribution hotels and restaurants,139,135,47,88,4,2,2
S01010615,H J. Transport and communication,43,38,3,35,5,0,5
S01010615,K L M N. Financial real estate professional and administrative activities,44,38,11,27,6,0,6
S01010615,O P Q. Public administration education and health,159,156,51,105,3,0,3
S01010615,R S T U. Other,23,20,5,15,3,0,3
S01010616,All people aged 16 to 74 in employment,475,437,130,307,38,9,29
S01010616,A B D E. Agriculture energy and water,11,10,0,10,1,0,1
S01010616,C. Manufacturing,18,17,2,15,1,1,0
S01010616,F. Construction,37,28,2,26,9,0,9
S01010616,G I. Distribution hotels and restaurants,115,113,46,67,2,1,1
S01010616,H J. Transport and communication,50,46,7,39,4,1,3
S01010616,K L M N. Financial real estate professional and administrative activities,39,29,4,25,10,2,8
S01010616,O P Q. Public administration education and health,192,182,64,118,10,4,6
S01010616,R S T U. Other,13,12,5,7,1,0,1
S01010617,All people aged 16 to 74 in employment,527,481,133,348,46,13,33
S01010617,A B D E. Agriculture energy and water,17,16,1,15,1,0,1
S01010617,C. Manufacturing,21,18,1,17,3,1,2
S01010617,F. Construction,32,22,0,22,10,3,7
S01010617,G I. Distribution hotels and restaurants,110,105,36,69,5,3,2
S01010617,H J. Transport and communication,59,51,7,44,8,0,8
S01010617,K L M N. Financial real estate professional and administrative activities,50,45,11,34,5,2,3
S01010617,O P Q. Public administration education and health,217,210,73,137,7,3,4
S01010617,R S T U. Other,21,14,4,10,7,1,6
S01010618,All people aged 16 to 74 in employment,479,434,132,302,45,10,35
S01010618,A B D E. Agriculture energy and water,11,10,1,9,1,0,1
S01010618,C. Manufacturing,21,18,1,17,3,0,3
S01010618,F. Construction,51,37,3,34,14,0,14
S01010618,G I. Distribution hotels and restaurants,130,122,49,73,8,2,6
S01010618,H J. Transport and communication,47,40,2,38,7,1,6
S01010618,K L M N. Financial real estate professional and administrative activities,43,41,8,33,2,1,1
S01010618,O P Q. Public administration education and health,159,151,63,88,8,6,2
S01010618,R S T U. Other,17,15,5,10,2,0,2
S01010619,All people aged 16 to 74 in employment,371,345,84,261,26,5,21
S01010619,A B D E. Agriculture energy and water,13,13,0,13,0,0,0
S01010619,C. Manufacturing,13,13,0,13,0,0,0
S01010619,F. Construction,38,29,3,26,9,0,9
S01010619,G I. Distribution hotels and restaurants,127,119,47,72,8,2,6
S01010619,H J. Transport and communication,27,26,2,24,1,0,1
S01010619,K L M N. Financial real estate professional and administrative activities,32,31,7,24,1,0,1
S01010619,O P Q. Public administration education and health,99,96,19,77,3,0,3
S01010619,R S T U. Other,22,18,6,12,4,3,1
S01010620,All people aged 16 to 74 in employment,360,334,77,257,26,7,19
S01010620,A B D E. Agriculture energy and water,10,7,0,7,3,1,2
S01010620,C. Manufacturing,19,19,6,13,0,0,0
S01010620,F. Construction,19,15,0,15,4,0,4
S01010620,G I. Distribution hotels and restaurants,135,130,40,90,5,1,4
S01010620,H J. Transport and communication,37,36,3,33,1,0,1
S01010620,K L M N. Financial real estate professional and administrative activities,33,30,6,24,3,0,3
S01010620,O P Q. Public administration education and health,81,77,15,62,4,1,3
S01010620,R S T U. Other,26,20,7,13,6,4,2
S01010621,All people aged 16 to 74 in employment,505,429,103,326,76,22,54
S01010621,A B D E. Agriculture energy and water,14,12,0,12,2,1,1
S01010621,C. Manufacturing,37,34,3,31,3,2,1
S01010621,F. Construction,30,16,1,15,14,1,13
S01010621,G I. Distribution hotels and restaurants,124,110,36,74,14,4,10
S01010621,H J. Transport and communication,52,47,5,42,5,1,4
S01010621,K L M N. Financial real estate professional and administrative activities,86,59,10,49,27,8,19
S01010621,O P Q. Public administration education and health,142,134,44,90,8,4,4
S01010621,R S T U. Other,20,17,4,13,3,1,2
S01010622,All people aged 16 to 74 in employment,313,290,98,192,23,6,17
S01010622,A B D E. Agriculture energy and water,6,5,1,4,1,0,1
S01010622,C. Manufacturing,22,22,3,19,0,0,0
S01010622,F. Construction,26,20,2,18,6,0,6
S01010622,G I. Distribution hotels and restaurants,102,101,47,54,1,0,1
S01010622,H J. Transport and communication,28,26,7,19,2,0,2
S01010622,K L M N. Financial real estate professional and administrative activities,23,18,4,14,5,2,3
S01010622,O P Q. Public administration education and health,90,87,33,54,3,1,2
S01010622,R S T U. Other,16,11,1,10,5,3,2
S01010623,All people aged 16 to 74 in employment,390,364,100,264,26,11,15
S01010623,A B D E. Agriculture energy and water,10,8,3,5,2,0,2
S01010623,C. Manufacturing,3,3,0,3,0,0,0
S01010623,F. Construction,13,10,0,10,3,1,2
S01010623,G I. Distribution hotels and restaurants,80,70,35,35,10,6,4
S01010623,H J. Transport and communication,8,6,3,3,2,1,1
S01010623,K L M N. Financial real estate professional and administrative activities,30,25,8,17,5,2,3
S01010623,O P Q. Public administration education and health,233,231,46,185,2,0,2
S01010623,R S T U. Other,13,11,5,6,2,1,1
S01010624,All people aged 16 to 74 in employment,341,324,84,240,17,3,14
S01010624,A B D E. Agriculture energy and water,10,10,0,10,0,0,0
S01010624,C. Manufacturing,19,19,2,17,0,0,0
S01010624,F. Construction,24,15,0,15,9,1,8
S01010624,G I. Distribution hotels and restaurants,93,92,40,52,1,1,0
S01010624,H J. Transport and communication,9,9,0,9,0,0,0
S01010624,K L M N. Financial real estate professional and administrative activities,29,26,7,19,3,0,3
S01010624,O P Q. Public administration education and health,150,147,32,115,3,0,3
S01010624,R S T U. Other,7,6,3,3,1,1,0
S01010625,All people aged 16 to 74 in employment,379,310,103,207,69,18,51
S01010625,A B D E. Agriculture energy and water,13,8,2,6,5,0,5
S01010625,C. Manufacturing,12,10,0,10,2,1,1
S01010625,F. Construction,22,11,2,9,11,2,9
S01010625,G I. Distribution hotels and restaurants,92,72,38,34,20,3,17
S01010625,H J. Transport and communication,23,20,3,17,3,0,3
S01010625,K L M N. Financial real estate professional and administrative activities,55,44,7,37,11,5,6
S01010625,O P Q. Public administration education and health,146,135,48,87,11,4,7
S01010625,R S T U. Other,16,10,3,7,6,3,3
S01010626,All people aged 16 to 74 in employment,389,322,106,216,67,19,48
S01010626,A B D E. Agriculture energy and water,13,10,0,10,3,2,1
S01010626,C. Manufacturing,9,6,1,5,3,0,3
S01010626,F. Construction,30,21,2,19,9,0,9
S01010626,G I. Distribution hotels and restaurants,88,74,31,43,14,3,11
S01010626,H J. Transport and communication,28,24,4,20,4,0,4
S01010626,K L M N. Financial real estate professional and administrative activities,36,20,8,12,16,3,13
S01010626,O P Q. Public administration education and health,163,151,56,95,12,7,5
S01010626,R S T U. Other,22,16,4,12,6,4,2
S01010627,All people aged 16 to 74 in employment,462,391,92,299,71,9,62
S01010627,A B D E. Agriculture energy and water,14,12,0,12,2,0,2
S01010627,C. Manufacturing,36,32,1,31,4,1,3
S01010627,F. Construction,19,12,2,10,7,0,7
S01010627,G I. Distribution hotels and restaurants,147,120,43,77,27,2,25
S01010627,H J. Transport and communication,43,38,5,33,5,0,5
S01010627,K L M N. Financial real estate professional and administrative activities,53,40,11,29,13,1,12
S01010627,O P Q. Public administration education and health,131,127,28,99,4,3,1
S01010627,R S T U. Other,19,10,2,8,9,2,7
S01010628,All people aged 16 to 74 in employment,549,483,115,368,66,14,52
S01010628,A B D E. Agriculture energy and water,18,15,0,15,3,0,3
S01010628,C. Manufacturing,27,23,2,21,4,0,4
S01010628,F. Construction,26,18,2,16,8,1,7
S01010628,G I. Distribution hotels and restaurants,160,138,44,94,22,5,17
S01010628,H J. Transport and communication,35,29,4,25,6,1,5
S01010628,K L M N. Financial real estate professional and administrative activities,73,65,17,48,8,3,5
S01010628,O P Q. Public administration education and health,178,167,37,130,11,3,8
S01010628,R S T U. Other,32,28,9,19,4,1,3
S01010629,All people aged 16 to 74 in employment,432,357,118,239,75,20,55
S01010629,A B D E. Agriculture energy and water,8,6,1,5,2,2,0
S01010629,C. Manufacturing,16,13,2,11,3,0,3
S01010629,F. Construction,33,24,1,23,9,0,9
S01010629,G I. Distribution hotels and restaurants,92,81,29,52,11,3,8
S01010629,H J. Transport and communication,33,30,5,25,3,1,2
S01010629,K L M N. Financial real estate professional and administrative activities,64,38,10,28,26,7,19
S01010629,O P Q. Public administration education and health,167,150,65,85,17,5,12
S01010629,R S T U. Other,19,15,5,10,4,2,2
S01010630,All people aged 16 to 74 in employment,298,262,72,190,36,8,28
S01010630,A B D E. Agriculture energy and water,8,8,1,7,0,0,0
S01010630,C. Manufacturing,11,10,0,10,1,1,0
S01010630,F. Construction,24,14,2,12,10,0,10
S01010630,G I. Distribution hotels and restaurants,93,82,32,50,11,2,9
S01010630,H J. Transport and communication,30,29,3,26,1,0,1
S01010630,K L M N. Financial real estate professional and administrative activities,21,17,4,13,4,2,2
S01010630,O P Q. Public administration education and health,96,90,25,65,6,1,5
S01010630,R S T U. Other,15,12,5,7,3,2,1
S01010631,All people aged 16 to 74 in employment,348,311,72,239,37,11,26
S01010631,A B D E. Agriculture energy and water,12,5,0,5,7,1,6
S01010631,C. Manufacturing,20,20,1,19,0,0,0
S01010631,F. Construction,19,12,0,12,7,1,6
S01010631,G I. Distribution hotels and restaurants,77,70,36,34,7,1,6
S01010631,H J. Transport and communication,38,36,1,35,2,0,2
S01010631,K L M N. Financial real estate professional and administrative activities,34,27,6,21,7,5,2
S01010631,O P Q. Public administration education and health,125,121,21,100,4,2,2
S01010631,R S T U. Other,23,20,7,13,3,1,2
S01010632,All people aged 16 to 74 in employment,422,372,105,267,50,14,36
S01010632,A B D E. Agriculture energy and water,17,16,0,16,1,0,1
S01010632,C. Manufacturing,14,14,1,13,0,0,0
S01010632,F. Construction,48,29,1,28,19,1,18
S01010632,G I. Distribution hotels and restaurants,116,100,41,59,16,5,11
S01010632,H J. Transport and communication,39,38,6,32,1,0,1
S01010632,K L M N. Financial real estate professional and administrative activities,38,33,8,25,5,3,2
S01010632,O P Q. Public administration education and health,132,125,39,86,7,4,3
S01010632,R S T U. Other,18,17,9,8,1,1,0
S01010633,All people aged 16 to 74 in employment,427,402,126,276,25,6,19
S01010633,A B D E. Agriculture energy and water,20,20,3,17,0,0,0
S01010633,C. Manufacturing,26,26,4,22,0,0,0
S01010633,F. Construction,43,35,0,35,8,1,7
S01010633,G I. Distribution hotels and restaurants,132,127,57,70,5,0,5
S01010633,H J. Transport and communication,54,51,9,42,3,0,3
S01010633,K L M N. Financial real estate professional and administrative activities,41,36,12,24,5,2,3
S01010633,O P Q. Public administration education and health,99,95,36,59,4,3,1
S01010633,R S T U. Other,12,12,5,7,0,0,0
S01010634,All people aged 16 to 74 in employment,321,284,92,192,37,13,24
S01010634,A B D E. Agriculture energy and water,13,11,1,10,2,0,2
S01010634,C. Manufacturing,14,14,2,12,0,0,0
S01010634,F. Construction,32,24,0,24,8,1,7
S01010634,G I. Distribution hotels and restaurants,102,101,51,50,1,0,1
S01010634,H J. Transport and communication,32,22,3,19,10,3,7
S01010634,K L M N. Financial real estate professional and administrative activities,34,31,8,23,3,2,1
S01010634,O P Q. Public administration education and health,68,64,19,45,4,1,3
S01010634,R S T U. Other,26,17,8,9,9,6,3
S01010635,All people aged 16 to 74 in employment,365,331,116,215,34,6,28
S01010635,A B D E. Agriculture energy and water,8,7,2,5,1,0,1
S01010635,C. Manufacturing,28,27,5,22,1,1,0
S01010635,F. Construction,41,32,4,28,9,2,7
S01010635,G I. Distribution hotels and restaurants,97,91,45,46,6,0,6
S01010635,H J. Transport and communication,42,33,2,31,9,1,8
S01010635,K L M N. Financial real estate professional and administrative activities,35,31,10,21,4,0,4
S01010635,O P Q. Public administration education and health,98,96,43,53,2,1,1
S01010635,R S T U. Other,16,14,5,9,2,1,1
S01010636,All people aged 16 to 74 in employment,447,377,100,277,70,14,56
S01010636,A B D E. Agriculture energy and water,16,15,0,15,1,0,1
S01010636,C. Manufacturing,18,18,1,17,0,0,0
S01010636,F. Construction,37,27,1,26,10,0,10
S01010636,G I. Distribution hotels and restaurants,114,84,28,56,30,5,25
S01010636,H J. Transport and communication,46,44,9,35,2,0,2
S01010636,K L M N. Financial real estate professional and administrative activities,55,38,10,28,17,6,11
S01010636,O P Q. Public administration education and health,141,136,47,89,5,2,3
S01010636,R S T U. Other,20,15,4,11,5,1,4
S01010637,All people aged 16 to 74 in employment,301,264,52,212,37,12,25
S01010637,A B D E. Agriculture energy and water,11,11,5,6,0,0,0
S01010637,C. Manufacturing,18,17,2,15,1,0,1
S01010637,F. Construction,26,15,0,15,11,1,10
S01010637,G I. Distribution hotels and restaurants,102,86,24,62,16,6,10
S01010637,H J. Transport and communication,21,19,2,17,2,0,2
S01010637,K L M N. Financial real estate professional and administrative activities,22,19,5,14,3,3,0
S01010637,O P Q. Public administration education and health,89,87,10,77,2,1,1
S01010637,R S T U. Other,12,10,4,6,2,1,1
S01010638,All people aged 16 to 74 in employment,362,314,91,223,48,10,38
S01010638,A B D E. Agriculture energy and water,9,8,1,7,1,0,1
S01010638,C. Manufacturing,28,27,2,25,1,0,1
S01010638,F. Construction,37,24,5,19,13,0,13
S01010638,G I. Distribution hotels and restaurants,102,89,38,51,13,1,12
S01010638,H J. Transport and communication,31,28,4,24,3,1,2
S01010638,K L M N. Financial real estate professional and administrative activities,31,26,3,23,5,2,3
S01010638,O P Q. Public administration education and health,105,96,31,65,9,3,6
S01010638,R S T U. Other,19,16,7,9,3,3,0
S01010639,All people aged 16 to 74 in employment,557,512,135,377,45,10,35
S01010639,A B D E. Agriculture energy and water,10,10,2,8,0,0,0
S01010639,C. Manufacturing,34,32,0,32,2,0,2
S01010639,F. Construction,53,38,0,38,15,4,11
S01010639,G I. Distribution hotels and restaurants,191,179,71,108,12,3,9
S01010639,H J. Transport and communication,59,55,5,50,4,1,3
S01010639,K L M N. Financial real estate professional and administrative activities,54,51,22,29,3,1,2
S01010639,O P Q. Public administration education and health,141,135,34,101,6,1,5
S01010639,R S T U. Other,15,12,1,11,3,0,3
S01010640,All people aged 16 to 74 in employment,506,435,104,331,71,12,59
S01010640,A B D E. Agriculture energy and water,19,16,1,15,3,0,3
S01010640,C. Manufacturing,34,31,4,27,3,0,3
S01010640,F. Construction,39,27,1,26,12,0,12
S01010640,G I. Distribution hotels and restaurants,163,132,51,81,31,7,24
S01010640,H J. Transport and communication,30,27,3,24,3,0,3
S01010640,K L M N. Financial real estate professional and administrative activities,58,52,10,42,6,1,5
S01010640,O P Q. Public administration education and health,143,136,30,106,7,2,5
S01010640,R S T U. Other,20,14,4,10,6,2,4
S01010641,All people aged 16 to 74 in employment,421,387,109,278,34,12,22
S01010641,A B D E. Agriculture energy and water,7,7,1,6,0,0,0
S01010641,C. Manufacturing,28,26,7,19,2,0,2
S01010641,F. Construction,43,33,1,32,10,4,6
S01010641,G I. Distribution hotels and restaurants,128,124,59,65,4,1,3
S01010641,H J. Transport and communication,50,46,4,42,4,0,4
S01010641,K L M N. Financial real estate professional and administrative activities,45,42,8,34,3,1,2
S01010641,O P Q. Public administration education and health,108,100,25,75,8,5,3
S01010641,R S T U. Other,12,9,4,5,3,1,2
S01010642,All people aged 16 to 74 in employment,394,367,136,231,27,12,15
S01010642,A B D E. Agriculture energy and water,11,10,1,9,1,0,1
S01010642,C. Manufacturing,23,22,3,19,1,0,1
S01010642,F. Construction,41,31,1,30,10,1,9
S01010642,G I. Distribution hotels and restaurants,147,140,77,63,7,7,0
S01010642,H J. Transport and communication,30,27,5,22,3,1,2
S01010642,K L M N. Financial real estate professional and administrative activities,32,29,15,14,3,2,1
S01010642,O P Q. Public administration education and health,101,99,29,70,2,1,1
S01010642,R S T U. Other,9,9,5,4,0,0,0
S01010643,All people aged 16 to 74 in employment,296,277,105,172,19,4,15
S01010643,A B D E. Agriculture energy and water,11,10,1,9,1,0,1
S01010643,C. Manufacturing,17,17,3,14,0,0,0
S01010643,F. Construction,25,19,2,17,6,0,6
S01010643,G I. Distribution hotels and restaurants,124,121,49,72,3,0,3
S01010643,H J. Transport and communication,25,19,3,16,6,1,5
S01010643,K L M N. Financial real estate professional and administrative activities,25,24,15,9,1,1,0
S01010643,O P Q. Public administration education and health,57,56,26,30,1,1,0
S01010643,R S T U. Other,12,11,6,5,1,1,0
S01010644,All people aged 16 to 74 in employment,239,227,86,141,12,3,9
S01010644,A B D E. Agriculture energy and water,4,3,0,3,1,0,1
S01010644,C. Manufacturing,7,6,0,6,1,0,1
S01010644,F. Construction,24,23,1,22,1,0,1
S01010644,G I. Distribution hotels and restaurants,106,103,53,50,3,1,2
S01010644,H J. Transport and communication,28,24,4,20,4,0,4
S01010644,K L M N. Financial real estate professional and administrative activities,19,19,9,10,0,0,0
S01010644,O P Q. Public administration education and health,44,42,16,26,2,2,0
S01010644,R S T U. Other,7,7,3,4,0,0,0
S01010645,All people aged 16 to 74 in employment,350,318,76,242,32,8,24
S01010645,A B D E. Agriculture energy and water,7,7,0,7,0,0,0
S01010645,C. Manufacturing,16,15,1,14,1,0,1
S01010645,F. Construction,36,29,1,28,7,0,7
S01010645,G I. Distribution hotels and restaurants,81,75,31,44,6,1,5
S01010645,H J. Transport and communication,33,29,3,26,4,1,3
S01010645,K L M N. Financial real estate professional and administrative activities,22,21,1,20,1,1,0
S01010645,O P Q. Public administration education and health,131,127,36,91,4,2,2
S01010645,R S T U. Other,24,15,3,12,9,3,6
S01010646,All people aged 16 to 74 in employment,369,340,100,240,29,4,25
S01010646,A B D E. Agriculture energy and water,12,10,0,10,2,0,2
S01010646,C. Manufacturing,24,23,2,21,1,0,1
S01010646,F. Construction,34,25,3,22,9,0,9
S01010646,G I. Distribution hotels and restaurants,64,62,26,36,2,0,2
S01010646,H J. Transport and communication,28,26,3,23,2,0,2
S01010646,K L M N. Financial real estate professional and administrative activities,42,36,15,21,6,2,4
S01010646,O P Q. Public administration education and health,145,141,45,96,4,2,2
S01010646,R S T U. Other,20,17,6,11,3,0,3
S01010647,All people aged 16 to 74 in employment,388,350,92,258,38,13,25
S01010647,A B D E. Agriculture energy and water,9,6,0,6,3,1,2
S01010647,C. Manufacturing,13,13,1,12,0,0,0
S01010647,F. Construction,38,27,2,25,11,3,8
S01010647,G I. Distribution hotels and restaurants,96,90,36,54,6,1,5
S01010647,H J. Transport and communication,35,29,3,26,6,0,6
S01010647,K L M N. Financial real estate professional and administrative activities,48,42,5,37,6,4,2
S01010647,O P Q. Public administration education and health,136,132,40,92,4,3,1
S01010647,R S T U. Other,13,11,5,6,2,1,1
S01010648,All people aged 16 to 74 in employment,362,330,86,244,32,7,25
S01010648,A B D E. Agriculture energy and water,12,11,0,11,1,0,1
S01010648,C. Manufacturing,22,21,1,20,1,1,0
S01010648,F. Construction,38,23,1,22,15,1,14
S01010648,G I. Distribution hotels and restaurants,98,94,35,59,4,1,3
S01010648,H J. Transport and communication,36,32,5,27,4,1,3
S01010648,K L M N. Financial real estate professional and administrative activities,30,26,4,22,4,1,3
S01010648,O P Q. Public administration education and health,107,105,34,71,2,1,1
S01010648,R S T U. Other,19,18,6,12,1,1,0
S01010649,All people aged 16 to 74 in employment,303,274,78,196,29,8,21
S01010649,A B D E. Agriculture energy and water,4,3,1,2,1,0,1
S01010649,C. Manufacturing,20,16,0,16,4,2,2
S01010649,F. Construction,27,24,3,21,3,0,3
S01010649,G I. Distribution hotels and restaurants,73,70,21,49,3,1,2
S01010649,H J. Transport and communication,29,24,6,18,5,0,5
S01010649,K L M N. Financial real estate professional and administrative activities,31,26,3,23,5,1,4
S01010649,O P Q. Public administration education and health,103,100,40,60,3,1,2
S01010649,R S T U. Other,16,11,4,7,5,3,2
S01010650,All people aged 16 to 74 in employment,248,209,60,149,39,7,32
S01010650,A B D E. Agriculture energy and water,12,9,0,9,3,0,3
S01010650,C. Manufacturing,8,6,0,6,2,1,1
S01010650,F. Construction,17,9,1,8,8,0,8
S01010650,G I. Distribution hotels and restaurants,62,53,19,34,9,2,7
S01010650,H J. Transport and communication,28,22,1,21,6,0,6
S01010650,K L M N. Financial real estate professional and administrative activities,22,18,4,14,4,2,2
S01010650,O P Q. Public administration education and health,86,83,30,53,3,0,3
S01010650,R S T U. Other,13,9,5,4,4,2,2
S01010651,All people aged 16 to 74 in employment,350,311,81,230,39,9,30
S01010651,A B D E. Agriculture energy and water,12,9,0,9,3,1,2
S01010651,C. Manufacturing,13,10,0,10,3,1,2
S01010651,F. Construction,34,22,1,21,12,1,11
S01010651,G I. Distribution hotels and restaurants,87,82,35,47,5,2,3
S01010651,H J. Transport and communication,45,40,2,38,5,3,2
S01010651,K L M N. Financial real estate professional and administrative activities,44,40,10,30,4,1,3
S01010651,O P Q. Public administration education and health,100,94,30,64,6,0,6
S01010651,R S T U. Other,15,14,3,11,1,0,1
S01010652,All people aged 16 to 74 in employment,376,343,87,256,33,11,22
S01010652,A B D E. Agriculture energy and water,10,8,0,8,2,1,1
S01010652,C. Manufacturing,24,23,1,22,1,1,0
S01010652,F. Construction,28,22,1,21,6,2,4
S01010652,G I. Distribution hotels and restaurants,78,74,25,49,4,0,4
S01010652,H J. Transport and communication,26,19,0,19,7,1,6
S01010652,K L M N. Financial real estate professional and administrative activities,37,31,8,23,6,2,4
S01010652,O P Q. Public administration education and health,152,148,44,104,4,2,2
S01010652,R S T U. Other,21,18,8,10,3,2,1
S01010653,All people aged 16 to 74 in employment,357,321,72,249,36,10,26
S01010653,A B D E. Agriculture energy and water,12,11,2,9,1,0,1
S01010653,C. Manufacturing,17,15,1,14,2,1,1
S01010653,F. Construction,37,24,1,23,13,0,13
S01010653,G I. Distribution hotels and restaurants,84,81,21,60,3,0,3
S01010653,H J. Transport and communication,41,38,3,35,3,2,1
S01010653,K L M N. Financial real estate professional and administrative activities,42,38,10,28,4,2,2
S01010653,O P Q. Public administration education and health,110,107,33,74,3,2,1
S01010653,R S T U. Other,14,7,1,6,7,3,4
S01010654,All people aged 16 to 74 in employment,408,363,106,257,45,5,40
S01010654,A B D E. Agriculture energy and water,8,7,0,7,1,0,1
S01010654,C. Manufacturing,19,18,0,18,1,1,0
S01010654,F. Construction,47,33,1,32,14,1,13
S01010654,G I. Distribution hotels and restaurants,107,104,42,62,3,0,3
S01010654,H J. Transport and communication,45,32,4,28,13,1,12
S01010654,K L M N. Financial real estate professional and administrative activities,37,33,10,23,4,2,2
S01010654,O P Q. Public administration education and health,127,125,45,80,2,0,2
S01010654,R S T U. Other,18,11,4,7,7,0,7
S01010655,All people aged 16 to 74 in employment,466,332,108,224,134,44,90
S01010655,A B D E. Agriculture energy and water,33,17,4,13,16,4,12
S01010655,C. Manufacturing,23,14,3,11,9,2,7
S01010655,F. Construction,48,29,2,27,19,2,17
S01010655,G I. Distribution hotels and restaurants,90,67,22,45,23,4,19
S01010655,H J. Transport and communication,39,32,10,22,7,3,4
S01010655,K L M N. Financial real estate professional and administrative activities,57,28,7,21,29,10,19
S01010655,O P Q. Public administration education and health,137,120,46,74,17,10,7
S01010655,R S T U. Other,39,25,14,11,14,9,5
S01010656,All people aged 16 to 74 in employment,218,175,55,120,43,12,31
S01010656,A B D E. Agriculture energy and water,14,12,1,11,2,1,1
S01010656,C. Manufacturing,8,8,0,8,0,0,0
S01010656,F. Construction,28,21,2,19,7,0,7
S01010656,G I. Distribution hotels and restaurants,47,41,18,23,6,1,5
S01010656,H J. Transport and communication,16,11,3,8,5,0,5
S01010656,K L M N. Financial real estate professional and administrative activities,30,16,6,10,14,6,8
S01010656,O P Q. Public administration education and health,62,57,22,35,5,3,2
S01010656,R S T U. Other,13,9,3,6,4,1,3
S01010657,All people aged 16 to 74 in employment,352,266,86,180,86,27,59
S01010657,A B D E. Agriculture energy and water,28,13,1,12,15,2,13
S01010657,C. Manufacturing,17,15,1,14,2,1,1
S01010657,F. Construction,51,31,7,24,20,1,19
S01010657,G I. Distribution hotels and restaurants,62,53,25,28,9,3,6
S01010657,H J. Transport and communication,13,7,2,5,6,4,2
S01010657,K L M N. Financial real estate professional and administrative activities,55,38,15,23,17,8,9
S01010657,O P Q. Public administration education and health,108,97,29,68,11,6,5
S01010657,R S T U. Other,18,12,6,6,6,2,4
S01010658,All people aged 16 to 74 in employment,375,306,81,225,69,25,44
S01010658,A B D E. Agriculture energy and water,24,16,1,15,8,2,6
S01010658,C. Manufacturing,18,13,0,13,5,0,5
S01010658,F. Construction,33,24,2,22,9,2,7
S01010658,G I. Distribution hotels and restaurants,92,75,29,46,17,6,11
S01010658,H J. Transport and communication,22,21,2,19,1,1,0
S01010658,K L M N. Financial real estate professional and administrative activities,34,19,6,13,15,6,9
S01010658,O P Q. Public administration education and health,132,126,35,91,6,4,2
S01010658,R S T U. Other,20,12,6,6,8,4,4
S01010659,All people aged 16 to 74 in employment,332,264,82,182,68,13,55
S01010659,A B D E. Agriculture energy and water,20,6,1,5,14,5,9
S01010659,C. Manufacturing,17,14,0,14,3,0,3
S01010659,F. Construction,31,16,0,16,15,0,15
S01010659,G I. Distribution hotels and restaurants,72,58,23,35,14,3,11
S01010659,H J. Transport and communication,23,23,1,22,0,0,0
S01010659,K L M N. Financial real estate professional and administrative activities,52,40,16,24,12,1,11
S01010659,O P Q. Public administration education and health,104,97,37,60,7,3,4
S01010659,R S T U. Other,13,10,4,6,3,1,2
S01010660,All people aged 16 to 74 in employment,294,247,73,174,47,12,35
S01010660,A B D E. Agriculture energy and water,15,10,0,10,5,0,5
S01010660,C. Manufacturing,26,22,1,21,4,1,3
S01010660,F. Construction,35,28,0,28,7,2,5
S01010660,G I. Distribution hotels and restaurants,74,61,29,32,13,3,10
S01010660,H J. Transport and communication,17,11,1,10,6,1,5
S01010660,K L M N. Financial real estate professional and administrative activities,39,33,5,28,6,1,5
S01010660,O P Q. Public administration education and health,70,68,29,39,2,1,1
S01010660,R S T U. Other,18,14,8,6,4,3,1
S01010661,All people aged 16 to 74 in employment,325,282,56,226,43,7,36
S01010661,A B D E. Agriculture energy and water,16,12,1,11,4,0,4
S01010661,C. Manufacturing,22,21,1,20,1,0,1
S01010661,F. Construction,50,38,2,36,12,1,11
S01010661,G I. Distribution hotels and restaurants,100,89,23,66,11,2,9
S01010661,H J. Transport and communication,16,12,1,11,4,0,4
S01010661,K L M N. Financial real estate professional and administrative activities,27,26,2,24,1,0,1
S01010661,O P Q. Public administration education and health,80,74,22,52,6,3,3
S01010661,R S T U. Other,14,10,4,6,4,1,3
S01010662,All people aged 16 to 74 in employment,398,319,93,226,79,23,56
S01010662,A B D E. Agriculture energy and water,13,10,0,10,3,0,3
S01010662,C. Manufacturing,25,23,4,19,2,1,1
S01010662,F. Construction,45,23,3,20,22,1,21
S01010662,G I. Distribution hotels and restaurants,80,68,31,37,12,1,11
S01010662,H J. Transport and communication,30,26,2,24,4,2,2
S01010662,K L M N. Financial real estate professional and administrative activities,44,36,7,29,8,2,6
S01010662,O P Q. Public administration education and health,134,118,41,77,16,6,10
S01010662,R S T U. Other,27,15,5,10,12,10,2
S01010663,All people aged 16 to 74 in employment,479,373,122,251,106,21,85
S01010663,A B D E. Agriculture energy and water,41,24,1,23,17,2,15
S01010663,C. Manufacturing,24,22,2,20,2,1,1
S01010663,F. Construction,71,41,5,36,30,3,27
S01010663,G I. Distribution hotels and restaurants,108,81,36,45,27,4,23
S01010663,H J. Transport and communication,28,22,2,20,6,1,5
S01010663,K L M N. Financial real estate professional and administrative activities,47,36,12,24,11,4,7
S01010663,O P Q. Public administration education and health,148,140,60,80,8,5,3
S01010663,R S T U. Other,12,7,4,3,5,1,4
S01010664,All people aged 16 to 74 in employment,434,315,98,217,119,29,90
S01010664,A B D E. Agriculture energy and water,45,14,1,13,31,5,26
S01010664,C. Manufacturing,16,12,2,10,4,0,4
S01010664,F. Construction,45,32,2,30,13,0,13
S01010664,G I. Distribution hotels and restaurants,87,56,25,31,31,10,21
S01010664,H J. Transport and communication,18,14,2,12,4,0,4
S01010664,K L M N. Financial real estate professional and administrative activities,58,38,13,25,20,6,14
S01010664,O P Q. Public administration education and health,146,139,48,91,7,4,3
S01010664,R S T U. Other,19,10,5,5,9,4,5
S01010665,All people aged 16 to 74 in employment,436,320,98,222,116,33,83
S01010665,A B D E. Agriculture energy and water,39,22,3,19,17,3,14
S01010665,C. Manufacturing,17,15,3,12,2,0,2
S01010665,F. Construction,43,23,1,22,20,4,16
S01010665,G I. Distribution hotels and restaurants,91,68,34,34,23,2,21
S01010665,H J. Transport and communication,30,22,3,19,8,3,5
S01010665,K L M N. Financial real estate professional and administrative activities,57,36,7,29,21,9,12
S01010665,O P Q. Public administration education and health,131,117,41,76,14,8,6
S01010665,R S T U. Other,28,17,6,11,11,4,7
S01010666,All people aged 16 to 74 in employment,447,365,112,253,82,20,62
S01010666,A B D E. Agriculture energy and water,19,15,1,14,4,0,4
S01010666,C. Manufacturing,17,16,1,15,1,0,1
S01010666,F. Construction,53,38,3,35,15,2,13
S01010666,G I. Distribution hotels and restaurants,119,93,46,47,26,5,21
S01010666,H J. Transport and communication,27,22,2,20,5,0,5
S01010666,K L M N. Financial real estate professional and administrative activities,55,41,10,31,14,4,10
S01010666,O P Q. Public administration education and health,125,117,41,76,8,5,3
S01010666,R S T U. Other,32,23,8,15,9,4,5
S01010667,All people aged 16 to 74 in employment,383,275,85,190,108,32,76
S01010667,A B D E. Agriculture energy and water,21,15,2,13,6,0,6
S01010667,C. Manufacturing,21,13,5,8,8,3,5
S01010667,F. Construction,36,19,0,19,17,1,16
S01010667,G I. Distribution hotels and restaurants,100,76,32,44,24,6,18
S01010667,H J. Transport and communication,25,16,3,13,9,3,6
S01010667,K L M N. Financial real estate professional and administrative activities,47,23,5,18,24,12,12
S01010667,O P Q. Public administration education and health,112,98,32,66,14,5,9
S01010667,R S T U. Other,21,15,6,9,6,2,4
S01010668,All people aged 16 to 74 in employment,542,394,103,291,148,33,115
S01010668,A B D E. Agriculture energy and water,56,48,2,46,8,2,6
S01010668,C. Manufacturing,16,9,0,9,7,0,7
S01010668,F. Construction,62,38,1,37,24,4,20
S01010668,G I. Distribution hotels and restaurants,179,111,39,72,68,12,56
S01010668,H J. Transport and communication,24,18,2,16,6,1,5
S01010668,K L M N. Financial real estate professional and administrative activities,58,36,15,21,22,8,14
S01010668,O P Q. Public administration education and health,131,122,38,84,9,4,5
S01010668,R S T U. Other,16,12,6,6,4,2,2
S01010669,All people aged 16 to 74 in employment,278,208,50,158,70,16,54
S01010669,A B D E. Agriculture energy and water,38,27,4,23,11,2,9
S01010669,C. Manufacturing,5,5,0,5,0,0,0
S01010669,F. Construction,43,22,1,21,21,3,18
S01010669,G I. Distribution hotels and restaurants,53,37,12,25,16,4,12
S01010669,H J. Transport and communication,26,22,4,18,4,1,3
S01010669,K L M N. Financial real estate professional and administrative activities,31,25,1,24,6,0,6
S01010669,O P Q. Public administration education and health,65,59,25,34,6,3,3
S01010669,R S T U. Other,17,11,3,8,6,3,3
S01010670,All people aged 16 to 74 in employment,354,264,76,188,90,23,67
S01010670,A B D E. Agriculture energy and water,31,19,3,16,12,1,11
S01010670,C. Manufacturing,6,5,1,4,1,0,1
S01010670,F. Construction,33,17,1,16,16,2,14
S01010670,G I. Distribution hotels and restaurants,88,57,18,39,31,5,26
S01010670,H J. Transport and communication,35,28,4,24,7,1,6
S01010670,K L M N. Financial real estate professional and administrative activities,39,34,6,28,5,3,2
S01010670,O P Q. Public administration education and health,91,84,37,47,7,3,4
S01010670,R S T U. Other,31,20,6,14,11,8,3
S01010671,All people aged 16 to 74 in employment,358,253,98,155,105,22,83
S01010671,A B D E. Agriculture energy and water,34,9,0,9,25,6,19
S01010671,C. Manufacturing,15,8,2,6,7,2,5
S01010671,F. Construction,30,14,0,14,16,0,16
S01010671,G I. Distribution hotels and restaurants,93,68,40,28,25,5,20
S01010671,H J. Transport and communication,35,31,6,25,4,1,3
S01010671,K L M N. Financial real estate professional and administrative activities,48,32,7,25,16,4,12
S01010671,O P Q. Public administration education and health,92,87,41,46,5,1,4
S01010671,R S T U. Other,11,4,2,2,7,3,4
S01010672,All people aged 16 to 74 in employment,299,249,75,174,50,5,45
S01010672,A B D E. Agriculture energy and water,31,20,1,19,11,1,10
S01010672,C. Manufacturing,16,10,3,7,6,1,5
S01010672,F. Construction,16,11,0,11,5,0,5
S01010672,G I. Distribution hotels and restaurants,96,80,37,43,16,0,16
S01010672,H J. Transport and communication,30,24,3,21,6,1,5
S01010672,K L M N. Financial real estate professional and administrative activities,30,26,5,21,4,1,3
S01010672,O P Q. Public administration education and health,71,70,23,47,1,0,1
S01010672,R S T U. Other,9,8,3,5,1,1,0
S01010673,All people aged 16 to 74 in employment,453,318,91,227,135,29,106
S01010673,A B D E. Agriculture energy and water,36,19,2,17,17,2,15
S01010673,C. Manufacturing,15,8,3,5,7,1,6
S01010673,F. Construction,43,22,4,18,21,4,17
S01010673,G I. Distribution hotels and restaurants,130,88,29,59,42,7,35
S01010673,H J. Transport and communication,32,25,3,22,7,1,6
S01010673,K L M N. Financial real estate professional and administrative activities,54,28,7,21,26,8,18
S01010673,O P Q. Public administration education and health,126,117,42,75,9,3,6
S01010673,R S T U. Other,17,11,1,10,6,3,3
S01010674,All people aged 16 to 74 in employment,485,320,95,225,165,36,129
S01010674,A B D E. Agriculture energy and water,55,25,1,24,30,3,27
S01010674,C. Manufacturing,18,9,2,7,9,3,6
S01010674,F. Construction,59,23,2,21,36,4,32
S01010674,G I. Distribution hotels and restaurants,114,75,26,49,39,9,30
S01010674,H J. Transport and communication,54,40,4,36,14,1,13
S01010674,K L M N. Financial real estate professional and administrative activities,46,29,7,22,17,7,10
S01010674,O P Q. Public administration education and health,128,115,52,63,13,8,5
S01010674,R S T U. Other,11,4,1,3,7,1,6
S01010675,All people aged 16 to 74 in employment,303,199,60,139,104,27,77
S01010675,A B D E. Agriculture energy and water,44,17,3,14,27,5,22
S01010675,C. Manufacturing,25,22,2,20,3,1,2
S01010675,F. Construction,35,19,0,19,16,2,14
S01010675,G I. Distribution hotels and restaurants,50,27,10,17,23,7,16
S01010675,H J. Transport and communication,21,19,6,13,2,0,2
S01010675,K L M N. Financial real estate professional and administrative activities,37,20,6,14,17,9,8
S01010675,O P Q. Public administration education and health,72,64,32,32,8,3,5
S01010675,R S T U. Other,19,11,1,10,8,0,8
S01010676,All people aged 16 to 74 in employment,442,304,92,212,138,43,95
S01010676,A B D E. Agriculture energy and water,35,17,1,16,18,3,15
S01010676,C. Manufacturing,9,2,1,1,7,3,4
S01010676,F. Construction,25,9,1,8,16,2,14
S01010676,G I. Distribution hotels and restaurants,104,68,24,44,36,9,27
S01010676,H J. Transport and communication,35,24,5,19,11,6,5
S01010676,K L M N. Financial real estate professional and administrative activities,58,32,8,24,26,8,18
S01010676,O P Q. Public administration education and health,148,140,49,91,8,5,3
S01010676,R S T U. Other,28,12,3,9,16,7,9
S01010677,All people aged 16 to 74 in employment,226,172,58,114,54,13,41
S01010677,A B D E. Agriculture energy and water,17,7,0,7,10,2,8
S01010677,C. Manufacturing,11,9,3,6,2,0,2
S01010677,F. Construction,28,16,1,15,12,2,10
S01010677,G I. Distribution hotels and restaurants,53,40,20,20,13,1,12
S01010677,H J. Transport and communication,19,18,6,12,1,1,0
S01010677,K L M N. Financial real estate professional and administrative activities,18,8,1,7,10,2,8
S01010677,O P Q. Public administration education and health,71,69,25,44,2,2,0
S01010677,R S T U. Other,9,5,2,3,4,3,1
S01010678,All people aged 16 to 74 in employment,309,231,83,148,78,21,57
S01010678,A B D E. Agriculture energy and water,23,11,0,11,12,3,9
S01010678,C. Manufacturing,7,3,0,3,4,2,2
S01010678,F. Construction,45,24,3,21,21,2,19
S01010678,G I. Distribution hotels and restaurants,61,44,15,29,17,2,15
S01010678,H J. Transport and communication,30,24,5,19,6,3,3
S01010678,K L M N. Financial real estate professional and administrative activities,25,20,9,11,5,3,2
S01010678,O P Q. Public administration education and health,103,93,47,46,10,5,5
S01010678,R S T U. Other,15,12,4,8,3,1,2
S01010679,All people aged 16 to 74 in employment,280,219,76,143,61,19,42
S01010679,A B D E. Agriculture energy and water,8,5,1,4,3,0,3
S01010679,C. Manufacturing,12,8,1,7,4,1,3
S01010679,F. Construction,21,11,0,11,10,1,9
S01010679,G I. Distribution hotels and restaurants,103,79,28,51,24,6,18
S01010679,H J. Transport and communication,18,13,2,11,5,2,3
S01010679,K L M N. Financial real estate professional and administrative activities,28,23,7,16,5,3,2
S01010679,O P Q. Public administration education and health,75,68,33,35,7,4,3
S01010679,R S T U. Other,15,12,4,8,3,2,1
S01010680,All people aged 16 to 74 in employment,314,243,89,154,71,16,55
S01010680,A B D E. Agriculture energy and water,15,9,1,8,6,0,6
S01010680,C. Manufacturing,3,3,1,2,0,0,0
S01010680,F. Construction,24,15,1,14,9,1,8
S01010680,G I. Distribution hotels and restaurants,106,75,32,43,31,6,25
S01010680,H J. Transport and communication,20,18,3,15,2,0,2
S01010680,K L M N. Financial real estate professional and administrative activities,28,22,11,11,6,2,4
S01010680,O P Q. Public administration education and health,98,90,36,54,8,3,5
S01010680,R S T U. Other,20,11,4,7,9,4,5
S01010681,All people aged 16 to 74 in employment,520,435,149,286,85,16,69
S01010681,A B D E. Agriculture energy and water,39,23,5,18,16,2,14
S01010681,C. Manufacturing,9,5,3,2,4,0,4
S01010681,F. Construction,42,29,0,29,13,0,13
S01010681,G I. Distribution hotels and restaurants,153,133,48,85,20,2,18
S01010681,H J. Transport and communication,24,22,1,21,2,1,1
S01010681,K L M N. Financial real estate professional and administrative activities,57,50,10,40,7,1,6
S01010681,O P Q. Public administration education and health,165,153,72,81,12,3,9
S01010681,R S T U. Other,31,20,10,10,11,7,4
S01010682,All people aged 16 to 74 in employment,500,355,115,240,145,34,111
S01010682,A B D E. Agriculture energy and water,41,25,0,25,16,3,13
S01010682,C. Manufacturing,20,5,1,4,15,4,11
S01010682,F. Construction,57,33,2,31,24,0,24
S01010682,G I. Distribution hotels and restaurants,117,82,29,53,35,8,27
S01010682,H J. Transport and communication,42,30,11,19,12,4,8
S01010682,K L M N. Financial real estate professional and administrative activities,52,37,15,22,15,4,11
S01010682,O P Q. Public administration education and health,142,127,53,74,15,8,7
S01010682,R S T U. Other,29,16,4,12,13,3,10
S01010683,All people aged 16 to 74 in employment,456,310,84,226,146,48,98
S01010683,A B D E. Agriculture energy and water,50,17,1,16,33,6,27
S01010683,C. Manufacturing,18,15,1,14,3,2,1
S01010683,F. Construction,59,34,1,33,25,7,18
S01010683,G I. Distribution hotels and restaurants,98,68,21,47,30,12,18
S01010683,H J. Transport and communication,32,24,3,21,8,2,6
S01010683,K L M N. Financial real estate professional and administrative activities,47,27,6,21,20,8,12
S01010683,O P Q. Public administration education and health,129,117,51,66,12,5,7
S01010683,R S T U. Other,23,8,0,8,15,6,9
S01010684,All people aged 16 to 74 in employment,385,254,77,177,131,31,100
S01010684,A B D E. Agriculture energy and water,30,13,1,12,17,5,12
S01010684,C. Manufacturing,26,14,3,11,12,6,6
S01010684,F. Construction,37,16,3,13,21,3,18
S01010684,G I. Distribution hotels and restaurants,113,67,19,48,46,4,42
S01010684,H J. Transport and communication,31,25,8,17,6,4,2
S01010684,K L M N. Financial real estate professional and administrative activities,34,25,6,19,9,1,8
S01010684,O P Q. Public administration education and health,95,85,33,52,10,4,6
S01010684,R S T U. Other,19,9,4,5,10,4,6
S01010685,All people aged 16 to 74 in employment,280,164,55,109,116,33,83
S01010685,A B D E. Agriculture energy and water,43,13,4,9,30,3,27
S01010685,C. Manufacturing,14,7,2,5,7,3,4
S01010685,F. Construction,34,14,0,14,20,8,12
S01010685,G I. Distribution hotels and restaurants,52,32,12,20,20,3,17
S01010685,H J. Transport and communication,24,19,4,15,5,1,4
S01010685,K L M N. Financial real estate professional and administrative activities,38,22,8,14,16,5,11
S01010685,O P Q. Public administration education and health,56,49,21,28,7,6,1
S01010685,R S T U. Other,19,8,4,4,11,4,7
S01010686,All people aged 16 to 74 in employment,344,228,62,166,116,45,71
S01010686,A B D E. Agriculture energy and water,23,17,2,15,6,2,4
S01010686,C. Manufacturing,11,4,1,3,7,1,6
S01010686,F. Construction,61,38,6,32,23,5,18
S01010686,G I. Distribution hotels and restaurants,75,48,16,32,27,11,16
S01010686,H J. Transport and communication,27,17,3,14,10,4,6
S01010686,K L M N. Financial real estate professional and administrative activities,37,17,4,13,20,7,13
S01010686,O P Q. Public administration education and health,75,62,23,39,13,11,2
S01010686,R S T U. Other,35,25,7,18,10,4,6
S01010687,All people aged 16 to 74 in employment,384,281,93,188,103,27,76
S01010687,A B D E. Agriculture energy and water,24,7,0,7,17,1,16
S01010687,C. Manufacturing,5,4,0,4,1,0,1
S01010687,F. Construction,33,27,5,22,6,0,6
S01010687,G I. Distribution hotels and restaurants,114,73,30,43,41,8,33
S01010687,H J. Transport and communication,26,20,3,17,6,2,4
S01010687,K L M N. Financial real estate professional and administrative activities,27,18,8,10,9,3,6
S01010687,O P Q. Public administration education and health,131,118,44,74,13,7,6
S01010687,R S T U. Other,24,14,3,11,10,6,4
S01010688,All people aged 16 to 74 in employment,372,234,67,167,138,41,97
S01010688,A B D E. Agriculture energy and water,66,34,3,31,32,5,27
S01010688,C. Manufacturing,25,14,0,14,11,4,7
S01010688,F. Construction,30,11,0,11,19,6,13
S01010688,G I. Distribution hotels and restaurants,96,59,17,42,37,7,30
S01010688,H J. Transport and communication,18,13,3,10,5,2,3
S01010688,K L M N. Financial real estate professional and administrative activities,40,24,6,18,16,7,9
S01010688,O P Q. Public administration education and health,83,71,36,35,12,6,6
S01010688,R S T U. Other,14,8,2,6,6,4,2
S01010689,All people aged 16 to 74 in employment,335,220,70,150,115,30,85
S01010689,A B D E. Agriculture energy and water,42,31,2,29,11,3,8
S01010689,C. Manufacturing,18,9,1,8,9,3,6
S01010689,F. Construction,35,12,1,11,23,2,21
S01010689,G I. Distribution hotels and restaurants,70,36,11,25,34,5,29
S01010689,H J. Transport and communication,22,14,3,11,8,3,5
S01010689,K L M N. Financial real estate professional and administrative activities,34,22,6,16,12,7,5
S01010689,O P Q. Public administration education and health,90,82,45,37,8,3,5
S01010689,R S T U. Other,24,14,1,13,10,4,6
S01010690,All people aged 16 to 74 in employment,334,244,67,177,90,23,67
S01010690,A B D E. Agriculture energy and water,31,19,0,19,12,0,12
S01010690,C. Manufacturing,9,4,1,3,5,2,3
S01010690,F. Construction,26,17,1,16,9,1,8
S01010690,G I. Distribution hotels and restaurants,123,85,31,54,38,6,32
S01010690,H J. Transport and communication,26,24,5,19,2,1,1
S01010690,K L M N. Financial real estate professional and administrative activities,20,12,2,10,8,4,4
S01010690,O P Q. Public administration education and health,79,74,25,49,5,2,3
S01010690,R S T U. Other,20,9,2,7,11,7,4
S01010691,All people aged 16 to 74 in employment,388,231,83,148,157,41,116
S01010691,A B D E. Agriculture energy and water,57,34,8,26,23,10,13
S01010691,C. Manufacturing,19,2,1,1,17,2,15
S01010691,F. Construction,47,15,1,14,32,3,29
S01010691,G I. Distribution hotels and restaurants,78,50,18,32,28,6,22
S01010691,H J. Transport and communication,32,20,10,10,12,6,6
S01010691,K L M N. Financial real estate professional and administrative activities,40,19,4,15,21,8,13
S01010691,O P Q. Public administration education and health,96,82,39,43,14,4,10
S01010691,R S T U. Other,19,9,2,7,10,2,8
S01010692,All people aged 16 to 74 in employment,406,317,110,207,89,18,71
S01010692,A B D E. Agriculture energy and water,37,29,3,26,8,0,8
S01010692,C. Manufacturing,8,6,1,5,2,1,1
S01010692,F. Construction,52,29,1,28,23,5,18
S01010692,G I. Distribution hotels and restaurants,142,118,46,72,24,5,19
S01010692,H J. Transport and communication,29,21,4,17,8,1,7
S01010692,K L M N. Financial real estate professional and administrative activities,26,18,9,9,8,1,7
S01010692,O P Q. Public administration education and health,96,85,40,45,11,3,8
S01010692,R S T U. Other,16,11,6,5,5,2,3
S01010693,All people aged 16 to 74 in employment,249,161,55,106,88,26,62
S01010693,A B D E. Agriculture energy and water,43,25,2,23,18,4,14
S01010693,C. Manufacturing,17,14,5,9,3,0,3
S01010693,F. Construction,26,10,1,9,16,4,12
S01010693,G I. Distribution hotels and restaurants,45,26,12,14,19,6,13
S01010693,H J. Transport and communication,16,11,3,8,5,1,4
S01010693,K L M N. Financial real estate professional and administrative activities,26,11,3,8,15,6,9
S01010693,O P Q. Public administration education and health,64,58,24,34,6,3,3
S01010693,R S T U. Other,12,6,5,1,6,2,4
S01010694,All people aged 16 to 74 in employment,239,175,53,122,64,21,43
S01010694,A B D E. Agriculture energy and water,24,18,1,17,6,2,4
S01010694,C. Manufacturing,10,2,1,1,8,1,7
S01010694,F. Construction,39,24,0,24,15,2,13
S01010694,G I. Distribution hotels and restaurants,50,31,12,19,19,6,13
S01010694,H J. Transport and communication,19,16,2,14,3,0,3
S01010694,K L M N. Financial real estate professional and administrative activities,14,7,3,4,7,5,2
S01010694,O P Q. Public administration education and health,69,65,27,38,4,3,1
S01010694,R S T U. Other,14,12,7,5,2,2,0
S01010695,All people aged 16 to 74 in employment,380,284,82,202,96,24,72
S01010695,A B D E. Agriculture energy and water,40,18,2,16,22,3,19
S01010695,C. Manufacturing,28,23,3,20,5,1,4
S01010695,F. Construction,45,25,1,24,20,3,17
S01010695,G I. Distribution hotels and restaurants,74,61,22,39,13,4,9
S01010695,H J. Transport and communication,28,24,3,21,4,1,3
S01010695,K L M N. Financial real estate professional and administrative activities,48,31,12,19,17,5,12
S01010695,O P Q. Public administration education and health,98,91,34,57,7,2,5
S01010695,R S T U. Other,19,11,5,6,8,5,3
S01010696,All people aged 16 to 74 in employment,519,421,104,317,98,32,66
S01010696,A B D E. Agriculture energy and water,18,13,0,13,5,2,3
S01010696,C. Manufacturing,36,33,1,32,3,0,3
S01010696,F. Construction,59,43,0,43,16,2,14
S01010696,G I. Distribution hotels and restaurants,138,114,28,86,24,9,15
S01010696,H J. Transport and communication,24,17,1,16,7,2,5
S01010696,K L M N. Financial real estate professional and administrative activities,66,40,13,27,26,10,16
S01010696,O P Q. Public administration education and health,150,138,47,91,12,5,7
S01010696,R S T U. Other,28,23,14,9,5,2,3
S01010697,All people aged 16 to 74 in employment,526,414,117,297,112,33,79
S01010697,A B D E. Agriculture energy and water,46,25,4,21,21,3,18
S01010697,C. Manufacturing,50,45,2,43,5,2,3
S01010697,F. Construction,65,41,2,39,24,5,19
S01010697,G I. Distribution hotels and restaurants,110,91,39,52,19,4,15
S01010697,H J. Transport and communication,22,18,1,17,4,1,3
S01010697,K L M N. Financial real estate professional and administrative activities,51,26,6,20,25,11,14
S01010697,O P Q. Public administration education and health,161,154,60,94,7,5,2
S01010697,R S T U. Other,21,14,3,11,7,2,5
S01010698,All people aged 16 to 74 in employment,350,251,81,170,99,28,71
S01010698,A B D E. Agriculture energy and water,30,14,1,13,16,2,14
S01010698,C. Manufacturing,11,5,1,4,6,2,4
S01010698,F. Construction,43,30,2,28,13,2,11
S01010698,G I. Distribution hotels and restaurants,87,61,27,34,26,5,21
S01010698,H J. Transport and communication,25,21,5,16,4,3,1
S01010698,K L M N. Financial real estate professional and administrative activities,54,36,10,26,18,7,11
S01010698,O P Q. Public administration education and health,81,71,30,41,10,4,6
S01010698,R S T U. Other,19,13,5,8,6,3,3
S01010699,All people aged 16 to 74 in employment,334,257,86,171,77,29,48
S01010699,A B D E. Agriculture energy and water,29,17,2,15,12,3,9
S01010699,C. Manufacturing,26,23,2,21,3,1,2
S01010699,F. Construction,49,33,10,23,16,5,11
S01010699,G I. Distribution hotels and restaurants,51,42,21,21,9,5,4
S01010699,H J. Transport and communication,21,17,1,16,4,2,2
S01010699,K L M N. Financial real estate professional and administrative activities,44,28,6,22,16,6,10
S01010699,O P Q. Public administration education and health,89,81,36,45,8,5,3
S01010699,R S T U. Other,25,16,8,8,9,2,7
S01010700,All people aged 16 to 74 in employment,324,255,82,173,69,22,47
S01010700,A B D E. Agriculture energy and water,25,16,5,11,9,1,8
S01010700,C. Manufacturing,21,20,1,19,1,0,1
S01010700,F. Construction,41,28,3,25,13,4,9
S01010700,G I. Distribution hotels and restaurants,61,50,29,21,11,2,9
S01010700,H J. Transport and communication,20,18,3,15,2,0,2
S01010700,K L M N. Financial real estate professional and administrative activities,40,25,6,19,15,4,11
S01010700,O P Q. Public administration education and health,95,84,27,57,11,6,5
S01010700,R S T U. Other,21,14,8,6,7,5,2
S01010701,All people aged 16 to 74 in employment,549,475,133,342,74,17,57
S01010701,A B D E. Agriculture energy and water,35,31,0,31,4,1,3
S01010701,C. Manufacturing,42,37,1,36,5,2,3
S01010701,F. Construction,73,52,4,48,21,2,19
S01010701,G I. Distribution hotels and restaurants,122,106,54,52,16,5,11
S01010701,H J. Transport and communication,30,28,3,25,2,0,2
S01010701,K L M N. Financial real estate professional and administrative activities,55,45,10,35,10,1,9
S01010701,O P Q. Public administration education and health,161,153,54,99,8,4,4
S01010701,R S T U. Other,31,23,7,16,8,2,6
S01010702,All people aged 16 to 74 in employment,511,403,96,307,108,22,86
S01010702,A B D E. Agriculture energy and water,42,27,0,27,15,3,12
S01010702,C. Manufacturing,54,47,3,44,7,0,7
S01010702,F. Construction,58,31,3,28,27,0,27
S01010702,G I. Distribution hotels and restaurants,78,62,22,40,16,3,13
S01010702,H J. Transport and communication,47,41,5,36,6,2,4
S01010702,K L M N. Financial real estate professional and administrative activities,59,41,11,30,18,6,12
S01010702,O P Q. Public administration education and health,149,138,44,94,11,5,6
S01010702,R S T U. Other,24,16,8,8,8,3,5
S01010703,All people aged 16 to 74 in employment,448,339,104,235,109,27,82
S01010703,A B D E. Agriculture energy and water,41,24,1,23,17,1,16
S01010703,C. Manufacturing,39,32,6,26,7,2,5
S01010703,F. Construction,59,38,5,33,21,3,18
S01010703,G I. Distribution hotels and restaurants,73,52,21,31,21,1,20
S01010703,H J. Transport and communication,16,14,5,9,2,1,1
S01010703,K L M N. Financial real estate professional and administrative activities,48,29,2,27,19,9,10
S01010703,O P Q. Public administration education and health,150,135,55,80,15,9,6
S01010703,R S T U. Other,22,15,9,6,7,1,6
S01010704,All people aged 16 to 74 in employment,299,266,72,194,33,10,23
S01010704,A B D E. Agriculture energy and water,13,11,1,10,2,1,1
S01010704,C. Manufacturing,34,32,2,30,2,1,1
S01010704,F. Construction,30,22,1,21,8,1,7
S01010704,G I. Distribution hotels and restaurants,84,76,28,48,8,1,7
S01010704,H J. Transport and communication,24,23,1,22,1,1,0
S01010704,K L M N. Financial real estate professional and administrative activities,31,27,10,17,4,1,3
S01010704,O P Q. Public administration education and health,74,69,28,41,5,2,3
S01010704,R S T U. Other,9,6,1,5,3,2,1
S01010705,All people aged 16 to 74 in employment,547,470,114,356,77,18,59
S01010705,A B D E. Agriculture energy and water,40,34,3,31,6,0,6
S01010705,C. Manufacturing,48,48,3,45,0,0,0
S01010705,F. Construction,65,44,1,43,21,1,20
S01010705,G I. Distribution hotels and restaurants,104,94,29,65,10,1,9
S01010705,H J. Transport and communication,42,34,5,29,8,0,8
S01010705,K L M N. Financial real estate professional and administrative activities,54,40,9,31,14,4,10
S01010705,O P Q. Public administration education and health,166,157,57,100,9,7,2
S01010705,R S T U. Other,28,19,7,12,9,5,4
S01010706,All people aged 16 to 74 in employment,315,278,76,202,37,5,32
S01010706,A B D E. Agriculture energy and water,13,12,1,11,1,0,1
S01010706,C. Manufacturing,21,20,2,18,1,1,0
S01010706,F. Construction,45,30,2,28,15,0,15
S01010706,G I. Distribution hotels and restaurants,71,63,27,36,8,1,7
S01010706,H J. Transport and communication,28,24,3,21,4,0,4
S01010706,K L M N. Financial real estate professional and administrative activities,31,26,4,22,5,2,3
S01010706,O P Q. Public administration education and health,88,87,30,57,1,0,1
S01010706,R S T U. Other,18,16,7,9,2,1,1
S01010707,All people aged 16 to 74 in employment,377,280,75,205,97,32,65
S01010707,A B D E. Agriculture energy and water,39,27,3,24,12,1,11
S01010707,C. Manufacturing,24,20,1,19,4,1,3
S01010707,F. Construction,46,23,0,23,23,1,22
S01010707,G I. Distribution hotels and restaurants,75,61,27,34,14,6,8
S01010707,H J. Transport and communication,18,10,2,8,8,4,4
S01010707,K L M N. Financial real estate professional and administrative activities,50,32,6,26,18,7,11
S01010707,O P Q. Public administration education and health,105,95,32,63,10,7,3
S01010707,R S T U. Other,20,12,4,8,8,5,3
S01010708,All people aged 16 to 74 in employment,289,240,71,169,49,15,34
S01010708,A B D E. Agriculture energy and water,18,11,0,11,7,2,5
S01010708,C. Manufacturing,11,10,0,10,1,0,1
S01010708,F. Construction,45,34,3,31,11,1,10
S01010708,G I. Distribution hotels and restaurants,67,58,27,31,9,2,7
S01010708,H J. Transport and communication,14,13,1,12,1,1,0
S01010708,K L M N. Financial real estate professional and administrative activities,43,34,6,28,9,4,5
S01010708,O P Q. Public administration education and health,82,77,33,44,5,3,2
S01010708,R S T U. Other,9,3,1,2,6,2,4
S01010709,All people aged 16 to 74 in employment,402,351,96,255,51,13,38
S01010709,A B D E. Agriculture energy and water,25,20,1,19,5,1,4
S01010709,C. Manufacturing,31,30,1,29,1,0,1
S01010709,F. Construction,45,31,4,27,14,0,14
S01010709,G I. Distribution hotels and restaurants,76,65,30,35,11,1,10
S01010709,H J. Transport and communication,22,17,0,17,5,2,3
S01010709,K L M N. Financial real estate professional and administrative activities,35,33,5,28,2,1,1
S01010709,O P Q. Public administration education and health,149,144,51,93,5,3,2
S01010709,R S T U. Other,19,11,4,7,8,5,3
S01010710,All people aged 16 to 74 in employment,341,315,108,207,26,8,18
S01010710,A B D E. Agriculture energy and water,10,9,0,9,1,0,1
S01010710,C. Manufacturing,23,22,1,21,1,0,1
S01010710,F. Construction,56,46,5,41,10,1,9
S01010710,G I. Distribution hotels and restaurants,82,80,45,35,2,1,1
S01010710,H J. Transport and communication,23,22,3,19,1,1,0
S01010710,K L M N. Financial real estate professional and administrative activities,43,39,10,29,4,1,3
S01010710,O P Q. Public administration education and health,92,89,37,52,3,1,2
S01010710,R S T U. Other,12,8,7,1,4,3,1
S01010711,All people aged 16 to 74 in employment,383,332,99,233,51,13,38
S01010711,A B D E. Agriculture energy and water,20,15,5,10,5,0,5
S01010711,C. Manufacturing,24,21,4,17,3,1,2
S01010711,F. Construction,42,31,2,29,11,2,9
S01010711,G I. Distribution hotels and restaurants,63,54,22,32,9,1,8
S01010711,H J. Transport and communication,13,10,2,8,3,2,1
S01010711,K L M N. Financial real estate professional and administrative activities,46,36,9,27,10,6,4
S01010711,O P Q. Public administration education and health,162,155,53,102,7,0,7
S01010711,R S T U. Other,13,10,2,8,3,1,2
S01010712,All people aged 16 to 74 in employment,356,330,108,222,26,8,18
S01010712,A B D E. Agriculture energy and water,13,12,0,12,1,0,1
S01010712,C. Manufacturing,37,37,5,32,0,0,0
S01010712,F. Construction,52,44,2,42,8,0,8
S01010712,G I. Distribution hotels and restaurants,89,86,49,37,3,0,3
S01010712,H J. Transport and communication,23,21,1,20,2,0,2
S01010712,K L M N. Financial real estate professional and administrative activities,30,27,11,16,3,2,1
S01010712,O P Q. Public administration education and health,92,89,35,54,3,2,1
S01010712,R S T U. Other,20,14,5,9,6,4,2
S01010713,All people aged 16 to 74 in employment,421,392,113,279,29,9,20
S01010713,A B D E. Agriculture energy and water,20,20,2,18,0,0,0
S01010713,C. Manufacturing,48,40,3,37,8,2,6
S01010713,F. Construction,46,36,3,33,10,1,9
S01010713,G I. Distribution hotels and restaurants,105,102,44,58,3,0,3
S01010713,H J. Transport and communication,31,30,4,26,1,1,0
S01010713,K L M N. Financial real estate professional and administrative activities,46,43,14,29,3,2,1
S01010713,O P Q. Public administration education and health,110,107,40,67,3,3,0
S01010713,R S T U. Other,15,14,3,11,1,0,1
S01010714,All people aged 16 to 74 in employment,310,286,89,197,24,9,15
S01010714,A B D E. Agriculture energy and water,13,13,2,11,0,0,0
S01010714,C. Manufacturing,33,32,1,31,1,0,1
S01010714,F. Construction,33,24,2,22,9,2,7
S01010714,G I. Distribution hotels and restaurants,88,83,46,37,5,2,3
S01010714,H J. Transport and communication,23,23,1,22,0,0,0
S01010714,K L M N. Financial real estate professional and administrative activities,35,31,9,22,4,4,0
S01010714,O P Q. Public administration education and health,78,75,25,50,3,0,3
S01010714,R S T U. Other,7,5,3,2,2,1,1
S01010715,All people aged 16 to 74 in employment,337,302,94,208,35,8,27
S01010715,A B D E. Agriculture energy and water,12,11,0,11,1,0,1
S01010715,C. Manufacturing,29,28,1,27,1,0,1
S01010715,F. Construction,41,29,2,27,12,2,10
S01010715,G I. Distribution hotels and restaurants,93,84,41,43,9,2,7
S01010715,H J. Transport and communication,17,16,2,14,1,0,1
S01010715,K L M N. Financial real estate professional and administrative activities,44,41,17,24,3,1,2
S01010715,O P Q. Public administration education and health,88,85,27,58,3,2,1
S01010715,R S T U. Other,13,8,4,4,5,1,4
S01010716,All people aged 16 to 74 in employment,451,404,102,302,47,13,34
S01010716,A B D E. Agriculture energy and water,15,13,0,13,2,0,2
S01010716,C. Manufacturing,54,53,3,50,1,1,0
S01010716,F. Construction,49,37,3,34,12,0,12
S01010716,G I. Distribution hotels and restaurants,108,97,42,55,11,1,10
S01010716,H J. Transport and communication,31,29,3,26,2,0,2
S01010716,K L M N. Financial real estate professional and administrative activities,56,48,11,37,8,3,5
S01010716,O P Q. Public administration education and health,119,113,35,78,6,4,2
S01010716,R S T U. Other,19,14,5,9,5,4,1
S01010717,All people aged 16 to 74 in employment,314,282,76,206,32,9,23
S01010717,A B D E. Agriculture energy and water,10,9,0,9,1,1,0
S01010717,C. Manufacturing,15,13,1,12,2,1,1
S01010717,F. Construction,33,24,2,22,9,0,9
S01010717,G I. Distribution hotels and restaurants,73,66,26,40,7,1,6
S01010717,H J. Transport and communication,15,15,2,13,0,0,0
S01010717,K L M N. Financial real estate professional and administrative activities,34,29,6,23,5,2,3
S01010717,O P Q. Public administration education and health,122,117,36,81,5,3,2
S01010717,R S T U. Other,12,9,3,6,3,1,2
S01010718,All people aged 16 to 74 in employment,498,426,133,293,72,10,62
S01010718,A B D E. Agriculture energy and water,25,18,1,17,7,0,7
S01010718,C. Manufacturing,40,34,0,34,6,0,6
S01010718,F. Construction,52,33,4,29,19,1,18
S01010718,G I. Distribution hotels and restaurants,129,114,56,58,15,4,11
S01010718,H J. Transport and communication,26,22,4,18,4,0,4
S01010718,K L M N. Financial real estate professional and administrative activities,62,50,14,36,12,1,11
S01010718,O P Q. Public administration education and health,139,137,50,87,2,1,1
S01010718,R S T U. Other,25,18,4,14,7,3,4
S01010719,All people aged 16 to 74 in employment,316,264,81,183,52,15,37
S01010719,A B D E. Agriculture energy and water,19,12,3,9,7,2,5
S01010719,C. Manufacturing,29,24,1,23,5,2,3
S01010719,F. Construction,33,23,3,20,10,0,10
S01010719,G I. Distribution hotels and restaurants,56,51,23,28,5,1,4
S01010719,H J. Transport and communication,10,9,4,5,1,0,1
S01010719,K L M N. Financial real estate professional and administrative activities,43,32,6,26,11,4,7
S01010719,O P Q. Public administration education and health,111,101,37,64,10,5,5
S01010719,R S T U. Other,15,12,4,8,3,1,2
S01010720,All people aged 16 to 74 in employment,323,259,90,169,64,32,32
S01010720,A B D E. Agriculture energy and water,21,14,1,13,7,1,6
S01010720,C. Manufacturing,16,16,1,15,0,0,0
S01010720,F. Construction,30,18,1,17,12,2,10
S01010720,G I. Distribution hotels and restaurants,51,42,24,18,9,6,3
S01010720,H J. Transport and communication,15,13,2,11,2,1,1
S01010720,K L M N. Financial real estate professional and administrative activities,40,22,7,15,18,9,9
S01010720,O P Q. Public administration education and health,128,115,44,71,13,10,3
S01010720,R S T U. Other,22,19,10,9,3,3,0
S01010721,All people aged 16 to 74 in employment,318,242,84,158,76,24,52
S01010721,A B D E. Agriculture energy and water,16,9,0,9,7,2,5
S01010721,C. Manufacturing,20,16,0,16,4,1,3
S01010721,F. Construction,23,15,1,14,8,1,7
S01010721,G I. Distribution hotels and restaurants,65,42,24,18,23,6,17
S01010721,H J. Transport and communication,20,16,3,13,4,2,2
S01010721,K L M N. Financial real estate professional and administrative activities,39,21,6,15,18,6,12
S01010721,O P Q. Public administration education and health,116,110,43,67,6,3,3
S01010721,R S T U. Other,19,13,7,6,6,3,3
S01010722,All people aged 16 to 74 in employment,406,340,85,255,66,23,43
S01010722,A B D E. Agriculture energy and water,24,14,2,12,10,3,7
S01010722,C. Manufacturing,39,34,0,34,5,2,3
S01010722,F. Construction,41,26,2,24,15,1,14
S01010722,G I. Distribution hotels and restaurants,79,71,23,48,8,3,5
S01010722,H J. Transport and communication,25,19,2,17,6,3,3
S01010722,K L M N. Financial real estate professional and administrative activities,37,26,7,19,11,5,6
S01010722,O P Q. Public administration education and health,145,138,45,93,7,4,3
S01010722,R S T U. Other,16,12,4,8,4,2,2
S01010723,All people aged 16 to 74 in employment,484,367,106,261,117,32,85
S01010723,A B D E. Agriculture energy and water,49,17,2,15,32,6,26
S01010723,C. Manufacturing,32,29,3,26,3,0,3
S01010723,F. Construction,42,27,1,26,15,3,12
S01010723,G I. Distribution hotels and restaurants,71,57,33,24,14,5,9
S01010723,H J. Transport and communication,27,20,2,18,7,1,6
S01010723,K L M N. Financial real estate professional and administrative activities,70,48,11,37,22,9,13
S01010723,O P Q. Public administration education and health,171,156,51,105,15,3,12
S01010723,R S T U. Other,22,13,3,10,9,5,4
S01010724,All people aged 16 to 74 in employment,471,380,118,262,91,26,65
S01010724,A B D E. Agriculture energy and water,58,34,1,33,24,5,19
S01010724,C. Manufacturing,33,29,6,23,4,2,2
S01010724,F. Construction,46,29,3,26,17,4,13
S01010724,G I. Distribution hotels and restaurants,87,74,27,47,13,2,11
S01010724,H J. Transport and communication,27,20,6,14,7,0,7
S01010724,K L M N. Financial real estate professional and administrative activities,58,46,11,35,12,6,6
S01010724,O P Q. Public administration education and health,142,134,58,76,8,4,4
S01010724,R S T U. Other,20,14,6,8,6,3,3
S01010725,All people aged 16 to 74 in employment,394,274,85,189,120,29,91
S01010725,A B D E. Agriculture energy and water,40,18,4,14,22,3,19
S01010725,C. Manufacturing,30,17,2,15,13,4,9
S01010725,F. Construction,32,18,0,18,14,2,12
S01010725,G I. Distribution hotels and restaurants,85,67,30,37,18,4,14
S01010725,H J. Transport and communication,25,15,3,12,10,1,9
S01010725,K L M N. Financial real estate professional and administrative activities,45,26,8,18,19,6,13
S01010725,O P Q. Public administration education and health,116,104,36,68,12,6,6
S01010725,R S T U. Other,21,9,2,7,12,3,9
S01010726,All people aged 16 to 74 in employment,432,357,118,239,75,14,61
S01010726,A B D E. Agriculture energy and water,18,11,1,10,7,1,6
S01010726,C. Manufacturing,24,18,3,15,6,2,4
S01010726,F. Construction,42,26,2,24,16,0,16
S01010726,G I. Distribution hotels and restaurants,99,83,39,44,16,1,15
S01010726,H J. Transport and communication,32,25,3,22,7,1,6
S01010726,K L M N. Financial real estate professional and administrative activities,56,41,10,31,15,5,10
S01010726,O P Q. Public administration education and health,147,141,53,88,6,3,3
S01010726,R S T U. Other,14,12,7,5,2,1,1
S01010727,All people aged 16 to 74 in employment,308,237,77,160,71,27,44
S01010727,A B D E. Agriculture energy and water,27,13,1,12,14,5,9
S01010727,C. Manufacturing,19,14,4,10,5,1,4
S01010727,F. Construction,42,24,3,21,18,6,12
S01010727,G I. Distribution hotels and restaurants,49,45,20,25,4,1,3
S01010727,H J. Transport and communication,17,15,8,7,2,1,1
S01010727,K L M N. Financial real estate professional and administrative activities,40,25,4,21,15,6,9
S01010727,O P Q. Public administration education and health,104,96,34,62,8,4,4
S01010727,R S T U. Other,10,5,3,2,5,3,2
S01010728,All people aged 16 to 74 in employment,254,212,56,156,42,13,29
S01010728,A B D E. Agriculture energy and water,13,8,0,8,5,1,4
S01010728,C. Manufacturing,8,7,0,7,1,0,1
S01010728,F. Construction,20,18,1,17,2,1,1
S01010728,G I. Distribution hotels and restaurants,51,43,18,25,8,1,7
S01010728,H J. Transport and communication,19,11,1,10,8,2,6
S01010728,K L M N. Financial real estate professional and administrative activities,32,23,2,21,9,4,5
S01010728,O P Q. Public administration education and health,102,95,32,63,7,3,4
S01010728,R S T U. Other,9,7,2,5,2,1,1
S01010729,All people aged 16 to 74 in employment,403,316,101,215,87,24,63
S01010729,A B D E. Agriculture energy and water,43,17,3,14,26,6,20
S01010729,C. Manufacturing,21,21,3,18,0,0,0
S01010729,F. Construction,57,32,1,31,25,1,24
S01010729,G I. Distribution hotels and restaurants,77,68,36,32,9,5,4
S01010729,H J. Transport and communication,24,20,2,18,4,2,2
S01010729,K L M N. Financial real estate professional and administrative activities,33,25,9,16,8,3,5
S01010729,O P Q. Public administration education and health,131,124,43,81,7,3,4
S01010729,R S T U. Other,17,9,4,5,8,4,4
S01010730,All people aged 16 to 74 in employment,454,342,101,241,112,29,83
S01010730,A B D E. Agriculture energy and water,59,24,2,22,35,5,30
S01010730,C. Manufacturing,20,15,1,14,5,1,4
S01010730,F. Construction,46,25,3,22,21,3,18
S01010730,G I. Distribution hotels and restaurants,76,65,30,35,11,3,8
S01010730,H J. Transport and communication,27,22,4,18,5,0,5
S01010730,K L M N. Financial real estate professional and administrative activities,51,39,4,35,12,6,6
S01010730,O P Q. Public administration education and health,155,142,53,89,13,9,4
S01010730,R S T U. Other,20,10,4,6,10,2,8
S01010731,All people aged 16 to 74 in employment,442,351,111,240,91,28,63
S01010731,A B D E. Agriculture energy and water,31,23,2,21,8,0,8
S01010731,C. Manufacturing,29,25,3,22,4,2,2
S01010731,F. Construction,30,18,1,17,12,2,10
S01010731,G I. Distribution hotels and restaurants,97,75,38,37,22,3,19
S01010731,H J. Transport and communication,35,27,3,24,8,3,5
S01010731,K L M N. Financial real estate professional and administrative activities,51,31,6,25,20,10,10
S01010731,O P Q. Public administration education and health,149,138,51,87,11,6,5
S01010731,R S T U. Other,20,14,7,7,6,2,4
S01010732,All people aged 16 to 74 in employment,354,324,113,211,30,10,20
S01010732,A B D E. Agriculture energy and water,21,20,2,18,1,0,1
S01010732,C. Manufacturing,44,42,3,39,2,0,2
S01010732,F. Construction,37,30,2,28,7,0,7
S01010732,G I. Distribution hotels and restaurants,92,84,43,41,8,2,6
S01010732,H J. Transport and communication,27,27,4,23,0,0,0
S01010732,K L M N. Financial real estate professional and administrative activities,37,33,12,21,4,3,1
S01010732,O P Q. Public administration education and health,83,79,41,38,4,4,0
S01010732,R S T U. Other,13,9,6,3,4,1,3
S01010733,All people aged 16 to 74 in employment,233,215,62,153,18,6,12
S01010733,A B D E. Agriculture energy and water,16,14,2,12,2,0,2
S01010733,C. Manufacturing,27,27,2,25,0,0,0
S01010733,F. Construction,30,27,1,26,3,0,3
S01010733,G I. Distribution hotels and restaurants,63,58,27,31,5,1,4
S01010733,H J. Transport and communication,22,19,3,16,3,1,2
S01010733,K L M N. Financial real estate professional and administrative activities,17,16,5,11,1,0,1
S01010733,O P Q. Public administration education and health,55,53,22,31,2,2,0
S01010733,R S T U. Other,3,1,0,1,2,2,0
S01010734,All people aged 16 to 74 in employment,383,346,105,241,37,12,25
S01010734,A B D E. Agriculture energy and water,22,20,1,19,2,0,2
S01010734,C. Manufacturing,57,52,2,50,5,1,4
S01010734,F. Construction,39,30,1,29,9,2,7
S01010734,G I. Distribution hotels and restaurants,84,77,44,33,7,1,6
S01010734,H J. Transport and communication,41,39,8,31,2,1,1
S01010734,K L M N. Financial real estate professional and administrative activities,39,32,6,26,7,4,3
S01010734,O P Q. Public administration education and health,79,77,34,43,2,2,0
S01010734,R S T U. Other,22,19,9,10,3,1,2
S01010735,All people aged 16 to 74 in employment,253,234,58,176,19,8,11
S01010735,A B D E. Agriculture energy and water,8,8,0,8,0,0,0
S01010735,C. Manufacturing,40,39,1,38,1,0,1
S01010735,F. Construction,27,23,0,23,4,2,2
S01010735,G I. Distribution hotels and restaurants,64,60,29,31,4,1,3
S01010735,H J. Transport and communication,23,21,4,17,2,0,2
S01010735,K L M N. Financial real estate professional and administrative activities,24,19,3,16,5,3,2
S01010735,O P Q. Public administration education and health,62,60,18,42,2,2,0
S01010735,R S T U. Other,5,4,3,1,1,0,1
S01010736,All people aged 16 to 74 in employment,250,221,55,166,29,5,24
S01010736,A B D E. Agriculture energy and water,19,16,0,16,3,0,3
S01010736,C. Manufacturing,30,27,1,26,3,0,3
S01010736,F. Construction,36,28,0,28,8,0,8
S01010736,G I. Distribution hotels and restaurants,42,38,15,23,4,1,3
S01010736,H J. Transport and communication,19,18,2,16,1,1,0
S01010736,K L M N. Financial real estate professional and administrative activities,26,22,6,16,4,1,3
S01010736,O P Q. Public administration education and health,64,61,25,36,3,1,2
S01010736,R S T U. Other,14,11,6,5,3,1,2
S01010737,All people aged 16 to 74 in employment,472,424,116,308,48,9,39
S01010737,A B D E. Agriculture energy and water,23,20,0,20,3,1,2
S01010737,C. Manufacturing,54,50,3,47,4,0,4
S01010737,F. Construction,52,42,4,38,10,0,10
S01010737,G I. Distribution hotels and restaurants,113,103,39,64,10,2,8
S01010737,H J. Transport and communication,35,31,9,22,4,0,4
S01010737,K L M N. Financial real estate professional and administrative activities,52,44,10,34,8,2,6
S01010737,O P Q. Public administration education and health,124,121,47,74,3,3,0
S01010737,R S T U. Other,19,13,4,9,6,1,5
S01010738,All people aged 16 to 74 in employment,263,244,84,160,19,4,15
S01010738,A B D E. Agriculture energy and water,17,16,1,15,1,0,1
S01010738,C. Manufacturing,36,32,3,29,4,0,4
S01010738,F. Construction,39,33,2,31,6,1,5
S01010738,G I. Distribution hotels and restaurants,54,51,30,21,3,1,2
S01010738,H J. Transport and communication,16,15,2,13,1,0,1
S01010738,K L M N. Financial real estate professional and administrative activities,22,22,6,16,0,0,0
S01010738,O P Q. Public administration education and health,66,63,32,31,3,2,1
S01010738,R S T U. Other,13,12,8,4,1,0,1
S01010739,All people aged 16 to 74 in employment,415,370,99,271,45,13,32
S01010739,A B D E. Agriculture energy and water,25,20,0,20,5,1,4
S01010739,C. Manufacturing,69,67,4,63,2,0,2
S01010739,F. Construction,31,22,0,22,9,3,6
S01010739,G I. Distribution hotels and restaurants,93,82,46,36,11,1,10
S01010739,H J. Transport and communication,45,43,7,36,2,0,2
S01010739,K L M N. Financial real estate professional and administrative activities,34,30,8,22,4,1,3
S01010739,O P Q. Public administration education and health,105,97,30,67,8,6,2
S01010739,R S T U. Other,13,9,4,5,4,1,3
S01010740,All people aged 16 to 74 in employment,187,175,59,116,12,5,7
S01010740,A B D E. Agriculture energy and water,12,11,2,9,1,0,1
S01010740,C. Manufacturing,24,23,1,22,1,1,0
S01010740,F. Construction,16,14,2,12,2,0,2
S01010740,G I. Distribution hotels and restaurants,40,39,25,14,1,0,1
S01010740,H J. Transport and communication,20,19,3,16,1,1,0
S01010740,K L M N. Financial real estate professional and administrative activities,17,15,4,11,2,1,1
S01010740,O P Q. Public administration education and health,51,50,21,29,1,1,0
S01010740,R S T U. Other,7,4,1,3,3,1,2
S01010741,All people aged 16 to 74 in employment,261,219,56,163,42,8,34
S01010741,A B D E. Agriculture energy and water,19,14,0,14,5,0,5
S01010741,C. Manufacturing,23,18,1,17,5,1,4
S01010741,F. Construction,31,24,1,23,7,0,7
S01010741,G I. Distribution hotels and restaurants,54,42,20,22,12,3,9
S01010741,H J. Transport and communication,18,16,2,14,2,0,2
S01010741,K L M N. Financial real estate professional and administrative activities,35,29,2,27,6,0,6
S01010741,O P Q. Public administration education and health,72,68,25,43,4,3,1
S01010741,R S T U. Other,9,8,5,3,1,1,0
S01010742,All people aged 16 to 74 in employment,334,323,83,240,11,3,8
S01010742,A B D E. Agriculture energy and water,23,23,1,22,0,0,0
S01010742,C. Manufacturing,57,55,1,54,2,1,1
S01010742,F. Construction,36,31,0,31,5,0,5
S01010742,G I. Distribution hotels and restaurants,62,62,28,34,0,0,0
S01010742,H J. Transport and communication,33,32,3,29,1,0,1
S01010742,K L M N. Financial real estate professional and administrative activities,26,25,3,22,1,1,0
S01010742,O P Q. Public administration education and health,90,88,44,44,2,1,1
S01010742,R S T U. Other,7,7,3,4,0,0,0
S01010743,All people aged 16 to 74 in employment,280,268,87,181,12,2,10
S01010743,A B D E. Agriculture energy and water,12,11,0,11,1,0,1
S01010743,C. Manufacturing,39,38,2,36,1,0,1
S01010743,F. Construction,30,24,1,23,6,1,5
S01010743,G I. Distribution hotels and restaurants,65,62,33,29,3,1,2
S01010743,H J. Transport and communication,23,22,2,20,1,0,1
S01010743,K L M N. Financial real estate professional and administrative activities,28,28,7,21,0,0,0
S01010743,O P Q. Public administration education and health,76,76,39,37,0,0,0
S01010743,R S T U. Other,7,7,3,4,0,0,0
S01010744,All people aged 16 to 74 in employment,515,455,128,327,60,20,40
S01010744,A B D E. Agriculture energy and water,41,35,3,32,6,0,6
S01010744,C. Manufacturing,73,69,6,63,4,2,2
S01010744,F. Construction,58,45,3,42,13,3,10
S01010744,G I. Distribution hotels and restaurants,87,74,33,41,13,3,10
S01010744,H J. Transport and communication,35,32,4,28,3,1,2
S01010744,K L M N. Financial real estate professional and administrative activities,55,47,10,37,8,3,5
S01010744,O P Q. Public administration education and health,137,134,62,72,3,2,1
S01010744,R S T U. Other,29,19,7,12,10,6,4
S01010745,All people aged 16 to 74 in employment,284,248,63,185,36,5,31
S01010745,A B D E. Agriculture energy and water,15,14,3,11,1,0,1
S01010745,C. Manufacturing,42,37,1,36,5,1,4
S01010745,F. Construction,23,16,1,15,7,0,7
S01010745,G I. Distribution hotels and restaurants,50,37,17,20,13,2,11
S01010745,H J. Transport and communication,23,20,2,18,3,0,3
S01010745,K L M N. Financial real estate professional and administrative activities,30,28,3,25,2,1,1
S01010745,O P Q. Public administration education and health,90,86,31,55,4,1,3
S01010745,R S T U. Other,11,10,5,5,1,0,1
S01010746,All people aged 16 to 74 in employment,512,401,118,283,111,23,88
S01010746,A B D E. Agriculture energy and water,53,32,4,28,21,3,18
S01010746,C. Manufacturing,42,36,4,32,6,2,4
S01010746,F. Construction,59,32,5,27,27,3,24
S01010746,G I. Distribution hotels and restaurants,97,83,29,54,14,4,10
S01010746,H J. Transport and communication,35,27,5,22,8,1,7
S01010746,K L M N. Financial real estate professional and administrative activities,71,50,12,38,21,5,16
S01010746,O P Q. Public administration education and health,128,124,50,74,4,1,3
S01010746,R S T U. Other,27,17,9,8,10,4,6
S01010747,All people aged 16 to 74 in employment,378,335,122,213,43,15,28
S01010747,A B D E. Agriculture energy and water,29,25,3,22,4,2,2
S01010747,C. Manufacturing,35,33,0,33,2,1,1
S01010747,F. Construction,43,35,7,28,8,1,7
S01010747,G I. Distribution hotels and restaurants,89,76,46,30,13,2,11
S01010747,H J. Transport and communication,25,23,9,14,2,1,1
S01010747,K L M N. Financial real estate professional and administrative activities,40,31,6,25,9,5,4
S01010747,O P Q. Public administration education and health,105,102,44,58,3,2,1
S01010747,R S T U. Other,12,10,7,3,2,1,1
S01010748,All people aged 16 to 74 in employment,295,226,66,160,69,19,50
S01010748,A B D E. Agriculture energy and water,42,25,2,23,17,4,13
S01010748,C. Manufacturing,13,12,3,9,1,0,1
S01010748,F. Construction,42,26,1,25,16,2,14
S01010748,G I. Distribution hotels and restaurants,64,47,19,28,17,9,8
S01010748,H J. Transport and communication,21,18,7,11,3,0,3
S01010748,K L M N. Financial real estate professional and administrative activities,39,30,6,24,9,2,7
S01010748,O P Q. Public administration education and health,60,55,23,32,5,2,3
S01010748,R S T U. Other,14,13,5,8,1,0,1
S01010749,All people aged 16 to 74 in employment,294,236,79,157,58,14,44
S01010749,A B D E. Agriculture energy and water,36,17,1,16,19,4,15
S01010749,C. Manufacturing,24,22,1,21,2,0,2
S01010749,F. Construction,37,25,2,23,12,0,12
S01010749,G I. Distribution hotels and restaurants,45,35,20,15,10,2,8
S01010749,H J. Transport and communication,25,20,2,18,5,1,4
S01010749,K L M N. Financial real estate professional and administrative activities,32,27,7,20,5,4,1
S01010749,O P Q. Public administration education and health,88,85,43,42,3,2,1
S01010749,R S T U. Other,7,5,3,2,2,1,1
S01010750,All people aged 16 to 74 in employment,280,200,62,138,80,20,60
S01010750,A B D E. Agriculture energy and water,40,20,4,16,20,3,17
S01010750,C. Manufacturing,8,8,0,8,0,0,0
S01010750,F. Construction,42,25,3,22,17,2,15
S01010750,G I. Distribution hotels and restaurants,51,42,18,24,9,0,9
S01010750,H J. Transport and communication,22,18,2,16,4,3,1
S01010750,K L M N. Financial real estate professional and administrative activities,36,18,5,13,18,7,11
S01010750,O P Q. Public administration education and health,67,65,29,36,2,1,1
S01010750,R S T U. Other,14,4,1,3,10,4,6
S01010751,All people aged 16 to 74 in employment,281,236,84,152,45,15,30
S01010751,A B D E. Agriculture energy and water,18,11,0,11,7,3,4
S01010751,C. Manufacturing,23,21,1,20,2,1,1
S01010751,F. Construction,30,24,1,23,6,0,6
S01010751,G I. Distribution hotels and restaurants,86,74,38,36,12,4,8
S01010751,H J. Transport and communication,18,16,0,16,2,0,2
S01010751,K L M N. Financial real estate professional and administrative activities,32,27,10,17,5,1,4
S01010751,O P Q. Public administration education and health,68,61,34,27,7,5,2
S01010751,R S T U. Other,6,2,0,2,4,1,3
S01010752,All people aged 16 to 74 in employment,334,297,84,213,37,11,26
S01010752,A B D E. Agriculture energy and water,19,16,1,15,3,1,2
S01010752,C. Manufacturing,37,36,0,36,1,0,1
S01010752,F. Construction,28,19,1,18,9,2,7
S01010752,G I. Distribution hotels and restaurants,105,95,46,49,10,2,8
S01010752,H J. Transport and communication,25,22,0,22,3,0,3
S01010752,K L M N. Financial real estate professional and administrative activities,38,32,7,25,6,3,3
S01010752,O P Q. Public administration education and health,68,64,23,41,4,2,2
S01010752,R S T U. Other,14,13,6,7,1,1,0
S01010753,All people aged 16 to 74 in employment,449,369,121,248,80,24,56
S01010753,A B D E. Agriculture energy and water,24,16,1,15,8,2,6
S01010753,C. Manufacturing,30,24,3,21,6,3,3
S01010753,F. Construction,50,32,1,31,18,0,18
S01010753,G I. Distribution hotels and restaurants,108,99,52,47,9,4,5
S01010753,H J. Transport and communication,36,32,3,29,4,2,2
S01010753,K L M N. Financial real estate professional and administrative activities,65,46,14,32,19,6,13
S01010753,O P Q. Public administration education and health,123,115,45,70,8,4,4
S01010753,R S T U. Other,13,5,2,3,8,3,5
S01010754,All people aged 16 to 74 in employment,290,244,71,173,46,14,32
S01010754,A B D E. Agriculture energy and water,18,14,2,12,4,0,4
S01010754,C. Manufacturing,29,28,1,27,1,1,0
S01010754,F. Construction,27,16,1,15,11,1,10
S01010754,G I. Distribution hotels and restaurants,84,70,35,35,14,3,11
S01010754,H J. Transport and communication,22,18,3,15,4,1,3
S01010754,K L M N. Financial real estate professional and administrative activities,26,22,5,17,4,2,2
S01010754,O P Q. Public administration education and health,66,63,20,43,3,3,0
S01010754,R S T U. Other,18,13,4,9,5,3,2
S01010755,All people aged 16 to 74 in employment,304,265,89,176,39,12,27
S01010755,A B D E. Agriculture energy and water,12,9,1,8,3,1,2
S01010755,C. Manufacturing,29,26,3,23,3,1,2
S01010755,F. Construction,41,29,1,28,12,3,9
S01010755,G I. Distribution hotels and restaurants,78,72,37,35,6,1,5
S01010755,H J. Transport and communication,28,26,2,24,2,1,1
S01010755,K L M N. Financial real estate professional and administrative activities,33,29,7,22,4,1,3
S01010755,O P Q. Public administration education and health,70,67,36,31,3,2,1
S01010755,R S T U. Other,13,7,2,5,6,2,4
S01010756,All people aged 16 to 74 in employment,332,272,86,186,60,12,48
S01010756,A B D E. Agriculture energy and water,19,14,1,13,5,2,3
S01010756,C. Manufacturing,18,16,1,15,2,0,2
S01010756,F. Construction,45,32,3,29,13,0,13
S01010756,G I. Distribution hotels and restaurants,69,58,30,28,11,1,10
S01010756,H J. Transport and communication,25,22,3,19,3,0,3
S01010756,K L M N. Financial real estate professional and administrative activities,49,35,10,25,14,4,10
S01010756,O P Q. Public administration education and health,98,90,36,54,8,4,4
S01010756,R S T U. Other,9,5,2,3,4,1,3
S01010757,All people aged 16 to 74 in employment,349,268,71,197,81,21,60
S01010757,A B D E. Agriculture energy and water,44,21,1,20,23,3,20
S01010757,C. Manufacturing,22,16,2,14,6,3,3
S01010757,F. Construction,40,23,0,23,17,2,15
S01010757,G I. Distribution hotels and restaurants,68,56,13,43,12,3,9
S01010757,H J. Transport and communication,24,20,2,18,4,3,1
S01010757,K L M N. Financial real estate professional and administrative activities,41,33,9,24,8,2,6
S01010757,O P Q. Public administration education and health,86,80,38,42,6,2,4
S01010757,R S T U. Other,24,19,6,13,5,3,2
S01010758,All people aged 16 to 74 in employment,296,230,76,154,66,17,49
S01010758,A B D E. Agriculture energy and water,24,16,2,14,8,0,8
S01010758,C. Manufacturing,9,7,1,6,2,0,2
S01010758,F. Construction,36,18,1,17,18,4,14
S01010758,G I. Distribution hotels and restaurants,83,64,27,37,19,4,15
S01010758,H J. Transport and communication,16,14,3,11,2,0,2
S01010758,K L M N. Financial real estate professional and administrative activities,26,19,6,13,7,4,3
S01010758,O P Q. Public administration education and health,81,77,33,44,4,1,3
S01010758,R S T U. Other,21,15,3,12,6,4,2
S01010759,All people aged 16 to 74 in employment,291,248,66,182,43,8,35
S01010759,A B D E. Agriculture energy and water,16,13,0,13,3,1,2
S01010759,C. Manufacturing,7,6,0,6,1,1,0
S01010759,F. Construction,42,29,2,27,13,0,13
S01010759,G I. Distribution hotels and restaurants,79,68,15,53,11,1,10
S01010759,H J. Transport and communication,11,11,1,10,0,0,0
S01010759,K L M N. Financial real estate professional and administrative activities,26,20,7,13,6,1,5
S01010759,O P Q. Public administration education and health,79,74,33,41,5,3,2
S01010759,R S T U. Other,31,27,8,19,4,1,3
S01010760,All people aged 16 to 74 in employment,223,182,52,130,41,9,32
S01010760,A B D E. Agriculture energy and water,6,4,1,3,2,0,2
S01010760,C. Manufacturing,14,12,2,10,2,1,1
S01010760,F. Construction,21,12,0,12,9,1,8
S01010760,G I. Distribution hotels and restaurants,49,40,18,22,9,0,9
S01010760,H J. Transport and communication,4,2,1,1,2,2,0
S01010760,K L M N. Financial real estate professional and administrative activities,37,28,3,25,9,2,7
S01010760,O P Q. Public administration education and health,75,69,25,44,6,3,3
S01010760,R S T U. Other,17,15,2,13,2,0,2
S01010761,All people aged 16 to 74 in employment,272,212,62,150,60,13,47
S01010761,A B D E. Agriculture energy and water,34,22,2,20,12,1,11
S01010761,C. Manufacturing,7,7,2,5,0,0,0
S01010761,F. Construction,28,18,1,17,10,1,9
S01010761,G I. Distribution hotels and restaurants,70,59,20,39,11,3,8
S01010761,H J. Transport and communication,13,9,1,8,4,1,3
S01010761,K L M N. Financial real estate professional and administrative activities,36,20,8,12,16,4,12
S01010761,O P Q. Public administration education and health,67,65,24,41,2,1,1
S01010761,R S T U. Other,17,12,4,8,5,2,3
S01010762,All people aged 16 to 74 in employment,271,201,59,142,70,10,60
S01010762,A B D E. Agriculture energy and water,41,16,1,15,25,1,24
S01010762,C. Manufacturing,24,21,2,19,3,0,3
S01010762,F. Construction,25,18,1,17,7,0,7
S01010762,G I. Distribution hotels and restaurants,53,37,15,22,16,2,14
S01010762,H J. Transport and communication,18,16,3,13,2,1,1
S01010762,K L M N. Financial real estate professional and administrative activities,31,27,10,17,4,1,3
S01010762,O P Q. Public administration education and health,65,58,24,34,7,2,5
S01010762,R S T U. Other,14,8,3,5,6,3,3
S01010763,All people aged 16 to 74 in employment,307,227,76,151,80,17,63
S01010763,A B D E. Agriculture energy and water,32,17,2,15,15,6,9
S01010763,C. Manufacturing,21,16,0,16,5,0,5
S01010763,F. Construction,54,30,1,29,24,2,22
S01010763,G I. Distribution hotels and restaurants,50,35,19,16,15,2,13
S01010763,H J. Transport and communication,22,17,1,16,5,2,3
S01010763,K L M N. Financial real estate professional and administrative activities,39,30,13,17,9,3,6
S01010763,O P Q. Public administration education and health,78,72,38,34,6,2,4
S01010763,R S T U. Other,11,10,2,8,1,0,1
S01010764,All people aged 16 to 74 in employment,265,181,62,119,84,20,64
S01010764,A B D E. Agriculture energy and water,37,12,0,12,25,3,22
S01010764,C. Manufacturing,6,4,2,2,2,1,1
S01010764,F. Construction,27,16,2,14,11,1,10
S01010764,G I. Distribution hotels and restaurants,43,28,11,17,15,5,10
S01010764,H J. Transport and communication,17,15,3,12,2,0,2
S01010764,K L M N. Financial real estate professional and administrative activities,47,30,9,21,17,6,11
S01010764,O P Q. Public administration education and health,74,66,30,36,8,2,6
S01010764,R S T U. Other,14,10,5,5,4,2,2
S01010765,All people aged 16 to 74 in employment,452,345,122,223,107,38,69
S01010765,A B D E. Agriculture energy and water,59,37,3,34,22,5,17
S01010765,C. Manufacturing,13,9,2,7,4,2,2
S01010765,F. Construction,48,32,0,32,16,3,13
S01010765,G I. Distribution hotels and restaurants,109,81,37,44,28,10,18
S01010765,H J. Transport and communication,39,33,7,26,6,3,3
S01010765,K L M N. Financial real estate professional and administrative activities,42,28,7,21,14,7,7
S01010765,O P Q. Public administration education and health,119,112,61,51,7,6,1
S01010765,R S T U. Other,23,13,5,8,10,2,8
S01010766,All people aged 16 to 74 in employment,314,251,80,171,63,14,49
S01010766,A B D E. Agriculture energy and water,20,13,1,12,7,0,7
S01010766,C. Manufacturing,21,16,0,16,5,1,4
S01010766,F. Construction,47,31,2,29,16,3,13
S01010766,G I. Distribution hotels and restaurants,53,46,19,27,7,0,7
S01010766,H J. Transport and communication,13,9,1,8,4,1,3
S01010766,K L M N. Financial real estate professional and administrative activities,38,24,11,13,14,6,8
S01010766,O P Q. Public administration education and health,109,103,42,61,6,2,4
S01010766,R S T U. Other,13,9,4,5,4,1,3
S01010767,All people aged 16 to 74 in employment,286,247,82,165,39,11,28
S01010767,A B D E. Agriculture energy and water,9,9,0,9,0,0,0
S01010767,C. Manufacturing,20,17,0,17,3,1,2
S01010767,F. Construction,28,23,1,22,5,0,5
S01010767,G I. Distribution hotels and restaurants,83,76,39,37,7,1,6
S01010767,H J. Transport and communication,17,11,0,11,6,2,4
S01010767,K L M N. Financial real estate professional and administrative activities,27,21,5,16,6,2,4
S01010767,O P Q. Public administration education and health,78,72,28,44,6,3,3
S01010767,R S T U. Other,24,18,9,9,6,2,4
S01010768,All people aged 16 to 74 in employment,232,199,66,133,33,12,21
S01010768,A B D E. Agriculture energy and water,15,14,1,13,1,0,1
S01010768,C. Manufacturing,12,9,1,8,3,0,3
S01010768,F. Construction,33,25,2,23,8,0,8
S01010768,G I. Distribution hotels and restaurants,47,42,26,16,5,2,3
S01010768,H J. Transport and communication,14,10,2,8,4,2,2
S01010768,K L M N. Financial real estate professional and administrative activities,26,24,11,13,2,1,1
S01010768,O P Q. Public administration education and health,64,60,20,40,4,2,2
S01010768,R S T U. Other,21,15,3,12,6,5,1
S01010769,All people aged 16 to 74 in employment,224,159,47,112,65,17,48
S01010769,A B D E. Agriculture energy and water,32,10,1,9,22,2,20
S01010769,C. Manufacturing,17,12,2,10,5,1,4
S01010769,F. Construction,35,23,3,20,12,1,11
S01010769,G I. Distribution hotels and restaurants,29,18,8,10,11,4,7
S01010769,H J. Transport and communication,18,14,2,12,4,2,2
S01010769,K L M N. Financial real estate professional and administrative activities,19,15,3,12,4,2,2
S01010769,O P Q. Public administration education and health,66,62,24,38,4,3,1
S01010769,R S T U. Other,8,5,4,1,3,2,1
S01010770,All people aged 16 to 74 in employment,428,350,128,222,78,23,55
S01010770,A B D E. Agriculture energy and water,31,21,2,19,10,1,9
S01010770,C. Manufacturing,19,17,0,17,2,1,1
S01010770,F. Construction,68,45,0,45,23,4,19
S01010770,G I. Distribution hotels and restaurants,93,71,42,29,22,5,17
S01010770,H J. Transport and communication,16,16,3,13,0,0,0
S01010770,K L M N. Financial real estate professional and administrative activities,32,24,9,15,8,6,2
S01010770,O P Q. Public administration education and health,146,138,68,70,8,5,3
S01010770,R S T U. Other,23,18,4,14,5,1,4
S01010771,All people aged 16 to 74 in employment,337,250,90,160,87,15,72
S01010771,A B D E. Agriculture energy and water,44,23,4,19,21,2,19
S01010771,C. Manufacturing,15,9,1,8,6,3,3
S01010771,F. Construction,59,37,1,36,22,3,19
S01010771,G I. Distribution hotels and restaurants,78,52,22,30,26,1,25
S01010771,H J. Transport and communication,23,22,6,16,1,1,0
S01010771,K L M N. Financial real estate professional and administrative activities,31,26,10,16,5,0,5
S01010771,O P Q. Public administration education and health,71,69,39,30,2,2,0
S01010771,R S T U. Other,16,12,7,5,4,3,1
S01010772,All people aged 16 to 74 in employment,333,246,76,170,87,25,62
S01010772,A B D E. Agriculture energy and water,52,23,1,22,29,4,25
S01010772,C. Manufacturing,20,14,1,13,6,3,3
S01010772,F. Construction,45,28,1,27,17,5,12
S01010772,G I. Distribution hotels and restaurants,51,35,18,17,16,4,12
S01010772,H J. Transport and communication,21,21,4,17,0,0,0
S01010772,K L M N. Financial real estate professional and administrative activities,44,36,11,25,8,3,5
S01010772,O P Q. Public administration education and health,82,78,35,43,4,2,2
S01010772,R S T U. Other,18,11,5,6,7,4,3
S01010773,All people aged 16 to 74 in employment,381,304,96,208,77,19,58
S01010773,A B D E. Agriculture energy and water,53,25,2,23,28,11,17
S01010773,C. Manufacturing,30,20,3,17,10,3,7
S01010773,F. Construction,38,29,0,29,9,0,9
S01010773,G I. Distribution hotels and restaurants,83,69,35,34,14,0,14
S01010773,H J. Transport and communication,21,20,3,17,1,0,1
S01010773,K L M N. Financial real estate professional and administrative activities,50,44,12,32,6,2,4
S01010773,O P Q. Public administration education and health,96,89,39,50,7,3,4
S01010773,R S T U. Other,10,8,2,6,2,0,2
S01010774,All people aged 16 to 74 in employment,314,246,73,173,68,22,46
S01010774,A B D E. Agriculture energy and water,28,15,1,14,13,2,11
S01010774,C. Manufacturing,21,18,2,16,3,1,2
S01010774,F. Construction,42,27,3,24,15,6,9
S01010774,G I. Distribution hotels and restaurants,58,44,21,23,14,1,13
S01010774,H J. Transport and communication,17,15,1,14,2,0,2
S01010774,K L M N. Financial real estate professional and administrative activities,23,16,4,12,7,2,5
S01010774,O P Q. Public administration education and health,107,98,37,61,9,7,2
S01010774,R S T U. Other,18,13,4,9,5,3,2
S01010775,All people aged 16 to 74 in employment,377,304,110,194,73,17,56
S01010775,A B D E. Agriculture energy and water,57,34,1,33,23,2,21
S01010775,C. Manufacturing,24,21,6,15,3,0,3
S01010775,F. Construction,43,23,0,23,20,5,15
S01010775,G I. Distribution hotels and restaurants,64,55,32,23,9,3,6
S01010775,H J. Transport and communication,25,23,3,20,2,0,2
S01010775,K L M N. Financial real estate professional and administrative activities,28,23,6,17,5,1,4
S01010775,O P Q. Public administration education and health,117,114,57,57,3,1,2
S01010775,R S T U. Other,19,11,5,6,8,5,3
S01010776,All people aged 16 to 74 in employment,259,225,73,152,34,5,29
S01010776,A B D E. Agriculture energy and water,24,17,1,16,7,0,7
S01010776,C. Manufacturing,18,14,0,14,4,2,2
S01010776,F. Construction,25,20,2,18,5,0,5
S01010776,G I. Distribution hotels and restaurants,50,42,29,13,8,0,8
S01010776,H J. Transport and communication,12,11,1,10,1,1,0
S01010776,K L M N. Financial real estate professional and administrative activities,33,31,7,24,2,1,1
S01010776,O P Q. Public administration education and health,87,85,30,55,2,0,2
S01010776,R S T U. Other,10,5,3,2,5,1,4
S01010777,All people aged 16 to 74 in employment,227,205,70,135,22,5,17
S01010777,A B D E. Agriculture energy and water,12,11,0,11,1,0,1
S01010777,C. Manufacturing,24,22,2,20,2,0,2
S01010777,F. Construction,18,12,1,11,6,2,4
S01010777,G I. Distribution hotels and restaurants,60,57,33,24,3,0,3
S01010777,H J. Transport and communication,16,14,2,12,2,0,2
S01010777,K L M N. Financial real estate professional and administrative activities,17,15,1,14,2,0,2
S01010777,O P Q. Public administration education and health,74,69,31,38,5,2,3
S01010777,R S T U. Other,6,5,0,5,1,1,0
S01010778,All people aged 16 to 74 in employment,193,175,59,116,18,4,14
S01010778,A B D E. Agriculture energy and water,18,16,0,16,2,1,1
S01010778,C. Manufacturing,13,13,2,11,0,0,0
S01010778,F. Construction,22,18,0,18,4,1,3
S01010778,G I. Distribution hotels and restaurants,54,50,23,27,4,0,4
S01010778,H J. Transport and communication,14,12,5,7,2,1,1
S01010778,K L M N. Financial real estate professional and administrative activities,22,19,7,12,3,1,2
S01010778,O P Q. Public administration education and health,48,47,22,25,1,0,1
S01010778,R S T U. Other,2,0,0,0,2,0,2
S01010779,All people aged 16 to 74 in employment,304,278,94,184,26,6,20
S01010779,A B D E. Agriculture energy and water,23,21,2,19,2,0,2
S01010779,C. Manufacturing,17,15,3,12,2,1,1
S01010779,F. Construction,27,19,0,19,8,1,7
S01010779,G I. Distribution hotels and restaurants,77,72,42,30,5,0,5
S01010779,H J. Transport and communication,23,22,1,21,1,0,1
S01010779,K L M N. Financial real estate professional and administrative activities,42,38,11,27,4,2,2
S01010779,O P Q. Public administration education and health,83,79,31,48,4,2,2
S01010779,R S T U. Other,12,12,4,8,0,0,0
S01010780,All people aged 16 to 74 in employment,259,241,72,169,18,6,12
S01010780,A B D E. Agriculture energy and water,26,24,0,24,2,1,1
S01010780,C. Manufacturing,11,11,0,11,0,0,0
S01010780,F. Construction,31,26,1,25,5,0,5
S01010780,G I. Distribution hotels and restaurants,57,53,28,25,4,2,2
S01010780,H J. Transport and communication,20,19,5,14,1,1,0
S01010780,K L M N. Financial real estate professional and administrative activities,25,24,3,21,1,0,1
S01010780,O P Q. Public administration education and health,81,79,32,47,2,0,2
S01010780,R S T U. Other,8,5,3,2,3,2,1
S01010781,All people aged 16 to 74 in employment,409,349,114,235,60,12,48
S01010781,A B D E. Agriculture energy and water,32,28,1,27,4,3,1
S01010781,C. Manufacturing,20,13,0,13,7,2,5
S01010781,F. Construction,47,36,2,34,11,0,11
S01010781,G I. Distribution hotels and restaurants,96,75,43,32,21,4,17
S01010781,H J. Transport and communication,26,24,6,18,2,0,2
S01010781,K L M N. Financial real estate professional and administrative activities,48,40,7,33,8,1,7
S01010781,O P Q. Public administration education and health,130,124,49,75,6,2,4
S01010781,R S T U. Other,10,9,6,3,1,0,1
S01010782,All people aged 16 to 74 in employment,245,196,57,139,49,10,39
S01010782,A B D E. Agriculture energy and water,20,13,0,13,7,0,7
S01010782,C. Manufacturing,23,20,2,18,3,2,1
S01010782,F. Construction,24,17,1,16,7,0,7
S01010782,G I. Distribution hotels and restaurants,68,53,21,32,15,2,13
S01010782,H J. Transport and communication,15,15,2,13,0,0,0
S01010782,K L M N. Financial real estate professional and administrative activities,25,15,5,10,10,4,6
S01010782,O P Q. Public administration education and health,57,57,24,33,0,0,0
S01010782,R S T U. Other,13,6,2,4,7,2,5
S01010783,All people aged 16 to 74 in employment,241,220,71,149,21,3,18
S01010783,A B D E. Agriculture energy and water,18,15,1,14,3,1,2
S01010783,C. Manufacturing,22,22,0,22,0,0,0
S01010783,F. Construction,41,36,2,34,5,1,4
S01010783,G I. Distribution hotels and restaurants,71,68,34,34,3,0,3
S01010783,H J. Transport and communication,24,20,2,18,4,0,4
S01010783,K L M N. Financial real estate professional and administrative activities,17,17,5,12,0,0,0
S01010783,O P Q. Public administration education and health,43,39,26,13,4,1,3
S01010783,R S T U. Other,5,3,1,2,2,0,2
S01010784,All people aged 16 to 74 in employment,319,298,108,190,21,5,16
S01010784,A B D E. Agriculture energy and water,27,24,3,21,3,1,2
S01010784,C. Manufacturing,19,18,2,16,1,0,1
S01010784,F. Construction,37,27,1,26,10,1,9
S01010784,G I. Distribution hotels and restaurants,86,83,46,37,3,1,2
S01010784,H J. Transport and communication,18,18,2,16,0,0,0
S01010784,K L M N. Financial real estate professional and administrative activities,34,33,12,21,1,0,1
S01010784,O P Q. Public administration education and health,87,86,37,49,1,1,0
S01010784,R S T U. Other,11,9,5,4,2,1,1
S01010785,All people aged 16 to 74 in employment,359,320,88,232,39,9,30
S01010785,A B D E. Agriculture energy and water,45,37,1,36,8,2,6
S01010785,C. Manufacturing,20,19,0,19,1,0,1
S01010785,F. Construction,29,25,1,24,4,0,4
S01010785,G I. Distribution hotels and restaurants,74,64,37,27,10,3,7
S01010785,H J. Transport and communication,22,19,0,19,3,2,1
S01010785,K L M N. Financial real estate professional and administrative activities,30,25,9,16,5,1,4
S01010785,O P Q. Public administration education and health,132,125,38,87,7,1,6
S01010785,R S T U. Other,7,6,2,4,1,0,1
S01010786,All people aged 16 to 74 in employment,347,313,109,204,34,8,26
S01010786,A B D E. Agriculture energy and water,45,40,4,36,5,0,5
S01010786,C. Manufacturing,14,13,1,12,1,0,1
S01010786,F. Construction,32,21,2,19,11,2,9
S01010786,G I. Distribution hotels and restaurants,66,57,33,24,9,2,7
S01010786,H J. Transport and communication,22,20,3,17,2,1,1
S01010786,K L M N. Financial real estate professional and administrative activities,34,30,5,25,4,2,2
S01010786,O P Q. Public administration education and health,126,125,57,68,1,1,0
S01010786,R S T U. Other,8,7,4,3,1,0,1
S01010787,All people aged 16 to 74 in employment,446,342,98,244,104,23,81
S01010787,A B D E. Agriculture energy and water,68,28,5,23,40,2,38
S01010787,C. Manufacturing,17,13,2,11,4,0,4
S01010787,F. Construction,47,34,1,33,13,3,10
S01010787,G I. Distribution hotels and restaurants,95,75,31,44,20,5,15
S01010787,H J. Transport and communication,33,32,5,27,1,0,1
S01010787,K L M N. Financial real estate professional and administrative activities,42,31,4,27,11,5,6
S01010787,O P Q. Public administration education and health,130,122,46,76,8,5,3
S01010787,R S T U. Other,14,7,4,3,7,3,4
S01010788,All people aged 16 to 74 in employment,345,284,89,195,61,13,48
S01010788,A B D E. Agriculture energy and water,67,32,1,31,35,5,30
S01010788,C. Manufacturing,18,15,1,14,3,0,3
S01010788,F. Construction,23,20,1,19,3,0,3
S01010788,G I. Distribution hotels and restaurants,61,59,37,22,2,2,0
S01010788,H J. Transport and communication,23,19,3,16,4,1,3
S01010788,K L M N. Financial real estate professional and administrative activities,43,36,8,28,7,1,6
S01010788,O P Q. Public administration education and health,99,95,33,62,4,1,3
S01010788,R S T U. Other,11,8,5,3,3,3,0
S01010789,All people aged 16 to 74 in employment,352,265,88,177,87,21,66
S01010789,A B D E. Agriculture energy and water,70,25,4,21,45,7,38
S01010789,C. Manufacturing,18,15,0,15,3,1,2
S01010789,F. Construction,40,27,2,25,13,2,11
S01010789,G I. Distribution hotels and restaurants,72,60,35,25,12,4,8
S01010789,H J. Transport and communication,26,24,3,21,2,0,2
S01010789,K L M N. Financial real estate professional and administrative activities,27,26,7,19,1,0,1
S01010789,O P Q. Public administration education and health,90,82,32,50,8,6,2
S01010789,R S T U. Other,9,6,5,1,3,1,2
S01010790,All people aged 16 to 74 in employment,336,252,82,170,84,18,66
S01010790,A B D E. Agriculture energy and water,54,24,1,23,30,9,21
S01010790,C. Manufacturing,22,19,3,16,3,1,2
S01010790,F. Construction,55,38,7,31,17,0,17
S01010790,G I. Distribution hotels and restaurants,64,48,25,23,16,2,14
S01010790,H J. Transport and communication,20,19,1,18,1,1,0
S01010790,K L M N. Financial real estate professional and administrative activities,39,30,4,26,9,2,7
S01010790,O P Q. Public administration education and health,72,68,39,29,4,2,2
S01010790,R S T U. Other,10,6,2,4,4,1,3
S01010791,All people aged 16 to 74 in employment,394,299,81,218,95,23,72
S01010791,A B D E. Agriculture energy and water,68,41,4,37,27,4,23
S01010791,C. Manufacturing,28,22,3,19,6,0,6
S01010791,F. Construction,19,13,3,10,6,2,4
S01010791,G I. Distribution hotels and restaurants,75,55,22,33,20,5,15
S01010791,H J. Transport and communication,39,32,4,28,7,1,6
S01010791,K L M N. Financial real estate professional and administrative activities,58,44,7,37,14,8,6
S01010791,O P Q. Public administration education and health,96,87,34,53,9,0,9
S01010791,R S T U. Other,11,5,4,1,6,3,3
S01010792,All people aged 16 to 74 in employment,292,272,80,192,20,8,12
S01010792,A B D E. Agriculture energy and water,26,26,2,24,0,0,0
S01010792,C. Manufacturing,34,33,2,31,1,0,1
S01010792,F. Construction,36,31,3,28,5,0,5
S01010792,G I. Distribution hotels and restaurants,42,39,20,19,3,2,1
S01010792,H J. Transport and communication,29,25,5,20,4,2,2
S01010792,K L M N. Financial real estate professional and administrative activities,34,31,6,25,3,1,2
S01010792,O P Q. Public administration education and health,84,82,40,42,2,1,1
S01010792,R S T U. Other,7,5,2,3,2,2,0
S01010793,All people aged 16 to 74 in employment,337,267,69,198,70,16,54
S01010793,A B D E. Agriculture energy and water,70,38,3,35,32,3,29
S01010793,C. Manufacturing,20,20,3,17,0,0,0
S01010793,F. Construction,26,17,2,15,9,5,4
S01010793,G I. Distribution hotels and restaurants,51,43,17,26,8,3,5
S01010793,H J. Transport and communication,28,17,2,15,11,2,9
S01010793,K L M N. Financial real estate professional and administrative activities,43,39,5,34,4,0,4
S01010793,O P Q. Public administration education and health,93,88,34,54,5,2,3
S01010793,R S T U. Other,6,5,3,2,1,1,0
S01010794,All people aged 16 to 74 in employment,283,237,62,175,46,12,34
S01010794,A B D E. Agriculture energy and water,49,33,2,31,16,3,13
S01010794,C. Manufacturing,18,16,1,15,2,0,2
S01010794,F. Construction,22,15,1,14,7,2,5
S01010794,G I. Distribution hotels and restaurants,55,47,22,25,8,1,7
S01010794,H J. Transport and communication,18,16,5,11,2,1,1
S01010794,K L M N. Financial real estate professional and administrative activities,43,35,6,29,8,4,4
S01010794,O P Q. Public administration education and health,68,67,21,46,1,1,0
S01010794,R S T U. Other,10,8,4,4,2,0,2
S01010795,All people aged 16 to 74 in employment,443,385,117,268,58,16,42
S01010795,A B D E. Agriculture energy and water,54,47,4,43,7,1,6
S01010795,C. Manufacturing,49,47,10,37,2,0,2
S01010795,F. Construction,41,26,3,23,15,1,14
S01010795,G I. Distribution hotels and restaurants,69,60,33,27,9,4,5
S01010795,H J. Transport and communication,25,21,5,16,4,2,2
S01010795,K L M N. Financial real estate professional and administrative activities,56,50,11,39,6,1,5
S01010795,O P Q. Public administration education and health,140,129,49,80,11,5,6
S01010795,R S T U. Other,9,5,2,3,4,2,2
S01010796,All people aged 16 to 74 in employment,444,333,83,250,111,20,91
S01010796,A B D E. Agriculture energy and water,109,52,6,46,57,10,47
S01010796,C. Manufacturing,38,32,6,26,6,1,5
S01010796,F. Construction,31,23,2,21,8,1,7
S01010796,G I. Distribution hotels and restaurants,51,42,13,29,9,1,8
S01010796,H J. Transport and communication,21,20,3,17,1,0,1
S01010796,K L M N. Financial real estate professional and administrative activities,56,48,15,33,8,0,8
S01010796,O P Q. Public administration education and health,123,106,32,74,17,7,10
S01010796,R S T U. Other,15,10,6,4,5,0,5
S01010797,All people aged 16 to 74 in employment,429,363,92,271,66,14,52
S01010797,A B D E. Agriculture energy and water,82,47,7,40,35,2,33
S01010797,C. Manufacturing,29,27,1,26,2,1,1
S01010797,F. Construction,31,27,1,26,4,1,3
S01010797,G I. Distribution hotels and restaurants,58,51,25,26,7,1,6
S01010797,H J. Transport and communication,22,20,1,19,2,1,1
S01010797,K L M N. Financial real estate professional and administrative activities,58,52,7,45,6,3,3
S01010797,O P Q. Public administration education and health,139,133,47,86,6,3,3
S01010797,R S T U. Other,10,6,3,3,4,2,2
S01010798,All people aged 16 to 74 in employment,325,259,72,187,66,13,53
S01010798,A B D E. Agriculture energy and water,64,28,2,26,36,9,27
S01010798,C. Manufacturing,10,8,2,6,2,0,2
S01010798,F. Construction,24,18,1,17,6,0,6
S01010798,G I. Distribution hotels and restaurants,48,39,20,19,9,1,8
S01010798,H J. Transport and communication,14,13,1,12,1,0,1
S01010798,K L M N. Financial real estate professional and administrative activities,58,51,11,40,7,0,7
S01010798,O P Q. Public administration education and health,98,94,32,62,4,2,2
S01010798,R S T U. Other,9,8,3,5,1,1,0
S01010799,All people aged 16 to 74 in employment,421,370,83,287,51,21,30
S01010799,A B D E. Agriculture energy and water,51,46,1,45,5,1,4
S01010799,C. Manufacturing,26,24,3,21,2,0,2
S01010799,F. Construction,23,18,2,16,5,0,5
S01010799,G I. Distribution hotels and restaurants,85,74,33,41,11,3,8
S01010799,H J. Transport and communication,44,38,4,34,6,5,1
S01010799,K L M N. Financial real estate professional and administrative activities,64,53,7,46,11,5,6
S01010799,O P Q. Public administration education and health,116,108,27,81,8,4,4
S01010799,R S T U. Other,12,9,6,3,3,3,0
S01010800,All people aged 16 to 74 in employment,358,331,102,229,27,4,23
S01010800,A B D E. Agriculture energy and water,35,34,1,33,1,0,1
S01010800,C. Manufacturing,34,32,4,28,2,0,2
S01010800,F. Construction,38,31,2,29,7,0,7
S01010800,G I. Distribution hotels and restaurants,87,84,42,42,3,1,2
S01010800,H J. Transport and communication,41,39,8,31,2,0,2
S01010800,K L M N. Financial real estate professional and administrative activities,31,31,7,24,0,0,0
S01010800,O P Q. Public administration education and health,77,66,29,37,11,3,8
S01010800,R S T U. Other,15,14,9,5,1,0,1
S01010801,All people aged 16 to 74 in employment,326,300,96,204,26,8,18
S01010801,A B D E. Agriculture energy and water,25,22,0,22,3,0,3
S01010801,C. Manufacturing,16,15,0,15,1,0,1
S01010801,F. Construction,25,20,0,20,5,0,5
S01010801,G I. Distribution hotels and restaurants,85,76,44,32,9,3,6
S01010801,H J. Transport and communication,25,23,2,21,2,2,0
S01010801,K L M N. Financial real estate professional and administrative activities,45,43,7,36,2,0,2
S01010801,O P Q. Public administration education and health,93,90,36,54,3,3,0
S01010801,R S T U. Other,12,11,7,4,1,0,1
S01010802,All people aged 16 to 74 in employment,293,259,60,199,34,12,22
S01010802,A B D E. Agriculture energy and water,38,36,0,36,2,0,2
S01010802,C. Manufacturing,19,19,2,17,0,0,0
S01010802,F. Construction,27,20,2,18,7,2,5
S01010802,G I. Distribution hotels and restaurants,50,43,16,27,7,2,5
S01010802,H J. Transport and communication,21,21,1,20,0,0,0
S01010802,K L M N. Financial real estate professional and administrative activities,45,39,6,33,6,2,4
S01010802,O P Q. Public administration education and health,76,69,29,40,7,3,4
S01010802,R S T U. Other,17,12,4,8,5,3,2
S01010803,All people aged 16 to 74 in employment,253,225,65,160,28,10,18
S01010803,A B D E. Agriculture energy and water,16,15,0,15,1,0,1
S01010803,C. Manufacturing,13,13,0,13,0,0,0
S01010803,F. Construction,22,17,1,16,5,1,4
S01010803,G I. Distribution hotels and restaurants,71,59,34,25,12,4,8
S01010803,H J. Transport and communication,26,22,2,20,4,1,3
S01010803,K L M N. Financial real estate professional and administrative activities,41,38,4,34,3,2,1
S01010803,O P Q. Public administration education and health,55,52,19,33,3,2,1
S01010803,R S T U. Other,9,9,5,4,0,0,0
S01010804,All people aged 16 to 74 in employment,284,252,72,180,32,5,27
S01010804,A B D E. Agriculture energy and water,29,29,3,26,0,0,0
S01010804,C. Manufacturing,22,19,0,19,3,0,3
S01010804,F. Construction,22,14,0,14,8,1,7
S01010804,G I. Distribution hotels and restaurants,54,45,24,21,9,0,9
S01010804,H J. Transport and communication,16,14,2,12,2,0,2
S01010804,K L M N. Financial real estate professional and administrative activities,49,45,7,38,4,1,3
S01010804,O P Q. Public administration education and health,80,78,32,46,2,0,2
S01010804,R S T U. Other,12,8,4,4,4,3,1
S01010805,All people aged 16 to 74 in employment,417,382,108,274,35,5,30
S01010805,A B D E. Agriculture energy and water,45,42,2,40,3,0,3
S01010805,C. Manufacturing,24,22,1,21,2,0,2
S01010805,F. Construction,23,20,1,19,3,0,3
S01010805,G I. Distribution hotels and restaurants,79,75,49,26,4,1,3
S01010805,H J. Transport and communication,25,22,4,18,3,0,3
S01010805,K L M N. Financial real estate professional and administrative activities,69,65,6,59,4,0,4
S01010805,O P Q. Public administration education and health,129,122,37,85,7,2,5
S01010805,R S T U. Other,23,14,8,6,9,2,7
S01010806,All people aged 16 to 74 in employment,393,358,118,240,35,7,28
S01010806,A B D E. Agriculture energy and water,44,39,2,37,5,1,4
S01010806,C. Manufacturing,16,15,2,13,1,0,1
S01010806,F. Construction,29,23,0,23,6,0,6
S01010806,G I. Distribution hotels and restaurants,95,90,52,38,5,1,4
S01010806,H J. Transport and communication,28,24,6,18,4,1,3
S01010806,K L M N. Financial real estate professional and administrative activities,46,41,8,33,5,2,3
S01010806,O P Q. Public administration education and health,124,116,43,73,8,2,6
S01010806,R S T U. Other,11,10,5,5,1,0,1
S01010807,All people aged 16 to 74 in employment,276,245,67,178,31,14,17
S01010807,A B D E. Agriculture energy and water,43,39,3,36,4,0,4
S01010807,C. Manufacturing,22,20,1,19,2,0,2
S01010807,F. Construction,26,23,1,22,3,1,2
S01010807,G I. Distribution hotels and restaurants,53,42,27,15,11,6,5
S01010807,H J. Transport and communication,24,23,4,19,1,1,0
S01010807,K L M N. Financial real estate professional and administrative activities,28,26,1,25,2,1,1
S01010807,O P Q. Public administration education and health,66,63,24,39,3,2,1
S01010807,R S T U. Other,14,9,6,3,5,3,2
S01010808,All people aged 16 to 74 in employment,260,241,56,185,19,8,11
S01010808,A B D E. Agriculture energy and water,29,25,0,25,4,1,3
S01010808,C. Manufacturing,16,14,0,14,2,0,2
S01010808,F. Construction,15,15,0,15,0,0,0
S01010808,G I. Distribution hotels and restaurants,44,41,15,26,3,1,2
S01010808,H J. Transport and communication,27,25,2,23,2,1,1
S01010808,K L M N. Financial real estate professional and administrative activities,49,45,7,38,4,2,2
S01010808,O P Q. Public administration education and health,74,71,29,42,3,2,1
S01010808,R S T U. Other,6,5,3,2,1,1,0
S01010809,All people aged 16 to 74 in employment,410,375,87,288,35,8,27
S01010809,A B D E. Agriculture energy and water,64,56,8,48,8,0,8
S01010809,C. Manufacturing,30,26,2,24,4,0,4
S01010809,F. Construction,27,24,1,23,3,0,3
S01010809,G I. Distribution hotels and restaurants,73,61,28,33,12,5,7
S01010809,H J. Transport and communication,33,31,4,27,2,1,1
S01010809,K L M N. Financial real estate professional and administrative activities,58,57,12,45,1,1,0
S01010809,O P Q. Public administration education and health,118,114,27,87,4,1,3
S01010809,R S T U. Other,7,6,5,1,1,0,1
S01010810,All people aged 16 to 74 in employment,198,155,25,130,43,10,33
S01010810,A B D E. Agriculture energy and water,35,24,1,23,11,1,10
S01010810,C. Manufacturing,6,5,0,5,1,1,0
S01010810,F. Construction,29,25,1,24,4,0,4
S01010810,G I. Distribution hotels and restaurants,35,21,6,15,14,1,13
S01010810,H J. Transport and communication,11,8,1,7,3,1,2
S01010810,K L M N. Financial real estate professional and administrative activities,25,19,1,18,6,3,3
S01010810,O P Q. Public administration education and health,50,49,13,36,1,1,0
S01010810,R S T U. Other,7,4,2,2,3,2,1
S01010811,All people aged 16 to 74 in employment,432,323,105,218,109,35,74
S01010811,A B D E. Agriculture energy and water,56,32,3,29,24,4,20
S01010811,C. Manufacturing,14,12,1,11,2,1,1
S01010811,F. Construction,57,32,1,31,25,7,18
S01010811,G I. Distribution hotels and restaurants,69,45,20,25,24,4,20
S01010811,H J. Transport and communication,28,23,9,14,5,4,1
S01010811,K L M N. Financial real estate professional and administrative activities,46,36,12,24,10,4,6
S01010811,O P Q. Public administration education and health,137,124,55,69,13,6,7
S01010811,R S T U. Other,25,19,4,15,6,5,1
S01010812,All people aged 16 to 74 in employment,236,164,49,115,72,16,56
S01010812,A B D E. Agriculture energy and water,38,20,3,17,18,3,15
S01010812,C. Manufacturing,5,2,0,2,3,0,3
S01010812,F. Construction,33,16,1,15,17,1,16
S01010812,G I. Distribution hotels and restaurants,40,25,9,16,15,4,11
S01010812,H J. Transport and communication,20,15,3,12,5,3,2
S01010812,K L M N. Financial real estate professional and administrative activities,23,16,6,10,7,2,5
S01010812,O P Q. Public administration education and health,65,62,26,36,3,2,1
S01010812,R S T U. Other,12,8,1,7,4,1,3
S01010813,All people aged 16 to 74 in employment,271,188,55,133,83,23,60
S01010813,A B D E. Agriculture energy and water,36,23,0,23,13,3,10
S01010813,C. Manufacturing,22,17,7,10,5,3,2
S01010813,F. Construction,26,17,0,17,9,1,8
S01010813,G I. Distribution hotels and restaurants,81,50,18,32,31,5,26
S01010813,H J. Transport and communication,16,12,2,10,4,0,4
S01010813,K L M N. Financial real estate professional and administrative activities,22,12,0,12,10,5,5
S01010813,O P Q. Public administration education and health,57,50,25,25,7,5,2
S01010813,R S T U. Other,11,7,3,4,4,1,3
S01010814,All people aged 16 to 74 in employment,319,199,53,146,120,31,89
S01010814,A B D E. Agriculture energy and water,67,40,4,36,27,5,22
S01010814,C. Manufacturing,13,10,2,8,3,2,1
S01010814,F. Construction,31,15,1,14,16,1,15
S01010814,G I. Distribution hotels and restaurants,68,28,13,15,40,7,33
S01010814,H J. Transport and communication,24,19,5,14,5,3,2
S01010814,K L M N. Financial real estate professional and administrative activities,24,13,1,12,11,5,6
S01010814,O P Q. Public administration education and health,77,63,23,40,14,7,7
S01010814,R S T U. Other,15,11,4,7,4,1,3
S01010815,All people aged 16 to 74 in employment,240,201,68,133,39,7,32
S01010815,A B D E. Agriculture energy and water,50,37,0,37,13,0,13
S01010815,C. Manufacturing,4,4,1,3,0,0,0
S01010815,F. Construction,15,9,0,9,6,1,5
S01010815,G I. Distribution hotels and restaurants,45,35,20,15,10,1,9
S01010815,H J. Transport and communication,13,12,3,9,1,0,1
S01010815,K L M N. Financial real estate professional and administrative activities,18,15,5,10,3,1,2
S01010815,O P Q. Public administration education and health,81,80,39,41,1,1,0
S01010815,R S T U. Other,14,9,0,9,5,3,2
S01010816,All people aged 16 to 74 in employment,248,187,65,122,61,17,44
S01010816,A B D E. Agriculture energy and water,6,4,1,3,2,1,1
S01010816,C. Manufacturing,15,15,3,12,0,0,0
S01010816,F. Construction,14,10,1,9,4,1,3
S01010816,G I. Distribution hotels and restaurants,31,21,10,11,10,2,8
S01010816,H J. Transport and communication,34,24,8,16,10,2,8
S01010816,K L M N. Financial real estate professional and administrative activities,62,42,11,31,20,2,18
S01010816,O P Q. Public administration education and health,74,65,28,37,9,4,5
S01010816,R S T U. Other,12,6,3,3,6,5,1
S01010817,All people aged 16 to 74 in employment,408,308,79,229,100,23,77
S01010817,A B D E. Agriculture energy and water,6,5,0,5,1,0,1
S01010817,C. Manufacturing,33,26,2,24,7,0,7
S01010817,F. Construction,19,8,0,8,11,4,7
S01010817,G I. Distribution hotels and restaurants,48,36,13,23,12,2,10
S01010817,H J. Transport and communication,36,29,2,27,7,1,6
S01010817,K L M N. Financial real estate professional and administrative activities,104,71,18,53,33,9,24
S01010817,O P Q. Public administration education and health,146,124,41,83,22,6,16
S01010817,R S T U. Other,16,9,3,6,7,1,6
S01010818,All people aged 16 to 74 in employment,459,364,90,274,95,30,65
S01010818,A B D E. Agriculture energy and water,8,6,0,6,2,0,2
S01010818,C. Manufacturing,34,29,0,29,5,1,4
S01010818,F. Construction,27,17,0,17,10,2,8
S01010818,G I. Distribution hotels and restaurants,63,54,25,29,9,2,7
S01010818,H J. Transport and communication,44,35,5,30,9,1,8
S01010818,K L M N. Financial real estate professional and administrative activities,111,72,15,57,39,13,26
S01010818,O P Q. Public administration education and health,149,140,41,99,9,5,4
S01010818,R S T U. Other,23,11,4,7,12,6,6
S01010819,All people aged 16 to 74 in employment,358,299,82,217,59,17,42
S01010819,A B D E. Agriculture energy and water,7,7,2,5,0,0,0
S01010819,C. Manufacturing,35,34,3,31,1,0,1
S01010819,F. Construction,22,12,0,12,10,1,9
S01010819,G I. Distribution hotels and restaurants,63,53,26,27,10,2,8
S01010819,H J. Transport and communication,31,25,7,18,6,1,5
S01010819,K L M N. Financial real estate professional and administrative activities,52,43,10,33,9,3,6
S01010819,O P Q. Public administration education and health,128,109,29,80,19,8,11
S01010819,R S T U. Other,20,16,5,11,4,2,2
S01010820,All people aged 16 to 74 in employment,260,197,49,148,63,19,44
S01010820,A B D E. Agriculture energy and water,21,4,1,3,17,3,14
S01010820,C. Manufacturing,20,18,1,17,2,1,1
S01010820,F. Construction,14,9,2,7,5,1,4
S01010820,G I. Distribution hotels and restaurants,35,30,11,19,5,2,3
S01010820,H J. Transport and communication,24,17,1,16,7,2,5
S01010820,K L M N. Financial real estate professional and administrative activities,47,34,5,29,13,3,10
S01010820,O P Q. Public administration education and health,88,78,25,53,10,5,5
S01010820,R S T U. Other,11,7,3,4,4,2,2
S01010821,All people aged 16 to 74 in employment,256,204,52,152,52,22,30
S01010821,A B D E. Agriculture energy and water,7,4,1,3,3,0,3
S01010821,C. Manufacturing,20,16,2,14,4,1,3
S01010821,F. Construction,17,11,0,11,6,1,5
S01010821,G I. Distribution hotels and restaurants,37,29,12,17,8,1,7
S01010821,H J. Transport and communication,22,20,3,17,2,2,0
S01010821,K L M N. Financial real estate professional and administrative activities,54,36,5,31,18,10,8
S01010821,O P Q. Public administration education and health,89,80,29,51,9,5,4
S01010821,R S T U. Other,10,8,0,8,2,2,0
S01010822,All people aged 16 to 74 in employment,350,261,62,199,89,15,74
S01010822,A B D E. Agriculture energy and water,22,14,1,13,8,0,8
S01010822,C. Manufacturing,26,23,1,22,3,0,3
S01010822,F. Construction,17,10,3,7,7,0,7
S01010822,G I. Distribution hotels and restaurants,46,37,12,25,9,0,9
S01010822,H J. Transport and communication,34,27,7,20,7,1,6
S01010822,K L M N. Financial real estate professional and administrative activities,74,51,11,40,23,7,16
S01010822,O P Q. Public administration education and health,109,91,26,65,18,4,14
S01010822,R S T U. Other,22,8,1,7,14,3,11
S01010823,All people aged 16 to 74 in employment,236,207,72,135,29,10,19
S01010823,A B D E. Agriculture energy and water,14,8,2,6,6,2,4
S01010823,C. Manufacturing,26,23,0,23,3,1,2
S01010823,F. Construction,8,6,0,6,2,1,1
S01010823,G I. Distribution hotels and restaurants,48,44,23,21,4,1,3
S01010823,H J. Transport and communication,14,11,3,8,3,0,3
S01010823,K L M N. Financial real estate professional and administrative activities,36,31,16,15,5,1,4
S01010823,O P Q. Public administration education and health,78,74,24,50,4,3,1
S01010823,R S T U. Other,12,10,4,6,2,1,1
S01010824,All people aged 16 to 74 in employment,403,358,81,277,45,13,32
S01010824,A B D E. Agriculture energy and water,7,6,0,6,1,0,1
S01010824,C. Manufacturing,37,35,1,34,2,1,1
S01010824,F. Construction,22,9,0,9,13,2,11
S01010824,G I. Distribution hotels and restaurants,47,44,17,27,3,0,3
S01010824,H J. Transport and communication,50,47,2,45,3,0,3
S01010824,K L M N. Financial real estate professional and administrative activities,76,69,17,52,7,2,5
S01010824,O P Q. Public administration education and health,148,139,39,100,9,4,5
S01010824,R S T U. Other,16,9,5,4,7,4,3
S01010825,All people aged 16 to 74 in employment,191,171,37,134,20,2,18
S01010825,A B D E. Agriculture energy and water,13,7,1,6,6,0,6
S01010825,C. Manufacturing,11,9,1,8,2,0,2
S01010825,F. Construction,7,5,1,4,2,0,2
S01010825,G I. Distribution hotels and restaurants,26,26,6,20,0,0,0
S01010825,H J. Transport and communication,27,24,0,24,3,1,2
S01010825,K L M N. Financial real estate professional and administrative activities,36,31,9,22,5,0,5
S01010825,O P Q. Public administration education and health,69,67,18,49,2,1,1
S01010825,R S T U. Other,2,2,1,1,0,0,0
S01010826,All people aged 16 to 74 in employment,350,293,81,212,57,18,39
S01010826,A B D E. Agriculture energy and water,6,6,0,6,0,0,0
S01010826,C. Manufacturing,25,22,1,21,3,2,1
S01010826,F. Construction,20,12,2,10,8,2,6
S01010826,G I. Distribution hotels and restaurants,76,61,30,31,15,2,13
S01010826,H J. Transport and communication,43,37,3,34,6,3,3
S01010826,K L M N. Financial real estate professional and administrative activities,58,45,10,35,13,4,9
S01010826,O P Q. Public administration education and health,105,98,31,67,7,3,4
S01010826,R S T U. Other,17,12,4,8,5,2,3
S01010827,All people aged 16 to 74 in employment,343,318,97,221,25,5,20
S01010827,A B D E. Agriculture energy and water,8,7,0,7,1,0,1
S01010827,C. Manufacturing,22,22,1,21,0,0,0
S01010827,F. Construction,17,12,1,11,5,1,4
S01010827,G I. Distribution hotels and restaurants,57,52,28,24,5,0,5
S01010827,H J. Transport and communication,51,48,9,39,3,1,2
S01010827,K L M N. Financial real estate professional and administrative activities,53,47,13,34,6,2,4
S01010827,O P Q. Public administration education and health,111,110,34,76,1,0,1
S01010827,R S T U. Other,24,20,11,9,4,1,3
S01010828,All people aged 16 to 74 in employment,699,621,179,442,78,15,63
S01010828,A B D E. Agriculture energy and water,16,15,1,14,1,0,1
S01010828,C. Manufacturing,53,49,1,48,4,1,3
S01010828,F. Construction,29,21,0,21,8,2,6
S01010828,G I. Distribution hotels and restaurants,122,108,55,53,14,3,11
S01010828,H J. Transport and communication,84,73,4,69,11,2,9
S01010828,K L M N. Financial real estate professional and administrative activities,103,90,21,69,13,1,12
S01010828,O P Q. Public administration education and health,259,246,89,157,13,1,12
S01010828,R S T U. Other,33,19,8,11,14,5,9
S01010829,All people aged 16 to 74 in employment,455,387,98,289,68,17,51
S01010829,A B D E. Agriculture energy and water,10,9,0,9,1,0,1
S01010829,C. Manufacturing,43,40,4,36,3,1,2
S01010829,F. Construction,27,12,0,12,15,3,12
S01010829,G I. Distribution hotels and restaurants,80,66,35,31,14,2,12
S01010829,H J. Transport and communication,53,45,8,37,8,2,6
S01010829,K L M N. Financial real estate professional and administrative activities,73,60,9,51,13,2,11
S01010829,O P Q. Public administration education and health,158,148,41,107,10,5,5
S01010829,R S T U. Other,11,7,1,6,4,2,2
S01010830,All people aged 16 to 74 in employment,296,264,85,179,32,7,25
S01010830,A B D E. Agriculture energy and water,4,3,0,3,1,0,1
S01010830,C. Manufacturing,23,17,1,16,6,0,6
S01010830,F. Construction,18,16,2,14,2,1,1
S01010830,G I. Distribution hotels and restaurants,61,56,32,24,5,1,4
S01010830,H J. Transport and communication,26,19,0,19,7,2,5
S01010830,K L M N. Financial real estate professional and administrative activities,45,41,7,34,4,0,4
S01010830,O P Q. Public administration education and health,97,96,36,60,1,1,0
S01010830,R S T U. Other,22,16,7,9,6,2,4
S01010831,All people aged 16 to 74 in employment,353,319,80,239,34,7,27
S01010831,A B D E. Agriculture energy and water,5,2,0,2,3,0,3
S01010831,C. Manufacturing,41,39,1,38,2,0,2
S01010831,F. Construction,22,13,1,12,9,0,9
S01010831,G I. Distribution hotels and restaurants,68,60,37,23,8,3,5
S01010831,H J. Transport and communication,31,28,4,24,3,0,3
S01010831,K L M N. Financial real estate professional and administrative activities,52,51,8,43,1,0,1
S01010831,O P Q. Public administration education and health,123,118,26,92,5,2,3
S01010831,R S T U. Other,11,8,3,5,3,2,1
S01010832,All people aged 16 to 74 in employment,428,401,112,289,27,5,22
S01010832,A B D E. Agriculture energy and water,17,12,1,11,5,0,5
S01010832,C. Manufacturing,33,31,0,31,2,0,2
S01010832,F. Construction,26,20,1,19,6,0,6
S01010832,G I. Distribution hotels and restaurants,65,61,29,32,4,0,4
S01010832,H J. Transport and communication,42,39,7,32,3,2,1
S01010832,K L M N. Financial real estate professional and administrative activities,59,56,18,38,3,1,2
S01010832,O P Q. Public administration education and health,159,156,46,110,3,2,1
S01010832,R S T U. Other,27,26,10,16,1,0,1
S01010833,All people aged 16 to 74 in employment,505,438,119,319,67,14,53
S01010833,A B D E. Agriculture energy and water,7,7,0,7,0,0,0
S01010833,C. Manufacturing,51,47,0,47,4,0,4
S01010833,F. Construction,22,14,0,14,8,2,6
S01010833,G I. Distribution hotels and restaurants,81,68,37,31,13,1,12
S01010833,H J. Transport and communication,68,64,2,62,4,0,4
S01010833,K L M N. Financial real estate professional and administrative activities,102,83,24,59,19,5,14
S01010833,O P Q. Public administration education and health,152,142,47,95,10,3,7
S01010833,R S T U. Other,22,13,9,4,9,3,6
S01010834,All people aged 16 to 74 in employment,441,395,109,286,46,8,38
S01010834,A B D E. Agriculture energy and water,9,9,0,9,0,0,0
S01010834,C. Manufacturing,40,37,0,37,3,0,3
S01010834,F. Construction,26,19,1,18,7,0,7
S01010834,G I. Distribution hotels and restaurants,64,53,32,21,11,2,9
S01010834,H J. Transport and communication,34,31,3,28,3,0,3
S01010834,K L M N. Financial real estate professional and administrative activities,76,64,12,52,12,4,8
S01010834,O P Q. Public administration education and health,180,173,58,115,7,1,6
S01010834,R S T U. Other,12,9,3,6,3,1,2
S01010835,All people aged 16 to 74 in employment,314,276,84,192,38,11,27
S01010835,A B D E. Agriculture energy and water,11,10,1,9,1,0,1
S01010835,C. Manufacturing,38,38,6,32,0,0,0
S01010835,F. Construction,19,14,2,12,5,1,4
S01010835,G I. Distribution hotels and restaurants,47,38,24,14,9,2,7
S01010835,H J. Transport and communication,39,37,7,30,2,1,1
S01010835,K L M N. Financial real estate professional and administrative activities,50,37,7,30,13,5,8
S01010835,O P Q. Public administration education and health,99,94,32,62,5,1,4
S01010835,R S T U. Other,11,8,5,3,3,1,2
S01010836,All people aged 16 to 74 in employment,391,339,78,261,52,10,42
S01010836,A B D E. Agriculture energy and water,8,6,1,5,2,0,2
S01010836,C. Manufacturing,27,25,0,25,2,0,2
S01010836,F. Construction,23,12,0,12,11,1,10
S01010836,G I. Distribution hotels and restaurants,55,48,26,22,7,0,7
S01010836,H J. Transport and communication,37,30,0,30,7,4,3
S01010836,K L M N. Financial real estate professional and administrative activities,69,58,15,43,11,2,9
S01010836,O P Q. Public administration education and health,156,148,34,114,8,3,5
S01010836,R S T U. Other,16,12,2,10,4,0,4
S01010837,All people aged 16 to 74 in employment,288,261,77,184,27,13,14
S01010837,A B D E. Agriculture energy and water,5,5,0,5,0,0,0
S01010837,C. Manufacturing,39,35,3,32,4,3,1
S01010837,F. Construction,16,10,2,8,6,2,4
S01010837,G I. Distribution hotels and restaurants,44,40,21,19,4,2,2
S01010837,H J. Transport and communication,25,20,2,18,5,3,2
S01010837,K L M N. Financial real estate professional and administrative activities,40,38,10,28,2,0,2
S01010837,O P Q. Public administration education and health,107,103,32,71,4,2,2
S01010837,R S T U. Other,12,10,7,3,2,1,1
S01010838,All people aged 16 to 74 in employment,417,392,114,278,25,6,19
S01010838,A B D E. Agriculture energy and water,13,13,1,12,0,0,0
S01010838,C. Manufacturing,45,44,1,43,1,0,1
S01010838,F. Construction,19,15,1,14,4,0,4
S01010838,G I. Distribution hotels and restaurants,85,81,34,47,4,0,4
S01010838,H J. Transport and communication,44,38,5,33,6,3,3
S01010838,K L M N. Financial real estate professional and administrative activities,48,45,11,34,3,0,3
S01010838,O P Q. Public administration education and health,145,142,54,88,3,1,2
S01010838,R S T U. Other,18,14,7,7,4,2,2
S01010839,All people aged 16 to 74 in employment,312,286,83,203,26,6,20
S01010839,A B D E. Agriculture energy and water,4,4,0,4,0,0,0
S01010839,C. Manufacturing,24,21,1,20,3,1,2
S01010839,F. Construction,20,14,1,13,6,0,6
S01010839,G I. Distribution hotels and restaurants,63,58,28,30,5,0,5
S01010839,H J. Transport and communication,35,32,4,28,3,1,2
S01010839,K L M N. Financial real estate professional and administrative activities,43,40,15,25,3,1,2
S01010839,O P Q. Public administration education and health,107,102,29,73,5,3,2
S01010839,R S T U. Other,16,15,5,10,1,0,1
S01010840,All people aged 16 to 74 in employment,229,209,37,172,20,5,15
S01010840,A B D E. Agriculture energy and water,2,2,0,2,0,0,0
S01010840,C. Manufacturing,15,15,1,14,0,0,0
S01010840,F. Construction,24,21,0,21,3,1,2
S01010840,G I. Distribution hotels and restaurants,41,37,15,22,4,0,4
S01010840,H J. Transport and communication,23,18,2,16,5,0,5
S01010840,K L M N. Financial real estate professional and administrative activities,38,36,3,33,2,1,1
S01010840,O P Q. Public administration education and health,80,75,15,60,5,3,2
S01010840,R S T U. Other,6,5,1,4,1,0,1
S01010841,All people aged 16 to 74 in employment,380,348,84,264,32,11,21
S01010841,A B D E. Agriculture energy and water,5,5,0,5,0,0,0
S01010841,C. Manufacturing,35,34,1,33,1,0,1
S01010841,F. Construction,18,12,2,10,6,1,5
S01010841,G I. Distribution hotels and restaurants,56,52,25,27,4,0,4
S01010841,H J. Transport and communication,38,34,4,30,4,1,3
S01010841,K L M N. Financial real estate professional and administrative activities,64,59,11,48,5,2,3
S01010841,O P Q. Public administration education and health,142,138,37,101,4,3,1
S01010841,R S T U. Other,22,14,4,10,8,4,4
S01010842,All people aged 16 to 74 in employment,321,295,63,232,26,9,17
S01010842,A B D E. Agriculture energy and water,7,6,0,6,1,0,1
S01010842,C. Manufacturing,31,28,1,27,3,1,2
S01010842,F. Construction,15,10,0,10,5,1,4
S01010842,G I. Distribution hotels and restaurants,59,54,19,35,5,1,4
S01010842,H J. Transport and communication,39,36,0,36,3,0,3
S01010842,K L M N. Financial real estate professional and administrative activities,58,55,16,39,3,2,1
S01010842,O P Q. Public administration education and health,97,93,22,71,4,3,1
S01010842,R S T U. Other,15,13,5,8,2,1,1
S01010843,All people aged 16 to 74 in employment,273,251,53,198,22,9,13
S01010843,A B D E. Agriculture energy and water,2,2,0,2,0,0,0
S01010843,C. Manufacturing,27,25,0,25,2,1,1
S01010843,F. Construction,18,12,3,9,6,0,6
S01010843,G I. Distribution hotels and restaurants,54,47,14,33,7,3,4
S01010843,H J. Transport and communication,36,34,4,30,2,2,0
S01010843,K L M N. Financial real estate professional and administrative activities,35,33,3,30,2,1,1
S01010843,O P Q. Public administration education and health,92,91,27,64,1,1,0
S01010843,R S T U. Other,9,7,2,5,2,1,1
S01010844,All people aged 16 to 74 in employment,332,312,90,222,20,3,17
S01010844,A B D E. Agriculture energy and water,11,11,1,10,0,0,0
S01010844,C. Manufacturing,25,24,2,22,1,0,1
S01010844,F. Construction,22,17,1,16,5,0,5
S01010844,G I. Distribution hotels and restaurants,36,31,19,12,5,0,5
S01010844,H J. Transport and communication,32,31,6,25,1,0,1
S01010844,K L M N. Financial real estate professional and administrative activities,64,60,11,49,4,2,2
S01010844,O P Q. Public administration education and health,135,133,47,86,2,0,2
S01010844,R S T U. Other,7,5,3,2,2,1,1
S01010845,All people aged 16 to 74 in employment,290,268,88,180,22,4,18
S01010845,A B D E. Agriculture energy and water,3,3,1,2,0,0,0
S01010845,C. Manufacturing,26,23,2,21,3,0,3
S01010845,F. Construction,12,10,1,9,2,1,1
S01010845,G I. Distribution hotels and restaurants,56,50,25,25,6,0,6
S01010845,H J. Transport and communication,33,31,8,23,2,0,2
S01010845,K L M N. Financial real estate professional and administrative activities,47,42,11,31,5,1,4
S01010845,O P Q. Public administration education and health,104,100,35,65,4,2,2
S01010845,R S T U. Other,9,9,5,4,0,0,0
S01010846,All people aged 16 to 74 in employment,380,358,127,231,22,7,15
S01010846,A B D E. Agriculture energy and water,5,5,0,5,0,0,0
S01010846,C. Manufacturing,51,49,3,46,2,0,2
S01010846,F. Construction,21,12,0,12,9,3,6
S01010846,G I. Distribution hotels and restaurants,87,82,37,45,5,2,3
S01010846,H J. Transport and communication,41,39,6,33,2,0,2
S01010846,K L M N. Financial real estate professional and administrative activities,46,46,20,26,0,0,0
S01010846,O P Q. Public administration education and health,108,107,52,55,1,1,0
S01010846,R S T U. Other,21,18,9,9,3,1,2
S01010847,All people aged 16 to 74 in employment,369,350,83,267,19,4,15
S01010847,A B D E. Agriculture energy and water,14,13,0,13,1,0,1
S01010847,C. Manufacturing,32,31,1,30,1,0,1
S01010847,F. Construction,16,12,1,11,4,0,4
S01010847,G I. Distribution hotels and restaurants,54,51,24,27,3,1,2
S01010847,H J. Transport and communication,32,31,2,29,1,1,0
S01010847,K L M N. Financial real estate professional and administrative activities,51,46,8,38,5,1,4
S01010847,O P Q. Public administration education and health,160,158,44,114,2,1,1
S01010847,R S T U. Other,10,8,3,5,2,0,2
S01010848,All people aged 16 to 74 in employment,270,253,80,173,17,3,14
S01010848,A B D E. Agriculture energy and water,6,5,0,5,1,0,1
S01010848,C. Manufacturing,26,26,1,25,0,0,0
S01010848,F. Construction,19,13,1,12,6,0,6
S01010848,G I. Distribution hotels and restaurants,61,60,35,25,1,0,1
S01010848,H J. Transport and communication,36,30,3,27,6,1,5
S01010848,K L M N. Financial real estate professional and administrative activities,37,36,8,28,1,1,0
S01010848,O P Q. Public administration education and health,76,74,28,46,2,1,1
S01010848,R S T U. Other,9,9,4,5,0,0,0
S01010849,All people aged 16 to 74 in employment,366,336,118,218,30,4,26
S01010849,A B D E. Agriculture energy and water,6,5,0,5,1,0,1
S01010849,C. Manufacturing,36,36,2,34,0,0,0
S01010849,F. Construction,19,9,2,7,10,1,9
S01010849,G I. Distribution hotels and restaurants,78,76,37,39,2,0,2
S01010849,H J. Transport and communication,41,31,6,25,10,2,8
S01010849,K L M N. Financial real estate professional and administrative activities,46,46,14,32,0,0,0
S01010849,O P Q. Public administration education and health,122,120,49,71,2,0,2
S01010849,R S T U. Other,18,13,8,5,5,1,4
S01010850,All people aged 16 to 74 in employment,296,282,103,179,14,8,6
S01010850,A B D E. Agriculture energy and water,2,2,0,2,0,0,0
S01010850,C. Manufacturing,28,28,2,26,0,0,0
S01010850,F. Construction,14,11,1,10,3,1,2
S01010850,G I. Distribution hotels and restaurants,75,74,35,39,1,0,1
S01010850,H J. Transport and communication,34,26,5,21,8,6,2
S01010850,K L M N. Financial real estate professional and administrative activities,39,38,14,24,1,1,0
S01010850,O P Q. Public administration education and health,85,84,38,46,1,0,1
S01010850,R S T U. Other,19,19,8,11,0,0,0
S01010851,All people aged 16 to 74 in employment,332,322,113,209,10,5,5
S01010851,A B D E. Agriculture energy and water,5,5,0,5,0,0,0
S01010851,C. Manufacturing,35,35,1,34,0,0,0
S01010851,F. Construction,11,8,1,7,3,2,1
S01010851,G I. Distribution hotels and restaurants,74,72,33,39,2,0,2
S01010851,H J. Transport and communication,30,27,7,20,3,2,1
S01010851,K L M N. Financial real estate professional and administrative activities,51,51,19,32,0,0,0
S01010851,O P Q. Public administration education and health,114,113,47,66,1,1,0
S01010851,R S T U. Other,12,11,5,6,1,0,1
S01010852,All people aged 16 to 74 in employment,334,306,96,210,28,7,21
S01010852,A B D E. Agriculture energy and water,7,7,1,6,0,0,0
S01010852,C. Manufacturing,34,32,1,31,2,2,0
S01010852,F. Construction,27,18,0,18,9,2,7
S01010852,G I. Distribution hotels and restaurants,69,67,31,36,2,0,2
S01010852,H J. Transport and communication,35,28,5,23,7,2,5
S01010852,K L M N. Financial real estate professional and administrative activities,45,39,10,29,6,0,6
S01010852,O P Q. Public administration education and health,108,106,43,63,2,1,1
S01010852,R S T U. Other,9,9,5,4,0,0,0
S01010853,All people aged 16 to 74 in employment,420,390,135,255,30,11,19
S01010853,A B D E. Agriculture energy and water,7,7,0,7,0,0,0
S01010853,C. Manufacturing,44,42,4,38,2,0,2
S01010853,F. Construction,29,24,3,21,5,2,3
S01010853,G I. Distribution hotels and restaurants,89,84,50,34,5,0,5
S01010853,H J. Transport and communication,42,32,3,29,10,6,4
S01010853,K L M N. Financial real estate professional and administrative activities,47,47,8,39,0,0,0
S01010853,O P Q. Public administration education and health,129,125,56,69,4,2,2
S01010853,R S T U. Other,33,29,11,18,4,1,3
S01010854,All people aged 16 to 74 in employment,379,357,136,221,22,8,14
S01010854,A B D E. Agriculture energy and water,6,6,2,4,0,0,0
S01010854,C. Manufacturing,29,29,0,29,0,0,0
S01010854,F. Construction,26,17,2,15,9,4,5
S01010854,G I. Distribution hotels and restaurants,100,97,48,49,3,2,1
S01010854,H J. Transport and communication,36,33,5,28,3,1,2
S01010854,K L M N. Financial real estate professional and administrative activities,43,42,13,29,1,0,1
S01010854,O P Q. Public administration education and health,113,112,56,56,1,0,1
S01010854,R S T U. Other,26,21,10,11,5,1,4
S01010855,All people aged 16 to 74 in employment,242,226,80,146,16,6,10
S01010855,A B D E. Agriculture energy and water,2,2,0,2,0,0,0
S01010855,C. Manufacturing,27,26,2,24,1,0,1
S01010855,F. Construction,13,9,0,9,4,0,4
S01010855,G I. Distribution hotels and restaurants,57,54,28,26,3,1,2
S01010855,H J. Transport and communication,24,21,4,17,3,1,2
S01010855,K L M N. Financial real estate professional and administrative activities,22,22,3,19,0,0,0
S01010855,O P Q. Public administration education and health,81,80,39,41,1,1,0
S01010855,R S T U. Other,16,12,4,8,4,3,1
S01010856,All people aged 16 to 74 in employment,333,308,93,215,25,7,18
S01010856,A B D E. Agriculture energy and water,4,3,0,3,1,0,1
S01010856,C. Manufacturing,25,25,3,22,0,0,0
S01010856,F. Construction,22,14,0,14,8,0,8
S01010856,G I. Distribution hotels and restaurants,66,65,23,42,1,1,0
S01010856,H J. Transport and communication,43,34,4,30,9,4,5
S01010856,K L M N. Financial real estate professional and administrative activities,41,39,12,27,2,0,2
S01010856,O P Q. Public administration education and health,111,110,43,67,1,1,0
S01010856,R S T U. Other,21,18,8,10,3,1,2
S01010857,All people aged 16 to 74 in employment,425,404,117,287,21,3,18
S01010857,A B D E. Agriculture energy and water,8,8,0,8,0,0,0
S01010857,C. Manufacturing,43,41,2,39,2,0,2
S01010857,F. Construction,18,11,2,9,7,1,6
S01010857,G I. Distribution hotels and restaurants,82,80,41,39,2,0,2
S01010857,H J. Transport and communication,30,27,2,25,3,0,3
S01010857,K L M N. Financial real estate professional and administrative activities,54,51,16,35,3,1,2
S01010857,O P Q. Public administration education and health,173,170,51,119,3,0,3
S01010857,R S T U. Other,17,16,3,13,1,1,0
S01010858,All people aged 16 to 74 in employment,303,286,85,201,17,8,9
S01010858,A B D E. Agriculture energy and water,3,3,0,3,0,0,0
S01010858,C. Manufacturing,36,35,3,32,1,1,0
S01010858,F. Construction,12,9,0,9,3,1,2
S01010858,G I. Distribution hotels and restaurants,65,64,30,34,1,0,1
S01010858,H J. Transport and communication,32,26,2,24,6,3,3
S01010858,K L M N. Financial real estate professional and administrative activities,37,34,7,27,3,1,2
S01010858,O P Q. Public administration education and health,95,93,37,56,2,1,1
S01010858,R S T U. Other,23,22,6,16,1,1,0
S01010859,All people aged 16 to 74 in employment,287,270,96,174,17,8,9
S01010859,A B D E. Agriculture energy and water,4,4,0,4,0,0,0
S01010859,C. Manufacturing,29,29,1,28,0,0,0
S01010859,F. Construction,20,17,1,16,3,1,2
S01010859,G I. Distribution hotels and restaurants,67,63,32,31,4,2,2
S01010859,H J. Transport and communication,31,25,9,16,6,2,4
S01010859,K L M N. Financial real estate professional and administrative activities,39,37,10,27,2,2,0
S01010859,O P Q. Public administration education and health,88,86,42,44,2,1,1
S01010859,R S T U. Other,9,9,1,8,0,0,0
S01010860,All people aged 16 to 74 in employment,279,269,90,179,10,5,5
S01010860,A B D E. Agriculture energy and water,5,5,1,4,0,0,0
S01010860,C. Manufacturing,29,28,1,27,1,0,1
S01010860,F. Construction,12,10,1,9,2,1,1
S01010860,G I. Distribution hotels and restaurants,58,55,27,28,3,1,2
S01010860,H J. Transport and communication,27,24,5,19,3,2,1
S01010860,K L M N. Financial real estate professional and administrative activities,45,45,8,37,0,0,0
S01010860,O P Q. Public administration education and health,88,87,41,46,1,1,0
S01010860,R S T U. Other,15,15,6,9,0,0,0
S01010861,All people aged 16 to 74 in employment,244,232,77,155,12,5,7
S01010861,A B D E. Agriculture energy and water,3,3,0,3,0,0,0
S01010861,C. Manufacturing,22,22,2,20,0,0,0
S01010861,F. Construction,8,7,1,6,1,1,0
S01010861,G I. Distribution hotels and restaurants,63,59,26,33,4,1,3
S01010861,H J. Transport and communication,18,16,2,14,2,1,1
S01010861,K L M N. Financial real estate professional and administrative activities,23,22,8,14,1,1,0
S01010861,O P Q. Public administration education and health,92,90,34,56,2,1,1
S01010861,R S T U. Other,15,13,4,9,2,0,2
S01010862,All people aged 16 to 74 in employment,176,172,67,105,4,1,3
S01010862,A B D E. Agriculture energy and water,0,0,0,0,0,0,0
S01010862,C. Manufacturing,19,19,3,16,0,0,0
S01010862,F. Construction,9,8,0,8,1,0,1
S01010862,G I. Distribution hotels and restaurants,43,43,26,17,0,0,0
S01010862,H J. Transport and communication,8,7,1,6,1,0,1
S01010862,K L M N. Financial real estate professional and administrative activities,26,26,6,20,0,0,0
S01010862,O P Q. Public administration education and health,58,57,23,34,1,0,1
S01010862,R S T U. Other,13,12,8,4,1,1,0
S01010863,All people aged 16 to 74 in employment,345,314,94,220,31,6,25
S01010863,A B D E. Agriculture energy and water,7,7,0,7,0,0,0
S01010863,C. Manufacturing,34,34,4,30,0,0,0
S01010863,F. Construction,11,5,0,5,6,2,4
S01010863,G I. Distribution hotels and restaurants,62,51,34,17,11,2,9
S01010863,H J. Transport and communication,37,35,3,32,2,0,2
S01010863,K L M N. Financial real estate professional and administrative activities,59,50,10,40,9,1,8
S01010863,O P Q. Public administration education and health,120,118,34,84,2,1,1
S01010863,R S T U. Other,15,14,9,5,1,0,1
S01010864,All people aged 16 to 74 in employment,290,266,80,186,24,9,15
S01010864,A B D E. Agriculture energy and water,4,4,1,3,0,0,0
S01010864,C. Manufacturing,26,25,0,25,1,0,1
S01010864,F. Construction,13,10,0,10,3,2,1
S01010864,G I. Distribution hotels and restaurants,41,33,15,18,8,2,6
S01010864,H J. Transport and communication,28,27,1,26,1,0,1
S01010864,K L M N. Financial real estate professional and administrative activities,42,36,11,25,6,2,4
S01010864,O P Q. Public administration education and health,119,117,45,72,2,2,0
S01010864,R S T U. Other,17,14,7,7,3,1,2
S01010865,All people aged 16 to 74 in employment,301,264,69,195,37,12,25
S01010865,A B D E. Agriculture energy and water,5,5,0,5,0,0,0
S01010865,C. Manufacturing,28,27,3,24,1,0,1
S01010865,F. Construction,15,9,0,9,6,1,5
S01010865,G I. Distribution hotels and restaurants,46,39,18,21,7,3,4
S01010865,H J. Transport and communication,23,21,2,19,2,0,2
S01010865,K L M N. Financial real estate professional and administrative activities,44,36,3,33,8,2,6
S01010865,O P Q. Public administration education and health,122,114,35,79,8,3,5
S01010865,R S T U. Other,18,13,8,5,5,3,2
S01010866,All people aged 16 to 74 in employment,267,232,60,172,35,9,26
S01010866,A B D E. Agriculture energy and water,4,4,0,4,0,0,0
S01010866,C. Manufacturing,17,17,0,17,0,0,0
S01010866,F. Construction,13,9,1,8,4,1,3
S01010866,G I. Distribution hotels and restaurants,41,36,17,19,5,0,5
S01010866,H J. Transport and communication,28,22,3,19,6,2,4
S01010866,K L M N. Financial real estate professional and administrative activities,51,40,6,34,11,4,7
S01010866,O P Q. Public administration education and health,103,95,29,66,8,2,6
S01010866,R S T U. Other,10,9,4,5,1,0,1
S01010867,All people aged 16 to 74 in employment,297,248,64,184,49,12,37
S01010867,A B D E. Agriculture energy and water,7,6,0,6,1,0,1
S01010867,C. Manufacturing,23,21,2,19,2,1,1
S01010867,F. Construction,10,7,0,7,3,0,3
S01010867,G I. Distribution hotels and restaurants,62,45,21,24,17,5,12
S01010867,H J. Transport and communication,35,31,5,26,4,1,3
S01010867,K L M N. Financial real estate professional and administrative activities,59,45,8,37,14,2,12
S01010867,O P Q. Public administration education and health,85,84,25,59,1,1,0
S01010867,R S T U. Other,16,9,3,6,7,2,5
S01010868,All people aged 16 to 74 in employment,337,308,93,215,29,5,24
S01010868,A B D E. Agriculture energy and water,4,4,0,4,0,0,0
S01010868,C. Manufacturing,34,30,1,29,4,1,3
S01010868,F. Construction,7,5,0,5,2,0,2
S01010868,G I. Distribution hotels and restaurants,65,61,32,29,4,1,3
S01010868,H J. Transport and communication,29,26,4,22,3,1,2
S01010868,K L M N. Financial real estate professional and administrative activities,59,50,16,34,9,2,7
S01010868,O P Q. Public administration education and health,124,119,36,83,5,0,5
S01010868,R S T U. Other,15,13,4,9,2,0,2
S01010869,All people aged 16 to 74 in employment,374,331,114,217,43,6,37
S01010869,A B D E. Agriculture energy and water,7,6,1,5,1,0,1
S01010869,C. Manufacturing,34,28,2,26,6,0,6
S01010869,F. Construction,19,13,0,13,6,1,5
S01010869,G I. Distribution hotels and restaurants,58,46,25,21,12,1,11
S01010869,H J. Transport and communication,30,29,4,25,1,0,1
S01010869,K L M N. Financial real estate professional and administrative activities,54,47,16,31,7,1,6
S01010869,O P Q. Public administration education and health,155,148,61,87,7,1,6
S01010869,R S T U. Other,17,14,5,9,3,2,1
S01010870,All people aged 16 to 74 in employment,381,340,81,259,41,18,23
S01010870,A B D E. Agriculture energy and water,3,3,0,3,0,0,0
S01010870,C. Manufacturing,27,27,2,25,0,0,0
S01010870,F. Construction,14,6,2,4,8,0,8
S01010870,G I. Distribution hotels and restaurants,75,70,33,37,5,1,4
S01010870,H J. Transport and communication,41,35,2,33,6,3,3
S01010870,K L M N. Financial real estate professional and administrative activities,61,51,6,45,10,3,7
S01010870,O P Q. Public administration education and health,146,137,31,106,9,8,1
S01010870,R S T U. Other,14,11,5,6,3,3,0
S01010871,All people aged 16 to 74 in employment,424,376,98,278,48,12,36
S01010871,A B D E. Agriculture energy and water,7,7,0,7,0,0,0
S01010871,C. Manufacturing,35,30,1,29,5,2,3
S01010871,F. Construction,23,14,1,13,9,1,8
S01010871,G I. Distribution hotels and restaurants,77,59,34,25,18,5,13
S01010871,H J. Transport and communication,39,35,0,35,4,0,4
S01010871,K L M N. Financial real estate professional and administrative activities,71,68,14,54,3,0,3
S01010871,O P Q. Public administration education and health,154,149,41,108,5,3,2
S01010871,R S T U. Other,18,14,7,7,4,1,3
S01010872,All people aged 16 to 74 in employment,353,324,80,244,29,9,20
S01010872,A B D E. Agriculture energy and water,2,2,0,2,0,0,0
S01010872,C. Manufacturing,38,35,3,32,3,0,3
S01010872,F. Construction,16,13,2,11,3,1,2
S01010872,G I. Distribution hotels and restaurants,70,61,26,35,9,3,6
S01010872,H J. Transport and communication,43,37,4,33,6,1,5
S01010872,K L M N. Financial real estate professional and administrative activities,57,55,14,41,2,2,0
S01010872,O P Q. Public administration education and health,110,108,28,80,2,0,2
S01010872,R S T U. Other,17,13,3,10,4,2,2
S01010873,All people aged 16 to 74 in employment,175,166,49,117,9,2,7
S01010873,A B D E. Agriculture energy and water,4,4,0,4,0,0,0
S01010873,C. Manufacturing,15,15,0,15,0,0,0
S01010873,F. Construction,6,4,0,4,2,0,2
S01010873,G I. Distribution hotels and restaurants,37,37,17,20,0,0,0
S01010873,H J. Transport and communication,26,25,5,20,1,0,1
S01010873,K L M N. Financial real estate professional and administrative activities,19,16,5,11,3,1,2
S01010873,O P Q. Public administration education and health,58,57,19,38,1,1,0
S01010873,R S T U. Other,10,8,3,5,2,0,2
S01010874,All people aged 16 to 74 in employment,403,362,103,259,41,8,33
S01010874,A B D E. Agriculture energy and water,5,5,0,5,0,0,0
S01010874,C. Manufacturing,42,39,3,36,3,0,3
S01010874,F. Construction,14,9,0,9,5,0,5
S01010874,G I. Distribution hotels and restaurants,65,59,30,29,6,1,5
S01010874,H J. Transport and communication,47,41,4,37,6,3,3
S01010874,K L M N. Financial real estate professional and administrative activities,53,46,8,38,7,1,6
S01010874,O P Q. Public administration education and health,159,151,56,95,8,3,5
S01010874,R S T U. Other,18,12,2,10,6,0,6
S01010875,All people aged 16 to 74 in employment,273,248,75,173,25,7,18
S01010875,A B D E. Agriculture energy and water,3,2,0,2,1,0,1
S01010875,C. Manufacturing,27,25,0,25,2,0,2
S01010875,F. Construction,10,6,0,6,4,0,4
S01010875,G I. Distribution hotels and restaurants,57,53,30,23,4,0,4
S01010875,H J. Transport and communication,32,26,6,20,6,3,3
S01010875,K L M N. Financial real estate professional and administrative activities,43,38,9,29,5,1,4
S01010875,O P Q. Public administration education and health,90,88,23,65,2,2,0
S01010875,R S T U. Other,11,10,7,3,1,1,0
S01010876,All people aged 16 to 74 in employment,328,317,99,218,11,2,9
S01010876,A B D E. Agriculture energy and water,6,6,1,5,0,0,0
S01010876,C. Manufacturing,23,21,2,19,2,0,2
S01010876,F. Construction,12,10,0,10,2,0,2
S01010876,G I. Distribution hotels and restaurants,80,80,42,38,0,0,0
S01010876,H J. Transport and communication,35,34,8,26,1,0,1
S01010876,K L M N. Financial real estate professional and administrative activities,53,51,11,40,2,1,1
S01010876,O P Q. Public administration education and health,103,100,29,71,3,1,2
S01010876,R S T U. Other,16,15,6,9,1,0,1
S01010877,All people aged 16 to 74 in employment,425,394,112,282,31,8,23
S01010877,A B D E. Agriculture energy and water,5,5,0,5,0,0,0
S01010877,C. Manufacturing,46,41,3,38,5,1,4
S01010877,F. Construction,21,16,1,15,5,1,4
S01010877,G I. Distribution hotels and restaurants,65,61,24,37,4,1,3
S01010877,H J. Transport and communication,57,53,9,44,4,2,2
S01010877,K L M N. Financial real estate professional and administrative activities,64,59,17,42,5,1,4
S01010877,O P Q. Public administration education and health,149,144,48,96,5,1,4
S01010877,R S T U. Other,18,15,10,5,3,1,2
S01010878,All people aged 16 to 74 in employment,424,394,116,278,30,9,21
S01010878,A B D E. Agriculture energy and water,4,4,0,4,0,0,0
S01010878,C. Manufacturing,47,46,3,43,1,0,1
S01010878,F. Construction,28,20,5,15,8,1,7
S01010878,G I. Distribution hotels and restaurants,77,73,31,42,4,0,4
S01010878,H J. Transport and communication,54,48,9,39,6,3,3
S01010878,K L M N. Financial real estate professional and administrative activities,67,65,14,51,2,0,2
S01010878,O P Q. Public administration education and health,131,127,48,79,4,2,2
S01010878,R S T U. Other,16,11,6,5,5,3,2
S01010879,All people aged 16 to 74 in employment,447,407,139,268,40,9,31
S01010879,A B D E. Agriculture energy and water,6,6,0,6,0,0,0
S01010879,C. Manufacturing,52,51,3,48,1,0,1
S01010879,F. Construction,22,7,1,6,15,5,10
S01010879,G I. Distribution hotels and restaurants,79,73,35,38,6,0,6
S01010879,H J. Transport and communication,38,30,6,24,8,0,8
S01010879,K L M N. Financial real estate professional and administrative activities,69,66,20,46,3,1,2
S01010879,O P Q. Public administration education and health,161,155,67,88,6,2,4
S01010879,R S T U. Other,20,19,7,12,1,1,0
S01010880,All people aged 16 to 74 in employment,218,208,73,135,10,5,5
S01010880,A B D E. Agriculture energy and water,5,5,0,5,0,0,0
S01010880,C. Manufacturing,31,30,2,28,1,0,1
S01010880,F. Construction,4,2,1,1,2,0,2
S01010880,G I. Distribution hotels and restaurants,47,46,25,21,1,0,1
S01010880,H J. Transport and communication,18,18,2,16,0,0,0
S01010880,K L M N. Financial real estate professional and administrative activities,28,26,7,19,2,1,1
S01010880,O P Q. Public administration education and health,72,71,31,40,1,1,0
S01010880,R S T U. Other,13,10,5,5,3,3,0
S01010881,All people aged 16 to 74 in employment,267,251,78,173,16,2,14
S01010881,A B D E. Agriculture energy and water,5,5,0,5,0,0,0
S01010881,C. Manufacturing,12,12,0,12,0,0,0
S01010881,F. Construction,17,14,0,14,3,0,3
S01010881,G I. Distribution hotels and restaurants,46,42,23,19,4,2,2
S01010881,H J. Transport and communication,29,28,7,21,1,0,1
S01010881,K L M N. Financial real estate professional and administrative activities,37,36,9,27,1,0,1
S01010881,O P Q. Public administration education and health,109,104,35,69,5,0,5
S01010881,R S T U. Other,12,10,4,6,2,0,2
S01010882,All people aged 16 to 74 in employment,298,286,95,191,12,4,8
S01010882,A B D E. Agriculture energy and water,8,8,0,8,0,0,0
S01010882,C. Manufacturing,44,42,8,34,2,0,2
S01010882,F. Construction,13,11,1,10,2,0,2
S01010882,G I. Distribution hotels and restaurants,52,51,30,21,1,1,0
S01010882,H J. Transport and communication,22,21,4,17,1,1,0
S01010882,K L M N. Financial real estate professional and administrative activities,33,31,9,22,2,1,1
S01010882,O P Q. Public administration education and health,115,113,37,76,2,1,1
S01010882,R S T U. Other,11,9,6,3,2,0,2
S01010883,All people aged 16 to 74 in employment,464,442,133,309,22,3,19
S01010883,A B D E. Agriculture energy and water,5,3,0,3,2,0,2
S01010883,C. Manufacturing,59,59,1,58,0,0,0
S01010883,F. Construction,27,20,2,18,7,0,7
S01010883,G I. Distribution hotels and restaurants,98,94,56,38,4,0,4
S01010883,H J. Transport and communication,36,33,0,33,3,1,2
S01010883,K L M N. Financial real estate professional and administrative activities,57,55,9,46,2,1,1
S01010883,O P Q. Public administration education and health,168,165,61,104,3,1,2
S01010883,R S T U. Other,14,13,4,9,1,0,1
S01010884,All people aged 16 to 74 in employment,236,221,69,152,15,6,9
S01010884,A B D E. Agriculture energy and water,1,1,0,1,0,0,0
S01010884,C. Manufacturing,42,42,6,36,0,0,0
S01010884,F. Construction,11,6,1,5,5,3,2
S01010884,G I. Distribution hotels and restaurants,51,47,19,28,4,0,4
S01010884,H J. Transport and communication,25,21,4,17,4,2,2
S01010884,K L M N. Financial real estate professional and administrative activities,21,20,6,14,1,1,0
S01010884,O P Q. Public administration education and health,70,69,24,45,1,0,1
S01010884,R S T U. Other,15,15,9,6,0,0,0
S01010885,All people aged 16 to 74 in employment,333,317,110,207,16,5,11
S01010885,A B D E. Agriculture energy and water,6,4,1,3,2,0,2
S01010885,C. Manufacturing,35,35,2,33,0,0,0
S01010885,F. Construction,13,10,0,10,3,1,2
S01010885,G I. Distribution hotels and restaurants,72,72,41,31,0,0,0
S01010885,H J. Transport and communication,35,29,6,23,6,3,3
S01010885,K L M N. Financial real estate professional and administrative activities,44,42,12,30,2,1,1
S01010885,O P Q. Public administration education and health,102,101,34,67,1,0,1
S01010885,R S T U. Other,26,24,14,10,2,0,2
S01010886,All people aged 16 to 74 in employment,209,190,53,137,19,7,12
S01010886,A B D E. Agriculture energy and water,4,4,0,4,0,0,0
S01010886,C. Manufacturing,22,22,0,22,0,0,0
S01010886,F. Construction,17,12,3,9,5,1,4
S01010886,G I. Distribution hotels and restaurants,46,43,22,21,3,1,2
S01010886,H J. Transport and communication,18,13,2,11,5,3,2
S01010886,K L M N. Financial real estate professional and administrative activities,30,27,7,20,3,1,2
S01010886,O P Q. Public administration education and health,66,65,19,46,1,0,1
S01010886,R S T U. Other,6,4,0,4,2,1,1
S01010887,All people aged 16 to 74 in employment,249,229,81,148,20,8,12
S01010887,A B D E. Agriculture energy and water,0,0,0,0,0,0,0
S01010887,C. Manufacturing,25,24,1,23,1,0,1
S01010887,F. Construction,10,8,0,8,2,0,2
S01010887,G I. Distribution hotels and restaurants,71,70,43,27,1,0,1
S01010887,H J. Transport and communication,21,12,1,11,9,5,4
S01010887,K L M N. Financial real estate professional and administrative activities,30,27,3,24,3,1,2
S01010887,O P Q. Public administration education and health,78,77,30,47,1,1,0
S01010887,R S T U. Other,14,11,3,8,3,1,2
S01010888,All people aged 16 to 74 in employment,342,322,89,233,20,6,14
S01010888,A B D E. Agriculture energy and water,7,7,1,6,0,0,0
S01010888,C. Manufacturing,36,33,1,32,3,0,3
S01010888,F. Construction,18,12,1,11,6,2,4
S01010888,G I. Distribution hotels and restaurants,67,65,30,35,2,0,2
S01010888,H J. Transport and communication,30,26,1,25,4,2,2
S01010888,K L M N. Financial real estate professional and administrative activities,44,44,10,34,0,0,0
S01010888,O P Q. Public administration education and health,126,123,42,81,3,1,2
S01010888,R S T U. Other,14,12,3,9,2,1,1
S01010889,All people aged 16 to 74 in employment,214,200,53,147,14,3,11
S01010889,A B D E. Agriculture energy and water,5,5,1,4,0,0,0
S01010889,C. Manufacturing,26,24,2,22,2,0,2
S01010889,F. Construction,15,12,1,11,3,0,3
S01010889,G I. Distribution hotels and restaurants,33,33,16,17,0,0,0
S01010889,H J. Transport and communication,31,26,9,17,5,3,2
S01010889,K L M N. Financial real estate professional and administrative activities,32,31,3,28,1,0,1
S01010889,O P Q. Public administration education and health,60,58,17,41,2,0,2
S01010889,R S T U. Other,12,11,4,7,1,0,1
S01010890,All people aged 16 to 74 in employment,227,213,63,150,14,1,13
S01010890,A B D E. Agriculture energy and water,2,2,0,2,0,0,0
S01010890,C. Manufacturing,20,20,0,20,0,0,0
S01010890,F. Construction,5,4,1,3,1,0,1
S01010890,G I. Distribution hotels and restaurants,62,57,24,33,5,0,5
S01010890,H J. Transport and communication,34,30,6,24,4,1,3
S01010890,K L M N. Financial real estate professional and administrative activities,34,32,5,27,2,0,2
S01010890,O P Q. Public administration education and health,60,60,23,37,0,0,0
S01010890,R S T U. Other,10,8,4,4,2,0,2
S01010891,All people aged 16 to 74 in employment,107,98,31,67,9,4,5
S01010891,A B D E. Agriculture energy and water,0,0,0,0,0,0,0
S01010891,C. Manufacturing,13,12,0,12,1,1,0
S01010891,F. Construction,5,4,0,4,1,1,0
S01010891,G I. Distribution hotels and restaurants,28,27,20,7,1,0,1
S01010891,H J. Transport and communication,22,19,3,16,3,2,1
S01010891,K L M N. Financial real estate professional and administrative activities,16,16,1,15,0,0,0
S01010891,O P Q. Public administration education and health,17,17,6,11,0,0,0
S01010891,R S T U. Other,6,3,1,2,3,0,3
S01010892,All people aged 16 to 74 in employment,311,295,93,202,16,3,13
S01010892,A B D E. Agriculture energy and water,2,1,0,1,1,0,1
S01010892,C. Manufacturing,36,35,3,32,1,0,1
S01010892,F. Construction,20,16,1,15,4,0,4
S01010892,G I. Distribution hotels and restaurants,66,63,31,32,3,0,3
S01010892,H J. Transport and communication,31,29,9,20,2,0,2
S01010892,K L M N. Financial real estate professional and administrative activities,44,42,4,38,2,2,0
S01010892,O P Q. Public administration education and health,96,95,38,57,1,1,0
S01010892,R S T U. Other,16,14,7,7,2,0,2
S01010893,All people aged 16 to 74 in employment,169,160,52,108,9,2,7
S01010893,A B D E. Agriculture energy and water,4,4,0,4,0,0,0
S01010893,C. Manufacturing,10,10,0,10,0,0,0
S01010893,F. Construction,8,8,0,8,0,0,0
S01010893,G I. Distribution hotels and restaurants,40,39,20,19,1,0,1
S01010893,H J. Transport and communication,26,23,6,17,3,1,2
S01010893,K L M N. Financial real estate professional and administrative activities,20,18,5,13,2,0,2
S01010893,O P Q. Public administration education and health,56,54,20,34,2,0,2
S01010893,R S T U. Other,5,4,1,3,1,1,0
S01010894,All people aged 16 to 74 in employment,289,274,69,205,15,0,15
S01010894,A B D E. Agriculture energy and water,8,8,1,7,0,0,0
S01010894,C. Manufacturing,23,21,2,19,2,0,2
S01010894,F. Construction,11,9,0,9,2,0,2
S01010894,G I. Distribution hotels and restaurants,64,62,26,36,2,0,2
S01010894,H J. Transport and communication,28,27,6,21,1,0,1
S01010894,K L M N. Financial real estate professional and administrative activities,58,52,9,43,6,0,6
S01010894,O P Q. Public administration education and health,86,86,21,65,0,0,0
S01010894,R S T U. Other,11,9,4,5,2,0,2
S01010895,All people aged 16 to 74 in employment,134,124,37,87,10,2,8
S01010895,A B D E. Agriculture energy and water,2,2,0,2,0,0,0
S01010895,C. Manufacturing,12,10,2,8,2,1,1
S01010895,F. Construction,4,2,0,2,2,0,2
S01010895,G I. Distribution hotels and restaurants,31,29,12,17,2,0,2
S01010895,H J. Transport and communication,14,12,0,12,2,1,1
S01010895,K L M N. Financial real estate professional and administrative activities,20,20,4,16,0,0,0
S01010895,O P Q. Public administration education and health,44,43,16,27,1,0,1
S01010895,R S T U. Other,7,6,3,3,1,0,1
S01010896,All people aged 16 to 74 in employment,240,224,74,150,16,8,8
S01010896,A B D E. Agriculture energy and water,4,4,0,4,0,0,0
S01010896,C. Manufacturing,29,26,3,23,3,1,2
S01010896,F. Construction,10,8,0,8,2,1,1
S01010896,G I. Distribution hotels and restaurants,55,55,24,31,0,0,0
S01010896,H J. Transport and communication,25,20,4,16,5,2,3
S01010896,K L M N. Financial real estate professional and administrative activities,38,32,8,24,6,4,2
S01010896,O P Q. Public administration education and health,63,63,31,32,0,0,0
S01010896,R S T U. Other,16,16,4,12,0,0,0
S01010897,All people aged 16 to 74 in employment,307,292,103,189,15,5,10
S01010897,A B D E. Agriculture energy and water,9,8,4,4,1,0,1
S01010897,C. Manufacturing,33,33,1,32,0,0,0
S01010897,F. Construction,17,17,2,15,0,0,0
S01010897,G I. Distribution hotels and restaurants,70,69,40,29,1,0,1
S01010897,H J. Transport and communication,34,29,3,26,5,1,4
S01010897,K L M N. Financial real estate professional and administrative activities,51,46,12,34,5,2,3
S01010897,O P Q. Public administration education and health,75,74,34,40,1,1,0
S01010897,R S T U. Other,18,16,7,9,2,1,1
S01010898,All people aged 16 to 74 in employment,244,221,75,146,23,10,13
S01010898,A B D E. Agriculture energy and water,7,6,2,4,1,0,1
S01010898,C. Manufacturing,23,23,2,21,0,0,0
S01010898,F. Construction,12,9,0,9,3,1,2
S01010898,G I. Distribution hotels and restaurants,47,41,18,23,6,2,4
S01010898,H J. Transport and communication,37,29,5,24,8,5,3
S01010898,K L M N. Financial real estate professional and administrative activities,33,30,11,19,3,0,3
S01010898,O P Q. Public administration education and health,72,70,32,38,2,2,0
S01010898,R S T U. Other,13,13,5,8,0,0,0
S01010899,All people aged 16 to 74 in employment,309,292,86,206,17,3,14
S01010899,A B D E. Agriculture energy and water,6,6,1,5,0,0,0
S01010899,C. Manufacturing,41,41,4,37,0,0,0
S01010899,F. Construction,17,14,0,14,3,1,2
S01010899,G I. Distribution hotels and restaurants,61,57,26,31,4,0,4
S01010899,H J. Transport and communication,26,25,3,22,1,1,0
S01010899,K L M N. Financial real estate professional and administrative activities,41,35,6,29,6,0,6
S01010899,O P Q. Public administration education and health,105,102,40,62,3,1,2
S01010899,R S T U. Other,12,12,6,6,0,0,0
S01010900,All people aged 16 to 74 in employment,260,248,90,158,12,2,10
S01010900,A B D E. Agriculture energy and water,4,4,1,3,0,0,0
S01010900,C. Manufacturing,18,18,1,17,0,0,0
S01010900,F. Construction,22,16,0,16,6,1,5
S01010900,G I. Distribution hotels and restaurants,75,75,37,38,0,0,0
S01010900,H J. Transport and communication,24,22,1,21,2,1,1
S01010900,K L M N. Financial real estate professional and administrative activities,34,31,12,19,3,0,3
S01010900,O P Q. Public administration education and health,74,74,35,39,0,0,0
S01010900,R S T U. Other,9,8,3,5,1,0,1
S01010901,All people aged 16 to 74 in employment,150,142,54,88,8,4,4
S01010901,A B D E. Agriculture energy and water,1,1,0,1,0,0,0
S01010901,C. Manufacturing,16,16,0,16,0,0,0
S01010901,F. Construction,8,8,1,7,0,0,0
S01010901,G I. Distribution hotels and restaurants,40,37,21,16,3,1,2
S01010901,H J. Transport and communication,6,6,1,5,0,0,0
S01010901,K L M N. Financial real estate professional and administrative activities,23,22,10,12,1,1,0
S01010901,O P Q. Public administration education and health,47,46,17,29,1,1,0
S01010901,R S T U. Other,9,6,4,2,3,1,2
S01010902,All people aged 16 to 74 in employment,409,387,119,268,22,7,15
S01010902,A B D E. Agriculture energy and water,11,9,0,9,2,1,1
S01010902,C. Manufacturing,50,49,3,46,1,0,1
S01010902,F. Construction,19,16,1,15,3,0,3
S01010902,G I. Distribution hotels and restaurants,78,75,40,35,3,0,3
S01010902,H J. Transport and communication,54,45,11,34,9,3,6
S01010902,K L M N. Financial real estate professional and administrative activities,50,47,14,33,3,2,1
S01010902,O P Q. Public administration education and health,134,133,46,87,1,1,0
S01010902,R S T U. Other,13,13,4,9,0,0,0
S01010903,All people aged 16 to 74 in employment,265,250,84,166,15,2,13
S01010903,A B D E. Agriculture energy and water,5,5,1,4,0,0,0
S01010903,C. Manufacturing,27,26,1,25,1,0,1
S01010903,F. Construction,11,10,1,9,1,0,1
S01010903,G I. Distribution hotels and restaurants,59,57,29,28,2,0,2
S01010903,H J. Transport and communication,30,23,7,16,7,2,5
S01010903,K L M N. Financial real estate professional and administrative activities,36,34,7,27,2,0,2
S01010903,O P Q. Public administration education and health,86,86,36,50,0,0,0
S01010903,R S T U. Other,11,9,2,7,2,0,2
S01010904,All people aged 16 to 74 in employment,207,195,65,130,12,2,10
S01010904,A B D E. Agriculture energy and water,6,5,0,5,1,0,1
S01010904,C. Manufacturing,26,25,0,25,1,0,1
S01010904,F. Construction,8,5,2,3,3,0,3
S01010904,G I. Distribution hotels and restaurants,40,38,19,19,2,0,2
S01010904,H J. Transport and communication,29,27,6,21,2,1,1
S01010904,K L M N. Financial real estate professional and administrative activities,34,32,9,23,2,1,1
S01010904,O P Q. Public administration education and health,57,56,24,32,1,0,1
S01010904,R S T U. Other,7,7,5,2,0,0,0
S01010905,All people aged 16 to 74 in employment,299,282,78,204,17,9,8
S01010905,A B D E. Agriculture energy and water,7,7,1,6,0,0,0
S01010905,C. Manufacturing,23,22,0,22,1,0,1
S01010905,F. Construction,22,19,1,18,3,0,3
S01010905,G I. Distribution hotels and restaurants,55,53,27,26,2,1,1
S01010905,H J. Transport and communication,32,29,6,23,3,2,1
S01010905,K L M N. Financial real estate professional and administrative activities,45,43,5,38,2,2,0
S01010905,O P Q. Public administration education and health,97,96,32,64,1,1,0
S01010905,R S T U. Other,18,13,6,7,5,3,2
S01010906,All people aged 16 to 74 in employment,443,419,129,290,24,9,15
S01010906,A B D E. Agriculture energy and water,11,10,1,9,1,0,1
S01010906,C. Manufacturing,56,54,4,50,2,0,2
S01010906,F. Construction,29,26,1,25,3,0,3
S01010906,G I. Distribution hotels and restaurants,84,80,42,38,4,2,2
S01010906,H J. Transport and communication,40,38,4,34,2,2,0
S01010906,K L M N. Financial real estate professional and administrative activities,73,66,20,46,7,4,3
S01010906,O P Q. Public administration education and health,123,121,49,72,2,1,1
S01010906,R S T U. Other,27,24,8,16,3,0,3
S01010907,All people aged 16 to 74 in employment,317,299,70,229,18,5,13
S01010907,A B D E. Agriculture energy and water,6,6,0,6,0,0,0
S01010907,C. Manufacturing,30,30,1,29,0,0,0
S01010907,F. Construction,19,17,1,16,2,0,2
S01010907,G I. Distribution hotels and restaurants,40,35,17,18,5,0,5
S01010907,H J. Transport and communication,38,36,7,29,2,0,2
S01010907,K L M N. Financial real estate professional and administrative activities,53,49,10,39,4,2,2
S01010907,O P Q. Public administration education and health,122,118,31,87,4,3,1
S01010907,R S T U. Other,9,8,3,5,1,0,1
S01010908,All people aged 16 to 74 in employment,277,259,74,185,18,4,14
S01010908,A B D E. Agriculture energy and water,7,5,1,4,2,0,2
S01010908,C. Manufacturing,35,32,4,28,3,0,3
S01010908,F. Construction,8,7,0,7,1,1,0
S01010908,G I. Distribution hotels and restaurants,68,63,30,33,5,2,3
S01010908,H J. Transport and communication,28,26,2,24,2,1,1
S01010908,K L M N. Financial real estate professional and administrative activities,36,35,7,28,1,0,1
S01010908,O P Q. Public administration education and health,87,85,27,58,2,0,2
S01010908,R S T U. Other,8,6,3,3,2,0,2
S01010909,All people aged 16 to 74 in employment,349,324,90,234,25,10,15
S01010909,A B D E. Agriculture energy and water,10,8,0,8,2,0,2
S01010909,C. Manufacturing,39,39,2,37,0,0,0
S01010909,F. Construction,16,13,1,12,3,0,3
S01010909,G I. Distribution hotels and restaurants,75,71,34,37,4,2,2
S01010909,H J. Transport and communication,34,25,3,22,9,2,7
S01010909,K L M N. Financial real estate professional and administrative activities,47,46,7,39,1,1,0
S01010909,O P Q. Public administration education and health,124,118,40,78,6,5,1
S01010909,R S T U. Other,4,4,3,1,0,0,0
S01010910,All people aged 16 to 74 in employment,179,170,55,115,9,3,6
S01010910,A B D E. Agriculture energy and water,3,3,0,3,0,0,0
S01010910,C. Manufacturing,21,21,3,18,0,0,0
S01010910,F. Construction,7,6,0,6,1,0,1
S01010910,G I. Distribution hotels and restaurants,36,35,17,18,1,1,0
S01010910,H J. Transport and communication,35,30,5,25,5,2,3
S01010910,K L M N. Financial real estate professional and administrative activities,22,22,7,15,0,0,0
S01010910,O P Q. Public administration education and health,46,46,21,25,0,0,0
S01010910,R S T U. Other,9,7,2,5,2,0,2
S01010911,All people aged 16 to 74 in employment,173,165,39,126,8,2,6
S01010911,A B D E. Agriculture energy and water,3,2,0,2,1,0,1
S01010911,C. Manufacturing,21,21,1,20,0,0,0
S01010911,F. Construction,9,8,2,6,1,0,1
S01010911,G I. Distribution hotels and restaurants,26,26,9,17,0,0,0
S01010911,H J. Transport and communication,16,14,1,13,2,1,1
S01010911,K L M N. Financial real estate professional and administrative activities,29,28,5,23,1,1,0
S01010911,O P Q. Public administration education and health,58,57,17,40,1,0,1
S01010911,R S T U. Other,11,9,4,5,2,0,2
S01010912,All people aged 16 to 74 in employment,196,179,55,124,17,4,13
S01010912,A B D E. Agriculture energy and water,4,4,0,4,0,0,0
S01010912,C. Manufacturing,23,23,3,20,0,0,0
S01010912,F. Construction,14,9,0,9,5,1,4
S01010912,G I. Distribution hotels and restaurants,50,44,23,21,6,2,4
S01010912,H J. Transport and communication,15,11,3,8,4,1,3
S01010912,K L M N. Financial real estate professional and administrative activities,30,29,7,22,1,0,1
S01010912,O P Q. Public administration education and health,53,53,19,34,0,0,0
S01010912,R S T U. Other,7,6,0,6,1,0,1
S01010913,All people aged 16 to 74 in employment,328,295,85,210,33,7,26
S01010913,A B D E. Agriculture energy and water,5,5,0,5,0,0,0
S01010913,C. Manufacturing,40,36,3,33,4,1,3
S01010913,F. Construction,26,21,2,19,5,0,5
S01010913,G I. Distribution hotels and restaurants,66,57,30,27,9,1,8
S01010913,H J. Transport and communication,43,37,7,30,6,1,5
S01010913,K L M N. Financial real estate professional and administrative activities,34,32,11,21,2,0,2
S01010913,O P Q. Public administration education and health,100,95,28,67,5,4,1
S01010913,R S T U. Other,14,12,4,8,2,0,2
S01010914,All people aged 16 to 74 in employment,376,350,95,255,26,10,16
S01010914,A B D E. Agriculture energy and water,5,5,1,4,0,0,0
S01010914,C. Manufacturing,58,56,3,53,2,0,2
S01010914,F. Construction,19,13,3,10,6,2,4
S01010914,G I. Distribution hotels and restaurants,62,58,24,34,4,1,3
S01010914,H J. Transport and communication,47,41,10,31,6,3,3
S01010914,K L M N. Financial real estate professional and administrative activities,50,47,14,33,3,2,1
S01010914,O P Q. Public administration education and health,115,112,33,79,3,2,1
S01010914,R S T U. Other,20,18,7,11,2,0,2
S01010915,All people aged 16 to 74 in employment,389,366,106,260,23,6,17
S01010915,A B D E. Agriculture energy and water,3,3,0,3,0,0,0
S01010915,C. Manufacturing,71,70,2,68,1,0,1
S01010915,F. Construction,31,22,0,22,9,1,8
S01010915,G I. Distribution hotels and restaurants,67,64,33,31,3,1,2
S01010915,H J. Transport and communication,39,36,5,31,3,1,2
S01010915,K L M N. Financial real estate professional and administrative activities,51,48,15,33,3,2,1
S01010915,O P Q. Public administration education and health,112,108,45,63,4,1,3
S01010915,R S T U. Other,15,15,6,9,0,0,0
S01010916,All people aged 16 to 74 in employment,178,166,44,122,12,2,10
S01010916,A B D E. Agriculture energy and water,5,4,0,4,1,0,1
S01010916,C. Manufacturing,20,19,2,17,1,0,1
S01010916,F. Construction,13,8,1,7,5,1,4
S01010916,G I. Distribution hotels and restaurants,41,41,11,30,0,0,0
S01010916,H J. Transport and communication,21,17,3,14,4,1,3
S01010916,K L M N. Financial real estate professional and administrative activities,26,25,9,16,1,0,1
S01010916,O P Q. Public administration education and health,46,46,16,30,0,0,0
S01010916,R S T U. Other,6,6,2,4,0,0,0
S01010917,All people aged 16 to 74 in employment,309,292,66,226,17,3,14
S01010917,A B D E. Agriculture energy and water,10,10,1,9,0,0,0
S01010917,C. Manufacturing,43,42,2,40,1,0,1
S01010917,F. Construction,14,9,0,9,5,0,5
S01010917,G I. Distribution hotels and restaurants,59,55,19,36,4,0,4
S01010917,H J. Transport and communication,40,37,6,31,3,1,2
S01010917,K L M N. Financial real estate professional and administrative activities,29,28,4,24,1,1,0
S01010917,O P Q. Public administration education and health,99,98,28,70,1,0,1
S01010917,R S T U. Other,15,13,6,7,2,1,1
S01010918,All people aged 16 to 74 in employment,277,260,81,179,17,5,12
S01010918,A B D E. Agriculture energy and water,9,9,0,9,0,0,0
S01010918,C. Manufacturing,36,35,5,30,1,1,0
S01010918,F. Construction,21,15,0,15,6,1,5
S01010918,G I. Distribution hotels and restaurants,58,56,28,28,2,1,1
S01010918,H J. Transport and communication,25,20,1,19,5,2,3
S01010918,K L M N. Financial real estate professional and administrative activities,34,33,11,22,1,0,1
S01010918,O P Q. Public administration education and health,83,81,32,49,2,0,2
S01010918,R S T U. Other,11,11,4,7,0,0,0
S01010919,All people aged 16 to 74 in employment,325,307,98,209,18,9,9
S01010919,A B D E. Agriculture energy and water,6,5,1,4,1,1,0
S01010919,C. Manufacturing,52,48,2,46,4,1,3
S01010919,F. Construction,16,14,4,10,2,1,1
S01010919,G I. Distribution hotels and restaurants,73,70,32,38,3,1,2
S01010919,H J. Transport and communication,32,27,5,22,5,3,2
S01010919,K L M N. Financial real estate professional and administrative activities,28,27,6,21,1,1,0
S01010919,O P Q. Public administration education and health,103,102,41,61,1,0,1
S01010919,R S T U. Other,15,14,7,7,1,1,0
S01010920,All people aged 16 to 74 in employment,197,174,61,113,23,7,16
S01010920,A B D E. Agriculture energy and water,4,4,1,3,0,0,0
S01010920,C. Manufacturing,14,12,2,10,2,0,2
S01010920,F. Construction,22,19,2,17,3,1,2
S01010920,G I. Distribution hotels and restaurants,51,46,19,27,5,0,5
S01010920,H J. Transport and communication,15,14,5,9,1,1,0
S01010920,K L M N. Financial real estate professional and administrative activities,30,23,5,18,7,3,4
S01010920,O P Q. Public administration education and health,46,44,20,24,2,1,1
S01010920,R S T U. Other,15,12,7,5,3,1,2
S01010921,All people aged 16 to 74 in employment,248,237,72,165,11,0,11
S01010921,A B D E. Agriculture energy and water,5,5,0,5,0,0,0
S01010921,C. Manufacturing,39,39,5,34,0,0,0
S01010921,F. Construction,22,20,6,14,2,0,2
S01010921,G I. Distribution hotels and restaurants,44,42,19,23,2,0,2
S01010921,H J. Transport and communication,34,30,8,22,4,0,4
S01010921,K L M N. Financial real estate professional and administrative activities,28,28,5,23,0,0,0
S01010921,O P Q. Public administration education and health,68,68,27,41,0,0,0
S01010921,R S T U. Other,8,5,2,3,3,0,3
S01010922,All people aged 16 to 74 in employment,301,285,101,184,16,6,10
S01010922,A B D E. Agriculture energy and water,4,4,1,3,0,0,0
S01010922,C. Manufacturing,34,34,2,32,0,0,0
S01010922,F. Construction,11,5,0,5,6,1,5
S01010922,G I. Distribution hotels and restaurants,71,68,31,37,3,0,3
S01010922,H J. Transport and communication,29,25,2,23,4,4,0
S01010922,K L M N. Financial real estate professional and administrative activities,36,35,13,22,1,1,0
S01010922,O P Q. Public administration education and health,92,91,43,48,1,0,1
S01010922,R S T U. Other,24,23,9,14,1,0,1
S01010923,All people aged 16 to 74 in employment,345,323,105,218,22,4,18
S01010923,A B D E. Agriculture energy and water,4,4,0,4,0,0,0
S01010923,C. Manufacturing,40,40,3,37,0,0,0
S01010923,F. Construction,25,16,0,16,9,0,9
S01010923,G I. Distribution hotels and restaurants,66,65,29,36,1,0,1
S01010923,H J. Transport and communication,42,36,7,29,6,1,5
S01010923,K L M N. Financial real estate professional and administrative activities,49,48,17,31,1,0,1
S01010923,O P Q. Public administration education and health,102,99,44,55,3,2,1
S01010923,R S T U. Other,17,15,5,10,2,1,1
S01010924,All people aged 16 to 74 in employment,270,256,79,177,14,2,12
S01010924,A B D E. Agriculture energy and water,3,3,0,3,0,0,0
S01010924,C. Manufacturing,41,40,2,38,1,0,1
S01010924,F. Construction,14,11,1,10,3,0,3
S01010924,G I. Distribution hotels and restaurants,55,54,24,30,1,1,0
S01010924,H J. Transport and communication,34,28,4,24,6,0,6
S01010924,K L M N. Financial real estate professional and administrative activities,41,40,10,30,1,0,1
S01010924,O P Q. Public administration education and health,68,67,34,33,1,1,0
S01010924,R S T U. Other,14,13,4,9,1,0,1
S01010925,All people aged 16 to 74 in employment,311,291,104,187,20,7,13
S01010925,A B D E. Agriculture energy and water,7,7,1,6,0,0,0
S01010925,C. Manufacturing,35,32,3,29,3,0,3
S01010925,F. Construction,17,12,1,11,5,1,4
S01010925,G I. Distribution hotels and restaurants,76,73,38,35,3,1,2
S01010925,H J. Transport and communication,26,23,4,19,3,1,2
S01010925,K L M N. Financial real estate professional and administrative activities,43,43,19,24,0,0,0
S01010925,O P Q. Public administration education and health,87,86,30,56,1,1,0
S01010925,R S T U. Other,20,15,8,7,5,3,2
S01010926,All people aged 16 to 74 in employment,313,292,95,197,21,8,13
S01010926,A B D E. Agriculture energy and water,7,7,0,7,0,0,0
S01010926,C. Manufacturing,34,33,1,32,1,1,0
S01010926,F. Construction,19,15,0,15,4,0,4
S01010926,G I. Distribution hotels and restaurants,57,54,24,30,3,1,2
S01010926,H J. Transport and communication,34,28,6,22,6,2,4
S01010926,K L M N. Financial real estate professional and administrative activities,51,48,17,31,3,1,2
S01010926,O P Q. Public administration education and health,99,97,43,54,2,2,0
S01010926,R S T U. Other,12,10,4,6,2,1,1
S01010927,All people aged 16 to 74 in employment,232,220,62,158,12,4,8
S01010927,A B D E. Agriculture energy and water,6,6,0,6,0,0,0
S01010927,C. Manufacturing,35,34,4,30,1,0,1
S01010927,F. Construction,15,10,1,9,5,1,4
S01010927,G I. Distribution hotels and restaurants,55,54,22,32,1,0,1
S01010927,H J. Transport and communication,22,19,1,18,3,1,2
S01010927,K L M N. Financial real estate professional and administrative activities,30,30,9,21,0,0,0
S01010927,O P Q. Public administration education and health,58,57,23,34,1,1,0
S01010927,R S T U. Other,11,10,2,8,1,1,0
S01010928,All people aged 16 to 74 in employment,259,234,78,156,25,9,16
S01010928,A B D E. Agriculture energy and water,4,4,0,4,0,0,0
S01010928,C. Manufacturing,27,27,4,23,0,0,0
S01010928,F. Construction,15,11,0,11,4,1,3
S01010928,G I. Distribution hotels and restaurants,62,58,28,30,4,1,3
S01010928,H J. Transport and communication,37,30,5,25,7,3,4
S01010928,K L M N. Financial real estate professional and administrative activities,36,32,7,25,4,2,2
S01010928,O P Q. Public administration education and health,63,60,29,31,3,1,2
S01010928,R S T U. Other,15,12,5,7,3,1,2
S01010929,All people aged 16 to 74 in employment,227,213,66,147,14,5,9
S01010929,A B D E. Agriculture energy and water,6,6,0,6,0,0,0
S01010929,C. Manufacturing,27,27,1,26,0,0,0
S01010929,F. Construction,10,8,1,7,2,0,2
S01010929,G I. Distribution hotels and restaurants,54,53,24,29,1,0,1
S01010929,H J. Transport and communication,22,18,2,16,4,2,2
S01010929,K L M N. Financial real estate professional and administrative activities,39,36,15,21,3,1,2
S01010929,O P Q. Public administration education and health,57,55,19,36,2,1,1
S01010929,R S T U. Other,12,10,4,6,2,1,1
S01010930,All people aged 16 to 74 in employment,520,408,117,291,112,21,91
S01010930,A B D E. Agriculture energy and water,37,20,8,12,17,1,16
S01010930,C. Manufacturing,34,25,7,18,9,0,9
S01010930,F. Construction,36,22,1,21,14,3,11
S01010930,G I. Distribution hotels and restaurants,67,54,21,33,13,2,11
S01010930,H J. Transport and communication,32,20,5,15,12,1,11
S01010930,K L M N. Financial real estate professional and administrative activities,129,104,23,81,25,8,17
S01010930,O P Q. Public administration education and health,163,150,45,105,13,4,9
S01010930,R S T U. Other,22,13,7,6,9,2,7
S01010931,All people aged 16 to 74 in employment,217,155,39,116,62,13,49
S01010931,A B D E. Agriculture energy and water,35,13,0,13,22,3,19
S01010931,C. Manufacturing,6,4,0,4,2,0,2
S01010931,F. Construction,21,14,2,12,7,2,5
S01010931,G I. Distribution hotels and restaurants,28,23,11,12,5,1,4
S01010931,H J. Transport and communication,4,2,1,1,2,1,1
S01010931,K L M N. Financial real estate professional and administrative activities,50,36,8,28,14,3,11
S01010931,O P Q. Public administration education and health,63,57,12,45,6,2,4
S01010931,R S T U. Other,10,6,5,1,4,1,3
S01010932,All people aged 16 to 74 in employment,265,232,73,159,33,13,20
S01010932,A B D E. Agriculture energy and water,9,7,0,7,2,1,1
S01010932,C. Manufacturing,10,9,1,8,1,1,0
S01010932,F. Construction,27,19,3,16,8,1,7
S01010932,G I. Distribution hotels and restaurants,41,36,13,23,5,3,2
S01010932,H J. Transport and communication,19,16,3,13,3,1,2
S01010932,K L M N. Financial real estate professional and administrative activities,35,31,7,24,4,2,2
S01010932,O P Q. Public administration education and health,101,97,39,58,4,3,1
S01010932,R S T U. Other,23,17,7,10,6,1,5
S01010933,All people aged 16 to 74 in employment,399,335,80,255,64,17,47
S01010933,A B D E. Agriculture energy and water,13,7,1,6,6,0,6
S01010933,C. Manufacturing,15,14,3,11,1,0,1
S01010933,F. Construction,31,19,3,16,12,1,11
S01010933,G I. Distribution hotels and restaurants,65,55,21,34,10,2,8
S01010933,H J. Transport and communication,27,22,3,19,5,2,3
S01010933,K L M N. Financial real estate professional and administrative activities,112,94,14,80,18,5,13
S01010933,O P Q. Public administration education and health,118,112,29,83,6,5,1
S01010933,R S T U. Other,18,12,6,6,6,2,4
S01010934,All people aged 16 to 74 in employment,549,476,123,353,73,21,52
S01010934,A B D E. Agriculture energy and water,12,10,2,8,2,1,1
S01010934,C. Manufacturing,24,21,4,17,3,2,1
S01010934,F. Construction,34,18,2,16,16,0,16
S01010934,G I. Distribution hotels and restaurants,105,97,37,60,8,3,5
S01010934,H J. Transport and communication,42,32,2,30,10,2,8
S01010934,K L M N. Financial real estate professional and administrative activities,109,97,16,81,12,2,10
S01010934,O P Q. Public administration education and health,183,168,46,122,15,6,9
S01010934,R S T U. Other,40,33,14,19,7,5,2
S01010935,All people aged 16 to 74 in employment,259,217,71,146,42,20,22
S01010935,A B D E. Agriculture energy and water,5,5,0,5,0,0,0
S01010935,C. Manufacturing,12,10,1,9,2,0,2
S01010935,F. Construction,16,7,1,6,9,3,6
S01010935,G I. Distribution hotels and restaurants,43,38,20,18,5,3,2
S01010935,H J. Transport and communication,19,16,2,14,3,1,2
S01010935,K L M N. Financial real estate professional and administrative activities,55,43,15,28,12,5,7
S01010935,O P Q. Public administration education and health,93,88,30,58,5,4,1
S01010935,R S T U. Other,16,10,2,8,6,4,2
S01010936,All people aged 16 to 74 in employment,352,308,72,236,44,9,35
S01010936,A B D E. Agriculture energy and water,8,8,0,8,0,0,0
S01010936,C. Manufacturing,14,13,1,12,1,0,1
S01010936,F. Construction,34,28,2,26,6,0,6
S01010936,G I. Distribution hotels and restaurants,72,66,27,39,6,2,4
S01010936,H J. Transport and communication,24,16,1,15,8,2,6
S01010936,K L M N. Financial real estate professional and administrative activities,80,72,14,58,8,2,6
S01010936,O P Q. Public administration education and health,99,92,22,70,7,1,6
S01010936,R S T U. Other,21,13,5,8,8,2,6
S01010937,All people aged 16 to 74 in employment,412,370,98,272,42,10,32
S01010937,A B D E. Agriculture energy and water,12,11,1,10,1,0,1
S01010937,C. Manufacturing,16,14,1,13,2,1,1
S01010937,F. Construction,39,29,3,26,10,1,9
S01010937,G I. Distribution hotels and restaurants,89,81,41,40,8,1,7
S01010937,H J. Transport and communication,27,22,2,20,5,2,3
S01010937,K L M N. Financial real estate professional and administrative activities,85,77,14,63,8,1,7
S01010937,O P Q. Public administration education and health,117,116,33,83,1,1,0
S01010937,R S T U. Other,27,20,3,17,7,3,4
S01010938,All people aged 16 to 74 in employment,327,306,100,206,21,4,17
S01010938,A B D E. Agriculture energy and water,8,8,1,7,0,0,0
S01010938,C. Manufacturing,17,16,3,13,1,0,1
S01010938,F. Construction,33,23,1,22,10,0,10
S01010938,G I. Distribution hotels and restaurants,87,85,37,48,2,0,2
S01010938,H J. Transport and communication,19,16,3,13,3,1,2
S01010938,K L M N. Financial real estate professional and administrative activities,50,48,12,36,2,1,1
S01010938,O P Q. Public administration education and health,92,91,35,56,1,1,0
S01010938,R S T U. Other,21,19,8,11,2,1,1
S01010939,All people aged 16 to 74 in employment,267,237,86,151,30,10,20
S01010939,A B D E. Agriculture energy and water,6,5,0,5,1,0,1
S01010939,C. Manufacturing,10,8,3,5,2,1,1
S01010939,F. Construction,22,17,1,16,5,2,3
S01010939,G I. Distribution hotels and restaurants,56,53,32,21,3,0,3
S01010939,H J. Transport and communication,26,19,3,16,7,2,5
S01010939,K L M N. Financial real estate professional and administrative activities,39,34,9,25,5,2,3
S01010939,O P Q. Public administration education and health,93,89,35,54,4,2,2
S01010939,R S T U. Other,15,12,3,9,3,1,2
S01010940,All people aged 16 to 74 in employment,369,338,100,238,31,9,22
S01010940,A B D E. Agriculture energy and water,6,5,1,4,1,0,1
S01010940,C. Manufacturing,13,12,1,11,1,0,1
S01010940,F. Construction,19,14,2,12,5,0,5
S01010940,G I. Distribution hotels and restaurants,59,58,34,24,1,0,1
S01010940,H J. Transport and communication,21,15,2,13,6,1,5
S01010940,K L M N. Financial real estate professional and administrative activities,84,77,14,63,7,2,5
S01010940,O P Q. Public administration education and health,143,137,40,97,6,5,1
S01010940,R S T U. Other,24,20,6,14,4,1,3
S01010941,All people aged 16 to 74 in employment,453,400,118,282,53,13,40
S01010941,A B D E. Agriculture energy and water,12,12,3,9,0,0,0
S01010941,C. Manufacturing,27,23,0,23,4,1,3
S01010941,F. Construction,34,26,2,24,8,0,8
S01010941,G I. Distribution hotels and restaurants,70,62,33,29,8,3,5
S01010941,H J. Transport and communication,28,21,5,16,7,0,7
S01010941,K L M N. Financial real estate professional and administrative activities,95,84,20,64,11,5,6
S01010941,O P Q. Public administration education and health,163,154,50,104,9,3,6
S01010941,R S T U. Other,24,18,5,13,6,1,5
S01010942,All people aged 16 to 74 in employment,336,305,95,210,31,4,27
S01010942,A B D E. Agriculture energy and water,11,11,0,11,0,0,0
S01010942,C. Manufacturing,15,13,2,11,2,0,2
S01010942,F. Construction,18,11,1,10,7,0,7
S01010942,G I. Distribution hotels and restaurants,66,60,34,26,6,0,6
S01010942,H J. Transport and communication,27,22,1,21,5,1,4
S01010942,K L M N. Financial real estate professional and administrative activities,71,64,18,46,7,2,5
S01010942,O P Q. Public administration education and health,114,113,32,81,1,0,1
S01010942,R S T U. Other,14,11,7,4,3,1,2
S01010943,All people aged 16 to 74 in employment,304,284,88,196,20,6,14
S01010943,A B D E. Agriculture energy and water,15,15,2,13,0,0,0
S01010943,C. Manufacturing,16,15,3,12,1,0,1
S01010943,F. Construction,26,19,0,19,7,1,6
S01010943,G I. Distribution hotels and restaurants,79,77,43,34,2,1,1
S01010943,H J. Transport and communication,20,17,4,13,3,0,3
S01010943,K L M N. Financial real estate professional and administrative activities,45,43,9,34,2,2,0
S01010943,O P Q. Public administration education and health,91,88,25,63,3,1,2
S01010943,R S T U. Other,12,10,2,8,2,1,1
S01010944,All people aged 16 to 74 in employment,267,253,78,175,14,6,8
S01010944,A B D E. Agriculture energy and water,8,8,0,8,0,0,0
S01010944,C. Manufacturing,12,10,0,10,2,0,2
S01010944,F. Construction,20,16,1,15,4,2,2
S01010944,G I. Distribution hotels and restaurants,70,68,35,33,2,0,2
S01010944,H J. Transport and communication,16,16,4,12,0,0,0
S01010944,K L M N. Financial real estate professional and administrative activities,41,41,8,33,0,0,0
S01010944,O P Q. Public administration education and health,77,76,23,53,1,1,0
S01010944,R S T U. Other,23,18,7,11,5,3,2
S01010945,All people aged 16 to 74 in employment,288,261,90,171,27,12,15
S01010945,A B D E. Agriculture energy and water,7,6,1,5,1,1,0
S01010945,C. Manufacturing,23,19,0,19,4,2,2
S01010945,F. Construction,17,12,1,11,5,2,3
S01010945,G I. Distribution hotels and restaurants,79,73,31,42,6,3,3
S01010945,H J. Transport and communication,19,11,1,10,8,1,7
S01010945,K L M N. Financial real estate professional and administrative activities,43,42,13,29,1,1,0
S01010945,O P Q. Public administration education and health,86,84,35,49,2,2,0
S01010945,R S T U. Other,14,14,8,6,0,0,0
S01010946,All people aged 16 to 74 in employment,407,367,104,263,40,10,30
S01010946,A B D E. Agriculture energy and water,9,9,1,8,0,0,0
S01010946,C. Manufacturing,26,25,1,24,1,0,1
S01010946,F. Construction,33,18,0,18,15,2,13
S01010946,G I. Distribution hotels and restaurants,100,95,38,57,5,1,4
S01010946,H J. Transport and communication,37,31,5,26,6,2,4
S01010946,K L M N. Financial real estate professional and administrative activities,57,52,14,38,5,4,1
S01010946,O P Q. Public administration education and health,121,117,36,81,4,1,3
S01010946,R S T U. Other,24,20,9,11,4,0,4
S01010947,All people aged 16 to 74 in employment,248,224,67,157,24,8,16
S01010947,A B D E. Agriculture energy and water,8,7,0,7,1,0,1
S01010947,C. Manufacturing,13,11,0,11,2,1,1
S01010947,F. Construction,13,10,0,10,3,0,3
S01010947,G I. Distribution hotels and restaurants,77,74,40,34,3,1,2
S01010947,H J. Transport and communication,20,18,1,17,2,1,1
S01010947,K L M N. Financial real estate professional and administrative activities,33,24,1,23,9,5,4
S01010947,O P Q. Public administration education and health,70,68,19,49,2,0,2
S01010947,R S T U. Other,14,12,6,6,2,0,2
S01010948,All people aged 16 to 74 in employment,325,294,88,206,31,8,23
S01010948,A B D E. Agriculture energy and water,8,8,0,8,0,0,0
S01010948,C. Manufacturing,23,22,5,17,1,0,1
S01010948,F. Construction,20,12,0,12,8,0,8
S01010948,G I. Distribution hotels and restaurants,92,86,37,49,6,1,5
S01010948,H J. Transport and communication,27,23,2,21,4,3,1
S01010948,K L M N. Financial real estate professional and administrative activities,52,44,11,33,8,2,6
S01010948,O P Q. Public administration education and health,87,85,26,59,2,1,1
S01010948,R S T U. Other,16,14,7,7,2,1,1
S01010949,All people aged 16 to 74 in employment,509,451,149,302,58,14,44
S01010949,A B D E. Agriculture energy and water,9,8,1,7,1,0,1
S01010949,C. Manufacturing,28,26,1,25,2,2,0
S01010949,F. Construction,35,24,1,23,11,0,11
S01010949,G I. Distribution hotels and restaurants,97,89,55,34,8,1,7
S01010949,H J. Transport and communication,29,23,4,19,6,0,6
S01010949,K L M N. Financial real estate professional and administrative activities,116,98,23,75,18,7,11
S01010949,O P Q. Public administration education and health,183,175,59,116,8,2,6
S01010949,R S T U. Other,12,8,5,3,4,2,2
S01010950,All people aged 16 to 74 in employment,380,343,100,243,37,10,27
S01010950,A B D E. Agriculture energy and water,8,8,0,8,0,0,0
S01010950,C. Manufacturing,21,21,0,21,0,0,0
S01010950,F. Construction,42,33,4,29,9,1,8
S01010950,G I. Distribution hotels and restaurants,86,80,41,39,6,2,4
S01010950,H J. Transport and communication,18,13,1,12,5,0,5
S01010950,K L M N. Financial real estate professional and administrative activities,68,60,8,52,8,2,6
S01010950,O P Q. Public administration education and health,118,114,41,73,4,3,1
S01010950,R S T U. Other,19,14,5,9,5,2,3
S01010951,All people aged 16 to 74 in employment,324,302,78,224,22,11,11
S01010951,A B D E. Agriculture energy and water,8,8,1,7,0,0,0
S01010951,C. Manufacturing,17,17,3,14,0,0,0
S01010951,F. Construction,30,22,0,22,8,1,7
S01010951,G I. Distribution hotels and restaurants,72,70,30,40,2,0,2
S01010951,H J. Transport and communication,18,17,1,16,1,1,0
S01010951,K L M N. Financial real estate professional and administrative activities,53,49,12,37,4,3,1
S01010951,O P Q. Public administration education and health,100,97,25,72,3,2,1
S01010951,R S T U. Other,26,22,6,16,4,4,0
S01010952,All people aged 16 to 74 in employment,300,272,77,195,28,6,22
S01010952,A B D E. Agriculture energy and water,7,7,1,6,0,0,0
S01010952,C. Manufacturing,20,18,0,18,2,0,2
S01010952,F. Construction,24,13,0,13,11,1,10
S01010952,G I. Distribution hotels and restaurants,64,62,25,37,2,1,1
S01010952,H J. Transport and communication,19,15,6,9,4,1,3
S01010952,K L M N. Financial real estate professional and administrative activities,59,57,9,48,2,1,1
S01010952,O P Q. Public administration education and health,88,85,31,54,3,0,3
S01010952,R S T U. Other,19,15,5,10,4,2,2
S01010953,All people aged 16 to 74 in employment,316,293,103,190,23,4,19
S01010953,A B D E. Agriculture energy and water,6,6,1,5,0,0,0
S01010953,C. Manufacturing,20,15,1,14,5,1,4
S01010953,F. Construction,31,23,2,21,8,1,7
S01010953,G I. Distribution hotels and restaurants,68,66,35,31,2,0,2
S01010953,H J. Transport and communication,24,22,2,20,2,0,2
S01010953,K L M N. Financial real estate professional and administrative activities,46,43,12,31,3,1,2
S01010953,O P Q. Public administration education and health,101,99,41,58,2,0,2
S01010953,R S T U. Other,20,19,9,10,1,1,0
S01010954,All people aged 16 to 74 in employment,393,354,91,263,39,9,30
S01010954,A B D E. Agriculture energy and water,9,8,0,8,1,0,1
S01010954,C. Manufacturing,18,17,2,15,1,0,1
S01010954,F. Construction,20,13,0,13,7,1,6
S01010954,G I. Distribution hotels and restaurants,70,65,28,37,5,3,2
S01010954,H J. Transport and communication,27,19,3,16,8,2,6
S01010954,K L M N. Financial real estate professional and administrative activities,48,43,11,32,5,1,4
S01010954,O P Q. Public administration education and health,185,175,39,136,10,2,8
S01010954,R S T U. Other,16,14,8,6,2,0,2
S01010955,All people aged 16 to 74 in employment,479,416,111,305,63,17,46
S01010955,A B D E. Agriculture energy and water,7,4,0,4,3,0,3
S01010955,C. Manufacturing,14,9,0,9,5,1,4
S01010955,F. Construction,17,11,0,11,6,3,3
S01010955,G I. Distribution hotels and restaurants,76,67,38,29,9,3,6
S01010955,H J. Transport and communication,20,13,1,12,7,1,6
S01010955,K L M N. Financial real estate professional and administrative activities,95,72,21,51,23,6,17
S01010955,O P Q. Public administration education and health,233,227,44,183,6,1,5
S01010955,R S T U. Other,17,13,7,6,4,2,2
S01010956,All people aged 16 to 74 in employment,382,281,73,208,101,27,74
S01010956,A B D E. Agriculture energy and water,18,8,1,7,10,1,9
S01010956,C. Manufacturing,15,13,2,11,2,0,2
S01010956,F. Construction,27,15,0,15,12,2,10
S01010956,G I. Distribution hotels and restaurants,58,44,20,24,14,2,12
S01010956,H J. Transport and communication,18,14,2,12,4,0,4
S01010956,K L M N. Financial real estate professional and administrative activities,113,75,16,59,38,12,26
S01010956,O P Q. Public administration education and health,113,99,25,74,14,9,5
S01010956,R S T U. Other,20,13,7,6,7,1,6
S01010957,All people aged 16 to 74 in employment,303,270,74,196,33,8,25
S01010957,A B D E. Agriculture energy and water,8,8,1,7,0,0,0
S01010957,C. Manufacturing,17,16,1,15,1,0,1
S01010957,F. Construction,21,12,2,10,9,1,8
S01010957,G I. Distribution hotels and restaurants,51,47,21,26,4,1,3
S01010957,H J. Transport and communication,21,16,3,13,5,0,5
S01010957,K L M N. Financial real estate professional and administrative activities,68,63,16,47,5,2,3
S01010957,O P Q. Public administration education and health,100,97,27,70,3,2,1
S01010957,R S T U. Other,17,11,3,8,6,2,4
S01010958,All people aged 16 to 74 in employment,231,193,48,145,38,11,27
S01010958,A B D E. Agriculture energy and water,6,6,0,6,0,0,0
S01010958,C. Manufacturing,10,10,0,10,0,0,0
S01010958,F. Construction,18,9,1,8,9,2,7
S01010958,G I. Distribution hotels and restaurants,49,41,18,23,8,1,7
S01010958,H J. Transport and communication,13,8,0,8,5,2,3
S01010958,K L M N. Financial real estate professional and administrative activities,47,40,11,29,7,2,5
S01010958,O P Q. Public administration education and health,74,69,15,54,5,3,2
S01010958,R S T U. Other,14,10,3,7,4,1,3
S01010959,All people aged 16 to 74 in employment,299,259,78,181,40,20,20
S01010959,A B D E. Agriculture energy and water,3,3,0,3,0,0,0
S01010959,C. Manufacturing,8,8,0,8,0,0,0
S01010959,F. Construction,18,11,0,11,7,1,6
S01010959,G I. Distribution hotels and restaurants,54,48,22,26,6,3,3
S01010959,H J. Transport and communication,20,19,5,14,1,0,1
S01010959,K L M N. Financial real estate professional and administrative activities,68,57,17,40,11,5,6
S01010959,O P Q. Public administration education and health,105,98,30,68,7,5,2
S01010959,R S T U. Other,23,15,4,11,8,6,2
S01010960,All people aged 16 to 74 in employment,524,460,133,327,64,13,51
S01010960,A B D E. Agriculture energy and water,23,18,5,13,5,1,4
S01010960,C. Manufacturing,29,29,0,29,0,0,0
S01010960,F. Construction,53,35,3,32,18,1,17
S01010960,G I. Distribution hotels and restaurants,100,90,37,53,10,2,8
S01010960,H J. Transport and communication,41,30,1,29,11,1,10
S01010960,K L M N. Financial real estate professional and administrative activities,94,82,23,59,12,5,7
S01010960,O P Q. Public administration education and health,160,154,53,101,6,1,5
S01010960,R S T U. Other,24,22,11,11,2,2,0
S01010961,All people aged 16 to 74 in employment,270,244,63,181,26,11,15
S01010961,A B D E. Agriculture energy and water,5,5,0,5,0,0,0
S01010961,C. Manufacturing,17,15,0,15,2,1,1
S01010961,F. Construction,30,21,4,17,9,1,8
S01010961,G I. Distribution hotels and restaurants,72,66,24,42,6,3,3
S01010961,H J. Transport and communication,15,11,1,10,4,2,2
S01010961,K L M N. Financial real estate professional and administrative activities,27,26,6,20,1,1,0
S01010961,O P Q. Public administration education and health,87,86,22,64,1,1,0
S01010961,R S T U. Other,17,14,6,8,3,2,1
S01010962,All people aged 16 to 74 in employment,262,231,54,177,31,9,22
S01010962,A B D E. Agriculture energy and water,6,4,0,4,2,0,2
S01010962,C. Manufacturing,14,11,2,9,3,1,2
S01010962,F. Construction,23,18,0,18,5,1,4
S01010962,G I. Distribution hotels and restaurants,49,46,16,30,3,0,3
S01010962,H J. Transport and communication,22,19,3,16,3,1,2
S01010962,K L M N. Financial real estate professional and administrative activities,51,39,7,32,12,5,7
S01010962,O P Q. Public administration education and health,82,80,21,59,2,1,1
S01010962,R S T U. Other,15,14,5,9,1,0,1
S01010963,All people aged 16 to 74 in employment,513,450,120,330,63,12,51
S01010963,A B D E. Agriculture energy and water,12,12,1,11,0,0,0
S01010963,C. Manufacturing,29,28,1,27,1,0,1
S01010963,F. Construction,56,36,1,35,20,1,19
S01010963,G I. Distribution hotels and restaurants,101,90,43,47,11,3,8
S01010963,H J. Transport and communication,43,32,8,24,11,1,10
S01010963,K L M N. Financial real estate professional and administrative activities,105,98,20,78,7,3,4
S01010963,O P Q. Public administration education and health,146,140,39,101,6,3,3
S01010963,R S T U. Other,21,14,7,7,7,1,6
S01010964,All people aged 16 to 74 in employment,255,229,80,149,26,6,20
S01010964,A B D E. Agriculture energy and water,3,3,0,3,0,0,0
S01010964,C. Manufacturing,19,16,1,15,3,0,3
S01010964,F. Construction,26,17,0,17,9,2,7
S01010964,G I. Distribution hotels and restaurants,57,53,29,24,4,1,3
S01010964,H J. Transport and communication,21,17,2,15,4,2,2
S01010964,K L M N. Financial real estate professional and administrative activities,40,37,13,24,3,0,3
S01010964,O P Q. Public administration education and health,74,73,28,45,1,0,1
S01010964,R S T U. Other,15,13,7,6,2,1,1
S01010965,All people aged 16 to 74 in employment,243,229,74,155,14,5,9
S01010965,A B D E. Agriculture energy and water,2,1,1,0,1,0,1
S01010965,C. Manufacturing,12,11,1,10,1,0,1
S01010965,F. Construction,28,27,1,26,1,0,1
S01010965,G I. Distribution hotels and restaurants,79,74,34,40,5,2,3
S01010965,H J. Transport and communication,21,20,3,17,1,1,0
S01010965,K L M N. Financial real estate professional and administrative activities,31,29,10,19,2,2,0
S01010965,O P Q. Public administration education and health,60,58,19,39,2,0,2
S01010965,R S T U. Other,10,9,5,4,1,0,1
S01010966,All people aged 16 to 74 in employment,333,296,94,202,37,12,25
S01010966,A B D E. Agriculture energy and water,5,5,0,5,0,0,0
S01010966,C. Manufacturing,21,20,1,19,1,0,1
S01010966,F. Construction,41,31,4,27,10,0,10
S01010966,G I. Distribution hotels and restaurants,75,66,35,31,9,2,7
S01010966,H J. Transport and communication,22,21,3,18,1,0,1
S01010966,K L M N. Financial real estate professional and administrative activities,60,51,14,37,9,4,5
S01010966,O P Q. Public administration education and health,91,87,30,57,4,4,0
S01010966,R S T U. Other,18,15,7,8,3,2,1
S01010967,All people aged 16 to 74 in employment,311,282,89,193,29,6,23
S01010967,A B D E. Agriculture energy and water,4,4,1,3,0,0,0
S01010967,C. Manufacturing,27,27,0,27,0,0,0
S01010967,F. Construction,29,20,2,18,9,1,8
S01010967,G I. Distribution hotels and restaurants,76,74,40,34,2,0,2
S01010967,H J. Transport and communication,29,19,3,16,10,2,8
S01010967,K L M N. Financial real estate professional and administrative activities,42,39,6,33,3,0,3
S01010967,O P Q. Public administration education and health,89,89,34,55,0,0,0
S01010967,R S T U. Other,15,10,3,7,5,3,2
S01010968,All people aged 16 to 74 in employment,341,305,82,223,36,7,29
S01010968,A B D E. Agriculture energy and water,6,6,1,5,0,0,0
S01010968,C. Manufacturing,24,24,3,21,0,0,0
S01010968,F. Construction,32,23,0,23,9,1,8
S01010968,G I. Distribution hotels and restaurants,55,51,25,26,4,0,4
S01010968,H J. Transport and communication,27,21,4,17,6,0,6
S01010968,K L M N. Financial real estate professional and administrative activities,57,52,13,39,5,1,4
S01010968,O P Q. Public administration education and health,122,116,31,85,6,4,2
S01010968,R S T U. Other,18,12,5,7,6,1,5
S01010969,All people aged 16 to 74 in employment,274,229,53,176,45,7,38
S01010969,A B D E. Agriculture energy and water,3,3,0,3,0,0,0
S01010969,C. Manufacturing,17,13,2,11,4,1,3
S01010969,F. Construction,21,12,1,11,9,1,8
S01010969,G I. Distribution hotels and restaurants,45,39,16,23,6,0,6
S01010969,H J. Transport and communication,20,11,5,6,9,1,8
S01010969,K L M N. Financial real estate professional and administrative activities,63,51,7,44,12,2,10
S01010969,O P Q. Public administration education and health,93,91,20,71,2,0,2
S01010969,R S T U. Other,12,9,2,7,3,2,1
S01010970,All people aged 16 to 74 in employment,477,413,126,287,64,18,46
S01010970,A B D E. Agriculture energy and water,14,11,1,10,3,0,3
S01010970,C. Manufacturing,29,26,3,23,3,0,3
S01010970,F. Construction,61,44,3,41,17,2,15
S01010970,G I. Distribution hotels and restaurants,93,84,40,44,9,4,5
S01010970,H J. Transport and communication,29,21,1,20,8,3,5
S01010970,K L M N. Financial real estate professional and administrative activities,89,79,16,63,10,3,7
S01010970,O P Q. Public administration education and health,135,126,51,75,9,2,7
S01010970,R S T U. Other,27,22,11,11,5,4,1
S01010971,All people aged 16 to 74 in employment,559,487,149,338,72,15,57
S01010971,A B D E. Agriculture energy and water,9,7,2,5,2,0,2
S01010971,C. Manufacturing,25,21,5,16,4,1,3
S01010971,F. Construction,52,36,2,34,16,4,12
S01010971,G I. Distribution hotels and restaurants,107,93,38,55,14,1,13
S01010971,H J. Transport and communication,47,36,5,31,11,2,9
S01010971,K L M N. Financial real estate professional and administrative activities,103,89,22,67,14,2,12
S01010971,O P Q. Public administration education and health,185,181,67,114,4,3,1
S01010971,R S T U. Other,31,24,8,16,7,2,5
S01010972,All people aged 16 to 74 in employment,376,349,113,236,27,5,22
S01010972,A B D E. Agriculture energy and water,9,8,1,7,1,0,1
S01010972,C. Manufacturing,24,24,2,22,0,0,0
S01010972,F. Construction,51,43,1,42,8,0,8
S01010972,G I. Distribution hotels and restaurants,100,93,45,48,7,0,7
S01010972,H J. Transport and communication,18,13,2,11,5,2,3
S01010972,K L M N. Financial real estate professional and administrative activities,46,43,9,34,3,2,1
S01010972,O P Q. Public administration education and health,109,109,45,64,0,0,0
S01010972,R S T U. Other,19,16,8,8,3,1,2
S01010973,All people aged 16 to 74 in employment,247,223,74,149,24,5,19
S01010973,A B D E. Agriculture energy and water,6,6,0,6,0,0,0
S01010973,C. Manufacturing,17,14,3,11,3,0,3
S01010973,F. Construction,28,23,2,21,5,1,4
S01010973,G I. Distribution hotels and restaurants,57,56,26,30,1,1,0
S01010973,H J. Transport and communication,19,13,3,10,6,0,6
S01010973,K L M N. Financial real estate professional and administrative activities,28,23,2,21,5,1,4
S01010973,O P Q. Public administration education and health,81,78,33,45,3,1,2
S01010973,R S T U. Other,11,10,5,5,1,1,0
S01010974,All people aged 16 to 74 in employment,342,311,93,218,31,11,20
S01010974,A B D E. Agriculture energy and water,10,10,1,9,0,0,0
S01010974,C. Manufacturing,15,13,1,12,2,1,1
S01010974,F. Construction,31,22,0,22,9,3,6
S01010974,G I. Distribution hotels and restaurants,68,65,34,31,3,0,3
S01010974,H J. Transport and communication,37,31,1,30,6,3,3
S01010974,K L M N. Financial real estate professional and administrative activities,63,57,17,40,6,3,3
S01010974,O P Q. Public administration education and health,106,103,34,69,3,1,2
S01010974,R S T U. Other,12,10,5,5,2,0,2
S01010975,All people aged 16 to 74 in employment,203,182,57,125,21,7,14
S01010975,A B D E. Agriculture energy and water,3,3,0,3,0,0,0
S01010975,C. Manufacturing,6,6,1,5,0,0,0
S01010975,F. Construction,29,25,1,24,4,1,3
S01010975,G I. Distribution hotels and restaurants,43,39,17,22,4,1,3
S01010975,H J. Transport and communication,20,18,1,17,2,1,1
S01010975,K L M N. Financial real estate professional and administrative activities,25,21,6,15,4,0,4
S01010975,O P Q. Public administration education and health,67,64,27,37,3,2,1
S01010975,R S T U. Other,10,6,4,2,4,2,2
S01010976,All people aged 16 to 74 in employment,267,246,73,173,21,7,14
S01010976,A B D E. Agriculture energy and water,3,3,1,2,0,0,0
S01010976,C. Manufacturing,18,18,1,17,0,0,0
S01010976,F. Construction,20,12,0,12,8,2,6
S01010976,G I. Distribution hotels and restaurants,57,53,25,28,4,0,4
S01010976,H J. Transport and communication,25,22,2,20,3,1,2
S01010976,K L M N. Financial real estate professional and administrative activities,30,28,3,25,2,1,1
S01010976,O P Q. Public administration education and health,102,99,36,63,3,2,1
S01010976,R S T U. Other,12,11,5,6,1,1,0
S01010977,All people aged 16 to 74 in employment,370,343,90,253,27,8,19
S01010977,A B D E. Agriculture energy and water,7,6,0,6,1,0,1
S01010977,C. Manufacturing,21,21,1,20,0,0,0
S01010977,F. Construction,30,22,1,21,8,3,5
S01010977,G I. Distribution hotels and restaurants,77,74,30,44,3,1,2
S01010977,H J. Transport and communication,21,17,4,13,4,0,4
S01010977,K L M N. Financial real estate professional and administrative activities,68,67,12,55,1,0,1
S01010977,O P Q. Public administration education and health,122,120,34,86,2,1,1
S01010977,R S T U. Other,24,16,8,8,8,3,5
S01010978,All people aged 16 to 74 in employment,335,304,88,216,31,10,21
S01010978,A B D E. Agriculture energy and water,6,5,0,5,1,0,1
S01010978,C. Manufacturing,17,16,0,16,1,0,1
S01010978,F. Construction,39,33,4,29,6,2,4
S01010978,G I. Distribution hotels and restaurants,71,67,29,38,4,0,4
S01010978,H J. Transport and communication,22,18,2,16,4,1,3
S01010978,K L M N. Financial real estate professional and administrative activities,51,45,8,37,6,3,3
S01010978,O P Q. Public administration education and health,110,107,36,71,3,3,0
S01010978,R S T U. Other,19,13,9,4,6,1,5
S01010979,All people aged 16 to 74 in employment,392,357,111,246,35,10,25
S01010979,A B D E. Agriculture energy and water,5,5,0,5,0,0,0
S01010979,C. Manufacturing,11,10,0,10,1,0,1
S01010979,F. Construction,41,31,2,29,10,1,9
S01010979,G I. Distribution hotels and restaurants,91,86,39,47,5,2,3
S01010979,H J. Transport and communication,31,26,3,23,5,1,4
S01010979,K L M N. Financial real estate professional and administrative activities,60,52,15,37,8,4,4
S01010979,O P Q. Public administration education and health,133,129,46,83,4,2,2
S01010979,R S T U. Other,20,18,6,12,2,0,2
S01010980,All people aged 16 to 74 in employment,342,304,97,207,38,14,24
S01010980,A B D E. Agriculture energy and water,7,7,0,7,0,0,0
S01010980,C. Manufacturing,13,10,0,10,3,0,3
S01010980,F. Construction,36,25,3,22,11,3,8
S01010980,G I. Distribution hotels and restaurants,64,57,27,30,7,1,6
S01010980,H J. Transport and communication,18,16,3,13,2,1,1
S01010980,K L M N. Financial real estate professional and administrative activities,71,63,18,45,8,6,2
S01010980,O P Q. Public administration education and health,117,113,37,76,4,1,3
S01010980,R S T U. Other,16,13,9,4,3,2,1
S01010981,All people aged 16 to 74 in employment,312,280,79,201,32,9,23
S01010981,A B D E. Agriculture energy and water,5,5,0,5,0,0,0
S01010981,C. Manufacturing,27,24,2,22,3,2,1
S01010981,F. Construction,42,30,4,26,12,2,10
S01010981,G I. Distribution hotels and restaurants,72,68,22,46,4,0,4
S01010981,H J. Transport and communication,12,9,1,8,3,1,2
S01010981,K L M N. Financial real estate professional and administrative activities,47,41,14,27,6,3,3
S01010981,O P Q. Public administration education and health,95,94,31,63,1,0,1
S01010981,R S T U. Other,12,9,5,4,3,1,2
S01010982,All people aged 16 to 74 in employment,566,441,113,328,125,37,88
S01010982,A B D E. Agriculture energy and water,16,11,0,11,5,0,5
S01010982,C. Manufacturing,28,22,1,21,6,2,4
S01010982,F. Construction,53,34,7,27,19,2,17
S01010982,G I. Distribution hotels and restaurants,93,76,28,48,17,2,15
S01010982,H J. Transport and communication,38,26,5,21,12,1,11
S01010982,K L M N. Financial real estate professional and administrative activities,117,86,16,70,31,12,19
S01010982,O P Q. Public administration education and health,188,168,51,117,20,10,10
S01010982,R S T U. Other,33,18,5,13,15,8,7
S01010983,All people aged 16 to 74 in employment,388,342,89,253,46,6,40
S01010983,A B D E. Agriculture energy and water,11,8,0,8,3,0,3
S01010983,C. Manufacturing,17,15,0,15,2,0,2
S01010983,F. Construction,35,24,1,23,11,1,10
S01010983,G I. Distribution hotels and restaurants,68,64,30,34,4,2,2
S01010983,H J. Transport and communication,29,25,3,22,4,0,4
S01010983,K L M N. Financial real estate professional and administrative activities,70,57,11,46,13,3,10
S01010983,O P Q. Public administration education and health,142,136,38,98,6,0,6
S01010983,R S T U. Other,16,13,6,7,3,0,3
S01010984,All people aged 16 to 74 in employment,269,236,74,162,33,10,23
S01010984,A B D E. Agriculture energy and water,4,4,1,3,0,0,0
S01010984,C. Manufacturing,14,14,0,14,0,0,0
S01010984,F. Construction,24,15,2,13,9,1,8
S01010984,G I. Distribution hotels and restaurants,48,40,12,28,8,1,7
S01010984,H J. Transport and communication,23,21,3,18,2,1,1
S01010984,K L M N. Financial real estate professional and administrative activities,43,37,11,26,6,3,3
S01010984,O P Q. Public administration education and health,86,83,35,48,3,2,1
S01010984,R S T U. Other,27,22,10,12,5,2,3
S01010985,All people aged 16 to 74 in employment,302,275,78,197,27,11,16
S01010985,A B D E. Agriculture energy and water,10,10,0,10,0,0,0
S01010985,C. Manufacturing,16,16,1,15,0,0,0
S01010985,F. Construction,30,23,2,21,7,2,5
S01010985,G I. Distribution hotels and restaurants,55,52,26,26,3,1,2
S01010985,H J. Transport and communication,21,17,1,16,4,2,2
S01010985,K L M N. Financial real estate professional and administrative activities,60,52,10,42,8,5,3
S01010985,O P Q. Public administration education and health,96,94,35,59,2,0,2
S01010985,R S T U. Other,14,11,3,8,3,1,2
S01010986,All people aged 16 to 74 in employment,304,267,80,187,37,8,29
S01010986,A B D E. Agriculture energy and water,8,8,1,7,0,0,0
S01010986,C. Manufacturing,15,15,1,14,0,0,0
S01010986,F. Construction,32,21,0,21,11,2,9
S01010986,G I. Distribution hotels and restaurants,53,47,21,26,6,0,6
S01010986,H J. Transport and communication,23,15,3,12,8,0,8
S01010986,K L M N. Financial real estate professional and administrative activities,58,53,20,33,5,1,4
S01010986,O P Q. Public administration education and health,92,90,27,63,2,2,0
S01010986,R S T U. Other,23,18,7,11,5,3,2
S01010987,All people aged 16 to 74 in employment,349,295,92,203,54,12,42
S01010987,A B D E. Agriculture energy and water,5,5,1,4,0,0,0
S01010987,C. Manufacturing,19,14,3,11,5,0,5
S01010987,F. Construction,20,13,3,10,7,0,7
S01010987,G I. Distribution hotels and restaurants,47,44,20,24,3,0,3
S01010987,H J. Transport and communication,33,20,5,15,13,1,12
S01010987,K L M N. Financial real estate professional and administrative activities,103,92,19,73,11,2,9
S01010987,O P Q. Public administration education and health,105,99,38,61,6,4,2
S01010987,R S T U. Other,17,8,3,5,9,5,4
S01010988,All people aged 16 to 74 in employment,348,315,97,218,33,5,28
S01010988,A B D E. Agriculture energy and water,6,4,0,4,2,0,2
S01010988,C. Manufacturing,26,26,2,24,0,0,0
S01010988,F. Construction,21,15,1,14,6,1,5
S01010988,G I. Distribution hotels and restaurants,62,57,33,24,5,0,5
S01010988,H J. Transport and communication,38,28,4,24,10,2,8
S01010988,K L M N. Financial real estate professional and administrative activities,93,87,22,65,6,1,5
S01010988,O P Q. Public administration education and health,93,89,31,58,4,1,3
S01010988,R S T U. Other,9,9,4,5,0,0,0
S01010989,All people aged 16 to 74 in employment,625,563,117,446,62,16,46
S01010989,A B D E. Agriculture energy and water,13,12,2,10,1,0,1
S01010989,C. Manufacturing,20,19,2,17,1,0,1
S01010989,F. Construction,58,39,2,37,19,1,18
S01010989,G I. Distribution hotels and restaurants,99,88,26,62,11,4,7
S01010989,H J. Transport and communication,34,28,0,28,6,2,4
S01010989,K L M N. Financial real estate professional and administrative activities,177,164,28,136,13,6,7
S01010989,O P Q. Public administration education and health,187,182,43,139,5,3,2
S01010989,R S T U. Other,37,31,14,17,6,0,6
S01010990,All people aged 16 to 74 in employment,378,338,101,237,40,9,31
S01010990,A B D E. Agriculture energy and water,10,7,0,7,3,1,2
S01010990,C. Manufacturing,26,25,0,25,1,0,1
S01010990,F. Construction,29,18,3,15,11,1,10
S01010990,G I. Distribution hotels and restaurants,78,76,38,38,2,0,2
S01010990,H J. Transport and communication,27,17,1,16,10,1,9
S01010990,K L M N. Financial real estate professional and administrative activities,58,55,13,42,3,0,3
S01010990,O P Q. Public administration education and health,128,123,38,85,5,3,2
S01010990,R S T U. Other,22,17,8,9,5,3,2
S01010991,All people aged 16 to 74 in employment,291,257,56,201,34,9,25
S01010991,A B D E. Agriculture energy and water,8,6,1,5,2,0,2
S01010991,C. Manufacturing,19,17,1,16,2,0,2
S01010991,F. Construction,18,15,0,15,3,0,3
S01010991,G I. Distribution hotels and restaurants,51,42,17,25,9,2,7
S01010991,H J. Transport and communication,18,15,3,12,3,2,1
S01010991,K L M N. Financial real estate professional and administrative activities,60,54,5,49,6,1,5
S01010991,O P Q. Public administration education and health,98,95,24,71,3,3,0
S01010991,R S T U. Other,19,13,5,8,6,1,5
S01010992,All people aged 16 to 74 in employment,316,274,59,215,42,7,35
S01010992,A B D E. Agriculture energy and water,9,8,2,6,1,0,1
S01010992,C. Manufacturing,16,15,1,14,1,1,0
S01010992,F. Construction,22,17,2,15,5,0,5
S01010992,G I. Distribution hotels and restaurants,46,32,11,21,14,2,12
S01010992,H J. Transport and communication,26,22,1,21,4,0,4
S01010992,K L M N. Financial real estate professional and administrative activities,89,79,13,66,10,2,8
S01010992,O P Q. Public administration education and health,92,90,24,66,2,0,2
S01010992,R S T U. Other,16,11,5,6,5,2,3
S01010993,All people aged 16 to 74 in employment,336,304,86,218,32,2,30
S01010993,A B D E. Agriculture energy and water,13,12,0,12,1,0,1
S01010993,C. Manufacturing,20,16,2,14,4,0,4
S01010993,F. Construction,31,24,2,22,7,0,7
S01010993,G I. Distribution hotels and restaurants,52,44,21,23,8,1,7
S01010993,H J. Transport and communication,27,25,3,22,2,0,2
S01010993,K L M N. Financial real estate professional and administrative activities,51,48,13,35,3,0,3
S01010993,O P Q. Public administration education and health,125,123,39,84,2,0,2
S01010993,R S T U. Other,17,12,6,6,5,1,4
S01010994,All people aged 16 to 74 in employment,536,454,112,342,82,27,55
S01010994,A B D E. Agriculture energy and water,12,11,1,10,1,1,0
S01010994,C. Manufacturing,18,15,2,13,3,2,1
S01010994,F. Construction,27,20,0,20,7,0,7
S01010994,G I. Distribution hotels and restaurants,87,75,30,45,12,3,9
S01010994,H J. Transport and communication,33,29,3,26,4,1,3
S01010994,K L M N. Financial real estate professional and administrative activities,148,116,23,93,32,9,23
S01010994,O P Q. Public administration education and health,183,172,51,121,11,6,5
S01010994,R S T U. Other,28,16,2,14,12,5,7
S01010995,All people aged 16 to 74 in employment,406,366,123,243,40,14,26
S01010995,A B D E. Agriculture energy and water,8,7,0,7,1,0,1
S01010995,C. Manufacturing,23,23,1,22,0,0,0
S01010995,F. Construction,34,24,8,16,10,1,9
S01010995,G I. Distribution hotels and restaurants,71,65,43,22,6,2,4
S01010995,H J. Transport and communication,31,26,5,21,5,1,4
S01010995,K L M N. Financial real estate professional and administrative activities,81,76,17,59,5,3,2
S01010995,O P Q. Public administration education and health,136,129,41,88,7,4,3
S01010995,R S T U. Other,22,16,8,8,6,3,3
S01010996,All people aged 16 to 74 in employment,320,265,70,195,55,20,35
S01010996,A B D E. Agriculture energy and water,4,3,0,3,1,0,1
S01010996,C. Manufacturing,18,15,2,13,3,1,2
S01010996,F. Construction,20,15,2,13,5,0,5
S01010996,G I. Distribution hotels and restaurants,48,34,20,14,14,4,10
S01010996,H J. Transport and communication,20,17,2,15,3,1,2
S01010996,K L M N. Financial real estate professional and administrative activities,78,66,16,50,12,3,9
S01010996,O P Q. Public administration education and health,110,102,24,78,8,7,1
S01010996,R S T U. Other,22,13,4,9,9,4,5
S01010997,All people aged 16 to 74 in employment,289,243,65,178,46,10,36
S01010997,A B D E. Agriculture energy and water,5,5,0,5,0,0,0
S01010997,C. Manufacturing,18,13,1,12,5,0,5
S01010997,F. Construction,21,11,3,8,10,0,10
S01010997,G I. Distribution hotels and restaurants,38,29,13,16,9,1,8
S01010997,H J. Transport and communication,13,8,0,8,5,1,4
S01010997,K L M N. Financial real estate professional and administrative activities,64,53,9,44,11,5,6
S01010997,O P Q. Public administration education and health,111,107,30,77,4,2,2
S01010997,R S T U. Other,19,17,9,8,2,1,1
S01010998,All people aged 16 to 74 in employment,289,217,56,161,72,19,53
S01010998,A B D E. Agriculture energy and water,10,6,1,5,4,2,2
S01010998,C. Manufacturing,13,6,1,5,7,1,6
S01010998,F. Construction,17,13,2,11,4,2,2
S01010998,G I. Distribution hotels and restaurants,48,36,17,19,12,1,11
S01010998,H J. Transport and communication,26,17,2,15,9,1,8
S01010998,K L M N. Financial real estate professional and administrative activities,76,54,11,43,22,4,18
S01010998,O P Q. Public administration education and health,88,79,19,60,9,3,6
S01010998,R S T U. Other,11,6,3,3,5,5,0
S01010999,All people aged 16 to 74 in employment,381,335,97,238,46,9,37
S01010999,A B D E. Agriculture energy and water,7,6,1,5,1,1,0
S01010999,C. Manufacturing,19,17,2,15,2,0,2
S01010999,F. Construction,26,18,2,16,8,1,7
S01010999,G I. Distribution hotels and restaurants,63,52,29,23,11,1,10
S01010999,H J. Transport and communication,18,13,0,13,5,0,5
S01010999,K L M N. Financial real estate professional and administrative activities,72,60,12,48,12,3,9
S01010999,O P Q. Public administration education and health,147,144,44,100,3,1,2
S01010999,R S T U. Other,29,25,7,18,4,2,2
S01011000,All people aged 16 to 74 in employment,439,357,99,258,82,19,63
S01011000,A B D E. Agriculture energy and water,16,11,2,9,5,1,4
S01011000,C. Manufacturing,14,13,2,11,1,0,1
S01011000,F. Construction,48,31,3,28,17,1,16
S01011000,G I. Distribution hotels and restaurants,83,74,28,46,9,3,6
S01011000,H J. Transport and communication,28,16,2,14,12,5,7
S01011000,K L M N. Financial real estate professional and administrative activities,87,71,24,47,16,3,13
S01011000,O P Q. Public administration education and health,133,121,33,88,12,5,7
S01011000,R S T U. Other,30,20,5,15,10,1,9
S01011001,All people aged 16 to 74 in employment,315,284,81,203,31,5,26
S01011001,A B D E. Agriculture energy and water,5,4,1,3,1,1,0
S01011001,C. Manufacturing,12,12,1,11,0,0,0
S01011001,F. Construction,33,24,0,24,9,1,8
S01011001,G I. Distribution hotels and restaurants,65,59,27,32,6,0,6
S01011001,H J. Transport and communication,29,24,1,23,5,0,5
S01011001,K L M N. Financial real estate professional and administrative activities,51,46,13,33,5,0,5
S01011001,O P Q. Public administration education and health,105,102,32,70,3,1,2
S01011001,R S T U. Other,15,13,6,7,2,2,0
S01011002,All people aged 16 to 74 in employment,331,303,90,213,28,4,24
S01011002,A B D E. Agriculture energy and water,8,5,1,4,3,0,3
S01011002,C. Manufacturing,14,13,2,11,1,0,1
S01011002,F. Construction,28,23,0,23,5,1,4
S01011002,G I. Distribution hotels and restaurants,70,66,33,33,4,1,3
S01011002,H J. Transport and communication,22,20,1,19,2,1,1
S01011002,K L M N. Financial real estate professional and administrative activities,57,47,10,37,10,1,9
S01011002,O P Q. Public administration education and health,106,104,32,72,2,0,2
S01011002,R S T U. Other,26,25,11,14,1,0,1
S01011003,All people aged 16 to 74 in employment,321,289,97,192,32,11,21
S01011003,A B D E. Agriculture energy and water,7,6,0,6,1,1,0
S01011003,C. Manufacturing,15,15,0,15,0,0,0
S01011003,F. Construction,41,29,3,26,12,3,9
S01011003,G I. Distribution hotels and restaurants,63,63,34,29,0,0,0
S01011003,H J. Transport and communication,19,15,2,13,4,2,2
S01011003,K L M N. Financial real estate professional and administrative activities,56,52,12,40,4,1,3
S01011003,O P Q. Public administration education and health,98,94,41,53,4,1,3
S01011003,R S T U. Other,22,15,5,10,7,3,4
S01011004,All people aged 16 to 74 in employment,340,302,83,219,38,9,29
S01011004,A B D E. Agriculture energy and water,10,8,1,7,2,1,1
S01011004,C. Manufacturing,13,12,0,12,1,0,1
S01011004,F. Construction,30,19,1,18,11,3,8
S01011004,G I. Distribution hotels and restaurants,53,52,21,31,1,0,1
S01011004,H J. Transport and communication,32,20,2,18,12,1,11
S01011004,K L M N. Financial real estate professional and administrative activities,68,62,19,43,6,2,4
S01011004,O P Q. Public administration education and health,118,117,38,79,1,0,1
S01011004,R S T U. Other,16,12,1,11,4,2,2
S01011005,All people aged 16 to 74 in employment,295,270,76,194,25,9,16
S01011005,A B D E. Agriculture energy and water,6,5,0,5,1,1,0
S01011005,C. Manufacturing,11,11,3,8,0,0,0
S01011005,F. Construction,30,24,4,20,6,2,4
S01011005,G I. Distribution hotels and restaurants,66,61,22,39,5,2,3
S01011005,H J. Transport and communication,22,20,2,18,2,0,2
S01011005,K L M N. Financial real estate professional and administrative activities,48,46,9,37,2,2,0
S01011005,O P Q. Public administration education and health,94,90,31,59,4,0,4
S01011005,R S T U. Other,18,13,5,8,5,2,3
S01011006,All people aged 16 to 74 in employment,554,497,102,395,57,17,40
S01011006,A B D E. Agriculture energy and water,12,11,0,11,1,0,1
S01011006,C. Manufacturing,32,30,2,28,2,0,2
S01011006,F. Construction,60,44,2,42,16,4,12
S01011006,G I. Distribution hotels and restaurants,106,95,27,68,11,1,10
S01011006,H J. Transport and communication,29,25,4,21,4,1,3
S01011006,K L M N. Financial real estate professional and administrative activities,108,99,16,83,9,1,8
S01011006,O P Q. Public administration education and health,189,182,49,133,7,5,2
S01011006,R S T U. Other,18,11,2,9,7,5,2
S01011007,All people aged 16 to 74 in employment,305,281,87,194,24,7,17
S01011007,A B D E. Agriculture energy and water,5,5,0,5,0,0,0
S01011007,C. Manufacturing,15,15,1,14,0,0,0
S01011007,F. Construction,55,44,1,43,11,3,8
S01011007,G I. Distribution hotels and restaurants,71,67,38,29,4,1,3
S01011007,H J. Transport and communication,18,16,1,15,2,0,2
S01011007,K L M N. Financial real estate professional and administrative activities,31,28,8,20,3,1,2
S01011007,O P Q. Public administration education and health,91,90,33,57,1,1,0
S01011007,R S T U. Other,19,16,5,11,3,1,2
S01011008,All people aged 16 to 74 in employment,361,332,95,237,29,6,23
S01011008,A B D E. Agriculture energy and water,9,9,0,9,0,0,0
S01011008,C. Manufacturing,28,27,4,23,1,1,0
S01011008,F. Construction,39,28,2,26,11,1,10
S01011008,G I. Distribution hotels and restaurants,85,79,26,53,6,3,3
S01011008,H J. Transport and communication,31,30,7,23,1,0,1
S01011008,K L M N. Financial real estate professional and administrative activities,46,44,14,30,2,0,2
S01011008,O P Q. Public administration education and health,102,96,35,61,6,1,5
S01011008,R S T U. Other,21,19,7,12,2,0,2
S01011009,All people aged 16 to 74 in employment,281,265,78,187,16,7,9
S01011009,A B D E. Agriculture energy and water,8,6,2,4,2,1,1
S01011009,C. Manufacturing,33,33,4,29,0,0,0
S01011009,F. Construction,32,28,2,26,4,1,3
S01011009,G I. Distribution hotels and restaurants,66,63,25,38,3,1,2
S01011009,H J. Transport and communication,17,15,4,11,2,1,1
S01011009,K L M N. Financial real estate professional and administrative activities,31,29,8,21,2,0,2
S01011009,O P Q. Public administration education and health,83,81,28,53,2,2,0
S01011009,R S T U. Other,11,10,5,5,1,1,0
S01011010,All people aged 16 to 74 in employment,264,248,51,197,16,5,11
S01011010,A B D E. Agriculture energy and water,9,8,0,8,1,0,1
S01011010,C. Manufacturing,25,25,1,24,0,0,0
S01011010,F. Construction,22,17,1,16,5,1,4
S01011010,G I. Distribution hotels and restaurants,52,48,17,31,4,0,4
S01011010,H J. Transport and communication,15,12,2,10,3,1,2
S01011010,K L M N. Financial real estate professional and administrative activities,42,40,12,28,2,2,0
S01011010,O P Q. Public administration education and health,87,87,17,70,0,0,0
S01011010,R S T U. Other,12,11,1,10,1,1,0
S01011011,All people aged 16 to 74 in employment,314,299,89,210,15,4,11
S01011011,A B D E. Agriculture energy and water,6,5,1,4,1,1,0
S01011011,C. Manufacturing,13,13,0,13,0,0,0
S01011011,F. Construction,24,17,3,14,7,1,6
S01011011,G I. Distribution hotels and restaurants,79,78,32,46,1,0,1
S01011011,H J. Transport and communication,31,29,6,23,2,1,1
S01011011,K L M N. Financial real estate professional and administrative activities,48,44,11,33,4,1,3
S01011011,O P Q. Public administration education and health,87,87,26,61,0,0,0
S01011011,R S T U. Other,26,26,10,16,0,0,0
S01011012,All people aged 16 to 74 in employment,273,256,93,163,17,3,14
S01011012,A B D E. Agriculture energy and water,6,6,0,6,0,0,0
S01011012,C. Manufacturing,17,15,0,15,2,0,2
S01011012,F. Construction,35,30,5,25,5,0,5
S01011012,G I. Distribution hotels and restaurants,70,69,34,35,1,0,1
S01011012,H J. Transport and communication,20,18,2,16,2,0,2
S01011012,K L M N. Financial real estate professional and administrative activities,36,32,13,19,4,2,2
S01011012,O P Q. Public administration education and health,72,70,28,42,2,0,2
S01011012,R S T U. Other,17,16,11,5,1,1,0
S01011013,All people aged 16 to 74 in employment,367,345,105,240,22,6,16
S01011013,A B D E. Agriculture energy and water,13,13,0,13,0,0,0
S01011013,C. Manufacturing,18,18,1,17,0,0,0
S01011013,F. Construction,38,28,2,26,10,2,8
S01011013,G I. Distribution hotels and restaurants,77,71,30,41,6,1,5
S01011013,H J. Transport and communication,31,29,2,27,2,0,2
S01011013,K L M N. Financial real estate professional and administrative activities,51,49,8,41,2,1,1
S01011013,O P Q. Public administration education and health,123,123,57,66,0,0,0
S01011013,R S T U. Other,16,14,5,9,2,2,0
S01011014,All people aged 16 to 74 in employment,458,421,116,305,37,11,26
S01011014,A B D E. Agriculture energy and water,9,9,0,9,0,0,0
S01011014,C. Manufacturing,29,27,3,24,2,0,2
S01011014,F. Construction,36,29,1,28,7,0,7
S01011014,G I. Distribution hotels and restaurants,94,90,40,50,4,2,2
S01011014,H J. Transport and communication,31,27,1,26,4,0,4
S01011014,K L M N. Financial real estate professional and administrative activities,80,71,15,56,9,4,5
S01011014,O P Q. Public administration education and health,152,147,49,98,5,2,3
S01011014,R S T U. Other,27,21,7,14,6,3,3
S01011015,All people aged 16 to 74 in employment,241,213,65,148,28,9,19
S01011015,A B D E. Agriculture energy and water,4,4,1,3,0,0,0
S01011015,C. Manufacturing,22,21,2,19,1,1,0
S01011015,F. Construction,22,13,0,13,9,2,7
S01011015,G I. Distribution hotels and restaurants,46,42,20,22,4,1,3
S01011015,H J. Transport and communication,13,10,4,6,3,0,3
S01011015,K L M N. Financial real estate professional and administrative activities,46,42,6,36,4,2,2
S01011015,O P Q. Public administration education and health,73,68,26,42,5,3,2
S01011015,R S T U. Other,15,13,6,7,2,0,2
S01011016,All people aged 16 to 74 in employment,495,420,95,325,75,19,56
S01011016,A B D E. Agriculture energy and water,14,13,2,11,1,0,1
S01011016,C. Manufacturing,23,20,3,17,3,1,2
S01011016,F. Construction,49,30,0,30,19,4,15
S01011016,G I. Distribution hotels and restaurants,87,71,23,48,16,3,13
S01011016,H J. Transport and communication,46,35,5,30,11,3,8
S01011016,K L M N. Financial real estate professional and administrative activities,103,90,14,76,13,4,9
S01011016,O P Q. Public administration education and health,146,143,40,103,3,2,1
S01011016,R S T U. Other,27,18,8,10,9,2,7
S01011017,All people aged 16 to 74 in employment,438,336,95,241,102,35,67
S01011017,A B D E. Agriculture energy and water,20,12,2,10,8,2,6
S01011017,C. Manufacturing,25,18,2,16,7,3,4
S01011017,F. Construction,36,20,1,19,16,3,13
S01011017,G I. Distribution hotels and restaurants,64,50,25,25,14,3,11
S01011017,H J. Transport and communication,31,24,5,19,7,2,5
S01011017,K L M N. Financial real estate professional and administrative activities,99,73,11,62,26,12,14
S01011017,O P Q. Public administration education and health,133,119,45,74,14,8,6
S01011017,R S T U. Other,30,20,4,16,10,2,8
S01011018,All people aged 16 to 74 in employment,423,361,98,263,62,14,48
S01011018,A B D E. Agriculture energy and water,12,12,0,12,0,0,0
S01011018,C. Manufacturing,26,24,3,21,2,0,2
S01011018,F. Construction,54,35,3,32,19,2,17
S01011018,G I. Distribution hotels and restaurants,99,87,33,54,12,3,9
S01011018,H J. Transport and communication,18,15,1,14,3,2,1
S01011018,K L M N. Financial real estate professional and administrative activities,68,57,11,46,11,2,9
S01011018,O P Q. Public administration education and health,122,116,41,75,6,1,5
S01011018,R S T U. Other,24,15,6,9,9,4,5
S01011019,All people aged 16 to 74 in employment,530,429,120,309,101,29,72
S01011019,A B D E. Agriculture energy and water,30,20,2,18,10,3,7
S01011019,C. Manufacturing,28,22,2,20,6,1,5
S01011019,F. Construction,57,43,3,40,14,2,12
S01011019,G I. Distribution hotels and restaurants,82,68,37,31,14,4,10
S01011019,H J. Transport and communication,39,31,7,24,8,2,6
S01011019,K L M N. Financial real estate professional and administrative activities,122,96,17,79,26,9,17
S01011019,O P Q. Public administration education and health,147,137,46,91,10,4,6
S01011019,R S T U. Other,25,12,6,6,13,4,9
S01011020,All people aged 16 to 74 in employment,255,216,50,166,39,9,30
S01011020,A B D E. Agriculture energy and water,21,14,3,11,7,0,7
S01011020,C. Manufacturing,15,14,0,14,1,1,0
S01011020,F. Construction,34,27,2,25,7,1,6
S01011020,G I. Distribution hotels and restaurants,19,16,6,10,3,0,3
S01011020,H J. Transport and communication,23,16,2,14,7,3,4
S01011020,K L M N. Financial real estate professional and administrative activities,53,45,9,36,8,2,6
S01011020,O P Q. Public administration education and health,77,74,24,50,3,1,2
S01011020,R S T U. Other,13,10,4,6,3,1,2
S01011021,All people aged 16 to 74 in employment,395,359,103,256,36,10,26
S01011021,A B D E. Agriculture energy and water,11,10,0,10,1,0,1
S01011021,C. Manufacturing,28,26,1,25,2,0,2
S01011021,F. Construction,34,21,2,19,13,4,9
S01011021,G I. Distribution hotels and restaurants,86,85,36,49,1,0,1
S01011021,H J. Transport and communication,32,25,4,21,7,2,5
S01011021,K L M N. Financial real estate professional and administrative activities,56,49,14,35,7,1,6
S01011021,O P Q. Public administration education and health,132,130,42,88,2,1,1
S01011021,R S T U. Other,16,13,4,9,3,2,1
S01011022,All people aged 16 to 74 in employment,269,243,81,162,26,7,19
S01011022,A B D E. Agriculture energy and water,10,10,1,9,0,0,0
S01011022,C. Manufacturing,10,10,0,10,0,0,0
S01011022,F. Construction,24,16,2,14,8,1,7
S01011022,G I. Distribution hotels and restaurants,70,65,33,32,5,2,3
S01011022,H J. Transport and communication,23,20,3,17,3,0,3
S01011022,K L M N. Financial real estate professional and administrative activities,34,27,5,22,7,3,4
S01011022,O P Q. Public administration education and health,86,85,36,49,1,0,1
S01011022,R S T U. Other,12,10,1,9,2,1,1
S01011023,All people aged 16 to 74 in employment,409,365,107,258,44,12,32
S01011023,A B D E. Agriculture energy and water,9,9,1,8,0,0,0
S01011023,C. Manufacturing,22,21,1,20,1,0,1
S01011023,F. Construction,43,27,1,26,16,4,12
S01011023,G I. Distribution hotels and restaurants,90,85,40,45,5,1,4
S01011023,H J. Transport and communication,37,26,5,21,11,2,9
S01011023,K L M N. Financial real estate professional and administrative activities,73,67,13,54,6,1,5
S01011023,O P Q. Public administration education and health,117,115,39,76,2,1,1
S01011023,R S T U. Other,18,15,7,8,3,3,0
S01011024,All people aged 16 to 74 in employment,321,298,95,203,23,8,15
S01011024,A B D E. Agriculture energy and water,12,11,1,10,1,0,1
S01011024,C. Manufacturing,16,16,2,14,0,0,0
S01011024,F. Construction,39,31,5,26,8,1,7
S01011024,G I. Distribution hotels and restaurants,89,86,40,46,3,1,2
S01011024,H J. Transport and communication,28,24,2,22,4,1,3
S01011024,K L M N. Financial real estate professional and administrative activities,40,36,9,27,4,4,0
S01011024,O P Q. Public administration education and health,88,86,34,52,2,1,1
S01011024,R S T U. Other,9,8,2,6,1,0,1
S01011025,All people aged 16 to 74 in employment,351,332,114,218,19,5,14
S01011025,A B D E. Agriculture energy and water,5,5,0,5,0,0,0
S01011025,C. Manufacturing,24,23,3,20,1,1,0
S01011025,F. Construction,28,27,3,24,1,0,1
S01011025,G I. Distribution hotels and restaurants,97,92,51,41,5,1,4
S01011025,H J. Transport and communication,37,32,3,29,5,0,5
S01011025,K L M N. Financial real estate professional and administrative activities,48,45,15,30,3,1,2
S01011025,O P Q. Public administration education and health,94,92,33,59,2,1,1
S01011025,R S T U. Other,18,16,6,10,2,1,1
S01011026,All people aged 16 to 74 in employment,265,242,66,176,23,6,17
S01011026,A B D E. Agriculture energy and water,1,1,0,1,0,0,0
S01011026,C. Manufacturing,9,8,1,7,1,0,1
S01011026,F. Construction,37,28,0,28,9,3,6
S01011026,G I. Distribution hotels and restaurants,70,67,28,39,3,0,3
S01011026,H J. Transport and communication,25,23,2,21,2,0,2
S01011026,K L M N. Financial real estate professional and administrative activities,36,31,7,24,5,2,3
S01011026,O P Q. Public administration education and health,77,74,23,51,3,1,2
S01011026,R S T U. Other,10,10,5,5,0,0,0
S01011027,All people aged 16 to 74 in employment,386,355,99,256,31,9,22
S01011027,A B D E. Agriculture energy and water,4,4,0,4,0,0,0
S01011027,C. Manufacturing,19,19,3,16,0,0,0
S01011027,F. Construction,41,33,0,33,8,0,8
S01011027,G I. Distribution hotels and restaurants,95,93,37,56,2,0,2
S01011027,H J. Transport and communication,39,33,2,31,6,2,4
S01011027,K L M N. Financial real estate professional and administrative activities,59,52,15,37,7,5,2
S01011027,O P Q. Public administration education and health,108,104,34,70,4,1,3
S01011027,R S T U. Other,21,17,8,9,4,1,3
S01011028,All people aged 16 to 74 in employment,371,343,111,232,28,6,22
S01011028,A B D E. Agriculture energy and water,11,11,0,11,0,0,0
S01011028,C. Manufacturing,26,25,5,20,1,0,1
S01011028,F. Construction,42,30,0,30,12,0,12
S01011028,G I. Distribution hotels and restaurants,87,84,36,48,3,1,2
S01011028,H J. Transport and communication,32,26,5,21,6,1,5
S01011028,K L M N. Financial real estate professional and administrative activities,58,54,9,45,4,3,1
S01011028,O P Q. Public administration education and health,92,92,46,46,0,0,0
S01011028,R S T U. Other,23,21,10,11,2,1,1
S01011029,All people aged 16 to 74 in employment,297,275,74,201,22,6,16
S01011029,A B D E. Agriculture energy and water,10,10,1,9,0,0,0
S01011029,C. Manufacturing,20,20,2,18,0,0,0
S01011029,F. Construction,36,27,1,26,9,0,9
S01011029,G I. Distribution hotels and restaurants,63,63,31,32,0,0,0
S01011029,H J. Transport and communication,22,19,1,18,3,0,3
S01011029,K L M N. Financial real estate professional and administrative activities,36,32,4,28,4,4,0
S01011029,O P Q. Public administration education and health,93,92,32,60,1,1,0
S01011029,R S T U. Other,17,12,2,10,5,1,4
S01011030,All people aged 16 to 74 in employment,552,496,117,379,56,20,36
S01011030,A B D E. Agriculture energy and water,12,11,0,11,1,1,0
S01011030,C. Manufacturing,34,31,0,31,3,0,3
S01011030,F. Construction,59,43,3,40,16,1,15
S01011030,G I. Distribution hotels and restaurants,102,98,44,54,4,1,3
S01011030,H J. Transport and communication,48,38,0,38,10,3,7
S01011030,K L M N. Financial real estate professional and administrative activities,94,84,27,57,10,6,4
S01011030,O P Q. Public administration education and health,171,164,39,125,7,6,1
S01011030,R S T U. Other,32,27,4,23,5,2,3
S01011031,All people aged 16 to 74 in employment,309,289,95,194,20,6,14
S01011031,A B D E. Agriculture energy and water,7,5,0,5,2,0,2
S01011031,C. Manufacturing,18,18,2,16,0,0,0
S01011031,F. Construction,39,30,1,29,9,2,7
S01011031,G I. Distribution hotels and restaurants,60,60,27,33,0,0,0
S01011031,H J. Transport and communication,18,16,3,13,2,1,1
S01011031,K L M N. Financial real estate professional and administrative activities,50,48,13,35,2,0,2
S01011031,O P Q. Public administration education and health,99,97,44,53,2,1,1
S01011031,R S T U. Other,18,15,5,10,3,2,1
S01011032,All people aged 16 to 74 in employment,355,319,98,221,36,15,21
S01011032,A B D E. Agriculture energy and water,8,8,0,8,0,0,0
S01011032,C. Manufacturing,29,26,2,24,3,2,1
S01011032,F. Construction,33,26,2,24,7,2,5
S01011032,G I. Distribution hotels and restaurants,78,71,34,37,7,2,5
S01011032,H J. Transport and communication,18,13,2,11,5,1,4
S01011032,K L M N. Financial real estate professional and administrative activities,50,44,9,35,6,3,3
S01011032,O P Q. Public administration education and health,120,113,41,72,7,4,3
S01011032,R S T U. Other,19,18,8,10,1,1,0
S01011033,All people aged 16 to 74 in employment,360,330,77,253,30,6,24
S01011033,A B D E. Agriculture energy and water,12,12,1,11,0,0,0
S01011033,C. Manufacturing,23,22,1,21,1,0,1
S01011033,F. Construction,38,26,3,23,12,1,11
S01011033,G I. Distribution hotels and restaurants,66,60,25,35,6,1,5
S01011033,H J. Transport and communication,22,17,1,16,5,2,3
S01011033,K L M N. Financial real estate professional and administrative activities,58,53,3,50,5,1,4
S01011033,O P Q. Public administration education and health,124,123,38,85,1,1,0
S01011033,R S T U. Other,17,17,5,12,0,0,0
S01011034,All people aged 16 to 74 in employment,299,268,82,186,31,5,26
S01011034,A B D E. Agriculture energy and water,7,7,0,7,0,0,0
S01011034,C. Manufacturing,16,16,2,14,0,0,0
S01011034,F. Construction,26,16,1,15,10,1,9
S01011034,G I. Distribution hotels and restaurants,67,63,24,39,4,0,4
S01011034,H J. Transport and communication,19,15,3,12,4,0,4
S01011034,K L M N. Financial real estate professional and administrative activities,41,36,8,28,5,3,2
S01011034,O P Q. Public administration education and health,106,101,36,65,5,1,4
S01011034,R S T U. Other,17,14,8,6,3,0,3
S01011035,All people aged 16 to 74 in employment,311,279,82,197,32,7,25
S01011035,A B D E. Agriculture energy and water,6,5,1,4,1,0,1
S01011035,C. Manufacturing,20,18,2,16,2,1,1
S01011035,F. Construction,31,20,1,19,11,0,11
S01011035,G I. Distribution hotels and restaurants,59,55,32,23,4,1,3
S01011035,H J. Transport and communication,27,25,6,19,2,0,2
S01011035,K L M N. Financial real estate professional and administrative activities,55,51,8,43,4,2,2
S01011035,O P Q. Public administration education and health,96,89,30,59,7,3,4
S01011035,R S T U. Other,17,16,2,14,1,0,1
S01011036,All people aged 16 to 74 in employment,341,306,89,217,35,5,30
S01011036,A B D E. Agriculture energy and water,7,7,0,7,0,0,0
S01011036,C. Manufacturing,20,19,0,19,1,0,1
S01011036,F. Construction,30,20,0,20,10,2,8
S01011036,G I. Distribution hotels and restaurants,78,74,37,37,4,0,4
S01011036,H J. Transport and communication,31,21,4,17,10,1,9
S01011036,K L M N. Financial real estate professional and administrative activities,59,56,13,43,3,0,3
S01011036,O P Q. Public administration education and health,97,93,32,61,4,1,3
S01011036,R S T U. Other,19,16,3,13,3,1,2
S01011037,All people aged 16 to 74 in employment,415,371,113,258,44,14,30
S01011037,A B D E. Agriculture energy and water,12,10,1,9,2,1,1
S01011037,C. Manufacturing,12,11,0,11,1,1,0
S01011037,F. Construction,42,31,1,30,11,2,9
S01011037,G I. Distribution hotels and restaurants,104,93,40,53,11,3,8
S01011037,H J. Transport and communication,36,28,7,21,8,1,7
S01011037,K L M N. Financial real estate professional and administrative activities,70,65,13,52,5,2,3
S01011037,O P Q. Public administration education and health,126,123,47,76,3,3,0
S01011037,R S T U. Other,13,10,4,6,3,1,2
S01011038,All people aged 16 to 74 in employment,348,318,101,217,30,8,22
S01011038,A B D E. Agriculture energy and water,13,13,0,13,0,0,0
S01011038,C. Manufacturing,16,16,2,14,0,0,0
S01011038,F. Construction,23,16,2,14,7,2,5
S01011038,G I. Distribution hotels and restaurants,90,82,39,43,8,2,6
S01011038,H J. Transport and communication,30,23,5,18,7,1,6
S01011038,K L M N. Financial real estate professional and administrative activities,51,50,12,38,1,1,0
S01011038,O P Q. Public administration education and health,97,93,30,63,4,1,3
S01011038,R S T U. Other,28,25,11,14,3,1,2
S01011039,All people aged 16 to 74 in employment,400,358,82,276,42,10,32
S01011039,A B D E. Agriculture energy and water,16,13,0,13,3,1,2
S01011039,C. Manufacturing,20,19,0,19,1,0,1
S01011039,F. Construction,44,34,3,31,10,0,10
S01011039,G I. Distribution hotels and restaurants,74,68,25,43,6,3,3
S01011039,H J. Transport and communication,27,21,4,17,6,1,5
S01011039,K L M N. Financial real estate professional and administrative activities,72,64,12,52,8,1,7
S01011039,O P Q. Public administration education and health,127,123,32,91,4,3,1
S01011039,R S T U. Other,20,16,6,10,4,1,3
S01011040,All people aged 16 to 74 in employment,308,286,81,205,22,5,17
S01011040,A B D E. Agriculture energy and water,1,1,0,1,0,0,0
S01011040,C. Manufacturing,14,13,2,11,1,0,1
S01011040,F. Construction,49,39,4,35,10,0,10
S01011040,G I. Distribution hotels and restaurants,73,70,27,43,3,1,2
S01011040,H J. Transport and communication,14,14,0,14,0,0,0
S01011040,K L M N. Financial real estate professional and administrative activities,59,56,12,44,3,0,3
S01011040,O P Q. Public administration education and health,83,80,31,49,3,2,1
S01011040,R S T U. Other,15,13,5,8,2,2,0
S01011041,All people aged 16 to 74 in employment,278,254,91,163,24,5,19
S01011041,A B D E. Agriculture energy and water,3,3,0,3,0,0,0
S01011041,C. Manufacturing,13,10,0,10,3,1,2
S01011041,F. Construction,22,13,0,13,9,3,6
S01011041,G I. Distribution hotels and restaurants,73,66,26,40,7,1,6
S01011041,H J. Transport and communication,13,13,3,10,0,0,0
S01011041,K L M N. Financial real estate professional and administrative activities,46,45,17,28,1,0,1
S01011041,O P Q. Public administration education and health,88,85,37,48,3,0,3
S01011041,R S T U. Other,20,19,8,11,1,0,1
S01011042,All people aged 16 to 74 in employment,430,384,96,288,46,14,32
S01011042,A B D E. Agriculture energy and water,11,11,2,9,0,0,0
S01011042,C. Manufacturing,25,22,4,18,3,0,3
S01011042,F. Construction,59,46,3,43,13,2,11
S01011042,G I. Distribution hotels and restaurants,70,62,21,41,8,3,5
S01011042,H J. Transport and communication,22,17,3,14,5,2,3
S01011042,K L M N. Financial real estate professional and administrative activities,82,74,9,65,8,1,7
S01011042,O P Q. Public administration education and health,137,131,47,84,6,4,2
S01011042,R S T U. Other,24,21,7,14,3,2,1
S01011043,All people aged 16 to 74 in employment,302,277,78,199,25,12,13
S01011043,A B D E. Agriculture energy and water,1,1,0,1,0,0,0
S01011043,C. Manufacturing,27,26,2,24,1,0,1
S01011043,F. Construction,35,31,1,30,4,2,2
S01011043,G I. Distribution hotels and restaurants,59,55,24,31,4,3,1
S01011043,H J. Transport and communication,18,16,0,16,2,0,2
S01011043,K L M N. Financial real estate professional and administrative activities,41,36,9,27,5,2,3
S01011043,O P Q. Public administration education and health,105,101,39,62,4,2,2
S01011043,R S T U. Other,16,11,3,8,5,3,2
S01011044,All people aged 16 to 74 in employment,309,269,78,191,40,15,25
S01011044,A B D E. Agriculture energy and water,13,11,3,8,2,0,2
S01011044,C. Manufacturing,16,16,1,15,0,0,0
S01011044,F. Construction,19,12,1,11,7,2,5
S01011044,G I. Distribution hotels and restaurants,79,68,29,39,11,4,7
S01011044,H J. Transport and communication,20,15,2,13,5,1,4
S01011044,K L M N. Financial real estate professional and administrative activities,44,41,6,35,3,0,3
S01011044,O P Q. Public administration education and health,99,92,28,64,7,4,3
S01011044,R S T U. Other,19,14,8,6,5,4,1
S01011045,All people aged 16 to 74 in employment,386,275,89,186,111,27,84
S01011045,A B D E. Agriculture energy and water,52,17,1,16,35,5,30
S01011045,C. Manufacturing,69,58,7,51,11,2,9
S01011045,F. Construction,18,9,0,9,9,1,8
S01011045,G I. Distribution hotels and restaurants,63,42,19,23,21,4,17
S01011045,H J. Transport and communication,25,17,7,10,8,1,7
S01011045,K L M N. Financial real estate professional and administrative activities,30,20,4,16,10,5,5
S01011045,O P Q. Public administration education and health,95,84,42,42,11,6,5
S01011045,R S T U. Other,34,28,9,19,6,3,3
S01011046,All people aged 16 to 74 in employment,458,327,85,242,131,25,106
S01011046,A B D E. Agriculture energy and water,69,34,2,32,35,4,31
S01011046,C. Manufacturing,92,82,11,71,10,1,9
S01011046,F. Construction,43,25,2,23,18,2,16
S01011046,G I. Distribution hotels and restaurants,71,47,20,27,24,4,20
S01011046,H J. Transport and communication,22,15,4,11,7,1,6
S01011046,K L M N. Financial real estate professional and administrative activities,57,38,10,28,19,6,13
S01011046,O P Q. Public administration education and health,87,74,30,44,13,5,8
S01011046,R S T U. Other,17,12,6,6,5,2,3
S01011047,All people aged 16 to 74 in employment,465,381,105,276,84,18,66
S01011047,A B D E. Agriculture energy and water,49,19,1,18,30,4,26
S01011047,C. Manufacturing,137,127,16,111,10,2,8
S01011047,F. Construction,44,32,1,31,12,1,11
S01011047,G I. Distribution hotels and restaurants,71,57,26,31,14,4,10
S01011047,H J. Transport and communication,22,20,3,17,2,1,1
S01011047,K L M N. Financial real estate professional and administrative activities,31,25,9,16,6,1,5
S01011047,O P Q. Public administration education and health,96,88,42,46,8,5,3
S01011047,R S T U. Other,15,13,7,6,2,0,2
S01011048,All people aged 16 to 74 in employment,470,398,130,268,72,15,57
S01011048,A B D E. Agriculture energy and water,22,17,2,15,5,2,3
S01011048,C. Manufacturing,119,114,17,97,5,1,4
S01011048,F. Construction,57,50,3,47,7,0,7
S01011048,G I. Distribution hotels and restaurants,86,58,32,26,28,2,26
S01011048,H J. Transport and communication,11,6,0,6,5,1,4
S01011048,K L M N. Financial real estate professional and administrative activities,41,32,15,17,9,5,4
S01011048,O P Q. Public administration education and health,119,109,54,55,10,3,7
S01011048,R S T U. Other,15,12,7,5,3,1,2
S01011049,All people aged 16 to 74 in employment,351,323,92,231,28,7,21
S01011049,A B D E. Agriculture energy and water,12,9,3,6,3,0,3
S01011049,C. Manufacturing,125,122,14,108,3,1,2
S01011049,F. Construction,41,31,0,31,10,1,9
S01011049,G I. Distribution hotels and restaurants,42,39,22,17,3,0,3
S01011049,H J. Transport and communication,14,14,2,12,0,0,0
S01011049,K L M N. Financial real estate professional and administrative activities,28,22,8,14,6,3,3
S01011049,O P Q. Public administration education and health,80,79,40,39,1,1,0
S01011049,R S T U. Other,9,7,3,4,2,1,1
S01011050,All people aged 16 to 74 in employment,411,341,93,248,70,14,56
S01011050,A B D E. Agriculture energy and water,36,14,3,11,22,5,17
S01011050,C. Manufacturing,95,89,9,80,6,0,6
S01011050,F. Construction,38,27,0,27,11,4,7
S01011050,G I. Distribution hotels and restaurants,61,53,30,23,8,2,6
S01011050,H J. Transport and communication,18,15,1,14,3,0,3
S01011050,K L M N. Financial real estate professional and administrative activities,33,24,6,18,9,0,9
S01011050,O P Q. Public administration education and health,113,107,42,65,6,0,6
S01011050,R S T U. Other,17,12,2,10,5,3,2
S01011051,All people aged 16 to 74 in employment,476,395,132,263,81,22,59
S01011051,A B D E. Agriculture energy and water,33,19,2,17,14,1,13
S01011051,C. Manufacturing,105,97,11,86,8,4,4
S01011051,F. Construction,54,37,5,32,17,1,16
S01011051,G I. Distribution hotels and restaurants,81,67,36,31,14,4,10
S01011051,H J. Transport and communication,19,16,4,12,3,1,2
S01011051,K L M N. Financial real estate professional and administrative activities,35,27,7,20,8,3,5
S01011051,O P Q. Public administration education and health,128,118,60,58,10,5,5
S01011051,R S T U. Other,21,14,7,7,7,3,4
S01011052,All people aged 16 to 74 in employment,370,319,95,224,51,14,37
S01011052,A B D E. Agriculture energy and water,13,10,0,10,3,0,3
S01011052,C. Manufacturing,126,123,22,101,3,0,3
S01011052,F. Construction,32,20,1,19,12,1,11
S01011052,G I. Distribution hotels and restaurants,62,51,27,24,11,4,7
S01011052,H J. Transport and communication,16,12,1,11,4,1,3
S01011052,K L M N. Financial real estate professional and administrative activities,19,12,6,6,7,3,4
S01011052,O P Q. Public administration education and health,93,86,34,52,7,2,5
S01011052,R S T U. Other,9,5,4,1,4,3,1
S01011053,All people aged 16 to 74 in employment,293,266,64,202,27,7,20
S01011053,A B D E. Agriculture energy and water,7,5,0,5,2,2,0
S01011053,C. Manufacturing,112,110,13,97,2,1,1
S01011053,F. Construction,36,29,2,27,7,0,7
S01011053,G I. Distribution hotels and restaurants,45,40,17,23,5,0,5
S01011053,H J. Transport and communication,7,7,1,6,0,0,0
S01011053,K L M N. Financial real estate professional and administrative activities,16,12,2,10,4,2,2
S01011053,O P Q. Public administration education and health,63,58,28,30,5,2,3
S01011053,R S T U. Other,7,5,1,4,2,0,2
S01011054,All people aged 16 to 74 in employment,279,234,71,163,45,15,30
S01011054,A B D E. Agriculture energy and water,14,4,0,4,10,1,9
S01011054,C. Manufacturing,88,83,11,72,5,2,3
S01011054,F. Construction,17,12,0,12,5,2,3
S01011054,G I. Distribution hotels and restaurants,51,41,16,25,10,2,8
S01011054,H J. Transport and communication,13,10,3,7,3,0,3
S01011054,K L M N. Financial real estate professional and administrative activities,16,12,4,8,4,2,2
S01011054,O P Q. Public administration education and health,70,65,33,32,5,3,2
S01011054,R S T U. Other,10,7,4,3,3,3,0
S01011055,All people aged 16 to 74 in employment,297,234,64,170,63,14,49
S01011055,A B D E. Agriculture energy and water,38,15,2,13,23,5,18
S01011055,C. Manufacturing,65,62,5,57,3,0,3
S01011055,F. Construction,20,15,1,14,5,1,4
S01011055,G I. Distribution hotels and restaurants,40,30,11,19,10,1,9
S01011055,H J. Transport and communication,12,9,4,5,3,0,3
S01011055,K L M N. Financial real estate professional and administrative activities,30,21,7,14,9,5,4
S01011055,O P Q. Public administration education and health,81,77,33,44,4,1,3
S01011055,R S T U. Other,11,5,1,4,6,1,5
S01011056,All people aged 16 to 74 in employment,372,255,80,175,117,25,92
S01011056,A B D E. Agriculture energy and water,69,17,3,14,52,8,44
S01011056,C. Manufacturing,48,44,4,40,4,2,2
S01011056,F. Construction,43,25,5,20,18,0,18
S01011056,G I. Distribution hotels and restaurants,62,44,23,21,18,5,13
S01011056,H J. Transport and communication,20,18,2,16,2,0,2
S01011056,K L M N. Financial real estate professional and administrative activities,33,26,4,22,7,2,5
S01011056,O P Q. Public administration education and health,81,72,33,39,9,4,5
S01011056,R S T U. Other,16,9,6,3,7,4,3
S01011057,All people aged 16 to 74 in employment,313,248,70,178,65,13,52
S01011057,A B D E. Agriculture energy and water,32,11,1,10,21,2,19
S01011057,C. Manufacturing,49,42,6,36,7,4,3
S01011057,F. Construction,46,32,2,30,14,2,12
S01011057,G I. Distribution hotels and restaurants,60,49,22,27,11,1,10
S01011057,H J. Transport and communication,23,22,1,21,1,0,1
S01011057,K L M N. Financial real estate professional and administrative activities,21,18,5,13,3,1,2
S01011057,O P Q. Public administration education and health,69,65,28,37,4,2,2
S01011057,R S T U. Other,13,9,5,4,4,1,3
S01011058,All people aged 16 to 74 in employment,348,253,75,178,95,24,71
S01011058,A B D E. Agriculture energy and water,61,17,1,16,44,7,37
S01011058,C. Manufacturing,38,28,2,26,10,4,6
S01011058,F. Construction,34,22,2,20,12,3,9
S01011058,G I. Distribution hotels and restaurants,63,50,29,21,13,4,9
S01011058,H J. Transport and communication,14,13,0,13,1,0,1
S01011058,K L M N. Financial real estate professional and administrative activities,38,28,6,22,10,4,6
S01011058,O P Q. Public administration education and health,95,92,33,59,3,1,2
S01011058,R S T U. Other,5,3,2,1,2,1,1
S01011059,All people aged 16 to 74 in employment,323,247,87,160,76,15,61
S01011059,A B D E. Agriculture energy and water,50,19,3,16,31,3,28
S01011059,C. Manufacturing,31,29,5,24,2,1,1
S01011059,F. Construction,35,18,2,16,17,1,16
S01011059,G I. Distribution hotels and restaurants,66,58,31,27,8,4,4
S01011059,H J. Transport and communication,24,19,6,13,5,1,4
S01011059,K L M N. Financial real estate professional and administrative activities,35,28,7,21,7,3,4
S01011059,O P Q. Public administration education and health,74,69,30,39,5,1,4
S01011059,R S T U. Other,8,7,3,4,1,1,0
S01011060,All people aged 16 to 74 in employment,394,339,114,225,55,13,42
S01011060,A B D E. Agriculture energy and water,23,14,2,12,9,2,7
S01011060,C. Manufacturing,58,57,9,48,1,0,1
S01011060,F. Construction,53,39,5,34,14,0,14
S01011060,G I. Distribution hotels and restaurants,82,75,37,38,7,2,5
S01011060,H J. Transport and communication,26,23,9,14,3,1,2
S01011060,K L M N. Financial real estate professional and administrative activities,48,38,11,27,10,1,9
S01011060,O P Q. Public administration education and health,87,78,35,43,9,5,4
S01011060,R S T U. Other,17,15,6,9,2,2,0
S01011061,All people aged 16 to 74 in employment,425,393,127,266,32,10,22
S01011061,A B D E. Agriculture energy and water,19,17,0,17,2,0,2
S01011061,C. Manufacturing,72,70,7,63,2,0,2
S01011061,F. Construction,52,41,1,40,11,1,10
S01011061,G I. Distribution hotels and restaurants,105,101,48,53,4,1,3
S01011061,H J. Transport and communication,36,33,8,25,3,2,1
S01011061,K L M N. Financial real estate professional and administrative activities,29,26,8,18,3,2,1
S01011061,O P Q. Public administration education and health,86,83,47,36,3,2,1
S01011061,R S T U. Other,26,22,8,14,4,2,2
S01011062,All people aged 16 to 74 in employment,486,426,136,290,60,4,56
S01011062,A B D E. Agriculture energy and water,22,18,0,18,4,0,4
S01011062,C. Manufacturing,90,86,8,78,4,0,4
S01011062,F. Construction,82,62,7,55,20,2,18
S01011062,G I. Distribution hotels and restaurants,121,105,54,51,16,2,14
S01011062,H J. Transport and communication,19,19,4,15,0,0,0
S01011062,K L M N. Financial real estate professional and administrative activities,31,22,6,16,9,0,9
S01011062,O P Q. Public administration education and health,95,92,48,44,3,0,3
S01011062,R S T U. Other,26,22,9,13,4,0,4
S01011063,All people aged 16 to 74 in employment,462,422,152,270,40,10,30
S01011063,A B D E. Agriculture energy and water,17,13,0,13,4,1,3
S01011063,C. Manufacturing,93,92,14,78,1,0,1
S01011063,F. Construction,57,46,1,45,11,1,10
S01011063,G I. Distribution hotels and restaurants,121,115,64,51,6,1,5
S01011063,H J. Transport and communication,15,14,4,10,1,0,1
S01011063,K L M N. Financial real estate professional and administrative activities,31,24,5,19,7,2,5
S01011063,O P Q. Public administration education and health,112,106,59,47,6,3,3
S01011063,R S T U. Other,16,12,5,7,4,2,2
S01011064,All people aged 16 to 74 in employment,517,451,124,327,66,10,56
S01011064,A B D E. Agriculture energy and water,31,28,0,28,3,1,2
S01011064,C. Manufacturing,92,86,5,81,6,1,5
S01011064,F. Construction,58,39,0,39,19,1,18
S01011064,G I. Distribution hotels and restaurants,128,106,47,59,22,1,21
S01011064,H J. Transport and communication,39,36,9,27,3,0,3
S01011064,K L M N. Financial real estate professional and administrative activities,46,40,6,34,6,3,3
S01011064,O P Q. Public administration education and health,94,92,46,46,2,1,1
S01011064,R S T U. Other,29,24,11,13,5,2,3
S01011065,All people aged 16 to 74 in employment,327,256,84,172,71,16,55
S01011065,A B D E. Agriculture energy and water,44,30,5,25,14,2,12
S01011065,C. Manufacturing,24,22,0,22,2,0,2
S01011065,F. Construction,32,21,1,20,11,4,7
S01011065,G I. Distribution hotels and restaurants,77,57,27,30,20,2,18
S01011065,H J. Transport and communication,16,12,3,9,4,2,2
S01011065,K L M N. Financial real estate professional and administrative activities,33,23,5,18,10,1,9
S01011065,O P Q. Public administration education and health,89,83,38,45,6,2,4
S01011065,R S T U. Other,12,8,5,3,4,3,1
S01011066,All people aged 16 to 74 in employment,231,174,60,114,57,13,44
S01011066,A B D E. Agriculture energy and water,29,21,0,21,8,1,7
S01011066,C. Manufacturing,25,23,2,21,2,1,1
S01011066,F. Construction,15,4,0,4,11,1,10
S01011066,G I. Distribution hotels and restaurants,73,55,28,27,18,2,16
S01011066,H J. Transport and communication,10,7,3,4,3,2,1
S01011066,K L M N. Financial real estate professional and administrative activities,14,11,2,9,3,1,2
S01011066,O P Q. Public administration education and health,55,48,24,24,7,3,4
S01011066,R S T U. Other,10,5,1,4,5,2,3
S01011067,All people aged 16 to 74 in employment,236,186,53,133,50,16,34
S01011067,A B D E. Agriculture energy and water,20,15,0,15,5,0,5
S01011067,C. Manufacturing,19,18,2,16,1,0,1
S01011067,F. Construction,40,24,0,24,16,3,13
S01011067,G I. Distribution hotels and restaurants,49,39,22,17,10,4,6
S01011067,H J. Transport and communication,12,10,2,8,2,1,1
S01011067,K L M N. Financial real estate professional and administrative activities,21,17,4,13,4,1,3
S01011067,O P Q. Public administration education and health,56,51,15,36,5,3,2
S01011067,R S T U. Other,19,12,8,4,7,4,3
S01011068,All people aged 16 to 74 in employment,242,189,63,126,53,14,39
S01011068,A B D E. Agriculture energy and water,24,16,1,15,8,0,8
S01011068,C. Manufacturing,19,17,1,16,2,0,2
S01011068,F. Construction,26,16,0,16,10,1,9
S01011068,G I. Distribution hotels and restaurants,51,42,23,19,9,4,5
S01011068,H J. Transport and communication,19,14,1,13,5,1,4
S01011068,K L M N. Financial real estate professional and administrative activities,30,25,8,17,5,1,4
S01011068,O P Q. Public administration education and health,59,51,23,28,8,3,5
S01011068,R S T U. Other,14,8,6,2,6,4,2
S01011069,All people aged 16 to 74 in employment,244,212,74,138,32,6,26
S01011069,A B D E. Agriculture energy and water,21,16,1,15,5,0,5
S01011069,C. Manufacturing,30,29,1,28,1,0,1
S01011069,F. Construction,10,6,0,6,4,0,4
S01011069,G I. Distribution hotels and restaurants,67,60,35,25,7,3,4
S01011069,H J. Transport and communication,15,14,1,13,1,0,1
S01011069,K L M N. Financial real estate professional and administrative activities,25,20,5,15,5,1,4
S01011069,O P Q. Public administration education and health,67,60,28,32,7,1,6
S01011069,R S T U. Other,9,7,3,4,2,1,1
S01011070,All people aged 16 to 74 in employment,310,271,83,188,39,12,27
S01011070,A B D E. Agriculture energy and water,38,31,0,31,7,2,5
S01011070,C. Manufacturing,21,18,2,16,3,0,3
S01011070,F. Construction,46,32,2,30,14,4,10
S01011070,G I. Distribution hotels and restaurants,65,59,33,26,6,2,4
S01011070,H J. Transport and communication,19,18,1,17,1,0,1
S01011070,K L M N. Financial real estate professional and administrative activities,28,24,4,20,4,3,1
S01011070,O P Q. Public administration education and health,83,81,35,46,2,0,2
S01011070,R S T U. Other,10,8,6,2,2,1,1
S01011071,All people aged 16 to 74 in employment,388,323,91,232,65,14,51
S01011071,A B D E. Agriculture energy and water,44,30,1,29,14,2,12
S01011071,C. Manufacturing,37,30,3,27,7,2,5
S01011071,F. Construction,43,29,1,28,14,1,13
S01011071,G I. Distribution hotels and restaurants,94,80,30,50,14,3,11
S01011071,H J. Transport and communication,29,26,3,23,3,0,3
S01011071,K L M N. Financial real estate professional and administrative activities,44,39,11,28,5,1,4
S01011071,O P Q. Public administration education and health,84,83,37,46,1,1,0
S01011071,R S T U. Other,13,6,5,1,7,4,3
S01011072,All people aged 16 to 74 in employment,516,435,143,292,81,16,65
S01011072,A B D E. Agriculture energy and water,68,47,3,44,21,4,17
S01011072,C. Manufacturing,47,45,9,36,2,0,2
S01011072,F. Construction,50,34,1,33,16,1,15
S01011072,G I. Distribution hotels and restaurants,107,93,44,49,14,1,13
S01011072,H J. Transport and communication,44,36,7,29,8,2,6
S01011072,K L M N. Financial real estate professional and administrative activities,56,49,16,33,7,2,5
S01011072,O P Q. Public administration education and health,123,117,57,60,6,2,4
S01011072,R S T U. Other,21,14,6,8,7,4,3
S01011073,All people aged 16 to 74 in employment,354,309,106,203,45,14,31
S01011073,A B D E. Agriculture energy and water,47,40,1,39,7,4,3
S01011073,C. Manufacturing,46,44,8,36,2,0,2
S01011073,F. Construction,35,30,3,27,5,1,4
S01011073,G I. Distribution hotels and restaurants,79,72,38,34,7,1,6
S01011073,H J. Transport and communication,17,14,4,10,3,0,3
S01011073,K L M N. Financial real estate professional and administrative activities,31,22,9,13,9,3,6
S01011073,O P Q. Public administration education and health,86,81,39,42,5,0,5
S01011073,R S T U. Other,13,6,4,2,7,5,2
S01011074,All people aged 16 to 74 in employment,320,281,95,186,39,7,32
S01011074,A B D E. Agriculture energy and water,48,40,0,40,8,1,7
S01011074,C. Manufacturing,40,40,6,34,0,0,0
S01011074,F. Construction,30,16,0,16,14,0,14
S01011074,G I. Distribution hotels and restaurants,62,60,33,27,2,0,2
S01011074,H J. Transport and communication,18,18,2,16,0,0,0
S01011074,K L M N. Financial real estate professional and administrative activities,26,21,7,14,5,1,4
S01011074,O P Q. Public administration education and health,82,77,42,35,5,3,2
S01011074,R S T U. Other,14,9,5,4,5,2,3
S01011075,All people aged 16 to 74 in employment,313,284,96,188,29,9,20
S01011075,A B D E. Agriculture energy and water,31,27,2,25,4,0,4
S01011075,C. Manufacturing,66,66,12,54,0,0,0
S01011075,F. Construction,31,21,0,21,10,1,9
S01011075,G I. Distribution hotels and restaurants,82,75,37,38,7,3,4
S01011075,H J. Transport and communication,21,20,7,13,1,1,0
S01011075,K L M N. Financial real estate professional and administrative activities,23,20,6,14,3,0,3
S01011075,O P Q. Public administration education and health,49,49,29,20,0,0,0
S01011075,R S T U. Other,10,6,3,3,4,4,0
S01011076,All people aged 16 to 74 in employment,331,299,89,210,32,5,27
S01011076,A B D E. Agriculture energy and water,40,33,3,30,7,0,7
S01011076,C. Manufacturing,47,44,5,39,3,1,2
S01011076,F. Construction,24,21,1,20,3,0,3
S01011076,G I. Distribution hotels and restaurants,88,77,40,37,11,1,10
S01011076,H J. Transport and communication,16,16,4,12,0,0,0
S01011076,K L M N. Financial real estate professional and administrative activities,34,32,4,28,2,0,2
S01011076,O P Q. Public administration education and health,71,66,28,38,5,2,3
S01011076,R S T U. Other,11,10,4,6,1,1,0
S01011077,All people aged 16 to 74 in employment,300,288,119,169,12,5,7
S01011077,A B D E. Agriculture energy and water,24,22,1,21,2,0,2
S01011077,C. Manufacturing,42,41,8,33,1,0,1
S01011077,F. Construction,21,19,1,18,2,1,1
S01011077,G I. Distribution hotels and restaurants,70,68,38,30,2,0,2
S01011077,H J. Transport and communication,29,29,7,22,0,0,0
S01011077,K L M N. Financial real estate professional and administrative activities,23,22,7,15,1,0,1
S01011077,O P Q. Public administration education and health,77,76,47,29,1,1,0
S01011077,R S T U. Other,14,11,10,1,3,3,0
S01011078,All people aged 16 to 74 in employment,532,454,149,305,78,14,64
S01011078,A B D E. Agriculture energy and water,73,66,4,62,7,0,7
S01011078,C. Manufacturing,58,54,10,44,4,0,4
S01011078,F. Construction,48,39,3,36,9,1,8
S01011078,G I. Distribution hotels and restaurants,125,102,57,45,23,3,20
S01011078,H J. Transport and communication,35,32,4,28,3,0,3
S01011078,K L M N. Financial real estate professional and administrative activities,56,38,10,28,18,5,13
S01011078,O P Q. Public administration education and health,121,113,53,60,8,3,5
S01011078,R S T U. Other,16,10,8,2,6,2,4
S01011079,All people aged 16 to 74 in employment,541,486,139,347,55,11,44
S01011079,A B D E. Agriculture energy and water,88,79,2,77,9,0,9
S01011079,C. Manufacturing,76,72,11,61,4,0,4
S01011079,F. Construction,36,31,0,31,5,0,5
S01011079,G I. Distribution hotels and restaurants,131,116,57,59,15,3,12
S01011079,H J. Transport and communication,35,30,5,25,5,1,4
S01011079,K L M N. Financial real estate professional and administrative activities,36,34,6,28,2,0,2
S01011079,O P Q. Public administration education and health,108,106,48,58,2,1,1
S01011079,R S T U. Other,31,18,10,8,13,6,7
S01011080,All people aged 16 to 74 in employment,468,430,131,299,38,8,30
S01011080,A B D E. Agriculture energy and water,55,48,0,48,7,2,5
S01011080,C. Manufacturing,67,63,8,55,4,0,4
S01011080,F. Construction,37,32,3,29,5,1,4
S01011080,G I. Distribution hotels and restaurants,110,105,52,53,5,0,5
S01011080,H J. Transport and communication,34,30,8,22,4,1,3
S01011080,K L M N. Financial real estate professional and administrative activities,38,34,7,27,4,1,3
S01011080,O P Q. Public administration education and health,103,99,46,53,4,0,4
S01011080,R S T U. Other,24,19,7,12,5,3,2
S01011081,All people aged 16 to 74 in employment,380,351,126,225,29,8,21
S01011081,A B D E. Agriculture energy and water,50,41,0,41,9,3,6
S01011081,C. Manufacturing,54,51,10,41,3,1,2
S01011081,F. Construction,26,21,0,21,5,0,5
S01011081,G I. Distribution hotels and restaurants,97,94,48,46,3,1,2
S01011081,H J. Transport and communication,19,17,4,13,2,0,2
S01011081,K L M N. Financial real estate professional and administrative activities,24,22,8,14,2,0,2
S01011081,O P Q. Public administration education and health,87,86,47,39,1,0,1
S01011081,R S T U. Other,23,19,9,10,4,3,1
S01011082,All people aged 16 to 74 in employment,212,201,70,131,11,2,9
S01011082,A B D E. Agriculture energy and water,28,23,1,22,5,1,4
S01011082,C. Manufacturing,37,37,7,30,0,0,0
S01011082,F. Construction,13,12,0,12,1,0,1
S01011082,G I. Distribution hotels and restaurants,45,45,27,18,0,0,0
S01011082,H J. Transport and communication,18,16,2,14,2,0,2
S01011082,K L M N. Financial real estate professional and administrative activities,16,15,5,10,1,0,1
S01011082,O P Q. Public administration education and health,46,45,25,20,1,0,1
S01011082,R S T U. Other,9,8,3,5,1,1,0
S01011083,All people aged 16 to 74 in employment,370,331,112,219,39,15,24
S01011083,A B D E. Agriculture energy and water,41,34,2,32,7,1,6
S01011083,C. Manufacturing,40,39,3,36,1,0,1
S01011083,F. Construction,41,30,4,26,11,0,11
S01011083,G I. Distribution hotels and restaurants,84,82,40,42,2,2,0
S01011083,H J. Transport and communication,12,10,2,8,2,2,0
S01011083,K L M N. Financial real estate professional and administrative activities,24,19,6,13,5,3,2
S01011083,O P Q. Public administration education and health,118,108,49,59,10,6,4
S01011083,R S T U. Other,10,9,6,3,1,1,0
S01011084,All people aged 16 to 74 in employment,372,299,85,214,73,26,47
S01011084,A B D E. Agriculture energy and water,34,20,0,20,14,2,12
S01011084,C. Manufacturing,36,30,1,29,6,3,3
S01011084,F. Construction,35,22,1,21,13,2,11
S01011084,G I. Distribution hotels and restaurants,60,52,26,26,8,3,5
S01011084,H J. Transport and communication,22,18,3,15,4,1,3
S01011084,K L M N. Financial real estate professional and administrative activities,41,30,10,20,11,6,5
S01011084,O P Q. Public administration education and health,123,115,38,77,8,4,4
S01011084,R S T U. Other,21,12,6,6,9,5,4
S01011085,All people aged 16 to 74 in employment,442,385,114,271,57,20,37
S01011085,A B D E. Agriculture energy and water,30,25,1,24,5,0,5
S01011085,C. Manufacturing,69,65,9,56,4,2,2
S01011085,F. Construction,26,16,0,16,10,1,9
S01011085,G I. Distribution hotels and restaurants,67,58,26,32,9,2,7
S01011085,H J. Transport and communication,37,33,6,27,4,2,2
S01011085,K L M N. Financial real estate professional and administrative activities,43,30,11,19,13,5,8
S01011085,O P Q. Public administration education and health,157,149,57,92,8,5,3
S01011085,R S T U. Other,13,9,4,5,4,3,1
S01011086,All people aged 16 to 74 in employment,311,271,72,199,40,8,32
S01011086,A B D E. Agriculture energy and water,25,13,2,11,12,0,12
S01011086,C. Manufacturing,52,50,7,43,2,0,2
S01011086,F. Construction,32,26,1,25,6,1,5
S01011086,G I. Distribution hotels and restaurants,64,58,23,35,6,3,3
S01011086,H J. Transport and communication,12,10,0,10,2,0,2
S01011086,K L M N. Financial real estate professional and administrative activities,35,31,10,21,4,0,4
S01011086,O P Q. Public administration education and health,79,76,26,50,3,1,2
S01011086,R S T U. Other,12,7,3,4,5,3,2
S01011087,All people aged 16 to 74 in employment,286,256,58,198,30,11,19
S01011087,A B D E. Agriculture energy and water,16,10,0,10,6,0,6
S01011087,C. Manufacturing,63,62,5,57,1,0,1
S01011087,F. Construction,30,27,2,25,3,1,2
S01011087,G I. Distribution hotels and restaurants,62,56,21,35,6,3,3
S01011087,H J. Transport and communication,18,17,2,15,1,0,1
S01011087,K L M N. Financial real estate professional and administrative activities,23,16,4,12,7,3,4
S01011087,O P Q. Public administration education and health,63,61,22,39,2,2,0
S01011087,R S T U. Other,11,7,2,5,4,2,2
S01011088,All people aged 16 to 74 in employment,457,399,103,296,58,20,38
S01011088,A B D E. Agriculture energy and water,22,20,0,20,2,0,2
S01011088,C. Manufacturing,52,47,10,37,5,1,4
S01011088,F. Construction,43,34,0,34,9,3,6
S01011088,G I. Distribution hotels and restaurants,88,73,32,41,15,3,12
S01011088,H J. Transport and communication,23,22,1,21,1,1,0
S01011088,K L M N. Financial real estate professional and administrative activities,36,25,9,16,11,4,7
S01011088,O P Q. Public administration education and health,174,166,47,119,8,5,3
S01011088,R S T U. Other,19,12,4,8,7,3,4
S01011089,All people aged 16 to 74 in employment,276,248,91,157,28,7,21
S01011089,A B D E. Agriculture energy and water,15,13,2,11,2,0,2
S01011089,C. Manufacturing,26,26,1,25,0,0,0
S01011089,F. Construction,24,17,0,17,7,1,6
S01011089,G I. Distribution hotels and restaurants,77,73,38,35,4,1,3
S01011089,H J. Transport and communication,15,14,2,12,1,1,0
S01011089,K L M N. Financial real estate professional and administrative activities,18,13,4,9,5,1,4
S01011089,O P Q. Public administration education and health,91,86,42,44,5,2,3
S01011089,R S T U. Other,10,6,2,4,4,1,3
S01011090,All people aged 16 to 74 in employment,369,296,85,211,73,12,61
S01011090,A B D E. Agriculture energy and water,64,32,1,31,32,2,30
S01011090,C. Manufacturing,51,46,4,42,5,2,3
S01011090,F. Construction,23,16,1,15,7,1,6
S01011090,G I. Distribution hotels and restaurants,69,58,30,28,11,1,10
S01011090,H J. Transport and communication,21,13,1,12,8,4,4
S01011090,K L M N. Financial real estate professional and administrative activities,50,43,12,31,7,0,7
S01011090,O P Q. Public administration education and health,82,80,32,48,2,2,0
S01011090,R S T U. Other,9,8,4,4,1,0,1
S01011091,All people aged 16 to 74 in employment,360,284,78,206,76,20,56
S01011091,A B D E. Agriculture energy and water,53,33,4,29,20,2,18
S01011091,C. Manufacturing,43,38,8,30,5,0,5
S01011091,F. Construction,34,24,1,23,10,3,7
S01011091,G I. Distribution hotels and restaurants,55,40,15,25,15,3,12
S01011091,H J. Transport and communication,18,16,3,13,2,2,0
S01011091,K L M N. Financial real estate professional and administrative activities,35,21,6,15,14,5,9
S01011091,O P Q. Public administration education and health,105,100,35,65,5,1,4
S01011091,R S T U. Other,17,12,6,6,5,4,1
S01011092,All people aged 16 to 74 in employment,186,168,66,102,18,8,10
S01011092,A B D E. Agriculture energy and water,2,2,0,2,0,0,0
S01011092,C. Manufacturing,15,13,1,12,2,0,2
S01011092,F. Construction,25,18,2,16,7,2,5
S01011092,G I. Distribution hotels and restaurants,51,47,25,22,4,2,2
S01011092,H J. Transport and communication,14,13,0,13,1,1,0
S01011092,K L M N. Financial real estate professional and administrative activities,11,9,4,5,2,1,1
S01011092,O P Q. Public administration education and health,65,63,32,31,2,2,0
S01011092,R S T U. Other,3,3,2,1,0,0,0
S01011093,All people aged 16 to 74 in employment,336,265,75,190,71,11,60
S01011093,A B D E. Agriculture energy and water,31,22,2,20,9,1,8
S01011093,C. Manufacturing,44,42,6,36,2,0,2
S01011093,F. Construction,41,23,2,21,18,0,18
S01011093,G I. Distribution hotels and restaurants,54,39,20,19,15,4,11
S01011093,H J. Transport and communication,14,11,1,10,3,1,2
S01011093,K L M N. Financial real estate professional and administrative activities,40,28,7,21,12,1,11
S01011093,O P Q. Public administration education and health,93,87,32,55,6,2,4
S01011093,R S T U. Other,19,13,5,8,6,2,4
S01011094,All people aged 16 to 74 in employment,275,210,64,146,65,25,40
S01011094,A B D E. Agriculture energy and water,33,24,0,24,9,4,5
S01011094,C. Manufacturing,19,17,2,15,2,0,2
S01011094,F. Construction,14,8,0,8,6,3,3
S01011094,G I. Distribution hotels and restaurants,43,27,12,15,16,8,8
S01011094,H J. Transport and communication,10,7,4,3,3,1,2
S01011094,K L M N. Financial real estate professional and administrative activities,40,27,7,20,13,4,9
S01011094,O P Q. Public administration education and health,103,92,34,58,11,4,7
S01011094,R S T U. Other,13,8,5,3,5,1,4
S01011095,All people aged 16 to 74 in employment,436,344,90,254,92,20,72
S01011095,A B D E. Agriculture energy and water,44,26,2,24,18,4,14
S01011095,C. Manufacturing,34,32,1,31,2,0,2
S01011095,F. Construction,37,23,1,22,14,0,14
S01011095,G I. Distribution hotels and restaurants,93,71,30,41,22,1,21
S01011095,H J. Transport and communication,22,14,3,11,8,2,6
S01011095,K L M N. Financial real estate professional and administrative activities,46,33,6,27,13,6,7
S01011095,O P Q. Public administration education and health,145,136,45,91,9,3,6
S01011095,R S T U. Other,15,9,2,7,6,4,2
S01011096,All people aged 16 to 74 in employment,315,267,60,207,48,10,38
S01011096,A B D E. Agriculture energy and water,37,24,1,23,13,2,11
S01011096,C. Manufacturing,30,30,3,27,0,0,0
S01011096,F. Construction,24,16,1,15,8,0,8
S01011096,G I. Distribution hotels and restaurants,52,50,22,28,2,0,2
S01011096,H J. Transport and communication,18,17,5,12,1,1,0
S01011096,K L M N. Financial real estate professional and administrative activities,33,20,4,16,13,2,11
S01011096,O P Q. Public administration education and health,112,104,23,81,8,5,3
S01011096,R S T U. Other,9,6,1,5,3,0,3
S01011097,All people aged 16 to 74 in employment,376,304,97,207,72,24,48
S01011097,A B D E. Agriculture energy and water,33,22,2,20,11,2,9
S01011097,C. Manufacturing,37,30,3,27,7,1,6
S01011097,F. Construction,45,28,2,26,17,5,12
S01011097,G I. Distribution hotels and restaurants,60,53,22,31,7,5,2
S01011097,H J. Transport and communication,7,6,1,5,1,0,1
S01011097,K L M N. Financial real estate professional and administrative activities,54,34,14,20,20,10,10
S01011097,O P Q. Public administration education and health,130,122,47,75,8,1,7
S01011097,R S T U. Other,10,9,6,3,1,0,1
S01011098,All people aged 16 to 74 in employment,402,366,102,264,36,10,26
S01011098,A B D E. Agriculture energy and water,21,14,0,14,7,1,6
S01011098,C. Manufacturing,51,48,8,40,3,1,2
S01011098,F. Construction,33,27,2,25,6,0,6
S01011098,G I. Distribution hotels and restaurants,106,98,42,56,8,1,7
S01011098,H J. Transport and communication,19,19,1,18,0,0,0
S01011098,K L M N. Financial real estate professional and administrative activities,17,16,1,15,1,0,1
S01011098,O P Q. Public administration education and health,140,134,44,90,6,5,1
S01011098,R S T U. Other,15,10,4,6,5,2,3
S01011099,All people aged 16 to 74 in employment,411,378,115,263,33,12,21
S01011099,A B D E. Agriculture energy and water,22,21,2,19,1,0,1
S01011099,C. Manufacturing,56,53,10,43,3,1,2
S01011099,F. Construction,49,39,1,38,10,0,10
S01011099,G I. Distribution hotels and restaurants,100,95,46,49,5,3,2
S01011099,H J. Transport and communication,20,19,5,14,1,0,1
S01011099,K L M N. Financial real estate professional and administrative activities,39,35,8,27,4,4,0
S01011099,O P Q. Public administration education and health,105,101,38,63,4,3,1
S01011099,R S T U. Other,20,15,5,10,5,1,4
S01011100,All people aged 16 to 74 in employment,209,186,52,134,23,4,19
S01011100,A B D E. Agriculture energy and water,11,9,0,9,2,0,2
S01011100,C. Manufacturing,22,19,2,17,3,1,2
S01011100,F. Construction,28,22,1,21,6,0,6
S01011100,G I. Distribution hotels and restaurants,55,52,22,30,3,0,3
S01011100,H J. Transport and communication,6,5,0,5,1,0,1
S01011100,K L M N. Financial real estate professional and administrative activities,20,20,3,17,0,0,0
S01011100,O P Q. Public administration education and health,60,54,21,33,6,3,3
S01011100,R S T U. Other,7,5,3,2,2,0,2
S01011101,All people aged 16 to 74 in employment,272,262,91,171,10,2,8
S01011101,A B D E. Agriculture energy and water,10,10,0,10,0,0,0
S01011101,C. Manufacturing,46,45,7,38,1,0,1
S01011101,F. Construction,31,29,0,29,2,0,2
S01011101,G I. Distribution hotels and restaurants,73,70,35,35,3,0,3
S01011101,H J. Transport and communication,18,16,5,11,2,0,2
S01011101,K L M N. Financial real estate professional and administrative activities,25,23,13,10,2,2,0
S01011101,O P Q. Public administration education and health,55,55,22,33,0,0,0
S01011101,R S T U. Other,14,14,9,5,0,0,0
S01011102,All people aged 16 to 74 in employment,301,285,82,203,16,3,13
S01011102,A B D E. Agriculture energy and water,11,9,2,7,2,0,2
S01011102,C. Manufacturing,56,56,4,52,0,0,0
S01011102,F. Construction,22,20,0,20,2,0,2
S01011102,G I. Distribution hotels and restaurants,79,77,36,41,2,0,2
S01011102,H J. Transport and communication,17,15,3,12,2,0,2
S01011102,K L M N. Financial real estate professional and administrative activities,27,24,5,19,3,1,2
S01011102,O P Q. Public administration education and health,79,76,27,49,3,0,3
S01011102,R S T U. Other,10,8,5,3,2,2,0
S01011103,All people aged 16 to 74 in employment,276,255,74,181,21,6,15
S01011103,A B D E. Agriculture energy and water,13,12,0,12,1,0,1
S01011103,C. Manufacturing,36,35,7,28,1,0,1
S01011103,F. Construction,19,16,2,14,3,0,3
S01011103,G I. Distribution hotels and restaurants,89,83,36,47,6,1,5
S01011103,H J. Transport and communication,21,18,1,17,3,1,2
S01011103,K L M N. Financial real estate professional and administrative activities,18,15,4,11,3,2,1
S01011103,O P Q. Public administration education and health,74,72,23,49,2,1,1
S01011103,R S T U. Other,6,4,1,3,2,1,1
S01011104,All people aged 16 to 74 in employment,280,244,66,178,36,12,24
S01011104,A B D E. Agriculture energy and water,9,8,1,7,1,0,1
S01011104,C. Manufacturing,29,28,1,27,1,0,1
S01011104,F. Construction,19,15,1,14,4,0,4
S01011104,G I. Distribution hotels and restaurants,66,60,21,39,6,1,5
S01011104,H J. Transport and communication,7,4,1,3,3,0,3
S01011104,K L M N. Financial real estate professional and administrative activities,28,21,6,15,7,2,5
S01011104,O P Q. Public administration education and health,111,103,33,70,8,6,2
S01011104,R S T U. Other,11,5,2,3,6,3,3
S01011105,All people aged 16 to 74 in employment,408,369,90,279,39,7,32
S01011105,A B D E. Agriculture energy and water,15,14,0,14,1,0,1
S01011105,C. Manufacturing,74,70,12,58,4,0,4
S01011105,F. Construction,45,36,1,35,9,0,9
S01011105,G I. Distribution hotels and restaurants,95,88,32,56,7,1,6
S01011105,H J. Transport and communication,29,27,3,24,2,0,2
S01011105,K L M N. Financial real estate professional and administrative activities,25,22,3,19,3,1,2
S01011105,O P Q. Public administration education and health,107,102,36,66,5,2,3
S01011105,R S T U. Other,18,10,3,7,8,3,5
S01011106,All people aged 16 to 74 in employment,451,425,117,308,26,13,13
S01011106,A B D E. Agriculture energy and water,24,24,0,24,0,0,0
S01011106,C. Manufacturing,47,46,8,38,1,1,0
S01011106,F. Construction,21,19,3,16,2,0,2
S01011106,G I. Distribution hotels and restaurants,87,86,51,35,1,0,1
S01011106,H J. Transport and communication,10,7,2,5,3,0,3
S01011106,K L M N. Financial real estate professional and administrative activities,19,15,4,11,4,1,3
S01011106,O P Q. Public administration education and health,222,213,41,172,9,7,2
S01011106,R S T U. Other,21,15,8,7,6,4,2
S01011107,All people aged 16 to 74 in employment,488,462,125,337,26,5,21
S01011107,A B D E. Agriculture energy and water,34,32,0,32,2,1,1
S01011107,C. Manufacturing,62,60,10,50,2,0,2
S01011107,F. Construction,48,41,2,39,7,0,7
S01011107,G I. Distribution hotels and restaurants,115,112,50,62,3,0,3
S01011107,H J. Transport and communication,19,17,1,16,2,0,2
S01011107,K L M N. Financial real estate professional and administrative activities,34,28,6,22,6,1,5
S01011107,O P Q. Public administration education and health,162,161,50,111,1,0,1
S01011107,R S T U. Other,14,11,6,5,3,3,0
S01011108,All people aged 16 to 74 in employment,299,273,90,183,26,16,10
S01011108,A B D E. Agriculture energy and water,9,9,0,9,0,0,0
S01011108,C. Manufacturing,28,28,2,26,0,0,0
S01011108,F. Construction,45,37,1,36,8,2,6
S01011108,G I. Distribution hotels and restaurants,62,61,33,28,1,1,0
S01011108,H J. Transport and communication,20,17,1,16,3,2,1
S01011108,K L M N. Financial real estate professional and administrative activities,25,21,8,13,4,3,1
S01011108,O P Q. Public administration education and health,98,93,41,52,5,3,2
S01011108,R S T U. Other,12,7,4,3,5,5,0
S01011109,All people aged 16 to 74 in employment,434,392,103,289,42,10,32
S01011109,A B D E. Agriculture energy and water,22,21,0,21,1,0,1
S01011109,C. Manufacturing,68,68,9,59,0,0,0
S01011109,F. Construction,60,43,1,42,17,2,15
S01011109,G I. Distribution hotels and restaurants,109,101,42,59,8,1,7
S01011109,H J. Transport and communication,18,16,4,12,2,0,2
S01011109,K L M N. Financial real estate professional and administrative activities,39,33,12,21,6,2,4
S01011109,O P Q. Public administration education and health,99,95,32,63,4,3,1
S01011109,R S T U. Other,19,15,3,12,4,2,2
S01011110,All people aged 16 to 74 in employment,369,351,114,237,18,5,13
S01011110,A B D E. Agriculture energy and water,15,14,0,14,1,0,1
S01011110,C. Manufacturing,56,53,9,44,3,0,3
S01011110,F. Construction,40,36,4,32,4,0,4
S01011110,G I. Distribution hotels and restaurants,100,98,45,53,2,0,2
S01011110,H J. Transport and communication,27,26,4,22,1,0,1
S01011110,K L M N. Financial real estate professional and administrative activities,24,23,7,16,1,1,0
S01011110,O P Q. Public administration education and health,90,86,36,50,4,3,1
S01011110,R S T U. Other,17,15,9,6,2,1,1
S01011111,All people aged 16 to 74 in employment,422,392,137,255,30,9,21
S01011111,A B D E. Agriculture energy and water,23,23,1,22,0,0,0
S01011111,C. Manufacturing,57,56,12,44,1,0,1
S01011111,F. Construction,54,47,3,44,7,2,5
S01011111,G I. Distribution hotels and restaurants,130,119,51,68,11,3,8
S01011111,H J. Transport and communication,21,19,3,16,2,1,1
S01011111,K L M N. Financial real estate professional and administrative activities,39,37,19,18,2,1,1
S01011111,O P Q. Public administration education and health,86,81,44,37,5,1,4
S01011111,R S T U. Other,12,10,4,6,2,1,1
S01011112,All people aged 16 to 74 in employment,514,468,129,339,46,12,34
S01011112,A B D E. Agriculture energy and water,26,25,0,25,1,0,1
S01011112,C. Manufacturing,59,58,4,54,1,0,1
S01011112,F. Construction,54,43,3,40,11,1,10
S01011112,G I. Distribution hotels and restaurants,108,103,47,56,5,0,5
S01011112,H J. Transport and communication,22,20,3,17,2,0,2
S01011112,K L M N. Financial real estate professional and administrative activities,47,42,14,28,5,0,5
S01011112,O P Q. Public administration education and health,174,163,50,113,11,3,8
S01011112,R S T U. Other,24,14,8,6,10,8,2
S01011113,All people aged 16 to 74 in employment,486,454,132,322,32,8,24
S01011113,A B D E. Agriculture energy and water,20,19,0,19,1,0,1
S01011113,C. Manufacturing,48,47,6,41,1,0,1
S01011113,F. Construction,46,38,0,38,8,1,7
S01011113,G I. Distribution hotels and restaurants,154,143,65,78,11,3,8
S01011113,H J. Transport and communication,22,20,4,16,2,0,2
S01011113,K L M N. Financial real estate professional and administrative activities,35,31,5,26,4,1,3
S01011113,O P Q. Public administration education and health,147,143,46,97,4,3,1
S01011113,R S T U. Other,14,13,6,7,1,0,1
S01011114,All people aged 16 to 74 in employment,403,363,98,265,40,6,34
S01011114,A B D E. Agriculture energy and water,16,14,0,14,2,0,2
S01011114,C. Manufacturing,51,50,2,48,1,0,1
S01011114,F. Construction,53,44,2,42,9,2,7
S01011114,G I. Distribution hotels and restaurants,92,82,40,42,10,2,8
S01011114,H J. Transport and communication,10,10,3,7,0,0,0
S01011114,K L M N. Financial real estate professional and administrative activities,37,32,12,20,5,1,4
S01011114,O P Q. Public administration education and health,136,125,39,86,11,1,10
S01011114,R S T U. Other,8,6,0,6,2,0,2
S01011115,All people aged 16 to 74 in employment,461,421,143,278,40,8,32
S01011115,A B D E. Agriculture energy and water,23,21,2,19,2,1,1
S01011115,C. Manufacturing,63,59,6,53,4,0,4
S01011115,F. Construction,52,43,2,41,9,0,9
S01011115,G I. Distribution hotels and restaurants,128,122,61,61,6,1,5
S01011115,H J. Transport and communication,23,18,5,13,5,0,5
S01011115,K L M N. Financial real estate professional and administrative activities,31,29,13,16,2,0,2
S01011115,O P Q. Public administration education and health,124,117,46,71,7,4,3
S01011115,R S T U. Other,17,12,8,4,5,2,3
S01011116,All people aged 16 to 74 in employment,333,311,91,220,22,5,17
S01011116,A B D E. Agriculture energy and water,12,10,0,10,2,0,2
S01011116,C. Manufacturing,32,31,4,27,1,0,1
S01011116,F. Construction,29,25,0,25,4,0,4
S01011116,G I. Distribution hotels and restaurants,93,88,45,43,5,0,5
S01011116,H J. Transport and communication,24,23,1,22,1,0,1
S01011116,K L M N. Financial real estate professional and administrative activities,31,28,11,17,3,1,2
S01011116,O P Q. Public administration education and health,101,97,28,69,4,2,2
S01011116,R S T U. Other,11,9,2,7,2,2,0
S01011117,All people aged 16 to 74 in employment,371,314,79,235,57,14,43
S01011117,A B D E. Agriculture energy and water,15,13,2,11,2,1,1
S01011117,C. Manufacturing,32,31,6,25,1,1,0
S01011117,F. Construction,27,21,1,20,6,1,5
S01011117,G I. Distribution hotels and restaurants,103,87,36,51,16,2,14
S01011117,H J. Transport and communication,21,13,2,11,8,0,8
S01011117,K L M N. Financial real estate professional and administrative activities,41,29,3,26,12,4,8
S01011117,O P Q. Public administration education and health,123,114,27,87,9,4,5
S01011117,R S T U. Other,9,6,2,4,3,1,2
S01011118,All people aged 16 to 74 in employment,413,363,101,262,50,7,43
S01011118,A B D E. Agriculture energy and water,17,14,1,13,3,0,3
S01011118,C. Manufacturing,37,37,8,29,0,0,0
S01011118,F. Construction,21,13,0,13,8,1,7
S01011118,G I. Distribution hotels and restaurants,87,73,29,44,14,1,13
S01011118,H J. Transport and communication,14,11,2,9,3,2,1
S01011118,K L M N. Financial real estate professional and administrative activities,52,44,11,33,8,1,7
S01011118,O P Q. Public administration education and health,164,159,46,113,5,0,5
S01011118,R S T U. Other,21,12,4,8,9,2,7
S01011119,All people aged 16 to 74 in employment,427,374,104,270,53,18,35
S01011119,A B D E. Agriculture energy and water,12,9,0,9,3,0,3
S01011119,C. Manufacturing,62,55,12,43,7,2,5
S01011119,F. Construction,31,28,0,28,3,0,3
S01011119,G I. Distribution hotels and restaurants,84,69,32,37,15,4,11
S01011119,H J. Transport and communication,14,12,3,9,2,0,2
S01011119,K L M N. Financial real estate professional and administrative activities,45,36,9,27,9,2,7
S01011119,O P Q. Public administration education and health,163,152,41,111,11,8,3
S01011119,R S T U. Other,16,13,7,6,3,2,1
S01011120,All people aged 16 to 74 in employment,297,261,70,191,36,12,24
S01011120,A B D E. Agriculture energy and water,11,9,0,9,2,1,1
S01011120,C. Manufacturing,19,17,0,17,2,1,1
S01011120,F. Construction,24,18,3,15,6,1,5
S01011120,G I. Distribution hotels and restaurants,60,54,25,29,6,1,5
S01011120,H J. Transport and communication,10,10,1,9,0,0,0
S01011120,K L M N. Financial real estate professional and administrative activities,32,26,5,21,6,1,5
S01011120,O P Q. Public administration education and health,125,117,32,85,8,4,4
S01011120,R S T U. Other,16,10,4,6,6,3,3
S01011121,All people aged 16 to 74 in employment,290,272,68,204,18,3,15
S01011121,A B D E. Agriculture energy and water,12,10,1,9,2,0,2
S01011121,C. Manufacturing,50,47,8,39,3,1,2
S01011121,F. Construction,23,21,1,20,2,0,2
S01011121,G I. Distribution hotels and restaurants,83,79,30,49,4,1,3
S01011121,H J. Transport and communication,16,14,1,13,2,0,2
S01011121,K L M N. Financial real estate professional and administrative activities,22,19,2,17,3,1,2
S01011121,O P Q. Public administration education and health,74,73,23,50,1,0,1
S01011121,R S T U. Other,10,9,2,7,1,0,1
S01011122,All people aged 16 to 74 in employment,337,304,81,223,33,9,24
S01011122,A B D E. Agriculture energy and water,10,8,0,8,2,0,2
S01011122,C. Manufacturing,39,39,4,35,0,0,0
S01011122,F. Construction,46,33,1,32,13,1,12
S01011122,G I. Distribution hotels and restaurants,79,75,32,43,4,2,2
S01011122,H J. Transport and communication,28,25,5,20,3,0,3
S01011122,K L M N. Financial real estate professional and administrative activities,29,23,6,17,6,2,4
S01011122,O P Q. Public administration education and health,101,97,30,67,4,3,1
S01011122,R S T U. Other,5,4,3,1,1,1,0
S01011123,All people aged 16 to 74 in employment,565,523,152,371,42,14,28
S01011123,A B D E. Agriculture energy and water,33,33,1,32,0,0,0
S01011123,C. Manufacturing,50,48,2,46,2,1,1
S01011123,F. Construction,89,78,1,77,11,3,8
S01011123,G I. Distribution hotels and restaurants,158,150,82,68,8,1,7
S01011123,H J. Transport and communication,39,32,4,28,7,2,5
S01011123,K L M N. Financial real estate professional and administrative activities,37,35,12,23,2,1,1
S01011123,O P Q. Public administration education and health,137,128,43,85,9,4,5
S01011123,R S T U. Other,22,19,7,12,3,2,1
S01011124,All people aged 16 to 74 in employment,345,318,103,215,27,4,23
S01011124,A B D E. Agriculture energy and water,13,12,0,12,1,0,1
S01011124,C. Manufacturing,48,46,6,40,2,0,2
S01011124,F. Construction,41,31,1,30,10,0,10
S01011124,G I. Distribution hotels and restaurants,76,75,44,31,1,0,1
S01011124,H J. Transport and communication,18,16,2,14,2,0,2
S01011124,K L M N. Financial real estate professional and administrative activities,34,30,10,20,4,2,2
S01011124,O P Q. Public administration education and health,102,100,34,66,2,1,1
S01011124,R S T U. Other,13,8,6,2,5,1,4
S01011125,All people aged 16 to 74 in employment,268,252,86,166,16,4,12
S01011125,A B D E. Agriculture energy and water,15,15,0,15,0,0,0
S01011125,C. Manufacturing,38,38,7,31,0,0,0
S01011125,F. Construction,36,30,0,30,6,1,5
S01011125,G I. Distribution hotels and restaurants,68,63,34,29,5,1,4
S01011125,H J. Transport and communication,13,12,2,10,1,0,1
S01011125,K L M N. Financial real estate professional and administrative activities,22,20,7,13,2,1,1
S01011125,O P Q. Public administration education and health,66,65,33,32,1,1,0
S01011125,R S T U. Other,10,9,3,6,1,0,1
S01011126,All people aged 16 to 74 in employment,250,232,76,156,18,5,13
S01011126,A B D E. Agriculture energy and water,3,3,0,3,0,0,0
S01011126,C. Manufacturing,21,21,5,16,0,0,0
S01011126,F. Construction,24,20,0,20,4,0,4
S01011126,G I. Distribution hotels and restaurants,48,45,24,21,3,0,3
S01011126,H J. Transport and communication,11,7,2,5,4,0,4
S01011126,K L M N. Financial real estate professional and administrative activities,20,19,7,12,1,0,1
S01011126,O P Q. Public administration education and health,117,112,35,77,5,4,1
S01011126,R S T U. Other,6,5,3,2,1,1,0
S01011127,All people aged 16 to 74 in employment,241,233,53,180,8,3,5
S01011127,A B D E. Agriculture energy and water,0,0,0,0,0,0,0
S01011127,C. Manufacturing,8,5,2,3,3,2,1
S01011127,F. Construction,3,2,0,2,1,0,1
S01011127,G I. Distribution hotels and restaurants,30,29,19,10,1,1,0
S01011127,H J. Transport and communication,4,3,1,2,1,0,1
S01011127,K L M N. Financial real estate professional and administrative activities,11,10,4,6,1,0,1
S01011127,O P Q. Public administration education and health,178,177,22,155,1,0,1
S01011127,R S T U. Other,7,7,5,2,0,0,0
S01011128,All people aged 16 to 74 in employment,362,331,98,233,31,9,22
S01011128,A B D E. Agriculture energy and water,15,14,0,14,1,0,1
S01011128,C. Manufacturing,38,34,5,29,4,2,2
S01011128,F. Construction,37,30,3,27,7,0,7
S01011128,G I. Distribution hotels and restaurants,87,78,37,41,9,4,5
S01011128,H J. Transport and communication,13,13,2,11,0,0,0
S01011128,K L M N. Financial real estate professional and administrative activities,39,36,11,25,3,1,2
S01011128,O P Q. Public administration education and health,122,117,35,82,5,2,3
S01011128,R S T U. Other,11,9,5,4,2,0,2
S01011129,All people aged 16 to 74 in employment,489,440,119,321,49,21,28
S01011129,A B D E. Agriculture energy and water,24,23,1,22,1,0,1
S01011129,C. Manufacturing,29,29,6,23,0,0,0
S01011129,F. Construction,23,18,1,17,5,1,4
S01011129,G I. Distribution hotels and restaurants,87,69,32,37,18,5,13
S01011129,H J. Transport and communication,17,14,8,6,3,1,2
S01011129,K L M N. Financial real estate professional and administrative activities,37,31,12,19,6,1,5
S01011129,O P Q. Public administration education and health,255,245,52,193,10,8,2
S01011129,R S T U. Other,17,11,7,4,6,5,1
S01011130,All people aged 16 to 74 in employment,273,252,60,192,21,4,17
S01011130,A B D E. Agriculture energy and water,10,10,0,10,0,0,0
S01011130,C. Manufacturing,42,42,6,36,0,0,0
S01011130,F. Construction,27,20,1,19,7,0,7
S01011130,G I. Distribution hotels and restaurants,54,51,22,29,3,0,3
S01011130,H J. Transport and communication,16,16,1,15,0,0,0
S01011130,K L M N. Financial real estate professional and administrative activities,22,18,3,15,4,1,3
S01011130,O P Q. Public administration education and health,89,85,22,63,4,0,4
S01011130,R S T U. Other,13,10,5,5,3,3,0
S01011131,All people aged 16 to 74 in employment,352,324,68,256,28,13,15
S01011131,A B D E. Agriculture energy and water,18,16,1,15,2,0,2
S01011131,C. Manufacturing,29,28,2,26,1,0,1
S01011131,F. Construction,13,11,1,10,2,0,2
S01011131,G I. Distribution hotels and restaurants,59,58,23,35,1,1,0
S01011131,H J. Transport and communication,21,19,1,18,2,1,1
S01011131,K L M N. Financial real estate professional and administrative activities,32,24,7,17,8,5,3
S01011131,O P Q. Public administration education and health,167,161,30,131,6,3,3
S01011131,R S T U. Other,13,7,3,4,6,3,3
S01011132,All people aged 16 to 74 in employment,465,411,117,294,54,12,42
S01011132,A B D E. Agriculture energy and water,30,22,1,21,8,1,7
S01011132,C. Manufacturing,26,25,3,22,1,0,1
S01011132,F. Construction,28,17,1,16,11,3,8
S01011132,G I. Distribution hotels and restaurants,91,80,38,42,11,0,11
S01011132,H J. Transport and communication,24,20,4,16,4,1,3
S01011132,K L M N. Financial real estate professional and administrative activities,42,37,9,28,5,2,3
S01011132,O P Q. Public administration education and health,194,185,49,136,9,3,6
S01011132,R S T U. Other,30,25,12,13,5,2,3
S01011133,All people aged 16 to 74 in employment,219,194,54,140,25,7,18
S01011133,A B D E. Agriculture energy and water,11,10,0,10,1,0,1
S01011133,C. Manufacturing,15,15,1,14,0,0,0
S01011133,F. Construction,20,18,0,18,2,0,2
S01011133,G I. Distribution hotels and restaurants,46,40,15,25,6,1,5
S01011133,H J. Transport and communication,18,17,1,16,1,0,1
S01011133,K L M N. Financial real estate professional and administrative activities,20,15,3,12,5,2,3
S01011133,O P Q. Public administration education and health,77,68,30,38,9,4,5
S01011133,R S T U. Other,12,11,4,7,1,0,1
S01011134,All people aged 16 to 74 in employment,400,350,92,258,50,11,39
S01011134,A B D E. Agriculture energy and water,24,19,2,17,5,0,5
S01011134,C. Manufacturing,38,35,6,29,3,1,2
S01011134,F. Construction,43,33,3,30,10,1,9
S01011134,G I. Distribution hotels and restaurants,87,74,31,43,13,0,13
S01011134,H J. Transport and communication,21,14,2,12,7,3,4
S01011134,K L M N. Financial real estate professional and administrative activities,32,29,8,21,3,0,3
S01011134,O P Q. Public administration education and health,138,133,32,101,5,4,1
S01011134,R S T U. Other,17,13,8,5,4,2,2
S01011135,All people aged 16 to 74 in employment,379,342,109,233,37,15,22
S01011135,A B D E. Agriculture energy and water,26,19,2,17,7,1,6
S01011135,C. Manufacturing,33,31,3,28,2,0,2
S01011135,F. Construction,33,27,1,26,6,0,6
S01011135,G I. Distribution hotels and restaurants,90,84,47,37,6,1,5
S01011135,H J. Transport and communication,22,16,5,11,6,5,1
S01011135,K L M N. Financial real estate professional and administrative activities,31,27,8,19,4,3,1
S01011135,O P Q. Public administration education and health,127,126,37,89,1,0,1
S01011135,R S T U. Other,17,12,6,6,5,5,0
S01011136,All people aged 16 to 74 in employment,326,297,82,215,29,10,19
S01011136,A B D E. Agriculture energy and water,20,18,0,18,2,0,2
S01011136,C. Manufacturing,23,23,3,20,0,0,0
S01011136,F. Construction,26,19,0,19,7,1,6
S01011136,G I. Distribution hotels and restaurants,49,42,20,22,7,2,5
S01011136,H J. Transport and communication,10,10,0,10,0,0,0
S01011136,K L M N. Financial real estate professional and administrative activities,38,32,11,21,6,3,3
S01011136,O P Q. Public administration education and health,140,136,43,93,4,2,2
S01011136,R S T U. Other,20,17,5,12,3,2,1
S01011137,All people aged 16 to 74 in employment,240,209,63,146,31,11,20
S01011137,A B D E. Agriculture energy and water,11,9,0,9,2,1,1
S01011137,C. Manufacturing,14,12,1,11,2,0,2
S01011137,F. Construction,20,15,1,14,5,0,5
S01011137,G I. Distribution hotels and restaurants,47,42,20,22,5,2,3
S01011137,H J. Transport and communication,9,5,1,4,4,1,3
S01011137,K L M N. Financial real estate professional and administrative activities,17,16,4,12,1,0,1
S01011137,O P Q. Public administration education and health,108,102,32,70,6,3,3
S01011137,R S T U. Other,14,8,4,4,6,4,2
S01011138,All people aged 16 to 74 in employment,335,307,96,211,28,6,22
S01011138,A B D E. Agriculture energy and water,21,15,2,13,6,0,6
S01011138,C. Manufacturing,29,27,3,24,2,0,2
S01011138,F. Construction,21,17,0,17,4,1,3
S01011138,G I. Distribution hotels and restaurants,76,71,42,29,5,1,4
S01011138,H J. Transport and communication,16,15,1,14,1,0,1
S01011138,K L M N. Financial real estate professional and administrative activities,17,16,8,8,1,0,1
S01011138,O P Q. Public administration education and health,142,136,34,102,6,3,3
S01011138,R S T U. Other,13,10,6,4,3,1,2
S01011139,All people aged 16 to 74 in employment,977,950,94,856,27,5,22
S01011139,A B D E. Agriculture energy and water,10,9,0,9,1,0,1
S01011139,C. Manufacturing,12,12,2,10,0,0,0
S01011139,F. Construction,18,14,1,13,4,0,4
S01011139,G I. Distribution hotels and restaurants,67,65,32,33,2,0,2
S01011139,H J. Transport and communication,13,9,0,9,4,0,4
S01011139,K L M N. Financial real estate professional and administrative activities,41,35,12,23,6,3,3
S01011139,O P Q. Public administration education and health,806,798,45,753,8,2,6
S01011139,R S T U. Other,10,8,2,6,2,0,2
S01011140,All people aged 16 to 74 in employment,278,256,70,186,22,8,14
S01011140,A B D E. Agriculture energy and water,11,8,0,8,3,2,1
S01011140,C. Manufacturing,26,25,5,20,1,0,1
S01011140,F. Construction,32,23,1,22,9,0,9
S01011140,G I. Distribution hotels and restaurants,62,60,28,32,2,2,0
S01011140,H J. Transport and communication,11,8,1,7,3,2,1
S01011140,K L M N. Financial real estate professional and administrative activities,20,18,5,13,2,2,0
S01011140,O P Q. Public administration education and health,105,104,24,80,1,0,1
S01011140,R S T U. Other,11,10,6,4,1,0,1
S01011141,All people aged 16 to 74 in employment,280,266,94,172,14,2,12
S01011141,A B D E. Agriculture energy and water,14,14,0,14,0,0,0
S01011141,C. Manufacturing,22,21,3,18,1,0,1
S01011141,F. Construction,27,24,2,22,3,0,3
S01011141,G I. Distribution hotels and restaurants,69,66,36,30,3,0,3
S01011141,H J. Transport and communication,13,12,2,10,1,0,1
S01011141,K L M N. Financial real estate professional and administrative activities,27,23,9,14,4,2,2
S01011141,O P Q. Public administration education and health,96,95,38,57,1,0,1
S01011141,R S T U. Other,12,11,4,7,1,0,1
S01011142,All people aged 16 to 74 in employment,435,372,84,288,63,23,40
S01011142,A B D E. Agriculture energy and water,26,18,1,17,8,3,5
S01011142,C. Manufacturing,32,30,0,30,2,1,1
S01011142,F. Construction,24,17,1,16,7,0,7
S01011142,G I. Distribution hotels and restaurants,69,50,21,29,19,7,12
S01011142,H J. Transport and communication,17,15,4,11,2,0,2
S01011142,K L M N. Financial real estate professional and administrative activities,34,28,9,19,6,2,4
S01011142,O P Q. Public administration education and health,209,200,43,157,9,6,3
S01011142,R S T U. Other,24,14,5,9,10,4,6
S01011143,All people aged 16 to 74 in employment,460,410,138,272,50,19,31
S01011143,A B D E. Agriculture energy and water,28,23,3,20,5,0,5
S01011143,C. Manufacturing,29,28,2,26,1,0,1
S01011143,F. Construction,26,20,4,16,6,1,5
S01011143,G I. Distribution hotels and restaurants,110,94,47,47,16,6,10
S01011143,H J. Transport and communication,27,22,1,21,5,2,3
S01011143,K L M N. Financial real estate professional and administrative activities,42,35,10,25,7,5,2
S01011143,O P Q. Public administration education and health,177,174,61,113,3,2,1
S01011143,R S T U. Other,21,14,10,4,7,3,4
S01011144,All people aged 16 to 74 in employment,370,327,104,223,43,17,26
S01011144,A B D E. Agriculture energy and water,23,19,1,18,4,1,3
S01011144,C. Manufacturing,25,20,2,18,5,2,3
S01011144,F. Construction,22,17,1,16,5,1,4
S01011144,G I. Distribution hotels and restaurants,59,48,24,24,11,2,9
S01011144,H J. Transport and communication,19,17,2,15,2,0,2
S01011144,K L M N. Financial real estate professional and administrative activities,41,35,10,25,6,3,3
S01011144,O P Q. Public administration education and health,166,159,57,102,7,6,1
S01011144,R S T U. Other,15,12,7,5,3,2,1
S01011145,All people aged 16 to 74 in employment,336,290,87,203,46,14,32
S01011145,A B D E. Agriculture energy and water,20,14,0,14,6,1,5
S01011145,C. Manufacturing,32,29,2,27,3,1,2
S01011145,F. Construction,29,22,1,21,7,0,7
S01011145,G I. Distribution hotels and restaurants,50,48,27,21,2,1,1
S01011145,H J. Transport and communication,14,10,2,8,4,3,1
S01011145,K L M N. Financial real estate professional and administrative activities,36,27,9,18,9,1,8
S01011145,O P Q. Public administration education and health,134,126,41,85,8,3,5
S01011145,R S T U. Other,21,14,5,9,7,4,3
S01011146,All people aged 16 to 74 in employment,345,308,86,222,37,14,23
S01011146,A B D E. Agriculture energy and water,17,16,1,15,1,0,1
S01011146,C. Manufacturing,25,25,1,24,0,0,0
S01011146,F. Construction,41,34,2,32,7,0,7
S01011146,G I. Distribution hotels and restaurants,65,58,26,32,7,2,5
S01011146,H J. Transport and communication,30,26,6,20,4,1,3
S01011146,K L M N. Financial real estate professional and administrative activities,28,24,9,15,4,3,1
S01011146,O P Q. Public administration education and health,126,117,36,81,9,4,5
S01011146,R S T U. Other,13,8,5,3,5,4,1
S01011147,All people aged 16 to 74 in employment,531,477,128,349,54,17,37
S01011147,A B D E. Agriculture energy and water,25,22,0,22,3,2,1
S01011147,C. Manufacturing,56,50,5,45,6,0,6
S01011147,F. Construction,47,35,0,35,12,3,9
S01011147,G I. Distribution hotels and restaurants,107,99,43,56,8,2,6
S01011147,H J. Transport and communication,29,25,6,19,4,0,4
S01011147,K L M N. Financial real estate professional and administrative activities,43,34,7,27,9,5,4
S01011147,O P Q. Public administration education and health,204,196,62,134,8,2,6
S01011147,R S T U. Other,20,16,5,11,4,3,1
S01011148,All people aged 16 to 74 in employment,419,319,76,243,100,17,83
S01011148,A B D E. Agriculture energy and water,61,30,4,26,31,3,28
S01011148,C. Manufacturing,33,29,5,24,4,0,4
S01011148,F. Construction,38,26,0,26,12,2,10
S01011148,G I. Distribution hotels and restaurants,72,61,20,41,11,0,11
S01011148,H J. Transport and communication,7,3,0,3,4,0,4
S01011148,K L M N. Financial real estate professional and administrative activities,38,24,5,19,14,2,12
S01011148,O P Q. Public administration education and health,129,113,31,82,16,7,9
S01011148,R S T U. Other,41,33,11,22,8,3,5
S01011149,All people aged 16 to 74 in employment,545,456,71,385,89,36,53
S01011149,A B D E. Agriculture energy and water,19,10,1,9,9,4,5
S01011149,C. Manufacturing,12,8,1,7,4,2,2
S01011149,F. Construction,17,9,3,6,8,1,7
S01011149,G I. Distribution hotels and restaurants,46,32,18,14,14,4,10
S01011149,H J. Transport and communication,14,9,3,6,5,1,4
S01011149,K L M N. Financial real estate professional and administrative activities,30,15,4,11,15,6,9
S01011149,O P Q. Public administration education and health,383,360,31,329,23,13,10
S01011149,R S T U. Other,24,13,10,3,11,5,6
S01011150,All people aged 16 to 74 in employment,247,238,40,198,9,4,5
S01011150,A B D E. Agriculture energy and water,7,6,1,5,1,0,1
S01011150,C. Manufacturing,18,17,2,15,1,0,1
S01011150,F. Construction,10,10,0,10,0,0,0
S01011150,G I. Distribution hotels and restaurants,40,39,9,30,1,0,1
S01011150,H J. Transport and communication,15,13,0,13,2,1,1
S01011150,K L M N. Financial real estate professional and administrative activities,20,19,10,9,1,1,0
S01011150,O P Q. Public administration education and health,131,128,17,111,3,2,1
S01011150,R S T U. Other,6,6,1,5,0,0,0
S01011151,All people aged 16 to 74 in employment,275,247,56,191,28,11,17
S01011151,A B D E. Agriculture energy and water,9,8,2,6,1,0,1
S01011151,C. Manufacturing,12,12,2,10,0,0,0
S01011151,F. Construction,21,13,1,12,8,1,7
S01011151,G I. Distribution hotels and restaurants,42,39,19,20,3,1,2
S01011151,H J. Transport and communication,6,6,0,6,0,0,0
S01011151,K L M N. Financial real estate professional and administrative activities,19,14,7,7,5,3,2
S01011151,O P Q. Public administration education and health,161,150,22,128,11,6,5
S01011151,R S T U. Other,5,5,3,2,0,0,0
S01011152,All people aged 16 to 74 in employment,332,241,65,176,91,38,53
S01011152,A B D E. Agriculture energy and water,17,13,2,11,4,0,4
S01011152,C. Manufacturing,26,18,4,14,8,4,4
S01011152,F. Construction,12,5,0,5,7,2,5
S01011152,G I. Distribution hotels and restaurants,59,49,17,32,10,2,8
S01011152,H J. Transport and communication,12,8,1,7,4,3,1
S01011152,K L M N. Financial real estate professional and administrative activities,40,22,3,19,18,5,13
S01011152,O P Q. Public administration education and health,140,113,31,82,27,15,12
S01011152,R S T U. Other,26,13,7,6,13,7,6
S01011153,All people aged 16 to 74 in employment,385,323,92,231,62,21,41
S01011153,A B D E. Agriculture energy and water,21,11,2,9,10,1,9
S01011153,C. Manufacturing,28,25,3,22,3,2,1
S01011153,F. Construction,35,24,1,23,11,2,9
S01011153,G I. Distribution hotels and restaurants,85,78,28,50,7,2,5
S01011153,H J. Transport and communication,28,25,1,24,3,1,2
S01011153,K L M N. Financial real estate professional and administrative activities,42,35,10,25,7,2,5
S01011153,O P Q. Public administration education and health,128,111,40,71,17,7,10
S01011153,R S T U. Other,18,14,7,7,4,4,0
S01011154,All people aged 16 to 74 in employment,248,210,68,142,38,14,24
S01011154,A B D E. Agriculture energy and water,10,10,3,7,0,0,0
S01011154,C. Manufacturing,17,17,2,15,0,0,0
S01011154,F. Construction,23,16,1,15,7,1,6
S01011154,G I. Distribution hotels and restaurants,53,49,25,24,4,2,2
S01011154,H J. Transport and communication,16,12,2,10,4,0,4
S01011154,K L M N. Financial real estate professional and administrative activities,41,34,10,24,7,4,3
S01011154,O P Q. Public administration education and health,75,66,22,44,9,5,4
S01011154,R S T U. Other,13,6,3,3,7,2,5
S01011155,All people aged 16 to 74 in employment,274,239,86,153,35,15,20
S01011155,A B D E. Agriculture energy and water,10,9,2,7,1,1,0
S01011155,C. Manufacturing,20,19,7,12,1,0,1
S01011155,F. Construction,30,23,5,18,7,0,7
S01011155,G I. Distribution hotels and restaurants,71,65,38,27,6,2,4
S01011155,H J. Transport and communication,13,12,4,8,1,1,0
S01011155,K L M N. Financial real estate professional and administrative activities,27,21,5,16,6,3,3
S01011155,O P Q. Public administration education and health,91,84,23,61,7,4,3
S01011155,R S T U. Other,12,6,2,4,6,4,2
S01011156,All people aged 16 to 74 in employment,307,280,74,206,27,6,21
S01011156,A B D E. Agriculture energy and water,14,12,1,11,2,0,2
S01011156,C. Manufacturing,20,18,2,16,2,1,1
S01011156,F. Construction,20,13,0,13,7,0,7
S01011156,G I. Distribution hotels and restaurants,70,69,32,37,1,0,1
S01011156,H J. Transport and communication,14,14,0,14,0,0,0
S01011156,K L M N. Financial real estate professional and administrative activities,45,41,8,33,4,0,4
S01011156,O P Q. Public administration education and health,114,107,29,78,7,4,3
S01011156,R S T U. Other,10,6,2,4,4,1,3
S01011157,All people aged 16 to 74 in employment,304,275,80,195,29,7,22
S01011157,A B D E. Agriculture energy and water,19,14,1,13,5,0,5
S01011157,C. Manufacturing,24,24,2,22,0,0,0
S01011157,F. Construction,18,11,1,10,7,0,7
S01011157,G I. Distribution hotels and restaurants,73,65,37,28,8,3,5
S01011157,H J. Transport and communication,20,18,2,16,2,2,0
S01011157,K L M N. Financial real estate professional and administrative activities,24,22,6,16,2,0,2
S01011157,O P Q. Public administration education and health,114,111,26,85,3,1,2
S01011157,R S T U. Other,12,10,5,5,2,1,1
S01011158,All people aged 16 to 74 in employment,228,189,63,126,39,13,26
S01011158,A B D E. Agriculture energy and water,8,5,0,5,3,0,3
S01011158,C. Manufacturing,20,17,2,15,3,1,2
S01011158,F. Construction,10,5,1,4,5,1,4
S01011158,G I. Distribution hotels and restaurants,40,33,15,18,7,2,5
S01011158,H J. Transport and communication,11,9,2,7,2,0,2
S01011158,K L M N. Financial real estate professional and administrative activities,35,29,6,23,6,2,4
S01011158,O P Q. Public administration education and health,99,87,35,52,12,6,6
S01011158,R S T U. Other,5,4,2,2,1,1,0
S01011159,All people aged 16 to 74 in employment,222,208,64,144,14,4,10
S01011159,A B D E. Agriculture energy and water,9,8,2,6,1,0,1
S01011159,C. Manufacturing,16,15,1,14,1,1,0
S01011159,F. Construction,19,17,0,17,2,0,2
S01011159,G I. Distribution hotels and restaurants,54,52,24,28,2,0,2
S01011159,H J. Transport and communication,23,22,4,18,1,0,1
S01011159,K L M N. Financial real estate professional and administrative activities,24,20,7,13,4,1,3
S01011159,O P Q. Public administration education and health,70,67,22,45,3,2,1
S01011159,R S T U. Other,7,7,4,3,0,0,0
S01011160,All people aged 16 to 74 in employment,479,436,129,307,43,12,31
S01011160,A B D E. Agriculture energy and water,21,16,0,16,5,1,4
S01011160,C. Manufacturing,37,36,4,32,1,1,0
S01011160,F. Construction,50,35,0,35,15,1,14
S01011160,G I. Distribution hotels and restaurants,95,89,44,45,6,2,4
S01011160,H J. Transport and communication,29,28,1,27,1,0,1
S01011160,K L M N. Financial real estate professional and administrative activities,60,55,15,40,5,2,3
S01011160,O P Q. Public administration education and health,166,162,59,103,4,1,3
S01011160,R S T U. Other,21,15,6,9,6,4,2
S01011161,All people aged 16 to 74 in employment,301,273,101,172,28,7,21
S01011161,A B D E. Agriculture energy and water,9,8,0,8,1,0,1
S01011161,C. Manufacturing,32,31,6,25,1,1,0
S01011161,F. Construction,38,25,2,23,13,0,13
S01011161,G I. Distribution hotels and restaurants,87,85,47,38,2,0,2
S01011161,H J. Transport and communication,26,23,3,20,3,2,1
S01011161,K L M N. Financial real estate professional and administrative activities,30,29,13,16,1,1,0
S01011161,O P Q. Public administration education and health,62,58,23,35,4,2,2
S01011161,R S T U. Other,17,14,7,7,3,1,2
S01011162,All people aged 16 to 74 in employment,200,184,59,125,16,5,11
S01011162,A B D E. Agriculture energy and water,13,13,2,11,0,0,0
S01011162,C. Manufacturing,18,18,0,18,0,0,0
S01011162,F. Construction,11,8,0,8,3,0,3
S01011162,G I. Distribution hotels and restaurants,51,50,22,28,1,0,1
S01011162,H J. Transport and communication,16,15,5,10,1,0,1
S01011162,K L M N. Financial real estate professional and administrative activities,23,18,5,13,5,4,1
S01011162,O P Q. Public administration education and health,61,57,23,34,4,1,3
S01011162,R S T U. Other,7,5,2,3,2,0,2
S01011163,All people aged 16 to 74 in employment,406,382,127,255,24,5,19
S01011163,A B D E. Agriculture energy and water,21,21,1,20,0,0,0
S01011163,C. Manufacturing,35,35,3,32,0,0,0
S01011163,F. Construction,44,35,0,35,9,0,9
S01011163,G I. Distribution hotels and restaurants,115,112,57,55,3,0,3
S01011163,H J. Transport and communication,31,29,3,26,2,0,2
S01011163,K L M N. Financial real estate professional and administrative activities,49,47,18,29,2,0,2
S01011163,O P Q. Public administration education and health,97,92,40,52,5,2,3
S01011163,R S T U. Other,14,11,5,6,3,3,0
S01011164,All people aged 16 to 74 in employment,341,311,108,203,30,9,21
S01011164,A B D E. Agriculture energy and water,16,13,1,12,3,2,1
S01011164,C. Manufacturing,20,20,2,18,0,0,0
S01011164,F. Construction,25,18,1,17,7,0,7
S01011164,G I. Distribution hotels and restaurants,75,71,44,27,4,0,4
S01011164,H J. Transport and communication,18,18,2,16,0,0,0
S01011164,K L M N. Financial real estate professional and administrative activities,39,33,13,20,6,2,4
S01011164,O P Q. Public administration education and health,135,129,41,88,6,2,4
S01011164,R S T U. Other,13,9,4,5,4,3,1
S01011165,All people aged 16 to 74 in employment,311,279,92,187,32,9,23
S01011165,A B D E. Agriculture energy and water,18,16,0,16,2,0,2
S01011165,C. Manufacturing,28,26,4,22,2,1,1
S01011165,F. Construction,43,30,1,29,13,0,13
S01011165,G I. Distribution hotels and restaurants,71,69,38,31,2,2,0
S01011165,H J. Transport and communication,30,27,2,25,3,0,3
S01011165,K L M N. Financial real estate professional and administrative activities,20,16,9,7,4,2,2
S01011165,O P Q. Public administration education and health,92,89,35,54,3,2,1
S01011165,R S T U. Other,9,6,3,3,3,2,1
S01011166,All people aged 16 to 74 in employment,235,202,73,129,33,13,20
S01011166,A B D E. Agriculture energy and water,13,8,0,8,5,1,4
S01011166,C. Manufacturing,15,15,2,13,0,0,0
S01011166,F. Construction,12,8,1,7,4,0,4
S01011166,G I. Distribution hotels and restaurants,50,44,26,18,6,0,6
S01011166,H J. Transport and communication,19,15,1,14,4,2,2
S01011166,K L M N. Financial real estate professional and administrative activities,26,22,11,11,4,3,1
S01011166,O P Q. Public administration education and health,87,80,29,51,7,5,2
S01011166,R S T U. Other,13,10,3,7,3,2,1
S01011167,All people aged 16 to 74 in employment,358,273,81,192,85,25,60
S01011167,A B D E. Agriculture energy and water,28,17,1,16,11,1,10
S01011167,C. Manufacturing,35,26,5,21,9,2,7
S01011167,F. Construction,22,13,1,12,9,1,8
S01011167,G I. Distribution hotels and restaurants,41,31,20,11,10,2,8
S01011167,H J. Transport and communication,18,10,2,8,8,2,6
S01011167,K L M N. Financial real estate professional and administrative activities,45,28,8,20,17,6,11
S01011167,O P Q. Public administration education and health,140,128,37,91,12,6,6
S01011167,R S T U. Other,29,20,7,13,9,5,4
S01011168,All people aged 16 to 74 in employment,429,296,92,204,133,33,100
S01011168,A B D E. Agriculture energy and water,59,20,4,16,39,4,35
S01011168,C. Manufacturing,27,15,2,13,12,3,9
S01011168,F. Construction,51,29,1,28,22,4,18
S01011168,G I. Distribution hotels and restaurants,77,59,29,30,18,6,12
S01011168,H J. Transport and communication,23,17,3,14,6,3,3
S01011168,K L M N. Financial real estate professional and administrative activities,61,43,12,31,18,5,13
S01011168,O P Q. Public administration education and health,112,101,36,65,11,6,5
S01011168,R S T U. Other,19,12,5,7,7,2,5
S01011169,All people aged 16 to 74 in employment,522,476,127,349,46,17,29
S01011169,A B D E. Agriculture energy and water,28,26,3,23,2,0,2
S01011169,C. Manufacturing,36,33,3,30,3,1,2
S01011169,F. Construction,34,26,0,26,8,0,8
S01011169,G I. Distribution hotels and restaurants,92,86,38,48,6,3,3
S01011169,H J. Transport and communication,40,35,4,31,5,1,4
S01011169,K L M N. Financial real estate professional and administrative activities,56,46,17,29,10,6,4
S01011169,O P Q. Public administration education and health,220,212,57,155,8,4,4
S01011169,R S T U. Other,16,12,5,7,4,2,2
S01011170,All people aged 16 to 74 in employment,432,357,109,248,75,32,43
S01011170,A B D E. Agriculture energy and water,39,26,2,24,13,2,11
S01011170,C. Manufacturing,26,25,6,19,1,0,1
S01011170,F. Construction,30,25,4,21,5,0,5
S01011170,G I. Distribution hotels and restaurants,68,61,29,32,7,1,6
S01011170,H J. Transport and communication,19,14,0,14,5,2,3
S01011170,K L M N. Financial real estate professional and administrative activities,74,56,13,43,18,11,7
S01011170,O P Q. Public administration education and health,150,135,45,90,15,9,6
S01011170,R S T U. Other,26,15,10,5,11,7,4
S01011171,All people aged 16 to 74 in employment,463,329,98,231,134,37,97
S01011171,A B D E. Agriculture energy and water,29,9,2,7,20,2,18
S01011171,C. Manufacturing,35,30,5,25,5,4,1
S01011171,F. Construction,54,29,2,27,25,4,21
S01011171,G I. Distribution hotels and restaurants,135,93,31,62,42,12,30
S01011171,H J. Transport and communication,26,20,2,18,6,1,5
S01011171,K L M N. Financial real estate professional and administrative activities,41,26,5,21,15,4,11
S01011171,O P Q. Public administration education and health,111,100,41,59,11,5,6
S01011171,R S T U. Other,32,22,10,12,10,5,5
S01011172,All people aged 16 to 74 in employment,351,237,79,158,114,34,80
S01011172,A B D E. Agriculture energy and water,39,14,4,10,25,3,22
S01011172,C. Manufacturing,45,31,9,22,14,5,9
S01011172,F. Construction,40,20,0,20,20,5,15
S01011172,G I. Distribution hotels and restaurants,85,61,24,37,24,7,17
S01011172,H J. Transport and communication,22,17,3,14,5,1,4
S01011172,K L M N. Financial real estate professional and administrative activities,23,12,3,9,11,7,4
S01011172,O P Q. Public administration education and health,89,78,35,43,11,4,7
S01011172,R S T U. Other,8,4,1,3,4,2,2
S01011173,All people aged 16 to 74 in employment,236,155,46,109,81,23,58
S01011173,A B D E. Agriculture energy and water,10,3,0,3,7,1,6
S01011173,C. Manufacturing,17,10,2,8,7,3,4
S01011173,F. Construction,35,21,2,19,14,1,13
S01011173,G I. Distribution hotels and restaurants,51,31,15,16,20,4,16
S01011173,H J. Transport and communication,10,8,0,8,2,0,2
S01011173,K L M N. Financial real estate professional and administrative activities,23,11,2,9,12,7,5
S01011173,O P Q. Public administration education and health,68,54,18,36,14,4,10
S01011173,R S T U. Other,22,17,7,10,5,3,2
S01011174,All people aged 16 to 74 in employment,186,126,35,91,60,18,42
S01011174,A B D E. Agriculture energy and water,10,5,0,5,5,1,4
S01011174,C. Manufacturing,23,12,2,10,11,4,7
S01011174,F. Construction,15,7,2,5,8,1,7
S01011174,G I. Distribution hotels and restaurants,39,26,8,18,13,3,10
S01011174,H J. Transport and communication,12,9,4,5,3,1,2
S01011174,K L M N. Financial real estate professional and administrative activities,23,13,5,8,10,5,5
S01011174,O P Q. Public administration education and health,44,37,11,26,7,2,5
S01011174,R S T U. Other,20,17,3,14,3,1,2
S01011175,All people aged 16 to 74 in employment,217,181,59,122,36,14,22
S01011175,A B D E. Agriculture energy and water,8,8,0,8,0,0,0
S01011175,C. Manufacturing,11,9,3,6,2,0,2
S01011175,F. Construction,27,15,1,14,12,2,10
S01011175,G I. Distribution hotels and restaurants,52,45,18,27,7,2,5
S01011175,H J. Transport and communication,14,8,1,7,6,4,2
S01011175,K L M N. Financial real estate professional and administrative activities,19,16,5,11,3,3,0
S01011175,O P Q. Public administration education and health,72,70,28,42,2,1,1
S01011175,R S T U. Other,14,10,3,7,4,2,2
S01011176,All people aged 16 to 74 in employment,225,158,43,115,67,14,53
S01011176,A B D E. Agriculture energy and water,6,2,0,2,4,0,4
S01011176,C. Manufacturing,26,17,3,14,9,2,7
S01011176,F. Construction,37,20,2,18,17,2,15
S01011176,G I. Distribution hotels and restaurants,65,48,19,29,17,2,15
S01011176,H J. Transport and communication,17,13,2,11,4,0,4
S01011176,K L M N. Financial real estate professional and administrative activities,23,16,4,12,7,3,4
S01011176,O P Q. Public administration education and health,38,35,9,26,3,0,3
S01011176,R S T U. Other,13,7,4,3,6,5,1
S01011177,All people aged 16 to 74 in employment,423,331,110,221,92,25,67
S01011177,A B D E. Agriculture energy and water,18,10,1,9,8,2,6
S01011177,C. Manufacturing,32,30,4,26,2,0,2
S01011177,F. Construction,38,27,2,25,11,1,10
S01011177,G I. Distribution hotels and restaurants,148,112,45,67,36,5,31
S01011177,H J. Transport and communication,31,29,3,26,2,2,0
S01011177,K L M N. Financial real estate professional and administrative activities,28,13,7,6,15,5,10
S01011177,O P Q. Public administration education and health,104,94,43,51,10,4,6
S01011177,R S T U. Other,24,16,5,11,8,6,2
S01011178,All people aged 16 to 74 in employment,218,191,49,142,27,3,24
S01011178,A B D E. Agriculture energy and water,9,5,0,5,4,0,4
S01011178,C. Manufacturing,23,19,0,19,4,0,4
S01011178,F. Construction,17,12,0,12,5,1,4
S01011178,G I. Distribution hotels and restaurants,46,39,20,19,7,1,6
S01011178,H J. Transport and communication,16,14,3,11,2,1,1
S01011178,K L M N. Financial real estate professional and administrative activities,12,10,1,9,2,0,2
S01011178,O P Q. Public administration education and health,77,75,18,57,2,0,2
S01011178,R S T U. Other,18,17,7,10,1,0,1
S01011179,All people aged 16 to 74 in employment,281,253,80,173,28,5,23
S01011179,A B D E. Agriculture energy and water,12,10,0,10,2,0,2
S01011179,C. Manufacturing,33,32,1,31,1,0,1
S01011179,F. Construction,28,23,1,22,5,0,5
S01011179,G I. Distribution hotels and restaurants,62,52,29,23,10,1,9
S01011179,H J. Transport and communication,21,18,3,15,3,1,2
S01011179,K L M N. Financial real estate professional and administrative activities,29,26,5,21,3,2,1
S01011179,O P Q. Public administration education and health,85,82,36,46,3,1,2
S01011179,R S T U. Other,11,10,5,5,1,0,1
S01011180,All people aged 16 to 74 in employment,220,201,69,132,19,2,17
S01011180,A B D E. Agriculture energy and water,11,9,1,8,2,0,2
S01011180,C. Manufacturing,17,17,0,17,0,0,0
S01011180,F. Construction,34,29,3,26,5,2,3
S01011180,G I. Distribution hotels and restaurants,45,43,19,24,2,0,2
S01011180,H J. Transport and communication,14,11,1,10,3,0,3
S01011180,K L M N. Financial real estate professional and administrative activities,29,25,12,13,4,0,4
S01011180,O P Q. Public administration education and health,59,57,27,30,2,0,2
S01011180,R S T U. Other,11,10,6,4,1,0,1
S01011181,All people aged 16 to 74 in employment,254,166,52,114,88,20,68
S01011181,A B D E. Agriculture energy and water,41,10,2,8,31,4,27
S01011181,C. Manufacturing,18,15,0,15,3,1,2
S01011181,F. Construction,26,12,0,12,14,1,13
S01011181,G I. Distribution hotels and restaurants,38,28,17,11,10,4,6
S01011181,H J. Transport and communication,15,10,2,8,5,1,4
S01011181,K L M N. Financial real estate professional and administrative activities,36,22,7,15,14,5,9
S01011181,O P Q. Public administration education and health,62,58,20,38,4,1,3
S01011181,R S T U. Other,18,11,4,7,7,3,4
S01011182,All people aged 16 to 74 in employment,219,165,53,112,54,12,42
S01011182,A B D E. Agriculture energy and water,14,6,1,5,8,0,8
S01011182,C. Manufacturing,27,25,2,23,2,0,2
S01011182,F. Construction,24,15,2,13,9,0,9
S01011182,G I. Distribution hotels and restaurants,52,39,20,19,13,2,11
S01011182,H J. Transport and communication,16,11,4,7,5,0,5
S01011182,K L M N. Financial real estate professional and administrative activities,19,11,4,7,8,4,4
S01011182,O P Q. Public administration education and health,62,56,20,36,6,5,1
S01011182,R S T U. Other,5,2,0,2,3,1,2
S01011183,All people aged 16 to 74 in employment,265,223,68,155,42,11,31
S01011183,A B D E. Agriculture energy and water,8,4,0,4,4,0,4
S01011183,C. Manufacturing,35,33,1,32,2,0,2
S01011183,F. Construction,19,11,1,10,8,1,7
S01011183,G I. Distribution hotels and restaurants,60,47,24,23,13,4,9
S01011183,H J. Transport and communication,18,17,3,14,1,0,1
S01011183,K L M N. Financial real estate professional and administrative activities,29,19,7,12,10,2,8
S01011183,O P Q. Public administration education and health,86,84,32,52,2,2,0
S01011183,R S T U. Other,10,8,0,8,2,2,0
S01011184,All people aged 16 to 74 in employment,428,382,108,274,46,9,37
S01011184,A B D E. Agriculture energy and water,8,7,0,7,1,0,1
S01011184,C. Manufacturing,53,48,4,44,5,0,5
S01011184,F. Construction,26,16,2,14,10,2,8
S01011184,G I. Distribution hotels and restaurants,93,78,42,36,15,1,14
S01011184,H J. Transport and communication,35,34,4,30,1,0,1
S01011184,K L M N. Financial real estate professional and administrative activities,46,39,8,31,7,2,5
S01011184,O P Q. Public administration education and health,150,145,41,104,5,4,1
S01011184,R S T U. Other,17,15,7,8,2,0,2
S01011185,All people aged 16 to 74 in employment,320,291,83,208,29,3,26
S01011185,A B D E. Agriculture energy and water,10,10,0,10,0,0,0
S01011185,C. Manufacturing,39,38,2,36,1,0,1
S01011185,F. Construction,35,24,0,24,11,0,11
S01011185,G I. Distribution hotels and restaurants,66,62,33,29,4,1,3
S01011185,H J. Transport and communication,17,16,2,14,1,0,1
S01011185,K L M N. Financial real estate professional and administrative activities,40,36,5,31,4,0,4
S01011185,O P Q. Public administration education and health,100,95,36,59,5,1,4
S01011185,R S T U. Other,13,10,5,5,3,1,2
S01011186,All people aged 16 to 74 in employment,387,351,108,243,36,9,27
S01011186,A B D E. Agriculture energy and water,9,8,0,8,1,1,0
S01011186,C. Manufacturing,47,46,3,43,1,0,1
S01011186,F. Construction,28,20,3,17,8,0,8
S01011186,G I. Distribution hotels and restaurants,70,67,33,34,3,1,2
S01011186,H J. Transport and communication,36,28,2,26,8,3,5
S01011186,K L M N. Financial real estate professional and administrative activities,46,37,6,31,9,2,7
S01011186,O P Q. Public administration education and health,134,131,53,78,3,0,3
S01011186,R S T U. Other,17,14,8,6,3,2,1
S01011187,All people aged 16 to 74 in employment,346,325,102,223,21,4,17
S01011187,A B D E. Agriculture energy and water,11,10,0,10,1,0,1
S01011187,C. Manufacturing,44,41,2,39,3,0,3
S01011187,F. Construction,27,18,0,18,9,1,8
S01011187,G I. Distribution hotels and restaurants,77,76,46,30,1,0,1
S01011187,H J. Transport and communication,23,21,4,17,2,0,2
S01011187,K L M N. Financial real estate professional and administrative activities,38,35,6,29,3,2,1
S01011187,O P Q. Public administration education and health,120,120,42,78,0,0,0
S01011187,R S T U. Other,6,4,2,2,2,1,1
S01011188,All people aged 16 to 74 in employment,422,389,125,264,33,9,24
S01011188,A B D E. Agriculture energy and water,11,11,0,11,0,0,0
S01011188,C. Manufacturing,56,54,5,49,2,0,2
S01011188,F. Construction,44,29,1,28,15,1,14
S01011188,G I. Distribution hotels and restaurants,109,108,51,57,1,0,1
S01011188,H J. Transport and communication,16,15,3,12,1,0,1
S01011188,K L M N. Financial real estate professional and administrative activities,36,31,6,25,5,3,2
S01011188,O P Q. Public administration education and health,134,129,51,78,5,3,2
S01011188,R S T U. Other,16,12,8,4,4,2,2
S01011189,All people aged 16 to 74 in employment,400,363,90,273,37,8,29
S01011189,A B D E. Agriculture energy and water,9,9,1,8,0,0,0
S01011189,C. Manufacturing,41,38,2,36,3,1,2
S01011189,F. Construction,33,25,0,25,8,2,6
S01011189,G I. Distribution hotels and restaurants,95,82,34,48,13,2,11
S01011189,H J. Transport and communication,26,20,4,16,6,1,5
S01011189,K L M N. Financial real estate professional and administrative activities,43,41,10,31,2,0,2
S01011189,O P Q. Public administration education and health,137,136,35,101,1,0,1
S01011189,R S T U. Other,16,12,4,8,4,2,2
S01011190,All people aged 16 to 74 in employment,264,227,69,158,37,6,31
S01011190,A B D E. Agriculture energy and water,3,0,0,0,3,0,3
S01011190,C. Manufacturing,27,23,2,21,4,0,4
S01011190,F. Construction,41,28,3,25,13,2,11
S01011190,G I. Distribution hotels and restaurants,62,54,27,27,8,2,6
S01011190,H J. Transport and communication,13,10,3,7,3,0,3
S01011190,K L M N. Financial real estate professional and administrative activities,32,30,5,25,2,1,1
S01011190,O P Q. Public administration education and health,78,76,24,52,2,1,1
S01011190,R S T U. Other,8,6,5,1,2,0,2
S01011191,All people aged 16 to 74 in employment,240,221,63,158,19,5,14
S01011191,A B D E. Agriculture energy and water,7,7,0,7,0,0,0
S01011191,C. Manufacturing,28,27,1,26,1,0,1
S01011191,F. Construction,26,18,3,15,8,0,8
S01011191,G I. Distribution hotels and restaurants,61,59,23,36,2,1,1
S01011191,H J. Transport and communication,11,9,1,8,2,1,1
S01011191,K L M N. Financial real estate professional and administrative activities,22,20,5,15,2,1,1
S01011191,O P Q. Public administration education and health,75,71,27,44,4,2,2
S01011191,R S T U. Other,10,10,3,7,0,0,0
S01011192,All people aged 16 to 74 in employment,335,316,80,236,19,5,14
S01011192,A B D E. Agriculture energy and water,17,15,0,15,2,0,2
S01011192,C. Manufacturing,44,44,2,42,0,0,0
S01011192,F. Construction,34,28,4,24,6,1,5
S01011192,G I. Distribution hotels and restaurants,75,73,27,46,2,0,2
S01011192,H J. Transport and communication,27,25,5,20,2,0,2
S01011192,K L M N. Financial real estate professional and administrative activities,36,34,13,21,2,0,2
S01011192,O P Q. Public administration education and health,90,87,25,62,3,3,0
S01011192,R S T U. Other,12,10,4,6,2,1,1
S01011193,All people aged 16 to 74 in employment,287,274,81,193,13,2,11
S01011193,A B D E. Agriculture energy and water,8,7,0,7,1,0,1
S01011193,C. Manufacturing,27,27,0,27,0,0,0
S01011193,F. Construction,32,29,1,28,3,0,3
S01011193,G I. Distribution hotels and restaurants,63,61,34,27,2,1,1
S01011193,H J. Transport and communication,22,22,3,19,0,0,0
S01011193,K L M N. Financial real estate professional and administrative activities,35,32,7,25,3,0,3
S01011193,O P Q. Public administration education and health,81,81,31,50,0,0,0
S01011193,R S T U. Other,19,15,5,10,4,1,3
S01011194,All people aged 16 to 74 in employment,275,255,87,168,20,10,10
S01011194,A B D E. Agriculture energy and water,3,3,0,3,0,0,0
S01011194,C. Manufacturing,19,18,3,15,1,1,0
S01011194,F. Construction,27,21,1,20,6,2,4
S01011194,G I. Distribution hotels and restaurants,70,67,42,25,3,0,3
S01011194,H J. Transport and communication,32,29,3,26,3,3,0
S01011194,K L M N. Financial real estate professional and administrative activities,31,29,10,19,2,2,0
S01011194,O P Q. Public administration education and health,73,72,21,51,1,1,0
S01011194,R S T U. Other,20,16,7,9,4,1,3
S01011195,All people aged 16 to 74 in employment,352,336,105,231,16,1,15
S01011195,A B D E. Agriculture energy and water,7,7,0,7,0,0,0
S01011195,C. Manufacturing,46,46,3,43,0,0,0
S01011195,F. Construction,25,20,1,19,5,0,5
S01011195,G I. Distribution hotels and restaurants,86,84,51,33,2,0,2
S01011195,H J. Transport and communication,31,29,4,25,2,0,2
S01011195,K L M N. Financial real estate professional and administrative activities,44,40,13,27,4,1,3
S01011195,O P Q. Public administration education and health,107,104,30,74,3,0,3
S01011195,R S T U. Other,6,6,3,3,0,0,0
S01011196,All people aged 16 to 74 in employment,357,328,99,229,29,5,24
S01011196,A B D E. Agriculture energy and water,10,10,1,9,0,0,0
S01011196,C. Manufacturing,46,46,5,41,0,0,0
S01011196,F. Construction,34,27,1,26,7,0,7
S01011196,G I. Distribution hotels and restaurants,96,90,44,46,6,3,3
S01011196,H J. Transport and communication,26,21,2,19,5,1,4
S01011196,K L M N. Financial real estate professional and administrative activities,27,25,6,19,2,0,2
S01011196,O P Q. Public administration education and health,94,90,29,61,4,0,4
S01011196,R S T U. Other,24,19,11,8,5,1,4
S01011197,All people aged 16 to 74 in employment,314,282,99,183,32,12,20
S01011197,A B D E. Agriculture energy and water,4,4,0,4,0,0,0
S01011197,C. Manufacturing,37,36,3,33,1,0,1
S01011197,F. Construction,30,20,2,18,10,2,8
S01011197,G I. Distribution hotels and restaurants,80,77,45,32,3,2,1
S01011197,H J. Transport and communication,31,24,3,21,7,1,6
S01011197,K L M N. Financial real estate professional and administrative activities,25,22,5,17,3,3,0
S01011197,O P Q. Public administration education and health,92,89,36,53,3,2,1
S01011197,R S T U. Other,15,10,5,5,5,2,3
S01011198,All people aged 16 to 74 in employment,264,233,72,161,31,14,17
S01011198,A B D E. Agriculture energy and water,8,6,1,5,2,1,1
S01011198,C. Manufacturing,35,33,4,29,2,1,1
S01011198,F. Construction,23,16,1,15,7,0,7
S01011198,G I. Distribution hotels and restaurants,70,68,34,34,2,1,1
S01011198,H J. Transport and communication,19,16,3,13,3,1,2
S01011198,K L M N. Financial real estate professional and administrative activities,24,23,3,20,1,1,0
S01011198,O P Q. Public administration education and health,69,60,21,39,9,5,4
S01011198,R S T U. Other,16,11,5,6,5,4,1
S01011199,All people aged 16 to 74 in employment,367,333,88,245,34,6,28
S01011199,A B D E. Agriculture energy and water,3,3,0,3,0,0,0
S01011199,C. Manufacturing,34,33,1,32,1,0,1
S01011199,F. Construction,43,33,1,32,10,0,10
S01011199,G I. Distribution hotels and restaurants,79,75,33,42,4,1,3
S01011199,H J. Transport and communication,26,19,1,18,7,1,6
S01011199,K L M N. Financial real estate professional and administrative activities,51,46,12,34,5,2,3
S01011199,O P Q. Public administration education and health,112,107,30,77,5,1,4
S01011199,R S T U. Other,19,17,10,7,2,1,1
S01011200,All people aged 16 to 74 in employment,355,325,78,247,30,8,22
S01011200,A B D E. Agriculture energy and water,10,9,1,8,1,0,1
S01011200,C. Manufacturing,55,52,4,48,3,0,3
S01011200,F. Construction,34,22,1,21,12,1,11
S01011200,G I. Distribution hotels and restaurants,63,60,30,30,3,0,3
S01011200,H J. Transport and communication,30,27,1,26,3,1,2
S01011200,K L M N. Financial real estate professional and administrative activities,37,34,6,28,3,2,1
S01011200,O P Q. Public administration education and health,115,112,31,81,3,2,1
S01011200,R S T U. Other,11,9,4,5,2,2,0
S01011201,All people aged 16 to 74 in employment,297,271,74,197,26,8,18
S01011201,A B D E. Agriculture energy and water,8,8,2,6,0,0,0
S01011201,C. Manufacturing,40,38,1,37,2,0,2
S01011201,F. Construction,23,18,0,18,5,0,5
S01011201,G I. Distribution hotels and restaurants,63,59,29,30,4,1,3
S01011201,H J. Transport and communication,22,19,0,19,3,1,2
S01011201,K L M N. Financial real estate professional and administrative activities,31,28,7,21,3,1,2
S01011201,O P Q. Public administration education and health,97,92,31,61,5,2,3
S01011201,R S T U. Other,13,9,4,5,4,3,1
S01011202,All people aged 16 to 74 in employment,377,349,107,242,28,14,14
S01011202,A B D E. Agriculture energy and water,14,14,1,13,0,0,0
S01011202,C. Manufacturing,44,43,2,41,1,0,1
S01011202,F. Construction,25,19,0,19,6,3,3
S01011202,G I. Distribution hotels and restaurants,85,83,38,45,2,1,1
S01011202,H J. Transport and communication,18,15,2,13,3,0,3
S01011202,K L M N. Financial real estate professional and administrative activities,37,33,10,23,4,3,1
S01011202,O P Q. Public administration education and health,131,125,48,77,6,3,3
S01011202,R S T U. Other,23,17,6,11,6,4,2
S01011203,All people aged 16 to 74 in employment,381,357,97,260,24,3,21
S01011203,A B D E. Agriculture energy and water,8,8,0,8,0,0,0
S01011203,C. Manufacturing,53,50,5,45,3,0,3
S01011203,F. Construction,25,17,1,16,8,0,8
S01011203,G I. Distribution hotels and restaurants,90,88,43,45,2,0,2
S01011203,H J. Transport and communication,24,21,5,16,3,0,3
S01011203,K L M N. Financial real estate professional and administrative activities,44,41,9,32,3,3,0
S01011203,O P Q. Public administration education and health,111,110,27,83,1,0,1
S01011203,R S T U. Other,26,22,7,15,4,0,4
S01011204,All people aged 16 to 74 in employment,296,269,79,190,27,4,23
S01011204,A B D E. Agriculture energy and water,9,9,0,9,0,0,0
S01011204,C. Manufacturing,37,35,4,31,2,0,2
S01011204,F. Construction,19,14,0,14,5,0,5
S01011204,G I. Distribution hotels and restaurants,63,59,31,28,4,1,3
S01011204,H J. Transport and communication,19,14,3,11,5,1,4
S01011204,K L M N. Financial real estate professional and administrative activities,40,34,8,26,6,0,6
S01011204,O P Q. Public administration education and health,96,93,28,65,3,2,1
S01011204,R S T U. Other,13,11,5,6,2,0,2
S01011205,All people aged 16 to 74 in employment,392,359,102,257,33,4,29
S01011205,A B D E. Agriculture energy and water,16,14,1,13,2,0,2
S01011205,C. Manufacturing,51,51,5,46,0,0,0
S01011205,F. Construction,30,22,1,21,8,0,8
S01011205,G I. Distribution hotels and restaurants,83,79,37,42,4,0,4
S01011205,H J. Transport and communication,41,36,6,30,5,0,5
S01011205,K L M N. Financial real estate professional and administrative activities,49,41,12,29,8,2,6
S01011205,O P Q. Public administration education and health,112,109,36,73,3,0,3
S01011205,R S T U. Other,10,7,4,3,3,2,1
S01011206,All people aged 16 to 74 in employment,397,356,94,262,41,6,35
S01011206,A B D E. Agriculture energy and water,13,13,2,11,0,0,0
S01011206,C. Manufacturing,46,43,3,40,3,1,2
S01011206,F. Construction,37,28,1,27,9,0,9
S01011206,G I. Distribution hotels and restaurants,79,68,29,39,11,3,8
S01011206,H J. Transport and communication,31,25,6,19,6,0,6
S01011206,K L M N. Financial real estate professional and administrative activities,43,38,10,28,5,0,5
S01011206,O P Q. Public administration education and health,135,130,40,90,5,1,4
S01011206,R S T U. Other,13,11,3,8,2,1,1
S01011207,All people aged 16 to 74 in employment,353,324,85,239,29,10,19
S01011207,A B D E. Agriculture energy and water,11,10,2,8,1,1,0
S01011207,C. Manufacturing,42,41,0,41,1,0,1
S01011207,F. Construction,25,19,1,18,6,0,6
S01011207,G I. Distribution hotels and restaurants,64,60,29,31,4,2,2
S01011207,H J. Transport and communication,43,40,7,33,3,1,2
S01011207,K L M N. Financial real estate professional and administrative activities,48,44,8,36,4,3,1
S01011207,O P Q. Public administration education and health,107,102,36,66,5,2,3
S01011207,R S T U. Other,13,8,2,6,5,1,4
S01011208,All people aged 16 to 74 in employment,523,477,135,342,46,10,36
S01011208,A B D E. Agriculture energy and water,12,12,0,12,0,0,0
S01011208,C. Manufacturing,64,62,4,58,2,0,2
S01011208,F. Construction,50,36,4,32,14,2,12
S01011208,G I. Distribution hotels and restaurants,104,96,56,40,8,3,5
S01011208,H J. Transport and communication,46,39,3,36,7,1,6
S01011208,K L M N. Financial real estate professional and administrative activities,49,44,8,36,5,2,3
S01011208,O P Q. Public administration education and health,180,175,53,122,5,0,5
S01011208,R S T U. Other,18,13,7,6,5,2,3
S01011209,All people aged 16 to 74 in employment,276,256,80,176,20,11,9
S01011209,A B D E. Agriculture energy and water,10,9,1,8,1,0,1
S01011209,C. Manufacturing,30,30,0,30,0,0,0
S01011209,F. Construction,30,19,1,18,11,7,4
S01011209,G I. Distribution hotels and restaurants,55,53,28,25,2,2,0
S01011209,H J. Transport and communication,19,18,5,13,1,0,1
S01011209,K L M N. Financial real estate professional and administrative activities,34,32,12,20,2,1,1
S01011209,O P Q. Public administration education and health,79,79,26,53,0,0,0
S01011209,R S T U. Other,19,16,7,9,3,1,2
S01011210,All people aged 16 to 74 in employment,368,300,85,215,68,19,49
S01011210,A B D E. Agriculture energy and water,15,14,0,14,1,1,0
S01011210,C. Manufacturing,42,37,2,35,5,0,5
S01011210,F. Construction,27,17,0,17,10,5,5
S01011210,G I. Distribution hotels and restaurants,86,67,40,27,19,2,17
S01011210,H J. Transport and communication,29,26,4,22,3,0,3
S01011210,K L M N. Financial real estate professional and administrative activities,55,40,7,33,15,4,11
S01011210,O P Q. Public administration education and health,97,87,25,62,10,5,5
S01011210,R S T U. Other,17,12,7,5,5,2,3
S01011211,All people aged 16 to 74 in employment,380,349,106,243,31,7,24
S01011211,A B D E. Agriculture energy and water,20,16,2,14,4,2,2
S01011211,C. Manufacturing,40,39,3,36,1,0,1
S01011211,F. Construction,27,21,3,18,6,0,6
S01011211,G I. Distribution hotels and restaurants,85,79,44,35,6,0,6
S01011211,H J. Transport and communication,21,19,2,17,2,1,1
S01011211,K L M N. Financial real estate professional and administrative activities,38,34,8,26,4,1,3
S01011211,O P Q. Public administration education and health,137,132,41,91,5,2,3
S01011211,R S T U. Other,12,9,3,6,3,1,2
S01011212,All people aged 16 to 74 in employment,226,205,74,131,21,5,16
S01011212,A B D E. Agriculture energy and water,3,3,0,3,0,0,0
S01011212,C. Manufacturing,32,32,3,29,0,0,0
S01011212,F. Construction,15,12,1,11,3,0,3
S01011212,G I. Distribution hotels and restaurants,70,66,33,33,4,1,3
S01011212,H J. Transport and communication,16,10,0,10,6,0,6
S01011212,K L M N. Financial real estate professional and administrative activities,13,12,3,9,1,1,0
S01011212,O P Q. Public administration education and health,67,60,27,33,7,3,4
S01011212,R S T U. Other,10,10,7,3,0,0,0
S01011213,All people aged 16 to 74 in employment,417,394,144,250,23,5,18
S01011213,A B D E. Agriculture energy and water,10,8,3,5,2,1,1
S01011213,C. Manufacturing,55,53,8,45,2,0,2
S01011213,F. Construction,38,34,0,34,4,0,4
S01011213,G I. Distribution hotels and restaurants,122,115,70,45,7,2,5
S01011213,H J. Transport and communication,21,20,1,19,1,0,1
S01011213,K L M N. Financial real estate professional and administrative activities,36,33,15,18,3,0,3
S01011213,O P Q. Public administration education and health,115,113,40,73,2,1,1
S01011213,R S T U. Other,20,18,7,11,2,1,1
S01011214,All people aged 16 to 74 in employment,312,288,106,182,24,11,13
S01011214,A B D E. Agriculture energy and water,14,13,2,11,1,0,1
S01011214,C. Manufacturing,24,24,3,21,0,0,0
S01011214,F. Construction,37,31,2,29,6,2,4
S01011214,G I. Distribution hotels and restaurants,76,73,41,32,3,1,2
S01011214,H J. Transport and communication,21,16,3,13,5,2,3
S01011214,K L M N. Financial real estate professional and administrative activities,36,32,11,21,4,2,2
S01011214,O P Q. Public administration education and health,97,92,41,51,5,4,1
S01011214,R S T U. Other,7,7,3,4,0,0,0
S01011215,All people aged 16 to 74 in employment,201,187,79,108,14,4,10
S01011215,A B D E. Agriculture energy and water,3,3,2,1,0,0,0
S01011215,C. Manufacturing,11,11,1,10,0,0,0
S01011215,F. Construction,21,13,0,13,8,3,5
S01011215,G I. Distribution hotels and restaurants,50,50,28,22,0,0,0
S01011215,H J. Transport and communication,7,7,1,6,0,0,0
S01011215,K L M N. Financial real estate professional and administrative activities,24,23,6,17,1,0,1
S01011215,O P Q. Public administration education and health,67,66,35,31,1,0,1
S01011215,R S T U. Other,18,14,6,8,4,1,3
S01011216,All people aged 16 to 74 in employment,183,167,57,110,16,7,9
S01011216,A B D E. Agriculture energy and water,9,8,0,8,1,0,1
S01011216,C. Manufacturing,21,20,1,19,1,0,1
S01011216,F. Construction,15,11,0,11,4,2,2
S01011216,G I. Distribution hotels and restaurants,39,37,19,18,2,0,2
S01011216,H J. Transport and communication,12,11,1,10,1,0,1
S01011216,K L M N. Financial real estate professional and administrative activities,26,24,7,17,2,2,0
S01011216,O P Q. Public administration education and health,52,49,24,25,3,2,1
S01011216,R S T U. Other,9,7,5,2,2,1,1
S01011217,All people aged 16 to 74 in employment,295,269,105,164,26,6,20
S01011217,A B D E. Agriculture energy and water,9,8,0,8,1,0,1
S01011217,C. Manufacturing,29,28,2,26,1,0,1
S01011217,F. Construction,20,15,0,15,5,1,4
S01011217,G I. Distribution hotels and restaurants,59,57,32,25,2,0,2
S01011217,H J. Transport and communication,30,26,8,18,4,0,4
S01011217,K L M N. Financial real estate professional and administrative activities,46,40,14,26,6,0,6
S01011217,O P Q. Public administration education and health,78,77,40,37,1,1,0
S01011217,R S T U. Other,24,18,9,9,6,4,2
S01011218,All people aged 16 to 74 in employment,214,198,71,127,16,6,10
S01011218,A B D E. Agriculture energy and water,6,6,0,6,0,0,0
S01011218,C. Manufacturing,18,17,1,16,1,0,1
S01011218,F. Construction,15,14,0,14,1,0,1
S01011218,G I. Distribution hotels and restaurants,58,56,28,28,2,0,2
S01011218,H J. Transport and communication,12,11,1,10,1,1,0
S01011218,K L M N. Financial real estate professional and administrative activities,31,27,14,13,4,2,2
S01011218,O P Q. Public administration education and health,63,58,23,35,5,2,3
S01011218,R S T U. Other,11,9,4,5,2,1,1
S01011219,All people aged 16 to 74 in employment,317,289,105,184,28,1,27
S01011219,A B D E. Agriculture energy and water,9,8,0,8,1,0,1
S01011219,C. Manufacturing,36,35,3,32,1,0,1
S01011219,F. Construction,28,22,2,20,6,0,6
S01011219,G I. Distribution hotels and restaurants,94,91,54,37,3,0,3
S01011219,H J. Transport and communication,27,20,5,15,7,0,7
S01011219,K L M N. Financial real estate professional and administrative activities,36,31,10,21,5,1,4
S01011219,O P Q. Public administration education and health,72,69,23,46,3,0,3
S01011219,R S T U. Other,15,13,8,5,2,0,2
S01011220,All people aged 16 to 74 in employment,365,336,101,235,29,8,21
S01011220,A B D E. Agriculture energy and water,11,11,0,11,0,0,0
S01011220,C. Manufacturing,37,35,1,34,2,0,2
S01011220,F. Construction,40,30,0,30,10,1,9
S01011220,G I. Distribution hotels and restaurants,87,86,48,38,1,1,0
S01011220,H J. Transport and communication,30,25,2,23,5,0,5
S01011220,K L M N. Financial real estate professional and administrative activities,42,35,7,28,7,3,4
S01011220,O P Q. Public administration education and health,103,102,38,64,1,1,0
S01011220,R S T U. Other,15,12,5,7,3,2,1
S01011221,All people aged 16 to 74 in employment,428,397,122,275,31,13,18
S01011221,A B D E. Agriculture energy and water,12,11,1,10,1,0,1
S01011221,C. Manufacturing,55,54,7,47,1,0,1
S01011221,F. Construction,46,35,1,34,11,2,9
S01011221,G I. Distribution hotels and restaurants,90,88,49,39,2,0,2
S01011221,H J. Transport and communication,27,24,4,20,3,2,1
S01011221,K L M N. Financial real estate professional and administrative activities,47,43,11,32,4,2,2
S01011221,O P Q. Public administration education and health,132,123,40,83,9,7,2
S01011221,R S T U. Other,19,19,9,10,0,0,0
S01011222,All people aged 16 to 74 in employment,275,256,81,175,19,4,15
S01011222,A B D E. Agriculture energy and water,7,7,0,7,0,0,0
S01011222,C. Manufacturing,36,33,1,32,3,0,3
S01011222,F. Construction,26,20,2,18,6,1,5
S01011222,G I. Distribution hotels and restaurants,60,58,37,21,2,1,1
S01011222,H J. Transport and communication,22,18,2,16,4,2,2
S01011222,K L M N. Financial real estate professional and administrative activities,25,24,8,16,1,0,1
S01011222,O P Q. Public administration education and health,84,83,27,56,1,0,1
S01011222,R S T U. Other,15,13,4,9,2,0,2
S01011223,All people aged 16 to 74 in employment,366,331,100,231,35,13,22
S01011223,A B D E. Agriculture energy and water,15,14,0,14,1,0,1
S01011223,C. Manufacturing,47,46,5,41,1,0,1
S01011223,F. Construction,26,15,0,15,11,1,10
S01011223,G I. Distribution hotels and restaurants,66,64,33,31,2,0,2
S01011223,H J. Transport and communication,27,22,2,20,5,5,0
S01011223,K L M N. Financial real estate professional and administrative activities,37,35,9,26,2,1,1
S01011223,O P Q. Public administration education and health,133,125,46,79,8,3,5
S01011223,R S T U. Other,15,10,5,5,5,3,2
S01011224,All people aged 16 to 74 in employment,268,240,72,168,28,10,18
S01011224,A B D E. Agriculture energy and water,6,5,0,5,1,1,0
S01011224,C. Manufacturing,40,40,1,39,0,0,0
S01011224,F. Construction,22,20,0,20,2,0,2
S01011224,G I. Distribution hotels and restaurants,65,55,36,19,10,2,8
S01011224,H J. Transport and communication,17,14,1,13,3,1,2
S01011224,K L M N. Financial real estate professional and administrative activities,25,18,6,12,7,2,5
S01011224,O P Q. Public administration education and health,82,78,23,55,4,3,1
S01011224,R S T U. Other,11,10,5,5,1,1,0
S01011225,All people aged 16 to 74 in employment,253,233,82,151,20,6,14
S01011225,A B D E. Agriculture energy and water,4,4,0,4,0,0,0
S01011225,C. Manufacturing,26,25,2,23,1,0,1
S01011225,F. Construction,23,19,2,17,4,0,4
S01011225,G I. Distribution hotels and restaurants,57,57,36,21,0,0,0
S01011225,H J. Transport and communication,12,7,0,7,5,3,2
S01011225,K L M N. Financial real estate professional and administrative activities,38,35,7,28,3,0,3
S01011225,O P Q. Public administration education and health,73,68,28,40,5,1,4
S01011225,R S T U. Other,20,18,7,11,2,2,0
S01011226,All people aged 16 to 74 in employment,411,365,106,259,46,12,34
S01011226,A B D E. Agriculture energy and water,14,14,1,13,0,0,0
S01011226,C. Manufacturing,42,39,3,36,3,1,2
S01011226,F. Construction,32,19,0,19,13,1,12
S01011226,G I. Distribution hotels and restaurants,81,72,34,38,9,3,6
S01011226,H J. Transport and communication,32,27,6,21,5,0,5
S01011226,K L M N. Financial real estate professional and administrative activities,49,40,10,30,9,5,4
S01011226,O P Q. Public administration education and health,139,137,44,93,2,0,2
S01011226,R S T U. Other,22,17,8,9,5,2,3
S01011227,All people aged 16 to 74 in employment,320,281,77,204,39,15,24
S01011227,A B D E. Agriculture energy and water,4,3,0,3,1,0,1
S01011227,C. Manufacturing,37,35,4,31,2,1,1
S01011227,F. Construction,32,23,3,20,9,3,6
S01011227,G I. Distribution hotels and restaurants,70,62,32,30,8,1,7
S01011227,H J. Transport and communication,19,17,1,16,2,0,2
S01011227,K L M N. Financial real estate professional and administrative activities,52,42,9,33,10,5,5
S01011227,O P Q. Public administration education and health,90,86,26,60,4,3,1
S01011227,R S T U. Other,16,13,2,11,3,2,1
S01011228,All people aged 16 to 74 in employment,308,288,79,209,20,6,14
S01011228,A B D E. Agriculture energy and water,12,12,1,11,0,0,0
S01011228,C. Manufacturing,35,35,4,31,0,0,0
S01011228,F. Construction,19,16,0,16,3,0,3
S01011228,G I. Distribution hotels and restaurants,83,78,36,42,5,1,4
S01011228,H J. Transport and communication,18,18,2,16,0,0,0
S01011228,K L M N. Financial real estate professional and administrative activities,42,37,12,25,5,2,3
S01011228,O P Q. Public administration education and health,81,80,20,60,1,1,0
S01011228,R S T U. Other,18,12,4,8,6,2,4
S01011229,All people aged 16 to 74 in employment,166,148,44,104,18,5,13
S01011229,A B D E. Agriculture energy and water,2,1,0,1,1,0,1
S01011229,C. Manufacturing,17,17,3,14,0,0,0
S01011229,F. Construction,14,12,1,11,2,0,2
S01011229,G I. Distribution hotels and restaurants,47,41,19,22,6,0,6
S01011229,H J. Transport and communication,10,10,3,7,0,0,0
S01011229,K L M N. Financial real estate professional and administrative activities,18,18,2,16,0,0,0
S01011229,O P Q. Public administration education and health,45,42,13,29,3,1,2
S01011229,R S T U. Other,13,7,3,4,6,4,2
S01011230,All people aged 16 to 74 in employment,261,235,80,155,26,11,15
S01011230,A B D E. Agriculture energy and water,11,11,1,10,0,0,0
S01011230,C. Manufacturing,27,26,2,24,1,1,0
S01011230,F. Construction,27,19,1,18,8,0,8
S01011230,G I. Distribution hotels and restaurants,61,60,36,24,1,0,1
S01011230,H J. Transport and communication,13,8,3,5,5,2,3
S01011230,K L M N. Financial real estate professional and administrative activities,33,29,7,22,4,3,1
S01011230,O P Q. Public administration education and health,73,72,27,45,1,1,0
S01011230,R S T U. Other,16,10,3,7,6,4,2
S01011231,All people aged 16 to 74 in employment,207,195,68,127,12,2,10
S01011231,A B D E. Agriculture energy and water,7,4,0,4,3,1,2
S01011231,C. Manufacturing,27,27,2,25,0,0,0
S01011231,F. Construction,17,14,0,14,3,0,3
S01011231,G I. Distribution hotels and restaurants,67,64,34,30,3,0,3
S01011231,H J. Transport and communication,14,13,5,8,1,0,1
S01011231,K L M N. Financial real estate professional and administrative activities,19,18,5,13,1,1,0
S01011231,O P Q. Public administration education and health,44,44,18,26,0,0,0
S01011231,R S T U. Other,12,11,4,7,1,0,1
S01011232,All people aged 16 to 74 in employment,446,387,99,288,59,19,40
S01011232,A B D E. Agriculture energy and water,14,11,2,9,3,2,1
S01011232,C. Manufacturing,59,56,5,51,3,2,1
S01011232,F. Construction,41,29,2,27,12,2,10
S01011232,G I. Distribution hotels and restaurants,94,81,38,43,13,4,9
S01011232,H J. Transport and communication,32,23,5,18,9,0,9
S01011232,K L M N. Financial real estate professional and administrative activities,73,60,10,50,13,7,6
S01011232,O P Q. Public administration education and health,114,109,30,79,5,2,3
S01011232,R S T U. Other,19,18,7,11,1,0,1
S01011233,All people aged 16 to 74 in employment,119,107,31,76,12,1,11
S01011233,A B D E. Agriculture energy and water,3,2,0,2,1,0,1
S01011233,C. Manufacturing,12,12,2,10,0,0,0
S01011233,F. Construction,11,9,0,9,2,0,2
S01011233,G I. Distribution hotels and restaurants,28,28,11,17,0,0,0
S01011233,H J. Transport and communication,12,11,1,10,1,0,1
S01011233,K L M N. Financial real estate professional and administrative activities,10,7,3,4,3,0,3
S01011233,O P Q. Public administration education and health,41,36,13,23,5,1,4
S01011233,R S T U. Other,2,2,1,1,0,0,0
S01011234,All people aged 16 to 74 in employment,364,339,119,220,25,7,18
S01011234,A B D E. Agriculture energy and water,22,21,0,21,1,0,1
S01011234,C. Manufacturing,39,38,2,36,1,0,1
S01011234,F. Construction,38,28,4,24,10,1,9
S01011234,G I. Distribution hotels and restaurants,74,71,43,28,3,2,1
S01011234,H J. Transport and communication,31,27,7,20,4,2,2
S01011234,K L M N. Financial real estate professional and administrative activities,39,36,15,21,3,1,2
S01011234,O P Q. Public administration education and health,103,101,41,60,2,0,2
S01011234,R S T U. Other,18,17,7,10,1,1,0
S01011235,All people aged 16 to 74 in employment,121,107,30,77,14,4,10
S01011235,A B D E. Agriculture energy and water,8,8,0,8,0,0,0
S01011235,C. Manufacturing,8,7,0,7,1,0,1
S01011235,F. Construction,11,8,1,7,3,1,2
S01011235,G I. Distribution hotels and restaurants,25,22,14,8,3,0,3
S01011235,H J. Transport and communication,10,10,5,5,0,0,0
S01011235,K L M N. Financial real estate professional and administrative activities,9,8,1,7,1,0,1
S01011235,O P Q. Public administration education and health,40,37,6,31,3,1,2
S01011235,R S T U. Other,10,7,3,4,3,2,1
S01011236,All people aged 16 to 74 in employment,236,218,62,156,18,8,10
S01011236,A B D E. Agriculture energy and water,6,6,0,6,0,0,0
S01011236,C. Manufacturing,22,21,1,20,1,1,0
S01011236,F. Construction,28,22,0,22,6,2,4
S01011236,G I. Distribution hotels and restaurants,44,42,21,21,2,2,0
S01011236,H J. Transport and communication,16,13,2,11,3,2,1
S01011236,K L M N. Financial real estate professional and administrative activities,24,23,9,14,1,1,0
S01011236,O P Q. Public administration education and health,85,80,27,53,5,0,5
S01011236,R S T U. Other,11,11,2,9,0,0,0
S01011237,All people aged 16 to 74 in employment,277,257,92,165,20,8,12
S01011237,A B D E. Agriculture energy and water,15,15,1,14,0,0,0
S01011237,C. Manufacturing,15,14,1,13,1,0,1
S01011237,F. Construction,33,26,1,25,7,2,5
S01011237,G I. Distribution hotels and restaurants,74,70,39,31,4,1,3
S01011237,H J. Transport and communication,10,9,1,8,1,0,1
S01011237,K L M N. Financial real estate professional and administrative activities,36,34,10,24,2,2,0
S01011237,O P Q. Public administration education and health,90,87,39,48,3,1,2
S01011237,R S T U. Other,4,2,0,2,2,2,0
S01011238,All people aged 16 to 74 in employment,216,195,73,122,21,6,15
S01011238,A B D E. Agriculture energy and water,7,6,1,5,1,0,1
S01011238,C. Manufacturing,13,13,0,13,0,0,0
S01011238,F. Construction,17,13,0,13,4,0,4
S01011238,G I. Distribution hotels and restaurants,61,55,30,25,6,3,3
S01011238,H J. Transport and communication,14,12,2,10,2,0,2
S01011238,K L M N. Financial real estate professional and administrative activities,30,29,12,17,1,0,1
S01011238,O P Q. Public administration education and health,56,55,22,33,1,0,1
S01011238,R S T U. Other,18,12,6,6,6,3,3
S01011239,All people aged 16 to 74 in employment,253,226,77,149,27,8,19
S01011239,A B D E. Agriculture energy and water,15,15,3,12,0,0,0
S01011239,C. Manufacturing,17,16,3,13,1,0,1
S01011239,F. Construction,26,20,0,20,6,1,5
S01011239,G I. Distribution hotels and restaurants,46,43,20,23,3,1,2
S01011239,H J. Transport and communication,19,11,2,9,8,4,4
S01011239,K L M N. Financial real estate professional and administrative activities,28,25,7,18,3,0,3
S01011239,O P Q. Public administration education and health,79,76,35,41,3,1,2
S01011239,R S T U. Other,23,20,7,13,3,1,2
S01011240,All people aged 16 to 74 in employment,248,222,60,162,26,4,22
S01011240,A B D E. Agriculture energy and water,10,10,0,10,0,0,0
S01011240,C. Manufacturing,28,26,2,24,2,0,2
S01011240,F. Construction,21,17,1,16,4,1,3
S01011240,G I. Distribution hotels and restaurants,41,36,20,16,5,0,5
S01011240,H J. Transport and communication,15,12,4,8,3,2,1
S01011240,K L M N. Financial real estate professional and administrative activities,30,26,4,22,4,0,4
S01011240,O P Q. Public administration education and health,89,86,26,60,3,1,2
S01011240,R S T U. Other,14,9,3,6,5,0,5
S01011241,All people aged 16 to 74 in employment,406,349,91,258,57,17,40
S01011241,A B D E. Agriculture energy and water,19,16,1,15,3,0,3
S01011241,C. Manufacturing,38,35,2,33,3,2,1
S01011241,F. Construction,36,24,1,23,12,3,9
S01011241,G I. Distribution hotels and restaurants,75,69,27,42,6,1,5
S01011241,H J. Transport and communication,36,31,4,27,5,1,4
S01011241,K L M N. Financial real estate professional and administrative activities,47,36,5,31,11,3,8
S01011241,O P Q. Public administration education and health,127,118,42,76,9,5,4
S01011241,R S T U. Other,28,20,9,11,8,2,6
S01011242,All people aged 16 to 74 in employment,298,265,89,176,33,7,26
S01011242,A B D E. Agriculture energy and water,12,10,0,10,2,1,1
S01011242,C. Manufacturing,23,21,0,21,2,1,1
S01011242,F. Construction,17,10,0,10,7,1,6
S01011242,G I. Distribution hotels and restaurants,52,49,34,15,3,0,3
S01011242,H J. Transport and communication,27,23,4,19,4,0,4
S01011242,K L M N. Financial real estate professional and administrative activities,39,34,5,29,5,1,4
S01011242,O P Q. Public administration education and health,115,108,40,68,7,3,4
S01011242,R S T U. Other,13,10,6,4,3,0,3
S01011243,All people aged 16 to 74 in employment,283,259,78,181,24,8,16
S01011243,A B D E. Agriculture energy and water,8,8,3,5,0,0,0
S01011243,C. Manufacturing,18,18,0,18,0,0,0
S01011243,F. Construction,26,24,1,23,2,1,1
S01011243,G I. Distribution hotels and restaurants,74,65,38,27,9,1,8
S01011243,H J. Transport and communication,29,23,6,17,6,1,5
S01011243,K L M N. Financial real estate professional and administrative activities,28,28,4,24,0,0,0
S01011243,O P Q. Public administration education and health,87,82,21,61,5,4,1
S01011243,R S T U. Other,13,11,5,6,2,1,1
S01011244,All people aged 16 to 74 in employment,246,231,71,160,15,5,10
S01011244,A B D E. Agriculture energy and water,11,11,2,9,0,0,0
S01011244,C. Manufacturing,24,23,2,21,1,0,1
S01011244,F. Construction,19,18,2,16,1,0,1
S01011244,G I. Distribution hotels and restaurants,51,50,32,18,1,0,1
S01011244,H J. Transport and communication,22,19,3,16,3,1,2
S01011244,K L M N. Financial real estate professional and administrative activities,29,27,1,26,2,0,2
S01011244,O P Q. Public administration education and health,76,71,23,48,5,2,3
S01011244,R S T U. Other,14,12,6,6,2,2,0
S01011245,All people aged 16 to 74 in employment,305,275,103,172,30,13,17
S01011245,A B D E. Agriculture energy and water,16,16,1,15,0,0,0
S01011245,C. Manufacturing,14,13,2,11,1,0,1
S01011245,F. Construction,29,22,0,22,7,2,5
S01011245,G I. Distribution hotels and restaurants,54,51,32,19,3,0,3
S01011245,H J. Transport and communication,19,14,3,11,5,2,3
S01011245,K L M N. Financial real estate professional and administrative activities,46,40,10,30,6,5,1
S01011245,O P Q. Public administration education and health,111,106,46,60,5,2,3
S01011245,R S T U. Other,16,13,9,4,3,2,1
S01011246,All people aged 16 to 74 in employment,415,350,103,247,65,15,50
S01011246,A B D E. Agriculture energy and water,17,16,0,16,1,0,1
S01011246,C. Manufacturing,21,20,1,19,1,0,1
S01011246,F. Construction,34,18,2,16,16,3,13
S01011246,G I. Distribution hotels and restaurants,85,72,35,37,13,2,11
S01011246,H J. Transport and communication,45,34,7,27,11,2,9
S01011246,K L M N. Financial real estate professional and administrative activities,49,42,5,37,7,2,5
S01011246,O P Q. Public administration education and health,137,134,49,85,3,2,1
S01011246,R S T U. Other,27,14,4,10,13,4,9
S01011247,All people aged 16 to 74 in employment,340,305,76,229,35,13,22
S01011247,A B D E. Agriculture energy and water,26,25,1,24,1,0,1
S01011247,C. Manufacturing,32,32,1,31,0,0,0
S01011247,F. Construction,20,16,2,14,4,2,2
S01011247,G I. Distribution hotels and restaurants,53,50,20,30,3,0,3
S01011247,H J. Transport and communication,17,11,1,10,6,3,3
S01011247,K L M N. Financial real estate professional and administrative activities,49,38,11,27,11,6,5
S01011247,O P Q. Public administration education and health,126,120,34,86,6,0,6
S01011247,R S T U. Other,17,13,6,7,4,2,2
S01011248,All people aged 16 to 74 in employment,386,359,125,234,27,4,23
S01011248,A B D E. Agriculture energy and water,30,30,4,26,0,0,0
S01011248,C. Manufacturing,41,41,3,38,0,0,0
S01011248,F. Construction,32,25,4,21,7,0,7
S01011248,G I. Distribution hotels and restaurants,80,72,39,33,8,2,6
S01011248,H J. Transport and communication,28,24,4,20,4,0,4
S01011248,K L M N. Financial real estate professional and administrative activities,32,30,11,19,2,0,2
S01011248,O P Q. Public administration education and health,130,126,55,71,4,1,3
S01011248,R S T U. Other,13,11,5,6,2,1,1
S01011249,All people aged 16 to 74 in employment,368,344,85,259,24,12,12
S01011249,A B D E. Agriculture energy and water,34,34,1,33,0,0,0
S01011249,C. Manufacturing,38,36,0,36,2,0,2
S01011249,F. Construction,20,16,1,15,4,0,4
S01011249,G I. Distribution hotels and restaurants,67,63,23,40,4,1,3
S01011249,H J. Transport and communication,22,19,3,16,3,3,0
S01011249,K L M N. Financial real estate professional and administrative activities,56,50,15,35,6,3,3
S01011249,O P Q. Public administration education and health,116,113,38,75,3,3,0
S01011249,R S T U. Other,15,13,4,9,2,2,0
S01011250,All people aged 16 to 74 in employment,422,387,144,243,35,12,23
S01011250,A B D E. Agriculture energy and water,11,11,0,11,0,0,0
S01011250,C. Manufacturing,32,32,3,29,0,0,0
S01011250,F. Construction,34,26,1,25,8,2,6
S01011250,G I. Distribution hotels and restaurants,89,86,48,38,3,1,2
S01011250,H J. Transport and communication,42,32,11,21,10,3,7
S01011250,K L M N. Financial real estate professional and administrative activities,44,38,13,25,6,3,3
S01011250,O P Q. Public administration education and health,140,135,53,82,5,3,2
S01011250,R S T U. Other,30,27,15,12,3,0,3
S01011251,All people aged 16 to 74 in employment,365,333,108,225,32,12,20
S01011251,A B D E. Agriculture energy and water,17,15,2,13,2,1,1
S01011251,C. Manufacturing,30,29,1,28,1,0,1
S01011251,F. Construction,34,27,0,27,7,1,6
S01011251,G I. Distribution hotels and restaurants,92,89,55,34,3,1,2
S01011251,H J. Transport and communication,29,21,4,17,8,4,4
S01011251,K L M N. Financial real estate professional and administrative activities,30,28,4,24,2,1,1
S01011251,O P Q. Public administration education and health,113,108,32,76,5,3,2
S01011251,R S T U. Other,20,16,10,6,4,1,3
S01011252,All people aged 16 to 74 in employment,307,294,105,189,13,2,11
S01011252,A B D E. Agriculture energy and water,19,19,1,18,0,0,0
S01011252,C. Manufacturing,24,23,1,22,1,0,1
S01011252,F. Construction,21,19,0,19,2,0,2
S01011252,G I. Distribution hotels and restaurants,67,64,37,27,3,0,3
S01011252,H J. Transport and communication,29,29,7,22,0,0,0
S01011252,K L M N. Financial real estate professional and administrative activities,42,39,14,25,3,1,2
S01011252,O P Q. Public administration education and health,95,94,41,53,1,0,1
S01011252,R S T U. Other,10,7,4,3,3,1,2
S01011253,All people aged 16 to 74 in employment,324,306,122,184,18,8,10
S01011253,A B D E. Agriculture energy and water,18,18,5,13,0,0,0
S01011253,C. Manufacturing,37,35,3,32,2,0,2
S01011253,F. Construction,26,21,3,18,5,2,3
S01011253,G I. Distribution hotels and restaurants,86,82,49,33,4,1,3
S01011253,H J. Transport and communication,16,15,5,10,1,1,0
S01011253,K L M N. Financial real estate professional and administrative activities,23,20,5,15,3,3,0
S01011253,O P Q. Public administration education and health,102,100,44,56,2,0,2
S01011253,R S T U. Other,16,15,8,7,1,1,0
S01011254,All people aged 16 to 74 in employment,527,494,142,352,33,7,26
S01011254,A B D E. Agriculture energy and water,34,34,1,33,0,0,0
S01011254,C. Manufacturing,60,58,4,54,2,0,2
S01011254,F. Construction,44,36,2,34,8,0,8
S01011254,G I. Distribution hotels and restaurants,90,83,54,29,7,0,7
S01011254,H J. Transport and communication,40,35,2,33,5,3,2
S01011254,K L M N. Financial real estate professional and administrative activities,62,57,17,40,5,1,4
S01011254,O P Q. Public administration education and health,180,175,58,117,5,3,2
S01011254,R S T U. Other,17,16,4,12,1,0,1
S01011255,All people aged 16 to 74 in employment,423,392,94,298,31,8,23
S01011255,A B D E. Agriculture energy and water,24,23,0,23,1,1,0
S01011255,C. Manufacturing,48,45,2,43,3,0,3
S01011255,F. Construction,25,18,1,17,7,2,5
S01011255,G I. Distribution hotels and restaurants,69,64,37,27,5,1,4
S01011255,H J. Transport and communication,28,24,5,19,4,1,3
S01011255,K L M N. Financial real estate professional and administrative activities,65,59,12,47,6,2,4
S01011255,O P Q. Public administration education and health,155,153,34,119,2,0,2
S01011255,R S T U. Other,9,6,3,3,3,1,2
S01011256,All people aged 16 to 74 in employment,249,224,62,162,25,6,19
S01011256,A B D E. Agriculture energy and water,10,7,1,6,3,0,3
S01011256,C. Manufacturing,35,33,2,31,2,1,1
S01011256,F. Construction,29,23,4,19,6,2,4
S01011256,G I. Distribution hotels and restaurants,44,41,15,26,3,0,3
S01011256,H J. Transport and communication,20,16,5,11,4,1,3
S01011256,K L M N. Financial real estate professional and administrative activities,30,27,7,20,3,0,3
S01011256,O P Q. Public administration education and health,71,70,24,46,1,1,0
S01011256,R S T U. Other,10,7,4,3,3,1,2
S01011257,All people aged 16 to 74 in employment,160,139,48,91,21,8,13
S01011257,A B D E. Agriculture energy and water,9,9,0,9,0,0,0
S01011257,C. Manufacturing,11,11,0,11,0,0,0
S01011257,F. Construction,8,5,1,4,3,0,3
S01011257,G I. Distribution hotels and restaurants,32,26,13,13,6,1,5
S01011257,H J. Transport and communication,12,9,3,6,3,1,2
S01011257,K L M N. Financial real estate professional and administrative activities,22,18,5,13,4,1,3
S01011257,O P Q. Public administration education and health,57,52,23,29,5,5,0
S01011257,R S T U. Other,9,9,3,6,0,0,0
S01011258,All people aged 16 to 74 in employment,267,235,65,170,32,6,26
S01011258,A B D E. Agriculture energy and water,14,13,1,12,1,0,1
S01011258,C. Manufacturing,25,23,0,23,2,0,2
S01011258,F. Construction,29,20,2,18,9,2,7
S01011258,G I. Distribution hotels and restaurants,43,39,22,17,4,1,3
S01011258,H J. Transport and communication,13,12,2,10,1,1,0
S01011258,K L M N. Financial real estate professional and administrative activities,31,28,6,22,3,1,2
S01011258,O P Q. Public administration education and health,101,96,28,68,5,1,4
S01011258,R S T U. Other,11,4,4,0,7,0,7
S01011259,All people aged 16 to 74 in employment,313,274,82,192,39,4,35
S01011259,A B D E. Agriculture energy and water,10,8,1,7,2,0,2
S01011259,C. Manufacturing,24,19,1,18,5,1,4
S01011259,F. Construction,30,22,4,18,8,0,8
S01011259,G I. Distribution hotels and restaurants,60,54,30,24,6,1,5
S01011259,H J. Transport and communication,26,21,7,14,5,0,5
S01011259,K L M N. Financial real estate professional and administrative activities,36,32,6,26,4,1,3
S01011259,O P Q. Public administration education and health,117,111,31,80,6,0,6
S01011259,R S T U. Other,10,7,2,5,3,1,2
S01011260,All people aged 16 to 74 in employment,302,272,79,193,30,12,18
S01011260,A B D E. Agriculture energy and water,12,12,1,11,0,0,0
S01011260,C. Manufacturing,24,24,1,23,0,0,0
S01011260,F. Construction,26,19,1,18,7,1,6
S01011260,G I. Distribution hotels and restaurants,47,40,26,14,7,3,4
S01011260,H J. Transport and communication,20,18,4,14,2,1,1
S01011260,K L M N. Financial real estate professional and administrative activities,42,36,7,29,6,3,3
S01011260,O P Q. Public administration education and health,117,113,32,81,4,2,2
S01011260,R S T U. Other,14,10,7,3,4,2,2
S01011261,All people aged 16 to 74 in employment,268,247,89,158,21,7,14
S01011261,A B D E. Agriculture energy and water,12,10,0,10,2,0,2
S01011261,C. Manufacturing,34,32,0,32,2,0,2
S01011261,F. Construction,27,24,0,24,3,2,1
S01011261,G I. Distribution hotels and restaurants,55,53,31,22,2,2,0
S01011261,H J. Transport and communication,16,13,4,9,3,1,2
S01011261,K L M N. Financial real estate professional and administrative activities,34,32,11,21,2,0,2
S01011261,O P Q. Public administration education and health,68,65,31,34,3,1,2
S01011261,R S T U. Other,22,18,12,6,4,1,3
S01011262,All people aged 16 to 74 in employment,205,187,64,123,18,6,12
S01011262,A B D E. Agriculture energy and water,4,4,0,4,0,0,0
S01011262,C. Manufacturing,17,17,1,16,0,0,0
S01011262,F. Construction,18,11,0,11,7,0,7
S01011262,G I. Distribution hotels and restaurants,45,44,29,15,1,0,1
S01011262,H J. Transport and communication,20,19,4,15,1,0,1
S01011262,K L M N. Financial real estate professional and administrative activities,30,27,5,22,3,2,1
S01011262,O P Q. Public administration education and health,62,58,21,37,4,3,1
S01011262,R S T U. Other,9,7,4,3,2,1,1
S01011263,All people aged 16 to 74 in employment,524,492,128,364,32,12,20
S01011263,A B D E. Agriculture energy and water,32,31,0,31,1,0,1
S01011263,C. Manufacturing,36,35,2,33,1,0,1
S01011263,F. Construction,41,32,1,31,9,2,7
S01011263,G I. Distribution hotels and restaurants,104,100,44,56,4,0,4
S01011263,H J. Transport and communication,42,38,9,29,4,3,1
S01011263,K L M N. Financial real estate professional and administrative activities,69,64,14,50,5,3,2
S01011263,O P Q. Public administration education and health,180,175,51,124,5,2,3
S01011263,R S T U. Other,20,17,7,10,3,2,1
S01011264,All people aged 16 to 74 in employment,267,248,88,160,19,10,9
S01011264,A B D E. Agriculture energy and water,10,9,3,6,1,0,1
S01011264,C. Manufacturing,31,30,1,29,1,0,1
S01011264,F. Construction,25,20,0,20,5,1,4
S01011264,G I. Distribution hotels and restaurants,73,72,46,26,1,0,1
S01011264,H J. Transport and communication,24,21,5,16,3,2,1
S01011264,K L M N. Financial real estate professional and administrative activities,26,21,7,14,5,5,0
S01011264,O P Q. Public administration education and health,66,64,21,43,2,1,1
S01011264,R S T U. Other,12,11,5,6,1,1,0
S01011265,All people aged 16 to 74 in employment,376,337,137,200,39,18,21
S01011265,A B D E. Agriculture energy and water,13,12,0,12,1,0,1
S01011265,C. Manufacturing,20,20,1,19,0,0,0
S01011265,F. Construction,41,29,1,28,12,4,8
S01011265,G I. Distribution hotels and restaurants,110,101,62,39,9,5,4
S01011265,H J. Transport and communication,26,22,6,16,4,1,3
S01011265,K L M N. Financial real estate professional and administrative activities,41,37,12,25,4,3,1
S01011265,O P Q. Public administration education and health,107,101,47,54,6,3,3
S01011265,R S T U. Other,18,15,8,7,3,2,1
S01011266,All people aged 16 to 74 in employment,378,355,116,239,23,5,18
S01011266,A B D E. Agriculture energy and water,21,17,0,17,4,0,4
S01011266,C. Manufacturing,41,40,1,39,1,0,1
S01011266,F. Construction,27,20,2,18,7,1,6
S01011266,G I. Distribution hotels and restaurants,84,83,46,37,1,0,1
S01011266,H J. Transport and communication,43,41,8,33,2,1,1
S01011266,K L M N. Financial real estate professional and administrative activities,35,32,11,21,3,1,2
S01011266,O P Q. Public administration education and health,111,107,42,65,4,1,3
S01011266,R S T U. Other,16,15,6,9,1,1,0
S01011267,All people aged 16 to 74 in employment,246,232,59,173,14,3,11
S01011267,A B D E. Agriculture energy and water,19,18,1,17,1,0,1
S01011267,C. Manufacturing,29,29,1,28,0,0,0
S01011267,F. Construction,15,11,0,11,4,0,4
S01011267,G I. Distribution hotels and restaurants,40,37,16,21,3,1,2
S01011267,H J. Transport and communication,15,14,5,9,1,0,1
S01011267,K L M N. Financial real estate professional and administrative activities,28,26,8,18,2,1,1
S01011267,O P Q. Public administration education and health,88,88,25,63,0,0,0
S01011267,R S T U. Other,12,9,3,6,3,1,2
S01011268,All people aged 16 to 74 in employment,160,143,44,99,17,2,15
S01011268,A B D E. Agriculture energy and water,8,7,1,6,1,0,1
S01011268,C. Manufacturing,16,15,1,14,1,0,1
S01011268,F. Construction,15,12,0,12,3,0,3
S01011268,G I. Distribution hotels and restaurants,30,26,17,9,4,1,3
S01011268,H J. Transport and communication,16,15,4,11,1,0,1
S01011268,K L M N. Financial real estate professional and administrative activities,16,12,4,8,4,0,4
S01011268,O P Q. Public administration education and health,53,51,14,37,2,1,1
S01011268,R S T U. Other,6,5,3,2,1,0,1
S01011269,All people aged 16 to 74 in employment,187,173,60,113,14,4,10
S01011269,A B D E. Agriculture energy and water,10,10,0,10,0,0,0
S01011269,C. Manufacturing,20,19,1,18,1,0,1
S01011269,F. Construction,20,17,3,14,3,2,1
S01011269,G I. Distribution hotels and restaurants,30,28,17,11,2,0,2
S01011269,H J. Transport and communication,14,10,0,10,4,0,4
S01011269,K L M N. Financial real estate professional and administrative activities,17,16,8,8,1,1,0
S01011269,O P Q. Public administration education and health,62,60,24,36,2,1,1
S01011269,R S T U. Other,14,13,7,6,1,0,1
S01011270,All people aged 16 to 74 in employment,284,257,74,183,27,1,26
S01011270,A B D E. Agriculture energy and water,8,7,0,7,1,1,0
S01011270,C. Manufacturing,34,33,4,29,1,0,1
S01011270,F. Construction,29,20,0,20,9,0,9
S01011270,G I. Distribution hotels and restaurants,63,61,34,27,2,0,2
S01011270,H J. Transport and communication,22,18,1,17,4,0,4
S01011270,K L M N. Financial real estate professional and administrative activities,31,25,5,20,6,0,6
S01011270,O P Q. Public administration education and health,89,86,27,59,3,0,3
S01011270,R S T U. Other,8,7,3,4,1,0,1
S01011271,All people aged 16 to 74 in employment,297,284,92,192,13,1,12
S01011271,A B D E. Agriculture energy and water,19,19,0,19,0,0,0
S01011271,C. Manufacturing,31,30,0,30,1,0,1
S01011271,F. Construction,23,21,0,21,2,0,2
S01011271,G I. Distribution hotels and restaurants,68,62,34,28,6,1,5
S01011271,H J. Transport and communication,24,23,7,16,1,0,1
S01011271,K L M N. Financial real estate professional and administrative activities,31,29,8,21,2,0,2
S01011271,O P Q. Public administration education and health,90,90,35,55,0,0,0
S01011271,R S T U. Other,11,10,8,2,1,0,1
S01011272,All people aged 16 to 74 in employment,289,271,74,197,18,5,13
S01011272,A B D E. Agriculture energy and water,17,16,0,16,1,0,1
S01011272,C. Manufacturing,30,29,1,28,1,0,1
S01011272,F. Construction,29,21,2,19,8,3,5
S01011272,G I. Distribution hotels and restaurants,60,59,31,28,1,0,1
S01011272,H J. Transport and communication,19,18,4,14,1,0,1
S01011272,K L M N. Financial real estate professional and administrative activities,33,31,9,22,2,0,2
S01011272,O P Q. Public administration education and health,82,81,21,60,1,0,1
S01011272,R S T U. Other,19,16,6,10,3,2,1
S01011273,All people aged 16 to 74 in employment,319,300,96,204,19,4,15
S01011273,A B D E. Agriculture energy and water,8,8,1,7,0,0,0
S01011273,C. Manufacturing,24,22,0,22,2,1,1
S01011273,F. Construction,29,24,2,22,5,0,5
S01011273,G I. Distribution hotels and restaurants,92,89,52,37,3,0,3
S01011273,H J. Transport and communication,24,20,5,15,4,1,3
S01011273,K L M N. Financial real estate professional and administrative activities,39,36,8,28,3,2,1
S01011273,O P Q. Public administration education and health,84,83,20,63,1,0,1
S01011273,R S T U. Other,19,18,8,10,1,0,1
S01011274,All people aged 16 to 74 in employment,351,323,100,223,28,10,18
S01011274,A B D E. Agriculture energy and water,13,11,0,11,2,0,2
S01011274,C. Manufacturing,43,42,1,41,1,0,1
S01011274,F. Construction,34,30,2,28,4,0,4
S01011274,G I. Distribution hotels and restaurants,88,85,49,36,3,1,2
S01011274,H J. Transport and communication,21,20,5,15,1,0,1
S01011274,K L M N. Financial real estate professional and administrative activities,44,38,12,26,6,2,4
S01011274,O P Q. Public administration education and health,95,91,29,62,4,2,2
S01011274,R S T U. Other,13,6,2,4,7,5,2
S01011275,All people aged 16 to 74 in employment,231,218,83,135,13,2,11
S01011275,A B D E. Agriculture energy and water,7,7,0,7,0,0,0
S01011275,C. Manufacturing,22,22,2,20,0,0,0
S01011275,F. Construction,26,21,1,20,5,1,4
S01011275,G I. Distribution hotels and restaurants,65,65,34,31,0,0,0
S01011275,H J. Transport and communication,21,19,5,14,2,0,2
S01011275,K L M N. Financial real estate professional and administrative activities,20,19,8,11,1,0,1
S01011275,O P Q. Public administration education and health,61,57,28,29,4,0,4
S01011275,R S T U. Other,9,8,5,3,1,1,0
S01011276,All people aged 16 to 74 in employment,370,346,119,227,24,8,16
S01011276,A B D E. Agriculture energy and water,22,21,2,19,1,0,1
S01011276,C. Manufacturing,44,41,2,39,3,0,3
S01011276,F. Construction,39,32,2,30,7,3,4
S01011276,G I. Distribution hotels and restaurants,82,78,50,28,4,1,3
S01011276,H J. Transport and communication,24,20,3,17,4,2,2
S01011276,K L M N. Financial real estate professional and administrative activities,51,50,11,39,1,1,0
S01011276,O P Q. Public administration education and health,98,95,41,54,3,0,3
S01011276,R S T U. Other,10,9,8,1,1,1,0
S01011277,All people aged 16 to 74 in employment,371,335,78,257,36,11,25
S01011277,A B D E. Agriculture energy and water,12,11,0,11,1,0,1
S01011277,C. Manufacturing,43,41,2,39,2,1,1
S01011277,F. Construction,29,21,1,20,8,1,7
S01011277,G I. Distribution hotels and restaurants,80,72,30,42,8,2,6
S01011277,H J. Transport and communication,21,18,2,16,3,0,3
S01011277,K L M N. Financial real estate professional and administrative activities,50,43,17,26,7,3,4
S01011277,O P Q. Public administration education and health,120,116,24,92,4,2,2
S01011277,R S T U. Other,16,13,2,11,3,2,1
S01011278,All people aged 16 to 74 in employment,307,289,66,223,18,5,13
S01011278,A B D E. Agriculture energy and water,7,7,0,7,0,0,0
S01011278,C. Manufacturing,51,50,6,44,1,1,0
S01011278,F. Construction,24,17,1,16,7,0,7
S01011278,G I. Distribution hotels and restaurants,50,48,24,24,2,2,0
S01011278,H J. Transport and communication,27,23,2,21,4,1,3
S01011278,K L M N. Financial real estate professional and administrative activities,38,36,6,30,2,0,2
S01011278,O P Q. Public administration education and health,102,101,25,76,1,1,0
S01011278,R S T U. Other,8,7,2,5,1,0,1
S01011279,All people aged 16 to 74 in employment,322,304,65,239,18,6,12
S01011279,A B D E. Agriculture energy and water,12,12,0,12,0,0,0
S01011279,C. Manufacturing,42,39,0,39,3,1,2
S01011279,F. Construction,17,11,2,9,6,1,5
S01011279,G I. Distribution hotels and restaurants,65,63,25,38,2,1,1
S01011279,H J. Transport and communication,23,20,2,18,3,0,3
S01011279,K L M N. Financial real estate professional and administrative activities,34,32,2,30,2,2,0
S01011279,O P Q. Public administration education and health,117,115,32,83,2,1,1
S01011279,R S T U. Other,12,12,2,10,0,0,0
S01011280,All people aged 16 to 74 in employment,283,254,72,182,29,5,24
S01011280,A B D E. Agriculture energy and water,11,10,0,10,1,0,1
S01011280,C. Manufacturing,39,37,3,34,2,1,1
S01011280,F. Construction,20,12,0,12,8,0,8
S01011280,G I. Distribution hotels and restaurants,50,49,27,22,1,0,1
S01011280,H J. Transport and communication,8,8,0,8,0,0,0
S01011280,K L M N. Financial real estate professional and administrative activities,39,32,10,22,7,1,6
S01011280,O P Q. Public administration education and health,102,98,28,70,4,0,4
S01011280,R S T U. Other,14,8,4,4,6,3,3
S01011281,All people aged 16 to 74 in employment,346,314,78,236,32,8,24
S01011281,A B D E. Agriculture energy and water,12,12,0,12,0,0,0
S01011281,C. Manufacturing,33,30,0,30,3,0,3
S01011281,F. Construction,31,23,2,21,8,2,6
S01011281,G I. Distribution hotels and restaurants,67,59,26,33,8,2,6
S01011281,H J. Transport and communication,26,26,3,23,0,0,0
S01011281,K L M N. Financial real estate professional and administrative activities,48,42,12,30,6,2,4
S01011281,O P Q. Public administration education and health,113,110,30,80,3,1,2
S01011281,R S T U. Other,16,12,5,7,4,1,3
S01011282,All people aged 16 to 74 in employment,495,452,111,341,43,13,30
S01011282,A B D E. Agriculture energy and water,13,11,0,11,2,1,1
S01011282,C. Manufacturing,66,66,4,62,0,0,0
S01011282,F. Construction,28,20,3,17,8,2,6
S01011282,G I. Distribution hotels and restaurants,76,70,29,41,6,1,5
S01011282,H J. Transport and communication,50,41,4,37,9,1,8
S01011282,K L M N. Financial real estate professional and administrative activities,67,65,10,55,2,0,2
S01011282,O P Q. Public administration education and health,175,167,59,108,8,6,2
S01011282,R S T U. Other,20,12,2,10,8,2,6
S01011283,All people aged 16 to 74 in employment,426,385,94,291,41,9,32
S01011283,A B D E. Agriculture energy and water,21,20,0,20,1,0,1
S01011283,C. Manufacturing,50,50,4,46,0,0,0
S01011283,F. Construction,36,23,3,20,13,1,12
S01011283,G I. Distribution hotels and restaurants,78,67,26,41,11,1,10
S01011283,H J. Transport and communication,25,21,1,20,4,3,1
S01011283,K L M N. Financial real estate professional and administrative activities,61,52,13,39,9,2,7
S01011283,O P Q. Public administration education and health,145,142,43,99,3,2,1
S01011283,R S T U. Other,10,10,4,6,0,0,0
S01011284,All people aged 16 to 74 in employment,348,314,71,243,34,11,23
S01011284,A B D E. Agriculture energy and water,16,15,0,15,1,0,1
S01011284,C. Manufacturing,42,39,1,38,3,0,3
S01011284,F. Construction,28,23,1,22,5,1,4
S01011284,G I. Distribution hotels and restaurants,62,55,23,32,7,4,3
S01011284,H J. Transport and communication,24,22,2,20,2,0,2
S01011284,K L M N. Financial real estate professional and administrative activities,52,45,9,36,7,0,7
S01011284,O P Q. Public administration education and health,119,113,33,80,6,4,2
S01011284,R S T U. Other,5,2,2,0,3,2,1
S01011285,All people aged 16 to 74 in employment,307,280,89,191,27,12,15
S01011285,A B D E. Agriculture energy and water,11,11,2,9,0,0,0
S01011285,C. Manufacturing,19,18,1,17,1,0,1
S01011285,F. Construction,25,15,0,15,10,7,3
S01011285,G I. Distribution hotels and restaurants,82,81,40,41,1,1,0
S01011285,H J. Transport and communication,16,13,1,12,3,0,3
S01011285,K L M N. Financial real estate professional and administrative activities,31,25,6,19,6,0,6
S01011285,O P Q. Public administration education and health,101,99,30,69,2,2,0
S01011285,R S T U. Other,22,18,9,9,4,2,2
S01011286,All people aged 16 to 74 in employment,289,263,93,170,26,6,20
S01011286,A B D E. Agriculture energy and water,11,11,2,9,0,0,0
S01011286,C. Manufacturing,22,20,1,19,2,1,1
S01011286,F. Construction,21,17,1,16,4,0,4
S01011286,G I. Distribution hotels and restaurants,88,83,43,40,5,1,4
S01011286,H J. Transport and communication,19,17,7,10,2,0,2
S01011286,K L M N. Financial real estate professional and administrative activities,24,23,9,14,1,1,0
S01011286,O P Q. Public administration education and health,85,80,24,56,5,1,4
S01011286,R S T U. Other,19,12,6,6,7,2,5
S01011287,All people aged 16 to 74 in employment,330,308,105,203,22,6,16
S01011287,A B D E. Agriculture energy and water,3,3,0,3,0,0,0
S01011287,C. Manufacturing,29,29,0,29,0,0,0
S01011287,F. Construction,28,18,1,17,10,0,10
S01011287,G I. Distribution hotels and restaurants,82,77,43,34,5,1,4
S01011287,H J. Transport and communication,31,30,3,27,1,1,0
S01011287,K L M N. Financial real estate professional and administrative activities,28,26,6,20,2,1,1
S01011287,O P Q. Public administration education and health,113,112,46,66,1,1,0
S01011287,R S T U. Other,16,13,6,7,3,2,1
S01011288,All people aged 16 to 74 in employment,323,299,112,187,24,5,19
S01011288,A B D E. Agriculture energy and water,9,9,4,5,0,0,0
S01011288,C. Manufacturing,27,27,3,24,0,0,0
S01011288,F. Construction,31,26,0,26,5,0,5
S01011288,G I. Distribution hotels and restaurants,96,89,52,37,7,1,6
S01011288,H J. Transport and communication,29,26,3,23,3,1,2
S01011288,K L M N. Financial real estate professional and administrative activities,24,23,6,17,1,0,1
S01011288,O P Q. Public administration education and health,88,84,40,44,4,1,3
S01011288,R S T U. Other,19,15,4,11,4,2,2
S01011289,All people aged 16 to 74 in employment,378,347,116,231,31,17,14
S01011289,A B D E. Agriculture energy and water,6,6,1,5,0,0,0
S01011289,C. Manufacturing,40,38,1,37,2,2,0
S01011289,F. Construction,31,27,2,25,4,0,4
S01011289,G I. Distribution hotels and restaurants,83,79,42,37,4,1,3
S01011289,H J. Transport and communication,42,32,5,27,10,6,4
S01011289,K L M N. Financial real estate professional and administrative activities,38,35,7,28,3,2,1
S01011289,O P Q. Public administration education and health,122,119,54,65,3,3,0
S01011289,R S T U. Other,16,11,4,7,5,3,2
S01011290,All people aged 16 to 74 in employment,443,389,135,254,54,18,36
S01011290,A B D E. Agriculture energy and water,20,17,0,17,3,0,3
S01011290,C. Manufacturing,36,33,2,31,3,0,3
S01011290,F. Construction,41,24,4,20,17,3,14
S01011290,G I. Distribution hotels and restaurants,103,94,51,43,9,4,5
S01011290,H J. Transport and communication,35,29,7,22,6,2,4
S01011290,K L M N. Financial real estate professional and administrative activities,49,43,10,33,6,1,5
S01011290,O P Q. Public administration education and health,138,131,55,76,7,5,2
S01011290,R S T U. Other,21,18,6,12,3,3,0
S01011291,All people aged 16 to 74 in employment,329,310,84,226,19,9,10
S01011291,A B D E. Agriculture energy and water,19,16,0,16,3,1,2
S01011291,C. Manufacturing,44,43,3,40,1,0,1
S01011291,F. Construction,29,25,1,24,4,1,3
S01011291,G I. Distribution hotels and restaurants,80,75,38,37,5,2,3
S01011291,H J. Transport and communication,17,16,2,14,1,0,1
S01011291,K L M N. Financial real estate professional and administrative activities,37,35,4,31,2,2,0
S01011291,O P Q. Public administration education and health,90,89,29,60,1,1,0
S01011291,R S T U. Other,13,11,7,4,2,2,0
S01011292,All people aged 16 to 74 in employment,239,220,67,153,19,5,14
S01011292,A B D E. Agriculture energy and water,17,15,1,14,2,0,2
S01011292,C. Manufacturing,26,26,2,24,0,0,0
S01011292,F. Construction,23,18,2,16,5,1,4
S01011292,G I. Distribution hotels and restaurants,53,53,24,29,0,0,0
S01011292,H J. Transport and communication,14,11,1,10,3,1,2
S01011292,K L M N. Financial real estate professional and administrative activities,22,19,5,14,3,1,2
S01011292,O P Q. Public administration education and health,74,71,30,41,3,1,2
S01011292,R S T U. Other,10,7,2,5,3,1,2
S01011293,All people aged 16 to 74 in employment,295,280,103,177,15,4,11
S01011293,A B D E. Agriculture energy and water,10,9,1,8,1,1,0
S01011293,C. Manufacturing,42,40,1,39,2,2,0
S01011293,F. Construction,32,29,0,29,3,0,3
S01011293,G I. Distribution hotels and restaurants,60,58,33,25,2,0,2
S01011293,H J. Transport and communication,16,16,2,14,0,0,0
S01011293,K L M N. Financial real estate professional and administrative activities,28,25,13,12,3,0,3
S01011293,O P Q. Public administration education and health,95,91,47,44,4,1,3
S01011293,R S T U. Other,12,12,6,6,0,0,0
S01011294,All people aged 16 to 74 in employment,275,247,69,178,28,7,21
S01011294,A B D E. Agriculture energy and water,3,3,0,3,0,0,0
S01011294,C. Manufacturing,31,30,4,26,1,0,1
S01011294,F. Construction,31,23,3,20,8,2,6
S01011294,G I. Distribution hotels and restaurants,57,53,19,34,4,1,3
S01011294,H J. Transport and communication,23,19,3,16,4,1,3
S01011294,K L M N. Financial real estate professional and administrative activities,24,20,5,15,4,2,2
S01011294,O P Q. Public administration education and health,86,84,27,57,2,0,2
S01011294,R S T U. Other,20,15,8,7,5,1,4
S01011295,All people aged 16 to 74 in employment,435,386,94,292,49,17,32
S01011295,A B D E. Agriculture energy and water,14,13,0,13,1,0,1
S01011295,C. Manufacturing,56,53,5,48,3,1,2
S01011295,F. Construction,41,29,0,29,12,3,9
S01011295,G I. Distribution hotels and restaurants,66,60,31,29,6,1,5
S01011295,H J. Transport and communication,29,24,1,23,5,2,3
S01011295,K L M N. Financial real estate professional and administrative activities,55,45,12,33,10,3,7
S01011295,O P Q. Public administration education and health,157,147,40,107,10,6,4
S01011295,R S T U. Other,17,15,5,10,2,1,1
S01011296,All people aged 16 to 74 in employment,220,189,57,132,31,11,20
S01011296,A B D E. Agriculture energy and water,6,5,0,5,1,0,1
S01011296,C. Manufacturing,14,12,0,12,2,0,2
S01011296,F. Construction,24,16,1,15,8,3,5
S01011296,G I. Distribution hotels and restaurants,42,38,18,20,4,1,3
S01011296,H J. Transport and communication,17,13,3,10,4,2,2
S01011296,K L M N. Financial real estate professional and administrative activities,28,21,10,11,7,2,5
S01011296,O P Q. Public administration education and health,77,75,22,53,2,2,0
S01011296,R S T U. Other,12,9,3,6,3,1,2
S01011297,All people aged 16 to 74 in employment,362,327,118,209,35,13,22
S01011297,A B D E. Agriculture energy and water,5,5,0,5,0,0,0
S01011297,C. Manufacturing,40,38,1,37,2,1,1
S01011297,F. Construction,37,26,1,25,11,2,9
S01011297,G I. Distribution hotels and restaurants,95,91,50,41,4,1,3
S01011297,H J. Transport and communication,22,20,4,16,2,0,2
S01011297,K L M N. Financial real estate professional and administrative activities,52,46,16,30,6,3,3
S01011297,O P Q. Public administration education and health,91,87,40,47,4,2,2
S01011297,R S T U. Other,20,14,6,8,6,4,2
S01011298,All people aged 16 to 74 in employment,230,213,76,137,17,8,9
S01011298,A B D E. Agriculture energy and water,7,7,0,7,0,0,0
S01011298,C. Manufacturing,20,20,1,19,0,0,0
S01011298,F. Construction,27,20,2,18,7,1,6
S01011298,G I. Distribution hotels and restaurants,53,49,30,19,4,2,2
S01011298,H J. Transport and communication,19,18,3,15,1,1,0
S01011298,K L M N. Financial real estate professional and administrative activities,15,14,7,7,1,1,0
S01011298,O P Q. Public administration education and health,73,70,29,41,3,3,0
S01011298,R S T U. Other,16,15,4,11,1,0,1
S01011299,All people aged 16 to 74 in employment,267,176,49,127,91,19,72
S01011299,A B D E. Agriculture energy and water,39,14,5,9,25,3,22
S01011299,C. Manufacturing,16,13,2,11,3,1,2
S01011299,F. Construction,34,25,5,20,9,2,7
S01011299,G I. Distribution hotels and restaurants,36,24,14,10,12,3,9
S01011299,H J. Transport and communication,16,12,2,10,4,0,4
S01011299,K L M N. Financial real estate professional and administrative activities,41,24,4,20,17,5,12
S01011299,O P Q. Public administration education and health,68,60,15,45,8,1,7
S01011299,R S T U. Other,17,4,2,2,13,4,9
S01011300,All people aged 16 to 74 in employment,359,331,97,234,28,13,15
S01011300,A B D E. Agriculture energy and water,16,15,1,14,1,0,1
S01011300,C. Manufacturing,60,60,9,51,0,0,0
S01011300,F. Construction,36,24,1,23,12,2,10
S01011300,G I. Distribution hotels and restaurants,62,58,29,29,4,2,2
S01011300,H J. Transport and communication,28,28,4,24,0,0,0
S01011300,K L M N. Financial real estate professional and administrative activities,40,38,10,28,2,2,0
S01011300,O P Q. Public administration education and health,99,95,35,60,4,4,0
S01011300,R S T U. Other,18,13,8,5,5,3,2
S01011301,All people aged 16 to 74 in employment,329,288,65,223,41,10,31
S01011301,A B D E. Agriculture energy and water,9,7,0,7,2,0,2
S01011301,C. Manufacturing,40,39,1,38,1,0,1
S01011301,F. Construction,32,26,1,25,6,1,5
S01011301,G I. Distribution hotels and restaurants,53,46,24,22,7,2,5
S01011301,H J. Transport and communication,23,21,3,18,2,0,2
S01011301,K L M N. Financial real estate professional and administrative activities,51,41,6,35,10,2,8
S01011301,O P Q. Public administration education and health,110,99,29,70,11,5,6
S01011301,R S T U. Other,11,9,1,8,2,0,2
S01011302,All people aged 16 to 74 in employment,293,270,68,202,23,5,18
S01011302,A B D E. Agriculture energy and water,6,5,2,3,1,1,0
S01011302,C. Manufacturing,32,29,4,25,3,0,3
S01011302,F. Construction,29,24,1,23,5,0,5
S01011302,G I. Distribution hotels and restaurants,58,54,14,40,4,1,3
S01011302,H J. Transport and communication,35,30,2,28,5,1,4
S01011302,K L M N. Financial real estate professional and administrative activities,35,32,9,23,3,2,1
S01011302,O P Q. Public administration education and health,91,90,33,57,1,0,1
S01011302,R S T U. Other,7,6,3,3,1,0,1
S01011303,All people aged 16 to 74 in employment,523,461,119,342,62,19,43
S01011303,A B D E. Agriculture energy and water,22,18,0,18,4,1,3
S01011303,C. Manufacturing,65,63,3,60,2,0,2
S01011303,F. Construction,47,31,3,28,16,1,15
S01011303,G I. Distribution hotels and restaurants,91,78,39,39,13,3,10
S01011303,H J. Transport and communication,30,27,1,26,3,1,2
S01011303,K L M N. Financial real estate professional and administrative activities,72,62,19,43,10,5,5
S01011303,O P Q. Public administration education and health,170,162,47,115,8,2,6
S01011303,R S T U. Other,26,20,7,13,6,6,0
S01011304,All people aged 16 to 74 in employment,280,259,80,179,21,5,16
S01011304,A B D E. Agriculture energy and water,11,10,1,9,1,0,1
S01011304,C. Manufacturing,46,46,11,35,0,0,0
S01011304,F. Construction,25,19,1,18,6,0,6
S01011304,G I. Distribution hotels and restaurants,68,64,38,26,4,3,1
S01011304,H J. Transport and communication,23,22,2,20,1,0,1
S01011304,K L M N. Financial real estate professional and administrative activities,25,22,5,17,3,0,3
S01011304,O P Q. Public administration education and health,65,64,16,48,1,0,1
S01011304,R S T U. Other,17,12,6,6,5,2,3
S01011305,All people aged 16 to 74 in employment,365,324,75,249,41,11,30
S01011305,A B D E. Agriculture energy and water,12,11,0,11,1,0,1
S01011305,C. Manufacturing,56,51,2,49,5,3,2
S01011305,F. Construction,36,25,2,23,11,1,10
S01011305,G I. Distribution hotels and restaurants,69,59,24,35,10,1,9
S01011305,H J. Transport and communication,31,30,3,27,1,0,1
S01011305,K L M N. Financial real estate professional and administrative activities,51,43,9,34,8,2,6
S01011305,O P Q. Public administration education and health,103,101,34,67,2,2,0
S01011305,R S T U. Other,7,4,1,3,3,2,1
S01011306,All people aged 16 to 74 in employment,201,191,48,143,10,2,8
S01011306,A B D E. Agriculture energy and water,7,5,0,5,2,1,1
S01011306,C. Manufacturing,45,42,4,38,3,0,3
S01011306,F. Construction,13,12,0,12,1,0,1
S01011306,G I. Distribution hotels and restaurants,37,36,17,19,1,0,1
S01011306,H J. Transport and communication,7,7,0,7,0,0,0
S01011306,K L M N. Financial real estate professional and administrative activities,19,17,3,14,2,1,1
S01011306,O P Q. Public administration education and health,63,62,20,42,1,0,1
S01011306,R S T U. Other,10,10,4,6,0,0,0
S01011307,All people aged 16 to 74 in employment,219,154,34,120,65,11,54
S01011307,A B D E. Agriculture energy and water,44,14,1,13,30,2,28
S01011307,C. Manufacturing,11,10,1,9,1,0,1
S01011307,F. Construction,20,9,0,9,11,2,9
S01011307,G I. Distribution hotels and restaurants,38,28,12,16,10,2,8
S01011307,H J. Transport and communication,17,15,4,11,2,2,0
S01011307,K L M N. Financial real estate professional and administrative activities,18,17,3,14,1,1,0
S01011307,O P Q. Public administration education and health,64,58,12,46,6,1,5
S01011307,R S T U. Other,7,3,1,2,4,1,3
S01011308,All people aged 16 to 74 in employment,221,145,42,103,76,15,61
S01011308,A B D E. Agriculture energy and water,26,11,2,9,15,0,15
S01011308,C. Manufacturing,19,14,2,12,5,0,5
S01011308,F. Construction,18,8,2,6,10,2,8
S01011308,G I. Distribution hotels and restaurants,23,16,8,8,7,1,6
S01011308,H J. Transport and communication,16,11,2,9,5,1,4
S01011308,K L M N. Financial real estate professional and administrative activities,48,29,7,22,19,5,14
S01011308,O P Q. Public administration education and health,57,48,15,33,9,4,5
S01011308,R S T U. Other,14,8,4,4,6,2,4
S01011309,All people aged 16 to 74 in employment,311,244,67,177,67,22,45
S01011309,A B D E. Agriculture energy and water,24,21,0,21,3,1,2
S01011309,C. Manufacturing,27,21,2,19,6,1,5
S01011309,F. Construction,15,8,2,6,7,2,5
S01011309,G I. Distribution hotels and restaurants,40,31,17,14,9,1,8
S01011309,H J. Transport and communication,26,19,2,17,7,0,7
S01011309,K L M N. Financial real estate professional and administrative activities,68,47,9,38,21,9,12
S01011309,O P Q. Public administration education and health,92,86,31,55,6,3,3
S01011309,R S T U. Other,19,11,4,7,8,5,3
S01011310,All people aged 16 to 74 in employment,297,239,71,168,58,14,44
S01011310,A B D E. Agriculture energy and water,18,14,0,14,4,0,4
S01011310,C. Manufacturing,14,11,1,10,3,0,3
S01011310,F. Construction,19,10,1,9,9,1,8
S01011310,G I. Distribution hotels and restaurants,53,43,21,22,10,1,9
S01011310,H J. Transport and communication,39,29,5,24,10,4,6
S01011310,K L M N. Financial real estate professional and administrative activities,40,29,4,25,11,3,8
S01011310,O P Q. Public administration education and health,91,87,34,53,4,3,1
S01011310,R S T U. Other,23,16,5,11,7,2,5
S01011311,All people aged 16 to 74 in employment,333,249,80,169,84,19,65
S01011311,A B D E. Agriculture energy and water,24,21,3,18,3,1,2
S01011311,C. Manufacturing,20,16,4,12,4,0,4
S01011311,F. Construction,30,18,2,16,12,2,10
S01011311,G I. Distribution hotels and restaurants,59,48,25,23,11,3,8
S01011311,H J. Transport and communication,15,12,2,10,3,2,1
S01011311,K L M N. Financial real estate professional and administrative activities,43,33,13,20,10,3,7
S01011311,O P Q. Public administration education and health,106,87,28,59,19,4,15
S01011311,R S T U. Other,36,14,3,11,22,4,18
S01011312,All people aged 16 to 74 in employment,476,360,91,269,116,35,81
S01011312,A B D E. Agriculture energy and water,31,26,1,25,5,2,3
S01011312,C. Manufacturing,45,35,4,31,10,3,7
S01011312,F. Construction,33,23,2,21,10,2,8
S01011312,G I. Distribution hotels and restaurants,73,53,15,38,20,5,15
S01011312,H J. Transport and communication,34,29,6,23,5,0,5
S01011312,K L M N. Financial real estate professional and administrative activities,76,49,13,36,27,9,18
S01011312,O P Q. Public administration education and health,150,127,41,86,23,7,16
S01011312,R S T U. Other,34,18,9,9,16,7,9
S01011313,All people aged 16 to 74 in employment,328,266,74,192,62,25,37
S01011313,A B D E. Agriculture energy and water,21,19,0,19,2,0,2
S01011313,C. Manufacturing,19,17,1,16,2,0,2
S01011313,F. Construction,20,14,2,12,6,1,5
S01011313,G I. Distribution hotels and restaurants,66,57,31,26,9,3,6
S01011313,H J. Transport and communication,21,21,3,18,0,0,0
S01011313,K L M N. Financial real estate professional and administrative activities,46,35,9,26,11,8,3
S01011313,O P Q. Public administration education and health,105,86,21,65,19,9,10
S01011313,R S T U. Other,30,17,7,10,13,4,9
S01011314,All people aged 16 to 74 in employment,515,435,121,314,80,32,48
S01011314,A B D E. Agriculture energy and water,29,28,1,27,1,0,1
S01011314,C. Manufacturing,41,38,1,37,3,1,2
S01011314,F. Construction,38,22,2,20,16,4,12
S01011314,G I. Distribution hotels and restaurants,85,72,34,38,13,4,9
S01011314,H J. Transport and communication,36,30,1,29,6,2,4
S01011314,K L M N. Financial real estate professional and administrative activities,70,54,11,43,16,7,9
S01011314,O P Q. Public administration education and health,182,167,58,109,15,10,5
S01011314,R S T U. Other,34,24,13,11,10,4,6
S01011315,All people aged 16 to 74 in employment,170,145,56,89,25,7,18
S01011315,A B D E. Agriculture energy and water,15,13,1,12,2,0,2
S01011315,C. Manufacturing,9,8,0,8,1,1,0
S01011315,F. Construction,13,9,0,9,4,0,4
S01011315,G I. Distribution hotels and restaurants,38,33,22,11,5,2,3
S01011315,H J. Transport and communication,17,16,3,13,1,1,0
S01011315,K L M N. Financial real estate professional and administrative activities,17,12,0,12,5,1,4
S01011315,O P Q. Public administration education and health,51,46,25,21,5,1,4
S01011315,R S T U. Other,10,8,5,3,2,1,1
S01011316,All people aged 16 to 74 in employment,290,255,92,163,35,7,28
S01011316,A B D E. Agriculture energy and water,11,9,1,8,2,0,2
S01011316,C. Manufacturing,21,17,4,13,4,0,4
S01011316,F. Construction,33,23,1,22,10,0,10
S01011316,G I. Distribution hotels and restaurants,68,62,37,25,6,1,5
S01011316,H J. Transport and communication,11,9,2,7,2,1,1
S01011316,K L M N. Financial real estate professional and administrative activities,39,32,7,25,7,3,4
S01011316,O P Q. Public administration education and health,94,92,39,53,2,1,1
S01011316,R S T U. Other,13,11,1,10,2,1,1
S01011317,All people aged 16 to 74 in employment,260,196,66,130,64,19,45
S01011317,A B D E. Agriculture energy and water,13,9,1,8,4,1,3
S01011317,C. Manufacturing,22,16,2,14,6,2,4
S01011317,F. Construction,23,9,1,8,14,4,10
S01011317,G I. Distribution hotels and restaurants,53,35,14,21,18,5,13
S01011317,H J. Transport and communication,23,22,3,19,1,0,1
S01011317,K L M N. Financial real estate professional and administrative activities,37,26,11,15,11,4,7
S01011317,O P Q. Public administration education and health,73,68,26,42,5,2,3
S01011317,R S T U. Other,16,11,8,3,5,1,4
S01011318,All people aged 16 to 74 in employment,355,285,71,214,70,22,48
S01011318,A B D E. Agriculture energy and water,15,14,0,14,1,0,1
S01011318,C. Manufacturing,25,16,0,16,9,1,8
S01011318,F. Construction,23,17,1,16,6,1,5
S01011318,G I. Distribution hotels and restaurants,84,65,29,36,19,5,14
S01011318,H J. Transport and communication,33,25,3,22,8,3,5
S01011318,K L M N. Financial real estate professional and administrative activities,51,38,3,35,13,6,7
S01011318,O P Q. Public administration education and health,96,92,29,63,4,2,2
S01011318,R S T U. Other,28,18,6,12,10,4,6
S01011319,All people aged 16 to 74 in employment,318,270,85,185,48,15,33
S01011319,A B D E. Agriculture energy and water,16,13,0,13,3,0,3
S01011319,C. Manufacturing,32,30,2,28,2,1,1
S01011319,F. Construction,12,9,1,8,3,1,2
S01011319,G I. Distribution hotels and restaurants,72,61,35,26,11,3,8
S01011319,H J. Transport and communication,26,22,1,21,4,1,3
S01011319,K L M N. Financial real estate professional and administrative activities,48,37,12,25,11,1,10
S01011319,O P Q. Public administration education and health,94,86,26,60,8,3,5
S01011319,R S T U. Other,18,12,8,4,6,5,1
S01011320,All people aged 16 to 74 in employment,211,189,54,135,22,7,15
S01011320,A B D E. Agriculture energy and water,14,11,0,11,3,0,3
S01011320,C. Manufacturing,15,15,2,13,0,0,0
S01011320,F. Construction,11,10,0,10,1,0,1
S01011320,G I. Distribution hotels and restaurants,41,37,21,16,4,0,4
S01011320,H J. Transport and communication,23,20,2,18,3,1,2
S01011320,K L M N. Financial real estate professional and administrative activities,22,21,4,17,1,1,0
S01011320,O P Q. Public administration education and health,67,63,24,39,4,2,2
S01011320,R S T U. Other,18,12,1,11,6,3,3
S01011321,All people aged 16 to 74 in employment,326,294,95,199,32,12,20
S01011321,A B D E. Agriculture energy and water,21,20,2,18,1,0,1
S01011321,C. Manufacturing,24,19,1,18,5,1,4
S01011321,F. Construction,18,12,1,11,6,1,5
S01011321,G I. Distribution hotels and restaurants,74,72,42,30,2,1,1
S01011321,H J. Transport and communication,27,24,1,23,3,2,1
S01011321,K L M N. Financial real estate professional and administrative activities,36,30,6,24,6,1,5
S01011321,O P Q. Public administration education and health,111,106,39,67,5,2,3
S01011321,R S T U. Other,15,11,3,8,4,4,0
S01011322,All people aged 16 to 74 in employment,296,268,89,179,28,10,18
S01011322,A B D E. Agriculture energy and water,20,17,0,17,3,1,2
S01011322,C. Manufacturing,17,16,1,15,1,0,1
S01011322,F. Construction,17,8,2,6,9,2,7
S01011322,G I. Distribution hotels and restaurants,58,54,34,20,4,2,2
S01011322,H J. Transport and communication,34,34,2,32,0,0,0
S01011322,K L M N. Financial real estate professional and administrative activities,28,24,6,18,4,0,4
S01011322,O P Q. Public administration education and health,102,97,35,62,5,3,2
S01011322,R S T U. Other,20,18,9,9,2,2,0
S01011323,All people aged 16 to 74 in employment,412,366,108,258,46,15,31
S01011323,A B D E. Agriculture energy and water,21,19,1,18,2,0,2
S01011323,C. Manufacturing,24,23,1,22,1,0,1
S01011323,F. Construction,25,16,0,16,9,1,8
S01011323,G I. Distribution hotels and restaurants,92,89,47,42,3,0,3
S01011323,H J. Transport and communication,35,32,1,31,3,0,3
S01011323,K L M N. Financial real estate professional and administrative activities,61,53,16,37,8,2,6
S01011323,O P Q. Public administration education and health,125,114,36,78,11,9,2
S01011323,R S T U. Other,29,20,6,14,9,3,6
S01011324,All people aged 16 to 74 in employment,187,162,58,104,25,12,13
S01011324,A B D E. Agriculture energy and water,11,10,1,9,1,0,1
S01011324,C. Manufacturing,10,9,1,8,1,0,1
S01011324,F. Construction,9,6,1,5,3,0,3
S01011324,G I. Distribution hotels and restaurants,41,39,22,17,2,1,1
S01011324,H J. Transport and communication,26,18,2,16,8,5,3
S01011324,K L M N. Financial real estate professional and administrative activities,26,21,4,17,5,4,1
S01011324,O P Q. Public administration education and health,49,47,19,28,2,0,2
S01011324,R S T U. Other,15,12,8,4,3,2,1
S01011325,All people aged 16 to 74 in employment,293,253,78,175,40,14,26
S01011325,A B D E. Agriculture energy and water,11,8,0,8,3,1,2
S01011325,C. Manufacturing,13,11,1,10,2,1,1
S01011325,F. Construction,21,13,2,11,8,0,8
S01011325,G I. Distribution hotels and restaurants,86,77,36,41,9,4,5
S01011325,H J. Transport and communication,27,25,4,21,2,2,0
S01011325,K L M N. Financial real estate professional and administrative activities,32,27,7,20,5,1,4
S01011325,O P Q. Public administration education and health,71,69,22,47,2,2,0
S01011325,R S T U. Other,32,23,6,17,9,3,6
S01011326,All people aged 16 to 74 in employment,272,232,75,157,40,13,27
S01011326,A B D E. Agriculture energy and water,8,7,0,7,1,0,1
S01011326,C. Manufacturing,9,9,1,8,0,0,0
S01011326,F. Construction,13,8,0,8,5,0,5
S01011326,G I. Distribution hotels and restaurants,78,66,34,32,12,4,8
S01011326,H J. Transport and communication,35,27,1,26,8,5,3
S01011326,K L M N. Financial real estate professional and administrative activities,30,26,5,21,4,2,2
S01011326,O P Q. Public administration education and health,75,70,23,47,5,1,4
S01011326,R S T U. Other,24,19,11,8,5,1,4
S01011327,All people aged 16 to 74 in employment,233,191,67,124,42,4,38
S01011327,A B D E. Agriculture energy and water,5,4,0,4,1,0,1
S01011327,C. Manufacturing,13,13,0,13,0,0,0
S01011327,F. Construction,16,9,1,8,7,0,7
S01011327,G I. Distribution hotels and restaurants,55,36,17,19,19,2,17
S01011327,H J. Transport and communication,24,20,6,14,4,0,4
S01011327,K L M N. Financial real estate professional and administrative activities,16,12,6,6,4,1,3
S01011327,O P Q. Public administration education and health,86,82,29,53,4,1,3
S01011327,R S T U. Other,18,15,8,7,3,0,3
S01011328,All people aged 16 to 74 in employment,277,204,64,140,73,19,54
S01011328,A B D E. Agriculture energy and water,18,9,1,8,9,0,9
S01011328,C. Manufacturing,12,8,0,8,4,0,4
S01011328,F. Construction,21,11,3,8,10,2,8
S01011328,G I. Distribution hotels and restaurants,70,50,24,26,20,3,17
S01011328,H J. Transport and communication,11,10,3,7,1,0,1
S01011328,K L M N. Financial real estate professional and administrative activities,27,14,4,10,13,6,7
S01011328,O P Q. Public administration education and health,104,93,25,68,11,5,6
S01011328,R S T U. Other,14,9,4,5,5,3,2
S01011329,All people aged 16 to 74 in employment,339,293,97,196,46,14,32
S01011329,A B D E. Agriculture energy and water,17,15,1,14,2,0,2
S01011329,C. Manufacturing,20,18,1,17,2,0,2
S01011329,F. Construction,26,18,2,16,8,1,7
S01011329,G I. Distribution hotels and restaurants,76,70,31,39,6,1,5
S01011329,H J. Transport and communication,42,36,6,30,6,1,5
S01011329,K L M N. Financial real estate professional and administrative activities,43,36,12,24,7,4,3
S01011329,O P Q. Public administration education and health,94,91,38,53,3,1,2
S01011329,R S T U. Other,21,9,6,3,12,6,6
S01011330,All people aged 16 to 74 in employment,311,271,79,192,40,17,23
S01011330,A B D E. Agriculture energy and water,26,25,2,23,1,1,0
S01011330,C. Manufacturing,29,26,2,24,3,1,2
S01011330,F. Construction,16,6,2,4,10,1,9
S01011330,G I. Distribution hotels and restaurants,44,39,16,23,5,1,4
S01011330,H J. Transport and communication,36,30,8,22,6,2,4
S01011330,K L M N. Financial real estate professional and administrative activities,26,21,7,14,5,4,1
S01011330,O P Q. Public administration education and health,108,105,35,70,3,2,1
S01011330,R S T U. Other,26,19,7,12,7,5,2
S01011331,All people aged 16 to 74 in employment,265,237,57,180,28,10,18
S01011331,A B D E. Agriculture energy and water,17,17,2,15,0,0,0
S01011331,C. Manufacturing,23,22,3,19,1,0,1
S01011331,F. Construction,15,9,0,9,6,2,4
S01011331,G I. Distribution hotels and restaurants,39,33,16,17,6,3,3
S01011331,H J. Transport and communication,28,21,1,20,7,2,5
S01011331,K L M N. Financial real estate professional and administrative activities,33,29,5,24,4,2,2
S01011331,O P Q. Public administration education and health,96,93,21,72,3,0,3
S01011331,R S T U. Other,14,13,9,4,1,1,0
S01011332,All people aged 16 to 74 in employment,374,309,78,231,65,20,45
S01011332,A B D E. Agriculture energy and water,24,23,0,23,1,0,1
S01011332,C. Manufacturing,32,28,0,28,4,1,3
S01011332,F. Construction,18,11,1,10,7,0,7
S01011332,G I. Distribution hotels and restaurants,64,47,22,25,17,5,12
S01011332,H J. Transport and communication,44,42,5,37,2,2,0
S01011332,K L M N. Financial real estate professional and administrative activities,58,42,8,34,16,3,13
S01011332,O P Q. Public administration education and health,105,100,33,67,5,1,4
S01011332,R S T U. Other,29,16,9,7,13,8,5
S01011333,All people aged 16 to 74 in employment,260,211,57,154,49,14,35
S01011333,A B D E. Agriculture energy and water,10,10,0,10,0,0,0
S01011333,C. Manufacturing,20,17,1,16,3,2,1
S01011333,F. Construction,20,14,0,14,6,1,5
S01011333,G I. Distribution hotels and restaurants,50,31,14,17,19,2,17
S01011333,H J. Transport and communication,19,17,2,15,2,2,0
S01011333,K L M N. Financial real estate professional and administrative activities,56,47,14,33,9,3,6
S01011333,O P Q. Public administration education and health,73,63,24,39,10,4,6
S01011333,R S T U. Other,12,12,2,10,0,0,0
S01011334,All people aged 16 to 74 in employment,384,270,82,188,114,14,100
S01011334,A B D E. Agriculture energy and water,57,16,3,13,41,0,41
S01011334,C. Manufacturing,23,19,2,17,4,1,3
S01011334,F. Construction,35,16,2,14,19,2,17
S01011334,G I. Distribution hotels and restaurants,71,52,22,30,19,2,17
S01011334,H J. Transport and communication,27,23,3,20,4,0,4
S01011334,K L M N. Financial real estate professional and administrative activities,41,27,7,20,14,4,10
S01011334,O P Q. Public administration education and health,108,104,38,66,4,1,3
S01011334,R S T U. Other,22,13,5,8,9,4,5
S01011335,All people aged 16 to 74 in employment,384,317,97,220,67,21,46
S01011335,A B D E. Agriculture energy and water,22,14,3,11,8,1,7
S01011335,C. Manufacturing,29,26,2,24,3,0,3
S01011335,F. Construction,20,10,2,8,10,1,9
S01011335,G I. Distribution hotels and restaurants,72,60,32,28,12,1,11
S01011335,H J. Transport and communication,45,38,2,36,7,3,4
S01011335,K L M N. Financial real estate professional and administrative activities,51,40,8,32,11,4,7
S01011335,O P Q. Public administration education and health,131,120,42,78,11,9,2
S01011335,R S T U. Other,14,9,6,3,5,2,3
S01011336,All people aged 16 to 74 in employment,262,234,76,158,28,10,18
S01011336,A B D E. Agriculture energy and water,12,11,0,11,1,0,1
S01011336,C. Manufacturing,15,14,0,14,1,0,1
S01011336,F. Construction,19,10,1,9,9,2,7
S01011336,G I. Distribution hotels and restaurants,57,53,29,24,4,1,3
S01011336,H J. Transport and communication,28,25,4,21,3,3,0
S01011336,K L M N. Financial real estate professional and administrative activities,37,32,6,26,5,1,4
S01011336,O P Q. Public administration education and health,83,78,32,46,5,3,2
S01011336,R S T U. Other,11,11,4,7,0,0,0
S01011337,All people aged 16 to 74 in employment,316,247,68,179,69,19,50
S01011337,A B D E. Agriculture energy and water,7,7,0,7,0,0,0
S01011337,C. Manufacturing,20,16,1,15,4,1,3
S01011337,F. Construction,21,13,1,12,8,3,5
S01011337,G I. Distribution hotels and restaurants,58,44,24,20,14,0,14
S01011337,H J. Transport and communication,38,30,5,25,8,3,5
S01011337,K L M N. Financial real estate professional and administrative activities,50,32,3,29,18,3,15
S01011337,O P Q. Public administration education and health,100,93,31,62,7,3,4
S01011337,R S T U. Other,22,12,3,9,10,6,4
S01011338,All people aged 16 to 74 in employment,295,271,67,204,24,4,20
S01011338,A B D E. Agriculture energy and water,11,10,0,10,1,0,1
S01011338,C. Manufacturing,41,38,3,35,3,1,2
S01011338,F. Construction,24,20,2,18,4,0,4
S01011338,G I. Distribution hotels and restaurants,50,44,22,22,6,1,5
S01011338,H J. Transport and communication,32,32,7,25,0,0,0
S01011338,K L M N. Financial real estate professional and administrative activities,32,28,5,23,4,2,2
S01011338,O P Q. Public administration education and health,95,90,27,63,5,0,5
S01011338,R S T U. Other,10,9,1,8,1,0,1
S01011339,All people aged 16 to 74 in employment,229,215,67,148,14,2,12
S01011339,A B D E. Agriculture energy and water,5,4,0,4,1,0,1
S01011339,C. Manufacturing,22,20,1,19,2,0,2
S01011339,F. Construction,19,18,1,17,1,0,1
S01011339,G I. Distribution hotels and restaurants,52,50,28,22,2,2,0
S01011339,H J. Transport and communication,18,15,3,12,3,0,3
S01011339,K L M N. Financial real estate professional and administrative activities,33,30,6,24,3,0,3
S01011339,O P Q. Public administration education and health,67,67,22,45,0,0,0
S01011339,R S T U. Other,13,11,6,5,2,0,2
S01011340,All people aged 16 to 74 in employment,272,245,74,171,27,5,22
S01011340,A B D E. Agriculture energy and water,7,7,1,6,0,0,0
S01011340,C. Manufacturing,29,29,2,27,0,0,0
S01011340,F. Construction,27,19,2,17,8,1,7
S01011340,G I. Distribution hotels and restaurants,57,53,32,21,4,1,3
S01011340,H J. Transport and communication,20,18,3,15,2,0,2
S01011340,K L M N. Financial real estate professional and administrative activities,26,18,5,13,8,3,5
S01011340,O P Q. Public administration education and health,91,87,24,63,4,0,4
S01011340,R S T U. Other,15,14,5,9,1,0,1
S01011341,All people aged 16 to 74 in employment,332,311,87,224,21,4,17
S01011341,A B D E. Agriculture energy and water,9,8,0,8,1,0,1
S01011341,C. Manufacturing,35,33,3,30,2,0,2
S01011341,F. Construction,36,30,3,27,6,0,6
S01011341,G I. Distribution hotels and restaurants,75,69,25,44,6,1,5
S01011341,H J. Transport and communication,27,26,3,23,1,1,0
S01011341,K L M N. Financial real estate professional and administrative activities,41,39,13,26,2,0,2
S01011341,O P Q. Public administration education and health,91,88,28,60,3,2,1
S01011341,R S T U. Other,18,18,12,6,0,0,0
S01011342,All people aged 16 to 74 in employment,333,302,65,237,31,7,24
S01011342,A B D E. Agriculture energy and water,8,8,0,8,0,0,0
S01011342,C. Manufacturing,48,47,4,43,1,0,1
S01011342,F. Construction,34,27,0,27,7,0,7
S01011342,G I. Distribution hotels and restaurants,70,62,24,38,8,3,5
S01011342,H J. Transport and communication,25,23,5,18,2,0,2
S01011342,K L M N. Financial real estate professional and administrative activities,40,34,8,26,6,2,4
S01011342,O P Q. Public administration education and health,95,92,19,73,3,1,2
S01011342,R S T U. Other,13,9,5,4,4,1,3
S01011343,All people aged 16 to 74 in employment,326,301,81,220,25,8,17
S01011343,A B D E. Agriculture energy and water,8,8,1,7,0,0,0
S01011343,C. Manufacturing,48,48,8,40,0,0,0
S01011343,F. Construction,33,23,2,21,10,0,10
S01011343,G I. Distribution hotels and restaurants,61,58,22,36,3,2,1
S01011343,H J. Transport and communication,28,27,4,23,1,0,1
S01011343,K L M N. Financial real estate professional and administrative activities,32,27,8,19,5,2,3
S01011343,O P Q. Public administration education and health,97,91,30,61,6,4,2
S01011343,R S T U. Other,19,19,6,13,0,0,0
S01011344,All people aged 16 to 74 in employment,323,299,92,207,24,10,14
S01011344,A B D E. Agriculture energy and water,11,10,1,9,1,0,1
S01011344,C. Manufacturing,43,42,2,40,1,0,1
S01011344,F. Construction,35,25,0,25,10,3,7
S01011344,G I. Distribution hotels and restaurants,75,73,38,35,2,0,2
S01011344,H J. Transport and communication,28,25,4,21,3,1,2
S01011344,K L M N. Financial real estate professional and administrative activities,29,28,12,16,1,1,0
S01011344,O P Q. Public administration education and health,81,78,24,54,3,2,1
S01011344,R S T U. Other,21,18,11,7,3,3,0
S01011345,All people aged 16 to 74 in employment,309,291,108,183,18,3,15
S01011345,A B D E. Agriculture energy and water,5,5,0,5,0,0,0
S01011345,C. Manufacturing,50,49,7,42,1,0,1
S01011345,F. Construction,27,20,0,20,7,1,6
S01011345,G I. Distribution hotels and restaurants,79,75,45,30,4,0,4
S01011345,H J. Transport and communication,20,20,4,16,0,0,0
S01011345,K L M N. Financial real estate professional and administrative activities,29,27,8,19,2,0,2
S01011345,O P Q. Public administration education and health,88,86,39,47,2,1,1
S01011345,R S T U. Other,11,9,5,4,2,1,1
S01011346,All people aged 16 to 74 in employment,291,260,71,189,31,9,22
S01011346,A B D E. Agriculture energy and water,6,6,0,6,0,0,0
S01011346,C. Manufacturing,34,33,3,30,1,0,1
S01011346,F. Construction,34,28,3,25,6,1,5
S01011346,G I. Distribution hotels and restaurants,67,58,25,33,9,2,7
S01011346,H J. Transport and communication,20,14,3,11,6,3,3
S01011346,K L M N. Financial real estate professional and administrative activities,31,28,6,22,3,1,2
S01011346,O P Q. Public administration education and health,86,82,25,57,4,0,4
S01011346,R S T U. Other,13,11,6,5,2,2,0
S01011347,All people aged 16 to 74 in employment,432,384,102,282,48,12,36
S01011347,A B D E. Agriculture energy and water,7,6,0,6,1,0,1
S01011347,C. Manufacturing,48,48,4,44,0,0,0
S01011347,F. Construction,35,26,2,24,9,1,8
S01011347,G I. Distribution hotels and restaurants,86,76,42,34,10,4,6
S01011347,H J. Transport and communication,43,35,3,32,8,1,7
S01011347,K L M N. Financial real estate professional and administrative activities,56,52,10,42,4,1,3
S01011347,O P Q. Public administration education and health,132,122,33,89,10,3,7
S01011347,R S T U. Other,25,19,8,11,6,2,4
S01011348,All people aged 16 to 74 in employment,373,343,79,264,30,11,19
S01011348,A B D E. Agriculture energy and water,6,4,0,4,2,0,2
S01011348,C. Manufacturing,56,54,5,49,2,1,1
S01011348,F. Construction,28,21,0,21,7,1,6
S01011348,G I. Distribution hotels and restaurants,57,53,27,26,4,2,2
S01011348,H J. Transport and communication,37,33,4,29,4,0,4
S01011348,K L M N. Financial real estate professional and administrative activities,34,31,5,26,3,3,0
S01011348,O P Q. Public administration education and health,137,131,31,100,6,4,2
S01011348,R S T U. Other,18,16,7,9,2,0,2
S01011349,All people aged 16 to 74 in employment,555,501,115,386,54,8,46
S01011349,A B D E. Agriculture energy and water,12,11,0,11,1,1,0
S01011349,C. Manufacturing,60,56,4,52,4,0,4
S01011349,F. Construction,37,30,3,27,7,1,6
S01011349,G I. Distribution hotels and restaurants,110,96,38,58,14,4,10
S01011349,H J. Transport and communication,55,46,4,42,9,0,9
S01011349,K L M N. Financial real estate professional and administrative activities,70,66,13,53,4,1,3
S01011349,O P Q. Public administration education and health,184,175,45,130,9,0,9
S01011349,R S T U. Other,27,21,8,13,6,1,5
S01011350,All people aged 16 to 74 in employment,318,261,73,188,57,14,43
S01011350,A B D E. Agriculture energy and water,7,6,1,5,1,0,1
S01011350,C. Manufacturing,41,38,4,34,3,0,3
S01011350,F. Construction,28,18,3,15,10,0,10
S01011350,G I. Distribution hotels and restaurants,61,48,31,17,13,5,8
S01011350,H J. Transport and communication,25,17,1,16,8,2,6
S01011350,K L M N. Financial real estate professional and administrative activities,39,29,7,22,10,3,7
S01011350,O P Q. Public administration education and health,100,93,22,71,7,2,5
S01011350,R S T U. Other,17,12,4,8,5,2,3
S01011351,All people aged 16 to 74 in employment,265,247,71,176,18,7,11
S01011351,A B D E. Agriculture energy and water,9,8,0,8,1,0,1
S01011351,C. Manufacturing,34,32,1,31,2,0,2
S01011351,F. Construction,21,16,0,16,5,1,4
S01011351,G I. Distribution hotels and restaurants,67,66,30,36,1,0,1
S01011351,H J. Transport and communication,30,25,7,18,5,2,3
S01011351,K L M N. Financial real estate professional and administrative activities,23,20,5,15,3,3,0
S01011351,O P Q. Public administration education and health,74,73,25,48,1,1,0
S01011351,R S T U. Other,7,7,3,4,0,0,0
S01011352,All people aged 16 to 74 in employment,301,267,70,197,34,11,23
S01011352,A B D E. Agriculture energy and water,12,11,1,10,1,0,1
S01011352,C. Manufacturing,20,17,2,15,3,1,2
S01011352,F. Construction,31,24,1,23,7,1,6
S01011352,G I. Distribution hotels and restaurants,67,58,23,35,9,5,4
S01011352,H J. Transport and communication,18,16,2,14,2,1,1
S01011352,K L M N. Financial real estate professional and administrative activities,38,34,9,25,4,1,3
S01011352,O P Q. Public administration education and health,100,95,24,71,5,1,4
S01011352,R S T U. Other,15,12,8,4,3,1,2
S01011353,All people aged 16 to 74 in employment,296,265,68,197,31,10,21
S01011353,A B D E. Agriculture energy and water,9,9,1,8,0,0,0
S01011353,C. Manufacturing,26,25,3,22,1,0,1
S01011353,F. Construction,27,20,1,19,7,1,6
S01011353,G I. Distribution hotels and restaurants,67,60,26,34,7,3,4
S01011353,H J. Transport and communication,19,17,3,14,2,0,2
S01011353,K L M N. Financial real estate professional and administrative activities,32,29,8,21,3,1,2
S01011353,O P Q. Public administration education and health,96,91,20,71,5,1,4
S01011353,R S T U. Other,20,14,6,8,6,4,2
S01011354,All people aged 16 to 74 in employment,339,294,83,211,45,15,30
S01011354,A B D E. Agriculture energy and water,13,10,0,10,3,1,2
S01011354,C. Manufacturing,20,19,0,19,1,1,0
S01011354,F. Construction,41,28,2,26,13,1,12
S01011354,G I. Distribution hotels and restaurants,66,58,37,21,8,2,6
S01011354,H J. Transport and communication,27,25,4,21,2,0,2
S01011354,K L M N. Financial real estate professional and administrative activities,48,41,6,35,7,3,4
S01011354,O P Q. Public administration education and health,107,99,28,71,8,6,2
S01011354,R S T U. Other,17,14,6,8,3,1,2
S01011355,All people aged 16 to 74 in employment,440,398,96,302,42,11,31
S01011355,A B D E. Agriculture energy and water,16,14,1,13,2,0,2
S01011355,C. Manufacturing,44,42,2,40,2,0,2
S01011355,F. Construction,38,31,2,29,7,1,6
S01011355,G I. Distribution hotels and restaurants,83,78,35,43,5,2,3
S01011355,H J. Transport and communication,42,34,7,27,8,3,5
S01011355,K L M N. Financial real estate professional and administrative activities,54,47,9,38,7,1,6
S01011355,O P Q. Public administration education and health,145,137,34,103,8,3,5
S01011355,R S T U. Other,18,15,6,9,3,1,2
S01011356,All people aged 16 to 74 in employment,519,373,85,288,146,24,122
S01011356,A B D E. Agriculture energy and water,58,20,1,19,38,4,34
S01011356,C. Manufacturing,41,28,5,23,13,3,10
S01011356,F. Construction,51,34,4,30,17,2,15
S01011356,G I. Distribution hotels and restaurants,74,55,22,33,19,1,18
S01011356,H J. Transport and communication,57,36,5,31,21,3,18
S01011356,K L M N. Financial real estate professional and administrative activities,71,53,11,42,18,4,14
S01011356,O P Q. Public administration education and health,141,129,34,95,12,7,5
S01011356,R S T U. Other,26,18,3,15,8,0,8
S01011357,All people aged 16 to 74 in employment,386,345,105,240,41,6,35
S01011357,A B D E. Agriculture energy and water,10,10,3,7,0,0,0
S01011357,C. Manufacturing,45,42,7,35,3,0,3
S01011357,F. Construction,37,26,0,26,11,0,11
S01011357,G I. Distribution hotels and restaurants,75,64,22,42,11,2,9
S01011357,H J. Transport and communication,24,21,5,16,3,1,2
S01011357,K L M N. Financial real estate professional and administrative activities,38,35,7,28,3,1,2
S01011357,O P Q. Public administration education and health,131,128,56,72,3,0,3
S01011357,R S T U. Other,26,19,5,14,7,2,5
S01011358,All people aged 16 to 74 in employment,333,318,83,235,15,5,10
S01011358,A B D E. Agriculture energy and water,8,8,0,8,0,0,0
S01011358,C. Manufacturing,25,23,1,22,2,1,1
S01011358,F. Construction,20,18,0,18,2,0,2
S01011358,G I. Distribution hotels and restaurants,57,53,28,25,4,0,4
S01011358,H J. Transport and communication,24,22,2,20,2,1,1
S01011358,K L M N. Financial real estate professional and administrative activities,54,50,16,34,4,3,1
S01011358,O P Q. Public administration education and health,140,139,33,106,1,0,1
S01011358,R S T U. Other,5,5,3,2,0,0,0
S01011359,All people aged 16 to 74 in employment,298,266,60,206,32,10,22
S01011359,A B D E. Agriculture energy and water,6,6,0,6,0,0,0
S01011359,C. Manufacturing,18,18,0,18,0,0,0
S01011359,F. Construction,28,24,1,23,4,0,4
S01011359,G I. Distribution hotels and restaurants,56,51,17,34,5,1,4
S01011359,H J. Transport and communication,44,33,2,31,11,4,7
S01011359,K L M N. Financial real estate professional and administrative activities,37,30,14,16,7,3,4
S01011359,O P Q. Public administration education and health,98,96,21,75,2,2,0
S01011359,R S T U. Other,11,8,5,3,3,0,3
S01011360,All people aged 16 to 74 in employment,318,302,89,213,16,5,11
S01011360,A B D E. Agriculture energy and water,14,14,2,12,0,0,0
S01011360,C. Manufacturing,41,37,9,28,4,2,2
S01011360,F. Construction,20,15,1,14,5,1,4
S01011360,G I. Distribution hotels and restaurants,68,65,23,42,3,1,2
S01011360,H J. Transport and communication,36,35,3,32,1,0,1
S01011360,K L M N. Financial real estate professional and administrative activities,40,38,14,24,2,1,1
S01011360,O P Q. Public administration education and health,88,88,34,54,0,0,0
S01011360,R S T U. Other,11,10,3,7,1,0,1
S01011361,All people aged 16 to 74 in employment,193,178,53,125,15,5,10
S01011361,A B D E. Agriculture energy and water,4,4,1,3,0,0,0
S01011361,C. Manufacturing,35,34,1,33,1,0,1
S01011361,F. Construction,20,16,2,14,4,0,4
S01011361,G I. Distribution hotels and restaurants,40,39,21,18,1,1,0
S01011361,H J. Transport and communication,32,27,5,22,5,1,4
S01011361,K L M N. Financial real estate professional and administrative activities,20,20,7,13,0,0,0
S01011361,O P Q. Public administration education and health,35,35,14,21,0,0,0
S01011361,R S T U. Other,7,3,2,1,4,3,1
S01011362,All people aged 16 to 74 in employment,322,270,54,216,52,11,41
S01011362,A B D E. Agriculture energy and water,19,13,2,11,6,3,3
S01011362,C. Manufacturing,33,29,4,25,4,3,1
S01011362,F. Construction,36,24,1,23,12,1,11
S01011362,G I. Distribution hotels and restaurants,57,44,15,29,13,1,12
S01011362,H J. Transport and communication,26,20,1,19,6,2,4
S01011362,K L M N. Financial real estate professional and administrative activities,42,38,9,29,4,1,3
S01011362,O P Q. Public administration education and health,95,90,17,73,5,0,5
S01011362,R S T U. Other,14,12,5,7,2,0,2
S01011363,All people aged 16 to 74 in employment,358,316,85,231,42,3,39
S01011363,A B D E. Agriculture energy and water,18,18,4,14,0,0,0
S01011363,C. Manufacturing,28,26,1,25,2,0,2
S01011363,F. Construction,40,28,0,28,12,1,11
S01011363,G I. Distribution hotels and restaurants,58,49,24,25,9,0,9
S01011363,H J. Transport and communication,30,28,8,20,2,1,1
S01011363,K L M N. Financial real estate professional and administrative activities,43,31,2,29,12,1,11
S01011363,O P Q. Public administration education and health,118,117,38,79,1,0,1
S01011363,R S T U. Other,23,19,8,11,4,0,4
S01011364,All people aged 16 to 74 in employment,326,304,81,223,22,7,15
S01011364,A B D E. Agriculture energy and water,7,7,1,6,0,0,0
S01011364,C. Manufacturing,45,44,2,42,1,0,1
S01011364,F. Construction,17,16,1,15,1,0,1
S01011364,G I. Distribution hotels and restaurants,72,70,31,39,2,0,2
S01011364,H J. Transport and communication,32,25,5,20,7,1,6
S01011364,K L M N. Financial real estate professional and administrative activities,35,29,9,20,6,2,4
S01011364,O P Q. Public administration education and health,108,104,27,77,4,4,0
S01011364,R S T U. Other,10,9,5,4,1,0,1
S01011365,All people aged 16 to 74 in employment,343,320,83,237,23,2,21
S01011365,A B D E. Agriculture energy and water,10,10,3,7,0,0,0
S01011365,C. Manufacturing,31,30,2,28,1,0,1
S01011365,F. Construction,35,28,0,28,7,0,7
S01011365,G I. Distribution hotels and restaurants,52,49,24,25,3,0,3
S01011365,H J. Transport and communication,35,30,4,26,5,0,5
S01011365,K L M N. Financial real estate professional and administrative activities,42,39,12,27,3,1,2
S01011365,O P Q. Public administration education and health,128,124,32,92,4,1,3
S01011365,R S T U. Other,10,10,6,4,0,0,0
S01011366,All people aged 16 to 74 in employment,189,178,38,140,11,2,9
S01011366,A B D E. Agriculture energy and water,7,7,1,6,0,0,0
S01011366,C. Manufacturing,21,20,2,18,1,0,1
S01011366,F. Construction,19,17,0,17,2,0,2
S01011366,G I. Distribution hotels and restaurants,39,35,15,20,4,0,4
S01011366,H J. Transport and communication,13,13,1,12,0,0,0
S01011366,K L M N. Financial real estate professional and administrative activities,29,28,5,23,1,1,0
S01011366,O P Q. Public administration education and health,55,54,11,43,1,0,1
S01011366,R S T U. Other,6,4,3,1,2,1,1
S01011367,All people aged 16 to 74 in employment,360,337,89,248,23,7,16
S01011367,A B D E. Agriculture energy and water,9,8,1,7,1,0,1
S01011367,C. Manufacturing,37,36,2,34,1,0,1
S01011367,F. Construction,51,43,2,41,8,3,5
S01011367,G I. Distribution hotels and restaurants,84,82,37,45,2,1,1
S01011367,H J. Transport and communication,44,40,10,30,4,0,4
S01011367,K L M N. Financial real estate professional and administrative activities,22,21,3,18,1,0,1
S01011367,O P Q. Public administration education and health,93,91,24,67,2,1,1
S01011367,R S T U. Other,20,16,10,6,4,2,2
S01011368,All people aged 16 to 74 in employment,528,480,110,370,48,8,40
S01011368,A B D E. Agriculture energy and water,17,17,2,15,0,0,0
S01011368,C. Manufacturing,51,48,1,47,3,1,2
S01011368,F. Construction,53,44,1,43,9,0,9
S01011368,G I. Distribution hotels and restaurants,101,89,36,53,12,4,8
S01011368,H J. Transport and communication,29,25,3,22,4,0,4
S01011368,K L M N. Financial real estate professional and administrative activities,86,80,18,62,6,0,6
S01011368,O P Q. Public administration education and health,169,161,38,123,8,2,6
S01011368,R S T U. Other,22,16,11,5,6,1,5
S01011369,All people aged 16 to 74 in employment,354,324,91,233,30,11,19
S01011369,A B D E. Agriculture energy and water,10,10,1,9,0,0,0
S01011369,C. Manufacturing,40,37,1,36,3,2,1
S01011369,F. Construction,37,29,2,27,8,0,8
S01011369,G I. Distribution hotels and restaurants,68,66,34,32,2,0,2
S01011369,H J. Transport and communication,34,29,1,28,5,1,4
S01011369,K L M N. Financial real estate professional and administrative activities,40,34,13,21,6,5,1
S01011369,O P Q. Public administration education and health,109,105,30,75,4,2,2
S01011369,R S T U. Other,16,14,9,5,2,1,1
S01011370,All people aged 16 to 74 in employment,466,444,84,360,22,4,18
S01011370,A B D E. Agriculture energy and water,15,15,1,14,0,0,0
S01011370,C. Manufacturing,36,36,1,35,0,0,0
S01011370,F. Construction,42,38,0,38,4,0,4
S01011370,G I. Distribution hotels and restaurants,71,68,22,46,3,0,3
S01011370,H J. Transport and communication,40,38,3,35,2,0,2
S01011370,K L M N. Financial real estate professional and administrative activities,78,73,13,60,5,2,3
S01011370,O P Q. Public administration education and health,164,158,37,121,6,1,5
S01011370,R S T U. Other,20,18,7,11,2,1,1
S01011371,All people aged 16 to 74 in employment,397,370,102,268,27,6,21
S01011371,A B D E. Agriculture energy and water,11,11,0,11,0,0,0
S01011371,C. Manufacturing,28,26,2,24,2,0,2
S01011371,F. Construction,35,30,2,28,5,0,5
S01011371,G I. Distribution hotels and restaurants,103,100,50,50,3,0,3
S01011371,H J. Transport and communication,38,31,4,27,7,1,6
S01011371,K L M N. Financial real estate professional and administrative activities,66,59,14,45,7,3,4
S01011371,O P Q. Public administration education and health,101,99,24,75,2,1,1
S01011371,R S T U. Other,15,14,6,8,1,1,0
S01011372,All people aged 16 to 74 in employment,257,244,67,177,13,3,10
S01011372,A B D E. Agriculture energy and water,8,8,1,7,0,0,0
S01011372,C. Manufacturing,40,40,3,37,0,0,0
S01011372,F. Construction,12,12,1,11,0,0,0
S01011372,G I. Distribution hotels and restaurants,67,62,28,34,5,2,3
S01011372,H J. Transport and communication,33,30,5,25,3,0,3
S01011372,K L M N. Financial real estate professional and administrative activities,26,25,9,16,1,0,1
S01011372,O P Q. Public administration education and health,54,53,13,40,1,1,0
S01011372,R S T U. Other,17,14,7,7,3,0,3
S01011373,All people aged 16 to 74 in employment,252,231,67,164,21,6,15
S01011373,A B D E. Agriculture energy and water,9,9,0,9,0,0,0
S01011373,C. Manufacturing,23,19,0,19,4,0,4
S01011373,F. Construction,24,18,1,17,6,0,6
S01011373,G I. Distribution hotels and restaurants,67,64,29,35,3,1,2
S01011373,H J. Transport and communication,23,21,4,17,2,1,1
S01011373,K L M N. Financial real estate professional and administrative activities,26,21,9,12,5,4,1
S01011373,O P Q. Public administration education and health,71,71,21,50,0,0,0
S01011373,R S T U. Other,9,8,3,5,1,0,1
S01011374,All people aged 16 to 74 in employment,392,371,78,293,21,6,15
S01011374,A B D E. Agriculture energy and water,10,10,2,8,0,0,0
S01011374,C. Manufacturing,23,22,1,21,1,0,1
S01011374,F. Construction,39,30,4,26,9,1,8
S01011374,G I. Distribution hotels and restaurants,72,70,29,41,2,0,2
S01011374,H J. Transport and communication,44,41,3,38,3,2,1
S01011374,K L M N. Financial real estate professional and administrative activities,70,65,11,54,5,2,3
S01011374,O P Q. Public administration education and health,122,122,23,99,0,0,0
S01011374,R S T U. Other,12,11,5,6,1,1,0
S01011375,All people aged 16 to 74 in employment,310,286,87,199,24,7,17
S01011375,A B D E. Agriculture energy and water,6,6,1,5,0,0,0
S01011375,C. Manufacturing,28,27,1,26,1,0,1
S01011375,F. Construction,24,19,3,16,5,0,5
S01011375,G I. Distribution hotels and restaurants,60,54,28,26,6,2,4
S01011375,H J. Transport and communication,30,28,4,24,2,1,1
S01011375,K L M N. Financial real estate professional and administrative activities,39,35,8,27,4,2,2
S01011375,O P Q. Public administration education and health,111,106,36,70,5,1,4
S01011375,R S T U. Other,12,11,6,5,1,1,0
S01011376,All people aged 16 to 74 in employment,205,188,48,140,17,11,6
S01011376,A B D E. Agriculture energy and water,8,8,0,8,0,0,0
S01011376,C. Manufacturing,16,16,1,15,0,0,0
S01011376,F. Construction,10,9,0,9,1,0,1
S01011376,G I. Distribution hotels and restaurants,47,45,18,27,2,0,2
S01011376,H J. Transport and communication,18,16,2,14,2,1,1
S01011376,K L M N. Financial real estate professional and administrative activities,30,22,5,17,8,6,2
S01011376,O P Q. Public administration education and health,58,57,16,41,1,1,0
S01011376,R S T U. Other,18,15,6,9,3,3,0
S01011377,All people aged 16 to 74 in employment,317,275,55,220,42,14,28
S01011377,A B D E. Agriculture energy and water,4,4,0,4,0,0,0
S01011377,C. Manufacturing,26,22,0,22,4,2,2
S01011377,F. Construction,21,17,1,16,4,1,3
S01011377,G I. Distribution hotels and restaurants,43,38,17,21,5,0,5
S01011377,H J. Transport and communication,30,28,3,25,2,1,1
S01011377,K L M N. Financial real estate professional and administrative activities,57,45,6,39,12,4,8
S01011377,O P Q. Public administration education and health,118,109,24,85,9,4,5
S01011377,R S T U. Other,18,12,4,8,6,2,4
S01011378,All people aged 16 to 74 in employment,354,317,91,226,37,12,25
S01011378,A B D E. Agriculture energy and water,8,7,1,6,1,0,1
S01011378,C. Manufacturing,37,35,4,31,2,0,2
S01011378,F. Construction,28,17,2,15,11,5,6
S01011378,G I. Distribution hotels and restaurants,56,48,24,24,8,2,6
S01011378,H J. Transport and communication,17,15,6,9,2,1,1
S01011378,K L M N. Financial real estate professional and administrative activities,47,40,6,34,7,2,5
S01011378,O P Q. Public administration education and health,137,134,39,95,3,1,2
S01011378,R S T U. Other,24,21,9,12,3,1,2
S01011379,All people aged 16 to 74 in employment,526,470,116,354,56,13,43
S01011379,A B D E. Agriculture energy and water,6,6,1,5,0,0,0
S01011379,C. Manufacturing,37,33,1,32,4,0,4
S01011379,F. Construction,39,30,2,28,9,2,7
S01011379,G I. Distribution hotels and restaurants,82,70,30,40,12,1,11
S01011379,H J. Transport and communication,39,37,2,35,2,0,2
S01011379,K L M N. Financial real estate professional and administrative activities,100,86,23,63,14,6,8
S01011379,O P Q. Public administration education and health,191,183,51,132,8,2,6
S01011379,R S T U. Other,32,25,6,19,7,2,5
S01011380,All people aged 16 to 74 in employment,341,315,81,234,26,10,16
S01011380,A B D E. Agriculture energy and water,6,6,0,6,0,0,0
S01011380,C. Manufacturing,34,33,4,29,1,0,1
S01011380,F. Construction,31,24,3,21,7,1,6
S01011380,G I. Distribution hotels and restaurants,71,63,25,38,8,3,5
S01011380,H J. Transport and communication,28,26,4,22,2,1,1
S01011380,K L M N. Financial real estate professional and administrative activities,44,42,7,35,2,1,1
S01011380,O P Q. Public administration education and health,117,114,34,80,3,2,1
S01011380,R S T U. Other,10,7,4,3,3,2,1
S01011381,All people aged 16 to 74 in employment,307,274,63,211,33,6,27
S01011381,A B D E. Agriculture energy and water,6,6,1,5,0,0,0
S01011381,C. Manufacturing,25,23,1,22,2,1,1
S01011381,F. Construction,20,13,1,12,7,0,7
S01011381,G I. Distribution hotels and restaurants,44,39,13,26,5,0,5
S01011381,H J. Transport and communication,27,22,3,19,5,0,5
S01011381,K L M N. Financial real estate professional and administrative activities,49,44,9,35,5,2,3
S01011381,O P Q. Public administration education and health,108,106,30,76,2,2,0
S01011381,R S T U. Other,28,21,5,16,7,1,6
S01011382,All people aged 16 to 74 in employment,270,239,62,177,31,7,24
S01011382,A B D E. Agriculture energy and water,9,9,1,8,0,0,0
S01011382,C. Manufacturing,21,21,1,20,0,0,0
S01011382,F. Construction,39,25,3,22,14,2,12
S01011382,G I. Distribution hotels and restaurants,59,54,19,35,5,0,5
S01011382,H J. Transport and communication,31,29,5,24,2,2,0
S01011382,K L M N. Financial real estate professional and administrative activities,30,27,8,19,3,1,2
S01011382,O P Q. Public administration education and health,60,57,16,41,3,1,2
S01011382,R S T U. Other,21,17,9,8,4,1,3
S01011383,All people aged 16 to 74 in employment,232,225,79,146,7,2,5
S01011383,A B D E. Agriculture energy and water,6,6,2,4,0,0,0
S01011383,C. Manufacturing,19,19,0,19,0,0,0
S01011383,F. Construction,20,20,0,20,0,0,0
S01011383,G I. Distribution hotels and restaurants,39,39,23,16,0,0,0
S01011383,H J. Transport and communication,22,19,0,19,3,0,3
S01011383,K L M N. Financial real estate professional and administrative activities,36,34,13,21,2,1,1
S01011383,O P Q. Public administration education and health,69,69,27,42,0,0,0
S01011383,R S T U. Other,21,19,14,5,2,1,1
S01011384,All people aged 16 to 74 in employment,206,187,73,114,19,5,14
S01011384,A B D E. Agriculture energy and water,7,5,2,3,2,0,2
S01011384,C. Manufacturing,21,21,2,19,0,0,0
S01011384,F. Construction,21,17,1,16,4,0,4
S01011384,G I. Distribution hotels and restaurants,57,51,31,20,6,3,3
S01011384,H J. Transport and communication,12,9,1,8,3,0,3
S01011384,K L M N. Financial real estate professional and administrative activities,25,24,8,16,1,1,0
S01011384,O P Q. Public administration education and health,56,55,24,31,1,0,1
S01011384,R S T U. Other,7,5,4,1,2,1,1
S01011385,All people aged 16 to 74 in employment,357,332,104,228,25,8,17
S01011385,A B D E. Agriculture energy and water,7,7,2,5,0,0,0
S01011385,C. Manufacturing,27,27,5,22,0,0,0
S01011385,F. Construction,32,30,1,29,2,0,2
S01011385,G I. Distribution hotels and restaurants,74,73,31,42,1,0,1
S01011385,H J. Transport and communication,39,31,3,28,8,2,6
S01011385,K L M N. Financial real estate professional and administrative activities,52,49,13,36,3,3,0
S01011385,O P Q. Public administration education and health,102,99,42,57,3,1,2
S01011385,R S T U. Other,24,16,7,9,8,2,6
S01011386,All people aged 16 to 74 in employment,206,193,75,118,13,6,7
S01011386,A B D E. Agriculture energy and water,5,5,0,5,0,0,0
S01011386,C. Manufacturing,17,16,4,12,1,0,1
S01011386,F. Construction,22,19,0,19,3,1,2
S01011386,G I. Distribution hotels and restaurants,60,59,37,22,1,1,0
S01011386,H J. Transport and communication,14,13,1,12,1,0,1
S01011386,K L M N. Financial real estate professional and administrative activities,21,19,7,12,2,2,0
S01011386,O P Q. Public administration education and health,54,50,21,29,4,2,2
S01011386,R S T U. Other,13,12,5,7,1,0,1
S01011387,All people aged 16 to 74 in employment,302,288,84,204,14,2,12
S01011387,A B D E. Agriculture energy and water,9,9,1,8,0,0,0
S01011387,C. Manufacturing,30,30,3,27,0,0,0
S01011387,F. Construction,25,22,0,22,3,0,3
S01011387,G I. Distribution hotels and restaurants,62,59,35,24,3,1,2
S01011387,H J. Transport and communication,28,26,8,18,2,0,2
S01011387,K L M N. Financial real estate professional and administrative activities,39,38,8,30,1,0,1
S01011387,O P Q. Public administration education and health,94,91,25,66,3,0,3
S01011387,R S T U. Other,15,13,4,9,2,1,1
S01011388,All people aged 16 to 74 in employment,605,563,129,434,42,11,31
S01011388,A B D E. Agriculture energy and water,13,11,3,8,2,0,2
S01011388,C. Manufacturing,59,57,5,52,2,0,2
S01011388,F. Construction,49,42,4,38,7,0,7
S01011388,G I. Distribution hotels and restaurants,90,85,30,55,5,2,3
S01011388,H J. Transport and communication,64,57,6,51,7,1,6
S01011388,K L M N. Financial real estate professional and administrative activities,80,77,14,63,3,3,0
S01011388,O P Q. Public administration education and health,224,215,59,156,9,2,7
S01011388,R S T U. Other,26,19,8,11,7,3,4
S01011389,All people aged 16 to 74 in employment,355,326,90,236,29,6,23
S01011389,A B D E. Agriculture energy and water,13,13,2,11,0,0,0
S01011389,C. Manufacturing,28,28,1,27,0,0,0
S01011389,F. Construction,18,13,1,12,5,0,5
S01011389,G I. Distribution hotels and restaurants,90,79,35,44,11,3,8
S01011389,H J. Transport and communication,29,26,4,22,3,1,2
S01011389,K L M N. Financial real estate professional and administrative activities,48,46,11,35,2,1,1
S01011389,O P Q. Public administration education and health,102,100,28,72,2,0,2
S01011389,R S T U. Other,27,21,8,13,6,1,5
S01011390,All people aged 16 to 74 in employment,328,311,90,221,17,7,10
S01011390,A B D E. Agriculture energy and water,6,6,0,6,0,0,0
S01011390,C. Manufacturing,37,37,1,36,0,0,0
S01011390,F. Construction,30,26,2,24,4,0,4
S01011390,G I. Distribution hotels and restaurants,84,82,35,47,2,0,2
S01011390,H J. Transport and communication,31,28,3,25,3,3,0
S01011390,K L M N. Financial real estate professional and administrative activities,34,30,7,23,4,1,3
S01011390,O P Q. Public administration education and health,87,85,35,50,2,2,0
S01011390,R S T U. Other,19,17,7,10,2,1,1
S01011391,All people aged 16 to 74 in employment,284,265,94,171,19,7,12
S01011391,A B D E. Agriculture energy and water,7,7,1,6,0,0,0
S01011391,C. Manufacturing,37,36,2,34,1,0,1
S01011391,F. Construction,33,29,3,26,4,0,4
S01011391,G I. Distribution hotels and restaurants,65,61,37,24,4,1,3
S01011391,H J. Transport and communication,15,12,3,9,3,1,2
S01011391,K L M N. Financial real estate professional and administrative activities,20,18,9,9,2,1,1
S01011391,O P Q. Public administration education and health,83,80,30,50,3,2,1
S01011391,R S T U. Other,24,22,9,13,2,2,0
S01011392,All people aged 16 to 74 in employment,282,260,91,169,22,4,18
S01011392,A B D E. Agriculture energy and water,4,3,0,3,1,0,1
S01011392,C. Manufacturing,22,22,0,22,0,0,0
S01011392,F. Construction,25,15,1,14,10,0,10
S01011392,G I. Distribution hotels and restaurants,73,73,36,37,0,0,0
S01011392,H J. Transport and communication,31,27,8,19,4,0,4
S01011392,K L M N. Financial real estate professional and administrative activities,19,17,5,12,2,0,2
S01011392,O P Q. Public administration education and health,84,83,32,51,1,1,0
S01011392,R S T U. Other,24,20,9,11,4,3,1
S01011393,All people aged 16 to 74 in employment,355,311,87,224,44,8,36
S01011393,A B D E. Agriculture energy and water,7,6,2,4,1,0,1
S01011393,C. Manufacturing,40,37,5,32,3,0,3
S01011393,F. Construction,50,34,6,28,16,2,14
S01011393,G I. Distribution hotels and restaurants,75,69,28,41,6,1,5
S01011393,H J. Transport and communication,24,15,6,9,9,3,6
S01011393,K L M N. Financial real estate professional and administrative activities,44,38,8,30,6,1,5
S01011393,O P Q. Public administration education and health,99,96,27,69,3,1,2
S01011393,R S T U. Other,16,16,5,11,0,0,0
S01011394,All people aged 16 to 74 in employment,320,297,73,224,23,6,17
S01011394,A B D E. Agriculture energy and water,5,5,0,5,0,0,0
S01011394,C. Manufacturing,31,30,4,26,1,0,1
S01011394,F. Construction,25,18,1,17,7,0,7
S01011394,G I. Distribution hotels and restaurants,58,54,24,30,4,0,4
S01011394,H J. Transport and communication,25,22,1,21,3,1,2
S01011394,K L M N. Financial real estate professional and administrative activities,49,45,9,36,4,3,1
S01011394,O P Q. Public administration education and health,113,112,30,82,1,1,0
S01011394,R S T U. Other,14,11,4,7,3,1,2
S01011395,All people aged 16 to 74 in employment,324,291,76,215,33,9,24
S01011395,A B D E. Agriculture energy and water,7,6,2,4,1,0,1
S01011395,C. Manufacturing,37,35,1,34,2,1,1
S01011395,F. Construction,29,24,1,23,5,0,5
S01011395,G I. Distribution hotels and restaurants,61,60,33,27,1,1,0
S01011395,H J. Transport and communication,30,21,4,17,9,2,7
S01011395,K L M N. Financial real estate professional and administrative activities,29,23,5,18,6,1,5
S01011395,O P Q. Public administration education and health,116,111,27,84,5,3,2
S01011395,R S T U. Other,15,11,3,8,4,1,3
S01011396,All people aged 16 to 74 in employment,315,288,71,217,27,3,24
S01011396,A B D E. Agriculture energy and water,8,7,1,6,1,0,1
S01011396,C. Manufacturing,22,20,0,20,2,0,2
S01011396,F. Construction,33,26,2,24,7,0,7
S01011396,G I. Distribution hotels and restaurants,59,56,24,32,3,0,3
S01011396,H J. Transport and communication,25,23,2,21,2,0,2
S01011396,K L M N. Financial real estate professional and administrative activities,36,34,10,24,2,0,2
S01011396,O P Q. Public administration education and health,112,109,29,80,3,1,2
S01011396,R S T U. Other,20,13,3,10,7,2,5
S01011397,All people aged 16 to 74 in employment,308,288,81,207,20,3,17
S01011397,A B D E. Agriculture energy and water,6,6,1,5,0,0,0
S01011397,C. Manufacturing,27,27,2,25,0,0,0
S01011397,F. Construction,28,22,4,18,6,0,6
S01011397,G I. Distribution hotels and restaurants,83,76,40,36,7,0,7
S01011397,H J. Transport and communication,24,22,7,15,2,1,1
S01011397,K L M N. Financial real estate professional and administrative activities,34,32,3,29,2,1,1
S01011397,O P Q. Public administration education and health,94,93,20,73,1,1,0
S01011397,R S T U. Other,12,10,4,6,2,0,2
S01011398,All people aged 16 to 74 in employment,280,261,78,183,19,5,14
S01011398,A B D E. Agriculture energy and water,2,2,0,2,0,0,0
S01011398,C. Manufacturing,25,24,4,20,1,0,1
S01011398,F. Construction,23,18,0,18,5,1,4
S01011398,G I. Distribution hotels and restaurants,65,62,32,30,3,1,2
S01011398,H J. Transport and communication,28,23,1,22,5,3,2
S01011398,K L M N. Financial real estate professional and administrative activities,29,26,5,21,3,0,3
S01011398,O P Q. Public administration education and health,93,92,27,65,1,0,1
S01011398,R S T U. Other,15,14,9,5,1,0,1
S01011399,All people aged 16 to 74 in employment,218,204,63,141,14,5,9
S01011399,A B D E. Agriculture energy and water,2,2,1,1,0,0,0
S01011399,C. Manufacturing,15,15,0,15,0,0,0
S01011399,F. Construction,26,23,1,22,3,0,3
S01011399,G I. Distribution hotels and restaurants,40,38,21,17,2,0,2
S01011399,H J. Transport and communication,23,19,3,16,4,2,2
S01011399,K L M N. Financial real estate professional and administrative activities,25,24,5,19,1,1,0
S01011399,O P Q. Public administration education and health,80,78,29,49,2,1,1
S01011399,R S T U. Other,7,5,3,2,2,1,1
S01011400,All people aged 16 to 74 in employment,362,334,67,267,28,5,23
S01011400,A B D E. Agriculture energy and water,13,13,1,12,0,0,0
S01011400,C. Manufacturing,29,27,2,25,2,0,2
S01011400,F. Construction,29,24,1,23,5,0,5
S01011400,G I. Distribution hotels and restaurants,77,72,26,46,5,1,4
S01011400,H J. Transport and communication,17,15,0,15,2,1,1
S01011400,K L M N. Financial real estate professional and administrative activities,51,45,6,39,6,0,6
S01011400,O P Q. Public administration education and health,128,124,24,100,4,2,2
S01011400,R S T U. Other,18,14,7,7,4,1,3
S01011401,All people aged 16 to 74 in employment,283,260,51,209,23,5,18
S01011401,A B D E. Agriculture energy and water,6,6,0,6,0,0,0
S01011401,C. Manufacturing,39,36,2,34,3,0,3
S01011401,F. Construction,16,13,2,11,3,1,2
S01011401,G I. Distribution hotels and restaurants,54,47,15,32,7,0,7
S01011401,H J. Transport and communication,19,17,2,15,2,0,2
S01011401,K L M N. Financial real estate professional and administrative activities,34,32,6,26,2,0,2
S01011401,O P Q. Public administration education and health,104,100,23,77,4,3,1
S01011401,R S T U. Other,11,9,1,8,2,1,1
S01011402,All people aged 16 to 74 in employment,357,324,84,240,33,11,22
S01011402,A B D E. Agriculture energy and water,10,10,1,9,0,0,0
S01011402,C. Manufacturing,38,37,2,35,1,0,1
S01011402,F. Construction,29,19,1,18,10,1,9
S01011402,G I. Distribution hotels and restaurants,72,66,29,37,6,2,4
S01011402,H J. Transport and communication,26,18,2,16,8,5,3
S01011402,K L M N. Financial real estate professional and administrative activities,29,27,3,24,2,1,1
S01011402,O P Q. Public administration education and health,135,133,39,94,2,0,2
S01011402,R S T U. Other,18,14,7,7,4,2,2
S01011403,All people aged 16 to 74 in employment,279,265,78,187,14,5,9
S01011403,A B D E. Agriculture energy and water,4,3,0,3,1,1,0
S01011403,C. Manufacturing,27,25,3,22,2,0,2
S01011403,F. Construction,29,28,4,24,1,0,1
S01011403,G I. Distribution hotels and restaurants,68,64,28,36,4,0,4
S01011403,H J. Transport and communication,27,24,3,21,3,2,1
S01011403,K L M N. Financial real estate professional and administrative activities,29,29,6,23,0,0,0
S01011403,O P Q. Public administration education and health,85,83,32,51,2,1,1
S01011403,R S T U. Other,10,9,2,7,1,1,0
S01011404,All people aged 16 to 74 in employment,385,358,89,269,27,8,19
S01011404,A B D E. Agriculture energy and water,4,4,0,4,0,0,0
S01011404,C. Manufacturing,29,29,2,27,0,0,0
S01011404,F. Construction,42,31,0,31,11,2,9
S01011404,G I. Distribution hotels and restaurants,72,69,30,39,3,0,3
S01011404,H J. Transport and communication,28,24,2,22,4,1,3
S01011404,K L M N. Financial real estate professional and administrative activities,46,42,9,33,4,3,1
S01011404,O P Q. Public administration education and health,149,144,40,104,5,2,3
S01011404,R S T U. Other,15,15,6,9,0,0,0
S01011405,All people aged 16 to 74 in employment,274,243,62,181,31,4,27
S01011405,A B D E. Agriculture energy and water,7,7,3,4,0,0,0
S01011405,C. Manufacturing,29,28,2,26,1,0,1
S01011405,F. Construction,27,21,4,17,6,0,6
S01011405,G I. Distribution hotels and restaurants,57,53,21,32,4,1,3
S01011405,H J. Transport and communication,22,19,2,17,3,1,2
S01011405,K L M N. Financial real estate professional and administrative activities,41,32,11,21,9,0,9
S01011405,O P Q. Public administration education and health,79,75,18,57,4,1,3
S01011405,R S T U. Other,12,8,1,7,4,1,3
S01011406,All people aged 16 to 74 in employment,302,275,69,206,27,10,17
S01011406,A B D E. Agriculture energy and water,6,6,1,5,0,0,0
S01011406,C. Manufacturing,26,24,2,22,2,0,2
S01011406,F. Construction,22,20,3,17,2,0,2
S01011406,G I. Distribution hotels and restaurants,79,73,29,44,6,1,5
S01011406,H J. Transport and communication,21,17,2,15,4,2,2
S01011406,K L M N. Financial real estate professional and administrative activities,42,35,6,29,7,3,4
S01011406,O P Q. Public administration education and health,90,88,20,68,2,2,0
S01011406,R S T U. Other,16,12,6,6,4,2,2
S01011407,All people aged 16 to 74 in employment,519,470,116,354,49,9,40
S01011407,A B D E. Agriculture energy and water,11,11,1,10,0,0,0
S01011407,C. Manufacturing,41,40,2,38,1,1,0
S01011407,F. Construction,60,46,2,44,14,1,13
S01011407,G I. Distribution hotels and restaurants,114,102,44,58,12,2,10
S01011407,H J. Transport and communication,52,43,9,34,9,1,8
S01011407,K L M N. Financial real estate professional and administrative activities,69,62,15,47,7,2,5
S01011407,O P Q. Public administration education and health,154,150,37,113,4,1,3
S01011407,R S T U. Other,18,16,6,10,2,1,1
S01011408,All people aged 16 to 74 in employment,365,341,104,237,24,11,13
S01011408,A B D E. Agriculture energy and water,10,9,2,7,1,0,1
S01011408,C. Manufacturing,29,29,3,26,0,0,0
S01011408,F. Construction,37,29,0,29,8,2,6
S01011408,G I. Distribution hotels and restaurants,100,97,47,50,3,1,2
S01011408,H J. Transport and communication,23,19,2,17,4,2,2
S01011408,K L M N. Financial real estate professional and administrative activities,45,41,8,33,4,3,1
S01011408,O P Q. Public administration education and health,109,105,35,70,4,3,1
S01011408,R S T U. Other,12,12,7,5,0,0,0
S01011409,All people aged 16 to 74 in employment,343,316,108,208,27,7,20
S01011409,A B D E. Agriculture energy and water,11,10,1,9,1,0,1
S01011409,C. Manufacturing,33,31,2,29,2,2,0
S01011409,F. Construction,27,21,1,20,6,1,5
S01011409,G I. Distribution hotels and restaurants,87,80,40,40,7,2,5
S01011409,H J. Transport and communication,30,25,2,23,5,0,5
S01011409,K L M N. Financial real estate professional and administrative activities,35,32,9,23,3,0,3
S01011409,O P Q. Public administration education and health,100,98,41,57,2,2,0
S01011409,R S T U. Other,20,19,12,7,1,0,1
S01011410,All people aged 16 to 74 in employment,299,282,78,204,17,3,14
S01011410,A B D E. Agriculture energy and water,3,3,0,3,0,0,0
S01011410,C. Manufacturing,32,31,2,29,1,0,1
S01011410,F. Construction,38,30,0,30,8,0,8
S01011410,G I. Distribution hotels and restaurants,62,61,30,31,1,0,1
S01011410,H J. Transport and communication,26,24,1,23,2,0,2
S01011410,K L M N. Financial real estate professional and administrative activities,30,29,8,21,1,0,1
S01011410,O P Q. Public administration education and health,95,92,32,60,3,2,1
S01011410,R S T U. Other,13,12,5,7,1,1,0
S01011411,All people aged 16 to 74 in employment,307,281,94,187,26,6,20
S01011411,A B D E. Agriculture energy and water,9,9,1,8,0,0,0
S01011411,C. Manufacturing,23,22,3,19,1,0,1
S01011411,F. Construction,42,34,1,33,8,0,8
S01011411,G I. Distribution hotels and restaurants,65,62,32,30,3,2,1
S01011411,H J. Transport and communication,29,19,5,14,10,3,7
S01011411,K L M N. Financial real estate professional and administrative activities,31,30,14,16,1,1,0
S01011411,O P Q. Public administration education and health,92,92,32,60,0,0,0
S01011411,R S T U. Other,16,13,6,7,3,0,3
S01011412,All people aged 16 to 74 in employment,437,384,95,289,53,11,42
S01011412,A B D E. Agriculture energy and water,10,9,0,9,1,0,1
S01011412,C. Manufacturing,43,37,3,34,6,1,5
S01011412,F. Construction,41,32,1,31,9,1,8
S01011412,G I. Distribution hotels and restaurants,83,73,39,34,10,2,8
S01011412,H J. Transport and communication,36,26,4,22,10,1,9
S01011412,K L M N. Financial real estate professional and administrative activities,54,45,5,40,9,3,6
S01011412,O P Q. Public administration education and health,154,149,40,109,5,3,2
S01011412,R S T U. Other,16,13,3,10,3,0,3
S01011413,All people aged 16 to 74 in employment,332,308,73,235,24,2,22
S01011413,A B D E. Agriculture energy and water,8,8,1,7,0,0,0
S01011413,C. Manufacturing,25,22,2,20,3,0,3
S01011413,F. Construction,31,26,1,25,5,0,5
S01011413,G I. Distribution hotels and restaurants,60,56,21,35,4,0,4
S01011413,H J. Transport and communication,21,16,2,14,5,1,4
S01011413,K L M N. Financial real estate professional and administrative activities,48,47,12,35,1,0,1
S01011413,O P Q. Public administration education and health,126,122,28,94,4,1,3
S01011413,R S T U. Other,13,11,6,5,2,0,2
S01011414,All people aged 16 to 74 in employment,351,322,87,235,29,8,21
S01011414,A B D E. Agriculture energy and water,8,8,0,8,0,0,0
S01011414,C. Manufacturing,34,32,2,30,2,1,1
S01011414,F. Construction,39,34,1,33,5,0,5
S01011414,G I. Distribution hotels and restaurants,60,58,25,33,2,2,0
S01011414,H J. Transport and communication,32,23,3,20,9,2,7
S01011414,K L M N. Financial real estate professional and administrative activities,45,39,9,30,6,2,4
S01011414,O P Q. Public administration education and health,118,114,42,72,4,1,3
S01011414,R S T U. Other,15,14,5,9,1,0,1
S01011415,All people aged 16 to 74 in employment,440,408,109,299,32,3,29
S01011415,A B D E. Agriculture energy and water,11,10,0,10,1,0,1
S01011415,C. Manufacturing,42,40,3,37,2,0,2
S01011415,F. Construction,46,34,2,32,12,1,11
S01011415,G I. Distribution hotels and restaurants,69,63,29,34,6,0,6
S01011415,H J. Transport and communication,36,33,8,25,3,0,3
S01011415,K L M N. Financial real estate professional and administrative activities,62,57,17,40,5,0,5
S01011415,O P Q. Public administration education and health,158,155,45,110,3,2,1
S01011415,R S T U. Other,16,16,5,11,0,0,0
S01011416,All people aged 16 to 74 in employment,355,323,81,242,32,5,27
S01011416,A B D E. Agriculture energy and water,10,9,0,9,1,0,1
S01011416,C. Manufacturing,49,47,1,46,2,1,1
S01011416,F. Construction,32,22,0,22,10,0,10
S01011416,G I. Distribution hotels and restaurants,64,60,30,30,4,1,3
S01011416,H J. Transport and communication,16,14,1,13,2,0,2
S01011416,K L M N. Financial real estate professional and administrative activities,43,37,12,25,6,1,5
S01011416,O P Q. Public administration education and health,132,126,32,94,6,2,4
S01011416,R S T U. Other,9,8,5,3,1,0,1
S01011417,All people aged 16 to 74 in employment,353,315,76,239,38,6,32
S01011417,A B D E. Agriculture energy and water,4,4,1,3,0,0,0
S01011417,C. Manufacturing,28,25,3,22,3,1,2
S01011417,F. Construction,41,32,0,32,9,1,8
S01011417,G I. Distribution hotels and restaurants,72,65,27,38,7,1,6
S01011417,H J. Transport and communication,26,22,4,18,4,1,3
S01011417,K L M N. Financial real estate professional and administrative activities,45,39,12,27,6,0,6
S01011417,O P Q. Public administration education and health,116,111,20,91,5,1,4
S01011417,R S T U. Other,21,17,9,8,4,1,3
S01011418,All people aged 16 to 74 in employment,229,218,64,154,11,2,9
S01011418,A B D E. Agriculture energy and water,2,2,1,1,0,0,0
S01011418,C. Manufacturing,25,24,0,24,1,0,1
S01011418,F. Construction,25,24,1,23,1,0,1
S01011418,G I. Distribution hotels and restaurants,61,58,22,36,3,1,2
S01011418,H J. Transport and communication,12,9,1,8,3,0,3
S01011418,K L M N. Financial real estate professional and administrative activities,28,27,10,17,1,1,0
S01011418,O P Q. Public administration education and health,69,68,26,42,1,0,1
S01011418,R S T U. Other,7,6,3,3,1,0,1
S01011419,All people aged 16 to 74 in employment,255,235,70,165,20,3,17
S01011419,A B D E. Agriculture energy and water,7,6,1,5,1,0,1
S01011419,C. Manufacturing,20,20,1,19,0,0,0
S01011419,F. Construction,23,20,1,19,3,0,3
S01011419,G I. Distribution hotels and restaurants,70,65,23,42,5,1,4
S01011419,H J. Transport and communication,28,23,7,16,5,1,4
S01011419,K L M N. Financial real estate professional and administrative activities,27,22,7,15,5,0,5
S01011419,O P Q. Public administration education and health,67,67,23,44,0,0,0
S01011419,R S T U. Other,13,12,7,5,1,1,0
S01011420,All people aged 16 to 74 in employment,183,167,49,118,16,3,13
S01011420,A B D E. Agriculture energy and water,6,5,0,5,1,0,1
S01011420,C. Manufacturing,20,19,1,18,1,0,1
S01011420,F. Construction,23,18,3,15,5,0,5
S01011420,G I. Distribution hotels and restaurants,37,35,14,21,2,1,1
S01011420,H J. Transport and communication,19,14,1,13,5,1,4
S01011420,K L M N. Financial real estate professional and administrative activities,20,18,8,10,2,1,1
S01011420,O P Q. Public administration education and health,53,53,17,36,0,0,0
S01011420,R S T U. Other,5,5,5,0,0,0,0
S01011421,All people aged 16 to 74 in employment,318,299,49,250,19,5,14
S01011421,A B D E. Agriculture energy and water,5,5,0,5,0,0,0
S01011421,C. Manufacturing,23,23,1,22,0,0,0
S01011421,F. Construction,27,25,0,25,2,1,1
S01011421,G I. Distribution hotels and restaurants,63,60,14,46,3,2,1
S01011421,H J. Transport and communication,31,27,2,25,4,0,4
S01011421,K L M N. Financial real estate professional and administrative activities,45,43,6,37,2,1,1
S01011421,O P Q. Public administration education and health,108,103,24,79,5,1,4
S01011421,R S T U. Other,16,13,2,11,3,0,3
S01011422,All people aged 16 to 74 in employment,268,249,78,171,19,0,19
S01011422,A B D E. Agriculture energy and water,4,4,0,4,0,0,0
S01011422,C. Manufacturing,34,33,5,28,1,0,1
S01011422,F. Construction,24,16,1,15,8,0,8
S01011422,G I. Distribution hotels and restaurants,64,61,22,39,3,0,3
S01011422,H J. Transport and communication,30,27,5,22,3,0,3
S01011422,K L M N. Financial real estate professional and administrative activities,21,21,10,11,0,0,0
S01011422,O P Q. Public administration education and health,79,77,29,48,2,0,2
S01011422,R S T U. Other,12,10,6,4,2,0,2
S01011423,All people aged 16 to 74 in employment,171,162,46,116,9,4,5
S01011423,A B D E. Agriculture energy and water,5,4,1,3,1,0,1
S01011423,C. Manufacturing,13,13,1,12,0,0,0
S01011423,F. Construction,14,10,0,10,4,0,4
S01011423,G I. Distribution hotels and restaurants,41,41,16,25,0,0,0
S01011423,H J. Transport and communication,17,17,1,16,0,0,0
S01011423,K L M N. Financial real estate professional and administrative activities,21,20,4,16,1,1,0
S01011423,O P Q. Public administration education and health,49,49,19,30,0,0,0
S01011423,R S T U. Other,11,8,4,4,3,3,0
S01011424,All people aged 16 to 74 in employment,264,246,68,178,18,5,13
S01011424,A B D E. Agriculture energy and water,8,8,2,6,0,0,0
S01011424,C. Manufacturing,18,18,1,17,0,0,0
S01011424,F. Construction,40,35,0,35,5,1,4
S01011424,G I. Distribution hotels and restaurants,58,55,16,39,3,0,3
S01011424,H J. Transport and communication,16,14,4,10,2,2,0
S01011424,K L M N. Financial real estate professional and administrative activities,35,33,14,19,2,2,0
S01011424,O P Q. Public administration education and health,78,74,27,47,4,0,4
S01011424,R S T U. Other,11,9,4,5,2,0,2
S01011425,All people aged 16 to 74 in employment,334,295,73,222,39,8,31
S01011425,A B D E. Agriculture energy and water,6,6,0,6,0,0,0
S01011425,C. Manufacturing,35,33,3,30,2,0,2
S01011425,F. Construction,33,28,3,25,5,0,5
S01011425,G I. Distribution hotels and restaurants,68,56,26,30,12,1,11
S01011425,H J. Transport and communication,35,30,3,27,5,1,4
S01011425,K L M N. Financial real estate professional and administrative activities,30,20,6,14,10,4,6
S01011425,O P Q. Public administration education and health,113,110,28,82,3,0,3
S01011425,R S T U. Other,14,12,4,8,2,2,0
S01011426,All people aged 16 to 74 in employment,539,459,80,379,80,22,58
S01011426,A B D E. Agriculture energy and water,32,20,1,19,12,0,12
S01011426,C. Manufacturing,49,46,1,45,3,1,2
S01011426,F. Construction,57,41,1,40,16,4,12
S01011426,G I. Distribution hotels and restaurants,86,74,25,49,12,3,9
S01011426,H J. Transport and communication,49,42,6,36,7,4,3
S01011426,K L M N. Financial real estate professional and administrative activities,68,56,9,47,12,3,9
S01011426,O P Q. Public administration education and health,179,170,33,137,9,3,6
S01011426,R S T U. Other,19,10,4,6,9,4,5
S01011427,All people aged 16 to 74 in employment,293,260,57,203,33,7,26
S01011427,A B D E. Agriculture energy and water,12,10,0,10,2,0,2
S01011427,C. Manufacturing,30,27,0,27,3,1,2
S01011427,F. Construction,39,30,0,30,9,0,9
S01011427,G I. Distribution hotels and restaurants,59,57,24,33,2,0,2
S01011427,H J. Transport and communication,20,14,1,13,6,2,4
S01011427,K L M N. Financial real estate professional and administrative activities,39,32,4,28,7,2,5
S01011427,O P Q. Public administration education and health,76,74,24,50,2,1,1
S01011427,R S T U. Other,18,16,4,12,2,1,1
S01011428,All people aged 16 to 74 in employment,237,218,48,170,19,5,14
S01011428,A B D E. Agriculture energy and water,9,9,0,9,0,0,0
S01011428,C. Manufacturing,25,23,1,22,2,0,2
S01011428,F. Construction,37,28,2,26,9,2,7
S01011428,G I. Distribution hotels and restaurants,38,37,17,20,1,1,0
S01011428,H J. Transport and communication,25,21,1,20,4,0,4
S01011428,K L M N. Financial real estate professional and administrative activities,25,22,7,15,3,2,1
S01011428,O P Q. Public administration education and health,71,71,20,51,0,0,0
S01011428,R S T U. Other,7,7,0,7,0,0,0
S01011429,All people aged 16 to 74 in employment,471,398,116,282,73,9,64
S01011429,A B D E. Agriculture energy and water,28,16,4,12,12,1,11
S01011429,C. Manufacturing,41,39,12,27,2,0,2
S01011429,F. Construction,53,38,2,36,15,3,12
S01011429,G I. Distribution hotels and restaurants,80,69,29,40,11,1,10
S01011429,H J. Transport and communication,30,21,1,20,9,1,8
S01011429,K L M N. Financial real estate professional and administrative activities,60,50,9,41,10,0,10
S01011429,O P Q. Public administration education and health,159,149,50,99,10,2,8
S01011429,R S T U. Other,20,16,9,7,4,1,3
S01011430,All people aged 16 to 74 in employment,479,433,110,323,46,9,37
S01011430,A B D E. Agriculture energy and water,13,13,2,11,0,0,0
S01011430,C. Manufacturing,59,56,4,52,3,1,2
S01011430,F. Construction,57,42,2,40,15,3,12
S01011430,G I. Distribution hotels and restaurants,100,89,36,53,11,0,11
S01011430,H J. Transport and communication,34,30,5,25,4,2,2
S01011430,K L M N. Financial real estate professional and administrative activities,63,58,11,47,5,2,3
S01011430,O P Q. Public administration education and health,134,130,40,90,4,0,4
S01011430,R S T U. Other,19,15,10,5,4,1,3
S01011431,All people aged 16 to 74 in employment,471,431,117,314,40,8,32
S01011431,A B D E. Agriculture energy and water,13,13,0,13,0,0,0
S01011431,C. Manufacturing,69,66,1,65,3,0,3
S01011431,F. Construction,67,52,0,52,15,1,14
S01011431,G I. Distribution hotels and restaurants,81,76,40,36,5,1,4
S01011431,H J. Transport and communication,30,25,4,21,5,1,4
S01011431,K L M N. Financial real estate professional and administrative activities,56,53,9,44,3,1,2
S01011431,O P Q. Public administration education and health,133,131,58,73,2,1,1
S01011431,R S T U. Other,22,15,5,10,7,3,4
S01011432,All people aged 16 to 74 in employment,482,452,109,343,30,6,24
S01011432,A B D E. Agriculture energy and water,9,8,0,8,1,0,1
S01011432,C. Manufacturing,54,50,4,46,4,0,4
S01011432,F. Construction,55,46,4,42,9,0,9
S01011432,G I. Distribution hotels and restaurants,98,97,29,68,1,0,1
S01011432,H J. Transport and communication,42,36,7,29,6,2,4
S01011432,K L M N. Financial real estate professional and administrative activities,61,56,10,46,5,2,3
S01011432,O P Q. Public administration education and health,144,142,48,94,2,2,0
S01011432,R S T U. Other,19,17,7,10,2,0,2
S01011433,All people aged 16 to 74 in employment,349,329,107,222,20,9,11
S01011433,A B D E. Agriculture energy and water,13,13,2,11,0,0,0
S01011433,C. Manufacturing,60,60,5,55,0,0,0
S01011433,F. Construction,38,29,0,29,9,1,8
S01011433,G I. Distribution hotels and restaurants,82,79,42,37,3,2,1
S01011433,H J. Transport and communication,22,21,3,18,1,0,1
S01011433,K L M N. Financial real estate professional and administrative activities,27,24,6,18,3,3,0
S01011433,O P Q. Public administration education and health,86,84,39,45,2,2,0
S01011433,R S T U. Other,21,19,10,9,2,1,1
S01011434,All people aged 16 to 74 in employment,272,248,59,189,24,5,19
S01011434,A B D E. Agriculture energy and water,5,4,0,4,1,1,0
S01011434,C. Manufacturing,32,29,1,28,3,0,3
S01011434,F. Construction,38,32,3,29,6,0,6
S01011434,G I. Distribution hotels and restaurants,51,43,16,27,8,2,6
S01011434,H J. Transport and communication,14,13,1,12,1,0,1
S01011434,K L M N. Financial real estate professional and administrative activities,32,31,8,23,1,0,1
S01011434,O P Q. Public administration education and health,89,87,26,61,2,1,1
S01011434,R S T U. Other,11,9,4,5,2,1,1
S01011435,All people aged 16 to 74 in employment,500,461,97,364,39,9,30
S01011435,A B D E. Agriculture energy and water,15,15,0,15,0,0,0
S01011435,C. Manufacturing,50,46,3,43,4,0,4
S01011435,F. Construction,55,43,1,42,12,0,12
S01011435,G I. Distribution hotels and restaurants,72,64,22,42,8,1,7
S01011435,H J. Transport and communication,38,33,8,25,5,2,3
S01011435,K L M N. Financial real estate professional and administrative activities,64,60,17,43,4,2,2
S01011435,O P Q. Public administration education and health,189,188,43,145,1,0,1
S01011435,R S T U. Other,17,12,3,9,5,4,1
S01011436,All people aged 16 to 74 in employment,316,289,66,223,27,8,19
S01011436,A B D E. Agriculture energy and water,8,4,1,3,4,1,3
S01011436,C. Manufacturing,56,54,3,51,2,0,2
S01011436,F. Construction,34,25,0,25,9,1,8
S01011436,G I. Distribution hotels and restaurants,61,58,20,38,3,1,2
S01011436,H J. Transport and communication,25,24,4,20,1,1,0
S01011436,K L M N. Financial real estate professional and administrative activities,33,31,9,22,2,0,2
S01011436,O P Q. Public administration education and health,88,84,24,60,4,3,1
S01011436,R S T U. Other,11,9,5,4,2,1,1
S01011437,All people aged 16 to 74 in employment,311,285,66,219,26,5,21
S01011437,A B D E. Agriculture energy and water,10,10,1,9,0,0,0
S01011437,C. Manufacturing,58,58,3,55,0,0,0
S01011437,F. Construction,42,27,3,24,15,1,14
S01011437,G I. Distribution hotels and restaurants,53,50,18,32,3,0,3
S01011437,H J. Transport and communication,14,12,3,9,2,1,1
S01011437,K L M N. Financial real estate professional and administrative activities,33,29,10,19,4,3,1
S01011437,O P Q. Public administration education and health,96,95,28,67,1,0,1
S01011437,R S T U. Other,5,4,0,4,1,0,1
S01011438,All people aged 16 to 74 in employment,209,201,53,148,8,0,8
S01011438,A B D E. Agriculture energy and water,6,6,0,6,0,0,0
S01011438,C. Manufacturing,32,32,4,28,0,0,0
S01011438,F. Construction,33,29,3,26,4,0,4
S01011438,G I. Distribution hotels and restaurants,44,44,15,29,0,0,0
S01011438,H J. Transport and communication,17,14,1,13,3,0,3
S01011438,K L M N. Financial real estate professional and administrative activities,23,23,6,17,0,0,0
S01011438,O P Q. Public administration education and health,49,49,22,27,0,0,0
S01011438,R S T U. Other,5,4,2,2,1,0,1
S01011439,All people aged 16 to 74 in employment,395,353,70,283,42,14,28
S01011439,A B D E. Agriculture energy and water,16,10,0,10,6,1,5
S01011439,C. Manufacturing,53,53,3,50,0,0,0
S01011439,F. Construction,35,29,1,28,6,1,5
S01011439,G I. Distribution hotels and restaurants,75,70,20,50,5,0,5
S01011439,H J. Transport and communication,31,25,3,22,6,5,1
S01011439,K L M N. Financial real estate professional and administrative activities,52,47,7,40,5,1,4
S01011439,O P Q. Public administration education and health,108,105,32,73,3,1,2
S01011439,R S T U. Other,25,14,4,10,11,5,6
S01011440,All people aged 16 to 74 in employment,260,244,52,192,16,2,14
S01011440,A B D E. Agriculture energy and water,8,7,0,7,1,0,1
S01011440,C. Manufacturing,49,48,1,47,1,0,1
S01011440,F. Construction,21,17,1,16,4,0,4
S01011440,G I. Distribution hotels and restaurants,75,71,22,49,4,1,3
S01011440,H J. Transport and communication,23,20,2,18,3,0,3
S01011440,K L M N. Financial real estate professional and administrative activities,23,23,9,14,0,0,0
S01011440,O P Q. Public administration education and health,53,53,15,38,0,0,0
S01011440,R S T U. Other,8,5,2,3,3,1,2
S01011441,All people aged 16 to 74 in employment,354,331,74,257,23,4,19
S01011441,A B D E. Agriculture energy and water,8,7,0,7,1,1,0
S01011441,C. Manufacturing,55,55,1,54,0,0,0
S01011441,F. Construction,50,42,1,41,8,0,8
S01011441,G I. Distribution hotels and restaurants,90,84,33,51,6,2,4
S01011441,H J. Transport and communication,41,37,8,29,4,0,4
S01011441,K L M N. Financial real estate professional and administrative activities,34,33,3,30,1,1,0
S01011441,O P Q. Public administration education and health,70,67,26,41,3,0,3
S01011441,R S T U. Other,6,6,2,4,0,0,0
S01011442,All people aged 16 to 74 in employment,280,256,67,189,24,6,18
S01011442,A B D E. Agriculture energy and water,6,6,1,5,0,0,0
S01011442,C. Manufacturing,42,42,5,37,0,0,0
S01011442,F. Construction,32,23,0,23,9,0,9
S01011442,G I. Distribution hotels and restaurants,86,81,33,48,5,2,3
S01011442,H J. Transport and communication,22,21,4,17,1,0,1
S01011442,K L M N. Financial real estate professional and administrative activities,26,24,4,20,2,1,1
S01011442,O P Q. Public administration education and health,55,53,16,37,2,1,1
S01011442,R S T U. Other,11,6,4,2,5,2,3
S01011443,All people aged 16 to 74 in employment,254,233,65,168,21,4,17
S01011443,A B D E. Agriculture energy and water,7,6,0,6,1,0,1
S01011443,C. Manufacturing,45,44,7,37,1,0,1
S01011443,F. Construction,21,16,1,15,5,0,5
S01011443,G I. Distribution hotels and restaurants,82,77,33,44,5,3,2
S01011443,H J. Transport and communication,26,22,3,19,4,0,4
S01011443,K L M N. Financial real estate professional and administrative activities,20,18,6,12,2,0,2
S01011443,O P Q. Public administration education and health,49,47,15,32,2,0,2
S01011443,R S T U. Other,4,3,0,3,1,1,0
S01011444,All people aged 16 to 74 in employment,289,268,69,199,21,3,18
S01011444,A B D E. Agriculture energy and water,4,4,0,4,0,0,0
S01011444,C. Manufacturing,43,43,2,41,0,0,0
S01011444,F. Construction,32,23,1,22,9,0,9
S01011444,G I. Distribution hotels and restaurants,58,56,23,33,2,1,1
S01011444,H J. Transport and communication,31,26,3,23,5,0,5
S01011444,K L M N. Financial real estate professional and administrative activities,32,31,11,20,1,0,1
S01011444,O P Q. Public administration education and health,73,72,23,49,1,1,0
S01011444,R S T U. Other,16,13,6,7,3,1,2
S01011445,All people aged 16 to 74 in employment,252,229,50,179,23,7,16
S01011445,A B D E. Agriculture energy and water,6,4,0,4,2,1,1
S01011445,C. Manufacturing,23,23,1,22,0,0,0
S01011445,F. Construction,30,20,0,20,10,0,10
S01011445,G I. Distribution hotels and restaurants,43,40,12,28,3,0,3
S01011445,H J. Transport and communication,39,35,4,31,4,2,2
S01011445,K L M N. Financial real estate professional and administrative activities,31,30,6,24,1,1,0
S01011445,O P Q. Public administration education and health,71,71,23,48,0,0,0
S01011445,R S T U. Other,9,6,4,2,3,3,0
S01011446,All people aged 16 to 74 in employment,254,201,53,148,53,10,43
S01011446,A B D E. Agriculture energy and water,23,10,1,9,13,2,11
S01011446,C. Manufacturing,29,26,3,23,3,0,3
S01011446,F. Construction,23,21,1,20,2,0,2
S01011446,G I. Distribution hotels and restaurants,45,30,7,23,15,4,11
S01011446,H J. Transport and communication,36,27,9,18,9,1,8
S01011446,K L M N. Financial real estate professional and administrative activities,38,32,12,20,6,1,5
S01011446,O P Q. Public administration education and health,49,49,17,32,0,0,0
S01011446,R S T U. Other,11,6,3,3,5,2,3
S01011447,All people aged 16 to 74 in employment,385,347,104,243,38,5,33
S01011447,A B D E. Agriculture energy and water,7,6,1,5,1,1,0
S01011447,C. Manufacturing,41,41,4,37,0,0,0
S01011447,F. Construction,40,28,5,23,12,0,12
S01011447,G I. Distribution hotels and restaurants,80,74,28,46,6,2,4
S01011447,H J. Transport and communication,37,27,7,20,10,0,10
S01011447,K L M N. Financial real estate professional and administrative activities,31,26,6,20,5,1,4
S01011447,O P Q. Public administration education and health,128,126,47,79,2,1,1
S01011447,R S T U. Other,21,19,6,13,2,0,2
S01011448,All people aged 16 to 74 in employment,475,425,117,308,50,11,39
S01011448,A B D E. Agriculture energy and water,11,10,1,9,1,0,1
S01011448,C. Manufacturing,70,64,4,60,6,0,6
S01011448,F. Construction,49,34,2,32,15,2,13
S01011448,G I. Distribution hotels and restaurants,104,95,53,42,9,2,7
S01011448,H J. Transport and communication,36,27,4,23,9,2,7
S01011448,K L M N. Financial real estate professional and administrative activities,49,44,11,33,5,4,1
S01011448,O P Q. Public administration education and health,139,138,40,98,1,0,1
S01011448,R S T U. Other,17,13,2,11,4,1,3
S01011449,All people aged 16 to 74 in employment,225,206,48,158,19,4,15
S01011449,A B D E. Agriculture energy and water,6,6,0,6,0,0,0
S01011449,C. Manufacturing,36,34,3,31,2,0,2
S01011449,F. Construction,29,23,0,23,6,0,6
S01011449,G I. Distribution hotels and restaurants,32,32,17,15,0,0,0
S01011449,H J. Transport and communication,22,16,4,12,6,2,4
S01011449,K L M N. Financial real estate professional and administrative activities,31,28,5,23,3,0,3
S01011449,O P Q. Public administration education and health,64,62,19,43,2,2,0
S01011449,R S T U. Other,5,5,0,5,0,0,0
S01011450,All people aged 16 to 74 in employment,315,272,73,199,43,8,35
S01011450,A B D E. Agriculture energy and water,5,3,0,3,2,2,0
S01011450,C. Manufacturing,29,28,2,26,1,0,1
S01011450,F. Construction,33,23,2,21,10,0,10
S01011450,G I. Distribution hotels and restaurants,65,55,22,33,10,0,10
S01011450,H J. Transport and communication,38,30,4,26,8,2,6
S01011450,K L M N. Financial real estate professional and administrative activities,43,37,11,26,6,1,5
S01011450,O P Q. Public administration education and health,93,92,31,61,1,1,0
S01011450,R S T U. Other,9,4,1,3,5,2,3
S01011451,All people aged 16 to 74 in employment,387,300,81,219,87,24,63
S01011451,A B D E. Agriculture energy and water,12,9,1,8,3,0,3
S01011451,C. Manufacturing,27,20,1,19,7,2,5
S01011451,F. Construction,50,33,3,30,17,1,16
S01011451,G I. Distribution hotels and restaurants,86,67,30,37,19,9,10
S01011451,H J. Transport and communication,37,33,6,27,4,0,4
S01011451,K L M N. Financial real estate professional and administrative activities,62,43,12,31,19,4,15
S01011451,O P Q. Public administration education and health,96,87,26,61,9,3,6
S01011451,R S T U. Other,17,8,2,6,9,5,4
S01011452,All people aged 16 to 74 in employment,517,463,107,356,54,13,41
S01011452,A B D E. Agriculture energy and water,13,13,0,13,0,0,0
S01011452,C. Manufacturing,50,45,2,43,5,2,3
S01011452,F. Construction,57,41,3,38,16,2,14
S01011452,G I. Distribution hotels and restaurants,104,94,35,59,10,2,8
S01011452,H J. Transport and communication,53,46,8,38,7,2,5
S01011452,K L M N. Financial real estate professional and administrative activities,53,46,5,41,7,1,6
S01011452,O P Q. Public administration education and health,168,164,53,111,4,2,2
S01011452,R S T U. Other,19,14,1,13,5,2,3
S01011453,All people aged 16 to 74 in employment,320,294,90,204,26,6,20
S01011453,A B D E. Agriculture energy and water,9,7,0,7,2,0,2
S01011453,C. Manufacturing,38,36,5,31,2,0,2
S01011453,F. Construction,31,27,2,25,4,0,4
S01011453,G I. Distribution hotels and restaurants,76,68,35,33,8,0,8
S01011453,H J. Transport and communication,32,27,6,21,5,2,3
S01011453,K L M N. Financial real estate professional and administrative activities,38,36,11,25,2,2,0
S01011453,O P Q. Public administration education and health,79,78,24,54,1,1,0
S01011453,R S T U. Other,17,15,7,8,2,1,1
S01011454,All people aged 16 to 74 in employment,343,320,108,212,23,7,16
S01011454,A B D E. Agriculture energy and water,14,14,1,13,0,0,0
S01011454,C. Manufacturing,28,28,2,26,0,0,0
S01011454,F. Construction,29,21,1,20,8,2,6
S01011454,G I. Distribution hotels and restaurants,89,88,51,37,1,0,1
S01011454,H J. Transport and communication,39,30,3,27,9,2,7
S01011454,K L M N. Financial real estate professional and administrative activities,42,42,13,29,0,0,0
S01011454,O P Q. Public administration education and health,86,82,30,52,4,2,2
S01011454,R S T U. Other,16,15,7,8,1,1,0
S01011455,All people aged 16 to 74 in employment,300,278,94,184,22,9,13
S01011455,A B D E. Agriculture energy and water,7,5,1,4,2,1,1
S01011455,C. Manufacturing,40,39,4,35,1,0,1
S01011455,F. Construction,17,13,0,13,4,0,4
S01011455,G I. Distribution hotels and restaurants,78,75,39,36,3,0,3
S01011455,H J. Transport and communication,35,29,7,22,6,4,2
S01011455,K L M N. Financial real estate professional and administrative activities,35,34,8,26,1,1,0
S01011455,O P Q. Public administration education and health,74,72,31,41,2,2,0
S01011455,R S T U. Other,14,11,4,7,3,1,2
S01011456,All people aged 16 to 74 in employment,341,304,84,220,37,10,27
S01011456,A B D E. Agriculture energy and water,10,10,3,7,0,0,0
S01011456,C. Manufacturing,39,35,1,34,4,2,2
S01011456,F. Construction,30,25,1,24,5,0,5
S01011456,G I. Distribution hotels and restaurants,82,75,35,40,7,1,6
S01011456,H J. Transport and communication,33,22,5,17,11,3,8
S01011456,K L M N. Financial real estate professional and administrative activities,49,46,10,36,3,2,1
S01011456,O P Q. Public administration education and health,83,78,24,54,5,2,3
S01011456,R S T U. Other,15,13,5,8,2,0,2
S01011457,All people aged 16 to 74 in employment,411,386,126,260,25,6,19
S01011457,A B D E. Agriculture energy and water,9,9,1,8,0,0,0
S01011457,C. Manufacturing,39,39,3,36,0,0,0
S01011457,F. Construction,35,30,4,26,5,0,5
S01011457,G I. Distribution hotels and restaurants,113,109,53,56,4,0,4
S01011457,H J. Transport and communication,41,36,7,29,5,0,5
S01011457,K L M N. Financial real estate professional and administrative activities,54,50,12,38,4,3,1
S01011457,O P Q. Public administration education and health,105,102,42,60,3,1,2
S01011457,R S T U. Other,15,11,4,7,4,2,2
S01011458,All people aged 16 to 74 in employment,658,605,153,452,53,9,44
S01011458,A B D E. Agriculture energy and water,18,17,2,15,1,0,1
S01011458,C. Manufacturing,63,58,3,55,5,1,4
S01011458,F. Construction,47,32,2,30,15,1,14
S01011458,G I. Distribution hotels and restaurants,135,126,64,62,9,2,7
S01011458,H J. Transport and communication,83,70,8,62,13,2,11
S01011458,K L M N. Financial real estate professional and administrative activities,67,63,10,53,4,1,3
S01011458,O P Q. Public administration education and health,219,215,53,162,4,0,4
S01011458,R S T U. Other,26,24,11,13,2,2,0
S01011459,All people aged 16 to 74 in employment,561,512,124,388,49,15,34
S01011459,A B D E. Agriculture energy and water,13,12,0,12,1,0,1
S01011459,C. Manufacturing,34,34,3,31,0,0,0
S01011459,F. Construction,51,34,1,33,17,2,15
S01011459,G I. Distribution hotels and restaurants,106,102,38,64,4,3,1
S01011459,H J. Transport and communication,52,41,1,40,11,3,8
S01011459,K L M N. Financial real estate professional and administrative activities,94,90,21,69,4,1,3
S01011459,O P Q. Public administration education and health,179,175,51,124,4,2,2
S01011459,R S T U. Other,32,24,9,15,8,4,4
S01011460,All people aged 16 to 74 in employment,339,310,94,216,29,8,21
S01011460,A B D E. Agriculture energy and water,9,9,0,9,0,0,0
S01011460,C. Manufacturing,29,28,2,26,1,1,0
S01011460,F. Construction,35,27,3,24,8,2,6
S01011460,G I. Distribution hotels and restaurants,67,61,27,34,6,1,5
S01011460,H J. Transport and communication,44,37,8,29,7,2,5
S01011460,K L M N. Financial real estate professional and administrative activities,45,43,11,32,2,0,2
S01011460,O P Q. Public administration education and health,100,96,36,60,4,1,3
S01011460,R S T U. Other,10,9,7,2,1,1,0
S01011461,All people aged 16 to 74 in employment,340,317,89,228,23,4,19
S01011461,A B D E. Agriculture energy and water,10,10,2,8,0,0,0
S01011461,C. Manufacturing,31,30,3,27,1,1,0
S01011461,F. Construction,36,29,1,28,7,1,6
S01011461,G I. Distribution hotels and restaurants,86,83,36,47,3,1,2
S01011461,H J. Transport and communication,36,30,7,23,6,0,6
S01011461,K L M N. Financial real estate professional and administrative activities,50,49,15,34,1,0,1
S01011461,O P Q. Public administration education and health,79,77,21,56,2,1,1
S01011461,R S T U. Other,12,9,4,5,3,0,3
S01011462,All people aged 16 to 74 in employment,464,423,118,305,41,7,34
S01011462,A B D E. Agriculture energy and water,11,10,1,9,1,0,1
S01011462,C. Manufacturing,47,47,3,44,0,0,0
S01011462,F. Construction,46,35,0,35,11,2,9
S01011462,G I. Distribution hotels and restaurants,96,88,39,49,8,0,8
S01011462,H J. Transport and communication,31,28,5,23,3,1,2
S01011462,K L M N. Financial real estate professional and administrative activities,67,55,13,42,12,2,10
S01011462,O P Q. Public administration education and health,147,146,52,94,1,1,0
S01011462,R S T U. Other,19,14,5,9,5,1,4
S01011463,All people aged 16 to 74 in employment,340,301,94,207,39,12,27
S01011463,A B D E. Agriculture energy and water,8,7,1,6,1,0,1
S01011463,C. Manufacturing,39,36,9,27,3,1,2
S01011463,F. Construction,25,17,1,16,8,2,6
S01011463,G I. Distribution hotels and restaurants,74,66,26,40,8,1,7
S01011463,H J. Transport and communication,37,31,4,27,6,3,3
S01011463,K L M N. Financial real estate professional and administrative activities,39,35,11,24,4,1,3
S01011463,O P Q. Public administration education and health,110,104,39,65,6,2,4
S01011463,R S T U. Other,8,5,3,2,3,2,1
S01011464,All people aged 16 to 74 in employment,344,311,55,256,33,6,27
S01011464,A B D E. Agriculture energy and water,6,6,0,6,0,0,0
S01011464,C. Manufacturing,29,28,0,28,1,0,1
S01011464,F. Construction,34,26,2,24,8,0,8
S01011464,G I. Distribution hotels and restaurants,71,62,23,39,9,3,6
S01011464,H J. Transport and communication,35,29,2,27,6,1,5
S01011464,K L M N. Financial real estate professional and administrative activities,57,53,7,46,4,0,4
S01011464,O P Q. Public administration education and health,99,98,14,84,1,1,0
S01011464,R S T U. Other,13,9,7,2,4,1,3
S01011465,All people aged 16 to 74 in employment,198,179,61,118,19,9,10
S01011465,A B D E. Agriculture energy and water,6,6,1,5,0,0,0
S01011465,C. Manufacturing,21,21,1,20,0,0,0
S01011465,F. Construction,13,12,0,12,1,0,1
S01011465,G I. Distribution hotels and restaurants,47,43,25,18,4,0,4
S01011465,H J. Transport and communication,21,18,6,12,3,1,2
S01011465,K L M N. Financial real estate professional and administrative activities,38,32,7,25,6,5,1
S01011465,O P Q. Public administration education and health,42,39,14,25,3,1,2
S01011465,R S T U. Other,10,8,7,1,2,2,0
S01011466,All people aged 16 to 74 in employment,238,222,68,154,16,3,13
S01011466,A B D E. Agriculture energy and water,6,6,1,5,0,0,0
S01011466,C. Manufacturing,20,20,0,20,0,0,0
S01011466,F. Construction,17,14,2,12,3,0,3
S01011466,G I. Distribution hotels and restaurants,64,61,30,31,3,1,2
S01011466,H J. Transport and communication,31,25,3,22,6,0,6
S01011466,K L M N. Financial real estate professional and administrative activities,35,34,7,27,1,1,0
S01011466,O P Q. Public administration education and health,49,49,18,31,0,0,0
S01011466,R S T U. Other,16,13,7,6,3,1,2
S01011467,All people aged 16 to 74 in employment,261,244,63,181,17,3,14
S01011467,A B D E. Agriculture energy and water,1,1,1,0,0,0,0
S01011467,C. Manufacturing,34,33,3,30,1,0,1
S01011467,F. Construction,24,20,1,19,4,0,4
S01011467,G I. Distribution hotels and restaurants,53,48,19,29,5,1,4
S01011467,H J. Transport and communication,22,20,0,20,2,0,2
S01011467,K L M N. Financial real estate professional and administrative activities,43,40,14,26,3,1,2
S01011467,O P Q. Public administration education and health,74,73,21,52,1,1,0
S01011467,R S T U. Other,10,9,4,5,1,0,1
S01011468,All people aged 16 to 74 in employment,519,472,89,383,47,12,35
S01011468,A B D E. Agriculture energy and water,18,18,0,18,0,0,0
S01011468,C. Manufacturing,57,55,4,51,2,0,2
S01011468,F. Construction,37,28,3,25,9,1,8
S01011468,G I. Distribution hotels and restaurants,104,85,25,60,19,5,14
S01011468,H J. Transport and communication,46,42,3,39,4,0,4
S01011468,K L M N. Financial real estate professional and administrative activities,83,79,10,69,4,1,3
S01011468,O P Q. Public administration education and health,152,146,36,110,6,4,2
S01011468,R S T U. Other,22,19,8,11,3,1,2
S01011469,All people aged 16 to 74 in employment,353,329,96,233,24,6,18
S01011469,A B D E. Agriculture energy and water,5,5,0,5,0,0,0
S01011469,C. Manufacturing,41,40,2,38,1,0,1
S01011469,F. Construction,38,34,3,31,4,0,4
S01011469,G I. Distribution hotels and restaurants,83,77,41,36,6,2,4
S01011469,H J. Transport and communication,39,34,7,27,5,2,3
S01011469,K L M N. Financial real estate professional and administrative activities,48,45,9,36,3,1,2
S01011469,O P Q. Public administration education and health,85,80,27,53,5,1,4
S01011469,R S T U. Other,14,14,7,7,0,0,0
S01011470,All people aged 16 to 74 in employment,499,455,116,339,44,9,35
S01011470,A B D E. Agriculture energy and water,13,13,3,10,0,0,0
S01011470,C. Manufacturing,55,54,5,49,1,0,1
S01011470,F. Construction,39,25,1,24,14,1,13
S01011470,G I. Distribution hotels and restaurants,107,98,39,59,9,4,5
S01011470,H J. Transport and communication,58,49,11,38,9,2,7
S01011470,K L M N. Financial real estate professional and administrative activities,58,51,14,37,7,1,6
S01011470,O P Q. Public administration education and health,149,148,42,106,1,0,1
S01011470,R S T U. Other,20,17,1,16,3,1,2
S01011471,All people aged 16 to 74 in employment,390,359,95,264,31,10,21
S01011471,A B D E. Agriculture energy and water,13,13,0,13,0,0,0
S01011471,C. Manufacturing,48,45,3,42,3,2,1
S01011471,F. Construction,36,28,1,27,8,1,7
S01011471,G I. Distribution hotels and restaurants,66,61,33,28,5,0,5
S01011471,H J. Transport and communication,34,29,4,25,5,1,4
S01011471,K L M N. Financial real estate professional and administrative activities,52,49,8,41,3,1,2
S01011471,O P Q. Public administration education and health,124,120,40,80,4,2,2
S01011471,R S T U. Other,17,14,6,8,3,3,0
S01011472,All people aged 16 to 74 in employment,341,317,64,253,24,3,21
S01011472,A B D E. Agriculture energy and water,8,7,0,7,1,0,1
S01011472,C. Manufacturing,46,44,2,42,2,0,2
S01011472,F. Construction,23,16,0,16,7,0,7
S01011472,G I. Distribution hotels and restaurants,76,69,30,39,7,2,5
S01011472,H J. Transport and communication,34,30,4,26,4,1,3
S01011472,K L M N. Financial real estate professional and administrative activities,43,42,8,34,1,0,1
S01011472,O P Q. Public administration education and health,99,99,16,83,0,0,0
S01011472,R S T U. Other,12,10,4,6,2,0,2
S01011473,All people aged 16 to 74 in employment,218,207,57,150,11,3,8
S01011473,A B D E. Agriculture energy and water,8,8,4,4,0,0,0
S01011473,C. Manufacturing,19,17,0,17,2,0,2
S01011473,F. Construction,14,13,0,13,1,0,1
S01011473,G I. Distribution hotels and restaurants,59,56,20,36,3,2,1
S01011473,H J. Transport and communication,19,17,5,12,2,1,1
S01011473,K L M N. Financial real estate professional and administrative activities,27,25,7,18,2,0,2
S01011473,O P Q. Public administration education and health,57,57,18,39,0,0,0
S01011473,R S T U. Other,15,14,3,11,1,0,1
S01011474,All people aged 16 to 74 in employment,282,268,69,199,14,1,13
S01011474,A B D E. Agriculture energy and water,11,11,2,9,0,0,0
S01011474,C. Manufacturing,31,30,1,29,1,0,1
S01011474,F. Construction,19,18,1,17,1,0,1
S01011474,G I. Distribution hotels and restaurants,61,59,24,35,2,1,1
S01011474,H J. Transport and communication,33,30,6,24,3,0,3
S01011474,K L M N. Financial real estate professional and administrative activities,45,42,13,29,3,0,3
S01011474,O P Q. Public administration education and health,71,69,20,49,2,0,2
S01011474,R S T U. Other,11,9,2,7,2,0,2
S01011475,All people aged 16 to 74 in employment,191,182,46,136,9,4,5
S01011475,A B D E. Agriculture energy and water,4,4,0,4,0,0,0
S01011475,C. Manufacturing,15,15,1,14,0,0,0
S01011475,F. Construction,9,9,0,9,0,0,0
S01011475,G I. Distribution hotels and restaurants,41,39,12,27,2,2,0
S01011475,H J. Transport and communication,15,12,4,8,3,1,2
S01011475,K L M N. Financial real estate professional and administrative activities,29,28,5,23,1,0,1
S01011475,O P Q. Public administration education and health,64,64,19,45,0,0,0
S01011475,R S T U. Other,14,11,5,6,3,1,2
S01011476,All people aged 16 to 74 in employment,273,257,67,190,16,4,12
S01011476,A B D E. Agriculture energy and water,8,8,2,6,0,0,0
S01011476,C. Manufacturing,17,17,1,16,0,0,0
S01011476,F. Construction,18,16,0,16,2,1,1
S01011476,G I. Distribution hotels and restaurants,42,36,20,16,6,1,5
S01011476,H J. Transport and communication,22,20,4,16,2,1,1
S01011476,K L M N. Financial real estate professional and administrative activities,58,52,15,37,6,1,5
S01011476,O P Q. Public administration education and health,99,99,23,76,0,0,0
S01011476,R S T U. Other,9,9,2,7,0,0,0
S01011477,All people aged 16 to 74 in employment,423,382,108,274,41,7,34
S01011477,A B D E. Agriculture energy and water,12,12,1,11,0,0,0
S01011477,C. Manufacturing,30,27,1,26,3,0,3
S01011477,F. Construction,22,16,0,16,6,1,5
S01011477,G I. Distribution hotels and restaurants,77,66,35,31,11,2,9
S01011477,H J. Transport and communication,30,28,0,28,2,1,1
S01011477,K L M N. Financial real estate professional and administrative activities,82,74,21,53,8,0,8
S01011477,O P Q. Public administration education and health,150,143,44,99,7,3,4
S01011477,R S T U. Other,20,16,6,10,4,0,4
S01011478,All people aged 16 to 74 in employment,565,499,123,376,66,12,54
S01011478,A B D E. Agriculture energy and water,10,10,1,9,0,0,0
S01011478,C. Manufacturing,48,43,4,39,5,2,3
S01011478,F. Construction,43,29,3,26,14,2,12
S01011478,G I. Distribution hotels and restaurants,101,85,40,45,16,2,14
S01011478,H J. Transport and communication,46,39,4,35,7,2,5
S01011478,K L M N. Financial real estate professional and administrative activities,99,88,17,71,11,1,10
S01011478,O P Q. Public administration education and health,193,183,45,138,10,2,8
S01011478,R S T U. Other,25,22,9,13,3,1,2
S01011479,All people aged 16 to 74 in employment,405,362,83,279,43,7,36
S01011479,A B D E. Agriculture energy and water,7,7,1,6,0,0,0
S01011479,C. Manufacturing,23,21,2,19,2,1,1
S01011479,F. Construction,29,21,2,19,8,1,7
S01011479,G I. Distribution hotels and restaurants,57,49,24,25,8,1,7
S01011479,H J. Transport and communication,44,39,4,35,5,1,4
S01011479,K L M N. Financial real estate professional and administrative activities,69,62,13,49,7,0,7
S01011479,O P Q. Public administration education and health,162,151,30,121,11,2,9
S01011479,R S T U. Other,14,12,7,5,2,1,1
S01011480,All people aged 16 to 74 in employment,538,470,105,365,68,24,44
S01011480,A B D E. Agriculture energy and water,15,13,2,11,2,0,2
S01011480,C. Manufacturing,45,41,2,39,4,1,3
S01011480,F. Construction,32,18,0,18,14,4,10
S01011480,G I. Distribution hotels and restaurants,101,88,42,46,13,4,9
S01011480,H J. Transport and communication,21,16,2,14,5,1,4
S01011480,K L M N. Financial real estate professional and administrative activities,105,93,13,80,12,5,7
S01011480,O P Q. Public administration education and health,199,190,41,149,9,3,6
S01011480,R S T U. Other,20,11,3,8,9,6,3
S01011481,All people aged 16 to 74 in employment,446,404,95,309,42,14,28
S01011481,A B D E. Agriculture energy and water,16,15,2,13,1,0,1
S01011481,C. Manufacturing,34,33,2,31,1,0,1
S01011481,F. Construction,36,28,2,26,8,2,6
S01011481,G I. Distribution hotels and restaurants,84,77,33,44,7,2,5
S01011481,H J. Transport and communication,46,37,7,30,9,3,6
S01011481,K L M N. Financial real estate professional and administrative activities,74,69,13,56,5,1,4
S01011481,O P Q. Public administration education and health,139,134,33,101,5,2,3
S01011481,R S T U. Other,17,11,3,8,6,4,2
S01011482,All people aged 16 to 74 in employment,368,344,80,264,24,10,14
S01011482,A B D E. Agriculture energy and water,5,5,0,5,0,0,0
S01011482,C. Manufacturing,32,32,1,31,0,0,0
S01011482,F. Construction,36,28,0,28,8,1,7
S01011482,G I. Distribution hotels and restaurants,67,64,26,38,3,2,1
S01011482,H J. Transport and communication,33,28,2,26,5,3,2
S01011482,K L M N. Financial real estate professional and administrative activities,63,60,16,44,3,2,1
S01011482,O P Q. Public administration education and health,115,112,33,79,3,1,2
S01011482,R S T U. Other,17,15,2,13,2,1,1
S01011483,All people aged 16 to 74 in employment,291,260,64,196,31,6,25
S01011483,A B D E. Agriculture energy and water,8,8,2,6,0,0,0
S01011483,C. Manufacturing,17,17,1,16,0,0,0
S01011483,F. Construction,29,20,0,20,9,2,7
S01011483,G I. Distribution hotels and restaurants,49,45,23,22,4,0,4
S01011483,H J. Transport and communication,23,20,1,19,3,0,3
S01011483,K L M N. Financial real estate professional and administrative activities,42,37,7,30,5,2,3
S01011483,O P Q. Public administration education and health,117,109,28,81,8,2,6
S01011483,R S T U. Other,6,4,2,2,2,0,2
S01011484,All people aged 16 to 74 in employment,353,332,94,238,21,6,15
S01011484,A B D E. Agriculture energy and water,10,8,1,7,2,0,2
S01011484,C. Manufacturing,32,32,3,29,0,0,0
S01011484,F. Construction,25,20,0,20,5,0,5
S01011484,G I. Distribution hotels and restaurants,80,77,30,47,3,1,2
S01011484,H J. Transport and communication,37,34,4,30,3,1,2
S01011484,K L M N. Financial real estate professional and administrative activities,42,40,10,30,2,0,2
S01011484,O P Q. Public administration education and health,108,105,43,62,3,1,2
S01011484,R S T U. Other,19,16,3,13,3,3,0
S01011485,All people aged 16 to 74 in employment,340,327,106,221,13,5,8
S01011485,A B D E. Agriculture energy and water,13,13,2,11,0,0,0
S01011485,C. Manufacturing,25,24,0,24,1,0,1
S01011485,F. Construction,20,17,2,15,3,2,1
S01011485,G I. Distribution hotels and restaurants,95,93,37,56,2,0,2
S01011485,H J. Transport and communication,29,27,3,24,2,1,1
S01011485,K L M N. Financial real estate professional and administrative activities,45,44,14,30,1,0,1
S01011485,O P Q. Public administration education and health,94,91,38,53,3,2,1
S01011485,R S T U. Other,19,18,10,8,1,0,1
S01011486,All people aged 16 to 74 in employment,181,170,48,122,11,5,6
S01011486,A B D E. Agriculture energy and water,5,5,1,4,0,0,0
S01011486,C. Manufacturing,19,19,1,18,0,0,0
S01011486,F. Construction,10,10,0,10,0,0,0
S01011486,G I. Distribution hotels and restaurants,47,42,21,21,5,2,3
S01011486,H J. Transport and communication,28,26,3,23,2,0,2
S01011486,K L M N. Financial real estate professional and administrative activities,19,18,6,12,1,0,1
S01011486,O P Q. Public administration education and health,42,42,13,29,0,0,0
S01011486,R S T U. Other,11,8,3,5,3,3,0
S01011487,All people aged 16 to 74 in employment,487,451,132,319,36,8,28
S01011487,A B D E. Agriculture energy and water,8,8,0,8,0,0,0
S01011487,C. Manufacturing,48,47,3,44,1,0,1
S01011487,F. Construction,43,35,1,34,8,0,8
S01011487,G I. Distribution hotels and restaurants,112,101,47,54,11,3,8
S01011487,H J. Transport and communication,37,32,2,30,5,1,4
S01011487,K L M N. Financial real estate professional and administrative activities,69,67,16,51,2,2,0
S01011487,O P Q. Public administration education and health,136,135,48,87,1,0,1
S01011487,R S T U. Other,34,26,15,11,8,2,6
S01011488,All people aged 16 to 74 in employment,239,223,82,141,16,9,7
S01011488,A B D E. Agriculture energy and water,3,3,2,1,0,0,0
S01011488,C. Manufacturing,25,24,2,22,1,0,1
S01011488,F. Construction,22,21,3,18,1,1,0
S01011488,G I. Distribution hotels and restaurants,54,50,28,22,4,2,2
S01011488,H J. Transport and communication,23,21,6,15,2,0,2
S01011488,K L M N. Financial real estate professional and administrative activities,30,26,10,16,4,3,1
S01011488,O P Q. Public administration education and health,69,67,25,42,2,2,0
S01011488,R S T U. Other,13,11,6,5,2,1,1
S01011489,All people aged 16 to 74 in employment,425,385,99,286,40,10,30
S01011489,A B D E. Agriculture energy and water,18,18,3,15,0,0,0
S01011489,C. Manufacturing,47,45,3,42,2,0,2
S01011489,F. Construction,33,23,1,22,10,0,10
S01011489,G I. Distribution hotels and restaurants,88,81,35,46,7,4,3
S01011489,H J. Transport and communication,28,24,3,21,4,0,4
S01011489,K L M N. Financial real estate professional and administrative activities,70,62,21,41,8,3,5
S01011489,O P Q. Public administration education and health,127,123,28,95,4,0,4
S01011489,R S T U. Other,14,9,5,4,5,3,2
S01011490,All people aged 16 to 74 in employment,477,443,86,357,34,10,24
S01011490,A B D E. Agriculture energy and water,11,10,1,9,1,0,1
S01011490,C. Manufacturing,48,45,4,41,3,0,3
S01011490,F. Construction,38,30,0,30,8,1,7
S01011490,G I. Distribution hotels and restaurants,83,83,18,65,0,0,0
S01011490,H J. Transport and communication,44,39,5,34,5,0,5
S01011490,K L M N. Financial real estate professional and administrative activities,76,65,15,50,11,7,4
S01011490,O P Q. Public administration education and health,149,143,36,107,6,2,4
S01011490,R S T U. Other,28,28,7,21,0,0,0
S01011491,All people aged 16 to 74 in employment,210,201,51,150,9,4,5
S01011491,A B D E. Agriculture energy and water,4,4,1,3,0,0,0
S01011491,C. Manufacturing,25,23,4,19,2,0,2
S01011491,F. Construction,10,8,0,8,2,1,1
S01011491,G I. Distribution hotels and restaurants,49,48,22,26,1,0,1
S01011491,H J. Transport and communication,27,25,0,25,2,1,1
S01011491,K L M N. Financial real estate professional and administrative activities,28,28,5,23,0,0,0
S01011491,O P Q. Public administration education and health,53,53,15,38,0,0,0
S01011491,R S T U. Other,14,12,4,8,2,2,0
S01011492,All people aged 16 to 74 in employment,334,310,73,237,24,11,13
S01011492,A B D E. Agriculture energy and water,7,5,2,3,2,1,1
S01011492,C. Manufacturing,60,60,3,57,0,0,0
S01011492,F. Construction,27,20,2,18,7,1,6
S01011492,G I. Distribution hotels and restaurants,80,78,35,43,2,2,0
S01011492,H J. Transport and communication,45,42,2,40,3,0,3
S01011492,K L M N. Financial real estate professional and administrative activities,42,38,9,29,4,4,0
S01011492,O P Q. Public administration education and health,58,56,18,38,2,1,1
S01011492,R S T U. Other,15,11,2,9,4,2,2
S01011493,All people aged 16 to 74 in employment,328,301,71,230,27,5,22
S01011493,A B D E. Agriculture energy and water,6,6,0,6,0,0,0
S01011493,C. Manufacturing,25,23,2,21,2,0,2
S01011493,F. Construction,31,24,0,24,7,0,7
S01011493,G I. Distribution hotels and restaurants,50,46,25,21,4,0,4
S01011493,H J. Transport and communication,37,32,1,31,5,1,4
S01011493,K L M N. Financial real estate professional and administrative activities,44,43,8,35,1,0,1
S01011493,O P Q. Public administration education and health,130,124,33,91,6,3,3
S01011493,R S T U. Other,5,3,2,1,2,1,1
S01011494,All people aged 16 to 74 in employment,338,318,84,234,20,5,15
S01011494,A B D E. Agriculture energy and water,10,10,2,8,0,0,0
S01011494,C. Manufacturing,38,37,3,34,1,0,1
S01011494,F. Construction,23,21,0,21,2,0,2
S01011494,G I. Distribution hotels and restaurants,70,70,29,41,0,0,0
S01011494,H J. Transport and communication,38,31,4,27,7,3,4
S01011494,K L M N. Financial real estate professional and administrative activities,50,46,13,33,4,2,2
S01011494,O P Q. Public administration education and health,97,94,32,62,3,0,3
S01011494,R S T U. Other,12,9,1,8,3,0,3
S01011495,All people aged 16 to 74 in employment,328,312,86,226,16,4,12
S01011495,A B D E. Agriculture energy and water,7,7,0,7,0,0,0
S01011495,C. Manufacturing,29,29,0,29,0,0,0
S01011495,F. Construction,30,24,1,23,6,0,6
S01011495,G I. Distribution hotels and restaurants,87,83,43,40,4,2,2
S01011495,H J. Transport and communication,20,19,2,17,1,0,1
S01011495,K L M N. Financial real estate professional and administrative activities,48,46,17,29,2,0,2
S01011495,O P Q. Public administration education and health,95,93,19,74,2,1,1
S01011495,R S T U. Other,12,11,4,7,1,1,0
S01011496,All people aged 16 to 74 in employment,259,246,86,160,13,3,10
S01011496,A B D E. Agriculture energy and water,4,4,0,4,0,0,0
S01011496,C. Manufacturing,45,45,8,37,0,0,0
S01011496,F. Construction,24,19,1,18,5,0,5
S01011496,G I. Distribution hotels and restaurants,49,48,24,24,1,0,1
S01011496,H J. Transport and communication,32,30,6,24,2,1,1
S01011496,K L M N. Financial real estate professional and administrative activities,31,29,10,19,2,1,1
S01011496,O P Q. Public administration education and health,61,59,32,27,2,1,1
S01011496,R S T U. Other,13,12,5,7,1,0,1
S01011497,All people aged 16 to 74 in employment,358,328,73,255,30,6,24
S01011497,A B D E. Agriculture energy and water,11,11,2,9,0,0,0
S01011497,C. Manufacturing,34,34,3,31,0,0,0
S01011497,F. Construction,38,26,2,24,12,0,12
S01011497,G I. Distribution hotels and restaurants,73,63,23,40,10,3,7
S01011497,H J. Transport and communication,42,38,4,34,4,2,2
S01011497,K L M N. Financial real estate professional and administrative activities,43,42,13,29,1,1,0
S01011497,O P Q. Public administration education and health,98,95,23,72,3,0,3
S01011497,R S T U. Other,19,19,3,16,0,0,0
S01011498,All people aged 16 to 74 in employment,421,386,109,277,35,8,27
S01011498,A B D E. Agriculture energy and water,11,11,4,7,0,0,0
S01011498,C. Manufacturing,44,41,8,33,3,0,3
S01011498,F. Construction,39,32,0,32,7,0,7
S01011498,G I. Distribution hotels and restaurants,97,93,38,55,4,1,3
S01011498,H J. Transport and communication,48,36,6,30,12,2,10
S01011498,K L M N. Financial real estate professional and administrative activities,40,37,7,30,3,1,2
S01011498,O P Q. Public administration education and health,123,119,36,83,4,3,1
S01011498,R S T U. Other,19,17,10,7,2,1,1
S01011499,All people aged 16 to 74 in employment,451,413,90,323,38,9,29
S01011499,A B D E. Agriculture energy and water,10,9,1,8,1,1,0
S01011499,C. Manufacturing,57,53,2,51,4,0,4
S01011499,F. Construction,36,27,1,26,9,1,8
S01011499,G I. Distribution hotels and restaurants,109,101,34,67,8,2,6
S01011499,H J. Transport and communication,38,30,7,23,8,2,6
S01011499,K L M N. Financial real estate professional and administrative activities,63,60,10,50,3,0,3
S01011499,O P Q. Public administration education and health,119,117,30,87,2,1,1
S01011499,R S T U. Other,19,16,5,11,3,2,1
S01011500,All people aged 16 to 74 in employment,259,240,72,168,19,6,13
S01011500,A B D E. Agriculture energy and water,4,4,0,4,0,0,0
S01011500,C. Manufacturing,34,34,4,30,0,0,0
S01011500,F. Construction,20,16,1,15,4,1,3
S01011500,G I. Distribution hotels and restaurants,64,59,27,32,5,0,5
S01011500,H J. Transport and communication,26,24,2,22,2,0,2
S01011500,K L M N. Financial real estate professional and administrative activities,36,32,14,18,4,1,3
S01011500,O P Q. Public administration education and health,68,66,24,42,2,2,0
S01011500,R S T U. Other,7,5,0,5,2,2,0
S01011501,All people aged 16 to 74 in employment,267,245,78,167,22,3,19
S01011501,A B D E. Agriculture energy and water,6,6,1,5,0,0,0
S01011501,C. Manufacturing,33,32,4,28,1,0,1
S01011501,F. Construction,23,18,1,17,5,0,5
S01011501,G I. Distribution hotels and restaurants,72,69,30,39,3,0,3
S01011501,H J. Transport and communication,32,28,5,23,4,1,3
S01011501,K L M N. Financial real estate professional and administrative activities,27,23,7,16,4,1,3
S01011501,O P Q. Public administration education and health,59,58,23,35,1,0,1
S01011501,R S T U. Other,15,11,7,4,4,1,3
S01011502,All people aged 16 to 74 in employment,353,328,95,233,25,6,19
S01011502,A B D E. Agriculture energy and water,9,9,2,7,0,0,0
S01011502,C. Manufacturing,48,46,6,40,2,1,1
S01011502,F. Construction,37,31,1,30,6,0,6
S01011502,G I. Distribution hotels and restaurants,88,83,38,45,5,0,5
S01011502,H J. Transport and communication,36,31,2,29,5,1,4
S01011502,K L M N. Financial real estate professional and administrative activities,43,41,10,31,2,0,2
S01011502,O P Q. Public administration education and health,83,79,31,48,4,3,1
S01011502,R S T U. Other,9,8,5,3,1,1,0
S01011503,All people aged 16 to 74 in employment,284,257,64,193,27,9,18
S01011503,A B D E. Agriculture energy and water,3,3,1,2,0,0,0
S01011503,C. Manufacturing,36,34,2,32,2,0,2
S01011503,F. Construction,29,20,0,20,9,2,7
S01011503,G I. Distribution hotels and restaurants,69,65,22,43,4,3,1
S01011503,H J. Transport and communication,33,28,3,25,5,1,4
S01011503,K L M N. Financial real estate professional and administrative activities,35,33,9,24,2,1,1
S01011503,O P Q. Public administration education and health,66,62,20,42,4,1,3
S01011503,R S T U. Other,13,12,7,5,1,1,0
S01011504,All people aged 16 to 74 in employment,255,228,61,167,27,7,20
S01011504,A B D E. Agriculture energy and water,2,2,0,2,0,0,0
S01011504,C. Manufacturing,21,21,3,18,0,0,0
S01011504,F. Construction,24,17,1,16,7,0,7
S01011504,G I. Distribution hotels and restaurants,55,50,21,29,5,0,5
S01011504,H J. Transport and communication,44,39,5,34,5,2,3
S01011504,K L M N. Financial real estate professional and administrative activities,27,22,5,17,5,4,1
S01011504,O P Q. Public administration education and health,73,71,24,47,2,1,1
S01011504,R S T U. Other,9,6,2,4,3,0,3
S01011505,All people aged 16 to 74 in employment,300,281,78,203,19,5,14
S01011505,A B D E. Agriculture energy and water,6,6,1,5,0,0,0
S01011505,C. Manufacturing,42,41,4,37,1,0,1
S01011505,F. Construction,17,14,1,13,3,1,2
S01011505,G I. Distribution hotels and restaurants,83,76,25,51,7,1,6
S01011505,H J. Transport and communication,28,25,3,22,3,1,2
S01011505,K L M N. Financial real estate professional and administrative activities,46,43,12,31,3,2,1
S01011505,O P Q. Public administration education and health,69,67,27,40,2,0,2
S01011505,R S T U. Other,9,9,5,4,0,0,0
S01011506,All people aged 16 to 74 in employment,220,203,63,140,17,8,9
S01011506,A B D E. Agriculture energy and water,5,5,1,4,0,0,0
S01011506,C. Manufacturing,28,26,0,26,2,1,1
S01011506,F. Construction,21,17,0,17,4,2,2
S01011506,G I. Distribution hotels and restaurants,38,35,18,17,3,1,2
S01011506,H J. Transport and communication,22,20,2,18,2,0,2
S01011506,K L M N. Financial real estate professional and administrative activities,28,25,15,10,3,1,2
S01011506,O P Q. Public administration education and health,68,68,24,44,0,0,0
S01011506,R S T U. Other,10,7,3,4,3,3,0
S01011507,All people aged 16 to 74 in employment,278,258,70,188,20,6,14
S01011507,A B D E. Agriculture energy and water,6,5,1,4,1,0,1
S01011507,C. Manufacturing,31,31,4,27,0,0,0
S01011507,F. Construction,32,28,3,25,4,1,3
S01011507,G I. Distribution hotels and restaurants,74,71,32,39,3,1,2
S01011507,H J. Transport and communication,19,13,1,12,6,2,4
S01011507,K L M N. Financial real estate professional and administrative activities,28,26,7,19,2,1,1
S01011507,O P Q. Public administration education and health,81,78,22,56,3,1,2
S01011507,R S T U. Other,7,6,0,6,1,0,1
S01011508,All people aged 16 to 74 in employment,528,496,110,386,32,10,22
S01011508,A B D E. Agriculture energy and water,8,8,2,6,0,0,0
S01011508,C. Manufacturing,65,61,2,59,4,0,4
S01011508,F. Construction,36,31,1,30,5,1,4
S01011508,G I. Distribution hotels and restaurants,113,108,38,70,5,1,4
S01011508,H J. Transport and communication,68,59,12,47,9,3,6
S01011508,K L M N. Financial real estate professional and administrative activities,69,66,12,54,3,2,1
S01011508,O P Q. Public administration education and health,136,135,30,105,1,1,0
S01011508,R S T U. Other,33,28,13,15,5,2,3
S01011509,All people aged 16 to 74 in employment,320,293,66,227,27,8,19
S01011509,A B D E. Agriculture energy and water,9,9,1,8,0,0,0
S01011509,C. Manufacturing,50,45,5,40,5,0,5
S01011509,F. Construction,25,21,0,21,4,1,3
S01011509,G I. Distribution hotels and restaurants,58,56,16,40,2,0,2
S01011509,H J. Transport and communication,38,33,5,28,5,2,3
S01011509,K L M N. Financial real estate professional and administrative activities,43,41,8,33,2,1,1
S01011509,O P Q. Public administration education and health,79,77,28,49,2,2,0
S01011509,R S T U. Other,18,11,3,8,7,2,5
S01011510,All people aged 16 to 74 in employment,431,408,103,305,23,7,16
S01011510,A B D E. Agriculture energy and water,8,8,3,5,0,0,0
S01011510,C. Manufacturing,67,66,7,59,1,1,0
S01011510,F. Construction,34,27,2,25,7,2,5
S01011510,G I. Distribution hotels and restaurants,98,98,27,71,0,0,0
S01011510,H J. Transport and communication,45,36,7,29,9,1,8
S01011510,K L M N. Financial real estate professional and administrative activities,54,53,18,35,1,0,1
S01011510,O P Q. Public administration education and health,109,106,36,70,3,1,2
S01011510,R S T U. Other,16,14,3,11,2,2,0
S01011511,All people aged 16 to 74 in employment,211,198,57,141,13,5,8
S01011511,A B D E. Agriculture energy and water,4,4,1,3,0,0,0
S01011511,C. Manufacturing,32,32,3,29,0,0,0
S01011511,F. Construction,14,9,2,7,5,0,5
S01011511,G I. Distribution hotels and restaurants,54,52,22,30,2,2,0
S01011511,H J. Transport and communication,22,20,5,15,2,1,1
S01011511,K L M N. Financial real estate professional and administrative activities,23,20,7,13,3,2,1
S01011511,O P Q. Public administration education and health,53,53,14,39,0,0,0
S01011511,R S T U. Other,9,8,3,5,1,0,1
S01011512,All people aged 16 to 74 in employment,310,292,79,213,18,3,15
S01011512,A B D E. Agriculture energy and water,3,3,1,2,0,0,0
S01011512,C. Manufacturing,49,48,4,44,1,0,1
S01011512,F. Construction,23,21,3,18,2,1,1
S01011512,G I. Distribution hotels and restaurants,85,81,32,49,4,1,3
S01011512,H J. Transport and communication,31,27,2,25,4,0,4
S01011512,K L M N. Financial real estate professional and administrative activities,37,37,14,23,0,0,0
S01011512,O P Q. Public administration education and health,72,69,21,48,3,0,3
S01011512,R S T U. Other,10,6,2,4,4,1,3
S01011513,All people aged 16 to 74 in employment,305,292,92,200,13,2,11
S01011513,A B D E. Agriculture energy and water,7,7,0,7,0,0,0
S01011513,C. Manufacturing,41,41,5,36,0,0,0
S01011513,F. Construction,22,21,3,18,1,0,1
S01011513,G I. Distribution hotels and restaurants,75,73,36,37,2,0,2
S01011513,H J. Transport and communication,38,32,9,23,6,0,6
S01011513,K L M N. Financial real estate professional and administrative activities,30,28,8,20,2,1,1
S01011513,O P Q. Public administration education and health,72,71,25,46,1,1,0
S01011513,R S T U. Other,20,19,6,13,1,0,1
S01011514,All people aged 16 to 74 in employment,396,369,121,248,27,12,15
S01011514,A B D E. Agriculture energy and water,11,11,2,9,0,0,0
S01011514,C. Manufacturing,49,49,10,39,0,0,0
S01011514,F. Construction,34,27,0,27,7,1,6
S01011514,G I. Distribution hotels and restaurants,109,103,42,61,6,3,3
S01011514,H J. Transport and communication,47,39,4,35,8,3,5
S01011514,K L M N. Financial real estate professional and administrative activities,52,49,21,28,3,2,1
S01011514,O P Q. Public administration education and health,78,77,33,44,1,1,0
S01011514,R S T U. Other,16,14,9,5,2,2,0
S01011515,All people aged 16 to 74 in employment,312,287,69,218,25,8,17
S01011515,A B D E. Agriculture energy and water,6,6,0,6,0,0,0
S01011515,C. Manufacturing,37,36,5,31,1,0,1
S01011515,F. Construction,24,16,0,16,8,3,5
S01011515,G I. Distribution hotels and restaurants,74,70,28,42,4,0,4
S01011515,H J. Transport and communication,36,31,2,29,5,3,2
S01011515,K L M N. Financial real estate professional and administrative activities,43,41,6,35,2,1,1
S01011515,O P Q. Public administration education and health,74,73,21,52,1,0,1
S01011515,R S T U. Other,18,14,7,7,4,1,3
S01011516,All people aged 16 to 74 in employment,532,481,98,383,51,14,37
S01011516,A B D E. Agriculture energy and water,15,15,1,14,0,0,0
S01011516,C. Manufacturing,59,55,7,48,4,0,4
S01011516,F. Construction,39,26,1,25,13,2,11
S01011516,G I. Distribution hotels and restaurants,110,101,31,70,9,2,7
S01011516,H J. Transport and communication,49,42,6,36,7,2,5
S01011516,K L M N. Financial real estate professional and administrative activities,75,67,18,49,8,2,6
S01011516,O P Q. Public administration education and health,162,157,31,126,5,3,2
S01011516,R S T U. Other,23,18,3,15,5,3,2
S01011517,All people aged 16 to 74 in employment,259,238,69,169,21,6,15
S01011517,A B D E. Agriculture energy and water,5,5,1,4,0,0,0
S01011517,C. Manufacturing,33,33,3,30,0,0,0
S01011517,F. Construction,15,8,1,7,7,2,5
S01011517,G I. Distribution hotels and restaurants,58,55,18,37,3,0,3
S01011517,H J. Transport and communication,31,25,7,18,6,1,5
S01011517,K L M N. Financial real estate professional and administrative activities,28,28,7,21,0,0,0
S01011517,O P Q. Public administration education and health,71,69,27,42,2,1,1
S01011517,R S T U. Other,18,15,5,10,3,2,1
S01011518,All people aged 16 to 74 in employment,242,217,57,160,25,4,21
S01011518,A B D E. Agriculture energy and water,3,3,0,3,0,0,0
S01011518,C. Manufacturing,35,35,2,33,0,0,0
S01011518,F. Construction,35,23,0,23,12,2,10
S01011518,G I. Distribution hotels and restaurants,47,47,22,25,0,0,0
S01011518,H J. Transport and communication,27,22,4,18,5,1,4
S01011518,K L M N. Financial real estate professional and administrative activities,22,19,3,16,3,0,3
S01011518,O P Q. Public administration education and health,58,56,20,36,2,1,1
S01011518,R S T U. Other,15,12,6,6,3,0,3
S01011519,All people aged 16 to 74 in employment,347,332,91,241,15,7,8
S01011519,A B D E. Agriculture energy and water,11,11,0,11,0,0,0
S01011519,C. Manufacturing,56,54,10,44,2,0,2
S01011519,F. Construction,24,18,2,16,6,2,4
S01011519,G I. Distribution hotels and restaurants,88,87,33,54,1,1,0
S01011519,H J. Transport and communication,43,40,6,34,3,2,1
S01011519,K L M N. Financial real estate professional and administrative activities,28,27,11,16,1,1,0
S01011519,O P Q. Public administration education and health,76,75,22,53,1,0,1
S01011519,R S T U. Other,21,20,7,13,1,1,0
S01011520,All people aged 16 to 74 in employment,218,206,75,131,12,5,7
S01011520,A B D E. Agriculture energy and water,4,3,0,3,1,1,0
S01011520,C. Manufacturing,29,29,1,28,0,0,0
S01011520,F. Construction,16,12,2,10,4,2,2
S01011520,G I. Distribution hotels and restaurants,73,70,35,35,3,0,3
S01011520,H J. Transport and communication,24,23,8,15,1,0,1
S01011520,K L M N. Financial real estate professional and administrative activities,26,25,9,16,1,1,0
S01011520,O P Q. Public administration education and health,35,35,15,20,0,0,0
S01011520,R S T U. Other,11,9,5,4,2,1,1
S01011521,All people aged 16 to 74 in employment,386,363,96,267,23,7,16
S01011521,A B D E. Agriculture energy and water,20,19,6,13,1,0,1
S01011521,C. Manufacturing,55,55,4,51,0,0,0
S01011521,F. Construction,25,22,1,21,3,2,1
S01011521,G I. Distribution hotels and restaurants,82,77,29,48,5,1,4
S01011521,H J. Transport and communication,31,25,6,19,6,1,5
S01011521,K L M N. Financial real estate professional and administrative activities,58,54,15,39,4,1,3
S01011521,O P Q. Public administration education and health,95,94,30,64,1,1,0
S01011521,R S T U. Other,20,17,5,12,3,1,2
S01011522,All people aged 16 to 74 in employment,403,378,101,277,25,3,22
S01011522,A B D E. Agriculture energy and water,9,8,1,7,1,0,1
S01011522,C. Manufacturing,43,43,3,40,0,0,0
S01011522,F. Construction,36,35,2,33,1,0,1
S01011522,G I. Distribution hotels and restaurants,109,104,46,58,5,1,4
S01011522,H J. Transport and communication,37,25,3,22,12,2,10
S01011522,K L M N. Financial real estate professional and administrative activities,49,47,11,36,2,0,2
S01011522,O P Q. Public administration education and health,105,104,30,74,1,0,1
S01011522,R S T U. Other,15,12,5,7,3,0,3
S01011523,All people aged 16 to 74 in employment,368,339,86,253,29,7,22
S01011523,A B D E. Agriculture energy and water,11,11,3,8,0,0,0
S01011523,C. Manufacturing,54,52,2,50,2,0,2
S01011523,F. Construction,42,33,1,32,9,0,9
S01011523,G I. Distribution hotels and restaurants,82,76,35,41,6,1,5
S01011523,H J. Transport and communication,37,30,6,24,7,5,2
S01011523,K L M N. Financial real estate professional and administrative activities,55,51,10,41,4,1,3
S01011523,O P Q. Public administration education and health,72,71,20,51,1,0,1
S01011523,R S T U. Other,15,15,9,6,0,0,0
S01011524,All people aged 16 to 74 in employment,529,483,118,365,46,13,33
S01011524,A B D E. Agriculture energy and water,13,13,3,10,0,0,0
S01011524,C. Manufacturing,67,66,3,63,1,0,1
S01011524,F. Construction,50,38,4,34,12,4,8
S01011524,G I. Distribution hotels and restaurants,110,100,34,66,10,2,8
S01011524,H J. Transport and communication,67,60,6,54,7,0,7
S01011524,K L M N. Financial real estate professional and administrative activities,79,72,17,55,7,2,5
S01011524,O P Q. Public administration education and health,122,116,42,74,6,5,1
S01011524,R S T U. Other,21,18,9,9,3,0,3
S01011525,All people aged 16 to 74 in employment,483,442,123,319,41,13,28
S01011525,A B D E. Agriculture energy and water,14,14,2,12,0,0,0
S01011525,C. Manufacturing,57,56,8,48,1,0,1
S01011525,F. Construction,52,41,2,39,11,0,11
S01011525,G I. Distribution hotels and restaurants,96,88,39,49,8,2,6
S01011525,H J. Transport and communication,58,50,9,41,8,5,3
S01011525,K L M N. Financial real estate professional and administrative activities,54,49,8,41,5,4,1
S01011525,O P Q. Public administration education and health,133,130,46,84,3,2,1
S01011525,R S T U. Other,19,14,9,5,5,0,5
S01011526,All people aged 16 to 74 in employment,489,457,116,341,32,6,26
S01011526,A B D E. Agriculture energy and water,8,8,1,7,0,0,0
S01011526,C. Manufacturing,64,63,5,58,1,0,1
S01011526,F. Construction,52,42,2,40,10,1,9
S01011526,G I. Distribution hotels and restaurants,110,107,39,68,3,1,2
S01011526,H J. Transport and communication,53,47,6,41,6,0,6
S01011526,K L M N. Financial real estate professional and administrative activities,67,62,14,48,5,2,3
S01011526,O P Q. Public administration education and health,117,111,37,74,6,2,4
S01011526,R S T U. Other,18,17,12,5,1,0,1
S01011527,All people aged 16 to 74 in employment,337,301,65,236,36,8,28
S01011527,A B D E. Agriculture energy and water,10,9,0,9,1,0,1
S01011527,C. Manufacturing,45,45,4,41,0,0,0
S01011527,F. Construction,30,24,2,22,6,0,6
S01011527,G I. Distribution hotels and restaurants,76,61,31,30,15,2,13
S01011527,H J. Transport and communication,31,28,2,26,3,1,2
S01011527,K L M N. Financial real estate professional and administrative activities,59,55,9,46,4,2,2
S01011527,O P Q. Public administration education and health,73,71,16,55,2,1,1
S01011527,R S T U. Other,13,8,1,7,5,2,3
S01011528,All people aged 16 to 74 in employment,415,390,111,279,25,9,16
S01011528,A B D E. Agriculture energy and water,10,10,1,9,0,0,0
S01011528,C. Manufacturing,55,53,8,45,2,1,1
S01011528,F. Construction,42,38,2,36,4,0,4
S01011528,G I. Distribution hotels and restaurants,91,87,37,50,4,2,2
S01011528,H J. Transport and communication,35,30,4,26,5,1,4
S01011528,K L M N. Financial real estate professional and administrative activities,66,63,16,47,3,2,1
S01011528,O P Q. Public administration education and health,99,97,38,59,2,1,1
S01011528,R S T U. Other,17,12,5,7,5,2,3
S01011529,All people aged 16 to 74 in employment,196,181,56,125,15,6,9
S01011529,A B D E. Agriculture energy and water,3,3,0,3,0,0,0
S01011529,C. Manufacturing,28,27,5,22,1,0,1
S01011529,F. Construction,10,7,0,7,3,1,2
S01011529,G I. Distribution hotels and restaurants,59,55,22,33,4,2,2
S01011529,H J. Transport and communication,14,12,2,10,2,1,1
S01011529,K L M N. Financial real estate professional and administrative activities,21,20,7,13,1,0,1
S01011529,O P Q. Public administration education and health,53,52,17,35,1,1,0
S01011529,R S T U. Other,8,5,3,2,3,1,2
S01011530,All people aged 16 to 74 in employment,435,410,94,316,25,8,17
S01011530,A B D E. Agriculture energy and water,11,11,1,10,0,0,0
S01011530,C. Manufacturing,63,61,4,57,2,1,1
S01011530,F. Construction,36,30,0,30,6,0,6
S01011530,G I. Distribution hotels and restaurants,97,95,36,59,2,2,0
S01011530,H J. Transport and communication,56,51,8,43,5,0,5
S01011530,K L M N. Financial real estate professional and administrative activities,64,60,15,45,4,1,3
S01011530,O P Q. Public administration education and health,91,86,23,63,5,3,2
S01011530,R S T U. Other,17,16,7,9,1,1,0
S01011531,All people aged 16 to 74 in employment,573,505,106,399,68,18,50
S01011531,A B D E. Agriculture energy and water,16,16,1,15,0,0,0
S01011531,C. Manufacturing,52,47,1,46,5,1,4
S01011531,F. Construction,53,40,1,39,13,2,11
S01011531,G I. Distribution hotels and restaurants,110,92,33,59,18,4,14
S01011531,H J. Transport and communication,51,40,7,33,11,2,9
S01011531,K L M N. Financial real estate professional and administrative activities,89,80,8,72,9,4,5
S01011531,O P Q. Public administration education and health,176,169,42,127,7,3,4
S01011531,R S T U. Other,26,21,13,8,5,2,3
S01011532,All people aged 16 to 74 in employment,352,299,76,223,53,10,43
S01011532,A B D E. Agriculture energy and water,8,7,2,5,1,1,0
S01011532,C. Manufacturing,36,32,4,28,4,1,3
S01011532,F. Construction,50,34,3,31,16,2,14
S01011532,G I. Distribution hotels and restaurants,59,52,24,28,7,1,6
S01011532,H J. Transport and communication,39,32,7,25,7,0,7
S01011532,K L M N. Financial real estate professional and administrative activities,51,43,12,31,8,2,6
S01011532,O P Q. Public administration education and health,94,88,19,69,6,1,5
S01011532,R S T U. Other,15,11,5,6,4,2,2
S01011533,All people aged 16 to 74 in employment,239,218,61,157,21,6,15
S01011533,A B D E. Agriculture energy and water,7,5,0,5,2,0,2
S01011533,C. Manufacturing,35,35,2,33,0,0,0
S01011533,F. Construction,21,17,2,15,4,0,4
S01011533,G I. Distribution hotels and restaurants,62,59,30,29,3,1,2
S01011533,H J. Transport and communication,27,26,3,23,1,0,1
S01011533,K L M N. Financial real estate professional and administrative activities,31,25,5,20,6,3,3
S01011533,O P Q. Public administration education and health,45,43,15,28,2,1,1
S01011533,R S T U. Other,11,8,4,4,3,1,2
S01011534,All people aged 16 to 74 in employment,336,306,81,225,30,10,20
S01011534,A B D E. Agriculture energy and water,12,12,2,10,0,0,0
S01011534,C. Manufacturing,32,31,7,24,1,0,1
S01011534,F. Construction,26,21,1,20,5,1,4
S01011534,G I. Distribution hotels and restaurants,72,67,23,44,5,2,3
S01011534,H J. Transport and communication,41,29,4,25,12,1,11
S01011534,K L M N. Financial real estate professional and administrative activities,48,44,9,35,4,3,1
S01011534,O P Q. Public administration education and health,91,89,33,56,2,2,0
S01011534,R S T U. Other,14,13,2,11,1,1,0
S01011535,All people aged 16 to 74 in employment,284,260,68,192,24,5,19
S01011535,A B D E. Agriculture energy and water,13,13,0,13,0,0,0
S01011535,C. Manufacturing,43,41,5,36,2,1,1
S01011535,F. Construction,23,18,1,17,5,1,4
S01011535,G I. Distribution hotels and restaurants,57,55,19,36,2,1,1
S01011535,H J. Transport and communication,31,22,7,15,9,0,9
S01011535,K L M N. Financial real estate professional and administrative activities,37,33,11,22,4,0,4
S01011535,O P Q. Public administration education and health,63,63,19,44,0,0,0
S01011535,R S T U. Other,17,15,6,9,2,2,0
S01011536,All people aged 16 to 74 in employment,397,350,83,267,47,13,34
S01011536,A B D E. Agriculture energy and water,17,16,1,15,1,0,1
S01011536,C. Manufacturing,21,19,3,16,2,1,1
S01011536,F. Construction,27,20,0,20,7,0,7
S01011536,G I. Distribution hotels and restaurants,70,61,26,35,9,1,8
S01011536,H J. Transport and communication,30,20,3,17,10,5,5
S01011536,K L M N. Financial real estate professional and administrative activities,65,57,11,46,8,1,7
S01011536,O P Q. Public administration education and health,151,143,37,106,8,4,4
S01011536,R S T U. Other,16,14,2,12,2,1,1
S01011537,All people aged 16 to 74 in employment,338,317,50,267,21,3,18
S01011537,A B D E. Agriculture energy and water,18,18,2,16,0,0,0
S01011537,C. Manufacturing,35,34,2,32,1,0,1
S01011537,F. Construction,31,25,0,25,6,0,6
S01011537,G I. Distribution hotels and restaurants,42,40,13,27,2,1,1
S01011537,H J. Transport and communication,38,33,3,30,5,1,4
S01011537,K L M N. Financial real estate professional and administrative activities,62,59,10,49,3,0,3
S01011537,O P Q. Public administration education and health,94,92,18,74,2,0,2
S01011537,R S T U. Other,18,16,2,14,2,1,1
S01011538,All people aged 16 to 74 in employment,367,336,78,258,31,2,29
S01011538,A B D E. Agriculture energy and water,8,8,2,6,0,0,0
S01011538,C. Manufacturing,44,41,4,37,3,1,2
S01011538,F. Construction,25,19,0,19,6,0,6
S01011538,G I. Distribution hotels and restaurants,70,63,29,34,7,1,6
S01011538,H J. Transport and communication,26,24,2,22,2,0,2
S01011538,K L M N. Financial real estate professional and administrative activities,63,54,9,45,9,0,9
S01011538,O P Q. Public administration education and health,123,119,29,90,4,0,4
S01011538,R S T U. Other,8,8,3,5,0,0,0
S01011539,All people aged 16 to 74 in employment,309,285,78,207,24,4,20
S01011539,A B D E. Agriculture energy and water,13,13,3,10,0,0,0
S01011539,C. Manufacturing,49,49,4,45,0,0,0
S01011539,F. Construction,22,19,1,18,3,1,2
S01011539,G I. Distribution hotels and restaurants,75,73,25,48,2,0,2
S01011539,H J. Transport and communication,27,17,5,12,10,0,10
S01011539,K L M N. Financial real estate professional and administrative activities,48,44,11,33,4,1,3
S01011539,O P Q. Public administration education and health,64,60,25,35,4,2,2
S01011539,R S T U. Other,11,10,4,6,1,0,1
S01011540,All people aged 16 to 74 in employment,517,470,122,348,47,16,31
S01011540,A B D E. Agriculture energy and water,11,10,2,8,1,0,1
S01011540,C. Manufacturing,68,68,8,60,0,0,0
S01011540,F. Construction,44,36,2,34,8,0,8
S01011540,G I. Distribution hotels and restaurants,130,123,51,72,7,4,3
S01011540,H J. Transport and communication,58,45,10,35,13,4,9
S01011540,K L M N. Financial real estate professional and administrative activities,68,62,12,50,6,2,4
S01011540,O P Q. Public administration education and health,121,113,31,82,8,4,4
S01011540,R S T U. Other,17,13,6,7,4,2,2
S01011541,All people aged 16 to 74 in employment,407,371,130,241,36,7,29
S01011541,A B D E. Agriculture energy and water,15,15,5,10,0,0,0
S01011541,C. Manufacturing,71,69,14,55,2,0,2
S01011541,F. Construction,31,21,1,20,10,0,10
S01011541,G I. Distribution hotels and restaurants,110,106,56,50,4,2,2
S01011541,H J. Transport and communication,56,43,9,34,13,3,10
S01011541,K L M N. Financial real estate professional and administrative activities,45,42,15,27,3,0,3
S01011541,O P Q. Public administration education and health,68,66,26,40,2,2,0
S01011541,R S T U. Other,11,9,4,5,2,0,2
S01011542,All people aged 16 to 74 in employment,413,387,101,286,26,7,19
S01011542,A B D E. Agriculture energy and water,19,18,4,14,1,1,0
S01011542,C. Manufacturing,61,61,8,53,0,0,0
S01011542,F. Construction,43,39,3,36,4,1,3
S01011542,G I. Distribution hotels and restaurants,90,83,32,51,7,3,4
S01011542,H J. Transport and communication,51,43,9,34,8,0,8
S01011542,K L M N. Financial real estate professional and administrative activities,54,52,9,43,2,1,1
S01011542,O P Q. Public administration education and health,81,78,29,49,3,1,2
S01011542,R S T U. Other,14,13,7,6,1,0,1
S01011543,All people aged 16 to 74 in employment,328,308,93,215,20,1,19
S01011543,A B D E. Agriculture energy and water,15,14,0,14,1,0,1
S01011543,C. Manufacturing,53,53,8,45,0,0,0
S01011543,F. Construction,26,21,1,20,5,0,5
S01011543,G I. Distribution hotels and restaurants,74,70,33,37,4,0,4
S01011543,H J. Transport and communication,47,41,10,31,6,0,6
S01011543,K L M N. Financial real estate professional and administrative activities,41,40,13,27,1,0,1
S01011543,O P Q. Public administration education and health,63,61,24,37,2,0,2
S01011543,R S T U. Other,9,8,4,4,1,1,0
S01011544,All people aged 16 to 74 in employment,283,263,66,197,20,4,16
S01011544,A B D E. Agriculture energy and water,6,6,1,5,0,0,0
S01011544,C. Manufacturing,47,47,9,38,0,0,0
S01011544,F. Construction,28,17,0,17,11,0,11
S01011544,G I. Distribution hotels and restaurants,67,64,22,42,3,1,2
S01011544,H J. Transport and communication,31,27,7,20,4,2,2
S01011544,K L M N. Financial real estate professional and administrative activities,38,36,8,28,2,1,1
S01011544,O P Q. Public administration education and health,59,59,17,42,0,0,0
S01011544,R S T U. Other,7,7,2,5,0,0,0
S01011545,All people aged 16 to 74 in employment,262,247,72,175,15,6,9
S01011545,A B D E. Agriculture energy and water,7,7,1,6,0,0,0
S01011545,C. Manufacturing,48,48,9,39,0,0,0
S01011545,F. Construction,19,15,1,14,4,2,2
S01011545,G I. Distribution hotels and restaurants,67,64,29,35,3,2,1
S01011545,H J. Transport and communication,31,26,3,23,5,1,4
S01011545,K L M N. Financial real estate professional and administrative activities,30,27,9,18,3,1,2
S01011545,O P Q. Public administration education and health,53,53,16,37,0,0,0
S01011545,R S T U. Other,7,7,4,3,0,0,0
S01011546,All people aged 16 to 74 in employment,437,376,113,263,61,14,47
S01011546,A B D E. Agriculture energy and water,21,19,5,14,2,1,1
S01011546,C. Manufacturing,41,39,4,35,2,1,1
S01011546,F. Construction,37,23,5,18,14,0,14
S01011546,G I. Distribution hotels and restaurants,94,78,42,36,16,4,12
S01011546,H J. Transport and communication,38,33,6,27,5,0,5
S01011546,K L M N. Financial real estate professional and administrative activities,72,62,17,45,10,2,8
S01011546,O P Q. Public administration education and health,114,108,28,80,6,4,2
S01011546,R S T U. Other,20,14,6,8,6,2,4
S01011547,All people aged 16 to 74 in employment,335,301,80,221,34,13,21
S01011547,A B D E. Agriculture energy and water,4,4,1,3,0,0,0
S01011547,C. Manufacturing,30,29,3,26,1,0,1
S01011547,F. Construction,27,21,1,20,6,0,6
S01011547,G I. Distribution hotels and restaurants,68,63,24,39,5,1,4
S01011547,H J. Transport and communication,34,26,6,20,8,4,4
S01011547,K L M N. Financial real estate professional and administrative activities,66,62,18,44,4,2,2
S01011547,O P Q. Public administration education and health,98,91,23,68,7,6,1
S01011547,R S T U. Other,8,5,4,1,3,0,3
S01011548,All people aged 16 to 74 in employment,339,308,79,229,31,4,27
S01011548,A B D E. Agriculture energy and water,13,11,4,7,2,0,2
S01011548,C. Manufacturing,34,32,8,24,2,0,2
S01011548,F. Construction,26,20,3,17,6,1,5
S01011548,G I. Distribution hotels and restaurants,85,79,32,47,6,1,5
S01011548,H J. Transport and communication,40,34,4,30,6,1,5
S01011548,K L M N. Financial real estate professional and administrative activities,44,39,9,30,5,1,4
S01011548,O P Q. Public administration education and health,86,82,17,65,4,0,4
S01011548,R S T U. Other,11,11,2,9,0,0,0
S01011549,All people aged 16 to 74 in employment,403,368,101,267,35,8,27
S01011549,A B D E. Agriculture energy and water,12,12,4,8,0,0,0
S01011549,C. Manufacturing,34,31,6,25,3,0,3
S01011549,F. Construction,32,24,3,21,8,0,8
S01011549,G I. Distribution hotels and restaurants,93,88,38,50,5,2,3
S01011549,H J. Transport and communication,41,34,4,30,7,0,7
S01011549,K L M N. Financial real estate professional and administrative activities,62,56,12,44,6,2,4
S01011549,O P Q. Public administration education and health,114,111,30,81,3,2,1
S01011549,R S T U. Other,15,12,4,8,3,2,1
S01011550,All people aged 16 to 74 in employment,381,337,107,230,44,18,26
S01011550,A B D E. Agriculture energy and water,11,11,1,10,0,0,0
S01011550,C. Manufacturing,18,14,3,11,4,3,1
S01011550,F. Construction,29,23,4,19,6,0,6
S01011550,G I. Distribution hotels and restaurants,74,65,34,31,9,3,6
S01011550,H J. Transport and communication,39,31,6,25,8,3,5
S01011550,K L M N. Financial real estate professional and administrative activities,68,59,16,43,9,4,5
S01011550,O P Q. Public administration education and health,124,120,37,83,4,2,2
S01011550,R S T U. Other,18,14,6,8,4,3,1
S01011551,All people aged 16 to 74 in employment,259,231,60,171,28,2,26
S01011551,A B D E. Agriculture energy and water,6,6,1,5,0,0,0
S01011551,C. Manufacturing,17,15,2,13,2,0,2
S01011551,F. Construction,22,15,1,14,7,0,7
S01011551,G I. Distribution hotels and restaurants,66,62,28,34,4,0,4
S01011551,H J. Transport and communication,29,23,1,22,6,1,5
S01011551,K L M N. Financial real estate professional and administrative activities,38,34,8,26,4,1,3
S01011551,O P Q. Public administration education and health,71,68,17,51,3,0,3
S01011551,R S T U. Other,10,8,2,6,2,0,2
S01011552,All people aged 16 to 74 in employment,393,355,108,247,38,10,28
S01011552,A B D E. Agriculture energy and water,15,12,2,10,3,0,3
S01011552,C. Manufacturing,42,40,8,32,2,1,1
S01011552,F. Construction,28,24,0,24,4,0,4
S01011552,G I. Distribution hotels and restaurants,75,71,40,31,4,2,2
S01011552,H J. Transport and communication,45,37,3,34,8,0,8
S01011552,K L M N. Financial real estate professional and administrative activities,54,44,14,30,10,6,4
S01011552,O P Q. Public administration education and health,114,112,35,77,2,0,2
S01011552,R S T U. Other,20,15,6,9,5,1,4
S01011553,All people aged 16 to 74 in employment,475,407,104,303,68,9,59
S01011553,A B D E. Agriculture energy and water,4,4,0,4,0,0,0
S01011553,C. Manufacturing,35,30,3,27,5,1,4
S01011553,F. Construction,57,41,2,39,16,0,16
S01011553,G I. Distribution hotels and restaurants,95,70,38,32,25,2,23
S01011553,H J. Transport and communication,34,30,1,29,4,1,3
S01011553,K L M N. Financial real estate professional and administrative activities,70,63,12,51,7,2,5
S01011553,O P Q. Public administration education and health,164,161,46,115,3,0,3
S01011553,R S T U. Other,16,8,2,6,8,3,5
S01011554,All people aged 16 to 74 in employment,388,357,105,252,31,6,25
S01011554,A B D E. Agriculture energy and water,9,9,1,8,0,0,0
S01011554,C. Manufacturing,37,36,3,33,1,0,1
S01011554,F. Construction,65,54,2,52,11,1,10
S01011554,G I. Distribution hotels and restaurants,74,71,30,41,3,0,3
S01011554,H J. Transport and communication,36,31,6,25,5,1,4
S01011554,K L M N. Financial real estate professional and administrative activities,42,37,9,28,5,3,2
S01011554,O P Q. Public administration education and health,105,103,43,60,2,0,2
S01011554,R S T U. Other,20,16,11,5,4,1,3
S01011555,All people aged 16 to 74 in employment,269,254,89,165,15,3,12
S01011555,A B D E. Agriculture energy and water,16,16,2,14,0,0,0
S01011555,C. Manufacturing,22,22,3,19,0,0,0
S01011555,F. Construction,29,24,2,22,5,0,5
S01011555,G I. Distribution hotels and restaurants,77,76,50,26,1,0,1
S01011555,H J. Transport and communication,28,21,2,19,7,2,5
S01011555,K L M N. Financial real estate professional and administrative activities,38,38,8,30,0,0,0
S01011555,O P Q. Public administration education and health,52,52,19,33,0,0,0
S01011555,R S T U. Other,7,5,3,2,2,1,1
S01011556,All people aged 16 to 74 in employment,212,187,54,133,25,5,20
S01011556,A B D E. Agriculture energy and water,6,6,1,5,0,0,0
S01011556,C. Manufacturing,22,22,1,21,0,0,0
S01011556,F. Construction,20,13,0,13,7,0,7
S01011556,G I. Distribution hotels and restaurants,47,41,20,21,6,2,4
S01011556,H J. Transport and communication,22,19,2,17,3,1,2
S01011556,K L M N. Financial real estate professional and administrative activities,32,29,8,21,3,0,3
S01011556,O P Q. Public administration education and health,47,45,16,29,2,0,2
S01011556,R S T U. Other,16,12,6,6,4,2,2
S01011557,All people aged 16 to 74 in employment,350,326,88,238,24,6,18
S01011557,A B D E. Agriculture energy and water,10,10,1,9,0,0,0
S01011557,C. Manufacturing,44,42,4,38,2,1,1
S01011557,F. Construction,31,27,2,25,4,0,4
S01011557,G I. Distribution hotels and restaurants,80,77,28,49,3,1,2
S01011557,H J. Transport and communication,34,25,6,19,9,1,8
S01011557,K L M N. Financial real estate professional and administrative activities,48,47,11,36,1,1,0
S01011557,O P Q. Public administration education and health,80,78,27,51,2,1,1
S01011557,R S T U. Other,23,20,9,11,3,1,2
S01011558,All people aged 16 to 74 in employment,273,249,81,168,24,8,16
S01011558,A B D E. Agriculture energy and water,6,6,1,5,0,0,0
S01011558,C. Manufacturing,26,26,1,25,0,0,0
S01011558,F. Construction,30,22,2,20,8,2,6
S01011558,G I. Distribution hotels and restaurants,66,65,21,44,1,0,1
S01011558,H J. Transport and communication,30,25,8,17,5,2,3
S01011558,K L M N. Financial real estate professional and administrative activities,37,36,14,22,1,1,0
S01011558,O P Q. Public administration education and health,56,52,26,26,4,1,3
S01011558,R S T U. Other,22,17,8,9,5,2,3
S01011559,All people aged 16 to 74 in employment,252,236,65,171,16,2,14
S01011559,A B D E. Agriculture energy and water,5,5,1,4,0,0,0
S01011559,C. Manufacturing,27,26,3,23,1,0,1
S01011559,F. Construction,35,29,0,29,6,0,6
S01011559,G I. Distribution hotels and restaurants,51,51,19,32,0,0,0
S01011559,H J. Transport and communication,25,19,2,17,6,0,6
S01011559,K L M N. Financial real estate professional and administrative activities,37,35,7,28,2,1,1
S01011559,O P Q. Public administration education and health,58,57,28,29,1,1,0
S01011559,R S T U. Other,14,14,5,9,0,0,0
S01011560,All people aged 16 to 74 in employment,343,327,83,244,16,5,11
S01011560,A B D E. Agriculture energy and water,6,6,2,4,0,0,0
S01011560,C. Manufacturing,38,36,3,33,2,0,2
S01011560,F. Construction,23,20,1,19,3,1,2
S01011560,G I. Distribution hotels and restaurants,92,90,32,58,2,0,2
S01011560,H J. Transport and communication,40,37,4,33,3,1,2
S01011560,K L M N. Financial real estate professional and administrative activities,33,33,5,28,0,0,0
S01011560,O P Q. Public administration education and health,91,91,31,60,0,0,0
S01011560,R S T U. Other,20,14,5,9,6,3,3
S01011561,All people aged 16 to 74 in employment,325,312,102,210,13,0,13
S01011561,A B D E. Agriculture energy and water,20,20,1,19,0,0,0
S01011561,C. Manufacturing,26,26,4,22,0,0,0
S01011561,F. Construction,28,23,1,22,5,0,5
S01011561,G I. Distribution hotels and restaurants,75,73,44,29,2,0,2
S01011561,H J. Transport and communication,33,29,9,20,4,0,4
S01011561,K L M N. Financial real estate professional and administrative activities,35,34,9,25,1,0,1
S01011561,O P Q. Public administration education and health,84,84,22,62,0,0,0
S01011561,R S T U. Other,24,23,12,11,1,0,1
S01011562,All people aged 16 to 74 in employment,263,243,91,152,20,7,13
S01011562,A B D E. Agriculture energy and water,4,4,1,3,0,0,0
S01011562,C. Manufacturing,18,18,8,10,0,0,0
S01011562,F. Construction,39,32,1,31,7,1,6
S01011562,G I. Distribution hotels and restaurants,63,59,36,23,4,0,4
S01011562,H J. Transport and communication,21,18,5,13,3,2,1
S01011562,K L M N. Financial real estate professional and administrative activities,39,36,13,23,3,2,1
S01011562,O P Q. Public administration education and health,74,72,24,48,2,1,1
S01011562,R S T U. Other,5,4,3,1,1,1,0
S01011563,All people aged 16 to 74 in employment,304,279,104,175,25,6,19
S01011563,A B D E. Agriculture energy and water,3,3,0,3,0,0,0
S01011563,C. Manufacturing,25,24,2,22,1,1,0
S01011563,F. Construction,29,21,1,20,8,1,7
S01011563,G I. Distribution hotels and restaurants,88,84,48,36,4,0,4
S01011563,H J. Transport and communication,27,21,6,15,6,1,5
S01011563,K L M N. Financial real estate professional and administrative activities,34,33,8,25,1,0,1
S01011563,O P Q. Public administration education and health,84,82,36,46,2,1,1
S01011563,R S T U. Other,14,11,3,8,3,2,1
S01011564,All people aged 16 to 74 in employment,483,445,120,325,38,10,28
S01011564,A B D E. Agriculture energy and water,14,12,1,11,2,0,2
S01011564,C. Manufacturing,39,39,2,37,0,0,0
S01011564,F. Construction,59,43,2,41,16,3,13
S01011564,G I. Distribution hotels and restaurants,101,100,49,51,1,0,1
S01011564,H J. Transport and communication,42,36,4,32,6,0,6
S01011564,K L M N. Financial real estate professional and administrative activities,69,64,16,48,5,3,2
S01011564,O P Q. Public administration education and health,137,131,40,91,6,4,2
S01011564,R S T U. Other,22,20,6,14,2,0,2
S01011565,All people aged 16 to 74 in employment,467,439,118,321,28,6,22
S01011565,A B D E. Agriculture energy and water,6,6,3,3,0,0,0
S01011565,C. Manufacturing,39,39,2,37,0,0,0
S01011565,F. Construction,59,52,3,49,7,2,5
S01011565,G I. Distribution hotels and restaurants,97,92,35,57,5,0,5
S01011565,H J. Transport and communication,48,36,4,32,12,3,9
S01011565,K L M N. Financial real estate professional and administrative activities,64,62,13,49,2,0,2
S01011565,O P Q. Public administration education and health,126,125,47,78,1,0,1
S01011565,R S T U. Other,28,27,11,16,1,1,0
S01011566,All people aged 16 to 74 in employment,384,357,101,256,27,10,17
S01011566,A B D E. Agriculture energy and water,13,13,1,12,0,0,0
S01011566,C. Manufacturing,42,41,6,35,1,0,1
S01011566,F. Construction,39,33,3,30,6,2,4
S01011566,G I. Distribution hotels and restaurants,100,95,40,55,5,2,3
S01011566,H J. Transport and communication,39,36,5,31,3,1,2
S01011566,K L M N. Financial real estate professional and administrative activities,60,54,17,37,6,2,4
S01011566,O P Q. Public administration education and health,72,72,26,46,0,0,0
S01011566,R S T U. Other,19,13,3,10,6,3,3
S01011567,All people aged 16 to 74 in employment,404,370,113,257,34,10,24
S01011567,A B D E. Agriculture energy and water,12,11,1,10,1,0,1
S01011567,C. Manufacturing,37,35,3,32,2,1,1
S01011567,F. Construction,35,25,0,25,10,2,8
S01011567,G I. Distribution hotels and restaurants,112,106,55,51,6,2,4
S01011567,H J. Transport and communication,42,34,9,25,8,3,5
S01011567,K L M N. Financial real estate professional and administrative activities,56,52,16,36,4,1,3
S01011567,O P Q. Public administration education and health,95,95,23,72,0,0,0
S01011567,R S T U. Other,15,12,6,6,3,1,2
S01011568,All people aged 16 to 74 in employment,403,370,102,268,33,8,25
S01011568,A B D E. Agriculture energy and water,9,9,0,9,0,0,0
S01011568,C. Manufacturing,35,35,3,32,0,0,0
S01011568,F. Construction,40,29,0,29,11,1,10
S01011568,G I. Distribution hotels and restaurants,84,81,33,48,3,2,1
S01011568,H J. Transport and communication,30,23,5,18,7,0,7
S01011568,K L M N. Financial real estate professional and administrative activities,56,52,14,38,4,2,2
S01011568,O P Q. Public administration education and health,134,129,44,85,5,1,4
S01011568,R S T U. Other,15,12,3,9,3,2,1
S01011569,All people aged 16 to 74 in employment,445,417,101,316,28,9,19
S01011569,A B D E. Agriculture energy and water,11,10,0,10,1,1,0
S01011569,C. Manufacturing,54,53,5,48,1,0,1
S01011569,F. Construction,43,34,3,31,9,3,6
S01011569,G I. Distribution hotels and restaurants,92,91,30,61,1,0,1
S01011569,H J. Transport and communication,28,22,4,18,6,0,6
S01011569,K L M N. Financial real estate professional and administrative activities,61,57,11,46,4,2,2
S01011569,O P Q. Public administration education and health,140,137,42,95,3,1,2
S01011569,R S T U. Other,16,13,6,7,3,2,1
S01011570,All people aged 16 to 74 in employment,308,290,89,201,18,4,14
S01011570,A B D E. Agriculture energy and water,4,4,0,4,0,0,0
S01011570,C. Manufacturing,35,34,4,30,1,0,1
S01011570,F. Construction,31,26,0,26,5,0,5
S01011570,G I. Distribution hotels and restaurants,73,71,40,31,2,0,2
S01011570,H J. Transport and communication,39,33,5,28,6,1,5
S01011570,K L M N. Financial real estate professional and administrative activities,30,28,12,16,2,1,1
S01011570,O P Q. Public administration education and health,88,87,27,60,1,1,0
S01011570,R S T U. Other,8,7,1,6,1,1,0
S01011571,All people aged 16 to 74 in employment,280,263,69,194,17,6,11
S01011571,A B D E. Agriculture energy and water,2,2,0,2,0,0,0
S01011571,C. Manufacturing,31,31,1,30,0,0,0
S01011571,F. Construction,28,22,0,22,6,0,6
S01011571,G I. Distribution hotels and restaurants,63,63,26,37,0,0,0
S01011571,H J. Transport and communication,31,24,5,19,7,4,3
S01011571,K L M N. Financial real estate professional and administrative activities,41,39,6,33,2,1,1
S01011571,O P Q. Public administration education and health,69,69,26,43,0,0,0
S01011571,R S T U. Other,15,13,5,8,2,1,1
S01011572,All people aged 16 to 74 in employment,273,247,52,195,26,10,16
S01011572,A B D E. Agriculture energy and water,11,11,2,9,0,0,0
S01011572,C. Manufacturing,42,41,1,40,1,0,1
S01011572,F. Construction,25,16,1,15,9,2,7
S01011572,G I. Distribution hotels and restaurants,44,43,14,29,1,0,1
S01011572,H J. Transport and communication,24,19,4,15,5,1,4
S01011572,K L M N. Financial real estate professional and administrative activities,45,39,7,32,6,5,1
S01011572,O P Q. Public administration education and health,63,63,15,48,0,0,0
S01011572,R S T U. Other,19,15,8,7,4,2,2
S01011573,All people aged 16 to 74 in employment,557,500,121,379,57,13,44
S01011573,A B D E. Agriculture energy and water,12,11,0,11,1,0,1
S01011573,C. Manufacturing,44,43,4,39,1,0,1
S01011573,F. Construction,59,42,3,39,17,0,17
S01011573,G I. Distribution hotels and restaurants,101,94,35,59,7,1,6
S01011573,H J. Transport and communication,62,52,7,45,10,2,8
S01011573,K L M N. Financial real estate professional and administrative activities,89,80,20,60,9,2,7
S01011573,O P Q. Public administration education and health,165,163,45,118,2,1,1
S01011573,R S T U. Other,25,15,7,8,10,7,3
S01011574,All people aged 16 to 74 in employment,402,362,99,263,40,8,32
S01011574,A B D E. Agriculture energy and water,8,8,1,7,0,0,0
S01011574,C. Manufacturing,31,29,2,27,2,0,2
S01011574,F. Construction,51,40,3,37,11,0,11
S01011574,G I. Distribution hotels and restaurants,83,83,33,50,0,0,0
S01011574,H J. Transport and communication,38,25,5,20,13,1,12
S01011574,K L M N. Financial real estate professional and administrative activities,64,57,13,44,7,3,4
S01011574,O P Q. Public administration education and health,113,110,36,74,3,1,2
S01011574,R S T U. Other,14,10,6,4,4,3,1
S01011575,All people aged 16 to 74 in employment,216,199,50,149,17,3,14
S01011575,A B D E. Agriculture energy and water,4,4,0,4,0,0,0
S01011575,C. Manufacturing,17,17,1,16,0,0,0
S01011575,F. Construction,18,15,0,15,3,1,2
S01011575,G I. Distribution hotels and restaurants,51,50,18,32,1,0,1
S01011575,H J. Transport and communication,22,17,1,16,5,0,5
S01011575,K L M N. Financial real estate professional and administrative activities,35,31,8,23,4,0,4
S01011575,O P Q. Public administration education and health,63,61,20,41,2,1,1
S01011575,R S T U. Other,6,4,2,2,2,1,1
S01011576,All people aged 16 to 74 in employment,256,241,83,158,15,6,9
S01011576,A B D E. Agriculture energy and water,6,6,0,6,0,0,0
S01011576,C. Manufacturing,34,33,2,31,1,0,1
S01011576,F. Construction,23,19,0,19,4,1,3
S01011576,G I. Distribution hotels and restaurants,63,61,36,25,2,1,1
S01011576,H J. Transport and communication,18,14,5,9,4,3,1
S01011576,K L M N. Financial real estate professional and administrative activities,30,27,13,14,3,1,2
S01011576,O P Q. Public administration education and health,64,63,17,46,1,0,1
S01011576,R S T U. Other,18,18,10,8,0,0,0
S01011577,All people aged 16 to 74 in employment,351,321,89,232,30,6,24
S01011577,A B D E. Agriculture energy and water,13,13,2,11,0,0,0
S01011577,C. Manufacturing,31,28,2,26,3,1,2
S01011577,F. Construction,34,27,1,26,7,1,6
S01011577,G I. Distribution hotels and restaurants,71,64,31,33,7,2,5
S01011577,H J. Transport and communication,24,20,1,19,4,0,4
S01011577,K L M N. Financial real estate professional and administrative activities,54,48,9,39,6,1,5
S01011577,O P Q. Public administration education and health,109,106,34,72,3,1,2
S01011577,R S T U. Other,15,15,9,6,0,0,0
S01011578,All people aged 16 to 74 in employment,380,360,118,242,20,4,16
S01011578,A B D E. Agriculture energy and water,12,12,2,10,0,0,0
S01011578,C. Manufacturing,33,33,1,32,0,0,0
S01011578,F. Construction,39,33,3,30,6,0,6
S01011578,G I. Distribution hotels and restaurants,94,89,48,41,5,1,4
S01011578,H J. Transport and communication,28,23,8,15,5,1,4
S01011578,K L M N. Financial real estate professional and administrative activities,60,59,21,38,1,0,1
S01011578,O P Q. Public administration education and health,103,103,32,71,0,0,0
S01011578,R S T U. Other,11,8,3,5,3,2,1
S01011579,All people aged 16 to 74 in employment,560,481,130,351,79,15,64
S01011579,A B D E. Agriculture energy and water,11,9,2,7,2,0,2
S01011579,C. Manufacturing,37,31,2,29,6,0,6
S01011579,F. Construction,61,46,5,41,15,0,15
S01011579,G I. Distribution hotels and restaurants,96,78,33,45,18,3,15
S01011579,H J. Transport and communication,31,26,6,20,5,1,4
S01011579,K L M N. Financial real estate professional and administrative activities,101,81,18,63,20,5,15
S01011579,O P Q. Public administration education and health,193,185,54,131,8,3,5
S01011579,R S T U. Other,30,25,10,15,5,3,2
S01011580,All people aged 16 to 74 in employment,331,301,91,210,30,6,24
S01011580,A B D E. Agriculture energy and water,15,14,2,12,1,0,1
S01011580,C. Manufacturing,24,23,4,19,1,0,1
S01011580,F. Construction,42,37,4,33,5,0,5
S01011580,G I. Distribution hotels and restaurants,74,71,36,35,3,0,3
S01011580,H J. Transport and communication,32,25,7,18,7,1,6
S01011580,K L M N. Financial real estate professional and administrative activities,46,41,8,33,5,2,3
S01011580,O P Q. Public administration education and health,85,78,25,53,7,3,4
S01011580,R S T U. Other,13,12,5,7,1,0,1
S01011581,All people aged 16 to 74 in employment,287,263,88,175,24,7,17
S01011581,A B D E. Agriculture energy and water,5,5,1,4,0,0,0
S01011581,C. Manufacturing,30,29,2,27,1,0,1
S01011581,F. Construction,16,13,1,12,3,1,2
S01011581,G I. Distribution hotels and restaurants,66,61,23,38,5,2,3
S01011581,H J. Transport and communication,29,24,8,16,5,2,3
S01011581,K L M N. Financial real estate professional and administrative activities,42,36,11,25,6,0,6
S01011581,O P Q. Public administration education and health,81,78,32,46,3,1,2
S01011581,R S T U. Other,18,17,10,7,1,1,0
S01011582,All people aged 16 to 74 in employment,614,546,135,411,68,22,46
S01011582,A B D E. Agriculture energy and water,14,12,1,11,2,0,2
S01011582,C. Manufacturing,51,48,3,45,3,1,2
S01011582,F. Construction,54,32,3,29,22,6,16
S01011582,G I. Distribution hotels and restaurants,112,99,39,60,13,4,9
S01011582,H J. Transport and communication,40,34,6,28,6,2,4
S01011582,K L M N. Financial real estate professional and administrative activities,92,84,13,71,8,4,4
S01011582,O P Q. Public administration education and health,222,215,63,152,7,2,5
S01011582,R S T U. Other,29,22,7,15,7,3,4
S01011583,All people aged 16 to 74 in employment,335,316,81,235,19,5,14
S01011583,A B D E. Agriculture energy and water,9,9,2,7,0,0,0
S01011583,C. Manufacturing,37,36,6,30,1,0,1
S01011583,F. Construction,33,28,3,25,5,0,5
S01011583,G I. Distribution hotels and restaurants,56,56,27,29,0,0,0
S01011583,H J. Transport and communication,22,18,2,16,4,1,3
S01011583,K L M N. Financial real estate professional and administrative activities,44,41,7,34,3,2,1
S01011583,O P Q. Public administration education and health,118,115,29,86,3,0,3
S01011583,R S T U. Other,16,13,5,8,3,2,1
S01011584,All people aged 16 to 74 in employment,324,313,85,228,11,1,10
S01011584,A B D E. Agriculture energy and water,9,9,2,7,0,0,0
S01011584,C. Manufacturing,40,40,4,36,0,0,0
S01011584,F. Construction,40,35,2,33,5,0,5
S01011584,G I. Distribution hotels and restaurants,60,60,27,33,0,0,0
S01011584,H J. Transport and communication,23,20,1,19,3,1,2
S01011584,K L M N. Financial real estate professional and administrative activities,46,44,13,31,2,0,2
S01011584,O P Q. Public administration education and health,98,98,33,65,0,0,0
S01011584,R S T U. Other,8,7,3,4,1,0,1
S01011585,All people aged 16 to 74 in employment,323,300,86,214,23,8,15
S01011585,A B D E. Agriculture energy and water,9,9,1,8,0,0,0
S01011585,C. Manufacturing,38,37,1,36,1,0,1
S01011585,F. Construction,39,33,0,33,6,0,6
S01011585,G I. Distribution hotels and restaurants,71,68,31,37,3,1,2
S01011585,H J. Transport and communication,29,24,5,19,5,2,3
S01011585,K L M N. Financial real estate professional and administrative activities,41,37,14,23,4,4,0
S01011585,O P Q. Public administration education and health,75,73,22,51,2,0,2
S01011585,R S T U. Other,21,19,12,7,2,1,1
S01011586,All people aged 16 to 74 in employment,257,246,65,181,11,0,11
S01011586,A B D E. Agriculture energy and water,3,3,0,3,0,0,0
S01011586,C. Manufacturing,32,32,1,31,0,0,0
S01011586,F. Construction,31,30,0,30,1,0,1
S01011586,G I. Distribution hotels and restaurants,46,44,19,25,2,0,2
S01011586,H J. Transport and communication,25,22,8,14,3,0,3
S01011586,K L M N. Financial real estate professional and administrative activities,36,33,7,26,3,0,3
S01011586,O P Q. Public administration education and health,72,71,24,47,1,0,1
S01011586,R S T U. Other,12,11,6,5,1,0,1
S01011587,All people aged 16 to 74 in employment,248,237,78,159,11,3,8
S01011587,A B D E. Agriculture energy and water,7,7,0,7,0,0,0
S01011587,C. Manufacturing,23,23,4,19,0,0,0
S01011587,F. Construction,22,19,1,18,3,0,3
S01011587,G I. Distribution hotels and restaurants,62,59,26,33,3,2,1
S01011587,H J. Transport and communication,27,23,4,19,4,1,3
S01011587,K L M N. Financial real estate professional and administrative activities,30,29,12,17,1,0,1
S01011587,O P Q. Public administration education and health,65,65,27,38,0,0,0
S01011587,R S T U. Other,12,12,4,8,0,0,0
S01011588,All people aged 16 to 74 in employment,330,299,80,219,31,10,21
S01011588,A B D E. Agriculture energy and water,15,15,2,13,0,0,0
S01011588,C. Manufacturing,39,37,2,35,2,0,2
S01011588,F. Construction,32,26,1,25,6,1,5
S01011588,G I. Distribution hotels and restaurants,87,83,31,52,4,1,3
S01011588,H J. Transport and communication,38,24,8,16,14,6,8
S01011588,K L M N. Financial real estate professional and administrative activities,30,27,9,18,3,1,2
S01011588,O P Q. Public administration education and health,78,77,23,54,1,0,1
S01011588,R S T U. Other,11,10,4,6,1,1,0
S01011589,All people aged 16 to 74 in employment,389,363,106,257,26,4,22
S01011589,A B D E. Agriculture energy and water,7,7,3,4,0,0,0
S01011589,C. Manufacturing,39,39,2,37,0,0,0
S01011589,F. Construction,49,41,2,39,8,0,8
S01011589,G I. Distribution hotels and restaurants,88,83,35,48,5,1,4
S01011589,H J. Transport and communication,36,31,4,27,5,1,4
S01011589,K L M N. Financial real estate professional and administrative activities,48,45,14,31,3,1,2
S01011589,O P Q. Public administration education and health,108,105,40,65,3,1,2
S01011589,R S T U. Other,14,12,6,6,2,0,2
S01011590,All people aged 16 to 74 in employment,296,279,72,207,17,2,15
S01011590,A B D E. Agriculture energy and water,7,7,0,7,0,0,0
S01011590,C. Manufacturing,29,28,2,26,1,1,0
S01011590,F. Construction,39,32,0,32,7,0,7
S01011590,G I. Distribution hotels and restaurants,69,66,32,34,3,1,2
S01011590,H J. Transport and communication,27,22,2,20,5,0,5
S01011590,K L M N. Financial real estate professional and administrative activities,31,31,6,25,0,0,0
S01011590,O P Q. Public administration education and health,77,76,24,52,1,0,1
S01011590,R S T U. Other,17,17,6,11,0,0,0
S01011591,All people aged 16 to 74 in employment,247,227,52,175,20,6,14
S01011591,A B D E. Agriculture energy and water,5,5,0,5,0,0,0
S01011591,C. Manufacturing,27,26,1,25,1,0,1
S01011591,F. Construction,35,32,1,31,3,0,3
S01011591,G I. Distribution hotels and restaurants,55,52,20,32,3,0,3
S01011591,H J. Transport and communication,38,31,5,26,7,3,4
S01011591,K L M N. Financial real estate professional and administrative activities,28,25,5,20,3,2,1
S01011591,O P Q. Public administration education and health,47,46,16,30,1,1,0
S01011591,R S T U. Other,12,10,4,6,2,0,2
S01011592,All people aged 16 to 74 in employment,279,260,77,183,19,3,16
S01011592,A B D E. Agriculture energy and water,8,8,1,7,0,0,0
S01011592,C. Manufacturing,28,28,6,22,0,0,0
S01011592,F. Construction,24,20,0,20,4,0,4
S01011592,G I. Distribution hotels and restaurants,81,77,37,40,4,1,3
S01011592,H J. Transport and communication,23,19,6,13,4,0,4
S01011592,K L M N. Financial real estate professional and administrative activities,45,40,7,33,5,2,3
S01011592,O P Q. Public administration education and health,61,60,19,41,1,0,1
S01011592,R S T U. Other,9,8,1,7,1,0,1
S01011593,All people aged 16 to 74 in employment,339,311,82,229,28,4,24
S01011593,A B D E. Agriculture energy and water,5,5,0,5,0,0,0
S01011593,C. Manufacturing,39,38,4,34,1,0,1
S01011593,F. Construction,27,23,0,23,4,0,4
S01011593,G I. Distribution hotels and restaurants,64,58,27,31,6,1,5
S01011593,H J. Transport and communication,25,18,1,17,7,1,6
S01011593,K L M N. Financial real estate professional and administrative activities,53,47,6,41,6,2,4
S01011593,O P Q. Public administration education and health,107,105,40,65,2,0,2
S01011593,R S T U. Other,19,17,4,13,2,0,2
S01011594,All people aged 16 to 74 in employment,212,192,53,139,20,5,15
S01011594,A B D E. Agriculture energy and water,8,6,0,6,2,0,2
S01011594,C. Manufacturing,16,15,1,14,1,0,1
S01011594,F. Construction,16,12,0,12,4,1,3
S01011594,G I. Distribution hotels and restaurants,60,56,25,31,4,1,3
S01011594,H J. Transport and communication,18,14,2,12,4,0,4
S01011594,K L M N. Financial real estate professional and administrative activities,23,22,2,20,1,1,0
S01011594,O P Q. Public administration education and health,67,65,22,43,2,2,0
S01011594,R S T U. Other,4,2,1,1,2,0,2
S01011595,All people aged 16 to 74 in employment,344,300,52,248,44,10,34
S01011595,A B D E. Agriculture energy and water,10,10,0,10,0,0,0
S01011595,C. Manufacturing,17,16,0,16,1,0,1
S01011595,F. Construction,43,27,2,25,16,2,14
S01011595,G I. Distribution hotels and restaurants,48,43,12,31,5,0,5
S01011595,H J. Transport and communication,24,22,4,18,2,0,2
S01011595,K L M N. Financial real estate professional and administrative activities,69,57,5,52,12,5,7
S01011595,O P Q. Public administration education and health,115,110,25,85,5,3,2
S01011595,R S T U. Other,18,15,4,11,3,0,3
S01011596,All people aged 16 to 74 in employment,514,478,112,366,36,7,29
S01011596,A B D E. Agriculture energy and water,10,10,2,8,0,0,0
S01011596,C. Manufacturing,40,39,2,37,1,0,1
S01011596,F. Construction,46,35,1,34,11,1,10
S01011596,G I. Distribution hotels and restaurants,98,95,39,56,3,1,2
S01011596,H J. Transport and communication,45,42,5,37,3,1,2
S01011596,K L M N. Financial real estate professional and administrative activities,82,72,7,65,10,1,9
S01011596,O P Q. Public administration education and health,152,148,42,106,4,2,2
S01011596,R S T U. Other,41,37,14,23,4,1,3
S01011597,All people aged 16 to 74 in employment,323,300,67,233,23,7,16
S01011597,A B D E. Agriculture energy and water,5,5,1,4,0,0,0
S01011597,C. Manufacturing,26,25,0,25,1,0,1
S01011597,F. Construction,19,15,1,14,4,1,3
S01011597,G I. Distribution hotels and restaurants,54,49,20,29,5,0,5
S01011597,H J. Transport and communication,29,25,1,24,4,1,3
S01011597,K L M N. Financial real estate professional and administrative activities,64,61,11,50,3,1,2
S01011597,O P Q. Public administration education and health,110,108,29,79,2,0,2
S01011597,R S T U. Other,16,12,4,8,4,4,0
S01011598,All people aged 16 to 74 in employment,265,244,71,173,21,5,16
S01011598,A B D E. Agriculture energy and water,3,3,0,3,0,0,0
S01011598,C. Manufacturing,36,35,4,31,1,1,0
S01011598,F. Construction,22,19,0,19,3,0,3
S01011598,G I. Distribution hotels and restaurants,82,79,31,48,3,0,3
S01011598,H J. Transport and communication,23,18,4,14,5,1,4
S01011598,K L M N. Financial real estate professional and administrative activities,35,33,13,20,2,0,2
S01011598,O P Q. Public administration education and health,51,49,18,31,2,1,1
S01011598,R S T U. Other,13,8,1,7,5,2,3
S01011599,All people aged 16 to 74 in employment,360,340,88,252,20,3,17
S01011599,A B D E. Agriculture energy and water,8,8,0,8,0,0,0
S01011599,C. Manufacturing,34,33,1,32,1,1,0
S01011599,F. Construction,36,32,3,29,4,0,4
S01011599,G I. Distribution hotels and restaurants,79,76,33,43,3,1,2
S01011599,H J. Transport and communication,40,34,8,26,6,0,6
S01011599,K L M N. Financial real estate professional and administrative activities,50,47,13,34,3,0,3
S01011599,O P Q. Public administration education and health,100,97,25,72,3,1,2
S01011599,R S T U. Other,13,13,5,8,0,0,0
S01011600,All people aged 16 to 74 in employment,334,311,63,248,23,4,19
S01011600,A B D E. Agriculture energy and water,8,8,0,8,0,0,0
S01011600,C. Manufacturing,31,31,2,29,0,0,0
S01011600,F. Construction,37,29,0,29,8,1,7
S01011600,G I. Distribution hotels and restaurants,66,65,27,38,1,0,1
S01011600,H J. Transport and communication,39,31,5,26,8,1,7
S01011600,K L M N. Financial real estate professional and administrative activities,39,38,7,31,1,0,1
S01011600,O P Q. Public administration education and health,92,89,16,73,3,1,2
S01011600,R S T U. Other,22,20,6,14,2,1,1
S01011601,All people aged 16 to 74 in employment,494,453,135,318,41,4,37
S01011601,A B D E. Agriculture energy and water,21,20,0,20,1,1,0
S01011601,C. Manufacturing,38,36,5,31,2,0,2
S01011601,F. Construction,44,31,1,30,13,1,12
S01011601,G I. Distribution hotels and restaurants,101,91,44,47,10,1,9
S01011601,H J. Transport and communication,41,38,11,27,3,0,3
S01011601,K L M N. Financial real estate professional and administrative activities,66,62,19,43,4,0,4
S01011601,O P Q. Public administration education and health,160,154,46,108,6,0,6
S01011601,R S T U. Other,23,21,9,12,2,1,1
S01011602,All people aged 16 to 74 in employment,263,242,56,186,21,2,19
S01011602,A B D E. Agriculture energy and water,4,4,0,4,0,0,0
S01011602,C. Manufacturing,47,45,1,44,2,0,2
S01011602,F. Construction,27,22,0,22,5,0,5
S01011602,G I. Distribution hotels and restaurants,49,43,19,24,6,1,5
S01011602,H J. Transport and communication,23,21,4,17,2,0,2
S01011602,K L M N. Financial real estate professional and administrative activities,26,23,6,17,3,1,2
S01011602,O P Q. Public administration education and health,77,76,22,54,1,0,1
S01011602,R S T U. Other,10,8,4,4,2,0,2
S01011603,All people aged 16 to 74 in employment,284,263,68,195,21,6,15
S01011603,A B D E. Agriculture energy and water,5,5,1,4,0,0,0
S01011603,C. Manufacturing,28,27,2,25,1,0,1
S01011603,F. Construction,20,14,1,13,6,2,4
S01011603,G I. Distribution hotels and restaurants,67,65,25,40,2,0,2
S01011603,H J. Transport and communication,35,28,4,24,7,2,5
S01011603,K L M N. Financial real estate professional and administrative activities,37,35,12,23,2,0,2
S01011603,O P Q. Public administration education and health,78,76,15,61,2,1,1
S01011603,R S T U. Other,14,13,8,5,1,1,0
S01011604,All people aged 16 to 74 in employment,263,246,82,164,17,9,8
S01011604,A B D E. Agriculture energy and water,6,6,1,5,0,0,0
S01011604,C. Manufacturing,27,26,3,23,1,0,1
S01011604,F. Construction,38,32,0,32,6,3,3
S01011604,G I. Distribution hotels and restaurants,56,53,28,25,3,2,1
S01011604,H J. Transport and communication,26,22,5,17,4,2,2
S01011604,K L M N. Financial real estate professional and administrative activities,34,33,10,23,1,1,0
S01011604,O P Q. Public administration education and health,63,62,28,34,1,1,0
S01011604,R S T U. Other,13,12,7,5,1,0,1
S01011605,All people aged 16 to 74 in employment,373,333,94,239,40,10,30
S01011605,A B D E. Agriculture energy and water,8,8,1,7,0,0,0
S01011605,C. Manufacturing,43,40,1,39,3,1,2
S01011605,F. Construction,42,29,0,29,13,1,12
S01011605,G I. Distribution hotels and restaurants,98,93,47,46,5,1,4
S01011605,H J. Transport and communication,29,20,5,15,9,3,6
S01011605,K L M N. Financial real estate professional and administrative activities,46,40,10,30,6,2,4
S01011605,O P Q. Public administration education and health,93,92,25,67,1,1,0
S01011605,R S T U. Other,14,11,5,6,3,1,2
S01011606,All people aged 16 to 74 in employment,602,558,133,425,44,10,34
S01011606,A B D E. Agriculture energy and water,15,15,1,14,0,0,0
S01011606,C. Manufacturing,58,55,6,49,3,2,1
S01011606,F. Construction,70,58,5,53,12,2,10
S01011606,G I. Distribution hotels and restaurants,117,108,47,61,9,2,7
S01011606,H J. Transport and communication,53,45,6,39,8,0,8
S01011606,K L M N. Financial real estate professional and administrative activities,98,94,20,74,4,1,3
S01011606,O P Q. Public administration education and health,168,166,41,125,2,1,1
S01011606,R S T U. Other,23,17,7,10,6,2,4
S01011607,All people aged 16 to 74 in employment,336,307,65,242,29,8,21
S01011607,A B D E. Agriculture energy and water,7,7,0,7,0,0,0
S01011607,C. Manufacturing,39,36,1,35,3,0,3
S01011607,F. Construction,40,33,1,32,7,1,6
S01011607,G I. Distribution hotels and restaurants,63,57,25,32,6,1,5
S01011607,H J. Transport and communication,32,27,2,25,5,0,5
S01011607,K L M N. Financial real estate professional and administrative activities,51,49,6,43,2,1,1
S01011607,O P Q. Public administration education and health,92,89,25,64,3,3,0
S01011607,R S T U. Other,12,9,5,4,3,2,1
S01011608,All people aged 16 to 74 in employment,567,507,117,390,60,10,50
S01011608,A B D E. Agriculture energy and water,17,16,2,14,1,0,1
S01011608,C. Manufacturing,51,45,6,39,6,1,5
S01011608,F. Construction,62,44,2,42,18,2,16
S01011608,G I. Distribution hotels and restaurants,119,106,37,69,13,2,11
S01011608,H J. Transport and communication,45,37,9,28,8,0,8
S01011608,K L M N. Financial real estate professional and administrative activities,81,80,16,64,1,0,1
S01011608,O P Q. Public administration education and health,170,162,40,122,8,4,4
S01011608,R S T U. Other,22,17,5,12,5,1,4
S01011609,All people aged 16 to 74 in employment,356,330,109,221,26,7,19
S01011609,A B D E. Agriculture energy and water,7,7,0,7,0,0,0
S01011609,C. Manufacturing,35,34,4,30,1,0,1
S01011609,F. Construction,43,35,6,29,8,0,8
S01011609,G I. Distribution hotels and restaurants,102,97,37,60,5,3,2
S01011609,H J. Transport and communication,36,30,6,24,6,0,6
S01011609,K L M N. Financial real estate professional and administrative activities,53,51,20,31,2,0,2
S01011609,O P Q. Public administration education and health,64,63,32,31,1,1,0
S01011609,R S T U. Other,16,13,4,9,3,3,0
S01011610,All people aged 16 to 74 in employment,340,319,103,216,21,8,13
S01011610,A B D E. Agriculture energy and water,8,8,0,8,0,0,0
S01011610,C. Manufacturing,33,32,5,27,1,1,0
S01011610,F. Construction,34,30,2,28,4,0,4
S01011610,G I. Distribution hotels and restaurants,89,85,45,40,4,2,2
S01011610,H J. Transport and communication,30,26,3,23,4,1,3
S01011610,K L M N. Financial real estate professional and administrative activities,50,48,20,28,2,1,1
S01011610,O P Q. Public administration education and health,84,80,24,56,4,2,2
S01011610,R S T U. Other,12,10,4,6,2,1,1
S01011611,All people aged 16 to 74 in employment,357,328,99,229,29,8,21
S01011611,A B D E. Agriculture energy and water,6,6,0,6,0,0,0
S01011611,C. Manufacturing,32,32,1,31,0,0,0
S01011611,F. Construction,34,27,1,26,7,2,5
S01011611,G I. Distribution hotels and restaurants,83,77,38,39,6,1,5
S01011611,H J. Transport and communication,38,29,2,27,9,3,6
S01011611,K L M N. Financial real estate professional and administrative activities,46,44,15,29,2,1,1
S01011611,O P Q. Public administration education and health,106,103,37,66,3,1,2
S01011611,R S T U. Other,12,10,5,5,2,0,2
S01011612,All people aged 16 to 74 in employment,393,350,66,284,43,8,35
S01011612,A B D E. Agriculture energy and water,5,5,1,4,0,0,0
S01011612,C. Manufacturing,23,22,2,20,1,0,1
S01011612,F. Construction,50,36,2,34,14,2,12
S01011612,G I. Distribution hotels and restaurants,72,64,17,47,8,2,6
S01011612,H J. Transport and communication,34,27,1,26,7,0,7
S01011612,K L M N. Financial real estate professional and administrative activities,68,63,16,47,5,0,5
S01011612,O P Q. Public administration education and health,127,122,25,97,5,2,3
S01011612,R S T U. Other,14,11,2,9,3,2,1
S01011613,All people aged 16 to 74 in employment,488,426,122,304,62,20,42
S01011613,A B D E. Agriculture energy and water,10,7,1,6,3,0,3
S01011613,C. Manufacturing,47,44,4,40,3,1,2
S01011613,F. Construction,38,30,1,29,8,1,7
S01011613,G I. Distribution hotels and restaurants,91,81,27,54,10,1,9
S01011613,H J. Transport and communication,51,32,10,22,19,4,15
S01011613,K L M N. Financial real estate professional and administrative activities,69,60,16,44,9,5,4
S01011613,O P Q. Public administration education and health,163,158,54,104,5,4,1
S01011613,R S T U. Other,19,14,9,5,5,4,1
S01011614,All people aged 16 to 74 in employment,238,216,51,165,22,2,20
S01011614,A B D E. Agriculture energy and water,5,5,0,5,0,0,0
S01011614,C. Manufacturing,28,27,1,26,1,0,1
S01011614,F. Construction,25,18,2,16,7,0,7
S01011614,G I. Distribution hotels and restaurants,48,44,17,27,4,1,3
S01011614,H J. Transport and communication,18,14,3,11,4,1,3
S01011614,K L M N. Financial real estate professional and administrative activities,35,32,5,27,3,0,3
S01011614,O P Q. Public administration education and health,69,67,19,48,2,0,2
S01011614,R S T U. Other,10,9,4,5,1,0,1
S01011615,All people aged 16 to 74 in employment,291,265,68,197,26,8,18
S01011615,A B D E. Agriculture energy and water,7,7,1,6,0,0,0
S01011615,C. Manufacturing,35,34,3,31,1,1,0
S01011615,F. Construction,29,23,0,23,6,1,5
S01011615,G I. Distribution hotels and restaurants,59,58,19,39,1,1,0
S01011615,H J. Transport and communication,25,17,4,13,8,3,5
S01011615,K L M N. Financial real estate professional and administrative activities,39,33,8,25,6,1,5
S01011615,O P Q. Public administration education and health,85,81,28,53,4,1,3
S01011615,R S T U. Other,12,12,5,7,0,0,0
S01011616,All people aged 16 to 74 in employment,149,135,26,109,14,4,10
S01011616,A B D E. Agriculture energy and water,5,5,1,4,0,0,0
S01011616,C. Manufacturing,19,17,1,16,2,0,2
S01011616,F. Construction,15,11,0,11,4,1,3
S01011616,G I. Distribution hotels and restaurants,25,22,7,15,3,1,2
S01011616,H J. Transport and communication,19,17,1,16,2,0,2
S01011616,K L M N. Financial real estate professional and administrative activities,12,12,0,12,0,0,0
S01011616,O P Q. Public administration education and health,51,48,14,34,3,2,1
S01011616,R S T U. Other,3,3,2,1,0,0,0
S01011617,All people aged 16 to 74 in employment,365,339,88,251,26,7,19
S01011617,A B D E. Agriculture energy and water,4,4,0,4,0,0,0
S01011617,C. Manufacturing,46,44,2,42,2,0,2
S01011617,F. Construction,31,26,2,24,5,1,4
S01011617,G I. Distribution hotels and restaurants,85,83,32,51,2,0,2
S01011617,H J. Transport and communication,50,45,8,37,5,1,4
S01011617,K L M N. Financial real estate professional and administrative activities,47,45,12,33,2,0,2
S01011617,O P Q. Public administration education and health,88,81,25,56,7,3,4
S01011617,R S T U. Other,14,11,7,4,3,2,1
S01011618,All people aged 16 to 74 in employment,259,245,68,177,14,2,12
S01011618,A B D E. Agriculture energy and water,4,4,0,4,0,0,0
S01011618,C. Manufacturing,29,28,7,21,1,0,1
S01011618,F. Construction,31,27,0,27,4,0,4
S01011618,G I. Distribution hotels and restaurants,54,51,23,28,3,1,2
S01011618,H J. Transport and communication,33,29,3,26,4,0,4
S01011618,K L M N. Financial real estate professional and administrative activities,28,28,5,23,0,0,0
S01011618,O P Q. Public administration education and health,72,70,25,45,2,1,1
S01011618,R S T U. Other,8,8,5,3,0,0,0
S01011619,All people aged 16 to 74 in employment,601,562,111,451,39,6,33
S01011619,A B D E. Agriculture energy and water,15,15,2,13,0,0,0
S01011619,C. Manufacturing,51,49,3,46,2,0,2
S01011619,F. Construction,67,57,3,54,10,1,9
S01011619,G I. Distribution hotels and restaurants,109,103,25,78,6,0,6
S01011619,H J. Transport and communication,64,58,9,49,6,1,5
S01011619,K L M N. Financial real estate professional and administrative activities,82,76,20,56,6,3,3
S01011619,O P Q. Public administration education and health,196,189,42,147,7,1,6
S01011619,R S T U. Other,17,15,7,8,2,0,2
S01011620,All people aged 16 to 74 in employment,664,601,110,491,63,12,51
S01011620,A B D E. Agriculture energy and water,13,12,0,12,1,0,1
S01011620,C. Manufacturing,68,68,1,67,0,0,0
S01011620,F. Construction,61,52,3,49,9,0,9
S01011620,G I. Distribution hotels and restaurants,140,123,36,87,17,3,14
S01011620,H J. Transport and communication,60,49,5,44,11,1,10
S01011620,K L M N. Financial real estate professional and administrative activities,92,82,12,70,10,5,5
S01011620,O P Q. Public administration education and health,211,201,46,155,10,3,7
S01011620,R S T U. Other,19,14,7,7,5,0,5
S01011621,All people aged 16 to 74 in employment,379,350,88,262,29,5,24
S01011621,A B D E. Agriculture energy and water,11,11,0,11,0,0,0
S01011621,C. Manufacturing,41,39,4,35,2,0,2
S01011621,F. Construction,40,34,3,31,6,0,6
S01011621,G I. Distribution hotels and restaurants,77,73,31,42,4,1,3
S01011621,H J. Transport and communication,40,34,2,32,6,1,5
S01011621,K L M N. Financial real estate professional and administrative activities,61,54,13,41,7,2,5
S01011621,O P Q. Public administration education and health,102,99,31,68,3,0,3
S01011621,R S T U. Other,7,6,4,2,1,1,0
S01011622,All people aged 16 to 74 in employment,363,308,56,252,55,11,44
S01011622,A B D E. Agriculture energy and water,7,7,0,7,0,0,0
S01011622,C. Manufacturing,39,37,2,35,2,0,2
S01011622,F. Construction,40,29,4,25,11,0,11
S01011622,G I. Distribution hotels and restaurants,66,55,8,47,11,3,8
S01011622,H J. Transport and communication,36,26,2,24,10,0,10
S01011622,K L M N. Financial real estate professional and administrative activities,65,54,16,38,11,3,8
S01011622,O P Q. Public administration education and health,100,93,22,71,7,2,5
S01011622,R S T U. Other,10,7,2,5,3,3,0
S01011623,All people aged 16 to 74 in employment,298,265,69,196,33,10,23
S01011623,A B D E. Agriculture energy and water,7,7,0,7,0,0,0
S01011623,C. Manufacturing,22,21,1,20,1,0,1
S01011623,F. Construction,38,33,3,30,5,1,4
S01011623,G I. Distribution hotels and restaurants,68,55,22,33,13,4,9
S01011623,H J. Transport and communication,37,32,10,22,5,0,5
S01011623,K L M N. Financial real estate professional and administrative activities,37,33,9,24,4,2,2
S01011623,O P Q. Public administration education and health,78,75,21,54,3,1,2
S01011623,R S T U. Other,11,9,3,6,2,2,0
S01011624,All people aged 16 to 74 in employment,378,340,76,264,38,8,30
S01011624,A B D E. Agriculture energy and water,12,12,4,8,0,0,0
S01011624,C. Manufacturing,37,36,3,33,1,0,1
S01011624,F. Construction,32,22,1,21,10,2,8
S01011624,G I. Distribution hotels and restaurants,70,64,22,42,6,0,6
S01011624,H J. Transport and communication,38,31,9,22,7,1,6
S01011624,K L M N. Financial real estate professional and administrative activities,64,59,10,49,5,2,3
S01011624,O P Q. Public administration education and health,112,107,25,82,5,1,4
S01011624,R S T U. Other,13,9,2,7,4,2,2
S01011625,All people aged 16 to 74 in employment,267,250,61,189,17,4,13
S01011625,A B D E. Agriculture energy and water,9,9,2,7,0,0,0
S01011625,C. Manufacturing,36,34,2,32,2,0,2
S01011625,F. Construction,20,14,0,14,6,3,3
S01011625,G I. Distribution hotels and restaurants,51,51,17,34,0,0,0
S01011625,H J. Transport and communication,26,19,1,18,7,0,7
S01011625,K L M N. Financial real estate professional and administrative activities,44,44,13,31,0,0,0
S01011625,O P Q. Public administration education and health,72,70,22,48,2,1,1
S01011625,R S T U. Other,9,9,4,5,0,0,0
S01011626,All people aged 16 to 74 in employment,484,433,114,319,51,13,38
S01011626,A B D E. Agriculture energy and water,12,12,2,10,0,0,0
S01011626,C. Manufacturing,37,36,0,36,1,1,0
S01011626,F. Construction,44,29,2,27,15,5,10
S01011626,G I. Distribution hotels and restaurants,88,77,32,45,11,1,10
S01011626,H J. Transport and communication,43,33,6,27,10,2,8
S01011626,K L M N. Financial real estate professional and administrative activities,88,84,15,69,4,1,3
S01011626,O P Q. Public administration education and health,152,145,48,97,7,2,5
S01011626,R S T U. Other,20,17,9,8,3,1,2
S01011627,All people aged 16 to 74 in employment,430,395,93,302,35,12,23
S01011627,A B D E. Agriculture energy and water,5,5,0,5,0,0,0
S01011627,C. Manufacturing,47,45,3,42,2,0,2
S01011627,F. Construction,54,43,1,42,11,2,9
S01011627,G I. Distribution hotels and restaurants,69,61,25,36,8,3,5
S01011627,H J. Transport and communication,38,33,5,28,5,0,5
S01011627,K L M N. Financial real estate professional and administrative activities,73,70,21,49,3,3,0
S01011627,O P Q. Public administration education and health,135,132,35,97,3,2,1
S01011627,R S T U. Other,9,6,3,3,3,2,1
S01011628,All people aged 16 to 74 in employment,555,506,135,371,49,8,41
S01011628,A B D E. Agriculture energy and water,16,16,2,14,0,0,0
S01011628,C. Manufacturing,43,42,0,42,1,0,1
S01011628,F. Construction,53,35,3,32,18,3,15
S01011628,G I. Distribution hotels and restaurants,113,104,43,61,9,0,9
S01011628,H J. Transport and communication,52,40,8,32,12,1,11
S01011628,K L M N. Financial real estate professional and administrative activities,76,73,19,54,3,1,2
S01011628,O P Q. Public administration education and health,177,174,55,119,3,1,2
S01011628,R S T U. Other,25,22,5,17,3,2,1
S01011629,All people aged 16 to 74 in employment,250,232,70,162,18,4,14
S01011629,A B D E. Agriculture energy and water,6,6,1,5,0,0,0
S01011629,C. Manufacturing,29,28,5,23,1,1,0
S01011629,F. Construction,21,16,1,15,5,1,4
S01011629,G I. Distribution hotels and restaurants,58,53,25,28,5,1,4
S01011629,H J. Transport and communication,29,26,4,22,3,1,2
S01011629,K L M N. Financial real estate professional and administrative activities,41,40,15,25,1,0,1
S01011629,O P Q. Public administration education and health,53,51,14,37,2,0,2
S01011629,R S T U. Other,13,12,5,7,1,0,1
S01011630,All people aged 16 to 74 in employment,275,250,75,175,25,7,18
S01011630,A B D E. Agriculture energy and water,11,9,0,9,2,0,2
S01011630,C. Manufacturing,25,25,1,24,0,0,0
S01011630,F. Construction,45,34,0,34,11,0,11
S01011630,G I. Distribution hotels and restaurants,57,52,28,24,5,3,2
S01011630,H J. Transport and communication,24,22,5,17,2,1,1
S01011630,K L M N. Financial real estate professional and administrative activities,36,34,14,20,2,0,2
S01011630,O P Q. Public administration education and health,66,65,25,40,1,1,0
S01011630,R S T U. Other,11,9,2,7,2,2,0
S01011631,All people aged 16 to 74 in employment,225,212,61,151,13,3,10
S01011631,A B D E. Agriculture energy and water,5,5,0,5,0,0,0
S01011631,C. Manufacturing,29,29,2,27,0,0,0
S01011631,F. Construction,23,20,1,19,3,0,3
S01011631,G I. Distribution hotels and restaurants,77,73,34,39,4,2,2
S01011631,H J. Transport and communication,26,22,1,21,4,0,4
S01011631,K L M N. Financial real estate professional and administrative activities,26,26,9,17,0,0,0
S01011631,O P Q. Public administration education and health,33,32,11,21,1,1,0
S01011631,R S T U. Other,6,5,3,2,1,0,1
S01011632,All people aged 16 to 74 in employment,333,302,83,219,31,7,24
S01011632,A B D E. Agriculture energy and water,5,5,0,5,0,0,0
S01011632,C. Manufacturing,45,44,3,41,1,0,1
S01011632,F. Construction,34,25,3,22,9,0,9
S01011632,G I. Distribution hotels and restaurants,73,66,24,42,7,1,6
S01011632,H J. Transport and communication,32,28,5,23,4,1,3
S01011632,K L M N. Financial real estate professional and administrative activities,37,34,10,24,3,0,3
S01011632,O P Q. Public administration education and health,87,84,32,52,3,3,0
S01011632,R S T U. Other,20,16,6,10,4,2,2
S01011633,All people aged 16 to 74 in employment,279,260,71,189,19,9,10
S01011633,A B D E. Agriculture energy and water,6,6,1,5,0,0,0
S01011633,C. Manufacturing,24,24,0,24,0,0,0
S01011633,F. Construction,40,33,1,32,7,2,5
S01011633,G I. Distribution hotels and restaurants,51,50,25,25,1,0,1
S01011633,H J. Transport and communication,26,23,3,20,3,1,2
S01011633,K L M N. Financial real estate professional and administrative activities,50,47,15,32,3,2,1
S01011633,O P Q. Public administration education and health,70,68,24,44,2,2,0
S01011633,R S T U. Other,12,9,2,7,3,2,1
S01011634,All people aged 16 to 74 in employment,212,201,56,145,11,2,9
S01011634,A B D E. Agriculture energy and water,3,3,0,3,0,0,0
S01011634,C. Manufacturing,26,26,1,25,0,0,0
S01011634,F. Construction,21,19,1,18,2,0,2
S01011634,G I. Distribution hotels and restaurants,53,50,23,27,3,1,2
S01011634,H J. Transport and communication,21,18,1,17,3,0,3
S01011634,K L M N. Financial real estate professional and administrative activities,34,34,9,25,0,0,0
S01011634,O P Q. Public administration education and health,51,48,19,29,3,1,2
S01011634,R S T U. Other,3,3,2,1,0,0,0
S01011635,All people aged 16 to 74 in employment,282,263,73,190,19,3,16
S01011635,A B D E. Agriculture energy and water,4,4,0,4,0,0,0
S01011635,C. Manufacturing,43,42,3,39,1,0,1
S01011635,F. Construction,33,25,2,23,8,0,8
S01011635,G I. Distribution hotels and restaurants,62,60,20,40,2,0,2
S01011635,H J. Transport and communication,26,20,3,17,6,2,4
S01011635,K L M N. Financial real estate professional and administrative activities,33,32,9,23,1,0,1
S01011635,O P Q. Public administration education and health,70,70,30,40,0,0,0
S01011635,R S T U. Other,11,10,6,4,1,1,0
S01011636,All people aged 16 to 74 in employment,279,261,75,186,18,5,13
S01011636,A B D E. Agriculture energy and water,10,10,0,10,0,0,0
S01011636,C. Manufacturing,31,31,2,29,0,0,0
S01011636,F. Construction,31,26,0,26,5,0,5
S01011636,G I. Distribution hotels and restaurants,68,65,30,35,3,0,3
S01011636,H J. Transport and communication,23,18,3,15,5,2,3
S01011636,K L M N. Financial real estate professional and administrative activities,40,37,11,26,3,3,0
S01011636,O P Q. Public administration education and health,62,62,23,39,0,0,0
S01011636,R S T U. Other,14,12,6,6,2,0,2
S01011637,All people aged 16 to 74 in employment,291,267,70,197,24,8,16
S01011637,A B D E. Agriculture energy and water,5,5,0,5,0,0,0
S01011637,C. Manufacturing,29,29,1,28,0,0,0
S01011637,F. Construction,37,32,3,29,5,1,4
S01011637,G I. Distribution hotels and restaurants,71,65,26,39,6,2,4
S01011637,H J. Transport and communication,22,16,2,14,6,2,4
S01011637,K L M N. Financial real estate professional and administrative activities,35,33,7,26,2,1,1
S01011637,O P Q. Public administration education and health,78,77,27,50,1,0,1
S01011637,R S T U. Other,14,10,4,6,4,2,2
S01011638,All people aged 16 to 74 in employment,223,208,50,158,15,2,13
S01011638,A B D E. Agriculture energy and water,1,1,1,0,0,0,0
S01011638,C. Manufacturing,27,26,3,23,1,0,1
S01011638,F. Construction,13,11,2,9,2,0,2
S01011638,G I. Distribution hotels and restaurants,38,35,15,20,3,1,2
S01011638,H J. Transport and communication,29,27,3,24,2,0,2
S01011638,K L M N. Financial real estate professional and administrative activities,35,31,5,26,4,0,4
S01011638,O P Q. Public administration education and health,72,69,18,51,3,1,2
S01011638,R S T U. Other,8,8,3,5,0,0,0
S01011639,All people aged 16 to 74 in employment,227,221,68,153,6,3,3
S01011639,A B D E. Agriculture energy and water,9,9,0,9,0,0,0
S01011639,C. Manufacturing,17,17,1,16,0,0,0
S01011639,F. Construction,25,22,0,22,3,1,2
S01011639,G I. Distribution hotels and restaurants,48,48,23,25,0,0,0
S01011639,H J. Transport and communication,16,15,2,13,1,0,1
S01011639,K L M N. Financial real estate professional and administrative activities,42,42,13,29,0,0,0
S01011639,O P Q. Public administration education and health,64,63,29,34,1,1,0
S01011639,R S T U. Other,6,5,0,5,1,1,0
S01011640,All people aged 16 to 74 in employment,288,272,74,198,16,4,12
S01011640,A B D E. Agriculture energy and water,10,10,0,10,0,0,0
S01011640,C. Manufacturing,25,25,2,23,0,0,0
S01011640,F. Construction,29,27,1,26,2,1,1
S01011640,G I. Distribution hotels and restaurants,84,78,28,50,6,1,5
S01011640,H J. Transport and communication,28,23,2,21,5,1,4
S01011640,K L M N. Financial real estate professional and administrative activities,32,30,9,21,2,1,1
S01011640,O P Q. Public administration education and health,72,71,28,43,1,0,1
S01011640,R S T U. Other,8,8,4,4,0,0,0
S01011641,All people aged 16 to 74 in employment,249,224,68,156,25,6,19
S01011641,A B D E. Agriculture energy and water,5,4,1,3,1,0,1
S01011641,C. Manufacturing,18,17,1,16,1,1,0
S01011641,F. Construction,22,19,2,17,3,0,3
S01011641,G I. Distribution hotels and restaurants,38,31,18,13,7,3,4
S01011641,H J. Transport and communication,28,21,2,19,7,1,6
S01011641,K L M N. Financial real estate professional and administrative activities,39,36,11,25,3,0,3
S01011641,O P Q. Public administration education and health,84,81,31,50,3,1,2
S01011641,R S T U. Other,15,15,2,13,0,0,0
S01011642,All people aged 16 to 74 in employment,402,361,100,261,41,8,33
S01011642,A B D E. Agriculture energy and water,6,6,0,6,0,0,0
S01011642,C. Manufacturing,41,39,4,35,2,1,1
S01011642,F. Construction,43,30,0,30,13,1,12
S01011642,G I. Distribution hotels and restaurants,80,71,30,41,9,2,7
S01011642,H J. Transport and communication,23,20,3,17,3,1,2
S01011642,K L M N. Financial real estate professional and administrative activities,71,65,15,50,6,2,4
S01011642,O P Q. Public administration education and health,126,121,41,80,5,1,4
S01011642,R S T U. Other,12,9,7,2,3,0,3
S01011643,All people aged 16 to 74 in employment,307,265,73,192,42,10,32
S01011643,A B D E. Agriculture energy and water,7,7,1,6,0,0,0
S01011643,C. Manufacturing,36,34,0,34,2,0,2
S01011643,F. Construction,26,17,1,16,9,0,9
S01011643,G I. Distribution hotels and restaurants,44,36,18,18,8,0,8
S01011643,H J. Transport and communication,30,22,3,19,8,2,6
S01011643,K L M N. Financial real estate professional and administrative activities,47,44,5,39,3,3,0
S01011643,O P Q. Public administration education and health,102,94,41,53,8,2,6
S01011643,R S T U. Other,15,11,4,7,4,3,1
S01011644,All people aged 16 to 74 in employment,319,288,70,218,31,7,24
S01011644,A B D E. Agriculture energy and water,4,4,0,4,0,0,0
S01011644,C. Manufacturing,33,31,1,30,2,0,2
S01011644,F. Construction,25,20,2,18,5,0,5
S01011644,G I. Distribution hotels and restaurants,61,54,23,31,7,1,6
S01011644,H J. Transport and communication,24,22,4,18,2,0,2
S01011644,K L M N. Financial real estate professional and administrative activities,47,44,9,35,3,0,3
S01011644,O P Q. Public administration education and health,109,103,29,74,6,3,3
S01011644,R S T U. Other,16,10,2,8,6,3,3
S01011645,All people aged 16 to 74 in employment,228,206,63,143,22,9,13
S01011645,A B D E. Agriculture energy and water,5,5,0,5,0,0,0
S01011645,C. Manufacturing,11,11,1,10,0,0,0
S01011645,F. Construction,20,14,1,13,6,1,5
S01011645,G I. Distribution hotels and restaurants,35,31,14,17,4,2,2
S01011645,H J. Transport and communication,30,23,7,16,7,3,4
S01011645,K L M N. Financial real estate professional and administrative activities,23,21,5,16,2,2,0
S01011645,O P Q. Public administration education and health,95,93,31,62,2,0,2
S01011645,R S T U. Other,9,8,4,4,1,1,0
S01011646,All people aged 16 to 74 in employment,352,317,86,231,35,9,26
S01011646,A B D E. Agriculture energy and water,3,3,0,3,0,0,0
S01011646,C. Manufacturing,28,27,1,26,1,0,1
S01011646,F. Construction,31,27,1,26,4,1,3
S01011646,G I. Distribution hotels and restaurants,69,62,25,37,7,1,6
S01011646,H J. Transport and communication,31,24,5,19,7,2,5
S01011646,K L M N. Financial real estate professional and administrative activities,58,48,13,35,10,2,8
S01011646,O P Q. Public administration education and health,122,117,37,80,5,2,3
S01011646,R S T U. Other,10,9,4,5,1,1,0
S01011647,All people aged 16 to 74 in employment,496,464,105,359,32,4,28
S01011647,A B D E. Agriculture energy and water,8,8,1,7,0,0,0
S01011647,C. Manufacturing,41,38,3,35,3,0,3
S01011647,F. Construction,42,31,4,27,11,3,8
S01011647,G I. Distribution hotels and restaurants,76,73,33,40,3,0,3
S01011647,H J. Transport and communication,44,39,2,37,5,0,5
S01011647,K L M N. Financial real estate professional and administrative activities,75,75,15,60,0,0,0
S01011647,O P Q. Public administration education and health,187,184,38,146,3,1,2
S01011647,R S T U. Other,23,16,9,7,7,0,7
S01011648,All people aged 16 to 74 in employment,365,334,63,271,31,6,25
S01011648,A B D E. Agriculture energy and water,7,7,2,5,0,0,0
S01011648,C. Manufacturing,34,34,0,34,0,0,0
S01011648,F. Construction,30,20,0,20,10,0,10
S01011648,G I. Distribution hotels and restaurants,67,59,18,41,8,3,5
S01011648,H J. Transport and communication,41,37,3,34,4,1,3
S01011648,K L M N. Financial real estate professional and administrative activities,52,48,6,42,4,1,3
S01011648,O P Q. Public administration education and health,124,120,33,87,4,1,3
S01011648,R S T U. Other,10,9,1,8,1,0,1
S01011649,All people aged 16 to 74 in employment,237,222,45,177,15,5,10
S01011649,A B D E. Agriculture energy and water,5,5,1,4,0,0,0
S01011649,C. Manufacturing,17,17,0,17,0,0,0
S01011649,F. Construction,26,21,0,21,5,0,5
S01011649,G I. Distribution hotels and restaurants,51,48,13,35,3,1,2
S01011649,H J. Transport and communication,28,24,3,21,4,2,2
S01011649,K L M N. Financial real estate professional and administrative activities,33,33,6,27,0,0,0
S01011649,O P Q. Public administration education and health,67,66,18,48,1,1,0
S01011649,R S T U. Other,10,8,4,4,2,1,1
S01011650,All people aged 16 to 74 in employment,331,292,60,232,39,8,31
S01011650,A B D E. Agriculture energy and water,4,2,1,1,2,0,2
S01011650,C. Manufacturing,22,22,1,21,0,0,0
S01011650,F. Construction,26,18,1,17,8,1,7
S01011650,G I. Distribution hotels and restaurants,61,57,19,38,4,0,4
S01011650,H J. Transport and communication,25,19,2,17,6,3,3
S01011650,K L M N. Financial real estate professional and administrative activities,61,51,7,44,10,0,10
S01011650,O P Q. Public administration education and health,111,109,26,83,2,0,2
S01011650,R S T U. Other,21,14,3,11,7,4,3
S01011651,All people aged 16 to 74 in employment,442,409,93,316,33,9,24
S01011651,A B D E. Agriculture energy and water,5,5,0,5,0,0,0
S01011651,C. Manufacturing,52,48,2,46,4,0,4
S01011651,F. Construction,40,36,0,36,4,0,4
S01011651,G I. Distribution hotels and restaurants,88,80,30,50,8,2,6
S01011651,H J. Transport and communication,25,21,5,16,4,1,3
S01011651,K L M N. Financial real estate professional and administrative activities,72,68,13,55,4,0,4
S01011651,O P Q. Public administration education and health,140,136,39,97,4,3,1
S01011651,R S T U. Other,20,15,4,11,5,3,2
S01011652,All people aged 16 to 74 in employment,419,385,96,289,34,10,24
S01011652,A B D E. Agriculture energy and water,7,7,0,7,0,0,0
S01011652,C. Manufacturing,36,33,0,33,3,1,2
S01011652,F. Construction,42,32,2,30,10,2,8
S01011652,G I. Distribution hotels and restaurants,86,83,42,41,3,2,1
S01011652,H J. Transport and communication,32,26,5,21,6,2,4
S01011652,K L M N. Financial real estate professional and administrative activities,53,46,9,37,7,2,5
S01011652,O P Q. Public administration education and health,146,143,32,111,3,1,2
S01011652,R S T U. Other,17,15,6,9,2,0,2
S01011653,All people aged 16 to 74 in employment,373,345,99,246,28,6,22
S01011653,A B D E. Agriculture energy and water,10,8,0,8,2,0,2
S01011653,C. Manufacturing,44,42,6,36,2,1,1
S01011653,F. Construction,41,33,3,30,8,1,7
S01011653,G I. Distribution hotels and restaurants,73,71,36,35,2,0,2
S01011653,H J. Transport and communication,37,33,5,28,4,1,3
S01011653,K L M N. Financial real estate professional and administrative activities,54,50,15,35,4,1,3
S01011653,O P Q. Public administration education and health,104,99,33,66,5,2,3
S01011653,R S T U. Other,10,9,1,8,1,0,1
S01011654,All people aged 16 to 74 in employment,401,349,73,276,52,8,44
S01011654,A B D E. Agriculture energy and water,4,4,0,4,0,0,0
S01011654,C. Manufacturing,39,36,3,33,3,0,3
S01011654,F. Construction,39,32,4,28,7,0,7
S01011654,G I. Distribution hotels and restaurants,72,61,21,40,11,0,11
S01011654,H J. Transport and communication,32,20,4,16,12,3,9
S01011654,K L M N. Financial real estate professional and administrative activities,65,58,7,51,7,2,5
S01011654,O P Q. Public administration education and health,134,123,28,95,11,2,9
S01011654,R S T U. Other,16,15,6,9,1,1,0
S01011655,All people aged 16 to 74 in employment,341,317,93,224,24,7,17
S01011655,A B D E. Agriculture energy and water,8,8,0,8,0,0,0
S01011655,C. Manufacturing,36,34,2,32,2,0,2
S01011655,F. Construction,44,40,1,39,4,0,4
S01011655,G I. Distribution hotels and restaurants,74,72,33,39,2,1,1
S01011655,H J. Transport and communication,40,27,7,20,13,4,9
S01011655,K L M N. Financial real estate professional and administrative activities,45,44,12,32,1,1,0
S01011655,O P Q. Public administration education and health,88,87,36,51,1,1,0
S01011655,R S T U. Other,6,5,2,3,1,0,1
S01011656,All people aged 16 to 74 in employment,232,220,70,150,12,6,6
S01011656,A B D E. Agriculture energy and water,6,6,0,6,0,0,0
S01011656,C. Manufacturing,20,19,4,15,1,1,0
S01011656,F. Construction,26,22,1,21,4,0,4
S01011656,G I. Distribution hotels and restaurants,56,54,26,28,2,2,0
S01011656,H J. Transport and communication,18,14,5,9,4,2,2
S01011656,K L M N. Financial real estate professional and administrative activities,33,33,9,24,0,0,0
S01011656,O P Q. Public administration education and health,64,63,20,43,1,1,0
S01011656,R S T U. Other,9,9,5,4,0,0,0
S01011657,All people aged 16 to 74 in employment,204,188,53,135,16,4,12
S01011657,A B D E. Agriculture energy and water,5,5,0,5,0,0,0
S01011657,C. Manufacturing,16,16,1,15,0,0,0
S01011657,F. Construction,19,15,0,15,4,0,4
S01011657,G I. Distribution hotels and restaurants,40,36,19,17,4,1,3
S01011657,H J. Transport and communication,21,15,2,13,6,1,5
S01011657,K L M N. Financial real estate professional and administrative activities,29,29,8,21,0,0,0
S01011657,O P Q. Public administration education and health,69,68,22,46,1,1,0
S01011657,R S T U. Other,5,4,1,3,1,1,0
S01011658,All people aged 16 to 74 in employment,297,263,64,199,34,8,26
S01011658,A B D E. Agriculture energy and water,11,11,2,9,0,0,0
S01011658,C. Manufacturing,33,29,3,26,4,1,3
S01011658,F. Construction,44,35,1,34,9,1,8
S01011658,G I. Distribution hotels and restaurants,62,59,21,38,3,0,3
S01011658,H J. Transport and communication,33,22,5,17,11,1,10
S01011658,K L M N. Financial real estate professional and administrative activities,38,35,11,24,3,1,2
S01011658,O P Q. Public administration education and health,66,66,19,47,0,0,0
S01011658,R S T U. Other,10,6,2,4,4,4,0
S01011659,All people aged 16 to 74 in employment,321,294,82,212,27,12,15
S01011659,A B D E. Agriculture energy and water,11,9,0,9,2,0,2
S01011659,C. Manufacturing,34,33,1,32,1,0,1
S01011659,F. Construction,37,29,1,28,8,1,7
S01011659,G I. Distribution hotels and restaurants,67,62,27,35,5,2,3
S01011659,H J. Transport and communication,25,24,2,22,1,1,0
S01011659,K L M N. Financial real estate professional and administrative activities,51,44,18,26,7,6,1
S01011659,O P Q. Public administration education and health,85,84,31,53,1,1,0
S01011659,R S T U. Other,11,9,2,7,2,1,1
S01011660,All people aged 16 to 74 in employment,483,442,126,316,41,7,34
S01011660,A B D E. Agriculture energy and water,12,12,4,8,0,0,0
S01011660,C. Manufacturing,52,49,1,48,3,1,2
S01011660,F. Construction,47,40,3,37,7,0,7
S01011660,G I. Distribution hotels and restaurants,98,90,37,53,8,3,5
S01011660,H J. Transport and communication,39,28,3,25,11,1,10
S01011660,K L M N. Financial real estate professional and administrative activities,78,72,20,52,6,1,5
S01011660,O P Q. Public administration education and health,140,137,51,86,3,1,2
S01011660,R S T U. Other,17,14,7,7,3,0,3
S01011661,All people aged 16 to 74 in employment,237,210,57,153,27,5,22
S01011661,A B D E. Agriculture energy and water,5,4,0,4,1,0,1
S01011661,C. Manufacturing,16,16,1,15,0,0,0
S01011661,F. Construction,36,29,1,28,7,0,7
S01011661,G I. Distribution hotels and restaurants,44,42,15,27,2,0,2
S01011661,H J. Transport and communication,37,22,6,16,15,4,11
S01011661,K L M N. Financial real estate professional and administrative activities,32,31,7,24,1,0,1
S01011661,O P Q. Public administration education and health,58,58,23,35,0,0,0
S01011661,R S T U. Other,9,8,4,4,1,1,0
S01011662,All people aged 16 to 74 in employment,367,332,87,245,35,3,32
S01011662,A B D E. Agriculture energy and water,7,7,0,7,0,0,0
S01011662,C. Manufacturing,33,31,3,28,2,0,2
S01011662,F. Construction,50,37,4,33,13,1,12
S01011662,G I. Distribution hotels and restaurants,59,55,21,34,4,1,3
S01011662,H J. Transport and communication,22,16,2,14,6,0,6
S01011662,K L M N. Financial real estate professional and administrative activities,63,60,12,48,3,1,2
S01011662,O P Q. Public administration education and health,124,119,43,76,5,0,5
S01011662,R S T U. Other,9,7,2,5,2,0,2
S01011663,All people aged 16 to 74 in employment,405,379,118,261,26,6,20
S01011663,A B D E. Agriculture energy and water,10,9,0,9,1,0,1
S01011663,C. Manufacturing,46,46,7,39,0,0,0
S01011663,F. Construction,41,31,6,25,10,1,9
S01011663,G I. Distribution hotels and restaurants,102,94,38,56,8,2,6
S01011663,H J. Transport and communication,36,33,7,26,3,0,3
S01011663,K L M N. Financial real estate professional and administrative activities,57,56,11,45,1,1,0
S01011663,O P Q. Public administration education and health,102,101,44,57,1,1,0
S01011663,R S T U. Other,11,9,5,4,2,1,1
S01011664,All people aged 16 to 74 in employment,375,344,89,255,31,5,26
S01011664,A B D E. Agriculture energy and water,16,16,1,15,0,0,0
S01011664,C. Manufacturing,40,40,3,37,0,0,0
S01011664,F. Construction,57,43,3,40,14,0,14
S01011664,G I. Distribution hotels and restaurants,63,59,22,37,4,1,3
S01011664,H J. Transport and communication,24,17,5,12,7,1,6
S01011664,K L M N. Financial real estate professional and administrative activities,53,51,16,35,2,2,0
S01011664,O P Q. Public administration education and health,110,108,35,73,2,1,1
S01011664,R S T U. Other,12,10,4,6,2,0,2
S01011665,All people aged 16 to 74 in employment,354,334,86,248,20,8,12
S01011665,A B D E. Agriculture energy and water,9,8,1,7,1,0,1
S01011665,C. Manufacturing,41,40,2,38,1,0,1
S01011665,F. Construction,36,33,0,33,3,0,3
S01011665,G I. Distribution hotels and restaurants,63,58,28,30,5,2,3
S01011665,H J. Transport and communication,27,22,6,16,5,1,4
S01011665,K L M N. Financial real estate professional and administrative activities,55,52,8,44,3,3,0
S01011665,O P Q. Public administration education and health,111,110,37,73,1,1,0
S01011665,R S T U. Other,12,11,4,7,1,1,0
S01011666,All people aged 16 to 74 in employment,313,296,83,213,17,5,12
S01011666,A B D E. Agriculture energy and water,7,7,2,5,0,0,0
S01011666,C. Manufacturing,31,31,1,30,0,0,0
S01011666,F. Construction,20,15,1,14,5,0,5
S01011666,G I. Distribution hotels and restaurants,80,72,28,44,8,3,5
S01011666,H J. Transport and communication,25,25,4,21,0,0,0
S01011666,K L M N. Financial real estate professional and administrative activities,55,53,17,36,2,1,1
S01011666,O P Q. Public administration education and health,82,81,24,57,1,0,1
S01011666,R S T U. Other,13,12,6,6,1,1,0
S01011667,All people aged 16 to 74 in employment,326,288,72,216,38,10,28
S01011667,A B D E. Agriculture energy and water,8,6,0,6,2,0,2
S01011667,C. Manufacturing,25,24,1,23,1,1,0
S01011667,F. Construction,30,23,3,20,7,0,7
S01011667,G I. Distribution hotels and restaurants,67,62,19,43,5,2,3
S01011667,H J. Transport and communication,39,31,6,25,8,3,5
S01011667,K L M N. Financial real estate professional and administrative activities,58,53,15,38,5,2,3
S01011667,O P Q. Public administration education and health,84,79,24,55,5,2,3
S01011667,R S T U. Other,15,10,4,6,5,0,5
S01011668,All people aged 16 to 74 in employment,406,392,126,266,14,4,10
S01011668,A B D E. Agriculture energy and water,10,9,1,8,1,0,1
S01011668,C. Manufacturing,41,41,4,37,0,0,0
S01011668,F. Construction,64,61,6,55,3,1,2
S01011668,G I. Distribution hotels and restaurants,87,83,41,42,4,0,4
S01011668,H J. Transport and communication,39,37,6,31,2,1,1
S01011668,K L M N. Financial real estate professional and administrative activities,53,52,16,36,1,0,1
S01011668,O P Q. Public administration education and health,93,92,41,51,1,1,0
S01011668,R S T U. Other,19,17,11,6,2,1,1
S01011669,All people aged 16 to 74 in employment,285,243,79,164,42,9,33
S01011669,A B D E. Agriculture energy and water,3,3,0,3,0,0,0
S01011669,C. Manufacturing,18,15,3,12,3,0,3
S01011669,F. Construction,25,17,1,16,8,1,7
S01011669,G I. Distribution hotels and restaurants,63,55,26,29,8,0,8
S01011669,H J. Transport and communication,28,24,4,20,4,2,2
S01011669,K L M N. Financial real estate professional and administrative activities,42,28,11,17,14,5,9
S01011669,O P Q. Public administration education and health,93,90,27,63,3,0,3
S01011669,R S T U. Other,13,11,7,4,2,1,1
S01011670,All people aged 16 to 74 in employment,239,221,68,153,18,4,14
S01011670,A B D E. Agriculture energy and water,2,2,0,2,0,0,0
S01011670,C. Manufacturing,30,30,4,26,0,0,0
S01011670,F. Construction,28,22,1,21,6,1,5
S01011670,G I. Distribution hotels and restaurants,54,50,26,24,4,1,3
S01011670,H J. Transport and communication,28,24,5,19,4,0,4
S01011670,K L M N. Financial real estate professional and administrative activities,33,33,10,23,0,0,0
S01011670,O P Q. Public administration education and health,58,55,20,35,3,1,2
S01011670,R S T U. Other,6,5,2,3,1,1,0
S01011671,All people aged 16 to 74 in employment,305,268,62,206,37,11,26
S01011671,A B D E. Agriculture energy and water,3,2,0,2,1,0,1
S01011671,C. Manufacturing,27,25,0,25,2,2,0
S01011671,F. Construction,32,22,2,20,10,1,9
S01011671,G I. Distribution hotels and restaurants,53,50,17,33,3,0,3
S01011671,H J. Transport and communication,30,26,0,26,4,3,1
S01011671,K L M N. Financial real estate professional and administrative activities,47,40,8,32,7,1,6
S01011671,O P Q. Public administration education and health,84,78,21,57,6,4,2
S01011671,R S T U. Other,29,25,14,11,4,0,4
S01011672,All people aged 16 to 74 in employment,235,216,59,157,19,2,17
S01011672,A B D E. Agriculture energy and water,5,5,0,5,0,0,0
S01011672,C. Manufacturing,32,30,2,28,2,0,2
S01011672,F. Construction,21,14,1,13,7,1,6
S01011672,G I. Distribution hotels and restaurants,53,51,25,26,2,1,1
S01011672,H J. Transport and communication,21,17,4,13,4,0,4
S01011672,K L M N. Financial real estate professional and administrative activities,25,23,6,17,2,0,2
S01011672,O P Q. Public administration education and health,67,66,16,50,1,0,1
S01011672,R S T U. Other,11,10,5,5,1,0,1
S01011673,All people aged 16 to 74 in employment,298,271,96,175,27,11,16
S01011673,A B D E. Agriculture energy and water,4,4,0,4,0,0,0
S01011673,C. Manufacturing,33,32,6,26,1,1,0
S01011673,F. Construction,37,30,1,29,7,0,7
S01011673,G I. Distribution hotels and restaurants,65,59,26,33,6,3,3
S01011673,H J. Transport and communication,30,23,8,15,7,3,4
S01011673,K L M N. Financial real estate professional and administrative activities,47,43,12,31,4,4,0
S01011673,O P Q. Public administration education and health,76,74,38,36,2,0,2
S01011673,R S T U. Other,6,6,5,1,0,0,0
S01011674,All people aged 16 to 74 in employment,496,472,100,372,24,5,19
S01011674,A B D E. Agriculture energy and water,11,10,0,10,1,0,1
S01011674,C. Manufacturing,49,49,2,47,0,0,0
S01011674,F. Construction,58,50,2,48,8,0,8
S01011674,G I. Distribution hotels and restaurants,95,91,28,63,4,1,3
S01011674,H J. Transport and communication,38,34,7,27,4,1,3
S01011674,K L M N. Financial real estate professional and administrative activities,76,75,17,58,1,0,1
S01011674,O P Q. Public administration education and health,156,152,40,112,4,1,3
S01011674,R S T U. Other,13,11,4,7,2,2,0
S01011675,All people aged 16 to 74 in employment,389,358,93,265,31,5,26
S01011675,A B D E. Agriculture energy and water,13,13,2,11,0,0,0
S01011675,C. Manufacturing,36,34,1,33,2,0,2
S01011675,F. Construction,44,37,1,36,7,1,6
S01011675,G I. Distribution hotels and restaurants,84,82,32,50,2,0,2
S01011675,H J. Transport and communication,45,38,5,33,7,0,7
S01011675,K L M N. Financial real estate professional and administrative activities,50,46,14,32,4,2,2
S01011675,O P Q. Public administration education and health,104,98,34,64,6,2,4
S01011675,R S T U. Other,13,10,4,6,3,0,3
S01011676,All people aged 16 to 74 in employment,271,255,72,183,16,8,8
S01011676,A B D E. Agriculture energy and water,9,9,2,7,0,0,0
S01011676,C. Manufacturing,25,24,4,20,1,1,0
S01011676,F. Construction,47,44,0,44,3,1,2
S01011676,G I. Distribution hotels and restaurants,53,52,20,32,1,0,1
S01011676,H J. Transport and communication,24,20,4,16,4,2,2
S01011676,K L M N. Financial real estate professional and administrative activities,27,23,8,15,4,2,2
S01011676,O P Q. Public administration education and health,77,75,30,45,2,1,1
S01011676,R S T U. Other,9,8,4,4,1,1,0
S01011677,All people aged 16 to 74 in employment,306,275,63,212,31,11,20
S01011677,A B D E. Agriculture energy and water,11,11,1,10,0,0,0
S01011677,C. Manufacturing,39,36,3,33,3,0,3
S01011677,F. Construction,24,16,0,16,8,2,6
S01011677,G I. Distribution hotels and restaurants,63,57,19,38,6,1,5
S01011677,H J. Transport and communication,34,28,7,21,6,4,2
S01011677,K L M N. Financial real estate professional and administrative activities,34,30,9,21,4,3,1
S01011677,O P Q. Public administration education and health,94,92,22,70,2,1,1
S01011677,R S T U. Other,7,5,2,3,2,0,2
S01011678,All people aged 16 to 74 in employment,168,148,52,96,20,6,14
S01011678,A B D E. Agriculture energy and water,4,3,1,2,1,0,1
S01011678,C. Manufacturing,18,18,5,13,0,0,0
S01011678,F. Construction,27,22,2,20,5,1,4
S01011678,G I. Distribution hotels and restaurants,41,34,20,14,7,3,4
S01011678,H J. Transport and communication,11,6,2,4,5,1,4
S01011678,K L M N. Financial real estate professional and administrative activities,19,19,5,14,0,0,0
S01011678,O P Q. Public administration education and health,42,40,17,23,2,1,1
S01011678,R S T U. Other,6,6,0,6,0,0,0
S01011679,All people aged 16 to 74 in employment,324,300,65,235,24,6,18
S01011679,A B D E. Agriculture energy and water,11,11,0,11,0,0,0
S01011679,C. Manufacturing,28,27,4,23,1,0,1
S01011679,F. Construction,38,32,0,32,6,0,6
S01011679,G I. Distribution hotels and restaurants,61,57,16,41,4,0,4
S01011679,H J. Transport and communication,24,22,4,18,2,0,2
S01011679,K L M N. Financial real estate professional and administrative activities,52,45,9,36,7,4,3
S01011679,O P Q. Public administration education and health,97,94,29,65,3,2,1
S01011679,R S T U. Other,13,12,3,9,1,0,1
S01011680,All people aged 16 to 74 in employment,413,377,92,285,36,11,25
S01011680,A B D E. Agriculture energy and water,10,10,0,10,0,0,0
S01011680,C. Manufacturing,40,39,5,34,1,1,0
S01011680,F. Construction,72,62,2,60,10,4,6
S01011680,G I. Distribution hotels and restaurants,72,64,28,36,8,2,6
S01011680,H J. Transport and communication,41,35,6,29,6,0,6
S01011680,K L M N. Financial real estate professional and administrative activities,52,50,6,44,2,1,1
S01011680,O P Q. Public administration education and health,115,108,42,66,7,2,5
S01011680,R S T U. Other,11,9,3,6,2,1,1
S01011681,All people aged 16 to 74 in employment,392,360,86,274,32,4,28
S01011681,A B D E. Agriculture energy and water,12,8,1,7,4,0,4
S01011681,C. Manufacturing,48,48,3,45,0,0,0
S01011681,F. Construction,50,43,2,41,7,0,7
S01011681,G I. Distribution hotels and restaurants,69,64,28,36,5,1,4
S01011681,H J. Transport and communication,39,28,3,25,11,0,11
S01011681,K L M N. Financial real estate professional and administrative activities,52,51,16,35,1,1,0
S01011681,O P Q. Public administration education and health,114,112,31,81,2,1,1
S01011681,R S T U. Other,8,6,2,4,2,1,1
S01011682,All people aged 16 to 74 in employment,223,165,34,131,58,13,45
S01011682,A B D E. Agriculture energy and water,27,13,0,13,14,3,11
S01011682,C. Manufacturing,16,14,0,14,2,0,2
S01011682,F. Construction,32,16,2,14,16,4,12
S01011682,G I. Distribution hotels and restaurants,32,25,5,20,7,2,5
S01011682,H J. Transport and communication,21,13,3,10,8,0,8
S01011682,K L M N. Financial real estate professional and administrative activities,26,25,4,21,1,0,1
S01011682,O P Q. Public administration education and health,60,55,18,37,5,1,4
S01011682,R S T U. Other,9,4,2,2,5,3,2
S01011683,All people aged 16 to 74 in employment,356,301,79,222,55,8,47
S01011683,A B D E. Agriculture energy and water,20,13,3,10,7,3,4
S01011683,C. Manufacturing,25,23,1,22,2,0,2
S01011683,F. Construction,70,48,1,47,22,2,20
S01011683,G I. Distribution hotels and restaurants,73,64,29,35,9,1,8
S01011683,H J. Transport and communication,24,24,2,22,0,0,0
S01011683,K L M N. Financial real estate professional and administrative activities,41,35,9,26,6,0,6
S01011683,O P Q. Public administration education and health,85,83,29,54,2,0,2
S01011683,R S T U. Other,18,11,5,6,7,2,5
S01011684,All people aged 16 to 74 in employment,241,212,61,151,29,3,26
S01011684,A B D E. Agriculture energy and water,10,10,1,9,0,0,0
S01011684,C. Manufacturing,21,20,2,18,1,0,1
S01011684,F. Construction,54,43,7,36,11,0,11
S01011684,G I. Distribution hotels and restaurants,45,42,22,20,3,1,2
S01011684,H J. Transport and communication,18,16,2,14,2,0,2
S01011684,K L M N. Financial real estate professional and administrative activities,30,22,5,17,8,2,6
S01011684,O P Q. Public administration education and health,58,56,20,36,2,0,2
S01011684,R S T U. Other,5,3,2,1,2,0,2
S01011685,All people aged 16 to 74 in employment,471,409,98,311,62,14,48
S01011685,A B D E. Agriculture energy and water,16,11,2,9,5,0,5
S01011685,C. Manufacturing,42,41,4,37,1,0,1
S01011685,F. Construction,49,35,2,33,14,0,14
S01011685,G I. Distribution hotels and restaurants,98,88,41,47,10,1,9
S01011685,H J. Transport and communication,30,23,3,20,7,1,6
S01011685,K L M N. Financial real estate professional and administrative activities,74,60,8,52,14,7,7
S01011685,O P Q. Public administration education and health,140,133,28,105,7,2,5
S01011685,R S T U. Other,22,18,10,8,4,3,1
S01011686,All people aged 16 to 74 in employment,472,418,95,323,54,11,43
S01011686,A B D E. Agriculture energy and water,11,11,0,11,0,0,0
S01011686,C. Manufacturing,51,49,3,46,2,1,1
S01011686,F. Construction,50,38,1,37,12,2,10
S01011686,G I. Distribution hotels and restaurants,85,72,31,41,13,1,12
S01011686,H J. Transport and communication,48,39,6,33,9,2,7
S01011686,K L M N. Financial real estate professional and administrative activities,69,58,14,44,11,3,8
S01011686,O P Q. Public administration education and health,148,143,38,105,5,1,4
S01011686,R S T U. Other,10,8,2,6,2,1,1
S01011687,All people aged 16 to 74 in employment,382,353,83,270,29,6,23
S01011687,A B D E. Agriculture energy and water,16,15,2,13,1,0,1
S01011687,C. Manufacturing,38,37,3,34,1,0,1
S01011687,F. Construction,56,45,0,45,11,0,11
S01011687,G I. Distribution hotels and restaurants,72,70,27,43,2,1,1
S01011687,H J. Transport and communication,39,35,8,27,4,1,3
S01011687,K L M N. Financial real estate professional and administrative activities,49,44,7,37,5,1,4
S01011687,O P Q. Public administration education and health,94,92,29,63,2,0,2
S01011687,R S T U. Other,18,15,7,8,3,3,0
S01011688,All people aged 16 to 74 in employment,425,352,86,266,73,12,61
S01011688,A B D E. Agriculture energy and water,16,8,0,8,8,0,8
S01011688,C. Manufacturing,38,36,3,33,2,1,1
S01011688,F. Construction,65,54,6,48,11,2,9
S01011688,G I. Distribution hotels and restaurants,89,71,31,40,18,5,13
S01011688,H J. Transport and communication,31,22,2,20,9,3,6
S01011688,K L M N. Financial real estate professional and administrative activities,57,45,16,29,12,0,12
S01011688,O P Q. Public administration education and health,112,105,27,78,7,1,6
S01011688,R S T U. Other,17,11,1,10,6,0,6
S01011689,All people aged 16 to 74 in employment,374,317,76,241,57,15,42
S01011689,A B D E. Agriculture energy and water,17,9,1,8,8,2,6
S01011689,C. Manufacturing,32,28,3,25,4,1,3
S01011689,F. Construction,41,31,1,30,10,1,9
S01011689,G I. Distribution hotels and restaurants,79,68,28,40,11,4,7
S01011689,H J. Transport and communication,31,24,1,23,7,2,5
S01011689,K L M N. Financial real estate professional and administrative activities,58,49,8,41,9,0,9
S01011689,O P Q. Public administration education and health,100,96,29,67,4,2,2
S01011689,R S T U. Other,16,12,5,7,4,3,1
S01011690,All people aged 16 to 74 in employment,523,452,101,351,71,14,57
S01011690,A B D E. Agriculture energy and water,20,17,4,13,3,0,3
S01011690,C. Manufacturing,37,37,4,33,0,0,0
S01011690,F. Construction,65,49,3,46,16,2,14
S01011690,G I. Distribution hotels and restaurants,91,75,25,50,16,1,15
S01011690,H J. Transport and communication,50,32,4,28,18,2,16
S01011690,K L M N. Financial real estate professional and administrative activities,88,81,20,61,7,2,5
S01011690,O P Q. Public administration education and health,158,149,35,114,9,7,2
S01011690,R S T U. Other,14,12,6,6,2,0,2
S01011691,All people aged 16 to 74 in employment,315,287,74,213,28,5,23
S01011691,A B D E. Agriculture energy and water,9,9,2,7,0,0,0
S01011691,C. Manufacturing,20,20,0,20,0,0,0
S01011691,F. Construction,45,36,2,34,9,1,8
S01011691,G I. Distribution hotels and restaurants,55,53,16,37,2,1,1
S01011691,H J. Transport and communication,37,31,5,26,6,1,5
S01011691,K L M N. Financial real estate professional and administrative activities,47,43,9,34,4,0,4
S01011691,O P Q. Public administration education and health,86,83,35,48,3,1,2
S01011691,R S T U. Other,16,12,5,7,4,1,3
S01011692,All people aged 16 to 74 in employment,442,417,110,307,25,6,19
S01011692,A B D E. Agriculture energy and water,11,11,0,11,0,0,0
S01011692,C. Manufacturing,41,41,2,39,0,0,0
S01011692,F. Construction,59,55,1,54,4,0,4
S01011692,G I. Distribution hotels and restaurants,119,111,48,63,8,1,7
S01011692,H J. Transport and communication,41,32,5,27,9,3,6
S01011692,K L M N. Financial real estate professional and administrative activities,43,42,6,36,1,0,1
S01011692,O P Q. Public administration education and health,118,117,46,71,1,1,0
S01011692,R S T U. Other,10,8,2,6,2,1,1
S01011693,All people aged 16 to 74 in employment,442,397,86,311,45,8,37
S01011693,A B D E. Agriculture energy and water,12,12,2,10,0,0,0
S01011693,C. Manufacturing,22,20,2,18,2,1,1
S01011693,F. Construction,51,42,2,40,9,1,8
S01011693,G I. Distribution hotels and restaurants,77,70,26,44,7,3,4
S01011693,H J. Transport and communication,44,33,6,27,11,0,11
S01011693,K L M N. Financial real estate professional and administrative activities,60,52,7,45,8,2,6
S01011693,O P Q. Public administration education and health,162,158,37,121,4,1,3
S01011693,R S T U. Other,14,10,4,6,4,0,4
S01011694,All people aged 16 to 74 in employment,300,271,57,214,29,10,19
S01011694,A B D E. Agriculture energy and water,11,10,2,8,1,0,1
S01011694,C. Manufacturing,27,24,1,23,3,0,3
S01011694,F. Construction,29,22,2,20,7,2,5
S01011694,G I. Distribution hotels and restaurants,48,45,18,27,3,1,2
S01011694,H J. Transport and communication,33,29,3,26,4,2,2
S01011694,K L M N. Financial real estate professional and administrative activities,63,60,13,47,3,2,1
S01011694,O P Q. Public administration education and health,77,72,16,56,5,1,4
S01011694,R S T U. Other,12,9,2,7,3,2,1
S01011695,All people aged 16 to 74 in employment,528,458,117,341,70,13,57
S01011695,A B D E. Agriculture energy and water,22,12,2,10,10,3,7
S01011695,C. Manufacturing,43,41,3,38,2,0,2
S01011695,F. Construction,67,54,4,50,13,0,13
S01011695,G I. Distribution hotels and restaurants,74,63,25,38,11,1,10
S01011695,H J. Transport and communication,64,50,7,43,14,5,9
S01011695,K L M N. Financial real estate professional and administrative activities,83,74,21,53,9,2,7
S01011695,O P Q. Public administration education and health,151,147,48,99,4,1,3
S01011695,R S T U. Other,24,17,7,10,7,1,6
S01011696,All people aged 16 to 74 in employment,607,527,111,416,80,23,57
S01011696,A B D E. Agriculture energy and water,8,6,0,6,2,1,1
S01011696,C. Manufacturing,28,25,2,23,3,0,3
S01011696,F. Construction,58,48,6,42,10,1,9
S01011696,G I. Distribution hotels and restaurants,121,99,36,63,22,8,14
S01011696,H J. Transport and communication,56,44,7,37,12,2,10
S01011696,K L M N. Financial real estate professional and administrative activities,129,112,19,93,17,2,15
S01011696,O P Q. Public administration education and health,182,173,34,139,9,6,3
S01011696,R S T U. Other,25,20,7,13,5,3,2
S01011697,All people aged 16 to 74 in employment,537,478,97,381,59,7,52
S01011697,A B D E. Agriculture energy and water,15,13,0,13,2,0,2
S01011697,C. Manufacturing,28,27,2,25,1,0,1
S01011697,F. Construction,57,38,2,36,19,1,18
S01011697,G I. Distribution hotels and restaurants,100,92,33,59,8,3,5
S01011697,H J. Transport and communication,38,28,2,26,10,0,10
S01011697,K L M N. Financial real estate professional and administrative activities,122,109,23,86,13,2,11
S01011697,O P Q. Public administration education and health,161,157,35,122,4,1,3
S01011697,R S T U. Other,16,14,0,14,2,0,2
S01011698,All people aged 16 to 74 in employment,303,273,76,197,30,10,20
S01011698,A B D E. Agriculture energy and water,8,7,0,7,1,0,1
S01011698,C. Manufacturing,17,17,4,13,0,0,0
S01011698,F. Construction,46,37,3,34,9,0,9
S01011698,G I. Distribution hotels and restaurants,71,65,24,41,6,2,4
S01011698,H J. Transport and communication,31,27,6,21,4,2,2
S01011698,K L M N. Financial real estate professional and administrative activities,43,38,6,32,5,3,2
S01011698,O P Q. Public administration education and health,79,74,29,45,5,3,2
S01011698,R S T U. Other,8,8,4,4,0,0,0
S01011699,All people aged 16 to 74 in employment,480,425,118,307,55,7,48
S01011699,A B D E. Agriculture energy and water,10,9,0,9,1,0,1
S01011699,C. Manufacturing,24,23,3,20,1,0,1
S01011699,F. Construction,43,30,2,28,13,0,13
S01011699,G I. Distribution hotels and restaurants,101,91,43,48,10,1,9
S01011699,H J. Transport and communication,35,28,9,19,7,0,7
S01011699,K L M N. Financial real estate professional and administrative activities,105,90,21,69,15,5,10
S01011699,O P Q. Public administration education and health,140,137,31,106,3,1,2
S01011699,R S T U. Other,22,17,9,8,5,0,5
S01011700,All people aged 16 to 74 in employment,352,317,91,226,35,7,28
S01011700,A B D E. Agriculture energy and water,3,3,0,3,0,0,0
S01011700,C. Manufacturing,15,15,0,15,0,0,0
S01011700,F. Construction,38,25,3,22,13,3,10
S01011700,G I. Distribution hotels and restaurants,74,66,33,33,8,1,7
S01011700,H J. Transport and communication,29,26,3,23,3,1,2
S01011700,K L M N. Financial real estate professional and administrative activities,58,54,14,40,4,1,3
S01011700,O P Q. Public administration education and health,117,115,33,82,2,0,2
S01011700,R S T U. Other,18,13,5,8,5,1,4
S01011701,All people aged 16 to 74 in employment,550,466,123,343,84,23,61
S01011701,A B D E. Agriculture energy and water,11,10,1,9,1,0,1
S01011701,C. Manufacturing,40,32,1,31,8,3,5
S01011701,F. Construction,43,33,4,29,10,0,10
S01011701,G I. Distribution hotels and restaurants,89,70,36,34,19,3,16
S01011701,H J. Transport and communication,49,38,8,30,11,1,10
S01011701,K L M N. Financial real estate professional and administrative activities,101,87,20,67,14,5,9
S01011701,O P Q. Public administration education and health,177,167,43,124,10,4,6
S01011701,R S T U. Other,40,29,10,19,11,7,4
S01011702,All people aged 16 to 74 in employment,340,296,78,218,44,16,28
S01011702,A B D E. Agriculture energy and water,4,3,0,3,1,0,1
S01011702,C. Manufacturing,26,26,5,21,0,0,0
S01011702,F. Construction,24,18,0,18,6,1,5
S01011702,G I. Distribution hotels and restaurants,58,51,31,20,7,1,6
S01011702,H J. Transport and communication,29,19,3,16,10,3,7
S01011702,K L M N. Financial real estate professional and administrative activities,70,60,11,49,10,5,5
S01011702,O P Q. Public administration education and health,118,109,24,85,9,5,4
S01011702,R S T U. Other,11,10,4,6,1,1,0
S01011703,All people aged 16 to 74 in employment,323,259,73,186,64,18,46
S01011703,A B D E. Agriculture energy and water,7,3,0,3,4,1,3
S01011703,C. Manufacturing,28,24,1,23,4,2,2
S01011703,F. Construction,29,17,0,17,12,0,12
S01011703,G I. Distribution hotels and restaurants,67,49,27,22,18,2,16
S01011703,H J. Transport and communication,22,18,3,15,4,3,1
S01011703,K L M N. Financial real estate professional and administrative activities,54,40,6,34,14,6,8
S01011703,O P Q. Public administration education and health,99,97,32,65,2,1,1
S01011703,R S T U. Other,17,11,4,7,6,3,3
S01011704,All people aged 16 to 74 in employment,400,358,86,272,42,7,35
S01011704,A B D E. Agriculture energy and water,12,11,3,8,1,0,1
S01011704,C. Manufacturing,25,21,0,21,4,0,4
S01011704,F. Construction,38,26,1,25,12,0,12
S01011704,G I. Distribution hotels and restaurants,69,63,23,40,6,1,5
S01011704,H J. Transport and communication,26,22,6,16,4,0,4
S01011704,K L M N. Financial real estate professional and administrative activities,75,66,9,57,9,2,7
S01011704,O P Q. Public administration education and health,142,138,40,98,4,2,2
S01011704,R S T U. Other,13,11,4,7,2,2,0
S01011705,All people aged 16 to 74 in employment,343,303,84,219,40,8,32
S01011705,A B D E. Agriculture energy and water,10,10,0,10,0,0,0
S01011705,C. Manufacturing,29,26,2,24,3,0,3
S01011705,F. Construction,41,29,3,26,12,1,11
S01011705,G I. Distribution hotels and restaurants,72,66,24,42,6,0,6
S01011705,H J. Transport and communication,26,21,4,17,5,1,4
S01011705,K L M N. Financial real estate professional and administrative activities,51,47,11,36,4,1,3
S01011705,O P Q. Public administration education and health,99,95,34,61,4,2,2
S01011705,R S T U. Other,15,9,6,3,6,3,3
S01011706,All people aged 16 to 74 in employment,462,413,106,307,49,13,36
S01011706,A B D E. Agriculture energy and water,12,11,2,9,1,1,0
S01011706,C. Manufacturing,33,32,4,28,1,0,1
S01011706,F. Construction,58,43,5,38,15,1,14
S01011706,G I. Distribution hotels and restaurants,111,99,45,54,12,3,9
S01011706,H J. Transport and communication,36,27,4,23,9,2,7
S01011706,K L M N. Financial real estate professional and administrative activities,64,59,11,48,5,3,2
S01011706,O P Q. Public administration education and health,130,127,29,98,3,0,3
S01011706,R S T U. Other,18,15,6,9,3,3,0
S01011707,All people aged 16 to 74 in employment,345,302,89,213,43,16,27
S01011707,A B D E. Agriculture energy and water,4,4,0,4,0,0,0
S01011707,C. Manufacturing,22,22,1,21,0,0,0
S01011707,F. Construction,33,24,5,19,9,3,6
S01011707,G I. Distribution hotels and restaurants,58,53,23,30,5,2,3
S01011707,H J. Transport and communication,20,20,2,18,0,0,0
S01011707,K L M N. Financial real estate professional and administrative activities,58,41,13,28,17,6,11
S01011707,O P Q. Public administration education and health,125,122,38,84,3,3,0
S01011707,R S T U. Other,25,16,7,9,9,2,7
S01011708,All people aged 16 to 74 in employment,416,379,112,267,37,11,26
S01011708,A B D E. Agriculture energy and water,9,9,3,6,0,0,0
S01011708,C. Manufacturing,23,21,2,19,2,1,1
S01011708,F. Construction,34,28,1,27,6,1,5
S01011708,G I. Distribution hotels and restaurants,107,101,56,45,6,2,4
S01011708,H J. Transport and communication,40,34,2,32,6,2,4
S01011708,K L M N. Financial real estate professional and administrative activities,63,55,7,48,8,1,7
S01011708,O P Q. Public administration education and health,119,115,36,79,4,1,3
S01011708,R S T U. Other,21,16,5,11,5,3,2
S01011709,All people aged 16 to 74 in employment,456,401,126,275,55,7,48
S01011709,A B D E. Agriculture energy and water,11,10,3,7,1,1,0
S01011709,C. Manufacturing,35,33,4,29,2,0,2
S01011709,F. Construction,50,40,3,37,10,1,9
S01011709,G I. Distribution hotels and restaurants,91,81,44,37,10,2,8
S01011709,H J. Transport and communication,32,22,7,15,10,0,10
S01011709,K L M N. Financial real estate professional and administrative activities,82,73,17,56,9,1,8
S01011709,O P Q. Public administration education and health,138,130,43,87,8,1,7
S01011709,R S T U. Other,17,12,5,7,5,1,4
S01011710,All people aged 16 to 74 in employment,263,245,84,161,18,6,12
S01011710,A B D E. Agriculture energy and water,4,4,2,2,0,0,0
S01011710,C. Manufacturing,32,32,5,27,0,0,0
S01011710,F. Construction,36,28,2,26,8,2,6
S01011710,G I. Distribution hotels and restaurants,69,67,35,32,2,1,1
S01011710,H J. Transport and communication,21,17,2,15,4,2,2
S01011710,K L M N. Financial real estate professional and administrative activities,29,28,8,20,1,0,1
S01011710,O P Q. Public administration education and health,59,57,25,32,2,0,2
S01011710,R S T U. Other,13,12,5,7,1,1,0
S01011711,All people aged 16 to 74 in employment,267,246,73,173,21,4,17
S01011711,A B D E. Agriculture energy and water,6,6,1,5,0,0,0
S01011711,C. Manufacturing,23,23,2,21,0,0,0
S01011711,F. Construction,33,29,1,28,4,0,4
S01011711,G I. Distribution hotels and restaurants,68,65,37,28,3,0,3
S01011711,H J. Transport and communication,28,20,5,15,8,3,5
S01011711,K L M N. Financial real estate professional and administrative activities,45,42,10,32,3,0,3
S01011711,O P Q. Public administration education and health,52,52,16,36,0,0,0
S01011711,R S T U. Other,12,9,1,8,3,1,2
S01011712,All people aged 16 to 74 in employment,280,263,65,198,17,4,13
S01011712,A B D E. Agriculture energy and water,7,6,1,5,1,0,1
S01011712,C. Manufacturing,21,19,0,19,2,1,1
S01011712,F. Construction,28,25,2,23,3,0,3
S01011712,G I. Distribution hotels and restaurants,65,63,33,30,2,0,2
S01011712,H J. Transport and communication,27,21,2,19,6,1,5
S01011712,K L M N. Financial real estate professional and administrative activities,39,38,8,30,1,0,1
S01011712,O P Q. Public administration education and health,82,81,15,66,1,1,0
S01011712,R S T U. Other,11,10,4,6,1,1,0
S01011713,All people aged 16 to 74 in employment,456,412,99,313,44,11,33
S01011713,A B D E. Agriculture energy and water,13,13,0,13,0,0,0
S01011713,C. Manufacturing,42,41,2,39,1,1,0
S01011713,F. Construction,42,32,0,32,10,1,9
S01011713,G I. Distribution hotels and restaurants,91,85,27,58,6,0,6
S01011713,H J. Transport and communication,40,26,4,22,14,4,10
S01011713,K L M N. Financial real estate professional and administrative activities,64,60,12,48,4,1,3
S01011713,O P Q. Public administration education and health,149,144,52,92,5,2,3
S01011713,R S T U. Other,15,11,2,9,4,2,2
S01011714,All people aged 16 to 74 in employment,331,295,74,221,36,7,29
S01011714,A B D E. Agriculture energy and water,9,9,2,7,0,0,0
S01011714,C. Manufacturing,20,18,0,18,2,0,2
S01011714,F. Construction,41,29,0,29,12,0,12
S01011714,G I. Distribution hotels and restaurants,60,58,26,32,2,0,2
S01011714,H J. Transport and communication,36,29,6,23,7,2,5
S01011714,K L M N. Financial real estate professional and administrative activities,52,46,15,31,6,3,3
S01011714,O P Q. Public administration education and health,98,94,19,75,4,1,3
S01011714,R S T U. Other,15,12,6,6,3,1,2
S01011715,All people aged 16 to 74 in employment,259,244,65,179,15,5,10
S01011715,A B D E. Agriculture energy and water,9,8,3,5,1,0,1
S01011715,C. Manufacturing,24,23,0,23,1,0,1
S01011715,F. Construction,34,29,1,28,5,0,5
S01011715,G I. Distribution hotels and restaurants,65,63,26,37,2,2,0
S01011715,H J. Transport and communication,20,19,2,17,1,1,0
S01011715,K L M N. Financial real estate professional and administrative activities,32,32,8,24,0,0,0
S01011715,O P Q. Public administration education and health,65,63,22,41,2,2,0
S01011715,R S T U. Other,10,7,3,4,3,0,3
S01011716,All people aged 16 to 74 in employment,514,459,109,350,55,5,50
S01011716,A B D E. Agriculture energy and water,10,10,0,10,0,0,0
S01011716,C. Manufacturing,35,34,1,33,1,0,1
S01011716,F. Construction,64,42,0,42,22,0,22
S01011716,G I. Distribution hotels and restaurants,108,103,48,55,5,0,5
S01011716,H J. Transport and communication,49,35,8,27,14,0,14
S01011716,K L M N. Financial real estate professional and administrative activities,72,66,17,49,6,3,3
S01011716,O P Q. Public administration education and health,160,157,31,126,3,1,2
S01011716,R S T U. Other,16,12,4,8,4,1,3
S01011717,All people aged 16 to 74 in employment,384,346,98,248,38,9,29
S01011717,A B D E. Agriculture energy and water,6,5,0,5,1,0,1
S01011717,C. Manufacturing,26,23,1,22,3,0,3
S01011717,F. Construction,42,32,1,31,10,1,9
S01011717,G I. Distribution hotels and restaurants,75,71,28,43,4,1,3
S01011717,H J. Transport and communication,31,25,3,22,6,1,5
S01011717,K L M N. Financial real estate professional and administrative activities,64,55,13,42,9,3,6
S01011717,O P Q. Public administration education and health,133,129,51,78,4,2,2
S01011717,R S T U. Other,7,6,1,5,1,1,0
S01011718,All people aged 16 to 74 in employment,473,419,83,336,54,6,48
S01011718,A B D E. Agriculture energy and water,14,13,1,12,1,0,1
S01011718,C. Manufacturing,31,30,1,29,1,0,1
S01011718,F. Construction,58,39,2,37,19,3,16
S01011718,G I. Distribution hotels and restaurants,79,72,19,53,7,0,7
S01011718,H J. Transport and communication,41,33,1,32,8,1,7
S01011718,K L M N. Financial real estate professional and administrative activities,81,73,13,60,8,1,7
S01011718,O P Q. Public administration education and health,153,149,43,106,4,1,3
S01011718,R S T U. Other,16,10,3,7,6,0,6
S01011719,All people aged 16 to 74 in employment,431,381,91,290,50,10,40
S01011719,A B D E. Agriculture energy and water,15,15,1,14,0,0,0
S01011719,C. Manufacturing,32,29,0,29,3,0,3
S01011719,F. Construction,43,29,1,28,14,2,12
S01011719,G I. Distribution hotels and restaurants,91,87,33,54,4,0,4
S01011719,H J. Transport and communication,32,22,6,16,10,0,10
S01011719,K L M N. Financial real estate professional and administrative activities,60,51,9,42,9,4,5
S01011719,O P Q. Public administration education and health,146,137,37,100,9,4,5
S01011719,R S T U. Other,12,11,4,7,1,0,1
S01011720,All people aged 16 to 74 in employment,299,269,66,203,30,3,27
S01011720,A B D E. Agriculture energy and water,6,6,1,5,0,0,0
S01011720,C. Manufacturing,21,20,2,18,1,0,1
S01011720,F. Construction,39,28,3,25,11,0,11
S01011720,G I. Distribution hotels and restaurants,53,47,22,25,6,0,6
S01011720,H J. Transport and communication,25,21,5,16,4,0,4
S01011720,K L M N. Financial real estate professional and administrative activities,37,35,7,28,2,1,1
S01011720,O P Q. Public administration education and health,110,107,24,83,3,1,2
S01011720,R S T U. Other,8,5,2,3,3,1,2
S01011721,All people aged 16 to 74 in employment,324,307,83,224,17,2,15
S01011721,A B D E. Agriculture energy and water,8,7,0,7,1,0,1
S01011721,C. Manufacturing,28,27,4,23,1,0,1
S01011721,F. Construction,22,15,1,14,7,0,7
S01011721,G I. Distribution hotels and restaurants,69,68,30,38,1,1,0
S01011721,H J. Transport and communication,40,37,5,32,3,0,3
S01011721,K L M N. Financial real estate professional and administrative activities,45,43,8,35,2,1,1
S01011721,O P Q. Public administration education and health,92,92,28,64,0,0,0
S01011721,R S T U. Other,20,18,7,11,2,0,2
S01011722,All people aged 16 to 74 in employment,289,262,70,192,27,2,25
S01011722,A B D E. Agriculture energy and water,8,7,1,6,1,0,1
S01011722,C. Manufacturing,26,25,1,24,1,0,1
S01011722,F. Construction,36,24,3,21,12,0,12
S01011722,G I. Distribution hotels and restaurants,57,53,26,27,4,1,3
S01011722,H J. Transport and communication,27,23,1,22,4,0,4
S01011722,K L M N. Financial real estate professional and administrative activities,41,40,9,31,1,0,1
S01011722,O P Q. Public administration education and health,83,80,24,56,3,1,2
S01011722,R S T U. Other,11,10,5,5,1,0,1
S01011723,All people aged 16 to 74 in employment,451,410,91,319,41,13,28
S01011723,A B D E. Agriculture energy and water,18,18,2,16,0,0,0
S01011723,C. Manufacturing,49,47,3,44,2,0,2
S01011723,F. Construction,44,36,1,35,8,0,8
S01011723,G I. Distribution hotels and restaurants,70,68,22,46,2,1,1
S01011723,H J. Transport and communication,52,39,2,37,13,3,10
S01011723,K L M N. Financial real estate professional and administrative activities,73,64,13,51,9,3,6
S01011723,O P Q. Public administration education and health,128,125,44,81,3,3,0
S01011723,R S T U. Other,17,13,4,9,4,3,1
S01011724,All people aged 16 to 74 in employment,393,355,86,269,38,7,31
S01011724,A B D E. Agriculture energy and water,11,11,2,9,0,0,0
S01011724,C. Manufacturing,35,33,2,31,2,0,2
S01011724,F. Construction,30,18,1,17,12,0,12
S01011724,G I. Distribution hotels and restaurants,108,99,38,61,9,2,7
S01011724,H J. Transport and communication,35,32,4,28,3,1,2
S01011724,K L M N. Financial real estate professional and administrative activities,51,47,15,32,4,1,3
S01011724,O P Q. Public administration education and health,107,100,20,80,7,3,4
S01011724,R S T U. Other,16,15,4,11,1,0,1
S01011725,All people aged 16 to 74 in employment,404,355,83,272,49,8,41
S01011725,A B D E. Agriculture energy and water,6,6,0,6,0,0,0
S01011725,C. Manufacturing,30,29,3,26,1,0,1
S01011725,F. Construction,48,34,1,33,14,3,11
S01011725,G I. Distribution hotels and restaurants,77,68,25,43,9,0,9
S01011725,H J. Transport and communication,45,36,5,31,9,2,7
S01011725,K L M N. Financial real estate professional and administrative activities,65,55,8,47,10,1,9
S01011725,O P Q. Public administration education and health,115,111,34,77,4,2,2
S01011725,R S T U. Other,18,16,7,9,2,0,2
S01011726,All people aged 16 to 74 in employment,328,297,71,226,31,7,24
S01011726,A B D E. Agriculture energy and water,5,5,2,3,0,0,0
S01011726,C. Manufacturing,35,34,0,34,1,0,1
S01011726,F. Construction,27,18,2,16,9,1,8
S01011726,G I. Distribution hotels and restaurants,51,51,20,31,0,0,0
S01011726,H J. Transport and communication,37,29,2,27,8,1,7
S01011726,K L M N. Financial real estate professional and administrative activities,59,54,13,41,5,2,3
S01011726,O P Q. Public administration education and health,102,100,28,72,2,1,1
S01011726,R S T U. Other,12,6,4,2,6,2,4
S01011727,All people aged 16 to 74 in employment,456,382,93,289,74,17,57
S01011727,A B D E. Agriculture energy and water,11,11,2,9,0,0,0
S01011727,C. Manufacturing,32,31,4,27,1,0,1
S01011727,F. Construction,58,37,1,36,21,5,16
S01011727,G I. Distribution hotels and restaurants,81,72,30,42,9,1,8
S01011727,H J. Transport and communication,37,26,2,24,11,2,9
S01011727,K L M N. Financial real estate professional and administrative activities,93,73,15,58,20,5,15
S01011727,O P Q. Public administration education and health,128,119,32,87,9,3,6
S01011727,R S T U. Other,16,13,7,6,3,1,2
S01011728,All people aged 16 to 74 in employment,492,443,126,317,49,8,41
S01011728,A B D E. Agriculture energy and water,9,9,0,9,0,0,0
S01011728,C. Manufacturing,39,38,1,37,1,0,1
S01011728,F. Construction,45,32,1,31,13,0,13
S01011728,G I. Distribution hotels and restaurants,132,125,58,67,7,2,5
S01011728,H J. Transport and communication,58,42,11,31,16,2,14
S01011728,K L M N. Financial real estate professional and administrative activities,57,55,12,43,2,1,1
S01011728,O P Q. Public administration education and health,128,122,32,90,6,2,4
S01011728,R S T U. Other,24,20,11,9,4,1,3
S01011729,All people aged 16 to 74 in employment,285,261,69,192,24,7,17
S01011729,A B D E. Agriculture energy and water,4,4,1,3,0,0,0
S01011729,C. Manufacturing,26,25,5,20,1,0,1
S01011729,F. Construction,28,24,0,24,4,0,4
S01011729,G I. Distribution hotels and restaurants,74,66,27,39,8,6,2
S01011729,H J. Transport and communication,24,19,3,16,5,1,4
S01011729,K L M N. Financial real estate professional and administrative activities,37,36,8,28,1,0,1
S01011729,O P Q. Public administration education and health,83,80,21,59,3,0,3
S01011729,R S T U. Other,9,7,4,3,2,0,2
S01011730,All people aged 16 to 74 in employment,459,409,88,321,50,15,35
S01011730,A B D E. Agriculture energy and water,12,12,2,10,0,0,0
S01011730,C. Manufacturing,48,45,2,43,3,0,3
S01011730,F. Construction,47,32,3,29,15,2,13
S01011730,G I. Distribution hotels and restaurants,76,68,28,40,8,4,4
S01011730,H J. Transport and communication,40,34,5,29,6,2,4
S01011730,K L M N. Financial real estate professional and administrative activities,60,53,8,45,7,3,4
S01011730,O P Q. Public administration education and health,155,152,35,117,3,1,2
S01011730,R S T U. Other,21,13,5,8,8,3,5
S01011731,All people aged 16 to 74 in employment,404,369,117,252,35,12,23
S01011731,A B D E. Agriculture energy and water,12,12,4,8,0,0,0
S01011731,C. Manufacturing,57,56,6,50,1,0,1
S01011731,F. Construction,30,19,0,19,11,3,8
S01011731,G I. Distribution hotels and restaurants,79,74,35,39,5,3,2
S01011731,H J. Transport and communication,37,30,1,29,7,1,6
S01011731,K L M N. Financial real estate professional and administrative activities,38,34,12,22,4,1,3
S01011731,O P Q. Public administration education and health,134,131,52,79,3,3,0
S01011731,R S T U. Other,17,13,7,6,4,1,3
S01011732,All people aged 16 to 74 in employment,454,406,97,309,48,9,39
S01011732,A B D E. Agriculture energy and water,9,8,0,8,1,1,0
S01011732,C. Manufacturing,39,34,0,34,5,0,5
S01011732,F. Construction,51,39,2,37,12,2,10
S01011732,G I. Distribution hotels and restaurants,82,76,35,41,6,2,4
S01011732,H J. Transport and communication,46,33,6,27,13,1,12
S01011732,K L M N. Financial real estate professional and administrative activities,64,59,11,48,5,2,3
S01011732,O P Q. Public administration education and health,147,142,38,104,5,1,4
S01011732,R S T U. Other,16,15,5,10,1,0,1
S01011733,All people aged 16 to 74 in employment,409,370,112,258,39,13,26
S01011733,A B D E. Agriculture energy and water,7,7,0,7,0,0,0
S01011733,C. Manufacturing,31,29,1,28,2,0,2
S01011733,F. Construction,50,38,3,35,12,4,8
S01011733,G I. Distribution hotels and restaurants,88,82,36,46,6,3,3
S01011733,H J. Transport and communication,28,22,2,20,6,2,4
S01011733,K L M N. Financial real estate professional and administrative activities,42,36,11,25,6,3,3
S01011733,O P Q. Public administration education and health,144,139,51,88,5,1,4
S01011733,R S T U. Other,19,17,8,9,2,0,2
S01011734,All people aged 16 to 74 in employment,380,338,89,249,42,14,28
S01011734,A B D E. Agriculture energy and water,13,13,2,11,0,0,0
S01011734,C. Manufacturing,35,30,3,27,5,3,2
S01011734,F. Construction,27,19,0,19,8,2,6
S01011734,G I. Distribution hotels and restaurants,70,69,35,34,1,0,1
S01011734,H J. Transport and communication,32,26,3,23,6,1,5
S01011734,K L M N. Financial real estate professional and administrative activities,51,46,14,32,5,2,3
S01011734,O P Q. Public administration education and health,133,124,27,97,9,3,6
S01011734,R S T U. Other,19,11,5,6,8,3,5
S01011735,All people aged 16 to 74 in employment,359,310,94,216,49,8,41
S01011735,A B D E. Agriculture energy and water,7,6,1,5,1,0,1
S01011735,C. Manufacturing,29,26,0,26,3,1,2
S01011735,F. Construction,42,25,4,21,17,1,16
S01011735,G I. Distribution hotels and restaurants,58,56,29,27,2,1,1
S01011735,H J. Transport and communication,29,22,4,18,7,1,6
S01011735,K L M N. Financial real estate professional and administrative activities,49,40,9,31,9,3,6
S01011735,O P Q. Public administration education and health,127,121,41,80,6,1,5
S01011735,R S T U. Other,18,14,6,8,4,0,4
S01011736,All people aged 16 to 74 in employment,368,340,104,236,28,7,21
S01011736,A B D E. Agriculture energy and water,11,11,2,9,0,0,0
S01011736,C. Manufacturing,27,26,1,25,1,1,0
S01011736,F. Construction,32,20,1,19,12,1,11
S01011736,G I. Distribution hotels and restaurants,78,76,33,43,2,0,2
S01011736,H J. Transport and communication,35,33,7,26,2,0,2
S01011736,K L M N. Financial real estate professional and administrative activities,51,47,14,33,4,2,2
S01011736,O P Q. Public administration education and health,111,107,37,70,4,1,3
S01011736,R S T U. Other,23,20,9,11,3,2,1
S01011737,All people aged 16 to 74 in employment,283,256,73,183,27,6,21
S01011737,A B D E. Agriculture energy and water,7,7,0,7,0,0,0
S01011737,C. Manufacturing,22,22,0,22,0,0,0
S01011737,F. Construction,29,23,1,22,6,1,5
S01011737,G I. Distribution hotels and restaurants,59,54,25,29,5,0,5
S01011737,H J. Transport and communication,27,21,6,15,6,1,5
S01011737,K L M N. Financial real estate professional and administrative activities,44,41,8,33,3,2,1
S01011737,O P Q. Public administration education and health,84,80,30,50,4,2,2
S01011737,R S T U. Other,11,8,3,5,3,0,3
S01011738,All people aged 16 to 74 in employment,476,424,101,323,52,8,44
S01011738,A B D E. Agriculture energy and water,14,13,0,13,1,0,1
S01011738,C. Manufacturing,60,57,3,54,3,0,3
S01011738,F. Construction,38,23,2,21,15,2,13
S01011738,G I. Distribution hotels and restaurants,103,96,40,56,7,0,7
S01011738,H J. Transport and communication,40,33,4,29,7,2,5
S01011738,K L M N. Financial real estate professional and administrative activities,65,58,13,45,7,1,6
S01011738,O P Q. Public administration education and health,124,120,31,89,4,0,4
S01011738,R S T U. Other,32,24,8,16,8,3,5
S01011739,All people aged 16 to 74 in employment,238,225,65,160,13,5,8
S01011739,A B D E. Agriculture energy and water,6,5,0,5,1,0,1
S01011739,C. Manufacturing,22,22,2,20,0,0,0
S01011739,F. Construction,19,16,2,14,3,0,3
S01011739,G I. Distribution hotels and restaurants,61,59,25,34,2,0,2
S01011739,H J. Transport and communication,19,17,2,15,2,2,0
S01011739,K L M N. Financial real estate professional and administrative activities,29,29,8,21,0,0,0
S01011739,O P Q. Public administration education and health,71,66,24,42,5,3,2
S01011739,R S T U. Other,11,11,2,9,0,0,0
S01011740,All people aged 16 to 74 in employment,283,266,83,183,17,7,10
S01011740,A B D E. Agriculture energy and water,6,6,2,4,0,0,0
S01011740,C. Manufacturing,32,30,1,29,2,0,2
S01011740,F. Construction,18,15,1,14,3,2,1
S01011740,G I. Distribution hotels and restaurants,78,75,37,38,3,1,2
S01011740,H J. Transport and communication,19,17,1,16,2,1,1
S01011740,K L M N. Financial real estate professional and administrative activities,37,37,14,23,0,0,0
S01011740,O P Q. Public administration education and health,81,78,27,51,3,1,2
S01011740,R S T U. Other,12,8,0,8,4,2,2
S01011741,All people aged 16 to 74 in employment,292,275,77,198,17,2,15
S01011741,A B D E. Agriculture energy and water,11,11,1,10,0,0,0
S01011741,C. Manufacturing,31,31,3,28,0,0,0
S01011741,F. Construction,26,21,3,18,5,1,4
S01011741,G I. Distribution hotels and restaurants,72,68,27,41,4,1,3
S01011741,H J. Transport and communication,24,22,3,19,2,0,2
S01011741,K L M N. Financial real estate professional and administrative activities,42,40,7,33,2,0,2
S01011741,O P Q. Public administration education and health,74,72,27,45,2,0,2
S01011741,R S T U. Other,12,10,6,4,2,0,2
S01011742,All people aged 16 to 74 in employment,347,319,92,227,28,8,20
S01011742,A B D E. Agriculture energy and water,9,9,0,9,0,0,0
S01011742,C. Manufacturing,31,30,3,27,1,0,1
S01011742,F. Construction,26,19,2,17,7,3,4
S01011742,G I. Distribution hotels and restaurants,90,88,43,45,2,0,2
S01011742,H J. Transport and communication,31,26,0,26,5,0,5
S01011742,K L M N. Financial real estate professional and administrative activities,52,47,11,36,5,4,1
S01011742,O P Q. Public administration education and health,88,82,31,51,6,1,5
S01011742,R S T U. Other,20,18,2,16,2,0,2
S01011743,All people aged 16 to 74 in employment,397,373,95,278,24,3,21
S01011743,A B D E. Agriculture energy and water,10,10,0,10,0,0,0
S01011743,C. Manufacturing,39,39,3,36,0,0,0
S01011743,F. Construction,39,30,0,30,9,0,9
S01011743,G I. Distribution hotels and restaurants,73,70,28,42,3,0,3
S01011743,H J. Transport and communication,44,39,12,27,5,1,4
S01011743,K L M N. Financial real estate professional and administrative activities,39,39,9,30,0,0,0
S01011743,O P Q. Public administration education and health,131,126,34,92,5,1,4
S01011743,R S T U. Other,22,20,9,11,2,1,1
S01011744,All people aged 16 to 74 in employment,364,332,83,249,32,6,26
S01011744,A B D E. Agriculture energy and water,6,6,2,4,0,0,0
S01011744,C. Manufacturing,31,30,1,29,1,0,1
S01011744,F. Construction,34,21,1,20,13,2,11
S01011744,G I. Distribution hotels and restaurants,85,82,34,48,3,0,3
S01011744,H J. Transport and communication,36,30,2,28,6,0,6
S01011744,K L M N. Financial real estate professional and administrative activities,58,55,11,44,3,0,3
S01011744,O P Q. Public administration education and health,102,98,27,71,4,3,1
S01011744,R S T U. Other,12,10,5,5,2,1,1
S01011745,All people aged 16 to 74 in employment,270,252,69,183,18,4,14
S01011745,A B D E. Agriculture energy and water,9,9,2,7,0,0,0
S01011745,C. Manufacturing,18,18,1,17,0,0,0
S01011745,F. Construction,26,18,5,13,8,1,7
S01011745,G I. Distribution hotels and restaurants,67,66,25,41,1,0,1
S01011745,H J. Transport and communication,18,17,1,16,1,0,1
S01011745,K L M N. Financial real estate professional and administrative activities,33,30,5,25,3,1,2
S01011745,O P Q. Public administration education and health,84,82,26,56,2,1,1
S01011745,R S T U. Other,15,12,4,8,3,1,2
S01011746,All people aged 16 to 74 in employment,230,217,70,147,13,3,10
S01011746,A B D E. Agriculture energy and water,7,7,0,7,0,0,0
S01011746,C. Manufacturing,26,26,2,24,0,0,0
S01011746,F. Construction,12,9,0,9,3,0,3
S01011746,G I. Distribution hotels and restaurants,67,64,33,31,3,1,2
S01011746,H J. Transport and communication,17,14,3,11,3,0,3
S01011746,K L M N. Financial real estate professional and administrative activities,28,28,11,17,0,0,0
S01011746,O P Q. Public administration education and health,60,58,16,42,2,1,1
S01011746,R S T U. Other,13,11,5,6,2,1,1
S01011747,All people aged 16 to 74 in employment,374,351,109,242,23,5,18
S01011747,A B D E. Agriculture energy and water,3,3,1,2,0,0,0
S01011747,C. Manufacturing,37,37,3,34,0,0,0
S01011747,F. Construction,25,21,0,21,4,0,4
S01011747,G I. Distribution hotels and restaurants,104,101,46,55,3,0,3
S01011747,H J. Transport and communication,28,24,2,22,4,1,3
S01011747,K L M N. Financial real estate professional and administrative activities,60,56,20,36,4,2,2
S01011747,O P Q. Public administration education and health,100,92,28,64,8,2,6
S01011747,R S T U. Other,17,17,9,8,0,0,0
S01011748,All people aged 16 to 74 in employment,370,351,107,244,19,3,16
S01011748,A B D E. Agriculture energy and water,9,9,3,6,0,0,0
S01011748,C. Manufacturing,31,30,2,28,1,0,1
S01011748,F. Construction,33,31,3,28,2,0,2
S01011748,G I. Distribution hotels and restaurants,106,103,49,54,3,1,2
S01011748,H J. Transport and communication,35,34,5,29,1,0,1
S01011748,K L M N. Financial real estate professional and administrative activities,46,45,7,38,1,0,1
S01011748,O P Q. Public administration education and health,91,84,32,52,7,2,5
S01011748,R S T U. Other,19,15,6,9,4,0,4
S01011749,All people aged 16 to 74 in employment,295,278,70,208,17,2,15
S01011749,A B D E. Agriculture energy and water,4,4,1,3,0,0,0
S01011749,C. Manufacturing,30,27,0,27,3,0,3
S01011749,F. Construction,23,21,0,21,2,0,2
S01011749,G I. Distribution hotels and restaurants,91,90,38,52,1,0,1
S01011749,H J. Transport and communication,24,18,0,18,6,1,5
S01011749,K L M N. Financial real estate professional and administrative activities,51,49,9,40,2,0,2
S01011749,O P Q. Public administration education and health,52,51,11,40,1,1,0
S01011749,R S T U. Other,20,18,11,7,2,0,2
S01011750,All people aged 16 to 74 in employment,369,336,86,250,33,12,21
S01011750,A B D E. Agriculture energy and water,13,12,1,11,1,0,1
S01011750,C. Manufacturing,37,36,3,33,1,1,0
S01011750,F. Construction,23,13,2,11,10,2,8
S01011750,G I. Distribution hotels and restaurants,98,96,30,66,2,1,1
S01011750,H J. Transport and communication,33,29,2,27,4,2,2
S01011750,K L M N. Financial real estate professional and administrative activities,39,36,10,26,3,2,1
S01011750,O P Q. Public administration education and health,104,102,34,68,2,0,2
S01011750,R S T U. Other,22,12,4,8,10,4,6
S01011751,All people aged 16 to 74 in employment,454,431,123,308,23,4,19
S01011751,A B D E. Agriculture energy and water,18,18,2,16,0,0,0
S01011751,C. Manufacturing,37,37,1,36,0,0,0
S01011751,F. Construction,30,25,1,24,5,0,5
S01011751,G I. Distribution hotels and restaurants,122,118,54,64,4,1,3
S01011751,H J. Transport and communication,51,47,3,44,4,2,2
S01011751,K L M N. Financial real estate professional and administrative activities,54,51,18,33,3,0,3
S01011751,O P Q. Public administration education and health,115,113,37,76,2,1,1
S01011751,R S T U. Other,27,22,7,15,5,0,5
S01011752,All people aged 16 to 74 in employment,486,455,111,344,31,9,22
S01011752,A B D E. Agriculture energy and water,17,17,2,15,0,0,0
S01011752,C. Manufacturing,55,53,5,48,2,0,2
S01011752,F. Construction,40,30,1,29,10,2,8
S01011752,G I. Distribution hotels and restaurants,109,104,33,71,5,3,2
S01011752,H J. Transport and communication,45,40,6,34,5,0,5
S01011752,K L M N. Financial real estate professional and administrative activities,50,48,13,35,2,0,2
S01011752,O P Q. Public administration education and health,141,137,39,98,4,2,2
S01011752,R S T U. Other,29,26,12,14,3,2,1
S01011753,All people aged 16 to 74 in employment,372,340,77,263,32,9,23
S01011753,A B D E. Agriculture energy and water,12,12,2,10,0,0,0
S01011753,C. Manufacturing,37,34,4,30,3,0,3
S01011753,F. Construction,16,9,0,9,7,0,7
S01011753,G I. Distribution hotels and restaurants,77,69,25,44,8,2,6
S01011753,H J. Transport and communication,26,25,7,18,1,0,1
S01011753,K L M N. Financial real estate professional and administrative activities,51,44,6,38,7,3,4
S01011753,O P Q. Public administration education and health,135,132,31,101,3,2,1
S01011753,R S T U. Other,18,15,2,13,3,2,1
S01011754,All people aged 16 to 74 in employment,330,306,98,208,24,7,17
S01011754,A B D E. Agriculture energy and water,8,8,2,6,0,0,0
S01011754,C. Manufacturing,35,33,3,30,2,0,2
S01011754,F. Construction,26,23,2,21,3,0,3
S01011754,G I. Distribution hotels and restaurants,83,80,38,42,3,1,2
S01011754,H J. Transport and communication,26,24,3,21,2,0,2
S01011754,K L M N. Financial real estate professional and administrative activities,43,39,14,25,4,1,3
S01011754,O P Q. Public administration education and health,95,88,31,57,7,2,5
S01011754,R S T U. Other,14,11,5,6,3,3,0
S01011755,All people aged 16 to 74 in employment,481,449,112,337,32,5,27
S01011755,A B D E. Agriculture energy and water,11,10,3,7,1,1,0
S01011755,C. Manufacturing,50,47,6,41,3,1,2
S01011755,F. Construction,36,30,0,30,6,1,5
S01011755,G I. Distribution hotels and restaurants,98,94,43,51,4,0,4
S01011755,H J. Transport and communication,59,49,4,45,10,1,9
S01011755,K L M N. Financial real estate professional and administrative activities,50,46,6,40,4,1,3
S01011755,O P Q. Public administration education and health,147,144,44,100,3,0,3
S01011755,R S T U. Other,30,29,6,23,1,0,1
S01011756,All people aged 16 to 74 in employment,467,437,117,320,30,10,20
S01011756,A B D E. Agriculture energy and water,9,9,1,8,0,0,0
S01011756,C. Manufacturing,38,38,4,34,0,0,0
S01011756,F. Construction,38,30,0,30,8,1,7
S01011756,G I. Distribution hotels and restaurants,121,117,51,66,4,1,3
S01011756,H J. Transport and communication,48,43,11,32,5,3,2
S01011756,K L M N. Financial real estate professional and administrative activities,68,66,6,60,2,0,2
S01011756,O P Q. Public administration education and health,127,120,37,83,7,2,5
S01011756,R S T U. Other,18,14,7,7,4,3,1
S01011757,All people aged 16 to 74 in employment,315,291,85,206,24,3,21
S01011757,A B D E. Agriculture energy and water,5,5,0,5,0,0,0
S01011757,C. Manufacturing,36,35,3,32,1,0,1
S01011757,F. Construction,29,23,0,23,6,0,6
S01011757,G I. Distribution hotels and restaurants,75,74,24,50,1,0,1
S01011757,H J. Transport and communication,30,21,2,19,9,2,7
S01011757,K L M N. Financial real estate professional and administrative activities,43,42,13,29,1,0,1
S01011757,O P Q. Public administration education and health,86,83,39,44,3,0,3
S01011757,R S T U. Other,11,8,4,4,3,1,2
S01011758,All people aged 16 to 74 in employment,313,294,84,210,19,4,15
S01011758,A B D E. Agriculture energy and water,8,8,0,8,0,0,0
S01011758,C. Manufacturing,31,31,2,29,0,0,0
S01011758,F. Construction,22,20,2,18,2,0,2
S01011758,G I. Distribution hotels and restaurants,88,84,27,57,4,1,3
S01011758,H J. Transport and communication,26,24,5,19,2,0,2
S01011758,K L M N. Financial real estate professional and administrative activities,43,38,11,27,5,1,4
S01011758,O P Q. Public administration education and health,78,77,32,45,1,0,1
S01011758,R S T U. Other,17,12,5,7,5,2,3
S01011759,All people aged 16 to 74 in employment,368,342,108,234,26,8,18
S01011759,A B D E. Agriculture energy and water,9,9,0,9,0,0,0
S01011759,C. Manufacturing,39,39,2,37,0,0,0
S01011759,F. Construction,31,22,1,21,9,1,8
S01011759,G I. Distribution hotels and restaurants,85,84,38,46,1,0,1
S01011759,H J. Transport and communication,39,32,6,26,7,2,5
S01011759,K L M N. Financial real estate professional and administrative activities,34,31,11,20,3,2,1
S01011759,O P Q. Public administration education and health,122,120,49,71,2,1,1
S01011759,R S T U. Other,9,5,1,4,4,2,2
S01011760,All people aged 16 to 74 in employment,428,397,98,299,31,4,27
S01011760,A B D E. Agriculture energy and water,9,9,3,6,0,0,0
S01011760,C. Manufacturing,35,35,2,33,0,0,0
S01011760,F. Construction,41,32,1,31,9,0,9
S01011760,G I. Distribution hotels and restaurants,118,114,39,75,4,0,4
S01011760,H J. Transport and communication,38,33,5,28,5,1,4
S01011760,K L M N. Financial real estate professional and administrative activities,68,61,10,51,7,1,6
S01011760,O P Q. Public administration education and health,101,100,32,68,1,1,0
S01011760,R S T U. Other,18,13,6,7,5,1,4
S01011761,All people aged 16 to 74 in employment,317,291,77,214,26,3,23
S01011761,A B D E. Agriculture energy and water,3,3,0,3,0,0,0
S01011761,C. Manufacturing,24,24,0,24,0,0,0
S01011761,F. Construction,28,21,0,21,7,0,7
S01011761,G I. Distribution hotels and restaurants,75,70,28,42,5,2,3
S01011761,H J. Transport and communication,39,35,4,31,4,0,4
S01011761,K L M N. Financial real estate professional and administrative activities,44,40,12,28,4,0,4
S01011761,O P Q. Public administration education and health,90,87,30,57,3,1,2
S01011761,R S T U. Other,14,11,3,8,3,0,3
S01011762,All people aged 16 to 74 in employment,294,271,73,198,23,8,15
S01011762,A B D E. Agriculture energy and water,12,12,0,12,0,0,0
S01011762,C. Manufacturing,22,20,1,19,2,0,2
S01011762,F. Construction,25,19,1,18,6,1,5
S01011762,G I. Distribution hotels and restaurants,81,79,31,48,2,1,1
S01011762,H J. Transport and communication,24,19,4,15,5,1,4
S01011762,K L M N. Financial real estate professional and administrative activities,44,43,7,36,1,1,0
S01011762,O P Q. Public administration education and health,73,68,25,43,5,2,3
S01011762,R S T U. Other,13,11,4,7,2,2,0
S01011763,All people aged 16 to 74 in employment,386,354,102,252,32,8,24
S01011763,A B D E. Agriculture energy and water,10,10,4,6,0,0,0
S01011763,C. Manufacturing,42,40,4,36,2,0,2
S01011763,F. Construction,17,14,1,13,3,0,3
S01011763,G I. Distribution hotels and restaurants,96,90,44,46,6,1,5
S01011763,H J. Transport and communication,48,41,3,38,7,1,6
S01011763,K L M N. Financial real estate professional and administrative activities,43,40,8,32,3,0,3
S01011763,O P Q. Public administration education and health,109,103,33,70,6,2,4
S01011763,R S T U. Other,21,16,5,11,5,4,1
S01011764,All people aged 16 to 74 in employment,206,192,58,134,14,1,13
S01011764,A B D E. Agriculture energy and water,4,4,1,3,0,0,0
S01011764,C. Manufacturing,32,32,3,29,0,0,0
S01011764,F. Construction,8,7,0,7,1,0,1
S01011764,G I. Distribution hotels and restaurants,54,52,19,33,2,0,2
S01011764,H J. Transport and communication,26,21,2,19,5,0,5
S01011764,K L M N. Financial real estate professional and administrative activities,24,24,6,18,0,0,0
S01011764,O P Q. Public administration education and health,51,47,23,24,4,1,3
S01011764,R S T U. Other,7,5,4,1,2,0,2
S01011765,All people aged 16 to 74 in employment,597,543,148,395,54,12,42
S01011765,A B D E. Agriculture energy and water,15,15,0,15,0,0,0
S01011765,C. Manufacturing,42,41,1,40,1,0,1
S01011765,F. Construction,55,42,4,38,13,3,10
S01011765,G I. Distribution hotels and restaurants,118,107,43,64,11,2,9
S01011765,H J. Transport and communication,43,35,10,25,8,0,8
S01011765,K L M N. Financial real estate professional and administrative activities,105,97,19,78,8,5,3
S01011765,O P Q. Public administration education and health,188,182,57,125,6,2,4
S01011765,R S T U. Other,31,24,14,10,7,0,7
S01011766,All people aged 16 to 74 in employment,282,248,67,181,34,4,30
S01011766,A B D E. Agriculture energy and water,4,4,0,4,0,0,0
S01011766,C. Manufacturing,37,33,5,28,4,0,4
S01011766,F. Construction,30,19,0,19,11,0,11
S01011766,G I. Distribution hotels and restaurants,55,48,22,26,7,0,7
S01011766,H J. Transport and communication,26,20,4,16,6,2,4
S01011766,K L M N. Financial real estate professional and administrative activities,35,31,8,23,4,0,4
S01011766,O P Q. Public administration education and health,85,85,25,60,0,0,0
S01011766,R S T U. Other,10,8,3,5,2,2,0
S01011767,All people aged 16 to 74 in employment,391,350,94,256,41,10,31
S01011767,A B D E. Agriculture energy and water,6,6,0,6,0,0,0
S01011767,C. Manufacturing,24,21,0,21,3,2,1
S01011767,F. Construction,40,27,1,26,13,2,11
S01011767,G I. Distribution hotels and restaurants,92,85,36,49,7,2,5
S01011767,H J. Transport and communication,38,28,5,23,10,2,8
S01011767,K L M N. Financial real estate professional and administrative activities,51,46,12,34,5,1,4
S01011767,O P Q. Public administration education and health,127,124,31,93,3,1,2
S01011767,R S T U. Other,13,13,9,4,0,0,0
S01011768,All people aged 16 to 74 in employment,334,316,97,219,18,4,14
S01011768,A B D E. Agriculture energy and water,8,8,1,7,0,0,0
S01011768,C. Manufacturing,34,33,3,30,1,0,1
S01011768,F. Construction,21,16,0,16,5,1,4
S01011768,G I. Distribution hotels and restaurants,89,87,36,51,2,1,1
S01011768,H J. Transport and communication,33,29,2,27,4,0,4
S01011768,K L M N. Financial real estate professional and administrative activities,40,39,15,24,1,0,1
S01011768,O P Q. Public administration education and health,98,96,37,59,2,2,0
S01011768,R S T U. Other,11,8,3,5,3,0,3
S01011769,All people aged 16 to 74 in employment,266,238,58,180,28,5,23
S01011769,A B D E. Agriculture energy and water,2,2,0,2,0,0,0
S01011769,C. Manufacturing,27,25,0,25,2,1,1
S01011769,F. Construction,18,15,0,15,3,0,3
S01011769,G I. Distribution hotels and restaurants,56,52,26,26,4,1,3
S01011769,H J. Transport and communication,34,25,2,23,9,0,9
S01011769,K L M N. Financial real estate professional and administrative activities,39,34,10,24,5,2,3
S01011769,O P Q. Public administration education and health,72,70,17,53,2,0,2
S01011769,R S T U. Other,18,15,3,12,3,1,2
S01011770,All people aged 16 to 74 in employment,357,332,80,252,25,8,17
S01011770,A B D E. Agriculture energy and water,14,14,2,12,0,0,0
S01011770,C. Manufacturing,33,31,4,27,2,0,2
S01011770,F. Construction,28,23,0,23,5,1,4
S01011770,G I. Distribution hotels and restaurants,70,67,31,36,3,1,2
S01011770,H J. Transport and communication,44,42,6,36,2,0,2
S01011770,K L M N. Financial real estate professional and administrative activities,53,50,6,44,3,2,1
S01011770,O P Q. Public administration education and health,93,88,27,61,5,3,2
S01011770,R S T U. Other,22,17,4,13,5,1,4
S01011771,All people aged 16 to 74 in employment,401,358,92,266,43,13,30
S01011771,A B D E. Agriculture energy and water,6,6,2,4,0,0,0
S01011771,C. Manufacturing,27,25,3,22,2,0,2
S01011771,F. Construction,35,26,0,26,9,4,5
S01011771,G I. Distribution hotels and restaurants,94,86,32,54,8,0,8
S01011771,H J. Transport and communication,29,22,4,18,7,1,6
S01011771,K L M N. Financial real estate professional and administrative activities,75,68,15,53,7,2,5
S01011771,O P Q. Public administration education and health,117,112,26,86,5,3,2
S01011771,R S T U. Other,18,13,10,3,5,3,2
S01011772,All people aged 16 to 74 in employment,587,479,134,345,108,25,83
S01011772,A B D E. Agriculture energy and water,11,11,1,10,0,0,0
S01011772,C. Manufacturing,64,54,6,48,10,4,6
S01011772,F. Construction,37,26,3,23,11,0,11
S01011772,G I. Distribution hotels and restaurants,118,91,49,42,27,5,22
S01011772,H J. Transport and communication,41,30,6,24,11,2,9
S01011772,K L M N. Financial real estate professional and administrative activities,110,88,17,71,22,8,14
S01011772,O P Q. Public administration education and health,180,162,41,121,18,4,14
S01011772,R S T U. Other,26,17,11,6,9,2,7
S01011773,All people aged 16 to 74 in employment,371,336,87,249,35,6,29
S01011773,A B D E. Agriculture energy and water,15,15,3,12,0,0,0
S01011773,C. Manufacturing,36,35,0,35,1,0,1
S01011773,F. Construction,35,24,1,23,11,0,11
S01011773,G I. Distribution hotels and restaurants,56,55,24,31,1,0,1
S01011773,H J. Transport and communication,30,25,4,21,5,1,4
S01011773,K L M N. Financial real estate professional and administrative activities,60,54,15,39,6,3,3
S01011773,O P Q. Public administration education and health,125,116,37,79,9,1,8
S01011773,R S T U. Other,14,12,3,9,2,1,1
S01011774,All people aged 16 to 74 in employment,492,435,119,316,57,13,44
S01011774,A B D E. Agriculture energy and water,13,13,1,12,0,0,0
S01011774,C. Manufacturing,40,38,3,35,2,1,1
S01011774,F. Construction,51,35,1,34,16,1,15
S01011774,G I. Distribution hotels and restaurants,96,88,43,45,8,2,6
S01011774,H J. Transport and communication,50,38,5,33,12,2,10
S01011774,K L M N. Financial real estate professional and administrative activities,81,74,12,62,7,3,4
S01011774,O P Q. Public administration education and health,136,129,46,83,7,1,6
S01011774,R S T U. Other,25,20,8,12,5,3,2
S01011775,All people aged 16 to 74 in employment,383,336,79,257,47,13,34
S01011775,A B D E. Agriculture energy and water,13,12,3,9,1,0,1
S01011775,C. Manufacturing,34,32,4,28,2,0,2
S01011775,F. Construction,29,21,2,19,8,1,7
S01011775,G I. Distribution hotels and restaurants,68,61,27,34,7,3,4
S01011775,H J. Transport and communication,33,24,2,22,9,2,7
S01011775,K L M N. Financial real estate professional and administrative activities,73,67,13,54,6,2,4
S01011775,O P Q. Public administration education and health,115,105,26,79,10,1,9
S01011775,R S T U. Other,18,14,2,12,4,4,0
S01011776,All people aged 16 to 74 in employment,588,501,122,379,87,16,71
S01011776,A B D E. Agriculture energy and water,22,22,5,17,0,0,0
S01011776,C. Manufacturing,32,29,0,29,3,0,3
S01011776,F. Construction,53,39,5,34,14,2,12
S01011776,G I. Distribution hotels and restaurants,99,77,30,47,22,7,15
S01011776,H J. Transport and communication,42,32,6,26,10,2,8
S01011776,K L M N. Financial real estate professional and administrative activities,113,90,12,78,23,2,21
S01011776,O P Q. Public administration education and health,212,203,59,144,9,1,8
S01011776,R S T U. Other,15,9,5,4,6,2,4
S01011777,All people aged 16 to 74 in employment,349,317,70,247,32,10,22
S01011777,A B D E. Agriculture energy and water,7,6,1,5,1,0,1
S01011777,C. Manufacturing,27,24,2,22,3,1,2
S01011777,F. Construction,24,17,3,14,7,1,6
S01011777,G I. Distribution hotels and restaurants,52,49,16,33,3,0,3
S01011777,H J. Transport and communication,36,29,6,23,7,2,5
S01011777,K L M N. Financial real estate professional and administrative activities,67,60,7,53,7,2,5
S01011777,O P Q. Public administration education and health,123,121,31,90,2,2,0
S01011777,R S T U. Other,13,11,4,7,2,2,0
S01011778,All people aged 16 to 74 in employment,363,321,77,244,42,12,30
S01011778,A B D E. Agriculture energy and water,8,8,0,8,0,0,0
S01011778,C. Manufacturing,23,21,1,20,2,0,2
S01011778,F. Construction,26,17,1,16,9,1,8
S01011778,G I. Distribution hotels and restaurants,76,69,28,41,7,1,6
S01011778,H J. Transport and communication,29,25,4,21,4,0,4
S01011778,K L M N. Financial real estate professional and administrative activities,51,42,6,36,9,4,5
S01011778,O P Q. Public administration education and health,129,121,28,93,8,4,4
S01011778,R S T U. Other,21,18,9,9,3,2,1
S01011779,All people aged 16 to 74 in employment,417,373,97,276,44,14,30
S01011779,A B D E. Agriculture energy and water,4,4,1,3,0,0,0
S01011779,C. Manufacturing,26,23,0,23,3,2,1
S01011779,F. Construction,47,32,3,29,15,2,13
S01011779,G I. Distribution hotels and restaurants,82,76,31,45,6,0,6
S01011779,H J. Transport and communication,32,26,5,21,6,2,4
S01011779,K L M N. Financial real estate professional and administrative activities,69,65,18,47,4,1,3
S01011779,O P Q. Public administration education and health,147,140,36,104,7,4,3
S01011779,R S T U. Other,10,7,3,4,3,3,0
S01011780,All people aged 16 to 74 in employment,520,438,130,308,82,18,64
S01011780,A B D E. Agriculture energy and water,9,9,3,6,0,0,0
S01011780,C. Manufacturing,34,31,3,28,3,1,2
S01011780,F. Construction,40,25,3,22,15,3,12
S01011780,G I. Distribution hotels and restaurants,116,100,52,48,16,2,14
S01011780,H J. Transport and communication,37,27,8,19,10,2,8
S01011780,K L M N. Financial real estate professional and administrative activities,99,77,11,66,22,3,19
S01011780,O P Q. Public administration education and health,172,163,48,115,9,3,6
S01011780,R S T U. Other,13,6,2,4,7,4,3
S01011781,All people aged 16 to 74 in employment,308,275,85,190,33,8,25
S01011781,A B D E. Agriculture energy and water,4,3,0,3,1,0,1
S01011781,C. Manufacturing,26,25,5,20,1,0,1
S01011781,F. Construction,26,16,4,12,10,2,8
S01011781,G I. Distribution hotels and restaurants,62,57,27,30,5,1,4
S01011781,H J. Transport and communication,20,15,3,12,5,1,4
S01011781,K L M N. Financial real estate professional and administrative activities,47,40,10,30,7,1,6
S01011781,O P Q. Public administration education and health,113,110,31,79,3,2,1
S01011781,R S T U. Other,10,9,5,4,1,1,0
S01011782,All people aged 16 to 74 in employment,382,337,100,237,45,11,34
S01011782,A B D E. Agriculture energy and water,8,7,1,6,1,0,1
S01011782,C. Manufacturing,24,24,1,23,0,0,0
S01011782,F. Construction,40,27,2,25,13,2,11
S01011782,G I. Distribution hotels and restaurants,86,78,41,37,8,0,8
S01011782,H J. Transport and communication,35,28,5,23,7,2,5
S01011782,K L M N. Financial real estate professional and administrative activities,58,52,14,38,6,2,4
S01011782,O P Q. Public administration education and health,112,106,30,76,6,3,3
S01011782,R S T U. Other,19,15,6,9,4,2,2
S01011783,All people aged 16 to 74 in employment,321,282,79,203,39,8,31
S01011783,A B D E. Agriculture energy and water,5,5,1,4,0,0,0
S01011783,C. Manufacturing,35,35,6,29,0,0,0
S01011783,F. Construction,25,18,1,17,7,0,7
S01011783,G I. Distribution hotels and restaurants,68,57,26,31,11,2,9
S01011783,H J. Transport and communication,30,22,5,17,8,2,6
S01011783,K L M N. Financial real estate professional and administrative activities,48,42,13,29,6,3,3
S01011783,O P Q. Public administration education and health,103,96,23,73,7,1,6
S01011783,R S T U. Other,7,7,4,3,0,0,0
S01011784,All people aged 16 to 74 in employment,381,352,90,262,29,6,23
S01011784,A B D E. Agriculture energy and water,15,13,2,11,2,1,1
S01011784,C. Manufacturing,33,32,1,31,1,1,0
S01011784,F. Construction,26,22,1,21,4,0,4
S01011784,G I. Distribution hotels and restaurants,85,82,39,43,3,1,2
S01011784,H J. Transport and communication,37,26,5,21,11,1,10
S01011784,K L M N. Financial real estate professional and administrative activities,59,56,12,44,3,0,3
S01011784,O P Q. Public administration education and health,107,105,26,79,2,1,1
S01011784,R S T U. Other,19,16,4,12,3,1,2
S01011785,All people aged 16 to 74 in employment,421,380,110,270,41,7,34
S01011785,A B D E. Agriculture energy and water,10,10,2,8,0,0,0
S01011785,C. Manufacturing,33,30,2,28,3,0,3
S01011785,F. Construction,33,24,1,23,9,0,9
S01011785,G I. Distribution hotels and restaurants,108,102,44,58,6,0,6
S01011785,H J. Transport and communication,42,35,7,28,7,2,5
S01011785,K L M N. Financial real estate professional and administrative activities,58,54,11,43,4,1,3
S01011785,O P Q. Public administration education and health,119,112,41,71,7,3,4
S01011785,R S T U. Other,18,13,2,11,5,1,4
S01011786,All people aged 16 to 74 in employment,230,203,54,149,27,4,23
S01011786,A B D E. Agriculture energy and water,7,7,2,5,0,0,0
S01011786,C. Manufacturing,15,14,2,12,1,0,1
S01011786,F. Construction,23,14,1,13,9,0,9
S01011786,G I. Distribution hotels and restaurants,45,39,10,29,6,1,5
S01011786,H J. Transport and communication,16,13,4,9,3,0,3
S01011786,K L M N. Financial real estate professional and administrative activities,45,39,8,31,6,2,4
S01011786,O P Q. Public administration education and health,74,73,25,48,1,0,1
S01011786,R S T U. Other,5,4,2,2,1,1,0
S01011787,All people aged 16 to 74 in employment,395,350,93,257,45,10,35
S01011787,A B D E. Agriculture energy and water,12,11,1,10,1,0,1
S01011787,C. Manufacturing,39,36,4,32,3,1,2
S01011787,F. Construction,68,43,2,41,25,2,23
S01011787,G I. Distribution hotels and restaurants,90,84,40,44,6,3,3
S01011787,H J. Transport and communication,30,26,1,25,4,2,2
S01011787,K L M N. Financial real estate professional and administrative activities,34,33,5,28,1,0,1
S01011787,O P Q. Public administration education and health,108,104,31,73,4,1,3
S01011787,R S T U. Other,14,13,9,4,1,1,0
S01011788,All people aged 16 to 74 in employment,361,263,62,201,98,23,75
S01011788,A B D E. Agriculture energy and water,13,10,1,9,3,0,3
S01011788,C. Manufacturing,19,14,1,13,5,0,5
S01011788,F. Construction,37,19,2,17,18,1,17
S01011788,G I. Distribution hotels and restaurants,81,56,20,36,25,7,18
S01011788,H J. Transport and communication,27,21,2,19,6,1,5
S01011788,K L M N. Financial real estate professional and administrative activities,85,62,14,48,23,6,17
S01011788,O P Q. Public administration education and health,75,66,18,48,9,3,6
S01011788,R S T U. Other,24,15,4,11,9,5,4
S01011789,All people aged 16 to 74 in employment,318,260,69,191,58,18,40
S01011789,A B D E. Agriculture energy and water,23,16,3,13,7,1,6
S01011789,C. Manufacturing,35,32,3,29,3,1,2
S01011789,F. Construction,41,26,6,20,15,4,11
S01011789,G I. Distribution hotels and restaurants,56,46,14,32,10,3,7
S01011789,H J. Transport and communication,28,19,1,18,9,2,7
S01011789,K L M N. Financial real estate professional and administrative activities,27,25,5,20,2,1,1
S01011789,O P Q. Public administration education and health,87,79,28,51,8,3,5
S01011789,R S T U. Other,21,17,9,8,4,3,1
S01011790,All people aged 16 to 74 in employment,446,372,118,254,74,25,49
S01011790,A B D E. Agriculture energy and water,14,12,4,8,2,2,0
S01011790,C. Manufacturing,51,43,1,42,8,2,6
S01011790,F. Construction,68,44,4,40,24,4,20
S01011790,G I. Distribution hotels and restaurants,98,88,47,41,10,4,6
S01011790,H J. Transport and communication,38,25,4,21,13,3,10
S01011790,K L M N. Financial real estate professional and administrative activities,53,45,10,35,8,5,3
S01011790,O P Q. Public administration education and health,110,104,41,63,6,4,2
S01011790,R S T U. Other,14,11,7,4,3,1,2
S01011791,All people aged 16 to 74 in employment,319,284,84,200,35,9,26
S01011791,A B D E. Agriculture energy and water,12,12,2,10,0,0,0
S01011791,C. Manufacturing,38,38,2,36,0,0,0
S01011791,F. Construction,53,37,3,34,16,2,14
S01011791,G I. Distribution hotels and restaurants,68,63,31,32,5,3,2
S01011791,H J. Transport and communication,31,26,3,23,5,2,3
S01011791,K L M N. Financial real estate professional and administrative activities,30,27,7,20,3,1,2
S01011791,O P Q. Public administration education and health,76,72,31,41,4,0,4
S01011791,R S T U. Other,11,9,5,4,2,1,1
S01011792,All people aged 16 to 74 in employment,356,312,67,245,44,8,36
S01011792,A B D E. Agriculture energy and water,5,5,0,5,0,0,0
S01011792,C. Manufacturing,31,29,2,27,2,0,2
S01011792,F. Construction,45,28,1,27,17,2,15
S01011792,G I. Distribution hotels and restaurants,61,52,21,31,9,2,7
S01011792,H J. Transport and communication,28,25,4,21,3,1,2
S01011792,K L M N. Financial real estate professional and administrative activities,65,57,8,49,8,0,8
S01011792,O P Q. Public administration education and health,102,99,25,74,3,2,1
S01011792,R S T U. Other,19,17,6,11,2,1,1
S01011793,All people aged 16 to 74 in employment,335,286,72,214,49,16,33
S01011793,A B D E. Agriculture energy and water,10,10,2,8,0,0,0
S01011793,C. Manufacturing,22,21,2,19,1,0,1
S01011793,F. Construction,47,31,2,29,16,3,13
S01011793,G I. Distribution hotels and restaurants,60,49,24,25,11,5,6
S01011793,H J. Transport and communication,23,17,1,16,6,1,5
S01011793,K L M N. Financial real estate professional and administrative activities,52,45,8,37,7,1,6
S01011793,O P Q. Public administration education and health,97,95,23,72,2,1,1
S01011793,R S T U. Other,24,18,10,8,6,5,1
S01011794,All people aged 16 to 74 in employment,380,339,100,239,41,6,35
S01011794,A B D E. Agriculture energy and water,6,5,0,5,1,0,1
S01011794,C. Manufacturing,25,24,2,22,1,0,1
S01011794,F. Construction,59,39,2,37,20,1,19
S01011794,G I. Distribution hotels and restaurants,80,76,34,42,4,0,4
S01011794,H J. Transport and communication,24,17,3,14,7,2,5
S01011794,K L M N. Financial real estate professional and administrative activities,49,44,10,34,5,2,3
S01011794,O P Q. Public administration education and health,121,120,42,78,1,0,1
S01011794,R S T U. Other,16,14,7,7,2,1,1
S01011795,All people aged 16 to 74 in employment,269,240,58,182,29,5,24
S01011795,A B D E. Agriculture energy and water,6,6,0,6,0,0,0
S01011795,C. Manufacturing,28,28,2,26,0,0,0
S01011795,F. Construction,40,34,1,33,6,0,6
S01011795,G I. Distribution hotels and restaurants,52,51,20,31,1,0,1
S01011795,H J. Transport and communication,27,20,0,20,7,0,7
S01011795,K L M N. Financial real estate professional and administrative activities,25,17,4,13,8,3,5
S01011795,O P Q. Public administration education and health,79,75,28,47,4,1,3
S01011795,R S T U. Other,12,9,3,6,3,1,2
S01011796,All people aged 16 to 74 in employment,321,293,82,211,28,3,25
S01011796,A B D E. Agriculture energy and water,10,9,0,9,1,0,1
S01011796,C. Manufacturing,36,34,4,30,2,1,1
S01011796,F. Construction,47,37,1,36,10,0,10
S01011796,G I. Distribution hotels and restaurants,76,74,35,39,2,1,1
S01011796,H J. Transport and communication,26,21,3,18,5,0,5
S01011796,K L M N. Financial real estate professional and administrative activities,28,26,9,17,2,0,2
S01011796,O P Q. Public administration education and health,82,80,27,53,2,0,2
S01011796,R S T U. Other,16,12,3,9,4,1,3
S01011797,All people aged 16 to 74 in employment,573,505,157,348,68,14,54
S01011797,A B D E. Agriculture energy and water,17,16,3,13,1,0,1
S01011797,C. Manufacturing,41,40,4,36,1,0,1
S01011797,F. Construction,75,54,8,46,21,2,19
S01011797,G I. Distribution hotels and restaurants,92,82,46,36,10,1,9
S01011797,H J. Transport and communication,52,42,6,36,10,3,7
S01011797,K L M N. Financial real estate professional and administrative activities,89,76,16,60,13,3,10
S01011797,O P Q. Public administration education and health,172,169,59,110,3,3,0
S01011797,R S T U. Other,35,26,15,11,9,2,7
S01011798,All people aged 16 to 74 in employment,241,214,60,154,27,1,26
S01011798,A B D E. Agriculture energy and water,5,4,0,4,1,0,1
S01011798,C. Manufacturing,28,28,2,26,0,0,0
S01011798,F. Construction,36,21,0,21,15,0,15
S01011798,G I. Distribution hotels and restaurants,70,63,29,34,7,1,6
S01011798,H J. Transport and communication,12,10,0,10,2,0,2
S01011798,K L M N. Financial real estate professional and administrative activities,27,26,3,23,1,0,1
S01011798,O P Q. Public administration education and health,55,55,22,33,0,0,0
S01011798,R S T U. Other,8,7,4,3,1,0,1
S01011799,All people aged 16 to 74 in employment,443,397,100,297,46,7,39
S01011799,A B D E. Agriculture energy and water,22,20,0,20,2,0,2
S01011799,C. Manufacturing,38,37,2,35,1,1,0
S01011799,F. Construction,71,50,2,48,21,0,21
S01011799,G I. Distribution hotels and restaurants,93,88,38,50,5,0,5
S01011799,H J. Transport and communication,23,19,4,15,4,2,2
S01011799,K L M N. Financial real estate professional and administrative activities,51,49,8,41,2,0,2
S01011799,O P Q. Public administration education and health,125,119,39,80,6,1,5
S01011799,R S T U. Other,20,15,7,8,5,3,2
S01011800,All people aged 16 to 74 in employment,254,226,59,167,28,7,21
S01011800,A B D E. Agriculture energy and water,6,6,0,6,0,0,0
S01011800,C. Manufacturing,38,37,3,34,1,0,1
S01011800,F. Construction,49,37,3,34,12,2,10
S01011800,G I. Distribution hotels and restaurants,48,44,22,22,4,1,3
S01011800,H J. Transport and communication,23,18,2,16,5,2,3
S01011800,K L M N. Financial real estate professional and administrative activities,33,31,5,26,2,0,2
S01011800,O P Q. Public administration education and health,54,51,24,27,3,1,2
S01011800,R S T U. Other,3,2,0,2,1,1,0
S01011801,All people aged 16 to 74 in employment,227,214,76,138,13,2,11
S01011801,A B D E. Agriculture energy and water,5,5,2,3,0,0,0
S01011801,C. Manufacturing,23,23,2,21,0,0,0
S01011801,F. Construction,34,25,3,22,9,0,9
S01011801,G I. Distribution hotels and restaurants,46,46,27,19,0,0,0
S01011801,H J. Transport and communication,19,15,4,11,4,2,2
S01011801,K L M N. Financial real estate professional and administrative activities,31,31,8,23,0,0,0
S01011801,O P Q. Public administration education and health,64,64,27,37,0,0,0
S01011801,R S T U. Other,5,5,3,2,0,0,0
S01011802,All people aged 16 to 74 in employment,288,258,70,188,30,8,22
S01011802,A B D E. Agriculture energy and water,8,8,0,8,0,0,0
S01011802,C. Manufacturing,45,45,2,43,0,0,0
S01011802,F. Construction,41,27,2,25,14,2,12
S01011802,G I. Distribution hotels and restaurants,43,38,18,20,5,1,4
S01011802,H J. Transport and communication,33,26,1,25,7,2,5
S01011802,K L M N. Financial real estate professional and administrative activities,21,20,5,15,1,1,0
S01011802,O P Q. Public administration education and health,82,81,37,44,1,1,0
S01011802,R S T U. Other,15,13,5,8,2,1,1
S01011803,All people aged 16 to 74 in employment,259,230,72,158,29,5,24
S01011803,A B D E. Agriculture energy and water,9,8,0,8,1,0,1
S01011803,C. Manufacturing,37,34,4,30,3,0,3
S01011803,F. Construction,35,27,2,25,8,0,8
S01011803,G I. Distribution hotels and restaurants,56,53,31,22,3,0,3
S01011803,H J. Transport and communication,15,9,2,7,6,2,4
S01011803,K L M N. Financial real estate professional and administrative activities,33,29,7,22,4,2,2
S01011803,O P Q. Public administration education and health,62,59,21,38,3,1,2
S01011803,R S T U. Other,12,11,5,6,1,0,1
S01011804,All people aged 16 to 74 in employment,374,311,92,219,63,15,48
S01011804,A B D E. Agriculture energy and water,19,12,3,9,7,1,6
S01011804,C. Manufacturing,26,22,3,19,4,0,4
S01011804,F. Construction,31,25,3,22,6,1,5
S01011804,G I. Distribution hotels and restaurants,85,71,29,42,14,4,10
S01011804,H J. Transport and communication,56,50,7,43,6,1,5
S01011804,K L M N. Financial real estate professional and administrative activities,44,39,15,24,5,3,2
S01011804,O P Q. Public administration education and health,96,85,29,56,11,3,8
S01011804,R S T U. Other,17,7,3,4,10,2,8
S01011805,All people aged 16 to 74 in employment,280,215,56,159,65,14,51
S01011805,A B D E. Agriculture energy and water,15,10,0,10,5,1,4
S01011805,C. Manufacturing,25,21,5,16,4,0,4
S01011805,F. Construction,27,16,1,15,11,1,10
S01011805,G I. Distribution hotels and restaurants,59,44,18,26,15,1,14
S01011805,H J. Transport and communication,38,34,4,30,4,1,3
S01011805,K L M N. Financial real estate professional and administrative activities,39,30,6,24,9,4,5
S01011805,O P Q. Public administration education and health,64,53,19,34,11,3,8
S01011805,R S T U. Other,13,7,3,4,6,3,3
S01011806,All people aged 16 to 74 in employment,377,309,99,210,68,11,57
S01011806,A B D E. Agriculture energy and water,34,15,0,15,19,0,19
S01011806,C. Manufacturing,29,23,3,20,6,0,6
S01011806,F. Construction,32,21,7,14,11,3,8
S01011806,G I. Distribution hotels and restaurants,77,65,32,33,12,2,10
S01011806,H J. Transport and communication,50,45,5,40,5,1,4
S01011806,K L M N. Financial real estate professional and administrative activities,40,31,12,19,9,2,7
S01011806,O P Q. Public administration education and health,100,96,34,62,4,2,2
S01011806,R S T U. Other,15,13,6,7,2,1,1
S01011807,All people aged 16 to 74 in employment,610,424,134,290,186,40,146
S01011807,A B D E. Agriculture energy and water,113,28,6,22,85,15,70
S01011807,C. Manufacturing,38,25,2,23,13,4,9
S01011807,F. Construction,58,40,3,37,18,4,14
S01011807,G I. Distribution hotels and restaurants,104,73,33,40,31,2,29
S01011807,H J. Transport and communication,60,50,7,43,10,2,8
S01011807,K L M N. Financial real estate professional and administrative activities,40,23,9,14,17,9,8
S01011807,O P Q. Public administration education and health,176,167,67,100,9,4,5
S01011807,R S T U. Other,21,18,7,11,3,0,3
S01011808,All people aged 16 to 74 in employment,330,284,111,173,46,10,36
S01011808,A B D E. Agriculture energy and water,22,11,0,11,11,0,11
S01011808,C. Manufacturing,5,3,2,1,2,2,0
S01011808,F. Construction,47,37,2,35,10,2,8
S01011808,G I. Distribution hotels and restaurants,76,73,47,26,3,0,3
S01011808,H J. Transport and communication,43,40,7,33,3,1,2
S01011808,K L M N. Financial real estate professional and administrative activities,36,28,5,23,8,2,6
S01011808,O P Q. Public administration education and health,94,89,47,42,5,1,4
S01011808,R S T U. Other,7,3,1,2,4,2,2
S01011809,All people aged 16 to 74 in employment,402,311,105,206,91,28,63
S01011809,A B D E. Agriculture energy and water,59,31,3,28,28,4,24
S01011809,C. Manufacturing,21,13,5,8,8,1,7
S01011809,F. Construction,39,34,3,31,5,1,4
S01011809,G I. Distribution hotels and restaurants,70,47,24,23,23,8,15
S01011809,H J. Transport and communication,29,23,5,18,6,1,5
S01011809,K L M N. Financial real estate professional and administrative activities,47,37,7,30,10,7,3
S01011809,O P Q. Public administration education and health,125,119,54,65,6,3,3
S01011809,R S T U. Other,12,7,4,3,5,3,2
S01011810,All people aged 16 to 74 in employment,496,382,107,275,114,33,81
S01011810,A B D E. Agriculture energy and water,68,23,1,22,45,9,36
S01011810,C. Manufacturing,24,19,3,16,5,3,2
S01011810,F. Construction,72,56,2,54,16,3,13
S01011810,G I. Distribution hotels and restaurants,76,64,27,37,12,3,9
S01011810,H J. Transport and communication,41,37,5,32,4,2,2
S01011810,K L M N. Financial real estate professional and administrative activities,48,29,7,22,19,6,13
S01011810,O P Q. Public administration education and health,145,140,54,86,5,4,1
S01011810,R S T U. Other,22,14,8,6,8,3,5
S01011811,All people aged 16 to 74 in employment,554,403,120,283,151,30,121
S01011811,A B D E. Agriculture energy and water,92,28,8,20,64,7,57
S01011811,C. Manufacturing,26,19,1,18,7,2,5
S01011811,F. Construction,97,66,3,63,31,2,29
S01011811,G I. Distribution hotels and restaurants,78,63,29,34,15,4,11
S01011811,H J. Transport and communication,37,34,5,29,3,1,2
S01011811,K L M N. Financial real estate professional and administrative activities,35,20,6,14,15,3,12
S01011811,O P Q. Public administration education and health,167,157,62,95,10,8,2
S01011811,R S T U. Other,22,16,6,10,6,3,3
S01011812,All people aged 16 to 74 in employment,349,243,74,169,106,34,72
S01011812,A B D E. Agriculture energy and water,57,16,2,14,41,11,30
S01011812,C. Manufacturing,12,10,1,9,2,0,2
S01011812,F. Construction,40,26,3,23,14,5,9
S01011812,G I. Distribution hotels and restaurants,49,36,19,17,13,5,8
S01011812,H J. Transport and communication,24,20,3,17,4,1,3
S01011812,K L M N. Financial real estate professional and administrative activities,45,30,7,23,15,4,11
S01011812,O P Q. Public administration education and health,100,92,35,57,8,7,1
S01011812,R S T U. Other,22,13,4,9,9,1,8
S01011813,All people aged 16 to 74 in employment,427,332,87,245,95,19,76
S01011813,A B D E. Agriculture energy and water,59,22,2,20,37,5,32
S01011813,C. Manufacturing,16,8,1,7,8,4,4
S01011813,F. Construction,66,49,3,46,17,4,13
S01011813,G I. Distribution hotels and restaurants,73,58,24,34,15,2,13
S01011813,H J. Transport and communication,45,40,5,35,5,0,5
S01011813,K L M N. Financial real estate professional and administrative activities,34,28,6,22,6,1,5
S01011813,O P Q. Public administration education and health,127,121,45,76,6,2,4
S01011813,R S T U. Other,7,6,1,5,1,1,0
S01011814,All people aged 16 to 74 in employment,403,301,103,198,102,26,76
S01011814,A B D E. Agriculture energy and water,78,24,0,24,54,7,47
S01011814,C. Manufacturing,19,17,5,12,2,0,2
S01011814,F. Construction,38,26,1,25,12,2,10
S01011814,G I. Distribution hotels and restaurants,50,45,28,17,5,2,3
S01011814,H J. Transport and communication,36,33,4,29,3,0,3
S01011814,K L M N. Financial real estate professional and administrative activities,33,19,6,13,14,9,5
S01011814,O P Q. Public administration education and health,140,133,58,75,7,6,1
S01011814,R S T U. Other,9,4,1,3,5,0,5
S01011815,All people aged 16 to 74 in employment,441,363,128,235,78,24,54
S01011815,A B D E. Agriculture energy and water,56,26,1,25,30,4,26
S01011815,C. Manufacturing,28,25,8,17,3,1,2
S01011815,F. Construction,42,34,1,33,8,0,8
S01011815,G I. Distribution hotels and restaurants,80,66,32,34,14,6,8
S01011815,H J. Transport and communication,49,44,9,35,5,3,2
S01011815,K L M N. Financial real estate professional and administrative activities,42,35,12,23,7,3,4
S01011815,O P Q. Public administration education and health,129,121,57,64,8,6,2
S01011815,R S T U. Other,15,12,8,4,3,1,2
S01011816,All people aged 16 to 74 in employment,351,290,95,195,61,13,48
S01011816,A B D E. Agriculture energy and water,25,18,2,16,7,2,5
S01011816,C. Manufacturing,13,13,3,10,0,0,0
S01011816,F. Construction,38,27,4,23,11,1,10
S01011816,G I. Distribution hotels and restaurants,74,48,24,24,26,5,21
S01011816,H J. Transport and communication,39,37,5,32,2,1,1
S01011816,K L M N. Financial real estate professional and administrative activities,41,33,6,27,8,1,7
S01011816,O P Q. Public administration education and health,113,106,45,61,7,3,4
S01011816,R S T U. Other,8,8,6,2,0,0,0
S01011817,All people aged 16 to 74 in employment,430,345,93,252,85,16,69
S01011817,A B D E. Agriculture energy and water,44,22,2,20,22,3,19
S01011817,C. Manufacturing,26,23,3,20,3,0,3
S01011817,F. Construction,53,42,0,42,11,2,9
S01011817,G I. Distribution hotels and restaurants,95,73,27,46,22,3,19
S01011817,H J. Transport and communication,50,43,4,39,7,1,6
S01011817,K L M N. Financial real estate professional and administrative activities,28,22,8,14,6,1,5
S01011817,O P Q. Public administration education and health,118,115,49,66,3,1,2
S01011817,R S T U. Other,16,5,0,5,11,5,6
S01011818,All people aged 16 to 74 in employment,607,545,186,359,62,23,39
S01011818,A B D E. Agriculture energy and water,32,24,2,22,8,2,6
S01011818,C. Manufacturing,35,29,3,26,6,3,3
S01011818,F. Construction,62,46,4,42,16,3,13
S01011818,G I. Distribution hotels and restaurants,136,120,73,47,16,4,12
S01011818,H J. Transport and communication,79,79,16,63,0,0,0
S01011818,K L M N. Financial real estate professional and administrative activities,52,50,14,36,2,1,1
S01011818,O P Q. Public administration education and health,188,181,69,112,7,4,3
S01011818,R S T U. Other,23,16,5,11,7,6,1
S01011819,All people aged 16 to 74 in employment,466,424,120,304,42,13,29
S01011819,A B D E. Agriculture energy and water,29,25,1,24,4,0,4
S01011819,C. Manufacturing,30,29,4,25,1,0,1
S01011819,F. Construction,50,41,0,41,9,1,8
S01011819,G I. Distribution hotels and restaurants,95,91,38,53,4,1,3
S01011819,H J. Transport and communication,48,47,7,40,1,0,1
S01011819,K L M N. Financial real estate professional and administrative activities,50,38,20,18,12,7,5
S01011819,O P Q. Public administration education and health,141,139,44,95,2,1,1
S01011819,R S T U. Other,23,14,6,8,9,3,6
S01011820,All people aged 16 to 74 in employment,372,318,114,204,54,14,40
S01011820,A B D E. Agriculture energy and water,14,11,1,10,3,0,3
S01011820,C. Manufacturing,17,14,1,13,3,0,3
S01011820,F. Construction,46,33,1,32,13,0,13
S01011820,G I. Distribution hotels and restaurants,82,75,36,39,7,1,6
S01011820,H J. Transport and communication,33,32,10,22,1,0,1
S01011820,K L M N. Financial real estate professional and administrative activities,33,25,7,18,8,5,3
S01011820,O P Q. Public administration education and health,124,113,50,63,11,7,4
S01011820,R S T U. Other,23,15,8,7,8,1,7
S01011821,All people aged 16 to 74 in employment,220,200,55,145,20,7,13
S01011821,A B D E. Agriculture energy and water,13,9,1,8,4,1,3
S01011821,C. Manufacturing,12,12,1,11,0,0,0
S01011821,F. Construction,23,20,0,20,3,2,1
S01011821,G I. Distribution hotels and restaurants,69,65,25,40,4,1,3
S01011821,H J. Transport and communication,25,24,4,20,1,0,1
S01011821,K L M N. Financial real estate professional and administrative activities,17,15,3,12,2,0,2
S01011821,O P Q. Public administration education and health,49,49,18,31,0,0,0
S01011821,R S T U. Other,12,6,3,3,6,3,3
S01011822,All people aged 16 to 74 in employment,404,353,116,237,51,18,33
S01011822,A B D E. Agriculture energy and water,31,23,6,17,8,4,4
S01011822,C. Manufacturing,22,18,6,12,4,1,3
S01011822,F. Construction,49,39,4,35,10,2,8
S01011822,G I. Distribution hotels and restaurants,122,111,42,69,11,3,8
S01011822,H J. Transport and communication,29,27,3,24,2,1,1
S01011822,K L M N. Financial real estate professional and administrative activities,39,35,12,23,4,2,2
S01011822,O P Q. Public administration education and health,86,85,36,49,1,1,0
S01011822,R S T U. Other,26,15,7,8,11,4,7
S01011823,All people aged 16 to 74 in employment,326,291,89,202,35,10,25
S01011823,A B D E. Agriculture energy and water,18,13,2,11,5,1,4
S01011823,C. Manufacturing,14,14,3,11,0,0,0
S01011823,F. Construction,30,25,0,25,5,0,5
S01011823,G I. Distribution hotels and restaurants,85,71,26,45,14,3,11
S01011823,H J. Transport and communication,32,30,0,30,2,0,2
S01011823,K L M N. Financial real estate professional and administrative activities,20,19,7,12,1,1,0
S01011823,O P Q. Public administration education and health,111,105,43,62,6,3,3
S01011823,R S T U. Other,16,14,8,6,2,2,0
S01011824,All people aged 16 to 74 in employment,379,344,108,236,35,17,18
S01011824,A B D E. Agriculture energy and water,29,22,1,21,7,1,6
S01011824,C. Manufacturing,20,19,1,18,1,0,1
S01011824,F. Construction,51,38,3,35,13,6,7
S01011824,G I. Distribution hotels and restaurants,90,88,36,52,2,2,0
S01011824,H J. Transport and communication,43,42,5,37,1,1,0
S01011824,K L M N. Financial real estate professional and administrative activities,36,35,12,23,1,1,0
S01011824,O P Q. Public administration education and health,104,96,48,48,8,6,2
S01011824,R S T U. Other,6,4,2,2,2,0,2
S01011825,All people aged 16 to 74 in employment,285,248,71,177,37,8,29
S01011825,A B D E. Agriculture energy and water,20,12,0,12,8,0,8
S01011825,C. Manufacturing,10,9,0,9,1,1,0
S01011825,F. Construction,21,19,2,17,2,0,2
S01011825,G I. Distribution hotels and restaurants,73,62,25,37,11,2,9
S01011825,H J. Transport and communication,28,28,1,27,0,0,0
S01011825,K L M N. Financial real estate professional and administrative activities,22,20,4,16,2,0,2
S01011825,O P Q. Public administration education and health,89,83,32,51,6,1,5
S01011825,R S T U. Other,22,15,7,8,7,4,3
S01011826,All people aged 16 to 74 in employment,371,327,92,235,44,13,31
S01011826,A B D E. Agriculture energy and water,16,8,1,7,8,1,7
S01011826,C. Manufacturing,19,17,3,14,2,0,2
S01011826,F. Construction,38,30,3,27,8,0,8
S01011826,G I. Distribution hotels and restaurants,88,78,28,50,10,3,7
S01011826,H J. Transport and communication,44,41,5,36,3,3,0
S01011826,K L M N. Financial real estate professional and administrative activities,33,29,6,23,4,1,3
S01011826,O P Q. Public administration education and health,124,120,45,75,4,1,3
S01011826,R S T U. Other,9,4,1,3,5,4,1
S01011827,All people aged 16 to 74 in employment,217,152,52,100,65,17,48
S01011827,A B D E. Agriculture energy and water,60,30,1,29,30,5,25
S01011827,C. Manufacturing,8,6,1,5,2,0,2
S01011827,F. Construction,14,7,1,6,7,1,6
S01011827,G I. Distribution hotels and restaurants,39,32,13,19,7,1,6
S01011827,H J. Transport and communication,30,23,8,15,7,2,5
S01011827,K L M N. Financial real estate professional and administrative activities,18,11,3,8,7,4,3
S01011827,O P Q. Public administration education and health,38,36,24,12,2,2,0
S01011827,R S T U. Other,10,7,1,6,3,2,1
S01011828,All people aged 16 to 74 in employment,486,326,118,208,160,48,112
S01011828,A B D E. Agriculture energy and water,98,35,4,31,63,13,50
S01011828,C. Manufacturing,19,11,2,9,8,1,7
S01011828,F. Construction,36,24,0,24,12,3,9
S01011828,G I. Distribution hotels and restaurants,77,57,20,37,20,4,16
S01011828,H J. Transport and communication,56,42,11,31,14,4,10
S01011828,K L M N. Financial real estate professional and administrative activities,40,24,9,15,16,5,11
S01011828,O P Q. Public administration education and health,131,120,63,57,11,9,2
S01011828,R S T U. Other,29,13,9,4,16,9,7
S01011829,All people aged 16 to 74 in employment,241,183,63,120,58,17,41
S01011829,A B D E. Agriculture energy and water,30,18,1,17,12,2,10
S01011829,C. Manufacturing,16,12,2,10,4,1,3
S01011829,F. Construction,27,19,2,17,8,4,4
S01011829,G I. Distribution hotels and restaurants,34,25,14,11,9,1,8
S01011829,H J. Transport and communication,29,25,9,16,4,0,4
S01011829,K L M N. Financial real estate professional and administrative activities,24,14,3,11,10,4,6
S01011829,O P Q. Public administration education and health,66,63,30,33,3,2,1
S01011829,R S T U. Other,15,7,2,5,8,3,5
S01011830,All people aged 16 to 74 in employment,287,159,57,102,128,28,100
S01011830,A B D E. Agriculture energy and water,74,12,4,8,62,8,54
S01011830,C. Manufacturing,6,3,1,2,3,1,2
S01011830,F. Construction,36,13,1,12,23,6,17
S01011830,G I. Distribution hotels and restaurants,37,24,13,11,13,3,10
S01011830,H J. Transport and communication,32,29,9,20,3,1,2
S01011830,K L M N. Financial real estate professional and administrative activities,25,16,4,12,9,5,4
S01011830,O P Q. Public administration education and health,67,60,24,36,7,1,6
S01011830,R S T U. Other,10,2,1,1,8,3,5
S01011831,All people aged 16 to 74 in employment,393,225,109,116,168,41,127
S01011831,A B D E. Agriculture energy and water,122,28,6,22,94,15,79
S01011831,C. Manufacturing,11,4,0,4,7,5,2
S01011831,F. Construction,28,12,3,9,16,6,10
S01011831,G I. Distribution hotels and restaurants,57,30,18,12,27,4,23
S01011831,H J. Transport and communication,29,27,12,15,2,1,1
S01011831,K L M N. Financial real estate professional and administrative activities,16,9,6,3,7,4,3
S01011831,O P Q. Public administration education and health,100,93,51,42,7,5,2
S01011831,R S T U. Other,30,22,13,9,8,1,7
S01011832,All people aged 16 to 74 in employment,441,271,118,153,170,24,146
S01011832,A B D E. Agriculture energy and water,124,39,3,36,85,5,80
S01011832,C. Manufacturing,32,24,9,15,8,0,8
S01011832,F. Construction,45,22,3,19,23,5,18
S01011832,G I. Distribution hotels and restaurants,71,46,33,13,25,4,21
S01011832,H J. Transport and communication,31,25,7,18,6,2,4
S01011832,K L M N. Financial real estate professional and administrative activities,20,10,3,7,10,4,6
S01011832,O P Q. Public administration education and health,103,95,56,39,8,2,6
S01011832,R S T U. Other,15,10,4,6,5,2,3
S01011833,All people aged 16 to 74 in employment,459,360,112,248,99,28,71
S01011833,A B D E. Agriculture energy and water,45,30,5,25,15,2,13
S01011833,C. Manufacturing,36,27,1,26,9,3,6
S01011833,F. Construction,46,28,6,22,18,4,14
S01011833,G I. Distribution hotels and restaurants,59,48,21,27,11,5,6
S01011833,H J. Transport and communication,31,25,6,19,6,0,6
S01011833,K L M N. Financial real estate professional and administrative activities,61,46,13,33,15,4,11
S01011833,O P Q. Public administration education and health,163,141,53,88,22,8,14
S01011833,R S T U. Other,18,15,7,8,3,2,1
S01011834,All people aged 16 to 74 in employment,254,206,55,151,48,16,32
S01011834,A B D E. Agriculture energy and water,14,9,1,8,5,1,4
S01011834,C. Manufacturing,13,13,1,12,0,0,0
S01011834,F. Construction,21,16,0,16,5,1,4
S01011834,G I. Distribution hotels and restaurants,30,25,10,15,5,1,4
S01011834,H J. Transport and communication,17,14,1,13,3,2,1
S01011834,K L M N. Financial real estate professional and administrative activities,54,37,8,29,17,5,12
S01011834,O P Q. Public administration education and health,91,82,29,53,9,5,4
S01011834,R S T U. Other,14,10,5,5,4,1,3
S01011835,All people aged 16 to 74 in employment,379,296,72,224,83,22,61
S01011835,A B D E. Agriculture energy and water,31,15,2,13,16,5,11
S01011835,C. Manufacturing,29,25,4,21,4,0,4
S01011835,F. Construction,38,22,6,16,16,4,12
S01011835,G I. Distribution hotels and restaurants,64,50,17,33,14,3,11
S01011835,H J. Transport and communication,11,9,2,7,2,1,1
S01011835,K L M N. Financial real estate professional and administrative activities,63,50,7,43,13,3,10
S01011835,O P Q. Public administration education and health,120,112,31,81,8,3,5
S01011835,R S T U. Other,23,13,3,10,10,3,7
S01011836,All people aged 16 to 74 in employment,379,301,74,227,78,25,53
S01011836,A B D E. Agriculture energy and water,27,16,0,16,11,1,10
S01011836,C. Manufacturing,41,32,2,30,9,3,6
S01011836,F. Construction,33,20,2,18,13,0,13
S01011836,G I. Distribution hotels and restaurants,75,63,20,43,12,5,7
S01011836,H J. Transport and communication,16,14,2,12,2,0,2
S01011836,K L M N. Financial real estate professional and administrative activities,50,33,8,25,17,8,9
S01011836,O P Q. Public administration education and health,114,107,38,69,7,4,3
S01011836,R S T U. Other,23,16,2,14,7,4,3
S01011837,All people aged 16 to 74 in employment,329,247,67,180,82,21,61
S01011837,A B D E. Agriculture energy and water,23,12,2,10,11,2,9
S01011837,C. Manufacturing,28,22,3,19,6,1,5
S01011837,F. Construction,26,13,2,11,13,2,11
S01011837,G I. Distribution hotels and restaurants,56,42,20,22,14,2,12
S01011837,H J. Transport and communication,23,15,3,12,8,2,6
S01011837,K L M N. Financial real estate professional and administrative activities,63,50,7,43,13,3,10
S01011837,O P Q. Public administration education and health,91,83,30,53,8,6,2
S01011837,R S T U. Other,19,10,0,10,9,3,6
S01011838,All people aged 16 to 74 in employment,413,349,85,264,64,21,43
S01011838,A B D E. Agriculture energy and water,18,16,3,13,2,0,2
S01011838,C. Manufacturing,30,28,0,28,2,2,0
S01011838,F. Construction,37,26,2,24,11,2,9
S01011838,G I. Distribution hotels and restaurants,89,75,27,48,14,6,8
S01011838,H J. Transport and communication,30,26,7,19,4,0,4
S01011838,K L M N. Financial real estate professional and administrative activities,66,53,10,43,13,2,11
S01011838,O P Q. Public administration education and health,120,109,33,76,11,6,5
S01011838,R S T U. Other,23,16,3,13,7,3,4
S01011839,All people aged 16 to 74 in employment,494,427,116,311,67,19,48
S01011839,A B D E. Agriculture energy and water,18,14,2,12,4,1,3
S01011839,C. Manufacturing,30,27,0,27,3,0,3
S01011839,F. Construction,49,34,2,32,15,5,10
S01011839,G I. Distribution hotels and restaurants,121,109,47,62,12,5,7
S01011839,H J. Transport and communication,33,24,1,23,9,2,7
S01011839,K L M N. Financial real estate professional and administrative activities,69,61,9,52,8,0,8
S01011839,O P Q. Public administration education and health,142,138,48,90,4,1,3
S01011839,R S T U. Other,32,20,7,13,12,5,7
S01011840,All people aged 16 to 74 in employment,517,445,125,320,72,17,55
S01011840,A B D E. Agriculture energy and water,19,17,1,16,2,0,2
S01011840,C. Manufacturing,46,41,3,38,5,0,5
S01011840,F. Construction,43,27,2,25,16,2,14
S01011840,G I. Distribution hotels and restaurants,116,105,53,52,11,1,10
S01011840,H J. Transport and communication,39,32,6,26,7,1,6
S01011840,K L M N. Financial real estate professional and administrative activities,68,53,11,42,15,5,10
S01011840,O P Q. Public administration education and health,158,146,41,105,12,6,6
S01011840,R S T U. Other,28,24,8,16,4,2,2
S01011841,All people aged 16 to 74 in employment,452,384,111,273,68,17,51
S01011841,A B D E. Agriculture energy and water,22,17,2,15,5,1,4
S01011841,C. Manufacturing,39,36,0,36,3,0,3
S01011841,F. Construction,37,25,3,22,12,1,11
S01011841,G I. Distribution hotels and restaurants,97,83,40,43,14,2,12
S01011841,H J. Transport and communication,23,18,1,17,5,1,4
S01011841,K L M N. Financial real estate professional and administrative activities,48,37,11,26,11,2,9
S01011841,O P Q. Public administration education and health,162,147,43,104,15,8,7
S01011841,R S T U. Other,24,21,11,10,3,2,1
S01011842,All people aged 16 to 74 in employment,446,402,126,276,44,12,32
S01011842,A B D E. Agriculture energy and water,26,23,2,21,3,0,3
S01011842,C. Manufacturing,24,23,2,21,1,1,0
S01011842,F. Construction,48,36,0,36,12,1,11
S01011842,G I. Distribution hotels and restaurants,114,108,45,63,6,2,4
S01011842,H J. Transport and communication,21,18,2,16,3,0,3
S01011842,K L M N. Financial real estate professional and administrative activities,68,56,17,39,12,3,9
S01011842,O P Q. Public administration education and health,119,115,49,66,4,2,2
S01011842,R S T U. Other,26,23,9,14,3,3,0
S01011843,All people aged 16 to 74 in employment,508,333,87,246,175,49,126
S01011843,A B D E. Agriculture energy and water,45,21,4,17,24,6,18
S01011843,C. Manufacturing,39,28,0,28,11,4,7
S01011843,F. Construction,44,16,0,16,28,2,26
S01011843,G I. Distribution hotels and restaurants,95,66,29,37,29,6,23
S01011843,H J. Transport and communication,26,13,3,10,13,1,12
S01011843,K L M N. Financial real estate professional and administrative activities,99,60,12,48,39,11,28
S01011843,O P Q. Public administration education and health,131,113,32,81,18,10,8
S01011843,R S T U. Other,29,16,7,9,13,9,4
S01011844,All people aged 16 to 74 in employment,349,273,88,185,76,29,47
S01011844,A B D E. Agriculture energy and water,29,20,2,18,9,1,8
S01011844,C. Manufacturing,26,24,2,22,2,0,2
S01011844,F. Construction,20,14,2,12,6,0,6
S01011844,G I. Distribution hotels and restaurants,71,61,32,29,10,3,7
S01011844,H J. Transport and communication,16,12,1,11,4,3,1
S01011844,K L M N. Financial real estate professional and administrative activities,66,42,9,33,24,6,18
S01011844,O P Q. Public administration education and health,102,88,35,53,14,10,4
S01011844,R S T U. Other,19,12,5,7,7,6,1
S01011845,All people aged 16 to 74 in employment,412,349,114,235,63,17,46
S01011845,A B D E. Agriculture energy and water,22,15,4,11,7,0,7
S01011845,C. Manufacturing,28,28,4,24,0,0,0
S01011845,F. Construction,37,27,0,27,10,0,10
S01011845,G I. Distribution hotels and restaurants,108,96,43,53,12,3,9
S01011845,H J. Transport and communication,22,15,2,13,7,1,6
S01011845,K L M N. Financial real estate professional and administrative activities,68,55,14,41,13,5,8
S01011845,O P Q. Public administration education and health,103,95,39,56,8,4,4
S01011845,R S T U. Other,24,18,8,10,6,4,2
S01011846,All people aged 16 to 74 in employment,457,361,97,264,96,23,73
S01011846,A B D E. Agriculture energy and water,37,25,3,22,12,0,12
S01011846,C. Manufacturing,42,39,7,32,3,1,2
S01011846,F. Construction,40,27,5,22,13,1,12
S01011846,G I. Distribution hotels and restaurants,90,77,34,43,13,3,10
S01011846,H J. Transport and communication,24,19,4,15,5,0,5
S01011846,K L M N. Financial real estate professional and administrative activities,87,56,16,40,31,9,22
S01011846,O P Q. Public administration education and health,110,99,18,81,11,6,5
S01011846,R S T U. Other,27,19,10,9,8,3,5
S01011847,All people aged 16 to 74 in employment,222,162,42,120,60,18,42
S01011847,A B D E. Agriculture energy and water,26,14,1,13,12,3,9
S01011847,C. Manufacturing,14,11,1,10,3,0,3
S01011847,F. Construction,19,16,2,14,3,0,3
S01011847,G I. Distribution hotels and restaurants,39,27,9,18,12,3,9
S01011847,H J. Transport and communication,11,7,0,7,4,1,3
S01011847,K L M N. Financial real estate professional and administrative activities,41,25,8,17,16,7,9
S01011847,O P Q. Public administration education and health,57,51,19,32,6,4,2
S01011847,R S T U. Other,15,11,2,9,4,0,4
S01011848,All people aged 16 to 74 in employment,384,285,98,187,99,24,75
S01011848,A B D E. Agriculture energy and water,46,21,5,16,25,5,20
S01011848,C. Manufacturing,28,22,2,20,6,1,5
S01011848,F. Construction,30,13,1,12,17,0,17
S01011848,G I. Distribution hotels and restaurants,61,53,28,25,8,2,6
S01011848,H J. Transport and communication,24,19,3,16,5,2,3
S01011848,K L M N. Financial real estate professional and administrative activities,65,48,16,32,17,4,13
S01011848,O P Q. Public administration education and health,110,101,39,62,9,5,4
S01011848,R S T U. Other,20,8,4,4,12,5,7
S01011849,All people aged 16 to 74 in employment,448,376,83,293,72,19,53
S01011849,A B D E. Agriculture energy and water,28,23,3,20,5,0,5
S01011849,C. Manufacturing,43,40,3,37,3,2,1
S01011849,F. Construction,41,28,4,24,13,1,12
S01011849,G I. Distribution hotels and restaurants,128,112,32,80,16,5,11
S01011849,H J. Transport and communication,25,20,0,20,5,1,4
S01011849,K L M N. Financial real estate professional and administrative activities,50,39,6,33,11,1,10
S01011849,O P Q. Public administration education and health,118,102,32,70,16,8,8
S01011849,R S T U. Other,15,12,3,9,3,1,2
S01011850,All people aged 16 to 74 in employment,361,276,74,202,85,25,60
S01011850,A B D E. Agriculture energy and water,49,29,7,22,20,3,17
S01011850,C. Manufacturing,18,15,2,13,3,1,2
S01011850,F. Construction,33,19,1,18,14,2,12
S01011850,G I. Distribution hotels and restaurants,111,92,21,71,19,2,17
S01011850,H J. Transport and communication,16,14,3,11,2,0,2
S01011850,K L M N. Financial real estate professional and administrative activities,59,41,11,30,18,11,7
S01011850,O P Q. Public administration education and health,65,60,25,35,5,5,0
S01011850,R S T U. Other,10,6,4,2,4,1,3
S01011851,All people aged 16 to 74 in employment,442,342,106,236,100,28,72
S01011851,A B D E. Agriculture energy and water,32,17,0,17,15,1,14
S01011851,C. Manufacturing,26,23,4,19,3,0,3
S01011851,F. Construction,54,34,3,31,20,3,17
S01011851,G I. Distribution hotels and restaurants,127,106,39,67,21,5,16
S01011851,H J. Transport and communication,20,15,0,15,5,3,2
S01011851,K L M N. Financial real estate professional and administrative activities,47,31,7,24,16,9,7
S01011851,O P Q. Public administration education and health,111,100,47,53,11,5,6
S01011851,R S T U. Other,25,16,6,10,9,2,7
S01011852,All people aged 16 to 74 in employment,488,402,112,290,86,16,70
S01011852,A B D E. Agriculture energy and water,22,18,5,13,4,1,3
S01011852,C. Manufacturing,31,25,1,24,6,2,4
S01011852,F. Construction,51,31,2,29,20,1,19
S01011852,G I. Distribution hotels and restaurants,158,130,37,93,28,6,22
S01011852,H J. Transport and communication,23,19,2,17,4,0,4
S01011852,K L M N. Financial real estate professional and administrative activities,58,47,10,37,11,2,9
S01011852,O P Q. Public administration education and health,118,112,48,64,6,3,3
S01011852,R S T U. Other,27,20,7,13,7,1,6
S01011853,All people aged 16 to 74 in employment,378,316,81,235,62,16,46
S01011853,A B D E. Agriculture energy and water,11,9,2,7,2,0,2
S01011853,C. Manufacturing,26,25,2,23,1,1,0
S01011853,F. Construction,34,22,1,21,12,3,9
S01011853,G I. Distribution hotels and restaurants,120,104,30,74,16,3,13
S01011853,H J. Transport and communication,22,18,1,17,4,0,4
S01011853,K L M N. Financial real estate professional and administrative activities,54,41,7,34,13,3,10
S01011853,O P Q. Public administration education and health,90,82,31,51,8,4,4
S01011853,R S T U. Other,21,15,7,8,6,2,4
S01011854,All people aged 16 to 74 in employment,377,318,104,214,59,19,40
S01011854,A B D E. Agriculture energy and water,11,10,2,8,1,0,1
S01011854,C. Manufacturing,17,14,2,12,3,1,2
S01011854,F. Construction,35,23,3,20,12,1,11
S01011854,G I. Distribution hotels and restaurants,122,107,41,66,15,6,9
S01011854,H J. Transport and communication,18,16,3,13,2,2,0
S01011854,K L M N. Financial real estate professional and administrative activities,47,39,11,28,8,3,5
S01011854,O P Q. Public administration education and health,106,90,32,58,16,4,12
S01011854,R S T U. Other,21,19,10,9,2,2,0
S01011855,All people aged 16 to 74 in employment,419,369,118,251,50,11,39
S01011855,A B D E. Agriculture energy and water,24,24,2,22,0,0,0
S01011855,C. Manufacturing,16,15,0,15,1,0,1
S01011855,F. Construction,59,43,4,39,16,0,16
S01011855,G I. Distribution hotels and restaurants,128,118,37,81,10,5,5
S01011855,H J. Transport and communication,19,15,1,14,4,1,3
S01011855,K L M N. Financial real estate professional and administrative activities,40,28,11,17,12,4,8
S01011855,O P Q. Public administration education and health,113,108,54,54,5,1,4
S01011855,R S T U. Other,20,18,9,9,2,0,2
S01011856,All people aged 16 to 74 in employment,281,208,72,136,73,29,44
S01011856,A B D E. Agriculture energy and water,10,9,1,8,1,0,1
S01011856,C. Manufacturing,19,13,2,11,6,1,5
S01011856,F. Construction,29,16,4,12,13,4,9
S01011856,G I. Distribution hotels and restaurants,68,52,17,35,16,3,13
S01011856,H J. Transport and communication,19,16,4,12,3,1,2
S01011856,K L M N. Financial real estate professional and administrative activities,52,31,8,23,21,12,9
S01011856,O P Q. Public administration education and health,68,61,32,29,7,3,4
S01011856,R S T U. Other,16,10,4,6,6,5,1
S01011857,All people aged 16 to 74 in employment,346,247,77,170,99,39,60
S01011857,A B D E. Agriculture energy and water,61,40,9,31,21,8,13
S01011857,C. Manufacturing,19,14,2,12,5,1,4
S01011857,F. Construction,39,18,2,16,21,5,16
S01011857,G I. Distribution hotels and restaurants,57,47,18,29,10,3,7
S01011857,H J. Transport and communication,8,7,0,7,1,0,1
S01011857,K L M N. Financial real estate professional and administrative activities,48,32,8,24,16,5,11
S01011857,O P Q. Public administration education and health,95,80,33,47,15,11,4
S01011857,R S T U. Other,19,9,5,4,10,6,4
S01011858,All people aged 16 to 74 in employment,335,244,100,144,91,30,61
S01011858,A B D E. Agriculture energy and water,22,17,1,16,5,3,2
S01011858,C. Manufacturing,14,11,3,8,3,2,1
S01011858,F. Construction,34,20,4,16,14,2,12
S01011858,G I. Distribution hotels and restaurants,71,55,30,25,16,4,12
S01011858,H J. Transport and communication,14,11,2,9,3,1,2
S01011858,K L M N. Financial real estate professional and administrative activities,78,47,20,27,31,9,22
S01011858,O P Q. Public administration education and health,86,75,36,39,11,6,5
S01011858,R S T U. Other,16,8,4,4,8,3,5
S01011859,All people aged 16 to 74 in employment,323,251,92,159,72,24,48
S01011859,A B D E. Agriculture energy and water,20,11,2,9,9,3,6
S01011859,C. Manufacturing,15,9,0,9,6,2,4
S01011859,F. Construction,39,27,1,26,12,1,11
S01011859,G I. Distribution hotels and restaurants,75,63,30,33,12,4,8
S01011859,H J. Transport and communication,21,17,5,12,4,0,4
S01011859,K L M N. Financial real estate professional and administrative activities,44,30,8,22,14,7,7
S01011859,O P Q. Public administration education and health,90,82,43,39,8,5,3
S01011859,R S T U. Other,19,12,3,9,7,2,5
S01011860,All people aged 16 to 74 in employment,392,314,68,246,78,29,49
S01011860,A B D E. Agriculture energy and water,37,26,1,25,11,3,8
S01011860,C. Manufacturing,18,12,3,9,6,2,4
S01011860,F. Construction,30,23,1,22,7,2,5
S01011860,G I. Distribution hotels and restaurants,162,150,31,119,12,3,9
S01011860,H J. Transport and communication,9,8,2,6,1,1,0
S01011860,K L M N. Financial real estate professional and administrative activities,48,31,7,24,17,6,11
S01011860,O P Q. Public administration education and health,62,51,19,32,11,7,4
S01011860,R S T U. Other,26,13,4,9,13,5,8
S01011861,All people aged 16 to 74 in employment,375,257,77,180,118,25,93
S01011861,A B D E. Agriculture energy and water,37,17,1,16,20,2,18
S01011861,C. Manufacturing,7,5,1,4,2,1,1
S01011861,F. Construction,39,22,0,22,17,3,14
S01011861,G I. Distribution hotels and restaurants,103,78,35,43,25,4,21
S01011861,H J. Transport and communication,15,7,1,6,8,1,7
S01011861,K L M N. Financial real estate professional and administrative activities,70,41,10,31,29,7,22
S01011861,O P Q. Public administration education and health,78,69,23,46,9,4,5
S01011861,R S T U. Other,26,18,6,12,8,3,5
S01011862,All people aged 16 to 74 in employment,404,337,90,247,67,16,51
S01011862,A B D E. Agriculture energy and water,19,16,0,16,3,0,3
S01011862,C. Manufacturing,17,15,3,12,2,0,2
S01011862,F. Construction,32,23,4,19,9,0,9
S01011862,G I. Distribution hotels and restaurants,108,89,32,57,19,3,16
S01011862,H J. Transport and communication,18,16,1,15,2,0,2
S01011862,K L M N. Financial real estate professional and administrative activities,52,43,9,34,9,2,7
S01011862,O P Q. Public administration education and health,138,122,35,87,16,7,9
S01011862,R S T U. Other,20,13,6,7,7,4,3
S01011863,All people aged 16 to 74 in employment,339,273,84,189,66,20,46
S01011863,A B D E. Agriculture energy and water,18,14,3,11,4,2,2
S01011863,C. Manufacturing,22,14,1,13,8,2,6
S01011863,F. Construction,21,14,1,13,7,1,6
S01011863,G I. Distribution hotels and restaurants,79,62,22,40,17,2,15
S01011863,H J. Transport and communication,24,21,5,16,3,0,3
S01011863,K L M N. Financial real estate professional and administrative activities,54,42,14,28,12,7,5
S01011863,O P Q. Public administration education and health,106,94,32,62,12,5,7
S01011863,R S T U. Other,15,12,6,6,3,1,2
S01011864,All people aged 16 to 74 in employment,336,265,90,175,71,20,51
S01011864,A B D E. Agriculture energy and water,15,14,2,12,1,1,0
S01011864,C. Manufacturing,19,14,2,12,5,0,5
S01011864,F. Construction,31,21,3,18,10,2,8
S01011864,G I. Distribution hotels and restaurants,98,77,34,43,21,3,18
S01011864,H J. Transport and communication,22,17,3,14,5,1,4
S01011864,K L M N. Financial real estate professional and administrative activities,45,29,7,22,16,6,10
S01011864,O P Q. Public administration education and health,88,83,33,50,5,4,1
S01011864,R S T U. Other,18,10,6,4,8,3,5
S01011865,All people aged 16 to 74 in employment,274,225,61,164,49,14,35
S01011865,A B D E. Agriculture energy and water,10,9,2,7,1,0,1
S01011865,C. Manufacturing,17,14,1,13,3,1,2
S01011865,F. Construction,29,21,0,21,8,1,7
S01011865,G I. Distribution hotels and restaurants,62,58,21,37,4,0,4
S01011865,H J. Transport and communication,14,13,1,12,1,0,1
S01011865,K L M N. Financial real estate professional and administrative activities,41,29,9,20,12,4,8
S01011865,O P Q. Public administration education and health,79,71,25,46,8,3,5
S01011865,R S T U. Other,22,10,2,8,12,5,7
S01011866,All people aged 16 to 74 in employment,381,312,102,210,69,27,42
S01011866,A B D E. Agriculture energy and water,24,17,1,16,7,1,6
S01011866,C. Manufacturing,24,19,3,16,5,0,5
S01011866,F. Construction,43,20,0,20,23,7,16
S01011866,G I. Distribution hotels and restaurants,105,96,48,48,9,4,5
S01011866,H J. Transport and communication,23,18,2,16,5,3,2
S01011866,K L M N. Financial real estate professional and administrative activities,35,27,6,21,8,4,4
S01011866,O P Q. Public administration education and health,100,96,38,58,4,2,2
S01011866,R S T U. Other,27,19,4,15,8,6,2
S01011867,All people aged 16 to 74 in employment,468,416,132,284,52,13,39
S01011867,A B D E. Agriculture energy and water,20,19,3,16,1,0,1
S01011867,C. Manufacturing,23,20,3,17,3,1,2
S01011867,F. Construction,67,54,3,51,13,2,11
S01011867,G I. Distribution hotels and restaurants,152,143,55,88,9,2,7
S01011867,H J. Transport and communication,17,13,2,11,4,0,4
S01011867,K L M N. Financial real estate professional and administrative activities,37,31,15,16,6,4,2
S01011867,O P Q. Public administration education and health,133,124,45,79,9,3,6
S01011867,R S T U. Other,19,12,6,6,7,1,6
S01011868,All people aged 16 to 74 in employment,422,349,111,238,73,23,50
S01011868,A B D E. Agriculture energy and water,18,12,2,10,6,1,5
S01011868,C. Manufacturing,15,11,1,10,4,2,2
S01011868,F. Construction,48,31,3,28,17,3,14
S01011868,G I. Distribution hotels and restaurants,132,117,49,68,15,2,13
S01011868,H J. Transport and communication,25,18,4,14,7,1,6
S01011868,K L M N. Financial real estate professional and administrative activities,42,31,10,21,11,7,4
S01011868,O P Q. Public administration education and health,117,112,38,74,5,1,4
S01011868,R S T U. Other,25,17,4,13,8,6,2
S01011869,All people aged 16 to 74 in employment,430,350,90,260,80,30,50
S01011869,A B D E. Agriculture energy and water,20,14,1,13,6,1,5
S01011869,C. Manufacturing,24,19,0,19,5,0,5
S01011869,F. Construction,52,37,1,36,15,5,10
S01011869,G I. Distribution hotels and restaurants,114,103,38,65,11,5,6
S01011869,H J. Transport and communication,20,15,1,14,5,1,4
S01011869,K L M N. Financial real estate professional and administrative activities,44,29,9,20,15,5,10
S01011869,O P Q. Public administration education and health,126,117,35,82,9,6,3
S01011869,R S T U. Other,30,16,5,11,14,7,7
S01011870,All people aged 16 to 74 in employment,315,272,82,190,43,9,34
S01011870,A B D E. Agriculture energy and water,16,15,2,13,1,0,1
S01011870,C. Manufacturing,27,25,4,21,2,0,2
S01011870,F. Construction,43,33,4,29,10,0,10
S01011870,G I. Distribution hotels and restaurants,81,76,35,41,5,0,5
S01011870,H J. Transport and communication,17,13,4,9,4,1,3
S01011870,K L M N. Financial real estate professional and administrative activities,37,29,9,20,8,3,5
S01011870,O P Q. Public administration education and health,82,77,24,53,5,3,2
S01011870,R S T U. Other,12,4,0,4,8,2,6
S01011871,All people aged 16 to 74 in employment,567,421,129,292,146,39,107
S01011871,A B D E. Agriculture energy and water,67,35,5,30,32,5,27
S01011871,C. Manufacturing,25,23,2,21,2,1,1
S01011871,F. Construction,58,30,2,28,28,4,24
S01011871,G I. Distribution hotels and restaurants,117,102,46,56,15,2,13
S01011871,H J. Transport and communication,32,21,4,17,11,2,9
S01011871,K L M N. Financial real estate professional and administrative activities,87,62,16,46,25,11,14
S01011871,O P Q. Public administration education and health,142,124,44,80,18,9,9
S01011871,R S T U. Other,39,24,10,14,15,5,10
S01011872,All people aged 16 to 74 in employment,476,344,99,245,132,40,92
S01011872,A B D E. Agriculture energy and water,72,34,5,29,38,10,28
S01011872,C. Manufacturing,28,22,3,19,6,3,3
S01011872,F. Construction,33,19,4,15,14,2,12
S01011872,G I. Distribution hotels and restaurants,90,73,22,51,17,6,11
S01011872,H J. Transport and communication,22,15,2,13,7,1,6
S01011872,K L M N. Financial real estate professional and administrative activities,62,36,6,30,26,6,20
S01011872,O P Q. Public administration education and health,139,129,50,79,10,6,4
S01011872,R S T U. Other,30,16,7,9,14,6,8
S01011873,All people aged 16 to 74 in employment,441,371,94,277,70,21,49
S01011873,A B D E. Agriculture energy and water,45,39,4,35,6,2,4
S01011873,C. Manufacturing,22,20,2,18,2,0,2
S01011873,F. Construction,36,19,3,16,17,3,14
S01011873,G I. Distribution hotels and restaurants,90,76,23,53,14,6,8
S01011873,H J. Transport and communication,25,23,1,22,2,0,2
S01011873,K L M N. Financial real estate professional and administrative activities,64,53,12,41,11,5,6
S01011873,O P Q. Public administration education and health,129,119,41,78,10,3,7
S01011873,R S T U. Other,30,22,8,14,8,2,6
S01011874,All people aged 16 to 74 in employment,368,310,89,221,58,11,47
S01011874,A B D E. Agriculture energy and water,34,26,3,23,8,0,8
S01011874,C. Manufacturing,24,24,2,22,0,0,0
S01011874,F. Construction,27,11,2,9,16,1,15
S01011874,G I. Distribution hotels and restaurants,86,76,37,39,10,1,9
S01011874,H J. Transport and communication,24,22,1,21,2,0,2
S01011874,K L M N. Financial real estate professional and administrative activities,42,30,7,23,12,6,6
S01011874,O P Q. Public administration education and health,114,107,32,75,7,3,4
S01011874,R S T U. Other,17,14,5,9,3,0,3
S01011875,All people aged 16 to 74 in employment,297,261,60,201,36,11,25
S01011875,A B D E. Agriculture energy and water,24,18,3,15,6,0,6
S01011875,C. Manufacturing,12,11,2,9,1,1,0
S01011875,F. Construction,36,27,1,26,9,2,7
S01011875,G I. Distribution hotels and restaurants,56,56,17,39,0,0,0
S01011875,H J. Transport and communication,23,19,1,18,4,1,3
S01011875,K L M N. Financial real estate professional and administrative activities,47,38,8,30,9,4,5
S01011875,O P Q. Public administration education and health,93,87,28,59,6,2,4
S01011875,R S T U. Other,6,5,0,5,1,1,0
S01011876,All people aged 16 to 74 in employment,495,385,120,265,110,28,82
S01011876,A B D E. Agriculture energy and water,56,28,2,26,28,3,25
S01011876,C. Manufacturing,31,24,4,20,7,2,5
S01011876,F. Construction,40,28,5,23,12,2,10
S01011876,G I. Distribution hotels and restaurants,85,68,28,40,17,6,11
S01011876,H J. Transport and communication,27,17,5,12,10,1,9
S01011876,K L M N. Financial real estate professional and administrative activities,79,63,20,43,16,8,8
S01011876,O P Q. Public administration education and health,154,144,50,94,10,4,6
S01011876,R S T U. Other,23,13,6,7,10,2,8
S01011877,All people aged 16 to 74 in employment,284,232,69,163,52,16,36
S01011877,A B D E. Agriculture energy and water,37,29,4,25,8,0,8
S01011877,C. Manufacturing,23,19,4,15,4,1,3
S01011877,F. Construction,33,25,1,24,8,1,7
S01011877,G I. Distribution hotels and restaurants,57,50,21,29,7,2,5
S01011877,H J. Transport and communication,14,11,2,9,3,3,0
S01011877,K L M N. Financial real estate professional and administrative activities,36,25,4,21,11,3,8
S01011877,O P Q. Public administration education and health,67,61,26,35,6,2,4
S01011877,R S T U. Other,17,12,7,5,5,4,1
S01011878,All people aged 16 to 74 in employment,517,417,122,295,100,32,68
S01011878,A B D E. Agriculture energy and water,50,29,6,23,21,3,18
S01011878,C. Manufacturing,24,17,4,13,7,4,3
S01011878,F. Construction,31,24,4,20,7,1,6
S01011878,G I. Distribution hotels and restaurants,72,56,22,34,16,2,14
S01011878,H J. Transport and communication,28,23,3,20,5,1,4
S01011878,K L M N. Financial real estate professional and administrative activities,80,55,14,41,25,12,13
S01011878,O P Q. Public administration education and health,195,185,55,130,10,2,8
S01011878,R S T U. Other,37,28,14,14,9,7,2
S01011879,All people aged 16 to 74 in employment,274,217,62,155,57,13,44
S01011879,A B D E. Agriculture energy and water,24,13,2,11,11,1,10
S01011879,C. Manufacturing,27,22,4,18,5,2,3
S01011879,F. Construction,18,12,0,12,6,1,5
S01011879,G I. Distribution hotels and restaurants,55,43,17,26,12,1,11
S01011879,H J. Transport and communication,18,13,1,12,5,2,3
S01011879,K L M N. Financial real estate professional and administrative activities,24,20,3,17,4,1,3
S01011879,O P Q. Public administration education and health,90,83,35,48,7,3,4
S01011879,R S T U. Other,18,11,0,11,7,2,5
S01011880,All people aged 16 to 74 in employment,299,233,61,172,66,26,40
S01011880,A B D E. Agriculture energy and water,53,25,3,22,28,7,21
S01011880,C. Manufacturing,14,12,1,11,2,2,0
S01011880,F. Construction,21,13,4,9,8,2,6
S01011880,G I. Distribution hotels and restaurants,49,44,18,26,5,3,2
S01011880,H J. Transport and communication,13,8,2,6,5,2,3
S01011880,K L M N. Financial real estate professional and administrative activities,44,36,5,31,8,4,4
S01011880,O P Q. Public administration education and health,83,79,24,55,4,2,2
S01011880,R S T U. Other,22,16,4,12,6,4,2
S01011881,All people aged 16 to 74 in employment,417,364,112,252,53,15,38
S01011881,A B D E. Agriculture energy and water,27,22,4,18,5,0,5
S01011881,C. Manufacturing,25,22,2,20,3,0,3
S01011881,F. Construction,34,21,1,20,13,2,11
S01011881,G I. Distribution hotels and restaurants,97,85,31,54,12,3,9
S01011881,H J. Transport and communication,26,24,4,20,2,1,1
S01011881,K L M N. Financial real estate professional and administrative activities,50,42,14,28,8,5,3
S01011881,O P Q. Public administration education and health,141,136,51,85,5,3,2
S01011881,R S T U. Other,17,12,5,7,5,1,4
S01011882,All people aged 16 to 74 in employment,449,405,139,266,44,10,34
S01011882,A B D E. Agriculture energy and water,26,26,3,23,0,0,0
S01011882,C. Manufacturing,23,21,0,21,2,0,2
S01011882,F. Construction,38,29,5,24,9,2,7
S01011882,G I. Distribution hotels and restaurants,113,101,49,52,12,4,8
S01011882,H J. Transport and communication,25,21,3,18,4,1,3
S01011882,K L M N. Financial real estate professional and administrative activities,56,50,13,37,6,0,6
S01011882,O P Q. Public administration education and health,152,146,60,86,6,3,3
S01011882,R S T U. Other,16,11,6,5,5,0,5
S01011883,All people aged 16 to 74 in employment,561,477,134,343,84,20,64
S01011883,A B D E. Agriculture energy and water,34,29,7,22,5,0,5
S01011883,C. Manufacturing,28,23,2,21,5,0,5
S01011883,F. Construction,42,33,4,29,9,1,8
S01011883,G I. Distribution hotels and restaurants,94,80,30,50,14,1,13
S01011883,H J. Transport and communication,36,31,5,26,5,2,3
S01011883,K L M N. Financial real estate professional and administrative activities,85,63,14,49,22,5,17
S01011883,O P Q. Public administration education and health,213,200,61,139,13,8,5
S01011883,R S T U. Other,29,18,11,7,11,3,8
S01011884,All people aged 16 to 74 in employment,233,175,52,123,58,15,43
S01011884,A B D E. Agriculture energy and water,45,30,8,22,15,1,14
S01011884,C. Manufacturing,12,9,2,7,3,2,1
S01011884,F. Construction,21,9,0,9,12,3,9
S01011884,G I. Distribution hotels and restaurants,49,41,15,26,8,2,6
S01011884,H J. Transport and communication,8,5,1,4,3,0,3
S01011884,K L M N. Financial real estate professional and administrative activities,29,20,6,14,9,3,6
S01011884,O P Q. Public administration education and health,63,58,18,40,5,3,2
S01011884,R S T U. Other,6,3,2,1,3,1,2
S01011885,All people aged 16 to 74 in employment,378,301,79,222,77,23,54
S01011885,A B D E. Agriculture energy and water,35,27,2,25,8,0,8
S01011885,C. Manufacturing,12,11,2,9,1,0,1
S01011885,F. Construction,41,23,2,21,18,3,15
S01011885,G I. Distribution hotels and restaurants,70,60,20,40,10,3,7
S01011885,H J. Transport and communication,24,22,4,18,2,0,2
S01011885,K L M N. Financial real estate professional and administrative activities,65,50,6,44,15,8,7
S01011885,O P Q. Public administration education and health,114,102,42,60,12,5,7
S01011885,R S T U. Other,17,6,1,5,11,4,7
S01011886,All people aged 16 to 74 in employment,437,374,125,249,63,13,50
S01011886,A B D E. Agriculture energy and water,24,22,2,20,2,0,2
S01011886,C. Manufacturing,33,30,6,24,3,2,1
S01011886,F. Construction,52,38,3,35,14,1,13
S01011886,G I. Distribution hotels and restaurants,91,77,40,37,14,2,12
S01011886,H J. Transport and communication,24,19,1,18,5,0,5
S01011886,K L M N. Financial real estate professional and administrative activities,55,45,14,31,10,3,7
S01011886,O P Q. Public administration education and health,134,123,49,74,11,3,8
S01011886,R S T U. Other,24,20,10,10,4,2,2
S01011887,All people aged 16 to 74 in employment,289,246,77,169,43,10,33
S01011887,A B D E. Agriculture energy and water,21,17,0,17,4,1,3
S01011887,C. Manufacturing,12,12,1,11,0,0,0
S01011887,F. Construction,43,28,2,26,15,2,13
S01011887,G I. Distribution hotels and restaurants,66,60,33,27,6,2,4
S01011887,H J. Transport and communication,21,18,2,16,3,1,2
S01011887,K L M N. Financial real estate professional and administrative activities,25,19,5,14,6,1,5
S01011887,O P Q. Public administration education and health,86,82,27,55,4,1,3
S01011887,R S T U. Other,15,10,7,3,5,2,3
S01011888,All people aged 16 to 74 in employment,421,383,154,229,38,9,29
S01011888,A B D E. Agriculture energy and water,22,21,0,21,1,0,1
S01011888,C. Manufacturing,20,20,5,15,0,0,0
S01011888,F. Construction,34,26,2,24,8,0,8
S01011888,G I. Distribution hotels and restaurants,130,122,62,60,8,2,6
S01011888,H J. Transport and communication,29,26,3,23,3,0,3
S01011888,K L M N. Financial real estate professional and administrative activities,47,40,15,25,7,1,6
S01011888,O P Q. Public administration education and health,119,111,59,52,8,4,4
S01011888,R S T U. Other,20,17,8,9,3,2,1
S01011889,All people aged 16 to 74 in employment,405,348,89,259,57,13,44
S01011889,A B D E. Agriculture energy and water,29,26,2,24,3,1,2
S01011889,C. Manufacturing,19,18,2,16,1,0,1
S01011889,F. Construction,32,21,1,20,11,2,9
S01011889,G I. Distribution hotels and restaurants,83,71,29,42,12,2,10
S01011889,H J. Transport and communication,17,14,3,11,3,0,3
S01011889,K L M N. Financial real estate professional and administrative activities,54,42,11,31,12,1,11
S01011889,O P Q. Public administration education and health,143,134,36,98,9,5,4
S01011889,R S T U. Other,28,22,5,17,6,2,4
S01011890,All people aged 16 to 74 in employment,376,335,101,234,41,10,31
S01011890,A B D E. Agriculture energy and water,24,20,2,18,4,1,3
S01011890,C. Manufacturing,15,13,2,11,2,0,2
S01011890,F. Construction,23,17,0,17,6,0,6
S01011890,G I. Distribution hotels and restaurants,79,76,33,43,3,0,3
S01011890,H J. Transport and communication,27,21,3,18,6,0,6
S01011890,K L M N. Financial real estate professional and administrative activities,52,41,9,32,11,4,7
S01011890,O P Q. Public administration education and health,129,125,44,81,4,2,2
S01011890,R S T U. Other,27,22,8,14,5,3,2
S01011891,All people aged 16 to 74 in employment,372,344,102,242,28,16,12
S01011891,A B D E. Agriculture energy and water,34,33,2,31,1,1,0
S01011891,C. Manufacturing,12,12,1,11,0,0,0
S01011891,F. Construction,40,33,4,29,7,3,4
S01011891,G I. Distribution hotels and restaurants,101,96,50,46,5,3,2
S01011891,H J. Transport and communication,22,21,2,19,1,0,1
S01011891,K L M N. Financial real estate professional and administrative activities,43,36,12,24,7,5,2
S01011891,O P Q. Public administration education and health,106,102,28,74,4,3,1
S01011891,R S T U. Other,14,11,3,8,3,1,2
S01011892,All people aged 16 to 74 in employment,621,563,125,438,58,16,42
S01011892,A B D E. Agriculture energy and water,57,56,3,53,1,0,1
S01011892,C. Manufacturing,23,22,2,20,1,1,0
S01011892,F. Construction,42,32,1,31,10,2,8
S01011892,G I. Distribution hotels and restaurants,140,123,47,76,17,2,15
S01011892,H J. Transport and communication,43,37,9,28,6,3,3
S01011892,K L M N. Financial real estate professional and administrative activities,84,77,16,61,7,2,5
S01011892,O P Q. Public administration education and health,195,186,39,147,9,6,3
S01011892,R S T U. Other,37,30,8,22,7,0,7
S01011893,All people aged 16 to 74 in employment,504,463,102,361,41,11,30
S01011893,A B D E. Agriculture energy and water,37,37,4,33,0,0,0
S01011893,C. Manufacturing,24,21,1,20,3,1,2
S01011893,F. Construction,45,35,3,32,10,2,8
S01011893,G I. Distribution hotels and restaurants,108,103,46,57,5,1,4
S01011893,H J. Transport and communication,28,23,1,22,5,0,5
S01011893,K L M N. Financial real estate professional and administrative activities,74,67,12,55,7,2,5
S01011893,O P Q. Public administration education and health,162,155,26,129,7,3,4
S01011893,R S T U. Other,26,22,9,13,4,2,2
S01011894,All people aged 16 to 74 in employment,349,318,92,226,31,7,24
S01011894,A B D E. Agriculture energy and water,24,22,3,19,2,0,2
S01011894,C. Manufacturing,16,15,1,14,1,0,1
S01011894,F. Construction,32,23,3,20,9,2,7
S01011894,G I. Distribution hotels and restaurants,89,83,41,42,6,0,6
S01011894,H J. Transport and communication,24,22,1,21,2,1,1
S01011894,K L M N. Financial real estate professional and administrative activities,46,40,12,28,6,2,4
S01011894,O P Q. Public administration education and health,103,100,27,73,3,1,2
S01011894,R S T U. Other,15,13,4,9,2,1,1
S01011895,All people aged 16 to 74 in employment,273,214,62,152,59,14,45
S01011895,A B D E. Agriculture energy and water,12,12,0,12,0,0,0
S01011895,C. Manufacturing,11,10,1,9,1,1,0
S01011895,F. Construction,18,10,0,10,8,0,8
S01011895,G I. Distribution hotels and restaurants,49,34,12,22,15,6,9
S01011895,H J. Transport and communication,21,17,1,16,4,1,3
S01011895,K L M N. Financial real estate professional and administrative activities,60,37,8,29,23,4,19
S01011895,O P Q. Public administration education and health,91,85,33,52,6,2,4
S01011895,R S T U. Other,11,9,7,2,2,0,2
S01011896,All people aged 16 to 74 in employment,430,381,102,279,49,15,34
S01011896,A B D E. Agriculture energy and water,29,27,2,25,2,1,1
S01011896,C. Manufacturing,15,13,1,12,2,0,2
S01011896,F. Construction,30,21,0,21,9,1,8
S01011896,G I. Distribution hotels and restaurants,77,70,28,42,7,2,5
S01011896,H J. Transport and communication,29,26,2,24,3,0,3
S01011896,K L M N. Financial real estate professional and administrative activities,75,65,12,53,10,4,6
S01011896,O P Q. Public administration education and health,144,139,51,88,5,3,2
S01011896,R S T U. Other,31,20,6,14,11,4,7
S01011897,All people aged 16 to 74 in employment,476,415,114,301,61,18,43
S01011897,A B D E. Agriculture energy and water,22,22,0,22,0,0,0
S01011897,C. Manufacturing,22,19,2,17,3,1,2
S01011897,F. Construction,30,20,5,15,10,0,10
S01011897,G I. Distribution hotels and restaurants,81,66,26,40,15,3,12
S01011897,H J. Transport and communication,31,25,2,23,6,0,6
S01011897,K L M N. Financial real estate professional and administrative activities,74,66,14,52,8,4,4
S01011897,O P Q. Public administration education and health,187,174,57,117,13,7,6
S01011897,R S T U. Other,29,23,8,15,6,3,3
S01011898,All people aged 16 to 74 in employment,358,300,100,200,58,11,47
S01011898,A B D E. Agriculture energy and water,10,10,1,9,0,0,0
S01011898,C. Manufacturing,12,11,1,10,1,1,0
S01011898,F. Construction,20,13,2,11,7,1,6
S01011898,G I. Distribution hotels and restaurants,71,58,35,23,13,0,13
S01011898,H J. Transport and communication,21,15,2,13,6,1,5
S01011898,K L M N. Financial real estate professional and administrative activities,73,59,14,45,14,3,11
S01011898,O P Q. Public administration education and health,133,121,40,81,12,3,9
S01011898,R S T U. Other,18,13,5,8,5,2,3
S01011899,All people aged 16 to 74 in employment,379,351,104,247,28,7,21
S01011899,A B D E. Agriculture energy and water,19,19,1,18,0,0,0
S01011899,C. Manufacturing,26,23,4,19,3,0,3
S01011899,F. Construction,28,20,2,18,8,2,6
S01011899,G I. Distribution hotels and restaurants,64,63,33,30,1,0,1
S01011899,H J. Transport and communication,27,24,4,20,3,0,3
S01011899,K L M N. Financial real estate professional and administrative activities,62,58,11,47,4,2,2
S01011899,O P Q. Public administration education and health,136,132,44,88,4,0,4
S01011899,R S T U. Other,17,12,5,7,5,3,2
S01011900,All people aged 16 to 74 in employment,387,347,104,243,40,19,21
S01011900,A B D E. Agriculture energy and water,17,16,2,14,1,1,0
S01011900,C. Manufacturing,18,17,1,16,1,0,1
S01011900,F. Construction,28,20,2,18,8,2,6
S01011900,G I. Distribution hotels and restaurants,70,68,36,32,2,0,2
S01011900,H J. Transport and communication,29,25,4,21,4,3,1
S01011900,K L M N. Financial real estate professional and administrative activities,76,65,5,60,11,7,4
S01011900,O P Q. Public administration education and health,126,119,47,72,7,3,4
S01011900,R S T U. Other,23,17,7,10,6,3,3
S01011901,All people aged 16 to 74 in employment,447,377,89,288,70,20,50
S01011901,A B D E. Agriculture energy and water,32,31,4,27,1,1,0
S01011901,C. Manufacturing,18,18,0,18,0,0,0
S01011901,F. Construction,47,36,3,33,11,0,11
S01011901,G I. Distribution hotels and restaurants,85,69,26,43,16,3,13
S01011901,H J. Transport and communication,30,19,4,15,11,0,11
S01011901,K L M N. Financial real estate professional and administrative activities,60,49,6,43,11,6,5
S01011901,O P Q. Public administration education and health,141,130,35,95,11,4,7
S01011901,R S T U. Other,34,25,11,14,9,6,3
S01011902,All people aged 16 to 74 in employment,516,449,131,318,67,20,47
S01011902,A B D E. Agriculture energy and water,39,34,5,29,5,2,3
S01011902,C. Manufacturing,19,17,5,12,2,1,1
S01011902,F. Construction,41,29,3,26,12,3,9
S01011902,G I. Distribution hotels and restaurants,101,89,45,44,12,4,8
S01011902,H J. Transport and communication,33,24,2,22,9,4,5
S01011902,K L M N. Financial real estate professional and administrative activities,81,62,10,52,19,4,15
S01011902,O P Q. Public administration education and health,180,175,52,123,5,1,4
S01011902,R S T U. Other,22,19,9,10,3,1,2
S01011903,All people aged 16 to 74 in employment,370,321,92,229,49,18,31
S01011903,A B D E. Agriculture energy and water,20,20,1,19,0,0,0
S01011903,C. Manufacturing,14,11,0,11,3,1,2
S01011903,F. Construction,34,24,1,23,10,2,8
S01011903,G I. Distribution hotels and restaurants,65,52,22,30,13,5,8
S01011903,H J. Transport and communication,21,18,5,13,3,0,3
S01011903,K L M N. Financial real estate professional and administrative activities,65,53,14,39,12,4,8
S01011903,O P Q. Public administration education and health,135,133,45,88,2,2,0
S01011903,R S T U. Other,16,10,4,6,6,4,2
S01011904,All people aged 16 to 74 in employment,383,340,97,243,43,15,28
S01011904,A B D E. Agriculture energy and water,17,15,2,13,2,0,2
S01011904,C. Manufacturing,21,20,1,19,1,0,1
S01011904,F. Construction,23,20,1,19,3,0,3
S01011904,G I. Distribution hotels and restaurants,80,68,27,41,12,3,9
S01011904,H J. Transport and communication,30,25,1,24,5,1,4
S01011904,K L M N. Financial real estate professional and administrative activities,56,51,13,38,5,4,1
S01011904,O P Q. Public administration education and health,136,130,48,82,6,4,2
S01011904,R S T U. Other,20,11,4,7,9,3,6
S01011905,All people aged 16 to 74 in employment,421,362,125,237,59,16,43
S01011905,A B D E. Agriculture energy and water,27,26,5,21,1,0,1
S01011905,C. Manufacturing,24,22,6,16,2,0,2
S01011905,F. Construction,25,12,2,10,13,1,12
S01011905,G I. Distribution hotels and restaurants,74,65,38,27,9,1,8
S01011905,H J. Transport and communication,28,23,3,20,5,2,3
S01011905,K L M N. Financial real estate professional and administrative activities,79,66,17,49,13,4,9
S01011905,O P Q. Public administration education and health,150,139,52,87,11,6,5
S01011905,R S T U. Other,14,9,2,7,5,2,3
S01011906,All people aged 16 to 74 in employment,228,205,55,150,23,7,16
S01011906,A B D E. Agriculture energy and water,21,21,4,17,0,0,0
S01011906,C. Manufacturing,17,16,2,14,1,0,1
S01011906,F. Construction,13,6,0,6,7,1,6
S01011906,G I. Distribution hotels and restaurants,46,40,17,23,6,1,5
S01011906,H J. Transport and communication,16,14,3,11,2,1,1
S01011906,K L M N. Financial real estate professional and administrative activities,40,38,8,30,2,1,1
S01011906,O P Q. Public administration education and health,65,62,16,46,3,2,1
S01011906,R S T U. Other,10,8,5,3,2,1,1
S01011907,All people aged 16 to 74 in employment,447,412,89,323,35,9,26
S01011907,A B D E. Agriculture energy and water,42,41,5,36,1,0,1
S01011907,C. Manufacturing,23,23,0,23,0,0,0
S01011907,F. Construction,37,27,2,25,10,3,7
S01011907,G I. Distribution hotels and restaurants,97,91,33,58,6,1,5
S01011907,H J. Transport and communication,25,24,2,22,1,0,1
S01011907,K L M N. Financial real estate professional and administrative activities,62,55,14,41,7,3,4
S01011907,O P Q. Public administration education and health,142,135,29,106,7,1,6
S01011907,R S T U. Other,19,16,4,12,3,1,2
S01011908,All people aged 16 to 74 in employment,227,218,58,160,9,0,9
S01011908,A B D E. Agriculture energy and water,18,18,0,18,0,0,0
S01011908,C. Manufacturing,15,15,0,15,0,0,0
S01011908,F. Construction,16,13,0,13,3,0,3
S01011908,G I. Distribution hotels and restaurants,49,48,20,28,1,0,1
S01011908,H J. Transport and communication,11,9,2,7,2,0,2
S01011908,K L M N. Financial real estate professional and administrative activities,32,32,9,23,0,0,0
S01011908,O P Q. Public administration education and health,82,81,26,55,1,0,1
S01011908,R S T U. Other,4,2,1,1,2,0,2
S01011909,All people aged 16 to 74 in employment,682,632,145,487,50,13,37
S01011909,A B D E. Agriculture energy and water,75,75,1,74,0,0,0
S01011909,C. Manufacturing,28,28,4,24,0,0,0
S01011909,F. Construction,66,53,2,51,13,0,13
S01011909,G I. Distribution hotels and restaurants,155,145,56,89,10,1,9
S01011909,H J. Transport and communication,41,37,3,34,4,2,2
S01011909,K L M N. Financial real estate professional and administrative activities,87,74,13,61,13,6,7
S01011909,O P Q. Public administration education and health,205,200,60,140,5,3,2
S01011909,R S T U. Other,25,20,6,14,5,1,4
S01011910,All people aged 16 to 74 in employment,404,374,121,253,30,9,21
S01011910,A B D E. Agriculture energy and water,33,32,4,28,1,0,1
S01011910,C. Manufacturing,28,26,2,24,2,0,2
S01011910,F. Construction,28,18,1,17,10,0,10
S01011910,G I. Distribution hotels and restaurants,122,116,63,53,6,2,4
S01011910,H J. Transport and communication,26,25,3,22,1,0,1
S01011910,K L M N. Financial real estate professional and administrative activities,53,49,14,35,4,4,0
S01011910,O P Q. Public administration education and health,86,86,28,58,0,0,0
S01011910,R S T U. Other,28,22,6,16,6,3,3
S01011911,All people aged 16 to 74 in employment,317,295,89,206,22,5,17
S01011911,A B D E. Agriculture energy and water,13,13,1,12,0,0,0
S01011911,C. Manufacturing,15,15,0,15,0,0,0
S01011911,F. Construction,33,22,0,22,11,0,11
S01011911,G I. Distribution hotels and restaurants,87,87,36,51,0,0,0
S01011911,H J. Transport and communication,22,19,2,17,3,1,2
S01011911,K L M N. Financial real estate professional and administrative activities,45,41,16,25,4,4,0
S01011911,O P Q. Public administration education and health,83,82,28,54,1,0,1
S01011911,R S T U. Other,19,16,6,10,3,0,3
S01011912,All people aged 16 to 74 in employment,365,338,95,243,27,9,18
S01011912,A B D E. Agriculture energy and water,16,15,1,14,1,1,0
S01011912,C. Manufacturing,20,17,0,17,3,0,3
S01011912,F. Construction,41,33,1,32,8,2,6
S01011912,G I. Distribution hotels and restaurants,97,92,39,53,5,2,3
S01011912,H J. Transport and communication,28,26,0,26,2,0,2
S01011912,K L M N. Financial real estate professional and administrative activities,42,40,15,25,2,1,1
S01011912,O P Q. Public administration education and health,103,100,32,68,3,1,2
S01011912,R S T U. Other,18,15,7,8,3,2,1
S01011913,All people aged 16 to 74 in employment,345,320,131,189,25,9,16
S01011913,A B D E. Agriculture energy and water,22,22,2,20,0,0,0
S01011913,C. Manufacturing,20,20,4,16,0,0,0
S01011913,F. Construction,31,22,2,20,9,1,8
S01011913,G I. Distribution hotels and restaurants,103,101,60,41,2,1,1
S01011913,H J. Transport and communication,27,23,3,20,4,2,2
S01011913,K L M N. Financial real estate professional and administrative activities,48,44,21,23,4,2,2
S01011913,O P Q. Public administration education and health,69,65,28,37,4,1,3
S01011913,R S T U. Other,25,23,11,12,2,2,0
S01011914,All people aged 16 to 74 in employment,377,335,126,209,42,14,28
S01011914,A B D E. Agriculture energy and water,23,21,10,11,2,0,2
S01011914,C. Manufacturing,27,25,1,24,2,0,2
S01011914,F. Construction,41,30,2,28,11,1,10
S01011914,G I. Distribution hotels and restaurants,105,100,51,49,5,1,4
S01011914,H J. Transport and communication,32,28,6,22,4,2,2
S01011914,K L M N. Financial real estate professional and administrative activities,42,34,14,20,8,4,4
S01011914,O P Q. Public administration education and health,90,86,39,47,4,2,2
S01011914,R S T U. Other,17,11,3,8,6,4,2
S01011915,All people aged 16 to 74 in employment,388,360,121,239,28,3,25
S01011915,A B D E. Agriculture energy and water,22,19,4,15,3,0,3
S01011915,C. Manufacturing,27,26,0,26,1,0,1
S01011915,F. Construction,29,25,1,24,4,0,4
S01011915,G I. Distribution hotels and restaurants,122,118,54,64,4,0,4
S01011915,H J. Transport and communication,33,24,3,21,9,2,7
S01011915,K L M N. Financial real estate professional and administrative activities,37,36,9,27,1,0,1
S01011915,O P Q. Public administration education and health,95,91,44,47,4,1,3
S01011915,R S T U. Other,23,21,6,15,2,0,2
S01011916,All people aged 16 to 74 in employment,270,250,75,175,20,4,16
S01011916,A B D E. Agriculture energy and water,19,19,3,16,0,0,0
S01011916,C. Manufacturing,13,12,0,12,1,1,0
S01011916,F. Construction,28,21,0,21,7,2,5
S01011916,G I. Distribution hotels and restaurants,69,63,25,38,6,1,5
S01011916,H J. Transport and communication,20,18,3,15,2,0,2
S01011916,K L M N. Financial real estate professional and administrative activities,27,24,7,17,3,0,3
S01011916,O P Q. Public administration education and health,80,80,33,47,0,0,0
S01011916,R S T U. Other,14,13,4,9,1,0,1
S01011917,All people aged 16 to 74 in employment,247,230,75,155,17,4,13
S01011917,A B D E. Agriculture energy and water,21,21,4,17,0,0,0
S01011917,C. Manufacturing,16,14,3,11,2,0,2
S01011917,F. Construction,24,22,1,21,2,0,2
S01011917,G I. Distribution hotels and restaurants,62,60,30,30,2,0,2
S01011917,H J. Transport and communication,13,11,0,11,2,1,1
S01011917,K L M N. Financial real estate professional and administrative activities,29,25,9,16,4,2,2
S01011917,O P Q. Public administration education and health,72,68,23,45,4,1,3
S01011917,R S T U. Other,10,9,5,4,1,0,1
S01011918,All people aged 16 to 74 in employment,317,286,98,188,31,11,20
S01011918,A B D E. Agriculture energy and water,24,24,3,21,0,0,0
S01011918,C. Manufacturing,18,18,1,17,0,0,0
S01011918,F. Construction,31,23,1,22,8,1,7
S01011918,G I. Distribution hotels and restaurants,96,95,51,44,1,0,1
S01011918,H J. Transport and communication,21,14,1,13,7,3,4
S01011918,K L M N. Financial real estate professional and administrative activities,46,38,15,23,8,5,3
S01011918,O P Q. Public administration education and health,61,60,22,38,1,0,1
S01011918,R S T U. Other,20,14,4,10,6,2,4
S01011919,All people aged 16 to 74 in employment,475,443,126,317,32,8,24
S01011919,A B D E. Agriculture energy and water,27,25,5,20,2,1,1
S01011919,C. Manufacturing,23,23,3,20,0,0,0
S01011919,F. Construction,36,27,1,26,9,1,8
S01011919,G I. Distribution hotels and restaurants,148,144,67,77,4,1,3
S01011919,H J. Transport and communication,33,29,3,26,4,0,4
S01011919,K L M N. Financial real estate professional and administrative activities,49,47,12,35,2,1,1
S01011919,O P Q. Public administration education and health,130,127,27,100,3,1,2
S01011919,R S T U. Other,29,21,8,13,8,3,5
S01011920,All people aged 16 to 74 in employment,325,301,95,206,24,9,15
S01011920,A B D E. Agriculture energy and water,22,22,1,21,0,0,0
S01011920,C. Manufacturing,26,26,0,26,0,0,0
S01011920,F. Construction,34,26,2,24,8,2,6
S01011920,G I. Distribution hotels and restaurants,91,86,41,45,5,2,3
S01011920,H J. Transport and communication,17,15,4,11,2,0,2
S01011920,K L M N. Financial real estate professional and administrative activities,26,24,4,20,2,2,0
S01011920,O P Q. Public administration education and health,89,86,35,51,3,2,1
S01011920,R S T U. Other,20,16,8,8,4,1,3
S01011921,All people aged 16 to 74 in employment,276,254,74,180,22,7,15
S01011921,A B D E. Agriculture energy and water,14,14,1,13,0,0,0
S01011921,C. Manufacturing,22,21,1,20,1,0,1
S01011921,F. Construction,21,16,0,16,5,1,4
S01011921,G I. Distribution hotels and restaurants,77,69,31,38,8,1,7
S01011921,H J. Transport and communication,21,19,0,19,2,1,1
S01011921,K L M N. Financial real estate professional and administrative activities,38,36,15,21,2,1,1
S01011921,O P Q. Public administration education and health,67,65,19,46,2,1,1
S01011921,R S T U. Other,16,14,7,7,2,2,0
S01011922,All people aged 16 to 74 in employment,382,361,97,264,21,11,10
S01011922,A B D E. Agriculture energy and water,33,33,3,30,0,0,0
S01011922,C. Manufacturing,28,27,0,27,1,0,1
S01011922,F. Construction,40,36,1,35,4,1,3
S01011922,G I. Distribution hotels and restaurants,112,109,46,63,3,2,1
S01011922,H J. Transport and communication,26,26,3,23,0,0,0
S01011922,K L M N. Financial real estate professional and administrative activities,39,32,7,25,7,5,2
S01011922,O P Q. Public administration education and health,89,86,35,51,3,1,2
S01011922,R S T U. Other,15,12,2,10,3,2,1
S01011923,All people aged 16 to 74 in employment,405,377,117,260,28,7,21
S01011923,A B D E. Agriculture energy and water,32,32,3,29,0,0,0
S01011923,C. Manufacturing,25,25,0,25,0,0,0
S01011923,F. Construction,44,37,3,34,7,1,6
S01011923,G I. Distribution hotels and restaurants,103,98,43,55,5,1,4
S01011923,H J. Transport and communication,19,17,3,14,2,0,2
S01011923,K L M N. Financial real estate professional and administrative activities,56,54,20,34,2,1,1
S01011923,O P Q. Public administration education and health,107,102,41,61,5,3,2
S01011923,R S T U. Other,19,12,4,8,7,1,6
S01011924,All people aged 16 to 74 in employment,217,200,61,139,17,7,10
S01011924,A B D E. Agriculture energy and water,15,15,3,12,0,0,0
S01011924,C. Manufacturing,17,15,0,15,2,2,0
S01011924,F. Construction,28,24,2,22,4,0,4
S01011924,G I. Distribution hotels and restaurants,55,52,23,29,3,0,3
S01011924,H J. Transport and communication,21,20,2,18,1,0,1
S01011924,K L M N. Financial real estate professional and administrative activities,24,21,9,12,3,2,1
S01011924,O P Q. Public administration education and health,50,49,21,28,1,1,0
S01011924,R S T U. Other,7,4,1,3,3,2,1
S01011925,All people aged 16 to 74 in employment,445,387,96,291,58,11,47
S01011925,A B D E. Agriculture energy and water,35,33,2,31,2,0,2
S01011925,C. Manufacturing,13,12,0,12,1,0,1
S01011925,F. Construction,45,36,5,31,9,0,9
S01011925,G I. Distribution hotels and restaurants,116,103,37,66,13,3,10
S01011925,H J. Transport and communication,22,20,0,20,2,0,2
S01011925,K L M N. Financial real estate professional and administrative activities,65,52,10,42,13,2,11
S01011925,O P Q. Public administration education and health,115,105,33,72,10,4,6
S01011925,R S T U. Other,34,26,9,17,8,2,6
S01011926,All people aged 16 to 74 in employment,326,300,91,209,26,7,19
S01011926,A B D E. Agriculture energy and water,25,24,6,18,1,0,1
S01011926,C. Manufacturing,30,29,1,28,1,1,0
S01011926,F. Construction,30,24,2,22,6,0,6
S01011926,G I. Distribution hotels and restaurants,98,93,46,47,5,1,4
S01011926,H J. Transport and communication,17,16,0,16,1,0,1
S01011926,K L M N. Financial real estate professional and administrative activities,44,37,10,27,7,4,3
S01011926,O P Q. Public administration education and health,71,68,25,43,3,0,3
S01011926,R S T U. Other,11,9,1,8,2,1,1
S01011927,All people aged 16 to 74 in employment,292,271,89,182,21,2,19
S01011927,A B D E. Agriculture energy and water,19,18,5,13,1,0,1
S01011927,C. Manufacturing,17,17,3,14,0,0,0
S01011927,F. Construction,24,18,2,16,6,0,6
S01011927,G I. Distribution hotels and restaurants,80,80,35,45,0,0,0
S01011927,H J. Transport and communication,25,21,2,19,4,0,4
S01011927,K L M N. Financial real estate professional and administrative activities,32,30,11,19,2,0,2
S01011927,O P Q. Public administration education and health,74,69,23,46,5,0,5
S01011927,R S T U. Other,21,18,8,10,3,2,1
S01011928,All people aged 16 to 74 in employment,360,327,98,229,33,2,31
S01011928,A B D E. Agriculture energy and water,19,18,4,14,1,0,1
S01011928,C. Manufacturing,20,20,5,15,0,0,0
S01011928,F. Construction,40,28,2,26,12,0,12
S01011928,G I. Distribution hotels and restaurants,87,85,28,57,2,1,1
S01011928,H J. Transport and communication,21,17,6,11,4,0,4
S01011928,K L M N. Financial real estate professional and administrative activities,52,48,11,37,4,0,4
S01011928,O P Q. Public administration education and health,96,91,34,57,5,1,4
S01011928,R S T U. Other,25,20,8,12,5,0,5
S01011929,All people aged 16 to 74 in employment,354,342,99,243,12,4,8
S01011929,A B D E. Agriculture energy and water,23,23,2,21,0,0,0
S01011929,C. Manufacturing,22,22,2,20,0,0,0
S01011929,F. Construction,37,35,2,33,2,1,1
S01011929,G I. Distribution hotels and restaurants,100,98,47,51,2,0,2
S01011929,H J. Transport and communication,30,28,1,27,2,0,2
S01011929,K L M N. Financial real estate professional and administrative activities,36,35,9,26,1,1,0
S01011929,O P Q. Public administration education and health,89,86,31,55,3,1,2
S01011929,R S T U. Other,17,15,5,10,2,1,1
S01011930,All people aged 16 to 74 in employment,318,294,94,200,24,7,17
S01011930,A B D E. Agriculture energy and water,23,22,3,19,1,0,1
S01011930,C. Manufacturing,16,15,1,14,1,1,0
S01011930,F. Construction,30,24,1,23,6,1,5
S01011930,G I. Distribution hotels and restaurants,89,87,38,49,2,0,2
S01011930,H J. Transport and communication,26,23,3,20,3,2,1
S01011930,K L M N. Financial real estate professional and administrative activities,40,37,15,22,3,0,3
S01011930,O P Q. Public administration education and health,75,72,28,44,3,1,2
S01011930,R S T U. Other,19,14,5,9,5,2,3
S01011931,All people aged 16 to 74 in employment,274,251,85,166,23,6,17
S01011931,A B D E. Agriculture energy and water,18,17,2,15,1,0,1
S01011931,C. Manufacturing,17,16,2,14,1,0,1
S01011931,F. Construction,24,18,1,17,6,3,3
S01011931,G I. Distribution hotels and restaurants,81,77,42,35,4,1,3
S01011931,H J. Transport and communication,14,12,1,11,2,0,2
S01011931,K L M N. Financial real estate professional and administrative activities,30,27,10,17,3,0,3
S01011931,O P Q. Public administration education and health,69,64,16,48,5,1,4
S01011931,R S T U. Other,21,20,11,9,1,1,0
S01011932,All people aged 16 to 74 in employment,373,355,72,283,18,3,15
S01011932,A B D E. Agriculture energy and water,42,42,4,38,0,0,0
S01011932,C. Manufacturing,23,22,2,20,1,0,1
S01011932,F. Construction,25,21,2,19,4,0,4
S01011932,G I. Distribution hotels and restaurants,96,90,28,62,6,0,6
S01011932,H J. Transport and communication,21,20,2,18,1,0,1
S01011932,K L M N. Financial real estate professional and administrative activities,54,49,9,40,5,3,2
S01011932,O P Q. Public administration education and health,90,90,20,70,0,0,0
S01011932,R S T U. Other,22,21,5,16,1,0,1
S01011933,All people aged 16 to 74 in employment,368,341,77,264,27,9,18
S01011933,A B D E. Agriculture energy and water,42,41,4,37,1,0,1
S01011933,C. Manufacturing,23,22,1,21,1,0,1
S01011933,F. Construction,36,28,3,25,8,2,6
S01011933,G I. Distribution hotels and restaurants,92,86,37,49,6,1,5
S01011933,H J. Transport and communication,15,12,3,9,3,1,2
S01011933,K L M N. Financial real estate professional and administrative activities,48,44,7,37,4,2,2
S01011933,O P Q. Public administration education and health,98,97,20,77,1,1,0
S01011933,R S T U. Other,14,11,2,9,3,2,1
S01011934,All people aged 16 to 74 in employment,533,473,134,339,60,18,42
S01011934,A B D E. Agriculture energy and water,46,45,3,42,1,0,1
S01011934,C. Manufacturing,43,41,0,41,2,1,1
S01011934,F. Construction,42,27,3,24,15,3,12
S01011934,G I. Distribution hotels and restaurants,132,113,51,62,19,6,13
S01011934,H J. Transport and communication,30,23,5,18,7,1,6
S01011934,K L M N. Financial real estate professional and administrative activities,60,52,16,36,8,3,5
S01011934,O P Q. Public administration education and health,146,141,43,98,5,3,2
S01011934,R S T U. Other,34,31,13,18,3,1,2
S01011935,All people aged 16 to 74 in employment,502,439,115,324,63,17,46
S01011935,A B D E. Agriculture energy and water,35,34,3,31,1,0,1
S01011935,C. Manufacturing,41,36,2,34,5,1,4
S01011935,F. Construction,30,21,0,21,9,1,8
S01011935,G I. Distribution hotels and restaurants,158,142,62,80,16,2,14
S01011935,H J. Transport and communication,26,22,7,15,4,2,2
S01011935,K L M N. Financial real estate professional and administrative activities,59,50,12,38,9,4,5
S01011935,O P Q. Public administration education and health,103,94,20,74,9,4,5
S01011935,R S T U. Other,50,40,9,31,10,3,7
S01011936,All people aged 16 to 74 in employment,398,352,91,261,46,14,32
S01011936,A B D E. Agriculture energy and water,33,32,2,30,1,1,0
S01011936,C. Manufacturing,26,24,4,20,2,1,1
S01011936,F. Construction,15,11,0,11,4,1,3
S01011936,G I. Distribution hotels and restaurants,104,94,42,52,10,2,8
S01011936,H J. Transport and communication,15,11,3,8,4,1,3
S01011936,K L M N. Financial real estate professional and administrative activities,66,56,8,48,10,5,5
S01011936,O P Q. Public administration education and health,119,108,26,82,11,3,8
S01011936,R S T U. Other,20,16,6,10,4,0,4
S01011937,All people aged 16 to 74 in employment,394,360,88,272,34,10,24
S01011937,A B D E. Agriculture energy and water,35,35,1,34,0,0,0
S01011937,C. Manufacturing,30,29,1,28,1,1,0
S01011937,F. Construction,24,18,1,17,6,2,4
S01011937,G I. Distribution hotels and restaurants,117,108,47,61,9,0,9
S01011937,H J. Transport and communication,12,10,3,7,2,1,1
S01011937,K L M N. Financial real estate professional and administrative activities,70,62,10,52,8,2,6
S01011937,O P Q. Public administration education and health,88,83,20,63,5,2,3
S01011937,R S T U. Other,18,15,5,10,3,2,1
S01011938,All people aged 16 to 74 in employment,385,327,69,258,58,13,45
S01011938,A B D E. Agriculture energy and water,23,22,1,21,1,0,1
S01011938,C. Manufacturing,22,18,1,17,4,0,4
S01011938,F. Construction,31,24,0,24,7,0,7
S01011938,G I. Distribution hotels and restaurants,112,92,33,59,20,4,16
S01011938,H J. Transport and communication,16,12,0,12,4,1,3
S01011938,K L M N. Financial real estate professional and administrative activities,55,44,11,33,11,4,7
S01011938,O P Q. Public administration education and health,103,97,18,79,6,2,4
S01011938,R S T U. Other,23,18,5,13,5,2,3
S01011939,All people aged 16 to 74 in employment,417,387,102,285,30,7,23
S01011939,A B D E. Agriculture energy and water,25,25,0,25,0,0,0
S01011939,C. Manufacturing,20,19,2,17,1,0,1
S01011939,F. Construction,32,23,3,20,9,2,7
S01011939,G I. Distribution hotels and restaurants,140,136,53,83,4,0,4
S01011939,H J. Transport and communication,20,16,3,13,4,0,4
S01011939,K L M N. Financial real estate professional and administrative activities,55,52,13,39,3,0,3
S01011939,O P Q. Public administration education and health,105,99,21,78,6,2,4
S01011939,R S T U. Other,20,17,7,10,3,3,0
S01011940,All people aged 16 to 74 in employment,240,225,41,184,15,3,12
S01011940,A B D E. Agriculture energy and water,21,21,1,20,0,0,0
S01011940,C. Manufacturing,25,25,1,24,0,0,0
S01011940,F. Construction,12,9,1,8,3,0,3
S01011940,G I. Distribution hotels and restaurants,70,67,15,52,3,1,2
S01011940,H J. Transport and communication,13,9,2,7,4,0,4
S01011940,K L M N. Financial real estate professional and administrative activities,33,31,7,24,2,0,2
S01011940,O P Q. Public administration education and health,44,44,10,34,0,0,0
S01011940,R S T U. Other,22,19,4,15,3,2,1
S01011941,All people aged 16 to 74 in employment,472,437,110,327,35,12,23
S01011941,A B D E. Agriculture energy and water,25,25,3,22,0,0,0
S01011941,C. Manufacturing,27,27,0,27,0,0,0
S01011941,F. Construction,20,17,1,16,3,0,3
S01011941,G I. Distribution hotels and restaurants,160,155,63,92,5,2,3
S01011941,H J. Transport and communication,31,22,1,21,9,5,4
S01011941,K L M N. Financial real estate professional and administrative activities,68,62,12,50,6,1,5
S01011941,O P Q. Public administration education and health,100,95,24,71,5,0,5
S01011941,R S T U. Other,41,34,6,28,7,4,3
S01011942,All people aged 16 to 74 in employment,470,434,120,314,36,7,29
S01011942,A B D E. Agriculture energy and water,32,32,3,29,0,0,0
S01011942,C. Manufacturing,34,31,2,29,3,1,2
S01011942,F. Construction,39,31,4,27,8,1,7
S01011942,G I. Distribution hotels and restaurants,164,157,78,79,7,1,6
S01011942,H J. Transport and communication,22,17,2,15,5,1,4
S01011942,K L M N. Financial real estate professional and administrative activities,68,62,17,45,6,2,4
S01011942,O P Q. Public administration education and health,84,81,10,71,3,1,2
S01011942,R S T U. Other,27,23,4,19,4,0,4
S01011943,All people aged 16 to 74 in employment,577,533,158,375,44,11,33
S01011943,A B D E. Agriculture energy and water,30,29,4,25,1,1,0
S01011943,C. Manufacturing,26,26,2,24,0,0,0
S01011943,F. Construction,47,35,3,32,12,3,9
S01011943,G I. Distribution hotels and restaurants,209,199,95,104,10,2,8
S01011943,H J. Transport and communication,35,32,2,30,3,0,3
S01011943,K L M N. Financial real estate professional and administrative activities,56,52,8,44,4,0,4
S01011943,O P Q. Public administration education and health,138,134,36,98,4,2,2
S01011943,R S T U. Other,36,26,8,18,10,3,7
S01011944,All people aged 16 to 74 in employment,207,153,46,107,54,19,35
S01011944,A B D E. Agriculture energy and water,21,17,2,15,4,0,4
S01011944,C. Manufacturing,17,9,1,8,8,2,6
S01011944,F. Construction,13,5,1,4,8,2,6
S01011944,G I. Distribution hotels and restaurants,37,31,14,17,6,2,4
S01011944,H J. Transport and communication,9,6,1,5,3,1,2
S01011944,K L M N. Financial real estate professional and administrative activities,29,18,7,11,11,3,8
S01011944,O P Q. Public administration education and health,69,63,19,44,6,4,2
S01011944,R S T U. Other,12,4,1,3,8,5,3
S01011945,All people aged 16 to 74 in employment,347,273,89,184,74,14,60
S01011945,A B D E. Agriculture energy and water,20,18,7,11,2,0,2
S01011945,C. Manufacturing,26,15,1,14,11,3,8
S01011945,F. Construction,29,16,2,14,13,0,13
S01011945,G I. Distribution hotels and restaurants,54,41,20,21,13,0,13
S01011945,H J. Transport and communication,12,10,5,5,2,1,1
S01011945,K L M N. Financial real estate professional and administrative activities,64,50,13,37,14,6,8
S01011945,O P Q. Public administration education and health,121,109,36,73,12,1,11
S01011945,R S T U. Other,21,14,5,9,7,3,4
S01011946,All people aged 16 to 74 in employment,323,280,93,187,43,16,27
S01011946,A B D E. Agriculture energy and water,26,22,2,20,4,1,3
S01011946,C. Manufacturing,16,15,0,15,1,1,0
S01011946,F. Construction,21,17,0,17,4,1,3
S01011946,G I. Distribution hotels and restaurants,89,81,41,40,8,1,7
S01011946,H J. Transport and communication,22,18,1,17,4,2,2
S01011946,K L M N. Financial real estate professional and administrative activities,43,33,11,22,10,3,7
S01011946,O P Q. Public administration education and health,88,80,29,51,8,4,4
S01011946,R S T U. Other,18,14,9,5,4,3,1
S01011947,All people aged 16 to 74 in employment,216,199,69,130,17,5,12
S01011947,A B D E. Agriculture energy and water,14,11,1,10,3,0,3
S01011947,C. Manufacturing,8,8,1,7,0,0,0
S01011947,F. Construction,11,11,2,9,0,0,0
S01011947,G I. Distribution hotels and restaurants,52,46,22,24,6,2,4
S01011947,H J. Transport and communication,16,15,2,13,1,0,1
S01011947,K L M N. Financial real estate professional and administrative activities,25,23,7,16,2,2,0
S01011947,O P Q. Public administration education and health,75,73,28,45,2,1,1
S01011947,R S T U. Other,15,12,6,6,3,0,3
S01011948,All people aged 16 to 74 in employment,484,389,115,274,95,21,74
S01011948,A B D E. Agriculture energy and water,31,27,4,23,4,2,2
S01011948,C. Manufacturing,25,22,4,18,3,2,1
S01011948,F. Construction,23,17,1,16,6,0,6
S01011948,G I. Distribution hotels and restaurants,110,83,40,43,27,4,23
S01011948,H J. Transport and communication,28,20,3,17,8,2,6
S01011948,K L M N. Financial real estate professional and administrative activities,77,55,9,46,22,4,18
S01011948,O P Q. Public administration education and health,162,150,51,99,12,3,9
S01011948,R S T U. Other,28,15,3,12,13,4,9
S01011949,All people aged 16 to 74 in employment,303,257,81,176,46,19,27
S01011949,A B D E. Agriculture energy and water,23,18,1,17,5,1,4
S01011949,C. Manufacturing,14,11,1,10,3,1,2
S01011949,F. Construction,28,18,3,15,10,4,6
S01011949,G I. Distribution hotels and restaurants,54,45,20,25,9,3,6
S01011949,H J. Transport and communication,12,11,2,9,1,0,1
S01011949,K L M N. Financial real estate professional and administrative activities,41,33,13,20,8,4,4
S01011949,O P Q. Public administration education and health,120,113,36,77,7,5,2
S01011949,R S T U. Other,11,8,5,3,3,1,2
S01011950,All people aged 16 to 74 in employment,307,271,76,195,36,11,25
S01011950,A B D E. Agriculture energy and water,16,15,2,13,1,0,1
S01011950,C. Manufacturing,12,8,0,8,4,2,2
S01011950,F. Construction,31,21,2,19,10,1,9
S01011950,G I. Distribution hotels and restaurants,54,51,21,30,3,1,2
S01011950,H J. Transport and communication,22,20,4,16,2,1,1
S01011950,K L M N. Financial real estate professional and administrative activities,49,38,9,29,11,4,7
S01011950,O P Q. Public administration education and health,103,102,30,72,1,1,0
S01011950,R S T U. Other,20,16,8,8,4,1,3
S01011951,All people aged 16 to 74 in employment,323,272,83,189,51,16,35
S01011951,A B D E. Agriculture energy and water,18,15,1,14,3,2,1
S01011951,C. Manufacturing,23,20,4,16,3,2,1
S01011951,F. Construction,34,17,2,15,17,2,15
S01011951,G I. Distribution hotels and restaurants,80,77,33,44,3,1,2
S01011951,H J. Transport and communication,20,13,2,11,7,0,7
S01011951,K L M N. Financial real estate professional and administrative activities,46,35,11,24,11,6,5
S01011951,O P Q. Public administration education and health,83,80,26,54,3,1,2
S01011951,R S T U. Other,19,15,4,11,4,2,2
S01011952,All people aged 16 to 74 in employment,234,203,52,151,31,10,21
S01011952,A B D E. Agriculture energy and water,23,23,4,19,0,0,0
S01011952,C. Manufacturing,17,14,2,12,3,2,1
S01011952,F. Construction,26,18,1,17,8,0,8
S01011952,G I. Distribution hotels and restaurants,35,28,11,17,7,2,5
S01011952,H J. Transport and communication,13,12,1,11,1,0,1
S01011952,K L M N. Financial real estate professional and administrative activities,31,27,7,20,4,1,3
S01011952,O P Q. Public administration education and health,74,68,21,47,6,4,2
S01011952,R S T U. Other,15,13,5,8,2,1,1
S01011953,All people aged 16 to 74 in employment,360,304,93,211,56,15,41
S01011953,A B D E. Agriculture energy and water,27,24,6,18,3,1,2
S01011953,C. Manufacturing,18,16,2,14,2,0,2
S01011953,F. Construction,30,20,0,20,10,0,10
S01011953,G I. Distribution hotels and restaurants,67,61,34,27,6,1,5
S01011953,H J. Transport and communication,17,13,2,11,4,3,1
S01011953,K L M N. Financial real estate professional and administrative activities,55,41,8,33,14,4,10
S01011953,O P Q. Public administration education and health,126,111,34,77,15,4,11
S01011953,R S T U. Other,20,18,7,11,2,2,0
S01011954,All people aged 16 to 74 in employment,228,212,66,146,16,6,10
S01011954,A B D E. Agriculture energy and water,17,16,2,14,1,0,1
S01011954,C. Manufacturing,11,11,1,10,0,0,0
S01011954,F. Construction,25,19,3,16,6,1,5
S01011954,G I. Distribution hotels and restaurants,53,51,20,31,2,1,1
S01011954,H J. Transport and communication,12,11,1,10,1,1,0
S01011954,K L M N. Financial real estate professional and administrative activities,31,27,10,17,4,2,2
S01011954,O P Q. Public administration education and health,68,67,24,43,1,0,1
S01011954,R S T U. Other,11,10,5,5,1,1,0
S01011955,All people aged 16 to 74 in employment,460,390,121,269,70,18,52
S01011955,A B D E. Agriculture energy and water,28,27,4,23,1,1,0
S01011955,C. Manufacturing,23,21,1,20,2,0,2
S01011955,F. Construction,40,24,2,22,16,1,15
S01011955,G I. Distribution hotels and restaurants,115,98,54,44,17,0,17
S01011955,H J. Transport and communication,27,24,1,23,3,1,2
S01011955,K L M N. Financial real estate professional and administrative activities,62,47,14,33,15,8,7
S01011955,O P Q. Public administration education and health,141,132,41,91,9,5,4
S01011955,R S T U. Other,24,17,4,13,7,2,5
S01011956,All people aged 16 to 74 in employment,528,461,135,326,67,16,51
S01011956,A B D E. Agriculture energy and water,33,27,6,21,6,1,5
S01011956,C. Manufacturing,42,38,5,33,4,1,3
S01011956,F. Construction,50,36,3,33,14,2,12
S01011956,G I. Distribution hotels and restaurants,92,77,34,43,15,3,12
S01011956,H J. Transport and communication,27,24,1,23,3,1,2
S01011956,K L M N. Financial real estate professional and administrative activities,87,76,15,61,11,2,9
S01011956,O P Q. Public administration education and health,180,171,67,104,9,4,5
S01011956,R S T U. Other,17,12,4,8,5,2,3
S01011957,All people aged 16 to 74 in employment,499,417,89,328,82,12,70
S01011957,A B D E. Agriculture energy and water,100,91,4,87,9,2,7
S01011957,C. Manufacturing,20,18,5,13,2,1,1
S01011957,F. Construction,27,15,1,14,12,2,10
S01011957,G I. Distribution hotels and restaurants,124,94,23,71,30,3,27
S01011957,H J. Transport and communication,12,8,1,7,4,0,4
S01011957,K L M N. Financial real estate professional and administrative activities,57,44,7,37,13,1,12
S01011957,O P Q. Public administration education and health,121,113,34,79,8,2,6
S01011957,R S T U. Other,38,34,14,20,4,1,3
S01011958,All people aged 16 to 74 in employment,545,412,109,303,133,36,97
S01011958,A B D E. Agriculture energy and water,73,45,3,42,28,2,26
S01011958,C. Manufacturing,30,25,2,23,5,2,3
S01011958,F. Construction,51,26,4,22,25,4,21
S01011958,G I. Distribution hotels and restaurants,114,93,31,62,21,6,15
S01011958,H J. Transport and communication,32,21,4,17,11,3,8
S01011958,K L M N. Financial real estate professional and administrative activities,74,56,14,42,18,10,8
S01011958,O P Q. Public administration education and health,148,132,44,88,16,6,10
S01011958,R S T U. Other,23,14,7,7,9,3,6
S01011959,All people aged 16 to 74 in employment,428,341,98,243,87,24,63
S01011959,A B D E. Agriculture energy and water,51,34,6,28,17,5,12
S01011959,C. Manufacturing,20,18,2,16,2,0,2
S01011959,F. Construction,34,21,1,20,13,5,8
S01011959,G I. Distribution hotels and restaurants,94,73,37,36,21,5,16
S01011959,H J. Transport and communication,23,16,1,15,7,1,6
S01011959,K L M N. Financial real estate professional and administrative activities,71,60,9,51,11,2,9
S01011959,O P Q. Public administration education and health,118,105,34,71,13,6,7
S01011959,R S T U. Other,17,14,8,6,3,0,3
S01011960,All people aged 16 to 74 in employment,466,397,103,294,69,23,46
S01011960,A B D E. Agriculture energy and water,49,40,6,34,9,2,7
S01011960,C. Manufacturing,25,22,4,18,3,0,3
S01011960,F. Construction,15,10,0,10,5,1,4
S01011960,G I. Distribution hotels and restaurants,94,81,29,52,13,2,11
S01011960,H J. Transport and communication,21,16,1,15,5,3,2
S01011960,K L M N. Financial real estate professional and administrative activities,60,45,10,35,15,6,9
S01011960,O P Q. Public administration education and health,180,169,46,123,11,7,4
S01011960,R S T U. Other,22,14,7,7,8,2,6
S01011961,All people aged 16 to 74 in employment,409,372,97,275,37,14,23
S01011961,A B D E. Agriculture energy and water,15,14,2,12,1,0,1
S01011961,C. Manufacturing,25,25,1,24,0,0,0
S01011961,F. Construction,37,26,0,26,11,3,8
S01011961,G I. Distribution hotels and restaurants,93,90,41,49,3,0,3
S01011961,H J. Transport and communication,23,19,1,18,4,1,3
S01011961,K L M N. Financial real estate professional and administrative activities,53,47,7,40,6,3,3
S01011961,O P Q. Public administration education and health,150,142,43,99,8,4,4
S01011961,R S T U. Other,13,9,2,7,4,3,1
S01011962,All people aged 16 to 74 in employment,366,297,61,236,69,21,48
S01011962,A B D E. Agriculture energy and water,37,28,6,22,9,2,7
S01011962,C. Manufacturing,29,25,3,22,4,1,3
S01011962,F. Construction,30,15,1,14,15,2,13
S01011962,G I. Distribution hotels and restaurants,54,43,17,26,11,2,9
S01011962,H J. Transport and communication,15,12,1,11,3,0,3
S01011962,K L M N. Financial real estate professional and administrative activities,56,41,3,38,15,5,10
S01011962,O P Q. Public administration education and health,125,122,25,97,3,1,2
S01011962,R S T U. Other,20,11,5,6,9,8,1
S01011963,All people aged 16 to 74 in employment,247,222,49,173,25,10,15
S01011963,A B D E. Agriculture energy and water,18,18,1,17,0,0,0
S01011963,C. Manufacturing,18,16,3,13,2,0,2
S01011963,F. Construction,12,8,0,8,4,2,2
S01011963,G I. Distribution hotels and restaurants,42,40,14,26,2,1,1
S01011963,H J. Transport and communication,10,8,0,8,2,0,2
S01011963,K L M N. Financial real estate professional and administrative activities,37,33,8,25,4,2,2
S01011963,O P Q. Public administration education and health,97,94,22,72,3,2,1
S01011963,R S T U. Other,13,5,1,4,8,3,5
S01011964,All people aged 16 to 74 in employment,522,470,108,362,52,8,44
S01011964,A B D E. Agriculture energy and water,41,36,4,32,5,1,4
S01011964,C. Manufacturing,40,38,3,35,2,0,2
S01011964,F. Construction,46,36,2,34,10,2,8
S01011964,G I. Distribution hotels and restaurants,107,96,40,56,11,3,8
S01011964,H J. Transport and communication,29,23,2,21,6,0,6
S01011964,K L M N. Financial real estate professional and administrative activities,54,48,11,37,6,0,6
S01011964,O P Q. Public administration education and health,182,177,42,135,5,0,5
S01011964,R S T U. Other,23,16,4,12,7,2,5
S01011965,All people aged 16 to 74 in employment,327,292,88,204,35,8,27
S01011965,A B D E. Agriculture energy and water,9,8,0,8,1,0,1
S01011965,C. Manufacturing,18,18,1,17,0,0,0
S01011965,F. Construction,20,13,2,11,7,0,7
S01011965,G I. Distribution hotels and restaurants,52,48,24,24,4,0,4
S01011965,H J. Transport and communication,23,19,2,17,4,0,4
S01011965,K L M N. Financial real estate professional and administrative activities,51,43,14,29,8,4,4
S01011965,O P Q. Public administration education and health,144,136,41,95,8,4,4
S01011965,R S T U. Other,10,7,4,3,3,0,3
S01011966,All people aged 16 to 74 in employment,390,336,99,237,54,14,40
S01011966,A B D E. Agriculture energy and water,19,12,2,10,7,1,6
S01011966,C. Manufacturing,23,21,1,20,2,2,0
S01011966,F. Construction,23,15,2,13,8,3,5
S01011966,G I. Distribution hotels and restaurants,74,63,29,34,11,2,9
S01011966,H J. Transport and communication,24,20,2,18,4,0,4
S01011966,K L M N. Financial real estate professional and administrative activities,52,43,8,35,9,3,6
S01011966,O P Q. Public administration education and health,166,157,52,105,9,2,7
S01011966,R S T U. Other,9,5,3,2,4,1,3
S01011967,All people aged 16 to 74 in employment,563,432,108,324,131,24,107
S01011967,A B D E. Agriculture energy and water,44,25,1,24,19,2,17
S01011967,C. Manufacturing,39,28,5,23,11,1,10
S01011967,F. Construction,38,21,1,20,17,1,16
S01011967,G I. Distribution hotels and restaurants,103,75,28,47,28,3,25
S01011967,H J. Transport and communication,29,21,2,19,8,1,7
S01011967,K L M N. Financial real estate professional and administrative activities,77,54,10,44,23,10,13
S01011967,O P Q. Public administration education and health,212,193,57,136,19,5,14
S01011967,R S T U. Other,21,15,4,11,6,1,5
S01011968,All people aged 16 to 74 in employment,509,452,114,338,57,10,47
S01011968,A B D E. Agriculture energy and water,18,17,4,13,1,0,1
S01011968,C. Manufacturing,28,25,1,24,3,0,3
S01011968,F. Construction,36,24,3,21,12,1,11
S01011968,G I. Distribution hotels and restaurants,79,66,33,33,13,1,12
S01011968,H J. Transport and communication,36,30,2,28,6,1,5
S01011968,K L M N. Financial real estate professional and administrative activities,59,50,14,36,9,3,6
S01011968,O P Q. Public administration education and health,229,219,47,172,10,3,7
S01011968,R S T U. Other,24,21,10,11,3,1,2
S01011969,All people aged 16 to 74 in employment,494,449,116,333,45,14,31
S01011969,A B D E. Agriculture energy and water,38,32,5,27,6,2,4
S01011969,C. Manufacturing,71,70,8,62,1,1,0
S01011969,F. Construction,58,43,2,41,15,4,11
S01011969,G I. Distribution hotels and restaurants,106,103,39,64,3,1,2
S01011969,H J. Transport and communication,28,25,5,20,3,0,3
S01011969,K L M N. Financial real estate professional and administrative activities,51,47,14,33,4,1,3
S01011969,O P Q. Public administration education and health,128,118,41,77,10,4,6
S01011969,R S T U. Other,14,11,2,9,3,1,2
S01011970,All people aged 16 to 74 in employment,489,439,109,330,50,11,39
S01011970,A B D E. Agriculture energy and water,34,28,0,28,6,1,5
S01011970,C. Manufacturing,118,114,11,103,4,1,3
S01011970,F. Construction,54,37,2,35,17,3,14
S01011970,G I. Distribution hotels and restaurants,105,97,41,56,8,1,7
S01011970,H J. Transport and communication,32,29,5,24,3,0,3
S01011970,K L M N. Financial real estate professional and administrative activities,38,30,13,17,8,3,5
S01011970,O P Q. Public administration education and health,94,92,30,62,2,1,1
S01011970,R S T U. Other,14,12,7,5,2,1,1
S01011971,All people aged 16 to 74 in employment,278,220,57,163,58,11,47
S01011971,A B D E. Agriculture energy and water,35,25,3,22,10,2,8
S01011971,C. Manufacturing,33,27,2,25,6,0,6
S01011971,F. Construction,28,16,1,15,12,3,9
S01011971,G I. Distribution hotels and restaurants,56,51,19,32,5,2,3
S01011971,H J. Transport and communication,12,9,1,8,3,0,3
S01011971,K L M N. Financial real estate professional and administrative activities,22,15,6,9,7,1,6
S01011971,O P Q. Public administration education and health,77,72,24,48,5,2,3
S01011971,R S T U. Other,15,5,1,4,10,1,9
S01011972,All people aged 16 to 74 in employment,589,433,120,313,156,42,114
S01011972,A B D E. Agriculture energy and water,93,44,3,41,49,7,42
S01011972,C. Manufacturing,38,29,1,28,9,3,6
S01011972,F. Construction,49,28,1,27,21,2,19
S01011972,G I. Distribution hotels and restaurants,104,85,42,43,19,6,13
S01011972,H J. Transport and communication,29,23,5,18,6,1,5
S01011972,K L M N. Financial real estate professional and administrative activities,77,47,14,33,30,15,15
S01011972,O P Q. Public administration education and health,169,153,49,104,16,6,10
S01011972,R S T U. Other,30,24,5,19,6,2,4
S01011973,All people aged 16 to 74 in employment,322,260,68,192,62,18,44
S01011973,A B D E. Agriculture energy and water,40,29,3,26,11,0,11
S01011973,C. Manufacturing,15,14,0,14,1,0,1
S01011973,F. Construction,24,14,0,14,10,2,8
S01011973,G I. Distribution hotels and restaurants,65,56,19,37,9,4,5
S01011973,H J. Transport and communication,21,18,1,17,3,2,1
S01011973,K L M N. Financial real estate professional and administrative activities,37,25,7,18,12,6,6
S01011973,O P Q. Public administration education and health,102,92,34,58,10,3,7
S01011973,R S T U. Other,18,12,4,8,6,1,5
S01011974,All people aged 16 to 74 in employment,411,333,88,245,78,21,57
S01011974,A B D E. Agriculture energy and water,63,52,5,47,11,1,10
S01011974,C. Manufacturing,40,33,4,29,7,1,6
S01011974,F. Construction,31,16,3,13,15,1,14
S01011974,G I. Distribution hotels and restaurants,79,66,25,41,13,3,10
S01011974,H J. Transport and communication,18,13,2,11,5,3,2
S01011974,K L M N. Financial real estate professional and administrative activities,46,31,8,23,15,4,11
S01011974,O P Q. Public administration education and health,113,106,33,73,7,6,1
S01011974,R S T U. Other,21,16,8,8,5,2,3
S01011975,All people aged 16 to 74 in employment,225,178,46,132,47,12,35
S01011975,A B D E. Agriculture energy and water,30,21,3,18,9,2,7
S01011975,C. Manufacturing,8,7,0,7,1,0,1
S01011975,F. Construction,28,18,1,17,10,3,7
S01011975,G I. Distribution hotels and restaurants,52,43,19,24,9,1,8
S01011975,H J. Transport and communication,8,7,0,7,1,1,0
S01011975,K L M N. Financial real estate professional and administrative activities,27,19,4,15,8,1,7
S01011975,O P Q. Public administration education and health,58,55,18,37,3,2,1
S01011975,R S T U. Other,14,8,1,7,6,2,4
S01011976,All people aged 16 to 74 in employment,370,300,76,224,70,14,56
S01011976,A B D E. Agriculture energy and water,18,13,0,13,5,0,5
S01011976,C. Manufacturing,26,25,1,24,1,0,1
S01011976,F. Construction,45,29,1,28,16,0,16
S01011976,G I. Distribution hotels and restaurants,84,67,31,36,17,5,12
S01011976,H J. Transport and communication,14,11,2,9,3,1,2
S01011976,K L M N. Financial real estate professional and administrative activities,39,26,4,22,13,3,10
S01011976,O P Q. Public administration education and health,120,113,34,79,7,3,4
S01011976,R S T U. Other,24,16,3,13,8,2,6
S01011977,All people aged 16 to 74 in employment,548,436,129,307,112,27,85
S01011977,A B D E. Agriculture energy and water,70,36,3,33,34,7,27
S01011977,C. Manufacturing,43,39,3,36,4,0,4
S01011977,F. Construction,52,38,2,36,14,1,13
S01011977,G I. Distribution hotels and restaurants,110,96,48,48,14,2,12
S01011977,H J. Transport and communication,32,27,4,23,5,1,4
S01011977,K L M N. Financial real estate professional and administrative activities,65,45,13,32,20,4,16
S01011977,O P Q. Public administration education and health,147,133,48,85,14,7,7
S01011977,R S T U. Other,29,22,8,14,7,5,2
S01011978,All people aged 16 to 74 in employment,280,244,72,172,36,16,20
S01011978,A B D E. Agriculture energy and water,22,16,0,16,6,3,3
S01011978,C. Manufacturing,18,15,1,14,3,1,2
S01011978,F. Construction,30,21,1,20,9,2,7
S01011978,G I. Distribution hotels and restaurants,79,68,30,38,11,6,5
S01011978,H J. Transport and communication,12,10,1,9,2,0,2
S01011978,K L M N. Financial real estate professional and administrative activities,17,16,4,12,1,1,0
S01011978,O P Q. Public administration education and health,85,82,26,56,3,2,1
S01011978,R S T U. Other,17,16,9,7,1,1,0
S01011979,All people aged 16 to 74 in employment,523,413,109,304,110,29,81
S01011979,A B D E. Agriculture energy and water,73,49,2,47,24,1,23
S01011979,C. Manufacturing,24,19,1,18,5,3,2
S01011979,F. Construction,32,15,0,15,17,4,13
S01011979,G I. Distribution hotels and restaurants,108,88,37,51,20,2,18
S01011979,H J. Transport and communication,34,32,5,27,2,0,2
S01011979,K L M N. Financial real estate professional and administrative activities,75,52,16,36,23,11,12
S01011979,O P Q. Public administration education and health,159,145,43,102,14,6,8
S01011979,R S T U. Other,18,13,5,8,5,2,3
S01011980,All people aged 16 to 74 in employment,206,146,30,116,60,11,49
S01011980,A B D E. Agriculture energy and water,39,16,0,16,23,2,21
S01011980,C. Manufacturing,9,6,0,6,3,0,3
S01011980,F. Construction,18,13,2,11,5,2,3
S01011980,G I. Distribution hotels and restaurants,44,37,13,24,7,3,4
S01011980,H J. Transport and communication,8,4,0,4,4,0,4
S01011980,K L M N. Financial real estate professional and administrative activities,31,20,4,16,11,3,8
S01011980,O P Q. Public administration education and health,50,46,9,37,4,1,3
S01011980,R S T U. Other,7,4,2,2,3,0,3
S01011981,All people aged 16 to 74 in employment,515,369,101,268,146,41,105
S01011981,A B D E. Agriculture energy and water,66,39,4,35,27,3,24
S01011981,C. Manufacturing,18,14,2,12,4,0,4
S01011981,F. Construction,27,13,0,13,14,4,10
S01011981,G I. Distribution hotels and restaurants,158,116,38,78,42,13,29
S01011981,H J. Transport and communication,23,17,7,10,6,1,5
S01011981,K L M N. Financial real estate professional and administrative activities,87,59,17,42,28,9,19
S01011981,O P Q. Public administration education and health,91,75,27,48,16,5,11
S01011981,R S T U. Other,45,36,6,30,9,6,3
S01011982,All people aged 16 to 74 in employment,515,366,122,244,149,32,117
S01011982,A B D E. Agriculture energy and water,92,51,16,35,41,6,35
S01011982,C. Manufacturing,25,16,1,15,9,0,9
S01011982,F. Construction,37,20,1,19,17,2,15
S01011982,G I. Distribution hotels and restaurants,120,89,39,50,31,8,23
S01011982,H J. Transport and communication,21,13,1,12,8,1,7
S01011982,K L M N. Financial real estate professional and administrative activities,73,52,20,32,21,9,12
S01011982,O P Q. Public administration education and health,109,102,33,69,7,3,4
S01011982,R S T U. Other,38,23,11,12,15,3,12
S01011983,All people aged 16 to 74 in employment,363,261,79,182,102,25,77
S01011983,A B D E. Agriculture energy and water,34,19,2,17,15,3,12
S01011983,C. Manufacturing,13,12,3,9,1,0,1
S01011983,F. Construction,33,14,0,14,19,1,18
S01011983,G I. Distribution hotels and restaurants,124,97,30,67,27,10,17
S01011983,H J. Transport and communication,14,11,1,10,3,0,3
S01011983,K L M N. Financial real estate professional and administrative activities,59,34,10,24,25,7,18
S01011983,O P Q. Public administration education and health,61,57,27,30,4,1,3
S01011983,R S T U. Other,25,17,6,11,8,3,5
S01011984,All people aged 16 to 74 in employment,294,260,78,182,34,10,24
S01011984,A B D E. Agriculture energy and water,17,14,1,13,3,1,2
S01011984,C. Manufacturing,31,31,3,28,0,0,0
S01011984,F. Construction,35,25,3,22,10,2,8
S01011984,G I. Distribution hotels and restaurants,72,61,34,27,11,2,9
S01011984,H J. Transport and communication,14,14,2,12,0,0,0
S01011984,K L M N. Financial real estate professional and administrative activities,30,28,5,23,2,2,0
S01011984,O P Q. Public administration education and health,73,71,22,49,2,1,1
S01011984,R S T U. Other,22,16,8,8,6,2,4
S01011985,All people aged 16 to 74 in employment,368,285,87,198,83,17,66
S01011985,A B D E. Agriculture energy and water,18,15,1,14,3,0,3
S01011985,C. Manufacturing,27,23,4,19,4,0,4
S01011985,F. Construction,51,30,1,29,21,3,18
S01011985,G I. Distribution hotels and restaurants,95,73,32,41,22,1,21
S01011985,H J. Transport and communication,21,16,3,13,5,2,3
S01011985,K L M N. Financial real estate professional and administrative activities,25,14,4,10,11,6,5
S01011985,O P Q. Public administration education and health,114,102,37,65,12,3,9
S01011985,R S T U. Other,17,12,5,7,5,2,3
S01011986,All people aged 16 to 74 in employment,277,232,72,160,45,9,36
S01011986,A B D E. Agriculture energy and water,19,12,1,11,7,2,5
S01011986,C. Manufacturing,32,31,1,30,1,0,1
S01011986,F. Construction,30,17,0,17,13,1,12
S01011986,G I. Distribution hotels and restaurants,76,65,29,36,11,1,10
S01011986,H J. Transport and communication,10,7,1,6,3,0,3
S01011986,K L M N. Financial real estate professional and administrative activities,32,29,9,20,3,0,3
S01011986,O P Q. Public administration education and health,63,60,27,33,3,3,0
S01011986,R S T U. Other,15,11,4,7,4,2,2
S01011987,All people aged 16 to 74 in employment,439,384,132,252,55,22,33
S01011987,A B D E. Agriculture energy and water,28,21,3,18,7,3,4
S01011987,C. Manufacturing,36,34,5,29,2,1,1
S01011987,F. Construction,47,33,1,32,14,2,12
S01011987,G I. Distribution hotels and restaurants,102,93,51,42,9,4,5
S01011987,H J. Transport and communication,25,23,6,17,2,1,1
S01011987,K L M N. Financial real estate professional and administrative activities,45,32,14,18,13,6,7
S01011987,O P Q. Public administration education and health,139,134,45,89,5,5,0
S01011987,R S T U. Other,17,14,7,7,3,0,3
S01011988,All people aged 16 to 74 in employment,288,232,70,162,56,12,44
S01011988,A B D E. Agriculture energy and water,15,12,2,10,3,1,2
S01011988,C. Manufacturing,16,15,2,13,1,0,1
S01011988,F. Construction,35,22,3,19,13,0,13
S01011988,G I. Distribution hotels and restaurants,78,62,29,33,16,4,12
S01011988,H J. Transport and communication,18,14,3,11,4,0,4
S01011988,K L M N. Financial real estate professional and administrative activities,28,20,4,16,8,2,6
S01011988,O P Q. Public administration education and health,87,79,23,56,8,3,5
S01011988,R S T U. Other,11,8,4,4,3,2,1
S01011989,All people aged 16 to 74 in employment,416,351,110,241,65,21,44
S01011989,A B D E. Agriculture energy and water,23,18,2,16,5,0,5
S01011989,C. Manufacturing,35,30,1,29,5,1,4
S01011989,F. Construction,38,28,2,26,10,2,8
S01011989,G I. Distribution hotels and restaurants,101,86,45,41,15,4,11
S01011989,H J. Transport and communication,19,16,3,13,3,2,1
S01011989,K L M N. Financial real estate professional and administrative activities,61,48,15,33,13,6,7
S01011989,O P Q. Public administration education and health,121,114,39,75,7,2,5
S01011989,R S T U. Other,18,11,3,8,7,4,3
S01011990,All people aged 16 to 74 in employment,312,258,78,180,54,18,36
S01011990,A B D E. Agriculture energy and water,24,21,2,19,3,0,3
S01011990,C. Manufacturing,21,21,2,19,0,0,0
S01011990,F. Construction,23,17,0,17,6,0,6
S01011990,G I. Distribution hotels and restaurants,68,55,28,27,13,4,9
S01011990,H J. Transport and communication,22,19,2,17,3,1,2
S01011990,K L M N. Financial real estate professional and administrative activities,59,43,13,30,16,3,13
S01011990,O P Q. Public administration education and health,77,69,25,44,8,7,1
S01011990,R S T U. Other,18,13,6,7,5,3,2
S01011991,All people aged 16 to 74 in employment,354,304,93,211,50,16,34
S01011991,A B D E. Agriculture energy and water,19,16,0,16,3,2,1
S01011991,C. Manufacturing,25,23,2,21,2,0,2
S01011991,F. Construction,42,34,1,33,8,1,7
S01011991,G I. Distribution hotels and restaurants,96,78,42,36,18,4,14
S01011991,H J. Transport and communication,25,22,4,18,3,2,1
S01011991,K L M N. Financial real estate professional and administrative activities,37,28,7,21,9,4,5
S01011991,O P Q. Public administration education and health,99,94,33,61,5,1,4
S01011991,R S T U. Other,11,9,4,5,2,2,0
S01011992,All people aged 16 to 74 in employment,434,352,103,249,82,18,64
S01011992,A B D E. Agriculture energy and water,12,10,0,10,2,1,1
S01011992,C. Manufacturing,33,29,4,25,4,1,3
S01011992,F. Construction,39,21,3,18,18,3,15
S01011992,G I. Distribution hotels and restaurants,110,84,31,53,26,3,23
S01011992,H J. Transport and communication,22,18,4,14,4,2,2
S01011992,K L M N. Financial real estate professional and administrative activities,49,40,12,28,9,3,6
S01011992,O P Q. Public administration education and health,139,128,42,86,11,4,7
S01011992,R S T U. Other,30,22,7,15,8,1,7
S01011993,All people aged 16 to 74 in employment,415,385,106,279,30,13,17
S01011993,A B D E. Agriculture energy and water,17,15,3,12,2,1,1
S01011993,C. Manufacturing,45,45,6,39,0,0,0
S01011993,F. Construction,32,32,1,31,0,0,0
S01011993,G I. Distribution hotels and restaurants,122,112,44,68,10,3,7
S01011993,H J. Transport and communication,22,18,4,14,4,2,2
S01011993,K L M N. Financial real estate professional and administrative activities,52,47,12,35,5,2,3
S01011993,O P Q. Public administration education and health,94,89,25,64,5,3,2
S01011993,R S T U. Other,31,27,11,16,4,2,2
S01011994,All people aged 16 to 74 in employment,255,187,69,118,68,22,46
S01011994,A B D E. Agriculture energy and water,13,9,1,8,4,1,3
S01011994,C. Manufacturing,27,20,0,20,7,4,3
S01011994,F. Construction,12,4,1,3,8,1,7
S01011994,G I. Distribution hotels and restaurants,51,37,20,17,14,1,13
S01011994,H J. Transport and communication,7,3,2,1,4,2,2
S01011994,K L M N. Financial real estate professional and administrative activities,40,24,7,17,16,7,9
S01011994,O P Q. Public administration education and health,91,81,35,46,10,4,6
S01011994,R S T U. Other,14,9,3,6,5,2,3
S01011995,All people aged 16 to 74 in employment,453,345,92,253,108,23,85
S01011995,A B D E. Agriculture energy and water,83,54,11,43,29,3,26
S01011995,C. Manufacturing,26,20,0,20,6,1,5
S01011995,F. Construction,36,19,1,18,17,2,15
S01011995,G I. Distribution hotels and restaurants,94,78,28,50,16,3,13
S01011995,H J. Transport and communication,23,16,1,15,7,2,5
S01011995,K L M N. Financial real estate professional and administrative activities,58,48,17,31,10,3,7
S01011995,O P Q. Public administration education and health,107,95,32,63,12,4,8
S01011995,R S T U. Other,26,15,2,13,11,5,6
S01011996,All people aged 16 to 74 in employment,269,233,68,165,36,16,20
S01011996,A B D E. Agriculture energy and water,27,24,4,20,3,0,3
S01011996,C. Manufacturing,9,9,0,9,0,0,0
S01011996,F. Construction,20,14,0,14,6,0,6
S01011996,G I. Distribution hotels and restaurants,81,72,29,43,9,2,7
S01011996,H J. Transport and communication,19,18,5,13,1,1,0
S01011996,K L M N. Financial real estate professional and administrative activities,35,25,6,19,10,6,4
S01011996,O P Q. Public administration education and health,67,64,22,42,3,3,0
S01011996,R S T U. Other,11,7,2,5,4,4,0
S01011997,All people aged 16 to 74 in employment,469,405,107,298,64,20,44
S01011997,A B D E. Agriculture energy and water,45,41,10,31,4,2,2
S01011997,C. Manufacturing,22,20,2,18,2,1,1
S01011997,F. Construction,52,32,3,29,20,3,17
S01011997,G I. Distribution hotels and restaurants,109,98,36,62,11,2,9
S01011997,H J. Transport and communication,28,19,2,17,9,3,6
S01011997,K L M N. Financial real estate professional and administrative activities,46,40,12,28,6,2,4
S01011997,O P Q. Public administration education and health,142,132,38,94,10,5,5
S01011997,R S T U. Other,25,23,4,19,2,2,0
S01011998,All people aged 16 to 74 in employment,246,191,57,134,55,11,44
S01011998,A B D E. Agriculture energy and water,22,19,3,16,3,0,3
S01011998,C. Manufacturing,14,11,2,9,3,0,3
S01011998,F. Construction,22,15,1,14,7,0,7
S01011998,G I. Distribution hotels and restaurants,57,44,18,26,13,5,8
S01011998,H J. Transport and communication,5,4,1,3,1,0,1
S01011998,K L M N. Financial real estate professional and administrative activities,55,33,7,26,22,3,19
S01011998,O P Q. Public administration education and health,63,57,21,36,6,3,3
S01011998,R S T U. Other,8,8,4,4,0,0,0
S01011999,All people aged 16 to 74 in employment,359,282,87,195,77,24,53
S01011999,A B D E. Agriculture energy and water,44,30,3,27,14,1,13
S01011999,C. Manufacturing,22,15,2,13,7,3,4
S01011999,F. Construction,28,17,1,16,11,4,7
S01011999,G I. Distribution hotels and restaurants,92,75,32,43,17,5,12
S01011999,H J. Transport and communication,22,20,4,16,2,1,1
S01011999,K L M N. Financial real estate professional and administrative activities,51,37,14,23,14,4,10
S01011999,O P Q. Public administration education and health,80,73,25,48,7,4,3
S01011999,R S T U. Other,20,15,6,9,5,2,3
S01012000,All people aged 16 to 74 in employment,248,211,54,157,37,6,31
S01012000,A B D E. Agriculture energy and water,21,19,2,17,2,0,2
S01012000,C. Manufacturing,20,16,1,15,4,1,3
S01012000,F. Construction,27,14,1,13,13,2,11
S01012000,G I. Distribution hotels and restaurants,52,43,15,28,9,2,7
S01012000,H J. Transport and communication,13,10,4,6,3,0,3
S01012000,K L M N. Financial real estate professional and administrative activities,31,28,6,22,3,0,3
S01012000,O P Q. Public administration education and health,70,69,21,48,1,0,1
S01012000,R S T U. Other,14,12,4,8,2,1,1
S01012001,All people aged 16 to 74 in employment,335,282,74,208,53,11,42
S01012001,A B D E. Agriculture energy and water,29,24,4,20,5,1,4
S01012001,C. Manufacturing,25,23,1,22,2,0,2
S01012001,F. Construction,50,41,2,39,9,1,8
S01012001,G I. Distribution hotels and restaurants,70,59,26,33,11,3,8
S01012001,H J. Transport and communication,20,16,3,13,4,0,4
S01012001,K L M N. Financial real estate professional and administrative activities,43,32,7,25,11,1,10
S01012001,O P Q. Public administration education and health,77,68,22,46,9,5,4
S01012001,R S T U. Other,21,19,9,10,2,0,2
S01012002,All people aged 16 to 74 in employment,249,213,59,154,36,7,29
S01012002,A B D E. Agriculture energy and water,18,17,2,15,1,0,1
S01012002,C. Manufacturing,12,11,0,11,1,1,0
S01012002,F. Construction,39,25,0,25,14,1,13
S01012002,G I. Distribution hotels and restaurants,51,43,18,25,8,0,8
S01012002,H J. Transport and communication,14,12,1,11,2,1,1
S01012002,K L M N. Financial real estate professional and administrative activities,27,21,7,14,6,3,3
S01012002,O P Q. Public administration education and health,74,72,26,46,2,0,2
S01012002,R S T U. Other,14,12,5,7,2,1,1
S01012003,All people aged 16 to 74 in employment,286,254,79,175,32,9,23
S01012003,A B D E. Agriculture energy and water,17,15,2,13,2,1,1
S01012003,C. Manufacturing,16,14,2,12,2,2,0
S01012003,F. Construction,40,28,2,26,12,0,12
S01012003,G I. Distribution hotels and restaurants,68,62,28,34,6,2,4
S01012003,H J. Transport and communication,13,12,1,11,1,0,1
S01012003,K L M N. Financial real estate professional and administrative activities,27,24,7,17,3,0,3
S01012003,O P Q. Public administration education and health,93,90,34,56,3,2,1
S01012003,R S T U. Other,12,9,3,6,3,2,1
S01012004,All people aged 16 to 74 in employment,427,366,112,254,61,15,46
S01012004,A B D E. Agriculture energy and water,38,35,3,32,3,1,2
S01012004,C. Manufacturing,28,26,3,23,2,0,2
S01012004,F. Construction,39,23,4,19,16,3,13
S01012004,G I. Distribution hotels and restaurants,89,83,43,40,6,0,6
S01012004,H J. Transport and communication,34,26,2,24,8,0,8
S01012004,K L M N. Financial real estate professional and administrative activities,39,32,11,21,7,3,4
S01012004,O P Q. Public administration education and health,139,129,40,89,10,3,7
S01012004,R S T U. Other,21,12,6,6,9,5,4
S01012005,All people aged 16 to 74 in employment,471,417,122,295,54,11,43
S01012005,A B D E. Agriculture energy and water,34,33,4,29,1,0,1
S01012005,C. Manufacturing,22,20,0,20,2,0,2
S01012005,F. Construction,47,34,2,32,13,0,13
S01012005,G I. Distribution hotels and restaurants,101,95,47,48,6,1,5
S01012005,H J. Transport and communication,29,23,0,23,6,1,5
S01012005,K L M N. Financial real estate professional and administrative activities,77,67,20,47,10,3,7
S01012005,O P Q. Public administration education and health,144,133,46,87,11,5,6
S01012005,R S T U. Other,17,12,3,9,5,1,4
S01012006,All people aged 16 to 74 in employment,399,303,76,227,96,17,79
S01012006,A B D E. Agriculture energy and water,56,18,1,17,38,1,37
S01012006,C. Manufacturing,10,9,1,8,1,0,1
S01012006,F. Construction,25,12,1,11,13,1,12
S01012006,G I. Distribution hotels and restaurants,77,63,18,45,14,4,10
S01012006,H J. Transport and communication,10,5,2,3,5,1,4
S01012006,K L M N. Financial real estate professional and administrative activities,39,26,9,17,13,5,8
S01012006,O P Q. Public administration education and health,169,162,40,122,7,2,5
S01012006,R S T U. Other,13,8,4,4,5,3,2
S01012007,All people aged 16 to 74 in employment,386,307,78,229,79,19,60
S01012007,A B D E. Agriculture energy and water,33,25,3,22,8,1,7
S01012007,C. Manufacturing,16,14,0,14,2,0,2
S01012007,F. Construction,21,13,1,12,8,1,7
S01012007,G I. Distribution hotels and restaurants,122,96,29,67,26,7,19
S01012007,H J. Transport and communication,18,14,0,14,4,1,3
S01012007,K L M N. Financial real estate professional and administrative activities,50,36,10,26,14,4,10
S01012007,O P Q. Public administration education and health,111,96,33,63,15,5,10
S01012007,R S T U. Other,15,13,2,11,2,0,2
S01012008,All people aged 16 to 74 in employment,503,387,112,275,116,37,79
S01012008,A B D E. Agriculture energy and water,29,19,0,19,10,0,10
S01012008,C. Manufacturing,25,17,4,13,8,1,7
S01012008,F. Construction,34,19,2,17,15,6,9
S01012008,G I. Distribution hotels and restaurants,143,117,38,79,26,10,16
S01012008,H J. Transport and communication,27,21,1,20,6,2,4
S01012008,K L M N. Financial real estate professional and administrative activities,50,36,12,24,14,5,9
S01012008,O P Q. Public administration education and health,164,137,45,92,27,10,17
S01012008,R S T U. Other,31,21,10,11,10,3,7
S01012009,All people aged 16 to 74 in employment,430,333,74,259,97,29,68
S01012009,A B D E. Agriculture energy and water,35,20,1,19,15,1,14
S01012009,C. Manufacturing,11,8,2,6,3,0,3
S01012009,F. Construction,33,18,1,17,15,4,11
S01012009,G I. Distribution hotels and restaurants,114,99,29,70,15,4,11
S01012009,H J. Transport and communication,25,19,1,18,6,3,3
S01012009,K L M N. Financial real estate professional and administrative activities,119,97,12,85,22,6,16
S01012009,O P Q. Public administration education and health,68,57,23,34,11,5,6
S01012009,R S T U. Other,25,15,5,10,10,6,4
S01012010,All people aged 16 to 74 in employment,609,482,102,380,127,26,101
S01012010,A B D E. Agriculture energy and water,24,24,3,21,0,0,0
S01012010,C. Manufacturing,25,21,1,20,4,2,2
S01012010,F. Construction,39,25,2,23,14,2,12
S01012010,G I. Distribution hotels and restaurants,287,232,50,182,55,8,47
S01012010,H J. Transport and communication,14,9,1,8,5,3,2
S01012010,K L M N. Financial real estate professional and administrative activities,53,37,14,23,16,1,15
S01012010,O P Q. Public administration education and health,116,98,21,77,18,9,9
S01012010,R S T U. Other,51,36,10,26,15,1,14
S01012011,All people aged 16 to 74 in employment,587,478,140,338,109,22,87
S01012011,A B D E. Agriculture energy and water,28,22,1,21,6,0,6
S01012011,C. Manufacturing,25,22,6,16,3,1,2
S01012011,F. Construction,36,16,1,15,20,2,18
S01012011,G I. Distribution hotels and restaurants,274,241,83,158,33,1,32
S01012011,H J. Transport and communication,29,22,3,19,7,3,4
S01012011,K L M N. Financial real estate professional and administrative activities,54,36,3,33,18,5,13
S01012011,O P Q. Public administration education and health,84,76,30,46,8,4,4
S01012011,R S T U. Other,57,43,13,30,14,6,8
S01012012,All people aged 16 to 74 in employment,285,211,55,156,74,16,58
S01012012,A B D E. Agriculture energy and water,28,17,1,16,11,1,10
S01012012,C. Manufacturing,18,16,1,15,2,1,1
S01012012,F. Construction,24,12,1,11,12,2,10
S01012012,G I. Distribution hotels and restaurants,98,70,20,50,28,6,22
S01012012,H J. Transport and communication,9,8,2,6,1,0,1
S01012012,K L M N. Financial real estate professional and administrative activities,31,20,4,16,11,3,8
S01012012,O P Q. Public administration education and health,58,54,23,31,4,1,3
S01012012,R S T U. Other,19,14,3,11,5,2,3
S01012013,All people aged 16 to 74 in employment,397,273,78,195,124,27,97
S01012013,A B D E. Agriculture energy and water,31,16,3,13,15,0,15
S01012013,C. Manufacturing,17,9,3,6,8,4,4
S01012013,F. Construction,45,27,1,26,18,2,16
S01012013,G I. Distribution hotels and restaurants,99,74,30,44,25,5,20
S01012013,H J. Transport and communication,15,10,2,8,5,1,4
S01012013,K L M N. Financial real estate professional and administrative activities,81,48,8,40,33,9,24
S01012013,O P Q. Public administration education and health,74,64,27,37,10,5,5
S01012013,R S T U. Other,35,25,4,21,10,1,9
S01012014,All people aged 16 to 74 in employment,433,353,109,244,80,22,58
S01012014,A B D E. Agriculture energy and water,22,17,0,17,5,2,3
S01012014,C. Manufacturing,22,17,1,16,5,1,4
S01012014,F. Construction,45,32,3,29,13,1,12
S01012014,G I. Distribution hotels and restaurants,131,110,37,73,21,4,17
S01012014,H J. Transport and communication,9,8,1,7,1,1,0
S01012014,K L M N. Financial real estate professional and administrative activities,53,38,13,25,15,7,8
S01012014,O P Q. Public administration education and health,91,82,45,37,9,3,6
S01012014,R S T U. Other,60,49,9,40,11,3,8
S01012015,All people aged 16 to 74 in employment,457,369,112,257,88,20,68
S01012015,A B D E. Agriculture energy and water,54,42,1,41,12,2,10
S01012015,C. Manufacturing,17,15,2,13,2,0,2
S01012015,F. Construction,45,32,3,29,13,0,13
S01012015,G I. Distribution hotels and restaurants,138,115,48,67,23,1,22
S01012015,H J. Transport and communication,19,12,6,6,7,2,5
S01012015,K L M N. Financial real estate professional and administrative activities,51,38,12,26,13,5,8
S01012015,O P Q. Public administration education and health,94,84,33,51,10,6,4
S01012015,R S T U. Other,39,31,7,24,8,4,4
S01012016,All people aged 16 to 74 in employment,480,367,96,271,113,34,79
S01012016,A B D E. Agriculture energy and water,49,27,3,24,22,4,18
S01012016,C. Manufacturing,30,25,8,17,5,1,4
S01012016,F. Construction,33,13,2,11,20,4,16
S01012016,G I. Distribution hotels and restaurants,172,148,32,116,24,5,19
S01012016,H J. Transport and communication,21,15,1,14,6,1,5
S01012016,K L M N. Financial real estate professional and administrative activities,68,50,16,34,18,8,10
S01012016,O P Q. Public administration education and health,73,63,27,36,10,6,4
S01012016,R S T U. Other,34,26,7,19,8,5,3
S01012017,All people aged 16 to 74 in employment,250,136,44,92,114,34,80
S01012017,A B D E. Agriculture energy and water,44,19,4,15,25,2,23
S01012017,C. Manufacturing,5,3,0,3,2,1,1
S01012017,F. Construction,18,6,1,5,12,1,11
S01012017,G I. Distribution hotels and restaurants,48,25,8,17,23,6,17
S01012017,H J. Transport and communication,10,6,2,4,4,1,3
S01012017,K L M N. Financial real estate professional and administrative activities,50,30,6,24,20,11,9
S01012017,O P Q. Public administration education and health,55,39,21,18,16,9,7
S01012017,R S T U. Other,20,8,2,6,12,3,9
S01012018,All people aged 16 to 74 in employment,455,326,99,227,129,31,98
S01012018,A B D E. Agriculture energy and water,60,45,8,37,15,2,13
S01012018,C. Manufacturing,25,20,7,13,5,2,3
S01012018,F. Construction,51,26,2,24,25,3,22
S01012018,G I. Distribution hotels and restaurants,115,89,31,58,26,7,19
S01012018,H J. Transport and communication,17,13,2,11,4,1,3
S01012018,K L M N. Financial real estate professional and administrative activities,67,40,11,29,27,8,19
S01012018,O P Q. Public administration education and health,85,68,31,37,17,4,13
S01012018,R S T U. Other,35,25,7,18,10,4,6
S01012019,All people aged 16 to 74 in employment,432,385,93,292,47,9,38
S01012019,A B D E. Agriculture energy and water,5,4,0,4,1,1,0
S01012019,C. Manufacturing,27,25,1,24,2,0,2
S01012019,F. Construction,35,30,3,27,5,0,5
S01012019,G I. Distribution hotels and restaurants,65,53,20,33,12,3,9
S01012019,H J. Transport and communication,30,26,5,21,4,0,4
S01012019,K L M N. Financial real estate professional and administrative activities,77,63,15,48,14,2,12
S01012019,O P Q. Public administration education and health,170,165,41,124,5,2,3
S01012019,R S T U. Other,23,19,8,11,4,1,3
S01012020,All people aged 16 to 74 in employment,301,272,87,185,29,7,22
S01012020,A B D E. Agriculture energy and water,4,3,0,3,1,0,1
S01012020,C. Manufacturing,25,23,4,19,2,0,2
S01012020,F. Construction,25,17,1,16,8,0,8
S01012020,G I. Distribution hotels and restaurants,48,45,21,24,3,1,2
S01012020,H J. Transport and communication,26,21,1,20,5,0,5
S01012020,K L M N. Financial real estate professional and administrative activities,35,28,9,19,7,4,3
S01012020,O P Q. Public administration education and health,120,117,40,77,3,2,1
S01012020,R S T U. Other,18,18,11,7,0,0,0
S01012021,All people aged 16 to 74 in employment,284,246,79,167,38,15,23
S01012021,A B D E. Agriculture energy and water,4,4,0,4,0,0,0
S01012021,C. Manufacturing,18,17,0,17,1,0,1
S01012021,F. Construction,22,20,2,18,2,0,2
S01012021,G I. Distribution hotels and restaurants,58,53,23,30,5,2,3
S01012021,H J. Transport and communication,24,21,3,18,3,1,2
S01012021,K L M N. Financial real estate professional and administrative activities,39,26,8,18,13,4,9
S01012021,O P Q. Public administration education and health,104,95,34,61,9,6,3
S01012021,R S T U. Other,15,10,9,1,5,2,3
S01012022,All people aged 16 to 74 in employment,343,297,83,214,46,12,34
S01012022,A B D E. Agriculture energy and water,5,5,1,4,0,0,0
S01012022,C. Manufacturing,33,31,3,28,2,1,1
S01012022,F. Construction,33,19,2,17,14,1,13
S01012022,G I. Distribution hotels and restaurants,66,57,27,30,9,1,8
S01012022,H J. Transport and communication,28,27,3,24,1,0,1
S01012022,K L M N. Financial real estate professional and administrative activities,39,35,7,28,4,1,3
S01012022,O P Q. Public administration education and health,123,112,37,75,11,6,5
S01012022,R S T U. Other,16,11,3,8,5,2,3
S01012023,All people aged 16 to 74 in employment,292,197,54,143,95,21,74
S01012023,A B D E. Agriculture energy and water,27,3,0,3,24,2,22
S01012023,C. Manufacturing,28,23,4,19,5,3,2
S01012023,F. Construction,24,14,4,10,10,0,10
S01012023,G I. Distribution hotels and restaurants,31,21,8,13,10,2,8
S01012023,H J. Transport and communication,24,19,7,12,5,3,2
S01012023,K L M N. Financial real estate professional and administrative activities,52,31,6,25,21,3,18
S01012023,O P Q. Public administration education and health,84,70,23,47,14,7,7
S01012023,R S T U. Other,22,16,2,14,6,1,5
S01012024,All people aged 16 to 74 in employment,462,401,88,313,61,14,47
S01012024,A B D E. Agriculture energy and water,18,14,3,11,4,1,3
S01012024,C. Manufacturing,42,39,2,37,3,0,3
S01012024,F. Construction,30,23,4,19,7,0,7
S01012024,G I. Distribution hotels and restaurants,53,49,19,30,4,1,3
S01012024,H J. Transport and communication,55,41,5,36,14,3,11
S01012024,K L M N. Financial real estate professional and administrative activities,68,58,15,43,10,1,9
S01012024,O P Q. Public administration education and health,174,165,38,127,9,6,3
S01012024,R S T U. Other,22,12,2,10,10,2,8
S01012025,All people aged 16 to 74 in employment,359,322,88,234,37,9,28
S01012025,A B D E. Agriculture energy and water,6,6,0,6,0,0,0
S01012025,C. Manufacturing,25,23,2,21,2,0,2
S01012025,F. Construction,25,18,0,18,7,1,6
S01012025,G I. Distribution hotels and restaurants,74,68,32,36,6,1,5
S01012025,H J. Transport and communication,37,30,5,25,7,1,6
S01012025,K L M N. Financial real estate professional and administrative activities,50,43,7,36,7,3,4
S01012025,O P Q. Public administration education and health,121,116,32,84,5,1,4
S01012025,R S T U. Other,21,18,10,8,3,2,1
S01012026,All people aged 16 to 74 in employment,356,309,88,221,47,12,35
S01012026,A B D E. Agriculture energy and water,12,10,0,10,2,0,2
S01012026,C. Manufacturing,22,21,4,17,1,0,1
S01012026,F. Construction,27,22,5,17,5,0,5
S01012026,G I. Distribution hotels and restaurants,62,50,23,27,12,2,10
S01012026,H J. Transport and communication,38,33,5,28,5,1,4
S01012026,K L M N. Financial real estate professional and administrative activities,62,57,15,42,5,3,2
S01012026,O P Q. Public administration education and health,122,109,32,77,13,4,9
S01012026,R S T U. Other,11,7,4,3,4,2,2
S01012027,All people aged 16 to 74 in employment,445,368,83,285,77,14,63
S01012027,A B D E. Agriculture energy and water,21,5,0,5,16,1,15
S01012027,C. Manufacturing,41,36,2,34,5,0,5
S01012027,F. Construction,37,28,3,25,9,2,7
S01012027,G I. Distribution hotels and restaurants,78,68,33,35,10,2,8
S01012027,H J. Transport and communication,43,37,4,33,6,1,5
S01012027,K L M N. Financial real estate professional and administrative activities,79,63,9,54,16,2,14
S01012027,O P Q. Public administration education and health,128,118,29,89,10,5,5
S01012027,R S T U. Other,18,13,3,10,5,1,4
S01012028,All people aged 16 to 74 in employment,462,395,107,288,67,20,47
S01012028,A B D E. Agriculture energy and water,9,7,0,7,2,0,2
S01012028,C. Manufacturing,30,28,1,27,2,0,2
S01012028,F. Construction,20,13,2,11,7,1,6
S01012028,G I. Distribution hotels and restaurants,97,82,37,45,15,1,14
S01012028,H J. Transport and communication,56,46,8,38,10,5,5
S01012028,K L M N. Financial real estate professional and administrative activities,97,80,20,60,17,5,12
S01012028,O P Q. Public administration education and health,136,127,35,92,9,5,4
S01012028,R S T U. Other,17,12,4,8,5,3,2
S01012029,All people aged 16 to 74 in employment,544,459,130,329,85,16,69
S01012029,A B D E. Agriculture energy and water,27,16,1,15,11,1,10
S01012029,C. Manufacturing,39,36,2,34,3,0,3
S01012029,F. Construction,41,31,1,30,10,1,9
S01012029,G I. Distribution hotels and restaurants,101,92,47,45,9,1,8
S01012029,H J. Transport and communication,64,47,9,38,17,6,11
S01012029,K L M N. Financial real estate professional and administrative activities,76,59,13,46,17,2,15
S01012029,O P Q. Public administration education and health,173,161,55,106,12,3,9
S01012029,R S T U. Other,23,17,2,15,6,2,4
S01012030,All people aged 16 to 74 in employment,375,290,90,200,85,15,70
S01012030,A B D E. Agriculture energy and water,35,13,2,11,22,0,22
S01012030,C. Manufacturing,37,34,3,31,3,0,3
S01012030,F. Construction,30,15,2,13,15,1,14
S01012030,G I. Distribution hotels and restaurants,62,54,29,25,8,2,6
S01012030,H J. Transport and communication,28,20,3,17,8,0,8
S01012030,K L M N. Financial real estate professional and administrative activities,51,33,11,22,18,5,13
S01012030,O P Q. Public administration education and health,107,102,29,73,5,4,1
S01012030,R S T U. Other,25,19,11,8,6,3,3
S01012031,All people aged 16 to 74 in employment,256,207,55,152,49,12,37
S01012031,A B D E. Agriculture energy and water,7,7,0,7,0,0,0
S01012031,C. Manufacturing,20,16,1,15,4,1,3
S01012031,F. Construction,28,18,6,12,10,1,9
S01012031,G I. Distribution hotels and restaurants,35,27,14,13,8,3,5
S01012031,H J. Transport and communication,19,15,2,13,4,1,3
S01012031,K L M N. Financial real estate professional and administrative activities,53,42,8,34,11,3,8
S01012031,O P Q. Public administration education and health,83,75,24,51,8,3,5
S01012031,R S T U. Other,11,7,0,7,4,0,4
S01012032,All people aged 16 to 74 in employment,192,144,46,98,48,8,40
S01012032,A B D E. Agriculture energy and water,18,3,0,3,15,2,13
S01012032,C. Manufacturing,19,14,2,12,5,0,5
S01012032,F. Construction,11,6,0,6,5,0,5
S01012032,G I. Distribution hotels and restaurants,29,26,13,13,3,0,3
S01012032,H J. Transport and communication,11,9,3,6,2,1,1
S01012032,K L M N. Financial real estate professional and administrative activities,36,25,5,20,11,2,9
S01012032,O P Q. Public administration education and health,57,53,18,35,4,3,1
S01012032,R S T U. Other,11,8,5,3,3,0,3
S01012033,All people aged 16 to 74 in employment,388,352,96,256,36,10,26
S01012033,A B D E. Agriculture energy and water,4,4,1,3,0,0,0
S01012033,C. Manufacturing,35,33,2,31,2,0,2
S01012033,F. Construction,43,33,5,28,10,3,7
S01012033,G I. Distribution hotels and restaurants,76,68,37,31,8,2,6
S01012033,H J. Transport and communication,26,23,7,16,3,1,2
S01012033,K L M N. Financial real estate professional and administrative activities,49,40,8,32,9,3,6
S01012033,O P Q. Public administration education and health,142,141,32,109,1,1,0
S01012033,R S T U. Other,13,10,4,6,3,0,3
S01012034,All people aged 16 to 74 in employment,383,330,87,243,53,15,38
S01012034,A B D E. Agriculture energy and water,6,5,0,5,1,1,0
S01012034,C. Manufacturing,36,33,2,31,3,0,3
S01012034,F. Construction,29,20,1,19,9,1,8
S01012034,G I. Distribution hotels and restaurants,56,49,24,25,7,2,5
S01012034,H J. Transport and communication,44,39,3,36,5,1,4
S01012034,K L M N. Financial real estate professional and administrative activities,66,53,15,38,13,4,9
S01012034,O P Q. Public administration education and health,126,118,41,77,8,2,6
S01012034,R S T U. Other,20,13,1,12,7,4,3
S01012035,All people aged 16 to 74 in employment,429,367,98,269,62,23,39
S01012035,A B D E. Agriculture energy and water,12,9,2,7,3,2,1
S01012035,C. Manufacturing,29,24,4,20,5,0,5
S01012035,F. Construction,43,34,1,33,9,1,8
S01012035,G I. Distribution hotels and restaurants,83,73,32,41,10,4,6
S01012035,H J. Transport and communication,35,29,5,24,6,1,5
S01012035,K L M N. Financial real estate professional and administrative activities,68,51,7,44,17,9,8
S01012035,O P Q. Public administration education and health,140,133,43,90,7,2,5
S01012035,R S T U. Other,19,14,4,10,5,4,1
S01012036,All people aged 16 to 74 in employment,401,360,97,263,41,11,30
S01012036,A B D E. Agriculture energy and water,12,10,0,10,2,0,2
S01012036,C. Manufacturing,30,27,1,26,3,0,3
S01012036,F. Construction,32,24,2,22,8,1,7
S01012036,G I. Distribution hotels and restaurants,68,64,34,30,4,2,2
S01012036,H J. Transport and communication,32,29,5,24,3,1,2
S01012036,K L M N. Financial real estate professional and administrative activities,61,52,9,43,9,2,7
S01012036,O P Q. Public administration education and health,149,142,38,104,7,4,3
S01012036,R S T U. Other,17,12,8,4,5,1,4
S01012037,All people aged 16 to 74 in employment,377,358,84,274,19,5,14
S01012037,A B D E. Agriculture energy and water,4,4,0,4,0,0,0
S01012037,C. Manufacturing,48,48,1,47,0,0,0
S01012037,F. Construction,19,18,0,18,1,0,1
S01012037,G I. Distribution hotels and restaurants,93,92,37,55,1,0,1
S01012037,H J. Transport and communication,44,36,3,33,8,0,8
S01012037,K L M N. Financial real estate professional and administrative activities,45,41,8,33,4,1,3
S01012037,O P Q. Public administration education and health,105,101,31,70,4,3,1
S01012037,R S T U. Other,19,18,4,14,1,1,0
S01012038,All people aged 16 to 74 in employment,285,263,99,164,22,8,14
S01012038,A B D E. Agriculture energy and water,5,5,1,4,0,0,0
S01012038,C. Manufacturing,33,33,3,30,0,0,0
S01012038,F. Construction,18,10,1,9,8,1,7
S01012038,G I. Distribution hotels and restaurants,76,75,41,34,1,0,1
S01012038,H J. Transport and communication,26,19,3,16,7,2,5
S01012038,K L M N. Financial real estate professional and administrative activities,39,36,12,24,3,3,0
S01012038,O P Q. Public administration education and health,72,71,33,38,1,0,1
S01012038,R S T U. Other,16,14,5,9,2,2,0
S01012039,All people aged 16 to 74 in employment,390,358,110,248,32,9,23
S01012039,A B D E. Agriculture energy and water,5,5,0,5,0,0,0
S01012039,C. Manufacturing,45,45,3,42,0,0,0
S01012039,F. Construction,37,28,0,28,9,0,9
S01012039,G I. Distribution hotels and restaurants,75,70,34,36,5,2,3
S01012039,H J. Transport and communication,42,34,7,27,8,2,6
S01012039,K L M N. Financial real estate professional and administrative activities,39,35,10,25,4,3,1
S01012039,O P Q. Public administration education and health,123,120,48,72,3,1,2
S01012039,R S T U. Other,24,21,8,13,3,1,2
S01012040,All people aged 16 to 74 in employment,364,330,82,248,34,7,27
S01012040,A B D E. Agriculture energy and water,7,7,1,6,0,0,0
S01012040,C. Manufacturing,24,24,0,24,0,0,0
S01012040,F. Construction,40,28,1,27,12,1,11
S01012040,G I. Distribution hotels and restaurants,62,59,27,32,3,0,3
S01012040,H J. Transport and communication,31,24,3,21,7,1,6
S01012040,K L M N. Financial real estate professional and administrative activities,51,46,9,37,5,2,3
S01012040,O P Q. Public administration education and health,131,125,35,90,6,3,3
S01012040,R S T U. Other,18,17,6,11,1,0,1
S01012041,All people aged 16 to 74 in employment,397,366,101,265,31,9,22
S01012041,A B D E. Agriculture energy and water,6,5,0,5,1,0,1
S01012041,C. Manufacturing,41,39,2,37,2,1,1
S01012041,F. Construction,27,17,1,16,10,0,10
S01012041,G I. Distribution hotels and restaurants,91,88,38,50,3,1,2
S01012041,H J. Transport and communication,34,30,4,26,4,1,3
S01012041,K L M N. Financial real estate professional and administrative activities,43,38,9,29,5,2,3
S01012041,O P Q. Public administration education and health,131,128,43,85,3,2,1
S01012041,R S T U. Other,24,21,4,17,3,2,1
S01012042,All people aged 16 to 74 in employment,417,376,111,265,41,11,30
S01012042,A B D E. Agriculture energy and water,10,10,0,10,0,0,0
S01012042,C. Manufacturing,39,38,7,31,1,0,1
S01012042,F. Construction,35,25,1,24,10,2,8
S01012042,G I. Distribution hotels and restaurants,96,90,44,46,6,1,5
S01012042,H J. Transport and communication,40,34,3,31,6,0,6
S01012042,K L M N. Financial real estate professional and administrative activities,55,49,10,39,6,2,4
S01012042,O P Q. Public administration education and health,125,120,42,78,5,4,1
S01012042,R S T U. Other,17,10,4,6,7,2,5
S01012043,All people aged 16 to 74 in employment,363,337,114,223,26,6,20
S01012043,A B D E. Agriculture energy and water,6,5,0,5,1,0,1
S01012043,C. Manufacturing,42,40,2,38,2,0,2
S01012043,F. Construction,22,18,0,18,4,0,4
S01012043,G I. Distribution hotels and restaurants,88,84,46,38,4,1,3
S01012043,H J. Transport and communication,30,26,9,17,4,0,4
S01012043,K L M N. Financial real estate professional and administrative activities,42,40,12,28,2,2,0
S01012043,O P Q. Public administration education and health,110,104,34,70,6,2,4
S01012043,R S T U. Other,23,20,11,9,3,1,2
S01012044,All people aged 16 to 74 in employment,301,279,76,203,22,6,16
S01012044,A B D E. Agriculture energy and water,7,7,0,7,0,0,0
S01012044,C. Manufacturing,29,28,4,24,1,0,1
S01012044,F. Construction,32,21,0,21,11,2,9
S01012044,G I. Distribution hotels and restaurants,53,52,25,27,1,1,0
S01012044,H J. Transport and communication,28,25,5,20,3,0,3
S01012044,K L M N. Financial real estate professional and administrative activities,39,38,9,29,1,0,1
S01012044,O P Q. Public administration education and health,96,93,26,67,3,2,1
S01012044,R S T U. Other,17,15,7,8,2,1,1
S01012045,All people aged 16 to 74 in employment,490,453,116,337,37,7,30
S01012045,A B D E. Agriculture energy and water,10,10,0,10,0,0,0
S01012045,C. Manufacturing,42,42,3,39,0,0,0
S01012045,F. Construction,52,43,2,41,9,1,8
S01012045,G I. Distribution hotels and restaurants,123,114,57,57,9,1,8
S01012045,H J. Transport and communication,52,45,9,36,7,4,3
S01012045,K L M N. Financial real estate professional and administrative activities,68,63,6,57,5,0,5
S01012045,O P Q. Public administration education and health,115,113,35,78,2,0,2
S01012045,R S T U. Other,28,23,4,19,5,1,4
S01012046,All people aged 16 to 74 in employment,244,230,70,160,14,2,12
S01012046,A B D E. Agriculture energy and water,6,6,0,6,0,0,0
S01012046,C. Manufacturing,27,27,4,23,0,0,0
S01012046,F. Construction,10,8,0,8,2,0,2
S01012046,G I. Distribution hotels and restaurants,65,62,27,35,3,0,3
S01012046,H J. Transport and communication,24,22,4,18,2,0,2
S01012046,K L M N. Financial real estate professional and administrative activities,21,19,1,18,2,1,1
S01012046,O P Q. Public administration education and health,76,73,26,47,3,0,3
S01012046,R S T U. Other,15,13,8,5,2,1,1
S01012047,All people aged 16 to 74 in employment,350,323,91,232,27,7,20
S01012047,A B D E. Agriculture energy and water,8,7,0,7,1,0,1
S01012047,C. Manufacturing,38,37,4,33,1,1,0
S01012047,F. Construction,26,15,3,12,11,1,10
S01012047,G I. Distribution hotels and restaurants,68,64,25,39,4,1,3
S01012047,H J. Transport and communication,44,37,8,29,7,2,5
S01012047,K L M N. Financial real estate professional and administrative activities,46,43,10,33,3,2,1
S01012047,O P Q. Public administration education and health,107,107,37,70,0,0,0
S01012047,R S T U. Other,13,13,4,9,0,0,0
S01012048,All people aged 16 to 74 in employment,266,250,63,187,16,3,13
S01012048,A B D E. Agriculture energy and water,10,10,0,10,0,0,0
S01012048,C. Manufacturing,29,29,0,29,0,0,0
S01012048,F. Construction,13,10,0,10,3,0,3
S01012048,G I. Distribution hotels and restaurants,56,53,22,31,3,0,3
S01012048,H J. Transport and communication,35,30,6,24,5,2,3
S01012048,K L M N. Financial real estate professional and administrative activities,34,30,6,24,4,0,4
S01012048,O P Q. Public administration education and health,76,75,25,50,1,1,0
S01012048,R S T U. Other,13,13,4,9,0,0,0
S01012049,All people aged 16 to 74 in employment,333,305,75,230,28,9,19
S01012049,A B D E. Agriculture energy and water,7,6,1,5,1,0,1
S01012049,C. Manufacturing,29,27,4,23,2,0,2
S01012049,F. Construction,25,20,1,19,5,0,5
S01012049,G I. Distribution hotels and restaurants,51,49,26,23,2,1,1
S01012049,H J. Transport and communication,40,30,4,26,10,3,7
S01012049,K L M N. Financial real estate professional and administrative activities,51,50,5,45,1,0,1
S01012049,O P Q. Public administration education and health,121,115,31,84,6,4,2
S01012049,R S T U. Other,9,8,3,5,1,1,0
S01012050,All people aged 16 to 74 in employment,541,501,129,372,40,7,33
S01012050,A B D E. Agriculture energy and water,9,8,1,7,1,0,1
S01012050,C. Manufacturing,61,58,6,52,3,0,3
S01012050,F. Construction,51,39,0,39,12,1,11
S01012050,G I. Distribution hotels and restaurants,96,92,35,57,4,0,4
S01012050,H J. Transport and communication,53,47,10,37,6,2,4
S01012050,K L M N. Financial real estate professional and administrative activities,77,72,15,57,5,1,4
S01012050,O P Q. Public administration education and health,166,163,50,113,3,1,2
S01012050,R S T U. Other,28,22,12,10,6,2,4
S01012051,All people aged 16 to 74 in employment,228,199,54,145,29,6,23
S01012051,A B D E. Agriculture energy and water,5,5,1,4,0,0,0
S01012051,C. Manufacturing,18,17,4,13,1,0,1
S01012051,F. Construction,18,11,0,11,7,0,7
S01012051,G I. Distribution hotels and restaurants,36,34,18,16,2,0,2
S01012051,H J. Transport and communication,22,19,4,15,3,0,3
S01012051,K L M N. Financial real estate professional and administrative activities,40,34,6,28,6,1,5
S01012051,O P Q. Public administration education and health,76,70,18,52,6,3,3
S01012051,R S T U. Other,13,9,3,6,4,2,2
S01012052,All people aged 16 to 74 in employment,424,399,103,296,25,5,20
S01012052,A B D E. Agriculture energy and water,6,5,0,5,1,0,1
S01012052,C. Manufacturing,39,36,3,33,3,1,2
S01012052,F. Construction,31,29,5,24,2,1,1
S01012052,G I. Distribution hotels and restaurants,101,96,41,55,5,0,5
S01012052,H J. Transport and communication,46,39,8,31,7,0,7
S01012052,K L M N. Financial real estate professional and administrative activities,62,59,14,45,3,2,1
S01012052,O P Q. Public administration education and health,126,125,29,96,1,1,0
S01012052,R S T U. Other,13,10,3,7,3,0,3
S01012053,All people aged 16 to 74 in employment,369,350,87,263,19,8,11
S01012053,A B D E. Agriculture energy and water,4,4,0,4,0,0,0
S01012053,C. Manufacturing,33,30,5,25,3,0,3
S01012053,F. Construction,18,16,3,13,2,0,2
S01012053,G I. Distribution hotels and restaurants,85,81,41,40,4,3,1
S01012053,H J. Transport and communication,40,38,4,34,2,1,1
S01012053,K L M N. Financial real estate professional and administrative activities,54,48,4,44,6,3,3
S01012053,O P Q. Public administration education and health,121,119,29,90,2,1,1
S01012053,R S T U. Other,14,14,1,13,0,0,0
S01012054,All people aged 16 to 74 in employment,328,305,95,210,23,10,13
S01012054,A B D E. Agriculture energy and water,9,8,0,8,1,0,1
S01012054,C. Manufacturing,38,37,3,34,1,0,1
S01012054,F. Construction,18,13,0,13,5,2,3
S01012054,G I. Distribution hotels and restaurants,93,91,39,52,2,0,2
S01012054,H J. Transport and communication,43,36,9,27,7,4,3
S01012054,K L M N. Financial real estate professional and administrative activities,22,19,7,12,3,1,2
S01012054,O P Q. Public administration education and health,89,87,31,56,2,1,1
S01012054,R S T U. Other,16,14,6,8,2,2,0
S01012055,All people aged 16 to 74 in employment,359,336,96,240,23,5,18
S01012055,A B D E. Agriculture energy and water,7,6,0,6,1,1,0
S01012055,C. Manufacturing,50,47,1,46,3,1,2
S01012055,F. Construction,26,24,1,23,2,0,2
S01012055,G I. Distribution hotels and restaurants,72,71,34,37,1,0,1
S01012055,H J. Transport and communication,45,36,6,30,9,1,8
S01012055,K L M N. Financial real estate professional and administrative activities,45,43,13,30,2,0,2
S01012055,O P Q. Public administration education and health,99,97,37,60,2,2,0
S01012055,R S T U. Other,15,12,4,8,3,0,3
S01012056,All people aged 16 to 74 in employment,362,320,85,235,42,12,30
S01012056,A B D E. Agriculture energy and water,8,8,1,7,0,0,0
S01012056,C. Manufacturing,33,31,2,29,2,0,2
S01012056,F. Construction,31,19,1,18,12,2,10
S01012056,G I. Distribution hotels and restaurants,61,55,24,31,6,4,2
S01012056,H J. Transport and communication,25,20,1,19,5,1,4
S01012056,K L M N. Financial real estate professional and administrative activities,46,41,11,30,5,0,5
S01012056,O P Q. Public administration education and health,138,130,38,92,8,3,5
S01012056,R S T U. Other,20,16,7,9,4,2,2
S01012057,All people aged 16 to 74 in employment,390,359,107,252,31,4,27
S01012057,A B D E. Agriculture energy and water,13,13,2,11,0,0,0
S01012057,C. Manufacturing,29,28,2,26,1,0,1
S01012057,F. Construction,29,23,1,22,6,0,6
S01012057,G I. Distribution hotels and restaurants,72,62,34,28,10,2,8
S01012057,H J. Transport and communication,38,35,2,33,3,0,3
S01012057,K L M N. Financial real estate professional and administrative activities,60,54,15,39,6,0,6
S01012057,O P Q. Public administration education and health,134,133,47,86,1,0,1
S01012057,R S T U. Other,15,11,4,7,4,2,2
S01012058,All people aged 16 to 74 in employment,361,313,90,223,48,9,39
S01012058,A B D E. Agriculture energy and water,10,9,1,8,1,0,1
S01012058,C. Manufacturing,27,26,2,24,1,0,1
S01012058,F. Construction,30,22,2,20,8,0,8
S01012058,G I. Distribution hotels and restaurants,63,50,28,22,13,0,13
S01012058,H J. Transport and communication,35,28,4,24,7,0,7
S01012058,K L M N. Financial real estate professional and administrative activities,59,47,8,39,12,5,7
S01012058,O P Q. Public administration education and health,116,113,38,75,3,2,1
S01012058,R S T U. Other,21,18,7,11,3,2,1
S01012059,All people aged 16 to 74 in employment,365,327,116,211,38,12,26
S01012059,A B D E. Agriculture energy and water,13,13,0,13,0,0,0
S01012059,C. Manufacturing,33,30,5,25,3,0,3
S01012059,F. Construction,31,20,3,17,11,0,11
S01012059,G I. Distribution hotels and restaurants,77,74,33,41,3,1,2
S01012059,H J. Transport and communication,31,20,4,16,11,5,6
S01012059,K L M N. Financial real estate professional and administrative activities,47,46,18,28,1,1,0
S01012059,O P Q. Public administration education and health,107,102,46,56,5,3,2
S01012059,R S T U. Other,26,22,7,15,4,2,2
S01012060,All people aged 16 to 74 in employment,364,331,88,243,33,8,25
S01012060,A B D E. Agriculture energy and water,8,8,0,8,0,0,0
S01012060,C. Manufacturing,24,22,1,21,2,0,2
S01012060,F. Construction,26,22,2,20,4,0,4
S01012060,G I. Distribution hotels and restaurants,77,70,28,42,7,1,6
S01012060,H J. Transport and communication,37,31,3,28,6,2,4
S01012060,K L M N. Financial real estate professional and administrative activities,54,48,15,33,6,3,3
S01012060,O P Q. Public administration education and health,114,113,30,83,1,0,1
S01012060,R S T U. Other,24,17,9,8,7,2,5
S01012061,All people aged 16 to 74 in employment,480,440,106,334,40,12,28
S01012061,A B D E. Agriculture energy and water,5,5,0,5,0,0,0
S01012061,C. Manufacturing,40,38,0,38,2,0,2
S01012061,F. Construction,43,34,0,34,9,1,8
S01012061,G I. Distribution hotels and restaurants,87,82,34,48,5,0,5
S01012061,H J. Transport and communication,54,48,5,43,6,1,5
S01012061,K L M N. Financial real estate professional and administrative activities,72,65,11,54,7,5,2
S01012061,O P Q. Public administration education and health,159,151,52,99,8,4,4
S01012061,R S T U. Other,20,17,4,13,3,1,2
S01012062,All people aged 16 to 74 in employment,486,433,122,311,53,11,42
S01012062,A B D E. Agriculture energy and water,8,8,0,8,0,0,0
S01012062,C. Manufacturing,45,43,4,39,2,0,2
S01012062,F. Construction,36,28,1,27,8,1,7
S01012062,G I. Distribution hotels and restaurants,118,109,52,57,9,2,7
S01012062,H J. Transport and communication,49,35,9,26,14,2,12
S01012062,K L M N. Financial real estate professional and administrative activities,59,51,13,38,8,1,7
S01012062,O P Q. Public administration education and health,152,146,34,112,6,4,2
S01012062,R S T U. Other,19,13,9,4,6,1,5
S01012063,All people aged 16 to 74 in employment,288,258,59,199,30,6,24
S01012063,A B D E. Agriculture energy and water,2,2,0,2,0,0,0
S01012063,C. Manufacturing,28,27,0,27,1,0,1
S01012063,F. Construction,29,19,0,19,10,1,9
S01012063,G I. Distribution hotels and restaurants,65,57,22,35,8,2,6
S01012063,H J. Transport and communication,35,29,4,25,6,2,4
S01012063,K L M N. Financial real estate professional and administrative activities,32,30,8,22,2,1,1
S01012063,O P Q. Public administration education and health,88,86,25,61,2,0,2
S01012063,R S T U. Other,9,8,0,8,1,0,1
S01012064,All people aged 16 to 74 in employment,194,185,67,118,9,5,4
S01012064,A B D E. Agriculture energy and water,2,2,1,1,0,0,0
S01012064,C. Manufacturing,14,14,3,11,0,0,0
S01012064,F. Construction,15,12,2,10,3,0,3
S01012064,G I. Distribution hotels and restaurants,44,42,20,22,2,2,0
S01012064,H J. Transport and communication,30,28,5,23,2,1,1
S01012064,K L M N. Financial real estate professional and administrative activities,31,30,12,18,1,1,0
S01012064,O P Q. Public administration education and health,49,49,21,28,0,0,0
S01012064,R S T U. Other,9,8,3,5,1,1,0
S01012065,All people aged 16 to 74 in employment,158,149,75,74,9,2,7
S01012065,A B D E. Agriculture energy and water,1,1,0,1,0,0,0
S01012065,C. Manufacturing,7,6,0,6,1,0,1
S01012065,F. Construction,10,7,2,5,3,0,3
S01012065,G I. Distribution hotels and restaurants,43,43,27,16,0,0,0
S01012065,H J. Transport and communication,15,14,8,6,1,0,1
S01012065,K L M N. Financial real estate professional and administrative activities,24,24,9,15,0,0,0
S01012065,O P Q. Public administration education and health,48,46,24,22,2,1,1
S01012065,R S T U. Other,10,8,5,3,2,1,1
S01012066,All people aged 16 to 74 in employment,360,339,106,233,21,8,13
S01012066,A B D E. Agriculture energy and water,6,6,0,6,0,0,0
S01012066,C. Manufacturing,37,37,2,35,0,0,0
S01012066,F. Construction,18,17,1,16,1,0,1
S01012066,G I. Distribution hotels and restaurants,104,98,48,50,6,4,2
S01012066,H J. Transport and communication,34,29,2,27,5,0,5
S01012066,K L M N. Financial real estate professional and administrative activities,40,37,12,25,3,2,1
S01012066,O P Q. Public administration education and health,104,100,35,65,4,1,3
S01012066,R S T U. Other,17,15,6,9,2,1,1
S01012067,All people aged 16 to 74 in employment,180,171,67,104,9,4,5
S01012067,A B D E. Agriculture energy and water,4,4,1,3,0,0,0
S01012067,C. Manufacturing,7,7,0,7,0,0,0
S01012067,F. Construction,15,12,1,11,3,0,3
S01012067,G I. Distribution hotels and restaurants,44,43,22,21,1,1,0
S01012067,H J. Transport and communication,18,16,1,15,2,0,2
S01012067,K L M N. Financial real estate professional and administrative activities,35,33,12,21,2,2,0
S01012067,O P Q. Public administration education and health,46,45,26,19,1,1,0
S01012067,R S T U. Other,11,11,4,7,0,0,0
S01012068,All people aged 16 to 74 in employment,127,121,55,66,6,3,3
S01012068,A B D E. Agriculture energy and water,2,2,0,2,0,0,0
S01012068,C. Manufacturing,11,11,3,8,0,0,0
S01012068,F. Construction,8,8,0,8,0,0,0
S01012068,G I. Distribution hotels and restaurants,36,36,18,18,0,0,0
S01012068,H J. Transport and communication,17,15,3,12,2,1,1
S01012068,K L M N. Financial real estate professional and administrative activities,13,13,6,7,0,0,0
S01012068,O P Q. Public administration education and health,31,30,20,10,1,0,1
S01012068,R S T U. Other,9,6,5,1,3,2,1
S01012069,All people aged 16 to 74 in employment,179,164,43,121,15,3,12
S01012069,A B D E. Agriculture energy and water,3,3,0,3,0,0,0
S01012069,C. Manufacturing,11,10,0,10,1,0,1
S01012069,F. Construction,12,7,0,7,5,0,5
S01012069,G I. Distribution hotels and restaurants,47,46,18,28,1,0,1
S01012069,H J. Transport and communication,12,9,2,7,3,0,3
S01012069,K L M N. Financial real estate professional and administrative activities,28,24,11,13,4,3,1
S01012069,O P Q. Public administration education and health,56,56,10,46,0,0,0
S01012069,R S T U. Other,10,9,2,7,1,0,1
S01012070,All people aged 16 to 74 in employment,250,234,69,165,16,6,10
S01012070,A B D E. Agriculture energy and water,2,2,0,2,0,0,0
S01012070,C. Manufacturing,30,30,1,29,0,0,0
S01012070,F. Construction,16,13,1,12,3,1,2
S01012070,G I. Distribution hotels and restaurants,70,64,30,34,6,1,5
S01012070,H J. Transport and communication,21,17,1,16,4,2,2
S01012070,K L M N. Financial real estate professional and administrative activities,43,43,18,25,0,0,0
S01012070,O P Q. Public administration education and health,52,49,14,35,3,2,1
S01012070,R S T U. Other,16,16,4,12,0,0,0
S01012071,All people aged 16 to 74 in employment,425,389,117,272,36,9,27
S01012071,A B D E. Agriculture energy and water,12,12,0,12,0,0,0
S01012071,C. Manufacturing,44,43,2,41,1,0,1
S01012071,F. Construction,28,20,1,19,8,1,7
S01012071,G I. Distribution hotels and restaurants,99,92,43,49,7,3,4
S01012071,H J. Transport and communication,40,36,8,28,4,2,2
S01012071,K L M N. Financial real estate professional and administrative activities,67,61,12,49,6,1,5
S01012071,O P Q. Public administration education and health,112,108,44,64,4,1,3
S01012071,R S T U. Other,23,17,7,10,6,1,5
S01012072,All people aged 16 to 74 in employment,435,401,117,284,34,8,26
S01012072,A B D E. Agriculture energy and water,3,3,1,2,0,0,0
S01012072,C. Manufacturing,36,35,5,30,1,1,0
S01012072,F. Construction,27,21,2,19,6,0,6
S01012072,G I. Distribution hotels and restaurants,92,86,36,50,6,1,5
S01012072,H J. Transport and communication,48,41,7,34,7,1,6
S01012072,K L M N. Financial real estate professional and administrative activities,86,79,18,61,7,3,4
S01012072,O P Q. Public administration education and health,119,116,44,72,3,1,2
S01012072,R S T U. Other,24,20,4,16,4,1,3
S01012073,All people aged 16 to 74 in employment,380,352,63,289,28,6,22
S01012073,A B D E. Agriculture energy and water,11,10,0,10,1,0,1
S01012073,C. Manufacturing,44,44,0,44,0,0,0
S01012073,F. Construction,37,31,4,27,6,1,5
S01012073,G I. Distribution hotels and restaurants,74,69,25,44,5,0,5
S01012073,H J. Transport and communication,38,34,4,30,4,1,3
S01012073,K L M N. Financial real estate professional and administrative activities,55,50,7,43,5,2,3
S01012073,O P Q. Public administration education and health,109,106,22,84,3,0,3
S01012073,R S T U. Other,12,8,1,7,4,2,2
S01012074,All people aged 16 to 74 in employment,415,377,86,291,38,4,34
S01012074,A B D E. Agriculture energy and water,10,9,1,8,1,0,1
S01012074,C. Manufacturing,32,30,3,27,2,0,2
S01012074,F. Construction,39,28,2,26,11,1,10
S01012074,G I. Distribution hotels and restaurants,74,68,22,46,6,0,6
S01012074,H J. Transport and communication,35,30,4,26,5,0,5
S01012074,K L M N. Financial real estate professional and administrative activities,64,56,12,44,8,2,6
S01012074,O P Q. Public administration education and health,144,144,39,105,0,0,0
S01012074,R S T U. Other,17,12,3,9,5,1,4
S01012075,All people aged 16 to 74 in employment,447,400,104,296,47,8,39
S01012075,A B D E. Agriculture energy and water,13,10,0,10,3,0,3
S01012075,C. Manufacturing,44,41,4,37,3,0,3
S01012075,F. Construction,41,29,1,28,12,1,11
S01012075,G I. Distribution hotels and restaurants,65,61,24,37,4,1,3
S01012075,H J. Transport and communication,44,36,9,27,8,1,7
S01012075,K L M N. Financial real estate professional and administrative activities,70,61,13,48,9,2,7
S01012075,O P Q. Public administration education and health,152,147,48,99,5,2,3
S01012075,R S T U. Other,18,15,5,10,3,1,2
S01012076,All people aged 16 to 74 in employment,363,332,78,254,31,6,25
S01012076,A B D E. Agriculture energy and water,6,6,1,5,0,0,0
S01012076,C. Manufacturing,36,31,2,29,5,1,4
S01012076,F. Construction,29,22,2,20,7,0,7
S01012076,G I. Distribution hotels and restaurants,72,70,23,47,2,0,2
S01012076,H J. Transport and communication,31,20,3,17,11,4,7
S01012076,K L M N. Financial real estate professional and administrative activities,49,45,3,42,4,1,3
S01012076,O P Q. Public administration education and health,122,121,35,86,1,0,1
S01012076,R S T U. Other,18,17,9,8,1,0,1
S01012077,All people aged 16 to 74 in employment,342,325,85,240,17,4,13
S01012077,A B D E. Agriculture energy and water,7,7,0,7,0,0,0
S01012077,C. Manufacturing,23,23,0,23,0,0,0
S01012077,F. Construction,28,21,0,21,7,1,6
S01012077,G I. Distribution hotels and restaurants,70,67,25,42,3,2,1
S01012077,H J. Transport and communication,32,29,7,22,3,0,3
S01012077,K L M N. Financial real estate professional and administrative activities,45,45,18,27,0,0,0
S01012077,O P Q. Public administration education and health,127,125,33,92,2,0,2
S01012077,R S T U. Other,10,8,2,6,2,1,1
S01012078,All people aged 16 to 74 in employment,473,439,116,323,34,7,27
S01012078,A B D E. Agriculture energy and water,10,10,1,9,0,0,0
S01012078,C. Manufacturing,47,43,11,32,4,0,4
S01012078,F. Construction,32,28,4,24,4,0,4
S01012078,G I. Distribution hotels and restaurants,94,87,39,48,7,2,5
S01012078,H J. Transport and communication,45,38,1,37,7,0,7
S01012078,K L M N. Financial real estate professional and administrative activities,59,56,10,46,3,0,3
S01012078,O P Q. Public administration education and health,165,161,47,114,4,2,2
S01012078,R S T U. Other,21,16,3,13,5,3,2
S01012079,All people aged 16 to 74 in employment,384,352,111,241,32,10,22
S01012079,A B D E. Agriculture energy and water,6,6,1,5,0,0,0
S01012079,C. Manufacturing,34,31,2,29,3,0,3
S01012079,F. Construction,30,20,1,19,10,3,7
S01012079,G I. Distribution hotels and restaurants,79,76,32,44,3,1,2
S01012079,H J. Transport and communication,37,31,9,22,6,2,4
S01012079,K L M N. Financial real estate professional and administrative activities,43,40,10,30,3,1,2
S01012079,O P Q. Public administration education and health,128,124,48,76,4,3,1
S01012079,R S T U. Other,27,24,8,16,3,0,3
S01012080,All people aged 16 to 74 in employment,312,294,108,186,18,4,14
S01012080,A B D E. Agriculture energy and water,4,4,0,4,0,0,0
S01012080,C. Manufacturing,27,27,2,25,0,0,0
S01012080,F. Construction,22,17,3,14,5,0,5
S01012080,G I. Distribution hotels and restaurants,81,80,43,37,1,1,0
S01012080,H J. Transport and communication,32,26,6,20,6,1,5
S01012080,K L M N. Financial real estate professional and administrative activities,30,30,9,21,0,0,0
S01012080,O P Q. Public administration education and health,106,101,43,58,5,2,3
S01012080,R S T U. Other,10,9,2,7,1,0,1
S01012081,All people aged 16 to 74 in employment,287,266,84,182,21,4,17
S01012081,A B D E. Agriculture energy and water,7,6,0,6,1,0,1
S01012081,C. Manufacturing,39,39,1,38,0,0,0
S01012081,F. Construction,21,15,0,15,6,0,6
S01012081,G I. Distribution hotels and restaurants,69,69,33,36,0,0,0
S01012081,H J. Transport and communication,37,31,6,25,6,1,5
S01012081,K L M N. Financial real estate professional and administrative activities,35,32,8,24,3,0,3
S01012081,O P Q. Public administration education and health,69,68,32,36,1,1,0
S01012081,R S T U. Other,10,6,4,2,4,2,2
S01012082,All people aged 16 to 74 in employment,242,229,66,163,13,5,8
S01012082,A B D E. Agriculture energy and water,2,2,0,2,0,0,0
S01012082,C. Manufacturing,17,16,0,16,1,1,0
S01012082,F. Construction,23,18,0,18,5,1,4
S01012082,G I. Distribution hotels and restaurants,52,51,20,31,1,1,0
S01012082,H J. Transport and communication,25,21,4,17,4,1,3
S01012082,K L M N. Financial real estate professional and administrative activities,31,30,5,25,1,0,1
S01012082,O P Q. Public administration education and health,79,78,30,48,1,1,0
S01012082,R S T U. Other,13,13,7,6,0,0,0
S01012083,All people aged 16 to 74 in employment,268,253,58,195,15,4,11
S01012083,A B D E. Agriculture energy and water,5,5,0,5,0,0,0
S01012083,C. Manufacturing,19,19,1,18,0,0,0
S01012083,F. Construction,20,17,1,16,3,1,2
S01012083,G I. Distribution hotels and restaurants,56,54,19,35,2,1,1
S01012083,H J. Transport and communication,30,24,2,22,6,1,5
S01012083,K L M N. Financial real estate professional and administrative activities,30,27,6,21,3,1,2
S01012083,O P Q. Public administration education and health,98,98,24,74,0,0,0
S01012083,R S T U. Other,10,9,5,4,1,0,1
S01012084,All people aged 16 to 74 in employment,312,286,78,208,26,7,19
S01012084,A B D E. Agriculture energy and water,6,6,2,4,0,0,0
S01012084,C. Manufacturing,35,33,2,31,2,0,2
S01012084,F. Construction,27,22,3,19,5,0,5
S01012084,G I. Distribution hotels and restaurants,56,56,23,33,0,0,0
S01012084,H J. Transport and communication,26,18,2,16,8,1,7
S01012084,K L M N. Financial real estate professional and administrative activities,44,38,8,30,6,2,4
S01012084,O P Q. Public administration education and health,99,96,32,64,3,2,1
S01012084,R S T U. Other,19,17,6,11,2,2,0
S01012085,All people aged 16 to 74 in employment,363,341,87,254,22,5,17
S01012085,A B D E. Agriculture energy and water,5,4,0,4,1,1,0
S01012085,C. Manufacturing,45,44,2,42,1,0,1
S01012085,F. Construction,36,29,2,27,7,1,6
S01012085,G I. Distribution hotels and restaurants,64,62,30,32,2,0,2
S01012085,H J. Transport and communication,40,37,5,32,3,0,3
S01012085,K L M N. Financial real estate professional and administrative activities,52,47,8,39,5,2,3
S01012085,O P Q. Public administration education and health,106,103,33,70,3,1,2
S01012085,R S T U. Other,15,15,7,8,0,0,0
S01012086,All people aged 16 to 74 in employment,386,371,105,266,15,3,12
S01012086,A B D E. Agriculture energy and water,5,5,0,5,0,0,0
S01012086,C. Manufacturing,39,38,3,35,1,0,1
S01012086,F. Construction,33,29,0,29,4,1,3
S01012086,G I. Distribution hotels and restaurants,108,103,37,66,5,0,5
S01012086,H J. Transport and communication,37,35,6,29,2,0,2
S01012086,K L M N. Financial real estate professional and administrative activities,40,37,8,29,3,2,1
S01012086,O P Q. Public administration education and health,108,108,43,65,0,0,0
S01012086,R S T U. Other,16,16,8,8,0,0,0
S01012087,All people aged 16 to 74 in employment,310,295,89,206,15,5,10
S01012087,A B D E. Agriculture energy and water,8,8,0,8,0,0,0
S01012087,C. Manufacturing,18,18,1,17,0,0,0
S01012087,F. Construction,23,19,0,19,4,1,3
S01012087,G I. Distribution hotels and restaurants,73,70,33,37,3,1,2
S01012087,H J. Transport and communication,30,25,7,18,5,1,4
S01012087,K L M N. Financial real estate professional and administrative activities,39,37,10,27,2,2,0
S01012087,O P Q. Public administration education and health,108,108,34,74,0,0,0
S01012087,R S T U. Other,11,10,4,6,1,0,1
S01012088,All people aged 16 to 74 in employment,389,356,93,263,33,6,27
S01012088,A B D E. Agriculture energy and water,4,4,0,4,0,0,0
S01012088,C. Manufacturing,38,35,0,35,3,0,3
S01012088,F. Construction,38,31,3,28,7,0,7
S01012088,G I. Distribution hotels and restaurants,60,57,27,30,3,0,3
S01012088,H J. Transport and communication,37,28,8,20,9,2,7
S01012088,K L M N. Financial real estate professional and administrative activities,55,53,11,42,2,0,2
S01012088,O P Q. Public administration education and health,137,133,40,93,4,3,1
S01012088,R S T U. Other,20,15,4,11,5,1,4
S01012089,All people aged 16 to 74 in employment,450,407,94,313,43,12,31
S01012089,A B D E. Agriculture energy and water,6,6,0,6,0,0,0
S01012089,C. Manufacturing,37,35,2,33,2,2,0
S01012089,F. Construction,38,28,1,27,10,1,9
S01012089,G I. Distribution hotels and restaurants,62,55,28,27,7,2,5
S01012089,H J. Transport and communication,36,29,8,21,7,1,6
S01012089,K L M N. Financial real estate professional and administrative activities,76,73,18,55,3,1,2
S01012089,O P Q. Public administration education and health,179,171,33,138,8,4,4
S01012089,R S T U. Other,16,10,4,6,6,1,5
S01012090,All people aged 16 to 74 in employment,444,378,96,282,66,15,51
S01012090,A B D E. Agriculture energy and water,8,8,1,7,0,0,0
S01012090,C. Manufacturing,32,31,2,29,1,0,1
S01012090,F. Construction,34,27,3,24,7,0,7
S01012090,G I. Distribution hotels and restaurants,74,64,29,35,10,3,7
S01012090,H J. Transport and communication,39,25,6,19,14,2,12
S01012090,K L M N. Financial real estate professional and administrative activities,76,60,14,46,16,1,15
S01012090,O P Q. Public administration education and health,165,152,36,116,13,8,5
S01012090,R S T U. Other,16,11,5,6,5,1,4
S01012091,All people aged 16 to 74 in employment,311,292,77,215,19,3,16
S01012091,A B D E. Agriculture energy and water,6,5,0,5,1,0,1
S01012091,C. Manufacturing,35,32,0,32,3,0,3
S01012091,F. Construction,26,20,0,20,6,0,6
S01012091,G I. Distribution hotels and restaurants,61,59,31,28,2,1,1
S01012091,H J. Transport and communication,30,27,2,25,3,0,3
S01012091,K L M N. Financial real estate professional and administrative activities,32,32,9,23,0,0,0
S01012091,O P Q. Public administration education and health,105,104,33,71,1,1,0
S01012091,R S T U. Other,16,13,2,11,3,1,2
S01012092,All people aged 16 to 74 in employment,289,262,70,192,27,7,20
S01012092,A B D E. Agriculture energy and water,2,2,0,2,0,0,0
S01012092,C. Manufacturing,29,28,3,25,1,0,1
S01012092,F. Construction,26,19,0,19,7,2,5
S01012092,G I. Distribution hotels and restaurants,45,44,24,20,1,0,1
S01012092,H J. Transport and communication,23,20,4,16,3,0,3
S01012092,K L M N. Financial real estate professional and administrative activities,54,47,11,36,7,2,5
S01012092,O P Q. Public administration education and health,103,98,27,71,5,2,3
S01012092,R S T U. Other,7,4,1,3,3,1,2
S01012093,All people aged 16 to 74 in employment,282,254,46,208,28,6,22
S01012093,A B D E. Agriculture energy and water,9,8,0,8,1,0,1
S01012093,C. Manufacturing,18,18,2,16,0,0,0
S01012093,F. Construction,16,9,0,9,7,1,6
S01012093,G I. Distribution hotels and restaurants,47,45,13,32,2,0,2
S01012093,H J. Transport and communication,17,12,2,10,5,1,4
S01012093,K L M N. Financial real estate professional and administrative activities,40,38,7,31,2,0,2
S01012093,O P Q. Public administration education and health,116,111,18,93,5,2,3
S01012093,R S T U. Other,19,13,4,9,6,2,4
S01012094,All people aged 16 to 74 in employment,396,338,82,256,58,5,53
S01012094,A B D E. Agriculture energy and water,7,7,1,6,0,0,0
S01012094,C. Manufacturing,32,30,1,29,2,0,2
S01012094,F. Construction,27,21,0,21,6,0,6
S01012094,G I. Distribution hotels and restaurants,61,45,24,21,16,1,15
S01012094,H J. Transport and communication,40,35,5,30,5,0,5
S01012094,K L M N. Financial real estate professional and administrative activities,61,46,6,40,15,1,14
S01012094,O P Q. Public administration education and health,155,144,40,104,11,1,10
S01012094,R S T U. Other,13,10,5,5,3,2,1
S01012095,All people aged 16 to 74 in employment,561,518,160,358,43,12,31
S01012095,A B D E. Agriculture energy and water,9,9,0,9,0,0,0
S01012095,C. Manufacturing,46,46,3,43,0,0,0
S01012095,F. Construction,52,39,3,36,13,2,11
S01012095,G I. Distribution hotels and restaurants,116,110,52,58,6,1,5
S01012095,H J. Transport and communication,53,45,11,34,8,3,5
S01012095,K L M N. Financial real estate professional and administrative activities,65,59,14,45,6,1,5
S01012095,O P Q. Public administration education and health,199,194,70,124,5,1,4
S01012095,R S T U. Other,21,16,7,9,5,4,1
S01012096,All people aged 16 to 74 in employment,369,340,127,213,29,4,25
S01012096,A B D E. Agriculture energy and water,8,6,1,5,2,0,2
S01012096,C. Manufacturing,36,35,2,33,1,0,1
S01012096,F. Construction,39,28,4,24,11,0,11
S01012096,G I. Distribution hotels and restaurants,93,92,54,38,1,0,1
S01012096,H J. Transport and communication,39,30,4,26,9,1,8
S01012096,K L M N. Financial real estate professional and administrative activities,32,29,6,23,3,1,2
S01012096,O P Q. Public administration education and health,111,110,49,61,1,1,0
S01012096,R S T U. Other,11,10,7,3,1,1,0
S01012097,All people aged 16 to 74 in employment,300,283,91,192,17,5,12
S01012097,A B D E. Agriculture energy and water,8,8,0,8,0,0,0
S01012097,C. Manufacturing,17,15,0,15,2,0,2
S01012097,F. Construction,26,23,1,22,3,2,1
S01012097,G I. Distribution hotels and restaurants,72,71,31,40,1,0,1
S01012097,H J. Transport and communication,28,24,5,19,4,1,3
S01012097,K L M N. Financial real estate professional and administrative activities,26,26,7,19,0,0,0
S01012097,O P Q. Public administration education and health,105,101,44,57,4,0,4
S01012097,R S T U. Other,18,15,3,12,3,2,1
S01012098,All people aged 16 to 74 in employment,286,272,79,193,14,6,8
S01012098,A B D E. Agriculture energy and water,9,7,1,6,2,1,1
S01012098,C. Manufacturing,37,37,3,34,0,0,0
S01012098,F. Construction,25,23,0,23,2,2,0
S01012098,G I. Distribution hotels and restaurants,69,68,29,39,1,0,1
S01012098,H J. Transport and communication,27,26,3,23,1,0,1
S01012098,K L M N. Financial real estate professional and administrative activities,29,26,5,21,3,1,2
S01012098,O P Q. Public administration education and health,74,72,32,40,2,1,1
S01012098,R S T U. Other,16,13,6,7,3,1,2
S01012099,All people aged 16 to 74 in employment,324,315,103,212,9,2,7
S01012099,A B D E. Agriculture energy and water,6,6,0,6,0,0,0
S01012099,C. Manufacturing,31,31,3,28,0,0,0
S01012099,F. Construction,18,14,2,12,4,0,4
S01012099,G I. Distribution hotels and restaurants,80,80,44,36,0,0,0
S01012099,H J. Transport and communication,32,30,5,25,2,0,2
S01012099,K L M N. Financial real estate professional and administrative activities,36,36,9,27,0,0,0
S01012099,O P Q. Public administration education and health,105,103,36,67,2,1,1
S01012099,R S T U. Other,16,15,4,11,1,1,0
S01012100,All people aged 16 to 74 in employment,455,418,142,276,37,15,22
S01012100,A B D E. Agriculture energy and water,11,11,1,10,0,0,0
S01012100,C. Manufacturing,45,40,4,36,5,3,2
S01012100,F. Construction,39,26,1,25,13,4,9
S01012100,G I. Distribution hotels and restaurants,93,88,43,45,5,2,3
S01012100,H J. Transport and communication,43,37,8,29,6,1,5
S01012100,K L M N. Financial real estate professional and administrative activities,53,49,19,30,4,2,2
S01012100,O P Q. Public administration education and health,153,151,59,92,2,2,0
S01012100,R S T U. Other,18,16,7,9,2,1,1
S01012101,All people aged 16 to 74 in employment,410,367,117,250,43,14,29
S01012101,A B D E. Agriculture energy and water,5,5,0,5,0,0,0
S01012101,C. Manufacturing,26,25,1,24,1,0,1
S01012101,F. Construction,24,19,0,19,5,0,5
S01012101,G I. Distribution hotels and restaurants,93,86,54,32,7,2,5
S01012101,H J. Transport and communication,38,32,7,25,6,1,5
S01012101,K L M N. Financial real estate professional and administrative activities,63,48,6,42,15,6,9
S01012101,O P Q. Public administration education and health,147,141,46,95,6,3,3
S01012101,R S T U. Other,14,11,3,8,3,2,1
S01012102,All people aged 16 to 74 in employment,269,256,94,162,13,5,8
S01012102,A B D E. Agriculture energy and water,4,4,1,3,0,0,0
S01012102,C. Manufacturing,23,19,2,17,4,1,3
S01012102,F. Construction,13,13,0,13,0,0,0
S01012102,G I. Distribution hotels and restaurants,79,76,40,36,3,1,2
S01012102,H J. Transport and communication,22,20,3,17,2,1,1
S01012102,K L M N. Financial real estate professional and administrative activities,30,28,8,20,2,1,1
S01012102,O P Q. Public administration education and health,85,85,35,50,0,0,0
S01012102,R S T U. Other,13,11,5,6,2,1,1
S01012103,All people aged 16 to 74 in employment,517,472,110,362,45,14,31
S01012103,A B D E. Agriculture energy and water,8,7,0,7,1,0,1
S01012103,C. Manufacturing,28,28,1,27,0,0,0
S01012103,F. Construction,53,38,1,37,15,5,10
S01012103,G I. Distribution hotels and restaurants,90,88,35,53,2,0,2
S01012103,H J. Transport and communication,49,39,5,34,10,2,8
S01012103,K L M N. Financial real estate professional and administrative activities,86,79,11,68,7,1,6
S01012103,O P Q. Public administration education and health,186,179,53,126,7,5,2
S01012103,R S T U. Other,17,14,4,10,3,1,2
S01012104,All people aged 16 to 74 in employment,509,452,108,344,57,19,38
S01012104,A B D E. Agriculture energy and water,7,6,1,5,1,0,1
S01012104,C. Manufacturing,44,39,4,35,5,1,4
S01012104,F. Construction,39,29,1,28,10,3,7
S01012104,G I. Distribution hotels and restaurants,88,77,31,46,11,3,8
S01012104,H J. Transport and communication,39,31,6,25,8,2,6
S01012104,K L M N. Financial real estate professional and administrative activities,72,65,14,51,7,1,6
S01012104,O P Q. Public administration education and health,198,193,47,146,5,3,2
S01012104,R S T U. Other,22,12,4,8,10,6,4
S01012105,All people aged 16 to 74 in employment,599,535,140,395,64,14,50
S01012105,A B D E. Agriculture energy and water,11,10,0,10,1,0,1
S01012105,C. Manufacturing,52,50,0,50,2,1,1
S01012105,F. Construction,52,33,1,32,19,1,18
S01012105,G I. Distribution hotels and restaurants,97,87,45,42,10,5,5
S01012105,H J. Transport and communication,46,38,8,30,8,2,6
S01012105,K L M N. Financial real estate professional and administrative activities,86,78,17,61,8,1,7
S01012105,O P Q. Public administration education and health,218,209,54,155,9,1,8
S01012105,R S T U. Other,37,30,15,15,7,3,4
S01012106,All people aged 16 to 74 in employment,618,548,125,423,70,13,57
S01012106,A B D E. Agriculture energy and water,17,15,0,15,2,0,2
S01012106,C. Manufacturing,64,63,1,62,1,0,1
S01012106,F. Construction,51,32,3,29,19,1,18
S01012106,G I. Distribution hotels and restaurants,96,81,39,42,15,5,10
S01012106,H J. Transport and communication,66,57,6,51,9,2,7
S01012106,K L M N. Financial real estate professional and administrative activities,97,85,14,71,12,1,11
S01012106,O P Q. Public administration education and health,197,191,49,142,6,2,4
S01012106,R S T U. Other,30,24,13,11,6,2,4
S01012107,All people aged 16 to 74 in employment,320,273,69,204,47,10,37
S01012107,A B D E. Agriculture energy and water,7,4,1,3,3,0,3
S01012107,C. Manufacturing,24,22,2,20,2,0,2
S01012107,F. Construction,20,18,3,15,2,0,2
S01012107,G I. Distribution hotels and restaurants,51,40,19,21,11,2,9
S01012107,H J. Transport and communication,30,24,2,22,6,0,6
S01012107,K L M N. Financial real estate professional and administrative activities,39,27,2,25,12,4,8
S01012107,O P Q. Public administration education and health,133,126,36,90,7,2,5
S01012107,R S T U. Other,16,12,4,8,4,2,2
S01012108,All people aged 16 to 74 in employment,319,295,75,220,24,7,17
S01012108,A B D E. Agriculture energy and water,11,10,0,10,1,1,0
S01012108,C. Manufacturing,28,26,1,25,2,0,2
S01012108,F. Construction,16,15,1,14,1,0,1
S01012108,G I. Distribution hotels and restaurants,73,72,33,39,1,0,1
S01012108,H J. Transport and communication,36,28,4,24,8,1,7
S01012108,K L M N. Financial real estate professional and administrative activities,35,31,2,29,4,2,2
S01012108,O P Q. Public administration education and health,109,106,31,75,3,3,0
S01012108,R S T U. Other,11,7,3,4,4,0,4
S01012109,All people aged 16 to 74 in employment,425,397,98,299,28,9,19
S01012109,A B D E. Agriculture energy and water,12,12,0,12,0,0,0
S01012109,C. Manufacturing,35,34,2,32,1,0,1
S01012109,F. Construction,39,33,0,33,6,0,6
S01012109,G I. Distribution hotels and restaurants,108,103,49,54,5,3,2
S01012109,H J. Transport and communication,37,33,5,28,4,1,3
S01012109,K L M N. Financial real estate professional and administrative activities,59,53,6,47,6,2,4
S01012109,O P Q. Public administration education and health,118,116,30,86,2,2,0
S01012109,R S T U. Other,17,13,6,7,4,1,3
S01012110,All people aged 16 to 74 in employment,310,291,72,219,19,8,11
S01012110,A B D E. Agriculture energy and water,5,5,0,5,0,0,0
S01012110,C. Manufacturing,24,24,2,22,0,0,0
S01012110,F. Construction,12,11,1,10,1,0,1
S01012110,G I. Distribution hotels and restaurants,60,56,24,32,4,0,4
S01012110,H J. Transport and communication,21,15,2,13,6,2,4
S01012110,K L M N. Financial real estate professional and administrative activities,63,59,10,49,4,3,1
S01012110,O P Q. Public administration education and health,111,109,28,81,2,1,1
S01012110,R S T U. Other,14,12,5,7,2,2,0
S01012111,All people aged 16 to 74 in employment,236,218,57,161,18,4,14
S01012111,A B D E. Agriculture energy and water,2,2,0,2,0,0,0
S01012111,C. Manufacturing,20,19,1,18,1,0,1
S01012111,F. Construction,17,13,0,13,4,2,2
S01012111,G I. Distribution hotels and restaurants,62,58,31,27,4,0,4
S01012111,H J. Transport and communication,17,16,2,14,1,0,1
S01012111,K L M N. Financial real estate professional and administrative activities,27,25,8,17,2,1,1
S01012111,O P Q. Public administration education and health,80,75,12,63,5,1,4
S01012111,R S T U. Other,11,10,3,7,1,0,1
S01012112,All people aged 16 to 74 in employment,306,281,74,207,25,3,22
S01012112,A B D E. Agriculture energy and water,4,4,0,4,0,0,0
S01012112,C. Manufacturing,34,32,2,30,2,1,1
S01012112,F. Construction,29,23,2,21,6,1,5
S01012112,G I. Distribution hotels and restaurants,53,50,24,26,3,0,3
S01012112,H J. Transport and communication,25,20,5,15,5,0,5
S01012112,K L M N. Financial real estate professional and administrative activities,41,36,6,30,5,0,5
S01012112,O P Q. Public administration education and health,100,100,27,73,0,0,0
S01012112,R S T U. Other,20,16,8,8,4,1,3
S01012113,All people aged 16 to 74 in employment,447,409,101,308,38,11,27
S01012113,A B D E. Agriculture energy and water,5,4,0,4,1,0,1
S01012113,C. Manufacturing,35,34,2,32,1,1,0
S01012113,F. Construction,38,33,2,31,5,0,5
S01012113,G I. Distribution hotels and restaurants,77,70,32,38,7,2,5
S01012113,H J. Transport and communication,50,36,9,27,14,3,11
S01012113,K L M N. Financial real estate professional and administrative activities,69,65,10,55,4,1,3
S01012113,O P Q. Public administration education and health,150,147,42,105,3,3,0
S01012113,R S T U. Other,23,20,4,16,3,1,2
S01012114,All people aged 16 to 74 in employment,425,365,103,262,60,15,45
S01012114,A B D E. Agriculture energy and water,13,12,0,12,1,0,1
S01012114,C. Manufacturing,23,22,3,19,1,0,1
S01012114,F. Construction,36,27,3,24,9,0,9
S01012114,G I. Distribution hotels and restaurants,77,72,40,32,5,1,4
S01012114,H J. Transport and communication,29,20,2,18,9,2,7
S01012114,K L M N. Financial real estate professional and administrative activities,75,57,8,49,18,6,12
S01012114,O P Q. Public administration education and health,146,137,39,98,9,2,7
S01012114,R S T U. Other,26,18,8,10,8,4,4
S01012115,All people aged 16 to 74 in employment,235,230,64,166,5,1,4
S01012115,A B D E. Agriculture energy and water,8,8,0,8,0,0,0
S01012115,C. Manufacturing,24,24,2,22,0,0,0
S01012115,F. Construction,14,12,1,11,2,0,2
S01012115,G I. Distribution hotels and restaurants,43,41,19,22,2,1,1
S01012115,H J. Transport and communication,20,19,5,14,1,0,1
S01012115,K L M N. Financial real estate professional and administrative activities,33,33,9,24,0,0,0
S01012115,O P Q. Public administration education and health,80,80,24,56,0,0,0
S01012115,R S T U. Other,13,13,4,9,0,0,0
S01012116,All people aged 16 to 74 in employment,276,254,62,192,22,7,15
S01012116,A B D E. Agriculture energy and water,6,6,0,6,0,0,0
S01012116,C. Manufacturing,26,26,1,25,0,0,0
S01012116,F. Construction,21,16,1,15,5,1,4
S01012116,G I. Distribution hotels and restaurants,55,50,17,33,5,1,4
S01012116,H J. Transport and communication,20,18,2,16,2,0,2
S01012116,K L M N. Financial real estate professional and administrative activities,33,30,5,25,3,2,1
S01012116,O P Q. Public administration education and health,101,95,30,65,6,3,3
S01012116,R S T U. Other,14,13,6,7,1,0,1
S01012117,All people aged 16 to 74 in employment,472,431,75,356,41,9,32
S01012117,A B D E. Agriculture energy and water,17,17,2,15,0,0,0
S01012117,C. Manufacturing,58,53,1,52,5,1,4
S01012117,F. Construction,45,37,1,36,8,0,8
S01012117,G I. Distribution hotels and restaurants,67,64,19,45,3,0,3
S01012117,H J. Transport and communication,40,33,5,28,7,0,7
S01012117,K L M N. Financial real estate professional and administrative activities,68,62,13,49,6,2,4
S01012117,O P Q. Public administration education and health,153,152,31,121,1,1,0
S01012117,R S T U. Other,24,13,3,10,11,5,6
S01012118,All people aged 16 to 74 in employment,380,346,85,261,34,11,23
S01012118,A B D E. Agriculture energy and water,4,4,0,4,0,0,0
S01012118,C. Manufacturing,47,43,1,42,4,0,4
S01012118,F. Construction,30,20,0,20,10,0,10
S01012118,G I. Distribution hotels and restaurants,61,59,23,36,2,0,2
S01012118,H J. Transport and communication,36,32,5,27,4,2,2
S01012118,K L M N. Financial real estate professional and administrative activities,50,48,8,40,2,0,2
S01012118,O P Q. Public administration education and health,132,128,43,85,4,3,1
S01012118,R S T U. Other,20,12,5,7,8,6,2
S01012119,All people aged 16 to 74 in employment,453,410,130,280,43,9,34
S01012119,A B D E. Agriculture energy and water,8,6,1,5,2,1,1
S01012119,C. Manufacturing,41,39,6,33,2,0,2
S01012119,F. Construction,50,36,2,34,14,0,14
S01012119,G I. Distribution hotels and restaurants,80,75,37,38,5,2,3
S01012119,H J. Transport and communication,40,29,4,25,11,4,7
S01012119,K L M N. Financial real estate professional and administrative activities,60,56,16,40,4,0,4
S01012119,O P Q. Public administration education and health,162,158,58,100,4,2,2
S01012119,R S T U. Other,12,11,6,5,1,0,1
S01012120,All people aged 16 to 74 in employment,256,241,76,165,15,5,10
S01012120,A B D E. Agriculture energy and water,5,5,0,5,0,0,0
S01012120,C. Manufacturing,21,21,0,21,0,0,0
S01012120,F. Construction,27,24,3,21,3,0,3
S01012120,G I. Distribution hotels and restaurants,58,56,23,33,2,2,0
S01012120,H J. Transport and communication,22,20,3,17,2,1,1
S01012120,K L M N. Financial real estate professional and administrative activities,32,26,7,19,6,1,5
S01012120,O P Q. Public administration education and health,87,86,39,47,1,0,1
S01012120,R S T U. Other,4,3,1,2,1,1,0
S01012121,All people aged 16 to 74 in employment,370,350,108,242,20,6,14
S01012121,A B D E. Agriculture energy and water,3,3,1,2,0,0,0
S01012121,C. Manufacturing,28,28,1,27,0,0,0
S01012121,F. Construction,32,28,1,27,4,0,4
S01012121,G I. Distribution hotels and restaurants,94,90,45,45,4,1,3
S01012121,H J. Transport and communication,21,16,3,13,5,0,5
S01012121,K L M N. Financial real estate professional and administrative activities,52,50,10,40,2,1,1
S01012121,O P Q. Public administration education and health,117,115,37,78,2,2,0
S01012121,R S T U. Other,23,20,10,10,3,2,1
S01012122,All people aged 16 to 74 in employment,370,350,116,234,20,3,17
S01012122,A B D E. Agriculture energy and water,5,5,0,5,0,0,0
S01012122,C. Manufacturing,31,30,1,29,1,0,1
S01012122,F. Construction,31,24,1,23,7,1,6
S01012122,G I. Distribution hotels and restaurants,84,82,44,38,2,0,2
S01012122,H J. Transport and communication,37,31,6,25,6,1,5
S01012122,K L M N. Financial real estate professional and administrative activities,44,42,13,29,2,0,2
S01012122,O P Q. Public administration education and health,124,123,46,77,1,0,1
S01012122,R S T U. Other,14,13,5,8,1,1,0
S01012123,All people aged 16 to 74 in employment,270,238,70,168,32,10,22
S01012123,A B D E. Agriculture energy and water,5,4,0,4,1,0,1
S01012123,C. Manufacturing,25,19,1,18,6,1,5
S01012123,F. Construction,16,14,0,14,2,1,1
S01012123,G I. Distribution hotels and restaurants,74,65,34,31,9,4,5
S01012123,H J. Transport and communication,18,15,2,13,3,0,3
S01012123,K L M N. Financial real estate professional and administrative activities,43,38,8,30,5,1,4
S01012123,O P Q. Public administration education and health,73,72,22,50,1,0,1
S01012123,R S T U. Other,16,11,3,8,5,3,2
S01012124,All people aged 16 to 74 in employment,302,282,65,217,20,9,11
S01012124,A B D E. Agriculture energy and water,5,5,0,5,0,0,0
S01012124,C. Manufacturing,24,24,2,22,0,0,0
S01012124,F. Construction,28,23,0,23,5,1,4
S01012124,G I. Distribution hotels and restaurants,59,55,27,28,4,3,1
S01012124,H J. Transport and communication,25,22,2,20,3,1,2
S01012124,K L M N. Financial real estate professional and administrative activities,39,37,6,31,2,0,2
S01012124,O P Q. Public administration education and health,109,105,23,82,4,3,1
S01012124,R S T U. Other,13,11,5,6,2,1,1
S01012125,All people aged 16 to 74 in employment,325,303,76,227,22,5,17
S01012125,A B D E. Agriculture energy and water,1,1,0,1,0,0,0
S01012125,C. Manufacturing,28,27,3,24,1,0,1
S01012125,F. Construction,28,22,2,20,6,0,6
S01012125,G I. Distribution hotels and restaurants,70,67,25,42,3,1,2
S01012125,H J. Transport and communication,29,23,9,14,6,0,6
S01012125,K L M N. Financial real estate professional and administrative activities,46,44,0,44,2,0,2
S01012125,O P Q. Public administration education and health,107,106,32,74,1,1,0
S01012125,R S T U. Other,16,13,5,8,3,3,0
S01012126,All people aged 16 to 74 in employment,471,424,78,346,47,8,39
S01012126,A B D E. Agriculture energy and water,4,4,0,4,0,0,0
S01012126,C. Manufacturing,40,34,1,33,6,2,4
S01012126,F. Construction,38,32,0,32,6,1,5
S01012126,G I. Distribution hotels and restaurants,98,89,32,57,9,1,8
S01012126,H J. Transport and communication,39,33,2,31,6,1,5
S01012126,K L M N. Financial real estate professional and administrative activities,79,73,11,62,6,0,6
S01012126,O P Q. Public administration education and health,150,145,30,115,5,2,3
S01012126,R S T U. Other,23,14,2,12,9,1,8
S01012127,All people aged 16 to 74 in employment,421,383,82,301,38,7,31
S01012127,A B D E. Agriculture energy and water,6,4,0,4,2,0,2
S01012127,C. Manufacturing,40,38,3,35,2,1,1
S01012127,F. Construction,38,30,0,30,8,1,7
S01012127,G I. Distribution hotels and restaurants,86,80,33,47,6,2,4
S01012127,H J. Transport and communication,42,37,3,34,5,0,5
S01012127,K L M N. Financial real estate professional and administrative activities,72,67,3,64,5,2,3
S01012127,O P Q. Public administration education and health,110,109,34,75,1,0,1
S01012127,R S T U. Other,27,18,6,12,9,1,8
S01012128,All people aged 16 to 74 in employment,276,261,49,212,15,4,11
S01012128,A B D E. Agriculture energy and water,9,9,0,9,0,0,0
S01012128,C. Manufacturing,11,11,0,11,0,0,0
S01012128,F. Construction,21,18,1,17,3,0,3
S01012128,G I. Distribution hotels and restaurants,71,70,19,51,1,0,1
S01012128,H J. Transport and communication,24,19,2,17,5,2,3
S01012128,K L M N. Financial real estate professional and administrative activities,44,42,3,39,2,0,2
S01012128,O P Q. Public administration education and health,80,80,17,63,0,0,0
S01012128,R S T U. Other,16,12,7,5,4,2,2
S01012129,All people aged 16 to 74 in employment,346,319,69,250,27,6,21
S01012129,A B D E. Agriculture energy and water,5,5,0,5,0,0,0
S01012129,C. Manufacturing,31,31,2,29,0,0,0
S01012129,F. Construction,26,19,2,17,7,1,6
S01012129,G I. Distribution hotels and restaurants,58,53,20,33,5,1,4
S01012129,H J. Transport and communication,41,38,5,33,3,0,3
S01012129,K L M N. Financial real estate professional and administrative activities,43,41,6,35,2,0,2
S01012129,O P Q. Public administration education and health,120,114,27,87,6,3,3
S01012129,R S T U. Other,22,18,7,11,4,1,3
S01012130,All people aged 16 to 74 in employment,433,404,73,331,29,6,23
S01012130,A B D E. Agriculture energy and water,9,9,0,9,0,0,0
S01012130,C. Manufacturing,40,39,1,38,1,0,1
S01012130,F. Construction,40,30,3,27,10,0,10
S01012130,G I. Distribution hotels and restaurants,72,70,22,48,2,1,1
S01012130,H J. Transport and communication,44,39,4,35,5,0,5
S01012130,K L M N. Financial real estate professional and administrative activities,71,66,16,50,5,2,3
S01012130,O P Q. Public administration education and health,140,138,23,115,2,1,1
S01012130,R S T U. Other,17,13,4,9,4,2,2
S01012131,All people aged 16 to 74 in employment,477,453,134,319,24,7,17
S01012131,A B D E. Agriculture energy and water,1,1,0,1,0,0,0
S01012131,C. Manufacturing,49,47,6,41,2,1,1
S01012131,F. Construction,31,27,3,24,4,0,4
S01012131,G I. Distribution hotels and restaurants,123,116,58,58,7,3,4
S01012131,H J. Transport and communication,53,47,4,43,6,0,6
S01012131,K L M N. Financial real estate professional and administrative activities,52,51,10,41,1,0,1
S01012131,O P Q. Public administration education and health,144,140,39,101,4,3,1
S01012131,R S T U. Other,24,24,14,10,0,0,0
S01012132,All people aged 16 to 74 in employment,312,285,80,205,27,6,21
S01012132,A B D E. Agriculture energy and water,6,6,0,6,0,0,0
S01012132,C. Manufacturing,33,32,4,28,1,0,1
S01012132,F. Construction,16,11,0,11,5,1,4
S01012132,G I. Distribution hotels and restaurants,82,73,37,36,9,2,7
S01012132,H J. Transport and communication,27,26,2,24,1,1,0
S01012132,K L M N. Financial real estate professional and administrative activities,46,40,6,34,6,1,5
S01012132,O P Q. Public administration education and health,79,78,26,52,1,0,1
S01012132,R S T U. Other,23,19,5,14,4,1,3
S01012133,All people aged 16 to 74 in employment,416,385,85,300,31,3,28
S01012133,A B D E. Agriculture energy and water,9,9,0,9,0,0,0
S01012133,C. Manufacturing,53,51,3,48,2,0,2
S01012133,F. Construction,25,19,2,17,6,0,6
S01012133,G I. Distribution hotels and restaurants,90,81,38,43,9,1,8
S01012133,H J. Transport and communication,33,30,1,29,3,0,3
S01012133,K L M N. Financial real estate professional and administrative activities,59,53,11,42,6,1,5
S01012133,O P Q. Public administration education and health,129,126,25,101,3,1,2
S01012133,R S T U. Other,18,16,5,11,2,0,2
S01012134,All people aged 16 to 74 in employment,559,502,127,375,57,14,43
S01012134,A B D E. Agriculture energy and water,7,7,0,7,0,0,0
S01012134,C. Manufacturing,46,43,6,37,3,1,2
S01012134,F. Construction,28,21,2,19,7,1,6
S01012134,G I. Distribution hotels and restaurants,100,92,53,39,8,2,6
S01012134,H J. Transport and communication,51,42,6,36,9,0,9
S01012134,K L M N. Financial real estate professional and administrative activities,107,91,16,75,16,6,10
S01012134,O P Q. Public administration education and health,190,182,32,150,8,3,5
S01012134,R S T U. Other,30,24,12,12,6,1,5
S01012135,All people aged 16 to 74 in employment,357,338,114,224,19,6,13
S01012135,A B D E. Agriculture energy and water,3,3,0,3,0,0,0
S01012135,C. Manufacturing,28,27,1,26,1,0,1
S01012135,F. Construction,26,23,1,22,3,0,3
S01012135,G I. Distribution hotels and restaurants,103,101,52,49,2,0,2
S01012135,H J. Transport and communication,30,26,5,21,4,0,4
S01012135,K L M N. Financial real estate professional and administrative activities,45,41,15,26,4,3,1
S01012135,O P Q. Public administration education and health,109,108,34,74,1,1,0
S01012135,R S T U. Other,13,9,6,3,4,2,2
S01012136,All people aged 16 to 74 in employment,394,375,109,266,19,4,15
S01012136,A B D E. Agriculture energy and water,3,3,0,3,0,0,0
S01012136,C. Manufacturing,26,24,3,21,2,1,1
S01012136,F. Construction,19,14,0,14,5,0,5
S01012136,G I. Distribution hotels and restaurants,127,126,59,67,1,1,0
S01012136,H J. Transport and communication,38,35,9,26,3,0,3
S01012136,K L M N. Financial real estate professional and administrative activities,54,53,7,46,1,0,1
S01012136,O P Q. Public administration education and health,115,110,27,83,5,1,4
S01012136,R S T U. Other,12,10,4,6,2,1,1
S01012137,All people aged 16 to 74 in employment,267,248,74,174,19,6,13
S01012137,A B D E. Agriculture energy and water,5,3,0,3,2,0,2
S01012137,C. Manufacturing,16,16,3,13,0,0,0
S01012137,F. Construction,15,10,0,10,5,0,5
S01012137,G I. Distribution hotels and restaurants,71,66,31,35,5,4,1
S01012137,H J. Transport and communication,38,35,10,25,3,1,2
S01012137,K L M N. Financial real estate professional and administrative activities,46,46,9,37,0,0,0
S01012137,O P Q. Public administration education and health,69,68,19,49,1,1,0
S01012137,R S T U. Other,7,4,2,2,3,0,3
S01012138,All people aged 16 to 74 in employment,451,410,112,298,41,14,27
S01012138,A B D E. Agriculture energy and water,5,4,1,3,1,0,1
S01012138,C. Manufacturing,35,34,1,33,1,0,1
S01012138,F. Construction,31,26,3,23,5,3,2
S01012138,G I. Distribution hotels and restaurants,73,67,33,34,6,2,4
S01012138,H J. Transport and communication,43,36,2,34,7,1,6
S01012138,K L M N. Financial real estate professional and administrative activities,83,73,12,61,10,3,7
S01012138,O P Q. Public administration education and health,158,150,51,99,8,3,5
S01012138,R S T U. Other,23,20,9,11,3,2,1
S01012139,All people aged 16 to 74 in employment,427,389,111,278,38,16,22
S01012139,A B D E. Agriculture energy and water,4,4,0,4,0,0,0
S01012139,C. Manufacturing,55,53,7,46,2,1,1
S01012139,F. Construction,36,27,5,22,9,2,7
S01012139,G I. Distribution hotels and restaurants,73,68,34,34,5,0,5
S01012139,H J. Transport and communication,28,21,4,17,7,2,5
S01012139,K L M N. Financial real estate professional and administrative activities,67,62,10,52,5,4,1
S01012139,O P Q. Public administration education and health,146,141,45,96,5,5,0
S01012139,R S T U. Other,18,13,6,7,5,2,3
S01012140,All people aged 16 to 74 in employment,272,248,60,188,24,5,19
S01012140,A B D E. Agriculture energy and water,0,0,0,0,0,0,0
S01012140,C. Manufacturing,17,15,1,14,2,1,1
S01012140,F. Construction,18,13,0,13,5,1,4
S01012140,G I. Distribution hotels and restaurants,39,35,16,19,4,0,4
S01012140,H J. Transport and communication,15,12,4,8,3,1,2
S01012140,K L M N. Financial real estate professional and administrative activities,37,32,4,28,5,0,5
S01012140,O P Q. Public administration education and health,136,133,28,105,3,1,2
S01012140,R S T U. Other,10,8,7,1,2,1,1
S01012141,All people aged 16 to 74 in employment,487,441,127,314,46,13,33
S01012141,A B D E. Agriculture energy and water,7,7,1,6,0,0,0
S01012141,C. Manufacturing,41,37,3,34,4,0,4
S01012141,F. Construction,39,29,4,25,10,1,9
S01012141,G I. Distribution hotels and restaurants,70,66,36,30,4,2,2
S01012141,H J. Transport and communication,38,33,5,28,5,2,3
S01012141,K L M N. Financial real estate professional and administrative activities,76,68,13,55,8,2,6
S01012141,O P Q. Public administration education and health,196,187,61,126,9,3,6
S01012141,R S T U. Other,20,14,4,10,6,3,3
S01012142,All people aged 16 to 74 in employment,438,383,95,288,55,11,44
S01012142,A B D E. Agriculture energy and water,12,12,1,11,0,0,0
S01012142,C. Manufacturing,42,35,4,31,7,3,4
S01012142,F. Construction,39,24,2,22,15,1,14
S01012142,G I. Distribution hotels and restaurants,61,59,27,32,2,1,1
S01012142,H J. Transport and communication,28,21,4,17,7,1,6
S01012142,K L M N. Financial real estate professional and administrative activities,69,61,10,51,8,2,6
S01012142,O P Q. Public administration education and health,161,152,41,111,9,1,8
S01012142,R S T U. Other,26,19,6,13,7,2,5
S01012143,All people aged 16 to 74 in employment,405,349,97,252,56,10,46
S01012143,A B D E. Agriculture energy and water,7,7,0,7,0,0,0
S01012143,C. Manufacturing,36,31,4,27,5,1,4
S01012143,F. Construction,30,22,3,19,8,1,7
S01012143,G I. Distribution hotels and restaurants,75,61,40,21,14,3,11
S01012143,H J. Transport and communication,28,25,8,17,3,0,3
S01012143,K L M N. Financial real estate professional and administrative activities,75,57,11,46,18,4,14
S01012143,O P Q. Public administration education and health,142,138,29,109,4,0,4
S01012143,R S T U. Other,12,8,2,6,4,1,3
S01012144,All people aged 16 to 74 in employment,496,442,122,320,54,8,46
S01012144,A B D E. Agriculture energy and water,16,13,0,13,3,0,3
S01012144,C. Manufacturing,42,40,2,38,2,0,2
S01012144,F. Construction,36,23,1,22,13,2,11
S01012144,G I. Distribution hotels and restaurants,73,63,39,24,10,1,9
S01012144,H J. Transport and communication,47,40,7,33,7,0,7
S01012144,K L M N. Financial real estate professional and administrative activities,86,77,16,61,9,1,8
S01012144,O P Q. Public administration education and health,173,168,51,117,5,3,2
S01012144,R S T U. Other,23,18,6,12,5,1,4
S01012145,All people aged 16 to 74 in employment,490,442,147,295,48,11,37
S01012145,A B D E. Agriculture energy and water,5,4,1,3,1,0,1
S01012145,C. Manufacturing,29,27,1,26,2,0,2
S01012145,F. Construction,32,21,3,18,11,0,11
S01012145,G I. Distribution hotels and restaurants,82,76,44,32,6,0,6
S01012145,H J. Transport and communication,42,37,6,31,5,2,3
S01012145,K L M N. Financial real estate professional and administrative activities,75,66,14,52,9,3,6
S01012145,O P Q. Public administration education and health,196,189,66,123,7,2,5
S01012145,R S T U. Other,29,22,12,10,7,4,3
S01012146,All people aged 16 to 74 in employment,393,365,90,275,28,8,20
S01012146,A B D E. Agriculture energy and water,11,11,1,10,0,0,0
S01012146,C. Manufacturing,47,46,4,42,1,1,0
S01012146,F. Construction,26,24,0,24,2,0,2
S01012146,G I. Distribution hotels and restaurants,86,78,30,48,8,2,6
S01012146,H J. Transport and communication,39,35,4,31,4,1,3
S01012146,K L M N. Financial real estate professional and administrative activities,53,48,9,39,5,0,5
S01012146,O P Q. Public administration education and health,102,100,29,71,2,2,0
S01012146,R S T U. Other,29,23,13,10,6,2,4
S01012147,All people aged 16 to 74 in employment,282,263,84,179,19,11,8
S01012147,A B D E. Agriculture energy and water,1,0,0,0,1,1,0
S01012147,C. Manufacturing,24,24,1,23,0,0,0
S01012147,F. Construction,17,11,0,11,6,2,4
S01012147,G I. Distribution hotels and restaurants,80,76,34,42,4,3,1
S01012147,H J. Transport and communication,21,19,3,16,2,1,1
S01012147,K L M N. Financial real estate professional and administrative activities,43,41,15,26,2,1,1
S01012147,O P Q. Public administration education and health,78,76,27,49,2,2,0
S01012147,R S T U. Other,18,16,4,12,2,1,1
S01012148,All people aged 16 to 74 in employment,264,253,88,165,11,2,9
S01012148,A B D E. Agriculture energy and water,3,3,0,3,0,0,0
S01012148,C. Manufacturing,25,25,1,24,0,0,0
S01012148,F. Construction,10,8,1,7,2,0,2
S01012148,G I. Distribution hotels and restaurants,71,67,30,37,4,2,2
S01012148,H J. Transport and communication,31,27,9,18,4,0,4
S01012148,K L M N. Financial real estate professional and administrative activities,25,25,10,15,0,0,0
S01012148,O P Q. Public administration education and health,84,84,32,52,0,0,0
S01012148,R S T U. Other,15,14,5,9,1,0,1
S01012149,All people aged 16 to 74 in employment,393,348,99,249,45,6,39
S01012149,A B D E. Agriculture energy and water,11,9,1,8,2,0,2
S01012149,C. Manufacturing,32,29,1,28,3,0,3
S01012149,F. Construction,44,32,2,30,12,0,12
S01012149,G I. Distribution hotels and restaurants,83,82,41,41,1,0,1
S01012149,H J. Transport and communication,35,27,2,25,8,2,6
S01012149,K L M N. Financial real estate professional and administrative activities,67,56,14,42,11,2,9
S01012149,O P Q. Public administration education and health,102,99,31,68,3,1,2
S01012149,R S T U. Other,19,14,7,7,5,1,4
S01012150,All people aged 16 to 74 in employment,290,273,70,203,17,5,12
S01012150,A B D E. Agriculture energy and water,2,2,0,2,0,0,0
S01012150,C. Manufacturing,34,33,1,32,1,0,1
S01012150,F. Construction,29,21,2,19,8,4,4
S01012150,G I. Distribution hotels and restaurants,59,58,24,34,1,0,1
S01012150,H J. Transport and communication,21,19,3,16,2,0,2
S01012150,K L M N. Financial real estate professional and administrative activities,39,38,9,29,1,1,0
S01012150,O P Q. Public administration education and health,85,84,27,57,1,0,1
S01012150,R S T U. Other,21,18,4,14,3,0,3
S01012151,All people aged 16 to 74 in employment,293,281,82,199,12,1,11
S01012151,A B D E. Agriculture energy and water,4,4,0,4,0,0,0
S01012151,C. Manufacturing,39,37,1,36,2,0,2
S01012151,F. Construction,20,16,1,15,4,0,4
S01012151,G I. Distribution hotels and restaurants,64,63,23,40,1,0,1
S01012151,H J. Transport and communication,24,22,5,17,2,0,2
S01012151,K L M N. Financial real estate professional and administrative activities,49,49,14,35,0,0,0
S01012151,O P Q. Public administration education and health,81,80,34,46,1,1,0
S01012151,R S T U. Other,12,10,4,6,2,0,2
S01012152,All people aged 16 to 74 in employment,286,267,88,179,19,2,17
S01012152,A B D E. Agriculture energy and water,5,5,0,5,0,0,0
S01012152,C. Manufacturing,23,23,3,20,0,0,0
S01012152,F. Construction,21,16,2,14,5,0,5
S01012152,G I. Distribution hotels and restaurants,87,86,37,49,1,0,1
S01012152,H J. Transport and communication,25,20,3,17,5,0,5
S01012152,K L M N. Financial real estate professional and administrative activities,37,32,6,26,5,1,4
S01012152,O P Q. Public administration education and health,72,70,30,40,2,1,1
S01012152,R S T U. Other,16,15,7,8,1,0,1
S01012153,All people aged 16 to 74 in employment,245,230,68,162,15,2,13
S01012153,A B D E. Agriculture energy and water,5,5,1,4,0,0,0
S01012153,C. Manufacturing,13,13,4,9,0,0,0
S01012153,F. Construction,14,12,0,12,2,0,2
S01012153,G I. Distribution hotels and restaurants,58,53,24,29,5,0,5
S01012153,H J. Transport and communication,36,34,4,30,2,1,1
S01012153,K L M N. Financial real estate professional and administrative activities,38,35,4,31,3,1,2
S01012153,O P Q. Public administration education and health,67,67,26,41,0,0,0
S01012153,R S T U. Other,14,11,5,6,3,0,3
S01012154,All people aged 16 to 74 in employment,336,318,67,251,18,1,17
S01012154,A B D E. Agriculture energy and water,7,6,0,6,1,0,1
S01012154,C. Manufacturing,40,40,2,38,0,0,0
S01012154,F. Construction,27,22,1,21,5,0,5
S01012154,G I. Distribution hotels and restaurants,73,68,30,38,5,1,4
S01012154,H J. Transport and communication,34,32,4,28,2,0,2
S01012154,K L M N. Financial real estate professional and administrative activities,47,45,8,37,2,0,2
S01012154,O P Q. Public administration education and health,91,90,21,69,1,0,1
S01012154,R S T U. Other,17,15,1,14,2,0,2
S01012155,All people aged 16 to 74 in employment,259,245,60,185,14,5,9
S01012155,A B D E. Agriculture energy and water,4,4,0,4,0,0,0
S01012155,C. Manufacturing,18,17,2,15,1,0,1
S01012155,F. Construction,14,12,1,11,2,1,1
S01012155,G I. Distribution hotels and restaurants,63,58,18,40,5,2,3
S01012155,H J. Transport and communication,25,23,2,21,2,1,1
S01012155,K L M N. Financial real estate professional and administrative activities,34,33,9,24,1,0,1
S01012155,O P Q. Public administration education and health,91,89,26,63,2,1,1
S01012155,R S T U. Other,10,9,2,7,1,0,1
S01012156,All people aged 16 to 74 in employment,242,222,54,168,20,4,16
S01012156,A B D E. Agriculture energy and water,9,9,1,8,0,0,0
S01012156,C. Manufacturing,15,13,0,13,2,0,2
S01012156,F. Construction,22,19,2,17,3,0,3
S01012156,G I. Distribution hotels and restaurants,65,60,20,40,5,0,5
S01012156,H J. Transport and communication,19,16,4,12,3,1,2
S01012156,K L M N. Financial real estate professional and administrative activities,33,31,5,26,2,1,1
S01012156,O P Q. Public administration education and health,68,67,19,48,1,0,1
S01012156,R S T U. Other,11,7,3,4,4,2,2
S01012157,All people aged 16 to 74 in employment,492,462,108,354,30,10,20
S01012157,A B D E. Agriculture energy and water,4,4,0,4,0,0,0
S01012157,C. Manufacturing,44,41,4,37,3,0,3
S01012157,F. Construction,52,44,3,41,8,2,6
S01012157,G I. Distribution hotels and restaurants,111,109,38,71,2,2,0
S01012157,H J. Transport and communication,45,42,5,37,3,0,3
S01012157,K L M N. Financial real estate professional and administrative activities,80,74,11,63,6,2,4
S01012157,O P Q. Public administration education and health,138,133,43,90,5,2,3
S01012157,R S T U. Other,18,15,4,11,3,2,1
S01012158,All people aged 16 to 74 in employment,614,553,123,430,61,16,45
S01012158,A B D E. Agriculture energy and water,10,8,0,8,2,0,2
S01012158,C. Manufacturing,47,45,2,43,2,0,2
S01012158,F. Construction,43,28,2,26,15,2,13
S01012158,G I. Distribution hotels and restaurants,131,120,40,80,11,4,7
S01012158,H J. Transport and communication,64,54,5,49,10,1,9
S01012158,K L M N. Financial real estate professional and administrative activities,92,86,19,67,6,3,3
S01012158,O P Q. Public administration education and health,197,189,43,146,8,4,4
S01012158,R S T U. Other,30,23,12,11,7,2,5
S01012159,All people aged 16 to 74 in employment,253,234,64,170,19,4,15
S01012159,A B D E. Agriculture energy and water,4,4,0,4,0,0,0
S01012159,C. Manufacturing,45,44,3,41,1,0,1
S01012159,F. Construction,20,12,2,10,8,1,7
S01012159,G I. Distribution hotels and restaurants,36,34,17,17,2,0,2
S01012159,H J. Transport and communication,16,13,3,10,3,1,2
S01012159,K L M N. Financial real estate professional and administrative activities,31,27,11,16,4,1,3
S01012159,O P Q. Public administration education and health,88,88,23,65,0,0,0
S01012159,R S T U. Other,13,12,5,7,1,1,0
S01012160,All people aged 16 to 74 in employment,355,325,85,240,30,9,21
S01012160,A B D E. Agriculture energy and water,3,2,0,2,1,0,1
S01012160,C. Manufacturing,47,43,3,40,4,0,4
S01012160,F. Construction,27,19,0,19,8,3,5
S01012160,G I. Distribution hotels and restaurants,63,62,27,35,1,1,0
S01012160,H J. Transport and communication,39,33,4,29,6,2,4
S01012160,K L M N. Financial real estate professional and administrative activities,47,44,11,33,3,0,3
S01012160,O P Q. Public administration education and health,108,103,32,71,5,2,3
S01012160,R S T U. Other,21,19,8,11,2,1,1
S01012161,All people aged 16 to 74 in employment,188,178,67,111,10,2,8
S01012161,A B D E. Agriculture energy and water,1,1,0,1,0,0,0
S01012161,C. Manufacturing,12,10,0,10,2,0,2
S01012161,F. Construction,12,9,0,9,3,1,2
S01012161,G I. Distribution hotels and restaurants,63,62,31,31,1,1,0
S01012161,H J. Transport and communication,16,15,5,10,1,0,1
S01012161,K L M N. Financial real estate professional and administrative activities,26,23,7,16,3,0,3
S01012161,O P Q. Public administration education and health,48,48,23,25,0,0,0
S01012161,R S T U. Other,10,10,1,9,0,0,0
S01012162,All people aged 16 to 74 in employment,409,385,95,290,24,7,17
S01012162,A B D E. Agriculture energy and water,7,7,1,6,0,0,0
S01012162,C. Manufacturing,42,42,1,41,0,0,0
S01012162,F. Construction,27,23,1,22,4,1,3
S01012162,G I. Distribution hotels and restaurants,114,106,49,57,8,0,8
S01012162,H J. Transport and communication,37,33,3,30,4,2,2
S01012162,K L M N. Financial real estate professional and administrative activities,54,53,10,43,1,0,1
S01012162,O P Q. Public administration education and health,110,107,25,82,3,2,1
S01012162,R S T U. Other,18,14,5,9,4,2,2
S01012163,All people aged 16 to 74 in employment,350,322,76,246,28,6,22
S01012163,A B D E. Agriculture energy and water,9,8,0,8,1,0,1
S01012163,C. Manufacturing,25,25,2,23,0,0,0
S01012163,F. Construction,28,19,0,19,9,0,9
S01012163,G I. Distribution hotels and restaurants,76,72,23,49,4,1,3
S01012163,H J. Transport and communication,40,33,5,28,7,2,5
S01012163,K L M N. Financial real estate professional and administrative activities,52,50,12,38,2,0,2
S01012163,O P Q. Public administration education and health,108,104,29,75,4,3,1
S01012163,R S T U. Other,12,11,5,6,1,0,1
S01012164,All people aged 16 to 74 in employment,657,613,139,474,44,7,37
S01012164,A B D E. Agriculture energy and water,20,20,3,17,0,0,0
S01012164,C. Manufacturing,61,61,6,55,0,0,0
S01012164,F. Construction,62,50,4,46,12,2,10
S01012164,G I. Distribution hotels and restaurants,131,125,54,71,6,2,4
S01012164,H J. Transport and communication,68,59,6,53,9,1,8
S01012164,K L M N. Financial real estate professional and administrative activities,92,86,15,71,6,1,5
S01012164,O P Q. Public administration education and health,202,195,46,149,7,0,7
S01012164,R S T U. Other,21,17,5,12,4,1,3
S01012165,All people aged 16 to 74 in employment,368,345,108,237,23,3,20
S01012165,A B D E. Agriculture energy and water,4,3,1,2,1,0,1
S01012165,C. Manufacturing,42,41,2,39,1,0,1
S01012165,F. Construction,21,18,2,16,3,0,3
S01012165,G I. Distribution hotels and restaurants,101,97,38,59,4,1,3
S01012165,H J. Transport and communication,38,30,6,24,8,0,8
S01012165,K L M N. Financial real estate professional and administrative activities,51,48,14,34,3,1,2
S01012165,O P Q. Public administration education and health,97,95,39,56,2,0,2
S01012165,R S T U. Other,14,13,6,7,1,1,0
S01012166,All people aged 16 to 74 in employment,313,295,107,188,18,3,15
S01012166,A B D E. Agriculture energy and water,2,2,0,2,0,0,0
S01012166,C. Manufacturing,37,34,2,32,3,0,3
S01012166,F. Construction,29,24,2,22,5,0,5
S01012166,G I. Distribution hotels and restaurants,82,79,50,29,3,1,2
S01012166,H J. Transport and communication,30,25,5,20,5,1,4
S01012166,K L M N. Financial real estate professional and administrative activities,35,33,12,21,2,1,1
S01012166,O P Q. Public administration education and health,79,79,29,50,0,0,0
S01012166,R S T U. Other,19,19,7,12,0,0,0
S01012167,All people aged 16 to 74 in employment,405,373,87,286,32,9,23
S01012167,A B D E. Agriculture energy and water,5,5,0,5,0,0,0
S01012167,C. Manufacturing,33,32,2,30,1,0,1
S01012167,F. Construction,33,26,0,26,7,0,7
S01012167,G I. Distribution hotels and restaurants,103,98,45,53,5,1,4
S01012167,H J. Transport and communication,40,36,3,33,4,1,3
S01012167,K L M N. Financial real estate professional and administrative activities,56,50,11,39,6,1,5
S01012167,O P Q. Public administration education and health,112,109,20,89,3,1,2
S01012167,R S T U. Other,23,17,6,11,6,5,1
S01012168,All people aged 16 to 74 in employment,400,367,87,280,33,10,23
S01012168,A B D E. Agriculture energy and water,13,13,0,13,0,0,0
S01012168,C. Manufacturing,40,37,2,35,3,0,3
S01012168,F. Construction,27,25,1,24,2,0,2
S01012168,G I. Distribution hotels and restaurants,69,63,30,33,6,2,4
S01012168,H J. Transport and communication,37,32,5,27,5,0,5
S01012168,K L M N. Financial real estate professional and administrative activities,64,58,14,44,6,4,2
S01012168,O P Q. Public administration education and health,134,129,29,100,5,2,3
S01012168,R S T U. Other,16,10,6,4,6,2,4
S01012169,All people aged 16 to 74 in employment,369,350,98,252,19,4,15
S01012169,A B D E. Agriculture energy and water,9,9,0,9,0,0,0
S01012169,C. Manufacturing,44,43,0,43,1,0,1
S01012169,F. Construction,28,22,3,19,6,1,5
S01012169,G I. Distribution hotels and restaurants,78,75,39,36,3,0,3
S01012169,H J. Transport and communication,28,27,5,22,1,0,1
S01012169,K L M N. Financial real estate professional and administrative activities,41,37,9,28,4,1,3
S01012169,O P Q. Public administration education and health,122,120,36,84,2,2,0
S01012169,R S T U. Other,19,17,6,11,2,0,2
S01012170,All people aged 16 to 74 in employment,419,395,117,278,24,10,14
S01012170,A B D E. Agriculture energy and water,8,7,1,6,1,1,0
S01012170,C. Manufacturing,52,52,5,47,0,0,0
S01012170,F. Construction,35,28,3,25,7,2,5
S01012170,G I. Distribution hotels and restaurants,106,100,49,51,6,3,3
S01012170,H J. Transport and communication,38,32,3,29,6,1,5
S01012170,K L M N. Financial real estate professional and administrative activities,47,47,10,37,0,0,0
S01012170,O P Q. Public administration education and health,113,111,37,74,2,2,0
S01012170,R S T U. Other,20,18,9,9,2,1,1
S01012171,All people aged 16 to 74 in employment,477,465,136,329,12,5,7
S01012171,A B D E. Agriculture energy and water,5,5,1,4,0,0,0
S01012171,C. Manufacturing,53,53,6,47,0,0,0
S01012171,F. Construction,39,37,0,37,2,0,2
S01012171,G I. Distribution hotels and restaurants,133,132,63,69,1,0,1
S01012171,H J. Transport and communication,41,38,5,33,3,2,1
S01012171,K L M N. Financial real estate professional and administrative activities,51,48,13,35,3,2,1
S01012171,O P Q. Public administration education and health,135,133,42,91,2,0,2
S01012171,R S T U. Other,20,19,6,13,1,1,0
S01012172,All people aged 16 to 74 in employment,317,302,87,215,15,2,13
S01012172,A B D E. Agriculture energy and water,0,0,0,0,0,0,0
S01012172,C. Manufacturing,33,32,3,29,1,0,1
S01012172,F. Construction,17,16,0,16,1,0,1
S01012172,G I. Distribution hotels and restaurants,96,89,38,51,7,0,7
S01012172,H J. Transport and communication,35,30,5,25,5,2,3
S01012172,K L M N. Financial real estate professional and administrative activities,43,43,10,33,0,0,0
S01012172,O P Q. Public administration education and health,82,81,26,55,1,0,1
S01012172,R S T U. Other,11,11,5,6,0,0,0
S01012173,All people aged 16 to 74 in employment,298,272,87,185,26,7,19
S01012173,A B D E. Agriculture energy and water,5,4,0,4,1,0,1
S01012173,C. Manufacturing,31,30,2,28,1,0,1
S01012173,F. Construction,30,21,3,18,9,3,6
S01012173,G I. Distribution hotels and restaurants,48,44,26,18,4,1,3
S01012173,H J. Transport and communication,18,15,3,12,3,0,3
S01012173,K L M N. Financial real estate professional and administrative activities,46,42,11,31,4,0,4
S01012173,O P Q. Public administration education and health,106,106,40,66,0,0,0
S01012173,R S T U. Other,14,10,2,8,4,3,1
S01012174,All people aged 16 to 74 in employment,539,490,152,338,49,10,39
S01012174,A B D E. Agriculture energy and water,8,8,0,8,0,0,0
S01012174,C. Manufacturing,49,49,5,44,0,0,0
S01012174,F. Construction,40,35,4,31,5,0,5
S01012174,G I. Distribution hotels and restaurants,127,116,69,47,11,1,10
S01012174,H J. Transport and communication,55,42,7,35,13,1,12
S01012174,K L M N. Financial real estate professional and administrative activities,79,69,16,53,10,5,5
S01012174,O P Q. Public administration education and health,156,149,42,107,7,1,6
S01012174,R S T U. Other,25,22,9,13,3,2,1
S01012175,All people aged 16 to 74 in employment,473,448,113,335,25,10,15
S01012175,A B D E. Agriculture energy and water,14,14,1,13,0,0,0
S01012175,C. Manufacturing,50,50,3,47,0,0,0
S01012175,F. Construction,29,26,2,24,3,0,3
S01012175,G I. Distribution hotels and restaurants,88,86,42,44,2,1,1
S01012175,H J. Transport and communication,53,43,5,38,10,2,8
S01012175,K L M N. Financial real estate professional and administrative activities,58,56,9,47,2,1,1
S01012175,O P Q. Public administration education and health,159,154,45,109,5,5,0
S01012175,R S T U. Other,22,19,6,13,3,1,2
S01012176,All people aged 16 to 74 in employment,480,445,118,327,35,9,26
S01012176,A B D E. Agriculture energy and water,13,12,1,11,1,1,0
S01012176,C. Manufacturing,59,56,6,50,3,2,1
S01012176,F. Construction,42,29,1,28,13,1,12
S01012176,G I. Distribution hotels and restaurants,110,103,43,60,7,2,5
S01012176,H J. Transport and communication,29,23,3,20,6,1,5
S01012176,K L M N. Financial real estate professional and administrative activities,57,56,11,45,1,0,1
S01012176,O P Q. Public administration education and health,158,157,47,110,1,0,1
S01012176,R S T U. Other,12,9,6,3,3,2,1
S01012177,All people aged 16 to 74 in employment,327,291,103,188,36,10,26
S01012177,A B D E. Agriculture energy and water,5,5,1,4,0,0,0
S01012177,C. Manufacturing,29,27,3,24,2,1,1
S01012177,F. Construction,25,14,0,14,11,2,9
S01012177,G I. Distribution hotels and restaurants,83,73,43,30,10,3,7
S01012177,H J. Transport and communication,31,25,2,23,6,2,4
S01012177,K L M N. Financial real estate professional and administrative activities,40,36,14,22,4,0,4
S01012177,O P Q. Public administration education and health,104,102,37,65,2,1,1
S01012177,R S T U. Other,10,9,3,6,1,1,0
S01012178,All people aged 16 to 74 in employment,291,266,89,177,25,4,21
S01012178,A B D E. Agriculture energy and water,4,4,0,4,0,0,0
S01012178,C. Manufacturing,34,32,0,32,2,1,1
S01012178,F. Construction,29,23,4,19,6,0,6
S01012178,G I. Distribution hotels and restaurants,66,60,33,27,6,0,6
S01012178,H J. Transport and communication,24,21,1,20,3,0,3
S01012178,K L M N. Financial real estate professional and administrative activities,41,37,11,26,4,2,2
S01012178,O P Q. Public administration education and health,81,78,37,41,3,0,3
S01012178,R S T U. Other,12,11,3,8,1,1,0
S01012179,All people aged 16 to 74 in employment,264,237,78,159,27,12,15
S01012179,A B D E. Agriculture energy and water,2,2,0,2,0,0,0
S01012179,C. Manufacturing,22,22,1,21,0,0,0
S01012179,F. Construction,30,21,4,17,9,4,5
S01012179,G I. Distribution hotels and restaurants,64,61,35,26,3,1,2
S01012179,H J. Transport and communication,17,15,4,11,2,1,1
S01012179,K L M N. Financial real estate professional and administrative activities,48,42,10,32,6,1,5
S01012179,O P Q. Public administration education and health,71,66,21,45,5,3,2
S01012179,R S T U. Other,10,8,3,5,2,2,0
S01012180,All people aged 16 to 74 in employment,224,202,55,147,22,9,13
S01012180,A B D E. Agriculture energy and water,4,3,0,3,1,0,1
S01012180,C. Manufacturing,19,18,0,18,1,0,1
S01012180,F. Construction,11,8,1,7,3,1,2
S01012180,G I. Distribution hotels and restaurants,59,53,24,29,6,1,5
S01012180,H J. Transport and communication,14,11,2,9,3,2,1
S01012180,K L M N. Financial real estate professional and administrative activities,33,31,7,24,2,1,1
S01012180,O P Q. Public administration education and health,80,76,21,55,4,3,1
S01012180,R S T U. Other,4,2,0,2,2,1,1
S01012181,All people aged 16 to 74 in employment,330,299,79,220,31,6,25
S01012181,A B D E. Agriculture energy and water,5,5,0,5,0,0,0
S01012181,C. Manufacturing,37,35,2,33,2,1,1
S01012181,F. Construction,32,21,1,20,11,2,9
S01012181,G I. Distribution hotels and restaurants,66,60,26,34,6,0,6
S01012181,H J. Transport and communication,31,29,6,23,2,0,2
S01012181,K L M N. Financial real estate professional and administrative activities,40,35,10,25,5,0,5
S01012181,O P Q. Public administration education and health,106,104,29,75,2,1,1
S01012181,R S T U. Other,13,10,5,5,3,2,1
S01012182,All people aged 16 to 74 in employment,655,603,152,451,52,11,41
S01012182,A B D E. Agriculture energy and water,13,13,0,13,0,0,0
S01012182,C. Manufacturing,69,66,1,65,3,0,3
S01012182,F. Construction,42,34,2,32,8,1,7
S01012182,G I. Distribution hotels and restaurants,147,137,71,66,10,4,6
S01012182,H J. Transport and communication,64,50,6,44,14,2,12
S01012182,K L M N. Financial real estate professional and administrative activities,110,103,19,84,7,1,6
S01012182,O P Q. Public administration education and health,183,179,48,131,4,1,3
S01012182,R S T U. Other,27,21,5,16,6,2,4
S01012183,All people aged 16 to 74 in employment,363,338,75,263,25,5,20
S01012183,A B D E. Agriculture energy and water,1,1,0,1,0,0,0
S01012183,C. Manufacturing,34,32,3,29,2,0,2
S01012183,F. Construction,33,26,0,26,7,0,7
S01012183,G I. Distribution hotels and restaurants,94,90,32,58,4,1,3
S01012183,H J. Transport and communication,25,23,2,21,2,0,2
S01012183,K L M N. Financial real estate professional and administrative activities,70,66,11,55,4,0,4
S01012183,O P Q. Public administration education and health,84,81,20,61,3,2,1
S01012183,R S T U. Other,22,19,7,12,3,2,1
S01012184,All people aged 16 to 74 in employment,332,308,50,258,24,6,18
S01012184,A B D E. Agriculture energy and water,6,6,0,6,0,0,0
S01012184,C. Manufacturing,25,25,3,22,0,0,0
S01012184,F. Construction,27,21,0,21,6,3,3
S01012184,G I. Distribution hotels and restaurants,69,68,24,44,1,0,1
S01012184,H J. Transport and communication,47,42,2,40,5,0,5
S01012184,K L M N. Financial real estate professional and administrative activities,40,35,5,30,5,0,5
S01012184,O P Q. Public administration education and health,104,101,13,88,3,2,1
S01012184,R S T U. Other,14,10,3,7,4,1,3
S01012185,All people aged 16 to 74 in employment,360,334,57,277,26,3,23
S01012185,A B D E. Agriculture energy and water,8,8,1,7,0,0,0
S01012185,C. Manufacturing,45,43,4,39,2,0,2
S01012185,F. Construction,25,15,0,15,10,0,10
S01012185,G I. Distribution hotels and restaurants,80,77,32,45,3,0,3
S01012185,H J. Transport and communication,48,42,4,38,6,1,5
S01012185,K L M N. Financial real estate professional and administrative activities,69,65,5,60,4,2,2
S01012185,O P Q. Public administration education and health,79,78,10,68,1,0,1
S01012185,R S T U. Other,6,6,1,5,0,0,0
S01012186,All people aged 16 to 74 in employment,274,256,79,177,18,2,16
S01012186,A B D E. Agriculture energy and water,2,2,1,1,0,0,0
S01012186,C. Manufacturing,32,30,1,29,2,0,2
S01012186,F. Construction,19,12,0,12,7,0,7
S01012186,G I. Distribution hotels and restaurants,68,65,30,35,3,0,3
S01012186,H J. Transport and communication,26,24,3,21,2,0,2
S01012186,K L M N. Financial real estate professional and administrative activities,25,24,6,18,1,0,1
S01012186,O P Q. Public administration education and health,81,78,28,50,3,2,1
S01012186,R S T U. Other,21,21,10,11,0,0,0
S01012187,All people aged 16 to 74 in employment,296,285,91,194,11,2,9
S01012187,A B D E. Agriculture energy and water,1,1,0,1,0,0,0
S01012187,C. Manufacturing,36,36,3,33,0,0,0
S01012187,F. Construction,16,14,1,13,2,0,2
S01012187,G I. Distribution hotels and restaurants,83,82,36,46,1,1,0
S01012187,H J. Transport and communication,22,17,2,15,5,0,5
S01012187,K L M N. Financial real estate professional and administrative activities,44,43,12,31,1,0,1
S01012187,O P Q. Public administration education and health,78,77,32,45,1,0,1
S01012187,R S T U. Other,16,15,5,10,1,1,0
S01012188,All people aged 16 to 74 in employment,261,241,62,179,20,4,16
S01012188,A B D E. Agriculture energy and water,6,4,1,3,2,1,1
S01012188,C. Manufacturing,19,17,0,17,2,1,1
S01012188,F. Construction,26,18,0,18,8,1,7
S01012188,G I. Distribution hotels and restaurants,57,56,20,36,1,0,1
S01012188,H J. Transport and communication,25,22,5,17,3,0,3
S01012188,K L M N. Financial real estate professional and administrative activities,34,31,5,26,3,1,2
S01012188,O P Q. Public administration education and health,81,80,26,54,1,0,1
S01012188,R S T U. Other,13,13,5,8,0,0,0
S01012189,All people aged 16 to 74 in employment,311,291,70,221,20,4,16
S01012189,A B D E. Agriculture energy and water,3,3,0,3,0,0,0
S01012189,C. Manufacturing,45,40,2,38,5,0,5
S01012189,F. Construction,21,18,2,16,3,0,3
S01012189,G I. Distribution hotels and restaurants,56,55,19,36,1,1,0
S01012189,H J. Transport and communication,34,33,6,27,1,0,1
S01012189,K L M N. Financial real estate professional and administrative activities,45,41,9,32,4,2,2
S01012189,O P Q. Public administration education and health,90,87,29,58,3,1,2
S01012189,R S T U. Other,17,14,3,11,3,0,3
S01012190,All people aged 16 to 74 in employment,322,299,85,214,23,7,16
S01012190,A B D E. Agriculture energy and water,8,8,1,7,0,0,0
S01012190,C. Manufacturing,26,26,2,24,0,0,0
S01012190,F. Construction,24,19,2,17,5,1,4
S01012190,G I. Distribution hotels and restaurants,61,55,28,27,6,2,4
S01012190,H J. Transport and communication,43,38,8,30,5,2,3
S01012190,K L M N. Financial real estate professional and administrative activities,49,46,8,38,3,1,2
S01012190,O P Q. Public administration education and health,96,95,31,64,1,1,0
S01012190,R S T U. Other,15,12,5,7,3,0,3
S01012191,All people aged 16 to 74 in employment,482,440,117,323,42,8,34
S01012191,A B D E. Agriculture energy and water,5,5,0,5,0,0,0
S01012191,C. Manufacturing,59,58,5,53,1,0,1
S01012191,F. Construction,42,35,5,30,7,1,6
S01012191,G I. Distribution hotels and restaurants,80,76,34,42,4,1,3
S01012191,H J. Transport and communication,41,30,5,25,11,0,11
S01012191,K L M N. Financial real estate professional and administrative activities,76,71,15,56,5,1,4
S01012191,O P Q. Public administration education and health,156,149,50,99,7,3,4
S01012191,R S T U. Other,23,16,3,13,7,2,5
S01012192,All people aged 16 to 74 in employment,266,236,69,167,30,8,22
S01012192,A B D E. Agriculture energy and water,5,4,0,4,1,0,1
S01012192,C. Manufacturing,32,25,1,24,7,2,5
S01012192,F. Construction,21,17,0,17,4,1,3
S01012192,G I. Distribution hotels and restaurants,59,54,27,27,5,1,4
S01012192,H J. Transport and communication,21,19,3,16,2,0,2
S01012192,K L M N. Financial real estate professional and administrative activities,40,35,11,24,5,0,5
S01012192,O P Q. Public administration education and health,76,72,24,48,4,2,2
S01012192,R S T U. Other,12,10,3,7,2,2,0
S01012193,All people aged 16 to 74 in employment,354,323,87,236,31,6,25
S01012193,A B D E. Agriculture energy and water,4,4,0,4,0,0,0
S01012193,C. Manufacturing,61,59,3,56,2,1,1
S01012193,F. Construction,27,21,2,19,6,2,4
S01012193,G I. Distribution hotels and restaurants,74,67,37,30,7,1,6
S01012193,H J. Transport and communication,30,26,7,19,4,0,4
S01012193,K L M N. Financial real estate professional and administrative activities,50,41,7,34,9,1,8
S01012193,O P Q. Public administration education and health,96,94,28,66,2,1,1
S01012193,R S T U. Other,12,11,3,8,1,0,1
S01012194,All people aged 16 to 74 in employment,325,311,86,225,14,0,14
S01012194,A B D E. Agriculture energy and water,4,4,0,4,0,0,0
S01012194,C. Manufacturing,27,27,1,26,0,0,0
S01012194,F. Construction,29,23,1,22,6,0,6
S01012194,G I. Distribution hotels and restaurants,67,66,36,30,1,0,1
S01012194,H J. Transport and communication,22,20,3,17,2,0,2
S01012194,K L M N. Financial real estate professional and administrative activities,50,47,8,39,3,0,3
S01012194,O P Q. Public administration education and health,115,113,30,83,2,0,2
S01012194,R S T U. Other,11,11,7,4,0,0,0
S01012195,All people aged 16 to 74 in employment,613,575,145,430,38,5,33
S01012195,A B D E. Agriculture energy and water,11,11,0,11,0,0,0
S01012195,C. Manufacturing,75,72,4,68,3,0,3
S01012195,F. Construction,30,25,2,23,5,1,4
S01012195,G I. Distribution hotels and restaurants,99,96,48,48,3,0,3
S01012195,H J. Transport and communication,48,40,7,33,8,2,6
S01012195,K L M N. Financial real estate professional and administrative activities,105,97,22,75,8,0,8
S01012195,O P Q. Public administration education and health,211,208,53,155,3,0,3
S01012195,R S T U. Other,34,26,9,17,8,2,6
S01012196,All people aged 16 to 74 in employment,338,305,84,221,33,7,26
S01012196,A B D E. Agriculture energy and water,7,7,0,7,0,0,0
S01012196,C. Manufacturing,33,33,0,33,0,0,0
S01012196,F. Construction,20,14,0,14,6,1,5
S01012196,G I. Distribution hotels and restaurants,57,53,30,23,4,0,4
S01012196,H J. Transport and communication,31,25,6,19,6,2,4
S01012196,K L M N. Financial real estate professional and administrative activities,55,48,9,39,7,0,7
S01012196,O P Q. Public administration education and health,120,117,35,82,3,1,2
S01012196,R S T U. Other,15,8,4,4,7,3,4
S01012197,All people aged 16 to 74 in employment,314,295,77,218,19,4,15
S01012197,A B D E. Agriculture energy and water,2,2,0,2,0,0,0
S01012197,C. Manufacturing,40,38,2,36,2,0,2
S01012197,F. Construction,26,22,2,20,4,0,4
S01012197,G I. Distribution hotels and restaurants,62,59,31,28,3,0,3
S01012197,H J. Transport and communication,26,26,4,22,0,0,0
S01012197,K L M N. Financial real estate professional and administrative activities,49,45,9,36,4,2,2
S01012197,O P Q. Public administration education and health,98,94,28,66,4,2,2
S01012197,R S T U. Other,11,9,1,8,2,0,2
S01012198,All people aged 16 to 74 in employment,436,403,111,292,33,8,25
S01012198,A B D E. Agriculture energy and water,10,10,0,10,0,0,0
S01012198,C. Manufacturing,43,42,3,39,1,0,1
S01012198,F. Construction,23,17,0,17,6,3,3
S01012198,G I. Distribution hotels and restaurants,86,79,38,41,7,1,6
S01012198,H J. Transport and communication,40,36,6,30,4,1,3
S01012198,K L M N. Financial real estate professional and administrative activities,76,66,19,47,10,3,7
S01012198,O P Q. Public administration education and health,135,134,39,95,1,0,1
S01012198,R S T U. Other,23,19,6,13,4,0,4
S01012199,All people aged 16 to 74 in employment,351,337,101,236,14,4,10
S01012199,A B D E. Agriculture energy and water,7,7,1,6,0,0,0
S01012199,C. Manufacturing,49,48,2,46,1,0,1
S01012199,F. Construction,31,26,1,25,5,1,4
S01012199,G I. Distribution hotels and restaurants,69,68,42,26,1,1,0
S01012199,H J. Transport and communication,27,24,3,21,3,0,3
S01012199,K L M N. Financial real estate professional and administrative activities,51,50,10,40,1,1,0
S01012199,O P Q. Public administration education and health,97,95,33,62,2,0,2
S01012199,R S T U. Other,20,19,9,10,1,1,0
S01012200,All people aged 16 to 74 in employment,292,269,91,178,23,5,18
S01012200,A B D E. Agriculture energy and water,5,5,0,5,0,0,0
S01012200,C. Manufacturing,22,22,2,20,0,0,0
S01012200,F. Construction,21,13,0,13,8,1,7
S01012200,G I. Distribution hotels and restaurants,67,63,28,35,4,1,3
S01012200,H J. Transport and communication,32,27,8,19,5,0,5
S01012200,K L M N. Financial real estate professional and administrative activities,31,29,9,20,2,1,1
S01012200,O P Q. Public administration education and health,102,99,39,60,3,1,2
S01012200,R S T U. Other,12,11,5,6,1,1,0
S01012201,All people aged 16 to 74 in employment,359,336,91,245,23,3,20
S01012201,A B D E. Agriculture energy and water,10,9,0,9,1,1,0
S01012201,C. Manufacturing,41,41,4,37,0,0,0
S01012201,F. Construction,21,18,0,18,3,0,3
S01012201,G I. Distribution hotels and restaurants,85,80,33,47,5,0,5
S01012201,H J. Transport and communication,34,29,5,24,5,0,5
S01012201,K L M N. Financial real estate professional and administrative activities,50,47,13,34,3,1,2
S01012201,O P Q. Public administration education and health,101,98,31,67,3,0,3
S01012201,R S T U. Other,17,14,5,9,3,1,2
S01012202,All people aged 16 to 74 in employment,297,281,72,209,16,4,12
S01012202,A B D E. Agriculture energy and water,4,4,0,4,0,0,0
S01012202,C. Manufacturing,31,31,3,28,0,0,0
S01012202,F. Construction,14,13,1,12,1,0,1
S01012202,G I. Distribution hotels and restaurants,61,60,28,32,1,0,1
S01012202,H J. Transport and communication,21,20,4,16,1,0,1
S01012202,K L M N. Financial real estate professional and administrative activities,50,46,7,39,4,0,4
S01012202,O P Q. Public administration education and health,101,97,28,69,4,2,2
S01012202,R S T U. Other,15,10,1,9,5,2,3
S01012203,All people aged 16 to 74 in employment,415,379,109,270,36,10,26
S01012203,A B D E. Agriculture energy and water,11,9,1,8,2,0,2
S01012203,C. Manufacturing,57,54,4,50,3,0,3
S01012203,F. Construction,22,16,1,15,6,3,3
S01012203,G I. Distribution hotels and restaurants,83,70,34,36,13,1,12
S01012203,H J. Transport and communication,23,20,2,18,3,2,1
S01012203,K L M N. Financial real estate professional and administrative activities,72,68,13,55,4,1,3
S01012203,O P Q. Public administration education and health,129,127,49,78,2,2,0
S01012203,R S T U. Other,18,15,5,10,3,1,2
S01012204,All people aged 16 to 74 in employment,486,444,115,329,42,11,31
S01012204,A B D E. Agriculture energy and water,8,8,0,8,0,0,0
S01012204,C. Manufacturing,37,35,3,32,2,1,1
S01012204,F. Construction,46,35,2,33,11,2,9
S01012204,G I. Distribution hotels and restaurants,95,86,43,43,9,0,9
S01012204,H J. Transport and communication,45,42,2,40,3,0,3
S01012204,K L M N. Financial real estate professional and administrative activities,69,64,11,53,5,3,2
S01012204,O P Q. Public administration education and health,164,157,46,111,7,3,4
S01012204,R S T U. Other,22,17,8,9,5,2,3
S01012205,All people aged 16 to 74 in employment,402,350,87,263,52,18,34
S01012205,A B D E. Agriculture energy and water,4,4,0,4,0,0,0
S01012205,C. Manufacturing,38,34,1,33,4,0,4
S01012205,F. Construction,22,17,2,15,5,0,5
S01012205,G I. Distribution hotels and restaurants,76,67,32,35,9,0,9
S01012205,H J. Transport and communication,45,35,4,31,10,5,5
S01012205,K L M N. Financial real estate professional and administrative activities,56,46,9,37,10,5,5
S01012205,O P Q. Public administration education and health,134,129,34,95,5,3,2
S01012205,R S T U. Other,27,18,5,13,9,5,4
S01012206,All people aged 16 to 74 in employment,502,466,144,322,36,5,31
S01012206,A B D E. Agriculture energy and water,1,1,0,1,0,0,0
S01012206,C. Manufacturing,58,56,2,54,2,0,2
S01012206,F. Construction,32,22,2,20,10,0,10
S01012206,G I. Distribution hotels and restaurants,114,109,65,44,5,0,5
S01012206,H J. Transport and communication,44,40,7,33,4,0,4
S01012206,K L M N. Financial real estate professional and administrative activities,60,53,10,43,7,0,7
S01012206,O P Q. Public administration education and health,164,163,49,114,1,0,1
S01012206,R S T U. Other,29,22,9,13,7,5,2
S01012207,All people aged 16 to 74 in employment,400,373,104,269,27,5,22
S01012207,A B D E. Agriculture energy and water,5,5,1,4,0,0,0
S01012207,C. Manufacturing,41,41,6,35,0,0,0
S01012207,F. Construction,29,22,2,20,7,3,4
S01012207,G I. Distribution hotels and restaurants,81,76,36,40,5,0,5
S01012207,H J. Transport and communication,44,38,5,33,6,0,6
S01012207,K L M N. Financial real estate professional and administrative activities,54,49,14,35,5,2,3
S01012207,O P Q. Public administration education and health,126,123,36,87,3,0,3
S01012207,R S T U. Other,20,19,4,15,1,0,1
S01012208,All people aged 16 to 74 in employment,465,423,128,295,42,8,34
S01012208,A B D E. Agriculture energy and water,2,2,0,2,0,0,0
S01012208,C. Manufacturing,51,49,3,46,2,1,1
S01012208,F. Construction,38,29,5,24,9,1,8
S01012208,G I. Distribution hotels and restaurants,93,92,42,50,1,0,1
S01012208,H J. Transport and communication,49,36,7,29,13,1,12
S01012208,K L M N. Financial real estate professional and administrative activities,72,67,20,47,5,3,2
S01012208,O P Q. Public administration education and health,135,128,44,84,7,0,7
S01012208,R S T U. Other,25,20,7,13,5,2,3
S01012209,All people aged 16 to 74 in employment,334,302,79,223,32,10,22
S01012209,A B D E. Agriculture energy and water,8,8,0,8,0,0,0
S01012209,C. Manufacturing,38,34,0,34,4,2,2
S01012209,F. Construction,25,19,2,17,6,0,6
S01012209,G I. Distribution hotels and restaurants,72,66,37,29,6,2,4
S01012209,H J. Transport and communication,27,20,3,17,7,0,7
S01012209,K L M N. Financial real estate professional and administrative activities,50,47,13,34,3,1,2
S01012209,O P Q. Public administration education and health,92,89,22,67,3,2,1
S01012209,R S T U. Other,22,19,2,17,3,3,0
S01012210,All people aged 16 to 74 in employment,318,302,97,205,16,2,14
S01012210,A B D E. Agriculture energy and water,5,5,0,5,0,0,0
S01012210,C. Manufacturing,31,28,1,27,3,1,2
S01012210,F. Construction,15,13,0,13,2,0,2
S01012210,G I. Distribution hotels and restaurants,71,66,36,30,5,0,5
S01012210,H J. Transport and communication,26,24,3,21,2,0,2
S01012210,K L M N. Financial real estate professional and administrative activities,44,41,11,30,3,1,2
S01012210,O P Q. Public administration education and health,114,114,42,72,0,0,0
S01012210,R S T U. Other,12,11,4,7,1,0,1
S01012211,All people aged 16 to 74 in employment,439,397,118,279,42,10,32
S01012211,A B D E. Agriculture energy and water,6,6,0,6,0,0,0
S01012211,C. Manufacturing,34,34,2,32,0,0,0
S01012211,F. Construction,34,21,4,17,13,2,11
S01012211,G I. Distribution hotels and restaurants,84,77,36,41,7,1,6
S01012211,H J. Transport and communication,43,38,8,30,5,0,5
S01012211,K L M N. Financial real estate professional and administrative activities,56,47,10,37,9,3,6
S01012211,O P Q. Public administration education and health,154,150,48,102,4,3,1
S01012211,R S T U. Other,28,24,10,14,4,1,3
S01012212,All people aged 16 to 74 in employment,381,357,91,266,24,5,19
S01012212,A B D E. Agriculture energy and water,8,8,1,7,0,0,0
S01012212,C. Manufacturing,31,28,1,27,3,0,3
S01012212,F. Construction,23,21,1,20,2,0,2
S01012212,G I. Distribution hotels and restaurants,57,52,25,27,5,2,3
S01012212,H J. Transport and communication,32,28,6,22,4,0,4
S01012212,K L M N. Financial real estate professional and administrative activities,59,53,15,38,6,2,4
S01012212,O P Q. Public administration education and health,161,157,40,117,4,1,3
S01012212,R S T U. Other,10,10,2,8,0,0,0
S01012213,All people aged 16 to 74 in employment,436,402,112,290,34,14,20
S01012213,A B D E. Agriculture energy and water,5,4,0,4,1,0,1
S01012213,C. Manufacturing,60,57,0,57,3,1,2
S01012213,F. Construction,23,18,2,16,5,0,5
S01012213,G I. Distribution hotels and restaurants,75,70,38,32,5,2,3
S01012213,H J. Transport and communication,38,33,6,27,5,1,4
S01012213,K L M N. Financial real estate professional and administrative activities,68,63,16,47,5,3,2
S01012213,O P Q. Public administration education and health,145,138,40,98,7,5,2
S01012213,R S T U. Other,22,19,10,9,3,2,1
S01012214,All people aged 16 to 74 in employment,329,280,80,200,49,13,36
S01012214,A B D E. Agriculture energy and water,5,5,0,5,0,0,0
S01012214,C. Manufacturing,31,29,2,27,2,0,2
S01012214,F. Construction,29,17,1,16,12,3,9
S01012214,G I. Distribution hotels and restaurants,58,52,27,25,6,0,6
S01012214,H J. Transport and communication,30,25,5,20,5,1,4
S01012214,K L M N. Financial real estate professional and administrative activities,60,41,8,33,19,7,12
S01012214,O P Q. Public administration education and health,105,101,32,69,4,2,2
S01012214,R S T U. Other,11,10,5,5,1,0,1
S01012215,All people aged 16 to 74 in employment,481,449,127,322,32,7,25
S01012215,A B D E. Agriculture energy and water,5,5,0,5,0,0,0
S01012215,C. Manufacturing,40,40,4,36,0,0,0
S01012215,F. Construction,29,24,1,23,5,2,3
S01012215,G I. Distribution hotels and restaurants,90,84,42,42,6,1,5
S01012215,H J. Transport and communication,39,34,1,33,5,0,5
S01012215,K L M N. Financial real estate professional and administrative activities,71,65,17,48,6,2,4
S01012215,O P Q. Public administration education and health,185,180,56,124,5,0,5
S01012215,R S T U. Other,22,17,6,11,5,2,3
S01012216,All people aged 16 to 74 in employment,391,351,111,240,40,11,29
S01012216,A B D E. Agriculture energy and water,6,6,0,6,0,0,0
S01012216,C. Manufacturing,37,35,3,32,2,1,1
S01012216,F. Construction,18,14,2,12,4,1,3
S01012216,G I. Distribution hotels and restaurants,71,62,40,22,9,1,8
S01012216,H J. Transport and communication,40,38,6,32,2,1,1
S01012216,K L M N. Financial real estate professional and administrative activities,63,51,13,38,12,3,9
S01012216,O P Q. Public administration education and health,134,127,40,87,7,1,6
S01012216,R S T U. Other,22,18,7,11,4,3,1
S01012217,All people aged 16 to 74 in employment,227,214,68,146,13,8,5
S01012217,A B D E. Agriculture energy and water,3,3,0,3,0,0,0
S01012217,C. Manufacturing,27,27,1,26,0,0,0
S01012217,F. Construction,11,8,2,6,3,1,2
S01012217,G I. Distribution hotels and restaurants,63,61,28,33,2,0,2
S01012217,H J. Transport and communication,29,25,8,17,4,3,1
S01012217,K L M N. Financial real estate professional and administrative activities,28,26,7,19,2,2,0
S01012217,O P Q. Public administration education and health,53,53,18,35,0,0,0
S01012217,R S T U. Other,13,11,4,7,2,2,0
S01012218,All people aged 16 to 74 in employment,175,167,58,109,8,3,5
S01012218,A B D E. Agriculture energy and water,2,2,1,1,0,0,0
S01012218,C. Manufacturing,14,14,1,13,0,0,0
S01012218,F. Construction,14,13,1,12,1,0,1
S01012218,G I. Distribution hotels and restaurants,59,59,29,30,0,0,0
S01012218,H J. Transport and communication,22,18,6,12,4,1,3
S01012218,K L M N. Financial real estate professional and administrative activities,19,16,4,12,3,2,1
S01012218,O P Q. Public administration education and health,38,38,13,25,0,0,0
S01012218,R S T U. Other,7,7,3,4,0,0,0
S01012219,All people aged 16 to 74 in employment,311,294,98,196,17,3,14
S01012219,A B D E. Agriculture energy and water,4,4,0,4,0,0,0
S01012219,C. Manufacturing,22,21,4,17,1,0,1
S01012219,F. Construction,32,27,2,25,5,1,4
S01012219,G I. Distribution hotels and restaurants,78,76,38,38,2,0,2
S01012219,H J. Transport and communication,27,24,6,18,3,0,3
S01012219,K L M N. Financial real estate professional and administrative activities,37,34,8,26,3,1,2
S01012219,O P Q. Public administration education and health,96,95,31,64,1,0,1
S01012219,R S T U. Other,15,13,9,4,2,1,1
S01012220,All people aged 16 to 74 in employment,233,216,52,164,17,5,12
S01012220,A B D E. Agriculture energy and water,5,4,2,2,1,0,1
S01012220,C. Manufacturing,27,27,1,26,0,0,0
S01012220,F. Construction,14,10,1,9,4,0,4
S01012220,G I. Distribution hotels and restaurants,64,62,24,38,2,1,1
S01012220,H J. Transport and communication,23,20,4,16,3,0,3
S01012220,K L M N. Financial real estate professional and administrative activities,28,25,7,18,3,2,1
S01012220,O P Q. Public administration education and health,59,58,12,46,1,1,0
S01012220,R S T U. Other,13,10,1,9,3,1,2
S01012221,All people aged 16 to 74 in employment,253,236,64,172,17,2,15
S01012221,A B D E. Agriculture energy and water,2,2,0,2,0,0,0
S01012221,C. Manufacturing,21,20,0,20,1,0,1
S01012221,F. Construction,31,24,1,23,7,1,6
S01012221,G I. Distribution hotels and restaurants,56,56,25,31,0,0,0
S01012221,H J. Transport and communication,23,17,4,13,6,1,5
S01012221,K L M N. Financial real estate professional and administrative activities,27,27,6,21,0,0,0
S01012221,O P Q. Public administration education and health,80,78,22,56,2,0,2
S01012221,R S T U. Other,13,12,6,6,1,0,1
S01012222,All people aged 16 to 74 in employment,343,323,79,244,20,7,13
S01012222,A B D E. Agriculture energy and water,2,2,0,2,0,0,0
S01012222,C. Manufacturing,44,44,4,40,0,0,0
S01012222,F. Construction,40,32,1,31,8,2,6
S01012222,G I. Distribution hotels and restaurants,80,78,34,44,2,1,1
S01012222,H J. Transport and communication,35,30,2,28,5,2,3
S01012222,K L M N. Financial real estate professional and administrative activities,30,30,8,22,0,0,0
S01012222,O P Q. Public administration education and health,99,97,26,71,2,1,1
S01012222,R S T U. Other,13,10,4,6,3,1,2
S01012223,All people aged 16 to 74 in employment,284,268,77,191,16,3,13
S01012223,A B D E. Agriculture energy and water,7,7,0,7,0,0,0
S01012223,C. Manufacturing,36,36,1,35,0,0,0
S01012223,F. Construction,21,19,1,18,2,0,2
S01012223,G I. Distribution hotels and restaurants,62,61,30,31,1,0,1
S01012223,H J. Transport and communication,33,28,9,19,5,0,5
S01012223,K L M N. Financial real estate professional and administrative activities,30,29,2,27,1,0,1
S01012223,O P Q. Public administration education and health,80,76,30,46,4,2,2
S01012223,R S T U. Other,15,12,4,8,3,1,2
S01012224,All people aged 16 to 74 in employment,358,336,89,247,22,6,16
S01012224,A B D E. Agriculture energy and water,10,9,0,9,1,0,1
S01012224,C. Manufacturing,39,38,1,37,1,0,1
S01012224,F. Construction,31,26,0,26,5,2,3
S01012224,G I. Distribution hotels and restaurants,85,84,39,45,1,0,1
S01012224,H J. Transport and communication,32,28,4,24,4,1,3
S01012224,K L M N. Financial real estate professional and administrative activities,42,41,6,35,1,0,1
S01012224,O P Q. Public administration education and health,104,101,35,66,3,1,2
S01012224,R S T U. Other,15,9,4,5,6,2,4
S01012225,All people aged 16 to 74 in employment,462,430,123,307,32,10,22
S01012225,A B D E. Agriculture energy and water,11,11,0,11,0,0,0
S01012225,C. Manufacturing,32,31,2,29,1,0,1
S01012225,F. Construction,49,43,1,42,6,1,5
S01012225,G I. Distribution hotels and restaurants,118,110,48,62,8,5,3
S01012225,H J. Transport and communication,42,37,8,29,5,1,4
S01012225,K L M N. Financial real estate professional and administrative activities,58,54,13,41,4,2,2
S01012225,O P Q. Public administration education and health,129,126,46,80,3,0,3
S01012225,R S T U. Other,23,18,5,13,5,1,4
S01012226,All people aged 16 to 74 in employment,352,325,106,219,27,7,20
S01012226,A B D E. Agriculture energy and water,5,5,0,5,0,0,0
S01012226,C. Manufacturing,39,38,2,36,1,0,1
S01012226,F. Construction,25,19,0,19,6,1,5
S01012226,G I. Distribution hotels and restaurants,82,80,42,38,2,0,2
S01012226,H J. Transport and communication,36,30,8,22,6,2,4
S01012226,K L M N. Financial real estate professional and administrative activities,37,34,10,24,3,1,2
S01012226,O P Q. Public administration education and health,115,109,41,68,6,1,5
S01012226,R S T U. Other,13,10,3,7,3,2,1
S01012227,All people aged 16 to 74 in employment,316,303,94,209,13,0,13
S01012227,A B D E. Agriculture energy and water,7,7,1,6,0,0,0
S01012227,C. Manufacturing,35,34,1,33,1,0,1
S01012227,F. Construction,39,35,0,35,4,0,4
S01012227,G I. Distribution hotels and restaurants,64,62,33,29,2,0,2
S01012227,H J. Transport and communication,32,30,6,24,2,0,2
S01012227,K L M N. Financial real estate professional and administrative activities,33,29,6,23,4,0,4
S01012227,O P Q. Public administration education and health,92,92,38,54,0,0,0
S01012227,R S T U. Other,14,14,9,5,0,0,0
S01012228,All people aged 16 to 74 in employment,341,324,103,221,17,4,13
S01012228,A B D E. Agriculture energy and water,8,7,0,7,1,0,1
S01012228,C. Manufacturing,40,40,1,39,0,0,0
S01012228,F. Construction,28,24,2,22,4,0,4
S01012228,G I. Distribution hotels and restaurants,86,85,41,44,1,0,1
S01012228,H J. Transport and communication,36,27,4,23,9,3,6
S01012228,K L M N. Financial real estate professional and administrative activities,41,40,18,22,1,1,0
S01012228,O P Q. Public administration education and health,85,84,33,51,1,0,1
S01012228,R S T U. Other,17,17,4,13,0,0,0
S01012229,All people aged 16 to 74 in employment,398,361,86,275,37,7,30
S01012229,A B D E. Agriculture energy and water,4,4,0,4,0,0,0
S01012229,C. Manufacturing,34,33,4,29,1,0,1
S01012229,F. Construction,24,18,0,18,6,1,5
S01012229,G I. Distribution hotels and restaurants,62,56,25,31,6,0,6
S01012229,H J. Transport and communication,42,37,6,31,5,1,4
S01012229,K L M N. Financial real estate professional and administrative activities,70,62,11,51,8,2,6
S01012229,O P Q. Public administration education and health,143,136,32,104,7,2,5
S01012229,R S T U. Other,19,15,8,7,4,1,3
S01012230,All people aged 16 to 74 in employment,494,447,116,331,47,11,36
S01012230,A B D E. Agriculture energy and water,5,5,0,5,0,0,0
S01012230,C. Manufacturing,44,39,3,36,5,1,4
S01012230,F. Construction,38,29,2,27,9,1,8
S01012230,G I. Distribution hotels and restaurants,84,76,36,40,8,0,8
S01012230,H J. Transport and communication,46,44,5,39,2,0,2
S01012230,K L M N. Financial real estate professional and administrative activities,95,82,20,62,13,2,11
S01012230,O P Q. Public administration education and health,161,157,46,111,4,3,1
S01012230,R S T U. Other,21,15,4,11,6,4,2
S01012231,All people aged 16 to 74 in employment,437,372,110,262,65,20,45
S01012231,A B D E. Agriculture energy and water,7,6,0,6,1,0,1
S01012231,C. Manufacturing,44,40,1,39,4,0,4
S01012231,F. Construction,31,24,4,20,7,1,6
S01012231,G I. Distribution hotels and restaurants,83,69,35,34,14,2,12
S01012231,H J. Transport and communication,39,34,6,28,5,1,4
S01012231,K L M N. Financial real estate professional and administrative activities,73,62,17,45,11,4,7
S01012231,O P Q. Public administration education and health,137,126,41,85,11,5,6
S01012231,R S T U. Other,23,11,6,5,12,7,5
S01012232,All people aged 16 to 74 in employment,451,405,109,296,46,11,35
S01012232,A B D E. Agriculture energy and water,5,5,0,5,0,0,0
S01012232,C. Manufacturing,36,36,2,34,0,0,0
S01012232,F. Construction,29,19,4,15,10,2,8
S01012232,G I. Distribution hotels and restaurants,80,77,36,41,3,1,2
S01012232,H J. Transport and communication,42,39,6,33,3,0,3
S01012232,K L M N. Financial real estate professional and administrative activities,89,75,11,64,14,5,9
S01012232,O P Q. Public administration education and health,152,143,44,99,9,3,6
S01012232,R S T U. Other,18,11,6,5,7,0,7
S01012233,All people aged 16 to 74 in employment,477,422,117,305,55,14,41
S01012233,A B D E. Agriculture energy and water,9,8,0,8,1,1,0
S01012233,C. Manufacturing,48,45,3,42,3,1,2
S01012233,F. Construction,33,23,3,20,10,1,9
S01012233,G I. Distribution hotels and restaurants,95,87,45,42,8,3,5
S01012233,H J. Transport and communication,39,35,7,28,4,2,2
S01012233,K L M N. Financial real estate professional and administrative activities,80,67,15,52,13,1,12
S01012233,O P Q. Public administration education and health,160,150,41,109,10,1,9
S01012233,R S T U. Other,13,7,3,4,6,4,2
S01012234,All people aged 16 to 74 in employment,580,506,146,360,74,15,59
S01012234,A B D E. Agriculture energy and water,17,13,3,10,4,0,4
S01012234,C. Manufacturing,49,46,4,42,3,1,2
S01012234,F. Construction,69,58,7,51,11,3,8
S01012234,G I. Distribution hotels and restaurants,96,81,43,38,15,2,13
S01012234,H J. Transport and communication,47,45,9,36,2,0,2
S01012234,K L M N. Financial real estate professional and administrative activities,92,75,20,55,17,2,15
S01012234,O P Q. Public administration education and health,179,162,50,112,17,4,13
S01012234,R S T U. Other,31,26,10,16,5,3,2
S01012235,All people aged 16 to 74 in employment,207,174,55,119,33,12,21
S01012235,A B D E. Agriculture energy and water,8,8,1,7,0,0,0
S01012235,C. Manufacturing,18,16,2,14,2,1,1
S01012235,F. Construction,23,12,3,9,11,4,7
S01012235,G I. Distribution hotels and restaurants,31,30,17,13,1,0,1
S01012235,H J. Transport and communication,20,16,2,14,4,1,3
S01012235,K L M N. Financial real estate professional and administrative activities,40,33,5,28,7,1,6
S01012235,O P Q. Public administration education and health,57,51,22,29,6,3,3
S01012235,R S T U. Other,10,8,3,5,2,2,0
S01012236,All people aged 16 to 74 in employment,291,255,67,188,36,13,23
S01012236,A B D E. Agriculture energy and water,7,5,1,4,2,0,2
S01012236,C. Manufacturing,20,19,2,17,1,0,1
S01012236,F. Construction,28,23,1,22,5,1,4
S01012236,G I. Distribution hotels and restaurants,42,39,18,21,3,1,2
S01012236,H J. Transport and communication,22,21,6,15,1,0,1
S01012236,K L M N. Financial real estate professional and administrative activities,44,34,5,29,10,4,6
S01012236,O P Q. Public administration education and health,113,102,31,71,11,4,7
S01012236,R S T U. Other,15,12,3,9,3,3,0
S01012237,All people aged 16 to 74 in employment,365,300,92,208,65,22,43
S01012237,A B D E. Agriculture energy and water,3,2,0,2,1,0,1
S01012237,C. Manufacturing,27,24,3,21,3,1,2
S01012237,F. Construction,17,9,1,8,8,3,5
S01012237,G I. Distribution hotels and restaurants,58,50,22,28,8,2,6
S01012237,H J. Transport and communication,33,29,6,23,4,2,2
S01012237,K L M N. Financial real estate professional and administrative activities,92,66,22,44,26,6,20
S01012237,O P Q. Public administration education and health,125,111,35,76,14,7,7
S01012237,R S T U. Other,10,9,3,6,1,1,0
S01012238,All people aged 16 to 74 in employment,279,245,61,184,34,13,21
S01012238,A B D E. Agriculture energy and water,2,2,0,2,0,0,0
S01012238,C. Manufacturing,20,20,0,20,0,0,0
S01012238,F. Construction,25,16,0,16,9,0,9
S01012238,G I. Distribution hotels and restaurants,55,52,23,29,3,1,2
S01012238,H J. Transport and communication,34,23,4,19,11,4,7
S01012238,K L M N. Financial real estate professional and administrative activities,40,35,7,28,5,3,2
S01012238,O P Q. Public administration education and health,93,90,25,65,3,3,0
S01012238,R S T U. Other,10,7,2,5,3,2,1
S01012239,All people aged 16 to 74 in employment,250,225,71,154,25,6,19
S01012239,A B D E. Agriculture energy and water,5,5,1,4,0,0,0
S01012239,C. Manufacturing,29,29,3,26,0,0,0
S01012239,F. Construction,20,15,1,14,5,0,5
S01012239,G I. Distribution hotels and restaurants,54,50,31,19,4,0,4
S01012239,H J. Transport and communication,26,24,2,22,2,0,2
S01012239,K L M N. Financial real estate professional and administrative activities,26,24,8,16,2,0,2
S01012239,O P Q. Public administration education and health,81,71,24,47,10,4,6
S01012239,R S T U. Other,9,7,1,6,2,2,0
S01012240,All people aged 16 to 74 in employment,352,316,83,233,36,13,23
S01012240,A B D E. Agriculture energy and water,9,9,0,9,0,0,0
S01012240,C. Manufacturing,44,43,3,40,1,0,1
S01012240,F. Construction,32,23,4,19,9,1,8
S01012240,G I. Distribution hotels and restaurants,76,71,36,35,5,1,4
S01012240,H J. Transport and communication,25,21,2,19,4,2,2
S01012240,K L M N. Financial real estate professional and administrative activities,48,39,7,32,9,6,3
S01012240,O P Q. Public administration education and health,102,99,27,72,3,2,1
S01012240,R S T U. Other,16,11,4,7,5,1,4
S01012241,All people aged 16 to 74 in employment,256,202,43,159,54,16,38
S01012241,A B D E. Agriculture energy and water,4,4,0,4,0,0,0
S01012241,C. Manufacturing,20,15,0,15,5,2,3
S01012241,F. Construction,21,11,0,11,10,2,8
S01012241,G I. Distribution hotels and restaurants,30,23,6,17,7,3,4
S01012241,H J. Transport and communication,19,19,3,16,0,0,0
S01012241,K L M N. Financial real estate professional and administrative activities,59,43,10,33,16,1,15
S01012241,O P Q. Public administration education and health,95,80,23,57,15,8,7
S01012241,R S T U. Other,8,7,1,6,1,0,1
S01012242,All people aged 16 to 74 in employment,379,316,86,230,63,23,40
S01012242,A B D E. Agriculture energy and water,3,2,0,2,1,0,1
S01012242,C. Manufacturing,29,22,2,20,7,1,6
S01012242,F. Construction,27,19,1,18,8,3,5
S01012242,G I. Distribution hotels and restaurants,61,50,23,27,11,3,8
S01012242,H J. Transport and communication,33,30,2,28,3,1,2
S01012242,K L M N. Financial real estate professional and administrative activities,66,53,11,42,13,5,8
S01012242,O P Q. Public administration education and health,136,124,39,85,12,5,7
S01012242,R S T U. Other,24,16,8,8,8,5,3
S01012243,All people aged 16 to 74 in employment,292,248,69,179,44,14,30
S01012243,A B D E. Agriculture energy and water,2,2,0,2,0,0,0
S01012243,C. Manufacturing,26,24,4,20,2,1,1
S01012243,F. Construction,23,17,2,15,6,1,5
S01012243,G I. Distribution hotels and restaurants,51,46,23,23,5,0,5
S01012243,H J. Transport and communication,22,19,3,16,3,1,2
S01012243,K L M N. Financial real estate professional and administrative activities,55,40,4,36,15,3,12
S01012243,O P Q. Public administration education and health,101,90,31,59,11,6,5
S01012243,R S T U. Other,12,10,2,8,2,2,0
S01012244,All people aged 16 to 74 in employment,500,363,95,268,137,46,91
S01012244,A B D E. Agriculture energy and water,48,26,8,18,22,3,19
S01012244,C. Manufacturing,19,16,1,15,3,1,2
S01012244,F. Construction,29,8,0,8,21,10,11
S01012244,G I. Distribution hotels and restaurants,57,39,19,20,18,2,16
S01012244,H J. Transport and communication,28,20,6,14,8,4,4
S01012244,K L M N. Financial real estate professional and administrative activities,134,99,18,81,35,13,22
S01012244,O P Q. Public administration education and health,164,144,38,106,20,11,9
S01012244,R S T U. Other,21,11,5,6,10,2,8
S01012245,All people aged 16 to 74 in employment,331,266,94,172,65,21,44
S01012245,A B D E. Agriculture energy and water,4,4,1,3,0,0,0
S01012245,C. Manufacturing,9,9,1,8,0,0,0
S01012245,F. Construction,20,6,0,6,14,2,12
S01012245,G I. Distribution hotels and restaurants,61,55,35,20,6,3,3
S01012245,H J. Transport and communication,22,11,0,11,11,3,8
S01012245,K L M N. Financial real estate professional and administrative activities,92,68,18,50,24,9,15
S01012245,O P Q. Public administration education and health,109,102,35,67,7,4,3
S01012245,R S T U. Other,14,11,4,7,3,0,3
S01012246,All people aged 16 to 74 in employment,392,309,109,200,83,23,60
S01012246,A B D E. Agriculture energy and water,9,4,1,3,5,1,4
S01012246,C. Manufacturing,18,16,1,15,2,1,1
S01012246,F. Construction,20,12,0,12,8,0,8
S01012246,G I. Distribution hotels and restaurants,60,40,19,21,20,6,14
S01012246,H J. Transport and communication,35,25,7,18,10,0,10
S01012246,K L M N. Financial real estate professional and administrative activities,105,87,19,68,18,7,11
S01012246,O P Q. Public administration education and health,127,115,58,57,12,3,9
S01012246,R S T U. Other,18,10,4,6,8,5,3
S01012247,All people aged 16 to 74 in employment,395,321,89,232,74,27,47
S01012247,A B D E. Agriculture energy and water,39,28,7,21,11,3,8
S01012247,C. Manufacturing,12,9,1,8,3,1,2
S01012247,F. Construction,19,10,2,8,9,2,7
S01012247,G I. Distribution hotels and restaurants,74,62,23,39,12,4,8
S01012247,H J. Transport and communication,12,11,0,11,1,1,0
S01012247,K L M N. Financial real estate professional and administrative activities,85,63,7,56,22,8,14
S01012247,O P Q. Public administration education and health,136,126,46,80,10,3,7
S01012247,R S T U. Other,18,12,3,9,6,5,1
S01012248,All people aged 16 to 74 in employment,445,312,95,217,133,35,98
S01012248,A B D E. Agriculture energy and water,66,34,2,32,32,3,29
S01012248,C. Manufacturing,25,14,2,12,11,3,8
S01012248,F. Construction,19,9,1,8,10,3,7
S01012248,G I. Distribution hotels and restaurants,62,46,15,31,16,9,7
S01012248,H J. Transport and communication,23,15,3,12,8,2,6
S01012248,K L M N. Financial real estate professional and administrative activities,87,53,12,41,34,7,27
S01012248,O P Q. Public administration education and health,139,129,53,76,10,2,8
S01012248,R S T U. Other,24,12,7,5,12,6,6
S01012249,All people aged 16 to 74 in employment,461,315,100,215,146,44,102
S01012249,A B D E. Agriculture energy and water,71,29,3,26,42,4,38
S01012249,C. Manufacturing,20,16,0,16,4,2,2
S01012249,F. Construction,26,15,2,13,11,2,9
S01012249,G I. Distribution hotels and restaurants,64,48,25,23,16,7,9
S01012249,H J. Transport and communication,25,13,3,10,12,1,11
S01012249,K L M N. Financial real estate professional and administrative activities,85,52,11,41,33,17,16
S01012249,O P Q. Public administration education and health,120,107,43,64,13,4,9
S01012249,R S T U. Other,50,35,13,22,15,7,8
S01012250,All people aged 16 to 74 in employment,380,275,86,189,105,25,80
S01012250,A B D E. Agriculture energy and water,64,30,4,26,34,7,27
S01012250,C. Manufacturing,18,13,4,9,5,0,5
S01012250,F. Construction,28,11,2,9,17,2,15
S01012250,G I. Distribution hotels and restaurants,71,57,18,39,14,2,12
S01012250,H J. Transport and communication,14,12,1,11,2,2,0
S01012250,K L M N. Financial real estate professional and administrative activities,61,46,9,37,15,4,11
S01012250,O P Q. Public administration education and health,90,85,39,46,5,2,3
S01012250,R S T U. Other,34,21,9,12,13,6,7
S01012251,All people aged 16 to 74 in employment,449,391,123,268,58,18,40
S01012251,A B D E. Agriculture energy and water,24,21,1,20,3,0,3
S01012251,C. Manufacturing,26,24,2,22,2,1,1
S01012251,F. Construction,41,24,2,22,17,3,14
S01012251,G I. Distribution hotels and restaurants,120,114,48,66,6,1,5
S01012251,H J. Transport and communication,23,16,3,13,7,3,4
S01012251,K L M N. Financial real estate professional and administrative activities,56,48,9,39,8,3,5
S01012251,O P Q. Public administration education and health,123,115,52,63,8,4,4
S01012251,R S T U. Other,36,29,6,23,7,3,4
S01012252,All people aged 16 to 74 in employment,356,302,115,187,54,11,43
S01012252,A B D E. Agriculture energy and water,15,12,0,12,3,2,1
S01012252,C. Manufacturing,23,20,4,16,3,1,2
S01012252,F. Construction,27,11,1,10,16,1,15
S01012252,G I. Distribution hotels and restaurants,97,87,36,51,10,2,8
S01012252,H J. Transport and communication,17,15,3,12,2,0,2
S01012252,K L M N. Financial real estate professional and administrative activities,46,38,15,23,8,2,6
S01012252,O P Q. Public administration education and health,111,106,49,57,5,2,3
S01012252,R S T U. Other,20,13,7,6,7,1,6
S01012253,All people aged 16 to 74 in employment,441,372,107,265,69,20,49
S01012253,A B D E. Agriculture energy and water,18,17,0,17,1,0,1
S01012253,C. Manufacturing,22,17,2,15,5,1,4
S01012253,F. Construction,38,24,4,20,14,5,9
S01012253,G I. Distribution hotels and restaurants,130,112,42,70,18,4,14
S01012253,H J. Transport and communication,24,22,4,18,2,1,1
S01012253,K L M N. Financial real estate professional and administrative activities,60,43,8,35,17,4,13
S01012253,O P Q. Public administration education and health,128,121,41,80,7,3,4
S01012253,R S T U. Other,21,16,6,10,5,2,3
S01012254,All people aged 16 to 74 in employment,433,365,98,267,68,17,51
S01012254,A B D E. Agriculture energy and water,26,23,1,22,3,0,3
S01012254,C. Manufacturing,15,13,2,11,2,0,2
S01012254,F. Construction,32,13,1,12,19,1,18
S01012254,G I. Distribution hotels and restaurants,110,97,37,60,13,4,9
S01012254,H J. Transport and communication,19,13,1,12,6,2,4
S01012254,K L M N. Financial real estate professional and administrative activities,66,53,8,45,13,3,10
S01012254,O P Q. Public administration education and health,135,126,42,84,9,7,2
S01012254,R S T U. Other,30,27,6,21,3,0,3
S01012255,All people aged 16 to 74 in employment,404,333,81,252,71,15,56
S01012255,A B D E. Agriculture energy and water,16,15,0,15,1,0,1
S01012255,C. Manufacturing,16,14,0,14,2,0,2
S01012255,F. Construction,23,13,1,12,10,0,10
S01012255,G I. Distribution hotels and restaurants,138,111,23,88,27,2,25
S01012255,H J. Transport and communication,16,9,3,6,7,3,4
S01012255,K L M N. Financial real estate professional and administrative activities,63,50,13,37,13,4,9
S01012255,O P Q. Public administration education and health,103,97,36,61,6,4,2
S01012255,R S T U. Other,29,24,5,19,5,2,3
S01012256,All people aged 16 to 74 in employment,431,370,122,248,61,21,40
S01012256,A B D E. Agriculture energy and water,9,6,0,6,3,1,2
S01012256,C. Manufacturing,20,17,2,15,3,0,3
S01012256,F. Construction,31,26,1,25,5,1,4
S01012256,G I. Distribution hotels and restaurants,91,79,40,39,12,5,7
S01012256,H J. Transport and communication,30,24,7,17,6,0,6
S01012256,K L M N. Financial real estate professional and administrative activities,86,71,13,58,15,6,9
S01012256,O P Q. Public administration education and health,151,139,55,84,12,8,4
S01012256,R S T U. Other,13,8,4,4,5,0,5
S01012257,All people aged 16 to 74 in employment,469,420,137,283,49,22,27
S01012257,A B D E. Agriculture energy and water,30,27,2,25,3,1,2
S01012257,C. Manufacturing,21,18,1,17,3,3,0
S01012257,F. Construction,36,25,0,25,11,0,11
S01012257,G I. Distribution hotels and restaurants,101,97,40,57,4,2,2
S01012257,H J. Transport and communication,27,25,3,22,2,2,0
S01012257,K L M N. Financial real estate professional and administrative activities,63,50,16,34,13,8,5
S01012257,O P Q. Public administration education and health,163,152,65,87,11,5,6
S01012257,R S T U. Other,28,26,10,16,2,1,1
S01012258,All people aged 16 to 74 in employment,318,267,89,178,51,15,36
S01012258,A B D E. Agriculture energy and water,11,7,0,7,4,0,4
S01012258,C. Manufacturing,20,18,2,16,2,2,0
S01012258,F. Construction,15,7,3,4,8,2,6
S01012258,G I. Distribution hotels and restaurants,41,37,16,21,4,1,3
S01012258,H J. Transport and communication,25,21,3,18,4,0,4
S01012258,K L M N. Financial real estate professional and administrative activities,73,55,8,47,18,5,13
S01012258,O P Q. Public administration education and health,116,110,50,60,6,3,3
S01012258,R S T U. Other,17,12,7,5,5,2,3
S01012259,All people aged 16 to 74 in employment,257,203,75,128,54,20,34
S01012259,A B D E. Agriculture energy and water,4,2,0,2,2,0,2
S01012259,C. Manufacturing,4,2,0,2,2,2,0
S01012259,F. Construction,16,6,0,6,10,3,7
S01012259,G I. Distribution hotels and restaurants,53,48,22,26,5,2,3
S01012259,H J. Transport and communication,7,6,2,4,1,0,1
S01012259,K L M N. Financial real estate professional and administrative activities,51,39,8,31,12,2,10
S01012259,O P Q. Public administration education and health,101,90,40,50,11,8,3
S01012259,R S T U. Other,21,10,3,7,11,3,8
S01012260,All people aged 16 to 74 in employment,372,305,94,211,67,14,53
S01012260,A B D E. Agriculture energy and water,15,15,2,13,0,0,0
S01012260,C. Manufacturing,18,14,1,13,4,1,3
S01012260,F. Construction,34,16,2,14,18,0,18
S01012260,G I. Distribution hotels and restaurants,94,82,34,48,12,2,10
S01012260,H J. Transport and communication,21,18,1,17,3,1,2
S01012260,K L M N. Financial real estate professional and administrative activities,64,46,8,38,18,4,14
S01012260,O P Q. Public administration education and health,109,104,45,59,5,3,2
S01012260,R S T U. Other,17,10,1,9,7,3,4
S01012261,All people aged 16 to 74 in employment,438,376,124,252,62,27,35
S01012261,A B D E. Agriculture energy and water,11,9,2,7,2,0,2
S01012261,C. Manufacturing,22,20,3,17,2,1,1
S01012261,F. Construction,18,15,1,14,3,0,3
S01012261,G I. Distribution hotels and restaurants,80,71,33,38,9,3,6
S01012261,H J. Transport and communication,33,22,5,17,11,5,6
S01012261,K L M N. Financial real estate professional and administrative activities,103,83,18,65,20,9,11
S01012261,O P Q. Public administration education and health,151,143,57,86,8,4,4
S01012261,R S T U. Other,20,13,5,8,7,5,2
S01012262,All people aged 16 to 74 in employment,431,302,78,224,129,40,89
S01012262,A B D E. Agriculture energy and water,51,32,6,26,19,5,14
S01012262,C. Manufacturing,31,20,1,19,11,4,7
S01012262,F. Construction,24,9,1,8,15,2,13
S01012262,G I. Distribution hotels and restaurants,71,54,19,35,17,5,12
S01012262,H J. Transport and communication,31,17,6,11,14,4,10
S01012262,K L M N. Financial real estate professional and administrative activities,79,51,7,44,28,6,22
S01012262,O P Q. Public administration education and health,114,101,31,70,13,6,7
S01012262,R S T U. Other,30,18,7,11,12,8,4
S01012263,All people aged 16 to 74 in employment,366,293,90,203,73,20,53
S01012263,A B D E. Agriculture energy and water,17,10,2,8,7,2,5
S01012263,C. Manufacturing,31,28,4,24,3,0,3
S01012263,F. Construction,43,16,0,16,27,4,23
S01012263,G I. Distribution hotels and restaurants,100,89,36,53,11,4,7
S01012263,H J. Transport and communication,16,10,2,8,6,2,4
S01012263,K L M N. Financial real estate professional and administrative activities,40,31,8,23,9,2,7
S01012263,O P Q. Public administration education and health,95,92,32,60,3,1,2
S01012263,R S T U. Other,24,17,6,11,7,5,2
S01012264,All people aged 16 to 74 in employment,206,172,54,118,34,11,23
S01012264,A B D E. Agriculture energy and water,7,6,0,6,1,0,1
S01012264,C. Manufacturing,13,13,2,11,0,0,0
S01012264,F. Construction,18,8,0,8,10,1,9
S01012264,G I. Distribution hotels and restaurants,51,39,19,20,12,7,5
S01012264,H J. Transport and communication,12,12,0,12,0,0,0
S01012264,K L M N. Financial real estate professional and administrative activities,36,30,8,22,6,1,5
S01012264,O P Q. Public administration education and health,63,60,25,35,3,0,3
S01012264,R S T U. Other,6,4,0,4,2,2,0
S01012265,All people aged 16 to 74 in employment,363,318,95,223,45,13,32
S01012265,A B D E. Agriculture energy and water,16,13,2,11,3,1,2
S01012265,C. Manufacturing,40,33,4,29,7,2,5
S01012265,F. Construction,40,26,2,24,14,1,13
S01012265,G I. Distribution hotels and restaurants,98,93,29,64,5,2,3
S01012265,H J. Transport and communication,17,16,3,13,1,0,1
S01012265,K L M N. Financial real estate professional and administrative activities,31,27,7,20,4,1,3
S01012265,O P Q. Public administration education and health,109,101,44,57,8,5,3
S01012265,R S T U. Other,12,9,4,5,3,1,2
S01012266,All people aged 16 to 74 in employment,489,413,122,291,76,21,55
S01012266,A B D E. Agriculture energy and water,13,12,2,10,1,0,1
S01012266,C. Manufacturing,28,26,3,23,2,0,2
S01012266,F. Construction,47,23,0,23,24,2,22
S01012266,G I. Distribution hotels and restaurants,90,80,35,45,10,3,7
S01012266,H J. Transport and communication,31,27,8,19,4,1,3
S01012266,K L M N. Financial real estate professional and administrative activities,62,45,8,37,17,8,9
S01012266,O P Q. Public administration education and health,187,175,57,118,12,6,6
S01012266,R S T U. Other,31,25,9,16,6,1,5
S01012267,All people aged 16 to 74 in employment,358,278,83,195,80,20,60
S01012267,A B D E. Agriculture energy and water,11,7,1,6,4,0,4
S01012267,C. Manufacturing,31,23,1,22,8,4,4
S01012267,F. Construction,36,20,1,19,16,1,15
S01012267,G I. Distribution hotels and restaurants,65,52,17,35,13,4,9
S01012267,H J. Transport and communication,12,10,3,7,2,0,2
S01012267,K L M N. Financial real estate professional and administrative activities,60,43,16,27,17,3,14
S01012267,O P Q. Public administration education and health,117,106,41,65,11,4,7
S01012267,R S T U. Other,26,17,3,14,9,4,5
S01012268,All people aged 16 to 74 in employment,341,238,62,176,103,35,68
S01012268,A B D E. Agriculture energy and water,67,35,4,31,32,7,25
S01012268,C. Manufacturing,25,18,0,18,7,0,7
S01012268,F. Construction,21,13,0,13,8,2,6
S01012268,G I. Distribution hotels and restaurants,40,30,11,19,10,4,6
S01012268,H J. Transport and communication,18,12,5,7,6,3,3
S01012268,K L M N. Financial real estate professional and administrative activities,50,30,7,23,20,8,12
S01012268,O P Q. Public administration education and health,94,83,31,52,11,6,5
S01012268,R S T U. Other,26,17,4,13,9,5,4
S01012269,All people aged 16 to 74 in employment,493,407,131,276,86,17,69
S01012269,A B D E. Agriculture energy and water,23,15,1,14,8,1,7
S01012269,C. Manufacturing,27,26,4,22,1,0,1
S01012269,F. Construction,78,47,7,40,31,2,29
S01012269,G I. Distribution hotels and restaurants,99,79,42,37,20,2,18
S01012269,H J. Transport and communication,26,23,1,22,3,0,3
S01012269,K L M N. Financial real estate professional and administrative activities,51,41,13,28,10,6,4
S01012269,O P Q. Public administration education and health,169,161,57,104,8,3,5
S01012269,R S T U. Other,20,15,6,9,5,3,2
S01012270,All people aged 16 to 74 in employment,372,320,103,217,52,13,39
S01012270,A B D E. Agriculture energy and water,23,19,5,14,4,0,4
S01012270,C. Manufacturing,31,28,2,26,3,0,3
S01012270,F. Construction,42,28,2,26,14,1,13
S01012270,G I. Distribution hotels and restaurants,71,65,32,33,6,1,5
S01012270,H J. Transport and communication,23,20,7,13,3,0,3
S01012270,K L M N. Financial real estate professional and administrative activities,28,22,8,14,6,5,1
S01012270,O P Q. Public administration education and health,138,129,45,84,9,3,6
S01012270,R S T U. Other,16,9,2,7,7,3,4
S01012271,All people aged 16 to 74 in employment,573,409,126,283,164,48,116
S01012271,A B D E. Agriculture energy and water,97,47,7,40,50,8,42
S01012271,C. Manufacturing,26,17,0,17,9,3,6
S01012271,F. Construction,43,26,2,24,17,4,13
S01012271,G I. Distribution hotels and restaurants,81,63,25,38,18,3,15
S01012271,H J. Transport and communication,24,16,2,14,8,4,4
S01012271,K L M N. Financial real estate professional and administrative activities,104,74,21,53,30,8,22
S01012271,O P Q. Public administration education and health,163,146,63,83,17,10,7
S01012271,R S T U. Other,35,20,6,14,15,8,7
S01012272,All people aged 16 to 74 in employment,365,296,91,205,69,21,48
S01012272,A B D E. Agriculture energy and water,13,9,1,8,4,0,4
S01012272,C. Manufacturing,19,14,1,13,5,1,4
S01012272,F. Construction,29,20,1,19,9,2,7
S01012272,G I. Distribution hotels and restaurants,45,39,22,17,6,1,5
S01012272,H J. Transport and communication,38,25,6,19,13,4,9
S01012272,K L M N. Financial real estate professional and administrative activities,54,41,6,35,13,7,6
S01012272,O P Q. Public administration education and health,151,139,52,87,12,3,9
S01012272,R S T U. Other,16,9,2,7,7,3,4
S01012273,All people aged 16 to 74 in employment,359,300,102,198,59,13,46
S01012273,A B D E. Agriculture energy and water,25,17,2,15,8,2,6
S01012273,C. Manufacturing,15,12,3,9,3,1,2
S01012273,F. Construction,24,15,2,13,9,2,7
S01012273,G I. Distribution hotels and restaurants,68,60,33,27,8,0,8
S01012273,H J. Transport and communication,19,12,0,12,7,1,6
S01012273,K L M N. Financial real estate professional and administrative activities,45,32,9,23,13,5,8
S01012273,O P Q. Public administration education and health,149,143,50,93,6,1,5
S01012273,R S T U. Other,14,9,3,6,5,1,4
S01012274,All people aged 16 to 74 in employment,513,446,147,299,67,23,44
S01012274,A B D E. Agriculture energy and water,25,23,3,20,2,0,2
S01012274,C. Manufacturing,31,28,5,23,3,1,2
S01012274,F. Construction,44,28,1,27,16,4,12
S01012274,G I. Distribution hotels and restaurants,119,101,42,59,18,5,13
S01012274,H J. Transport and communication,26,21,2,19,5,3,2
S01012274,K L M N. Financial real estate professional and administrative activities,61,51,18,33,10,4,6
S01012274,O P Q. Public administration education and health,185,177,69,108,8,4,4
S01012274,R S T U. Other,22,17,7,10,5,2,3
S01012275,All people aged 16 to 74 in employment,463,421,146,275,42,7,35
S01012275,A B D E. Agriculture energy and water,10,10,1,9,0,0,0
S01012275,C. Manufacturing,37,37,2,35,0,0,0
S01012275,F. Construction,31,24,1,23,7,0,7
S01012275,G I. Distribution hotels and restaurants,164,148,88,60,16,3,13
S01012275,H J. Transport and communication,36,30,4,26,6,2,4
S01012275,K L M N. Financial real estate professional and administrative activities,42,37,7,30,5,0,5
S01012275,O P Q. Public administration education and health,125,120,36,84,5,1,4
S01012275,R S T U. Other,18,15,7,8,3,1,2
S01012276,All people aged 16 to 74 in employment,484,429,119,310,55,6,49
S01012276,A B D E. Agriculture energy and water,21,20,0,20,1,0,1
S01012276,C. Manufacturing,33,31,1,30,2,1,1
S01012276,F. Construction,38,19,2,17,19,0,19
S01012276,G I. Distribution hotels and restaurants,110,98,42,56,12,0,12
S01012276,H J. Transport and communication,19,11,4,7,8,1,7
S01012276,K L M N. Financial real estate professional and administrative activities,63,56,15,41,7,0,7
S01012276,O P Q. Public administration education and health,185,182,51,131,3,3,0
S01012276,R S T U. Other,15,12,4,8,3,1,2
S01012277,All people aged 16 to 74 in employment,546,473,147,326,73,15,58
S01012277,A B D E. Agriculture energy and water,24,21,2,19,3,0,3
S01012277,C. Manufacturing,36,30,0,30,6,0,6
S01012277,F. Construction,43,26,2,24,17,3,14
S01012277,G I. Distribution hotels and restaurants,147,134,63,71,13,0,13
S01012277,H J. Transport and communication,30,21,4,17,9,2,7
S01012277,K L M N. Financial real estate professional and administrative activities,61,53,12,41,8,2,6
S01012277,O P Q. Public administration education and health,185,178,61,117,7,4,3
S01012277,R S T U. Other,20,10,3,7,10,4,6
S01012278,All people aged 16 to 74 in employment,333,300,92,208,33,4,29
S01012278,A B D E. Agriculture energy and water,7,6,0,6,1,0,1
S01012278,C. Manufacturing,30,27,1,26,3,0,3
S01012278,F. Construction,20,14,1,13,6,1,5
S01012278,G I. Distribution hotels and restaurants,95,85,46,39,10,0,10
S01012278,H J. Transport and communication,19,18,3,15,1,0,1
S01012278,K L M N. Financial real estate professional and administrative activities,36,29,9,20,7,2,5
S01012278,O P Q. Public administration education and health,120,116,32,84,4,1,3
S01012278,R S T U. Other,6,5,0,5,1,0,1
S01012279,All people aged 16 to 74 in employment,393,367,98,269,26,4,22
S01012279,A B D E. Agriculture energy and water,15,13,1,12,2,0,2
S01012279,C. Manufacturing,32,32,0,32,0,0,0
S01012279,F. Construction,34,26,1,25,8,1,7
S01012279,G I. Distribution hotels and restaurants,103,101,46,55,2,0,2
S01012279,H J. Transport and communication,27,20,5,15,7,2,5
S01012279,K L M N. Financial real estate professional and administrative activities,45,43,10,33,2,1,1
S01012279,O P Q. Public administration education and health,122,120,31,89,2,0,2
S01012279,R S T U. Other,15,12,4,8,3,0,3
S01012280,All people aged 16 to 74 in employment,467,424,150,274,43,7,36
S01012280,A B D E. Agriculture energy and water,17,15,2,13,2,0,2
S01012280,C. Manufacturing,36,35,1,34,1,0,1
S01012280,F. Construction,42,28,1,27,14,0,14
S01012280,G I. Distribution hotels and restaurants,123,114,56,58,9,3,6
S01012280,H J. Transport and communication,34,32,7,25,2,0,2
S01012280,K L M N. Financial real estate professional and administrative activities,44,38,16,22,6,4,2
S01012280,O P Q. Public administration education and health,146,144,58,86,2,0,2
S01012280,R S T U. Other,25,18,9,9,7,0,7
S01012281,All people aged 16 to 74 in employment,395,356,103,253,39,11,28
S01012281,A B D E. Agriculture energy and water,10,9,1,8,1,0,1
S01012281,C. Manufacturing,25,25,3,22,0,0,0
S01012281,F. Construction,36,24,1,23,12,1,11
S01012281,G I. Distribution hotels and restaurants,129,124,49,75,5,3,2
S01012281,H J. Transport and communication,22,19,4,15,3,1,2
S01012281,K L M N. Financial real estate professional and administrative activities,36,31,7,24,5,3,2
S01012281,O P Q. Public administration education and health,120,113,34,79,7,1,6
S01012281,R S T U. Other,17,11,4,7,6,2,4
S01012282,All people aged 16 to 74 in employment,454,390,150,240,64,17,47
S01012282,A B D E. Agriculture energy and water,16,9,1,8,7,1,6
S01012282,C. Manufacturing,22,21,3,18,1,1,0
S01012282,F. Construction,35,17,1,16,18,2,16
S01012282,G I. Distribution hotels and restaurants,132,118,80,38,14,4,10
S01012282,H J. Transport and communication,17,16,4,12,1,0,1
S01012282,K L M N. Financial real estate professional and administrative activities,46,35,7,28,11,3,8
S01012282,O P Q. Public administration education and health,177,168,54,114,9,5,4
S01012282,R S T U. Other,9,6,0,6,3,1,2
S01012283,All people aged 16 to 74 in employment,434,365,142,223,69,17,52
S01012283,A B D E. Agriculture energy and water,12,8,2,6,4,0,4
S01012283,C. Manufacturing,28,25,1,24,3,1,2
S01012283,F. Construction,29,20,1,19,9,1,8
S01012283,G I. Distribution hotels and restaurants,99,78,52,26,21,6,15
S01012283,H J. Transport and communication,22,17,4,13,5,2,3
S01012283,K L M N. Financial real estate professional and administrative activities,70,55,22,33,15,3,12
S01012283,O P Q. Public administration education and health,156,152,57,95,4,1,3
S01012283,R S T U. Other,18,10,3,7,8,3,5
S01012284,All people aged 16 to 74 in employment,345,305,93,212,40,8,32
S01012284,A B D E. Agriculture energy and water,13,11,0,11,2,0,2
S01012284,C. Manufacturing,22,22,0,22,0,0,0
S01012284,F. Construction,32,21,0,21,11,1,10
S01012284,G I. Distribution hotels and restaurants,88,80,45,35,8,1,7
S01012284,H J. Transport and communication,20,16,2,14,4,2,2
S01012284,K L M N. Financial real estate professional and administrative activities,38,33,5,28,5,1,4
S01012284,O P Q. Public administration education and health,113,111,38,73,2,0,2
S01012284,R S T U. Other,19,11,3,8,8,3,5
S01012285,All people aged 16 to 74 in employment,257,226,71,155,31,4,27
S01012285,A B D E. Agriculture energy and water,12,10,0,10,2,0,2
S01012285,C. Manufacturing,20,18,3,15,2,1,1
S01012285,F. Construction,21,16,2,14,5,0,5
S01012285,G I. Distribution hotels and restaurants,39,37,22,15,2,0,2
S01012285,H J. Transport and communication,15,13,1,12,2,0,2
S01012285,K L M N. Financial real estate professional and administrative activities,33,26,10,16,7,0,7
S01012285,O P Q. Public administration education and health,107,102,31,71,5,1,4
S01012285,R S T U. Other,10,4,2,2,6,2,4
S01012286,All people aged 16 to 74 in employment,459,411,143,268,48,14,34
S01012286,A B D E. Agriculture energy and water,17,13,0,13,4,1,3
S01012286,C. Manufacturing,47,47,5,42,0,0,0
S01012286,F. Construction,29,17,0,17,12,0,12
S01012286,G I. Distribution hotels and restaurants,124,118,58,60,6,2,4
S01012286,H J. Transport and communication,24,19,4,15,5,1,4
S01012286,K L M N. Financial real estate professional and administrative activities,48,36,13,23,12,6,6
S01012286,O P Q. Public administration education and health,149,143,53,90,6,3,3
S01012286,R S T U. Other,21,18,10,8,3,1,2
S01012287,All people aged 16 to 74 in employment,373,336,114,222,37,17,20
S01012287,A B D E. Agriculture energy and water,11,9,1,8,2,1,1
S01012287,C. Manufacturing,57,57,9,48,0,0,0
S01012287,F. Construction,29,23,0,23,6,0,6
S01012287,G I. Distribution hotels and restaurants,107,101,52,49,6,2,4
S01012287,H J. Transport and communication,23,19,3,16,4,1,3
S01012287,K L M N. Financial real estate professional and administrative activities,45,35,13,22,10,9,1
S01012287,O P Q. Public administration education and health,91,85,32,53,6,3,3
S01012287,R S T U. Other,10,7,4,3,3,1,2
S01012288,All people aged 16 to 74 in employment,313,284,99,185,29,9,20
S01012288,A B D E. Agriculture energy and water,9,9,0,9,0,0,0
S01012288,C. Manufacturing,36,36,4,32,0,0,0
S01012288,F. Construction,22,16,1,15,6,0,6
S01012288,G I. Distribution hotels and restaurants,94,87,46,41,7,2,5
S01012288,H J. Transport and communication,23,19,2,17,4,1,3
S01012288,K L M N. Financial real estate professional and administrative activities,29,26,9,17,3,1,2
S01012288,O P Q. Public administration education and health,84,82,32,50,2,1,1
S01012288,R S T U. Other,16,9,5,4,7,4,3
S01012289,All people aged 16 to 74 in employment,357,266,83,183,91,22,69
S01012289,A B D E. Agriculture energy and water,11,8,0,8,3,1,2
S01012289,C. Manufacturing,23,22,2,20,1,0,1
S01012289,F. Construction,19,9,0,9,10,2,8
S01012289,G I. Distribution hotels and restaurants,76,50,21,29,26,5,21
S01012289,H J. Transport and communication,18,10,3,7,8,2,6
S01012289,K L M N. Financial real estate professional and administrative activities,52,31,11,20,21,5,16
S01012289,O P Q. Public administration education and health,146,131,46,85,15,6,9
S01012289,R S T U. Other,12,5,0,5,7,1,6
S01012290,All people aged 16 to 74 in employment,251,215,63,152,36,14,22
S01012290,A B D E. Agriculture energy and water,10,10,0,10,0,0,0
S01012290,C. Manufacturing,7,6,1,5,1,0,1
S01012290,F. Construction,18,13,0,13,5,0,5
S01012290,G I. Distribution hotels and restaurants,43,35,18,17,8,4,4
S01012290,H J. Transport and communication,10,8,0,8,2,0,2
S01012290,K L M N. Financial real estate professional and administrative activities,38,27,3,24,11,6,5
S01012290,O P Q. Public administration education and health,116,112,40,72,4,2,2
S01012290,R S T U. Other,9,4,1,3,5,2,3
S01012291,All people aged 16 to 74 in employment,477,410,145,265,67,18,49
S01012291,A B D E. Agriculture energy and water,13,10,1,9,3,0,3
S01012291,C. Manufacturing,21,17,3,14,4,1,3
S01012291,F. Construction,38,26,2,24,12,1,11
S01012291,G I. Distribution hotels and restaurants,96,81,41,40,15,3,12
S01012291,H J. Transport and communication,22,15,1,14,7,3,4
S01012291,K L M N. Financial real estate professional and administrative activities,59,47,12,35,12,3,9
S01012291,O P Q. Public administration education and health,206,199,77,122,7,4,3
S01012291,R S T U. Other,22,15,8,7,7,3,4
S01012292,All people aged 16 to 74 in employment,297,213,74,139,84,26,58
S01012292,A B D E. Agriculture energy and water,7,3,0,3,4,2,2
S01012292,C. Manufacturing,17,13,2,11,4,1,3
S01012292,F. Construction,14,8,1,7,6,3,3
S01012292,G I. Distribution hotels and restaurants,59,40,21,19,19,4,15
S01012292,H J. Transport and communication,19,10,2,8,9,2,7
S01012292,K L M N. Financial real estate professional and administrative activities,49,28,9,19,21,6,15
S01012292,O P Q. Public administration education and health,114,100,36,64,14,6,8
S01012292,R S T U. Other,18,11,3,8,7,2,5
S01012293,All people aged 16 to 74 in employment,227,201,52,149,26,3,23
S01012293,A B D E. Agriculture energy and water,7,6,0,6,1,0,1
S01012293,C. Manufacturing,13,12,0,12,1,0,1
S01012293,F. Construction,15,10,0,10,5,0,5
S01012293,G I. Distribution hotels and restaurants,34,27,13,14,7,1,6
S01012293,H J. Transport and communication,18,17,2,15,1,0,1
S01012293,K L M N. Financial real estate professional and administrative activities,29,24,6,18,5,1,4
S01012293,O P Q. Public administration education and health,105,102,29,73,3,0,3
S01012293,R S T U. Other,6,3,2,1,3,1,2
S01012294,All people aged 16 to 74 in employment,455,414,130,284,41,12,29
S01012294,A B D E. Agriculture energy and water,11,11,0,11,0,0,0
S01012294,C. Manufacturing,36,33,7,26,3,1,2
S01012294,F. Construction,25,16,3,13,9,0,9
S01012294,G I. Distribution hotels and restaurants,118,114,48,66,4,1,3
S01012294,H J. Transport and communication,16,13,1,12,3,2,1
S01012294,K L M N. Financial real estate professional and administrative activities,46,34,7,27,12,4,8
S01012294,O P Q. Public administration education and health,193,186,61,125,7,3,4
S01012294,R S T U. Other,10,7,3,4,3,1,2
S01012295,All people aged 16 to 74 in employment,399,345,102,243,54,8,46
S01012295,A B D E. Agriculture energy and water,9,8,2,6,1,0,1
S01012295,C. Manufacturing,27,24,3,21,3,0,3
S01012295,F. Construction,29,14,0,14,15,1,14
S01012295,G I. Distribution hotels and restaurants,81,77,33,44,4,0,4
S01012295,H J. Transport and communication,17,13,5,8,4,1,3
S01012295,K L M N. Financial real estate professional and administrative activities,52,43,9,34,9,4,5
S01012295,O P Q. Public administration education and health,162,153,47,106,9,1,8
S01012295,R S T U. Other,22,13,3,10,9,1,8
S01012296,All people aged 16 to 74 in employment,476,394,110,284,82,23,59
S01012296,A B D E. Agriculture energy and water,23,18,3,15,5,3,2
S01012296,C. Manufacturing,29,26,1,25,3,0,3
S01012296,F. Construction,34,21,1,20,13,3,10
S01012296,G I. Distribution hotels and restaurants,80,63,31,32,17,3,14
S01012296,H J. Transport and communication,28,27,3,24,1,0,1
S01012296,K L M N. Financial real estate professional and administrative activities,77,59,11,48,18,5,13
S01012296,O P Q. Public administration education and health,181,160,52,108,21,8,13
S01012296,R S T U. Other,24,20,8,12,4,1,3
S01012297,All people aged 16 to 74 in employment,324,200,56,144,124,32,92
S01012297,A B D E. Agriculture energy and water,56,15,2,13,41,5,36
S01012297,C. Manufacturing,15,10,3,7,5,1,4
S01012297,F. Construction,26,12,0,12,14,3,11
S01012297,G I. Distribution hotels and restaurants,56,37,19,18,19,6,13
S01012297,H J. Transport and communication,15,7,0,7,8,3,5
S01012297,K L M N. Financial real estate professional and administrative activities,54,35,6,29,19,5,14
S01012297,O P Q. Public administration education and health,90,80,25,55,10,6,4
S01012297,R S T U. Other,12,4,1,3,8,3,5
S01012298,All people aged 16 to 74 in employment,416,335,86,249,81,18,63
S01012298,A B D E. Agriculture energy and water,20,13,1,12,7,1,6
S01012298,C. Manufacturing,25,20,1,19,5,1,4
S01012298,F. Construction,52,28,3,25,24,3,21
S01012298,G I. Distribution hotels and restaurants,86,76,27,49,10,1,9
S01012298,H J. Transport and communication,29,21,3,18,8,2,6
S01012298,K L M N. Financial real estate professional and administrative activities,50,36,9,27,14,2,12
S01012298,O P Q. Public administration education and health,135,128,36,92,7,3,4
S01012298,R S T U. Other,19,13,6,7,6,5,1
S01012299,All people aged 16 to 74 in employment,352,262,61,201,90,20,70
S01012299,A B D E. Agriculture energy and water,58,26,3,23,32,6,26
S01012299,C. Manufacturing,11,9,1,8,2,1,1
S01012299,F. Construction,21,10,1,9,11,2,9
S01012299,G I. Distribution hotels and restaurants,44,36,13,23,8,1,7
S01012299,H J. Transport and communication,21,15,2,13,6,1,5
S01012299,K L M N. Financial real estate professional and administrative activities,68,54,9,45,14,4,10
S01012299,O P Q. Public administration education and health,109,100,30,70,9,3,6
S01012299,R S T U. Other,20,12,2,10,8,2,6
S01012300,All people aged 16 to 74 in employment,299,231,77,154,68,18,50
S01012300,A B D E. Agriculture energy and water,25,16,5,11,9,0,9
S01012300,C. Manufacturing,33,31,5,26,2,0,2
S01012300,F. Construction,38,23,3,20,15,3,12
S01012300,G I. Distribution hotels and restaurants,64,49,22,27,15,5,10
S01012300,H J. Transport and communication,14,12,4,8,2,0,2
S01012300,K L M N. Financial real estate professional and administrative activities,31,23,7,16,8,5,3
S01012300,O P Q. Public administration education and health,78,70,31,39,8,4,4
S01012300,R S T U. Other,16,7,0,7,9,1,8
S01012301,All people aged 16 to 74 in employment,477,348,93,255,129,39,90
S01012301,A B D E. Agriculture energy and water,72,46,6,40,26,5,21
S01012301,C. Manufacturing,30,21,1,20,9,2,7
S01012301,F. Construction,41,23,1,22,18,6,12
S01012301,G I. Distribution hotels and restaurants,69,50,19,31,19,7,12
S01012301,H J. Transport and communication,27,18,2,16,9,3,6
S01012301,K L M N. Financial real estate professional and administrative activities,74,52,16,36,22,7,15
S01012301,O P Q. Public administration education and health,133,118,43,75,15,6,9
S01012301,R S T U. Other,31,20,5,15,11,3,8
S01012302,All people aged 16 to 74 in employment,291,197,50,147,94,38,56
S01012302,A B D E. Agriculture energy and water,59,32,1,31,27,2,25
S01012302,C. Manufacturing,27,22,2,20,5,1,4
S01012302,F. Construction,17,9,0,9,8,3,5
S01012302,G I. Distribution hotels and restaurants,44,31,11,20,13,9,4
S01012302,H J. Transport and communication,10,7,2,5,3,2,1
S01012302,K L M N. Financial real estate professional and administrative activities,45,26,8,18,19,10,9
S01012302,O P Q. Public administration education and health,72,60,21,39,12,7,5
S01012302,R S T U. Other,17,10,5,5,7,4,3
S01012303,All people aged 16 to 74 in employment,468,318,95,223,150,47,103
S01012303,A B D E. Agriculture energy and water,99,52,10,42,47,7,40
S01012303,C. Manufacturing,34,29,4,25,5,1,4
S01012303,F. Construction,40,20,6,14,20,3,17
S01012303,G I. Distribution hotels and restaurants,44,34,14,20,10,2,8
S01012303,H J. Transport and communication,18,14,2,12,4,1,3
S01012303,K L M N. Financial real estate professional and administrative activities,89,60,19,41,29,11,18
S01012303,O P Q. Public administration education and health,119,102,38,64,17,11,6
S01012303,R S T U. Other,25,7,2,5,18,11,7
S01012304,All people aged 16 to 74 in employment,489,364,110,254,125,34,91
S01012304,A B D E. Agriculture energy and water,84,46,11,35,38,9,29
S01012304,C. Manufacturing,37,26,1,25,11,2,9
S01012304,F. Construction,64,44,1,43,20,3,17
S01012304,G I. Distribution hotels and restaurants,81,60,22,38,21,7,14
S01012304,H J. Transport and communication,35,27,8,19,8,1,7
S01012304,K L M N. Financial real estate professional and administrative activities,51,38,11,27,13,5,8
S01012304,O P Q. Public administration education and health,117,109,50,59,8,4,4
S01012304,R S T U. Other,20,14,6,8,6,3,3
S01012305,All people aged 16 to 74 in employment,302,242,66,176,60,13,47
S01012305,A B D E. Agriculture energy and water,39,29,4,25,10,1,9
S01012305,C. Manufacturing,26,25,2,23,1,1,0
S01012305,F. Construction,31,18,1,17,13,0,13
S01012305,G I. Distribution hotels and restaurants,68,56,21,35,12,3,9
S01012305,H J. Transport and communication,10,8,2,6,2,0,2
S01012305,K L M N. Financial real estate professional and administrative activities,33,28,5,23,5,1,4
S01012305,O P Q. Public administration education and health,79,68,25,43,11,5,6
S01012305,R S T U. Other,16,10,6,4,6,2,4
S01012306,All people aged 16 to 74 in employment,243,211,70,141,32,6,26
S01012306,A B D E. Agriculture energy and water,28,24,4,20,4,0,4
S01012306,C. Manufacturing,31,31,6,25,0,0,0
S01012306,F. Construction,27,18,1,17,9,0,9
S01012306,G I. Distribution hotels and restaurants,60,52,27,25,8,3,5
S01012306,H J. Transport and communication,10,7,1,6,3,0,3
S01012306,K L M N. Financial real estate professional and administrative activities,22,20,9,11,2,1,1
S01012306,O P Q. Public administration education and health,57,53,20,33,4,1,3
S01012306,R S T U. Other,8,6,2,4,2,1,1
S01012307,All people aged 16 to 74 in employment,291,250,74,176,41,7,34
S01012307,A B D E. Agriculture energy and water,25,17,3,14,8,0,8
S01012307,C. Manufacturing,41,40,3,37,1,0,1
S01012307,F. Construction,32,25,2,23,7,2,5
S01012307,G I. Distribution hotels and restaurants,48,43,23,20,5,0,5
S01012307,H J. Transport and communication,19,17,5,12,2,0,2
S01012307,K L M N. Financial real estate professional and administrative activities,41,29,7,22,12,3,9
S01012307,O P Q. Public administration education and health,69,66,29,37,3,2,1
S01012307,R S T U. Other,16,13,2,11,3,0,3
S01012308,All people aged 16 to 74 in employment,431,389,106,283,42,8,34
S01012308,A B D E. Agriculture energy and water,39,31,5,26,8,0,8
S01012308,C. Manufacturing,58,58,4,54,0,0,0
S01012308,F. Construction,45,34,1,33,11,1,10
S01012308,G I. Distribution hotels and restaurants,77,71,23,48,6,3,3
S01012308,H J. Transport and communication,20,18,3,15,2,0,2
S01012308,K L M N. Financial real estate professional and administrative activities,36,32,5,27,4,1,3
S01012308,O P Q. Public administration education and health,137,133,60,73,4,1,3
S01012308,R S T U. Other,19,12,5,7,7,2,5
S01012309,All people aged 16 to 74 in employment,254,202,69,133,52,15,37
S01012309,A B D E. Agriculture energy and water,26,21,1,20,5,1,4
S01012309,C. Manufacturing,26,21,5,16,5,0,5
S01012309,F. Construction,20,9,1,8,11,0,11
S01012309,G I. Distribution hotels and restaurants,51,44,22,22,7,3,4
S01012309,H J. Transport and communication,17,15,3,12,2,0,2
S01012309,K L M N. Financial real estate professional and administrative activities,30,20,8,12,10,6,4
S01012309,O P Q. Public administration education and health,71,66,28,38,5,3,2
S01012309,R S T U. Other,13,6,1,5,7,2,5
S01012310,All people aged 16 to 74 in employment,450,297,91,206,153,36,117
S01012310,A B D E. Agriculture energy and water,82,39,3,36,43,10,33
S01012310,C. Manufacturing,38,34,0,34,4,0,4
S01012310,F. Construction,28,16,3,13,12,0,12
S01012310,G I. Distribution hotels and restaurants,83,58,31,27,25,7,18
S01012310,H J. Transport and communication,34,19,5,14,15,3,12
S01012310,K L M N. Financial real estate professional and administrative activities,52,30,7,23,22,5,17
S01012310,O P Q. Public administration education and health,102,87,38,49,15,7,8
S01012310,R S T U. Other,31,14,4,10,17,4,13
S01012311,All people aged 16 to 74 in employment,227,186,56,130,41,14,27
S01012311,A B D E. Agriculture energy and water,31,24,1,23,7,3,4
S01012311,C. Manufacturing,18,18,3,15,0,0,0
S01012311,F. Construction,17,12,1,11,5,1,4
S01012311,G I. Distribution hotels and restaurants,54,44,23,21,10,1,9
S01012311,H J. Transport and communication,11,8,2,6,3,1,2
S01012311,K L M N. Financial real estate professional and administrative activities,35,26,6,20,9,4,5
S01012311,O P Q. Public administration education and health,47,42,17,25,5,3,2
S01012311,R S T U. Other,14,12,3,9,2,1,1
S01012312,All people aged 16 to 74 in employment,514,349,93,256,165,46,119
S01012312,A B D E. Agriculture energy and water,112,51,3,48,61,13,48
S01012312,C. Manufacturing,45,37,5,32,8,3,5
S01012312,F. Construction,42,22,2,20,20,3,17
S01012312,G I. Distribution hotels and restaurants,89,69,22,47,20,4,16
S01012312,H J. Transport and communication,30,19,4,15,11,3,8
S01012312,K L M N. Financial real estate professional and administrative activities,53,34,11,23,19,9,10
S01012312,O P Q. Public administration education and health,116,105,39,66,11,5,6
S01012312,R S T U. Other,27,12,7,5,15,6,9
S01012313,All people aged 16 to 74 in employment,396,307,91,216,89,18,71
S01012313,A B D E. Agriculture energy and water,80,54,5,49,26,4,22
S01012313,C. Manufacturing,33,28,3,25,5,0,5
S01012313,F. Construction,28,15,0,15,13,3,10
S01012313,G I. Distribution hotels and restaurants,59,47,19,28,12,2,10
S01012313,H J. Transport and communication,19,17,1,16,2,0,2
S01012313,K L M N. Financial real estate professional and administrative activities,56,37,6,31,19,6,13
S01012313,O P Q. Public administration education and health,89,85,47,38,4,0,4
S01012313,R S T U. Other,32,24,10,14,8,3,5
S01012314,All people aged 16 to 74 in employment,378,327,135,192,51,12,39
S01012314,A B D E. Agriculture energy and water,23,20,3,17,3,0,3
S01012314,C. Manufacturing,72,69,6,63,3,2,1
S01012314,F. Construction,28,14,0,14,14,0,14
S01012314,G I. Distribution hotels and restaurants,110,98,63,35,12,3,9
S01012314,H J. Transport and communication,9,8,1,7,1,0,1
S01012314,K L M N. Financial real estate professional and administrative activities,31,25,12,13,6,2,4
S01012314,O P Q. Public administration education and health,89,83,45,38,6,2,4
S01012314,R S T U. Other,16,10,5,5,6,3,3
S01012315,All people aged 16 to 74 in employment,299,237,78,159,62,17,45
S01012315,A B D E. Agriculture energy and water,15,11,0,11,4,2,2
S01012315,C. Manufacturing,47,43,3,40,4,2,2
S01012315,F. Construction,16,9,1,8,7,0,7
S01012315,G I. Distribution hotels and restaurants,84,57,27,30,27,5,22
S01012315,H J. Transport and communication,18,13,3,10,5,3,2
S01012315,K L M N. Financial real estate professional and administrative activities,23,17,3,14,6,1,5
S01012315,O P Q. Public administration education and health,80,74,34,40,6,4,2
S01012315,R S T U. Other,16,13,7,6,3,0,3
S01012316,All people aged 16 to 74 in employment,263,234,76,158,29,5,24
S01012316,A B D E. Agriculture energy and water,18,13,0,13,5,0,5
S01012316,C. Manufacturing,48,46,2,44,2,0,2
S01012316,F. Construction,32,21,4,17,11,0,11
S01012316,G I. Distribution hotels and restaurants,61,58,28,30,3,3,0
S01012316,H J. Transport and communication,16,13,3,10,3,0,3
S01012316,K L M N. Financial real estate professional and administrative activities,21,19,7,12,2,1,1
S01012316,O P Q. Public administration education and health,55,54,27,27,1,1,0
S01012316,R S T U. Other,12,10,5,5,2,0,2
S01012317,All people aged 16 to 74 in employment,238,199,69,130,39,11,28
S01012317,A B D E. Agriculture energy and water,15,12,1,11,3,1,2
S01012317,C. Manufacturing,27,26,1,25,1,0,1
S01012317,F. Construction,19,9,0,9,10,1,9
S01012317,G I. Distribution hotels and restaurants,61,48,24,24,13,5,8
S01012317,H J. Transport and communication,19,17,3,14,2,0,2
S01012317,K L M N. Financial real estate professional and administrative activities,24,18,4,14,6,2,4
S01012317,O P Q. Public administration education and health,65,63,33,30,2,0,2
S01012317,R S T U. Other,8,6,3,3,2,2,0
S01012318,All people aged 16 to 74 in employment,378,341,111,230,37,9,28
S01012318,A B D E. Agriculture energy and water,34,26,3,23,8,1,7
S01012318,C. Manufacturing,56,55,3,52,1,0,1
S01012318,F. Construction,36,23,2,21,13,3,10
S01012318,G I. Distribution hotels and restaurants,120,117,50,67,3,1,2
S01012318,H J. Transport and communication,21,18,2,16,3,1,2
S01012318,K L M N. Financial real estate professional and administrative activities,23,21,11,10,2,1,1
S01012318,O P Q. Public administration education and health,76,72,35,37,4,1,3
S01012318,R S T U. Other,12,9,5,4,3,1,2
S01012319,All people aged 16 to 74 in employment,414,305,80,225,109,31,78
S01012319,A B D E. Agriculture energy and water,99,58,7,51,41,8,33
S01012319,C. Manufacturing,43,41,5,36,2,2,0
S01012319,F. Construction,30,16,0,16,14,2,12
S01012319,G I. Distribution hotels and restaurants,63,52,17,35,11,3,8
S01012319,H J. Transport and communication,17,11,2,9,6,1,5
S01012319,K L M N. Financial real estate professional and administrative activities,51,37,9,28,14,6,8
S01012319,O P Q. Public administration education and health,79,71,33,38,8,4,4
S01012319,R S T U. Other,32,19,7,12,13,5,8
S01012320,All people aged 16 to 74 in employment,325,281,86,195,44,10,34
S01012320,A B D E. Agriculture energy and water,42,37,4,33,5,1,4
S01012320,C. Manufacturing,66,64,5,59,2,0,2
S01012320,F. Construction,33,17,2,15,16,2,14
S01012320,G I. Distribution hotels and restaurants,77,69,30,39,8,2,6
S01012320,H J. Transport and communication,9,5,3,2,4,1,3
S01012320,K L M N. Financial real estate professional and administrative activities,19,15,7,8,4,2,2
S01012320,O P Q. Public administration education and health,66,65,31,34,1,0,1
S01012320,R S T U. Other,13,9,4,5,4,2,2
S01012321,All people aged 16 to 74 in employment,316,260,77,183,56,24,32
S01012321,A B D E. Agriculture energy and water,36,29,3,26,7,2,5
S01012321,C. Manufacturing,45,44,5,39,1,1,0
S01012321,F. Construction,23,11,0,11,12,4,8
S01012321,G I. Distribution hotels and restaurants,82,73,24,49,9,3,6
S01012321,H J. Transport and communication,17,12,5,7,5,1,4
S01012321,K L M N. Financial real estate professional and administrative activities,31,24,12,12,7,3,4
S01012321,O P Q. Public administration education and health,62,58,23,35,4,3,1
S01012321,R S T U. Other,20,9,5,4,11,7,4
S01012322,All people aged 16 to 74 in employment,479,327,100,227,152,55,97
S01012322,A B D E. Agriculture energy and water,79,46,5,41,33,9,24
S01012322,C. Manufacturing,36,29,0,29,7,3,4
S01012322,F. Construction,31,13,4,9,18,4,14
S01012322,G I. Distribution hotels and restaurants,100,69,28,41,31,10,21
S01012322,H J. Transport and communication,20,14,3,11,6,1,5
S01012322,K L M N. Financial real estate professional and administrative activities,72,41,14,27,31,11,20
S01012322,O P Q. Public administration education and health,115,98,39,59,17,12,5
S01012322,R S T U. Other,26,17,7,10,9,5,4
S01012323,All people aged 16 to 74 in employment,406,281,97,184,125,22,103
S01012323,A B D E. Agriculture energy and water,79,47,6,41,32,4,28
S01012323,C. Manufacturing,38,30,1,29,8,3,5
S01012323,F. Construction,30,10,4,6,20,1,19
S01012323,G I. Distribution hotels and restaurants,73,54,31,23,19,0,19
S01012323,H J. Transport and communication,14,11,1,10,3,1,2
S01012323,K L M N. Financial real estate professional and administrative activities,50,33,10,23,17,3,14
S01012323,O P Q. Public administration education and health,98,85,38,47,13,5,8
S01012323,R S T U. Other,24,11,6,5,13,5,8
S01012324,All people aged 16 to 74 in employment,378,250,91,159,128,40,88
S01012324,A B D E. Agriculture energy and water,63,32,3,29,31,8,23
S01012324,C. Manufacturing,30,21,1,20,9,1,8
S01012324,F. Construction,32,15,1,14,17,4,13
S01012324,G I. Distribution hotels and restaurants,82,60,31,29,22,8,14
S01012324,H J. Transport and communication,14,9,1,8,5,0,5
S01012324,K L M N. Financial real estate professional and administrative activities,50,29,7,22,21,11,10
S01012324,O P Q. Public administration education and health,89,77,44,33,12,4,8
S01012324,R S T U. Other,18,7,3,4,11,4,7
S01012325,All people aged 16 to 74 in employment,197,175,56,119,22,8,14
S01012325,A B D E. Agriculture energy and water,12,12,1,11,0,0,0
S01012325,C. Manufacturing,35,32,3,29,3,2,1
S01012325,F. Construction,13,8,0,8,5,0,5
S01012325,G I. Distribution hotels and restaurants,52,44,18,26,8,4,4
S01012325,H J. Transport and communication,14,14,5,9,0,0,0
S01012325,K L M N. Financial real estate professional and administrative activities,17,13,7,6,4,2,2
S01012325,O P Q. Public administration education and health,45,44,18,26,1,0,1
S01012325,R S T U. Other,9,8,4,4,1,0,1
S01012326,All people aged 16 to 74 in employment,231,190,58,132,41,9,32
S01012326,A B D E. Agriculture energy and water,12,12,0,12,0,0,0
S01012326,C. Manufacturing,28,28,2,26,0,0,0
S01012326,F. Construction,28,17,1,16,11,1,10
S01012326,G I. Distribution hotels and restaurants,61,52,25,27,9,1,8
S01012326,H J. Transport and communication,11,9,1,8,2,0,2
S01012326,K L M N. Financial real estate professional and administrative activities,29,19,7,12,10,4,6
S01012326,O P Q. Public administration education and health,52,46,21,25,6,2,4
S01012326,R S T U. Other,10,7,1,6,3,1,2
S01012327,All people aged 16 to 74 in employment,359,304,108,196,55,16,39
S01012327,A B D E. Agriculture energy and water,20,13,3,10,7,3,4
S01012327,C. Manufacturing,49,46,4,42,3,0,3
S01012327,F. Construction,43,31,2,29,12,2,10
S01012327,G I. Distribution hotels and restaurants,89,76,44,32,13,2,11
S01012327,H J. Transport and communication,18,13,1,12,5,2,3
S01012327,K L M N. Financial real estate professional and administrative activities,31,25,6,19,6,2,4
S01012327,O P Q. Public administration education and health,94,90,43,47,4,2,2
S01012327,R S T U. Other,15,10,5,5,5,3,2
S01012328,All people aged 16 to 74 in employment,210,159,45,114,51,16,35
S01012328,A B D E. Agriculture energy and water,14,10,2,8,4,1,3
S01012328,C. Manufacturing,32,31,3,28,1,1,0
S01012328,F. Construction,20,12,1,11,8,1,7
S01012328,G I. Distribution hotels and restaurants,40,27,12,15,13,3,10
S01012328,H J. Transport and communication,11,9,1,8,2,0,2
S01012328,K L M N. Financial real estate professional and administrative activities,30,19,6,13,11,3,8
S01012328,O P Q. Public administration education and health,56,49,19,30,7,4,3
S01012328,R S T U. Other,7,2,1,1,5,3,2
S01012329,All people aged 16 to 74 in employment,383,258,88,170,125,36,89
S01012329,A B D E. Agriculture energy and water,90,36,7,29,54,11,43
S01012329,C. Manufacturing,21,14,0,14,7,2,5
S01012329,F. Construction,28,18,2,16,10,2,8
S01012329,G I. Distribution hotels and restaurants,59,45,24,21,14,4,10
S01012329,H J. Transport and communication,21,13,2,11,8,1,7
S01012329,K L M N. Financial real estate professional and administrative activities,52,35,15,20,17,9,8
S01012329,O P Q. Public administration education and health,85,80,35,45,5,2,3
S01012329,R S T U. Other,27,17,3,14,10,5,5
S01012330,All people aged 16 to 74 in employment,268,219,63,156,49,16,33
S01012330,A B D E. Agriculture energy and water,11,7,1,6,4,1,3
S01012330,C. Manufacturing,35,33,0,33,2,0,2
S01012330,F. Construction,23,15,4,11,8,1,7
S01012330,G I. Distribution hotels and restaurants,56,43,20,23,13,3,10
S01012330,H J. Transport and communication,11,8,2,6,3,1,2
S01012330,K L M N. Financial real estate professional and administrative activities,44,35,6,29,9,3,6
S01012330,O P Q. Public administration education and health,75,71,25,46,4,3,1
S01012330,R S T U. Other,13,7,5,2,6,4,2
S01012331,All people aged 16 to 74 in employment,341,297,92,205,44,6,38
S01012331,A B D E. Agriculture energy and water,22,16,3,13,6,0,6
S01012331,C. Manufacturing,46,39,4,35,7,1,6
S01012331,F. Construction,25,17,0,17,8,1,7
S01012331,G I. Distribution hotels and restaurants,81,70,29,41,11,1,10
S01012331,H J. Transport and communication,21,21,4,17,0,0,0
S01012331,K L M N. Financial real estate professional and administrative activities,33,28,11,17,5,1,4
S01012331,O P Q. Public administration education and health,100,99,39,60,1,0,1
S01012331,R S T U. Other,13,7,2,5,6,2,4
S01012332,All people aged 16 to 74 in employment,528,375,121,254,153,40,113
S01012332,A B D E. Agriculture energy and water,105,59,9,50,46,4,42
S01012332,C. Manufacturing,41,33,3,30,8,3,5
S01012332,F. Construction,46,26,4,22,20,3,17
S01012332,G I. Distribution hotels and restaurants,77,61,29,32,16,4,12
S01012332,H J. Transport and communication,16,12,4,8,4,0,4
S01012332,K L M N. Financial real estate professional and administrative activities,79,51,16,35,28,12,16
S01012332,O P Q. Public administration education and health,130,113,50,63,17,8,9
S01012332,R S T U. Other,34,20,6,14,14,6,8
S01012333,All people aged 16 to 74 in employment,470,333,109,224,137,37,100
S01012333,A B D E. Agriculture energy and water,77,45,11,34,32,6,26
S01012333,C. Manufacturing,52,36,2,34,16,5,11
S01012333,F. Construction,35,15,1,14,20,4,16
S01012333,G I. Distribution hotels and restaurants,101,81,37,44,20,2,18
S01012333,H J. Transport and communication,19,16,3,13,3,1,2
S01012333,K L M N. Financial real estate professional and administrative activities,47,32,14,18,15,7,8
S01012333,O P Q. Public administration education and health,110,95,36,59,15,6,9
S01012333,R S T U. Other,29,13,5,8,16,6,10
S01012334,All people aged 16 to 74 in employment,369,316,97,219,53,19,34
S01012334,A B D E. Agriculture energy and water,15,13,2,11,2,0,2
S01012334,C. Manufacturing,62,59,9,50,3,0,3
S01012334,F. Construction,48,35,2,33,13,3,10
S01012334,G I. Distribution hotels and restaurants,75,70,32,38,5,3,2
S01012334,H J. Transport and communication,17,14,1,13,3,0,3
S01012334,K L M N. Financial real estate professional and administrative activities,34,27,11,16,7,3,4
S01012334,O P Q. Public administration education and health,98,88,38,50,10,4,6
S01012334,R S T U. Other,20,10,2,8,10,6,4
S01012335,All people aged 16 to 74 in employment,564,516,158,358,48,11,37
S01012335,A B D E. Agriculture energy and water,10,8,0,8,2,0,2
S01012335,C. Manufacturing,95,92,4,88,3,0,3
S01012335,F. Construction,61,47,2,45,14,1,13
S01012335,G I. Distribution hotels and restaurants,131,122,63,59,9,1,8
S01012335,H J. Transport and communication,22,21,2,19,1,0,1
S01012335,K L M N. Financial real estate professional and administrative activities,51,44,12,32,7,2,5
S01012335,O P Q. Public administration education and health,171,165,66,99,6,6,0
S01012335,R S T U. Other,23,17,9,8,6,1,5
S01012336,All people aged 16 to 74 in employment,287,258,77,181,29,7,22
S01012336,A B D E. Agriculture energy and water,17,13,0,13,4,1,3
S01012336,C. Manufacturing,53,51,6,45,2,1,1
S01012336,F. Construction,30,23,0,23,7,0,7
S01012336,G I. Distribution hotels and restaurants,61,58,27,31,3,0,3
S01012336,H J. Transport and communication,23,17,2,15,6,2,4
S01012336,K L M N. Financial real estate professional and administrative activities,18,18,4,14,0,0,0
S01012336,O P Q. Public administration education and health,76,71,35,36,5,2,3
S01012336,R S T U. Other,9,7,3,4,2,1,1
S01012337,All people aged 16 to 74 in employment,354,312,86,226,42,13,29
S01012337,A B D E. Agriculture energy and water,14,8,0,8,6,0,6
S01012337,C. Manufacturing,54,51,3,48,3,0,3
S01012337,F. Construction,34,29,2,27,5,0,5
S01012337,G I. Distribution hotels and restaurants,82,72,28,44,10,1,9
S01012337,H J. Transport and communication,18,17,3,14,1,0,1
S01012337,K L M N. Financial real estate professional and administrative activities,29,26,10,16,3,1,2
S01012337,O P Q. Public administration education and health,91,86,36,50,5,4,1
S01012337,R S T U. Other,32,23,4,19,9,7,2
S01012338,All people aged 16 to 74 in employment,321,269,73,196,52,17,35
S01012338,A B D E. Agriculture energy and water,25,20,1,19,5,3,2
S01012338,C. Manufacturing,45,42,3,39,3,0,3
S01012338,F. Construction,22,13,2,11,9,1,8
S01012338,G I. Distribution hotels and restaurants,76,60,24,36,16,4,12
S01012338,H J. Transport and communication,8,7,2,5,1,0,1
S01012338,K L M N. Financial real estate professional and administrative activities,36,29,6,23,7,5,2
S01012338,O P Q. Public administration education and health,87,82,29,53,5,2,3
S01012338,R S T U. Other,22,16,6,10,6,2,4
S01012339,All people aged 16 to 74 in employment,269,234,46,188,35,13,22
S01012339,A B D E. Agriculture energy and water,9,7,1,6,2,0,2
S01012339,C. Manufacturing,46,44,2,42,2,1,1
S01012339,F. Construction,21,17,0,17,4,0,4
S01012339,G I. Distribution hotels and restaurants,62,51,14,37,11,5,6
S01012339,H J. Transport and communication,15,13,1,12,2,0,2
S01012339,K L M N. Financial real estate professional and administrative activities,29,21,3,18,8,4,4
S01012339,O P Q. Public administration education and health,72,68,23,45,4,2,2
S01012339,R S T U. Other,15,13,2,11,2,1,1
S01012340,All people aged 16 to 74 in employment,451,378,126,252,73,24,49
S01012340,A B D E. Agriculture energy and water,11,10,1,9,1,0,1
S01012340,C. Manufacturing,62,57,1,56,5,3,2
S01012340,F. Construction,45,30,2,28,15,0,15
S01012340,G I. Distribution hotels and restaurants,113,98,52,46,15,5,10
S01012340,H J. Transport and communication,20,16,1,15,4,1,3
S01012340,K L M N. Financial real estate professional and administrative activities,62,47,16,31,15,3,12
S01012340,O P Q. Public administration education and health,123,111,48,63,12,9,3
S01012340,R S T U. Other,15,9,5,4,6,3,3
S01012341,All people aged 16 to 74 in employment,543,343,112,231,200,34,166
S01012341,A B D E. Agriculture energy and water,116,42,7,35,74,11,63
S01012341,C. Manufacturing,51,36,7,29,15,2,13
S01012341,F. Construction,47,31,5,26,16,0,16
S01012341,G I. Distribution hotels and restaurants,88,57,27,30,31,5,26
S01012341,H J. Transport and communication,17,10,4,6,7,3,4
S01012341,K L M N. Financial real estate professional and administrative activities,62,43,15,28,19,5,14
S01012341,O P Q. Public administration education and health,115,102,35,67,13,3,10
S01012341,R S T U. Other,47,22,12,10,25,5,20
S01012342,All people aged 16 to 74 in employment,444,335,94,241,109,37,72
S01012342,A B D E. Agriculture energy and water,43,15,1,14,28,6,22
S01012342,C. Manufacturing,45,37,2,35,8,3,5
S01012342,F. Construction,49,31,6,25,18,4,14
S01012342,G I. Distribution hotels and restaurants,72,54,30,24,18,8,10
S01012342,H J. Transport and communication,27,21,1,20,6,1,5
S01012342,K L M N. Financial real estate professional and administrative activities,42,34,5,29,8,4,4
S01012342,O P Q. Public administration education and health,135,127,45,82,8,3,5
S01012342,R S T U. Other,31,16,4,12,15,8,7
S01012343,All people aged 16 to 74 in employment,510,355,105,250,155,44,111
S01012343,A B D E. Agriculture energy and water,74,33,5,28,41,6,35
S01012343,C. Manufacturing,44,29,2,27,15,1,14
S01012343,F. Construction,40,24,4,20,16,4,12
S01012343,G I. Distribution hotels and restaurants,89,70,26,44,19,8,11
S01012343,H J. Transport and communication,22,15,3,12,7,1,6
S01012343,K L M N. Financial real estate professional and administrative activities,81,51,14,37,30,12,18
S01012343,O P Q. Public administration education and health,132,122,47,75,10,5,5
S01012343,R S T U. Other,28,11,4,7,17,7,10
S01012344,All people aged 16 to 74 in employment,300,264,74,190,36,7,29
S01012344,A B D E. Agriculture energy and water,12,10,1,9,2,1,1
S01012344,C. Manufacturing,25,25,4,21,0,0,0
S01012344,F. Construction,34,26,0,26,8,1,7
S01012344,G I. Distribution hotels and restaurants,59,51,21,30,8,0,8
S01012344,H J. Transport and communication,19,16,4,12,3,1,2
S01012344,K L M N. Financial real estate professional and administrative activities,28,24,5,19,4,1,3
S01012344,O P Q. Public administration education and health,108,105,37,68,3,0,3
S01012344,R S T U. Other,15,7,2,5,8,3,5
S01012345,All people aged 16 to 74 in employment,359,305,82,223,54,7,47
S01012345,A B D E. Agriculture energy and water,18,6,0,6,12,0,12
S01012345,C. Manufacturing,17,16,1,15,1,0,1
S01012345,F. Construction,41,32,1,31,9,0,9
S01012345,G I. Distribution hotels and restaurants,90,79,28,51,11,0,11
S01012345,H J. Transport and communication,13,8,1,7,5,1,4
S01012345,K L M N. Financial real estate professional and administrative activities,36,25,9,16,11,4,7
S01012345,O P Q. Public administration education and health,132,129,36,93,3,1,2
S01012345,R S T U. Other,12,10,6,4,2,1,1
S01012346,All people aged 16 to 74 in employment,409,284,79,205,125,30,95
S01012346,A B D E. Agriculture energy and water,63,36,8,28,27,2,25
S01012346,C. Manufacturing,20,16,2,14,4,1,3
S01012346,F. Construction,33,19,2,17,14,1,13
S01012346,G I. Distribution hotels and restaurants,81,51,20,31,30,7,23
S01012346,H J. Transport and communication,17,10,3,7,7,2,5
S01012346,K L M N. Financial real estate professional and administrative activities,62,45,9,36,17,3,14
S01012346,O P Q. Public administration education and health,115,98,32,66,17,11,6
S01012346,R S T U. Other,18,9,3,6,9,3,6
S01012347,All people aged 16 to 74 in employment,359,307,91,216,52,9,43
S01012347,A B D E. Agriculture energy and water,14,7,0,7,7,1,6
S01012347,C. Manufacturing,24,21,4,17,3,1,2
S01012347,F. Construction,34,26,2,24,8,1,7
S01012347,G I. Distribution hotels and restaurants,68,60,22,38,8,0,8
S01012347,H J. Transport and communication,16,11,2,9,5,1,4
S01012347,K L M N. Financial real estate professional and administrative activities,56,44,10,34,12,2,10
S01012347,O P Q. Public administration education and health,134,130,49,81,4,0,4
S01012347,R S T U. Other,13,8,2,6,5,3,2
S01012348,All people aged 16 to 74 in employment,317,256,73,183,61,25,36
S01012348,A B D E. Agriculture energy and water,14,9,1,8,5,0,5
S01012348,C. Manufacturing,21,17,1,16,4,1,3
S01012348,F. Construction,23,15,2,13,8,2,6
S01012348,G I. Distribution hotels and restaurants,45,40,18,22,5,2,3
S01012348,H J. Transport and communication,17,14,3,11,3,1,2
S01012348,K L M N. Financial real estate professional and administrative activities,52,39,11,28,13,8,5
S01012348,O P Q. Public administration education and health,129,113,35,78,16,8,8
S01012348,R S T U. Other,16,9,2,7,7,3,4
S01012349,All people aged 16 to 74 in employment,430,383,125,258,47,14,33
S01012349,A B D E. Agriculture energy and water,15,11,1,10,4,1,3
S01012349,C. Manufacturing,99,97,9,88,2,2,0
S01012349,F. Construction,58,43,3,40,15,0,15
S01012349,G I. Distribution hotels and restaurants,83,77,46,31,6,0,6
S01012349,H J. Transport and communication,28,23,6,17,5,2,3
S01012349,K L M N. Financial real estate professional and administrative activities,35,30,12,18,5,4,1
S01012349,O P Q. Public administration education and health,93,89,41,48,4,2,2
S01012349,R S T U. Other,19,13,7,6,6,3,3
S01012350,All people aged 16 to 74 in employment,332,278,99,179,54,18,36
S01012350,A B D E. Agriculture energy and water,5,4,0,4,1,0,1
S01012350,C. Manufacturing,65,62,8,54,3,0,3
S01012350,F. Construction,45,29,4,25,16,1,15
S01012350,G I. Distribution hotels and restaurants,72,61,43,18,11,6,5
S01012350,H J. Transport and communication,21,17,4,13,4,1,3
S01012350,K L M N. Financial real estate professional and administrative activities,25,15,2,13,10,5,5
S01012350,O P Q. Public administration education and health,83,80,33,47,3,0,3
S01012350,R S T U. Other,16,10,5,5,6,5,1
S01012351,All people aged 16 to 74 in employment,403,355,129,226,48,14,34
S01012351,A B D E. Agriculture energy and water,9,4,0,4,5,2,3
S01012351,C. Manufacturing,80,76,11,65,4,2,2
S01012351,F. Construction,61,44,0,44,17,1,16
S01012351,G I. Distribution hotels and restaurants,79,75,45,30,4,2,2
S01012351,H J. Transport and communication,17,16,4,12,1,0,1
S01012351,K L M N. Financial real estate professional and administrative activities,35,28,9,19,7,5,2
S01012351,O P Q. Public administration education and health,104,102,57,45,2,1,1
S01012351,R S T U. Other,18,10,3,7,8,1,7
S01012352,All people aged 16 to 74 in employment,342,275,94,181,67,12,55
S01012352,A B D E. Agriculture energy and water,12,7,0,7,5,0,5
S01012352,C. Manufacturing,56,51,2,49,5,0,5
S01012352,F. Construction,47,30,2,28,17,1,16
S01012352,G I. Distribution hotels and restaurants,66,50,34,16,16,1,15
S01012352,H J. Transport and communication,19,17,3,14,2,2,0
S01012352,K L M N. Financial real estate professional and administrative activities,38,31,17,14,7,3,4
S01012352,O P Q. Public administration education and health,87,81,33,48,6,2,4
S01012352,R S T U. Other,17,8,3,5,9,3,6
S01012353,All people aged 16 to 74 in employment,366,311,91,220,55,16,39
S01012353,A B D E. Agriculture energy and water,12,11,2,9,1,0,1
S01012353,C. Manufacturing,54,51,4,47,3,0,3
S01012353,F. Construction,44,33,0,33,11,2,9
S01012353,G I. Distribution hotels and restaurants,79,58,35,23,21,4,17
S01012353,H J. Transport and communication,16,11,3,8,5,0,5
S01012353,K L M N. Financial real estate professional and administrative activities,32,27,12,15,5,3,2
S01012353,O P Q. Public administration education and health,115,109,29,80,6,4,2
S01012353,R S T U. Other,14,11,6,5,3,3,0
S01012354,All people aged 16 to 74 in employment,335,260,86,174,75,17,58
S01012354,A B D E. Agriculture energy and water,17,6,1,5,11,1,10
S01012354,C. Manufacturing,27,25,2,23,2,1,1
S01012354,F. Construction,34,22,0,22,12,2,10
S01012354,G I. Distribution hotels and restaurants,102,76,29,47,26,4,22
S01012354,H J. Transport and communication,24,18,8,10,6,0,6
S01012354,K L M N. Financial real estate professional and administrative activities,25,18,4,14,7,3,4
S01012354,O P Q. Public administration education and health,81,77,36,41,4,0,4
S01012354,R S T U. Other,25,18,6,12,7,6,1
S01012355,All people aged 16 to 74 in employment,487,304,102,202,183,37,146
S01012355,A B D E. Agriculture energy and water,135,48,10,38,87,6,81
S01012355,C. Manufacturing,37,27,8,19,10,1,9
S01012355,F. Construction,29,15,0,15,14,1,13
S01012355,G I. Distribution hotels and restaurants,71,51,20,31,20,6,14
S01012355,H J. Transport and communication,7,2,1,1,5,0,5
S01012355,K L M N. Financial real estate professional and administrative activities,56,36,11,25,20,10,10
S01012355,O P Q. Public administration education and health,110,101,43,58,9,4,5
S01012355,R S T U. Other,42,24,9,15,18,9,9
S01012356,All people aged 16 to 74 in employment,296,231,71,160,65,17,48
S01012356,A B D E. Agriculture energy and water,12,9,1,8,3,1,2
S01012356,C. Manufacturing,37,34,2,32,3,0,3
S01012356,F. Construction,32,18,2,16,14,2,12
S01012356,G I. Distribution hotels and restaurants,59,43,20,23,16,3,13
S01012356,H J. Transport and communication,15,11,2,9,4,1,3
S01012356,K L M N. Financial real estate professional and administrative activities,25,18,6,12,7,1,6
S01012356,O P Q. Public administration education and health,97,90,35,55,7,3,4
S01012356,R S T U. Other,19,8,3,5,11,6,5
S01012357,All people aged 16 to 74 in employment,439,288,93,195,151,44,107
S01012357,A B D E. Agriculture energy and water,61,18,2,16,43,8,35
S01012357,C. Manufacturing,33,23,5,18,10,1,9
S01012357,F. Construction,33,15,4,11,18,4,14
S01012357,G I. Distribution hotels and restaurants,73,49,22,27,24,10,14
S01012357,H J. Transport and communication,24,17,3,14,7,2,5
S01012357,K L M N. Financial real estate professional and administrative activities,58,34,11,23,24,9,15
S01012357,O P Q. Public administration education and health,126,116,37,79,10,4,6
S01012357,R S T U. Other,31,16,9,7,15,6,9
S01012358,All people aged 16 to 74 in employment,389,232,77,155,157,44,113
S01012358,A B D E. Agriculture energy and water,86,26,5,21,60,7,53
S01012358,C. Manufacturing,38,27,2,25,11,4,7
S01012358,F. Construction,27,13,0,13,14,3,11
S01012358,G I. Distribution hotels and restaurants,66,41,19,22,25,6,19
S01012358,H J. Transport and communication,12,9,1,8,3,0,3
S01012358,K L M N. Financial real estate professional and administrative activities,50,29,6,23,21,10,11
S01012358,O P Q. Public administration education and health,88,75,38,37,13,8,5
S01012358,R S T U. Other,22,12,6,6,10,6,4
S01012359,All people aged 16 to 74 in employment,313,286,102,184,27,10,17
S01012359,A B D E. Agriculture energy and water,24,23,3,20,1,0,1
S01012359,C. Manufacturing,60,59,14,45,1,0,1
S01012359,F. Construction,33,26,3,23,7,1,6
S01012359,G I. Distribution hotels and restaurants,54,51,24,27,3,0,3
S01012359,H J. Transport and communication,21,16,1,15,5,4,1
S01012359,K L M N. Financial real estate professional and administrative activities,25,23,10,13,2,1,1
S01012359,O P Q. Public administration education and health,81,78,41,37,3,1,2
S01012359,R S T U. Other,15,10,6,4,5,3,2
S01012360,All people aged 16 to 74 in employment,316,286,107,179,30,7,23
S01012360,A B D E. Agriculture energy and water,22,17,2,15,5,0,5
S01012360,C. Manufacturing,76,72,19,53,4,0,4
S01012360,F. Construction,21,15,1,14,6,3,3
S01012360,G I. Distribution hotels and restaurants,80,75,42,33,5,2,3
S01012360,H J. Transport and communication,19,15,3,12,4,2,2
S01012360,K L M N. Financial real estate professional and administrative activities,11,11,4,7,0,0,0
S01012360,O P Q. Public administration education and health,77,72,33,39,5,0,5
S01012360,R S T U. Other,10,9,3,6,1,0,1
S01012361,All people aged 16 to 74 in employment,237,209,76,133,28,12,16
S01012361,A B D E. Agriculture energy and water,7,5,1,4,2,0,2
S01012361,C. Manufacturing,48,46,5,41,2,1,1
S01012361,F. Construction,23,18,2,16,5,1,4
S01012361,G I. Distribution hotels and restaurants,58,54,28,26,4,2,2
S01012361,H J. Transport and communication,11,9,5,4,2,1,1
S01012361,K L M N. Financial real estate professional and administrative activities,23,16,7,9,7,4,3
S01012361,O P Q. Public administration education and health,59,58,27,31,1,0,1
S01012361,R S T U. Other,8,3,1,2,5,3,2
S01012362,All people aged 16 to 74 in employment,308,276,102,174,32,12,20
S01012362,A B D E. Agriculture energy and water,23,18,6,12,5,3,2
S01012362,C. Manufacturing,68,66,11,55,2,0,2
S01012362,F. Construction,21,18,0,18,3,1,2
S01012362,G I. Distribution hotels and restaurants,70,65,36,29,5,4,1
S01012362,H J. Transport and communication,23,15,2,13,8,3,5
S01012362,K L M N. Financial real estate professional and administrative activities,30,27,11,16,3,0,3
S01012362,O P Q. Public administration education and health,64,62,34,28,2,0,2
S01012362,R S T U. Other,9,5,2,3,4,1,3
S01012363,All people aged 16 to 74 in employment,400,343,98,245,57,15,42
S01012363,A B D E. Agriculture energy and water,22,17,1,16,5,1,4
S01012363,C. Manufacturing,70,68,10,58,2,0,2
S01012363,F. Construction,32,23,2,21,9,0,9
S01012363,G I. Distribution hotels and restaurants,92,81,39,42,11,1,10
S01012363,H J. Transport and communication,19,13,3,10,6,2,4
S01012363,K L M N. Financial real estate professional and administrative activities,43,35,6,29,8,4,4
S01012363,O P Q. Public administration education and health,101,97,36,61,4,2,2
S01012363,R S T U. Other,21,9,1,8,12,5,7
S01012364,All people aged 16 to 74 in employment,318,282,79,203,36,18,18
S01012364,A B D E. Agriculture energy and water,14,9,1,8,5,2,3
S01012364,C. Manufacturing,73,70,6,64,3,1,2
S01012364,F. Construction,31,23,1,22,8,6,2
S01012364,G I. Distribution hotels and restaurants,64,59,31,28,5,3,2
S01012364,H J. Transport and communication,11,9,3,6,2,2,0
S01012364,K L M N. Financial real estate professional and administrative activities,26,20,4,16,6,2,4
S01012364,O P Q. Public administration education and health,86,83,32,51,3,1,2
S01012364,R S T U. Other,13,9,1,8,4,1,3
S01012365,All people aged 16 to 74 in employment,492,431,127,304,61,13,48
S01012365,A B D E. Agriculture energy and water,17,13,3,10,4,1,3
S01012365,C. Manufacturing,97,94,10,84,3,0,3
S01012365,F. Construction,54,34,3,31,20,1,19
S01012365,G I. Distribution hotels and restaurants,94,83,36,47,11,2,9
S01012365,H J. Transport and communication,18,15,2,13,3,2,1
S01012365,K L M N. Financial real estate professional and administrative activities,53,45,18,27,8,4,4
S01012365,O P Q. Public administration education and health,139,135,52,83,4,1,3
S01012365,R S T U. Other,20,12,3,9,8,2,6
S01012366,All people aged 16 to 74 in employment,433,379,99,280,54,17,37
S01012366,A B D E. Agriculture energy and water,12,10,0,10,2,1,1
S01012366,C. Manufacturing,73,71,11,60,2,0,2
S01012366,F. Construction,41,28,1,27,13,2,11
S01012366,G I. Distribution hotels and restaurants,117,100,38,62,17,6,11
S01012366,H J. Transport and communication,21,18,3,15,3,1,2
S01012366,K L M N. Financial real estate professional and administrative activities,43,37,8,29,6,2,4
S01012366,O P Q. Public administration education and health,102,99,31,68,3,2,1
S01012366,R S T U. Other,24,16,7,9,8,3,5
S01012367,All people aged 16 to 74 in employment,442,399,128,271,43,11,32
S01012367,A B D E. Agriculture energy and water,6,5,0,5,1,1,0
S01012367,C. Manufacturing,77,72,14,58,5,0,5
S01012367,F. Construction,40,31,0,31,9,0,9
S01012367,G I. Distribution hotels and restaurants,81,72,37,35,9,3,6
S01012367,H J. Transport and communication,16,14,3,11,2,0,2
S01012367,K L M N. Financial real estate professional and administrative activities,44,36,5,31,8,2,6
S01012367,O P Q. Public administration education and health,155,148,62,86,7,3,4
S01012367,R S T U. Other,23,21,7,14,2,2,0
S01012368,All people aged 16 to 74 in employment,275,230,84,146,45,13,32
S01012368,A B D E. Agriculture energy and water,5,4,1,3,1,1,0
S01012368,C. Manufacturing,44,42,6,36,2,1,1
S01012368,F. Construction,23,17,2,15,6,1,5
S01012368,G I. Distribution hotels and restaurants,58,43,25,18,15,1,14
S01012368,H J. Transport and communication,9,8,0,8,1,0,1
S01012368,K L M N. Financial real estate professional and administrative activities,31,26,8,18,5,1,4
S01012368,O P Q. Public administration education and health,85,80,37,43,5,2,3
S01012368,R S T U. Other,20,10,5,5,10,6,4
S01012369,All people aged 16 to 74 in employment,417,342,104,238,75,20,55
S01012369,A B D E. Agriculture energy and water,16,6,1,5,10,1,9
S01012369,C. Manufacturing,78,71,14,57,7,2,5
S01012369,F. Construction,39,21,0,21,18,0,18
S01012369,G I. Distribution hotels and restaurants,62,52,24,28,10,1,9
S01012369,H J. Transport and communication,30,23,3,20,7,4,3
S01012369,K L M N. Financial real estate professional and administrative activities,45,34,10,24,11,5,6
S01012369,O P Q. Public administration education and health,120,115,48,67,5,2,3
S01012369,R S T U. Other,27,20,4,16,7,5,2
S01012370,All people aged 16 to 74 in employment,445,385,127,258,60,12,48
S01012370,A B D E. Agriculture energy and water,20,11,3,8,9,0,9
S01012370,C. Manufacturing,97,95,16,79,2,1,1
S01012370,F. Construction,52,24,2,22,28,1,27
S01012370,G I. Distribution hotels and restaurants,76,70,38,32,6,1,5
S01012370,H J. Transport and communication,17,17,4,13,0,0,0
S01012370,K L M N. Financial real estate professional and administrative activities,29,26,8,18,3,2,1
S01012370,O P Q. Public administration education and health,133,126,52,74,7,3,4
S01012370,R S T U. Other,21,16,4,12,5,4,1
S01012371,All people aged 16 to 74 in employment,410,365,114,251,45,17,28
S01012371,A B D E. Agriculture energy and water,21,18,4,14,3,1,2
S01012371,C. Manufacturing,67,67,10,57,0,0,0
S01012371,F. Construction,40,30,3,27,10,1,9
S01012371,G I. Distribution hotels and restaurants,97,85,42,43,12,2,10
S01012371,H J. Transport and communication,14,14,4,10,0,0,0
S01012371,K L M N. Financial real estate professional and administrative activities,35,30,9,21,5,1,4
S01012371,O P Q. Public administration education and health,118,109,40,69,9,8,1
S01012371,R S T U. Other,18,12,2,10,6,4,2
S01012372,All people aged 16 to 74 in employment,343,293,73,220,50,17,33
S01012372,A B D E. Agriculture energy and water,8,8,0,8,0,0,0
S01012372,C. Manufacturing,83,81,3,78,2,0,2
S01012372,F. Construction,34,23,1,22,11,3,8
S01012372,G I. Distribution hotels and restaurants,84,71,36,35,13,4,9
S01012372,H J. Transport and communication,17,13,2,11,4,2,2
S01012372,K L M N. Financial real estate professional and administrative activities,29,21,3,18,8,3,5
S01012372,O P Q. Public administration education and health,74,66,22,44,8,4,4
S01012372,R S T U. Other,14,10,6,4,4,1,3
S01012373,All people aged 16 to 74 in employment,460,407,123,284,53,13,40
S01012373,A B D E. Agriculture energy and water,15,12,2,10,3,0,3
S01012373,C. Manufacturing,92,87,13,74,5,1,4
S01012373,F. Construction,33,27,0,27,6,2,4
S01012373,G I. Distribution hotels and restaurants,85,74,43,31,11,2,9
S01012373,H J. Transport and communication,20,14,3,11,6,3,3
S01012373,K L M N. Financial real estate professional and administrative activities,58,48,9,39,10,3,7
S01012373,O P Q. Public administration education and health,135,131,49,82,4,1,3
S01012373,R S T U. Other,22,14,4,10,8,1,7
S01012374,All people aged 16 to 74 in employment,466,407,138,269,59,19,40
S01012374,A B D E. Agriculture energy and water,16,15,3,12,1,0,1
S01012374,C. Manufacturing,97,93,15,78,4,0,4
S01012374,F. Construction,38,20,3,17,18,3,15
S01012374,G I. Distribution hotels and restaurants,74,67,30,37,7,1,6
S01012374,H J. Transport and communication,21,19,3,16,2,0,2
S01012374,K L M N. Financial real estate professional and administrative activities,37,26,9,17,11,5,6
S01012374,O P Q. Public administration education and health,157,149,69,80,8,5,3
S01012374,R S T U. Other,26,18,6,12,8,5,3
S01012375,All people aged 16 to 74 in employment,434,398,121,277,36,11,25
S01012375,A B D E. Agriculture energy and water,18,16,2,14,2,0,2
S01012375,C. Manufacturing,112,107,20,87,5,2,3
S01012375,F. Construction,43,35,1,34,8,0,8
S01012375,G I. Distribution hotels and restaurants,89,82,41,41,7,2,5
S01012375,H J. Transport and communication,16,13,0,13,3,1,2
S01012375,K L M N. Financial real estate professional and administrative activities,33,28,8,20,5,2,3
S01012375,O P Q. Public administration education and health,110,107,45,62,3,2,1
S01012375,R S T U. Other,13,10,4,6,3,2,1
S01012376,All people aged 16 to 74 in employment,499,349,116,233,150,37,113
S01012376,A B D E. Agriculture energy and water,67,25,4,21,42,4,38
S01012376,C. Manufacturing,34,25,5,20,9,0,9
S01012376,F. Construction,35,16,1,15,19,2,17
S01012376,G I. Distribution hotels and restaurants,78,62,29,33,16,6,10
S01012376,H J. Transport and communication,27,24,5,19,3,2,1
S01012376,K L M N. Financial real estate professional and administrative activities,64,29,11,18,35,14,21
S01012376,O P Q. Public administration education and health,153,144,52,92,9,6,3
S01012376,R S T U. Other,41,24,9,15,17,3,14
S01012377,All people aged 16 to 74 in employment,367,257,79,178,110,36,74
S01012377,A B D E. Agriculture energy and water,48,16,2,14,32,6,26
S01012377,C. Manufacturing,20,15,2,13,5,1,4
S01012377,F. Construction,18,9,0,9,9,3,6
S01012377,G I. Distribution hotels and restaurants,61,50,28,22,11,5,6
S01012377,H J. Transport and communication,12,6,1,5,6,1,5
S01012377,K L M N. Financial real estate professional and administrative activities,58,28,6,22,30,11,19
S01012377,O P Q. Public administration education and health,126,118,33,85,8,5,3
S01012377,R S T U. Other,24,15,7,8,9,4,5
S01012378,All people aged 16 to 74 in employment,295,201,68,133,94,24,70
S01012378,A B D E. Agriculture energy and water,51,18,3,15,33,10,23
S01012378,C. Manufacturing,16,8,1,7,8,4,4
S01012378,F. Construction,21,13,1,12,8,3,5
S01012378,G I. Distribution hotels and restaurants,58,37,14,23,21,4,17
S01012378,H J. Transport and communication,12,8,2,6,4,0,4
S01012378,K L M N. Financial real estate professional and administrative activities,41,33,10,23,8,1,7
S01012378,O P Q. Public administration education and health,79,71,31,40,8,2,6
S01012378,R S T U. Other,17,13,6,7,4,0,4
S01012379,All people aged 16 to 74 in employment,241,171,44,127,70,19,51
S01012379,A B D E. Agriculture energy and water,50,27,3,24,23,3,20
S01012379,C. Manufacturing,11,8,2,6,3,1,2
S01012379,F. Construction,14,10,1,9,4,0,4
S01012379,G I. Distribution hotels and restaurants,36,28,11,17,8,2,6
S01012379,H J. Transport and communication,9,3,1,2,6,3,3
S01012379,K L M N. Financial real estate professional and administrative activities,36,27,4,23,9,4,5
S01012379,O P Q. Public administration education and health,62,56,18,38,6,4,2
S01012379,R S T U. Other,23,12,4,8,11,2,9
S01012380,All people aged 16 to 74 in employment,453,400,112,288,53,18,35
S01012380,A B D E. Agriculture energy and water,15,12,0,12,3,0,3
S01012380,C. Manufacturing,50,47,5,42,3,1,2
S01012380,F. Construction,35,22,0,22,13,3,10
S01012380,G I. Distribution hotels and restaurants,84,74,33,41,10,2,8
S01012380,H J. Transport and communication,23,22,5,17,1,0,1
S01012380,K L M N. Financial real estate professional and administrative activities,73,59,16,43,14,6,8
S01012380,O P Q. Public administration education and health,155,150,48,102,5,3,2
S01012380,R S T U. Other,18,14,5,9,4,3,1
S01012381,All people aged 16 to 74 in employment,348,303,106,197,45,15,30
S01012381,A B D E. Agriculture energy and water,12,9,0,9,3,0,3
S01012381,C. Manufacturing,29,26,1,25,3,1,2
S01012381,F. Construction,32,25,3,22,7,2,5
S01012381,G I. Distribution hotels and restaurants,89,76,36,40,13,4,9
S01012381,H J. Transport and communication,23,21,7,14,2,1,1
S01012381,K L M N. Financial real estate professional and administrative activities,43,35,13,22,8,3,5
S01012381,O P Q. Public administration education and health,106,102,42,60,4,2,2
S01012381,R S T U. Other,14,9,4,5,5,2,3
S01012382,All people aged 16 to 74 in employment,503,416,139,277,87,25,62
S01012382,A B D E. Agriculture energy and water,20,13,2,11,7,4,3
S01012382,C. Manufacturing,31,25,3,22,6,0,6
S01012382,F. Construction,51,31,5,26,20,2,18
S01012382,G I. Distribution hotels and restaurants,83,67,34,33,16,3,13
S01012382,H J. Transport and communication,25,19,2,17,6,2,4
S01012382,K L M N. Financial real estate professional and administrative activities,62,48,12,36,14,6,8
S01012382,O P Q. Public administration education and health,207,195,71,124,12,6,6
S01012382,R S T U. Other,24,18,10,8,6,2,4
S01012383,All people aged 16 to 74 in employment,390,340,103,237,50,16,34
S01012383,A B D E. Agriculture energy and water,20,16,1,15,4,1,3
S01012383,C. Manufacturing,28,26,2,24,2,0,2
S01012383,F. Construction,48,33,3,30,15,3,12
S01012383,G I. Distribution hotels and restaurants,69,64,32,32,5,2,3
S01012383,H J. Transport and communication,28,21,5,16,7,3,4
S01012383,K L M N. Financial real estate professional and administrative activities,45,37,8,29,8,3,5
S01012383,O P Q. Public administration education and health,130,126,46,80,4,2,2
S01012383,R S T U. Other,22,17,6,11,5,2,3
S01012384,All people aged 16 to 74 in employment,248,210,52,158,38,17,21
S01012384,A B D E. Agriculture energy and water,10,9,1,8,1,0,1
S01012384,C. Manufacturing,26,22,0,22,4,2,2
S01012384,F. Construction,23,16,2,14,7,2,5
S01012384,G I. Distribution hotels and restaurants,44,38,17,21,6,1,5
S01012384,H J. Transport and communication,13,12,4,8,1,0,1
S01012384,K L M N. Financial real estate professional and administrative activities,30,21,5,16,9,5,4
S01012384,O P Q. Public administration education and health,83,78,18,60,5,3,2
S01012384,R S T U. Other,19,14,5,9,5,4,1
S01012385,All people aged 16 to 74 in employment,397,326,87,239,71,22,49
S01012385,A B D E. Agriculture energy and water,17,10,2,8,7,2,5
S01012385,C. Manufacturing,29,25,4,21,4,1,3
S01012385,F. Construction,28,17,0,17,11,2,9
S01012385,G I. Distribution hotels and restaurants,77,62,26,36,15,1,14
S01012385,H J. Transport and communication,18,16,1,15,2,0,2
S01012385,K L M N. Financial real estate professional and administrative activities,69,58,9,49,11,4,7
S01012385,O P Q. Public administration education and health,139,126,40,86,13,7,6
S01012385,R S T U. Other,20,12,5,7,8,5,3
S01012386,All people aged 16 to 74 in employment,432,386,126,260,46,15,31
S01012386,A B D E. Agriculture energy and water,13,10,1,9,3,0,3
S01012386,C. Manufacturing,47,44,5,39,3,0,3
S01012386,F. Construction,31,23,1,22,8,0,8
S01012386,G I. Distribution hotels and restaurants,91,81,41,40,10,2,8
S01012386,H J. Transport and communication,32,25,2,23,7,3,4
S01012386,K L M N. Financial real estate professional and administrative activities,55,46,11,35,9,6,3
S01012386,O P Q. Public administration education and health,148,146,59,87,2,1,1
S01012386,R S T U. Other,15,11,6,5,4,3,1
S01012387,All people aged 16 to 74 in employment,527,449,111,338,78,17,61
S01012387,A B D E. Agriculture energy and water,45,23,3,20,22,2,20
S01012387,C. Manufacturing,19,15,2,13,4,2,2
S01012387,F. Construction,42,31,1,30,11,1,10
S01012387,G I. Distribution hotels and restaurants,97,87,27,60,10,2,8
S01012387,H J. Transport and communication,89,85,8,77,4,1,3
S01012387,K L M N. Financial real estate professional and administrative activities,40,30,4,26,10,2,8
S01012387,O P Q. Public administration education and health,167,158,61,97,9,5,4
S01012387,R S T U. Other,28,20,5,15,8,2,6
S01012388,All people aged 16 to 74 in employment,407,346,98,248,61,17,44
S01012388,A B D E. Agriculture energy and water,13,6,0,6,7,1,6
S01012388,C. Manufacturing,20,14,1,13,6,0,6
S01012388,F. Construction,41,28,2,26,13,4,9
S01012388,G I. Distribution hotels and restaurants,64,55,25,30,9,2,7
S01012388,H J. Transport and communication,58,48,5,43,10,4,6
S01012388,K L M N. Financial real estate professional and administrative activities,45,37,9,28,8,3,5
S01012388,O P Q. Public administration education and health,145,142,54,88,3,1,2
S01012388,R S T U. Other,21,16,2,14,5,2,3
S01012389,All people aged 16 to 74 in employment,487,432,131,301,55,17,38
S01012389,A B D E. Agriculture energy and water,27,17,2,15,10,1,9
S01012389,C. Manufacturing,33,30,6,24,3,0,3
S01012389,F. Construction,51,39,1,38,12,1,11
S01012389,G I. Distribution hotels and restaurants,77,67,26,41,10,2,8
S01012389,H J. Transport and communication,56,55,4,51,1,1,0
S01012389,K L M N. Financial real estate professional and administrative activities,39,32,10,22,7,4,3
S01012389,O P Q. Public administration education and health,181,176,76,100,5,3,2
S01012389,R S T U. Other,23,16,6,10,7,5,2
S01012390,All people aged 16 to 74 in employment,445,406,121,285,39,12,27
S01012390,A B D E. Agriculture energy and water,26,16,1,15,10,1,9
S01012390,C. Manufacturing,30,25,2,23,5,2,3
S01012390,F. Construction,54,46,2,44,8,2,6
S01012390,G I. Distribution hotels and restaurants,82,76,26,50,6,3,3
S01012390,H J. Transport and communication,42,40,8,32,2,0,2
S01012390,K L M N. Financial real estate professional and administrative activities,34,29,10,19,5,3,2
S01012390,O P Q. Public administration education and health,159,157,65,92,2,1,1
S01012390,R S T U. Other,18,17,7,10,1,0,1
S01012391,All people aged 16 to 74 in employment,595,537,168,369,58,22,36
S01012391,A B D E. Agriculture energy and water,52,39,4,35,13,3,10
S01012391,C. Manufacturing,36,34,6,28,2,1,1
S01012391,F. Construction,49,36,4,32,13,4,9
S01012391,G I. Distribution hotels and restaurants,92,85,42,43,7,5,2
S01012391,H J. Transport and communication,51,47,4,43,4,1,3
S01012391,K L M N. Financial real estate professional and administrative activities,57,50,20,30,7,3,4
S01012391,O P Q. Public administration education and health,219,212,74,138,7,3,4
S01012391,R S T U. Other,39,34,14,20,5,2,3
S01012392,All people aged 16 to 74 in employment,432,402,128,274,30,9,21
S01012392,A B D E. Agriculture energy and water,17,15,1,14,2,0,2
S01012392,C. Manufacturing,21,19,4,15,2,0,2
S01012392,F. Construction,41,36,2,34,5,2,3
S01012392,G I. Distribution hotels and restaurants,98,91,34,57,7,4,3
S01012392,H J. Transport and communication,45,41,5,36,4,2,2
S01012392,K L M N. Financial real estate professional and administrative activities,45,40,17,23,5,0,5
S01012392,O P Q. Public administration education and health,143,140,58,82,3,0,3
S01012392,R S T U. Other,22,20,7,13,2,1,1
S01012393,All people aged 16 to 74 in employment,530,467,141,326,63,20,43
S01012393,A B D E. Agriculture energy and water,24,21,0,21,3,0,3
S01012393,C. Manufacturing,28,23,4,19,5,1,4
S01012393,F. Construction,66,52,2,50,14,3,11
S01012393,G I. Distribution hotels and restaurants,94,81,42,39,13,2,11
S01012393,H J. Transport and communication,49,41,6,35,8,4,4
S01012393,K L M N. Financial real estate professional and administrative activities,54,45,15,30,9,5,4
S01012393,O P Q. Public administration education and health,182,175,62,113,7,4,3
S01012393,R S T U. Other,33,29,10,19,4,1,3
S01012394,All people aged 16 to 74 in employment,342,315,88,227,27,6,21
S01012394,A B D E. Agriculture energy and water,19,15,1,14,4,0,4
S01012394,C. Manufacturing,24,24,3,21,0,0,0
S01012394,F. Construction,37,30,3,27,7,0,7
S01012394,G I. Distribution hotels and restaurants,88,82,29,53,6,1,5
S01012394,H J. Transport and communication,32,28,4,24,4,0,4
S01012394,K L M N. Financial real estate professional and administrative activities,36,33,17,16,3,2,1
S01012394,O P Q. Public administration education and health,91,90,30,60,1,1,0
S01012394,R S T U. Other,15,13,1,12,2,2,0
S01012395,All people aged 16 to 74 in employment,343,307,97,210,36,12,24
S01012395,A B D E. Agriculture energy and water,24,20,0,20,4,2,2
S01012395,C. Manufacturing,10,8,1,7,2,1,1
S01012395,F. Construction,30,24,1,23,6,1,5
S01012395,G I. Distribution hotels and restaurants,68,59,24,35,9,1,8
S01012395,H J. Transport and communication,35,32,6,26,3,1,2
S01012395,K L M N. Financial real estate professional and administrative activities,28,20,9,11,8,4,4
S01012395,O P Q. Public administration education and health,132,130,51,79,2,2,0
S01012395,R S T U. Other,16,14,5,9,2,0,2
S01012396,All people aged 16 to 74 in employment,338,306,65,241,32,8,24
S01012396,A B D E. Agriculture energy and water,19,15,0,15,4,0,4
S01012396,C. Manufacturing,22,22,6,16,0,0,0
S01012396,F. Construction,39,33,1,32,6,1,5
S01012396,G I. Distribution hotels and restaurants,55,47,13,34,8,1,7
S01012396,H J. Transport and communication,40,39,3,36,1,0,1
S01012396,K L M N. Financial real estate professional and administrative activities,34,28,6,22,6,3,3
S01012396,O P Q. Public administration education and health,113,109,35,74,4,2,2
S01012396,R S T U. Other,16,13,1,12,3,1,2
S01012397,All people aged 16 to 74 in employment,455,398,115,283,57,14,43
S01012397,A B D E. Agriculture energy and water,24,11,1,10,13,4,9
S01012397,C. Manufacturing,25,22,6,16,3,2,1
S01012397,F. Construction,43,36,1,35,7,0,7
S01012397,G I. Distribution hotels and restaurants,94,79,27,52,15,2,13
S01012397,H J. Transport and communication,59,53,5,48,6,0,6
S01012397,K L M N. Financial real estate professional and administrative activities,28,24,12,12,4,2,2
S01012397,O P Q. Public administration education and health,160,157,58,99,3,1,2
S01012397,R S T U. Other,22,16,5,11,6,3,3
S01012398,All people aged 16 to 74 in employment,540,503,111,392,37,6,31
S01012398,A B D E. Agriculture energy and water,27,24,1,23,3,1,2
S01012398,C. Manufacturing,40,38,7,31,2,0,2
S01012398,F. Construction,64,58,1,57,6,0,6
S01012398,G I. Distribution hotels and restaurants,139,130,40,90,9,2,7
S01012398,H J. Transport and communication,45,42,3,39,3,0,3
S01012398,K L M N. Financial real estate professional and administrative activities,45,38,4,34,7,1,6
S01012398,O P Q. Public administration education and health,162,159,51,108,3,2,1
S01012398,R S T U. Other,18,14,4,10,4,0,4
S01012399,All people aged 16 to 74 in employment,341,329,86,243,12,2,10
S01012399,A B D E. Agriculture energy and water,21,21,0,21,0,0,0
S01012399,C. Manufacturing,24,21,1,20,3,0,3
S01012399,F. Construction,30,27,1,26,3,0,3
S01012399,G I. Distribution hotels and restaurants,69,66,25,41,3,0,3
S01012399,H J. Transport and communication,38,38,3,35,0,0,0
S01012399,K L M N. Financial real estate professional and administrative activities,33,30,11,19,3,2,1
S01012399,O P Q. Public administration education and health,119,119,45,74,0,0,0
S01012399,R S T U. Other,7,7,0,7,0,0,0
S01012400,All people aged 16 to 74 in employment,359,325,87,238,34,5,29
S01012400,A B D E. Agriculture energy and water,14,12,0,12,2,1,1
S01012400,C. Manufacturing,20,20,0,20,0,0,0
S01012400,F. Construction,56,48,1,47,8,0,8
S01012400,G I. Distribution hotels and restaurants,99,87,34,53,12,3,9
S01012400,H J. Transport and communication,27,24,4,20,3,0,3
S01012400,K L M N. Financial real estate professional and administrative activities,32,27,11,16,5,1,4
S01012400,O P Q. Public administration education and health,84,82,31,51,2,0,2
S01012400,R S T U. Other,27,25,6,19,2,0,2
S01012401,All people aged 16 to 74 in employment,468,440,116,324,28,5,23
S01012401,A B D E. Agriculture energy and water,31,25,0,25,6,1,5
S01012401,C. Manufacturing,29,29,7,22,0,0,0
S01012401,F. Construction,79,69,1,68,10,3,7
S01012401,G I. Distribution hotels and restaurants,92,87,31,56,5,0,5
S01012401,H J. Transport and communication,42,38,2,36,4,1,3
S01012401,K L M N. Financial real estate professional and administrative activities,36,35,9,26,1,0,1
S01012401,O P Q. Public administration education and health,130,130,55,75,0,0,0
S01012401,R S T U. Other,29,27,11,16,2,0,2
S01012402,All people aged 16 to 74 in employment,278,243,60,183,35,4,31
S01012402,A B D E. Agriculture energy and water,27,17,1,16,10,1,9
S01012402,C. Manufacturing,8,8,1,7,0,0,0
S01012402,F. Construction,32,22,1,21,10,0,10
S01012402,G I. Distribution hotels and restaurants,49,42,10,32,7,0,7
S01012402,H J. Transport and communication,28,27,0,27,1,1,0
S01012402,K L M N. Financial real estate professional and administrative activities,22,18,3,15,4,0,4
S01012402,O P Q. Public administration education and health,90,90,35,55,0,0,0
S01012402,R S T U. Other,22,19,9,10,3,2,1
S01012403,All people aged 16 to 74 in employment,650,544,157,387,106,32,74
S01012403,A B D E. Agriculture energy and water,80,43,1,42,37,4,33
S01012403,C. Manufacturing,44,35,4,31,9,5,4
S01012403,F. Construction,77,61,3,58,16,2,14
S01012403,G I. Distribution hotels and restaurants,90,75,33,42,15,6,9
S01012403,H J. Transport and communication,57,52,3,49,5,2,3
S01012403,K L M N. Financial real estate professional and administrative activities,47,38,9,29,9,3,6
S01012403,O P Q. Public administration education and health,227,218,97,121,9,5,4
S01012403,R S T U. Other,28,22,7,15,6,5,1
S01012404,All people aged 16 to 74 in employment,558,501,122,379,57,22,35
S01012404,A B D E. Agriculture energy and water,48,39,1,38,9,1,8
S01012404,C. Manufacturing,49,44,8,36,5,1,4
S01012404,F. Construction,82,63,2,61,19,4,15
S01012404,G I. Distribution hotels and restaurants,99,92,29,63,7,4,3
S01012404,H J. Transport and communication,55,50,8,42,5,1,4
S01012404,K L M N. Financial real estate professional and administrative activities,39,33,10,23,6,5,1
S01012404,O P Q. Public administration education and health,165,161,59,102,4,4,0
S01012404,R S T U. Other,21,19,5,14,2,2,0
S01012405,All people aged 16 to 74 in employment,426,367,85,282,59,18,41
S01012405,A B D E. Agriculture energy and water,37,31,1,30,6,1,5
S01012405,C. Manufacturing,27,26,3,23,1,0,1
S01012405,F. Construction,60,44,4,40,16,3,13
S01012405,G I. Distribution hotels and restaurants,61,50,12,38,11,3,8
S01012405,H J. Transport and communication,39,37,4,33,2,0,2
S01012405,K L M N. Financial real estate professional and administrative activities,33,24,3,21,9,2,7
S01012405,O P Q. Public administration education and health,150,140,53,87,10,5,5
S01012405,R S T U. Other,19,15,5,10,4,4,0
S01012406,All people aged 16 to 74 in employment,338,290,80,210,48,5,43
S01012406,A B D E. Agriculture energy and water,48,31,1,30,17,1,16
S01012406,C. Manufacturing,25,23,4,19,2,0,2
S01012406,F. Construction,33,23,0,23,10,0,10
S01012406,G I. Distribution hotels and restaurants,43,40,18,22,3,0,3
S01012406,H J. Transport and communication,35,33,6,27,2,0,2
S01012406,K L M N. Financial real estate professional and administrative activities,38,31,6,25,7,2,5
S01012406,O P Q. Public administration education and health,101,98,43,55,3,1,2
S01012406,R S T U. Other,15,11,2,9,4,1,3
S01012407,All people aged 16 to 74 in employment,460,398,121,277,62,13,49
S01012407,A B D E. Agriculture energy and water,46,32,3,29,14,2,12
S01012407,C. Manufacturing,32,27,2,25,5,1,4
S01012407,F. Construction,63,44,2,42,19,2,17
S01012407,G I. Distribution hotels and restaurants,74,70,25,45,4,2,2
S01012407,H J. Transport and communication,44,39,9,30,5,0,5
S01012407,K L M N. Financial real estate professional and administrative activities,35,30,10,20,5,1,4
S01012407,O P Q. Public administration education and health,145,142,63,79,3,2,1
S01012407,R S T U. Other,21,14,7,7,7,3,4
S01012408,All people aged 16 to 74 in employment,352,287,93,194,65,14,51
S01012408,A B D E. Agriculture energy and water,46,25,3,22,21,4,17
S01012408,C. Manufacturing,23,18,6,12,5,1,4
S01012408,F. Construction,40,30,1,29,10,1,9
S01012408,G I. Distribution hotels and restaurants,51,41,21,20,10,3,7
S01012408,H J. Transport and communication,45,39,8,31,6,1,5
S01012408,K L M N. Financial real estate professional and administrative activities,29,22,6,16,7,2,5
S01012408,O P Q. Public administration education and health,108,103,45,58,5,1,4
S01012408,R S T U. Other,10,9,3,6,1,1,0
S01012409,All people aged 16 to 74 in employment,377,312,96,216,65,16,49
S01012409,A B D E. Agriculture energy and water,56,30,0,30,26,8,18
S01012409,C. Manufacturing,50,43,8,35,7,0,7
S01012409,F. Construction,36,29,0,29,7,1,6
S01012409,G I. Distribution hotels and restaurants,56,48,24,24,8,2,6
S01012409,H J. Transport and communication,20,17,2,15,3,1,2
S01012409,K L M N. Financial real estate professional and administrative activities,24,20,7,13,4,2,2
S01012409,O P Q. Public administration education and health,116,110,49,61,6,0,6
S01012409,R S T U. Other,19,15,6,9,4,2,2
S01012410,All people aged 16 to 74 in employment,629,575,155,420,54,10,44
S01012410,A B D E. Agriculture energy and water,47,39,6,33,8,3,5
S01012410,C. Manufacturing,30,27,1,26,3,1,2
S01012410,F. Construction,83,69,0,69,14,0,14
S01012410,G I. Distribution hotels and restaurants,122,106,47,59,16,3,13
S01012410,H J. Transport and communication,103,99,10,89,4,1,3
S01012410,K L M N. Financial real estate professional and administrative activities,46,42,12,30,4,1,3
S01012410,O P Q. Public administration education and health,176,172,71,101,4,1,3
S01012410,R S T U. Other,22,21,8,13,1,0,1
S01012411,All people aged 16 to 74 in employment,539,498,123,375,41,9,32
S01012411,A B D E. Agriculture energy and water,56,41,4,37,15,2,13
S01012411,C. Manufacturing,35,34,2,32,1,0,1
S01012411,F. Construction,65,59,0,59,6,1,5
S01012411,G I. Distribution hotels and restaurants,88,83,28,55,5,0,5
S01012411,H J. Transport and communication,71,68,9,59,3,2,1
S01012411,K L M N. Financial real estate professional and administrative activities,49,47,11,36,2,0,2
S01012411,O P Q. Public administration education and health,155,149,63,86,6,4,2
S01012411,R S T U. Other,20,17,6,11,3,0,3
S01012412,All people aged 16 to 74 in employment,364,301,107,194,63,18,45
S01012412,A B D E. Agriculture energy and water,62,36,1,35,26,9,17
S01012412,C. Manufacturing,12,10,0,10,2,0,2
S01012412,F. Construction,48,33,1,32,15,3,12
S01012412,G I. Distribution hotels and restaurants,72,67,40,27,5,0,5
S01012412,H J. Transport and communication,41,35,7,28,6,3,3
S01012412,K L M N. Financial real estate professional and administrative activities,23,18,5,13,5,1,4
S01012412,O P Q. Public administration education and health,99,96,51,45,3,1,2
S01012412,R S T U. Other,7,6,2,4,1,1,0
S01012413,All people aged 16 to 74 in employment,482,429,125,304,53,6,47
S01012413,A B D E. Agriculture energy and water,80,62,12,50,18,2,16
S01012413,C. Manufacturing,38,34,6,28,4,1,3
S01012413,F. Construction,26,20,0,20,6,0,6
S01012413,G I. Distribution hotels and restaurants,49,43,16,27,6,1,5
S01012413,H J. Transport and communication,87,81,5,76,6,0,6
S01012413,K L M N. Financial real estate professional and administrative activities,29,25,7,18,4,0,4
S01012413,O P Q. Public administration education and health,155,150,76,74,5,1,4
S01012413,R S T U. Other,18,14,3,11,4,1,3
S01012414,All people aged 16 to 74 in employment,344,286,101,185,58,13,45
S01012414,A B D E. Agriculture energy and water,62,39,5,34,23,5,18
S01012414,C. Manufacturing,19,12,1,11,7,2,5
S01012414,F. Construction,33,25,1,24,8,1,7
S01012414,G I. Distribution hotels and restaurants,46,41,20,21,5,2,3
S01012414,H J. Transport and communication,38,31,5,26,7,2,5
S01012414,K L M N. Financial real estate professional and administrative activities,11,6,3,3,5,1,4
S01012414,O P Q. Public administration education and health,118,116,57,59,2,0,2
S01012414,R S T U. Other,17,16,9,7,1,0,1
S01012415,All people aged 16 to 74 in employment,274,206,66,140,68,9,59
S01012415,A B D E. Agriculture energy and water,58,17,3,14,41,3,38
S01012415,C. Manufacturing,23,18,5,13,5,0,5
S01012415,F. Construction,12,9,0,9,3,0,3
S01012415,G I. Distribution hotels and restaurants,45,35,13,22,10,3,7
S01012415,H J. Transport and communication,44,39,0,39,5,1,4
S01012415,K L M N. Financial real estate professional and administrative activities,10,8,3,5,2,1,1
S01012415,O P Q. Public administration education and health,70,70,38,32,0,0,0
S01012415,R S T U. Other,12,10,4,6,2,1,1
S01012416,All people aged 16 to 74 in employment,281,217,76,141,64,11,53
S01012416,A B D E. Agriculture energy and water,58,22,0,22,36,0,36
S01012416,C. Manufacturing,24,21,5,16,3,2,1
S01012416,F. Construction,14,10,0,10,4,1,3
S01012416,G I. Distribution hotels and restaurants,33,27,11,16,6,1,5
S01012416,H J. Transport and communication,43,37,4,33,6,3,3
S01012416,K L M N. Financial real estate professional and administrative activities,9,5,1,4,4,1,3
S01012416,O P Q. Public administration education and health,94,90,52,38,4,3,1
S01012416,R S T U. Other,6,5,3,2,1,0,1
S01012417,All people aged 16 to 74 in employment,262,200,78,122,62,15,47
S01012417,A B D E. Agriculture energy and water,41,16,2,14,25,3,22
S01012417,C. Manufacturing,22,20,0,20,2,1,1
S01012417,F. Construction,25,15,1,14,10,3,7
S01012417,G I. Distribution hotels and restaurants,60,53,29,24,7,2,5
S01012417,H J. Transport and communication,15,12,7,5,3,1,2
S01012417,K L M N. Financial real estate professional and administrative activities,20,12,1,11,8,4,4
S01012417,O P Q. Public administration education and health,70,64,36,28,6,1,5
S01012417,R S T U. Other,9,8,2,6,1,0,1
S01012418,All people aged 16 to 74 in employment,373,233,68,165,140,32,108
S01012418,A B D E. Agriculture energy and water,91,35,7,28,56,7,49
S01012418,C. Manufacturing,26,19,1,18,7,2,5
S01012418,F. Construction,43,25,1,24,18,3,15
S01012418,G I. Distribution hotels and restaurants,68,48,18,30,20,4,16
S01012418,H J. Transport and communication,24,13,6,7,11,4,7
S01012418,K L M N. Financial real estate professional and administrative activities,37,26,6,20,11,5,6
S01012418,O P Q. Public administration education and health,68,60,28,32,8,3,5
S01012418,R S T U. Other,16,7,1,6,9,4,5
S01012419,All people aged 16 to 74 in employment,342,214,73,141,128,28,100
S01012419,A B D E. Agriculture energy and water,89,32,2,30,57,5,52
S01012419,C. Manufacturing,31,22,3,19,9,4,5
S01012419,F. Construction,18,2,0,2,16,3,13
S01012419,G I. Distribution hotels and restaurants,59,42,22,20,17,4,13
S01012419,H J. Transport and communication,15,10,1,9,5,4,1
S01012419,K L M N. Financial real estate professional and administrative activities,31,22,9,13,9,2,7
S01012419,O P Q. Public administration education and health,83,74,31,43,9,2,7
S01012419,R S T U. Other,16,10,5,5,6,4,2
S01012420,All people aged 16 to 74 in employment,382,332,108,224,50,12,38
S01012420,A B D E. Agriculture energy and water,35,21,2,19,14,0,14
S01012420,C. Manufacturing,79,76,10,66,3,0,3
S01012420,F. Construction,42,35,2,33,7,2,5
S01012420,G I. Distribution hotels and restaurants,77,67,40,27,10,4,6
S01012420,H J. Transport and communication,17,14,2,12,3,0,3
S01012420,K L M N. Financial real estate professional and administrative activities,20,15,7,8,5,2,3
S01012420,O P Q. Public administration education and health,96,88,36,52,8,4,4
S01012420,R S T U. Other,16,16,9,7,0,0,0
S01012421,All people aged 16 to 74 in employment,351,275,68,207,76,12,64
S01012421,A B D E. Agriculture energy and water,51,23,4,19,28,3,25
S01012421,C. Manufacturing,23,20,0,20,3,0,3
S01012421,F. Construction,25,14,2,12,11,1,10
S01012421,G I. Distribution hotels and restaurants,97,80,23,57,17,3,14
S01012421,H J. Transport and communication,25,23,2,21,2,1,1
S01012421,K L M N. Financial real estate professional and administrative activities,23,20,5,15,3,0,3
S01012421,O P Q. Public administration education and health,85,78,30,48,7,3,4
S01012421,R S T U. Other,22,17,2,15,5,1,4
S01012422,All people aged 16 to 74 in employment,405,313,96,217,92,27,65
S01012422,A B D E. Agriculture energy and water,43,17,2,15,26,6,20
S01012422,C. Manufacturing,34,31,3,28,3,0,3
S01012422,F. Construction,44,29,4,25,15,2,13
S01012422,G I. Distribution hotels and restaurants,82,64,28,36,18,5,13
S01012422,H J. Transport and communication,25,19,5,14,6,2,4
S01012422,K L M N. Financial real estate professional and administrative activities,52,40,18,22,12,4,8
S01012422,O P Q. Public administration education and health,92,85,28,57,7,4,3
S01012422,R S T U. Other,33,28,8,20,5,4,1
S01012423,All people aged 16 to 74 in employment,391,309,93,216,82,18,64
S01012423,A B D E. Agriculture energy and water,45,16,2,14,29,4,25
S01012423,C. Manufacturing,42,32,1,31,10,0,10
S01012423,F. Construction,31,24,4,20,7,1,6
S01012423,G I. Distribution hotels and restaurants,78,61,26,35,17,3,14
S01012423,H J. Transport and communication,24,22,6,16,2,0,2
S01012423,K L M N. Financial real estate professional and administrative activities,35,28,10,18,7,4,3
S01012423,O P Q. Public administration education and health,116,112,34,78,4,3,1
S01012423,R S T U. Other,20,14,10,4,6,3,3
S01012424,All people aged 16 to 74 in employment,423,383,145,238,40,16,24
S01012424,A B D E. Agriculture energy and water,13,11,1,10,2,0,2
S01012424,C. Manufacturing,80,78,7,71,2,1,1
S01012424,F. Construction,39,33,2,31,6,1,5
S01012424,G I. Distribution hotels and restaurants,81,76,43,33,5,2,3
S01012424,H J. Transport and communication,29,23,5,18,6,3,3
S01012424,K L M N. Financial real estate professional and administrative activities,31,27,14,13,4,1,3
S01012424,O P Q. Public administration education and health,121,110,57,53,11,4,7
S01012424,R S T U. Other,29,25,16,9,4,4,0
S01012425,All people aged 16 to 74 in employment,190,174,63,111,16,2,14
S01012425,A B D E. Agriculture energy and water,11,7,0,7,4,1,3
S01012425,C. Manufacturing,29,28,2,26,1,0,1
S01012425,F. Construction,15,15,0,15,0,0,0
S01012425,G I. Distribution hotels and restaurants,48,44,29,15,4,0,4
S01012425,H J. Transport and communication,11,11,2,9,0,0,0
S01012425,K L M N. Financial real estate professional and administrative activities,13,12,4,8,1,0,1
S01012425,O P Q. Public administration education and health,56,51,24,27,5,1,4
S01012425,R S T U. Other,7,6,2,4,1,0,1
S01012426,All people aged 16 to 74 in employment,168,153,68,85,15,2,13
S01012426,A B D E. Agriculture energy and water,11,6,1,5,5,1,4
S01012426,C. Manufacturing,31,31,4,27,0,0,0
S01012426,F. Construction,10,8,1,7,2,0,2
S01012426,G I. Distribution hotels and restaurants,45,44,28,16,1,0,1
S01012426,H J. Transport and communication,3,1,0,1,2,0,2
S01012426,K L M N. Financial real estate professional and administrative activities,12,12,6,6,0,0,0
S01012426,O P Q. Public administration education and health,50,48,27,21,2,0,2
S01012426,R S T U. Other,6,3,1,2,3,1,2
S01012427,All people aged 16 to 74 in employment,248,233,101,132,15,2,13
S01012427,A B D E. Agriculture energy and water,16,10,1,9,6,0,6
S01012427,C. Manufacturing,31,31,1,30,0,0,0
S01012427,F. Construction,23,21,2,19,2,0,2
S01012427,G I. Distribution hotels and restaurants,80,77,44,33,3,0,3
S01012427,H J. Transport and communication,9,9,2,7,0,0,0
S01012427,K L M N. Financial real estate professional and administrative activities,13,13,7,6,0,0,0
S01012427,O P Q. Public administration education and health,70,67,42,25,3,1,2
S01012427,R S T U. Other,6,5,2,3,1,1,0
S01012428,All people aged 16 to 74 in employment,292,266,99,167,26,6,20
S01012428,A B D E. Agriculture energy and water,16,12,0,12,4,2,2
S01012428,C. Manufacturing,51,48,5,43,3,0,3
S01012428,F. Construction,20,16,0,16,4,2,2
S01012428,G I. Distribution hotels and restaurants,68,58,35,23,10,1,9
S01012428,H J. Transport and communication,20,18,4,14,2,0,2
S01012428,K L M N. Financial real estate professional and administrative activities,21,20,10,10,1,0,1
S01012428,O P Q. Public administration education and health,86,85,40,45,1,0,1
S01012428,R S T U. Other,10,9,5,4,1,1,0
S01012429,All people aged 16 to 74 in employment,204,183,53,130,21,4,17
S01012429,A B D E. Agriculture energy and water,5,4,1,3,1,0,1
S01012429,C. Manufacturing,22,21,1,20,1,0,1
S01012429,F. Construction,18,12,0,12,6,2,4
S01012429,G I. Distribution hotels and restaurants,50,46,18,28,4,0,4
S01012429,H J. Transport and communication,9,8,1,7,1,0,1
S01012429,K L M N. Financial real estate professional and administrative activities,15,12,4,8,3,0,3
S01012429,O P Q. Public administration education and health,76,74,26,48,2,1,1
S01012429,R S T U. Other,9,6,2,4,3,1,2
S01012430,All people aged 16 to 74 in employment,249,221,71,150,28,7,21
S01012430,A B D E. Agriculture energy and water,7,4,0,4,3,1,2
S01012430,C. Manufacturing,39,38,3,35,1,0,1
S01012430,F. Construction,17,13,0,13,4,1,3
S01012430,G I. Distribution hotels and restaurants,58,51,31,20,7,1,6
S01012430,H J. Transport and communication,21,19,3,16,2,0,2
S01012430,K L M N. Financial real estate professional and administrative activities,19,14,3,11,5,1,4
S01012430,O P Q. Public administration education and health,75,74,27,47,1,0,1
S01012430,R S T U. Other,13,8,4,4,5,3,2
S01012431,All people aged 16 to 74 in employment,376,289,101,188,87,18,69
S01012431,A B D E. Agriculture energy and water,17,8,0,8,9,3,6
S01012431,C. Manufacturing,37,36,2,34,1,0,1
S01012431,F. Construction,26,14,1,13,12,1,11
S01012431,G I. Distribution hotels and restaurants,81,62,33,29,19,1,18
S01012431,H J. Transport and communication,23,15,5,10,8,1,7
S01012431,K L M N. Financial real estate professional and administrative activities,34,25,8,17,9,2,7
S01012431,O P Q. Public administration education and health,125,112,48,64,13,5,8
S01012431,R S T U. Other,33,17,4,13,16,5,11
S01012432,All people aged 16 to 74 in employment,252,223,74,149,29,6,23
S01012432,A B D E. Agriculture energy and water,10,9,3,6,1,0,1
S01012432,C. Manufacturing,43,41,2,39,2,1,1
S01012432,F. Construction,14,12,1,11,2,0,2
S01012432,G I. Distribution hotels and restaurants,65,52,31,21,13,2,11
S01012432,H J. Transport and communication,10,8,1,7,2,0,2
S01012432,K L M N. Financial real estate professional and administrative activities,16,15,7,8,1,1,0
S01012432,O P Q. Public administration education and health,76,73,22,51,3,1,2
S01012432,R S T U. Other,18,13,7,6,5,1,4
S01012433,All people aged 16 to 74 in employment,235,206,64,142,29,10,19
S01012433,A B D E. Agriculture energy and water,11,6,0,6,5,1,4
S01012433,C. Manufacturing,41,38,3,35,3,1,2
S01012433,F. Construction,15,12,0,12,3,2,1
S01012433,G I. Distribution hotels and restaurants,53,47,25,22,6,0,6
S01012433,H J. Transport and communication,18,15,2,13,3,1,2
S01012433,K L M N. Financial real estate professional and administrative activities,20,18,5,13,2,1,1
S01012433,O P Q. Public administration education and health,65,62,28,34,3,1,2
S01012433,R S T U. Other,12,8,1,7,4,3,1
S01012434,All people aged 16 to 74 in employment,309,282,82,200,27,12,15
S01012434,A B D E. Agriculture energy and water,12,9,1,8,3,0,3
S01012434,C. Manufacturing,32,31,0,31,1,0,1
S01012434,F. Construction,42,36,2,34,6,2,4
S01012434,G I. Distribution hotels and restaurants,64,58,28,30,6,3,3
S01012434,H J. Transport and communication,19,17,1,16,2,2,0
S01012434,K L M N. Financial real estate professional and administrative activities,20,19,5,14,1,0,1
S01012434,O P Q. Public administration education and health,106,101,43,58,5,4,1
S01012434,R S T U. Other,14,11,2,9,3,1,2
S01012435,All people aged 16 to 74 in employment,285,253,86,167,32,8,24
S01012435,A B D E. Agriculture energy and water,14,11,1,10,3,1,2
S01012435,C. Manufacturing,21,21,3,18,0,0,0
S01012435,F. Construction,30,23,2,21,7,0,7
S01012435,G I. Distribution hotels and restaurants,80,69,38,31,11,2,9
S01012435,H J. Transport and communication,18,15,2,13,3,0,3
S01012435,K L M N. Financial real estate professional and administrative activities,29,25,4,21,4,3,1
S01012435,O P Q. Public administration education and health,78,77,29,48,1,1,0
S01012435,R S T U. Other,15,12,7,5,3,1,2
S01012436,All people aged 16 to 74 in employment,299,270,92,178,29,8,21
S01012436,A B D E. Agriculture energy and water,15,10,2,8,5,0,5
S01012436,C. Manufacturing,38,36,2,34,2,0,2
S01012436,F. Construction,29,23,1,22,6,0,6
S01012436,G I. Distribution hotels and restaurants,69,66,32,34,3,1,2
S01012436,H J. Transport and communication,15,12,5,7,3,2,1
S01012436,K L M N. Financial real estate professional and administrative activities,28,25,8,17,3,1,2
S01012436,O P Q. Public administration education and health,86,83,36,47,3,1,2
S01012436,R S T U. Other,19,15,6,9,4,3,1
S01012437,All people aged 16 to 74 in employment,335,301,93,208,34,7,27
S01012437,A B D E. Agriculture energy and water,21,15,1,14,6,1,5
S01012437,C. Manufacturing,45,45,2,43,0,0,0
S01012437,F. Construction,41,31,1,30,10,0,10
S01012437,G I. Distribution hotels and restaurants,77,74,35,39,3,1,2
S01012437,H J. Transport and communication,15,12,2,10,3,2,1
S01012437,K L M N. Financial real estate professional and administrative activities,29,25,9,16,4,3,1
S01012437,O P Q. Public administration education and health,95,90,40,50,5,0,5
S01012437,R S T U. Other,12,9,3,6,3,0,3
S01012438,All people aged 16 to 74 in employment,310,263,78,185,47,13,34
S01012438,A B D E. Agriculture energy and water,26,13,1,12,13,1,12
S01012438,C. Manufacturing,38,34,2,32,4,1,3
S01012438,F. Construction,24,21,1,20,3,1,2
S01012438,G I. Distribution hotels and restaurants,67,54,22,32,13,1,12
S01012438,H J. Transport and communication,15,12,3,9,3,2,1
S01012438,K L M N. Financial real estate professional and administrative activities,32,28,12,16,4,3,1
S01012438,O P Q. Public administration education and health,96,89,34,55,7,4,3
S01012438,R S T U. Other,12,12,3,9,0,0,0
S01012439,All people aged 16 to 74 in employment,299,266,81,185,33,6,27
S01012439,A B D E. Agriculture energy and water,15,10,1,9,5,1,4
S01012439,C. Manufacturing,29,27,1,26,2,0,2
S01012439,F. Construction,25,18,0,18,7,2,5
S01012439,G I. Distribution hotels and restaurants,77,74,32,42,3,1,2
S01012439,H J. Transport and communication,17,10,3,7,7,1,6
S01012439,K L M N. Financial real estate professional and administrative activities,31,24,8,16,7,1,6
S01012439,O P Q. Public administration education and health,91,89,30,59,2,0,2
S01012439,R S T U. Other,14,14,6,8,0,0,0
S01012440,All people aged 16 to 74 in employment,267,221,62,159,46,15,31
S01012440,A B D E. Agriculture energy and water,12,8,1,7,4,1,3
S01012440,C. Manufacturing,29,27,0,27,2,1,1
S01012440,F. Construction,34,23,2,21,11,1,10
S01012440,G I. Distribution hotels and restaurants,48,39,16,23,9,0,9
S01012440,H J. Transport and communication,20,13,2,11,7,3,4
S01012440,K L M N. Financial real estate professional and administrative activities,23,19,6,13,4,2,2
S01012440,O P Q. Public administration education and health,86,82,29,53,4,3,1
S01012440,R S T U. Other,15,10,6,4,5,4,1
S01012441,All people aged 16 to 74 in employment,458,339,111,228,119,30,89
S01012441,A B D E. Agriculture energy and water,75,27,4,23,48,4,44
S01012441,C. Manufacturing,37,29,3,26,8,1,7
S01012441,F. Construction,32,26,2,24,6,1,5
S01012441,G I. Distribution hotels and restaurants,71,57,30,27,14,6,8
S01012441,H J. Transport and communication,15,13,0,13,2,0,2
S01012441,K L M N. Financial real estate professional and administrative activities,57,33,15,18,24,10,14
S01012441,O P Q. Public administration education and health,151,139,49,90,12,6,6
S01012441,R S T U. Other,20,15,8,7,5,2,3
S01012442,All people aged 16 to 74 in employment,484,386,109,277,98,26,72
S01012442,A B D E. Agriculture energy and water,41,13,0,13,28,3,25
S01012442,C. Manufacturing,30,27,4,23,3,2,1
S01012442,F. Construction,29,22,4,18,7,1,6
S01012442,G I. Distribution hotels and restaurants,109,90,40,50,19,2,17
S01012442,H J. Transport and communication,39,33,1,32,6,1,5
S01012442,K L M N. Financial real estate professional and administrative activities,57,42,6,36,15,9,6
S01012442,O P Q. Public administration education and health,144,136,44,92,8,4,4
S01012442,R S T U. Other,35,23,10,13,12,4,8
S01012443,All people aged 16 to 74 in employment,398,317,94,223,81,15,66
S01012443,A B D E. Agriculture energy and water,53,28,5,23,25,2,23
S01012443,C. Manufacturing,19,13,1,12,6,1,5
S01012443,F. Construction,39,29,0,29,10,1,9
S01012443,G I. Distribution hotels and restaurants,77,65,30,35,12,1,11
S01012443,H J. Transport and communication,35,32,3,29,3,0,3
S01012443,K L M N. Financial real estate professional and administrative activities,48,35,8,27,13,6,7
S01012443,O P Q. Public administration education and health,112,106,42,64,6,1,5
S01012443,R S T U. Other,15,9,5,4,6,3,3
S01012444,All people aged 16 to 74 in employment,329,274,76,198,55,13,42
S01012444,A B D E. Agriculture energy and water,16,7,1,6,9,0,9
S01012444,C. Manufacturing,22,22,2,20,0,0,0
S01012444,F. Construction,20,11,1,10,9,2,7
S01012444,G I. Distribution hotels and restaurants,65,53,28,25,12,3,9
S01012444,H J. Transport and communication,23,18,2,16,5,3,2
S01012444,K L M N. Financial real estate professional and administrative activities,33,28,5,23,5,1,4
S01012444,O P Q. Public administration education and health,130,122,30,92,8,2,6
S01012444,R S T U. Other,20,13,7,6,7,2,5
S01012445,All people aged 16 to 74 in employment,262,208,61,147,54,17,37
S01012445,A B D E. Agriculture energy and water,13,10,1,9,3,2,1
S01012445,C. Manufacturing,25,23,1,22,2,0,2
S01012445,F. Construction,18,13,1,12,5,3,2
S01012445,G I. Distribution hotels and restaurants,40,33,14,19,7,3,4
S01012445,H J. Transport and communication,18,15,1,14,3,1,2
S01012445,K L M N. Financial real estate professional and administrative activities,58,40,14,26,18,3,15
S01012445,O P Q. Public administration education and health,78,66,26,40,12,4,8
S01012445,R S T U. Other,12,8,3,5,4,1,3
S01012446,All people aged 16 to 74 in employment,232,212,67,145,20,5,15
S01012446,A B D E. Agriculture energy and water,7,6,1,5,1,0,1
S01012446,C. Manufacturing,21,18,4,14,3,0,3
S01012446,F. Construction,22,18,0,18,4,0,4
S01012446,G I. Distribution hotels and restaurants,61,56,24,32,5,3,2
S01012446,H J. Transport and communication,10,8,1,7,2,0,2
S01012446,K L M N. Financial real estate professional and administrative activities,23,21,10,11,2,0,2
S01012446,O P Q. Public administration education and health,83,81,25,56,2,1,1
S01012446,R S T U. Other,5,4,2,2,1,1,0
S01012447,All people aged 16 to 74 in employment,446,388,103,285,58,25,33
S01012447,A B D E. Agriculture energy and water,19,12,0,12,7,3,4
S01012447,C. Manufacturing,35,34,1,33,1,1,0
S01012447,F. Construction,27,20,0,20,7,1,6
S01012447,G I. Distribution hotels and restaurants,118,102,44,58,16,7,9
S01012447,H J. Transport and communication,29,24,4,20,5,2,3
S01012447,K L M N. Financial real estate professional and administrative activities,44,36,8,28,8,4,4
S01012447,O P Q. Public administration education and health,147,143,39,104,4,1,3
S01012447,R S T U. Other,27,17,7,10,10,6,4
S01012448,All people aged 16 to 74 in employment,440,368,93,275,72,16,56
S01012448,A B D E. Agriculture energy and water,30,15,4,11,15,0,15
S01012448,C. Manufacturing,31,26,1,25,5,3,2
S01012448,F. Construction,22,13,0,13,9,4,5
S01012448,G I. Distribution hotels and restaurants,95,83,35,48,12,1,11
S01012448,H J. Transport and communication,26,24,2,22,2,0,2
S01012448,K L M N. Financial real estate professional and administrative activities,45,37,12,25,8,2,6
S01012448,O P Q. Public administration education and health,172,163,38,125,9,3,6
S01012448,R S T U. Other,19,7,1,6,12,3,9
S01012449,All people aged 16 to 74 in employment,309,275,67,208,34,4,30
S01012449,A B D E. Agriculture energy and water,15,13,1,12,2,0,2
S01012449,C. Manufacturing,22,21,0,21,1,0,1
S01012449,F. Construction,34,26,1,25,8,0,8
S01012449,G I. Distribution hotels and restaurants,59,50,22,28,9,1,8
S01012449,H J. Transport and communication,29,27,3,24,2,1,1
S01012449,K L M N. Financial real estate professional and administrative activities,21,17,2,15,4,1,3
S01012449,O P Q. Public administration education and health,118,113,31,82,5,1,4
S01012449,R S T U. Other,11,8,7,1,3,0,3
S01012450,All people aged 16 to 74 in employment,426,330,88,242,96,22,74
S01012450,A B D E. Agriculture energy and water,35,10,1,9,25,5,20
S01012450,C. Manufacturing,35,32,2,30,3,0,3
S01012450,F. Construction,32,20,3,17,12,1,11
S01012450,G I. Distribution hotels and restaurants,84,66,29,37,18,5,13
S01012450,H J. Transport and communication,30,23,1,22,7,1,6
S01012450,K L M N. Financial real estate professional and administrative activities,41,30,6,24,11,2,9
S01012450,O P Q. Public administration education and health,144,134,39,95,10,4,6
S01012450,R S T U. Other,25,15,7,8,10,4,6
S01012451,All people aged 16 to 74 in employment,311,248,75,173,63,18,45
S01012451,A B D E. Agriculture energy and water,0,0,0,0,0,0,0
S01012451,C. Manufacturing,20,18,1,17,2,0,2
S01012451,F. Construction,16,8,1,7,8,1,7
S01012451,G I. Distribution hotels and restaurants,62,51,25,26,11,3,8
S01012451,H J. Transport and communication,28,23,2,21,5,0,5
S01012451,K L M N. Financial real estate professional and administrative activities,64,40,8,32,24,5,19
S01012451,O P Q. Public administration education and health,104,95,29,66,9,8,1
S01012451,R S T U. Other,17,13,9,4,4,1,3
S01012452,All people aged 16 to 74 in employment,256,221,66,155,35,13,22
S01012452,A B D E. Agriculture energy and water,7,6,0,6,1,1,0
S01012452,C. Manufacturing,23,22,0,22,1,1,0
S01012452,F. Construction,13,7,2,5,6,1,5
S01012452,G I. Distribution hotels and restaurants,53,47,23,24,6,2,4
S01012452,H J. Transport and communication,15,10,2,8,5,1,4
S01012452,K L M N. Financial real estate professional and administrative activities,31,23,5,18,8,3,5
S01012452,O P Q. Public administration education and health,101,94,31,63,7,4,3
S01012452,R S T U. Other,13,12,3,9,1,0,1
S01012453,All people aged 16 to 74 in employment,371,297,89,208,74,23,51
S01012453,A B D E. Agriculture energy and water,7,6,0,6,1,0,1
S01012453,C. Manufacturing,32,28,7,21,4,1,3
S01012453,F. Construction,19,13,1,12,6,4,2
S01012453,G I. Distribution hotels and restaurants,73,49,28,21,24,5,19
S01012453,H J. Transport and communication,33,28,4,24,5,0,5
S01012453,K L M N. Financial real estate professional and administrative activities,65,43,11,32,22,6,16
S01012453,O P Q. Public administration education and health,125,115,34,81,10,6,4
S01012453,R S T U. Other,17,15,4,11,2,1,1
S01012454,All people aged 16 to 74 in employment,269,232,80,152,37,13,24
S01012454,A B D E. Agriculture energy and water,6,6,1,5,0,0,0
S01012454,C. Manufacturing,16,12,1,11,4,1,3
S01012454,F. Construction,20,17,1,16,3,1,2
S01012454,G I. Distribution hotels and restaurants,33,25,13,12,8,2,6
S01012454,H J. Transport and communication,30,29,4,25,1,0,1
S01012454,K L M N. Financial real estate professional and administrative activities,37,22,10,12,15,4,11
S01012454,O P Q. Public administration education and health,116,111,46,65,5,4,1
S01012454,R S T U. Other,11,10,4,6,1,1,0
S01012455,All people aged 16 to 74 in employment,242,179,62,117,63,16,47
S01012455,A B D E. Agriculture energy and water,10,7,1,6,3,0,3
S01012455,C. Manufacturing,15,10,0,10,5,2,3
S01012455,F. Construction,17,12,3,9,5,0,5
S01012455,G I. Distribution hotels and restaurants,52,36,20,16,16,2,14
S01012455,H J. Transport and communication,29,25,3,22,4,1,3
S01012455,K L M N. Financial real estate professional and administrative activities,27,16,3,13,11,5,6
S01012455,O P Q. Public administration education and health,82,67,28,39,15,4,11
S01012455,R S T U. Other,10,6,4,2,4,2,2
S01012456,All people aged 16 to 74 in employment,297,249,86,163,48,7,41
S01012456,A B D E. Agriculture energy and water,6,4,0,4,2,0,2
S01012456,C. Manufacturing,26,24,1,23,2,0,2
S01012456,F. Construction,16,14,1,13,2,0,2
S01012456,G I. Distribution hotels and restaurants,49,39,21,18,10,0,10
S01012456,H J. Transport and communication,28,22,4,18,6,1,5
S01012456,K L M N. Financial real estate professional and administrative activities,41,26,11,15,15,4,11
S01012456,O P Q. Public administration education and health,120,110,42,68,10,1,9
S01012456,R S T U. Other,11,10,6,4,1,1,0
S01012457,All people aged 16 to 74 in employment,315,258,81,177,57,18,39
S01012457,A B D E. Agriculture energy and water,5,4,0,4,1,0,1
S01012457,C. Manufacturing,31,28,1,27,3,2,1
S01012457,F. Construction,15,9,3,6,6,3,3
S01012457,G I. Distribution hotels and restaurants,47,34,17,17,13,2,11
S01012457,H J. Transport and communication,33,28,2,26,5,0,5
S01012457,K L M N. Financial real estate professional and administrative activities,41,31,10,21,10,2,8
S01012457,O P Q. Public administration education and health,126,112,38,74,14,7,7
S01012457,R S T U. Other,17,12,10,2,5,2,3
S01012458,All people aged 16 to 74 in employment,332,265,77,188,67,20,47
S01012458,A B D E. Agriculture energy and water,11,10,3,7,1,0,1
S01012458,C. Manufacturing,20,17,2,15,3,1,2
S01012458,F. Construction,21,14,0,14,7,2,5
S01012458,G I. Distribution hotels and restaurants,57,45,26,19,12,2,10
S01012458,H J. Transport and communication,30,26,3,23,4,2,2
S01012458,K L M N. Financial real estate professional and administrative activities,47,27,4,23,20,4,16
S01012458,O P Q. Public administration education and health,124,110,33,77,14,6,8
S01012458,R S T U. Other,22,16,6,10,6,3,3
S01012459,All people aged 16 to 74 in employment,387,346,115,231,41,13,28
S01012459,A B D E. Agriculture energy and water,11,9,0,9,2,0,2
S01012459,C. Manufacturing,34,33,1,32,1,1,0
S01012459,F. Construction,32,23,3,20,9,3,6
S01012459,G I. Distribution hotels and restaurants,72,65,36,29,7,0,7
S01012459,H J. Transport and communication,27,22,5,17,5,0,5
S01012459,K L M N. Financial real estate professional and administrative activities,47,36,10,26,11,5,6
S01012459,O P Q. Public administration education and health,150,146,54,92,4,3,1
S01012459,R S T U. Other,14,12,6,6,2,1,1
S01012460,All people aged 16 to 74 in employment,233,199,61,138,34,6,28
S01012460,A B D E. Agriculture energy and water,5,5,1,4,0,0,0
S01012460,C. Manufacturing,18,16,1,15,2,0,2
S01012460,F. Construction,16,8,2,6,8,1,7
S01012460,G I. Distribution hotels and restaurants,50,44,20,24,6,3,3
S01012460,H J. Transport and communication,23,17,1,16,6,0,6
S01012460,K L M N. Financial real estate professional and administrative activities,23,17,5,12,6,1,5
S01012460,O P Q. Public administration education and health,83,80,24,56,3,0,3
S01012460,R S T U. Other,15,12,7,5,3,1,2
S01012461,All people aged 16 to 74 in employment,259,236,79,157,23,3,20
S01012461,A B D E. Agriculture energy and water,2,2,0,2,0,0,0
S01012461,C. Manufacturing,19,18,1,17,1,0,1
S01012461,F. Construction,22,17,0,17,5,1,4
S01012461,G I. Distribution hotels and restaurants,69,64,38,26,5,1,4
S01012461,H J. Transport and communication,22,17,3,14,5,1,4
S01012461,K L M N. Financial real estate professional and administrative activities,28,22,8,14,6,0,6
S01012461,O P Q. Public administration education and health,89,88,24,64,1,0,1
S01012461,R S T U. Other,8,8,5,3,0,0,0
S01012462,All people aged 16 to 74 in employment,314,290,96,194,24,9,15
S01012462,A B D E. Agriculture energy and water,8,8,0,8,0,0,0
S01012462,C. Manufacturing,14,14,1,13,0,0,0
S01012462,F. Construction,17,11,0,11,6,2,4
S01012462,G I. Distribution hotels and restaurants,104,96,47,49,8,3,5
S01012462,H J. Transport and communication,28,22,5,17,6,2,4
S01012462,K L M N. Financial real estate professional and administrative activities,21,19,7,12,2,1,1
S01012462,O P Q. Public administration education and health,109,108,31,77,1,1,0
S01012462,R S T U. Other,13,12,5,7,1,0,1
S01012463,All people aged 16 to 74 in employment,255,225,76,149,30,8,22
S01012463,A B D E. Agriculture energy and water,1,1,0,1,0,0,0
S01012463,C. Manufacturing,15,15,0,15,0,0,0
S01012463,F. Construction,20,12,2,10,8,2,6
S01012463,G I. Distribution hotels and restaurants,83,80,39,41,3,0,3
S01012463,H J. Transport and communication,16,10,0,10,6,1,5
S01012463,K L M N. Financial real estate professional and administrative activities,18,15,5,10,3,2,1
S01012463,O P Q. Public administration education and health,88,80,25,55,8,2,6
S01012463,R S T U. Other,14,12,5,7,2,1,1
S01012464,All people aged 16 to 74 in employment,290,266,101,165,24,6,18
S01012464,A B D E. Agriculture energy and water,4,4,1,3,0,0,0
S01012464,C. Manufacturing,21,21,0,21,0,0,0
S01012464,F. Construction,22,16,1,15,6,0,6
S01012464,G I. Distribution hotels and restaurants,86,83,46,37,3,0,3
S01012464,H J. Transport and communication,19,15,5,10,4,0,4
S01012464,K L M N. Financial real estate professional and administrative activities,27,22,10,12,5,3,2
S01012464,O P Q. Public administration education and health,93,89,29,60,4,3,1
S01012464,R S T U. Other,18,16,9,7,2,0,2
S01012465,All people aged 16 to 74 in employment,313,287,80,207,26,3,23
S01012465,A B D E. Agriculture energy and water,4,3,0,3,1,0,1
S01012465,C. Manufacturing,30,30,2,28,0,0,0
S01012465,F. Construction,34,25,1,24,9,0,9
S01012465,G I. Distribution hotels and restaurants,90,84,32,52,6,0,6
S01012465,H J. Transport and communication,19,14,1,13,5,0,5
S01012465,K L M N. Financial real estate professional and administrative activities,28,26,5,21,2,1,1
S01012465,O P Q. Public administration education and health,95,94,35,59,1,0,1
S01012465,R S T U. Other,13,11,4,7,2,2,0
S01012466,All people aged 16 to 74 in employment,332,276,95,181,56,17,39
S01012466,A B D E. Agriculture energy and water,9,5,0,5,4,2,2
S01012466,C. Manufacturing,18,16,1,15,2,1,1
S01012466,F. Construction,24,13,0,13,11,1,10
S01012466,G I. Distribution hotels and restaurants,93,81,40,41,12,2,10
S01012466,H J. Transport and communication,26,19,3,16,7,1,6
S01012466,K L M N. Financial real estate professional and administrative activities,31,25,10,15,6,2,4
S01012466,O P Q. Public administration education and health,113,108,34,74,5,4,1
S01012466,R S T U. Other,18,9,7,2,9,4,5
S01012467,All people aged 16 to 74 in employment,304,266,83,183,38,14,24
S01012467,A B D E. Agriculture energy and water,6,6,0,6,0,0,0
S01012467,C. Manufacturing,30,29,0,29,1,1,0
S01012467,F. Construction,24,17,1,16,7,2,5
S01012467,G I. Distribution hotels and restaurants,75,67,35,32,8,1,7
S01012467,H J. Transport and communication,14,11,3,8,3,0,3
S01012467,K L M N. Financial real estate professional and administrative activities,23,16,4,12,7,4,3
S01012467,O P Q. Public administration education and health,114,109,36,73,5,3,2
S01012467,R S T U. Other,18,11,4,7,7,3,4
S01012468,All people aged 16 to 74 in employment,349,309,95,214,40,10,30
S01012468,A B D E. Agriculture energy and water,8,6,0,6,2,0,2
S01012468,C. Manufacturing,15,15,1,14,0,0,0
S01012468,F. Construction,36,27,2,25,9,2,7
S01012468,G I. Distribution hotels and restaurants,82,81,31,50,1,1,0
S01012468,H J. Transport and communication,24,19,2,17,5,0,5
S01012468,K L M N. Financial real estate professional and administrative activities,32,29,9,20,3,0,3
S01012468,O P Q. Public administration education and health,126,115,47,68,11,4,7
S01012468,R S T U. Other,26,17,3,14,9,3,6
S01012469,All people aged 16 to 74 in employment,344,280,90,190,64,16,48
S01012469,A B D E. Agriculture energy and water,6,6,0,6,0,0,0
S01012469,C. Manufacturing,25,19,2,17,6,1,5
S01012469,F. Construction,19,9,1,8,10,1,9
S01012469,G I. Distribution hotels and restaurants,67,56,23,33,11,2,9
S01012469,H J. Transport and communication,19,16,4,12,3,0,3
S01012469,K L M N. Financial real estate professional and administrative activities,47,30,9,21,17,6,11
S01012469,O P Q. Public administration education and health,145,134,44,90,11,5,6
S01012469,R S T U. Other,16,10,7,3,6,1,5
S01012470,All people aged 16 to 74 in employment,407,366,108,258,41,15,26
S01012470,A B D E. Agriculture energy and water,8,7,1,6,1,1,0
S01012470,C. Manufacturing,27,27,0,27,0,0,0
S01012470,F. Construction,22,13,0,13,9,4,5
S01012470,G I. Distribution hotels and restaurants,93,90,36,54,3,1,2
S01012470,H J. Transport and communication,29,25,4,21,4,0,4
S01012470,K L M N. Financial real estate professional and administrative activities,40,27,7,20,13,4,9
S01012470,O P Q. Public administration education and health,160,156,52,104,4,3,1
S01012470,R S T U. Other,28,21,8,13,7,2,5
S01012471,All people aged 16 to 74 in employment,373,280,84,196,93,21,72
S01012471,A B D E. Agriculture energy and water,11,6,0,6,5,1,4
S01012471,C. Manufacturing,26,23,1,22,3,1,2
S01012471,F. Construction,31,16,1,15,15,2,13
S01012471,G I. Distribution hotels and restaurants,80,62,31,31,18,3,15
S01012471,H J. Transport and communication,23,19,1,18,4,0,4
S01012471,K L M N. Financial real estate professional and administrative activities,52,34,7,27,18,3,15
S01012471,O P Q. Public administration education and health,126,106,37,69,20,9,11
S01012471,R S T U. Other,24,14,6,8,10,2,8
S01012472,All people aged 16 to 74 in employment,281,242,71,171,39,12,27
S01012472,A B D E. Agriculture energy and water,7,7,2,5,0,0,0
S01012472,C. Manufacturing,25,21,2,19,4,1,3
S01012472,F. Construction,15,9,0,9,6,1,5
S01012472,G I. Distribution hotels and restaurants,46,42,24,18,4,0,4
S01012472,H J. Transport and communication,15,14,0,14,1,0,1
S01012472,K L M N. Financial real estate professional and administrative activities,43,32,5,27,11,3,8
S01012472,O P Q. Public administration education and health,108,102,28,74,6,3,3
S01012472,R S T U. Other,22,15,10,5,7,4,3
S01012473,All people aged 16 to 74 in employment,272,241,69,172,31,7,24
S01012473,A B D E. Agriculture energy and water,11,8,1,7,3,2,1
S01012473,C. Manufacturing,24,22,0,22,2,1,1
S01012473,F. Construction,17,14,2,12,3,0,3
S01012473,G I. Distribution hotels and restaurants,58,53,24,29,5,0,5
S01012473,H J. Transport and communication,23,21,5,16,2,0,2
S01012473,K L M N. Financial real estate professional and administrative activities,33,25,6,19,8,1,7
S01012473,O P Q. Public administration education and health,96,92,28,64,4,1,3
S01012473,R S T U. Other,10,6,3,3,4,2,2
S01012474,All people aged 16 to 74 in employment,295,264,92,172,31,11,20
S01012474,A B D E. Agriculture energy and water,6,4,0,4,2,1,1
S01012474,C. Manufacturing,21,21,1,20,0,0,0
S01012474,F. Construction,22,14,1,13,8,2,6
S01012474,G I. Distribution hotels and restaurants,66,61,36,25,5,2,3
S01012474,H J. Transport and communication,20,18,3,15,2,0,2
S01012474,K L M N. Financial real estate professional and administrative activities,20,14,4,10,6,3,3
S01012474,O P Q. Public administration education and health,119,116,39,77,3,3,0
S01012474,R S T U. Other,21,16,8,8,5,0,5
S01012475,All people aged 16 to 74 in employment,270,244,73,171,26,8,18
S01012475,A B D E. Agriculture energy and water,11,10,2,8,1,0,1
S01012475,C. Manufacturing,30,29,2,27,1,0,1
S01012475,F. Construction,11,9,0,9,2,0,2
S01012475,G I. Distribution hotels and restaurants,43,38,17,21,5,2,3
S01012475,H J. Transport and communication,23,19,2,17,4,1,3
S01012475,K L M N. Financial real estate professional and administrative activities,21,19,5,14,2,0,2
S01012475,O P Q. Public administration education and health,114,108,38,70,6,3,3
S01012475,R S T U. Other,17,12,7,5,5,2,3
S01012476,All people aged 16 to 74 in employment,405,372,122,250,33,10,23
S01012476,A B D E. Agriculture energy and water,9,8,0,8,1,0,1
S01012476,C. Manufacturing,23,21,2,19,2,0,2
S01012476,F. Construction,30,20,0,20,10,3,7
S01012476,G I. Distribution hotels and restaurants,122,117,59,58,5,0,5
S01012476,H J. Transport and communication,30,28,1,27,2,1,1
S01012476,K L M N. Financial real estate professional and administrative activities,39,34,8,26,5,3,2
S01012476,O P Q. Public administration education and health,130,127,46,81,3,1,2
S01012476,R S T U. Other,22,17,6,11,5,2,3
S01012477,All people aged 16 to 74 in employment,353,326,99,227,27,5,22
S01012477,A B D E. Agriculture energy and water,6,5,1,4,1,0,1
S01012477,C. Manufacturing,36,34,6,28,2,0,2
S01012477,F. Construction,29,18,2,16,11,3,8
S01012477,G I. Distribution hotels and restaurants,69,63,34,29,6,1,5
S01012477,H J. Transport and communication,17,17,0,17,0,0,0
S01012477,K L M N. Financial real estate professional and administrative activities,29,27,5,22,2,0,2
S01012477,O P Q. Public administration education and health,152,149,43,106,3,0,3
S01012477,R S T U. Other,15,13,8,5,2,1,1
S01012478,All people aged 16 to 74 in employment,409,366,141,225,43,19,24
S01012478,A B D E. Agriculture energy and water,7,5,1,4,2,0,2
S01012478,C. Manufacturing,31,30,1,29,1,1,0
S01012478,F. Construction,31,18,2,16,13,3,10
S01012478,G I. Distribution hotels and restaurants,107,101,56,45,6,3,3
S01012478,H J. Transport and communication,30,27,5,22,3,2,1
S01012478,K L M N. Financial real estate professional and administrative activities,40,33,9,24,7,4,3
S01012478,O P Q. Public administration education and health,140,136,56,80,4,3,1
S01012478,R S T U. Other,23,16,11,5,7,3,4
S01012479,All people aged 16 to 74 in employment,392,339,106,233,53,19,34
S01012479,A B D E. Agriculture energy and water,8,7,1,6,1,0,1
S01012479,C. Manufacturing,36,32,1,31,4,0,4
S01012479,F. Construction,30,14,0,14,16,5,11
S01012479,G I. Distribution hotels and restaurants,95,91,48,43,4,0,4
S01012479,H J. Transport and communication,30,25,2,23,5,3,2
S01012479,K L M N. Financial real estate professional and administrative activities,46,38,10,28,8,4,4
S01012479,O P Q. Public administration education and health,120,114,38,76,6,2,4
S01012479,R S T U. Other,27,18,6,12,9,5,4
S01012480,All people aged 16 to 74 in employment,284,250,58,192,34,5,29
S01012480,A B D E. Agriculture energy and water,10,10,1,9,0,0,0
S01012480,C. Manufacturing,33,31,1,30,2,1,1
S01012480,F. Construction,19,16,3,13,3,0,3
S01012480,G I. Distribution hotels and restaurants,64,55,24,31,9,1,8
S01012480,H J. Transport and communication,21,20,4,16,1,0,1
S01012480,K L M N. Financial real estate professional and administrative activities,41,32,4,28,9,1,8
S01012480,O P Q. Public administration education and health,75,72,14,58,3,1,2
S01012480,R S T U. Other,21,14,7,7,7,1,6
S01012481,All people aged 16 to 74 in employment,411,362,100,262,49,16,33
S01012481,A B D E. Agriculture energy and water,8,6,0,6,2,2,0
S01012481,C. Manufacturing,37,35,4,31,2,1,1
S01012481,F. Construction,20,14,2,12,6,1,5
S01012481,G I. Distribution hotels and restaurants,121,111,46,65,10,2,8
S01012481,H J. Transport and communication,38,30,6,24,8,4,4
S01012481,K L M N. Financial real estate professional and administrative activities,45,38,12,26,7,3,4
S01012481,O P Q. Public administration education and health,114,104,20,84,10,3,7
S01012481,R S T U. Other,28,24,10,14,4,0,4
S01012482,All people aged 16 to 74 in employment,310,249,70,179,61,15,46
S01012482,A B D E. Agriculture energy and water,5,4,0,4,1,0,1
S01012482,C. Manufacturing,26,23,1,22,3,0,3
S01012482,F. Construction,8,4,0,4,4,1,3
S01012482,G I. Distribution hotels and restaurants,100,73,36,37,27,7,20
S01012482,H J. Transport and communication,22,20,10,10,2,1,1
S01012482,K L M N. Financial real estate professional and administrative activities,35,27,3,24,8,1,7
S01012482,O P Q. Public administration education and health,94,82,17,65,12,3,9
S01012482,R S T U. Other,20,16,3,13,4,2,2
S01012483,All people aged 16 to 74 in employment,377,338,108,230,39,14,25
S01012483,A B D E. Agriculture energy and water,10,8,1,7,2,1,1
S01012483,C. Manufacturing,25,23,5,18,2,0,2
S01012483,F. Construction,15,13,0,13,2,0,2
S01012483,G I. Distribution hotels and restaurants,144,134,52,82,10,3,7
S01012483,H J. Transport and communication,28,22,2,20,6,2,4
S01012483,K L M N. Financial real estate professional and administrative activities,32,28,6,22,4,2,2
S01012483,O P Q. Public administration education and health,98,89,33,56,9,3,6
S01012483,R S T U. Other,25,21,9,12,4,3,1
S01012484,All people aged 16 to 74 in employment,348,278,80,198,70,20,50
S01012484,A B D E. Agriculture energy and water,5,3,0,3,2,0,2
S01012484,C. Manufacturing,24,21,2,19,3,0,3
S01012484,F. Construction,17,11,1,10,6,2,4
S01012484,G I. Distribution hotels and restaurants,65,54,31,23,11,3,8
S01012484,H J. Transport and communication,33,29,4,25,4,1,3
S01012484,K L M N. Financial real estate professional and administrative activities,69,48,12,36,21,2,19
S01012484,O P Q. Public administration education and health,123,105,28,77,18,9,9
S01012484,R S T U. Other,12,7,2,5,5,3,2
S01012485,All people aged 16 to 74 in employment,363,282,77,205,81,18,63
S01012485,A B D E. Agriculture energy and water,10,8,0,8,2,0,2
S01012485,C. Manufacturing,28,22,0,22,6,2,4
S01012485,F. Construction,14,5,0,5,9,1,8
S01012485,G I. Distribution hotels and restaurants,82,62,30,32,20,3,17
S01012485,H J. Transport and communication,35,31,1,30,4,0,4
S01012485,K L M N. Financial real estate professional and administrative activities,57,36,10,26,21,5,16
S01012485,O P Q. Public administration education and health,128,112,32,80,16,6,10
S01012485,R S T U. Other,9,6,4,2,3,1,2
S01012486,All people aged 16 to 74 in employment,195,150,50,100,45,18,27
S01012486,A B D E. Agriculture energy and water,2,2,0,2,0,0,0
S01012486,C. Manufacturing,12,10,1,9,2,1,1
S01012486,F. Construction,12,10,1,9,2,0,2
S01012486,G I. Distribution hotels and restaurants,39,34,20,14,5,0,5
S01012486,H J. Transport and communication,15,11,1,10,4,0,4
S01012486,K L M N. Financial real estate professional and administrative activities,36,20,5,15,16,6,10
S01012486,O P Q. Public administration education and health,69,57,20,37,12,8,4
S01012486,R S T U. Other,10,6,2,4,4,3,1
S01012487,All people aged 16 to 74 in employment,303,267,84,183,36,7,29
S01012487,A B D E. Agriculture energy and water,6,6,0,6,0,0,0
S01012487,C. Manufacturing,24,22,0,22,2,0,2
S01012487,F. Construction,23,16,3,13,7,1,6
S01012487,G I. Distribution hotels and restaurants,73,61,28,33,12,3,9
S01012487,H J. Transport and communication,29,24,10,14,5,2,3
S01012487,K L M N. Financial real estate professional and administrative activities,33,32,12,20,1,0,1
S01012487,O P Q. Public administration education and health,97,94,27,67,3,1,2
S01012487,R S T U. Other,18,12,4,8,6,0,6
S01012488,All people aged 16 to 74 in employment,435,399,116,283,36,4,32
S01012488,A B D E. Agriculture energy and water,6,5,0,5,1,0,1
S01012488,C. Manufacturing,44,41,2,39,3,0,3
S01012488,F. Construction,23,16,6,10,7,1,6
S01012488,G I. Distribution hotels and restaurants,113,103,41,62,10,1,9
S01012488,H J. Transport and communication,34,32,4,28,2,0,2
S01012488,K L M N. Financial real estate professional and administrative activities,42,37,9,28,5,0,5
S01012488,O P Q. Public administration education and health,146,142,45,97,4,1,3
S01012488,R S T U. Other,27,23,9,14,4,1,3
S01012489,All people aged 16 to 74 in employment,417,385,127,258,32,10,22
S01012489,A B D E. Agriculture energy and water,10,9,1,8,1,0,1
S01012489,C. Manufacturing,32,28,2,26,4,3,1
S01012489,F. Construction,22,17,1,16,5,2,3
S01012489,G I. Distribution hotels and restaurants,142,133,62,71,9,3,6
S01012489,H J. Transport and communication,29,22,1,21,7,0,7
S01012489,K L M N. Financial real estate professional and administrative activities,43,41,16,25,2,0,2
S01012489,O P Q. Public administration education and health,108,107,33,74,1,0,1
S01012489,R S T U. Other,31,28,11,17,3,2,1
S01012490,All people aged 16 to 74 in employment,416,384,115,269,32,6,26
S01012490,A B D E. Agriculture energy and water,12,11,1,10,1,1,0
S01012490,C. Manufacturing,45,44,0,44,1,1,0
S01012490,F. Construction,25,20,1,19,5,1,4
S01012490,G I. Distribution hotels and restaurants,115,111,46,65,4,0,4
S01012490,H J. Transport and communication,30,26,7,19,4,0,4
S01012490,K L M N. Financial real estate professional and administrative activities,41,35,11,24,6,0,6
S01012490,O P Q. Public administration education and health,112,109,32,77,3,2,1
S01012490,R S T U. Other,36,28,17,11,8,1,7
S01012491,All people aged 16 to 74 in employment,169,160,58,102,9,3,6
S01012491,A B D E. Agriculture energy and water,2,1,0,1,1,1,0
S01012491,C. Manufacturing,13,13,2,11,0,0,0
S01012491,F. Construction,8,7,0,7,1,1,0
S01012491,G I. Distribution hotels and restaurants,59,57,33,24,2,0,2
S01012491,H J. Transport and communication,17,16,3,13,1,0,1
S01012491,K L M N. Financial real estate professional and administrative activities,15,14,5,9,1,1,0
S01012491,O P Q. Public administration education and health,40,39,12,27,1,0,1
S01012491,R S T U. Other,15,13,3,10,2,0,2
S01012492,All people aged 16 to 74 in employment,252,229,80,149,23,6,17
S01012492,A B D E. Agriculture energy and water,5,4,0,4,1,0,1
S01012492,C. Manufacturing,20,18,0,18,2,0,2
S01012492,F. Construction,16,12,3,9,4,0,4
S01012492,G I. Distribution hotels and restaurants,99,90,42,48,9,2,7
S01012492,H J. Transport and communication,23,22,7,15,1,0,1
S01012492,K L M N. Financial real estate professional and administrative activities,29,27,12,15,2,1,1
S01012492,O P Q. Public administration education and health,49,48,12,36,1,1,0
S01012492,R S T U. Other,11,8,4,4,3,2,1
S01012493,All people aged 16 to 74 in employment,210,193,58,135,17,4,13
S01012493,A B D E. Agriculture energy and water,2,2,0,2,0,0,0
S01012493,C. Manufacturing,14,14,1,13,0,0,0
S01012493,F. Construction,12,11,3,8,1,0,1
S01012493,G I. Distribution hotels and restaurants,48,42,25,17,6,2,4
S01012493,H J. Transport and communication,27,25,5,20,2,0,2
S01012493,K L M N. Financial real estate professional and administrative activities,22,18,3,15,4,0,4
S01012493,O P Q. Public administration education and health,75,75,20,55,0,0,0
S01012493,R S T U. Other,10,6,1,5,4,2,2
S01012494,All people aged 16 to 74 in employment,410,377,150,227,33,13,20
S01012494,A B D E. Agriculture energy and water,11,11,0,11,0,0,0
S01012494,C. Manufacturing,25,23,1,22,2,1,1
S01012494,F. Construction,29,23,1,22,6,1,5
S01012494,G I. Distribution hotels and restaurants,136,129,69,60,7,3,4
S01012494,H J. Transport and communication,27,22,3,19,5,1,4
S01012494,K L M N. Financial real estate professional and administrative activities,37,33,14,19,4,2,2
S01012494,O P Q. Public administration education and health,123,116,53,63,7,5,2
S01012494,R S T U. Other,22,20,9,11,2,0,2
S01012495,All people aged 16 to 74 in employment,428,399,145,254,29,9,20
S01012495,A B D E. Agriculture energy and water,12,12,1,11,0,0,0
S01012495,C. Manufacturing,31,30,3,27,1,0,1
S01012495,F. Construction,17,13,0,13,4,0,4
S01012495,G I. Distribution hotels and restaurants,139,132,59,73,7,2,5
S01012495,H J. Transport and communication,41,34,7,27,7,4,3
S01012495,K L M N. Financial real estate professional and administrative activities,37,34,12,22,3,1,2
S01012495,O P Q. Public administration education and health,126,122,55,67,4,1,3
S01012495,R S T U. Other,25,22,8,14,3,1,2
S01012496,All people aged 16 to 74 in employment,321,299,128,171,22,8,14
S01012496,A B D E. Agriculture energy and water,5,5,1,4,0,0,0
S01012496,C. Manufacturing,24,23,3,20,1,1,0
S01012496,F. Construction,24,19,0,19,5,1,4
S01012496,G I. Distribution hotels and restaurants,104,98,55,43,6,1,5
S01012496,H J. Transport and communication,25,24,8,16,1,0,1
S01012496,K L M N. Financial real estate professional and administrative activities,34,29,15,14,5,2,3
S01012496,O P Q. Public administration education and health,89,88,39,49,1,0,1
S01012496,R S T U. Other,16,13,7,6,3,3,0
S01012497,All people aged 16 to 74 in employment,190,178,75,103,12,2,10
S01012497,A B D E. Agriculture energy and water,5,3,0,3,2,0,2
S01012497,C. Manufacturing,20,18,2,16,2,0,2
S01012497,F. Construction,12,11,1,10,1,1,0
S01012497,G I. Distribution hotels and restaurants,54,51,29,22,3,0,3
S01012497,H J. Transport and communication,15,13,4,9,2,1,1
S01012497,K L M N. Financial real estate professional and administrative activities,19,19,12,7,0,0,0
S01012497,O P Q. Public administration education and health,54,54,23,31,0,0,0
S01012497,R S T U. Other,11,9,4,5,2,0,2
S01012498,All people aged 16 to 74 in employment,275,262,109,153,13,5,8
S01012498,A B D E. Agriculture energy and water,7,6,3,3,1,1,0
S01012498,C. Manufacturing,23,21,0,21,2,1,1
S01012498,F. Construction,17,16,0,16,1,0,1
S01012498,G I. Distribution hotels and restaurants,95,93,53,40,2,0,2
S01012498,H J. Transport and communication,23,21,6,15,2,0,2
S01012498,K L M N. Financial real estate professional and administrative activities,22,18,7,11,4,2,2
S01012498,O P Q. Public administration education and health,75,75,36,39,0,0,0
S01012498,R S T U. Other,13,12,4,8,1,1,0
S01012499,All people aged 16 to 74 in employment,277,256,93,163,21,4,17
S01012499,A B D E. Agriculture energy and water,6,5,1,4,1,0,1
S01012499,C. Manufacturing,24,23,1,22,1,0,1
S01012499,F. Construction,18,13,1,12,5,1,4
S01012499,G I. Distribution hotels and restaurants,72,69,37,32,3,0,3
S01012499,H J. Transport and communication,18,16,5,11,2,0,2
S01012499,K L M N. Financial real estate professional and administrative activities,25,21,6,15,4,1,3
S01012499,O P Q. Public administration education and health,93,91,36,55,2,1,1
S01012499,R S T U. Other,21,18,6,12,3,1,2
S01012500,All people aged 16 to 74 in employment,183,172,71,101,11,1,10
S01012500,A B D E. Agriculture energy and water,1,1,0,1,0,0,0
S01012500,C. Manufacturing,12,12,1,11,0,0,0
S01012500,F. Construction,11,7,0,7,4,1,3
S01012500,G I. Distribution hotels and restaurants,64,61,40,21,3,0,3
S01012500,H J. Transport and communication,17,15,1,14,2,0,2
S01012500,K L M N. Financial real estate professional and administrative activities,20,19,8,11,1,0,1
S01012500,O P Q. Public administration education and health,42,42,14,28,0,0,0
S01012500,R S T U. Other,16,15,7,8,1,0,1
S01012501,All people aged 16 to 74 in employment,200,199,85,114,1,1,0
S01012501,A B D E. Agriculture energy and water,4,4,0,4,0,0,0
S01012501,C. Manufacturing,19,19,3,16,0,0,0
S01012501,F. Construction,13,13,3,10,0,0,0
S01012501,G I. Distribution hotels and restaurants,70,70,36,34,0,0,0
S01012501,H J. Transport and communication,21,21,6,15,0,0,0
S01012501,K L M N. Financial real estate professional and administrative activities,19,18,12,6,1,1,0
S01012501,O P Q. Public administration education and health,51,51,23,28,0,0,0
S01012501,R S T U. Other,3,3,2,1,0,0,0
S01012502,All people aged 16 to 74 in employment,258,235,116,119,23,7,16
S01012502,A B D E. Agriculture energy and water,6,6,3,3,0,0,0
S01012502,C. Manufacturing,19,18,3,15,1,0,1
S01012502,F. Construction,15,10,1,9,5,2,3
S01012502,G I. Distribution hotels and restaurants,98,93,51,42,5,0,5
S01012502,H J. Transport and communication,13,11,2,9,2,0,2
S01012502,K L M N. Financial real estate professional and administrative activities,15,15,11,4,0,0,0
S01012502,O P Q. Public administration education and health,76,73,39,34,3,2,1
S01012502,R S T U. Other,16,9,6,3,7,3,4
S01012503,All people aged 16 to 74 in employment,239,220,97,123,19,7,12
S01012503,A B D E. Agriculture energy and water,4,4,1,3,0,0,0
S01012503,C. Manufacturing,17,16,0,16,1,0,1
S01012503,F. Construction,23,16,0,16,7,3,4
S01012503,G I. Distribution hotels and restaurants,80,75,45,30,5,2,3
S01012503,H J. Transport and communication,15,11,4,7,4,1,3
S01012503,K L M N. Financial real estate professional and administrative activities,21,21,10,11,0,0,0
S01012503,O P Q. Public administration education and health,67,67,34,33,0,0,0
S01012503,R S T U. Other,12,10,3,7,2,1,1
S01012504,All people aged 16 to 74 in employment,240,223,81,142,17,4,13
S01012504,A B D E. Agriculture energy and water,2,2,0,2,0,0,0
S01012504,C. Manufacturing,17,15,1,14,2,0,2
S01012504,F. Construction,22,17,0,17,5,1,4
S01012504,G I. Distribution hotels and restaurants,67,65,25,40,2,1,1
S01012504,H J. Transport and communication,11,9,3,6,2,1,1
S01012504,K L M N. Financial real estate professional and administrative activities,28,27,13,14,1,0,1
S01012504,O P Q. Public administration education and health,76,73,30,43,3,1,2
S01012504,R S T U. Other,17,15,9,6,2,0,2
S01012505,All people aged 16 to 74 in employment,431,388,129,259,43,10,33
S01012505,A B D E. Agriculture energy and water,10,9,0,9,1,0,1
S01012505,C. Manufacturing,47,47,2,45,0,0,0
S01012505,F. Construction,35,22,4,18,13,3,10
S01012505,G I. Distribution hotels and restaurants,134,123,64,59,11,3,8
S01012505,H J. Transport and communication,29,26,2,24,3,0,3
S01012505,K L M N. Financial real estate professional and administrative activities,32,28,10,18,4,2,2
S01012505,O P Q. Public administration education and health,118,112,41,71,6,1,5
S01012505,R S T U. Other,26,21,6,15,5,1,4
S01012506,All people aged 16 to 74 in employment,214,188,57,131,26,4,22
S01012506,A B D E. Agriculture energy and water,3,3,0,3,0,0,0
S01012506,C. Manufacturing,22,20,0,20,2,0,2
S01012506,F. Construction,9,3,0,3,6,0,6
S01012506,G I. Distribution hotels and restaurants,57,49,25,24,8,3,5
S01012506,H J. Transport and communication,20,19,3,16,1,0,1
S01012506,K L M N. Financial real estate professional and administrative activities,23,21,6,15,2,0,2
S01012506,O P Q. Public administration education and health,67,63,19,44,4,1,3
S01012506,R S T U. Other,13,10,4,6,3,0,3
S01012507,All people aged 16 to 74 in employment,424,388,121,267,36,11,25
S01012507,A B D E. Agriculture energy and water,11,8,0,8,3,0,3
S01012507,C. Manufacturing,31,30,1,29,1,0,1
S01012507,F. Construction,29,19,1,18,10,0,10
S01012507,G I. Distribution hotels and restaurants,107,102,35,67,5,1,4
S01012507,H J. Transport and communication,25,21,2,19,4,2,2
S01012507,K L M N. Financial real estate professional and administrative activities,42,34,7,27,8,4,4
S01012507,O P Q. Public administration education and health,160,157,63,94,3,3,0
S01012507,R S T U. Other,19,17,12,5,2,1,1
S01012508,All people aged 16 to 74 in employment,369,338,94,244,31,4,27
S01012508,A B D E. Agriculture energy and water,9,8,0,8,1,0,1
S01012508,C. Manufacturing,30,28,0,28,2,0,2
S01012508,F. Construction,24,17,4,13,7,0,7
S01012508,G I. Distribution hotels and restaurants,94,89,44,45,5,0,5
S01012508,H J. Transport and communication,33,28,3,25,5,0,5
S01012508,K L M N. Financial real estate professional and administrative activities,36,33,6,27,3,1,2
S01012508,O P Q. Public administration education and health,125,121,34,87,4,2,2
S01012508,R S T U. Other,18,14,3,11,4,1,3
S01012509,All people aged 16 to 74 in employment,269,234,85,149,35,8,27
S01012509,A B D E. Agriculture energy and water,2,1,1,0,1,0,1
S01012509,C. Manufacturing,18,16,2,14,2,1,1
S01012509,F. Construction,20,12,2,10,8,1,7
S01012509,G I. Distribution hotels and restaurants,78,68,38,30,10,2,8
S01012509,H J. Transport and communication,25,23,5,18,2,0,2
S01012509,K L M N. Financial real estate professional and administrative activities,24,21,7,14,3,0,3
S01012509,O P Q. Public administration education and health,88,82,26,56,6,3,3
S01012509,R S T U. Other,14,11,4,7,3,1,2
S01012510,All people aged 16 to 74 in employment,454,423,118,305,31,12,19
S01012510,A B D E. Agriculture energy and water,12,12,0,12,0,0,0
S01012510,C. Manufacturing,40,39,0,39,1,0,1
S01012510,F. Construction,42,30,1,29,12,5,7
S01012510,G I. Distribution hotels and restaurants,94,92,35,57,2,0,2
S01012510,H J. Transport and communication,27,23,3,20,4,0,4
S01012510,K L M N. Financial real estate professional and administrative activities,45,40,12,28,5,2,3
S01012510,O P Q. Public administration education and health,181,178,64,114,3,3,0
S01012510,R S T U. Other,13,9,3,6,4,2,2
S01012511,All people aged 16 to 74 in employment,343,330,109,221,13,5,8
S01012511,A B D E. Agriculture energy and water,3,2,0,2,1,0,1
S01012511,C. Manufacturing,34,34,4,30,0,0,0
S01012511,F. Construction,19,15,1,14,4,1,3
S01012511,G I. Distribution hotels and restaurants,85,82,48,34,3,1,2
S01012511,H J. Transport and communication,31,30,4,26,1,0,1
S01012511,K L M N. Financial real estate professional and administrative activities,36,35,8,27,1,1,0
S01012511,O P Q. Public administration education and health,118,116,38,78,2,2,0
S01012511,R S T U. Other,17,16,6,10,1,0,1
S01012512,All people aged 16 to 74 in employment,285,249,80,169,36,14,22
S01012512,A B D E. Agriculture energy and water,2,2,1,1,0,0,0
S01012512,C. Manufacturing,21,21,1,20,0,0,0
S01012512,F. Construction,15,8,0,8,7,1,6
S01012512,G I. Distribution hotels and restaurants,77,73,33,40,4,2,2
S01012512,H J. Transport and communication,28,23,0,23,5,2,3
S01012512,K L M N. Financial real estate professional and administrative activities,28,20,5,15,8,4,4
S01012512,O P Q. Public administration education and health,98,90,33,57,8,5,3
S01012512,R S T U. Other,16,12,7,5,4,0,4
S01012513,All people aged 16 to 74 in employment,313,291,94,197,22,5,17
S01012513,A B D E. Agriculture energy and water,4,4,1,3,0,0,0
S01012513,C. Manufacturing,31,28,1,27,3,0,3
S01012513,F. Construction,16,13,1,12,3,0,3
S01012513,G I. Distribution hotels and restaurants,76,73,43,30,3,1,2
S01012513,H J. Transport and communication,23,21,1,20,2,0,2
S01012513,K L M N. Financial real estate professional and administrative activities,42,37,6,31,5,0,5
S01012513,O P Q. Public administration education and health,110,106,36,70,4,3,1
S01012513,R S T U. Other,11,9,5,4,2,1,1
S01012514,All people aged 16 to 74 in employment,590,534,144,390,56,16,40
S01012514,A B D E. Agriculture energy and water,18,14,0,14,4,0,4
S01012514,C. Manufacturing,62,62,1,61,0,0,0
S01012514,F. Construction,37,27,1,26,10,2,8
S01012514,G I. Distribution hotels and restaurants,120,113,49,64,7,1,6
S01012514,H J. Transport and communication,55,51,7,44,4,1,3
S01012514,K L M N. Financial real estate professional and administrative activities,70,51,13,38,19,5,14
S01012514,O P Q. Public administration education and health,204,197,67,130,7,3,4
S01012514,R S T U. Other,24,19,6,13,5,4,1
S01012515,All people aged 16 to 74 in employment,249,228,83,145,21,2,19
S01012515,A B D E. Agriculture energy and water,5,4,0,4,1,0,1
S01012515,C. Manufacturing,19,19,1,18,0,0,0
S01012515,F. Construction,23,14,1,13,9,0,9
S01012515,G I. Distribution hotels and restaurants,74,69,37,32,5,0,5
S01012515,H J. Transport and communication,16,15,3,12,1,1,0
S01012515,K L M N. Financial real estate professional and administrative activities,17,15,3,12,2,0,2
S01012515,O P Q. Public administration education and health,80,78,28,50,2,1,1
S01012515,R S T U. Other,15,14,10,4,1,0,1
S01012516,All people aged 16 to 74 in employment,270,246,86,160,24,6,18
S01012516,A B D E. Agriculture energy and water,5,5,2,3,0,0,0
S01012516,C. Manufacturing,29,28,2,26,1,0,1
S01012516,F. Construction,18,10,0,10,8,1,7
S01012516,G I. Distribution hotels and restaurants,66,61,28,33,5,1,4
S01012516,H J. Transport and communication,18,17,1,16,1,0,1
S01012516,K L M N. Financial real estate professional and administrative activities,27,21,9,12,6,2,4
S01012516,O P Q. Public administration education and health,94,93,43,50,1,1,0
S01012516,R S T U. Other,13,11,1,10,2,1,1
S01012517,All people aged 16 to 74 in employment,411,375,130,245,36,14,22
S01012517,A B D E. Agriculture energy and water,13,12,0,12,1,0,1
S01012517,C. Manufacturing,32,31,3,28,1,0,1
S01012517,F. Construction,22,16,2,14,6,1,5
S01012517,G I. Distribution hotels and restaurants,124,117,62,55,7,3,4
S01012517,H J. Transport and communication,34,28,4,24,6,2,4
S01012517,K L M N. Financial real estate professional and administrative activities,45,36,13,23,9,5,4
S01012517,O P Q. Public administration education and health,127,124,39,85,3,3,0
S01012517,R S T U. Other,14,11,7,4,3,0,3
S01012518,All people aged 16 to 74 in employment,268,227,69,158,41,6,35
S01012518,A B D E. Agriculture energy and water,6,4,0,4,2,0,2
S01012518,C. Manufacturing,22,19,0,19,3,0,3
S01012518,F. Construction,13,7,1,6,6,1,5
S01012518,G I. Distribution hotels and restaurants,62,49,27,22,13,3,10
S01012518,H J. Transport and communication,13,10,2,8,3,1,2
S01012518,K L M N. Financial real estate professional and administrative activities,41,31,8,23,10,1,9
S01012518,O P Q. Public administration education and health,98,97,26,71,1,0,1
S01012518,R S T U. Other,13,10,5,5,3,0,3
S01012519,All people aged 16 to 74 in employment,243,199,61,138,44,10,34
S01012519,A B D E. Agriculture energy and water,3,2,1,1,1,0,1
S01012519,C. Manufacturing,22,15,1,14,7,1,6
S01012519,F. Construction,18,11,2,9,7,1,6
S01012519,G I. Distribution hotels and restaurants,64,54,27,27,10,1,9
S01012519,H J. Transport and communication,23,19,2,17,4,0,4
S01012519,K L M N. Financial real estate professional and administrative activities,29,23,5,18,6,1,5
S01012519,O P Q. Public administration education and health,69,66,20,46,3,2,1
S01012519,R S T U. Other,15,9,3,6,6,4,2
S01012520,All people aged 16 to 74 in employment,364,318,100,218,46,16,30
S01012520,A B D E. Agriculture energy and water,5,5,0,5,0,0,0
S01012520,C. Manufacturing,30,27,5,22,3,1,2
S01012520,F. Construction,13,8,1,7,5,3,2
S01012520,G I. Distribution hotels and restaurants,71,59,26,33,12,3,9
S01012520,H J. Transport and communication,36,31,5,26,5,1,4
S01012520,K L M N. Financial real estate professional and administrative activities,56,44,5,39,12,5,7
S01012520,O P Q. Public administration education and health,135,129,49,80,6,1,5
S01012520,R S T U. Other,18,15,9,6,3,2,1
S01012521,All people aged 16 to 74 in employment,246,208,47,161,38,9,29
S01012521,A B D E. Agriculture energy and water,3,3,0,3,0,0,0
S01012521,C. Manufacturing,27,25,1,24,2,0,2
S01012521,F. Construction,21,14,0,14,7,4,3
S01012521,G I. Distribution hotels and restaurants,48,37,11,26,11,3,8
S01012521,H J. Transport and communication,22,20,3,17,2,0,2
S01012521,K L M N. Financial real estate professional and administrative activities,41,35,11,24,6,1,5
S01012521,O P Q. Public administration education and health,68,64,17,47,4,0,4
S01012521,R S T U. Other,16,10,4,6,6,1,5
S01012522,All people aged 16 to 74 in employment,400,318,103,215,82,27,55
S01012522,A B D E. Agriculture energy and water,4,4,0,4,0,0,0
S01012522,C. Manufacturing,41,40,5,35,1,0,1
S01012522,F. Construction,25,9,1,8,16,2,14
S01012522,G I. Distribution hotels and restaurants,99,73,40,33,26,12,14
S01012522,H J. Transport and communication,36,32,1,31,4,3,1
S01012522,K L M N. Financial real estate professional and administrative activities,61,41,8,33,20,6,14
S01012522,O P Q. Public administration education and health,119,109,43,66,10,3,7
S01012522,R S T U. Other,15,10,5,5,5,1,4
S01012523,All people aged 16 to 74 in employment,423,380,127,253,43,11,32
S01012523,A B D E. Agriculture energy and water,11,10,2,8,1,0,1
S01012523,C. Manufacturing,41,39,2,37,2,0,2
S01012523,F. Construction,19,13,1,12,6,2,4
S01012523,G I. Distribution hotels and restaurants,78,64,37,27,14,3,11
S01012523,H J. Transport and communication,42,40,4,36,2,0,2
S01012523,K L M N. Financial real estate professional and administrative activities,47,36,11,25,11,3,8
S01012523,O P Q. Public administration education and health,164,160,62,98,4,1,3
S01012523,R S T U. Other,21,18,8,10,3,2,1
S01012524,All people aged 16 to 74 in employment,383,334,92,242,49,9,40
S01012524,A B D E. Agriculture energy and water,3,3,0,3,0,0,0
S01012524,C. Manufacturing,39,38,7,31,1,0,1
S01012524,F. Construction,25,15,1,14,10,1,9
S01012524,G I. Distribution hotels and restaurants,72,59,25,34,13,2,11
S01012524,H J. Transport and communication,39,35,6,29,4,2,2
S01012524,K L M N. Financial real estate professional and administrative activities,55,44,11,33,11,2,9
S01012524,O P Q. Public administration education and health,131,129,37,92,2,0,2
S01012524,R S T U. Other,19,11,5,6,8,2,6
S01012525,All people aged 16 to 74 in employment,383,341,87,254,42,12,30
S01012525,A B D E. Agriculture energy and water,9,7,0,7,2,0,2
S01012525,C. Manufacturing,45,44,5,39,1,0,1
S01012525,F. Construction,23,11,1,10,12,3,9
S01012525,G I. Distribution hotels and restaurants,74,67,24,43,7,2,5
S01012525,H J. Transport and communication,33,30,3,27,3,0,3
S01012525,K L M N. Financial real estate professional and administrative activities,43,35,7,28,8,3,5
S01012525,O P Q. Public administration education and health,141,137,40,97,4,3,1
S01012525,R S T U. Other,15,10,7,3,5,1,4
S01012526,All people aged 16 to 74 in employment,350,301,95,206,49,10,39
S01012526,A B D E. Agriculture energy and water,7,6,1,5,1,1,0
S01012526,C. Manufacturing,27,26,1,25,1,0,1
S01012526,F. Construction,22,15,3,12,7,1,6
S01012526,G I. Distribution hotels and restaurants,64,51,29,22,13,2,11
S01012526,H J. Transport and communication,34,32,2,30,2,0,2
S01012526,K L M N. Financial real estate professional and administrative activities,47,36,16,20,11,2,9
S01012526,O P Q. Public administration education and health,130,122,35,87,8,3,5
S01012526,R S T U. Other,19,13,8,5,6,1,5
S01012527,All people aged 16 to 74 in employment,279,242,77,165,37,14,23
S01012527,A B D E. Agriculture energy and water,7,5,0,5,2,1,1
S01012527,C. Manufacturing,27,25,2,23,2,1,1
S01012527,F. Construction,24,11,1,10,13,2,11
S01012527,G I. Distribution hotels and restaurants,63,59,26,33,4,2,2
S01012527,H J. Transport and communication,19,14,3,11,5,2,3
S01012527,K L M N. Financial real estate professional and administrative activities,29,26,5,21,3,1,2
S01012527,O P Q. Public administration education and health,96,93,36,57,3,2,1
S01012527,R S T U. Other,14,9,4,5,5,3,2
S01012528,All people aged 16 to 74 in employment,404,372,134,238,32,6,26
S01012528,A B D E. Agriculture energy and water,8,6,1,5,2,1,1
S01012528,C. Manufacturing,40,39,2,37,1,0,1
S01012528,F. Construction,29,24,2,22,5,0,5
S01012528,G I. Distribution hotels and restaurants,113,108,56,52,5,2,3
S01012528,H J. Transport and communication,36,28,6,22,8,0,8
S01012528,K L M N. Financial real estate professional and administrative activities,35,31,9,22,4,0,4
S01012528,O P Q. Public administration education and health,119,115,49,66,4,1,3
S01012528,R S T U. Other,24,21,9,12,3,2,1
S01012529,All people aged 16 to 74 in employment,343,310,113,197,33,8,25
S01012529,A B D E. Agriculture energy and water,2,2,0,2,0,0,0
S01012529,C. Manufacturing,27,23,1,22,4,1,3
S01012529,F. Construction,24,13,0,13,11,1,10
S01012529,G I. Distribution hotels and restaurants,86,83,46,37,3,1,2
S01012529,H J. Transport and communication,28,25,6,19,3,0,3
S01012529,K L M N. Financial real estate professional and administrative activities,40,33,12,21,7,3,4
S01012529,O P Q. Public administration education and health,114,111,42,69,3,2,1
S01012529,R S T U. Other,22,20,6,14,2,0,2
S01012530,All people aged 16 to 74 in employment,385,352,106,246,33,9,24
S01012530,A B D E. Agriculture energy and water,8,8,2,6,0,0,0
S01012530,C. Manufacturing,51,49,5,44,2,0,2
S01012530,F. Construction,28,18,2,16,10,2,8
S01012530,G I. Distribution hotels and restaurants,76,71,31,40,5,1,4
S01012530,H J. Transport and communication,30,28,4,24,2,1,1
S01012530,K L M N. Financial real estate professional and administrative activities,49,43,10,33,6,1,5
S01012530,O P Q. Public administration education and health,131,126,48,78,5,4,1
S01012530,R S T U. Other,12,9,4,5,3,0,3
S01012531,All people aged 16 to 74 in employment,378,323,83,240,55,26,29
S01012531,A B D E. Agriculture energy and water,11,8,0,8,3,2,1
S01012531,C. Manufacturing,39,36,3,33,3,2,1
S01012531,F. Construction,27,17,2,15,10,1,9
S01012531,G I. Distribution hotels and restaurants,87,76,28,48,11,5,6
S01012531,H J. Transport and communication,31,30,2,28,1,1,0
S01012531,K L M N. Financial real estate professional and administrative activities,44,32,6,26,12,8,4
S01012531,O P Q. Public administration education and health,119,106,33,73,13,7,6
S01012531,R S T U. Other,20,18,9,9,2,0,2
S01012532,All people aged 16 to 74 in employment,383,318,92,226,65,22,43
S01012532,A B D E. Agriculture energy and water,28,15,2,13,13,3,10
S01012532,C. Manufacturing,44,43,3,40,1,1,0
S01012532,F. Construction,24,9,2,7,15,4,11
S01012532,G I. Distribution hotels and restaurants,81,66,25,41,15,6,9
S01012532,H J. Transport and communication,30,26,5,21,4,1,3
S01012532,K L M N. Financial real estate professional and administrative activities,31,26,8,18,5,1,4
S01012532,O P Q. Public administration education and health,130,122,43,79,8,6,2
S01012532,R S T U. Other,15,11,4,7,4,0,4
S01012533,All people aged 16 to 74 in employment,273,246,56,190,27,8,19
S01012533,A B D E. Agriculture energy and water,4,3,0,3,1,0,1
S01012533,C. Manufacturing,35,35,3,32,0,0,0
S01012533,F. Construction,19,10,0,10,9,0,9
S01012533,G I. Distribution hotels and restaurants,69,61,25,36,8,3,5
S01012533,H J. Transport and communication,22,19,2,17,3,1,2
S01012533,K L M N. Financial real estate professional and administrative activities,30,28,4,24,2,1,1
S01012533,O P Q. Public administration education and health,83,81,19,62,2,1,1
S01012533,R S T U. Other,11,9,3,6,2,2,0
S01012534,All people aged 16 to 74 in employment,266,245,64,181,21,8,13
S01012534,A B D E. Agriculture energy and water,2,2,0,2,0,0,0
S01012534,C. Manufacturing,33,31,3,28,2,1,1
S01012534,F. Construction,18,15,0,15,3,0,3
S01012534,G I. Distribution hotels and restaurants,74,67,38,29,7,3,4
S01012534,H J. Transport and communication,20,17,1,16,3,1,2
S01012534,K L M N. Financial real estate professional and administrative activities,31,29,3,26,2,1,1
S01012534,O P Q. Public administration education and health,82,80,19,61,2,1,1
S01012534,R S T U. Other,6,4,0,4,2,1,1
S01012535,All people aged 16 to 74 in employment,400,365,118,247,35,5,30
S01012535,A B D E. Agriculture energy and water,11,9,2,7,2,1,1
S01012535,C. Manufacturing,34,33,1,32,1,0,1
S01012535,F. Construction,39,26,2,24,13,1,12
S01012535,G I. Distribution hotels and restaurants,111,106,48,58,5,0,5
S01012535,H J. Transport and communication,26,18,2,16,8,1,7
S01012535,K L M N. Financial real estate professional and administrative activities,39,38,15,23,1,0,1
S01012535,O P Q. Public administration education and health,122,121,44,77,1,0,1
S01012535,R S T U. Other,18,14,4,10,4,2,2
S01012536,All people aged 16 to 74 in employment,358,310,113,197,48,17,31
S01012536,A B D E. Agriculture energy and water,15,11,2,9,4,0,4
S01012536,C. Manufacturing,23,21,1,20,2,1,1
S01012536,F. Construction,37,27,2,25,10,1,9
S01012536,G I. Distribution hotels and restaurants,93,91,44,47,2,0,2
S01012536,H J. Transport and communication,27,21,5,16,6,1,5
S01012536,K L M N. Financial real estate professional and administrative activities,38,29,9,20,9,4,5
S01012536,O P Q. Public administration education and health,96,89,41,48,7,4,3
S01012536,R S T U. Other,29,21,9,12,8,6,2
S01012537,All people aged 16 to 74 in employment,329,298,103,195,31,15,16
S01012537,A B D E. Agriculture energy and water,22,19,7,12,3,2,1
S01012537,C. Manufacturing,29,28,2,26,1,0,1
S01012537,F. Construction,37,29,0,29,8,2,6
S01012537,G I. Distribution hotels and restaurants,92,88,35,53,4,3,1
S01012537,H J. Transport and communication,24,22,5,17,2,1,1
S01012537,K L M N. Financial real estate professional and administrative activities,25,22,13,9,3,3,0
S01012537,O P Q. Public administration education and health,71,71,29,42,0,0,0
S01012537,R S T U. Other,29,19,12,7,10,4,6
S01012538,All people aged 16 to 74 in employment,466,421,132,289,45,9,36
S01012538,A B D E. Agriculture energy and water,28,21,1,20,7,1,6
S01012538,C. Manufacturing,34,33,2,31,1,0,1
S01012538,F. Construction,34,22,1,21,12,3,9
S01012538,G I. Distribution hotels and restaurants,125,118,52,66,7,0,7
S01012538,H J. Transport and communication,28,24,3,21,4,1,3
S01012538,K L M N. Financial real estate professional and administrative activities,43,38,7,31,5,2,3
S01012538,O P Q. Public administration education and health,157,151,58,93,6,1,5
S01012538,R S T U. Other,17,14,8,6,3,1,2
S01012539,All people aged 16 to 74 in employment,340,266,77,189,74,17,57
S01012539,A B D E. Agriculture energy and water,38,17,2,15,21,2,19
S01012539,C. Manufacturing,26,20,1,19,6,3,3
S01012539,F. Construction,40,28,5,23,12,0,12
S01012539,G I. Distribution hotels and restaurants,90,79,33,46,11,3,8
S01012539,H J. Transport and communication,22,15,2,13,7,1,6
S01012539,K L M N. Financial real estate professional and administrative activities,26,18,3,15,8,4,4
S01012539,O P Q. Public administration education and health,85,82,29,53,3,1,2
S01012539,R S T U. Other,13,7,2,5,6,3,3
S01012540,All people aged 16 to 74 in employment,286,254,77,177,32,14,18
S01012540,A B D E. Agriculture energy and water,8,6,0,6,2,1,1
S01012540,C. Manufacturing,27,27,0,27,0,0,0
S01012540,F. Construction,37,28,2,26,9,2,7
S01012540,G I. Distribution hotels and restaurants,83,78,38,40,5,3,2
S01012540,H J. Transport and communication,23,21,3,18,2,1,1
S01012540,K L M N. Financial real estate professional and administrative activities,17,9,4,5,8,3,5
S01012540,O P Q. Public administration education and health,78,75,25,50,3,1,2
S01012540,R S T U. Other,13,10,5,5,3,3,0
S01012541,All people aged 16 to 74 in employment,557,418,156,262,139,29,110
S01012541,A B D E. Agriculture energy and water,98,38,5,33,60,3,57
S01012541,C. Manufacturing,50,46,3,43,4,0,4
S01012541,F. Construction,41,24,1,23,17,5,12
S01012541,G I. Distribution hotels and restaurants,109,98,56,42,11,3,8
S01012541,H J. Transport and communication,29,21,6,15,8,1,7
S01012541,K L M N. Financial real estate professional and administrative activities,54,36,16,20,18,9,9
S01012541,O P Q. Public administration education and health,152,143,64,79,9,3,6
S01012541,R S T U. Other,24,12,5,7,12,5,7
S01012542,All people aged 16 to 74 in employment,390,335,100,235,55,11,44
S01012542,A B D E. Agriculture energy and water,18,13,3,10,5,1,4
S01012542,C. Manufacturing,39,33,3,30,6,2,4
S01012542,F. Construction,28,19,0,19,9,0,9
S01012542,G I. Distribution hotels and restaurants,92,76,38,38,16,3,13
S01012542,H J. Transport and communication,23,21,1,20,2,0,2
S01012542,K L M N. Financial real estate professional and administrative activities,45,34,11,23,11,4,7
S01012542,O P Q. Public administration education and health,127,121,37,84,6,1,5
S01012542,R S T U. Other,18,18,7,11,0,0,0
S01012543,All people aged 16 to 74 in employment,352,281,79,202,71,21,50
S01012543,A B D E. Agriculture energy and water,25,10,1,9,15,3,12
S01012543,C. Manufacturing,29,26,3,23,3,1,2
S01012543,F. Construction,28,16,4,12,12,0,12
S01012543,G I. Distribution hotels and restaurants,72,63,26,37,9,1,8
S01012543,H J. Transport and communication,22,19,2,17,3,1,2
S01012543,K L M N. Financial real estate professional and administrative activities,54,45,12,33,9,6,3
S01012543,O P Q. Public administration education and health,100,92,24,68,8,1,7
S01012543,R S T U. Other,22,10,7,3,12,8,4
S01012544,All people aged 16 to 74 in employment,373,317,99,218,56,19,37
S01012544,A B D E. Agriculture energy and water,22,9,0,9,13,2,11
S01012544,C. Manufacturing,43,38,3,35,5,3,2
S01012544,F. Construction,30,22,1,21,8,1,7
S01012544,G I. Distribution hotels and restaurants,81,76,40,36,5,0,5
S01012544,H J. Transport and communication,20,18,3,15,2,0,2
S01012544,K L M N. Financial real estate professional and administrative activities,42,31,9,22,11,4,7
S01012544,O P Q. Public administration education and health,114,106,35,71,8,6,2
S01012544,R S T U. Other,21,17,8,9,4,3,1
S01012545,All people aged 16 to 74 in employment,213,187,64,123,26,7,19
S01012545,A B D E. Agriculture energy and water,6,6,0,6,0,0,0
S01012545,C. Manufacturing,25,24,3,21,1,0,1
S01012545,F. Construction,24,18,0,18,6,0,6
S01012545,G I. Distribution hotels and restaurants,55,48,23,25,7,3,4
S01012545,H J. Transport and communication,16,13,4,9,3,1,2
S01012545,K L M N. Financial real estate professional and administrative activities,22,17,5,12,5,2,3
S01012545,O P Q. Public administration education and health,54,51,25,26,3,0,3
S01012545,R S T U. Other,11,10,4,6,1,1,0
S01012546,All people aged 16 to 74 in employment,375,316,97,219,59,16,43
S01012546,A B D E. Agriculture energy and water,25,17,2,15,8,1,7
S01012546,C. Manufacturing,36,34,4,30,2,0,2
S01012546,F. Construction,34,19,2,17,15,3,12
S01012546,G I. Distribution hotels and restaurants,99,91,40,51,8,1,7
S01012546,H J. Transport and communication,22,21,2,19,1,0,1
S01012546,K L M N. Financial real estate professional and administrative activities,29,20,7,13,9,1,8
S01012546,O P Q. Public administration education and health,106,98,35,63,8,6,2
S01012546,R S T U. Other,24,16,5,11,8,4,4
S01012547,All people aged 16 to 74 in employment,301,255,75,180,46,18,28
S01012547,A B D E. Agriculture energy and water,14,9,0,9,5,1,4
S01012547,C. Manufacturing,19,19,1,18,0,0,0
S01012547,F. Construction,16,12,2,10,4,0,4
S01012547,G I. Distribution hotels and restaurants,61,54,26,28,7,1,6
S01012547,H J. Transport and communication,25,23,4,19,2,2,0
S01012547,K L M N. Financial real estate professional and administrative activities,31,19,4,15,12,5,7
S01012547,O P Q. Public administration education and health,120,107,34,73,13,8,5
S01012547,R S T U. Other,15,12,4,8,3,1,2
S01012548,All people aged 16 to 74 in employment,371,322,83,239,49,8,41
S01012548,A B D E. Agriculture energy and water,17,12,2,10,5,0,5
S01012548,C. Manufacturing,41,39,2,37,2,1,1
S01012548,F. Construction,22,15,2,13,7,1,6
S01012548,G I. Distribution hotels and restaurants,78,71,29,42,7,0,7
S01012548,H J. Transport and communication,35,29,4,25,6,1,5
S01012548,K L M N. Financial real estate professional and administrative activities,45,38,7,31,7,1,6
S01012548,O P Q. Public administration education and health,116,108,33,75,8,2,6
S01012548,R S T U. Other,17,10,4,6,7,2,5
S01012549,All people aged 16 to 74 in employment,243,226,73,153,17,4,13
S01012549,A B D E. Agriculture energy and water,3,3,0,3,0,0,0
S01012549,C. Manufacturing,16,16,0,16,0,0,0
S01012549,F. Construction,19,13,2,11,6,0,6
S01012549,G I. Distribution hotels and restaurants,76,74,30,44,2,1,1
S01012549,H J. Transport and communication,25,23,2,21,2,1,1
S01012549,K L M N. Financial real estate professional and administrative activities,26,23,5,18,3,0,3
S01012549,O P Q. Public administration education and health,66,62,26,36,4,2,2
S01012549,R S T U. Other,12,12,8,4,0,0,0
S01012550,All people aged 16 to 74 in employment,377,332,113,219,45,19,26
S01012550,A B D E. Agriculture energy and water,10,6,0,6,4,1,3
S01012550,C. Manufacturing,27,24,1,23,3,2,1
S01012550,F. Construction,22,17,1,16,5,2,3
S01012550,G I. Distribution hotels and restaurants,94,91,54,37,3,1,2
S01012550,H J. Transport and communication,35,27,2,25,8,4,4
S01012550,K L M N. Financial real estate professional and administrative activities,35,25,5,20,10,3,7
S01012550,O P Q. Public administration education and health,132,126,40,86,6,4,2
S01012550,R S T U. Other,22,16,10,6,6,2,4
S01012551,All people aged 16 to 74 in employment,452,400,126,274,52,19,33
S01012551,A B D E. Agriculture energy and water,10,9,0,9,1,0,1
S01012551,C. Manufacturing,36,34,3,31,2,2,0
S01012551,F. Construction,23,12,0,12,11,3,8
S01012551,G I. Distribution hotels and restaurants,93,91,46,45,2,1,1
S01012551,H J. Transport and communication,41,29,6,23,12,2,10
S01012551,K L M N. Financial real estate professional and administrative activities,45,38,10,28,7,2,5
S01012551,O P Q. Public administration education and health,172,164,51,113,8,4,4
S01012551,R S T U. Other,32,23,10,13,9,5,4
S01012552,All people aged 16 to 74 in employment,460,395,109,286,65,28,37
S01012552,A B D E. Agriculture energy and water,12,11,1,10,1,0,1
S01012552,C. Manufacturing,53,47,3,44,6,2,4
S01012552,F. Construction,26,15,4,11,11,2,9
S01012552,G I. Distribution hotels and restaurants,88,78,42,36,10,5,5
S01012552,H J. Transport and communication,33,27,1,26,6,2,4
S01012552,K L M N. Financial real estate professional and administrative activities,67,49,11,38,18,10,8
S01012552,O P Q. Public administration education and health,168,158,43,115,10,4,6
S01012552,R S T U. Other,13,10,4,6,3,3,0
S01012553,All people aged 16 to 74 in employment,464,415,115,300,49,18,31
S01012553,A B D E. Agriculture energy and water,7,4,0,4,3,1,2
S01012553,C. Manufacturing,47,42,4,38,5,0,5
S01012553,F. Construction,25,20,0,20,5,2,3
S01012553,G I. Distribution hotels and restaurants,99,91,39,52,8,2,6
S01012553,H J. Transport and communication,47,44,9,35,3,2,1
S01012553,K L M N. Financial real estate professional and administrative activities,68,56,13,43,12,5,7
S01012553,O P Q. Public administration education and health,156,146,45,101,10,5,5
S01012553,R S T U. Other,15,12,5,7,3,1,2
S01012554,All people aged 16 to 74 in employment,234,208,70,138,26,6,20
S01012554,A B D E. Agriculture energy and water,6,6,0,6,0,0,0
S01012554,C. Manufacturing,19,16,1,15,3,0,3
S01012554,F. Construction,19,9,2,7,10,0,10
S01012554,G I. Distribution hotels and restaurants,64,60,36,24,4,1,3
S01012554,H J. Transport and communication,16,16,5,11,0,0,0
S01012554,K L M N. Financial real estate professional and administrative activities,29,25,3,22,4,1,3
S01012554,O P Q. Public administration education and health,76,72,19,53,4,4,0
S01012554,R S T U. Other,5,4,4,0,1,0,1
S01012555,All people aged 16 to 74 in employment,277,252,76,176,25,4,21
S01012555,A B D E. Agriculture energy and water,1,0,0,0,1,0,1
S01012555,C. Manufacturing,35,33,0,33,2,0,2
S01012555,F. Construction,10,7,1,6,3,0,3
S01012555,G I. Distribution hotels and restaurants,65,62,27,35,3,0,3
S01012555,H J. Transport and communication,13,11,4,7,2,0,2
S01012555,K L M N. Financial real estate professional and administrative activities,42,35,10,25,7,1,6
S01012555,O P Q. Public administration education and health,94,89,28,61,5,2,3
S01012555,R S T U. Other,17,15,6,9,2,1,1
S01012556,All people aged 16 to 74 in employment,280,242,67,175,38,13,25
S01012556,A B D E. Agriculture energy and water,8,8,0,8,0,0,0
S01012556,C. Manufacturing,28,27,1,26,1,0,1
S01012556,F. Construction,6,3,1,2,3,0,3
S01012556,G I. Distribution hotels and restaurants,56,54,32,22,2,0,2
S01012556,H J. Transport and communication,15,14,0,14,1,1,0
S01012556,K L M N. Financial real estate professional and administrative activities,38,25,4,21,13,2,11
S01012556,O P Q. Public administration education and health,108,97,21,76,11,8,3
S01012556,R S T U. Other,21,14,8,6,7,2,5
S01012557,All people aged 16 to 74 in employment,262,222,67,155,40,9,31
S01012557,A B D E. Agriculture energy and water,5,3,0,3,2,1,1
S01012557,C. Manufacturing,29,27,3,24,2,0,2
S01012557,F. Construction,13,10,1,9,3,1,2
S01012557,G I. Distribution hotels and restaurants,47,38,24,14,9,1,8
S01012557,H J. Transport and communication,24,19,3,16,5,1,4
S01012557,K L M N. Financial real estate professional and administrative activities,33,23,7,16,10,2,8
S01012557,O P Q. Public administration education and health,96,88,25,63,8,3,5
S01012557,R S T U. Other,15,14,4,10,1,0,1
S01012558,All people aged 16 to 74 in employment,277,257,86,171,20,8,12
S01012558,A B D E. Agriculture energy and water,4,4,1,3,0,0,0
S01012558,C. Manufacturing,19,19,1,18,0,0,0
S01012558,F. Construction,14,10,0,10,4,1,3
S01012558,G I. Distribution hotels and restaurants,94,90,40,50,4,0,4
S01012558,H J. Transport and communication,20,18,6,12,2,1,1
S01012558,K L M N. Financial real estate professional and administrative activities,20,16,5,11,4,2,2
S01012558,O P Q. Public administration education and health,88,86,28,58,2,2,0
S01012558,R S T U. Other,18,14,5,9,4,2,2
S01012559,All people aged 16 to 74 in employment,292,256,69,187,36,10,26
S01012559,A B D E. Agriculture energy and water,5,4,1,3,1,0,1
S01012559,C. Manufacturing,23,21,0,21,2,0,2
S01012559,F. Construction,15,13,1,12,2,1,1
S01012559,G I. Distribution hotels and restaurants,83,70,27,43,13,4,9
S01012559,H J. Transport and communication,23,19,3,16,4,0,4
S01012559,K L M N. Financial real estate professional and administrative activities,36,31,3,28,5,1,4
S01012559,O P Q. Public administration education and health,86,83,30,53,3,2,1
S01012559,R S T U. Other,21,15,4,11,6,2,4
S01012560,All people aged 16 to 74 in employment,214,195,59,136,19,6,13
S01012560,A B D E. Agriculture energy and water,5,5,0,5,0,0,0
S01012560,C. Manufacturing,18,17,1,16,1,0,1
S01012560,F. Construction,11,10,1,9,1,0,1
S01012560,G I. Distribution hotels and restaurants,50,50,26,24,0,0,0
S01012560,H J. Transport and communication,15,12,2,10,3,1,2
S01012560,K L M N. Financial real estate professional and administrative activities,33,26,5,21,7,2,5
S01012560,O P Q. Public administration education and health,75,69,21,48,6,3,3
S01012560,R S T U. Other,7,6,3,3,1,0,1
S01012561,All people aged 16 to 74 in employment,317,293,82,211,24,6,18
S01012561,A B D E. Agriculture energy and water,4,4,0,4,0,0,0
S01012561,C. Manufacturing,32,31,4,27,1,0,1
S01012561,F. Construction,13,9,1,8,4,1,3
S01012561,G I. Distribution hotels and restaurants,72,71,32,39,1,0,1
S01012561,H J. Transport and communication,36,30,4,26,6,0,6
S01012561,K L M N. Financial real estate professional and administrative activities,48,41,9,32,7,2,5
S01012561,O P Q. Public administration education and health,101,97,28,69,4,2,2
S01012561,R S T U. Other,11,10,4,6,1,1,0
S01012562,All people aged 16 to 74 in employment,336,304,80,224,32,12,20
S01012562,A B D E. Agriculture energy and water,8,7,0,7,1,0,1
S01012562,C. Manufacturing,29,29,0,29,0,0,0
S01012562,F. Construction,19,13,0,13,6,0,6
S01012562,G I. Distribution hotels and restaurants,87,84,40,44,3,0,3
S01012562,H J. Transport and communication,30,27,2,25,3,1,2
S01012562,K L M N. Financial real estate professional and administrative activities,44,36,4,32,8,4,4
S01012562,O P Q. Public administration education and health,100,97,31,66,3,2,1
S01012562,R S T U. Other,19,11,3,8,8,5,3
S01012563,All people aged 16 to 74 in employment,247,206,64,142,41,7,34
S01012563,A B D E. Agriculture energy and water,5,4,0,4,1,0,1
S01012563,C. Manufacturing,23,21,1,20,2,0,2
S01012563,F. Construction,25,14,5,9,11,1,10
S01012563,G I. Distribution hotels and restaurants,40,31,19,12,9,3,6
S01012563,H J. Transport and communication,21,17,2,15,4,1,3
S01012563,K L M N. Financial real estate professional and administrative activities,32,25,4,21,7,1,6
S01012563,O P Q. Public administration education and health,90,84,28,56,6,0,6
S01012563,R S T U. Other,11,10,5,5,1,1,0
S01012564,All people aged 16 to 74 in employment,354,281,93,188,73,26,47
S01012564,A B D E. Agriculture energy and water,6,6,1,5,0,0,0
S01012564,C. Manufacturing,31,26,1,25,5,0,5
S01012564,F. Construction,18,11,1,10,7,1,6
S01012564,G I. Distribution hotels and restaurants,67,55,37,18,12,4,8
S01012564,H J. Transport and communication,32,23,3,20,9,4,5
S01012564,K L M N. Financial real estate professional and administrative activities,56,43,10,33,13,7,6
S01012564,O P Q. Public administration education and health,124,108,35,73,16,6,10
S01012564,R S T U. Other,20,9,5,4,11,4,7
S01012565,All people aged 16 to 74 in employment,320,263,85,178,57,19,38
S01012565,A B D E. Agriculture energy and water,7,6,0,6,1,0,1
S01012565,C. Manufacturing,27,25,2,23,2,1,1
S01012565,F. Construction,25,15,0,15,10,3,7
S01012565,G I. Distribution hotels and restaurants,64,51,31,20,13,3,10
S01012565,H J. Transport and communication,22,19,3,16,3,1,2
S01012565,K L M N. Financial real estate professional and administrative activities,56,45,11,34,11,2,9
S01012565,O P Q. Public administration education and health,97,88,31,57,9,4,5
S01012565,R S T U. Other,22,14,7,7,8,5,3
S01012566,All people aged 16 to 74 in employment,349,291,70,221,58,10,48
S01012566,A B D E. Agriculture energy and water,5,3,0,3,2,0,2
S01012566,C. Manufacturing,28,23,0,23,5,2,3
S01012566,F. Construction,19,9,1,8,10,1,9
S01012566,G I. Distribution hotels and restaurants,82,72,30,42,10,1,9
S01012566,H J. Transport and communication,39,32,7,25,7,2,5
S01012566,K L M N. Financial real estate professional and administrative activities,39,29,2,27,10,1,9
S01012566,O P Q. Public administration education and health,113,107,24,83,6,2,4
S01012566,R S T U. Other,24,16,6,10,8,1,7
S01012567,All people aged 16 to 74 in employment,471,409,121,288,62,19,43
S01012567,A B D E. Agriculture energy and water,7,7,0,7,0,0,0
S01012567,C. Manufacturing,49,46,1,45,3,2,1
S01012567,F. Construction,26,17,2,15,9,0,9
S01012567,G I. Distribution hotels and restaurants,117,104,50,54,13,2,11
S01012567,H J. Transport and communication,39,30,4,26,9,3,6
S01012567,K L M N. Financial real estate professional and administrative activities,47,34,5,29,13,6,7
S01012567,O P Q. Public administration education and health,158,151,54,97,7,3,4
S01012567,R S T U. Other,28,20,5,15,8,3,5
S01012568,All people aged 16 to 74 in employment,233,183,44,139,50,16,34
S01012568,A B D E. Agriculture energy and water,6,2,1,1,4,0,4
S01012568,C. Manufacturing,25,21,0,21,4,0,4
S01012568,F. Construction,8,5,0,5,3,0,3
S01012568,G I. Distribution hotels and restaurants,46,34,18,16,12,2,10
S01012568,H J. Transport and communication,24,18,2,16,6,2,4
S01012568,K L M N. Financial real estate professional and administrative activities,25,19,3,16,6,3,3
S01012568,O P Q. Public administration education and health,93,80,19,61,13,8,5
S01012568,R S T U. Other,6,4,1,3,2,1,1
S01012569,All people aged 16 to 74 in employment,323,235,87,148,88,25,63
S01012569,A B D E. Agriculture energy and water,5,2,0,2,3,0,3
S01012569,C. Manufacturing,25,20,3,17,5,2,3
S01012569,F. Construction,18,11,2,9,7,0,7
S01012569,G I. Distribution hotels and restaurants,71,50,32,18,21,5,16
S01012569,H J. Transport and communication,22,17,0,17,5,0,5
S01012569,K L M N. Financial real estate professional and administrative activities,65,38,12,26,27,8,19
S01012569,O P Q. Public administration education and health,100,88,30,58,12,6,6
S01012569,R S T U. Other,17,9,8,1,8,4,4
S01012570,All people aged 16 to 74 in employment,240,192,57,135,48,9,39
S01012570,A B D E. Agriculture energy and water,28,13,3,10,15,3,12
S01012570,C. Manufacturing,10,7,2,5,3,0,3
S01012570,F. Construction,33,27,2,25,6,0,6
S01012570,G I. Distribution hotels and restaurants,54,47,23,24,7,0,7
S01012570,H J. Transport and communication,19,15,1,14,4,2,2
S01012570,K L M N. Financial real estate professional and administrative activities,30,24,3,21,6,2,4
S01012570,O P Q. Public administration education and health,58,53,21,32,5,1,4
S01012570,R S T U. Other,8,6,2,4,2,1,1
S01012571,All people aged 16 to 74 in employment,403,301,76,225,102,27,75
S01012571,A B D E. Agriculture energy and water,56,33,2,31,23,2,21
S01012571,C. Manufacturing,21,18,0,18,3,0,3
S01012571,F. Construction,52,32,5,27,20,2,18
S01012571,G I. Distribution hotels and restaurants,61,45,22,23,16,8,8
S01012571,H J. Transport and communication,45,35,9,26,10,1,9
S01012571,K L M N. Financial real estate professional and administrative activities,42,28,5,23,14,5,9
S01012571,O P Q. Public administration education and health,103,95,30,65,8,5,3
S01012571,R S T U. Other,23,15,3,12,8,4,4
S01012572,All people aged 16 to 74 in employment,264,204,53,151,60,11,49
S01012572,A B D E. Agriculture energy and water,44,28,5,23,16,1,15
S01012572,C. Manufacturing,22,16,1,15,6,0,6
S01012572,F. Construction,31,18,2,16,13,2,11
S01012572,G I. Distribution hotels and restaurants,54,47,20,27,7,1,6
S01012572,H J. Transport and communication,15,13,2,11,2,1,1
S01012572,K L M N. Financial real estate professional and administrative activities,29,19,4,15,10,4,6
S01012572,O P Q. Public administration education and health,59,57,16,41,2,0,2
S01012572,R S T U. Other,10,6,3,3,4,2,2
S01012573,All people aged 16 to 74 in employment,442,333,80,253,109,20,89
S01012573,A B D E. Agriculture energy and water,52,25,5,20,27,2,25
S01012573,C. Manufacturing,29,22,3,19,7,0,7
S01012573,F. Construction,30,17,1,16,13,1,12
S01012573,G I. Distribution hotels and restaurants,78,62,21,41,16,6,10
S01012573,H J. Transport and communication,28,21,3,18,7,2,5
S01012573,K L M N. Financial real estate professional and administrative activities,82,59,8,51,23,5,18
S01012573,O P Q. Public administration education and health,118,111,34,77,7,3,4
S01012573,R S T U. Other,25,16,5,11,9,1,8
S01012574,All people aged 16 to 74 in employment,449,355,89,266,94,25,69
S01012574,A B D E. Agriculture energy and water,37,18,5,13,19,0,19
S01012574,C. Manufacturing,30,28,3,25,2,0,2
S01012574,F. Construction,40,24,2,22,16,3,13
S01012574,G I. Distribution hotels and restaurants,80,67,24,43,13,4,9
S01012574,H J. Transport and communication,26,18,1,17,8,2,6
S01012574,K L M N. Financial real estate professional and administrative activities,68,52,13,39,16,5,11
S01012574,O P Q. Public administration education and health,147,135,37,98,12,7,5
S01012574,R S T U. Other,21,13,4,9,8,4,4
S01012575,All people aged 16 to 74 in employment,330,266,87,179,64,18,46
S01012575,A B D E. Agriculture energy and water,24,16,3,13,8,0,8
S01012575,C. Manufacturing,27,23,3,20,4,1,3
S01012575,F. Construction,27,18,1,17,9,1,8
S01012575,G I. Distribution hotels and restaurants,63,50,28,22,13,1,12
S01012575,H J. Transport and communication,13,12,3,9,1,1,0
S01012575,K L M N. Financial real estate professional and administrative activities,53,43,5,38,10,3,7
S01012575,O P Q. Public administration education and health,104,95,39,56,9,6,3
S01012575,R S T U. Other,19,9,5,4,10,5,5
S01012576,All people aged 16 to 74 in employment,383,305,76,229,78,21,57
S01012576,A B D E. Agriculture energy and water,17,8,1,7,9,4,5
S01012576,C. Manufacturing,46,44,2,42,2,0,2
S01012576,F. Construction,37,21,1,20,16,1,15
S01012576,G I. Distribution hotels and restaurants,76,53,19,34,23,6,17
S01012576,H J. Transport and communication,18,15,4,11,3,0,3
S01012576,K L M N. Financial real estate professional and administrative activities,57,45,11,34,12,3,9
S01012576,O P Q. Public administration education and health,111,108,31,77,3,1,2
S01012576,R S T U. Other,21,11,7,4,10,6,4
S01012577,All people aged 16 to 74 in employment,404,317,94,223,87,16,71
S01012577,A B D E. Agriculture energy and water,51,18,2,16,33,4,29
S01012577,C. Manufacturing,25,23,2,21,2,0,2
S01012577,F. Construction,38,24,1,23,14,4,10
S01012577,G I. Distribution hotels and restaurants,74,59,27,32,15,3,12
S01012577,H J. Transport and communication,26,23,4,19,3,0,3
S01012577,K L M N. Financial real estate professional and administrative activities,50,39,8,31,11,1,10
S01012577,O P Q. Public administration education and health,116,115,41,74,1,1,0
S01012577,R S T U. Other,24,16,9,7,8,3,5
S01012578,All people aged 16 to 74 in employment,411,336,96,240,75,21,54
S01012578,A B D E. Agriculture energy and water,28,14,3,11,14,1,13
S01012578,C. Manufacturing,23,21,2,19,2,0,2
S01012578,F. Construction,38,27,0,27,11,1,10
S01012578,G I. Distribution hotels and restaurants,88,73,38,35,15,5,10
S01012578,H J. Transport and communication,21,19,1,18,2,0,2
S01012578,K L M N. Financial real estate professional and administrative activities,62,48,11,37,14,7,7
S01012578,O P Q. Public administration education and health,126,117,34,83,9,3,6
S01012578,R S T U. Other,25,17,7,10,8,4,4
S01012579,All people aged 16 to 74 in employment,342,275,82,193,67,16,51
S01012579,A B D E. Agriculture energy and water,37,14,1,13,23,5,18
S01012579,C. Manufacturing,25,21,3,18,4,0,4
S01012579,F. Construction,28,21,1,20,7,0,7
S01012579,G I. Distribution hotels and restaurants,54,51,24,27,3,0,3
S01012579,H J. Transport and communication,21,13,3,10,8,2,6
S01012579,K L M N. Financial real estate professional and administrative activities,57,47,16,31,10,5,5
S01012579,O P Q. Public administration education and health,98,95,28,67,3,2,1
S01012579,R S T U. Other,22,13,6,7,9,2,7
S01012580,All people aged 16 to 74 in employment,418,303,70,233,115,29,86
S01012580,A B D E. Agriculture energy and water,52,20,2,18,32,3,29
S01012580,C. Manufacturing,28,20,2,18,8,2,6
S01012580,F. Construction,32,16,1,15,16,4,12
S01012580,G I. Distribution hotels and restaurants,48,39,15,24,9,3,6
S01012580,H J. Transport and communication,29,23,4,19,6,0,6
S01012580,K L M N. Financial real estate professional and administrative activities,76,58,5,53,18,7,11
S01012580,O P Q. Public administration education and health,135,120,39,81,15,8,7
S01012580,R S T U. Other,18,7,2,5,11,2,9
S01012581,All people aged 16 to 74 in employment,321,287,70,217,34,10,24
S01012581,A B D E. Agriculture energy and water,17,12,1,11,5,0,5
S01012581,C. Manufacturing,18,17,1,16,1,0,1
S01012581,F. Construction,32,28,2,26,4,1,3
S01012581,G I. Distribution hotels and restaurants,42,37,16,21,5,2,3
S01012581,H J. Transport and communication,49,44,5,39,5,2,3
S01012581,K L M N. Financial real estate professional and administrative activities,31,26,7,19,5,3,2
S01012581,O P Q. Public administration education and health,119,113,36,77,6,1,5
S01012581,R S T U. Other,13,10,2,8,3,1,2
S01012582,All people aged 16 to 74 in employment,494,405,119,286,89,12,77
S01012582,A B D E. Agriculture energy and water,46,19,1,18,27,0,27
S01012582,C. Manufacturing,35,31,7,24,4,0,4
S01012582,F. Construction,35,22,0,22,13,0,13
S01012582,G I. Distribution hotels and restaurants,94,84,34,50,10,1,9
S01012582,H J. Transport and communication,36,32,2,30,4,1,3
S01012582,K L M N. Financial real estate professional and administrative activities,70,54,17,37,16,7,9
S01012582,O P Q. Public administration education and health,155,148,52,96,7,1,6
S01012582,R S T U. Other,23,15,6,9,8,2,6
S01012583,All people aged 16 to 74 in employment,348,323,83,240,25,5,20
S01012583,A B D E. Agriculture energy and water,21,21,2,19,0,0,0
S01012583,C. Manufacturing,21,21,0,21,0,0,0
S01012583,F. Construction,36,28,1,27,8,1,7
S01012583,G I. Distribution hotels and restaurants,68,60,27,33,8,2,6
S01012583,H J. Transport and communication,40,37,5,32,3,0,3
S01012583,K L M N. Financial real estate professional and administrative activities,35,35,12,23,0,0,0
S01012583,O P Q. Public administration education and health,110,108,31,77,2,1,1
S01012583,R S T U. Other,17,13,5,8,4,1,3
S01012584,All people aged 16 to 74 in employment,368,299,81,218,69,19,50
S01012584,A B D E. Agriculture energy and water,16,8,0,8,8,2,6
S01012584,C. Manufacturing,27,23,3,20,4,1,3
S01012584,F. Construction,40,25,3,22,15,2,13
S01012584,G I. Distribution hotels and restaurants,70,62,30,32,8,1,7
S01012584,H J. Transport and communication,41,25,5,20,16,5,11
S01012584,K L M N. Financial real estate professional and administrative activities,41,34,7,27,7,2,5
S01012584,O P Q. Public administration education and health,117,111,32,79,6,4,2
S01012584,R S T U. Other,16,11,1,10,5,2,3
S01012585,All people aged 16 to 74 in employment,390,346,90,256,44,9,35
S01012585,A B D E. Agriculture energy and water,22,18,3,15,4,0,4
S01012585,C. Manufacturing,38,35,5,30,3,1,2
S01012585,F. Construction,34,22,1,21,12,0,12
S01012585,G I. Distribution hotels and restaurants,74,63,22,41,11,3,8
S01012585,H J. Transport and communication,45,43,5,38,2,0,2
S01012585,K L M N. Financial real estate professional and administrative activities,44,38,7,31,6,3,3
S01012585,O P Q. Public administration education and health,115,110,40,70,5,1,4
S01012585,R S T U. Other,18,17,7,10,1,1,0
S01012586,All people aged 16 to 74 in employment,458,373,88,285,85,21,64
S01012586,A B D E. Agriculture energy and water,38,15,2,13,23,3,20
S01012586,C. Manufacturing,24,22,0,22,2,1,1
S01012586,F. Construction,39,29,3,26,10,1,9
S01012586,G I. Distribution hotels and restaurants,75,61,25,36,14,2,12
S01012586,H J. Transport and communication,46,40,8,32,6,1,5
S01012586,K L M N. Financial real estate professional and administrative activities,74,55,11,44,19,5,14
S01012586,O P Q. Public administration education and health,145,136,35,101,9,6,3
S01012586,R S T U. Other,17,15,4,11,2,2,0
S01012587,All people aged 16 to 74 in employment,461,363,97,266,98,20,78
S01012587,A B D E. Agriculture energy and water,63,31,5,26,32,2,30
S01012587,C. Manufacturing,35,29,1,28,6,2,4
S01012587,F. Construction,52,29,3,26,23,3,20
S01012587,G I. Distribution hotels and restaurants,68,61,28,33,7,2,5
S01012587,H J. Transport and communication,39,31,4,27,8,2,6
S01012587,K L M N. Financial real estate professional and administrative activities,56,49,12,37,7,2,5
S01012587,O P Q. Public administration education and health,127,118,37,81,9,4,5
S01012587,R S T U. Other,21,15,7,8,6,3,3
S01012588,All people aged 16 to 74 in employment,338,269,58,211,69,13,56
S01012588,A B D E. Agriculture energy and water,29,14,2,12,15,1,14
S01012588,C. Manufacturing,28,19,0,19,9,0,9
S01012588,F. Construction,33,22,2,20,11,2,9
S01012588,G I. Distribution hotels and restaurants,53,41,9,32,12,3,9
S01012588,H J. Transport and communication,28,22,2,20,6,2,4
S01012588,K L M N. Financial real estate professional and administrative activities,58,44,7,37,14,5,9
S01012588,O P Q. Public administration education and health,91,90,28,62,1,0,1
S01012588,R S T U. Other,18,17,8,9,1,0,1
S01012589,All people aged 16 to 74 in employment,337,314,78,236,23,4,19
S01012589,A B D E. Agriculture energy and water,20,17,0,17,3,0,3
S01012589,C. Manufacturing,40,39,3,36,1,0,1
S01012589,F. Construction,30,25,0,25,5,0,5
S01012589,G I. Distribution hotels and restaurants,74,71,31,40,3,1,2
S01012589,H J. Transport and communication,38,34,9,25,4,1,3
S01012589,K L M N. Financial real estate professional and administrative activities,46,42,8,34,4,2,2
S01012589,O P Q. Public administration education and health,79,78,25,53,1,0,1
S01012589,R S T U. Other,10,8,2,6,2,0,2
S01012590,All people aged 16 to 74 in employment,342,310,82,228,32,4,28
S01012590,A B D E. Agriculture energy and water,13,13,1,12,0,0,0
S01012590,C. Manufacturing,41,36,2,34,5,2,3
S01012590,F. Construction,34,25,1,24,9,0,9
S01012590,G I. Distribution hotels and restaurants,69,61,34,27,8,1,7
S01012590,H J. Transport and communication,46,46,11,35,0,0,0
S01012590,K L M N. Financial real estate professional and administrative activities,49,43,9,34,6,0,6
S01012590,O P Q. Public administration education and health,85,83,22,61,2,1,1
S01012590,R S T U. Other,5,3,2,1,2,0,2
S01012591,All people aged 16 to 74 in employment,273,258,69,189,15,5,10
S01012591,A B D E. Agriculture energy and water,20,20,2,18,0,0,0
S01012591,C. Manufacturing,32,31,0,31,1,1,0
S01012591,F. Construction,25,20,1,19,5,0,5
S01012591,G I. Distribution hotels and restaurants,61,58,25,33,3,1,2
S01012591,H J. Transport and communication,29,27,3,24,2,2,0
S01012591,K L M N. Financial real estate professional and administrative activities,34,33,12,21,1,0,1
S01012591,O P Q. Public administration education and health,64,62,23,39,2,1,1
S01012591,R S T U. Other,8,7,3,4,1,0,1
S01012592,All people aged 16 to 74 in employment,298,246,62,184,52,9,43
S01012592,A B D E. Agriculture energy and water,23,11,2,9,12,1,11
S01012592,C. Manufacturing,25,21,3,18,4,0,4
S01012592,F. Construction,17,9,1,8,8,1,7
S01012592,G I. Distribution hotels and restaurants,72,62,28,34,10,1,9
S01012592,H J. Transport and communication,17,15,3,12,2,1,1
S01012592,K L M N. Financial real estate professional and administrative activities,49,44,6,38,5,3,2
S01012592,O P Q. Public administration education and health,81,76,17,59,5,0,5
S01012592,R S T U. Other,14,8,2,6,6,2,4
S01012593,All people aged 16 to 74 in employment,471,437,97,340,34,7,27
S01012593,A B D E. Agriculture energy and water,20,18,2,16,2,0,2
S01012593,C. Manufacturing,32,31,2,29,1,0,1
S01012593,F. Construction,36,27,2,25,9,3,6
S01012593,G I. Distribution hotels and restaurants,86,77,24,53,9,3,6
S01012593,H J. Transport and communication,42,38,5,33,4,0,4
S01012593,K L M N. Financial real estate professional and administrative activities,48,42,6,36,6,1,5
S01012593,O P Q. Public administration education and health,192,190,50,140,2,0,2
S01012593,R S T U. Other,15,14,6,8,1,0,1
S01012594,All people aged 16 to 74 in employment,212,199,53,146,13,2,11
S01012594,A B D E. Agriculture energy and water,6,6,0,6,0,0,0
S01012594,C. Manufacturing,18,17,0,17,1,0,1
S01012594,F. Construction,16,15,3,12,1,0,1
S01012594,G I. Distribution hotels and restaurants,46,43,16,27,3,1,2
S01012594,H J. Transport and communication,17,15,3,12,2,0,2
S01012594,K L M N. Financial real estate professional and administrative activities,25,23,5,18,2,0,2
S01012594,O P Q. Public administration education and health,75,72,24,48,3,1,2
S01012594,R S T U. Other,9,8,2,6,1,0,1
S01012595,All people aged 16 to 74 in employment,297,266,64,202,31,6,25
S01012595,A B D E. Agriculture energy and water,11,10,1,9,1,0,1
S01012595,C. Manufacturing,20,18,2,16,2,1,1
S01012595,F. Construction,34,26,0,26,8,1,7
S01012595,G I. Distribution hotels and restaurants,54,49,19,30,5,1,4
S01012595,H J. Transport and communication,33,31,2,29,2,0,2
S01012595,K L M N. Financial real estate professional and administrative activities,32,29,8,21,3,1,2
S01012595,O P Q. Public administration education and health,100,92,27,65,8,1,7
S01012595,R S T U. Other,13,11,5,6,2,1,1
S01012596,All people aged 16 to 74 in employment,336,308,95,213,28,11,17
S01012596,A B D E. Agriculture energy and water,11,11,0,11,0,0,0
S01012596,C. Manufacturing,16,16,1,15,0,0,0
S01012596,F. Construction,35,26,0,26,9,2,7
S01012596,G I. Distribution hotels and restaurants,60,53,16,37,7,4,3
S01012596,H J. Transport and communication,43,41,13,28,2,0,2
S01012596,K L M N. Financial real estate professional and administrative activities,38,36,14,22,2,1,1
S01012596,O P Q. Public administration education and health,117,115,48,67,2,0,2
S01012596,R S T U. Other,16,10,3,7,6,4,2
S01012597,All people aged 16 to 74 in employment,250,230,49,181,20,3,17
S01012597,A B D E. Agriculture energy and water,4,4,0,4,0,0,0
S01012597,C. Manufacturing,23,22,1,21,1,0,1
S01012597,F. Construction,27,20,1,19,7,2,5
S01012597,G I. Distribution hotels and restaurants,46,43,10,33,3,0,3
S01012597,H J. Transport and communication,18,17,3,14,1,0,1
S01012597,K L M N. Financial real estate professional and administrative activities,39,34,7,27,5,0,5
S01012597,O P Q. Public administration education and health,82,82,22,60,0,0,0
S01012597,R S T U. Other,11,8,5,3,3,1,2
S01012598,All people aged 16 to 74 in employment,388,354,74,280,34,10,24
S01012598,A B D E. Agriculture energy and water,16,14,0,14,2,0,2
S01012598,C. Manufacturing,27,25,3,22,2,0,2
S01012598,F. Construction,34,28,2,26,6,0,6
S01012598,G I. Distribution hotels and restaurants,60,52,25,27,8,3,5
S01012598,H J. Transport and communication,26,23,3,20,3,0,3
S01012598,K L M N. Financial real estate professional and administrative activities,62,57,7,50,5,1,4
S01012598,O P Q. Public administration education and health,147,142,29,113,5,3,2
S01012598,R S T U. Other,16,13,5,8,3,3,0
S01012599,All people aged 16 to 74 in employment,317,281,61,220,36,11,25
S01012599,A B D E. Agriculture energy and water,9,7,1,6,2,0,2
S01012599,C. Manufacturing,32,29,3,26,3,1,2
S01012599,F. Construction,31,26,0,26,5,1,4
S01012599,G I. Distribution hotels and restaurants,57,50,23,27,7,3,4
S01012599,H J. Transport and communication,21,19,3,16,2,0,2
S01012599,K L M N. Financial real estate professional and administrative activities,53,45,7,38,8,2,6
S01012599,O P Q. Public administration education and health,106,101,22,79,5,2,3
S01012599,R S T U. Other,8,4,2,2,4,2,2
S01012600,All people aged 16 to 74 in employment,398,365,101,264,33,11,22
S01012600,A B D E. Agriculture energy and water,10,9,1,8,1,0,1
S01012600,C. Manufacturing,28,24,1,23,4,0,4
S01012600,F. Construction,24,19,1,18,5,1,4
S01012600,G I. Distribution hotels and restaurants,63,58,30,28,5,0,5
S01012600,H J. Transport and communication,18,17,0,17,1,0,1
S01012600,K L M N. Financial real estate professional and administrative activities,70,63,16,47,7,5,2
S01012600,O P Q. Public administration education and health,167,159,48,111,8,4,4
S01012600,R S T U. Other,18,16,4,12,2,1,1
S01012601,All people aged 16 to 74 in employment,520,470,121,349,50,7,43
S01012601,A B D E. Agriculture energy and water,11,10,1,9,1,0,1
S01012601,C. Manufacturing,37,35,5,30,2,1,1
S01012601,F. Construction,26,21,0,21,5,0,5
S01012601,G I. Distribution hotels and restaurants,91,78,42,36,13,1,12
S01012601,H J. Transport and communication,42,39,7,32,3,0,3
S01012601,K L M N. Financial real estate professional and administrative activities,80,68,11,57,12,2,10
S01012601,O P Q. Public administration education and health,205,197,44,153,8,2,6
S01012601,R S T U. Other,28,22,11,11,6,1,5
S01012602,All people aged 16 to 74 in employment,244,231,40,191,13,3,10
S01012602,A B D E. Agriculture energy and water,7,7,0,7,0,0,0
S01012602,C. Manufacturing,18,18,1,17,0,0,0
S01012602,F. Construction,22,19,1,18,3,1,2
S01012602,G I. Distribution hotels and restaurants,53,49,11,38,4,0,4
S01012602,H J. Transport and communication,23,20,3,17,3,1,2
S01012602,K L M N. Financial real estate professional and administrative activities,36,35,4,31,1,1,0
S01012602,O P Q. Public administration education and health,73,71,12,59,2,0,2
S01012602,R S T U. Other,12,12,8,4,0,0,0
S01012603,All people aged 16 to 74 in employment,300,272,70,202,28,5,23
S01012603,A B D E. Agriculture energy and water,12,9,0,9,3,0,3
S01012603,C. Manufacturing,21,20,2,18,1,0,1
S01012603,F. Construction,32,24,0,24,8,0,8
S01012603,G I. Distribution hotels and restaurants,51,46,23,23,5,2,3
S01012603,H J. Transport and communication,23,18,5,13,5,1,4
S01012603,K L M N. Financial real estate professional and administrative activities,31,27,7,20,4,0,4
S01012603,O P Q. Public administration education and health,113,112,27,85,1,1,0
S01012603,R S T U. Other,17,16,6,10,1,1,0
S01012604,All people aged 16 to 74 in employment,296,279,79,200,17,3,14
S01012604,A B D E. Agriculture energy and water,6,4,0,4,2,0,2
S01012604,C. Manufacturing,19,19,1,18,0,0,0
S01012604,F. Construction,16,13,1,12,3,0,3
S01012604,G I. Distribution hotels and restaurants,87,80,30,50,7,2,5
S01012604,H J. Transport and communication,20,19,4,15,1,1,0
S01012604,K L M N. Financial real estate professional and administrative activities,30,29,8,21,1,0,1
S01012604,O P Q. Public administration education and health,108,106,32,74,2,0,2
S01012604,R S T U. Other,10,9,3,6,1,0,1
S01012605,All people aged 16 to 74 in employment,211,196,59,137,15,5,10
S01012605,A B D E. Agriculture energy and water,4,4,2,2,0,0,0
S01012605,C. Manufacturing,19,17,2,15,2,0,2
S01012605,F. Construction,15,11,0,11,4,1,3
S01012605,G I. Distribution hotels and restaurants,50,47,26,21,3,0,3
S01012605,H J. Transport and communication,9,8,1,7,1,1,0
S01012605,K L M N. Financial real estate professional and administrative activities,21,19,3,16,2,1,1
S01012605,O P Q. Public administration education and health,80,77,20,57,3,2,1
S01012605,R S T U. Other,13,13,5,8,0,0,0
S01012606,All people aged 16 to 74 in employment,485,453,100,353,32,10,22
S01012606,A B D E. Agriculture energy and water,23,22,3,19,1,0,1
S01012606,C. Manufacturing,38,37,1,36,1,0,1
S01012606,F. Construction,45,41,2,39,4,0,4
S01012606,G I. Distribution hotels and restaurants,82,75,30,45,7,3,4
S01012606,H J. Transport and communication,30,28,2,26,2,0,2
S01012606,K L M N. Financial real estate professional and administrative activities,81,76,12,64,5,0,5
S01012606,O P Q. Public administration education and health,166,160,44,116,6,3,3
S01012606,R S T U. Other,20,14,6,8,6,4,2
S01012607,All people aged 16 to 74 in employment,386,340,91,249,46,15,31
S01012607,A B D E. Agriculture energy and water,6,6,1,5,0,0,0
S01012607,C. Manufacturing,29,28,1,27,1,1,0
S01012607,F. Construction,39,26,0,26,13,0,13
S01012607,G I. Distribution hotels and restaurants,84,74,34,40,10,3,7
S01012607,H J. Transport and communication,37,33,4,29,4,1,3
S01012607,K L M N. Financial real estate professional and administrative activities,53,46,11,35,7,3,4
S01012607,O P Q. Public administration education and health,121,115,32,83,6,3,3
S01012607,R S T U. Other,17,12,8,4,5,4,1
S01012608,All people aged 16 to 74 in employment,390,358,103,255,32,4,28
S01012608,A B D E. Agriculture energy and water,11,7,0,7,4,1,3
S01012608,C. Manufacturing,36,36,3,33,0,0,0
S01012608,F. Construction,31,27,2,25,4,0,4
S01012608,G I. Distribution hotels and restaurants,68,61,20,41,7,1,6
S01012608,H J. Transport and communication,39,34,9,25,5,0,5
S01012608,K L M N. Financial real estate professional and administrative activities,58,52,17,35,6,0,6
S01012608,O P Q. Public administration education and health,127,125,45,80,2,1,1
S01012608,R S T U. Other,20,16,7,9,4,1,3
S01012609,All people aged 16 to 74 in employment,360,337,101,236,23,11,12
S01012609,A B D E. Agriculture energy and water,17,17,2,15,0,0,0
S01012609,C. Manufacturing,37,34,6,28,3,1,2
S01012609,F. Construction,35,29,2,27,6,2,4
S01012609,G I. Distribution hotels and restaurants,73,70,25,45,3,2,1
S01012609,H J. Transport and communication,35,30,6,24,5,2,3
S01012609,K L M N. Financial real estate professional and administrative activities,42,40,17,23,2,1,1
S01012609,O P Q. Public administration education and health,111,108,39,69,3,3,0
S01012609,R S T U. Other,10,9,4,5,1,0,1
S01012610,All people aged 16 to 74 in employment,385,358,106,252,27,7,20
S01012610,A B D E. Agriculture energy and water,7,7,0,7,0,0,0
S01012610,C. Manufacturing,34,33,4,29,1,0,1
S01012610,F. Construction,33,22,4,18,11,3,8
S01012610,G I. Distribution hotels and restaurants,85,79,33,46,6,2,4
S01012610,H J. Transport and communication,26,24,6,18,2,1,1
S01012610,K L M N. Financial real estate professional and administrative activities,52,51,13,38,1,0,1
S01012610,O P Q. Public administration education and health,132,126,35,91,6,1,5
S01012610,R S T U. Other,16,16,11,5,0,0,0
S01012611,All people aged 16 to 74 in employment,405,365,96,269,40,10,30
S01012611,A B D E. Agriculture energy and water,10,8,1,7,2,1,1
S01012611,C. Manufacturing,27,24,2,22,3,0,3
S01012611,F. Construction,32,23,2,21,9,1,8
S01012611,G I. Distribution hotels and restaurants,83,79,31,48,4,1,3
S01012611,H J. Transport and communication,33,30,7,23,3,0,3
S01012611,K L M N. Financial real estate professional and administrative activities,54,46,13,33,8,3,5
S01012611,O P Q. Public administration education and health,141,136,33,103,5,1,4
S01012611,R S T U. Other,25,19,7,12,6,3,3
S01012612,All people aged 16 to 74 in employment,296,271,73,198,25,6,19
S01012612,A B D E. Agriculture energy and water,6,5,0,5,1,0,1
S01012612,C. Manufacturing,24,21,3,18,3,1,2
S01012612,F. Construction,25,19,2,17,6,1,5
S01012612,G I. Distribution hotels and restaurants,69,63,31,32,6,2,4
S01012612,H J. Transport and communication,28,27,7,20,1,0,1
S01012612,K L M N. Financial real estate professional and administrative activities,38,34,9,25,4,2,2
S01012612,O P Q. Public administration education and health,93,90,18,72,3,0,3
S01012612,R S T U. Other,13,12,3,9,1,0,1
S01012613,All people aged 16 to 74 in employment,322,301,85,216,21,4,17
S01012613,A B D E. Agriculture energy and water,7,6,2,4,1,0,1
S01012613,C. Manufacturing,28,27,3,24,1,0,1
S01012613,F. Construction,36,30,3,27,6,1,5
S01012613,G I. Distribution hotels and restaurants,62,58,22,36,4,1,3
S01012613,H J. Transport and communication,30,28,8,20,2,0,2
S01012613,K L M N. Financial real estate professional and administrative activities,48,44,14,30,4,1,3
S01012613,O P Q. Public administration education and health,92,91,30,61,1,1,0
S01012613,R S T U. Other,19,17,3,14,2,0,2
S01012614,All people aged 16 to 74 in employment,494,457,124,333,37,9,28
S01012614,A B D E. Agriculture energy and water,8,7,1,6,1,0,1
S01012614,C. Manufacturing,44,40,9,31,4,1,3
S01012614,F. Construction,45,37,0,37,8,0,8
S01012614,G I. Distribution hotels and restaurants,94,86,46,40,8,2,6
S01012614,H J. Transport and communication,35,28,6,22,7,0,7
S01012614,K L M N. Financial real estate professional and administrative activities,58,57,11,46,1,1,0
S01012614,O P Q. Public administration education and health,186,180,43,137,6,4,2
S01012614,R S T U. Other,24,22,8,14,2,1,1
S01012615,All people aged 16 to 74 in employment,333,265,79,186,68,18,50
S01012615,A B D E. Agriculture energy and water,12,10,0,10,2,1,1
S01012615,C. Manufacturing,24,20,2,18,4,0,4
S01012615,F. Construction,33,24,3,21,9,1,8
S01012615,G I. Distribution hotels and restaurants,75,62,24,38,13,3,10
S01012615,H J. Transport and communication,22,18,7,11,4,0,4
S01012615,K L M N. Financial real estate professional and administrative activities,65,38,11,27,27,6,21
S01012615,O P Q. Public administration education and health,87,83,28,55,4,2,2
S01012615,R S T U. Other,15,10,4,6,5,5,0
S01012616,All people aged 16 to 74 in employment,452,363,108,255,89,21,68
S01012616,A B D E. Agriculture energy and water,22,12,0,12,10,3,7
S01012616,C. Manufacturing,31,29,2,27,2,0,2
S01012616,F. Construction,60,38,6,32,22,2,20
S01012616,G I. Distribution hotels and restaurants,72,61,31,30,11,1,10
S01012616,H J. Transport and communication,34,27,5,22,7,2,5
S01012616,K L M N. Financial real estate professional and administrative activities,66,52,9,43,14,3,11
S01012616,O P Q. Public administration education and health,145,131,47,84,14,5,9
S01012616,R S T U. Other,22,13,8,5,9,5,4
S01012617,All people aged 16 to 74 in employment,227,185,45,140,42,6,36
S01012617,A B D E. Agriculture energy and water,15,5,0,5,10,2,8
S01012617,C. Manufacturing,17,15,1,14,2,0,2
S01012617,F. Construction,25,18,2,16,7,0,7
S01012617,G I. Distribution hotels and restaurants,40,30,15,15,10,1,9
S01012617,H J. Transport and communication,15,15,3,12,0,0,0
S01012617,K L M N. Financial real estate professional and administrative activities,33,27,2,25,6,1,5
S01012617,O P Q. Public administration education and health,74,69,20,49,5,1,4
S01012617,R S T U. Other,8,6,2,4,2,1,1
S01012618,All people aged 16 to 74 in employment,292,253,59,194,39,7,32
S01012618,A B D E. Agriculture energy and water,20,11,0,11,9,0,9
S01012618,C. Manufacturing,29,27,2,25,2,1,1
S01012618,F. Construction,28,22,0,22,6,0,6
S01012618,G I. Distribution hotels and restaurants,49,39,15,24,10,1,9
S01012618,H J. Transport and communication,22,20,3,17,2,1,1
S01012618,K L M N. Financial real estate professional and administrative activities,27,25,8,17,2,1,1
S01012618,O P Q. Public administration education and health,100,98,26,72,2,0,2
S01012618,R S T U. Other,17,11,5,6,6,3,3
S01012619,All people aged 16 to 74 in employment,225,199,54,145,26,3,23
S01012619,A B D E. Agriculture energy and water,12,10,0,10,2,0,2
S01012619,C. Manufacturing,12,12,0,12,0,0,0
S01012619,F. Construction,16,11,0,11,5,0,5
S01012619,G I. Distribution hotels and restaurants,62,56,24,32,6,1,5
S01012619,H J. Transport and communication,15,14,7,7,1,0,1
S01012619,K L M N. Financial real estate professional and administrative activities,33,25,6,19,8,0,8
S01012619,O P Q. Public administration education and health,62,61,15,46,1,1,0
S01012619,R S T U. Other,13,10,2,8,3,1,2
S01012620,All people aged 16 to 74 in employment,369,307,92,215,62,20,42
S01012620,A B D E. Agriculture energy and water,6,2,0,2,4,0,4
S01012620,C. Manufacturing,17,15,2,13,2,1,1
S01012620,F. Construction,35,23,0,23,12,0,12
S01012620,G I. Distribution hotels and restaurants,66,55,28,27,11,2,9
S01012620,H J. Transport and communication,19,16,3,13,3,1,2
S01012620,K L M N. Financial real estate professional and administrative activities,64,50,10,40,14,5,9
S01012620,O P Q. Public administration education and health,135,125,38,87,10,6,4
S01012620,R S T U. Other,27,21,11,10,6,5,1
S01012621,All people aged 16 to 74 in employment,257,224,55,169,33,13,20
S01012621,A B D E. Agriculture energy and water,6,5,1,4,1,1,0
S01012621,C. Manufacturing,19,15,0,15,4,2,2
S01012621,F. Construction,18,11,1,10,7,1,6
S01012621,G I. Distribution hotels and restaurants,48,44,18,26,4,2,2
S01012621,H J. Transport and communication,12,10,0,10,2,1,1
S01012621,K L M N. Financial real estate professional and administrative activities,46,39,6,33,7,3,4
S01012621,O P Q. Public administration education and health,96,92,24,68,4,1,3
S01012621,R S T U. Other,12,8,5,3,4,2,2
S01012622,All people aged 16 to 74 in employment,345,304,87,217,41,8,33
S01012622,A B D E. Agriculture energy and water,7,6,1,5,1,0,1
S01012622,C. Manufacturing,16,16,0,16,0,0,0
S01012622,F. Construction,36,23,2,21,13,1,12
S01012622,G I. Distribution hotels and restaurants,69,64,25,39,5,0,5
S01012622,H J. Transport and communication,39,34,5,29,5,1,4
S01012622,K L M N. Financial real estate professional and administrative activities,36,31,7,24,5,1,4
S01012622,O P Q. Public administration education and health,121,113,40,73,8,5,3
S01012622,R S T U. Other,21,17,7,10,4,0,4
S01012623,All people aged 16 to 74 in employment,301,274,85,189,27,8,19
S01012623,A B D E. Agriculture energy and water,9,9,2,7,0,0,0
S01012623,C. Manufacturing,18,18,1,17,0,0,0
S01012623,F. Construction,31,21,1,20,10,1,9
S01012623,G I. Distribution hotels and restaurants,50,47,26,21,3,0,3
S01012623,H J. Transport and communication,23,21,4,17,2,0,2
S01012623,K L M N. Financial real estate professional and administrative activities,45,40,8,32,5,2,3
S01012623,O P Q. Public administration education and health,107,104,37,67,3,3,0
S01012623,R S T U. Other,18,14,6,8,4,2,2
S01012624,All people aged 16 to 74 in employment,331,301,75,226,30,6,24
S01012624,A B D E. Agriculture energy and water,9,7,0,7,2,0,2
S01012624,C. Manufacturing,23,20,0,20,3,1,2
S01012624,F. Construction,36,24,1,23,12,1,11
S01012624,G I. Distribution hotels and restaurants,88,81,33,48,7,2,5
S01012624,H J. Transport and communication,32,29,4,25,3,2,1
S01012624,K L M N. Financial real estate professional and administrative activities,41,39,7,32,2,0,2
S01012624,O P Q. Public administration education and health,92,92,27,65,0,0,0
S01012624,R S T U. Other,10,9,3,6,1,0,1
S01012625,All people aged 16 to 74 in employment,259,238,69,169,21,6,15
S01012625,A B D E. Agriculture energy and water,6,5,0,5,1,0,1
S01012625,C. Manufacturing,25,25,0,25,0,0,0
S01012625,F. Construction,28,19,2,17,9,2,7
S01012625,G I. Distribution hotels and restaurants,63,61,31,30,2,0,2
S01012625,H J. Transport and communication,22,22,5,17,0,0,0
S01012625,K L M N. Financial real estate professional and administrative activities,24,21,6,15,3,1,2
S01012625,O P Q. Public administration education and health,82,79,21,58,3,2,1
S01012625,R S T U. Other,9,6,4,2,3,1,2
S01012626,All people aged 16 to 74 in employment,249,225,66,159,24,7,17
S01012626,A B D E. Agriculture energy and water,5,5,0,5,0,0,0
S01012626,C. Manufacturing,19,18,1,17,1,0,1
S01012626,F. Construction,24,18,2,16,6,0,6
S01012626,G I. Distribution hotels and restaurants,41,40,26,14,1,0,1
S01012626,H J. Transport and communication,14,12,2,10,2,1,1
S01012626,K L M N. Financial real estate professional and administrative activities,40,34,8,26,6,2,4
S01012626,O P Q. Public administration education and health,93,89,23,66,4,1,3
S01012626,R S T U. Other,13,9,4,5,4,3,1
S01012627,All people aged 16 to 74 in employment,238,208,67,141,30,6,24
S01012627,A B D E. Agriculture energy and water,4,3,0,3,1,0,1
S01012627,C. Manufacturing,6,6,0,6,0,0,0
S01012627,F. Construction,20,13,0,13,7,0,7
S01012627,G I. Distribution hotels and restaurants,51,43,25,18,8,3,5
S01012627,H J. Transport and communication,19,18,3,15,1,0,1
S01012627,K L M N. Financial real estate professional and administrative activities,38,29,9,20,9,1,8
S01012627,O P Q. Public administration education and health,75,73,18,55,2,2,0
S01012627,R S T U. Other,25,23,12,11,2,0,2
S01012628,All people aged 16 to 74 in employment,480,411,92,319,69,23,46
S01012628,A B D E. Agriculture energy and water,12,10,3,7,2,0,2
S01012628,C. Manufacturing,32,29,1,28,3,1,2
S01012628,F. Construction,36,28,1,27,8,1,7
S01012628,G I. Distribution hotels and restaurants,78,66,19,47,12,5,7
S01012628,H J. Transport and communication,32,28,2,26,4,1,3
S01012628,K L M N. Financial real estate professional and administrative activities,88,71,15,56,17,5,12
S01012628,O P Q. Public administration education and health,172,162,46,116,10,4,6
S01012628,R S T U. Other,30,17,5,12,13,6,7
S01012629,All people aged 16 to 74 in employment,250,212,55,157,38,9,29
S01012629,A B D E. Agriculture energy and water,4,4,0,4,0,0,0
S01012629,C. Manufacturing,21,19,2,17,2,1,1
S01012629,F. Construction,13,10,0,10,3,0,3
S01012629,G I. Distribution hotels and restaurants,43,32,13,19,11,2,9
S01012629,H J. Transport and communication,16,13,4,9,3,2,1
S01012629,K L M N. Financial real estate professional and administrative activities,43,37,5,32,6,2,4
S01012629,O P Q. Public administration education and health,98,90,28,62,8,2,6
S01012629,R S T U. Other,12,7,3,4,5,0,5
S01012630,All people aged 16 to 74 in employment,354,302,65,237,52,17,35
S01012630,A B D E. Agriculture energy and water,12,10,0,10,2,0,2
S01012630,C. Manufacturing,27,24,4,20,3,0,3
S01012630,F. Construction,26,19,0,19,7,2,5
S01012630,G I. Distribution hotels and restaurants,75,70,26,44,5,2,3
S01012630,H J. Transport and communication,31,26,5,21,5,1,4
S01012630,K L M N. Financial real estate professional and administrative activities,52,39,4,35,13,1,12
S01012630,O P Q. Public administration education and health,103,95,23,72,8,4,4
S01012630,R S T U. Other,28,19,3,16,9,7,2
S01012631,All people aged 16 to 74 in employment,426,392,116,276,34,10,24
S01012631,A B D E. Agriculture energy and water,8,7,0,7,1,1,0
S01012631,C. Manufacturing,24,21,0,21,3,0,3
S01012631,F. Construction,36,31,1,30,5,1,4
S01012631,G I. Distribution hotels and restaurants,115,106,53,53,9,2,7
S01012631,H J. Transport and communication,35,32,5,27,3,0,3
S01012631,K L M N. Financial real estate professional and administrative activities,44,42,7,35,2,0,2
S01012631,O P Q. Public administration education and health,143,136,41,95,7,4,3
S01012631,R S T U. Other,21,17,9,8,4,2,2
S01012632,All people aged 16 to 74 in employment,375,281,77,204,94,12,82
S01012632,A B D E. Agriculture energy and water,31,7,2,5,24,4,20
S01012632,C. Manufacturing,26,18,3,15,8,0,8
S01012632,F. Construction,41,25,2,23,16,4,12
S01012632,G I. Distribution hotels and restaurants,56,41,13,28,15,0,15
S01012632,H J. Transport and communication,31,25,1,24,6,0,6
S01012632,K L M N. Financial real estate professional and administrative activities,51,42,8,34,9,1,8
S01012632,O P Q. Public administration education and health,115,108,41,67,7,2,5
S01012632,R S T U. Other,24,15,7,8,9,1,8
S01012633,All people aged 16 to 74 in employment,336,242,66,176,94,27,67
S01012633,A B D E. Agriculture energy and water,37,13,4,9,24,3,21
S01012633,C. Manufacturing,31,24,2,22,7,2,5
S01012633,F. Construction,20,8,0,8,12,3,9
S01012633,G I. Distribution hotels and restaurants,54,41,17,24,13,4,9
S01012633,H J. Transport and communication,18,14,2,12,4,1,3
S01012633,K L M N. Financial real estate professional and administrative activities,63,45,9,36,18,8,10
S01012633,O P Q. Public administration education and health,95,84,27,57,11,4,7
S01012633,R S T U. Other,18,13,5,8,5,2,3
S01012634,All people aged 16 to 74 in employment,299,257,76,181,42,10,32
S01012634,A B D E. Agriculture energy and water,10,9,0,9,1,0,1
S01012634,C. Manufacturing,21,18,3,15,3,0,3
S01012634,F. Construction,40,33,4,29,7,1,6
S01012634,G I. Distribution hotels and restaurants,70,57,31,26,13,2,11
S01012634,H J. Transport and communication,21,18,3,15,3,3,0
S01012634,K L M N. Financial real estate professional and administrative activities,33,28,5,23,5,1,4
S01012634,O P Q. Public administration education and health,88,84,25,59,4,2,2
S01012634,R S T U. Other,16,10,5,5,6,1,5
S01012635,All people aged 16 to 74 in employment,537,453,103,350,84,25,59
S01012635,A B D E. Agriculture energy and water,23,12,1,11,11,1,10
S01012635,C. Manufacturing,37,35,5,30,2,0,2
S01012635,F. Construction,51,38,7,31,13,1,12
S01012635,G I. Distribution hotels and restaurants,91,79,29,50,12,5,7
S01012635,H J. Transport and communication,47,39,8,31,8,4,4
S01012635,K L M N. Financial real estate professional and administrative activities,89,70,13,57,19,6,13
S01012635,O P Q. Public administration education and health,170,160,36,124,10,4,6
S01012635,R S T U. Other,29,20,4,16,9,4,5
S01012636,All people aged 16 to 74 in employment,346,260,76,184,86,31,55
S01012636,A B D E. Agriculture energy and water,29,11,0,11,18,3,15
S01012636,C. Manufacturing,26,20,2,18,6,1,5
S01012636,F. Construction,27,17,2,15,10,2,8
S01012636,G I. Distribution hotels and restaurants,56,47,26,21,9,3,6
S01012636,H J. Transport and communication,21,17,1,16,4,0,4
S01012636,K L M N. Financial real estate professional and administrative activities,55,33,5,28,22,9,13
S01012636,O P Q. Public administration education and health,111,103,36,67,8,6,2
S01012636,R S T U. Other,21,12,4,8,9,7,2
S01012637,All people aged 16 to 74 in employment,339,318,95,223,21,9,12
S01012637,A B D E. Agriculture energy and water,19,18,1,17,1,1,0
S01012637,C. Manufacturing,31,31,2,29,0,0,0
S01012637,F. Construction,27,26,3,23,1,0,1
S01012637,G I. Distribution hotels and restaurants,73,68,32,36,5,3,2
S01012637,H J. Transport and communication,51,43,6,37,8,1,7
S01012637,K L M N. Financial real estate professional and administrative activities,40,39,10,29,1,1,0
S01012637,O P Q. Public administration education and health,89,85,36,49,4,2,2
S01012637,R S T U. Other,9,8,5,3,1,1,0
S01012638,All people aged 16 to 74 in employment,373,328,74,254,45,11,34
S01012638,A B D E. Agriculture energy and water,31,28,4,24,3,0,3
S01012638,C. Manufacturing,29,28,2,26,1,0,1
S01012638,F. Construction,30,23,0,23,7,1,6
S01012638,G I. Distribution hotels and restaurants,69,59,25,34,10,0,10
S01012638,H J. Transport and communication,43,38,3,35,5,1,4
S01012638,K L M N. Financial real estate professional and administrative activities,53,40,9,31,13,6,7
S01012638,O P Q. Public administration education and health,101,98,26,72,3,2,1
S01012638,R S T U. Other,17,14,5,9,3,1,2
S01012639,All people aged 16 to 74 in employment,385,344,93,251,41,12,29
S01012639,A B D E. Agriculture energy and water,28,24,0,24,4,0,4
S01012639,C. Manufacturing,33,31,4,27,2,1,1
S01012639,F. Construction,65,44,1,43,21,3,18
S01012639,G I. Distribution hotels and restaurants,63,59,33,26,4,2,2
S01012639,H J. Transport and communication,24,22,5,17,2,2,0
S01012639,K L M N. Financial real estate professional and administrative activities,34,29,8,21,5,1,4
S01012639,O P Q. Public administration education and health,118,117,34,83,1,1,0
S01012639,R S T U. Other,20,18,8,10,2,2,0
S01012640,All people aged 16 to 74 in employment,331,278,87,191,53,11,42
S01012640,A B D E. Agriculture energy and water,35,27,2,25,8,2,6
S01012640,C. Manufacturing,22,20,0,20,2,0,2
S01012640,F. Construction,41,26,2,24,15,2,13
S01012640,G I. Distribution hotels and restaurants,65,57,28,29,8,0,8
S01012640,H J. Transport and communication,32,27,3,24,5,0,5
S01012640,K L M N. Financial real estate professional and administrative activities,34,30,10,20,4,1,3
S01012640,O P Q. Public administration education and health,86,80,37,43,6,2,4
S01012640,R S T U. Other,16,11,5,6,5,4,1
S01012641,All people aged 16 to 74 in employment,398,355,100,255,43,9,34
S01012641,A B D E. Agriculture energy and water,27,22,2,20,5,1,4
S01012641,C. Manufacturing,26,24,0,24,2,0,2
S01012641,F. Construction,55,43,5,38,12,1,11
S01012641,G I. Distribution hotels and restaurants,66,61,33,28,5,0,5
S01012641,H J. Transport and communication,29,23,1,22,6,1,5
S01012641,K L M N. Financial real estate professional and administrative activities,47,40,12,28,7,2,5
S01012641,O P Q. Public administration education and health,122,121,40,81,1,0,1
S01012641,R S T U. Other,26,21,7,14,5,4,1
S01012642,All people aged 16 to 74 in employment,294,276,77,199,18,5,13
S01012642,A B D E. Agriculture energy and water,16,14,1,13,2,0,2
S01012642,C. Manufacturing,26,26,1,25,0,0,0
S01012642,F. Construction,49,42,3,39,7,0,7
S01012642,G I. Distribution hotels and restaurants,53,53,26,27,0,0,0
S01012642,H J. Transport and communication,21,19,5,14,2,0,2
S01012642,K L M N. Financial real estate professional and administrative activities,30,26,13,13,4,2,2
S01012642,O P Q. Public administration education and health,91,89,25,64,2,2,0
S01012642,R S T U. Other,8,7,3,4,1,1,0
S01012643,All people aged 16 to 74 in employment,203,189,50,139,14,6,8
S01012643,A B D E. Agriculture energy and water,6,6,0,6,0,0,0
S01012643,C. Manufacturing,11,11,0,11,0,0,0
S01012643,F. Construction,38,34,0,34,4,0,4
S01012643,G I. Distribution hotels and restaurants,34,33,11,22,1,0,1
S01012643,H J. Transport and communication,14,13,4,9,1,0,1
S01012643,K L M N. Financial real estate professional and administrative activities,27,24,10,14,3,3,0
S01012643,O P Q. Public administration education and health,61,60,22,38,1,1,0
S01012643,R S T U. Other,12,8,3,5,4,2,2
S01012644,All people aged 16 to 74 in employment,291,266,81,185,25,5,20
S01012644,A B D E. Agriculture energy and water,10,9,1,8,1,0,1
S01012644,C. Manufacturing,24,23,2,21,1,1,0
S01012644,F. Construction,40,31,3,28,9,0,9
S01012644,G I. Distribution hotels and restaurants,48,44,22,22,4,0,4
S01012644,H J. Transport and communication,20,18,4,14,2,2,0
S01012644,K L M N. Financial real estate professional and administrative activities,30,26,7,19,4,0,4
S01012644,O P Q. Public administration education and health,105,103,35,68,2,2,0
S01012644,R S T U. Other,14,12,7,5,2,0,2
S01012645,All people aged 16 to 74 in employment,380,322,86,236,58,10,48
S01012645,A B D E. Agriculture energy and water,18,15,1,14,3,1,2
S01012645,C. Manufacturing,21,20,1,19,1,0,1
S01012645,F. Construction,61,39,3,36,22,3,19
S01012645,G I. Distribution hotels and restaurants,63,54,25,29,9,1,8
S01012645,H J. Transport and communication,31,28,7,21,3,0,3
S01012645,K L M N. Financial real estate professional and administrative activities,46,34,11,23,12,3,9
S01012645,O P Q. Public administration education and health,117,111,33,78,6,1,5
S01012645,R S T U. Other,23,21,5,16,2,1,1
S01012646,All people aged 16 to 74 in employment,497,427,100,327,70,20,50
S01012646,A B D E. Agriculture energy and water,22,19,3,16,3,0,3
S01012646,C. Manufacturing,38,34,2,32,4,0,4
S01012646,F. Construction,63,38,1,37,25,4,21
S01012646,G I. Distribution hotels and restaurants,94,85,33,52,9,1,8
S01012646,H J. Transport and communication,33,29,3,26,4,1,3
S01012646,K L M N. Financial real estate professional and administrative activities,70,58,10,48,12,5,7
S01012646,O P Q. Public administration education and health,163,158,45,113,5,3,2
S01012646,R S T U. Other,14,6,3,3,8,6,2
S01012647,All people aged 16 to 74 in employment,422,390,69,321,32,8,24
S01012647,A B D E. Agriculture energy and water,19,17,1,16,2,0,2
S01012647,C. Manufacturing,30,28,0,28,2,1,1
S01012647,F. Construction,55,41,4,37,14,2,12
S01012647,G I. Distribution hotels and restaurants,72,69,22,47,3,0,3
S01012647,H J. Transport and communication,41,37,1,36,4,1,3
S01012647,K L M N. Financial real estate professional and administrative activities,55,54,10,44,1,0,1
S01012647,O P Q. Public administration education and health,134,131,25,106,3,2,1
S01012647,R S T U. Other,16,13,6,7,3,2,1
S01012648,All people aged 16 to 74 in employment,231,214,60,154,17,2,15
S01012648,A B D E. Agriculture energy and water,5,4,0,4,1,1,0
S01012648,C. Manufacturing,20,19,1,18,1,0,1
S01012648,F. Construction,33,24,1,23,9,0,9
S01012648,G I. Distribution hotels and restaurants,62,58,25,33,4,0,4
S01012648,H J. Transport and communication,20,20,3,17,0,0,0
S01012648,K L M N. Financial real estate professional and administrative activities,24,23,6,17,1,1,0
S01012648,O P Q. Public administration education and health,52,52,19,33,0,0,0
S01012648,R S T U. Other,15,14,5,9,1,0,1
S01012649,All people aged 16 to 74 in employment,306,274,89,185,32,7,25
S01012649,A B D E. Agriculture energy and water,10,10,0,10,0,0,0
S01012649,C. Manufacturing,23,22,4,18,1,0,1
S01012649,F. Construction,34,23,1,22,11,1,10
S01012649,G I. Distribution hotels and restaurants,70,62,36,26,8,2,6
S01012649,H J. Transport and communication,20,17,3,14,3,1,2
S01012649,K L M N. Financial real estate professional and administrative activities,39,33,5,28,6,2,4
S01012649,O P Q. Public administration education and health,92,90,33,57,2,0,2
S01012649,R S T U. Other,18,17,7,10,1,1,0
S01012650,All people aged 16 to 74 in employment,303,259,62,197,44,9,35
S01012650,A B D E. Agriculture energy and water,9,8,1,7,1,0,1
S01012650,C. Manufacturing,32,28,0,28,4,0,4
S01012650,F. Construction,39,28,5,23,11,1,10
S01012650,G I. Distribution hotels and restaurants,54,46,12,34,8,3,5
S01012650,H J. Transport and communication,27,22,4,18,5,0,5
S01012650,K L M N. Financial real estate professional and administrative activities,42,33,6,27,9,2,7
S01012650,O P Q. Public administration education and health,85,80,27,53,5,2,3
S01012650,R S T U. Other,15,14,7,7,1,1,0
S01012651,All people aged 16 to 74 in employment,262,249,86,163,13,4,9
S01012651,A B D E. Agriculture energy and water,12,12,2,10,0,0,0
S01012651,C. Manufacturing,23,22,3,19,1,0,1
S01012651,F. Construction,45,41,3,38,4,0,4
S01012651,G I. Distribution hotels and restaurants,58,56,37,19,2,1,1
S01012651,H J. Transport and communication,15,13,1,12,2,1,1
S01012651,K L M N. Financial real estate professional and administrative activities,22,21,8,13,1,0,1
S01012651,O P Q. Public administration education and health,77,75,27,48,2,2,0
S01012651,R S T U. Other,10,9,5,4,1,0,1
S01012652,All people aged 16 to 74 in employment,577,522,143,379,55,16,39
S01012652,A B D E. Agriculture energy and water,16,15,0,15,1,0,1
S01012652,C. Manufacturing,56,54,4,50,2,0,2
S01012652,F. Construction,58,40,2,38,18,2,16
S01012652,G I. Distribution hotels and restaurants,119,109,46,63,10,1,9
S01012652,H J. Transport and communication,45,41,3,38,4,1,3
S01012652,K L M N. Financial real estate professional and administrative activities,61,55,13,42,6,2,4
S01012652,O P Q. Public administration education and health,183,173,61,112,10,7,3
S01012652,R S T U. Other,39,35,14,21,4,3,1
S01012653,All people aged 16 to 74 in employment,407,352,96,256,55,8,47
S01012653,A B D E. Agriculture energy and water,30,17,3,14,13,0,13
S01012653,C. Manufacturing,31,29,2,27,2,0,2
S01012653,F. Construction,65,50,5,45,15,2,13
S01012653,G I. Distribution hotels and restaurants,89,81,35,46,8,2,6
S01012653,H J. Transport and communication,17,12,3,9,5,0,5
S01012653,K L M N. Financial real estate professional and administrative activities,39,34,4,30,5,0,5
S01012653,O P Q. Public administration education and health,110,105,29,76,5,3,2
S01012653,R S T U. Other,26,24,15,9,2,1,1
S01012654,All people aged 16 to 74 in employment,404,334,84,250,70,20,50
S01012654,A B D E. Agriculture energy and water,26,19,3,16,7,0,7
S01012654,C. Manufacturing,40,33,2,31,7,2,5
S01012654,F. Construction,39,31,2,29,8,0,8
S01012654,G I. Distribution hotels and restaurants,86,69,29,40,17,5,12
S01012654,H J. Transport and communication,24,17,0,17,7,2,5
S01012654,K L M N. Financial real estate professional and administrative activities,55,45,15,30,10,4,6
S01012654,O P Q. Public administration education and health,114,107,28,79,7,4,3
S01012654,R S T U. Other,20,13,5,8,7,3,4
S01012655,All people aged 16 to 74 in employment,493,429,110,319,64,12,52
S01012655,A B D E. Agriculture energy and water,17,16,6,10,1,0,1
S01012655,C. Manufacturing,54,45,5,40,9,0,9
S01012655,F. Construction,72,53,6,47,19,3,16
S01012655,G I. Distribution hotels and restaurants,96,82,34,48,14,4,10
S01012655,H J. Transport and communication,33,29,3,26,4,0,4
S01012655,K L M N. Financial real estate professional and administrative activities,57,48,9,39,9,1,8
S01012655,O P Q. Public administration education and health,138,136,36,100,2,2,0
S01012655,R S T U. Other,26,20,11,9,6,2,4
S01012656,All people aged 16 to 74 in employment,346,316,84,232,30,6,24
S01012656,A B D E. Agriculture energy and water,8,8,0,8,0,0,0
S01012656,C. Manufacturing,34,34,4,30,0,0,0
S01012656,F. Construction,42,30,1,29,12,2,10
S01012656,G I. Distribution hotels and restaurants,77,71,40,31,6,1,5
S01012656,H J. Transport and communication,36,30,1,29,6,1,5
S01012656,K L M N. Financial real estate professional and administrative activities,31,29,6,23,2,1,1
S01012656,O P Q. Public administration education and health,104,101,29,72,3,1,2
S01012656,R S T U. Other,14,13,3,10,1,0,1
S01012657,All people aged 16 to 74 in employment,235,218,64,154,17,5,12
S01012657,A B D E. Agriculture energy and water,8,8,1,7,0,0,0
S01012657,C. Manufacturing,11,11,0,11,0,0,0
S01012657,F. Construction,26,18,4,14,8,2,6
S01012657,G I. Distribution hotels and restaurants,45,44,17,27,1,0,1
S01012657,H J. Transport and communication,25,21,3,18,4,1,3
S01012657,K L M N. Financial real estate professional and administrative activities,34,31,9,22,3,1,2
S01012657,O P Q. Public administration education and health,75,74,22,52,1,1,0
S01012657,R S T U. Other,11,11,8,3,0,0,0
S01012658,All people aged 16 to 74 in employment,485,430,100,330,55,18,37
S01012658,A B D E. Agriculture energy and water,11,10,0,10,1,0,1
S01012658,C. Manufacturing,40,38,3,35,2,1,1
S01012658,F. Construction,66,48,1,47,18,3,15
S01012658,G I. Distribution hotels and restaurants,99,93,31,62,6,1,5
S01012658,H J. Transport and communication,38,30,1,29,8,2,6
S01012658,K L M N. Financial real estate professional and administrative activities,65,58,10,48,7,2,5
S01012658,O P Q. Public administration education and health,142,136,48,88,6,5,1
S01012658,R S T U. Other,24,17,6,11,7,4,3
S01012659,All people aged 16 to 74 in employment,590,538,154,384,52,8,44
S01012659,A B D E. Agriculture energy and water,15,14,4,10,1,0,1
S01012659,C. Manufacturing,45,45,4,41,0,0,0
S01012659,F. Construction,47,40,4,36,7,1,6
S01012659,G I. Distribution hotels and restaurants,113,99,41,58,14,0,14
S01012659,H J. Transport and communication,47,41,5,36,6,2,4
S01012659,K L M N. Financial real estate professional and administrative activities,99,87,23,64,12,1,11
S01012659,O P Q. Public administration education and health,203,195,66,129,8,3,5
S01012659,R S T U. Other,21,17,7,10,4,1,3
S01012660,All people aged 16 to 74 in employment,329,297,72,225,32,5,27
S01012660,A B D E. Agriculture energy and water,16,16,0,16,0,0,0
S01012660,C. Manufacturing,28,26,0,26,2,1,1
S01012660,F. Construction,45,32,4,28,13,0,13
S01012660,G I. Distribution hotels and restaurants,67,65,23,42,2,0,2
S01012660,H J. Transport and communication,21,18,2,16,3,1,2
S01012660,K L M N. Financial real estate professional and administrative activities,42,37,9,28,5,0,5
S01012660,O P Q. Public administration education and health,100,94,30,64,6,2,4
S01012660,R S T U. Other,10,9,4,5,1,1,0
S01012661,All people aged 16 to 74 in employment,407,349,85,264,58,11,47
S01012661,A B D E. Agriculture energy and water,14,14,1,13,0,0,0
S01012661,C. Manufacturing,36,28,1,27,8,4,4
S01012661,F. Construction,53,35,1,34,18,1,17
S01012661,G I. Distribution hotels and restaurants,84,75,38,37,9,2,7
S01012661,H J. Transport and communication,30,25,2,23,5,1,4
S01012661,K L M N. Financial real estate professional and administrative activities,58,50,2,48,8,1,7
S01012661,O P Q. Public administration education and health,105,100,29,71,5,0,5
S01012661,R S T U. Other,27,22,11,11,5,2,3
S01012662,All people aged 16 to 74 in employment,312,281,72,209,31,3,28
S01012662,A B D E. Agriculture energy and water,5,4,0,4,1,0,1
S01012662,C. Manufacturing,47,45,0,45,2,0,2
S01012662,F. Construction,37,23,0,23,14,1,13
S01012662,G I. Distribution hotels and restaurants,57,54,26,28,3,0,3
S01012662,H J. Transport and communication,23,20,3,17,3,1,2
S01012662,K L M N. Financial real estate professional and administrative activities,44,40,10,30,4,1,3
S01012662,O P Q. Public administration education and health,90,88,30,58,2,0,2
S01012662,R S T U. Other,9,7,3,4,2,0,2
S01012663,All people aged 16 to 74 in employment,335,292,71,221,43,10,33
S01012663,A B D E. Agriculture energy and water,10,10,0,10,0,0,0
S01012663,C. Manufacturing,29,26,1,25,3,0,3
S01012663,F. Construction,43,29,1,28,14,2,12
S01012663,G I. Distribution hotels and restaurants,63,59,22,37,4,1,3
S01012663,H J. Transport and communication,23,17,4,13,6,1,5
S01012663,K L M N. Financial real estate professional and administrative activities,54,49,15,34,5,1,4
S01012663,O P Q. Public administration education and health,101,94,22,72,7,3,4
S01012663,R S T U. Other,12,8,6,2,4,2,2
S01012664,All people aged 16 to 74 in employment,474,403,113,290,71,18,53
S01012664,A B D E. Agriculture energy and water,14,12,0,12,2,0,2
S01012664,C. Manufacturing,48,47,6,41,1,0,1
S01012664,F. Construction,63,44,3,41,19,3,16
S01012664,G I. Distribution hotels and restaurants,88,78,42,36,10,2,8
S01012664,H J. Transport and communication,59,45,11,34,14,5,9
S01012664,K L M N. Financial real estate professional and administrative activities,47,40,12,28,7,1,6
S01012664,O P Q. Public administration education and health,130,119,31,88,11,6,5
S01012664,R S T U. Other,25,18,8,10,7,1,6
S01012665,All people aged 16 to 74 in employment,262,237,75,162,25,7,18
S01012665,A B D E. Agriculture energy and water,7,7,0,7,0,0,0
S01012665,C. Manufacturing,30,29,3,26,1,1,0
S01012665,F. Construction,33,25,4,21,8,2,6
S01012665,G I. Distribution hotels and restaurants,57,55,30,25,2,1,1
S01012665,H J. Transport and communication,26,21,1,20,5,1,4
S01012665,K L M N. Financial real estate professional and administrative activities,33,30,8,22,3,0,3
S01012665,O P Q. Public administration education and health,64,60,24,36,4,1,3
S01012665,R S T U. Other,12,10,5,5,2,1,1
S01012666,All people aged 16 to 74 in employment,253,227,62,165,26,4,22
S01012666,A B D E. Agriculture energy and water,10,7,1,6,3,0,3
S01012666,C. Manufacturing,23,22,2,20,1,0,1
S01012666,F. Construction,38,26,2,24,12,0,12
S01012666,G I. Distribution hotels and restaurants,52,47,22,25,5,1,4
S01012666,H J. Transport and communication,19,18,1,17,1,0,1
S01012666,K L M N. Financial real estate professional and administrative activities,25,24,7,17,1,1,0
S01012666,O P Q. Public administration education and health,74,73,24,49,1,0,1
S01012666,R S T U. Other,12,10,3,7,2,2,0
S01012667,All people aged 16 to 74 in employment,222,196,59,137,26,2,24
S01012667,A B D E. Agriculture energy and water,7,7,1,6,0,0,0
S01012667,C. Manufacturing,23,19,1,18,4,0,4
S01012667,F. Construction,29,18,1,17,11,1,10
S01012667,G I. Distribution hotels and restaurants,51,45,17,28,6,1,5
S01012667,H J. Transport and communication,12,8,3,5,4,0,4
S01012667,K L M N. Financial real estate professional and administrative activities,27,27,8,19,0,0,0
S01012667,O P Q. Public administration education and health,62,61,25,36,1,0,1
S01012667,R S T U. Other,11,11,3,8,0,0,0
S01012668,All people aged 16 to 74 in employment,315,280,78,202,35,11,24
S01012668,A B D E. Agriculture energy and water,12,12,3,9,0,0,0
S01012668,C. Manufacturing,29,27,4,23,2,0,2
S01012668,F. Construction,37,29,2,27,8,2,6
S01012668,G I. Distribution hotels and restaurants,65,58,29,29,7,2,5
S01012668,H J. Transport and communication,33,25,2,23,8,1,7
S01012668,K L M N. Financial real estate professional and administrative activities,34,30,7,23,4,2,2
S01012668,O P Q. Public administration education and health,91,88,23,65,3,1,2
S01012668,R S T U. Other,14,11,8,3,3,3,0
S01012669,All people aged 16 to 74 in employment,364,353,80,273,11,4,7
S01012669,A B D E. Agriculture energy and water,11,11,0,11,0,0,0
S01012669,C. Manufacturing,45,44,2,42,1,1,0
S01012669,F. Construction,35,31,3,28,4,0,4
S01012669,G I. Distribution hotels and restaurants,64,62,24,38,2,0,2
S01012669,H J. Transport and communication,17,14,3,11,3,2,1
S01012669,K L M N. Financial real estate professional and administrative activities,49,48,7,41,1,1,0
S01012669,O P Q. Public administration education and health,131,131,35,96,0,0,0
S01012669,R S T U. Other,12,12,6,6,0,0,0
S01012670,All people aged 16 to 74 in employment,342,308,94,214,34,8,26
S01012670,A B D E. Agriculture energy and water,7,6,1,5,1,0,1
S01012670,C. Manufacturing,35,33,3,30,2,0,2
S01012670,F. Construction,31,22,1,21,9,1,8
S01012670,G I. Distribution hotels and restaurants,65,61,32,29,4,1,3
S01012670,H J. Transport and communication,32,30,2,28,2,0,2
S01012670,K L M N. Financial real estate professional and administrative activities,45,36,11,25,9,1,8
S01012670,O P Q. Public administration education and health,110,108,40,68,2,0,2
S01012670,R S T U. Other,17,12,4,8,5,5,0
S01012671,All people aged 16 to 74 in employment,438,395,117,278,43,7,36
S01012671,A B D E. Agriculture energy and water,22,21,1,20,1,0,1
S01012671,C. Manufacturing,31,31,5,26,0,0,0
S01012671,F. Construction,65,42,3,39,23,1,22
S01012671,G I. Distribution hotels and restaurants,88,82,38,44,6,0,6
S01012671,H J. Transport and communication,44,38,9,29,6,1,5
S01012671,K L M N. Financial real estate professional and administrative activities,55,52,9,43,3,2,1
S01012671,O P Q. Public administration education and health,108,107,41,66,1,0,1
S01012671,R S T U. Other,25,22,11,11,3,3,0
S01012672,All people aged 16 to 74 in employment,247,227,66,161,20,3,17
S01012672,A B D E. Agriculture energy and water,7,7,1,6,0,0,0
S01012672,C. Manufacturing,28,28,4,24,0,0,0
S01012672,F. Construction,32,22,0,22,10,0,10
S01012672,G I. Distribution hotels and restaurants,57,54,25,29,3,1,2
S01012672,H J. Transport and communication,27,26,4,22,1,0,1
S01012672,K L M N. Financial real estate professional and administrative activities,21,17,4,13,4,1,3
S01012672,O P Q. Public administration education and health,67,65,25,40,2,1,1
S01012672,R S T U. Other,8,8,3,5,0,0,0
S01012673,All people aged 16 to 74 in employment,248,235,78,157,13,4,9
S01012673,A B D E. Agriculture energy and water,8,8,1,7,0,0,0
S01012673,C. Manufacturing,28,28,4,24,0,0,0
S01012673,F. Construction,36,29,2,27,7,0,7
S01012673,G I. Distribution hotels and restaurants,55,55,26,29,0,0,0
S01012673,H J. Transport and communication,16,13,2,11,3,2,1
S01012673,K L M N. Financial real estate professional and administrative activities,19,18,8,10,1,1,0
S01012673,O P Q. Public administration education and health,63,62,23,39,1,0,1
S01012673,R S T U. Other,23,22,12,10,1,1,0
S01012674,All people aged 16 to 74 in employment,190,178,67,111,12,4,8
S01012674,A B D E. Agriculture energy and water,2,2,0,2,0,0,0
S01012674,C. Manufacturing,18,18,2,16,0,0,0
S01012674,F. Construction,20,15,1,14,5,1,4
S01012674,G I. Distribution hotels and restaurants,45,44,24,20,1,1,0
S01012674,H J. Transport and communication,20,18,3,15,2,0,2
S01012674,K L M N. Financial real estate professional and administrative activities,17,16,4,12,1,0,1
S01012674,O P Q. Public administration education and health,58,57,29,28,1,1,0
S01012674,R S T U. Other,10,8,4,4,2,1,1
S01012675,All people aged 16 to 74 in employment,330,298,77,221,32,11,21
S01012675,A B D E. Agriculture energy and water,9,9,0,9,0,0,0
S01012675,C. Manufacturing,31,28,4,24,3,3,0
S01012675,F. Construction,42,35,3,32,7,1,6
S01012675,G I. Distribution hotels and restaurants,71,68,23,45,3,0,3
S01012675,H J. Transport and communication,38,29,4,25,9,2,7
S01012675,K L M N. Financial real estate professional and administrative activities,25,22,6,16,3,0,3
S01012675,O P Q. Public administration education and health,100,95,31,64,5,4,1
S01012675,R S T U. Other,14,12,6,6,2,1,1
S01012676,All people aged 16 to 74 in employment,395,358,101,257,37,11,26
S01012676,A B D E. Agriculture energy and water,17,15,1,14,2,0,2
S01012676,C. Manufacturing,27,27,1,26,0,0,0
S01012676,F. Construction,53,39,4,35,14,2,12
S01012676,G I. Distribution hotels and restaurants,86,82,27,55,4,1,3
S01012676,H J. Transport and communication,33,27,5,22,6,2,4
S01012676,K L M N. Financial real estate professional and administrative activities,35,30,7,23,5,2,3
S01012676,O P Q. Public administration education and health,125,121,46,75,4,2,2
S01012676,R S T U. Other,19,17,10,7,2,2,0
S01012677,All people aged 16 to 74 in employment,243,219,66,153,24,5,19
S01012677,A B D E. Agriculture energy and water,8,8,0,8,0,0,0
S01012677,C. Manufacturing,18,16,3,13,2,0,2
S01012677,F. Construction,39,31,1,30,8,0,8
S01012677,G I. Distribution hotels and restaurants,55,49,21,28,6,1,5
S01012677,H J. Transport and communication,18,17,3,14,1,0,1
S01012677,K L M N. Financial real estate professional and administrative activities,21,18,2,16,3,1,2
S01012677,O P Q. Public administration education and health,72,72,33,39,0,0,0
S01012677,R S T U. Other,12,8,3,5,4,3,1
S01012678,All people aged 16 to 74 in employment,416,376,108,268,40,11,29
S01012678,A B D E. Agriculture energy and water,13,12,0,12,1,0,1
S01012678,C. Manufacturing,26,26,5,21,0,0,0
S01012678,F. Construction,48,41,1,40,7,0,7
S01012678,G I. Distribution hotels and restaurants,85,73,34,39,12,2,10
S01012678,H J. Transport and communication,21,21,1,20,0,0,0
S01012678,K L M N. Financial real estate professional and administrative activities,54,49,13,36,5,1,4
S01012678,O P Q. Public administration education and health,145,135,43,92,10,6,4
S01012678,R S T U. Other,24,19,11,8,5,2,3
S01012679,All people aged 16 to 74 in employment,370,328,89,239,42,11,31
S01012679,A B D E. Agriculture energy and water,13,10,1,9,3,1,2
S01012679,C. Manufacturing,39,37,4,33,2,1,1
S01012679,F. Construction,46,33,2,31,13,2,11
S01012679,G I. Distribution hotels and restaurants,66,61,28,33,5,2,3
S01012679,H J. Transport and communication,33,27,2,25,6,0,6
S01012679,K L M N. Financial real estate professional and administrative activities,33,26,6,20,7,2,5
S01012679,O P Q. Public administration education and health,121,118,38,80,3,1,2
S01012679,R S T U. Other,19,16,8,8,3,2,1
S01012680,All people aged 16 to 74 in employment,309,278,71,207,31,8,23
S01012680,A B D E. Agriculture energy and water,4,4,0,4,0,0,0
S01012680,C. Manufacturing,29,27,5,22,2,0,2
S01012680,F. Construction,38,27,3,24,11,2,9
S01012680,G I. Distribution hotels and restaurants,53,50,25,25,3,2,1
S01012680,H J. Transport and communication,34,28,2,26,6,0,6
S01012680,K L M N. Financial real estate professional and administrative activities,46,44,7,37,2,1,1
S01012680,O P Q. Public administration education and health,90,86,23,63,4,2,2
S01012680,R S T U. Other,15,12,6,6,3,1,2
S01012681,All people aged 16 to 74 in employment,329,271,71,200,58,12,46
S01012681,A B D E. Agriculture energy and water,28,8,2,6,20,2,18
S01012681,C. Manufacturing,29,27,2,25,2,0,2
S01012681,F. Construction,41,32,1,31,9,1,8
S01012681,G I. Distribution hotels and restaurants,54,45,21,24,9,1,8
S01012681,H J. Transport and communication,29,25,3,22,4,0,4
S01012681,K L M N. Financial real estate professional and administrative activities,45,41,6,35,4,3,1
S01012681,O P Q. Public administration education and health,82,80,30,50,2,2,0
S01012681,R S T U. Other,21,13,6,7,8,3,5
S01012682,All people aged 16 to 74 in employment,337,291,81,210,46,6,40
S01012682,A B D E. Agriculture energy and water,6,5,1,4,1,0,1
S01012682,C. Manufacturing,28,26,1,25,2,0,2
S01012682,F. Construction,47,31,0,31,16,0,16
S01012682,G I. Distribution hotels and restaurants,76,70,26,44,6,2,4
S01012682,H J. Transport and communication,20,15,4,11,5,2,3
S01012682,K L M N. Financial real estate professional and administrative activities,44,34,8,26,10,2,8
S01012682,O P Q. Public administration education and health,103,98,37,61,5,0,5
S01012682,R S T U. Other,13,12,4,8,1,0,1
S01012683,All people aged 16 to 74 in employment,356,327,111,216,29,7,22
S01012683,A B D E. Agriculture energy and water,11,7,2,5,4,1,3
S01012683,C. Manufacturing,28,27,1,26,1,1,0
S01012683,F. Construction,53,37,4,33,16,0,16
S01012683,G I. Distribution hotels and restaurants,72,72,38,34,0,0,0
S01012683,H J. Transport and communication,23,21,5,16,2,0,2
S01012683,K L M N. Financial real estate professional and administrative activities,43,40,9,31,3,3,0
S01012683,O P Q. Public administration education and health,111,110,48,62,1,1,0
S01012683,R S T U. Other,15,13,4,9,2,1,1
S01012684,All people aged 16 to 74 in employment,270,233,62,171,37,5,32
S01012684,A B D E. Agriculture energy and water,7,5,2,3,2,1,1
S01012684,C. Manufacturing,17,15,0,15,2,0,2
S01012684,F. Construction,35,19,0,19,16,2,14
S01012684,G I. Distribution hotels and restaurants,47,41,17,24,6,0,6
S01012684,H J. Transport and communication,16,13,3,10,3,0,3
S01012684,K L M N. Financial real estate professional and administrative activities,47,44,8,36,3,1,2
S01012684,O P Q. Public administration education and health,89,85,28,57,4,1,3
S01012684,R S T U. Other,12,11,4,7,1,0,1
S01012685,All people aged 16 to 74 in employment,371,333,94,239,38,8,30
S01012685,A B D E. Agriculture energy and water,14,14,1,13,0,0,0
S01012685,C. Manufacturing,31,30,4,26,1,0,1
S01012685,F. Construction,55,34,3,31,21,3,18
S01012685,G I. Distribution hotels and restaurants,71,68,30,38,3,0,3
S01012685,H J. Transport and communication,22,17,4,13,5,1,4
S01012685,K L M N. Financial real estate professional and administrative activities,46,45,10,35,1,0,1
S01012685,O P Q. Public administration education and health,118,114,39,75,4,3,1
S01012685,R S T U. Other,14,11,3,8,3,1,2
S01012686,All people aged 16 to 74 in employment,497,417,108,309,80,20,60
S01012686,A B D E. Agriculture energy and water,12,10,0,10,2,0,2
S01012686,C. Manufacturing,39,34,3,31,5,0,5
S01012686,F. Construction,49,31,1,30,18,4,14
S01012686,G I. Distribution hotels and restaurants,83,72,29,43,11,3,8
S01012686,H J. Transport and communication,43,31,2,29,12,4,8
S01012686,K L M N. Financial real estate professional and administrative activities,87,65,12,53,22,5,17
S01012686,O P Q. Public administration education and health,161,154,56,98,7,4,3
S01012686,R S T U. Other,23,20,5,15,3,0,3
S01012687,All people aged 16 to 74 in employment,211,166,57,109,45,18,27
S01012687,A B D E. Agriculture energy and water,18,10,1,9,8,1,7
S01012687,C. Manufacturing,14,12,2,10,2,1,1
S01012687,F. Construction,11,8,2,6,3,0,3
S01012687,G I. Distribution hotels and restaurants,27,21,11,10,6,3,3
S01012687,H J. Transport and communication,16,12,0,12,4,2,2
S01012687,K L M N. Financial real estate professional and administrative activities,31,24,4,20,7,2,5
S01012687,O P Q. Public administration education and health,81,71,32,39,10,4,6
S01012687,R S T U. Other,13,8,5,3,5,5,0
S01012688,All people aged 16 to 74 in employment,374,328,56,272,46,16,30
S01012688,A B D E. Agriculture energy and water,12,9,0,9,3,0,3
S01012688,C. Manufacturing,34,31,2,29,3,2,1
S01012688,F. Construction,37,27,0,27,10,3,7
S01012688,G I. Distribution hotels and restaurants,51,48,12,36,3,0,3
S01012688,H J. Transport and communication,27,24,2,22,3,1,2
S01012688,K L M N. Financial real estate professional and administrative activities,82,66,10,56,16,6,10
S01012688,O P Q. Public administration education and health,103,101,26,75,2,1,1
S01012688,R S T U. Other,28,22,4,18,6,3,3
S01012689,All people aged 16 to 74 in employment,233,195,65,130,38,11,27
S01012689,A B D E. Agriculture energy and water,4,4,1,3,0,0,0
S01012689,C. Manufacturing,22,20,1,19,2,1,1
S01012689,F. Construction,21,13,1,12,8,1,7
S01012689,G I. Distribution hotels and restaurants,50,40,18,22,10,3,7
S01012689,H J. Transport and communication,12,10,3,7,2,0,2
S01012689,K L M N. Financial real estate professional and administrative activities,31,21,8,13,10,3,7
S01012689,O P Q. Public administration education and health,82,77,29,48,5,3,2
S01012689,R S T U. Other,11,10,4,6,1,0,1
S01012690,All people aged 16 to 74 in employment,261,231,65,166,30,11,19
S01012690,A B D E. Agriculture energy and water,7,6,1,5,1,0,1
S01012690,C. Manufacturing,22,22,3,19,0,0,0
S01012690,F. Construction,23,17,1,16,6,0,6
S01012690,G I. Distribution hotels and restaurants,47,43,24,19,4,2,2
S01012690,H J. Transport and communication,10,9,1,8,1,1,0
S01012690,K L M N. Financial real estate professional and administrative activities,39,33,7,26,6,2,4
S01012690,O P Q. Public administration education and health,91,87,22,65,4,3,1
S01012690,R S T U. Other,22,14,6,8,8,3,5
S01012691,All people aged 16 to 74 in employment,360,311,89,222,49,12,37
S01012691,A B D E. Agriculture energy and water,16,14,1,13,2,0,2
S01012691,C. Manufacturing,35,33,1,32,2,1,1
S01012691,F. Construction,30,23,1,22,7,0,7
S01012691,G I. Distribution hotels and restaurants,59,50,26,24,9,1,8
S01012691,H J. Transport and communication,25,21,2,19,4,0,4
S01012691,K L M N. Financial real estate professional and administrative activities,62,48,10,38,14,6,8
S01012691,O P Q. Public administration education and health,124,117,44,73,7,3,4
S01012691,R S T U. Other,9,5,4,1,4,1,3
S01012692,All people aged 16 to 74 in employment,339,296,76,220,43,10,33
S01012692,A B D E. Agriculture energy and water,8,7,0,7,1,0,1
S01012692,C. Manufacturing,23,20,1,19,3,2,1
S01012692,F. Construction,37,26,1,25,11,1,10
S01012692,G I. Distribution hotels and restaurants,73,64,25,39,9,0,9
S01012692,H J. Transport and communication,14,12,1,11,2,0,2
S01012692,K L M N. Financial real estate professional and administrative activities,31,25,4,21,6,2,4
S01012692,O P Q. Public administration education and health,136,129,37,92,7,4,3
S01012692,R S T U. Other,17,13,7,6,4,1,3
S01012693,All people aged 16 to 74 in employment,473,405,120,285,68,16,52
S01012693,A B D E. Agriculture energy and water,15,14,0,14,1,0,1
S01012693,C. Manufacturing,35,33,3,30,2,1,1
S01012693,F. Construction,46,39,5,34,7,0,7
S01012693,G I. Distribution hotels and restaurants,88,74,38,36,14,4,10
S01012693,H J. Transport and communication,23,19,3,16,4,0,4
S01012693,K L M N. Financial real estate professional and administrative activities,103,79,13,66,24,4,20
S01012693,O P Q. Public administration education and health,142,131,50,81,11,4,7
S01012693,R S T U. Other,21,16,8,8,5,3,2
S01012694,All people aged 16 to 74 in employment,228,208,62,146,20,6,14
S01012694,A B D E. Agriculture energy and water,4,4,1,3,0,0,0
S01012694,C. Manufacturing,21,20,1,19,1,0,1
S01012694,F. Construction,19,14,0,14,5,0,5
S01012694,G I. Distribution hotels and restaurants,51,49,22,27,2,0,2
S01012694,H J. Transport and communication,6,5,1,4,1,0,1
S01012694,K L M N. Financial real estate professional and administrative activities,36,28,7,21,8,5,3
S01012694,O P Q. Public administration education and health,80,77,21,56,3,1,2
S01012694,R S T U. Other,11,11,9,2,0,0,0
S01012695,All people aged 16 to 74 in employment,412,301,94,207,111,16,95
S01012695,A B D E. Agriculture energy and water,55,21,4,17,34,1,33
S01012695,C. Manufacturing,28,27,1,26,1,1,0
S01012695,F. Construction,50,32,3,29,18,3,15
S01012695,G I. Distribution hotels and restaurants,75,59,25,34,16,2,14
S01012695,H J. Transport and communication,29,20,3,17,9,1,8
S01012695,K L M N. Financial real estate professional and administrative activities,37,22,6,16,15,3,12
S01012695,O P Q. Public administration education and health,119,106,46,60,13,5,8
S01012695,R S T U. Other,19,14,6,8,5,0,5
S01012696,All people aged 16 to 74 in employment,415,293,88,205,122,25,97
S01012696,A B D E. Agriculture energy and water,64,14,3,11,50,9,41
S01012696,C. Manufacturing,33,27,6,21,6,2,4
S01012696,F. Construction,45,29,3,26,16,3,13
S01012696,G I. Distribution hotels and restaurants,66,56,27,29,10,2,8
S01012696,H J. Transport and communication,24,18,3,15,6,0,6
S01012696,K L M N. Financial real estate professional and administrative activities,55,37,8,29,18,4,14
S01012696,O P Q. Public administration education and health,107,98,29,69,9,3,6
S01012696,R S T U. Other,21,14,9,5,7,2,5
S01012697,All people aged 16 to 74 in employment,265,189,52,137,76,14,62
S01012697,A B D E. Agriculture energy and water,46,12,1,11,34,2,32
S01012697,C. Manufacturing,20,14,1,13,6,1,5
S01012697,F. Construction,16,12,1,11,4,0,4
S01012697,G I. Distribution hotels and restaurants,31,27,11,16,4,0,4
S01012697,H J. Transport and communication,17,10,0,10,7,2,5
S01012697,K L M N. Financial real estate professional and administrative activities,32,23,3,20,9,2,7
S01012697,O P Q. Public administration education and health,90,85,33,52,5,5,0
S01012697,R S T U. Other,13,6,2,4,7,2,5
S01012698,All people aged 16 to 74 in employment,397,318,106,212,79,13,66
S01012698,A B D E. Agriculture energy and water,28,14,1,13,14,0,14
S01012698,C. Manufacturing,37,28,4,24,9,2,7
S01012698,F. Construction,37,24,2,22,13,0,13
S01012698,G I. Distribution hotels and restaurants,65,58,25,33,7,1,6
S01012698,H J. Transport and communication,32,24,5,19,8,2,6
S01012698,K L M N. Financial real estate professional and administrative activities,46,34,8,26,12,4,8
S01012698,O P Q. Public administration education and health,132,121,50,71,11,2,9
S01012698,R S T U. Other,20,15,11,4,5,2,3
S01012699,All people aged 16 to 74 in employment,548,423,122,301,125,20,105
S01012699,A B D E. Agriculture energy and water,59,21,1,20,38,1,37
S01012699,C. Manufacturing,46,40,4,36,6,2,4
S01012699,F. Construction,56,38,3,35,18,2,16
S01012699,G I. Distribution hotels and restaurants,85,73,31,42,12,1,11
S01012699,H J. Transport and communication,30,23,5,18,7,0,7
S01012699,K L M N. Financial real estate professional and administrative activities,81,57,17,40,24,8,16
S01012699,O P Q. Public administration education and health,168,153,55,98,15,5,10
S01012699,R S T U. Other,23,18,6,12,5,1,4
S01012700,All people aged 16 to 74 in employment,403,330,98,232,73,13,60
S01012700,A B D E. Agriculture energy and water,23,11,2,9,12,2,10
S01012700,C. Manufacturing,35,30,4,26,5,0,5
S01012700,F. Construction,44,32,2,30,12,2,10
S01012700,G I. Distribution hotels and restaurants,84,70,36,34,14,2,12
S01012700,H J. Transport and communication,29,26,1,25,3,1,2
S01012700,K L M N. Financial real estate professional and administrative activities,50,37,9,28,13,1,12
S01012700,O P Q. Public administration education and health,116,107,36,71,9,4,5
S01012700,R S T U. Other,22,17,8,9,5,1,4
S01012701,All people aged 16 to 74 in employment,264,231,69,162,33,10,23
S01012701,A B D E. Agriculture energy and water,17,9,3,6,8,2,6
S01012701,C. Manufacturing,17,17,2,15,0,0,0
S01012701,F. Construction,25,19,2,17,6,1,5
S01012701,G I. Distribution hotels and restaurants,48,45,18,27,3,0,3
S01012701,H J. Transport and communication,16,9,0,9,7,1,6
S01012701,K L M N. Financial real estate professional and administrative activities,48,47,13,34,1,0,1
S01012701,O P Q. Public administration education and health,81,76,26,50,5,4,1
S01012701,R S T U. Other,12,9,5,4,3,2,1
S01012702,All people aged 16 to 74 in employment,315,273,59,214,42,6,36
S01012702,A B D E. Agriculture energy and water,6,6,0,6,0,0,0
S01012702,C. Manufacturing,20,19,0,19,1,0,1
S01012702,F. Construction,29,22,1,21,7,0,7
S01012702,G I. Distribution hotels and restaurants,63,49,23,26,14,2,12
S01012702,H J. Transport and communication,28,25,5,20,3,0,3
S01012702,K L M N. Financial real estate professional and administrative activities,59,48,7,41,11,1,10
S01012702,O P Q. Public administration education and health,99,95,19,76,4,1,3
S01012702,R S T U. Other,11,9,4,5,2,2,0
S01012703,All people aged 16 to 74 in employment,361,327,96,231,34,6,28
S01012703,A B D E. Agriculture energy and water,19,18,1,17,1,0,1
S01012703,C. Manufacturing,46,42,2,40,4,0,4
S01012703,F. Construction,27,18,1,17,9,0,9
S01012703,G I. Distribution hotels and restaurants,76,74,40,34,2,0,2
S01012703,H J. Transport and communication,26,22,3,19,4,1,3
S01012703,K L M N. Financial real estate professional and administrative activities,47,39,5,34,8,2,6
S01012703,O P Q. Public administration education and health,108,104,38,66,4,2,2
S01012703,R S T U. Other,12,10,6,4,2,1,1
S01012704,All people aged 16 to 74 in employment,338,308,83,225,30,13,17
S01012704,A B D E. Agriculture energy and water,15,15,3,12,0,0,0
S01012704,C. Manufacturing,39,37,1,36,2,1,1
S01012704,F. Construction,32,25,0,25,7,1,6
S01012704,G I. Distribution hotels and restaurants,69,66,32,34,3,2,1
S01012704,H J. Transport and communication,38,28,7,21,10,4,6
S01012704,K L M N. Financial real estate professional and administrative activities,48,45,11,34,3,1,2
S01012704,O P Q. Public administration education and health,85,82,22,60,3,2,1
S01012704,R S T U. Other,12,10,7,3,2,2,0
S01012705,All people aged 16 to 74 in employment,458,412,113,299,46,11,35
S01012705,A B D E. Agriculture energy and water,12,12,2,10,0,0,0
S01012705,C. Manufacturing,42,41,1,40,1,0,1
S01012705,F. Construction,33,21,1,20,12,1,11
S01012705,G I. Distribution hotels and restaurants,108,96,43,53,12,2,10
S01012705,H J. Transport and communication,27,20,5,15,7,1,6
S01012705,K L M N. Financial real estate professional and administrative activities,59,55,11,44,4,1,3
S01012705,O P Q. Public administration education and health,158,155,47,108,3,2,1
S01012705,R S T U. Other,19,12,3,9,7,4,3
S01012706,All people aged 16 to 74 in employment,308,283,88,195,25,7,18
S01012706,A B D E. Agriculture energy and water,15,15,1,14,0,0,0
S01012706,C. Manufacturing,33,32,4,28,1,0,1
S01012706,F. Construction,39,27,1,26,12,2,10
S01012706,G I. Distribution hotels and restaurants,69,67,39,28,2,0,2
S01012706,H J. Transport and communication,21,17,4,13,4,2,2
S01012706,K L M N. Financial real estate professional and administrative activities,33,30,5,25,3,1,2
S01012706,O P Q. Public administration education and health,85,83,31,52,2,2,0
S01012706,R S T U. Other,13,12,3,9,1,0,1
S01012707,All people aged 16 to 74 in employment,514,457,139,318,57,19,38
S01012707,A B D E. Agriculture energy and water,13,12,2,10,1,0,1
S01012707,C. Manufacturing,36,34,3,31,2,0,2
S01012707,F. Construction,46,34,1,33,12,3,9
S01012707,G I. Distribution hotels and restaurants,108,95,53,42,13,3,10
S01012707,H J. Transport and communication,37,31,8,23,6,3,3
S01012707,K L M N. Financial real estate professional and administrative activities,60,54,15,39,6,2,4
S01012707,O P Q. Public administration education and health,191,184,50,134,7,3,4
S01012707,R S T U. Other,23,13,7,6,10,5,5
S01012708,All people aged 16 to 74 in employment,299,274,72,202,25,3,22
S01012708,A B D E. Agriculture energy and water,9,9,1,8,0,0,0
S01012708,C. Manufacturing,33,30,5,25,3,0,3
S01012708,F. Construction,29,23,1,22,6,0,6
S01012708,G I. Distribution hotels and restaurants,75,72,29,43,3,1,2
S01012708,H J. Transport and communication,29,22,0,22,7,1,6
S01012708,K L M N. Financial real estate professional and administrative activities,49,46,14,32,3,0,3
S01012708,O P Q. Public administration education and health,72,70,21,49,2,1,1
S01012708,R S T U. Other,3,2,1,1,1,0,1
S01012709,All people aged 16 to 74 in employment,217,202,64,138,15,2,13
S01012709,A B D E. Agriculture energy and water,9,9,1,8,0,0,0
S01012709,C. Manufacturing,17,16,1,15,1,0,1
S01012709,F. Construction,17,10,0,10,7,0,7
S01012709,G I. Distribution hotels and restaurants,43,42,25,17,1,1,0
S01012709,H J. Transport and communication,18,13,3,10,5,1,4
S01012709,K L M N. Financial real estate professional and administrative activities,39,38,12,26,1,0,1
S01012709,O P Q. Public administration education and health,70,70,20,50,0,0,0
S01012709,R S T U. Other,4,4,2,2,0,0,0
S01012710,All people aged 16 to 74 in employment,336,304,84,220,32,5,27
S01012710,A B D E. Agriculture energy and water,9,9,1,8,0,0,0
S01012710,C. Manufacturing,48,44,3,41,4,1,3
S01012710,F. Construction,39,30,2,28,9,1,8
S01012710,G I. Distribution hotels and restaurants,76,69,35,34,7,0,7
S01012710,H J. Transport and communication,21,15,3,12,6,1,5
S01012710,K L M N. Financial real estate professional and administrative activities,39,38,9,29,1,0,1
S01012710,O P Q. Public administration education and health,89,86,26,60,3,1,2
S01012710,R S T U. Other,15,13,5,8,2,1,1
S01012711,All people aged 16 to 74 in employment,332,307,92,215,25,12,13
S01012711,A B D E. Agriculture energy and water,12,12,1,11,0,0,0
S01012711,C. Manufacturing,34,31,1,30,3,1,2
S01012711,F. Construction,35,25,3,22,10,3,7
S01012711,G I. Distribution hotels and restaurants,68,66,30,36,2,0,2
S01012711,H J. Transport and communication,21,18,4,14,3,2,1
S01012711,K L M N. Financial real estate professional and administrative activities,41,40,10,30,1,1,0
S01012711,O P Q. Public administration education and health,102,99,36,63,3,3,0
S01012711,R S T U. Other,19,16,7,9,3,2,1
S01012712,All people aged 16 to 74 in employment,367,328,93,235,39,7,32
S01012712,A B D E. Agriculture energy and water,13,12,2,10,1,0,1
S01012712,C. Manufacturing,24,21,4,17,3,0,3
S01012712,F. Construction,40,30,4,26,10,0,10
S01012712,G I. Distribution hotels and restaurants,57,52,27,25,5,1,4
S01012712,H J. Transport and communication,22,19,3,16,3,0,3
S01012712,K L M N. Financial real estate professional and administrative activities,49,41,9,32,8,1,7
S01012712,O P Q. Public administration education and health,145,139,39,100,6,4,2
S01012712,R S T U. Other,17,14,5,9,3,1,2
S01012713,All people aged 16 to 74 in employment,327,293,70,223,34,11,23
S01012713,A B D E. Agriculture energy and water,16,15,1,14,1,0,1
S01012713,C. Manufacturing,21,21,0,21,0,0,0
S01012713,F. Construction,24,17,1,16,7,2,5
S01012713,G I. Distribution hotels and restaurants,57,48,21,27,9,2,7
S01012713,H J. Transport and communication,25,22,0,22,3,1,2
S01012713,K L M N. Financial real estate professional and administrative activities,55,49,7,42,6,2,4
S01012713,O P Q. Public administration education and health,120,115,37,78,5,3,2
S01012713,R S T U. Other,9,6,3,3,3,1,2
S01012714,All people aged 16 to 74 in employment,267,234,67,167,33,6,27
S01012714,A B D E. Agriculture energy and water,6,6,0,6,0,0,0
S01012714,C. Manufacturing,27,24,3,21,3,0,3
S01012714,F. Construction,17,13,0,13,4,0,4
S01012714,G I. Distribution hotels and restaurants,53,45,19,26,8,2,6
S01012714,H J. Transport and communication,16,14,3,11,2,0,2
S01012714,K L M N. Financial real estate professional and administrative activities,44,32,8,24,12,3,9
S01012714,O P Q. Public administration education and health,94,91,31,60,3,0,3
S01012714,R S T U. Other,10,9,3,6,1,1,0
S01012715,All people aged 16 to 74 in employment,333,306,69,237,27,8,19
S01012715,A B D E. Agriculture energy and water,7,5,0,5,2,0,2
S01012715,C. Manufacturing,33,33,2,31,0,0,0
S01012715,F. Construction,27,19,0,19,8,0,8
S01012715,G I. Distribution hotels and restaurants,58,56,29,27,2,0,2
S01012715,H J. Transport and communication,22,17,4,13,5,3,2
S01012715,K L M N. Financial real estate professional and administrative activities,54,50,7,43,4,3,1
S01012715,O P Q. Public administration education and health,114,110,22,88,4,1,3
S01012715,R S T U. Other,18,16,5,11,2,1,1
S01012716,All people aged 16 to 74 in employment,371,301,84,217,70,16,54
S01012716,A B D E. Agriculture energy and water,10,10,3,7,0,0,0
S01012716,C. Manufacturing,30,25,6,19,5,1,4
S01012716,F. Construction,33,25,5,20,8,0,8
S01012716,G I. Distribution hotels and restaurants,71,59,29,30,12,1,11
S01012716,H J. Transport and communication,21,17,2,15,4,1,3
S01012716,K L M N. Financial real estate professional and administrative activities,78,58,13,45,20,7,13
S01012716,O P Q. Public administration education and health,112,99,23,76,13,3,10
S01012716,R S T U. Other,16,8,3,5,8,3,5
S01012717,All people aged 16 to 74 in employment,433,387,77,310,46,13,33
S01012717,A B D E. Agriculture energy and water,9,8,2,6,1,0,1
S01012717,C. Manufacturing,46,45,3,42,1,0,1
S01012717,F. Construction,41,33,0,33,8,0,8
S01012717,G I. Distribution hotels and restaurants,88,78,25,53,10,3,7
S01012717,H J. Transport and communication,39,30,6,24,9,3,6
S01012717,K L M N. Financial real estate professional and administrative activities,72,63,10,53,9,3,6
S01012717,O P Q. Public administration education and health,121,116,27,89,5,2,3
S01012717,R S T U. Other,17,14,4,10,3,2,1
S01012718,All people aged 16 to 74 in employment,469,409,85,324,60,18,42
S01012718,A B D E. Agriculture energy and water,12,12,0,12,0,0,0
S01012718,C. Manufacturing,44,43,4,39,1,0,1
S01012718,F. Construction,31,24,2,22,7,0,7
S01012718,G I. Distribution hotels and restaurants,92,75,22,53,17,5,12
S01012718,H J. Transport and communication,36,30,2,28,6,1,5
S01012718,K L M N. Financial real estate professional and administrative activities,92,76,16,60,16,5,11
S01012718,O P Q. Public administration education and health,138,130,31,99,8,3,5
S01012718,R S T U. Other,24,19,8,11,5,4,1
S01012719,All people aged 16 to 74 in employment,407,362,74,288,45,7,38
S01012719,A B D E. Agriculture energy and water,11,10,0,10,1,0,1
S01012719,C. Manufacturing,30,27,3,24,3,0,3
S01012719,F. Construction,45,34,3,31,11,0,11
S01012719,G I. Distribution hotels and restaurants,86,81,33,48,5,2,3
S01012719,H J. Transport and communication,27,23,4,19,4,0,4
S01012719,K L M N. Financial real estate professional and administrative activities,62,54,6,48,8,2,6
S01012719,O P Q. Public administration education and health,124,114,21,93,10,3,7
S01012719,R S T U. Other,22,19,4,15,3,0,3
S01012720,All people aged 16 to 74 in employment,318,283,51,232,35,7,28
S01012720,A B D E. Agriculture energy and water,10,10,0,10,0,0,0
S01012720,C. Manufacturing,21,20,2,18,1,0,1
S01012720,F. Construction,33,25,0,25,8,1,7
S01012720,G I. Distribution hotels and restaurants,57,49,18,31,8,1,7
S01012720,H J. Transport and communication,27,25,1,24,2,1,1
S01012720,K L M N. Financial real estate professional and administrative activities,57,48,10,38,9,1,8
S01012720,O P Q. Public administration education and health,95,93,15,78,2,1,1
S01012720,R S T U. Other,18,13,5,8,5,2,3
S01012721,All people aged 16 to 74 in employment,306,278,71,207,28,7,21
S01012721,A B D E. Agriculture energy and water,5,5,0,5,0,0,0
S01012721,C. Manufacturing,28,25,3,22,3,0,3
S01012721,F. Construction,29,18,1,17,11,0,11
S01012721,G I. Distribution hotels and restaurants,67,60,22,38,7,3,4
S01012721,H J. Transport and communication,24,23,5,18,1,0,1
S01012721,K L M N. Financial real estate professional and administrative activities,46,42,9,33,4,2,2
S01012721,O P Q. Public administration education and health,95,94,29,65,1,1,0
S01012721,R S T U. Other,12,11,2,9,1,1,0
S01012722,All people aged 16 to 74 in employment,275,257,63,194,18,3,15
S01012722,A B D E. Agriculture energy and water,3,3,0,3,0,0,0
S01012722,C. Manufacturing,32,32,3,29,0,0,0
S01012722,F. Construction,33,28,1,27,5,0,5
S01012722,G I. Distribution hotels and restaurants,57,54,21,33,3,1,2
S01012722,H J. Transport and communication,22,19,0,19,3,0,3
S01012722,K L M N. Financial real estate professional and administrative activities,30,29,7,22,1,1,0
S01012722,O P Q. Public administration education and health,83,79,26,53,4,1,3
S01012722,R S T U. Other,15,13,5,8,2,0,2
S01012723,All people aged 16 to 74 in employment,290,249,75,174,41,15,26
S01012723,A B D E. Agriculture energy and water,9,9,2,7,0,0,0
S01012723,C. Manufacturing,33,32,4,28,1,1,0
S01012723,F. Construction,33,23,5,18,10,0,10
S01012723,G I. Distribution hotels and restaurants,76,68,31,37,8,2,6
S01012723,H J. Transport and communication,23,15,1,14,8,2,6
S01012723,K L M N. Financial real estate professional and administrative activities,36,30,9,21,6,3,3
S01012723,O P Q. Public administration education and health,67,65,20,45,2,2,0
S01012723,R S T U. Other,13,7,3,4,6,5,1
S01012724,All people aged 16 to 74 in employment,359,317,74,243,42,11,31
S01012724,A B D E. Agriculture energy and water,10,10,0,10,0,0,0
S01012724,C. Manufacturing,34,32,3,29,2,0,2
S01012724,F. Construction,45,33,4,29,12,2,10
S01012724,G I. Distribution hotels and restaurants,67,64,27,37,3,0,3
S01012724,H J. Transport and communication,30,28,4,24,2,1,1
S01012724,K L M N. Financial real estate professional and administrative activities,57,50,11,39,7,0,7
S01012724,O P Q. Public administration education and health,98,85,17,68,13,6,7
S01012724,R S T U. Other,18,15,8,7,3,2,1
S01012725,All people aged 16 to 74 in employment,473,428,97,331,45,10,35
S01012725,A B D E. Agriculture energy and water,13,13,4,9,0,0,0
S01012725,C. Manufacturing,34,33,5,28,1,0,1
S01012725,F. Construction,44,29,1,28,15,2,13
S01012725,G I. Distribution hotels and restaurants,90,83,34,49,7,0,7
S01012725,H J. Transport and communication,35,28,2,26,7,4,3
S01012725,K L M N. Financial real estate professional and administrative activities,87,78,12,66,9,0,9
S01012725,O P Q. Public administration education and health,153,150,36,114,3,2,1
S01012725,R S T U. Other,17,14,3,11,3,2,1
S01012726,All people aged 16 to 74 in employment,249,223,55,168,26,7,19
S01012726,A B D E. Agriculture energy and water,6,5,0,5,1,0,1
S01012726,C. Manufacturing,30,29,1,28,1,0,1
S01012726,F. Construction,26,21,1,20,5,0,5
S01012726,G I. Distribution hotels and restaurants,55,50,22,28,5,2,3
S01012726,H J. Transport and communication,23,18,4,14,5,1,4
S01012726,K L M N. Financial real estate professional and administrative activities,40,36,5,31,4,2,2
S01012726,O P Q. Public administration education and health,60,59,20,39,1,0,1
S01012726,R S T U. Other,9,5,2,3,4,2,2
S01012727,All people aged 16 to 74 in employment,272,247,76,171,25,7,18
S01012727,A B D E. Agriculture energy and water,8,8,1,7,0,0,0
S01012727,C. Manufacturing,24,24,8,16,0,0,0
S01012727,F. Construction,31,24,1,23,7,1,6
S01012727,G I. Distribution hotels and restaurants,74,70,29,41,4,1,3
S01012727,H J. Transport and communication,31,26,5,21,5,1,4
S01012727,K L M N. Financial real estate professional and administrative activities,22,18,8,10,4,2,2
S01012727,O P Q. Public administration education and health,64,62,14,48,2,0,2
S01012727,R S T U. Other,18,15,10,5,3,2,1
S01012728,All people aged 16 to 74 in employment,285,263,91,172,22,6,16
S01012728,A B D E. Agriculture energy and water,6,6,0,6,0,0,0
S01012728,C. Manufacturing,29,27,3,24,2,1,1
S01012728,F. Construction,24,17,0,17,7,0,7
S01012728,G I. Distribution hotels and restaurants,79,72,39,33,7,2,5
S01012728,H J. Transport and communication,22,21,5,16,1,0,1
S01012728,K L M N. Financial real estate professional and administrative activities,40,37,15,22,3,1,2
S01012728,O P Q. Public administration education and health,71,71,26,45,0,0,0
S01012728,R S T U. Other,14,12,3,9,2,2,0
S01012729,All people aged 16 to 74 in employment,433,391,96,295,42,10,32
S01012729,A B D E. Agriculture energy and water,12,12,0,12,0,0,0
S01012729,C. Manufacturing,56,52,3,49,4,0,4
S01012729,F. Construction,36,24,1,23,12,2,10
S01012729,G I. Distribution hotels and restaurants,94,87,38,49,7,0,7
S01012729,H J. Transport and communication,29,23,2,21,6,1,5
S01012729,K L M N. Financial real estate professional and administrative activities,47,43,8,35,4,1,3
S01012729,O P Q. Public administration education and health,144,139,37,102,5,3,2
S01012729,R S T U. Other,15,11,7,4,4,3,1
S01012730,All people aged 16 to 74 in employment,256,239,65,174,17,5,12
S01012730,A B D E. Agriculture energy and water,9,8,0,8,1,0,1
S01012730,C. Manufacturing,33,33,2,31,0,0,0
S01012730,F. Construction,22,19,1,18,3,1,2
S01012730,G I. Distribution hotels and restaurants,62,58,26,32,4,1,3
S01012730,H J. Transport and communication,38,34,6,28,4,1,3
S01012730,K L M N. Financial real estate professional and administrative activities,26,24,7,17,2,1,1
S01012730,O P Q. Public administration education and health,54,53,16,37,1,0,1
S01012730,R S T U. Other,12,10,7,3,2,1,1
S01012731,All people aged 16 to 74 in employment,348,324,88,236,24,11,13
S01012731,A B D E. Agriculture energy and water,11,10,1,9,1,0,1
S01012731,C. Manufacturing,44,44,3,41,0,0,0
S01012731,F. Construction,31,24,1,23,7,2,5
S01012731,G I. Distribution hotels and restaurants,74,73,38,35,1,0,1
S01012731,H J. Transport and communication,28,23,5,18,5,2,3
S01012731,K L M N. Financial real estate professional and administrative activities,47,42,9,33,5,3,2
S01012731,O P Q. Public administration education and health,101,98,27,71,3,3,0
S01012731,R S T U. Other,12,10,4,6,2,1,1
S01012732,All people aged 16 to 74 in employment,310,289,86,203,21,6,15
S01012732,A B D E. Agriculture energy and water,7,7,2,5,0,0,0
S01012732,C. Manufacturing,35,35,4,31,0,0,0
S01012732,F. Construction,36,26,0,26,10,1,9
S01012732,G I. Distribution hotels and restaurants,67,65,35,30,2,1,1
S01012732,H J. Transport and communication,25,23,6,17,2,0,2
S01012732,K L M N. Financial real estate professional and administrative activities,40,39,7,32,1,1,0
S01012732,O P Q. Public administration education and health,84,81,25,56,3,1,2
S01012732,R S T U. Other,16,13,7,6,3,2,1
S01012733,All people aged 16 to 74 in employment,631,547,116,431,84,14,70
S01012733,A B D E. Agriculture energy and water,27,20,1,19,7,2,5
S01012733,C. Manufacturing,57,55,2,53,2,0,2
S01012733,F. Construction,66,48,3,45,18,0,18
S01012733,G I. Distribution hotels and restaurants,108,93,34,59,15,0,15
S01012733,H J. Transport and communication,50,37,6,31,13,3,10
S01012733,K L M N. Financial real estate professional and administrative activities,119,108,18,90,11,2,9
S01012733,O P Q. Public administration education and health,175,169,45,124,6,3,3
S01012733,R S T U. Other,29,17,7,10,12,4,8
S01012734,All people aged 16 to 74 in employment,343,303,66,237,40,2,38
S01012734,A B D E. Agriculture energy and water,11,10,2,8,1,0,1
S01012734,C. Manufacturing,41,41,1,40,0,0,0
S01012734,F. Construction,31,20,0,20,11,1,10
S01012734,G I. Distribution hotels and restaurants,52,47,14,33,5,0,5
S01012734,H J. Transport and communication,21,18,2,16,3,0,3
S01012734,K L M N. Financial real estate professional and administrative activities,79,70,15,55,9,0,9
S01012734,O P Q. Public administration education and health,94,88,29,59,6,0,6
S01012734,R S T U. Other,14,9,3,6,5,1,4
S01012735,All people aged 16 to 74 in employment,208,198,45,153,10,1,9
S01012735,A B D E. Agriculture energy and water,4,4,1,3,0,0,0
S01012735,C. Manufacturing,29,29,2,27,0,0,0
S01012735,F. Construction,24,18,2,16,6,0,6
S01012735,G I. Distribution hotels and restaurants,39,39,16,23,0,0,0
S01012735,H J. Transport and communication,19,17,1,16,2,0,2
S01012735,K L M N. Financial real estate professional and administrative activities,27,27,1,26,0,0,0
S01012735,O P Q. Public administration education and health,50,48,16,32,2,1,1
S01012735,R S T U. Other,16,16,6,10,0,0,0
S01012736,All people aged 16 to 74 in employment,485,454,100,354,31,11,20
S01012736,A B D E. Agriculture energy and water,13,13,3,10,0,0,0
S01012736,C. Manufacturing,62,59,6,53,3,1,2
S01012736,F. Construction,33,26,1,25,7,1,6
S01012736,G I. Distribution hotels and restaurants,107,106,42,64,1,0,1
S01012736,H J. Transport and communication,35,27,3,24,8,2,6
S01012736,K L M N. Financial real estate professional and administrative activities,50,45,10,35,5,4,1
S01012736,O P Q. Public administration education and health,154,151,24,127,3,2,1
S01012736,R S T U. Other,31,27,11,16,4,1,3
S01012737,All people aged 16 to 74 in employment,449,403,77,326,46,9,37
S01012737,A B D E. Agriculture energy and water,12,12,3,9,0,0,0
S01012737,C. Manufacturing,42,39,1,38,3,3,0
S01012737,F. Construction,32,27,2,25,5,0,5
S01012737,G I. Distribution hotels and restaurants,97,85,25,60,12,3,9
S01012737,H J. Transport and communication,42,35,2,33,7,1,6
S01012737,K L M N. Financial real estate professional and administrative activities,67,53,13,40,14,1,13
S01012737,O P Q. Public administration education and health,144,142,26,116,2,0,2
S01012737,R S T U. Other,13,10,5,5,3,1,2
S01012738,All people aged 16 to 74 in employment,296,267,76,191,29,8,21
S01012738,A B D E. Agriculture energy and water,6,6,1,5,0,0,0
S01012738,C. Manufacturing,40,40,6,34,0,0,0
S01012738,F. Construction,22,16,1,15,6,0,6
S01012738,G I. Distribution hotels and restaurants,67,60,24,36,7,2,5
S01012738,H J. Transport and communication,31,24,2,22,7,1,6
S01012738,K L M N. Financial real estate professional and administrative activities,38,35,13,22,3,3,0
S01012738,O P Q. Public administration education and health,78,77,24,53,1,1,0
S01012738,R S T U. Other,14,9,5,4,5,1,4
S01012739,All people aged 16 to 74 in employment,501,429,103,326,72,12,60
S01012739,A B D E. Agriculture energy and water,15,14,3,11,1,0,1
S01012739,C. Manufacturing,37,36,4,32,1,0,1
S01012739,F. Construction,50,35,3,32,15,2,13
S01012739,G I. Distribution hotels and restaurants,95,74,32,42,21,3,18
S01012739,H J. Transport and communication,43,36,2,34,7,0,7
S01012739,K L M N. Financial real estate professional and administrative activities,98,85,15,70,13,3,10
S01012739,O P Q. Public administration education and health,146,140,38,102,6,3,3
S01012739,R S T U. Other,17,9,6,3,8,1,7
S01012740,All people aged 16 to 74 in employment,501,430,90,340,71,13,58
S01012740,A B D E. Agriculture energy and water,10,10,1,9,0,0,0
S01012740,C. Manufacturing,42,38,5,33,4,0,4
S01012740,F. Construction,38,29,3,26,9,0,9
S01012740,G I. Distribution hotels and restaurants,108,88,31,57,20,5,15
S01012740,H J. Transport and communication,56,51,2,49,5,1,4
S01012740,K L M N. Financial real estate professional and administrative activities,107,90,17,73,17,2,15
S01012740,O P Q. Public administration education and health,130,119,29,90,11,3,8
S01012740,R S T U. Other,10,5,2,3,5,2,3
S01012741,All people aged 16 to 74 in employment,370,334,67,267,36,4,32
S01012741,A B D E. Agriculture energy and water,3,2,0,2,1,0,1
S01012741,C. Manufacturing,54,52,3,49,2,0,2
S01012741,F. Construction,46,32,2,30,14,1,13
S01012741,G I. Distribution hotels and restaurants,62,58,16,42,4,0,4
S01012741,H J. Transport and communication,23,20,4,16,3,0,3
S01012741,K L M N. Financial real estate professional and administrative activities,64,61,12,49,3,0,3
S01012741,O P Q. Public administration education and health,103,100,26,74,3,0,3
S01012741,R S T U. Other,15,9,4,5,6,3,3
S01012742,All people aged 16 to 74 in employment,387,347,89,258,40,12,28
S01012742,A B D E. Agriculture energy and water,6,6,1,5,0,0,0
S01012742,C. Manufacturing,39,36,1,35,3,1,2
S01012742,F. Construction,27,19,2,17,8,0,8
S01012742,G I. Distribution hotels and restaurants,59,54,26,28,5,1,4
S01012742,H J. Transport and communication,21,19,2,17,2,0,2
S01012742,K L M N. Financial real estate professional and administrative activities,67,57,11,46,10,4,6
S01012742,O P Q. Public administration education and health,145,139,43,96,6,5,1
S01012742,R S T U. Other,23,17,3,14,6,1,5
S01012743,All people aged 16 to 74 in employment,321,289,84,205,32,11,21
S01012743,A B D E. Agriculture energy and water,17,15,2,13,2,1,1
S01012743,C. Manufacturing,20,19,2,17,1,0,1
S01012743,F. Construction,21,15,0,15,6,2,4
S01012743,G I. Distribution hotels and restaurants,72,64,29,35,8,2,6
S01012743,H J. Transport and communication,27,22,7,15,5,0,5
S01012743,K L M N. Financial real estate professional and administrative activities,37,34,7,27,3,2,1
S01012743,O P Q. Public administration education and health,108,105,29,76,3,2,1
S01012743,R S T U. Other,19,15,8,7,4,2,2
S01012744,All people aged 16 to 74 in employment,428,393,85,308,35,7,28
S01012744,A B D E. Agriculture energy and water,8,8,3,5,0,0,0
S01012744,C. Manufacturing,44,41,1,40,3,0,3
S01012744,F. Construction,42,33,2,31,9,3,6
S01012744,G I. Distribution hotels and restaurants,75,67,22,45,8,0,8
S01012744,H J. Transport and communication,28,25,4,21,3,1,2
S01012744,K L M N. Financial real estate professional and administrative activities,65,56,12,44,9,2,7
S01012744,O P Q. Public administration education and health,152,150,33,117,2,0,2
S01012744,R S T U. Other,14,13,8,5,1,1,0
S01012745,All people aged 16 to 74 in employment,356,319,74,245,37,5,32
S01012745,A B D E. Agriculture energy and water,9,9,0,9,0,0,0
S01012745,C. Manufacturing,37,35,2,33,2,0,2
S01012745,F. Construction,28,19,1,18,9,0,9
S01012745,G I. Distribution hotels and restaurants,60,52,23,29,8,0,8
S01012745,H J. Transport and communication,29,23,4,19,6,1,5
S01012745,K L M N. Financial real estate professional and administrative activities,66,61,12,49,5,1,4
S01012745,O P Q. Public administration education and health,116,113,30,83,3,0,3
S01012745,R S T U. Other,11,7,2,5,4,3,1
S01012746,All people aged 16 to 74 in employment,450,406,93,313,44,9,35
S01012746,A B D E. Agriculture energy and water,6,6,1,5,0,0,0
S01012746,C. Manufacturing,41,38,2,36,3,1,2
S01012746,F. Construction,31,22,0,22,9,0,9
S01012746,G I. Distribution hotels and restaurants,91,85,27,58,6,1,5
S01012746,H J. Transport and communication,50,35,3,32,15,4,11
S01012746,K L M N. Financial real estate professional and administrative activities,81,75,23,52,6,2,4
S01012746,O P Q. Public administration education and health,131,126,30,96,5,1,4
S01012746,R S T U. Other,19,19,7,12,0,0,0
S01012747,All people aged 16 to 74 in employment,379,346,89,257,33,9,24
S01012747,A B D E. Agriculture energy and water,10,10,0,10,0,0,0
S01012747,C. Manufacturing,45,43,5,38,2,0,2
S01012747,F. Construction,28,19,2,17,9,2,7
S01012747,G I. Distribution hotels and restaurants,88,83,35,48,5,0,5
S01012747,H J. Transport and communication,28,22,0,22,6,0,6
S01012747,K L M N. Financial real estate professional and administrative activities,48,43,16,27,5,4,1
S01012747,O P Q. Public administration education and health,114,110,27,83,4,3,1
S01012747,R S T U. Other,18,16,4,12,2,0,2
S01012748,All people aged 16 to 74 in employment,313,283,98,185,30,8,22
S01012748,A B D E. Agriculture energy and water,6,6,0,6,0,0,0
S01012748,C. Manufacturing,36,36,2,34,0,0,0
S01012748,F. Construction,26,19,4,15,7,1,6
S01012748,G I. Distribution hotels and restaurants,79,75,37,38,4,1,3
S01012748,H J. Transport and communication,42,32,4,28,10,4,6
S01012748,K L M N. Financial real estate professional and administrative activities,44,36,11,25,8,2,6
S01012748,O P Q. Public administration education and health,65,65,32,33,0,0,0
S01012748,R S T U. Other,15,14,8,6,1,0,1
S01012749,All people aged 16 to 74 in employment,345,306,86,220,39,12,27
S01012749,A B D E. Agriculture energy and water,13,13,0,13,0,0,0
S01012749,C. Manufacturing,48,47,3,44,1,0,1
S01012749,F. Construction,35,19,0,19,16,3,13
S01012749,G I. Distribution hotels and restaurants,88,86,39,47,2,1,1
S01012749,H J. Transport and communication,21,10,2,8,11,3,8
S01012749,K L M N. Financial real estate professional and administrative activities,50,43,11,32,7,4,3
S01012749,O P Q. Public administration education and health,66,64,19,45,2,1,1
S01012749,R S T U. Other,24,24,12,12,0,0,0
S01012750,All people aged 16 to 74 in employment,338,315,113,202,23,7,16
S01012750,A B D E. Agriculture energy and water,7,7,2,5,0,0,0
S01012750,C. Manufacturing,58,57,3,54,1,1,0
S01012750,F. Construction,31,20,4,16,11,2,9
S01012750,G I. Distribution hotels and restaurants,86,84,48,36,2,0,2
S01012750,H J. Transport and communication,22,19,6,13,3,0,3
S01012750,K L M N. Financial real estate professional and administrative activities,44,42,12,30,2,1,1
S01012750,O P Q. Public administration education and health,73,70,29,41,3,3,0
S01012750,R S T U. Other,17,16,9,7,1,0,1
S01012751,All people aged 16 to 74 in employment,332,305,79,226,27,11,16
S01012751,A B D E. Agriculture energy and water,10,9,0,9,1,1,0
S01012751,C. Manufacturing,44,43,1,42,1,0,1
S01012751,F. Construction,29,20,2,18,9,1,8
S01012751,G I. Distribution hotels and restaurants,81,79,30,49,2,1,1
S01012751,H J. Transport and communication,22,19,3,16,3,1,2
S01012751,K L M N. Financial real estate professional and administrative activities,48,43,16,27,5,3,2
S01012751,O P Q. Public administration education and health,82,78,24,54,4,4,0
S01012751,R S T U. Other,16,14,3,11,2,0,2
S01012752,All people aged 16 to 74 in employment,404,367,95,272,37,5,32
S01012752,A B D E. Agriculture energy and water,12,10,1,9,2,0,2
S01012752,C. Manufacturing,40,38,2,36,2,0,2
S01012752,F. Construction,38,33,1,32,5,1,4
S01012752,G I. Distribution hotels and restaurants,94,88,34,54,6,1,5
S01012752,H J. Transport and communication,31,22,5,17,9,1,8
S01012752,K L M N. Financial real estate professional and administrative activities,49,46,13,33,3,0,3
S01012752,O P Q. Public administration education and health,122,118,35,83,4,1,3
S01012752,R S T U. Other,18,12,4,8,6,1,5
S01012753,All people aged 16 to 74 in employment,196,181,62,119,15,5,10
S01012753,A B D E. Agriculture energy and water,6,4,0,4,2,0,2
S01012753,C. Manufacturing,23,22,3,19,1,0,1
S01012753,F. Construction,13,11,1,10,2,0,2
S01012753,G I. Distribution hotels and restaurants,54,52,23,29,2,0,2
S01012753,H J. Transport and communication,11,7,1,6,4,2,2
S01012753,K L M N. Financial real estate professional and administrative activities,30,28,10,18,2,1,1
S01012753,O P Q. Public administration education and health,45,45,20,25,0,0,0
S01012753,R S T U. Other,14,12,4,8,2,2,0
S01012754,All people aged 16 to 74 in employment,243,219,51,168,24,9,15
S01012754,A B D E. Agriculture energy and water,9,8,2,6,1,1,0
S01012754,C. Manufacturing,34,32,2,30,2,2,0
S01012754,F. Construction,28,25,2,23,3,0,3
S01012754,G I. Distribution hotels and restaurants,51,49,22,27,2,0,2
S01012754,H J. Transport and communication,23,13,2,11,10,3,7
S01012754,K L M N. Financial real estate professional and administrative activities,30,28,3,25,2,2,0
S01012754,O P Q. Public administration education and health,58,55,12,43,3,1,2
S01012754,R S T U. Other,10,9,6,3,1,0,1
S01012755,All people aged 16 to 74 in employment,172,163,53,110,9,4,5
S01012755,A B D E. Agriculture energy and water,2,2,0,2,0,0,0
S01012755,C. Manufacturing,23,21,1,20,2,1,1
S01012755,F. Construction,8,8,1,7,0,0,0
S01012755,G I. Distribution hotels and restaurants,46,45,26,19,1,0,1
S01012755,H J. Transport and communication,12,12,2,10,0,0,0
S01012755,K L M N. Financial real estate professional and administrative activities,24,22,7,15,2,1,1
S01012755,O P Q. Public administration education and health,50,48,13,35,2,2,0
S01012755,R S T U. Other,7,5,3,2,2,0,2
S01012756,All people aged 16 to 74 in employment,202,181,41,140,21,2,19
S01012756,A B D E. Agriculture energy and water,1,1,0,1,0,0,0
S01012756,C. Manufacturing,32,30,4,26,2,0,2
S01012756,F. Construction,16,12,1,11,4,1,3
S01012756,G I. Distribution hotels and restaurants,51,46,8,38,5,0,5
S01012756,H J. Transport and communication,14,10,2,8,4,0,4
S01012756,K L M N. Financial real estate professional and administrative activities,23,23,5,18,0,0,0
S01012756,O P Q. Public administration education and health,56,54,20,34,2,1,1
S01012756,R S T U. Other,9,5,1,4,4,0,4
S01012757,All people aged 16 to 74 in employment,210,193,56,137,17,3,14
S01012757,A B D E. Agriculture energy and water,5,5,0,5,0,0,0
S01012757,C. Manufacturing,29,28,2,26,1,0,1
S01012757,F. Construction,19,10,0,10,9,0,9
S01012757,G I. Distribution hotels and restaurants,39,37,23,14,2,0,2
S01012757,H J. Transport and communication,16,13,1,12,3,1,2
S01012757,K L M N. Financial real estate professional and administrative activities,25,25,6,19,0,0,0
S01012757,O P Q. Public administration education and health,65,65,21,44,0,0,0
S01012757,R S T U. Other,12,10,3,7,2,2,0
S01012758,All people aged 16 to 74 in employment,265,237,65,172,28,5,23
S01012758,A B D E. Agriculture energy and water,11,9,2,7,2,1,1
S01012758,C. Manufacturing,20,20,3,17,0,0,0
S01012758,F. Construction,27,18,2,16,9,1,8
S01012758,G I. Distribution hotels and restaurants,48,44,19,25,4,0,4
S01012758,H J. Transport and communication,22,20,2,18,2,0,2
S01012758,K L M N. Financial real estate professional and administrative activities,42,35,12,23,7,1,6
S01012758,O P Q. Public administration education and health,88,86,22,64,2,0,2
S01012758,R S T U. Other,7,5,3,2,2,2,0
S01012759,All people aged 16 to 74 in employment,302,278,88,190,24,6,18
S01012759,A B D E. Agriculture energy and water,9,9,3,6,0,0,0
S01012759,C. Manufacturing,32,30,4,26,2,0,2
S01012759,F. Construction,25,21,0,21,4,1,3
S01012759,G I. Distribution hotels and restaurants,69,66,32,34,3,1,2
S01012759,H J. Transport and communication,32,26,3,23,6,1,5
S01012759,K L M N. Financial real estate professional and administrative activities,33,29,8,21,4,0,4
S01012759,O P Q. Public administration education and health,78,77,31,46,1,1,0
S01012759,R S T U. Other,24,20,7,13,4,2,2
S01012760,All people aged 16 to 74 in employment,364,339,102,237,25,7,18
S01012760,A B D E. Agriculture energy and water,10,10,2,8,0,0,0
S01012760,C. Manufacturing,45,44,2,42,1,0,1
S01012760,F. Construction,26,21,1,20,5,0,5
S01012760,G I. Distribution hotels and restaurants,78,77,36,41,1,0,1
S01012760,H J. Transport and communication,32,25,3,22,7,2,5
S01012760,K L M N. Financial real estate professional and administrative activities,53,48,13,35,5,0,5
S01012760,O P Q. Public administration education and health,103,101,36,65,2,2,0
S01012760,R S T U. Other,17,13,9,4,4,3,1
S01012761,All people aged 16 to 74 in employment,375,341,86,255,34,9,25
S01012761,A B D E. Agriculture energy and water,11,11,2,9,0,0,0
S01012761,C. Manufacturing,47,45,3,42,2,0,2
S01012761,F. Construction,38,27,2,25,11,1,10
S01012761,G I. Distribution hotels and restaurants,73,68,31,37,5,1,4
S01012761,H J. Transport and communication,30,23,3,20,7,1,6
S01012761,K L M N. Financial real estate professional and administrative activities,54,50,8,42,4,3,1
S01012761,O P Q. Public administration education and health,112,109,34,75,3,1,2
S01012761,R S T U. Other,10,8,3,5,2,2,0
S01012762,All people aged 16 to 74 in employment,353,325,82,243,28,7,21
S01012762,A B D E. Agriculture energy and water,4,4,0,4,0,0,0
S01012762,C. Manufacturing,41,40,2,38,1,0,1
S01012762,F. Construction,28,21,0,21,7,0,7
S01012762,G I. Distribution hotels and restaurants,80,75,30,45,5,1,4
S01012762,H J. Transport and communication,30,24,2,22,6,2,4
S01012762,K L M N. Financial real estate professional and administrative activities,51,48,11,37,3,0,3
S01012762,O P Q. Public administration education and health,100,96,32,64,4,2,2
S01012762,R S T U. Other,19,17,5,12,2,2,0
S01012763,All people aged 16 to 74 in employment,194,183,50,133,11,2,9
S01012763,A B D E. Agriculture energy and water,1,1,0,1,0,0,0
S01012763,C. Manufacturing,24,21,2,19,3,1,2
S01012763,F. Construction,22,21,2,19,1,0,1
S01012763,G I. Distribution hotels and restaurants,50,50,25,25,0,0,0
S01012763,H J. Transport and communication,18,14,0,14,4,0,4
S01012763,K L M N. Financial real estate professional and administrative activities,16,15,2,13,1,0,1
S01012763,O P Q. Public administration education and health,51,50,15,35,1,1,0
S01012763,R S T U. Other,12,11,4,7,1,0,1
S01012764,All people aged 16 to 74 in employment,330,304,77,227,26,6,20
S01012764,A B D E. Agriculture energy and water,12,11,0,11,1,0,1
S01012764,C. Manufacturing,37,36,4,32,1,0,1
S01012764,F. Construction,34,24,2,22,10,1,9
S01012764,G I. Distribution hotels and restaurants,69,66,27,39,3,1,2
S01012764,H J. Transport and communication,26,21,3,18,5,0,5
S01012764,K L M N. Financial real estate professional and administrative activities,41,36,6,30,5,3,2
S01012764,O P Q. Public administration education and health,92,91,29,62,1,1,0
S01012764,R S T U. Other,19,19,6,13,0,0,0
S01012765,All people aged 16 to 74 in employment,345,318,90,228,27,5,22
S01012765,A B D E. Agriculture energy and water,12,10,1,9,2,0,2
S01012765,C. Manufacturing,52,49,3,46,3,0,3
S01012765,F. Construction,26,22,0,22,4,1,3
S01012765,G I. Distribution hotels and restaurants,72,70,35,35,2,0,2
S01012765,H J. Transport and communication,23,18,3,15,5,1,4
S01012765,K L M N. Financial real estate professional and administrative activities,38,36,8,28,2,1,1
S01012765,O P Q. Public administration education and health,105,100,33,67,5,2,3
S01012765,R S T U. Other,17,13,7,6,4,0,4
S01012766,All people aged 16 to 74 in employment,430,393,107,286,37,11,26
S01012766,A B D E. Agriculture energy and water,15,15,0,15,0,0,0
S01012766,C. Manufacturing,44,44,3,41,0,0,0
S01012766,F. Construction,33,23,1,22,10,1,9
S01012766,G I. Distribution hotels and restaurants,106,103,47,56,3,1,2
S01012766,H J. Transport and communication,38,27,6,21,11,3,8
S01012766,K L M N. Financial real estate professional and administrative activities,59,54,5,49,5,2,3
S01012766,O P Q. Public administration education and health,118,112,37,75,6,3,3
S01012766,R S T U. Other,17,15,8,7,2,1,1
S01012767,All people aged 16 to 74 in employment,309,279,69,210,30,8,22
S01012767,A B D E. Agriculture energy and water,4,4,0,4,0,0,0
S01012767,C. Manufacturing,35,35,2,33,0,0,0
S01012767,F. Construction,44,30,1,29,14,4,10
S01012767,G I. Distribution hotels and restaurants,53,51,23,28,2,1,1
S01012767,H J. Transport and communication,25,17,1,16,8,1,7
S01012767,K L M N. Financial real estate professional and administrative activities,37,36,6,30,1,0,1
S01012767,O P Q. Public administration education and health,99,96,34,62,3,2,1
S01012767,R S T U. Other,12,10,2,8,2,0,2
S01012768,All people aged 16 to 74 in employment,415,382,105,277,33,6,27
S01012768,A B D E. Agriculture energy and water,10,9,2,7,1,0,1
S01012768,C. Manufacturing,38,35,0,35,3,1,2
S01012768,F. Construction,46,33,0,33,13,1,12
S01012768,G I. Distribution hotels and restaurants,90,84,40,44,6,1,5
S01012768,H J. Transport and communication,32,27,4,23,5,1,4
S01012768,K L M N. Financial real estate professional and administrative activities,43,42,9,33,1,0,1
S01012768,O P Q. Public administration education and health,143,142,45,97,1,1,0
S01012768,R S T U. Other,13,10,5,5,3,1,2
S01012769,All people aged 16 to 74 in employment,245,209,47,162,36,8,28
S01012769,A B D E. Agriculture energy and water,4,3,0,3,1,0,1
S01012769,C. Manufacturing,31,28,1,27,3,0,3
S01012769,F. Construction,38,28,3,25,10,2,8
S01012769,G I. Distribution hotels and restaurants,47,39,13,26,8,1,7
S01012769,H J. Transport and communication,21,19,1,18,2,1,1
S01012769,K L M N. Financial real estate professional and administrative activities,39,33,8,25,6,1,5
S01012769,O P Q. Public administration education and health,53,49,16,33,4,2,2
S01012769,R S T U. Other,12,10,5,5,2,1,1
S01012770,All people aged 16 to 74 in employment,393,354,85,269,39,7,32
S01012770,A B D E. Agriculture energy and water,7,6,2,4,1,0,1
S01012770,C. Manufacturing,45,39,3,36,6,0,6
S01012770,F. Construction,38,29,2,27,9,0,9
S01012770,G I. Distribution hotels and restaurants,79,78,34,44,1,0,1
S01012770,H J. Transport and communication,29,22,3,19,7,3,4
S01012770,K L M N. Financial real estate professional and administrative activities,67,61,11,50,6,3,3
S01012770,O P Q. Public administration education and health,114,108,27,81,6,1,5
S01012770,R S T U. Other,14,11,3,8,3,0,3
S01012771,All people aged 16 to 74 in employment,335,305,79,226,30,10,20
S01012771,A B D E. Agriculture energy and water,14,13,3,10,1,0,1
S01012771,C. Manufacturing,31,30,4,26,1,1,0
S01012771,F. Construction,23,18,3,15,5,1,4
S01012771,G I. Distribution hotels and restaurants,64,58,27,31,6,3,3
S01012771,H J. Transport and communication,38,31,2,29,7,2,5
S01012771,K L M N. Financial real estate professional and administrative activities,54,50,14,36,4,1,3
S01012771,O P Q. Public administration education and health,93,89,19,70,4,1,3
S01012771,R S T U. Other,18,16,7,9,2,1,1
S01012772,All people aged 16 to 74 in employment,293,270,100,170,23,6,17
S01012772,A B D E. Agriculture energy and water,13,12,2,10,1,0,1
S01012772,C. Manufacturing,29,27,2,25,2,1,1
S01012772,F. Construction,19,16,2,14,3,0,3
S01012772,G I. Distribution hotels and restaurants,88,84,48,36,4,1,3
S01012772,H J. Transport and communication,33,24,9,15,9,2,7
S01012772,K L M N. Financial real estate professional and administrative activities,33,33,11,22,0,0,0
S01012772,O P Q. Public administration education and health,68,65,22,43,3,1,2
S01012772,R S T U. Other,10,9,4,5,1,1,0
S01012773,All people aged 16 to 74 in employment,394,358,72,286,36,9,27
S01012773,A B D E. Agriculture energy and water,9,7,2,5,2,0,2
S01012773,C. Manufacturing,42,40,1,39,2,0,2
S01012773,F. Construction,42,32,0,32,10,1,9
S01012773,G I. Distribution hotels and restaurants,79,76,26,50,3,2,1
S01012773,H J. Transport and communication,37,29,2,27,8,3,5
S01012773,K L M N. Financial real estate professional and administrative activities,44,40,8,32,4,0,4
S01012773,O P Q. Public administration education and health,117,110,25,85,7,3,4
S01012773,R S T U. Other,24,24,8,16,0,0,0
S01012774,All people aged 16 to 74 in employment,459,426,94,332,33,3,30
S01012774,A B D E. Agriculture energy and water,11,11,1,10,0,0,0
S01012774,C. Manufacturing,57,56,3,53,1,0,1
S01012774,F. Construction,45,38,0,38,7,0,7
S01012774,G I. Distribution hotels and restaurants,91,85,27,58,6,1,5
S01012774,H J. Transport and communication,37,26,3,23,11,1,10
S01012774,K L M N. Financial real estate professional and administrative activities,68,65,17,48,3,0,3
S01012774,O P Q. Public administration education and health,123,120,30,90,3,1,2
S01012774,R S T U. Other,27,25,13,12,2,0,2
S01012775,All people aged 16 to 74 in employment,201,178,39,139,23,3,20
S01012775,A B D E. Agriculture energy and water,3,3,0,3,0,0,0
S01012775,C. Manufacturing,16,16,0,16,0,0,0
S01012775,F. Construction,31,23,0,23,8,1,7
S01012775,G I. Distribution hotels and restaurants,40,39,18,21,1,0,1
S01012775,H J. Transport and communication,23,13,2,11,10,1,9
S01012775,K L M N. Financial real estate professional and administrative activities,27,25,6,19,2,0,2
S01012775,O P Q. Public administration education and health,55,53,12,41,2,1,1
S01012775,R S T U. Other,6,6,1,5,0,0,0
S01012776,All people aged 16 to 74 in employment,348,325,104,221,23,5,18
S01012776,A B D E. Agriculture energy and water,20,18,3,15,2,0,2
S01012776,C. Manufacturing,51,49,5,44,2,1,1
S01012776,F. Construction,32,24,1,23,8,0,8
S01012776,G I. Distribution hotels and restaurants,84,81,40,41,3,0,3
S01012776,H J. Transport and communication,28,26,3,23,2,0,2
S01012776,K L M N. Financial real estate professional and administrative activities,32,31,16,15,1,1,0
S01012776,O P Q. Public administration education and health,91,88,35,53,3,2,1
S01012776,R S T U. Other,10,8,1,7,2,1,1
S01012777,All people aged 16 to 74 in employment,536,485,105,380,51,10,41
S01012777,A B D E. Agriculture energy and water,15,14,1,13,1,0,1
S01012777,C. Manufacturing,54,51,3,48,3,0,3
S01012777,F. Construction,46,36,2,34,10,2,8
S01012777,G I. Distribution hotels and restaurants,135,124,43,81,11,0,11
S01012777,H J. Transport and communication,41,32,4,28,9,1,8
S01012777,K L M N. Financial real estate professional and administrative activities,89,82,15,67,7,1,6
S01012777,O P Q. Public administration education and health,138,134,33,101,4,1,3
S01012777,R S T U. Other,18,12,4,8,6,5,1
S01012778,All people aged 16 to 74 in employment,335,311,73,238,24,8,16
S01012778,A B D E. Agriculture energy and water,9,9,2,7,0,0,0
S01012778,C. Manufacturing,30,30,4,26,0,0,0
S01012778,F. Construction,28,24,1,23,4,0,4
S01012778,G I. Distribution hotels and restaurants,57,53,17,36,4,1,3
S01012778,H J. Transport and communication,34,25,4,21,9,4,5
S01012778,K L M N. Financial real estate professional and administrative activities,55,52,14,38,3,1,2
S01012778,O P Q. Public administration education and health,108,106,26,80,2,0,2
S01012778,R S T U. Other,14,12,5,7,2,2,0
S01012779,All people aged 16 to 74 in employment,209,188,60,128,21,7,14
S01012779,A B D E. Agriculture energy and water,7,7,1,6,0,0,0
S01012779,C. Manufacturing,21,21,2,19,0,0,0
S01012779,F. Construction,26,19,3,16,7,0,7
S01012779,G I. Distribution hotels and restaurants,50,49,22,27,1,0,1
S01012779,H J. Transport and communication,20,13,5,8,7,3,4
S01012779,K L M N. Financial real estate professional and administrative activities,26,23,8,15,3,2,1
S01012779,O P Q. Public administration education and health,53,51,16,35,2,1,1
S01012779,R S T U. Other,6,5,3,2,1,1,0
S01012780,All people aged 16 to 74 in employment,286,267,79,188,19,8,11
S01012780,A B D E. Agriculture energy and water,5,5,1,4,0,0,0
S01012780,C. Manufacturing,34,33,1,32,1,1,0
S01012780,F. Construction,21,18,3,15,3,0,3
S01012780,G I. Distribution hotels and restaurants,80,78,47,31,2,1,1
S01012780,H J. Transport and communication,17,17,1,16,0,0,0
S01012780,K L M N. Financial real estate professional and administrative activities,43,38,6,32,5,2,3
S01012780,O P Q. Public administration education and health,70,67,16,51,3,2,1
S01012780,R S T U. Other,16,11,4,7,5,2,3
S01012781,All people aged 16 to 74 in employment,337,300,67,233,37,13,24
S01012781,A B D E. Agriculture energy and water,10,9,0,9,1,0,1
S01012781,C. Manufacturing,41,38,3,35,3,0,3
S01012781,F. Construction,31,23,1,22,8,3,5
S01012781,G I. Distribution hotels and restaurants,75,68,26,42,7,1,6
S01012781,H J. Transport and communication,20,15,4,11,5,2,3
S01012781,K L M N. Financial real estate professional and administrative activities,42,34,4,30,8,4,4
S01012781,O P Q. Public administration education and health,105,102,24,78,3,1,2
S01012781,R S T U. Other,13,11,5,6,2,2,0
S01012782,All people aged 16 to 74 in employment,247,231,73,158,16,5,11
S01012782,A B D E. Agriculture energy and water,2,2,1,1,0,0,0
S01012782,C. Manufacturing,36,35,3,32,1,1,0
S01012782,F. Construction,14,9,0,9,5,0,5
S01012782,G I. Distribution hotels and restaurants,75,74,36,38,1,0,1
S01012782,H J. Transport and communication,17,11,2,9,6,2,4
S01012782,K L M N. Financial real estate professional and administrative activities,26,26,6,20,0,0,0
S01012782,O P Q. Public administration education and health,62,61,20,41,1,1,0
S01012782,R S T U. Other,15,13,5,8,2,1,1
S01012783,All people aged 16 to 74 in employment,290,268,95,173,22,6,16
S01012783,A B D E. Agriculture energy and water,6,6,0,6,0,0,0
S01012783,C. Manufacturing,33,32,5,27,1,0,1
S01012783,F. Construction,21,13,1,12,8,2,6
S01012783,G I. Distribution hotels and restaurants,78,76,40,36,2,0,2
S01012783,H J. Transport and communication,24,18,4,14,6,1,5
S01012783,K L M N. Financial real estate professional and administrative activities,38,36,13,23,2,1,1
S01012783,O P Q. Public administration education and health,70,69,26,43,1,0,1
S01012783,R S T U. Other,20,18,6,12,2,2,0
S01012784,All people aged 16 to 74 in employment,361,344,69,275,17,2,15
S01012784,A B D E. Agriculture energy and water,18,18,4,14,0,0,0
S01012784,C. Manufacturing,48,46,1,45,2,1,1
S01012784,F. Construction,26,21,3,18,5,0,5
S01012784,G I. Distribution hotels and restaurants,75,73,23,50,2,0,2
S01012784,H J. Transport and communication,23,18,1,17,5,0,5
S01012784,K L M N. Financial real estate professional and administrative activities,57,55,10,45,2,0,2
S01012784,O P Q. Public administration education and health,101,100,24,76,1,1,0
S01012784,R S T U. Other,13,13,3,10,0,0,0
S01012785,All people aged 16 to 74 in employment,280,260,66,194,20,7,13
S01012785,A B D E. Agriculture energy and water,4,4,0,4,0,0,0
S01012785,C. Manufacturing,46,45,3,42,1,0,1
S01012785,F. Construction,14,12,1,11,2,2,0
S01012785,G I. Distribution hotels and restaurants,52,48,21,27,4,2,2
S01012785,H J. Transport and communication,26,19,2,17,7,0,7
S01012785,K L M N. Financial real estate professional and administrative activities,48,46,11,35,2,2,0
S01012785,O P Q. Public administration education and health,71,69,21,48,2,1,1
S01012785,R S T U. Other,19,17,7,10,2,0,2
S01012786,All people aged 16 to 74 in employment,257,242,69,173,15,3,12
S01012786,A B D E. Agriculture energy and water,8,8,0,8,0,0,0
S01012786,C. Manufacturing,46,46,3,43,0,0,0
S01012786,F. Construction,21,12,0,12,9,1,8
S01012786,G I. Distribution hotels and restaurants,63,61,22,39,2,1,1
S01012786,H J. Transport and communication,14,13,3,10,1,0,1
S01012786,K L M N. Financial real estate professional and administrative activities,36,35,13,22,1,1,0
S01012786,O P Q. Public administration education and health,58,57,27,30,1,0,1
S01012786,R S T U. Other,11,10,1,9,1,0,1
S01012787,All people aged 16 to 74 in employment,317,293,64,229,24,6,18
S01012787,A B D E. Agriculture energy and water,10,9,2,7,1,0,1
S01012787,C. Manufacturing,28,28,2,26,0,0,0
S01012787,F. Construction,23,16,1,15,7,0,7
S01012787,G I. Distribution hotels and restaurants,67,64,27,37,3,0,3
S01012787,H J. Transport and communication,32,25,1,24,7,2,5
S01012787,K L M N. Financial real estate professional and administrative activities,57,56,11,45,1,0,1
S01012787,O P Q. Public administration education and health,88,87,19,68,1,1,0
S01012787,R S T U. Other,12,8,1,7,4,3,1
S01012788,All people aged 16 to 74 in employment,247,227,60,167,20,1,19
S01012788,A B D E. Agriculture energy and water,10,10,1,9,0,0,0
S01012788,C. Manufacturing,30,30,6,24,0,0,0
S01012788,F. Construction,28,21,1,20,7,0,7
S01012788,G I. Distribution hotels and restaurants,50,47,16,31,3,1,2
S01012788,H J. Transport and communication,34,28,6,22,6,0,6
S01012788,K L M N. Financial real estate professional and administrative activities,31,30,15,15,1,0,1
S01012788,O P Q. Public administration education and health,51,49,10,39,2,0,2
S01012788,R S T U. Other,13,12,5,7,1,0,1
S01012789,All people aged 16 to 74 in employment,354,314,97,217,40,11,29
S01012789,A B D E. Agriculture energy and water,13,13,1,12,0,0,0
S01012789,C. Manufacturing,27,27,2,25,0,0,0
S01012789,F. Construction,29,19,2,17,10,2,8
S01012789,G I. Distribution hotels and restaurants,78,68,36,32,10,1,9
S01012789,H J. Transport and communication,29,24,4,20,5,1,4
S01012789,K L M N. Financial real estate professional and administrative activities,54,51,14,37,3,0,3
S01012789,O P Q. Public administration education and health,103,94,32,62,9,6,3
S01012789,R S T U. Other,21,18,6,12,3,1,2
S01012790,All people aged 16 to 74 in employment,356,319,77,242,37,5,32
S01012790,A B D E. Agriculture energy and water,18,17,2,15,1,0,1
S01012790,C. Manufacturing,27,26,0,26,1,0,1
S01012790,F. Construction,23,18,3,15,5,0,5
S01012790,G I. Distribution hotels and restaurants,51,48,24,24,3,0,3
S01012790,H J. Transport and communication,32,27,3,24,5,0,5
S01012790,K L M N. Financial real estate professional and administrative activities,74,65,15,50,9,1,8
S01012790,O P Q. Public administration education and health,115,105,24,81,10,2,8
S01012790,R S T U. Other,16,13,6,7,3,2,1
S01012791,All people aged 16 to 74 in employment,317,281,75,206,36,4,32
S01012791,A B D E. Agriculture energy and water,3,3,0,3,0,0,0
S01012791,C. Manufacturing,30,26,1,25,4,0,4
S01012791,F. Construction,20,15,1,14,5,0,5
S01012791,G I. Distribution hotels and restaurants,60,55,25,30,5,1,4
S01012791,H J. Transport and communication,26,24,5,19,2,1,1
S01012791,K L M N. Financial real estate professional and administrative activities,57,47,12,35,10,1,9
S01012791,O P Q. Public administration education and health,112,106,27,79,6,1,5
S01012791,R S T U. Other,9,5,4,1,4,0,4
S01012792,All people aged 16 to 74 in employment,424,387,96,291,37,7,30
S01012792,A B D E. Agriculture energy and water,7,7,0,7,0,0,0
S01012792,C. Manufacturing,41,39,3,36,2,1,1
S01012792,F. Construction,34,27,4,23,7,0,7
S01012792,G I. Distribution hotels and restaurants,71,62,25,37,9,2,7
S01012792,H J. Transport and communication,31,25,4,21,6,0,6
S01012792,K L M N. Financial real estate professional and administrative activities,58,53,9,44,5,1,4
S01012792,O P Q. Public administration education and health,158,153,37,116,5,2,3
S01012792,R S T U. Other,24,21,14,7,3,1,2
S01012793,All people aged 16 to 74 in employment,287,264,64,200,23,6,17
S01012793,A B D E. Agriculture energy and water,12,12,0,12,0,0,0
S01012793,C. Manufacturing,44,42,4,38,2,1,1
S01012793,F. Construction,20,15,1,14,5,3,2
S01012793,G I. Distribution hotels and restaurants,67,64,31,33,3,1,2
S01012793,H J. Transport and communication,15,12,0,12,3,0,3
S01012793,K L M N. Financial real estate professional and administrative activities,48,42,10,32,6,0,6
S01012793,O P Q. Public administration education and health,64,62,11,51,2,1,1
S01012793,R S T U. Other,17,15,7,8,2,0,2
S01012794,All people aged 16 to 74 in employment,337,298,41,257,39,3,36
S01012794,A B D E. Agriculture energy and water,4,4,0,4,0,0,0
S01012794,C. Manufacturing,29,28,0,28,1,0,1
S01012794,F. Construction,25,21,3,18,4,2,2
S01012794,G I. Distribution hotels and restaurants,64,53,7,46,11,0,11
S01012794,H J. Transport and communication,28,23,1,22,5,0,5
S01012794,K L M N. Financial real estate professional and administrative activities,71,59,10,49,12,0,12
S01012794,O P Q. Public administration education and health,92,91,13,78,1,0,1
S01012794,R S T U. Other,24,19,7,12,5,1,4
S01012795,All people aged 16 to 74 in employment,418,377,115,262,41,10,31
S01012795,A B D E. Agriculture energy and water,14,13,2,11,1,0,1
S01012795,C. Manufacturing,51,50,3,47,1,0,1
S01012795,F. Construction,32,19,2,17,13,1,12
S01012795,G I. Distribution hotels and restaurants,111,107,49,58,4,0,4
S01012795,H J. Transport and communication,30,22,2,20,8,2,6
S01012795,K L M N. Financial real estate professional and administrative activities,44,39,15,24,5,2,3
S01012795,O P Q. Public administration education and health,111,108,35,73,3,1,2
S01012795,R S T U. Other,25,19,7,12,6,4,2
S01012796,All people aged 16 to 74 in employment,402,365,88,277,37,11,26
S01012796,A B D E. Agriculture energy and water,9,9,0,9,0,0,0
S01012796,C. Manufacturing,39,39,3,36,0,0,0
S01012796,F. Construction,54,43,1,42,11,1,10
S01012796,G I. Distribution hotels and restaurants,85,77,34,43,8,5,3
S01012796,H J. Transport and communication,33,26,3,23,7,1,6
S01012796,K L M N. Financial real estate professional and administrative activities,68,63,12,51,5,2,3
S01012796,O P Q. Public administration education and health,94,89,24,65,5,1,4
S01012796,R S T U. Other,20,19,11,8,1,1,0
S01012797,All people aged 16 to 74 in employment,334,316,80,236,18,2,16
S01012797,A B D E. Agriculture energy and water,12,12,0,12,0,0,0
S01012797,C. Manufacturing,42,42,5,37,0,0,0
S01012797,F. Construction,29,23,1,22,6,0,6
S01012797,G I. Distribution hotels and restaurants,71,68,28,40,3,0,3
S01012797,H J. Transport and communication,31,24,1,23,7,1,6
S01012797,K L M N. Financial real estate professional and administrative activities,41,40,16,24,1,1,0
S01012797,O P Q. Public administration education and health,95,95,24,71,0,0,0
S01012797,R S T U. Other,13,12,5,7,1,0,1
S01012798,All people aged 16 to 74 in employment,340,274,66,208,66,17,49
S01012798,A B D E. Agriculture energy and water,10,10,2,8,0,0,0
S01012798,C. Manufacturing,21,18,1,17,3,1,2
S01012798,F. Construction,27,18,0,18,9,0,9
S01012798,G I. Distribution hotels and restaurants,73,61,21,40,12,1,11
S01012798,H J. Transport and communication,28,23,4,19,5,3,2
S01012798,K L M N. Financial real estate professional and administrative activities,83,64,16,48,19,2,17
S01012798,O P Q. Public administration education and health,84,72,20,52,12,7,5
S01012798,R S T U. Other,14,8,2,6,6,3,3
S01012799,All people aged 16 to 74 in employment,373,292,73,219,81,18,63
S01012799,A B D E. Agriculture energy and water,14,13,6,7,1,0,1
S01012799,C. Manufacturing,23,21,4,17,2,0,2
S01012799,F. Construction,24,16,3,13,8,3,5
S01012799,G I. Distribution hotels and restaurants,76,54,16,38,22,6,16
S01012799,H J. Transport and communication,27,23,2,21,4,0,4
S01012799,K L M N. Financial real estate professional and administrative activities,66,43,9,34,23,5,18
S01012799,O P Q. Public administration education and health,125,111,29,82,14,3,11
S01012799,R S T U. Other,18,11,4,7,7,1,6
S01012800,All people aged 16 to 74 in employment,449,350,91,259,99,23,76
S01012800,A B D E. Agriculture energy and water,10,9,2,7,1,0,1
S01012800,C. Manufacturing,40,28,6,22,12,1,11
S01012800,F. Construction,37,24,2,22,13,4,9
S01012800,G I. Distribution hotels and restaurants,97,82,34,48,15,3,12
S01012800,H J. Transport and communication,28,21,3,18,7,3,4
S01012800,K L M N. Financial real estate professional and administrative activities,96,66,13,53,30,8,22
S01012800,O P Q. Public administration education and health,116,105,26,79,11,1,10
S01012800,R S T U. Other,25,15,5,10,10,3,7
S01012801,All people aged 16 to 74 in employment,185,148,31,117,37,6,31
S01012801,A B D E. Agriculture energy and water,2,1,0,1,1,0,1
S01012801,C. Manufacturing,20,16,1,15,4,0,4
S01012801,F. Construction,7,6,1,5,1,0,1
S01012801,G I. Distribution hotels and restaurants,41,37,8,29,4,2,2
S01012801,H J. Transport and communication,12,11,1,10,1,1,0
S01012801,K L M N. Financial real estate professional and administrative activities,38,30,7,23,8,1,7
S01012801,O P Q. Public administration education and health,55,42,10,32,13,1,12
S01012801,R S T U. Other,10,5,3,2,5,1,4
S01012802,All people aged 16 to 74 in employment,314,240,80,160,74,11,63
S01012802,A B D E. Agriculture energy and water,11,11,2,9,0,0,0
S01012802,C. Manufacturing,29,25,4,21,4,1,3
S01012802,F. Construction,22,12,2,10,10,1,9
S01012802,G I. Distribution hotels and restaurants,81,57,28,29,24,2,22
S01012802,H J. Transport and communication,12,8,0,8,4,0,4
S01012802,K L M N. Financial real estate professional and administrative activities,49,36,9,27,13,3,10
S01012802,O P Q. Public administration education and health,98,81,31,50,17,4,13
S01012802,R S T U. Other,12,10,4,6,2,0,2
S01012803,All people aged 16 to 74 in employment,366,333,89,244,33,8,25
S01012803,A B D E. Agriculture energy and water,17,16,8,8,1,0,1
S01012803,C. Manufacturing,21,21,0,21,0,0,0
S01012803,F. Construction,28,16,1,15,12,1,11
S01012803,G I. Distribution hotels and restaurants,68,62,31,31,6,1,5
S01012803,H J. Transport and communication,29,26,7,19,3,1,2
S01012803,K L M N. Financial real estate professional and administrative activities,62,58,14,44,4,1,3
S01012803,O P Q. Public administration education and health,130,125,26,99,5,2,3
S01012803,R S T U. Other,11,9,2,7,2,2,0
S01012804,All people aged 16 to 74 in employment,354,308,92,216,46,19,27
S01012804,A B D E. Agriculture energy and water,10,10,1,9,0,0,0
S01012804,C. Manufacturing,31,29,4,25,2,0,2
S01012804,F. Construction,24,18,3,15,6,2,4
S01012804,G I. Distribution hotels and restaurants,92,81,35,46,11,6,5
S01012804,H J. Transport and communication,31,22,2,20,9,2,7
S01012804,K L M N. Financial real estate professional and administrative activities,40,37,5,32,3,1,2
S01012804,O P Q. Public administration education and health,108,96,35,61,12,6,6
S01012804,R S T U. Other,18,15,7,8,3,2,1
S01012805,All people aged 16 to 74 in employment,426,394,108,286,32,9,23
S01012805,A B D E. Agriculture energy and water,18,18,3,15,0,0,0
S01012805,C. Manufacturing,52,51,3,48,1,0,1
S01012805,F. Construction,33,23,1,22,10,0,10
S01012805,G I. Distribution hotels and restaurants,106,99,48,51,7,4,3
S01012805,H J. Transport and communication,25,23,1,22,2,1,1
S01012805,K L M N. Financial real estate professional and administrative activities,57,50,13,37,7,1,6
S01012805,O P Q. Public administration education and health,116,112,36,76,4,2,2
S01012805,R S T U. Other,19,18,3,15,1,1,0
S01012806,All people aged 16 to 74 in employment,349,309,77,232,40,9,31
S01012806,A B D E. Agriculture energy and water,19,19,3,16,0,0,0
S01012806,C. Manufacturing,28,28,0,28,0,0,0
S01012806,F. Construction,34,26,1,25,8,1,7
S01012806,G I. Distribution hotels and restaurants,60,53,19,34,7,2,5
S01012806,H J. Transport and communication,31,25,4,21,6,1,5
S01012806,K L M N. Financial real estate professional and administrative activities,50,42,15,27,8,2,6
S01012806,O P Q. Public administration education and health,110,100,27,73,10,2,8
S01012806,R S T U. Other,17,16,8,8,1,1,0
S01012807,All people aged 16 to 74 in employment,319,252,82,170,67,18,49
S01012807,A B D E. Agriculture energy and water,10,8,3,5,2,1,1
S01012807,C. Manufacturing,28,22,3,19,6,0,6
S01012807,F. Construction,20,16,2,14,4,2,2
S01012807,G I. Distribution hotels and restaurants,71,53,21,32,18,4,14
S01012807,H J. Transport and communication,27,21,5,16,6,1,5
S01012807,K L M N. Financial real estate professional and administrative activities,65,50,15,35,15,6,9
S01012807,O P Q. Public administration education and health,87,75,29,46,12,3,9
S01012807,R S T U. Other,11,7,4,3,4,1,3
S01012808,All people aged 16 to 74 in employment,506,423,101,322,83,18,65
S01012808,A B D E. Agriculture energy and water,20,19,3,16,1,0,1
S01012808,C. Manufacturing,47,43,5,38,4,0,4
S01012808,F. Construction,45,32,4,28,13,1,12
S01012808,G I. Distribution hotels and restaurants,98,83,33,50,15,6,9
S01012808,H J. Transport and communication,31,23,2,21,8,1,7
S01012808,K L M N. Financial real estate professional and administrative activities,109,84,15,69,25,4,21
S01012808,O P Q. Public administration education and health,142,128,36,92,14,5,9
S01012808,R S T U. Other,14,11,3,8,3,1,2
S01012809,All people aged 16 to 74 in employment,322,291,64,227,31,5,26
S01012809,A B D E. Agriculture energy and water,14,14,2,12,0,0,0
S01012809,C. Manufacturing,18,17,0,17,1,0,1
S01012809,F. Construction,25,24,0,24,1,0,1
S01012809,G I. Distribution hotels and restaurants,57,47,25,22,10,0,10
S01012809,H J. Transport and communication,34,32,1,31,2,0,2
S01012809,K L M N. Financial real estate professional and administrative activities,62,52,9,43,10,2,8
S01012809,O P Q. Public administration education and health,95,93,24,69,2,1,1
S01012809,R S T U. Other,17,12,3,9,5,2,3
S01012810,All people aged 16 to 74 in employment,374,337,75,262,37,11,26
S01012810,A B D E. Agriculture energy and water,14,14,0,14,0,0,0
S01012810,C. Manufacturing,48,46,4,42,2,1,1
S01012810,F. Construction,40,32,0,32,8,1,7
S01012810,G I. Distribution hotels and restaurants,71,64,26,38,7,2,5
S01012810,H J. Transport and communication,41,34,8,26,7,1,6
S01012810,K L M N. Financial real estate professional and administrative activities,54,49,10,39,5,2,3
S01012810,O P Q. Public administration education and health,92,89,24,65,3,1,2
S01012810,R S T U. Other,14,9,3,6,5,3,2
S01012811,All people aged 16 to 74 in employment,354,318,72,246,36,12,24
S01012811,A B D E. Agriculture energy and water,11,11,1,10,0,0,0
S01012811,C. Manufacturing,49,47,7,40,2,1,1
S01012811,F. Construction,40,32,1,31,8,2,6
S01012811,G I. Distribution hotels and restaurants,67,63,24,39,4,0,4
S01012811,H J. Transport and communication,17,15,1,14,2,2,0
S01012811,K L M N. Financial real estate professional and administrative activities,66,57,10,47,9,1,8
S01012811,O P Q. Public administration education and health,92,84,24,60,8,3,5
S01012811,R S T U. Other,12,9,4,5,3,3,0
S01012812,All people aged 16 to 74 in employment,382,341,85,256,41,11,30
S01012812,A B D E. Agriculture energy and water,21,21,1,20,0,0,0
S01012812,C. Manufacturing,39,36,4,32,3,1,2
S01012812,F. Construction,33,22,1,21,11,2,9
S01012812,G I. Distribution hotels and restaurants,59,53,26,27,6,1,5
S01012812,H J. Transport and communication,29,24,2,22,5,2,3
S01012812,K L M N. Financial real estate professional and administrative activities,58,57,9,48,1,1,0
S01012812,O P Q. Public administration education and health,122,110,32,78,12,2,10
S01012812,R S T U. Other,21,18,10,8,3,2,1
S01012813,All people aged 16 to 74 in employment,437,374,98,276,63,12,51
S01012813,A B D E. Agriculture energy and water,19,19,7,12,0,0,0
S01012813,C. Manufacturing,39,35,3,32,4,0,4
S01012813,F. Construction,33,25,1,24,8,0,8
S01012813,G I. Distribution hotels and restaurants,76,63,29,34,13,3,10
S01012813,H J. Transport and communication,22,15,3,12,7,0,7
S01012813,K L M N. Financial real estate professional and administrative activities,78,66,15,51,12,1,11
S01012813,O P Q. Public administration education and health,157,140,36,104,17,6,11
S01012813,R S T U. Other,13,11,4,7,2,2,0
S01012814,All people aged 16 to 74 in employment,487,437,98,339,50,10,40
S01012814,A B D E. Agriculture energy and water,13,12,0,12,1,0,1
S01012814,C. Manufacturing,34,33,4,29,1,1,0
S01012814,F. Construction,43,34,2,32,9,1,8
S01012814,G I. Distribution hotels and restaurants,87,80,38,42,7,1,6
S01012814,H J. Transport and communication,61,50,4,46,11,2,9
S01012814,K L M N. Financial real estate professional and administrative activities,80,73,13,60,7,0,7
S01012814,O P Q. Public administration education and health,141,135,31,104,6,1,5
S01012814,R S T U. Other,28,20,6,14,8,4,4
S01012815,All people aged 16 to 74 in employment,515,467,104,363,48,11,37
S01012815,A B D E. Agriculture energy and water,13,12,2,10,1,1,0
S01012815,C. Manufacturing,39,39,0,39,0,0,0
S01012815,F. Construction,59,46,1,45,13,1,12
S01012815,G I. Distribution hotels and restaurants,77,73,24,49,4,1,3
S01012815,H J. Transport and communication,44,32,4,28,12,3,9
S01012815,K L M N. Financial real estate professional and administrative activities,94,87,20,67,7,3,4
S01012815,O P Q. Public administration education and health,166,160,46,114,6,1,5
S01012815,R S T U. Other,23,18,7,11,5,1,4
S01012816,All people aged 16 to 74 in employment,315,274,70,204,41,5,36
S01012816,A B D E. Agriculture energy and water,5,5,2,3,0,0,0
S01012816,C. Manufacturing,19,19,1,18,0,0,0
S01012816,F. Construction,41,31,0,31,10,0,10
S01012816,G I. Distribution hotels and restaurants,59,48,18,30,11,2,9
S01012816,H J. Transport and communication,30,20,3,17,10,2,8
S01012816,K L M N. Financial real estate professional and administrative activities,59,55,16,39,4,0,4
S01012816,O P Q. Public administration education and health,85,84,23,61,1,0,1
S01012816,R S T U. Other,17,12,7,5,5,1,4
S01012817,All people aged 16 to 74 in employment,324,290,78,212,34,8,26
S01012817,A B D E. Agriculture energy and water,8,8,1,7,0,0,0
S01012817,C. Manufacturing,22,19,0,19,3,0,3
S01012817,F. Construction,17,11,0,11,6,0,6
S01012817,G I. Distribution hotels and restaurants,46,41,21,20,5,0,5
S01012817,H J. Transport and communication,31,29,4,25,2,1,1
S01012817,K L M N. Financial real estate professional and administrative activities,66,64,15,49,2,1,1
S01012817,O P Q. Public administration education and health,115,109,36,73,6,3,3
S01012817,R S T U. Other,19,9,1,8,10,3,7
S01012818,All people aged 16 to 74 in employment,446,401,94,307,45,12,33
S01012818,A B D E. Agriculture energy and water,13,11,1,10,2,1,1
S01012818,C. Manufacturing,34,32,2,30,2,0,2
S01012818,F. Construction,40,30,1,29,10,2,8
S01012818,G I. Distribution hotels and restaurants,86,79,37,42,7,1,6
S01012818,H J. Transport and communication,40,34,5,29,6,2,4
S01012818,K L M N. Financial real estate professional and administrative activities,76,71,15,56,5,1,4
S01012818,O P Q. Public administration education and health,144,136,30,106,8,4,4
S01012818,R S T U. Other,13,8,3,5,5,1,4
S01012819,All people aged 16 to 74 in employment,274,258,55,203,16,1,15
S01012819,A B D E. Agriculture energy and water,8,8,0,8,0,0,0
S01012819,C. Manufacturing,29,28,2,26,1,0,1
S01012819,F. Construction,26,22,0,22,4,0,4
S01012819,G I. Distribution hotels and restaurants,65,64,20,44,1,0,1
S01012819,H J. Transport and communication,12,9,1,8,3,1,2
S01012819,K L M N. Financial real estate professional and administrative activities,48,47,10,37,1,0,1
S01012819,O P Q. Public administration education and health,74,71,20,51,3,0,3
S01012819,R S T U. Other,12,9,2,7,3,0,3
S01012820,All people aged 16 to 74 in employment,620,549,120,429,71,24,47
S01012820,A B D E. Agriculture energy and water,8,7,1,6,1,0,1
S01012820,C. Manufacturing,42,42,3,39,0,0,0
S01012820,F. Construction,53,37,2,35,16,2,14
S01012820,G I. Distribution hotels and restaurants,129,113,40,73,16,7,9
S01012820,H J. Transport and communication,75,58,9,49,17,6,11
S01012820,K L M N. Financial real estate professional and administrative activities,121,116,25,91,5,1,4
S01012820,O P Q. Public administration education and health,169,159,33,126,10,4,6
S01012820,R S T U. Other,23,17,7,10,6,4,2
S01012821,All people aged 16 to 74 in employment,423,367,75,292,56,19,37
S01012821,A B D E. Agriculture energy and water,8,8,2,6,0,0,0
S01012821,C. Manufacturing,26,23,1,22,3,2,1
S01012821,F. Construction,52,40,0,40,12,1,11
S01012821,G I. Distribution hotels and restaurants,77,67,30,37,10,4,6
S01012821,H J. Transport and communication,46,32,8,24,14,3,11
S01012821,K L M N. Financial real estate professional and administrative activities,71,69,13,56,2,1,1
S01012821,O P Q. Public administration education and health,122,115,18,97,7,3,4
S01012821,R S T U. Other,21,13,3,10,8,5,3
S01012822,All people aged 16 to 74 in employment,169,158,50,108,11,3,8
S01012822,A B D E. Agriculture energy and water,4,4,0,4,0,0,0
S01012822,C. Manufacturing,17,17,0,17,0,0,0
S01012822,F. Construction,4,3,1,2,1,0,1
S01012822,G I. Distribution hotels and restaurants,37,36,17,19,1,0,1
S01012822,H J. Transport and communication,23,20,4,16,3,0,3
S01012822,K L M N. Financial real estate professional and administrative activities,37,33,8,25,4,2,2
S01012822,O P Q. Public administration education and health,36,36,17,19,0,0,0
S01012822,R S T U. Other,11,9,3,6,2,1,1
S01012823,All people aged 16 to 74 in employment,493,447,115,332,46,14,32
S01012823,A B D E. Agriculture energy and water,6,6,0,6,0,0,0
S01012823,C. Manufacturing,42,42,6,36,0,0,0
S01012823,F. Construction,47,40,2,38,7,2,5
S01012823,G I. Distribution hotels and restaurants,100,90,41,49,10,5,5
S01012823,H J. Transport and communication,54,41,6,35,13,4,9
S01012823,K L M N. Financial real estate professional and administrative activities,83,75,16,59,8,2,6
S01012823,O P Q. Public administration education and health,144,139,37,102,5,1,4
S01012823,R S T U. Other,17,14,7,7,3,0,3
S01012824,All people aged 16 to 74 in employment,346,316,72,244,30,8,22
S01012824,A B D E. Agriculture energy and water,5,5,0,5,0,0,0
S01012824,C. Manufacturing,31,30,0,30,1,0,1
S01012824,F. Construction,27,25,0,25,2,0,2
S01012824,G I. Distribution hotels and restaurants,73,64,26,38,9,1,8
S01012824,H J. Transport and communication,28,21,3,18,7,4,3
S01012824,K L M N. Financial real estate professional and administrative activities,57,51,9,42,6,1,5
S01012824,O P Q. Public administration education and health,102,99,29,70,3,1,2
S01012824,R S T U. Other,23,21,5,16,2,1,1
S01012825,All people aged 16 to 74 in employment,212,202,43,159,10,0,10
S01012825,A B D E. Agriculture energy and water,7,7,0,7,0,0,0
S01012825,C. Manufacturing,21,21,2,19,0,0,0
S01012825,F. Construction,25,22,2,20,3,0,3
S01012825,G I. Distribution hotels and restaurants,42,42,12,30,0,0,0
S01012825,H J. Transport and communication,14,9,3,6,5,0,5
S01012825,K L M N. Financial real estate professional and administrative activities,33,32,4,28,1,0,1
S01012825,O P Q. Public administration education and health,58,58,16,42,0,0,0
S01012825,R S T U. Other,12,11,4,7,1,0,1
S01012826,All people aged 16 to 74 in employment,222,206,82,124,16,4,12
S01012826,A B D E. Agriculture energy and water,11,11,0,11,0,0,0
S01012826,C. Manufacturing,23,22,11,11,1,0,1
S01012826,F. Construction,20,18,1,17,2,0,2
S01012826,G I. Distribution hotels and restaurants,50,48,28,20,2,0,2
S01012826,H J. Transport and communication,15,10,3,7,5,1,4
S01012826,K L M N. Financial real estate professional and administrative activities,33,32,10,22,1,1,0
S01012826,O P Q. Public administration education and health,60,58,24,34,2,0,2
S01012826,R S T U. Other,10,7,5,2,3,2,1
S01012827,All people aged 16 to 74 in employment,384,347,76,271,37,9,28
S01012827,A B D E. Agriculture energy and water,22,20,1,19,2,0,2
S01012827,C. Manufacturing,31,29,3,26,2,0,2
S01012827,F. Construction,39,29,2,27,10,1,9
S01012827,G I. Distribution hotels and restaurants,67,59,17,42,8,2,6
S01012827,H J. Transport and communication,35,33,5,28,2,1,1
S01012827,K L M N. Financial real estate professional and administrative activities,73,71,19,52,2,0,2
S01012827,O P Q. Public administration education and health,98,93,26,67,5,3,2
S01012827,R S T U. Other,19,13,3,10,6,2,4
S01012828,All people aged 16 to 74 in employment,388,354,56,298,34,13,21
S01012828,A B D E. Agriculture energy and water,11,10,1,9,1,0,1
S01012828,C. Manufacturing,32,29,1,28,3,0,3
S01012828,F. Construction,43,31,4,27,12,3,9
S01012828,G I. Distribution hotels and restaurants,53,50,16,34,3,3,0
S01012828,H J. Transport and communication,37,32,5,27,5,1,4
S01012828,K L M N. Financial real estate professional and administrative activities,66,65,3,62,1,0,1
S01012828,O P Q. Public administration education and health,122,118,20,98,4,1,3
S01012828,R S T U. Other,24,19,6,13,5,5,0
S01012829,All people aged 16 to 74 in employment,336,305,94,211,31,12,19
S01012829,A B D E. Agriculture energy and water,8,8,2,6,0,0,0
S01012829,C. Manufacturing,27,26,2,24,1,0,1
S01012829,F. Construction,38,28,1,27,10,3,7
S01012829,G I. Distribution hotels and restaurants,86,84,41,43,2,1,1
S01012829,H J. Transport and communication,31,21,4,17,10,5,5
S01012829,K L M N. Financial real estate professional and administrative activities,51,47,9,38,4,2,2
S01012829,O P Q. Public administration education and health,73,72,27,45,1,1,0
S01012829,R S T U. Other,22,19,8,11,3,0,3
S01012830,All people aged 16 to 74 in employment,301,261,69,192,40,11,29
S01012830,A B D E. Agriculture energy and water,7,7,0,7,0,0,0
S01012830,C. Manufacturing,31,28,1,27,3,1,2
S01012830,F. Construction,36,25,2,23,11,2,9
S01012830,G I. Distribution hotels and restaurants,67,57,22,35,10,3,7
S01012830,H J. Transport and communication,22,20,4,16,2,0,2
S01012830,K L M N. Financial real estate professional and administrative activities,45,40,12,28,5,0,5
S01012830,O P Q. Public administration education and health,77,71,21,50,6,3,3
S01012830,R S T U. Other,16,13,7,6,3,2,1
S01012831,All people aged 16 to 74 in employment,234,211,55,156,23,6,17
S01012831,A B D E. Agriculture energy and water,8,8,1,7,0,0,0
S01012831,C. Manufacturing,12,11,0,11,1,0,1
S01012831,F. Construction,34,26,0,26,8,2,6
S01012831,G I. Distribution hotels and restaurants,42,37,18,19,5,1,4
S01012831,H J. Transport and communication,24,19,6,13,5,0,5
S01012831,K L M N. Financial real estate professional and administrative activities,42,40,10,30,2,1,1
S01012831,O P Q. Public administration education and health,61,60,14,46,1,1,0
S01012831,R S T U. Other,11,10,6,4,1,1,0
S01012832,All people aged 16 to 74 in employment,259,227,64,163,32,15,17
S01012832,A B D E. Agriculture energy and water,5,5,1,4,0,0,0
S01012832,C. Manufacturing,28,26,3,23,2,1,1
S01012832,F. Construction,18,16,1,15,2,0,2
S01012832,G I. Distribution hotels and restaurants,56,50,22,28,6,2,4
S01012832,H J. Transport and communication,18,14,1,13,4,1,3
S01012832,K L M N. Financial real estate professional and administrative activities,43,36,7,29,7,3,4
S01012832,O P Q. Public administration education and health,77,68,22,46,9,6,3
S01012832,R S T U. Other,14,12,7,5,2,2,0
S01012833,All people aged 16 to 74 in employment,260,247,78,169,13,5,8
S01012833,A B D E. Agriculture energy and water,4,4,1,3,0,0,0
S01012833,C. Manufacturing,20,20,0,20,0,0,0
S01012833,F. Construction,28,24,2,22,4,1,3
S01012833,G I. Distribution hotels and restaurants,65,64,32,32,1,0,1
S01012833,H J. Transport and communication,17,14,1,13,3,1,2
S01012833,K L M N. Financial real estate professional and administrative activities,38,37,7,30,1,1,0
S01012833,O P Q. Public administration education and health,71,70,27,43,1,1,0
S01012833,R S T U. Other,17,14,8,6,3,1,2
S01012834,All people aged 16 to 74 in employment,284,246,67,179,38,10,28
S01012834,A B D E. Agriculture energy and water,3,3,0,3,0,0,0
S01012834,C. Manufacturing,31,29,5,24,2,1,1
S01012834,F. Construction,18,11,1,10,7,2,5
S01012834,G I. Distribution hotels and restaurants,66,62,26,36,4,0,4
S01012834,H J. Transport and communication,33,25,4,21,8,0,8
S01012834,K L M N. Financial real estate professional and administrative activities,46,40,8,32,6,2,4
S01012834,O P Q. Public administration education and health,68,66,20,46,2,2,0
S01012834,R S T U. Other,19,10,3,7,9,3,6
S01012835,All people aged 16 to 74 in employment,394,355,65,290,39,10,29
S01012835,A B D E. Agriculture energy and water,9,9,0,9,0,0,0
S01012835,C. Manufacturing,42,38,3,35,4,1,3
S01012835,F. Construction,32,27,0,27,5,1,4
S01012835,G I. Distribution hotels and restaurants,67,66,26,40,1,0,1
S01012835,H J. Transport and communication,35,21,1,20,14,3,11
S01012835,K L M N. Financial real estate professional and administrative activities,69,64,8,56,5,1,4
S01012835,O P Q. Public administration education and health,126,121,25,96,5,3,2
S01012835,R S T U. Other,14,9,2,7,5,1,4
S01012836,All people aged 16 to 74 in employment,393,339,86,253,54,5,49
S01012836,A B D E. Agriculture energy and water,12,9,0,9,3,0,3
S01012836,C. Manufacturing,19,17,1,16,2,0,2
S01012836,F. Construction,46,38,4,34,8,0,8
S01012836,G I. Distribution hotels and restaurants,86,66,34,32,20,2,18
S01012836,H J. Transport and communication,30,23,1,22,7,0,7
S01012836,K L M N. Financial real estate professional and administrative activities,74,67,12,55,7,1,6
S01012836,O P Q. Public administration education and health,106,103,32,71,3,1,2
S01012836,R S T U. Other,20,16,2,14,4,1,3
S01012837,All people aged 16 to 74 in employment,256,236,78,158,20,8,12
S01012837,A B D E. Agriculture energy and water,2,2,0,2,0,0,0
S01012837,C. Manufacturing,25,24,6,18,1,0,1
S01012837,F. Construction,19,15,1,14,4,0,4
S01012837,G I. Distribution hotels and restaurants,73,70,33,37,3,2,1
S01012837,H J. Transport and communication,24,19,4,15,5,1,4
S01012837,K L M N. Financial real estate professional and administrative activities,41,41,9,32,0,0,0
S01012837,O P Q. Public administration education and health,60,58,20,38,2,2,0
S01012837,R S T U. Other,12,7,5,2,5,3,2
S01012838,All people aged 16 to 74 in employment,301,284,81,203,17,7,10
S01012838,A B D E. Agriculture energy and water,5,5,0,5,0,0,0
S01012838,C. Manufacturing,29,29,4,25,0,0,0
S01012838,F. Construction,23,17,0,17,6,0,6
S01012838,G I. Distribution hotels and restaurants,88,84,38,46,4,3,1
S01012838,H J. Transport and communication,22,21,3,18,1,0,1
S01012838,K L M N. Financial real estate professional and administrative activities,42,39,8,31,3,2,1
S01012838,O P Q. Public administration education and health,76,74,22,52,2,1,1
S01012838,R S T U. Other,16,15,6,9,1,1,0
S01012839,All people aged 16 to 74 in employment,408,359,94,265,49,15,34
S01012839,A B D E. Agriculture energy and water,12,10,1,9,2,0,2
S01012839,C. Manufacturing,30,29,1,28,1,1,0
S01012839,F. Construction,32,21,1,20,11,0,11
S01012839,G I. Distribution hotels and restaurants,90,85,30,55,5,2,3
S01012839,H J. Transport and communication,37,23,0,23,14,5,9
S01012839,K L M N. Financial real estate professional and administrative activities,72,61,22,39,11,5,6
S01012839,O P Q. Public administration education and health,123,120,35,85,3,2,1
S01012839,R S T U. Other,12,10,4,6,2,0,2
S01012840,All people aged 16 to 74 in employment,461,409,102,307,52,7,45
S01012840,A B D E. Agriculture energy and water,12,12,0,12,0,0,0
S01012840,C. Manufacturing,40,39,5,34,1,0,1
S01012840,F. Construction,52,35,10,25,17,0,17
S01012840,G I. Distribution hotels and restaurants,90,79,27,52,11,1,10
S01012840,H J. Transport and communication,34,31,1,30,3,2,1
S01012840,K L M N. Financial real estate professional and administrative activities,87,77,12,65,10,2,8
S01012840,O P Q. Public administration education and health,133,127,45,82,6,1,5
S01012840,R S T U. Other,13,9,2,7,4,1,3
S01012841,All people aged 16 to 74 in employment,338,299,73,226,39,6,33
S01012841,A B D E. Agriculture energy and water,5,4,1,3,1,0,1
S01012841,C. Manufacturing,28,27,3,24,1,0,1
S01012841,F. Construction,37,30,1,29,7,0,7
S01012841,G I. Distribution hotels and restaurants,59,51,21,30,8,3,5
S01012841,H J. Transport and communication,33,23,2,21,10,1,9
S01012841,K L M N. Financial real estate professional and administrative activities,58,53,12,41,5,0,5
S01012841,O P Q. Public administration education and health,108,105,29,76,3,0,3
S01012841,R S T U. Other,10,6,4,2,4,2,2
S01012842,All people aged 16 to 74 in employment,300,271,70,201,29,7,22
S01012842,A B D E. Agriculture energy and water,3,3,0,3,0,0,0
S01012842,C. Manufacturing,31,30,2,28,1,0,1
S01012842,F. Construction,24,16,1,15,8,0,8
S01012842,G I. Distribution hotels and restaurants,68,64,26,38,4,2,2
S01012842,H J. Transport and communication,20,19,3,16,1,0,1
S01012842,K L M N. Financial real estate professional and administrative activities,48,43,9,34,5,0,5
S01012842,O P Q. Public administration education and health,87,80,22,58,7,2,5
S01012842,R S T U. Other,19,16,7,9,3,3,0
S01012843,All people aged 16 to 74 in employment,491,419,113,306,72,16,56
S01012843,A B D E. Agriculture energy and water,7,6,1,5,1,0,1
S01012843,C. Manufacturing,35,35,4,31,0,0,0
S01012843,F. Construction,29,18,2,16,11,0,11
S01012843,G I. Distribution hotels and restaurants,80,66,26,40,14,3,11
S01012843,H J. Transport and communication,39,29,8,21,10,0,10
S01012843,K L M N. Financial real estate professional and administrative activities,91,78,19,59,13,1,12
S01012843,O P Q. Public administration education and health,179,167,42,125,12,6,6
S01012843,R S T U. Other,31,20,11,9,11,6,5
S01012844,All people aged 16 to 74 in employment,371,301,77,224,70,13,57
S01012844,A B D E. Agriculture energy and water,6,6,0,6,0,0,0
S01012844,C. Manufacturing,21,20,1,19,1,0,1
S01012844,F. Construction,29,18,2,16,11,2,9
S01012844,G I. Distribution hotels and restaurants,66,50,15,35,16,2,14
S01012844,H J. Transport and communication,31,27,4,23,4,0,4
S01012844,K L M N. Financial real estate professional and administrative activities,68,49,12,37,19,5,14
S01012844,O P Q. Public administration education and health,130,118,38,80,12,3,9
S01012844,R S T U. Other,20,13,5,8,7,1,6
S01012845,All people aged 16 to 74 in employment,331,269,75,194,62,20,42
S01012845,A B D E. Agriculture energy and water,4,4,1,3,0,0,0
S01012845,C. Manufacturing,24,23,2,21,1,0,1
S01012845,F. Construction,26,17,1,16,9,0,9
S01012845,G I. Distribution hotels and restaurants,56,40,21,19,16,4,12
S01012845,H J. Transport and communication,24,17,1,16,7,1,6
S01012845,K L M N. Financial real estate professional and administrative activities,72,59,13,46,13,7,6
S01012845,O P Q. Public administration education and health,109,97,30,67,12,4,8
S01012845,R S T U. Other,16,12,6,6,4,4,0
S01012846,All people aged 16 to 74 in employment,359,323,72,251,36,10,26
S01012846,A B D E. Agriculture energy and water,5,5,0,5,0,0,0
S01012846,C. Manufacturing,30,29,1,28,1,1,0
S01012846,F. Construction,29,24,0,24,5,2,3
S01012846,G I. Distribution hotels and restaurants,68,62,26,36,6,1,5
S01012846,H J. Transport and communication,38,29,4,25,9,1,8
S01012846,K L M N. Financial real estate professional and administrative activities,69,63,11,52,6,0,6
S01012846,O P Q. Public administration education and health,101,101,28,73,0,0,0
S01012846,R S T U. Other,19,10,2,8,9,5,4
S01012847,All people aged 16 to 74 in employment,265,232,65,167,33,8,25
S01012847,A B D E. Agriculture energy and water,3,3,0,3,0,0,0
S01012847,C. Manufacturing,29,27,1,26,2,0,2
S01012847,F. Construction,31,20,1,19,11,2,9
S01012847,G I. Distribution hotels and restaurants,50,43,23,20,7,2,5
S01012847,H J. Transport and communication,16,15,1,14,1,0,1
S01012847,K L M N. Financial real estate professional and administrative activities,45,39,12,27,6,3,3
S01012847,O P Q. Public administration education and health,76,72,24,48,4,0,4
S01012847,R S T U. Other,15,13,3,10,2,1,1
S01012848,All people aged 16 to 74 in employment,383,333,93,240,50,13,37
S01012848,A B D E. Agriculture energy and water,22,19,4,15,3,1,2
S01012848,C. Manufacturing,33,31,2,29,2,0,2
S01012848,F. Construction,34,21,2,19,13,2,11
S01012848,G I. Distribution hotels and restaurants,74,64,27,37,10,2,8
S01012848,H J. Transport and communication,36,26,5,21,10,3,7
S01012848,K L M N. Financial real estate professional and administrative activities,60,55,9,46,5,1,4
S01012848,O P Q. Public administration education and health,114,110,40,70,4,2,2
S01012848,R S T U. Other,10,7,4,3,3,2,1
S01012849,All people aged 16 to 74 in employment,351,333,82,251,18,5,13
S01012849,A B D E. Agriculture energy and water,9,9,1,8,0,0,0
S01012849,C. Manufacturing,29,29,1,28,0,0,0
S01012849,F. Construction,37,29,1,28,8,2,6
S01012849,G I. Distribution hotels and restaurants,68,68,24,44,0,0,0
S01012849,H J. Transport and communication,34,31,4,27,3,0,3
S01012849,K L M N. Financial real estate professional and administrative activities,68,64,16,48,4,2,2
S01012849,O P Q. Public administration education and health,90,87,26,61,3,1,2
S01012849,R S T U. Other,16,16,9,7,0,0,0
S01012850,All people aged 16 to 74 in employment,305,282,75,207,23,5,18
S01012850,A B D E. Agriculture energy and water,8,8,0,8,0,0,0
S01012850,C. Manufacturing,28,27,3,24,1,1,0
S01012850,F. Construction,31,22,1,21,9,0,9
S01012850,G I. Distribution hotels and restaurants,67,64,23,41,3,1,2
S01012850,H J. Transport and communication,21,18,2,16,3,1,2
S01012850,K L M N. Financial real estate professional and administrative activities,47,43,13,30,4,1,3
S01012850,O P Q. Public administration education and health,87,86,28,58,1,0,1
S01012850,R S T U. Other,16,14,5,9,2,1,1
S01012851,All people aged 16 to 74 in employment,366,327,99,228,39,11,28
S01012851,A B D E. Agriculture energy and water,4,4,0,4,0,0,0
S01012851,C. Manufacturing,25,19,3,16,6,0,6
S01012851,F. Construction,33,23,3,20,10,3,7
S01012851,G I. Distribution hotels and restaurants,77,73,38,35,4,0,4
S01012851,H J. Transport and communication,37,32,4,28,5,0,5
S01012851,K L M N. Financial real estate professional and administrative activities,55,48,10,38,7,3,4
S01012851,O P Q. Public administration education and health,121,120,38,82,1,1,0
S01012851,R S T U. Other,14,8,3,5,6,4,2
S01012852,All people aged 16 to 74 in employment,360,321,90,231,39,11,28
S01012852,A B D E. Agriculture energy and water,6,5,1,4,1,0,1
S01012852,C. Manufacturing,22,19,1,18,3,1,2
S01012852,F. Construction,23,17,1,16,6,0,6
S01012852,G I. Distribution hotels and restaurants,62,58,34,24,4,3,1
S01012852,H J. Transport and communication,35,24,6,18,11,3,8
S01012852,K L M N. Financial real estate professional and administrative activities,69,60,11,49,9,0,9
S01012852,O P Q. Public administration education and health,135,132,35,97,3,3,0
S01012852,R S T U. Other,8,6,1,5,2,1,1
S01012853,All people aged 16 to 74 in employment,382,337,107,230,45,14,31
S01012853,A B D E. Agriculture energy and water,9,9,1,8,0,0,0
S01012853,C. Manufacturing,26,24,2,22,2,0,2
S01012853,F. Construction,38,31,1,30,7,2,5
S01012853,G I. Distribution hotels and restaurants,72,67,30,37,5,0,5
S01012853,H J. Transport and communication,35,22,4,18,13,3,10
S01012853,K L M N. Financial real estate professional and administrative activities,48,40,12,28,8,3,5
S01012853,O P Q. Public administration education and health,137,131,51,80,6,4,2
S01012853,R S T U. Other,17,13,6,7,4,2,2
S01012854,All people aged 16 to 74 in employment,489,441,98,343,48,11,37
S01012854,A B D E. Agriculture energy and water,13,12,0,12,1,0,1
S01012854,C. Manufacturing,31,26,1,25,5,2,3
S01012854,F. Construction,29,21,0,21,8,2,6
S01012854,G I. Distribution hotels and restaurants,89,81,32,49,8,1,7
S01012854,H J. Transport and communication,30,26,4,22,4,1,3
S01012854,K L M N. Financial real estate professional and administrative activities,88,79,17,62,9,4,5
S01012854,O P Q. Public administration education and health,183,177,38,139,6,0,6
S01012854,R S T U. Other,26,19,6,13,7,1,6
S01012855,All people aged 16 to 74 in employment,396,359,75,284,37,8,29
S01012855,A B D E. Agriculture energy and water,8,8,1,7,0,0,0
S01012855,C. Manufacturing,34,32,2,30,2,0,2
S01012855,F. Construction,25,19,1,18,6,1,5
S01012855,G I. Distribution hotels and restaurants,62,55,24,31,7,1,6
S01012855,H J. Transport and communication,28,24,1,23,4,0,4
S01012855,K L M N. Financial real estate professional and administrative activities,83,80,10,70,3,0,3
S01012855,O P Q. Public administration education and health,136,126,32,94,10,3,7
S01012855,R S T U. Other,20,15,4,11,5,3,2
S01012856,All people aged 16 to 74 in employment,296,270,56,214,26,0,26
S01012856,A B D E. Agriculture energy and water,13,13,1,12,0,0,0
S01012856,C. Manufacturing,32,28,4,24,4,0,4
S01012856,F. Construction,33,25,1,24,8,0,8
S01012856,G I. Distribution hotels and restaurants,47,45,24,21,2,0,2
S01012856,H J. Transport and communication,24,19,1,18,5,0,5
S01012856,K L M N. Financial real estate professional and administrative activities,49,49,4,45,0,0,0
S01012856,O P Q. Public administration education and health,82,81,17,64,1,0,1
S01012856,R S T U. Other,16,10,4,6,6,0,6
S01012857,All people aged 16 to 74 in employment,306,288,58,230,18,4,14
S01012857,A B D E. Agriculture energy and water,11,10,0,10,1,1,0
S01012857,C. Manufacturing,24,21,0,21,3,0,3
S01012857,F. Construction,25,20,0,20,5,1,4
S01012857,G I. Distribution hotels and restaurants,60,58,15,43,2,0,2
S01012857,H J. Transport and communication,33,27,1,26,6,1,5
S01012857,K L M N. Financial real estate professional and administrative activities,53,52,10,42,1,1,0
S01012857,O P Q. Public administration education and health,89,89,30,59,0,0,0
S01012857,R S T U. Other,11,11,2,9,0,0,0
S01012858,All people aged 16 to 74 in employment,335,309,68,241,26,6,20
S01012858,A B D E. Agriculture energy and water,7,6,3,3,1,0,1
S01012858,C. Manufacturing,27,24,0,24,3,0,3
S01012858,F. Construction,25,18,0,18,7,0,7
S01012858,G I. Distribution hotels and restaurants,74,70,29,41,4,1,3
S01012858,H J. Transport and communication,33,27,3,24,6,2,4
S01012858,K L M N. Financial real estate professional and administrative activities,58,58,4,54,0,0,0
S01012858,O P Q. Public administration education and health,95,95,25,70,0,0,0
S01012858,R S T U. Other,16,11,4,7,5,3,2
S01012859,All people aged 16 to 74 in employment,501,443,93,350,58,5,53
S01012859,A B D E. Agriculture energy and water,10,10,0,10,0,0,0
S01012859,C. Manufacturing,38,36,1,35,2,0,2
S01012859,F. Construction,53,35,2,33,18,1,17
S01012859,G I. Distribution hotels and restaurants,117,106,37,69,11,2,9
S01012859,H J. Transport and communication,43,33,3,30,10,2,8
S01012859,K L M N. Financial real estate professional and administrative activities,75,71,6,65,4,0,4
S01012859,O P Q. Public administration education and health,133,128,36,92,5,0,5
S01012859,R S T U. Other,32,24,8,16,8,0,8
S01012860,All people aged 16 to 74 in employment,380,330,97,233,50,16,34
S01012860,A B D E. Agriculture energy and water,7,7,3,4,0,0,0
S01012860,C. Manufacturing,19,17,3,14,2,0,2
S01012860,F. Construction,42,29,3,26,13,0,13
S01012860,G I. Distribution hotels and restaurants,81,74,35,39,7,1,6
S01012860,H J. Transport and communication,34,26,3,23,8,3,5
S01012860,K L M N. Financial real estate professional and administrative activities,46,38,11,27,8,3,5
S01012860,O P Q. Public administration education and health,138,131,33,98,7,5,2
S01012860,R S T U. Other,13,8,6,2,5,4,1
S01012861,All people aged 16 to 74 in employment,375,327,78,249,48,10,38
S01012861,A B D E. Agriculture energy and water,9,9,0,9,0,0,0
S01012861,C. Manufacturing,21,21,0,21,0,0,0
S01012861,F. Construction,34,21,1,20,13,4,9
S01012861,G I. Distribution hotels and restaurants,70,60,26,34,10,2,8
S01012861,H J. Transport and communication,34,22,4,18,12,1,11
S01012861,K L M N. Financial real estate professional and administrative activities,66,62,15,47,4,0,4
S01012861,O P Q. Public administration education and health,124,118,26,92,6,2,4
S01012861,R S T U. Other,17,14,6,8,3,1,2
S01012862,All people aged 16 to 74 in employment,241,225,56,169,16,3,13
S01012862,A B D E. Agriculture energy and water,1,1,0,1,0,0,0
S01012862,C. Manufacturing,21,20,2,18,1,0,1
S01012862,F. Construction,24,21,0,21,3,0,3
S01012862,G I. Distribution hotels and restaurants,60,57,30,27,3,1,2
S01012862,H J. Transport and communication,21,17,2,15,4,0,4
S01012862,K L M N. Financial real estate professional and administrative activities,35,33,5,28,2,0,2
S01012862,O P Q. Public administration education and health,68,67,13,54,1,1,0
S01012862,R S T U. Other,11,9,4,5,2,1,1
S01012863,All people aged 16 to 74 in employment,290,280,63,217,10,1,9
S01012863,A B D E. Agriculture energy and water,4,4,0,4,0,0,0
S01012863,C. Manufacturing,19,19,2,17,0,0,0
S01012863,F. Construction,17,10,0,10,7,1,6
S01012863,G I. Distribution hotels and restaurants,74,74,28,46,0,0,0
S01012863,H J. Transport and communication,24,24,3,21,0,0,0
S01012863,K L M N. Financial real estate professional and administrative activities,56,56,11,45,0,0,0
S01012863,O P Q. Public administration education and health,80,78,15,63,2,0,2
S01012863,R S T U. Other,16,15,4,11,1,0,1
S01012864,All people aged 16 to 74 in employment,347,319,76,243,28,4,24
S01012864,A B D E. Agriculture energy and water,5,5,1,4,0,0,0
S01012864,C. Manufacturing,18,17,1,16,1,0,1
S01012864,F. Construction,46,33,2,31,13,2,11
S01012864,G I. Distribution hotels and restaurants,73,71,29,42,2,0,2
S01012864,H J. Transport and communication,29,25,4,21,4,1,3
S01012864,K L M N. Financial real estate professional and administrative activities,61,58,8,50,3,0,3
S01012864,O P Q. Public administration education and health,88,85,20,65,3,0,3
S01012864,R S T U. Other,27,25,11,14,2,1,1
S01012865,All people aged 16 to 74 in employment,325,290,82,208,35,9,26
S01012865,A B D E. Agriculture energy and water,5,5,0,5,0,0,0
S01012865,C. Manufacturing,26,25,3,22,1,0,1
S01012865,F. Construction,23,13,2,11,10,1,9
S01012865,G I. Distribution hotels and restaurants,59,57,30,27,2,1,1
S01012865,H J. Transport and communication,35,25,5,20,10,4,6
S01012865,K L M N. Financial real estate professional and administrative activities,60,51,12,39,9,2,7
S01012865,O P Q. Public administration education and health,100,97,25,72,3,1,2
S01012865,R S T U. Other,17,17,5,12,0,0,0
S01012866,All people aged 16 to 74 in employment,367,339,92,247,28,6,22
S01012866,A B D E. Agriculture energy and water,11,11,2,9,0,0,0
S01012866,C. Manufacturing,30,29,4,25,1,0,1
S01012866,F. Construction,38,31,3,28,7,1,6
S01012866,G I. Distribution hotels and restaurants,69,65,30,35,4,0,4
S01012866,H J. Transport and communication,27,21,3,18,6,2,4
S01012866,K L M N. Financial real estate professional and administrative activities,62,59,11,48,3,1,2
S01012866,O P Q. Public administration education and health,112,108,34,74,4,1,3
S01012866,R S T U. Other,18,15,5,10,3,1,2
S01012867,All people aged 16 to 74 in employment,260,245,60,185,15,5,10
S01012867,A B D E. Agriculture energy and water,7,7,0,7,0,0,0
S01012867,C. Manufacturing,24,24,3,21,0,0,0
S01012867,F. Construction,31,26,3,23,5,2,3
S01012867,G I. Distribution hotels and restaurants,54,53,18,35,1,0,1
S01012867,H J. Transport and communication,19,16,2,14,3,0,3
S01012867,K L M N. Financial real estate professional and administrative activities,27,24,7,17,3,3,0
S01012867,O P Q. Public administration education and health,87,85,25,60,2,0,2
S01012867,R S T U. Other,11,10,2,8,1,0,1
S01012868,All people aged 16 to 74 in employment,251,232,63,169,19,2,17
S01012868,A B D E. Agriculture energy and water,7,7,0,7,0,0,0
S01012868,C. Manufacturing,21,19,3,16,2,0,2
S01012868,F. Construction,23,18,1,17,5,0,5
S01012868,G I. Distribution hotels and restaurants,69,66,27,39,3,0,3
S01012868,H J. Transport and communication,18,16,2,14,2,1,1
S01012868,K L M N. Financial real estate professional and administrative activities,22,20,4,16,2,0,2
S01012868,O P Q. Public administration education and health,78,75,20,55,3,1,2
S01012868,R S T U. Other,13,11,6,5,2,0,2
S01012869,All people aged 16 to 74 in employment,195,185,64,121,10,3,7
S01012869,A B D E. Agriculture energy and water,4,3,1,2,1,0,1
S01012869,C. Manufacturing,8,8,1,7,0,0,0
S01012869,F. Construction,19,15,1,14,4,0,4
S01012869,G I. Distribution hotels and restaurants,71,68,33,35,3,2,1
S01012869,H J. Transport and communication,16,15,2,13,1,0,1
S01012869,K L M N. Financial real estate professional and administrative activities,31,30,9,21,1,1,0
S01012869,O P Q. Public administration education and health,39,39,12,27,0,0,0
S01012869,R S T U. Other,7,7,5,2,0,0,0
S01012870,All people aged 16 to 74 in employment,444,396,112,284,48,12,36
S01012870,A B D E. Agriculture energy and water,16,16,1,15,0,0,0
S01012870,C. Manufacturing,28,27,1,26,1,0,1
S01012870,F. Construction,45,29,1,28,16,3,13
S01012870,G I. Distribution hotels and restaurants,90,86,39,47,4,1,3
S01012870,H J. Transport and communication,44,31,5,26,13,1,12
S01012870,K L M N. Financial real estate professional and administrative activities,61,54,15,39,7,2,5
S01012870,O P Q. Public administration education and health,140,137,43,94,3,2,1
S01012870,R S T U. Other,20,16,7,9,4,3,1
S01012871,All people aged 16 to 74 in employment,394,352,98,254,42,9,33
S01012871,A B D E. Agriculture energy and water,10,10,2,8,0,0,0
S01012871,C. Manufacturing,22,19,0,19,3,1,2
S01012871,F. Construction,36,27,5,22,9,2,7
S01012871,G I. Distribution hotels and restaurants,70,68,28,40,2,0,2
S01012871,H J. Transport and communication,40,27,6,21,13,1,12
S01012871,K L M N. Financial real estate professional and administrative activities,61,57,14,43,4,1,3
S01012871,O P Q. Public administration education and health,130,126,37,89,4,2,2
S01012871,R S T U. Other,25,18,6,12,7,2,5
S01012872,All people aged 16 to 74 in employment,380,353,99,254,27,5,22
S01012872,A B D E. Agriculture energy and water,12,12,1,11,0,0,0
S01012872,C. Manufacturing,21,21,4,17,0,0,0
S01012872,F. Construction,38,27,1,26,11,2,9
S01012872,G I. Distribution hotels and restaurants,93,90,34,56,3,1,2
S01012872,H J. Transport and communication,27,21,2,19,6,0,6
S01012872,K L M N. Financial real estate professional and administrative activities,67,63,16,47,4,2,2
S01012872,O P Q. Public administration education and health,110,107,37,70,3,0,3
S01012872,R S T U. Other,12,12,4,8,0,0,0
S01012873,All people aged 16 to 74 in employment,434,398,110,288,36,6,30
S01012873,A B D E. Agriculture energy and water,12,10,0,10,2,1,1
S01012873,C. Manufacturing,19,17,1,16,2,0,2
S01012873,F. Construction,47,38,3,35,9,0,9
S01012873,G I. Distribution hotels and restaurants,76,73,38,35,3,0,3
S01012873,H J. Transport and communication,48,40,5,35,8,3,5
S01012873,K L M N. Financial real estate professional and administrative activities,80,78,18,60,2,1,1
S01012873,O P Q. Public administration education and health,129,125,40,85,4,0,4
S01012873,R S T U. Other,23,17,5,12,6,1,5
S01012874,All people aged 16 to 74 in employment,327,297,88,209,30,5,25
S01012874,A B D E. Agriculture energy and water,7,7,2,5,0,0,0
S01012874,C. Manufacturing,21,20,2,18,1,0,1
S01012874,F. Construction,22,19,3,16,3,0,3
S01012874,G I. Distribution hotels and restaurants,76,74,36,38,2,0,2
S01012874,H J. Transport and communication,34,24,2,22,10,0,10
S01012874,K L M N. Financial real estate professional and administrative activities,42,38,7,31,4,1,3
S01012874,O P Q. Public administration education and health,100,95,34,61,5,4,1
S01012874,R S T U. Other,25,20,2,18,5,0,5
S01012875,All people aged 16 to 74 in employment,270,244,52,192,26,5,21
S01012875,A B D E. Agriculture energy and water,8,7,0,7,1,0,1
S01012875,C. Manufacturing,22,22,1,21,0,0,0
S01012875,F. Construction,25,17,0,17,8,2,6
S01012875,G I. Distribution hotels and restaurants,76,73,24,49,3,1,2
S01012875,H J. Transport and communication,24,20,3,17,4,0,4
S01012875,K L M N. Financial real estate professional and administrative activities,36,30,8,22,6,1,5
S01012875,O P Q. Public administration education and health,66,66,14,52,0,0,0
S01012875,R S T U. Other,13,9,2,7,4,1,3
S01012876,All people aged 16 to 74 in employment,316,295,93,202,21,5,16
S01012876,A B D E. Agriculture energy and water,6,6,1,5,0,0,0
S01012876,C. Manufacturing,28,28,4,24,0,0,0
S01012876,F. Construction,30,20,0,20,10,1,9
S01012876,G I. Distribution hotels and restaurants,79,76,37,39,3,0,3
S01012876,H J. Transport and communication,19,15,2,13,4,2,2
S01012876,K L M N. Financial real estate professional and administrative activities,32,30,5,25,2,1,1
S01012876,O P Q. Public administration education and health,96,94,33,61,2,1,1
S01012876,R S T U. Other,26,26,11,15,0,0,0
S01012877,All people aged 16 to 74 in employment,318,295,90,205,23,10,13
S01012877,A B D E. Agriculture energy and water,8,8,0,8,0,0,0
S01012877,C. Manufacturing,18,17,2,15,1,0,1
S01012877,F. Construction,35,30,2,28,5,1,4
S01012877,G I. Distribution hotels and restaurants,74,68,30,38,6,2,4
S01012877,H J. Transport and communication,31,24,4,20,7,3,4
S01012877,K L M N. Financial real estate professional and administrative activities,43,40,11,29,3,3,0
S01012877,O P Q. Public administration education and health,95,95,38,57,0,0,0
S01012877,R S T U. Other,14,13,3,10,1,1,0
S01012878,All people aged 16 to 74 in employment,522,458,127,331,64,15,49
S01012878,A B D E. Agriculture energy and water,12,12,1,11,0,0,0
S01012878,C. Manufacturing,41,36,3,33,5,2,3
S01012878,F. Construction,54,39,2,37,15,2,13
S01012878,G I. Distribution hotels and restaurants,97,86,45,41,11,2,9
S01012878,H J. Transport and communication,48,40,6,34,8,0,8
S01012878,K L M N. Financial real estate professional and administrative activities,103,89,20,69,14,1,13
S01012878,O P Q. Public administration education and health,151,144,44,100,7,6,1
S01012878,R S T U. Other,16,12,6,6,4,2,2
S01012879,All people aged 16 to 74 in employment,354,318,79,239,36,11,25
S01012879,A B D E. Agriculture energy and water,11,10,0,10,1,1,0
S01012879,C. Manufacturing,21,20,0,20,1,1,0
S01012879,F. Construction,27,22,0,22,5,0,5
S01012879,G I. Distribution hotels and restaurants,63,54,22,32,9,5,4
S01012879,H J. Transport and communication,25,23,3,20,2,0,2
S01012879,K L M N. Financial real estate professional and administrative activities,66,54,12,42,12,1,11
S01012879,O P Q. Public administration education and health,126,121,36,85,5,2,3
S01012879,R S T U. Other,15,14,6,8,1,1,0
S01012880,All people aged 16 to 74 in employment,443,383,116,267,60,17,43
S01012880,A B D E. Agriculture energy and water,9,9,0,9,0,0,0
S01012880,C. Manufacturing,31,27,3,24,4,1,3
S01012880,F. Construction,28,21,2,19,7,2,5
S01012880,G I. Distribution hotels and restaurants,69,65,37,28,4,1,3
S01012880,H J. Transport and communication,33,28,2,26,5,1,4
S01012880,K L M N. Financial real estate professional and administrative activities,96,73,29,44,23,6,17
S01012880,O P Q. Public administration education and health,152,139,32,107,13,6,7
S01012880,R S T U. Other,25,21,11,10,4,0,4
S01012881,All people aged 16 to 74 in employment,380,323,87,236,57,17,40
S01012881,A B D E. Agriculture energy and water,3,3,0,3,0,0,0
S01012881,C. Manufacturing,25,23,1,22,2,0,2
S01012881,F. Construction,23,12,0,12,11,1,10
S01012881,G I. Distribution hotels and restaurants,75,66,33,33,9,1,8
S01012881,H J. Transport and communication,28,22,2,20,6,3,3
S01012881,K L M N. Financial real estate professional and administrative activities,67,53,12,41,14,4,10
S01012881,O P Q. Public administration education and health,139,128,29,99,11,5,6
S01012881,R S T U. Other,20,16,10,6,4,3,1
S01012882,All people aged 16 to 74 in employment,252,230,84,146,22,10,12
S01012882,A B D E. Agriculture energy and water,3,3,1,2,0,0,0
S01012882,C. Manufacturing,23,22,2,20,1,0,1
S01012882,F. Construction,28,25,1,24,3,0,3
S01012882,G I. Distribution hotels and restaurants,70,68,37,31,2,0,2
S01012882,H J. Transport and communication,23,18,5,13,5,2,3
S01012882,K L M N. Financial real estate professional and administrative activities,32,27,11,16,5,3,2
S01012882,O P Q. Public administration education and health,58,56,23,33,2,2,0
S01012882,R S T U. Other,15,11,4,7,4,3,1
S01012883,All people aged 16 to 74 in employment,185,164,47,117,21,13,8
S01012883,A B D E. Agriculture energy and water,4,4,1,3,0,0,0
S01012883,C. Manufacturing,11,10,1,9,1,1,0
S01012883,F. Construction,17,10,0,10,7,2,5
S01012883,G I. Distribution hotels and restaurants,38,38,11,27,0,0,0
S01012883,H J. Transport and communication,21,18,5,13,3,2,1
S01012883,K L M N. Financial real estate professional and administrative activities,30,23,10,13,7,5,2
S01012883,O P Q. Public administration education and health,50,49,13,36,1,1,0
S01012883,R S T U. Other,14,12,6,6,2,2,0
S01012884,All people aged 16 to 74 in employment,199,172,47,125,27,7,20
S01012884,A B D E. Agriculture energy and water,3,2,0,2,1,0,1
S01012884,C. Manufacturing,9,8,0,8,1,0,1
S01012884,F. Construction,20,13,0,13,7,1,6
S01012884,G I. Distribution hotels and restaurants,34,32,18,14,2,1,1
S01012884,H J. Transport and communication,17,13,1,12,4,0,4
S01012884,K L M N. Financial real estate professional and administrative activities,39,34,5,29,5,2,3
S01012884,O P Q. Public administration education and health,63,60,20,40,3,1,2
S01012884,R S T U. Other,14,10,3,7,4,2,2
S01012885,All people aged 16 to 74 in employment,195,178,44,134,17,7,10
S01012885,A B D E. Agriculture energy and water,5,5,0,5,0,0,0
S01012885,C. Manufacturing,21,20,1,19,1,0,1
S01012885,F. Construction,21,17,2,15,4,0,4
S01012885,G I. Distribution hotels and restaurants,56,53,23,30,3,2,1
S01012885,H J. Transport and communication,11,9,2,7,2,1,1
S01012885,K L M N. Financial real estate professional and administrative activities,27,25,3,22,2,2,0
S01012885,O P Q. Public administration education and health,47,45,12,33,2,1,1
S01012885,R S T U. Other,7,4,1,3,3,1,2
S01012886,All people aged 16 to 74 in employment,390,345,92,253,45,15,30
S01012886,A B D E. Agriculture energy and water,10,9,2,7,1,0,1
S01012886,C. Manufacturing,25,25,2,23,0,0,0
S01012886,F. Construction,27,21,2,19,6,1,5
S01012886,G I. Distribution hotels and restaurants,59,50,23,27,9,1,8
S01012886,H J. Transport and communication,25,19,1,18,6,1,5
S01012886,K L M N. Financial real estate professional and administrative activities,89,78,14,64,11,3,8
S01012886,O P Q. Public administration education and health,135,131,42,89,4,3,1
S01012886,R S T U. Other,20,12,6,6,8,6,2
S01012887,All people aged 16 to 74 in employment,358,322,80,242,36,9,27
S01012887,A B D E. Agriculture energy and water,10,9,0,9,1,0,1
S01012887,C. Manufacturing,15,15,3,12,0,0,0
S01012887,F. Construction,29,20,2,18,9,1,8
S01012887,G I. Distribution hotels and restaurants,58,56,26,30,2,1,1
S01012887,H J. Transport and communication,32,29,4,25,3,1,2
S01012887,K L M N. Financial real estate professional and administrative activities,81,67,19,48,14,5,9
S01012887,O P Q. Public administration education and health,124,117,22,95,7,1,6
S01012887,R S T U. Other,9,9,4,5,0,0,0
S01012888,All people aged 16 to 74 in employment,374,316,85,231,58,17,41
S01012888,A B D E. Agriculture energy and water,6,4,2,2,2,1,1
S01012888,C. Manufacturing,22,20,1,19,2,0,2
S01012888,F. Construction,35,23,1,22,12,3,9
S01012888,G I. Distribution hotels and restaurants,50,44,28,16,6,3,3
S01012888,H J. Transport and communication,27,21,3,18,6,1,5
S01012888,K L M N. Financial real estate professional and administrative activities,73,62,7,55,11,3,8
S01012888,O P Q. Public administration education and health,144,130,42,88,14,5,9
S01012888,R S T U. Other,17,12,1,11,5,1,4
S01012889,All people aged 16 to 74 in employment,487,430,98,332,57,12,45
S01012889,A B D E. Agriculture energy and water,13,12,2,10,1,0,1
S01012889,C. Manufacturing,35,33,2,31,2,0,2
S01012889,F. Construction,39,29,2,27,10,1,9
S01012889,G I. Distribution hotels and restaurants,96,81,31,50,15,3,12
S01012889,H J. Transport and communication,40,32,5,27,8,1,7
S01012889,K L M N. Financial real estate professional and administrative activities,103,89,18,71,14,4,10
S01012889,O P Q. Public administration education and health,147,143,36,107,4,0,4
S01012889,R S T U. Other,14,11,2,9,3,3,0
S01012890,All people aged 16 to 74 in employment,278,254,65,189,24,7,17
S01012890,A B D E. Agriculture energy and water,7,7,0,7,0,0,0
S01012890,C. Manufacturing,19,18,2,16,1,0,1
S01012890,F. Construction,23,19,1,18,4,0,4
S01012890,G I. Distribution hotels and restaurants,73,68,25,43,5,1,4
S01012890,H J. Transport and communication,23,18,2,16,5,1,4
S01012890,K L M N. Financial real estate professional and administrative activities,31,27,6,21,4,1,3
S01012890,O P Q. Public administration education and health,82,80,27,53,2,2,0
S01012890,R S T U. Other,20,17,2,15,3,2,1
S01012891,All people aged 16 to 74 in employment,243,210,58,152,33,11,22
S01012891,A B D E. Agriculture energy and water,5,5,1,4,0,0,0
S01012891,C. Manufacturing,17,17,3,14,0,0,0
S01012891,F. Construction,31,19,3,16,12,3,9
S01012891,G I. Distribution hotels and restaurants,54,48,17,31,6,2,4
S01012891,H J. Transport and communication,19,17,3,14,2,1,1
S01012891,K L M N. Financial real estate professional and administrative activities,32,29,9,20,3,1,2
S01012891,O P Q. Public administration education and health,74,68,21,47,6,3,3
S01012891,R S T U. Other,11,7,1,6,4,1,3
S01012892,All people aged 16 to 74 in employment,440,409,113,296,31,8,23
S01012892,A B D E. Agriculture energy and water,16,13,0,13,3,1,2
S01012892,C. Manufacturing,34,34,3,31,0,0,0
S01012892,F. Construction,36,28,2,26,8,1,7
S01012892,G I. Distribution hotels and restaurants,121,116,55,61,5,2,3
S01012892,H J. Transport and communication,31,25,2,23,6,0,6
S01012892,K L M N. Financial real estate professional and administrative activities,64,59,13,46,5,1,4
S01012892,O P Q. Public administration education and health,117,117,28,89,0,0,0
S01012892,R S T U. Other,21,17,10,7,4,3,1
S01012893,All people aged 16 to 74 in employment,287,273,90,183,14,5,9
S01012893,A B D E. Agriculture energy and water,2,2,0,2,0,0,0
S01012893,C. Manufacturing,19,19,2,17,0,0,0
S01012893,F. Construction,21,16,2,14,5,0,5
S01012893,G I. Distribution hotels and restaurants,79,78,32,46,1,1,0
S01012893,H J. Transport and communication,36,30,6,24,6,4,2
S01012893,K L M N. Financial real estate professional and administrative activities,33,33,7,26,0,0,0
S01012893,O P Q. Public administration education and health,80,80,31,49,0,0,0
S01012893,R S T U. Other,17,15,10,5,2,0,2
S01012894,All people aged 16 to 74 in employment,418,364,108,256,54,11,43
S01012894,A B D E. Agriculture energy and water,12,9,3,6,3,0,3
S01012894,C. Manufacturing,35,30,0,30,5,0,5
S01012894,F. Construction,49,33,3,30,16,2,14
S01012894,G I. Distribution hotels and restaurants,99,91,39,52,8,2,6
S01012894,H J. Transport and communication,31,27,7,20,4,0,4
S01012894,K L M N. Financial real estate professional and administrative activities,71,65,15,50,6,2,4
S01012894,O P Q. Public administration education and health,109,102,38,64,7,4,3
S01012894,R S T U. Other,12,7,3,4,5,1,4
S01012895,All people aged 16 to 74 in employment,305,256,71,185,49,5,44
S01012895,A B D E. Agriculture energy and water,27,12,1,11,15,1,14
S01012895,C. Manufacturing,22,19,3,16,3,0,3
S01012895,F. Construction,29,19,3,16,10,0,10
S01012895,G I. Distribution hotels and restaurants,50,46,17,29,4,0,4
S01012895,H J. Transport and communication,26,22,0,22,4,1,3
S01012895,K L M N. Financial real estate professional and administrative activities,41,35,10,25,6,1,5
S01012895,O P Q. Public administration education and health,95,91,33,58,4,1,3
S01012895,R S T U. Other,15,12,4,8,3,1,2
S01012896,All people aged 16 to 74 in employment,367,332,90,242,35,13,22
S01012896,A B D E. Agriculture energy and water,5,5,1,4,0,0,0
S01012896,C. Manufacturing,45,41,1,40,4,1,3
S01012896,F. Construction,14,9,1,8,5,1,4
S01012896,G I. Distribution hotels and restaurants,66,64,33,31,2,0,2
S01012896,H J. Transport and communication,39,27,2,25,12,5,7
S01012896,K L M N. Financial real estate professional and administrative activities,56,53,9,44,3,2,1
S01012896,O P Q. Public administration education and health,124,121,37,84,3,1,2
S01012896,R S T U. Other,18,12,6,6,6,3,3
S01012897,All people aged 16 to 74 in employment,337,297,71,226,40,10,30
S01012897,A B D E. Agriculture energy and water,14,13,1,12,1,0,1
S01012897,C. Manufacturing,26,25,1,24,1,0,1
S01012897,F. Construction,27,19,0,19,8,1,7
S01012897,G I. Distribution hotels and restaurants,77,72,25,47,5,1,4
S01012897,H J. Transport and communication,24,18,3,15,6,2,4
S01012897,K L M N. Financial real estate professional and administrative activities,53,44,14,30,9,2,7
S01012897,O P Q. Public administration education and health,100,96,25,71,4,3,1
S01012897,R S T U. Other,16,10,2,8,6,1,5
S01012898,All people aged 16 to 74 in employment,333,295,71,224,38,10,28
S01012898,A B D E. Agriculture energy and water,11,11,3,8,0,0,0
S01012898,C. Manufacturing,34,31,2,29,3,1,2
S01012898,F. Construction,24,16,1,15,8,3,5
S01012898,G I. Distribution hotels and restaurants,72,66,27,39,6,1,5
S01012898,H J. Transport and communication,28,27,4,23,1,0,1
S01012898,K L M N. Financial real estate professional and administrative activities,68,56,10,46,12,3,9
S01012898,O P Q. Public administration education and health,80,75,19,56,5,2,3
S01012898,R S T U. Other,16,13,5,8,3,0,3
S01012899,All people aged 16 to 74 in employment,242,224,65,159,18,6,12
S01012899,A B D E. Agriculture energy and water,16,16,6,10,0,0,0
S01012899,C. Manufacturing,21,21,0,21,0,0,0
S01012899,F. Construction,20,14,0,14,6,3,3
S01012899,G I. Distribution hotels and restaurants,59,58,24,34,1,0,1
S01012899,H J. Transport and communication,20,15,2,13,5,1,4
S01012899,K L M N. Financial real estate professional and administrative activities,31,30,7,23,1,0,1
S01012899,O P Q. Public administration education and health,66,62,25,37,4,2,2
S01012899,R S T U. Other,9,8,1,7,1,0,1
S01012900,All people aged 16 to 74 in employment,303,249,68,181,54,12,42
S01012900,A B D E. Agriculture energy and water,14,4,0,4,10,2,8
S01012900,C. Manufacturing,24,20,0,20,4,0,4
S01012900,F. Construction,34,28,4,24,6,0,6
S01012900,G I. Distribution hotels and restaurants,64,52,22,30,12,1,11
S01012900,H J. Transport and communication,23,21,5,16,2,1,1
S01012900,K L M N. Financial real estate professional and administrative activities,52,43,12,31,9,3,6
S01012900,O P Q. Public administration education and health,77,72,21,51,5,1,4
S01012900,R S T U. Other,15,9,4,5,6,4,2
S01012901,All people aged 16 to 74 in employment,341,307,72,235,34,13,21
S01012901,A B D E. Agriculture energy and water,8,8,2,6,0,0,0
S01012901,C. Manufacturing,29,27,2,25,2,0,2
S01012901,F. Construction,18,12,0,12,6,2,4
S01012901,G I. Distribution hotels and restaurants,88,87,27,60,1,0,1
S01012901,H J. Transport and communication,25,17,1,16,8,4,4
S01012901,K L M N. Financial real estate professional and administrative activities,49,43,8,35,6,3,3
S01012901,O P Q. Public administration education and health,103,99,26,73,4,1,3
S01012901,R S T U. Other,21,14,6,8,7,3,4
S01012902,All people aged 16 to 74 in employment,380,345,75,270,35,6,29
S01012902,A B D E. Agriculture energy and water,6,6,1,5,0,0,0
S01012902,C. Manufacturing,43,40,1,39,3,1,2
S01012902,F. Construction,19,14,3,11,5,0,5
S01012902,G I. Distribution hotels and restaurants,77,73,29,44,4,1,3
S01012902,H J. Transport and communication,44,34,6,28,10,0,10
S01012902,K L M N. Financial real estate professional and administrative activities,66,60,11,49,6,2,4
S01012902,O P Q. Public administration education and health,106,102,21,81,4,1,3
S01012902,R S T U. Other,19,16,3,13,3,1,2
S01012903,All people aged 16 to 74 in employment,399,367,97,270,32,8,24
S01012903,A B D E. Agriculture energy and water,9,9,1,8,0,0,0
S01012903,C. Manufacturing,37,36,1,35,1,1,0
S01012903,F. Construction,27,18,0,18,9,2,7
S01012903,G I. Distribution hotels and restaurants,105,101,47,54,4,0,4
S01012903,H J. Transport and communication,41,32,4,28,9,1,8
S01012903,K L M N. Financial real estate professional and administrative activities,38,38,8,30,0,0,0
S01012903,O P Q. Public administration education and health,124,118,31,87,6,2,4
S01012903,R S T U. Other,18,15,5,10,3,2,1
S01012904,All people aged 16 to 74 in employment,373,337,90,247,36,14,22
S01012904,A B D E. Agriculture energy and water,11,11,1,10,0,0,0
S01012904,C. Manufacturing,33,32,2,30,1,0,1
S01012904,F. Construction,29,22,2,20,7,3,4
S01012904,G I. Distribution hotels and restaurants,83,77,29,48,6,2,4
S01012904,H J. Transport and communication,28,21,4,17,7,2,5
S01012904,K L M N. Financial real estate professional and administrative activities,45,44,15,29,1,1,0
S01012904,O P Q. Public administration education and health,121,118,33,85,3,3,0
S01012904,R S T U. Other,23,12,4,8,11,3,8
S01012905,All people aged 16 to 74 in employment,291,267,76,191,24,10,14
S01012905,A B D E. Agriculture energy and water,11,11,1,10,0,0,0
S01012905,C. Manufacturing,31,29,3,26,2,1,1
S01012905,F. Construction,16,14,2,12,2,0,2
S01012905,G I. Distribution hotels and restaurants,79,75,38,37,4,2,2
S01012905,H J. Transport and communication,27,22,6,16,5,1,4
S01012905,K L M N. Financial real estate professional and administrative activities,37,33,8,25,4,3,1
S01012905,O P Q. Public administration education and health,78,76,15,61,2,1,1
S01012905,R S T U. Other,12,7,3,4,5,2,3
S01012906,All people aged 16 to 74 in employment,496,456,97,359,40,5,35
S01012906,A B D E. Agriculture energy and water,9,9,0,9,0,0,0
S01012906,C. Manufacturing,73,69,3,66,4,0,4
S01012906,F. Construction,36,24,1,23,12,0,12
S01012906,G I. Distribution hotels and restaurants,96,90,38,52,6,0,6
S01012906,H J. Transport and communication,36,27,4,23,9,1,8
S01012906,K L M N. Financial real estate professional and administrative activities,75,70,11,59,5,1,4
S01012906,O P Q. Public administration education and health,146,146,32,114,0,0,0
S01012906,R S T U. Other,25,21,8,13,4,3,1
S01012907,All people aged 16 to 74 in employment,392,360,86,274,32,8,24
S01012907,A B D E. Agriculture energy and water,7,6,0,6,1,0,1
S01012907,C. Manufacturing,49,48,0,48,1,0,1
S01012907,F. Construction,29,23,1,22,6,2,4
S01012907,G I. Distribution hotels and restaurants,90,86,36,50,4,1,3
S01012907,H J. Transport and communication,37,29,2,27,8,1,7
S01012907,K L M N. Financial real estate professional and administrative activities,43,40,11,29,3,0,3
S01012907,O P Q. Public administration education and health,112,109,29,80,3,1,2
S01012907,R S T U. Other,25,19,7,12,6,3,3
S01012908,All people aged 16 to 74 in employment,298,278,82,196,20,6,14
S01012908,A B D E. Agriculture energy and water,3,3,0,3,0,0,0
S01012908,C. Manufacturing,29,25,1,24,4,1,3
S01012908,F. Construction,23,18,1,17,5,1,4
S01012908,G I. Distribution hotels and restaurants,81,80,34,46,1,0,1
S01012908,H J. Transport and communication,19,16,3,13,3,0,3
S01012908,K L M N. Financial real estate professional and administrative activities,33,31,10,21,2,2,0
S01012908,O P Q. Public administration education and health,98,96,28,68,2,1,1
S01012908,R S T U. Other,12,9,5,4,3,1,2
S01012909,All people aged 16 to 74 in employment,262,246,52,194,16,2,14
S01012909,A B D E. Agriculture energy and water,7,7,0,7,0,0,0
S01012909,C. Manufacturing,26,25,0,25,1,0,1
S01012909,F. Construction,19,14,2,12,5,0,5
S01012909,G I. Distribution hotels and restaurants,53,51,16,35,2,0,2
S01012909,H J. Transport and communication,28,27,3,24,1,0,1
S01012909,K L M N. Financial real estate professional and administrative activities,42,41,9,32,1,0,1
S01012909,O P Q. Public administration education and health,79,77,22,55,2,0,2
S01012909,R S T U. Other,8,4,0,4,4,2,2
S01012910,All people aged 16 to 74 in employment,364,324,86,238,40,10,30
S01012910,A B D E. Agriculture energy and water,4,4,1,3,0,0,0
S01012910,C. Manufacturing,38,37,3,34,1,0,1
S01012910,F. Construction,22,9,1,8,13,2,11
S01012910,G I. Distribution hotels and restaurants,85,77,29,48,8,3,5
S01012910,H J. Transport and communication,32,27,7,20,5,0,5
S01012910,K L M N. Financial real estate professional and administrative activities,55,51,10,41,4,1,3
S01012910,O P Q. Public administration education and health,112,109,30,79,3,1,2
S01012910,R S T U. Other,16,10,5,5,6,3,3
S01012911,All people aged 16 to 74 in employment,342,315,96,219,27,4,23
S01012911,A B D E. Agriculture energy and water,3,3,0,3,0,0,0
S01012911,C. Manufacturing,36,35,0,35,1,0,1
S01012911,F. Construction,20,17,2,15,3,1,2
S01012911,G I. Distribution hotels and restaurants,57,53,35,18,4,0,4
S01012911,H J. Transport and communication,29,23,3,20,6,1,5
S01012911,K L M N. Financial real estate professional and administrative activities,56,49,6,43,7,1,6
S01012911,O P Q. Public administration education and health,119,114,41,73,5,1,4
S01012911,R S T U. Other,22,21,9,12,1,0,1
S01012912,All people aged 16 to 74 in employment,288,263,69,194,25,6,19
S01012912,A B D E. Agriculture energy and water,7,7,1,6,0,0,0
S01012912,C. Manufacturing,32,29,4,25,3,0,3
S01012912,F. Construction,23,15,0,15,8,1,7
S01012912,G I. Distribution hotels and restaurants,70,69,30,39,1,0,1
S01012912,H J. Transport and communication,16,11,1,10,5,0,5
S01012912,K L M N. Financial real estate professional and administrative activities,30,26,4,22,4,2,2
S01012912,O P Q. Public administration education and health,97,95,25,70,2,2,0
S01012912,R S T U. Other,13,11,4,7,2,1,1
S01012913,All people aged 16 to 74 in employment,405,376,107,269,29,7,22
S01012913,A B D E. Agriculture energy and water,5,5,1,4,0,0,0
S01012913,C. Manufacturing,51,50,2,48,1,1,0
S01012913,F. Construction,45,38,1,37,7,1,6
S01012913,G I. Distribution hotels and restaurants,71,67,30,37,4,1,3
S01012913,H J. Transport and communication,26,23,5,18,3,0,3
S01012913,K L M N. Financial real estate professional and administrative activities,56,50,15,35,6,2,4
S01012913,O P Q. Public administration education and health,133,125,43,82,8,2,6
S01012913,R S T U. Other,18,18,10,8,0,0,0
S01012914,All people aged 16 to 74 in employment,417,377,86,291,40,13,27
S01012914,A B D E. Agriculture energy and water,14,12,0,12,2,1,1
S01012914,C. Manufacturing,45,45,3,42,0,0,0
S01012914,F. Construction,30,26,0,26,4,2,2
S01012914,G I. Distribution hotels and restaurants,85,78,32,46,7,0,7
S01012914,H J. Transport and communication,32,28,5,23,4,0,4
S01012914,K L M N. Financial real estate professional and administrative activities,64,56,13,43,8,3,5
S01012914,O P Q. Public administration education and health,128,121,28,93,7,5,2
S01012914,R S T U. Other,19,11,5,6,8,2,6
S01012915,All people aged 16 to 74 in employment,556,507,130,377,49,18,31
S01012915,A B D E. Agriculture energy and water,13,13,1,12,0,0,0
S01012915,C. Manufacturing,60,59,6,53,1,1,0
S01012915,F. Construction,42,31,1,30,11,1,10
S01012915,G I. Distribution hotels and restaurants,125,114,39,75,11,4,7
S01012915,H J. Transport and communication,33,25,4,21,8,4,4
S01012915,K L M N. Financial real estate professional and administrative activities,85,77,21,56,8,2,6
S01012915,O P Q. Public administration education and health,172,167,50,117,5,2,3
S01012915,R S T U. Other,26,21,8,13,5,4,1
S01012916,All people aged 16 to 74 in employment,300,278,75,203,22,3,19
S01012916,A B D E. Agriculture energy and water,6,5,1,4,1,0,1
S01012916,C. Manufacturing,32,31,1,30,1,0,1
S01012916,F. Construction,24,17,1,16,7,2,5
S01012916,G I. Distribution hotels and restaurants,66,61,29,32,5,0,5
S01012916,H J. Transport and communication,23,19,2,17,4,0,4
S01012916,K L M N. Financial real estate professional and administrative activities,41,39,9,30,2,0,2
S01012916,O P Q. Public administration education and health,98,96,29,67,2,1,1
S01012916,R S T U. Other,10,10,3,7,0,0,0
S01012917,All people aged 16 to 74 in employment,374,327,114,213,47,15,32
S01012917,A B D E. Agriculture energy and water,10,10,2,8,0,0,0
S01012917,C. Manufacturing,39,33,4,29,6,1,5
S01012917,F. Construction,37,24,2,22,13,3,10
S01012917,G I. Distribution hotels and restaurants,70,64,33,31,6,1,5
S01012917,H J. Transport and communication,23,18,4,14,5,1,4
S01012917,K L M N. Financial real estate professional and administrative activities,59,47,16,31,12,6,6
S01012917,O P Q. Public administration education and health,119,117,48,69,2,1,1
S01012917,R S T U. Other,17,14,5,9,3,2,1
S01012918,All people aged 16 to 74 in employment,259,241,71,170,18,7,11
S01012918,A B D E. Agriculture energy and water,5,5,0,5,0,0,0
S01012918,C. Manufacturing,22,20,1,19,2,1,1
S01012918,F. Construction,24,21,0,21,3,0,3
S01012918,G I. Distribution hotels and restaurants,50,50,17,33,0,0,0
S01012918,H J. Transport and communication,26,20,3,17,6,0,6
S01012918,K L M N. Financial real estate professional and administrative activities,30,28,8,20,2,2,0
S01012918,O P Q. Public administration education and health,90,87,40,47,3,3,0
S01012918,R S T U. Other,12,10,2,8,2,1,1
S01012919,All people aged 16 to 74 in employment,202,187,50,137,15,5,10
S01012919,A B D E. Agriculture energy and water,4,4,1,3,0,0,0
S01012919,C. Manufacturing,29,29,4,25,0,0,0
S01012919,F. Construction,12,9,1,8,3,1,2
S01012919,G I. Distribution hotels and restaurants,33,32,12,20,1,0,1
S01012919,H J. Transport and communication,19,15,2,13,4,2,2
S01012919,K L M N. Financial real estate professional and administrative activities,31,29,6,23,2,2,0
S01012919,O P Q. Public administration education and health,64,62,20,42,2,0,2
S01012919,R S T U. Other,10,7,4,3,3,0,3
S01012920,All people aged 16 to 74 in employment,263,220,56,164,43,13,30
S01012920,A B D E. Agriculture energy and water,3,2,0,2,1,0,1
S01012920,C. Manufacturing,23,19,0,19,4,0,4
S01012920,F. Construction,12,8,1,7,4,0,4
S01012920,G I. Distribution hotels and restaurants,59,49,21,28,10,3,7
S01012920,H J. Transport and communication,17,11,2,9,6,1,5
S01012920,K L M N. Financial real estate professional and administrative activities,32,23,2,21,9,5,4
S01012920,O P Q. Public administration education and health,106,100,26,74,6,4,2
S01012920,R S T U. Other,11,8,4,4,3,0,3
S01012921,All people aged 16 to 74 in employment,336,316,95,221,20,10,10
S01012921,A B D E. Agriculture energy and water,6,4,0,4,2,1,1
S01012921,C. Manufacturing,46,45,3,42,1,1,0
S01012921,F. Construction,26,20,4,16,6,1,5
S01012921,G I. Distribution hotels and restaurants,67,67,33,34,0,0,0
S01012921,H J. Transport and communication,23,20,2,18,3,0,3
S01012921,K L M N. Financial real estate professional and administrative activities,51,45,14,31,6,5,1
S01012921,O P Q. Public administration education and health,99,97,29,68,2,2,0
S01012921,R S T U. Other,18,18,10,8,0,0,0
S01012922,All people aged 16 to 74 in employment,499,467,141,326,32,2,30
S01012922,A B D E. Agriculture energy and water,11,10,1,9,1,0,1
S01012922,C. Manufacturing,49,49,5,44,0,0,0
S01012922,F. Construction,37,27,2,25,10,0,10
S01012922,G I. Distribution hotels and restaurants,97,93,45,48,4,0,4
S01012922,H J. Transport and communication,45,41,5,36,4,0,4
S01012922,K L M N. Financial real estate professional and administrative activities,74,68,17,51,6,0,6
S01012922,O P Q. Public administration education and health,160,157,59,98,3,1,2
S01012922,R S T U. Other,26,22,7,15,4,1,3
S01012923,All people aged 16 to 74 in employment,368,335,105,230,33,10,23
S01012923,A B D E. Agriculture energy and water,6,5,0,5,1,0,1
S01012923,C. Manufacturing,47,47,4,43,0,0,0
S01012923,F. Construction,27,21,3,18,6,0,6
S01012923,G I. Distribution hotels and restaurants,71,66,36,30,5,2,3
S01012923,H J. Transport and communication,25,19,3,16,6,2,4
S01012923,K L M N. Financial real estate professional and administrative activities,47,44,9,35,3,1,2
S01012923,O P Q. Public administration education and health,124,119,42,77,5,0,5
S01012923,R S T U. Other,21,14,8,6,7,5,2
S01012924,All people aged 16 to 74 in employment,268,236,63,173,32,13,19
S01012924,A B D E. Agriculture energy and water,4,4,0,4,0,0,0
S01012924,C. Manufacturing,31,30,3,27,1,0,1
S01012924,F. Construction,19,11,0,11,8,1,7
S01012924,G I. Distribution hotels and restaurants,64,55,22,33,9,7,2
S01012924,H J. Transport and communication,25,20,2,18,5,1,4
S01012924,K L M N. Financial real estate professional and administrative activities,29,27,8,19,2,0,2
S01012924,O P Q. Public administration education and health,83,79,21,58,4,2,2
S01012924,R S T U. Other,13,10,7,3,3,2,1
S01012925,All people aged 16 to 74 in employment,258,235,67,168,23,7,16
S01012925,A B D E. Agriculture energy and water,7,7,1,6,0,0,0
S01012925,C. Manufacturing,20,20,1,19,0,0,0
S01012925,F. Construction,20,14,0,14,6,0,6
S01012925,G I. Distribution hotels and restaurants,50,46,17,29,4,0,4
S01012925,H J. Transport and communication,16,13,3,10,3,1,2
S01012925,K L M N. Financial real estate professional and administrative activities,39,35,9,26,4,2,2
S01012925,O P Q. Public administration education and health,99,94,32,62,5,3,2
S01012925,R S T U. Other,7,6,4,2,1,1,0
S01012926,All people aged 16 to 74 in employment,387,343,89,254,44,14,30
S01012926,A B D E. Agriculture energy and water,10,9,1,8,1,0,1
S01012926,C. Manufacturing,54,51,5,46,3,1,2
S01012926,F. Construction,28,20,1,19,8,1,7
S01012926,G I. Distribution hotels and restaurants,68,63,30,33,5,0,5
S01012926,H J. Transport and communication,31,21,5,16,10,3,7
S01012926,K L M N. Financial real estate professional and administrative activities,52,42,3,39,10,6,4
S01012926,O P Q. Public administration education and health,121,119,34,85,2,0,2
S01012926,R S T U. Other,23,18,10,8,5,3,2
S01012927,All people aged 16 to 74 in employment,376,340,97,243,36,8,28
S01012927,A B D E. Agriculture energy and water,8,8,0,8,0,0,0
S01012927,C. Manufacturing,48,46,2,44,2,0,2
S01012927,F. Construction,32,23,2,21,9,0,9
S01012927,G I. Distribution hotels and restaurants,83,78,36,42,5,0,5
S01012927,H J. Transport and communication,24,19,2,17,5,2,3
S01012927,K L M N. Financial real estate professional and administrative activities,46,40,15,25,6,3,3
S01012927,O P Q. Public administration education and health,123,116,35,81,7,3,4
S01012927,R S T U. Other,12,10,5,5,2,0,2
S01012928,All people aged 16 to 74 in employment,408,371,124,247,37,10,27
S01012928,A B D E. Agriculture energy and water,14,12,1,11,2,0,2
S01012928,C. Manufacturing,48,44,7,37,4,1,3
S01012928,F. Construction,26,22,3,19,4,0,4
S01012928,G I. Distribution hotels and restaurants,83,76,41,35,7,3,4
S01012928,H J. Transport and communication,35,29,7,22,6,0,6
S01012928,K L M N. Financial real estate professional and administrative activities,56,48,10,38,8,2,6
S01012928,O P Q. Public administration education and health,124,119,46,73,5,4,1
S01012928,R S T U. Other,22,21,9,12,1,0,1
S01012929,All people aged 16 to 74 in employment,347,324,113,211,23,7,16
S01012929,A B D E. Agriculture energy and water,17,17,6,11,0,0,0
S01012929,C. Manufacturing,32,31,4,27,1,0,1
S01012929,F. Construction,22,14,0,14,8,2,6
S01012929,G I. Distribution hotels and restaurants,78,75,34,41,3,2,1
S01012929,H J. Transport and communication,30,24,4,20,6,0,6
S01012929,K L M N. Financial real estate professional and administrative activities,36,33,8,25,3,1,2
S01012929,O P Q. Public administration education and health,113,112,47,65,1,1,0
S01012929,R S T U. Other,19,18,10,8,1,1,0
S01012930,All people aged 16 to 74 in employment,376,333,70,263,43,13,30
S01012930,A B D E. Agriculture energy and water,2,2,0,2,0,0,0
S01012930,C. Manufacturing,35,33,0,33,2,0,2
S01012930,F. Construction,22,12,1,11,10,2,8
S01012930,G I. Distribution hotels and restaurants,86,74,25,49,12,4,8
S01012930,H J. Transport and communication,31,25,6,19,6,1,5
S01012930,K L M N. Financial real estate professional and administrative activities,62,57,10,47,5,2,3
S01012930,O P Q. Public administration education and health,117,116,23,93,1,1,0
S01012930,R S T U. Other,21,14,5,9,7,3,4
S01012931,All people aged 16 to 74 in employment,416,380,106,274,36,12,24
S01012931,A B D E. Agriculture energy and water,7,7,1,6,0,0,0
S01012931,C. Manufacturing,33,31,1,30,2,0,2
S01012931,F. Construction,36,32,1,31,4,2,2
S01012931,G I. Distribution hotels and restaurants,96,88,40,48,8,2,6
S01012931,H J. Transport and communication,27,22,3,19,5,0,5
S01012931,K L M N. Financial real estate professional and administrative activities,61,53,15,38,8,4,4
S01012931,O P Q. Public administration education and health,131,127,38,89,4,3,1
S01012931,R S T U. Other,25,20,7,13,5,1,4
S01012932,All people aged 16 to 74 in employment,263,217,69,148,46,11,35
S01012932,A B D E. Agriculture energy and water,7,7,0,7,0,0,0
S01012932,C. Manufacturing,23,18,1,17,5,1,4
S01012932,F. Construction,23,15,0,15,8,1,7
S01012932,G I. Distribution hotels and restaurants,44,37,21,16,7,2,5
S01012932,H J. Transport and communication,32,19,5,14,13,2,11
S01012932,K L M N. Financial real estate professional and administrative activities,45,36,10,26,9,2,7
S01012932,O P Q. Public administration education and health,80,79,31,48,1,1,0
S01012932,R S T U. Other,9,6,1,5,3,2,1
S01012933,All people aged 16 to 74 in employment,397,363,91,272,34,8,26
S01012933,A B D E. Agriculture energy and water,6,5,0,5,1,1,0
S01012933,C. Manufacturing,38,37,2,35,1,0,1
S01012933,F. Construction,33,23,1,22,10,1,9
S01012933,G I. Distribution hotels and restaurants,82,81,28,53,1,0,1
S01012933,H J. Transport and communication,34,27,4,23,7,1,6
S01012933,K L M N. Financial real estate professional and administrative activities,59,51,18,33,8,3,5
S01012933,O P Q. Public administration education and health,122,120,35,85,2,0,2
S01012933,R S T U. Other,23,19,3,16,4,2,2
S01012934,All people aged 16 to 74 in employment,295,260,66,194,35,12,23
S01012934,A B D E. Agriculture energy and water,8,8,2,6,0,0,0
S01012934,C. Manufacturing,22,19,1,18,3,0,3
S01012934,F. Construction,23,19,1,18,4,1,3
S01012934,G I. Distribution hotels and restaurants,65,58,23,35,7,2,5
S01012934,H J. Transport and communication,22,20,3,17,2,0,2
S01012934,K L M N. Financial real estate professional and administrative activities,43,37,9,28,6,4,2
S01012934,O P Q. Public administration education and health,97,88,25,63,9,4,5
S01012934,R S T U. Other,15,11,2,9,4,1,3
S01012935,All people aged 16 to 74 in employment,425,394,136,258,31,9,22
S01012935,A B D E. Agriculture energy and water,5,5,0,5,0,0,0
S01012935,C. Manufacturing,44,41,3,38,3,1,2
S01012935,F. Construction,26,20,1,19,6,1,5
S01012935,G I. Distribution hotels and restaurants,89,86,48,38,3,0,3
S01012935,H J. Transport and communication,40,32,2,30,8,0,8
S01012935,K L M N. Financial real estate professional and administrative activities,56,50,14,36,6,3,3
S01012935,O P Q. Public administration education and health,150,147,61,86,3,3,0
S01012935,R S T U. Other,15,13,7,6,2,1,1
S01012936,All people aged 16 to 74 in employment,356,318,81,237,38,13,25
S01012936,A B D E. Agriculture energy and water,9,9,1,8,0,0,0
S01012936,C. Manufacturing,35,34,1,33,1,0,1
S01012936,F. Construction,34,25,1,24,9,4,5
S01012936,G I. Distribution hotels and restaurants,73,68,31,37,5,1,4
S01012936,H J. Transport and communication,31,22,5,17,9,2,7
S01012936,K L M N. Financial real estate professional and administrative activities,52,45,9,36,7,3,4
S01012936,O P Q. Public administration education and health,108,103,28,75,5,2,3
S01012936,R S T U. Other,14,12,5,7,2,1,1
S01012937,All people aged 16 to 74 in employment,346,323,85,238,23,9,14
S01012937,A B D E. Agriculture energy and water,7,6,1,5,1,0,1
S01012937,C. Manufacturing,40,39,4,35,1,1,0
S01012937,F. Construction,27,21,1,20,6,2,4
S01012937,G I. Distribution hotels and restaurants,68,65,28,37,3,1,2
S01012937,H J. Transport and communication,30,28,4,24,2,1,1
S01012937,K L M N. Financial real estate professional and administrative activities,48,43,13,30,5,0,5
S01012937,O P Q. Public administration education and health,102,100,26,74,2,2,0
S01012937,R S T U. Other,24,21,8,13,3,2,1
S01012938,All people aged 16 to 74 in employment,319,275,82,193,44,8,36
S01012938,A B D E. Agriculture energy and water,5,5,1,4,0,0,0
S01012938,C. Manufacturing,27,23,1,22,4,1,3
S01012938,F. Construction,20,13,0,13,7,0,7
S01012938,G I. Distribution hotels and restaurants,63,55,33,22,8,3,5
S01012938,H J. Transport and communication,32,30,2,28,2,0,2
S01012938,K L M N. Financial real estate professional and administrative activities,48,38,10,28,10,0,10
S01012938,O P Q. Public administration education and health,110,101,32,69,9,2,7
S01012938,R S T U. Other,14,10,3,7,4,2,2
S01012939,All people aged 16 to 74 in employment,341,304,100,204,37,12,25
S01012939,A B D E. Agriculture energy and water,8,7,0,7,1,0,1
S01012939,C. Manufacturing,32,30,4,26,2,1,1
S01012939,F. Construction,28,17,0,17,11,1,10
S01012939,G I. Distribution hotels and restaurants,75,70,42,28,5,1,4
S01012939,H J. Transport and communication,28,24,2,22,4,2,2
S01012939,K L M N. Financial real estate professional and administrative activities,65,60,14,46,5,2,3
S01012939,O P Q. Public administration education and health,97,90,35,55,7,5,2
S01012939,R S T U. Other,8,6,3,3,2,0,2
S01012940,All people aged 16 to 74 in employment,421,360,101,259,61,17,44
S01012940,A B D E. Agriculture energy and water,5,4,0,4,1,0,1
S01012940,C. Manufacturing,34,33,4,29,1,0,1
S01012940,F. Construction,37,22,3,19,15,4,11
S01012940,G I. Distribution hotels and restaurants,82,69,37,32,13,4,9
S01012940,H J. Transport and communication,23,19,2,17,4,1,3
S01012940,K L M N. Financial real estate professional and administrative activities,67,56,10,46,11,1,10
S01012940,O P Q. Public administration education and health,161,147,42,105,14,6,8
S01012940,R S T U. Other,12,10,3,7,2,1,1
S01012941,All people aged 16 to 74 in employment,440,382,102,280,58,17,41
S01012941,A B D E. Agriculture energy and water,16,15,1,14,1,0,1
S01012941,C. Manufacturing,32,30,0,30,2,1,1
S01012941,F. Construction,24,18,2,16,6,0,6
S01012941,G I. Distribution hotels and restaurants,79,70,32,38,9,3,6
S01012941,H J. Transport and communication,29,24,2,22,5,1,4
S01012941,K L M N. Financial real estate professional and administrative activities,94,75,15,60,19,4,15
S01012941,O P Q. Public administration education and health,145,137,45,92,8,4,4
S01012941,R S T U. Other,21,13,5,8,8,4,4
S01012942,All people aged 16 to 74 in employment,346,324,89,235,22,7,15
S01012942,A B D E. Agriculture energy and water,9,8,0,8,1,0,1
S01012942,C. Manufacturing,41,39,2,37,2,1,1
S01012942,F. Construction,23,18,1,17,5,0,5
S01012942,G I. Distribution hotels and restaurants,89,88,48,40,1,1,0
S01012942,H J. Transport and communication,20,17,0,17,3,0,3
S01012942,K L M N. Financial real estate professional and administrative activities,49,46,11,35,3,2,1
S01012942,O P Q. Public administration education and health,99,95,24,71,4,2,2
S01012942,R S T U. Other,16,13,3,10,3,1,2
S01012943,All people aged 16 to 74 in employment,391,359,104,255,32,12,20
S01012943,A B D E. Agriculture energy and water,5,4,0,4,1,0,1
S01012943,C. Manufacturing,41,39,0,39,2,0,2
S01012943,F. Construction,19,13,0,13,6,2,4
S01012943,G I. Distribution hotels and restaurants,100,91,41,50,9,3,6
S01012943,H J. Transport and communication,24,23,5,18,1,1,0
S01012943,K L M N. Financial real estate professional and administrative activities,47,42,10,32,5,2,3
S01012943,O P Q. Public administration education and health,142,139,44,95,3,1,2
S01012943,R S T U. Other,13,8,4,4,5,3,2
S01012944,All people aged 16 to 74 in employment,250,222,64,158,28,9,19
S01012944,A B D E. Agriculture energy and water,2,2,0,2,0,0,0
S01012944,C. Manufacturing,27,26,2,24,1,0,1
S01012944,F. Construction,17,11,0,11,6,1,5
S01012944,G I. Distribution hotels and restaurants,40,36,15,21,4,0,4
S01012944,H J. Transport and communication,7,5,1,4,2,0,2
S01012944,K L M N. Financial real estate professional and administrative activities,48,41,10,31,7,3,4
S01012944,O P Q. Public administration education and health,96,93,33,60,3,2,1
S01012944,R S T U. Other,13,8,3,5,5,3,2
S01012945,All people aged 16 to 74 in employment,402,346,94,252,56,15,41
S01012945,A B D E. Agriculture energy and water,15,11,1,10,4,2,2
S01012945,C. Manufacturing,41,38,2,36,3,2,1
S01012945,F. Construction,26,17,1,16,9,1,8
S01012945,G I. Distribution hotels and restaurants,86,74,36,38,12,3,9
S01012945,H J. Transport and communication,25,20,3,17,5,1,4
S01012945,K L M N. Financial real estate professional and administrative activities,81,68,12,56,13,1,12
S01012945,O P Q. Public administration education and health,119,112,37,75,7,3,4
S01012945,R S T U. Other,9,6,2,4,3,2,1
S01012946,All people aged 16 to 74 in employment,501,450,114,336,51,16,35
S01012946,A B D E. Agriculture energy and water,6,5,1,4,1,1,0
S01012946,C. Manufacturing,54,52,4,48,2,0,2
S01012946,F. Construction,37,30,2,28,7,0,7
S01012946,G I. Distribution hotels and restaurants,110,99,36,63,11,2,9
S01012946,H J. Transport and communication,38,29,3,26,9,3,6
S01012946,K L M N. Financial real estate professional and administrative activities,75,64,14,50,11,4,7
S01012946,O P Q. Public administration education and health,160,155,48,107,5,3,2
S01012946,R S T U. Other,21,16,6,10,5,3,2
S01012947,All people aged 16 to 74 in employment,261,212,66,146,49,16,33
S01012947,A B D E. Agriculture energy and water,5,5,0,5,0,0,0
S01012947,C. Manufacturing,24,21,1,20,3,1,2
S01012947,F. Construction,19,16,3,13,3,1,2
S01012947,G I. Distribution hotels and restaurants,69,51,27,24,18,7,11
S01012947,H J. Transport and communication,19,15,1,14,4,1,3
S01012947,K L M N. Financial real estate professional and administrative activities,47,36,14,22,11,3,8
S01012947,O P Q. Public administration education and health,72,63,17,46,9,3,6
S01012947,R S T U. Other,6,5,3,2,1,0,1
S01012948,All people aged 16 to 74 in employment,402,352,122,230,50,16,34
S01012948,A B D E. Agriculture energy and water,10,9,0,9,1,0,1
S01012948,C. Manufacturing,38,37,2,35,1,0,1
S01012948,F. Construction,31,17,0,17,14,2,12
S01012948,G I. Distribution hotels and restaurants,82,78,49,29,4,1,3
S01012948,H J. Transport and communication,36,24,2,22,12,3,9
S01012948,K L M N. Financial real estate professional and administrative activities,48,43,14,29,5,4,1
S01012948,O P Q. Public administration education and health,140,133,50,83,7,4,3
S01012948,R S T U. Other,17,11,5,6,6,2,4
S01012949,All people aged 16 to 74 in employment,408,361,103,258,47,10,37
S01012949,A B D E. Agriculture energy and water,9,8,0,8,1,1,0
S01012949,C. Manufacturing,44,39,1,38,5,1,4
S01012949,F. Construction,33,27,1,26,6,2,4
S01012949,G I. Distribution hotels and restaurants,81,75,35,40,6,0,6
S01012949,H J. Transport and communication,32,21,4,17,11,0,11
S01012949,K L M N. Financial real estate professional and administrative activities,61,52,15,37,9,1,8
S01012949,O P Q. Public administration education and health,130,124,40,84,6,3,3
S01012949,R S T U. Other,18,15,7,8,3,2,1
S01012950,All people aged 16 to 74 in employment,517,460,136,324,57,12,45
S01012950,A B D E. Agriculture energy and water,12,11,4,7,1,0,1
S01012950,C. Manufacturing,51,46,2,44,5,2,3
S01012950,F. Construction,36,30,4,26,6,0,6
S01012950,G I. Distribution hotels and restaurants,91,83,44,39,8,1,7
S01012950,H J. Transport and communication,40,35,5,30,5,0,5
S01012950,K L M N. Financial real estate professional and administrative activities,91,78,20,58,13,1,12
S01012950,O P Q. Public administration education and health,178,162,51,111,16,6,10
S01012950,R S T U. Other,18,15,6,9,3,2,1
S01012951,All people aged 16 to 74 in employment,543,471,111,360,72,15,57
S01012951,A B D E. Agriculture energy and water,15,15,2,13,0,0,0
S01012951,C. Manufacturing,48,42,6,36,6,1,5
S01012951,F. Construction,48,37,2,35,11,1,10
S01012951,G I. Distribution hotels and restaurants,97,86,38,48,11,2,9
S01012951,H J. Transport and communication,42,32,6,26,10,1,9
S01012951,K L M N. Financial real estate professional and administrative activities,115,98,14,84,17,1,16
S01012951,O P Q. Public administration education and health,154,143,33,110,11,5,6
S01012951,R S T U. Other,24,18,10,8,6,4,2
S01012952,All people aged 16 to 74 in employment,290,186,51,135,104,23,81
S01012952,A B D E. Agriculture energy and water,12,4,0,4,8,1,7
S01012952,C. Manufacturing,25,22,5,17,3,0,3
S01012952,F. Construction,29,17,4,13,12,1,11
S01012952,G I. Distribution hotels and restaurants,84,53,19,34,31,7,24
S01012952,H J. Transport and communication,15,9,2,7,6,1,5
S01012952,K L M N. Financial real estate professional and administrative activities,60,33,9,24,27,6,21
S01012952,O P Q. Public administration education and health,53,40,11,29,13,6,7
S01012952,R S T U. Other,12,8,1,7,4,1,3
S01012953,All people aged 16 to 74 in employment,401,367,105,262,34,8,26
S01012953,A B D E. Agriculture energy and water,12,12,2,10,0,0,0
S01012953,C. Manufacturing,31,29,2,27,2,1,1
S01012953,F. Construction,31,22,1,21,9,1,8
S01012953,G I. Distribution hotels and restaurants,74,67,29,38,7,0,7
S01012953,H J. Transport and communication,36,31,6,25,5,0,5
S01012953,K L M N. Financial real estate professional and administrative activities,62,59,17,42,3,2,1
S01012953,O P Q. Public administration education and health,136,133,41,92,3,0,3
S01012953,R S T U. Other,19,14,7,7,5,4,1
S01012954,All people aged 16 to 74 in employment,285,259,74,185,26,9,17
S01012954,A B D E. Agriculture energy and water,9,9,1,8,0,0,0
S01012954,C. Manufacturing,39,37,2,35,2,1,1
S01012954,F. Construction,19,12,1,11,7,1,6
S01012954,G I. Distribution hotels and restaurants,53,51,24,27,2,1,1
S01012954,H J. Transport and communication,22,16,4,12,6,0,6
S01012954,K L M N. Financial real estate professional and administrative activities,32,29,6,23,3,1,2
S01012954,O P Q. Public administration education and health,98,96,32,64,2,1,1
S01012954,R S T U. Other,13,9,4,5,4,4,0
S01012955,All people aged 16 to 74 in employment,502,454,107,347,48,5,43
S01012955,A B D E. Agriculture energy and water,17,17,1,16,0,0,0
S01012955,C. Manufacturing,48,46,3,43,2,1,1
S01012955,F. Construction,46,39,3,36,7,0,7
S01012955,G I. Distribution hotels and restaurants,79,66,34,32,13,1,12
S01012955,H J. Transport and communication,36,28,7,21,8,1,7
S01012955,K L M N. Financial real estate professional and administrative activities,96,82,15,67,14,1,13
S01012955,O P Q. Public administration education and health,166,165,40,125,1,0,1
S01012955,R S T U. Other,14,11,4,7,3,1,2
S01012956,All people aged 16 to 74 in employment,390,356,116,240,34,15,19
S01012956,A B D E. Agriculture energy and water,10,10,2,8,0,0,0
S01012956,C. Manufacturing,41,37,4,33,4,2,2
S01012956,F. Construction,30,23,3,20,7,0,7
S01012956,G I. Distribution hotels and restaurants,90,88,47,41,2,1,1
S01012956,H J. Transport and communication,27,22,4,18,5,0,5
S01012956,K L M N. Financial real estate professional and administrative activities,66,60,15,45,6,5,1
S01012956,O P Q. Public administration education and health,105,99,34,65,6,4,2
S01012956,R S T U. Other,21,17,7,10,4,3,1
S01012957,All people aged 16 to 74 in employment,306,277,74,203,29,5,24
S01012957,A B D E. Agriculture energy and water,6,6,0,6,0,0,0
S01012957,C. Manufacturing,34,33,1,32,1,0,1
S01012957,F. Construction,25,17,1,16,8,2,6
S01012957,G I. Distribution hotels and restaurants,65,62,25,37,3,0,3
S01012957,H J. Transport and communication,33,25,4,21,8,1,7
S01012957,K L M N. Financial real estate professional and administrative activities,44,39,8,31,5,1,4
S01012957,O P Q. Public administration education and health,89,87,30,57,2,0,2
S01012957,R S T U. Other,10,8,5,3,2,1,1
S01012958,All people aged 16 to 74 in employment,294,263,71,192,31,9,22
S01012958,A B D E. Agriculture energy and water,10,10,0,10,0,0,0
S01012958,C. Manufacturing,24,24,3,21,0,0,0
S01012958,F. Construction,21,10,0,10,11,2,9
S01012958,G I. Distribution hotels and restaurants,66,61,25,36,5,2,3
S01012958,H J. Transport and communication,27,22,2,20,5,1,4
S01012958,K L M N. Financial real estate professional and administrative activities,33,28,5,23,5,1,4
S01012958,O P Q. Public administration education and health,100,97,33,64,3,1,2
S01012958,R S T U. Other,13,11,3,8,2,2,0
S01012959,All people aged 16 to 74 in employment,353,320,92,228,33,5,28
S01012959,A B D E. Agriculture energy and water,7,7,2,5,0,0,0
S01012959,C. Manufacturing,38,36,1,35,2,1,1
S01012959,F. Construction,22,17,3,14,5,0,5
S01012959,G I. Distribution hotels and restaurants,77,72,36,36,5,1,4
S01012959,H J. Transport and communication,31,19,3,16,12,1,11
S01012959,K L M N. Financial real estate professional and administrative activities,47,41,11,30,6,1,5
S01012959,O P Q. Public administration education and health,118,116,33,83,2,1,1
S01012959,R S T U. Other,13,12,3,9,1,0,1
S01012960,All people aged 16 to 74 in employment,310,283,89,194,27,7,20
S01012960,A B D E. Agriculture energy and water,6,5,1,4,1,0,1
S01012960,C. Manufacturing,24,24,0,24,0,0,0
S01012960,F. Construction,15,13,1,12,2,0,2
S01012960,G I. Distribution hotels and restaurants,81,69,38,31,12,2,10
S01012960,H J. Transport and communication,21,17,1,16,4,2,2
S01012960,K L M N. Financial real estate professional and administrative activities,54,49,10,39,5,2,3
S01012960,O P Q. Public administration education and health,98,95,35,60,3,1,2
S01012960,R S T U. Other,11,11,3,8,0,0,0
S01012961,All people aged 16 to 74 in employment,300,260,75,185,40,11,29
S01012961,A B D E. Agriculture energy and water,12,11,1,10,1,0,1
S01012961,C. Manufacturing,27,25,0,25,2,0,2
S01012961,F. Construction,21,14,2,12,7,2,5
S01012961,G I. Distribution hotels and restaurants,85,74,34,40,11,3,8
S01012961,H J. Transport and communication,23,16,2,14,7,1,6
S01012961,K L M N. Financial real estate professional and administrative activities,32,28,7,21,4,1,3
S01012961,O P Q. Public administration education and health,93,86,27,59,7,4,3
S01012961,R S T U. Other,7,6,2,4,1,0,1
S01012962,All people aged 16 to 74 in employment,375,339,111,228,36,7,29
S01012962,A B D E. Agriculture energy and water,6,6,2,4,0,0,0
S01012962,C. Manufacturing,34,32,0,32,2,0,2
S01012962,F. Construction,33,25,2,23,8,2,6
S01012962,G I. Distribution hotels and restaurants,75,69,37,32,6,1,5
S01012962,H J. Transport and communication,26,21,3,18,5,0,5
S01012962,K L M N. Financial real estate professional and administrative activities,63,57,12,45,6,2,4
S01012962,O P Q. Public administration education and health,122,115,48,67,7,1,6
S01012962,R S T U. Other,16,14,7,7,2,1,1
S01012963,All people aged 16 to 74 in employment,464,416,118,298,48,13,35
S01012963,A B D E. Agriculture energy and water,14,12,2,10,2,0,2
S01012963,C. Manufacturing,45,45,6,39,0,0,0
S01012963,F. Construction,26,20,1,19,6,0,6
S01012963,G I. Distribution hotels and restaurants,86,75,34,41,11,3,8
S01012963,H J. Transport and communication,42,37,4,33,5,0,5
S01012963,K L M N. Financial real estate professional and administrative activities,81,71,12,59,10,4,6
S01012963,O P Q. Public administration education and health,146,139,53,86,7,4,3
S01012963,R S T U. Other,24,17,6,11,7,2,5
S01012964,All people aged 16 to 74 in employment,365,322,90,232,43,8,35
S01012964,A B D E. Agriculture energy and water,13,13,3,10,0,0,0
S01012964,C. Manufacturing,32,30,2,28,2,0,2
S01012964,F. Construction,38,30,2,28,8,0,8
S01012964,G I. Distribution hotels and restaurants,79,69,37,32,10,2,8
S01012964,H J. Transport and communication,33,25,5,20,8,0,8
S01012964,K L M N. Financial real estate professional and administrative activities,53,47,6,41,6,2,4
S01012964,O P Q. Public administration education and health,107,102,34,68,5,1,4
S01012964,R S T U. Other,10,6,1,5,4,3,1
S01012965,All people aged 16 to 74 in employment,324,295,78,217,29,9,20
S01012965,A B D E. Agriculture energy and water,8,7,1,6,1,0,1
S01012965,C. Manufacturing,32,31,2,29,1,1,0
S01012965,F. Construction,29,23,6,17,6,1,5
S01012965,G I. Distribution hotels and restaurants,82,75,27,48,7,1,6
S01012965,H J. Transport and communication,25,23,2,21,2,0,2
S01012965,K L M N. Financial real estate professional and administrative activities,47,39,7,32,8,3,5
S01012965,O P Q. Public administration education and health,87,86,29,57,1,1,0
S01012965,R S T U. Other,14,11,4,7,3,2,1
S01012966,All people aged 16 to 74 in employment,395,350,93,257,45,16,29
S01012966,A B D E. Agriculture energy and water,14,13,2,11,1,1,0
S01012966,C. Manufacturing,38,37,5,32,1,0,1
S01012966,F. Construction,37,25,1,24,12,2,10
S01012966,G I. Distribution hotels and restaurants,88,82,40,42,6,3,3
S01012966,H J. Transport and communication,34,27,2,25,7,3,4
S01012966,K L M N. Financial real estate professional and administrative activities,50,41,7,34,9,4,5
S01012966,O P Q. Public administration education and health,118,113,31,82,5,1,4
S01012966,R S T U. Other,16,12,5,7,4,2,2
S01012967,All people aged 16 to 74 in employment,263,241,67,174,22,7,15
S01012967,A B D E. Agriculture energy and water,6,6,0,6,0,0,0
S01012967,C. Manufacturing,25,24,1,23,1,0,1
S01012967,F. Construction,18,16,1,15,2,1,1
S01012967,G I. Distribution hotels and restaurants,70,70,37,33,0,0,0
S01012967,H J. Transport and communication,20,16,1,15,4,1,3
S01012967,K L M N. Financial real estate professional and administrative activities,43,39,11,28,4,2,2
S01012967,O P Q. Public administration education and health,64,55,13,42,9,2,7
S01012967,R S T U. Other,17,15,3,12,2,1,1
S01012968,All people aged 16 to 74 in employment,332,301,92,209,31,4,27
S01012968,A B D E. Agriculture energy and water,7,5,1,4,2,0,2
S01012968,C. Manufacturing,38,35,2,33,3,1,2
S01012968,F. Construction,17,14,1,13,3,0,3
S01012968,G I. Distribution hotels and restaurants,92,86,37,49,6,0,6
S01012968,H J. Transport and communication,43,30,7,23,13,1,12
S01012968,K L M N. Financial real estate professional and administrative activities,32,31,6,25,1,0,1
S01012968,O P Q. Public administration education and health,91,90,33,57,1,1,0
S01012968,R S T U. Other,12,10,5,5,2,1,1
S01012969,All people aged 16 to 74 in employment,322,296,87,209,26,7,19
S01012969,A B D E. Agriculture energy and water,8,8,1,7,0,0,0
S01012969,C. Manufacturing,30,29,1,28,1,0,1
S01012969,F. Construction,23,20,0,20,3,0,3
S01012969,G I. Distribution hotels and restaurants,69,64,26,38,5,3,2
S01012969,H J. Transport and communication,34,26,2,24,8,0,8
S01012969,K L M N. Financial real estate professional and administrative activities,50,48,18,30,2,1,1
S01012969,O P Q. Public administration education and health,96,92,33,59,4,1,3
S01012969,R S T U. Other,12,9,6,3,3,2,1
S01012970,All people aged 16 to 74 in employment,309,279,70,209,30,7,23
S01012970,A B D E. Agriculture energy and water,8,8,3,5,0,0,0
S01012970,C. Manufacturing,27,27,0,27,0,0,0
S01012970,F. Construction,31,18,1,17,13,2,11
S01012970,G I. Distribution hotels and restaurants,84,82,31,51,2,0,2
S01012970,H J. Transport and communication,22,19,2,17,3,0,3
S01012970,K L M N. Financial real estate professional and administrative activities,42,37,11,26,5,1,4
S01012970,O P Q. Public administration education and health,83,79,20,59,4,1,3
S01012970,R S T U. Other,12,9,2,7,3,3,0
S01012971,All people aged 16 to 74 in employment,376,348,107,241,28,6,22
S01012971,A B D E. Agriculture energy and water,7,7,1,6,0,0,0
S01012971,C. Manufacturing,35,34,2,32,1,1,0
S01012971,F. Construction,24,20,1,19,4,0,4
S01012971,G I. Distribution hotels and restaurants,102,97,41,56,5,0,5
S01012971,H J. Transport and communication,30,24,2,22,6,0,6
S01012971,K L M N. Financial real estate professional and administrative activities,63,60,23,37,3,0,3
S01012971,O P Q. Public administration education and health,89,87,29,58,2,0,2
S01012971,R S T U. Other,26,19,8,11,7,5,2
S01012972,All people aged 16 to 74 in employment,364,331,105,226,33,10,23
S01012972,A B D E. Agriculture energy and water,13,12,1,11,1,0,1
S01012972,C. Manufacturing,34,33,4,29,1,0,1
S01012972,F. Construction,30,21,0,21,9,3,6
S01012972,G I. Distribution hotels and restaurants,98,93,49,44,5,3,2
S01012972,H J. Transport and communication,38,31,3,28,7,1,6
S01012972,K L M N. Financial real estate professional and administrative activities,35,31,12,19,4,2,2
S01012972,O P Q. Public administration education and health,98,93,33,60,5,0,5
S01012972,R S T U. Other,18,17,3,14,1,1,0
S01012973,All people aged 16 to 74 in employment,389,364,108,256,25,5,20
S01012973,A B D E. Agriculture energy and water,15,15,1,14,0,0,0
S01012973,C. Manufacturing,40,38,3,35,2,1,1
S01012973,F. Construction,24,21,2,19,3,1,2
S01012973,G I. Distribution hotels and restaurants,77,72,29,43,5,1,4
S01012973,H J. Transport and communication,36,27,3,24,9,1,8
S01012973,K L M N. Financial real estate professional and administrative activities,59,56,15,41,3,1,2
S01012973,O P Q. Public administration education and health,119,117,47,70,2,0,2
S01012973,R S T U. Other,19,18,8,10,1,0,1
S01012974,All people aged 16 to 74 in employment,403,365,101,264,38,11,27
S01012974,A B D E. Agriculture energy and water,12,11,2,9,1,0,1
S01012974,C. Manufacturing,43,42,2,40,1,0,1
S01012974,F. Construction,30,18,1,17,12,0,12
S01012974,G I. Distribution hotels and restaurants,78,76,34,42,2,0,2
S01012974,H J. Transport and communication,44,33,4,29,11,3,8
S01012974,K L M N. Financial real estate professional and administrative activities,51,45,14,31,6,3,3
S01012974,O P Q. Public administration education and health,126,125,38,87,1,1,0
S01012974,R S T U. Other,19,15,6,9,4,4,0
S01012975,All people aged 16 to 74 in employment,268,253,66,187,15,4,11
S01012975,A B D E. Agriculture energy and water,6,6,2,4,0,0,0
S01012975,C. Manufacturing,35,32,1,31,3,1,2
S01012975,F. Construction,27,24,2,22,3,0,3
S01012975,G I. Distribution hotels and restaurants,63,62,23,39,1,0,1
S01012975,H J. Transport and communication,28,25,2,23,3,0,3
S01012975,K L M N. Financial real estate professional and administrative activities,36,35,9,26,1,0,1
S01012975,O P Q. Public administration education and health,64,64,24,40,0,0,0
S01012975,R S T U. Other,9,5,3,2,4,3,1
S01012976,All people aged 16 to 74 in employment,238,222,67,155,16,1,15
S01012976,A B D E. Agriculture energy and water,3,2,0,2,1,0,1
S01012976,C. Manufacturing,24,24,0,24,0,0,0
S01012976,F. Construction,15,11,0,11,4,0,4
S01012976,G I. Distribution hotels and restaurants,63,60,25,35,3,0,3
S01012976,H J. Transport and communication,22,18,6,12,4,0,4
S01012976,K L M N. Financial real estate professional and administrative activities,31,30,6,24,1,0,1
S01012976,O P Q. Public administration education and health,66,65,24,41,1,0,1
S01012976,R S T U. Other,14,12,6,6,2,1,1
S01012977,All people aged 16 to 74 in employment,349,322,98,224,27,11,16
S01012977,A B D E. Agriculture energy and water,7,7,0,7,0,0,0
S01012977,C. Manufacturing,32,31,1,30,1,0,1
S01012977,F. Construction,28,22,3,19,6,1,5
S01012977,G I. Distribution hotels and restaurants,86,82,37,45,4,1,3
S01012977,H J. Transport and communication,25,22,3,19,3,0,3
S01012977,K L M N. Financial real estate professional and administrative activities,33,28,9,19,5,4,1
S01012977,O P Q. Public administration education and health,118,114,39,75,4,2,2
S01012977,R S T U. Other,20,16,6,10,4,3,1
S01012978,All people aged 16 to 74 in employment,372,339,100,239,33,9,24
S01012978,A B D E. Agriculture energy and water,10,10,1,9,0,0,0
S01012978,C. Manufacturing,32,31,1,30,1,0,1
S01012978,F. Construction,34,22,1,21,12,2,10
S01012978,G I. Distribution hotels and restaurants,85,82,31,51,3,0,3
S01012978,H J. Transport and communication,31,23,2,21,8,0,8
S01012978,K L M N. Financial real estate professional and administrative activities,38,36,11,25,2,1,1
S01012978,O P Q. Public administration education and health,116,113,39,74,3,3,0
S01012978,R S T U. Other,26,22,14,8,4,3,1
S01012979,All people aged 16 to 74 in employment,332,302,89,213,30,8,22
S01012979,A B D E. Agriculture energy and water,10,10,1,9,0,0,0
S01012979,C. Manufacturing,23,23,1,22,0,0,0
S01012979,F. Construction,25,20,1,19,5,1,4
S01012979,G I. Distribution hotels and restaurants,97,87,31,56,10,2,8
S01012979,H J. Transport and communication,35,27,4,23,8,2,6
S01012979,K L M N. Financial real estate professional and administrative activities,40,37,13,24,3,0,3
S01012979,O P Q. Public administration education and health,86,83,33,50,3,2,1
S01012979,R S T U. Other,16,15,5,10,1,1,0
S01012980,All people aged 16 to 74 in employment,329,306,83,223,23,6,17
S01012980,A B D E. Agriculture energy and water,6,6,1,5,0,0,0
S01012980,C. Manufacturing,44,44,3,41,0,0,0
S01012980,F. Construction,16,14,0,14,2,0,2
S01012980,G I. Distribution hotels and restaurants,90,85,37,48,5,1,4
S01012980,H J. Transport and communication,21,17,5,12,4,0,4
S01012980,K L M N. Financial real estate professional and administrative activities,50,43,8,35,7,3,4
S01012980,O P Q. Public administration education and health,91,90,28,62,1,0,1
S01012980,R S T U. Other,11,7,1,6,4,2,2
S01012981,All people aged 16 to 74 in employment,406,377,106,271,29,8,21
S01012981,A B D E. Agriculture energy and water,12,11,2,9,1,0,1
S01012981,C. Manufacturing,35,35,4,31,0,0,0
S01012981,F. Construction,29,22,2,20,7,0,7
S01012981,G I. Distribution hotels and restaurants,99,92,38,54,7,3,4
S01012981,H J. Transport and communication,31,26,2,24,5,0,5
S01012981,K L M N. Financial real estate professional and administrative activities,59,56,14,42,3,2,1
S01012981,O P Q. Public administration education and health,118,114,33,81,4,3,1
S01012981,R S T U. Other,23,21,11,10,2,0,2
S01012982,All people aged 16 to 74 in employment,421,401,103,298,20,7,13
S01012982,A B D E. Agriculture energy and water,8,8,2,6,0,0,0
S01012982,C. Manufacturing,53,51,2,49,2,0,2
S01012982,F. Construction,28,25,1,24,3,0,3
S01012982,G I. Distribution hotels and restaurants,104,102,38,64,2,0,2
S01012982,H J. Transport and communication,24,20,3,17,4,0,4
S01012982,K L M N. Financial real estate professional and administrative activities,58,54,9,45,4,3,1
S01012982,O P Q. Public administration education and health,129,126,40,86,3,2,1
S01012982,R S T U. Other,17,15,8,7,2,2,0
S01012983,All people aged 16 to 74 in employment,367,334,99,235,33,7,26
S01012983,A B D E. Agriculture energy and water,12,11,2,9,1,0,1
S01012983,C. Manufacturing,35,34,2,32,1,0,1
S01012983,F. Construction,26,13,1,12,13,2,11
S01012983,G I. Distribution hotels and restaurants,61,61,32,29,0,0,0
S01012983,H J. Transport and communication,28,23,3,20,5,0,5
S01012983,K L M N. Financial real estate professional and administrative activities,58,53,10,43,5,0,5
S01012983,O P Q. Public administration education and health,135,130,45,85,5,3,2
S01012983,R S T U. Other,12,9,4,5,3,2,1
S01012984,All people aged 16 to 74 in employment,342,316,74,242,26,6,20
S01012984,A B D E. Agriculture energy and water,4,4,0,4,0,0,0
S01012984,C. Manufacturing,42,42,1,41,0,0,0
S01012984,F. Construction,30,24,2,22,6,0,6
S01012984,G I. Distribution hotels and restaurants,73,70,29,41,3,1,2
S01012984,H J. Transport and communication,32,27,1,26,5,2,3
S01012984,K L M N. Financial real estate professional and administrative activities,43,40,9,31,3,0,3
S01012984,O P Q. Public administration education and health,106,100,28,72,6,3,3
S01012984,R S T U. Other,12,9,4,5,3,0,3
S01012985,All people aged 16 to 74 in employment,394,360,98,262,34,10,24
S01012985,A B D E. Agriculture energy and water,8,8,2,6,0,0,0
S01012985,C. Manufacturing,53,49,3,46,4,1,3
S01012985,F. Construction,35,28,2,26,7,1,6
S01012985,G I. Distribution hotels and restaurants,82,77,36,41,5,1,4
S01012985,H J. Transport and communication,31,23,1,22,8,1,7
S01012985,K L M N. Financial real estate professional and administrative activities,46,44,7,37,2,1,1
S01012985,O P Q. Public administration education and health,126,119,42,77,7,4,3
S01012985,R S T U. Other,13,12,5,7,1,1,0
S01012986,All people aged 16 to 74 in employment,369,344,71,273,25,5,20
S01012986,A B D E. Agriculture energy and water,8,8,1,7,0,0,0
S01012986,C. Manufacturing,34,32,1,31,2,0,2
S01012986,F. Construction,31,23,3,20,8,2,6
S01012986,G I. Distribution hotels and restaurants,86,86,30,56,0,0,0
S01012986,H J. Transport and communication,34,29,1,28,5,0,5
S01012986,K L M N. Financial real estate professional and administrative activities,50,47,10,37,3,0,3
S01012986,O P Q. Public administration education and health,117,111,24,87,6,2,4
S01012986,R S T U. Other,9,8,1,7,1,1,0
S01012987,All people aged 16 to 74 in employment,352,314,88,226,38,11,27
S01012987,A B D E. Agriculture energy and water,5,5,0,5,0,0,0
S01012987,C. Manufacturing,35,32,1,31,3,1,2
S01012987,F. Construction,22,14,1,13,8,2,6
S01012987,G I. Distribution hotels and restaurants,83,73,32,41,10,2,8
S01012987,H J. Transport and communication,27,19,2,17,8,3,5
S01012987,K L M N. Financial real estate professional and administrative activities,54,52,20,32,2,1,1
S01012987,O P Q. Public administration education and health,110,106,28,78,4,1,3
S01012987,R S T U. Other,16,13,4,9,3,1,2
S01012988,All people aged 16 to 74 in employment,388,357,96,261,31,11,20
S01012988,A B D E. Agriculture energy and water,10,10,2,8,0,0,0
S01012988,C. Manufacturing,51,50,4,46,1,0,1
S01012988,F. Construction,22,12,0,12,10,3,7
S01012988,G I. Distribution hotels and restaurants,80,75,33,42,5,2,3
S01012988,H J. Transport and communication,35,29,3,26,6,1,5
S01012988,K L M N. Financial real estate professional and administrative activities,36,35,6,29,1,0,1
S01012988,O P Q. Public administration education and health,140,136,45,91,4,2,2
S01012988,R S T U. Other,14,10,3,7,4,3,1
S01012989,All people aged 16 to 74 in employment,445,414,104,310,31,10,21
S01012989,A B D E. Agriculture energy and water,8,7,0,7,1,0,1
S01012989,C. Manufacturing,45,43,5,38,2,0,2
S01012989,F. Construction,36,25,0,25,11,2,9
S01012989,G I. Distribution hotels and restaurants,100,96,42,54,4,1,3
S01012989,H J. Transport and communication,41,37,3,34,4,1,3
S01012989,K L M N. Financial real estate professional and administrative activities,50,46,12,34,4,3,1
S01012989,O P Q. Public administration education and health,147,143,36,107,4,2,2
S01012989,R S T U. Other,18,17,6,11,1,1,0
S01012990,All people aged 16 to 74 in employment,279,262,79,183,17,2,15
S01012990,A B D E. Agriculture energy and water,7,4,0,4,3,0,3
S01012990,C. Manufacturing,29,29,1,28,0,0,0
S01012990,F. Construction,17,14,0,14,3,0,3
S01012990,G I. Distribution hotels and restaurants,61,60,30,30,1,1,0
S01012990,H J. Transport and communication,24,22,4,18,2,0,2
S01012990,K L M N. Financial real estate professional and administrative activities,34,30,5,25,4,1,3
S01012990,O P Q. Public administration education and health,88,85,29,56,3,0,3
S01012990,R S T U. Other,19,18,10,8,1,0,1
S01012991,All people aged 16 to 74 in employment,365,329,116,213,36,9,27
S01012991,A B D E. Agriculture energy and water,8,7,1,6,1,1,0
S01012991,C. Manufacturing,31,30,3,27,1,0,1
S01012991,F. Construction,28,20,2,18,8,0,8
S01012991,G I. Distribution hotels and restaurants,91,90,51,39,1,0,1
S01012991,H J. Transport and communication,33,24,4,20,9,2,7
S01012991,K L M N. Financial real estate professional and administrative activities,47,41,13,28,6,2,4
S01012991,O P Q. Public administration education and health,112,107,41,66,5,2,3
S01012991,R S T U. Other,15,10,1,9,5,2,3
S01012992,All people aged 16 to 74 in employment,358,332,91,241,26,8,18
S01012992,A B D E. Agriculture energy and water,8,8,0,8,0,0,0
S01012992,C. Manufacturing,30,29,1,28,1,0,1
S01012992,F. Construction,18,12,2,10,6,2,4
S01012992,G I. Distribution hotels and restaurants,98,94,46,48,4,1,3
S01012992,H J. Transport and communication,23,18,1,17,5,2,3
S01012992,K L M N. Financial real estate professional and administrative activities,36,35,4,31,1,0,1
S01012992,O P Q. Public administration education and health,132,125,32,93,7,1,6
S01012992,R S T U. Other,13,11,5,6,2,2,0
S01012993,All people aged 16 to 74 in employment,302,282,75,207,20,4,16
S01012993,A B D E. Agriculture energy and water,7,7,1,6,0,0,0
S01012993,C. Manufacturing,36,36,3,33,0,0,0
S01012993,F. Construction,20,15,1,14,5,1,4
S01012993,G I. Distribution hotels and restaurants,77,71,36,35,6,1,5
S01012993,H J. Transport and communication,13,9,0,9,4,1,3
S01012993,K L M N. Financial real estate professional and administrative activities,39,37,10,27,2,0,2
S01012993,O P Q. Public administration education and health,103,101,22,79,2,1,1
S01012993,R S T U. Other,7,6,2,4,1,0,1
S01012994,All people aged 16 to 74 in employment,417,380,110,270,37,8,29
S01012994,A B D E. Agriculture energy and water,10,9,3,6,1,1,0
S01012994,C. Manufacturing,42,40,1,39,2,0,2
S01012994,F. Construction,22,19,0,19,3,0,3
S01012994,G I. Distribution hotels and restaurants,106,98,41,57,8,2,6
S01012994,H J. Transport and communication,31,25,1,24,6,0,6
S01012994,K L M N. Financial real estate professional and administrative activities,79,68,22,46,11,3,8
S01012994,O P Q. Public administration education and health,113,108,39,69,5,2,3
S01012994,R S T U. Other,14,13,3,10,1,0,1
S01012995,All people aged 16 to 74 in employment,471,437,104,333,34,5,29
S01012995,A B D E. Agriculture energy and water,9,9,0,9,0,0,0
S01012995,C. Manufacturing,54,52,2,50,2,0,2
S01012995,F. Construction,36,27,2,25,9,1,8
S01012995,G I. Distribution hotels and restaurants,82,77,30,47,5,1,4
S01012995,H J. Transport and communication,32,28,1,27,4,0,4
S01012995,K L M N. Financial real estate professional and administrative activities,69,64,12,52,5,1,4
S01012995,O P Q. Public administration education and health,168,161,51,110,7,1,6
S01012995,R S T U. Other,21,19,6,13,2,1,1
S01012996,All people aged 16 to 74 in employment,388,352,109,243,36,9,27
S01012996,A B D E. Agriculture energy and water,10,9,0,9,1,0,1
S01012996,C. Manufacturing,49,48,4,44,1,0,1
S01012996,F. Construction,33,15,3,12,18,3,15
S01012996,G I. Distribution hotels and restaurants,95,92,42,50,3,0,3
S01012996,H J. Transport and communication,22,20,4,16,2,0,2
S01012996,K L M N. Financial real estate professional and administrative activities,46,40,12,28,6,3,3
S01012996,O P Q. Public administration education and health,115,113,40,73,2,2,0
S01012996,R S T U. Other,18,15,4,11,3,1,2
S01012997,All people aged 16 to 74 in employment,207,199,54,145,8,1,7
S01012997,A B D E. Agriculture energy and water,2,2,0,2,0,0,0
S01012997,C. Manufacturing,28,27,3,24,1,0,1
S01012997,F. Construction,12,11,1,10,1,0,1
S01012997,G I. Distribution hotels and restaurants,50,45,24,21,5,1,4
S01012997,H J. Transport and communication,15,14,0,14,1,0,1
S01012997,K L M N. Financial real estate professional and administrative activities,23,23,5,18,0,0,0
S01012997,O P Q. Public administration education and health,73,73,20,53,0,0,0
S01012997,R S T U. Other,4,4,1,3,0,0,0
S01012998,All people aged 16 to 74 in employment,561,507,149,358,54,11,43
S01012998,A B D E. Agriculture energy and water,14,13,1,12,1,0,1
S01012998,C. Manufacturing,77,75,6,69,2,0,2
S01012998,F. Construction,44,32,4,28,12,3,9
S01012998,G I. Distribution hotels and restaurants,115,107,53,54,8,1,7
S01012998,H J. Transport and communication,49,38,7,31,11,1,10
S01012998,K L M N. Financial real estate professional and administrative activities,84,69,13,56,15,4,11
S01012998,O P Q. Public administration education and health,160,157,59,98,3,1,2
S01012998,R S T U. Other,18,16,6,10,2,1,1
S01012999,All people aged 16 to 74 in employment,237,219,60,159,18,7,11
S01012999,A B D E. Agriculture energy and water,5,3,1,2,2,1,1
S01012999,C. Manufacturing,22,21,1,20,1,0,1
S01012999,F. Construction,24,21,2,19,3,0,3
S01012999,G I. Distribution hotels and restaurants,62,61,26,35,1,1,0
S01012999,H J. Transport and communication,15,13,5,8,2,0,2
S01012999,K L M N. Financial real estate professional and administrative activities,34,31,3,28,3,0,3
S01012999,O P Q. Public administration education and health,67,63,20,43,4,3,1
S01012999,R S T U. Other,8,6,2,4,2,2,0
S01013000,All people aged 16 to 74 in employment,313,289,78,211,24,3,21
S01013000,A B D E. Agriculture energy and water,6,4,0,4,2,1,1
S01013000,C. Manufacturing,49,47,3,44,2,1,1
S01013000,F. Construction,27,20,1,19,7,1,6
S01013000,G I. Distribution hotels and restaurants,67,66,34,32,1,0,1
S01013000,H J. Transport and communication,25,18,2,16,7,0,7
S01013000,K L M N. Financial real estate professional and administrative activities,39,38,8,30,1,0,1
S01013000,O P Q. Public administration education and health,86,85,26,59,1,0,1
S01013000,R S T U. Other,14,11,4,7,3,0,3
S01013001,All people aged 16 to 74 in employment,196,133,37,96,63,20,43
S01013001,A B D E. Agriculture energy and water,10,5,0,5,5,2,3
S01013001,C. Manufacturing,13,8,1,7,5,1,4
S01013001,F. Construction,15,8,2,6,7,1,6
S01013001,G I. Distribution hotels and restaurants,37,27,11,16,10,4,6
S01013001,H J. Transport and communication,10,8,1,7,2,0,2
S01013001,K L M N. Financial real estate professional and administrative activities,36,19,3,16,17,6,11
S01013001,O P Q. Public administration education and health,54,45,14,31,9,5,4
S01013001,R S T U. Other,21,13,5,8,8,1,7
S01013002,All people aged 16 to 74 in employment,252,177,42,135,75,17,58
S01013002,A B D E. Agriculture energy and water,28,21,3,18,7,0,7
S01013002,C. Manufacturing,16,10,0,10,6,1,5
S01013002,F. Construction,19,9,1,8,10,0,10
S01013002,G I. Distribution hotels and restaurants,43,30,11,19,13,1,12
S01013002,H J. Transport and communication,17,11,3,8,6,0,6
S01013002,K L M N. Financial real estate professional and administrative activities,49,30,6,24,19,7,12
S01013002,O P Q. Public administration education and health,56,50,15,35,6,2,4
S01013002,R S T U. Other,24,16,3,13,8,6,2
S01013003,All people aged 16 to 74 in employment,287,234,77,157,53,19,34
S01013003,A B D E. Agriculture energy and water,5,4,0,4,1,0,1
S01013003,C. Manufacturing,25,21,5,16,4,1,3
S01013003,F. Construction,14,11,0,11,3,0,3
S01013003,G I. Distribution hotels and restaurants,48,44,26,18,4,0,4
S01013003,H J. Transport and communication,14,11,1,10,3,2,1
S01013003,K L M N. Financial real estate professional and administrative activities,69,50,8,42,19,9,10
S01013003,O P Q. Public administration education and health,97,84,31,53,13,4,9
S01013003,R S T U. Other,15,9,6,3,6,3,3
S01013004,All people aged 16 to 74 in employment,322,251,74,177,71,18,53
S01013004,A B D E. Agriculture energy and water,7,4,1,3,3,0,3
S01013004,C. Manufacturing,15,12,2,10,3,1,2
S01013004,F. Construction,23,13,1,12,10,3,7
S01013004,G I. Distribution hotels and restaurants,52,37,19,18,15,3,12
S01013004,H J. Transport and communication,24,21,2,19,3,0,3
S01013004,K L M N. Financial real estate professional and administrative activities,58,34,8,26,24,7,17
S01013004,O P Q. Public administration education and health,134,124,37,87,10,3,7
S01013004,R S T U. Other,9,6,4,2,3,1,2
S01013005,All people aged 16 to 74 in employment,336,244,65,179,92,34,58
S01013005,A B D E. Agriculture energy and water,17,9,1,8,8,2,6
S01013005,C. Manufacturing,27,21,0,21,6,2,4
S01013005,F. Construction,30,20,3,17,10,2,8
S01013005,G I. Distribution hotels and restaurants,50,39,13,26,11,3,8
S01013005,H J. Transport and communication,19,11,5,6,8,4,4
S01013005,K L M N. Financial real estate professional and administrative activities,67,36,9,27,31,10,21
S01013005,O P Q. Public administration education and health,110,101,32,69,9,6,3
S01013005,R S T U. Other,16,7,2,5,9,5,4
S01013006,All people aged 16 to 74 in employment,307,231,72,159,76,18,58
S01013006,A B D E. Agriculture energy and water,4,2,0,2,2,1,1
S01013006,C. Manufacturing,19,18,6,12,1,1,0
S01013006,F. Construction,20,16,5,11,4,0,4
S01013006,G I. Distribution hotels and restaurants,43,32,16,16,11,1,10
S01013006,H J. Transport and communication,23,21,1,20,2,0,2
S01013006,K L M N. Financial real estate professional and administrative activities,69,39,14,25,30,4,26
S01013006,O P Q. Public administration education and health,97,83,26,57,14,8,6
S01013006,R S T U. Other,32,20,4,16,12,3,9
S01013007,All people aged 16 to 74 in employment,399,329,100,229,70,25,45
S01013007,A B D E. Agriculture energy and water,7,7,0,7,0,0,0
S01013007,C. Manufacturing,26,23,2,21,3,1,2
S01013007,F. Construction,27,17,3,14,10,2,8
S01013007,G I. Distribution hotels and restaurants,51,40,22,18,11,0,11
S01013007,H J. Transport and communication,23,16,1,15,7,1,6
S01013007,K L M N. Financial real estate professional and administrative activities,82,67,16,51,15,9,6
S01013007,O P Q. Public administration education and health,155,139,47,92,16,7,9
S01013007,R S T U. Other,28,20,9,11,8,5,3
S01013008,All people aged 16 to 74 in employment,339,270,81,189,69,23,46
S01013008,A B D E. Agriculture energy and water,7,6,0,6,1,0,1
S01013008,C. Manufacturing,18,15,3,12,3,2,1
S01013008,F. Construction,35,20,2,18,15,5,10
S01013008,G I. Distribution hotels and restaurants,59,48,19,29,11,2,9
S01013008,H J. Transport and communication,21,17,2,15,4,1,3
S01013008,K L M N. Financial real estate professional and administrative activities,61,44,10,34,17,3,14
S01013008,O P Q. Public administration education and health,124,111,40,71,13,8,5
S01013008,R S T U. Other,14,9,5,4,5,2,3
S01013009,All people aged 16 to 74 in employment,272,227,61,166,45,18,27
S01013009,A B D E. Agriculture energy and water,10,9,0,9,1,0,1
S01013009,C. Manufacturing,13,12,3,9,1,1,0
S01013009,F. Construction,17,11,0,11,6,3,3
S01013009,G I. Distribution hotels and restaurants,64,54,21,33,10,3,7
S01013009,H J. Transport and communication,17,15,3,12,2,0,2
S01013009,K L M N. Financial real estate professional and administrative activities,50,39,8,31,11,3,8
S01013009,O P Q. Public administration education and health,85,77,25,52,8,4,4
S01013009,R S T U. Other,16,10,1,9,6,4,2
S01013010,All people aged 16 to 74 in employment,312,209,55,154,103,24,79
S01013010,A B D E. Agriculture energy and water,22,10,2,8,12,4,8
S01013010,C. Manufacturing,30,19,2,17,11,1,10
S01013010,F. Construction,24,12,1,11,12,1,11
S01013010,G I. Distribution hotels and restaurants,73,50,20,30,23,6,17
S01013010,H J. Transport and communication,29,18,4,14,11,0,11
S01013010,K L M N. Financial real estate professional and administrative activities,46,26,3,23,20,6,14
S01013010,O P Q. Public administration education and health,81,69,22,47,12,6,6
S01013010,R S T U. Other,7,5,1,4,2,0,2
S01013011,All people aged 16 to 74 in employment,344,267,67,200,77,26,51
S01013011,A B D E. Agriculture energy and water,9,3,1,2,6,0,6
S01013011,C. Manufacturing,27,24,0,24,3,1,2
S01013011,F. Construction,26,13,1,12,13,2,11
S01013011,G I. Distribution hotels and restaurants,55,43,17,26,12,4,8
S01013011,H J. Transport and communication,24,17,5,12,7,3,4
S01013011,K L M N. Financial real estate professional and administrative activities,60,42,6,36,18,7,11
S01013011,O P Q. Public administration education and health,124,115,34,81,9,4,5
S01013011,R S T U. Other,19,10,3,7,9,5,4
S01013012,All people aged 16 to 74 in employment,305,257,72,185,48,19,29
S01013012,A B D E. Agriculture energy and water,11,8,1,7,3,0,3
S01013012,C. Manufacturing,11,10,1,9,1,0,1
S01013012,F. Construction,27,20,2,18,7,2,5
S01013012,G I. Distribution hotels and restaurants,66,58,27,31,8,3,5
S01013012,H J. Transport and communication,19,14,1,13,5,1,4
S01013012,K L M N. Financial real estate professional and administrative activities,45,34,5,29,11,6,5
S01013012,O P Q. Public administration education and health,102,96,30,66,6,3,3
S01013012,R S T U. Other,24,17,5,12,7,4,3
S01013013,All people aged 16 to 74 in employment,360,274,87,187,86,31,55
S01013013,A B D E. Agriculture energy and water,22,8,0,8,14,4,10
S01013013,C. Manufacturing,18,15,1,14,3,0,3
S01013013,F. Construction,34,17,2,15,17,3,14
S01013013,G I. Distribution hotels and restaurants,62,45,26,19,17,11,6
S01013013,H J. Transport and communication,23,20,4,16,3,2,1
S01013013,K L M N. Financial real estate professional and administrative activities,62,49,10,39,13,4,9
S01013013,O P Q. Public administration education and health,120,111,40,71,9,2,7
S01013013,R S T U. Other,19,9,4,5,10,5,5
S01013014,All people aged 16 to 74 in employment,336,251,68,183,85,23,62
S01013014,A B D E. Agriculture energy and water,31,15,3,12,16,0,16
S01013014,C. Manufacturing,19,15,2,13,4,1,3
S01013014,F. Construction,38,20,3,17,18,4,14
S01013014,G I. Distribution hotels and restaurants,72,55,23,32,17,5,12
S01013014,H J. Transport and communication,17,14,1,13,3,1,2
S01013014,K L M N. Financial real estate professional and administrative activities,43,32,6,26,11,5,6
S01013014,O P Q. Public administration education and health,99,90,26,64,9,3,6
S01013014,R S T U. Other,17,10,4,6,7,4,3
S01013015,All people aged 16 to 74 in employment,392,283,86,197,109,24,85
S01013015,A B D E. Agriculture energy and water,44,8,0,8,36,5,31
S01013015,C. Manufacturing,29,21,2,19,8,3,5
S01013015,F. Construction,34,19,2,17,15,3,12
S01013015,G I. Distribution hotels and restaurants,71,59,34,25,12,1,11
S01013015,H J. Transport and communication,20,16,2,14,4,0,4
S01013015,K L M N. Financial real estate professional and administrative activities,49,35,10,25,14,2,12
S01013015,O P Q. Public administration education and health,115,106,31,75,9,7,2
S01013015,R S T U. Other,30,19,5,14,11,3,8
S01013016,All people aged 16 to 74 in employment,324,217,74,143,107,19,88
S01013016,A B D E. Agriculture energy and water,45,12,1,11,33,2,31
S01013016,C. Manufacturing,21,15,1,14,6,2,4
S01013016,F. Construction,16,10,1,9,6,0,6
S01013016,G I. Distribution hotels and restaurants,41,30,16,14,11,1,10
S01013016,H J. Transport and communication,28,15,4,11,13,2,11
S01013016,K L M N. Financial real estate professional and administrative activities,64,43,11,32,21,4,17
S01013016,O P Q. Public administration education and health,95,84,36,48,11,4,7
S01013016,R S T U. Other,14,8,4,4,6,4,2
S01013017,All people aged 16 to 74 in employment,377,300,95,205,77,28,49
S01013017,A B D E. Agriculture energy and water,7,7,0,7,0,0,0
S01013017,C. Manufacturing,25,20,0,20,5,0,5
S01013017,F. Construction,27,20,0,20,7,0,7
S01013017,G I. Distribution hotels and restaurants,77,61,26,35,16,4,12
S01013017,H J. Transport and communication,30,24,3,21,6,3,3
S01013017,K L M N. Financial real estate professional and administrative activities,49,37,12,25,12,5,7
S01013017,O P Q. Public administration education and health,134,111,47,64,23,11,12
S01013017,R S T U. Other,28,20,7,13,8,5,3
S01013018,All people aged 16 to 74 in employment,468,360,123,237,108,29,79
S01013018,A B D E. Agriculture energy and water,31,13,3,10,18,3,15
S01013018,C. Manufacturing,36,28,4,24,8,2,6
S01013018,F. Construction,36,18,4,14,18,1,17
S01013018,G I. Distribution hotels and restaurants,82,66,33,33,16,4,12
S01013018,H J. Transport and communication,28,25,5,20,3,2,1
S01013018,K L M N. Financial real estate professional and administrative activities,89,63,16,47,26,6,20
S01013018,O P Q. Public administration education and health,141,131,53,78,10,5,5
S01013018,R S T U. Other,25,16,5,11,9,6,3
S01013019,All people aged 16 to 74 in employment,460,385,87,298,75,16,59
S01013019,A B D E. Agriculture energy and water,33,17,2,15,16,3,13
S01013019,C. Manufacturing,22,22,3,19,0,0,0
S01013019,F. Construction,33,29,5,24,4,0,4
S01013019,G I. Distribution hotels and restaurants,63,56,19,37,7,1,6
S01013019,H J. Transport and communication,22,18,2,16,4,1,3
S01013019,K L M N. Financial real estate professional and administrative activities,97,74,14,60,23,6,17
S01013019,O P Q. Public administration education and health,153,140,37,103,13,3,10
S01013019,R S T U. Other,37,29,5,24,8,2,6
S01013020,All people aged 16 to 74 in employment,238,218,63,155,20,6,14
S01013020,A B D E. Agriculture energy and water,3,2,0,2,1,1,0
S01013020,C. Manufacturing,11,10,0,10,1,0,1
S01013020,F. Construction,27,22,2,20,5,0,5
S01013020,G I. Distribution hotels and restaurants,49,43,22,21,6,4,2
S01013020,H J. Transport and communication,16,15,2,13,1,0,1
S01013020,K L M N. Financial real estate professional and administrative activities,49,47,15,32,2,0,2
S01013020,O P Q. Public administration education and health,74,72,19,53,2,1,1
S01013020,R S T U. Other,9,7,3,4,2,0,2
S01013021,All people aged 16 to 74 in employment,243,217,62,155,26,9,17
S01013021,A B D E. Agriculture energy and water,3,3,0,3,0,0,0
S01013021,C. Manufacturing,17,15,2,13,2,0,2
S01013021,F. Construction,34,26,1,25,8,2,6
S01013021,G I. Distribution hotels and restaurants,52,51,18,33,1,0,1
S01013021,H J. Transport and communication,17,12,4,8,5,1,4
S01013021,K L M N. Financial real estate professional and administrative activities,30,28,6,22,2,2,0
S01013021,O P Q. Public administration education and health,81,75,27,48,6,3,3
S01013021,R S T U. Other,9,7,4,3,2,1,1
S01013022,All people aged 16 to 74 in employment,210,191,61,130,19,7,12
S01013022,A B D E. Agriculture energy and water,7,6,0,6,1,1,0
S01013022,C. Manufacturing,15,15,1,14,0,0,0
S01013022,F. Construction,18,15,1,14,3,0,3
S01013022,G I. Distribution hotels and restaurants,45,42,24,18,3,2,1
S01013022,H J. Transport and communication,16,15,0,15,1,0,1
S01013022,K L M N. Financial real estate professional and administrative activities,36,29,6,23,7,1,6
S01013022,O P Q. Public administration education and health,68,65,28,37,3,2,1
S01013022,R S T U. Other,5,4,1,3,1,1,0
S01013023,All people aged 16 to 74 in employment,401,347,105,242,54,12,42
S01013023,A B D E. Agriculture energy and water,9,7,1,6,2,0,2
S01013023,C. Manufacturing,29,24,1,23,5,1,4
S01013023,F. Construction,29,25,1,24,4,1,3
S01013023,G I. Distribution hotels and restaurants,72,65,27,38,7,1,6
S01013023,H J. Transport and communication,33,26,6,20,7,1,6
S01013023,K L M N. Financial real estate professional and administrative activities,61,50,11,39,11,3,8
S01013023,O P Q. Public administration education and health,150,138,51,87,12,2,10
S01013023,R S T U. Other,18,12,7,5,6,3,3
S01013024,All people aged 16 to 74 in employment,241,206,52,154,35,9,26
S01013024,A B D E. Agriculture energy and water,8,8,0,8,0,0,0
S01013024,C. Manufacturing,24,21,2,19,3,0,3
S01013024,F. Construction,19,10,3,7,9,1,8
S01013024,G I. Distribution hotels and restaurants,36,33,15,18,3,0,3
S01013024,H J. Transport and communication,7,6,1,5,1,0,1
S01013024,K L M N. Financial real estate professional and administrative activities,37,32,7,25,5,2,3
S01013024,O P Q. Public administration education and health,99,89,20,69,10,4,6
S01013024,R S T U. Other,11,7,4,3,4,2,2
S01013025,All people aged 16 to 74 in employment,282,182,50,132,100,22,78
S01013025,A B D E. Agriculture energy and water,38,15,0,15,23,1,22
S01013025,C. Manufacturing,17,14,2,12,3,1,2
S01013025,F. Construction,28,15,1,14,13,1,12
S01013025,G I. Distribution hotels and restaurants,47,29,19,10,18,5,13
S01013025,H J. Transport and communication,11,8,1,7,3,0,3
S01013025,K L M N. Financial real estate professional and administrative activities,47,28,6,22,19,6,13
S01013025,O P Q. Public administration education and health,81,68,20,48,13,6,7
S01013025,R S T U. Other,13,5,1,4,8,2,6
S01013026,All people aged 16 to 74 in employment,506,471,109,362,35,10,25
S01013026,A B D E. Agriculture energy and water,22,20,0,20,2,0,2
S01013026,C. Manufacturing,34,32,2,30,2,0,2
S01013026,F. Construction,65,51,3,48,14,3,11
S01013026,G I. Distribution hotels and restaurants,88,85,33,52,3,2,1
S01013026,H J. Transport and communication,39,37,3,34,2,0,2
S01013026,K L M N. Financial real estate professional and administrative activities,65,60,15,45,5,2,3
S01013026,O P Q. Public administration education and health,178,172,47,125,6,2,4
S01013026,R S T U. Other,15,14,6,8,1,1,0
S01013027,All people aged 16 to 74 in employment,390,362,124,238,28,11,17
S01013027,A B D E. Agriculture energy and water,9,8,3,5,1,0,1
S01013027,C. Manufacturing,41,40,4,36,1,0,1
S01013027,F. Construction,54,50,0,50,4,2,2
S01013027,G I. Distribution hotels and restaurants,86,80,41,39,6,2,4
S01013027,H J. Transport and communication,19,13,2,11,6,1,5
S01013027,K L M N. Financial real estate professional and administrative activities,51,44,21,23,7,4,3
S01013027,O P Q. Public administration education and health,123,120,50,70,3,2,1
S01013027,R S T U. Other,7,7,3,4,0,0,0
S01013028,All people aged 16 to 74 in employment,266,217,54,163,49,11,38
S01013028,A B D E. Agriculture energy and water,40,19,3,16,21,1,20
S01013028,C. Manufacturing,28,28,2,26,0,0,0
S01013028,F. Construction,30,24,3,21,6,2,4
S01013028,G I. Distribution hotels and restaurants,41,40,24,16,1,0,1
S01013028,H J. Transport and communication,12,11,0,11,1,0,1
S01013028,K L M N. Financial real estate professional and administrative activities,45,36,8,28,9,3,6
S01013028,O P Q. Public administration education and health,61,56,14,42,5,4,1
S01013028,R S T U. Other,9,3,0,3,6,1,5
S01013029,All people aged 16 to 74 in employment,251,241,75,166,10,2,8
S01013029,A B D E. Agriculture energy and water,13,11,0,11,2,0,2
S01013029,C. Manufacturing,32,31,0,31,1,0,1
S01013029,F. Construction,26,23,2,21,3,1,2
S01013029,G I. Distribution hotels and restaurants,47,47,23,24,0,0,0
S01013029,H J. Transport and communication,17,16,4,12,1,0,1
S01013029,K L M N. Financial real estate professional and administrative activities,33,31,14,17,2,1,1
S01013029,O P Q. Public administration education and health,73,72,30,42,1,0,1
S01013029,R S T U. Other,10,10,2,8,0,0,0
S01013030,All people aged 16 to 74 in employment,273,246,78,168,27,9,18
S01013030,A B D E. Agriculture energy and water,7,6,0,6,1,1,0
S01013030,C. Manufacturing,27,27,2,25,0,0,0
S01013030,F. Construction,44,35,3,32,9,1,8
S01013030,G I. Distribution hotels and restaurants,60,54,29,25,6,1,5
S01013030,H J. Transport and communication,16,11,1,10,5,3,2
S01013030,K L M N. Financial real estate professional and administrative activities,23,21,10,11,2,1,1
S01013030,O P Q. Public administration education and health,87,83,31,52,4,2,2
S01013030,R S T U. Other,9,9,2,7,0,0,0
S01013031,All people aged 16 to 74 in employment,300,281,89,192,19,5,14
S01013031,A B D E. Agriculture energy and water,7,7,2,5,0,0,0
S01013031,C. Manufacturing,29,29,2,27,0,0,0
S01013031,F. Construction,46,39,0,39,7,0,7
S01013031,G I. Distribution hotels and restaurants,96,91,44,47,5,2,3
S01013031,H J. Transport and communication,16,13,0,13,3,2,1
S01013031,K L M N. Financial real estate professional and administrative activities,28,27,12,15,1,0,1
S01013031,O P Q. Public administration education and health,68,67,24,43,1,0,1
S01013031,R S T U. Other,10,8,5,3,2,1,1
S01013032,All people aged 16 to 74 in employment,461,409,100,309,52,8,44
S01013032,A B D E. Agriculture energy and water,15,14,0,14,1,0,1
S01013032,C. Manufacturing,48,43,1,42,5,1,4
S01013032,F. Construction,49,34,1,33,15,0,15
S01013032,G I. Distribution hotels and restaurants,102,93,41,52,9,1,8
S01013032,H J. Transport and communication,31,27,1,26,4,0,4
S01013032,K L M N. Financial real estate professional and administrative activities,80,71,19,52,9,4,5
S01013032,O P Q. Public administration education and health,118,111,33,78,7,2,5
S01013032,R S T U. Other,18,16,4,12,2,0,2
S01013033,All people aged 16 to 74 in employment,373,340,87,253,33,10,23
S01013033,A B D E. Agriculture energy and water,10,9,2,7,1,0,1
S01013033,C. Manufacturing,31,30,3,27,1,0,1
S01013033,F. Construction,57,44,1,43,13,2,11
S01013033,G I. Distribution hotels and restaurants,94,88,32,56,6,1,5
S01013033,H J. Transport and communication,22,17,1,16,5,1,4
S01013033,K L M N. Financial real estate professional and administrative activities,36,34,12,22,2,2,0
S01013033,O P Q. Public administration education and health,107,105,31,74,2,1,1
S01013033,R S T U. Other,16,13,5,8,3,3,0
S01013034,All people aged 16 to 74 in employment,335,316,102,214,19,8,11
S01013034,A B D E. Agriculture energy and water,12,12,2,10,0,0,0
S01013034,C. Manufacturing,29,28,2,26,1,1,0
S01013034,F. Construction,43,36,2,34,7,2,5
S01013034,G I. Distribution hotels and restaurants,89,84,41,43,5,2,3
S01013034,H J. Transport and communication,24,21,7,14,3,1,2
S01013034,K L M N. Financial real estate professional and administrative activities,37,34,7,27,3,2,1
S01013034,O P Q. Public administration education and health,88,88,35,53,0,0,0
S01013034,R S T U. Other,13,13,6,7,0,0,0
S01013035,All people aged 16 to 74 in employment,293,277,107,170,16,5,11
S01013035,A B D E. Agriculture energy and water,19,16,3,13,3,0,3
S01013035,C. Manufacturing,24,24,0,24,0,0,0
S01013035,F. Construction,37,32,1,31,5,1,4
S01013035,G I. Distribution hotels and restaurants,91,89,51,38,2,1,1
S01013035,H J. Transport and communication,16,14,4,10,2,1,1
S01013035,K L M N. Financial real estate professional and administrative activities,32,30,13,17,2,1,1
S01013035,O P Q. Public administration education and health,62,61,27,34,1,1,0
S01013035,R S T U. Other,12,11,8,3,1,0,1
S01013036,All people aged 16 to 74 in employment,344,317,108,209,27,10,17
S01013036,A B D E. Agriculture energy and water,16,14,0,14,2,1,1
S01013036,C. Manufacturing,26,25,1,24,1,0,1
S01013036,F. Construction,47,40,1,39,7,1,6
S01013036,G I. Distribution hotels and restaurants,97,97,43,54,0,0,0
S01013036,H J. Transport and communication,22,17,4,13,5,1,4
S01013036,K L M N. Financial real estate professional and administrative activities,39,35,16,19,4,1,3
S01013036,O P Q. Public administration education and health,76,73,36,37,3,2,1
S01013036,R S T U. Other,21,16,7,9,5,4,1
S01013037,All people aged 16 to 74 in employment,397,353,80,273,44,12,32
S01013037,A B D E. Agriculture energy and water,13,13,1,12,0,0,0
S01013037,C. Manufacturing,32,32,2,30,0,0,0
S01013037,F. Construction,38,25,2,23,13,2,11
S01013037,G I. Distribution hotels and restaurants,75,70,24,46,5,2,3
S01013037,H J. Transport and communication,21,16,0,16,5,2,3
S01013037,K L M N. Financial real estate professional and administrative activities,72,63,14,49,9,2,7
S01013037,O P Q. Public administration education and health,126,117,29,88,9,3,6
S01013037,R S T U. Other,20,17,8,9,3,1,2
S01013038,All people aged 16 to 74 in employment,460,425,107,318,35,9,26
S01013038,A B D E. Agriculture energy and water,8,7,1,6,1,0,1
S01013038,C. Manufacturing,44,43,4,39,1,0,1
S01013038,F. Construction,37,24,1,23,13,0,13
S01013038,G I. Distribution hotels and restaurants,99,94,41,53,5,2,3
S01013038,H J. Transport and communication,33,30,2,28,3,1,2
S01013038,K L M N. Financial real estate professional and administrative activities,65,59,10,49,6,4,2
S01013038,O P Q. Public administration education and health,151,147,40,107,4,2,2
S01013038,R S T U. Other,23,21,8,13,2,0,2
S01013039,All people aged 16 to 74 in employment,324,299,87,212,25,8,17
S01013039,A B D E. Agriculture energy and water,8,7,0,7,1,0,1
S01013039,C. Manufacturing,21,21,3,18,0,0,0
S01013039,F. Construction,36,29,2,27,7,0,7
S01013039,G I. Distribution hotels and restaurants,65,64,39,25,1,1,0
S01013039,H J. Transport and communication,22,20,4,16,2,0,2
S01013039,K L M N. Financial real estate professional and administrative activities,53,48,5,43,5,2,3
S01013039,O P Q. Public administration education and health,110,103,30,73,7,4,3
S01013039,R S T U. Other,9,7,4,3,2,1,1
S01013040,All people aged 16 to 74 in employment,287,255,70,185,32,7,25
S01013040,A B D E. Agriculture energy and water,4,4,0,4,0,0,0
S01013040,C. Manufacturing,25,24,2,22,1,0,1
S01013040,F. Construction,40,29,2,27,11,1,10
S01013040,G I. Distribution hotels and restaurants,62,56,26,30,6,2,4
S01013040,H J. Transport and communication,20,18,1,17,2,0,2
S01013040,K L M N. Financial real estate professional and administrative activities,44,39,6,33,5,3,2
S01013040,O P Q. Public administration education and health,79,75,30,45,4,1,3
S01013040,R S T U. Other,13,10,3,7,3,0,3
S01013041,All people aged 16 to 74 in employment,326,297,75,222,29,7,22
S01013041,A B D E. Agriculture energy and water,9,9,1,8,0,0,0
S01013041,C. Manufacturing,32,30,3,27,2,0,2
S01013041,F. Construction,41,37,0,37,4,0,4
S01013041,G I. Distribution hotels and restaurants,74,65,32,33,9,3,6
S01013041,H J. Transport and communication,17,12,2,10,5,0,5
S01013041,K L M N. Financial real estate professional and administrative activities,42,40,8,32,2,0,2
S01013041,O P Q. Public administration education and health,98,94,26,68,4,3,1
S01013041,R S T U. Other,13,10,3,7,3,1,2
S01013042,All people aged 16 to 74 in employment,448,391,109,282,57,16,41
S01013042,A B D E. Agriculture energy and water,16,9,1,8,7,3,4
S01013042,C. Manufacturing,37,37,4,33,0,0,0
S01013042,F. Construction,62,44,1,43,18,2,16
S01013042,G I. Distribution hotels and restaurants,100,87,41,46,13,3,10
S01013042,H J. Transport and communication,24,22,3,19,2,2,0
S01013042,K L M N. Financial real estate professional and administrative activities,58,51,14,37,7,3,4
S01013042,O P Q. Public administration education and health,133,129,42,87,4,0,4
S01013042,R S T U. Other,18,12,3,9,6,3,3
S01013043,All people aged 16 to 74 in employment,295,268,80,188,27,9,18
S01013043,A B D E. Agriculture energy and water,7,7,0,7,0,0,0
S01013043,C. Manufacturing,24,24,2,22,0,0,0
S01013043,F. Construction,34,32,0,32,2,1,1
S01013043,G I. Distribution hotels and restaurants,70,66,29,37,4,1,3
S01013043,H J. Transport and communication,16,11,1,10,5,1,4
S01013043,K L M N. Financial real estate professional and administrative activities,37,31,9,22,6,2,4
S01013043,O P Q. Public administration education and health,85,80,33,47,5,1,4
S01013043,R S T U. Other,22,17,6,11,5,3,2
S01013044,All people aged 16 to 74 in employment,362,336,100,236,26,8,18
S01013044,A B D E. Agriculture energy and water,10,8,0,8,2,0,2
S01013044,C. Manufacturing,28,27,3,24,1,0,1
S01013044,F. Construction,42,32,0,32,10,1,9
S01013044,G I. Distribution hotels and restaurants,101,100,43,57,1,1,0
S01013044,H J. Transport and communication,26,19,4,15,7,3,4
S01013044,K L M N. Financial real estate professional and administrative activities,34,30,9,21,4,3,1
S01013044,O P Q. Public administration education and health,111,111,36,75,0,0,0
S01013044,R S T U. Other,10,9,5,4,1,0,1
S01013045,All people aged 16 to 74 in employment,346,314,76,238,32,7,25
S01013045,A B D E. Agriculture energy and water,10,9,1,8,1,0,1
S01013045,C. Manufacturing,26,24,2,22,2,1,1
S01013045,F. Construction,47,33,1,32,14,0,14
S01013045,G I. Distribution hotels and restaurants,60,54,27,27,6,3,3
S01013045,H J. Transport and communication,26,23,1,22,3,0,3
S01013045,K L M N. Financial real estate professional and administrative activities,59,55,11,44,4,2,2
S01013045,O P Q. Public administration education and health,98,97,24,73,1,1,0
S01013045,R S T U. Other,20,19,9,10,1,0,1
S01013046,All people aged 16 to 74 in employment,234,220,77,143,14,3,11
S01013046,A B D E. Agriculture energy and water,5,5,0,5,0,0,0
S01013046,C. Manufacturing,14,14,1,13,0,0,0
S01013046,F. Construction,28,24,1,23,4,0,4
S01013046,G I. Distribution hotels and restaurants,54,53,28,25,1,0,1
S01013046,H J. Transport and communication,16,14,5,9,2,0,2
S01013046,K L M N. Financial real estate professional and administrative activities,33,30,12,18,3,2,1
S01013046,O P Q. Public administration education and health,66,65,25,40,1,0,1
S01013046,R S T U. Other,18,15,5,10,3,1,2
S01013047,All people aged 16 to 74 in employment,538,484,127,357,54,19,35
S01013047,A B D E. Agriculture energy and water,6,5,0,5,1,1,0
S01013047,C. Manufacturing,47,46,1,45,1,0,1
S01013047,F. Construction,48,36,0,36,12,0,12
S01013047,G I. Distribution hotels and restaurants,107,96,43,53,11,4,7
S01013047,H J. Transport and communication,35,32,3,29,3,3,0
S01013047,K L M N. Financial real estate professional and administrative activities,98,84,27,57,14,6,8
S01013047,O P Q. Public administration education and health,176,169,46,123,7,2,5
S01013047,R S T U. Other,21,16,7,9,5,3,2
S01013048,All people aged 16 to 74 in employment,510,485,94,391,25,8,17
S01013048,A B D E. Agriculture energy and water,13,13,2,11,0,0,0
S01013048,C. Manufacturing,30,30,0,30,0,0,0
S01013048,F. Construction,37,35,1,34,2,0,2
S01013048,G I. Distribution hotels and restaurants,123,118,36,82,5,0,5
S01013048,H J. Transport and communication,45,39,6,33,6,1,5
S01013048,K L M N. Financial real estate professional and administrative activities,84,77,14,63,7,4,3
S01013048,O P Q. Public administration education and health,150,149,30,119,1,0,1
S01013048,R S T U. Other,28,24,5,19,4,3,1
S01013049,All people aged 16 to 74 in employment,440,399,87,312,41,12,29
S01013049,A B D E. Agriculture energy and water,13,11,0,11,2,0,2
S01013049,C. Manufacturing,34,28,0,28,6,0,6
S01013049,F. Construction,41,31,2,29,10,1,9
S01013049,G I. Distribution hotels and restaurants,91,89,29,60,2,0,2
S01013049,H J. Transport and communication,21,19,0,19,2,1,1
S01013049,K L M N. Financial real estate professional and administrative activities,64,56,10,46,8,4,4
S01013049,O P Q. Public administration education and health,156,152,43,109,4,2,2
S01013049,R S T U. Other,20,13,3,10,7,4,3
S01013050,All people aged 16 to 74 in employment,328,293,65,228,35,15,20
S01013050,A B D E. Agriculture energy and water,5,5,1,4,0,0,0
S01013050,C. Manufacturing,24,22,1,21,2,0,2
S01013050,F. Construction,27,23,1,22,4,0,4
S01013050,G I. Distribution hotels and restaurants,90,86,32,54,4,2,2
S01013050,H J. Transport and communication,27,19,3,16,8,4,4
S01013050,K L M N. Financial real estate professional and administrative activities,37,33,4,29,4,2,2
S01013050,O P Q. Public administration education and health,99,95,22,73,4,3,1
S01013050,R S T U. Other,19,10,1,9,9,4,5
S01013051,All people aged 16 to 74 in employment,416,383,109,274,33,6,27
S01013051,A B D E. Agriculture energy and water,12,11,0,11,1,0,1
S01013051,C. Manufacturing,25,23,2,21,2,0,2
S01013051,F. Construction,56,47,4,43,9,1,8
S01013051,G I. Distribution hotels and restaurants,103,96,42,54,7,1,6
S01013051,H J. Transport and communication,30,23,6,17,7,1,6
S01013051,K L M N. Financial real estate professional and administrative activities,56,52,9,43,4,1,3
S01013051,O P Q. Public administration education and health,113,112,39,73,1,1,0
S01013051,R S T U. Other,21,19,7,12,2,1,1
S01013052,All people aged 16 to 74 in employment,320,297,87,210,23,5,18
S01013052,A B D E. Agriculture energy and water,3,3,0,3,0,0,0
S01013052,C. Manufacturing,24,23,0,23,1,1,0
S01013052,F. Construction,39,29,1,28,10,2,8
S01013052,G I. Distribution hotels and restaurants,91,86,42,44,5,0,5
S01013052,H J. Transport and communication,19,17,3,14,2,1,1
S01013052,K L M N. Financial real estate professional and administrative activities,42,41,9,32,1,0,1
S01013052,O P Q. Public administration education and health,92,89,26,63,3,1,2
S01013052,R S T U. Other,10,9,6,3,1,0,1
S01013053,All people aged 16 to 74 in employment,261,230,63,167,31,7,24
S01013053,A B D E. Agriculture energy and water,12,10,0,10,2,0,2
S01013053,C. Manufacturing,15,13,0,13,2,0,2
S01013053,F. Construction,26,19,1,18,7,2,5
S01013053,G I. Distribution hotels and restaurants,65,63,28,35,2,0,2
S01013053,H J. Transport and communication,14,8,1,7,6,1,5
S01013053,K L M N. Financial real estate professional and administrative activities,30,27,9,18,3,1,2
S01013053,O P Q. Public administration education and health,83,79,21,58,4,0,4
S01013053,R S T U. Other,16,11,3,8,5,3,2
S01013054,All people aged 16 to 74 in employment,332,300,80,220,32,7,25
S01013054,A B D E. Agriculture energy and water,11,9,1,8,2,0,2
S01013054,C. Manufacturing,36,32,2,30,4,0,4
S01013054,F. Construction,35,28,3,25,7,0,7
S01013054,G I. Distribution hotels and restaurants,66,61,20,41,5,0,5
S01013054,H J. Transport and communication,23,20,3,17,3,0,3
S01013054,K L M N. Financial real estate professional and administrative activities,44,37,12,25,7,5,2
S01013054,O P Q. Public administration education and health,109,106,38,68,3,1,2
S01013054,R S T U. Other,8,7,1,6,1,1,0
S01013055,All people aged 16 to 74 in employment,306,268,75,193,38,10,28
S01013055,A B D E. Agriculture energy and water,5,5,1,4,0,0,0
S01013055,C. Manufacturing,21,21,1,20,0,0,0
S01013055,F. Construction,36,20,0,20,16,2,14
S01013055,G I. Distribution hotels and restaurants,77,69,31,38,8,1,7
S01013055,H J. Transport and communication,23,20,2,18,3,0,3
S01013055,K L M N. Financial real estate professional and administrative activities,36,31,5,26,5,3,2
S01013055,O P Q. Public administration education and health,90,87,32,55,3,1,2
S01013055,R S T U. Other,18,15,3,12,3,3,0
S01013056,All people aged 16 to 74 in employment,421,367,115,252,54,11,43
S01013056,A B D E. Agriculture energy and water,20,14,2,12,6,1,5
S01013056,C. Manufacturing,19,16,0,16,3,1,2
S01013056,F. Construction,39,24,0,24,15,1,14
S01013056,G I. Distribution hotels and restaurants,125,113,52,61,12,3,9
S01013056,H J. Transport and communication,27,23,4,19,4,0,4
S01013056,K L M N. Financial real estate professional and administrative activities,39,34,9,25,5,0,5
S01013056,O P Q. Public administration education and health,127,121,41,80,6,3,3
S01013056,R S T U. Other,25,22,7,15,3,2,1
S01013057,All people aged 16 to 74 in employment,313,282,95,187,31,11,20
S01013057,A B D E. Agriculture energy and water,8,7,0,7,1,0,1
S01013057,C. Manufacturing,16,16,0,16,0,0,0
S01013057,F. Construction,29,23,4,19,6,0,6
S01013057,G I. Distribution hotels and restaurants,97,91,46,45,6,1,5
S01013057,H J. Transport and communication,12,11,1,10,1,1,0
S01013057,K L M N. Financial real estate professional and administrative activities,36,31,8,23,5,2,3
S01013057,O P Q. Public administration education and health,101,94,34,60,7,4,3
S01013057,R S T U. Other,14,9,2,7,5,3,2
S01013058,All people aged 16 to 74 in employment,338,305,74,231,33,12,21
S01013058,A B D E. Agriculture energy and water,11,11,1,10,0,0,0
S01013058,C. Manufacturing,32,29,2,27,3,1,2
S01013058,F. Construction,31,27,2,25,4,0,4
S01013058,G I. Distribution hotels and restaurants,49,47,19,28,2,1,1
S01013058,H J. Transport and communication,20,19,2,17,1,0,1
S01013058,K L M N. Financial real estate professional and administrative activities,63,48,6,42,15,7,8
S01013058,O P Q. Public administration education and health,120,115,39,76,5,2,3
S01013058,R S T U. Other,12,9,3,6,3,1,2
S01013059,All people aged 16 to 74 in employment,307,266,61,205,41,8,33
S01013059,A B D E. Agriculture energy and water,11,10,0,10,1,0,1
S01013059,C. Manufacturing,18,16,0,16,2,0,2
S01013059,F. Construction,21,12,1,11,9,0,9
S01013059,G I. Distribution hotels and restaurants,49,42,13,29,7,2,5
S01013059,H J. Transport and communication,18,16,1,15,2,0,2
S01013059,K L M N. Financial real estate professional and administrative activities,53,44,6,38,9,1,8
S01013059,O P Q. Public administration education and health,120,115,36,79,5,2,3
S01013059,R S T U. Other,17,11,4,7,6,3,3
S01013060,All people aged 16 to 74 in employment,236,195,62,133,41,11,30
S01013060,A B D E. Agriculture energy and water,8,6,0,6,2,1,1
S01013060,C. Manufacturing,14,13,1,12,1,0,1
S01013060,F. Construction,11,9,1,8,2,0,2
S01013060,G I. Distribution hotels and restaurants,39,34,18,16,5,1,4
S01013060,H J. Transport and communication,10,5,0,5,5,0,5
S01013060,K L M N. Financial real estate professional and administrative activities,44,32,6,26,12,3,9
S01013060,O P Q. Public administration education and health,95,85,29,56,10,5,5
S01013060,R S T U. Other,15,11,7,4,4,1,3
S01013061,All people aged 16 to 74 in employment,339,300,85,215,39,11,28
S01013061,A B D E. Agriculture energy and water,8,7,1,6,1,0,1
S01013061,C. Manufacturing,19,17,0,17,2,0,2
S01013061,F. Construction,21,12,1,11,9,0,9
S01013061,G I. Distribution hotels and restaurants,51,49,23,26,2,1,1
S01013061,H J. Transport and communication,15,14,3,11,1,0,1
S01013061,K L M N. Financial real estate professional and administrative activities,73,64,14,50,9,4,5
S01013061,O P Q. Public administration education and health,138,127,38,89,11,6,5
S01013061,R S T U. Other,14,10,5,5,4,0,4
S01013062,All people aged 16 to 74 in employment,374,297,76,221,77,28,49
S01013062,A B D E. Agriculture energy and water,7,6,0,6,1,0,1
S01013062,C. Manufacturing,35,29,2,27,6,2,4
S01013062,F. Construction,18,11,0,11,7,1,6
S01013062,G I. Distribution hotels and restaurants,45,36,20,16,9,0,9
S01013062,H J. Transport and communication,22,15,3,12,7,3,4
S01013062,K L M N. Financial real estate professional and administrative activities,65,43,7,36,22,4,18
S01013062,O P Q. Public administration education and health,155,143,39,104,12,8,4
S01013062,R S T U. Other,27,14,5,9,13,10,3
S01013063,All people aged 16 to 74 in employment,367,292,83,209,75,20,55
S01013063,A B D E. Agriculture energy and water,11,10,1,9,1,0,1
S01013063,C. Manufacturing,22,21,1,20,1,0,1
S01013063,F. Construction,22,13,1,12,9,0,9
S01013063,G I. Distribution hotels and restaurants,61,46,27,19,15,3,12
S01013063,H J. Transport and communication,17,13,1,12,4,1,3
S01013063,K L M N. Financial real estate professional and administrative activities,87,63,18,45,24,8,16
S01013063,O P Q. Public administration education and health,130,114,25,89,16,7,9
S01013063,R S T U. Other,17,12,9,3,5,1,4
S01013064,All people aged 16 to 74 in employment,379,340,90,250,39,11,28
S01013064,A B D E. Agriculture energy and water,7,6,0,6,1,0,1
S01013064,C. Manufacturing,25,23,0,23,2,1,1
S01013064,F. Construction,44,32,2,30,12,3,9
S01013064,G I. Distribution hotels and restaurants,105,103,43,60,2,0,2
S01013064,H J. Transport and communication,27,21,4,17,6,0,6
S01013064,K L M N. Financial real estate professional and administrative activities,47,45,11,34,2,1,1
S01013064,O P Q. Public administration education and health,102,95,24,71,7,2,5
S01013064,R S T U. Other,22,15,6,9,7,4,3
S01013065,All people aged 16 to 74 in employment,391,358,114,244,33,13,20
S01013065,A B D E. Agriculture energy and water,9,9,1,8,0,0,0
S01013065,C. Manufacturing,17,17,1,16,0,0,0
S01013065,F. Construction,24,16,0,16,8,2,6
S01013065,G I. Distribution hotels and restaurants,118,116,60,56,2,0,2
S01013065,H J. Transport and communication,29,22,2,20,7,1,6
S01013065,K L M N. Financial real estate professional and administrative activities,55,54,10,44,1,1,0
S01013065,O P Q. Public administration education and health,113,106,33,73,7,2,5
S01013065,R S T U. Other,26,18,7,11,8,7,1
S01013066,All people aged 16 to 74 in employment,365,322,84,238,43,13,30
S01013066,A B D E. Agriculture energy and water,10,7,1,6,3,1,2
S01013066,C. Manufacturing,21,21,1,20,0,0,0
S01013066,F. Construction,28,23,1,22,5,1,4
S01013066,G I. Distribution hotels and restaurants,97,85,39,46,12,2,10
S01013066,H J. Transport and communication,18,12,0,12,6,4,2
S01013066,K L M N. Financial real estate professional and administrative activities,55,46,6,40,9,3,6
S01013066,O P Q. Public administration education and health,116,114,29,85,2,1,1
S01013066,R S T U. Other,20,14,7,7,6,1,5
S01013067,All people aged 16 to 74 in employment,424,392,178,214,32,9,23
S01013067,A B D E. Agriculture energy and water,11,11,1,10,0,0,0
S01013067,C. Manufacturing,14,14,1,13,0,0,0
S01013067,F. Construction,19,12,1,11,7,0,7
S01013067,G I. Distribution hotels and restaurants,197,194,117,77,3,0,3
S01013067,H J. Transport and communication,24,18,6,12,6,1,5
S01013067,K L M N. Financial real estate professional and administrative activities,49,40,10,30,9,4,5
S01013067,O P Q. Public administration education and health,78,75,20,55,3,3,0
S01013067,R S T U. Other,32,28,22,6,4,1,3
S01013068,All people aged 16 to 74 in employment,338,309,121,188,29,10,19
S01013068,A B D E. Agriculture energy and water,4,2,0,2,2,0,2
S01013068,C. Manufacturing,16,15,0,15,1,0,1
S01013068,F. Construction,16,8,2,6,8,3,5
S01013068,G I. Distribution hotels and restaurants,117,112,71,41,5,1,4
S01013068,H J. Transport and communication,16,13,1,12,3,2,1
S01013068,K L M N. Financial real estate professional and administrative activities,43,39,14,25,4,2,2
S01013068,O P Q. Public administration education and health,100,97,26,71,3,1,2
S01013068,R S T U. Other,26,23,7,16,3,1,2
S01013069,All people aged 16 to 74 in employment,356,328,154,174,28,10,18
S01013069,A B D E. Agriculture energy and water,7,5,0,5,2,0,2
S01013069,C. Manufacturing,19,18,2,16,1,0,1
S01013069,F. Construction,13,13,3,10,0,0,0
S01013069,G I. Distribution hotels and restaurants,142,135,98,37,7,4,3
S01013069,H J. Transport and communication,15,14,5,9,1,0,1
S01013069,K L M N. Financial real estate professional and administrative activities,41,34,11,23,7,2,5
S01013069,O P Q. Public administration education and health,86,79,21,58,7,2,5
S01013069,R S T U. Other,33,30,14,16,3,2,1
S01013070,All people aged 16 to 74 in employment,264,248,126,122,16,6,10
S01013070,A B D E. Agriculture energy and water,2,2,0,2,0,0,0
S01013070,C. Manufacturing,12,11,0,11,1,0,1
S01013070,F. Construction,18,11,0,11,7,2,5
S01013070,G I. Distribution hotels and restaurants,97,96,64,32,1,0,1
S01013070,H J. Transport and communication,10,9,5,4,1,1,0
S01013070,K L M N. Financial real estate professional and administrative activities,36,36,14,22,0,0,0
S01013070,O P Q. Public administration education and health,59,57,25,32,2,1,1
S01013070,R S T U. Other,30,26,18,8,4,2,2
S01013071,All people aged 16 to 74 in employment,468,446,253,193,22,9,13
S01013071,A B D E. Agriculture energy and water,5,5,2,3,0,0,0
S01013071,C. Manufacturing,29,27,2,25,2,0,2
S01013071,F. Construction,17,12,1,11,5,1,4
S01013071,G I. Distribution hotels and restaurants,204,200,159,41,4,1,3
S01013071,H J. Transport and communication,24,21,9,12,3,2,1
S01013071,K L M N. Financial real estate professional and administrative activities,39,38,18,20,1,0,1
S01013071,O P Q. Public administration education and health,119,116,43,73,3,2,1
S01013071,R S T U. Other,31,27,19,8,4,3,1
S01013072,All people aged 16 to 74 in employment,204,195,67,128,9,2,7
S01013072,A B D E. Agriculture energy and water,8,8,0,8,0,0,0
S01013072,C. Manufacturing,11,11,0,11,0,0,0
S01013072,F. Construction,34,30,1,29,4,0,4
S01013072,G I. Distribution hotels and restaurants,60,60,29,31,0,0,0
S01013072,H J. Transport and communication,5,4,0,4,1,0,1
S01013072,K L M N. Financial real estate professional and administrative activities,24,23,13,10,1,1,0
S01013072,O P Q. Public administration education and health,51,49,22,27,2,1,1
S01013072,R S T U. Other,11,10,2,8,1,0,1
S01013073,All people aged 16 to 74 in employment,344,326,96,230,18,3,15
S01013073,A B D E. Agriculture energy and water,1,1,0,1,0,0,0
S01013073,C. Manufacturing,17,17,0,17,0,0,0
S01013073,F. Construction,30,29,2,27,1,0,1
S01013073,G I. Distribution hotels and restaurants,98,96,41,55,2,0,2
S01013073,H J. Transport and communication,19,13,4,9,6,0,6
S01013073,K L M N. Financial real estate professional and administrative activities,55,54,13,41,1,1,0
S01013073,O P Q. Public administration education and health,102,99,29,70,3,0,3
S01013073,R S T U. Other,22,17,7,10,5,2,3
S01013074,All people aged 16 to 74 in employment,248,215,96,119,33,8,25
S01013074,A B D E. Agriculture energy and water,3,3,0,3,0,0,0
S01013074,C. Manufacturing,13,12,3,9,1,0,1
S01013074,F. Construction,45,30,1,29,15,1,14
S01013074,G I. Distribution hotels and restaurants,74,71,46,25,3,0,3
S01013074,H J. Transport and communication,15,12,3,9,3,2,1
S01013074,K L M N. Financial real estate professional and administrative activities,40,37,18,19,3,2,1
S01013074,O P Q. Public administration education and health,43,37,20,17,6,2,4
S01013074,R S T U. Other,15,13,5,8,2,1,1
S01013075,All people aged 16 to 74 in employment,294,259,84,175,35,9,26
S01013075,A B D E. Agriculture energy and water,6,6,1,5,0,0,0
S01013075,C. Manufacturing,14,14,0,14,0,0,0
S01013075,F. Construction,26,19,3,16,7,0,7
S01013075,G I. Distribution hotels and restaurants,86,80,40,40,6,1,5
S01013075,H J. Transport and communication,33,20,0,20,13,4,9
S01013075,K L M N. Financial real estate professional and administrative activities,42,40,10,30,2,1,1
S01013075,O P Q. Public administration education and health,76,69,26,43,7,3,4
S01013075,R S T U. Other,11,11,4,7,0,0,0
S01013076,All people aged 16 to 74 in employment,321,281,135,146,40,14,26
S01013076,A B D E. Agriculture energy and water,14,13,0,13,1,0,1
S01013076,C. Manufacturing,22,20,3,17,2,2,0
S01013076,F. Construction,30,18,4,14,12,4,8
S01013076,G I. Distribution hotels and restaurants,103,97,77,20,6,1,5
S01013076,H J. Transport and communication,16,15,7,8,1,0,1
S01013076,K L M N. Financial real estate professional and administrative activities,34,28,9,19,6,1,5
S01013076,O P Q. Public administration education and health,81,74,24,50,7,4,3
S01013076,R S T U. Other,21,16,11,5,5,2,3
S01013077,All people aged 16 to 74 in employment,260,249,84,165,11,2,9
S01013077,A B D E. Agriculture energy and water,6,6,2,4,0,0,0
S01013077,C. Manufacturing,22,22,1,21,0,0,0
S01013077,F. Construction,22,18,0,18,4,0,4
S01013077,G I. Distribution hotels and restaurants,74,73,30,43,1,1,0
S01013077,H J. Transport and communication,9,7,1,6,2,0,2
S01013077,K L M N. Financial real estate professional and administrative activities,41,39,15,24,2,0,2
S01013077,O P Q. Public administration education and health,66,65,24,41,1,1,0
S01013077,R S T U. Other,20,19,11,8,1,0,1
S01013078,All people aged 16 to 74 in employment,221,203,74,129,18,6,12
S01013078,A B D E. Agriculture energy and water,4,4,0,4,0,0,0
S01013078,C. Manufacturing,13,13,2,11,0,0,0
S01013078,F. Construction,25,20,3,17,5,2,3
S01013078,G I. Distribution hotels and restaurants,74,69,35,34,5,1,4
S01013078,H J. Transport and communication,12,9,1,8,3,0,3
S01013078,K L M N. Financial real estate professional and administrative activities,28,28,7,21,0,0,0
S01013078,O P Q. Public administration education and health,53,49,24,25,4,2,2
S01013078,R S T U. Other,12,11,2,9,1,1,0
S01013079,All people aged 16 to 74 in employment,599,524,154,370,75,20,55
S01013079,A B D E. Agriculture energy and water,21,20,1,19,1,0,1
S01013079,C. Manufacturing,36,31,0,31,5,1,4
S01013079,F. Construction,46,33,5,28,13,0,13
S01013079,G I. Distribution hotels and restaurants,109,98,54,44,11,4,7
S01013079,H J. Transport and communication,36,26,5,21,10,2,8
S01013079,K L M N. Financial real estate professional and administrative activities,116,102,21,81,14,3,11
S01013079,O P Q. Public administration education and health,194,181,53,128,13,7,6
S01013079,R S T U. Other,41,33,15,18,8,3,5
S01013080,All people aged 16 to 74 in employment,407,343,103,240,64,23,41
S01013080,A B D E. Agriculture energy and water,8,8,0,8,0,0,0
S01013080,C. Manufacturing,32,28,0,28,4,2,2
S01013080,F. Construction,22,12,2,10,10,0,10
S01013080,G I. Distribution hotels and restaurants,85,72,42,30,13,2,11
S01013080,H J. Transport and communication,20,16,1,15,4,0,4
S01013080,K L M N. Financial real estate professional and administrative activities,83,68,11,57,15,8,7
S01013080,O P Q. Public administration education and health,123,112,33,79,11,7,4
S01013080,R S T U. Other,34,27,14,13,7,4,3
S01013081,All people aged 16 to 74 in employment,326,280,64,216,46,11,35
S01013081,A B D E. Agriculture energy and water,10,5,1,4,5,1,4
S01013081,C. Manufacturing,28,27,1,26,1,0,1
S01013081,F. Construction,24,18,1,17,6,2,4
S01013081,G I. Distribution hotels and restaurants,71,63,22,41,8,1,7
S01013081,H J. Transport and communication,15,12,4,8,3,0,3
S01013081,K L M N. Financial real estate professional and administrative activities,53,38,7,31,15,5,10
S01013081,O P Q. Public administration education and health,117,110,25,85,7,2,5
S01013081,R S T U. Other,8,7,3,4,1,0,1
S01013082,All people aged 16 to 74 in employment,434,389,101,288,45,10,35
S01013082,A B D E. Agriculture energy and water,9,6,1,5,3,0,3
S01013082,C. Manufacturing,41,38,2,36,3,1,2
S01013082,F. Construction,35,26,1,25,9,3,6
S01013082,G I. Distribution hotels and restaurants,71,64,31,33,7,1,6
S01013082,H J. Transport and communication,20,18,3,15,2,0,2
S01013082,K L M N. Financial real estate professional and administrative activities,86,76,15,61,10,2,8
S01013082,O P Q. Public administration education and health,148,144,39,105,4,2,2
S01013082,R S T U. Other,24,17,9,8,7,1,6
S01013083,All people aged 16 to 74 in employment,725,685,529,156,40,12,28
S01013083,A B D E. Agriculture energy and water,9,8,5,3,1,1,0
S01013083,C. Manufacturing,20,19,3,16,1,0,1
S01013083,F. Construction,20,12,3,9,8,0,8
S01013083,G I. Distribution hotels and restaurants,384,379,354,25,5,1,4
S01013083,H J. Transport and communication,34,26,11,15,8,4,4
S01013083,K L M N. Financial real estate professional and administrative activities,46,42,20,22,4,1,3
S01013083,O P Q. Public administration education and health,145,138,77,61,7,5,2
S01013083,R S T U. Other,67,61,56,5,6,0,6
S01013084,All people aged 16 to 74 in employment,352,296,96,200,56,17,39
S01013084,A B D E. Agriculture energy and water,7,4,0,4,3,1,2
S01013084,C. Manufacturing,23,19,3,16,4,0,4
S01013084,F. Construction,33,26,2,24,7,0,7
S01013084,G I. Distribution hotels and restaurants,62,52,26,26,10,4,6
S01013084,H J. Transport and communication,19,13,3,10,6,2,4
S01013084,K L M N. Financial real estate professional and administrative activities,47,37,14,23,10,5,5
S01013084,O P Q. Public administration education and health,137,128,41,87,9,3,6
S01013084,R S T U. Other,24,17,7,10,7,2,5
S01013085,All people aged 16 to 74 in employment,204,176,42,134,28,14,14
S01013085,A B D E. Agriculture energy and water,7,7,0,7,0,0,0
S01013085,C. Manufacturing,22,22,0,22,0,0,0
S01013085,F. Construction,15,9,0,9,6,2,4
S01013085,G I. Distribution hotels and restaurants,49,45,25,20,4,3,1
S01013085,H J. Transport and communication,7,5,0,5,2,1,1
S01013085,K L M N. Financial real estate professional and administrative activities,32,25,6,19,7,3,4
S01013085,O P Q. Public administration education and health,59,54,9,45,5,2,3
S01013085,R S T U. Other,13,9,2,7,4,3,1
S01013086,All people aged 16 to 74 in employment,444,381,100,281,63,21,42
S01013086,A B D E. Agriculture energy and water,7,7,1,6,0,0,0
S01013086,C. Manufacturing,41,38,1,37,3,0,3
S01013086,F. Construction,20,15,1,14,5,0,5
S01013086,G I. Distribution hotels and restaurants,96,81,44,37,15,5,10
S01013086,H J. Transport and communication,19,14,1,13,5,0,5
S01013086,K L M N. Financial real estate professional and administrative activities,78,60,11,49,18,8,10
S01013086,O P Q. Public administration education and health,146,137,29,108,9,3,6
S01013086,R S T U. Other,37,29,12,17,8,5,3
S01013087,All people aged 16 to 74 in employment,349,257,69,188,92,37,55
S01013087,A B D E. Agriculture energy and water,11,10,2,8,1,0,1
S01013087,C. Manufacturing,23,15,3,12,8,4,4
S01013087,F. Construction,23,14,4,10,9,2,7
S01013087,G I. Distribution hotels and restaurants,49,32,17,15,17,5,12
S01013087,H J. Transport and communication,17,13,3,10,4,2,2
S01013087,K L M N. Financial real estate professional and administrative activities,78,47,5,42,31,12,19
S01013087,O P Q. Public administration education and health,129,111,29,82,18,9,9
S01013087,R S T U. Other,19,15,6,9,4,3,1
S01013088,All people aged 16 to 74 in employment,425,326,92,234,99,26,73
S01013088,A B D E. Agriculture energy and water,22,16,1,15,6,0,6
S01013088,C. Manufacturing,43,35,2,33,8,1,7
S01013088,F. Construction,24,14,2,12,10,0,10
S01013088,G I. Distribution hotels and restaurants,61,42,17,25,19,6,13
S01013088,H J. Transport and communication,25,18,4,14,7,1,6
S01013088,K L M N. Financial real estate professional and administrative activities,97,66,21,45,31,10,21
S01013088,O P Q. Public administration education and health,132,123,38,85,9,3,6
S01013088,R S T U. Other,21,12,7,5,9,5,4
S01013089,All people aged 16 to 74 in employment,338,306,76,230,32,9,23
S01013089,A B D E. Agriculture energy and water,5,3,0,3,2,0,2
S01013089,C. Manufacturing,27,27,0,27,0,0,0
S01013089,F. Construction,33,23,3,20,10,1,9
S01013089,G I. Distribution hotels and restaurants,81,75,29,46,6,3,3
S01013089,H J. Transport and communication,12,11,1,10,1,0,1
S01013089,K L M N. Financial real estate professional and administrative activities,42,39,9,30,3,2,1
S01013089,O P Q. Public administration education and health,119,113,28,85,6,1,5
S01013089,R S T U. Other,19,15,6,9,4,2,2
S01013090,All people aged 16 to 74 in employment,426,376,137,239,50,19,31
S01013090,A B D E. Agriculture energy and water,5,4,0,4,1,0,1
S01013090,C. Manufacturing,25,23,3,20,2,2,0
S01013090,F. Construction,20,14,0,14,6,0,6
S01013090,G I. Distribution hotels and restaurants,90,84,46,38,6,1,5
S01013090,H J. Transport and communication,24,22,4,18,2,2,0
S01013090,K L M N. Financial real estate professional and administrative activities,76,66,15,51,10,7,3
S01013090,O P Q. Public administration education and health,145,135,53,82,10,4,6
S01013090,R S T U. Other,41,28,16,12,13,3,10
S01013091,All people aged 16 to 74 in employment,285,263,80,183,22,7,15
S01013091,A B D E. Agriculture energy and water,9,9,0,9,0,0,0
S01013091,C. Manufacturing,12,10,2,8,2,0,2
S01013091,F. Construction,20,13,1,12,7,1,6
S01013091,G I. Distribution hotels and restaurants,92,88,47,41,4,1,3
S01013091,H J. Transport and communication,10,9,1,8,1,0,1
S01013091,K L M N. Financial real estate professional and administrative activities,45,43,4,39,2,1,1
S01013091,O P Q. Public administration education and health,81,78,18,60,3,2,1
S01013091,R S T U. Other,16,13,7,6,3,2,1
S01013092,All people aged 16 to 74 in employment,441,389,106,283,52,12,40
S01013092,A B D E. Agriculture energy and water,4,4,1,3,0,0,0
S01013092,C. Manufacturing,26,23,0,23,3,0,3
S01013092,F. Construction,30,21,2,19,9,1,8
S01013092,G I. Distribution hotels and restaurants,87,80,33,47,7,0,7
S01013092,H J. Transport and communication,34,27,3,24,7,2,5
S01013092,K L M N. Financial real estate professional and administrative activities,74,65,11,54,9,2,7
S01013092,O P Q. Public administration education and health,161,147,48,99,14,5,9
S01013092,R S T U. Other,25,22,8,14,3,2,1
S01013093,All people aged 16 to 74 in employment,229,166,42,124,63,22,41
S01013093,A B D E. Agriculture energy and water,14,8,0,8,6,2,4
S01013093,C. Manufacturing,17,12,2,10,5,2,3
S01013093,F. Construction,20,13,3,10,7,2,5
S01013093,G I. Distribution hotels and restaurants,36,23,11,12,13,4,9
S01013093,H J. Transport and communication,12,11,1,10,1,0,1
S01013093,K L M N. Financial real estate professional and administrative activities,38,23,8,15,15,5,10
S01013093,O P Q. Public administration education and health,82,69,15,54,13,7,6
S01013093,R S T U. Other,10,7,2,5,3,0,3
S01013094,All people aged 16 to 74 in employment,274,236,71,165,38,13,25
S01013094,A B D E. Agriculture energy and water,8,8,1,7,0,0,0
S01013094,C. Manufacturing,18,14,3,11,4,1,3
S01013094,F. Construction,8,7,2,5,1,0,1
S01013094,G I. Distribution hotels and restaurants,50,44,19,25,6,2,4
S01013094,H J. Transport and communication,21,19,2,17,2,0,2
S01013094,K L M N. Financial real estate professional and administrative activities,50,39,8,31,11,2,9
S01013094,O P Q. Public administration education and health,102,91,28,63,11,5,6
S01013094,R S T U. Other,17,14,8,6,3,3,0
S01013095,All people aged 16 to 74 in employment,415,358,101,257,57,14,43
S01013095,A B D E. Agriculture energy and water,18,15,4,11,3,0,3
S01013095,C. Manufacturing,30,28,1,27,2,0,2
S01013095,F. Construction,18,15,1,14,3,1,2
S01013095,G I. Distribution hotels and restaurants,61,46,23,23,15,2,13
S01013095,H J. Transport and communication,29,25,3,22,4,1,3
S01013095,K L M N. Financial real estate professional and administrative activities,96,77,8,69,19,4,15
S01013095,O P Q. Public administration education and health,156,146,61,85,10,6,4
S01013095,R S T U. Other,7,6,0,6,1,0,1
S01013096,All people aged 16 to 74 in employment,240,219,67,152,21,7,14
S01013096,A B D E. Agriculture energy and water,2,2,0,2,0,0,0
S01013096,C. Manufacturing,15,11,0,11,4,0,4
S01013096,F. Construction,18,14,3,11,4,0,4
S01013096,G I. Distribution hotels and restaurants,47,46,20,26,1,1,0
S01013096,H J. Transport and communication,9,8,0,8,1,0,1
S01013096,K L M N. Financial real estate professional and administrative activities,31,26,11,15,5,2,3
S01013096,O P Q. Public administration education and health,106,105,31,74,1,1,0
S01013096,R S T U. Other,12,7,2,5,5,3,2
S01013097,All people aged 16 to 74 in employment,342,258,61,197,84,24,60
S01013097,A B D E. Agriculture energy and water,25,10,3,7,15,1,14
S01013097,C. Manufacturing,22,18,2,16,4,1,3
S01013097,F. Construction,16,14,2,12,2,1,1
S01013097,G I. Distribution hotels and restaurants,49,38,17,21,11,3,8
S01013097,H J. Transport and communication,24,17,2,15,7,3,4
S01013097,K L M N. Financial real estate professional and administrative activities,61,35,7,28,26,7,19
S01013097,O P Q. Public administration education and health,125,113,26,87,12,4,8
S01013097,R S T U. Other,20,13,2,11,7,4,3
S01013098,All people aged 16 to 74 in employment,323,281,88,193,42,13,29
S01013098,A B D E. Agriculture energy and water,10,8,0,8,2,1,1
S01013098,C. Manufacturing,30,27,3,24,3,1,2
S01013098,F. Construction,20,18,4,14,2,0,2
S01013098,G I. Distribution hotels and restaurants,45,39,21,18,6,2,4
S01013098,H J. Transport and communication,23,22,2,20,1,0,1
S01013098,K L M N. Financial real estate professional and administrative activities,90,76,18,58,14,2,12
S01013098,O P Q. Public administration education and health,97,85,39,46,12,6,6
S01013098,R S T U. Other,8,6,1,5,2,1,1
S01013099,All people aged 16 to 74 in employment,419,348,82,266,71,22,49
S01013099,A B D E. Agriculture energy and water,11,8,0,8,3,0,3
S01013099,C. Manufacturing,19,12,3,9,7,3,4
S01013099,F. Construction,16,9,1,8,7,1,6
S01013099,G I. Distribution hotels and restaurants,81,75,26,49,6,0,6
S01013099,H J. Transport and communication,25,19,2,17,6,2,4
S01013099,K L M N. Financial real estate professional and administrative activities,53,40,7,33,13,7,6
S01013099,O P Q. Public administration education and health,165,151,35,116,14,5,9
S01013099,R S T U. Other,49,34,8,26,15,4,11
S01013100,All people aged 16 to 74 in employment,235,181,50,131,54,19,35
S01013100,A B D E. Agriculture energy and water,8,6,1,5,2,1,1
S01013100,C. Manufacturing,26,22,3,19,4,0,4
S01013100,F. Construction,12,8,1,7,4,1,3
S01013100,G I. Distribution hotels and restaurants,25,21,6,15,4,1,3
S01013100,H J. Transport and communication,13,11,1,10,2,1,1
S01013100,K L M N. Financial real estate professional and administrative activities,53,35,9,26,18,8,10
S01013100,O P Q. Public administration education and health,85,73,24,49,12,4,8
S01013100,R S T U. Other,13,5,5,0,8,3,5
S01013101,All people aged 16 to 74 in employment,427,375,87,288,52,19,33
S01013101,A B D E. Agriculture energy and water,11,8,0,8,3,0,3
S01013101,C. Manufacturing,15,14,1,13,1,0,1
S01013101,F. Construction,36,23,2,21,13,1,12
S01013101,G I. Distribution hotels and restaurants,88,84,39,45,4,3,1
S01013101,H J. Transport and communication,31,29,3,26,2,1,1
S01013101,K L M N. Financial real estate professional and administrative activities,79,65,8,57,14,6,8
S01013101,O P Q. Public administration education and health,136,130,27,103,6,4,2
S01013101,R S T U. Other,31,22,7,15,9,4,5
S01013102,All people aged 16 to 74 in employment,255,228,60,168,27,15,12
S01013102,A B D E. Agriculture energy and water,11,8,0,8,3,2,1
S01013102,C. Manufacturing,17,17,1,16,0,0,0
S01013102,F. Construction,12,8,0,8,4,1,3
S01013102,G I. Distribution hotels and restaurants,46,45,17,28,1,1,0
S01013102,H J. Transport and communication,13,13,1,12,0,0,0
S01013102,K L M N. Financial real estate professional and administrative activities,36,28,3,25,8,3,5
S01013102,O P Q. Public administration education and health,106,98,34,64,8,5,3
S01013102,R S T U. Other,14,11,4,7,3,3,0
S01013103,All people aged 16 to 74 in employment,432,376,110,266,56,13,43
S01013103,A B D E. Agriculture energy and water,9,8,0,8,1,1,0
S01013103,C. Manufacturing,24,22,2,20,2,1,1
S01013103,F. Construction,30,24,1,23,6,1,5
S01013103,G I. Distribution hotels and restaurants,84,67,30,37,17,3,14
S01013103,H J. Transport and communication,23,20,1,19,3,0,3
S01013103,K L M N. Financial real estate professional and administrative activities,71,59,14,45,12,3,9
S01013103,O P Q. Public administration education and health,169,159,55,104,10,3,7
S01013103,R S T U. Other,22,17,7,10,5,1,4
S01013104,All people aged 16 to 74 in employment,474,399,106,293,75,27,48
S01013104,A B D E. Agriculture energy and water,6,5,1,4,1,0,1
S01013104,C. Manufacturing,22,19,0,19,3,1,2
S01013104,F. Construction,41,28,3,25,13,2,11
S01013104,G I. Distribution hotels and restaurants,89,77,32,45,12,0,12
S01013104,H J. Transport and communication,28,26,2,24,2,0,2
S01013104,K L M N. Financial real estate professional and administrative activities,88,69,12,57,19,8,11
S01013104,O P Q. Public administration education and health,177,161,48,113,16,10,6
S01013104,R S T U. Other,23,14,8,6,9,6,3
S01013105,All people aged 16 to 74 in employment,418,344,92,252,74,27,47
S01013105,A B D E. Agriculture energy and water,11,9,1,8,2,0,2
S01013105,C. Manufacturing,22,19,2,17,3,2,1
S01013105,F. Construction,25,19,1,18,6,2,4
S01013105,G I. Distribution hotels and restaurants,71,61,24,37,10,3,7
S01013105,H J. Transport and communication,34,25,7,18,9,6,3
S01013105,K L M N. Financial real estate professional and administrative activities,96,75,15,60,21,2,19
S01013105,O P Q. Public administration education and health,134,119,34,85,15,7,8
S01013105,R S T U. Other,25,17,8,9,8,5,3
S01013106,All people aged 16 to 74 in employment,406,332,96,236,74,16,58
S01013106,A B D E. Agriculture energy and water,11,8,0,8,3,0,3
S01013106,C. Manufacturing,15,15,0,15,0,0,0
S01013106,F. Construction,57,35,0,35,22,0,22
S01013106,G I. Distribution hotels and restaurants,94,79,43,36,15,3,12
S01013106,H J. Transport and communication,20,15,1,14,5,0,5
S01013106,K L M N. Financial real estate professional and administrative activities,48,38,9,29,10,3,7
S01013106,O P Q. Public administration education and health,137,127,39,88,10,5,5
S01013106,R S T U. Other,24,15,4,11,9,5,4
S01013107,All people aged 16 to 74 in employment,337,259,75,184,78,18,60
S01013107,A B D E. Agriculture energy and water,20,9,0,9,11,1,10
S01013107,C. Manufacturing,13,13,2,11,0,0,0
S01013107,F. Construction,37,23,4,19,14,2,12
S01013107,G I. Distribution hotels and restaurants,53,38,19,19,15,5,10
S01013107,H J. Transport and communication,24,14,3,11,10,2,8
S01013107,K L M N. Financial real estate professional and administrative activities,75,63,12,51,12,3,9
S01013107,O P Q. Public administration education and health,99,90,29,61,9,4,5
S01013107,R S T U. Other,16,9,6,3,7,1,6
S01013108,All people aged 16 to 74 in employment,256,212,56,156,44,11,33
S01013108,A B D E. Agriculture energy and water,16,10,1,9,6,1,5
S01013108,C. Manufacturing,18,15,1,14,3,0,3
S01013108,F. Construction,24,21,4,17,3,0,3
S01013108,G I. Distribution hotels and restaurants,55,48,19,29,7,2,5
S01013108,H J. Transport and communication,12,9,1,8,3,0,3
S01013108,K L M N. Financial real estate professional and administrative activities,44,31,6,25,13,4,9
S01013108,O P Q. Public administration education and health,75,69,20,49,6,4,2
S01013108,R S T U. Other,12,9,4,5,3,0,3
S01013109,All people aged 16 to 74 in employment,572,423,114,309,149,34,115
S01013109,A B D E. Agriculture energy and water,64,33,1,32,31,4,27
S01013109,C. Manufacturing,36,24,2,22,12,1,11
S01013109,F. Construction,47,26,4,22,21,4,17
S01013109,G I. Distribution hotels and restaurants,93,70,26,44,23,10,13
S01013109,H J. Transport and communication,40,26,3,23,14,1,13
S01013109,K L M N. Financial real estate professional and administrative activities,73,50,13,37,23,4,19
S01013109,O P Q. Public administration education and health,187,172,60,112,15,9,6
S01013109,R S T U. Other,32,22,5,17,10,1,9
S01013110,All people aged 16 to 74 in employment,299,196,64,132,103,19,84
S01013110,A B D E. Agriculture energy and water,40,16,1,15,24,1,23
S01013110,C. Manufacturing,11,4,0,4,7,1,6
S01013110,F. Construction,27,11,3,8,16,2,14
S01013110,G I. Distribution hotels and restaurants,68,48,20,28,20,5,15
S01013110,H J. Transport and communication,17,13,3,10,4,0,4
S01013110,K L M N. Financial real estate professional and administrative activities,44,25,6,19,19,5,14
S01013110,O P Q. Public administration education and health,76,69,25,44,7,3,4
S01013110,R S T U. Other,16,10,6,4,6,2,4
S01013111,All people aged 16 to 74 in employment,225,153,47,106,72,24,48
S01013111,A B D E. Agriculture energy and water,16,8,1,7,8,1,7
S01013111,C. Manufacturing,10,7,0,7,3,1,2
S01013111,F. Construction,12,5,2,3,7,2,5
S01013111,G I. Distribution hotels and restaurants,43,32,15,17,11,1,10
S01013111,H J. Transport and communication,12,6,2,4,6,5,1
S01013111,K L M N. Financial real estate professional and administrative activities,37,18,5,13,19,7,12
S01013111,O P Q. Public administration education and health,70,60,18,42,10,6,4
S01013111,R S T U. Other,25,17,4,13,8,1,7
S01013112,All people aged 16 to 74 in employment,310,264,79,185,46,17,29
S01013112,A B D E. Agriculture energy and water,17,13,2,11,4,1,3
S01013112,C. Manufacturing,20,20,0,20,0,0,0
S01013112,F. Construction,37,30,2,28,7,1,6
S01013112,G I. Distribution hotels and restaurants,66,52,24,28,14,4,10
S01013112,H J. Transport and communication,16,13,3,10,3,1,2
S01013112,K L M N. Financial real estate professional and administrative activities,46,35,7,28,11,5,6
S01013112,O P Q. Public administration education and health,92,88,33,55,4,4,0
S01013112,R S T U. Other,16,13,8,5,3,1,2
S01013113,All people aged 16 to 74 in employment,348,291,107,184,57,8,49
S01013113,A B D E. Agriculture energy and water,23,21,2,19,2,0,2
S01013113,C. Manufacturing,15,13,0,13,2,0,2
S01013113,F. Construction,39,21,2,19,18,2,16
S01013113,G I. Distribution hotels and restaurants,112,96,50,46,16,0,16
S01013113,H J. Transport and communication,19,16,0,16,3,0,3
S01013113,K L M N. Financial real estate professional and administrative activities,33,25,5,20,8,2,6
S01013113,O P Q. Public administration education and health,89,87,45,42,2,1,1
S01013113,R S T U. Other,18,12,3,9,6,3,3
S01013114,All people aged 16 to 74 in employment,417,319,84,235,98,25,73
S01013114,A B D E. Agriculture energy and water,31,16,1,15,15,0,15
S01013114,C. Manufacturing,21,19,1,18,2,0,2
S01013114,F. Construction,26,11,0,11,15,2,13
S01013114,G I. Distribution hotels and restaurants,121,97,27,70,24,6,18
S01013114,H J. Transport and communication,25,15,2,13,10,4,6
S01013114,K L M N. Financial real estate professional and administrative activities,53,38,10,28,15,5,10
S01013114,O P Q. Public administration education and health,116,108,39,69,8,6,2
S01013114,R S T U. Other,24,15,4,11,9,2,7
S01013115,All people aged 16 to 74 in employment,306,241,71,170,65,17,48
S01013115,A B D E. Agriculture energy and water,12,10,2,8,2,1,1
S01013115,C. Manufacturing,14,13,0,13,1,0,1
S01013115,F. Construction,33,24,2,22,9,1,8
S01013115,G I. Distribution hotels and restaurants,108,76,35,41,32,4,28
S01013115,H J. Transport and communication,14,11,2,9,3,2,1
S01013115,K L M N. Financial real estate professional and administrative activities,28,17,7,10,11,5,6
S01013115,O P Q. Public administration education and health,80,76,17,59,4,3,1
S01013115,R S T U. Other,17,14,6,8,3,1,2
S01013116,All people aged 16 to 74 in employment,339,259,75,184,80,22,58
S01013116,A B D E. Agriculture energy and water,15,12,1,11,3,1,2
S01013116,C. Manufacturing,22,19,2,17,3,1,2
S01013116,F. Construction,24,14,2,12,10,2,8
S01013116,G I. Distribution hotels and restaurants,78,57,25,32,21,2,19
S01013116,H J. Transport and communication,23,13,4,9,10,3,7
S01013116,K L M N. Financial real estate professional and administrative activities,57,41,11,30,16,5,11
S01013116,O P Q. Public administration education and health,105,94,30,64,11,6,5
S01013116,R S T U. Other,15,9,0,9,6,2,4
S01013117,All people aged 16 to 74 in employment,358,297,86,211,61,22,39
S01013117,A B D E. Agriculture energy and water,18,12,2,10,6,2,4
S01013117,C. Manufacturing,14,14,0,14,0,0,0
S01013117,F. Construction,32,16,1,15,16,5,11
S01013117,G I. Distribution hotels and restaurants,122,114,41,73,8,2,6
S01013117,H J. Transport and communication,21,17,7,10,4,0,4
S01013117,K L M N. Financial real estate professional and administrative activities,43,28,9,19,15,7,8
S01013117,O P Q. Public administration education and health,79,73,19,54,6,3,3
S01013117,R S T U. Other,29,23,7,16,6,3,3
S01013118,All people aged 16 to 74 in employment,313,239,45,194,74,27,47
S01013118,A B D E. Agriculture energy and water,15,6,0,6,9,2,7
S01013118,C. Manufacturing,11,8,0,8,3,1,2
S01013118,F. Construction,18,7,2,5,11,2,9
S01013118,G I. Distribution hotels and restaurants,122,106,20,86,16,5,11
S01013118,H J. Transport and communication,19,14,1,13,5,3,2
S01013118,K L M N. Financial real estate professional and administrative activities,40,23,5,18,17,10,7
S01013118,O P Q. Public administration education and health,76,68,14,54,8,2,6
S01013118,R S T U. Other,12,7,3,4,5,2,3
S01013119,All people aged 16 to 74 in employment,393,245,67,178,148,34,114
S01013119,A B D E. Agriculture energy and water,33,16,3,13,17,2,15
S01013119,C. Manufacturing,16,12,2,10,4,2,2
S01013119,F. Construction,30,17,3,14,13,2,11
S01013119,G I. Distribution hotels and restaurants,145,87,29,58,58,8,50
S01013119,H J. Transport and communication,23,15,2,13,8,1,7
S01013119,K L M N. Financial real estate professional and administrative activities,51,26,7,19,25,7,18
S01013119,O P Q. Public administration education and health,75,62,19,43,13,7,6
S01013119,R S T U. Other,20,10,2,8,10,5,5
S01013120,All people aged 16 to 74 in employment,531,388,128,260,143,21,122
S01013120,A B D E. Agriculture energy and water,46,23,4,19,23,4,19
S01013120,C. Manufacturing,14,10,1,9,4,1,3
S01013120,F. Construction,58,46,5,41,12,1,11
S01013120,G I. Distribution hotels and restaurants,174,119,50,69,55,5,50
S01013120,H J. Transport and communication,27,20,4,16,7,2,5
S01013120,K L M N. Financial real estate professional and administrative activities,63,40,16,24,23,2,21
S01013120,O P Q. Public administration education and health,117,108,44,64,9,2,7
S01013120,R S T U. Other,32,22,4,18,10,4,6
S01013121,All people aged 16 to 74 in employment,226,162,35,127,64,9,55
S01013121,A B D E. Agriculture energy and water,10,5,1,4,5,0,5
S01013121,C. Manufacturing,5,1,0,1,4,3,1
S01013121,F. Construction,14,7,1,6,7,1,6
S01013121,G I. Distribution hotels and restaurants,128,93,15,78,35,3,32
S01013121,H J. Transport and communication,8,6,3,3,2,0,2
S01013121,K L M N. Financial real estate professional and administrative activities,21,15,2,13,6,1,5
S01013121,O P Q. Public administration education and health,36,32,12,20,4,1,3
S01013121,R S T U. Other,4,3,1,2,1,0,1
S01013122,All people aged 16 to 74 in employment,218,206,71,135,12,5,7
S01013122,A B D E. Agriculture energy and water,4,4,0,4,0,0,0
S01013122,C. Manufacturing,21,21,4,17,0,0,0
S01013122,F. Construction,14,10,1,9,4,0,4
S01013122,G I. Distribution hotels and restaurants,60,60,33,27,0,0,0
S01013122,H J. Transport and communication,30,27,4,23,3,2,1
S01013122,K L M N. Financial real estate professional and administrative activities,30,26,6,20,4,2,2
S01013122,O P Q. Public administration education and health,47,47,20,27,0,0,0
S01013122,R S T U. Other,12,11,3,8,1,1,0
S01013123,All people aged 16 to 74 in employment,331,314,92,222,17,2,15
S01013123,A B D E. Agriculture energy and water,9,9,1,8,0,0,0
S01013123,C. Manufacturing,36,34,2,32,2,0,2
S01013123,F. Construction,25,19,2,17,6,0,6
S01013123,G I. Distribution hotels and restaurants,60,58,27,31,2,0,2
S01013123,H J. Transport and communication,25,24,4,20,1,0,1
S01013123,K L M N. Financial real estate professional and administrative activities,51,50,10,40,1,0,1
S01013123,O P Q. Public administration education and health,112,108,43,65,4,2,2
S01013123,R S T U. Other,13,12,3,9,1,0,1
S01013124,All people aged 16 to 74 in employment,332,315,80,235,17,3,14
S01013124,A B D E. Agriculture energy and water,6,6,0,6,0,0,0
S01013124,C. Manufacturing,27,26,2,24,1,0,1
S01013124,F. Construction,24,18,1,17,6,1,5
S01013124,G I. Distribution hotels and restaurants,56,55,18,37,1,0,1
S01013124,H J. Transport and communication,27,24,4,20,3,1,2
S01013124,K L M N. Financial real estate professional and administrative activities,39,38,8,30,1,0,1
S01013124,O P Q. Public administration education and health,143,139,43,96,4,1,3
S01013124,R S T U. Other,10,9,4,5,1,0,1
S01013125,All people aged 16 to 74 in employment,321,280,79,201,41,7,34
S01013125,A B D E. Agriculture energy and water,8,8,1,7,0,0,0
S01013125,C. Manufacturing,23,21,0,21,2,1,1
S01013125,F. Construction,30,16,1,15,14,1,13
S01013125,G I. Distribution hotels and restaurants,57,53,23,30,4,1,3
S01013125,H J. Transport and communication,20,13,0,13,7,3,4
S01013125,K L M N. Financial real estate professional and administrative activities,47,45,14,31,2,0,2
S01013125,O P Q. Public administration education and health,117,113,36,77,4,0,4
S01013125,R S T U. Other,19,11,4,7,8,1,7
S01013126,All people aged 16 to 74 in employment,264,247,80,167,17,5,12
S01013126,A B D E. Agriculture energy and water,7,7,0,7,0,0,0
S01013126,C. Manufacturing,21,21,2,19,0,0,0
S01013126,F. Construction,19,14,0,14,5,1,4
S01013126,G I. Distribution hotels and restaurants,67,65,32,33,2,0,2
S01013126,H J. Transport and communication,18,17,1,16,1,0,1
S01013126,K L M N. Financial real estate professional and administrative activities,44,42,12,30,2,0,2
S01013126,O P Q. Public administration education and health,73,72,27,45,1,1,0
S01013126,R S T U. Other,15,9,6,3,6,3,3
S01013127,All people aged 16 to 74 in employment,270,251,88,163,19,8,11
S01013127,A B D E. Agriculture energy and water,4,4,0,4,0,0,0
S01013127,C. Manufacturing,31,28,2,26,3,1,2
S01013127,F. Construction,16,13,2,11,3,0,3
S01013127,G I. Distribution hotels and restaurants,69,66,35,31,3,2,1
S01013127,H J. Transport and communication,21,17,2,15,4,1,3
S01013127,K L M N. Financial real estate professional and administrative activities,27,24,8,16,3,2,1
S01013127,O P Q. Public administration education and health,90,90,35,55,0,0,0
S01013127,R S T U. Other,12,9,4,5,3,2,1
S01013128,All people aged 16 to 74 in employment,321,312,67,245,9,1,8
S01013128,A B D E. Agriculture energy and water,8,8,0,8,0,0,0
S01013128,C. Manufacturing,24,24,0,24,0,0,0
S01013128,F. Construction,18,13,0,13,5,1,4
S01013128,G I. Distribution hotels and restaurants,63,63,25,38,0,0,0
S01013128,H J. Transport and communication,26,25,3,22,1,0,1
S01013128,K L M N. Financial real estate professional and administrative activities,56,56,6,50,0,0,0
S01013128,O P Q. Public administration education and health,107,107,30,77,0,0,0
S01013128,R S T U. Other,19,16,3,13,3,0,3
S01013129,All people aged 16 to 74 in employment,514,482,121,361,32,8,24
S01013129,A B D E. Agriculture energy and water,9,9,0,9,0,0,0
S01013129,C. Manufacturing,44,43,1,42,1,0,1
S01013129,F. Construction,40,32,2,30,8,1,7
S01013129,G I. Distribution hotels and restaurants,117,108,54,54,9,2,7
S01013129,H J. Transport and communication,31,26,4,22,5,1,4
S01013129,K L M N. Financial real estate professional and administrative activities,87,82,11,71,5,2,3
S01013129,O P Q. Public administration education and health,162,159,38,121,3,2,1
S01013129,R S T U. Other,24,23,11,12,1,0,1
S01013130,All people aged 16 to 74 in employment,269,248,77,171,21,2,19
S01013130,A B D E. Agriculture energy and water,4,4,0,4,0,0,0
S01013130,C. Manufacturing,24,24,1,23,0,0,0
S01013130,F. Construction,17,13,1,12,4,0,4
S01013130,G I. Distribution hotels and restaurants,60,57,37,20,3,0,3
S01013130,H J. Transport and communication,25,22,1,21,3,1,2
S01013130,K L M N. Financial real estate professional and administrative activities,34,31,5,26,3,0,3
S01013130,O P Q. Public administration education and health,91,86,28,58,5,1,4
S01013130,R S T U. Other,14,11,4,7,3,0,3
S01013131,All people aged 16 to 74 in employment,304,290,96,194,14,2,12
S01013131,A B D E. Agriculture energy and water,1,1,0,1,0,0,0
S01013131,C. Manufacturing,24,24,3,21,0,0,0
S01013131,F. Construction,25,23,0,23,2,0,2
S01013131,G I. Distribution hotels and restaurants,86,81,44,37,5,0,5
S01013131,H J. Transport and communication,23,20,5,15,3,1,2
S01013131,K L M N. Financial real estate professional and administrative activities,43,41,14,27,2,1,1
S01013131,O P Q. Public administration education and health,88,88,28,60,0,0,0
S01013131,R S T U. Other,14,12,2,10,2,0,2
S01013132,All people aged 16 to 74 in employment,239,218,70,148,21,8,13
S01013132,A B D E. Agriculture energy and water,3,3,0,3,0,0,0
S01013132,C. Manufacturing,20,18,1,17,2,1,1
S01013132,F. Construction,16,12,0,12,4,1,3
S01013132,G I. Distribution hotels and restaurants,60,60,34,26,0,0,0
S01013132,H J. Transport and communication,14,8,2,6,6,2,4
S01013132,K L M N. Financial real estate professional and administrative activities,37,32,9,23,5,2,3
S01013132,O P Q. Public administration education and health,75,74,20,54,1,0,1
S01013132,R S T U. Other,14,11,4,7,3,2,1
S01013133,All people aged 16 to 74 in employment,329,310,77,233,19,5,14
S01013133,A B D E. Agriculture energy and water,5,5,1,4,0,0,0
S01013133,C. Manufacturing,32,31,2,29,1,0,1
S01013133,F. Construction,24,19,2,17,5,0,5
S01013133,G I. Distribution hotels and restaurants,66,65,24,41,1,0,1
S01013133,H J. Transport and communication,24,18,2,16,6,1,5
S01013133,K L M N. Financial real estate professional and administrative activities,48,45,9,36,3,3,0
S01013133,O P Q. Public administration education and health,110,109,30,79,1,0,1
S01013133,R S T U. Other,20,18,7,11,2,1,1
S01013134,All people aged 16 to 74 in employment,382,339,103,236,43,11,32
S01013134,A B D E. Agriculture energy and water,6,6,1,5,0,0,0
S01013134,C. Manufacturing,22,21,3,18,1,0,1
S01013134,F. Construction,32,19,1,18,13,1,12
S01013134,G I. Distribution hotels and restaurants,87,79,39,40,8,2,6
S01013134,H J. Transport and communication,22,17,2,15,5,1,4
S01013134,K L M N. Financial real estate professional and administrative activities,51,44,12,32,7,4,3
S01013134,O P Q. Public administration education and health,144,139,38,101,5,2,3
S01013134,R S T U. Other,18,14,7,7,4,1,3
S01013135,All people aged 16 to 74 in employment,289,269,112,157,20,5,15
S01013135,A B D E. Agriculture energy and water,3,3,0,3,0,0,0
S01013135,C. Manufacturing,17,17,5,12,0,0,0
S01013135,F. Construction,24,15,3,12,9,0,9
S01013135,G I. Distribution hotels and restaurants,73,72,42,30,1,1,0
S01013135,H J. Transport and communication,24,19,3,16,5,1,4
S01013135,K L M N. Financial real estate professional and administrative activities,43,41,18,23,2,0,2
S01013135,O P Q. Public administration education and health,93,91,38,53,2,2,0
S01013135,R S T U. Other,12,11,3,8,1,1,0
S01013136,All people aged 16 to 74 in employment,389,367,113,254,22,6,16
S01013136,A B D E. Agriculture energy and water,5,5,1,4,0,0,0
S01013136,C. Manufacturing,43,41,2,39,2,1,1
S01013136,F. Construction,35,29,0,29,6,1,5
S01013136,G I. Distribution hotels and restaurants,110,108,53,55,2,0,2
S01013136,H J. Transport and communication,23,18,6,12,5,0,5
S01013136,K L M N. Financial real estate professional and administrative activities,46,45,10,35,1,0,1
S01013136,O P Q. Public administration education and health,112,109,40,69,3,2,1
S01013136,R S T U. Other,15,12,1,11,3,2,1
S01013137,All people aged 16 to 74 in employment,303,280,88,192,23,5,18
S01013137,A B D E. Agriculture energy and water,6,6,0,6,0,0,0
S01013137,C. Manufacturing,32,30,3,27,2,1,1
S01013137,F. Construction,32,21,5,16,11,2,9
S01013137,G I. Distribution hotels and restaurants,66,64,20,44,2,1,1
S01013137,H J. Transport and communication,20,17,1,16,3,0,3
S01013137,K L M N. Financial real estate professional and administrative activities,44,40,16,24,4,1,3
S01013137,O P Q. Public administration education and health,90,89,36,53,1,0,1
S01013137,R S T U. Other,13,13,7,6,0,0,0
S01013138,All people aged 16 to 74 in employment,250,233,84,149,17,5,12
S01013138,A B D E. Agriculture energy and water,1,1,0,1,0,0,0
S01013138,C. Manufacturing,12,11,1,10,1,0,1
S01013138,F. Construction,21,18,0,18,3,0,3
S01013138,G I. Distribution hotels and restaurants,72,70,41,29,2,1,1
S01013138,H J. Transport and communication,22,18,4,14,4,0,4
S01013138,K L M N. Financial real estate professional and administrative activities,35,34,11,23,1,1,0
S01013138,O P Q. Public administration education and health,76,74,26,48,2,0,2
S01013138,R S T U. Other,11,7,1,6,4,3,1
S01013139,All people aged 16 to 74 in employment,300,279,89,190,21,10,11
S01013139,A B D E. Agriculture energy and water,8,8,0,8,0,0,0
S01013139,C. Manufacturing,21,20,3,17,1,0,1
S01013139,F. Construction,27,20,1,19,7,3,4
S01013139,G I. Distribution hotels and restaurants,61,58,31,27,3,1,2
S01013139,H J. Transport and communication,27,22,5,17,5,2,3
S01013139,K L M N. Financial real estate professional and administrative activities,40,38,8,30,2,2,0
S01013139,O P Q. Public administration education and health,104,104,38,66,0,0,0
S01013139,R S T U. Other,12,9,3,6,3,2,1
S01013140,All people aged 16 to 74 in employment,300,276,90,186,24,4,20
S01013140,A B D E. Agriculture energy and water,4,4,0,4,0,0,0
S01013140,C. Manufacturing,13,12,0,12,1,1,0
S01013140,F. Construction,23,18,3,15,5,0,5
S01013140,G I. Distribution hotels and restaurants,69,68,34,34,1,0,1
S01013140,H J. Transport and communication,29,26,3,23,3,1,2
S01013140,K L M N. Financial real estate professional and administrative activities,35,31,10,21,4,1,3
S01013140,O P Q. Public administration education and health,110,104,31,73,6,1,5
S01013140,R S T U. Other,17,13,9,4,4,0,4
S01013141,All people aged 16 to 74 in employment,249,232,67,165,17,4,13
S01013141,A B D E. Agriculture energy and water,3,3,0,3,0,0,0
S01013141,C. Manufacturing,11,11,0,11,0,0,0
S01013141,F. Construction,36,27,1,26,9,0,9
S01013141,G I. Distribution hotels and restaurants,63,63,31,32,0,0,0
S01013141,H J. Transport and communication,17,15,2,13,2,1,1
S01013141,K L M N. Financial real estate professional and administrative activities,40,38,4,34,2,2,0
S01013141,O P Q. Public administration education and health,74,70,28,42,4,1,3
S01013141,R S T U. Other,5,5,1,4,0,0,0
S01013142,All people aged 16 to 74 in employment,256,235,69,166,21,3,18
S01013142,A B D E. Agriculture energy and water,5,5,0,5,0,0,0
S01013142,C. Manufacturing,10,10,0,10,0,0,0
S01013142,F. Construction,22,17,0,17,5,1,4
S01013142,G I. Distribution hotels and restaurants,74,69,36,33,5,1,4
S01013142,H J. Transport and communication,24,18,3,15,6,0,6
S01013142,K L M N. Financial real estate professional and administrative activities,35,34,3,31,1,0,1
S01013142,O P Q. Public administration education and health,72,70,24,46,2,1,1
S01013142,R S T U. Other,14,12,3,9,2,0,2
S01013143,All people aged 16 to 74 in employment,384,357,102,255,27,8,19
S01013143,A B D E. Agriculture energy and water,3,3,0,3,0,0,0
S01013143,C. Manufacturing,30,30,0,30,0,0,0
S01013143,F. Construction,36,32,3,29,4,0,4
S01013143,G I. Distribution hotels and restaurants,71,67,27,40,4,0,4
S01013143,H J. Transport and communication,21,19,2,17,2,2,0
S01013143,K L M N. Financial real estate professional and administrative activities,64,56,12,44,8,2,6
S01013143,O P Q. Public administration education and health,132,129,51,78,3,2,1
S01013143,R S T U. Other,27,21,7,14,6,2,4
S01013144,All people aged 16 to 74 in employment,377,352,111,241,25,6,19
S01013144,A B D E. Agriculture energy and water,2,2,0,2,0,0,0
S01013144,C. Manufacturing,32,30,2,28,2,1,1
S01013144,F. Construction,40,30,0,30,10,2,8
S01013144,G I. Distribution hotels and restaurants,71,70,36,34,1,0,1
S01013144,H J. Transport and communication,31,25,6,19,6,1,5
S01013144,K L M N. Financial real estate professional and administrative activities,43,41,8,33,2,0,2
S01013144,O P Q. Public administration education and health,142,140,50,90,2,1,1
S01013144,R S T U. Other,16,14,9,5,2,1,1
S01013145,All people aged 16 to 74 in employment,297,275,92,183,22,6,16
S01013145,A B D E. Agriculture energy and water,6,6,0,6,0,0,0
S01013145,C. Manufacturing,29,27,0,27,2,0,2
S01013145,F. Construction,24,18,2,16,6,0,6
S01013145,G I. Distribution hotels and restaurants,68,64,38,26,4,3,1
S01013145,H J. Transport and communication,18,15,3,12,3,1,2
S01013145,K L M N. Financial real estate professional and administrative activities,44,44,11,33,0,0,0
S01013145,O P Q. Public administration education and health,94,93,32,61,1,0,1
S01013145,R S T U. Other,14,8,6,2,6,2,4
S01013146,All people aged 16 to 74 in employment,190,168,46,122,22,5,17
S01013146,A B D E. Agriculture energy and water,9,9,1,8,0,0,0
S01013146,C. Manufacturing,9,9,1,8,0,0,0
S01013146,F. Construction,30,18,1,17,12,2,10
S01013146,G I. Distribution hotels and restaurants,30,29,19,10,1,0,1
S01013146,H J. Transport and communication,8,4,2,2,4,0,4
S01013146,K L M N. Financial real estate professional and administrative activities,30,29,4,25,1,0,1
S01013146,O P Q. Public administration education and health,69,66,16,50,3,2,1
S01013146,R S T U. Other,5,4,2,2,1,1,0
S01013147,All people aged 16 to 74 in employment,337,301,107,194,36,12,24
S01013147,A B D E. Agriculture energy and water,7,7,1,6,0,0,0
S01013147,C. Manufacturing,15,15,0,15,0,0,0
S01013147,F. Construction,38,27,1,26,11,3,8
S01013147,G I. Distribution hotels and restaurants,58,53,32,21,5,1,4
S01013147,H J. Transport and communication,30,24,3,21,6,1,5
S01013147,K L M N. Financial real estate professional and administrative activities,42,35,10,25,7,2,5
S01013147,O P Q. Public administration education and health,130,124,51,73,6,4,2
S01013147,R S T U. Other,17,16,9,7,1,1,0
S01013148,All people aged 16 to 74 in employment,384,358,76,282,26,4,22
S01013148,A B D E. Agriculture energy and water,7,7,0,7,0,0,0
S01013148,C. Manufacturing,37,35,2,33,2,1,1
S01013148,F. Construction,30,22,1,21,8,0,8
S01013148,G I. Distribution hotels and restaurants,63,62,26,36,1,0,1
S01013148,H J. Transport and communication,37,31,5,26,6,0,6
S01013148,K L M N. Financial real estate professional and administrative activities,51,48,5,43,3,2,1
S01013148,O P Q. Public administration education and health,143,139,33,106,4,1,3
S01013148,R S T U. Other,16,14,4,10,2,0,2
S01013149,All people aged 16 to 74 in employment,414,394,91,303,20,4,16
S01013149,A B D E. Agriculture energy and water,7,7,0,7,0,0,0
S01013149,C. Manufacturing,48,46,3,43,2,1,1
S01013149,F. Construction,33,27,5,22,6,1,5
S01013149,G I. Distribution hotels and restaurants,64,61,24,37,3,0,3
S01013149,H J. Transport and communication,31,28,9,19,3,0,3
S01013149,K L M N. Financial real estate professional and administrative activities,53,53,5,48,0,0,0
S01013149,O P Q. Public administration education and health,160,156,42,114,4,1,3
S01013149,R S T U. Other,18,16,3,13,2,1,1
S01013150,All people aged 16 to 74 in employment,377,351,112,239,26,9,17
S01013150,A B D E. Agriculture energy and water,4,4,0,4,0,0,0
S01013150,C. Manufacturing,34,33,3,30,1,0,1
S01013150,F. Construction,29,24,2,22,5,1,4
S01013150,G I. Distribution hotels and restaurants,75,71,37,34,4,1,3
S01013150,H J. Transport and communication,26,22,5,17,4,0,4
S01013150,K L M N. Financial real estate professional and administrative activities,50,48,6,42,2,0,2
S01013150,O P Q. Public administration education and health,147,140,56,84,7,4,3
S01013150,R S T U. Other,12,9,3,6,3,3,0
S01013151,All people aged 16 to 74 in employment,299,268,61,207,31,10,21
S01013151,A B D E. Agriculture energy and water,9,9,1,8,0,0,0
S01013151,C. Manufacturing,27,24,3,21,3,0,3
S01013151,F. Construction,24,16,1,15,8,2,6
S01013151,G I. Distribution hotels and restaurants,55,49,16,33,6,1,5
S01013151,H J. Transport and communication,19,14,1,13,5,1,4
S01013151,K L M N. Financial real estate professional and administrative activities,58,52,13,39,6,3,3
S01013151,O P Q. Public administration education and health,96,95,25,70,1,1,0
S01013151,R S T U. Other,11,9,1,8,2,2,0
S01013152,All people aged 16 to 74 in employment,424,384,117,267,40,8,32
S01013152,A B D E. Agriculture energy and water,5,3,0,3,2,0,2
S01013152,C. Manufacturing,38,37,4,33,1,1,0
S01013152,F. Construction,52,35,1,34,17,0,17
S01013152,G I. Distribution hotels and restaurants,80,76,35,41,4,3,1
S01013152,H J. Transport and communication,26,23,7,16,3,1,2
S01013152,K L M N. Financial real estate professional and administrative activities,57,52,12,40,5,1,4
S01013152,O P Q. Public administration education and health,144,138,50,88,6,2,4
S01013152,R S T U. Other,22,20,8,12,2,0,2
S01013153,All people aged 16 to 74 in employment,311,289,88,201,22,8,14
S01013153,A B D E. Agriculture energy and water,9,9,1,8,0,0,0
S01013153,C. Manufacturing,23,23,1,22,0,0,0
S01013153,F. Construction,26,20,0,20,6,1,5
S01013153,G I. Distribution hotels and restaurants,80,78,41,37,2,1,1
S01013153,H J. Transport and communication,21,18,6,12,3,1,2
S01013153,K L M N. Financial real estate professional and administrative activities,41,37,8,29,4,3,1
S01013153,O P Q. Public administration education and health,92,89,24,65,3,2,1
S01013153,R S T U. Other,19,15,7,8,4,0,4
S01013154,All people aged 16 to 74 in employment,428,408,155,253,20,3,17
S01013154,A B D E. Agriculture energy and water,16,14,3,11,2,0,2
S01013154,C. Manufacturing,35,34,7,27,1,0,1
S01013154,F. Construction,31,24,1,23,7,0,7
S01013154,G I. Distribution hotels and restaurants,108,105,67,38,3,1,2
S01013154,H J. Transport and communication,25,21,4,17,4,1,3
S01013154,K L M N. Financial real estate professional and administrative activities,65,64,12,52,1,0,1
S01013154,O P Q. Public administration education and health,125,123,53,70,2,1,1
S01013154,R S T U. Other,23,23,8,15,0,0,0
S01013155,All people aged 16 to 74 in employment,362,340,122,218,22,5,17
S01013155,A B D E. Agriculture energy and water,2,2,0,2,0,0,0
S01013155,C. Manufacturing,24,23,4,19,1,0,1
S01013155,F. Construction,21,16,3,13,5,0,5
S01013155,G I. Distribution hotels and restaurants,92,89,46,43,3,0,3
S01013155,H J. Transport and communication,26,20,4,16,6,3,3
S01013155,K L M N. Financial real estate professional and administrative activities,59,56,15,41,3,0,3
S01013155,O P Q. Public administration education and health,113,112,42,70,1,1,0
S01013155,R S T U. Other,25,22,8,14,3,1,2
S01013156,All people aged 16 to 74 in employment,336,323,121,202,13,3,10
S01013156,A B D E. Agriculture energy and water,6,5,0,5,1,0,1
S01013156,C. Manufacturing,24,22,2,20,2,0,2
S01013156,F. Construction,21,17,2,15,4,0,4
S01013156,G I. Distribution hotels and restaurants,90,89,48,41,1,1,0
S01013156,H J. Transport and communication,26,24,4,20,2,0,2
S01013156,K L M N. Financial real estate professional and administrative activities,48,45,13,32,3,2,1
S01013156,O P Q. Public administration education and health,100,100,46,54,0,0,0
S01013156,R S T U. Other,21,21,6,15,0,0,0
S01013157,All people aged 16 to 74 in employment,372,353,111,242,19,6,13
S01013157,A B D E. Agriculture energy and water,6,5,1,4,1,0,1
S01013157,C. Manufacturing,31,31,1,30,0,0,0
S01013157,F. Construction,28,22,1,21,6,1,5
S01013157,G I. Distribution hotels and restaurants,90,87,37,50,3,0,3
S01013157,H J. Transport and communication,21,20,6,14,1,1,0
S01013157,K L M N. Financial real estate professional and administrative activities,50,46,14,32,4,1,3
S01013157,O P Q. Public administration education and health,123,120,41,79,3,3,0
S01013157,R S T U. Other,23,22,10,12,1,0,1
S01013158,All people aged 16 to 74 in employment,293,253,72,181,40,10,30
S01013158,A B D E. Agriculture energy and water,8,5,0,5,3,0,3
S01013158,C. Manufacturing,25,22,1,21,3,0,3
S01013158,F. Construction,24,14,1,13,10,1,9
S01013158,G I. Distribution hotels and restaurants,49,46,24,22,3,1,2
S01013158,H J. Transport and communication,21,19,2,17,2,0,2
S01013158,K L M N. Financial real estate professional and administrative activities,42,34,11,23,8,3,5
S01013158,O P Q. Public administration education and health,107,102,30,72,5,3,2
S01013158,R S T U. Other,17,11,3,8,6,2,4
S01013159,All people aged 16 to 74 in employment,367,330,105,225,37,10,27
S01013159,A B D E. Agriculture energy and water,5,5,0,5,0,0,0
S01013159,C. Manufacturing,34,34,0,34,0,0,0
S01013159,F. Construction,32,26,3,23,6,0,6
S01013159,G I. Distribution hotels and restaurants,74,67,33,34,7,3,4
S01013159,H J. Transport and communication,37,26,8,18,11,3,8
S01013159,K L M N. Financial real estate professional and administrative activities,57,48,13,35,9,1,8
S01013159,O P Q. Public administration education and health,109,107,38,69,2,2,0
S01013159,R S T U. Other,19,17,10,7,2,1,1
S01013160,All people aged 16 to 74 in employment,396,350,122,228,46,9,37
S01013160,A B D E. Agriculture energy and water,5,5,0,5,0,0,0
S01013160,C. Manufacturing,38,35,1,34,3,0,3
S01013160,F. Construction,42,26,4,22,16,1,15
S01013160,G I. Distribution hotels and restaurants,74,64,36,28,10,1,9
S01013160,H J. Transport and communication,23,18,4,14,5,1,4
S01013160,K L M N. Financial real estate professional and administrative activities,54,50,18,32,4,2,2
S01013160,O P Q. Public administration education and health,145,142,56,86,3,2,1
S01013160,R S T U. Other,15,10,3,7,5,2,3
S01013161,All people aged 16 to 74 in employment,506,469,127,342,37,12,25
S01013161,A B D E. Agriculture energy and water,8,8,0,8,0,0,0
S01013161,C. Manufacturing,42,41,2,39,1,0,1
S01013161,F. Construction,56,45,6,39,11,3,8
S01013161,G I. Distribution hotels and restaurants,95,91,31,60,4,1,3
S01013161,H J. Transport and communication,44,37,5,32,7,2,5
S01013161,K L M N. Financial real estate professional and administrative activities,69,64,14,50,5,2,3
S01013161,O P Q. Public administration education and health,156,152,55,97,4,3,1
S01013161,R S T U. Other,36,31,14,17,5,1,4
S01013162,All people aged 16 to 74 in employment,339,307,83,224,32,8,24
S01013162,A B D E. Agriculture energy and water,5,5,0,5,0,0,0
S01013162,C. Manufacturing,27,27,0,27,0,0,0
S01013162,F. Construction,41,27,4,23,14,1,13
S01013162,G I. Distribution hotels and restaurants,53,52,25,27,1,0,1
S01013162,H J. Transport and communication,24,19,3,16,5,1,4
S01013162,K L M N. Financial real estate professional and administrative activities,52,49,12,37,3,2,1
S01013162,O P Q. Public administration education and health,119,116,33,83,3,2,1
S01013162,R S T U. Other,18,12,6,6,6,2,4
S01013163,All people aged 16 to 74 in employment,401,375,99,276,26,4,22
S01013163,A B D E. Agriculture energy and water,6,5,0,5,1,0,1
S01013163,C. Manufacturing,44,41,1,40,3,0,3
S01013163,F. Construction,38,27,4,23,11,1,10
S01013163,G I. Distribution hotels and restaurants,70,69,29,40,1,0,1
S01013163,H J. Transport and communication,19,17,1,16,2,0,2
S01013163,K L M N. Financial real estate professional and administrative activities,63,57,14,43,6,2,4
S01013163,O P Q. Public administration education and health,149,148,47,101,1,0,1
S01013163,R S T U. Other,12,11,3,8,1,1,0
S01013164,All people aged 16 to 74 in employment,448,387,115,272,61,16,45
S01013164,A B D E. Agriculture energy and water,17,14,1,13,3,0,3
S01013164,C. Manufacturing,39,35,1,34,4,1,3
S01013164,F. Construction,45,32,3,29,13,3,10
S01013164,G I. Distribution hotels and restaurants,76,66,35,31,10,1,9
S01013164,H J. Transport and communication,40,30,8,22,10,5,5
S01013164,K L M N. Financial real estate professional and administrative activities,58,48,16,32,10,4,6
S01013164,O P Q. Public administration education and health,150,142,43,99,8,1,7
S01013164,R S T U. Other,23,20,8,12,3,1,2
S01013165,All people aged 16 to 74 in employment,405,361,113,248,44,9,35
S01013165,A B D E. Agriculture energy and water,7,6,0,6,1,0,1
S01013165,C. Manufacturing,28,25,2,23,3,1,2
S01013165,F. Construction,42,27,1,26,15,2,13
S01013165,G I. Distribution hotels and restaurants,75,70,35,35,5,3,2
S01013165,H J. Transport and communication,30,25,4,21,5,0,5
S01013165,K L M N. Financial real estate professional and administrative activities,62,58,15,43,4,1,3
S01013165,O P Q. Public administration education and health,135,131,48,83,4,1,3
S01013165,R S T U. Other,26,19,8,11,7,1,6
S01013166,All people aged 16 to 74 in employment,246,229,72,157,17,4,13
S01013166,A B D E. Agriculture energy and water,2,2,0,2,0,0,0
S01013166,C. Manufacturing,22,22,2,20,0,0,0
S01013166,F. Construction,23,16,1,15,7,1,6
S01013166,G I. Distribution hotels and restaurants,71,71,36,35,0,0,0
S01013166,H J. Transport and communication,14,12,0,12,2,0,2
S01013166,K L M N. Financial real estate professional and administrative activities,34,31,6,25,3,2,1
S01013166,O P Q. Public administration education and health,67,64,21,43,3,1,2
S01013166,R S T U. Other,13,11,6,5,2,0,2
S01013167,All people aged 16 to 74 in employment,253,234,67,167,19,6,13
S01013167,A B D E. Agriculture energy and water,4,4,0,4,0,0,0
S01013167,C. Manufacturing,29,27,1,26,2,1,1
S01013167,F. Construction,29,23,1,22,6,0,6
S01013167,G I. Distribution hotels and restaurants,56,50,29,21,6,2,4
S01013167,H J. Transport and communication,15,15,2,13,0,0,0
S01013167,K L M N. Financial real estate professional and administrative activities,39,38,7,31,1,1,0
S01013167,O P Q. Public administration education and health,69,67,23,44,2,2,0
S01013167,R S T U. Other,12,10,4,6,2,0,2
S01013168,All people aged 16 to 74 in employment,344,323,103,220,21,10,11
S01013168,A B D E. Agriculture energy and water,3,3,0,3,0,0,0
S01013168,C. Manufacturing,31,30,1,29,1,1,0
S01013168,F. Construction,26,23,1,22,3,1,2
S01013168,G I. Distribution hotels and restaurants,88,86,43,43,2,2,0
S01013168,H J. Transport and communication,26,20,2,18,6,2,4
S01013168,K L M N. Financial real estate professional and administrative activities,50,46,12,34,4,2,2
S01013168,O P Q. Public administration education and health,102,100,38,62,2,1,1
S01013168,R S T U. Other,18,15,6,9,3,1,2
S01013169,All people aged 16 to 74 in employment,321,290,91,199,31,8,23
S01013169,A B D E. Agriculture energy and water,3,3,0,3,0,0,0
S01013169,C. Manufacturing,25,23,2,21,2,0,2
S01013169,F. Construction,29,20,2,18,9,1,8
S01013169,G I. Distribution hotels and restaurants,65,60,30,30,5,2,3
S01013169,H J. Transport and communication,24,20,3,17,4,1,3
S01013169,K L M N. Financial real estate professional and administrative activities,47,45,10,35,2,0,2
S01013169,O P Q. Public administration education and health,113,111,41,70,2,1,1
S01013169,R S T U. Other,15,8,3,5,7,3,4
S01013170,All people aged 16 to 74 in employment,199,184,56,128,15,0,15
S01013170,A B D E. Agriculture energy and water,5,5,0,5,0,0,0
S01013170,C. Manufacturing,16,15,2,13,1,0,1
S01013170,F. Construction,21,17,1,16,4,0,4
S01013170,G I. Distribution hotels and restaurants,44,42,17,25,2,0,2
S01013170,H J. Transport and communication,15,10,1,9,5,0,5
S01013170,K L M N. Financial real estate professional and administrative activities,21,20,5,15,1,0,1
S01013170,O P Q. Public administration education and health,61,61,26,35,0,0,0
S01013170,R S T U. Other,16,14,4,10,2,0,2
S01013171,All people aged 16 to 74 in employment,334,304,87,217,30,7,23
S01013171,A B D E. Agriculture energy and water,10,7,0,7,3,0,3
S01013171,C. Manufacturing,32,30,2,28,2,0,2
S01013171,F. Construction,26,21,1,20,5,1,4
S01013171,G I. Distribution hotels and restaurants,58,55,31,24,3,0,3
S01013171,H J. Transport and communication,23,19,1,18,4,0,4
S01013171,K L M N. Financial real estate professional and administrative activities,52,48,11,37,4,1,3
S01013171,O P Q. Public administration education and health,119,114,37,77,5,2,3
S01013171,R S T U. Other,14,10,4,6,4,3,1
S01013172,All people aged 16 to 74 in employment,348,331,96,235,17,4,13
S01013172,A B D E. Agriculture energy and water,8,8,0,8,0,0,0
S01013172,C. Manufacturing,32,30,2,28,2,1,1
S01013172,F. Construction,22,16,2,14,6,0,6
S01013172,G I. Distribution hotels and restaurants,61,59,26,33,2,0,2
S01013172,H J. Transport and communication,34,29,2,27,5,2,3
S01013172,K L M N. Financial real estate professional and administrative activities,59,59,19,40,0,0,0
S01013172,O P Q. Public administration education and health,114,114,39,75,0,0,0
S01013172,R S T U. Other,18,16,6,10,2,1,1
S01013173,All people aged 16 to 74 in employment,436,411,107,304,25,6,19
S01013173,A B D E. Agriculture energy and water,5,4,0,4,1,1,0
S01013173,C. Manufacturing,49,47,3,44,2,0,2
S01013173,F. Construction,35,30,3,27,5,0,5
S01013173,G I. Distribution hotels and restaurants,61,58,31,27,3,2,1
S01013173,H J. Transport and communication,47,40,8,32,7,2,5
S01013173,K L M N. Financial real estate professional and administrative activities,73,70,14,56,3,1,2
S01013173,O P Q. Public administration education and health,149,147,43,104,2,0,2
S01013173,R S T U. Other,17,15,5,10,2,0,2
S01013174,All people aged 16 to 74 in employment,458,418,108,310,40,14,26
S01013174,A B D E. Agriculture energy and water,11,8,0,8,3,1,2
S01013174,C. Manufacturing,40,37,2,35,3,0,3
S01013174,F. Construction,38,32,1,31,6,1,5
S01013174,G I. Distribution hotels and restaurants,60,55,27,28,5,1,4
S01013174,H J. Transport and communication,33,27,3,24,6,2,4
S01013174,K L M N. Financial real estate professional and administrative activities,72,63,12,51,9,4,5
S01013174,O P Q. Public administration education and health,189,185,60,125,4,2,2
S01013174,R S T U. Other,15,11,3,8,4,3,1
S01013175,All people aged 16 to 74 in employment,452,419,95,324,33,4,29
S01013175,A B D E. Agriculture energy and water,8,8,1,7,0,0,0
S01013175,C. Manufacturing,37,37,5,32,0,0,0
S01013175,F. Construction,28,21,0,21,7,0,7
S01013175,G I. Distribution hotels and restaurants,86,78,25,53,8,0,8
S01013175,H J. Transport and communication,33,30,4,26,3,1,2
S01013175,K L M N. Financial real estate professional and administrative activities,70,62,13,49,8,3,5
S01013175,O P Q. Public administration education and health,168,163,45,118,5,0,5
S01013175,R S T U. Other,22,20,2,18,2,0,2
S01013176,All people aged 16 to 74 in employment,371,339,78,261,32,7,25
S01013176,A B D E. Agriculture energy and water,11,10,0,10,1,1,0
S01013176,C. Manufacturing,31,28,2,26,3,0,3
S01013176,F. Construction,29,25,4,21,4,1,3
S01013176,G I. Distribution hotels and restaurants,55,51,24,27,4,0,4
S01013176,H J. Transport and communication,24,19,2,17,5,0,5
S01013176,K L M N. Financial real estate professional and administrative activities,73,67,10,57,6,1,5
S01013176,O P Q. Public administration education and health,126,122,33,89,4,2,2
S01013176,R S T U. Other,22,17,3,14,5,2,3
S01013177,All people aged 16 to 74 in employment,336,313,62,251,23,5,18
S01013177,A B D E. Agriculture energy and water,11,9,1,8,2,0,2
S01013177,C. Manufacturing,22,22,2,20,0,0,0
S01013177,F. Construction,29,24,1,23,5,0,5
S01013177,G I. Distribution hotels and restaurants,49,44,15,29,5,2,3
S01013177,H J. Transport and communication,38,33,3,30,5,1,4
S01013177,K L M N. Financial real estate professional and administrative activities,60,58,10,48,2,0,2
S01013177,O P Q. Public administration education and health,117,116,29,87,1,1,0
S01013177,R S T U. Other,10,7,1,6,3,1,2
S01013178,All people aged 16 to 74 in employment,380,351,93,258,29,4,25
S01013178,A B D E. Agriculture energy and water,11,10,0,10,1,0,1
S01013178,C. Manufacturing,34,30,2,28,4,0,4
S01013178,F. Construction,25,16,1,15,9,0,9
S01013178,G I. Distribution hotels and restaurants,45,43,21,22,2,0,2
S01013178,H J. Transport and communication,26,25,1,24,1,0,1
S01013178,K L M N. Financial real estate professional and administrative activities,70,63,18,45,7,2,5
S01013178,O P Q. Public administration education and health,151,147,43,104,4,2,2
S01013178,R S T U. Other,18,17,7,10,1,0,1
S01013179,All people aged 16 to 74 in employment,409,361,98,263,48,11,37
S01013179,A B D E. Agriculture energy and water,11,9,0,9,2,0,2
S01013179,C. Manufacturing,37,31,5,26,6,2,4
S01013179,F. Construction,32,23,2,21,9,1,8
S01013179,G I. Distribution hotels and restaurants,87,76,38,38,11,3,8
S01013179,H J. Transport and communication,30,27,6,21,3,0,3
S01013179,K L M N. Financial real estate professional and administrative activities,57,51,7,44,6,2,4
S01013179,O P Q. Public administration education and health,136,132,37,95,4,1,3
S01013179,R S T U. Other,19,12,3,9,7,2,5
S01013180,All people aged 16 to 74 in employment,253,233,68,165,20,6,14
S01013180,A B D E. Agriculture energy and water,5,4,0,4,1,0,1
S01013180,C. Manufacturing,24,24,1,23,0,0,0
S01013180,F. Construction,17,12,3,9,5,0,5
S01013180,G I. Distribution hotels and restaurants,53,49,22,27,4,1,3
S01013180,H J. Transport and communication,15,14,3,11,1,0,1
S01013180,K L M N. Financial real estate professional and administrative activities,33,29,6,23,4,1,3
S01013180,O P Q. Public administration education and health,95,92,31,61,3,2,1
S01013180,R S T U. Other,11,9,2,7,2,2,0
S01013181,All people aged 16 to 74 in employment,363,339,84,255,24,7,17
S01013181,A B D E. Agriculture energy and water,4,4,0,4,0,0,0
S01013181,C. Manufacturing,43,40,1,39,3,1,2
S01013181,F. Construction,36,28,2,26,8,0,8
S01013181,G I. Distribution hotels and restaurants,48,46,27,19,2,0,2
S01013181,H J. Transport and communication,31,25,4,21,6,3,3
S01013181,K L M N. Financial real estate professional and administrative activities,46,45,9,36,1,0,1
S01013181,O P Q. Public administration education and health,139,137,37,100,2,1,1
S01013181,R S T U. Other,16,14,4,10,2,2,0
S01013182,All people aged 16 to 74 in employment,310,293,82,211,17,3,14
S01013182,A B D E. Agriculture energy and water,5,5,1,4,0,0,0
S01013182,C. Manufacturing,30,30,0,30,0,0,0
S01013182,F. Construction,27,17,2,15,10,1,9
S01013182,G I. Distribution hotels and restaurants,61,61,28,33,0,0,0
S01013182,H J. Transport and communication,26,22,1,21,4,0,4
S01013182,K L M N. Financial real estate professional and administrative activities,27,26,5,21,1,0,1
S01013182,O P Q. Public administration education and health,118,118,41,77,0,0,0
S01013182,R S T U. Other,16,14,4,10,2,2,0
S01013183,All people aged 16 to 74 in employment,458,427,110,317,31,9,22
S01013183,A B D E. Agriculture energy and water,13,13,0,13,0,0,0
S01013183,C. Manufacturing,41,39,3,36,2,1,1
S01013183,F. Construction,38,23,3,20,15,3,12
S01013183,G I. Distribution hotels and restaurants,79,76,38,38,3,1,2
S01013183,H J. Transport and communication,31,28,1,27,3,1,2
S01013183,K L M N. Financial real estate professional and administrative activities,48,44,7,37,4,1,3
S01013183,O P Q. Public administration education and health,193,191,50,141,2,1,1
S01013183,R S T U. Other,15,13,8,5,2,1,1
S01013184,All people aged 16 to 74 in employment,213,201,68,133,12,3,9
S01013184,A B D E. Agriculture energy and water,4,4,0,4,0,0,0
S01013184,C. Manufacturing,16,14,1,13,2,0,2
S01013184,F. Construction,17,15,1,14,2,0,2
S01013184,G I. Distribution hotels and restaurants,45,44,21,23,1,0,1
S01013184,H J. Transport and communication,8,7,2,5,1,0,1
S01013184,K L M N. Financial real estate professional and administrative activities,31,30,8,22,1,0,1
S01013184,O P Q. Public administration education and health,79,77,33,44,2,1,1
S01013184,R S T U. Other,13,10,2,8,3,2,1
S01013185,All people aged 16 to 74 in employment,323,308,94,214,15,11,4
S01013185,A B D E. Agriculture energy and water,10,10,0,10,0,0,0
S01013185,C. Manufacturing,22,19,1,18,3,1,2
S01013185,F. Construction,20,18,0,18,2,2,0
S01013185,G I. Distribution hotels and restaurants,67,66,35,31,1,1,0
S01013185,H J. Transport and communication,30,26,0,26,4,3,1
S01013185,K L M N. Financial real estate professional and administrative activities,43,41,5,36,2,2,0
S01013185,O P Q. Public administration education and health,111,109,47,62,2,1,1
S01013185,R S T U. Other,20,19,6,13,1,1,0
S01013186,All people aged 16 to 74 in employment,293,276,87,189,17,4,13
S01013186,A B D E. Agriculture energy and water,3,3,0,3,0,0,0
S01013186,C. Manufacturing,40,38,4,34,2,0,2
S01013186,F. Construction,23,19,1,18,4,0,4
S01013186,G I. Distribution hotels and restaurants,74,74,40,34,0,0,0
S01013186,H J. Transport and communication,22,17,3,14,5,0,5
S01013186,K L M N. Financial real estate professional and administrative activities,34,32,4,28,2,0,2
S01013186,O P Q. Public administration education and health,81,78,31,47,3,3,0
S01013186,R S T U. Other,16,15,4,11,1,1,0
S01013187,All people aged 16 to 74 in employment,352,332,93,239,20,7,13
S01013187,A B D E. Agriculture energy and water,8,8,1,7,0,0,0
S01013187,C. Manufacturing,38,36,6,30,2,1,1
S01013187,F. Construction,19,15,0,15,4,1,3
S01013187,G I. Distribution hotels and restaurants,84,82,33,49,2,1,1
S01013187,H J. Transport and communication,23,20,5,15,3,0,3
S01013187,K L M N. Financial real estate professional and administrative activities,36,35,5,30,1,0,1
S01013187,O P Q. Public administration education and health,127,124,38,86,3,3,0
S01013187,R S T U. Other,17,12,5,7,5,1,4
S01013188,All people aged 16 to 74 in employment,469,444,117,327,25,9,16
S01013188,A B D E. Agriculture energy and water,9,9,0,9,0,0,0
S01013188,C. Manufacturing,39,38,1,37,1,0,1
S01013188,F. Construction,40,30,2,28,10,2,8
S01013188,G I. Distribution hotels and restaurants,80,78,36,42,2,1,1
S01013188,H J. Transport and communication,30,27,6,21,3,2,1
S01013188,K L M N. Financial real estate professional and administrative activities,68,64,13,51,4,2,2
S01013188,O P Q. Public administration education and health,184,180,51,129,4,2,2
S01013188,R S T U. Other,19,18,8,10,1,0,1
S01013189,All people aged 16 to 74 in employment,318,292,91,201,26,2,24
S01013189,A B D E. Agriculture energy and water,14,11,0,11,3,1,2
S01013189,C. Manufacturing,27,26,1,25,1,0,1
S01013189,F. Construction,20,12,1,11,8,0,8
S01013189,G I. Distribution hotels and restaurants,74,67,41,26,7,1,6
S01013189,H J. Transport and communication,7,6,1,5,1,0,1
S01013189,K L M N. Financial real estate professional and administrative activities,38,35,7,28,3,0,3
S01013189,O P Q. Public administration education and health,122,120,37,83,2,0,2
S01013189,R S T U. Other,16,15,3,12,1,0,1
S01013190,All people aged 16 to 74 in employment,378,353,109,244,25,7,18
S01013190,A B D E. Agriculture energy and water,7,7,2,5,0,0,0
S01013190,C. Manufacturing,32,31,3,28,1,0,1
S01013190,F. Construction,33,21,2,19,12,1,11
S01013190,G I. Distribution hotels and restaurants,62,58,33,25,4,2,2
S01013190,H J. Transport and communication,29,26,2,24,3,0,3
S01013190,K L M N. Financial real estate professional and administrative activities,57,54,14,40,3,3,0
S01013190,O P Q. Public administration education and health,139,139,43,96,0,0,0
S01013190,R S T U. Other,19,17,10,7,2,1,1
S01013191,All people aged 16 to 74 in employment,587,541,141,400,46,9,37
S01013191,A B D E. Agriculture energy and water,16,16,0,16,0,0,0
S01013191,C. Manufacturing,66,65,5,60,1,0,1
S01013191,F. Construction,48,35,1,34,13,2,11
S01013191,G I. Distribution hotels and restaurants,86,77,49,28,9,2,7
S01013191,H J. Transport and communication,45,40,4,36,5,0,5
S01013191,K L M N. Financial real estate professional and administrative activities,79,74,17,57,5,2,3
S01013191,O P Q. Public administration education and health,226,218,59,159,8,1,7
S01013191,R S T U. Other,21,16,6,10,5,2,3
S01013192,All people aged 16 to 74 in employment,447,413,104,309,34,14,20
S01013192,A B D E. Agriculture energy and water,8,8,2,6,0,0,0
S01013192,C. Manufacturing,32,31,2,29,1,1,0
S01013192,F. Construction,37,25,2,23,12,1,11
S01013192,G I. Distribution hotels and restaurants,73,69,38,31,4,3,1
S01013192,H J. Transport and communication,24,22,5,17,2,0,2
S01013192,K L M N. Financial real estate professional and administrative activities,65,64,7,57,1,0,1
S01013192,O P Q. Public administration education and health,192,185,44,141,7,4,3
S01013192,R S T U. Other,16,9,4,5,7,5,2
S01013193,All people aged 16 to 74 in employment,362,333,73,260,29,6,23
S01013193,A B D E. Agriculture energy and water,7,6,1,5,1,0,1
S01013193,C. Manufacturing,34,33,1,32,1,0,1
S01013193,F. Construction,25,19,0,19,6,1,5
S01013193,G I. Distribution hotels and restaurants,44,43,14,29,1,1,0
S01013193,H J. Transport and communication,22,18,1,17,4,0,4
S01013193,K L M N. Financial real estate professional and administrative activities,62,56,10,46,6,0,6
S01013193,O P Q. Public administration education and health,147,140,37,103,7,3,4
S01013193,R S T U. Other,21,18,9,9,3,1,2
S01013194,All people aged 16 to 74 in employment,328,301,79,222,27,7,20
S01013194,A B D E. Agriculture energy and water,5,5,0,5,0,0,0
S01013194,C. Manufacturing,35,31,3,28,4,0,4
S01013194,F. Construction,25,19,1,18,6,1,5
S01013194,G I. Distribution hotels and restaurants,63,57,26,31,6,2,4
S01013194,H J. Transport and communication,20,17,3,14,3,1,2
S01013194,K L M N. Financial real estate professional and administrative activities,43,39,9,30,4,1,3
S01013194,O P Q. Public administration education and health,114,113,30,83,1,0,1
S01013194,R S T U. Other,23,20,7,13,3,2,1
S01013195,All people aged 16 to 74 in employment,525,487,91,396,38,9,29
S01013195,A B D E. Agriculture energy and water,13,13,0,13,0,0,0
S01013195,C. Manufacturing,50,45,3,42,5,0,5
S01013195,F. Construction,32,28,2,26,4,0,4
S01013195,G I. Distribution hotels and restaurants,104,97,38,59,7,4,3
S01013195,H J. Transport and communication,52,49,3,46,3,0,3
S01013195,K L M N. Financial real estate professional and administrative activities,89,85,12,73,4,1,3
S01013195,O P Q. Public administration education and health,156,152,29,123,4,2,2
S01013195,R S T U. Other,29,18,4,14,11,2,9
S01013196,All people aged 16 to 74 in employment,389,361,74,287,28,9,19
S01013196,A B D E. Agriculture energy and water,4,4,0,4,0,0,0
S01013196,C. Manufacturing,44,41,3,38,3,0,3
S01013196,F. Construction,26,19,2,17,7,1,6
S01013196,G I. Distribution hotels and restaurants,60,56,22,34,4,1,3
S01013196,H J. Transport and communication,35,30,6,24,5,3,2
S01013196,K L M N. Financial real estate professional and administrative activities,49,44,7,37,5,2,3
S01013196,O P Q. Public administration education and health,147,147,27,120,0,0,0
S01013196,R S T U. Other,24,20,7,13,4,2,2
S01013197,All people aged 16 to 74 in employment,255,231,67,164,24,6,18
S01013197,A B D E. Agriculture energy and water,1,1,1,0,0,0,0
S01013197,C. Manufacturing,30,29,2,27,1,0,1
S01013197,F. Construction,14,11,0,11,3,1,2
S01013197,G I. Distribution hotels and restaurants,45,41,20,21,4,0,4
S01013197,H J. Transport and communication,18,14,2,12,4,1,3
S01013197,K L M N. Financial real estate professional and administrative activities,32,28,7,21,4,1,3
S01013197,O P Q. Public administration education and health,100,96,31,65,4,2,2
S01013197,R S T U. Other,15,11,4,7,4,1,3
S01013198,All people aged 16 to 74 in employment,340,299,74,225,41,8,33
S01013198,A B D E. Agriculture energy and water,4,4,0,4,0,0,0
S01013198,C. Manufacturing,31,29,2,27,2,0,2
S01013198,F. Construction,36,20,2,18,16,1,15
S01013198,G I. Distribution hotels and restaurants,57,53,26,27,4,1,3
S01013198,H J. Transport and communication,30,24,3,21,6,3,3
S01013198,K L M N. Financial real estate professional and administrative activities,49,42,10,32,7,1,6
S01013198,O P Q. Public administration education and health,118,117,29,88,1,0,1
S01013198,R S T U. Other,15,10,2,8,5,2,3
S01013199,All people aged 16 to 74 in employment,403,340,69,271,63,16,47
S01013199,A B D E. Agriculture energy and water,4,3,0,3,1,0,1
S01013199,C. Manufacturing,37,33,2,31,4,0,4
S01013199,F. Construction,35,20,0,20,15,2,13
S01013199,G I. Distribution hotels and restaurants,57,49,24,25,8,3,5
S01013199,H J. Transport and communication,24,14,3,11,10,4,6
S01013199,K L M N. Financial real estate professional and administrative activities,62,52,8,44,10,2,8
S01013199,O P Q. Public administration education and health,163,156,28,128,7,3,4
S01013199,R S T U. Other,21,13,4,9,8,2,6
S01013200,All people aged 16 to 74 in employment,306,278,82,196,28,7,21
S01013200,A B D E. Agriculture energy and water,4,4,0,4,0,0,0
S01013200,C. Manufacturing,23,20,2,18,3,1,2
S01013200,F. Construction,17,15,0,15,2,0,2
S01013200,G I. Distribution hotels and restaurants,54,49,28,21,5,3,2
S01013200,H J. Transport and communication,16,12,2,10,4,0,4
S01013200,K L M N. Financial real estate professional and administrative activities,50,44,7,37,6,2,4
S01013200,O P Q. Public administration education and health,130,126,39,87,4,1,3
S01013200,R S T U. Other,12,8,4,4,4,0,4
S01013201,All people aged 16 to 74 in employment,262,246,72,174,16,3,13
S01013201,A B D E. Agriculture energy and water,4,4,0,4,0,0,0
S01013201,C. Manufacturing,16,16,2,14,0,0,0
S01013201,F. Construction,20,14,0,14,6,0,6
S01013201,G I. Distribution hotels and restaurants,59,58,34,24,1,1,0
S01013201,H J. Transport and communication,17,12,1,11,5,0,5
S01013201,K L M N. Financial real estate professional and administrative activities,31,28,3,25,3,1,2
S01013201,O P Q. Public administration education and health,103,102,29,73,1,1,0
S01013201,R S T U. Other,12,12,3,9,0,0,0
S01013202,All people aged 16 to 74 in employment,205,193,60,133,12,4,8
S01013202,A B D E. Agriculture energy and water,3,3,1,2,0,0,0
S01013202,C. Manufacturing,12,12,2,10,0,0,0
S01013202,F. Construction,13,10,0,10,3,0,3
S01013202,G I. Distribution hotels and restaurants,50,48,25,23,2,2,0
S01013202,H J. Transport and communication,11,8,0,8,3,0,3
S01013202,K L M N. Financial real estate professional and administrative activities,25,23,2,21,2,1,1
S01013202,O P Q. Public administration education and health,77,76,26,50,1,0,1
S01013202,R S T U. Other,14,13,4,9,1,1,0
S01013203,All people aged 16 to 74 in employment,299,283,71,212,16,5,11
S01013203,A B D E. Agriculture energy and water,9,9,0,9,0,0,0
S01013203,C. Manufacturing,19,18,1,17,1,0,1
S01013203,F. Construction,24,20,0,20,4,1,3
S01013203,G I. Distribution hotels and restaurants,65,62,31,31,3,1,2
S01013203,H J. Transport and communication,17,14,1,13,3,2,1
S01013203,K L M N. Financial real estate professional and administrative activities,35,34,4,30,1,1,0
S01013203,O P Q. Public administration education and health,110,107,26,81,3,0,3
S01013203,R S T U. Other,20,19,8,11,1,0,1
S01013204,All people aged 16 to 74 in employment,422,403,93,310,19,6,13
S01013204,A B D E. Agriculture energy and water,8,8,1,7,0,0,0
S01013204,C. Manufacturing,25,24,0,24,1,1,0
S01013204,F. Construction,38,30,0,30,8,3,5
S01013204,G I. Distribution hotels and restaurants,64,63,32,31,1,0,1
S01013204,H J. Transport and communication,41,40,3,37,1,0,1
S01013204,K L M N. Financial real estate professional and administrative activities,49,48,10,38,1,0,1
S01013204,O P Q. Public administration education and health,179,177,43,134,2,1,1
S01013204,R S T U. Other,18,13,4,9,5,1,4
S01013205,All people aged 16 to 74 in employment,216,204,65,139,12,1,11
S01013205,A B D E. Agriculture energy and water,8,8,0,8,0,0,0
S01013205,C. Manufacturing,25,25,1,24,0,0,0
S01013205,F. Construction,14,10,0,10,4,0,4
S01013205,G I. Distribution hotels and restaurants,47,47,27,20,0,0,0
S01013205,H J. Transport and communication,20,16,3,13,4,1,3
S01013205,K L M N. Financial real estate professional and administrative activities,16,15,4,11,1,0,1
S01013205,O P Q. Public administration education and health,75,74,26,48,1,0,1
S01013205,R S T U. Other,11,9,4,5,2,0,2
S01013206,All people aged 16 to 74 in employment,255,242,76,166,13,3,10
S01013206,A B D E. Agriculture energy and water,2,2,0,2,0,0,0
S01013206,C. Manufacturing,15,15,3,12,0,0,0
S01013206,F. Construction,20,16,3,13,4,1,3
S01013206,G I. Distribution hotels and restaurants,58,56,21,35,2,0,2
S01013206,H J. Transport and communication,25,22,4,18,3,1,2
S01013206,K L M N. Financial real estate professional and administrative activities,27,24,5,19,3,0,3
S01013206,O P Q. Public administration education and health,90,90,31,59,0,0,0
S01013206,R S T U. Other,18,17,9,8,1,1,0
S01013207,All people aged 16 to 74 in employment,350,303,97,206,47,9,38
S01013207,A B D E. Agriculture energy and water,14,9,0,9,5,0,5
S01013207,C. Manufacturing,32,31,4,27,1,0,1
S01013207,F. Construction,22,16,1,15,6,1,5
S01013207,G I. Distribution hotels and restaurants,78,66,37,29,12,2,10
S01013207,H J. Transport and communication,27,17,2,15,10,2,8
S01013207,K L M N. Financial real estate professional and administrative activities,42,38,9,29,4,1,3
S01013207,O P Q. Public administration education and health,112,108,33,75,4,1,3
S01013207,R S T U. Other,23,18,11,7,5,2,3
S01013208,All people aged 16 to 74 in employment,389,362,107,255,27,6,21
S01013208,A B D E. Agriculture energy and water,14,14,0,14,0,0,0
S01013208,C. Manufacturing,29,29,4,25,0,0,0
S01013208,F. Construction,39,31,4,27,8,0,8
S01013208,G I. Distribution hotels and restaurants,92,88,44,44,4,0,4
S01013208,H J. Transport and communication,25,17,4,13,8,3,5
S01013208,K L M N. Financial real estate professional and administrative activities,41,40,11,29,1,1,0
S01013208,O P Q. Public administration education and health,134,132,37,95,2,1,1
S01013208,R S T U. Other,15,11,3,8,4,1,3
S01013209,All people aged 16 to 74 in employment,384,348,93,255,36,6,30
S01013209,A B D E. Agriculture energy and water,5,5,0,5,0,0,0
S01013209,C. Manufacturing,36,34,0,34,2,0,2
S01013209,F. Construction,31,20,1,19,11,3,8
S01013209,G I. Distribution hotels and restaurants,75,74,36,38,1,0,1
S01013209,H J. Transport and communication,24,18,0,18,6,0,6
S01013209,K L M N. Financial real estate professional and administrative activities,48,45,8,37,3,0,3
S01013209,O P Q. Public administration education and health,137,134,41,93,3,0,3
S01013209,R S T U. Other,28,18,7,11,10,3,7
S01013210,All people aged 16 to 74 in employment,317,279,81,198,38,8,30
S01013210,A B D E. Agriculture energy and water,5,3,0,3,2,1,1
S01013210,C. Manufacturing,37,34,1,33,3,0,3
S01013210,F. Construction,27,19,1,18,8,1,7
S01013210,G I. Distribution hotels and restaurants,53,45,27,18,8,1,7
S01013210,H J. Transport and communication,16,12,0,12,4,1,3
S01013210,K L M N. Financial real estate professional and administrative activities,47,41,8,33,6,1,5
S01013210,O P Q. Public administration education and health,112,108,38,70,4,3,1
S01013210,R S T U. Other,20,17,6,11,3,0,3
S01013211,All people aged 16 to 74 in employment,461,432,100,332,29,8,21
S01013211,A B D E. Agriculture energy and water,8,8,0,8,0,0,0
S01013211,C. Manufacturing,56,55,2,53,1,0,1
S01013211,F. Construction,34,29,3,26,5,0,5
S01013211,G I. Distribution hotels and restaurants,103,98,40,58,5,0,5
S01013211,H J. Transport and communication,31,30,3,27,1,0,1
S01013211,K L M N. Financial real estate professional and administrative activities,46,40,4,36,6,1,5
S01013211,O P Q. Public administration education and health,152,151,41,110,1,1,0
S01013211,R S T U. Other,31,21,7,14,10,6,4
S01013212,All people aged 16 to 74 in employment,380,349,88,261,31,6,25
S01013212,A B D E. Agriculture energy and water,11,10,0,10,1,0,1
S01013212,C. Manufacturing,32,29,0,29,3,0,3
S01013212,F. Construction,32,24,0,24,8,2,6
S01013212,G I. Distribution hotels and restaurants,67,66,31,35,1,0,1
S01013212,H J. Transport and communication,29,20,3,17,9,1,8
S01013212,K L M N. Financial real estate professional and administrative activities,52,47,9,38,5,2,3
S01013212,O P Q. Public administration education and health,147,145,43,102,2,1,1
S01013212,R S T U. Other,10,8,2,6,2,0,2
S01013213,All people aged 16 to 74 in employment,338,294,84,210,44,9,35
S01013213,A B D E. Agriculture energy and water,8,7,1,6,1,0,1
S01013213,C. Manufacturing,30,28,3,25,2,0,2
S01013213,F. Construction,33,16,0,16,17,1,16
S01013213,G I. Distribution hotels and restaurants,60,56,33,23,4,2,2
S01013213,H J. Transport and communication,22,13,2,11,9,1,8
S01013213,K L M N. Financial real estate professional and administrative activities,42,38,7,31,4,1,3
S01013213,O P Q. Public administration education and health,134,128,34,94,6,4,2
S01013213,R S T U. Other,9,8,4,4,1,0,1
S01013214,All people aged 16 to 74 in employment,273,250,53,197,23,5,18
S01013214,A B D E. Agriculture energy and water,4,3,0,3,1,0,1
S01013214,C. Manufacturing,22,20,0,20,2,0,2
S01013214,F. Construction,23,16,1,15,7,1,6
S01013214,G I. Distribution hotels and restaurants,52,50,19,31,2,0,2
S01013214,H J. Transport and communication,25,21,3,18,4,0,4
S01013214,K L M N. Financial real estate professional and administrative activities,32,29,2,27,3,1,2
S01013214,O P Q. Public administration education and health,106,104,26,78,2,2,0
S01013214,R S T U. Other,9,7,2,5,2,1,1
S01013215,All people aged 16 to 74 in employment,439,413,91,322,26,6,20
S01013215,A B D E. Agriculture energy and water,15,15,0,15,0,0,0
S01013215,C. Manufacturing,40,37,1,36,3,0,3
S01013215,F. Construction,22,16,0,16,6,1,5
S01013215,G I. Distribution hotels and restaurants,97,90,31,59,7,0,7
S01013215,H J. Transport and communication,28,23,1,22,5,3,2
S01013215,K L M N. Financial real estate professional and administrative activities,50,50,13,37,0,0,0
S01013215,O P Q. Public administration education and health,166,165,41,124,1,1,0
S01013215,R S T U. Other,21,17,4,13,4,1,3
S01013216,All people aged 16 to 74 in employment,265,249,77,172,16,5,11
S01013216,A B D E. Agriculture energy and water,5,5,0,5,0,0,0
S01013216,C. Manufacturing,19,16,1,15,3,1,2
S01013216,F. Construction,26,22,2,20,4,2,2
S01013216,G I. Distribution hotels and restaurants,71,67,33,34,4,0,4
S01013216,H J. Transport and communication,18,17,2,15,1,0,1
S01013216,K L M N. Financial real estate professional and administrative activities,30,29,6,23,1,0,1
S01013216,O P Q. Public administration education and health,80,79,30,49,1,0,1
S01013216,R S T U. Other,16,14,3,11,2,2,0
S01013217,All people aged 16 to 74 in employment,333,315,91,224,18,3,15
S01013217,A B D E. Agriculture energy and water,11,11,1,10,0,0,0
S01013217,C. Manufacturing,34,32,3,29,2,0,2
S01013217,F. Construction,18,16,0,16,2,1,1
S01013217,G I. Distribution hotels and restaurants,69,68,38,30,1,0,1
S01013217,H J. Transport and communication,31,22,3,19,9,1,8
S01013217,K L M N. Financial real estate professional and administrative activities,43,42,10,32,1,0,1
S01013217,O P Q. Public administration education and health,111,108,30,78,3,1,2
S01013217,R S T U. Other,16,16,6,10,0,0,0
S01013218,All people aged 16 to 74 in employment,239,221,70,151,18,7,11
S01013218,A B D E. Agriculture energy and water,7,7,0,7,0,0,0
S01013218,C. Manufacturing,19,18,0,18,1,0,1
S01013218,F. Construction,10,8,1,7,2,0,2
S01013218,G I. Distribution hotels and restaurants,70,67,36,31,3,2,1
S01013218,H J. Transport and communication,22,19,5,14,3,0,3
S01013218,K L M N. Financial real estate professional and administrative activities,28,24,2,22,4,3,1
S01013218,O P Q. Public administration education and health,69,66,23,43,3,1,2
S01013218,R S T U. Other,14,12,3,9,2,1,1
S01013219,All people aged 16 to 74 in employment,230,218,80,138,12,3,9
S01013219,A B D E. Agriculture energy and water,6,6,1,5,0,0,0
S01013219,C. Manufacturing,18,18,1,17,0,0,0
S01013219,F. Construction,12,11,0,11,1,1,0
S01013219,G I. Distribution hotels and restaurants,68,66,44,22,2,0,2
S01013219,H J. Transport and communication,20,14,2,12,6,0,6
S01013219,K L M N. Financial real estate professional and administrative activities,30,27,2,25,3,2,1
S01013219,O P Q. Public administration education and health,67,67,26,41,0,0,0
S01013219,R S T U. Other,9,9,4,5,0,0,0
S01013220,All people aged 16 to 74 in employment,248,230,76,154,18,6,12
S01013220,A B D E. Agriculture energy and water,8,7,0,7,1,1,0
S01013220,C. Manufacturing,27,26,2,24,1,0,1
S01013220,F. Construction,23,19,0,19,4,1,3
S01013220,G I. Distribution hotels and restaurants,57,56,27,29,1,0,1
S01013220,H J. Transport and communication,14,11,1,10,3,1,2
S01013220,K L M N. Financial real estate professional and administrative activities,32,28,7,21,4,1,3
S01013220,O P Q. Public administration education and health,76,75,37,38,1,0,1
S01013220,R S T U. Other,11,8,2,6,3,2,1
S01013221,All people aged 16 to 74 in employment,395,351,115,236,44,8,36
S01013221,A B D E. Agriculture energy and water,9,2,0,2,7,0,7
S01013221,C. Manufacturing,41,40,2,38,1,0,1
S01013221,F. Construction,30,19,0,19,11,4,7
S01013221,G I. Distribution hotels and restaurants,78,76,42,34,2,0,2
S01013221,H J. Transport and communication,29,19,5,14,10,1,9
S01013221,K L M N. Financial real estate professional and administrative activities,58,53,9,44,5,2,3
S01013221,O P Q. Public administration education and health,125,122,47,75,3,1,2
S01013221,R S T U. Other,25,20,10,10,5,0,5
S01013222,All people aged 16 to 74 in employment,216,198,64,134,18,6,12
S01013222,A B D E. Agriculture energy and water,1,1,0,1,0,0,0
S01013222,C. Manufacturing,13,11,0,11,2,0,2
S01013222,F. Construction,25,22,0,22,3,1,2
S01013222,G I. Distribution hotels and restaurants,52,50,29,21,2,1,1
S01013222,H J. Transport and communication,16,11,2,9,5,1,4
S01013222,K L M N. Financial real estate professional and administrative activities,26,25,7,18,1,1,0
S01013222,O P Q. Public administration education and health,68,66,21,45,2,2,0
S01013222,R S T U. Other,15,12,5,7,3,0,3
S01013223,All people aged 16 to 74 in employment,443,398,98,300,45,9,36
S01013223,A B D E. Agriculture energy and water,10,10,1,9,0,0,0
S01013223,C. Manufacturing,41,40,5,35,1,1,0
S01013223,F. Construction,28,20,2,18,8,0,8
S01013223,G I. Distribution hotels and restaurants,103,88,41,47,15,2,13
S01013223,H J. Transport and communication,33,24,0,24,9,3,6
S01013223,K L M N. Financial real estate professional and administrative activities,63,57,8,49,6,1,5
S01013223,O P Q. Public administration education and health,148,143,34,109,5,1,4
S01013223,R S T U. Other,17,16,7,9,1,1,0
S01013224,All people aged 16 to 74 in employment,415,382,99,283,33,8,25
S01013224,A B D E. Agriculture energy and water,12,11,0,11,1,0,1
S01013224,C. Manufacturing,40,33,1,32,7,0,7
S01013224,F. Construction,32,24,0,24,8,1,7
S01013224,G I. Distribution hotels and restaurants,86,83,40,43,3,1,2
S01013224,H J. Transport and communication,25,24,3,21,1,0,1
S01013224,K L M N. Financial real estate professional and administrative activities,58,53,9,44,5,2,3
S01013224,O P Q. Public administration education and health,134,130,40,90,4,1,3
S01013224,R S T U. Other,28,24,6,18,4,3,1
S01013225,All people aged 16 to 74 in employment,328,308,90,218,20,9,11
S01013225,A B D E. Agriculture energy and water,10,10,0,10,0,0,0
S01013225,C. Manufacturing,19,18,2,16,1,0,1
S01013225,F. Construction,28,25,1,24,3,2,1
S01013225,G I. Distribution hotels and restaurants,75,73,32,41,2,0,2
S01013225,H J. Transport and communication,18,15,2,13,3,1,2
S01013225,K L M N. Financial real estate professional and administrative activities,36,34,8,26,2,1,1
S01013225,O P Q. Public administration education and health,117,110,34,76,7,3,4
S01013225,R S T U. Other,25,23,11,12,2,2,0
S01013226,All people aged 16 to 74 in employment,287,265,67,198,22,4,18
S01013226,A B D E. Agriculture energy and water,10,10,1,9,0,0,0
S01013226,C. Manufacturing,26,26,0,26,0,0,0
S01013226,F. Construction,16,10,1,9,6,0,6
S01013226,G I. Distribution hotels and restaurants,47,44,23,21,3,0,3
S01013226,H J. Transport and communication,25,20,1,19,5,1,4
S01013226,K L M N. Financial real estate professional and administrative activities,47,45,10,35,2,0,2
S01013226,O P Q. Public administration education and health,104,101,29,72,3,2,1
S01013226,R S T U. Other,12,9,2,7,3,1,2
S01013227,All people aged 16 to 74 in employment,258,241,63,178,17,8,9
S01013227,A B D E. Agriculture energy and water,9,9,0,9,0,0,0
S01013227,C. Manufacturing,19,18,3,15,1,0,1
S01013227,F. Construction,21,19,0,19,2,0,2
S01013227,G I. Distribution hotels and restaurants,65,57,25,32,8,3,5
S01013227,H J. Transport and communication,18,17,5,12,1,1,0
S01013227,K L M N. Financial real estate professional and administrative activities,25,22,3,19,3,2,1
S01013227,O P Q. Public administration education and health,89,88,25,63,1,1,0
S01013227,R S T U. Other,12,11,2,9,1,1,0
S01013228,All people aged 16 to 74 in employment,357,318,79,239,39,13,26
S01013228,A B D E. Agriculture energy and water,5,5,0,5,0,0,0
S01013228,C. Manufacturing,30,29,3,26,1,0,1
S01013228,F. Construction,24,13,0,13,11,1,10
S01013228,G I. Distribution hotels and restaurants,66,60,27,33,6,2,4
S01013228,H J. Transport and communication,27,22,5,17,5,1,4
S01013228,K L M N. Financial real estate professional and administrative activities,57,57,8,49,0,0,0
S01013228,O P Q. Public administration education and health,125,114,29,85,11,7,4
S01013228,R S T U. Other,23,18,7,11,5,2,3
S01013229,All people aged 16 to 74 in employment,337,322,107,215,15,4,11
S01013229,A B D E. Agriculture energy and water,6,6,0,6,0,0,0
S01013229,C. Manufacturing,29,28,4,24,1,0,1
S01013229,F. Construction,21,18,0,18,3,1,2
S01013229,G I. Distribution hotels and restaurants,75,71,39,32,4,0,4
S01013229,H J. Transport and communication,21,19,2,17,2,0,2
S01013229,K L M N. Financial real estate professional and administrative activities,37,35,8,27,2,1,1
S01013229,O P Q. Public administration education and health,129,127,46,81,2,2,0
S01013229,R S T U. Other,19,18,8,10,1,0,1
S01013230,All people aged 16 to 74 in employment,282,269,72,197,13,2,11
S01013230,A B D E. Agriculture energy and water,4,2,0,2,2,0,2
S01013230,C. Manufacturing,27,26,2,24,1,0,1
S01013230,F. Construction,25,19,0,19,6,1,5
S01013230,G I. Distribution hotels and restaurants,53,52,20,32,1,1,0
S01013230,H J. Transport and communication,17,16,3,13,1,0,1
S01013230,K L M N. Financial real estate professional and administrative activities,34,32,4,28,2,0,2
S01013230,O P Q. Public administration education and health,118,118,39,79,0,0,0
S01013230,R S T U. Other,4,4,4,0,0,0,0
S01013231,All people aged 16 to 74 in employment,350,331,96,235,19,2,17
S01013231,A B D E. Agriculture energy and water,5,4,0,4,1,0,1
S01013231,C. Manufacturing,32,32,2,30,0,0,0
S01013231,F. Construction,18,16,3,13,2,0,2
S01013231,G I. Distribution hotels and restaurants,71,67,37,30,4,0,4
S01013231,H J. Transport and communication,23,17,4,13,6,0,6
S01013231,K L M N. Financial real estate professional and administrative activities,52,52,7,45,0,0,0
S01013231,O P Q. Public administration education and health,134,131,41,90,3,2,1
S01013231,R S T U. Other,15,12,2,10,3,0,3
S01013232,All people aged 16 to 74 in employment,295,275,71,204,20,4,16
S01013232,A B D E. Agriculture energy and water,8,8,1,7,0,0,0
S01013232,C. Manufacturing,29,28,1,27,1,0,1
S01013232,F. Construction,25,20,1,19,5,0,5
S01013232,G I. Distribution hotels and restaurants,56,55,32,23,1,0,1
S01013232,H J. Transport and communication,16,12,2,10,4,1,3
S01013232,K L M N. Financial real estate professional and administrative activities,45,42,6,36,3,1,2
S01013232,O P Q. Public administration education and health,102,98,24,74,4,1,3
S01013232,R S T U. Other,14,12,4,8,2,1,1
S01013233,All people aged 16 to 74 in employment,292,267,75,192,25,8,17
S01013233,A B D E. Agriculture energy and water,5,5,0,5,0,0,0
S01013233,C. Manufacturing,19,19,1,18,0,0,0
S01013233,F. Construction,18,14,0,14,4,1,3
S01013233,G I. Distribution hotels and restaurants,68,60,25,35,8,2,6
S01013233,H J. Transport and communication,28,19,1,18,9,2,7
S01013233,K L M N. Financial real estate professional and administrative activities,28,26,2,24,2,1,1
S01013233,O P Q. Public administration education and health,114,113,41,72,1,1,0
S01013233,R S T U. Other,12,11,5,6,1,1,0
S01013234,All people aged 16 to 74 in employment,235,208,66,142,27,3,24
S01013234,A B D E. Agriculture energy and water,2,0,0,0,2,1,1
S01013234,C. Manufacturing,14,11,0,11,3,0,3
S01013234,F. Construction,18,13,0,13,5,2,3
S01013234,G I. Distribution hotels and restaurants,53,45,24,21,8,0,8
S01013234,H J. Transport and communication,15,14,2,12,1,0,1
S01013234,K L M N. Financial real estate professional and administrative activities,33,29,4,25,4,0,4
S01013234,O P Q. Public administration education and health,91,90,32,58,1,0,1
S01013234,R S T U. Other,9,6,4,2,3,0,3
S01013235,All people aged 16 to 74 in employment,396,358,74,284,38,11,27
S01013235,A B D E. Agriculture energy and water,11,11,1,10,0,0,0
S01013235,C. Manufacturing,52,48,2,46,4,2,2
S01013235,F. Construction,27,22,2,20,5,1,4
S01013235,G I. Distribution hotels and restaurants,66,58,26,32,8,2,6
S01013235,H J. Transport and communication,25,19,4,15,6,1,5
S01013235,K L M N. Financial real estate professional and administrative activities,63,56,6,50,7,1,6
S01013235,O P Q. Public administration education and health,130,127,30,97,3,1,2
S01013235,R S T U. Other,22,17,3,14,5,3,2
S01013236,All people aged 16 to 74 in employment,396,332,109,223,64,12,52
S01013236,A B D E. Agriculture energy and water,15,11,1,10,4,0,4
S01013236,C. Manufacturing,30,26,2,24,4,1,3
S01013236,F. Construction,29,19,2,17,10,0,10
S01013236,G I. Distribution hotels and restaurants,87,68,36,32,19,3,16
S01013236,H J. Transport and communication,25,20,1,19,5,0,5
S01013236,K L M N. Financial real estate professional and administrative activities,43,36,9,27,7,3,4
S01013236,O P Q. Public administration education and health,133,130,50,80,3,1,2
S01013236,R S T U. Other,34,22,8,14,12,4,8
S01013237,All people aged 16 to 74 in employment,429,389,95,294,40,12,28
S01013237,A B D E. Agriculture energy and water,11,8,2,6,3,1,2
S01013237,C. Manufacturing,41,40,1,39,1,0,1
S01013237,F. Construction,35,24,0,24,11,3,8
S01013237,G I. Distribution hotels and restaurants,80,69,37,32,11,1,10
S01013237,H J. Transport and communication,21,19,0,19,2,1,1
S01013237,K L M N. Financial real estate professional and administrative activities,69,68,11,57,1,0,1
S01013237,O P Q. Public administration education and health,148,142,37,105,6,4,2
S01013237,R S T U. Other,24,19,7,12,5,2,3
S01013238,All people aged 16 to 74 in employment,258,240,82,158,18,2,16
S01013238,A B D E. Agriculture energy and water,2,1,0,1,1,0,1
S01013238,C. Manufacturing,26,25,3,22,1,0,1
S01013238,F. Construction,19,15,1,14,4,0,4
S01013238,G I. Distribution hotels and restaurants,78,74,37,37,4,0,4
S01013238,H J. Transport and communication,11,9,2,7,2,0,2
S01013238,K L M N. Financial real estate professional and administrative activities,26,23,7,16,3,1,2
S01013238,O P Q. Public administration education and health,88,86,27,59,2,1,1
S01013238,R S T U. Other,8,7,5,2,1,0,1
S01013239,All people aged 16 to 74 in employment,336,320,110,210,16,5,11
S01013239,A B D E. Agriculture energy and water,10,10,1,9,0,0,0
S01013239,C. Manufacturing,25,25,3,22,0,0,0
S01013239,F. Construction,17,15,2,13,2,0,2
S01013239,G I. Distribution hotels and restaurants,77,72,38,34,5,1,4
S01013239,H J. Transport and communication,22,17,5,12,5,2,3
S01013239,K L M N. Financial real estate professional and administrative activities,46,45,17,28,1,1,0
S01013239,O P Q. Public administration education and health,120,118,40,78,2,1,1
S01013239,R S T U. Other,19,18,4,14,1,0,1
S01013240,All people aged 16 to 74 in employment,204,189,70,119,15,5,10
S01013240,A B D E. Agriculture energy and water,4,4,0,4,0,0,0
S01013240,C. Manufacturing,7,7,1,6,0,0,0
S01013240,F. Construction,7,6,0,6,1,0,1
S01013240,G I. Distribution hotels and restaurants,70,68,30,38,2,0,2
S01013240,H J. Transport and communication,17,11,3,8,6,2,4
S01013240,K L M N. Financial real estate professional and administrative activities,30,27,9,18,3,1,2
S01013240,O P Q. Public administration education and health,63,60,25,35,3,2,1
S01013240,R S T U. Other,6,6,2,4,0,0,0
S01013241,All people aged 16 to 74 in employment,455,407,104,303,48,12,36
S01013241,A B D E. Agriculture energy and water,15,12,1,11,3,0,3
S01013241,C. Manufacturing,34,33,1,32,1,0,1
S01013241,F. Construction,32,25,3,22,7,1,6
S01013241,G I. Distribution hotels and restaurants,75,69,33,36,6,1,5
S01013241,H J. Transport and communication,28,24,3,21,4,1,3
S01013241,K L M N. Financial real estate professional and administrative activities,56,45,6,39,11,3,8
S01013241,O P Q. Public administration education and health,191,182,54,128,9,3,6
S01013241,R S T U. Other,24,17,3,14,7,3,4
S01013242,All people aged 16 to 74 in employment,299,212,70,142,87,20,67
S01013242,A B D E. Agriculture energy and water,20,8,0,8,12,0,12
S01013242,C. Manufacturing,16,12,3,9,4,1,3
S01013242,F. Construction,28,13,3,10,15,3,12
S01013242,G I. Distribution hotels and restaurants,75,54,25,29,21,2,19
S01013242,H J. Transport and communication,19,14,5,9,5,0,5
S01013242,K L M N. Financial real estate professional and administrative activities,43,26,5,21,17,8,9
S01013242,O P Q. Public administration education and health,86,78,26,52,8,3,5
S01013242,R S T U. Other,12,7,3,4,5,3,2
S01013243,All people aged 16 to 74 in employment,329,296,75,221,33,5,28
S01013243,A B D E. Agriculture energy and water,11,11,0,11,0,0,0
S01013243,C. Manufacturing,51,50,4,46,1,0,1
S01013243,F. Construction,30,17,2,15,13,0,13
S01013243,G I. Distribution hotels and restaurants,69,67,23,44,2,1,1
S01013243,H J. Transport and communication,26,23,3,20,3,1,2
S01013243,K L M N. Financial real estate professional and administrative activities,45,38,4,34,7,0,7
S01013243,O P Q. Public administration education and health,81,79,32,47,2,0,2
S01013243,R S T U. Other,16,11,7,4,5,3,2
S01013244,All people aged 16 to 74 in employment,284,255,60,195,29,10,19
S01013244,A B D E. Agriculture energy and water,4,3,0,3,1,0,1
S01013244,C. Manufacturing,34,32,1,31,2,1,1
S01013244,F. Construction,29,22,2,20,7,0,7
S01013244,G I. Distribution hotels and restaurants,49,42,17,25,7,3,4
S01013244,H J. Transport and communication,42,37,7,30,5,2,3
S01013244,K L M N. Financial real estate professional and administrative activities,20,17,2,15,3,2,1
S01013244,O P Q. Public administration education and health,91,88,28,60,3,2,1
S01013244,R S T U. Other,15,14,3,11,1,0,1
S01013245,All people aged 16 to 74 in employment,505,449,123,326,56,12,44
S01013245,A B D E. Agriculture energy and water,11,11,1,10,0,0,0
S01013245,C. Manufacturing,73,71,7,64,2,0,2
S01013245,F. Construction,46,34,0,34,12,1,11
S01013245,G I. Distribution hotels and restaurants,100,87,38,49,13,3,10
S01013245,H J. Transport and communication,54,46,7,39,8,2,6
S01013245,K L M N. Financial real estate professional and administrative activities,75,62,18,44,13,2,11
S01013245,O P Q. Public administration education and health,128,124,48,76,4,2,2
S01013245,R S T U. Other,18,14,4,10,4,2,2
S01013246,All people aged 16 to 74 in employment,240,211,42,169,29,10,19
S01013246,A B D E. Agriculture energy and water,5,4,0,4,1,1,0
S01013246,C. Manufacturing,54,48,2,46,6,2,4
S01013246,F. Construction,27,17,1,16,10,1,9
S01013246,G I. Distribution hotels and restaurants,40,38,14,24,2,1,1
S01013246,H J. Transport and communication,17,15,2,13,2,0,2
S01013246,K L M N. Financial real estate professional and administrative activities,38,34,4,30,4,1,3
S01013246,O P Q. Public administration education and health,53,52,17,35,1,1,0
S01013246,R S T U. Other,6,3,2,1,3,3,0
S01013247,All people aged 16 to 74 in employment,318,290,80,210,28,4,24
S01013247,A B D E. Agriculture energy and water,8,8,0,8,0,0,0
S01013247,C. Manufacturing,47,46,3,43,1,0,1
S01013247,F. Construction,38,23,1,22,15,0,15
S01013247,G I. Distribution hotels and restaurants,70,65,28,37,5,1,4
S01013247,H J. Transport and communication,31,31,8,23,0,0,0
S01013247,K L M N. Financial real estate professional and administrative activities,27,25,3,22,2,0,2
S01013247,O P Q. Public administration education and health,81,80,33,47,1,1,0
S01013247,R S T U. Other,16,12,4,8,4,2,2
S01013248,All people aged 16 to 74 in employment,265,249,76,173,16,3,13
S01013248,A B D E. Agriculture energy and water,2,2,0,2,0,0,0
S01013248,C. Manufacturing,50,50,3,47,0,0,0
S01013248,F. Construction,27,18,1,17,9,1,8
S01013248,G I. Distribution hotels and restaurants,66,63,32,31,3,1,2
S01013248,H J. Transport and communication,19,19,6,13,0,0,0
S01013248,K L M N. Financial real estate professional and administrative activities,33,31,9,22,2,1,1
S01013248,O P Q. Public administration education and health,58,57,22,35,1,0,1
S01013248,R S T U. Other,10,9,3,6,1,0,1
S01013249,All people aged 16 to 74 in employment,225,208,48,160,17,4,13
S01013249,A B D E. Agriculture energy and water,4,4,0,4,0,0,0
S01013249,C. Manufacturing,39,39,1,38,0,0,0
S01013249,F. Construction,19,12,0,12,7,0,7
S01013249,G I. Distribution hotels and restaurants,32,31,16,15,1,1,0
S01013249,H J. Transport and communication,32,27,7,20,5,2,3
S01013249,K L M N. Financial real estate professional and administrative activities,32,31,6,25,1,0,1
S01013249,O P Q. Public administration education and health,58,56,14,42,2,1,1
S01013249,R S T U. Other,9,8,4,4,1,0,1
S01013250,All people aged 16 to 74 in employment,471,359,93,266,112,30,82
S01013250,A B D E. Agriculture energy and water,42,11,1,10,31,5,26
S01013250,C. Manufacturing,44,38,4,34,6,2,4
S01013250,F. Construction,36,25,4,21,11,1,10
S01013250,G I. Distribution hotels and restaurants,77,67,31,36,10,2,8
S01013250,H J. Transport and communication,47,33,7,26,14,2,12
S01013250,K L M N. Financial real estate professional and administrative activities,73,56,10,46,17,3,14
S01013250,O P Q. Public administration education and health,123,113,29,84,10,9,1
S01013250,R S T U. Other,29,16,7,9,13,6,7
S01013251,All people aged 16 to 74 in employment,291,272,78,194,19,8,11
S01013251,A B D E. Agriculture energy and water,6,6,0,6,0,0,0
S01013251,C. Manufacturing,41,41,8,33,0,0,0
S01013251,F. Construction,39,34,0,34,5,1,4
S01013251,G I. Distribution hotels and restaurants,55,53,24,29,2,1,1
S01013251,H J. Transport and communication,30,26,4,22,4,1,3
S01013251,K L M N. Financial real estate professional and administrative activities,44,39,9,30,5,3,2
S01013251,O P Q. Public administration education and health,68,67,30,37,1,1,0
S01013251,R S T U. Other,8,6,3,3,2,1,1
S01013252,All people aged 16 to 74 in employment,314,277,75,202,37,9,28
S01013252,A B D E. Agriculture energy and water,6,5,1,4,1,0,1
S01013252,C. Manufacturing,41,41,2,39,0,0,0
S01013252,F. Construction,31,17,0,17,14,3,11
S01013252,G I. Distribution hotels and restaurants,81,76,32,44,5,2,3
S01013252,H J. Transport and communication,31,26,4,22,5,0,5
S01013252,K L M N. Financial real estate professional and administrative activities,45,40,10,30,5,2,3
S01013252,O P Q. Public administration education and health,67,64,24,40,3,1,2
S01013252,R S T U. Other,12,8,2,6,4,1,3
S01013253,All people aged 16 to 74 in employment,342,314,71,243,28,6,22
S01013253,A B D E. Agriculture energy and water,10,9,0,9,1,0,1
S01013253,C. Manufacturing,49,48,2,46,1,0,1
S01013253,F. Construction,34,23,1,22,11,1,10
S01013253,G I. Distribution hotels and restaurants,78,74,25,49,4,1,3
S01013253,H J. Transport and communication,31,29,3,26,2,0,2
S01013253,K L M N. Financial real estate professional and administrative activities,43,39,6,33,4,3,1
S01013253,O P Q. Public administration education and health,82,80,31,49,2,0,2
S01013253,R S T U. Other,15,12,3,9,3,1,2
S01013254,All people aged 16 to 74 in employment,263,237,63,174,26,11,15
S01013254,A B D E. Agriculture energy and water,4,4,0,4,0,0,0
S01013254,C. Manufacturing,40,40,0,40,0,0,0
S01013254,F. Construction,28,22,3,19,6,1,5
S01013254,G I. Distribution hotels and restaurants,67,63,26,37,4,1,3
S01013254,H J. Transport and communication,32,27,4,23,5,2,3
S01013254,K L M N. Financial real estate professional and administrative activities,30,28,5,23,2,0,2
S01013254,O P Q. Public administration education and health,50,48,21,27,2,2,0
S01013254,R S T U. Other,12,5,4,1,7,5,2
S01013255,All people aged 16 to 74 in employment,453,402,111,291,51,12,39
S01013255,A B D E. Agriculture energy and water,13,8,1,7,5,0,5
S01013255,C. Manufacturing,62,61,10,51,1,0,1
S01013255,F. Construction,56,44,1,43,12,3,9
S01013255,G I. Distribution hotels and restaurants,106,95,39,56,11,1,10
S01013255,H J. Transport and communication,46,40,9,31,6,2,4
S01013255,K L M N. Financial real estate professional and administrative activities,55,47,10,37,8,0,8
S01013255,O P Q. Public administration education and health,97,94,33,61,3,2,1
S01013255,R S T U. Other,18,13,8,5,5,4,1
S01013256,All people aged 16 to 74 in employment,349,302,73,229,47,12,35
S01013256,A B D E. Agriculture energy and water,3,2,0,2,1,0,1
S01013256,C. Manufacturing,41,38,0,38,3,1,2
S01013256,F. Construction,28,19,1,18,9,1,8
S01013256,G I. Distribution hotels and restaurants,59,48,20,28,11,3,8
S01013256,H J. Transport and communication,40,34,7,27,6,1,5
S01013256,K L M N. Financial real estate professional and administrative activities,69,61,14,47,8,3,5
S01013256,O P Q. Public administration education and health,93,90,25,65,3,0,3
S01013256,R S T U. Other,16,10,6,4,6,3,3
S01013257,All people aged 16 to 74 in employment,362,322,79,243,40,8,32
S01013257,A B D E. Agriculture energy and water,7,6,0,6,1,0,1
S01013257,C. Manufacturing,37,36,4,32,1,0,1
S01013257,F. Construction,41,31,4,27,10,1,9
S01013257,G I. Distribution hotels and restaurants,79,69,26,43,10,0,10
S01013257,H J. Transport and communication,29,25,6,19,4,2,2
S01013257,K L M N. Financial real estate professional and administrative activities,48,45,8,37,3,0,3
S01013257,O P Q. Public administration education and health,102,96,27,69,6,2,4
S01013257,R S T U. Other,19,14,4,10,5,3,2
S01013258,All people aged 16 to 74 in employment,391,348,99,249,43,7,36
S01013258,A B D E. Agriculture energy and water,7,6,0,6,1,0,1
S01013258,C. Manufacturing,45,40,3,37,5,0,5
S01013258,F. Construction,31,19,0,19,12,1,11
S01013258,G I. Distribution hotels and restaurants,73,69,36,33,4,1,3
S01013258,H J. Transport and communication,40,34,10,24,6,2,4
S01013258,K L M N. Financial real estate professional and administrative activities,61,54,12,42,7,3,4
S01013258,O P Q. Public administration education and health,117,113,31,82,4,0,4
S01013258,R S T U. Other,17,13,7,6,4,0,4
S01013259,All people aged 16 to 74 in employment,398,363,109,254,35,8,27
S01013259,A B D E. Agriculture energy and water,5,5,0,5,0,0,0
S01013259,C. Manufacturing,40,38,4,34,2,2,0
S01013259,F. Construction,34,22,2,20,12,1,11
S01013259,G I. Distribution hotels and restaurants,80,74,35,39,6,2,4
S01013259,H J. Transport and communication,48,44,9,35,4,0,4
S01013259,K L M N. Financial real estate professional and administrative activities,56,51,10,41,5,1,4
S01013259,O P Q. Public administration education and health,109,105,38,67,4,1,3
S01013259,R S T U. Other,26,24,11,13,2,1,1
S01013260,All people aged 16 to 74 in employment,385,368,88,280,17,4,13
S01013260,A B D E. Agriculture energy and water,9,9,2,7,0,0,0
S01013260,C. Manufacturing,55,55,5,50,0,0,0
S01013260,F. Construction,41,34,4,30,7,1,6
S01013260,G I. Distribution hotels and restaurants,79,77,33,44,2,1,1
S01013260,H J. Transport and communication,38,36,5,31,2,1,1
S01013260,K L M N. Financial real estate professional and administrative activities,57,56,16,40,1,0,1
S01013260,O P Q. Public administration education and health,91,89,19,70,2,0,2
S01013260,R S T U. Other,15,12,4,8,3,1,2
S01013261,All people aged 16 to 74 in employment,355,330,86,244,25,8,17
S01013261,A B D E. Agriculture energy and water,5,4,0,4,1,0,1
S01013261,C. Manufacturing,60,58,6,52,2,1,1
S01013261,F. Construction,40,28,1,27,12,1,11
S01013261,G I. Distribution hotels and restaurants,84,80,26,54,4,3,1
S01013261,H J. Transport and communication,29,27,8,19,2,1,1
S01013261,K L M N. Financial real estate professional and administrative activities,41,39,7,32,2,2,0
S01013261,O P Q. Public administration education and health,82,80,32,48,2,0,2
S01013261,R S T U. Other,14,14,6,8,0,0,0
S01013262,All people aged 16 to 74 in employment,289,256,68,188,33,9,24
S01013262,A B D E. Agriculture energy and water,6,6,0,6,0,0,0
S01013262,C. Manufacturing,41,41,2,39,0,0,0
S01013262,F. Construction,33,22,1,21,11,1,10
S01013262,G I. Distribution hotels and restaurants,72,66,28,38,6,2,4
S01013262,H J. Transport and communication,29,19,1,18,10,3,7
S01013262,K L M N. Financial real estate professional and administrative activities,37,35,8,27,2,1,1
S01013262,O P Q. Public administration education and health,62,59,26,33,3,2,1
S01013262,R S T U. Other,9,8,2,6,1,0,1
S01013263,All people aged 16 to 74 in employment,283,243,63,180,40,15,25
S01013263,A B D E. Agriculture energy and water,5,5,0,5,0,0,0
S01013263,C. Manufacturing,29,27,3,24,2,0,2
S01013263,F. Construction,22,17,2,15,5,1,4
S01013263,G I. Distribution hotels and restaurants,41,32,12,20,9,2,7
S01013263,H J. Transport and communication,17,14,0,14,3,0,3
S01013263,K L M N. Financial real estate professional and administrative activities,76,70,16,54,6,3,3
S01013263,O P Q. Public administration education and health,77,69,27,42,8,3,5
S01013263,R S T U. Other,16,9,3,6,7,6,1
S01013264,All people aged 16 to 74 in employment,292,263,89,174,29,11,18
S01013264,A B D E. Agriculture energy and water,5,5,0,5,0,0,0
S01013264,C. Manufacturing,28,26,2,24,2,0,2
S01013264,F. Construction,19,15,1,14,4,2,2
S01013264,G I. Distribution hotels and restaurants,55,49,35,14,6,1,5
S01013264,H J. Transport and communication,23,18,3,15,5,1,4
S01013264,K L M N. Financial real estate professional and administrative activities,66,58,12,46,8,4,4
S01013264,O P Q. Public administration education and health,87,84,31,53,3,3,0
S01013264,R S T U. Other,9,8,5,3,1,0,1
S01013265,All people aged 16 to 74 in employment,381,326,77,249,55,15,40
S01013265,A B D E. Agriculture energy and water,9,8,0,8,1,0,1
S01013265,C. Manufacturing,28,26,1,25,2,0,2
S01013265,F. Construction,31,24,5,19,7,1,6
S01013265,G I. Distribution hotels and restaurants,70,61,26,35,9,1,8
S01013265,H J. Transport and communication,40,33,2,31,7,3,4
S01013265,K L M N. Financial real estate professional and administrative activities,105,87,14,73,18,4,14
S01013265,O P Q. Public administration education and health,86,76,25,51,10,5,5
S01013265,R S T U. Other,12,11,4,7,1,1,0
S01013266,All people aged 16 to 74 in employment,333,298,73,225,35,7,28
S01013266,A B D E. Agriculture energy and water,5,4,0,4,1,0,1
S01013266,C. Manufacturing,45,43,9,34,2,0,2
S01013266,F. Construction,16,12,1,11,4,0,4
S01013266,G I. Distribution hotels and restaurants,56,53,22,31,3,2,1
S01013266,H J. Transport and communication,42,37,10,27,5,0,5
S01013266,K L M N. Financial real estate professional and administrative activities,71,56,11,45,15,3,12
S01013266,O P Q. Public administration education and health,89,87,19,68,2,0,2
S01013266,R S T U. Other,9,6,1,5,3,2,1
S01013267,All people aged 16 to 74 in employment,245,221,66,155,24,11,13
S01013267,A B D E. Agriculture energy and water,6,6,1,5,0,0,0
S01013267,C. Manufacturing,32,30,2,28,2,1,1
S01013267,F. Construction,7,5,1,4,2,1,1
S01013267,G I. Distribution hotels and restaurants,64,60,30,30,4,1,3
S01013267,H J. Transport and communication,20,18,2,16,2,0,2
S01013267,K L M N. Financial real estate professional and administrative activities,41,32,6,26,9,5,4
S01013267,O P Q. Public administration education and health,59,57,19,38,2,2,0
S01013267,R S T U. Other,16,13,5,8,3,1,2
S01013268,All people aged 16 to 74 in employment,423,389,110,279,34,13,21
S01013268,A B D E. Agriculture energy and water,9,9,0,9,0,0,0
S01013268,C. Manufacturing,39,39,8,31,0,0,0
S01013268,F. Construction,34,27,1,26,7,0,7
S01013268,G I. Distribution hotels and restaurants,89,86,42,44,3,1,2
S01013268,H J. Transport and communication,49,43,6,37,6,2,4
S01013268,K L M N. Financial real estate professional and administrative activities,76,70,12,58,6,2,4
S01013268,O P Q. Public administration education and health,110,100,38,62,10,6,4
S01013268,R S T U. Other,17,15,3,12,2,2,0
S01013269,All people aged 16 to 74 in employment,570,511,121,390,59,21,38
S01013269,A B D E. Agriculture energy and water,11,7,0,7,4,1,3
S01013269,C. Manufacturing,47,44,0,44,3,1,2
S01013269,F. Construction,37,29,2,27,8,1,7
S01013269,G I. Distribution hotels and restaurants,112,103,40,63,9,4,5
S01013269,H J. Transport and communication,88,77,11,66,11,4,7
S01013269,K L M N. Financial real estate professional and administrative activities,101,89,20,69,12,5,7
S01013269,O P Q. Public administration education and health,156,150,45,105,6,1,5
S01013269,R S T U. Other,18,12,3,9,6,4,2
S01013270,All people aged 16 to 74 in employment,468,411,98,313,57,11,46
S01013270,A B D E. Agriculture energy and water,9,9,0,9,0,0,0
S01013270,C. Manufacturing,48,42,2,40,6,0,6
S01013270,F. Construction,44,31,3,28,13,2,11
S01013270,G I. Distribution hotels and restaurants,63,58,20,38,5,2,3
S01013270,H J. Transport and communication,50,43,6,37,7,0,7
S01013270,K L M N. Financial real estate professional and administrative activities,118,104,14,90,14,2,12
S01013270,O P Q. Public administration education and health,126,118,51,67,8,3,5
S01013270,R S T U. Other,10,6,2,4,4,2,2
S01013271,All people aged 16 to 74 in employment,293,245,50,195,48,18,30
S01013271,A B D E. Agriculture energy and water,6,6,0,6,0,0,0
S01013271,C. Manufacturing,26,26,2,24,0,0,0
S01013271,F. Construction,15,11,1,10,4,1,3
S01013271,G I. Distribution hotels and restaurants,34,30,12,18,4,1,3
S01013271,H J. Transport and communication,28,21,2,19,7,3,4
S01013271,K L M N. Financial real estate professional and administrative activities,82,61,8,53,21,7,14
S01013271,O P Q. Public administration education and health,88,81,22,59,7,2,5
S01013271,R S T U. Other,14,9,3,6,5,4,1
S01013272,All people aged 16 to 74 in employment,421,375,93,282,46,9,37
S01013272,A B D E. Agriculture energy and water,1,1,0,1,0,0,0
S01013272,C. Manufacturing,47,44,4,40,3,1,2
S01013272,F. Construction,22,16,1,15,6,0,6
S01013272,G I. Distribution hotels and restaurants,71,64,27,37,7,0,7
S01013272,H J. Transport and communication,37,33,3,30,4,0,4
S01013272,K L M N. Financial real estate professional and administrative activities,110,92,14,78,18,4,14
S01013272,O P Q. Public administration education and health,118,114,40,74,4,1,3
S01013272,R S T U. Other,15,11,4,7,4,3,1
S01013273,All people aged 16 to 74 in employment,536,462,123,339,74,16,58
S01013273,A B D E. Agriculture energy and water,7,7,0,7,0,0,0
S01013273,C. Manufacturing,49,44,5,39,5,1,4
S01013273,F. Construction,27,21,2,19,6,0,6
S01013273,G I. Distribution hotels and restaurants,110,89,42,47,21,7,14
S01013273,H J. Transport and communication,50,38,7,31,12,3,9
S01013273,K L M N. Financial real estate professional and administrative activities,140,121,18,103,19,1,18
S01013273,O P Q. Public administration education and health,134,127,42,85,7,1,6
S01013273,R S T U. Other,19,15,7,8,4,3,1
S01013274,All people aged 16 to 74 in employment,449,408,69,339,41,9,32
S01013274,A B D E. Agriculture energy and water,9,9,0,9,0,0,0
S01013274,C. Manufacturing,35,32,0,32,3,1,2
S01013274,F. Construction,33,27,0,27,6,2,4
S01013274,G I. Distribution hotels and restaurants,90,82,25,57,8,1,7
S01013274,H J. Transport and communication,58,50,6,44,8,1,7
S01013274,K L M N. Financial real estate professional and administrative activities,82,72,12,60,10,3,7
S01013274,O P Q. Public administration education and health,129,126,26,100,3,1,2
S01013274,R S T U. Other,13,10,0,10,3,0,3
S01013275,All people aged 16 to 74 in employment,369,309,84,225,60,18,42
S01013275,A B D E. Agriculture energy and water,2,2,1,1,0,0,0
S01013275,C. Manufacturing,38,33,2,31,5,1,4
S01013275,F. Construction,23,17,3,14,6,1,5
S01013275,G I. Distribution hotels and restaurants,99,84,40,44,15,4,11
S01013275,H J. Transport and communication,37,27,3,24,10,4,6
S01013275,K L M N. Financial real estate professional and administrative activities,67,57,10,47,10,5,5
S01013275,O P Q. Public administration education and health,97,85,23,62,12,3,9
S01013275,R S T U. Other,6,4,2,2,2,0,2
S01013276,All people aged 16 to 74 in employment,378,347,77,270,31,10,21
S01013276,A B D E. Agriculture energy and water,6,6,0,6,0,0,0
S01013276,C. Manufacturing,34,33,3,30,1,1,0
S01013276,F. Construction,36,25,2,23,11,1,10
S01013276,G I. Distribution hotels and restaurants,84,80,31,49,4,2,2
S01013276,H J. Transport and communication,34,29,1,28,5,1,4
S01013276,K L M N. Financial real estate professional and administrative activities,77,72,13,59,5,3,2
S01013276,O P Q. Public administration education and health,97,95,25,70,2,0,2
S01013276,R S T U. Other,10,7,2,5,3,2,1
S01013277,All people aged 16 to 74 in employment,451,425,116,309,26,8,18
S01013277,A B D E. Agriculture energy and water,9,8,0,8,1,0,1
S01013277,C. Manufacturing,47,47,4,43,0,0,0
S01013277,F. Construction,41,33,0,33,8,1,7
S01013277,G I. Distribution hotels and restaurants,124,120,47,73,4,0,4
S01013277,H J. Transport and communication,49,45,7,38,4,2,2
S01013277,K L M N. Financial real estate professional and administrative activities,59,58,16,42,1,1,0
S01013277,O P Q. Public administration education and health,105,99,39,60,6,3,3
S01013277,R S T U. Other,17,15,3,12,2,1,1
S01013278,All people aged 16 to 74 in employment,352,323,103,220,29,7,22
S01013278,A B D E. Agriculture energy and water,3,3,0,3,0,0,0
S01013278,C. Manufacturing,47,45,2,43,2,1,1
S01013278,F. Construction,23,15,1,14,8,1,7
S01013278,G I. Distribution hotels and restaurants,104,104,57,47,0,0,0
S01013278,H J. Transport and communication,40,31,10,21,9,1,8
S01013278,K L M N. Financial real estate professional and administrative activities,48,47,12,35,1,1,0
S01013278,O P Q. Public administration education and health,76,70,17,53,6,2,4
S01013278,R S T U. Other,11,8,4,4,3,1,2
S01013279,All people aged 16 to 74 in employment,311,294,95,199,17,4,13
S01013279,A B D E. Agriculture energy and water,2,2,0,2,0,0,0
S01013279,C. Manufacturing,36,35,3,32,1,0,1
S01013279,F. Construction,19,14,1,13,5,0,5
S01013279,G I. Distribution hotels and restaurants,88,88,44,44,0,0,0
S01013279,H J. Transport and communication,42,38,7,31,4,0,4
S01013279,K L M N. Financial real estate professional and administrative activities,48,45,16,29,3,3,0
S01013279,O P Q. Public administration education and health,65,64,23,41,1,0,1
S01013279,R S T U. Other,11,8,1,7,3,1,2
S01013280,All people aged 16 to 74 in employment,272,251,64,187,21,12,9
S01013280,A B D E. Agriculture energy and water,7,7,0,7,0,0,0
S01013280,C. Manufacturing,28,28,0,28,0,0,0
S01013280,F. Construction,17,13,0,13,4,1,3
S01013280,G I. Distribution hotels and restaurants,64,59,26,33,5,3,2
S01013280,H J. Transport and communication,35,32,8,24,3,1,2
S01013280,K L M N. Financial real estate professional and administrative activities,42,38,8,30,4,3,1
S01013280,O P Q. Public administration education and health,70,66,22,44,4,3,1
S01013280,R S T U. Other,9,8,0,8,1,1,0
S01013281,All people aged 16 to 74 in employment,417,383,122,261,34,11,23
S01013281,A B D E. Agriculture energy and water,8,8,0,8,0,0,0
S01013281,C. Manufacturing,55,52,6,46,3,0,3
S01013281,F. Construction,22,17,0,17,5,0,5
S01013281,G I. Distribution hotels and restaurants,104,100,54,46,4,1,3
S01013281,H J. Transport and communication,42,34,7,27,8,2,6
S01013281,K L M N. Financial real estate professional and administrative activities,73,65,15,50,8,5,3
S01013281,O P Q. Public administration education and health,104,101,36,65,3,1,2
S01013281,R S T U. Other,9,6,4,2,3,2,1
S01013282,All people aged 16 to 74 in employment,384,367,104,263,17,6,11
S01013282,A B D E. Agriculture energy and water,10,10,0,10,0,0,0
S01013282,C. Manufacturing,34,33,4,29,1,1,0
S01013282,F. Construction,24,22,1,21,2,0,2
S01013282,G I. Distribution hotels and restaurants,111,110,43,67,1,0,1
S01013282,H J. Transport and communication,47,42,5,37,5,0,5
S01013282,K L M N. Financial real estate professional and administrative activities,42,41,10,31,1,1,0
S01013282,O P Q. Public administration education and health,97,91,31,60,6,3,3
S01013282,R S T U. Other,19,18,10,8,1,1,0
S01013283,All people aged 16 to 74 in employment,386,363,67,296,23,7,16
S01013283,A B D E. Agriculture energy and water,12,12,0,12,0,0,0
S01013283,C. Manufacturing,41,40,3,37,1,0,1
S01013283,F. Construction,19,16,0,16,3,2,1
S01013283,G I. Distribution hotels and restaurants,106,99,35,64,7,2,5
S01013283,H J. Transport and communication,73,63,5,58,10,3,7
S01013283,K L M N. Financial real estate professional and administrative activities,61,61,9,52,0,0,0
S01013283,O P Q. Public administration education and health,65,63,14,49,2,0,2
S01013283,R S T U. Other,9,9,1,8,0,0,0
S01013284,All people aged 16 to 74 in employment,419,386,79,307,33,11,22
S01013284,A B D E. Agriculture energy and water,7,7,0,7,0,0,0
S01013284,C. Manufacturing,31,31,4,27,0,0,0
S01013284,F. Construction,20,17,0,17,3,0,3
S01013284,G I. Distribution hotels and restaurants,70,65,25,40,5,0,5
S01013284,H J. Transport and communication,55,49,6,43,6,2,4
S01013284,K L M N. Financial real estate professional and administrative activities,82,75,8,67,7,3,4
S01013284,O P Q. Public administration education and health,140,134,35,99,6,3,3
S01013284,R S T U. Other,14,8,1,7,6,3,3
S01013285,All people aged 16 to 74 in employment,395,377,103,274,18,4,14
S01013285,A B D E. Agriculture energy and water,8,6,0,6,2,0,2
S01013285,C. Manufacturing,31,31,8,23,0,0,0
S01013285,F. Construction,22,20,0,20,2,1,1
S01013285,G I. Distribution hotels and restaurants,83,78,31,47,5,0,5
S01013285,H J. Transport and communication,52,47,10,37,5,2,3
S01013285,K L M N. Financial real estate professional and administrative activities,74,72,19,53,2,1,1
S01013285,O P Q. Public administration education and health,117,116,34,82,1,0,1
S01013285,R S T U. Other,8,7,1,6,1,0,1
S01013286,All people aged 16 to 74 in employment,408,373,90,283,35,10,25
S01013286,A B D E. Agriculture energy and water,7,7,0,7,0,0,0
S01013286,C. Manufacturing,38,37,5,32,1,0,1
S01013286,F. Construction,33,22,0,22,11,3,8
S01013286,G I. Distribution hotels and restaurants,77,73,33,40,4,0,4
S01013286,H J. Transport and communication,40,35,4,31,5,2,3
S01013286,K L M N. Financial real estate professional and administrative activities,66,61,12,49,5,1,4
S01013286,O P Q. Public administration education and health,132,129,34,95,3,1,2
S01013286,R S T U. Other,15,9,2,7,6,3,3
S01013287,All people aged 16 to 74 in employment,492,441,121,320,51,11,40
S01013287,A B D E. Agriculture energy and water,9,9,0,9,0,0,0
S01013287,C. Manufacturing,41,39,5,34,2,0,2
S01013287,F. Construction,23,19,1,18,4,0,4
S01013287,G I. Distribution hotels and restaurants,85,81,42,39,4,0,4
S01013287,H J. Transport and communication,56,43,6,37,13,0,13
S01013287,K L M N. Financial real estate professional and administrative activities,109,93,20,73,16,6,10
S01013287,O P Q. Public administration education and health,156,146,44,102,10,5,5
S01013287,R S T U. Other,13,11,3,8,2,0,2
S01013288,All people aged 16 to 74 in employment,309,271,57,214,38,15,23
S01013288,A B D E. Agriculture energy and water,7,5,0,5,2,1,1
S01013288,C. Manufacturing,26,26,1,25,0,0,0
S01013288,F. Construction,20,14,2,12,6,2,4
S01013288,G I. Distribution hotels and restaurants,68,57,20,37,11,2,9
S01013288,H J. Transport and communication,32,32,5,27,0,0,0
S01013288,K L M N. Financial real estate professional and administrative activities,56,47,5,42,9,3,6
S01013288,O P Q. Public administration education and health,91,82,22,60,9,6,3
S01013288,R S T U. Other,9,8,2,6,1,1,0
S01013289,All people aged 16 to 74 in employment,395,312,91,221,83,16,67
S01013289,A B D E. Agriculture energy and water,25,16,1,15,9,1,8
S01013289,C. Manufacturing,19,18,2,16,1,0,1
S01013289,F. Construction,39,28,6,22,11,2,9
S01013289,G I. Distribution hotels and restaurants,55,38,14,24,17,5,12
S01013289,H J. Transport and communication,29,22,7,15,7,0,7
S01013289,K L M N. Financial real estate professional and administrative activities,82,64,16,48,18,2,16
S01013289,O P Q. Public administration education and health,124,111,42,69,13,5,8
S01013289,R S T U. Other,22,15,3,12,7,1,6
S01013290,All people aged 16 to 74 in employment,491,447,125,322,44,12,32
S01013290,A B D E. Agriculture energy and water,11,11,2,9,0,0,0
S01013290,C. Manufacturing,30,27,2,25,3,0,3
S01013290,F. Construction,26,18,1,17,8,1,7
S01013290,G I. Distribution hotels and restaurants,97,89,40,49,8,2,6
S01013290,H J. Transport and communication,34,34,4,30,0,0,0
S01013290,K L M N. Financial real estate professional and administrative activities,95,85,25,60,10,1,9
S01013290,O P Q. Public administration education and health,168,158,45,113,10,4,6
S01013290,R S T U. Other,30,25,6,19,5,4,1
S01013291,All people aged 16 to 74 in employment,419,372,87,285,47,20,27
S01013291,A B D E. Agriculture energy and water,10,9,0,9,1,1,0
S01013291,C. Manufacturing,23,22,1,21,1,0,1
S01013291,F. Construction,25,17,0,17,8,1,7
S01013291,G I. Distribution hotels and restaurants,80,74,30,44,6,0,6
S01013291,H J. Transport and communication,42,35,4,31,7,3,4
S01013291,K L M N. Financial real estate professional and administrative activities,112,101,18,83,11,4,7
S01013291,O P Q. Public administration education and health,112,104,33,71,8,6,2
S01013291,R S T U. Other,15,10,1,9,5,5,0
S01013292,All people aged 16 to 74 in employment,438,402,111,291,36,10,26
S01013292,A B D E. Agriculture energy and water,4,3,0,3,1,0,1
S01013292,C. Manufacturing,38,37,2,35,1,0,1
S01013292,F. Construction,24,17,0,17,7,2,5
S01013292,G I. Distribution hotels and restaurants,103,89,43,46,14,1,13
S01013292,H J. Transport and communication,54,51,9,42,3,1,2
S01013292,K L M N. Financial real estate professional and administrative activities,74,70,9,61,4,2,2
S01013292,O P Q. Public administration education and health,120,116,36,80,4,3,1
S01013292,R S T U. Other,21,19,12,7,2,1,1
S01013293,All people aged 16 to 74 in employment,411,360,83,277,51,12,39
S01013293,A B D E. Agriculture energy and water,7,5,0,5,2,1,1
S01013293,C. Manufacturing,20,19,0,19,1,0,1
S01013293,F. Construction,38,32,3,29,6,0,6
S01013293,G I. Distribution hotels and restaurants,78,68,22,46,10,2,8
S01013293,H J. Transport and communication,38,27,3,24,11,1,10
S01013293,K L M N. Financial real estate professional and administrative activities,88,76,16,60,12,3,9
S01013293,O P Q. Public administration education and health,129,126,36,90,3,2,1
S01013293,R S T U. Other,13,7,3,4,6,3,3
S01013294,All people aged 16 to 74 in employment,418,382,105,277,36,13,23
S01013294,A B D E. Agriculture energy and water,10,10,0,10,0,0,0
S01013294,C. Manufacturing,34,30,1,29,4,0,4
S01013294,F. Construction,23,17,1,16,6,3,3
S01013294,G I. Distribution hotels and restaurants,85,79,30,49,6,3,3
S01013294,H J. Transport and communication,42,40,9,31,2,1,1
S01013294,K L M N. Financial real estate professional and administrative activities,70,64,15,49,6,1,5
S01013294,O P Q. Public administration education and health,134,127,42,85,7,4,3
S01013294,R S T U. Other,20,15,7,8,5,1,4
S01013295,All people aged 16 to 74 in employment,460,418,109,309,42,11,31
S01013295,A B D E. Agriculture energy and water,8,8,0,8,0,0,0
S01013295,C. Manufacturing,35,34,3,31,1,0,1
S01013295,F. Construction,34,27,1,26,7,2,5
S01013295,G I. Distribution hotels and restaurants,101,86,37,49,15,3,12
S01013295,H J. Transport and communication,46,39,4,35,7,1,6
S01013295,K L M N. Financial real estate professional and administrative activities,98,93,19,74,5,2,3
S01013295,O P Q. Public administration education and health,116,112,41,71,4,2,2
S01013295,R S T U. Other,22,19,4,15,3,1,2
S01013296,All people aged 16 to 74 in employment,318,293,83,210,25,8,17
S01013296,A B D E. Agriculture energy and water,13,12,1,11,1,1,0
S01013296,C. Manufacturing,26,25,4,21,1,0,1
S01013296,F. Construction,27,17,1,16,10,2,8
S01013296,G I. Distribution hotels and restaurants,73,70,29,41,3,1,2
S01013296,H J. Transport and communication,35,33,6,27,2,1,1
S01013296,K L M N. Financial real estate professional and administrative activities,49,46,8,38,3,0,3
S01013296,O P Q. Public administration education and health,82,81,31,50,1,0,1
S01013296,R S T U. Other,13,9,3,6,4,3,1
S01013297,All people aged 16 to 74 in employment,348,313,96,217,35,6,29
S01013297,A B D E. Agriculture energy and water,13,12,0,12,1,1,0
S01013297,C. Manufacturing,28,25,2,23,3,0,3
S01013297,F. Construction,26,17,1,16,9,1,8
S01013297,G I. Distribution hotels and restaurants,71,68,35,33,3,0,3
S01013297,H J. Transport and communication,43,33,9,24,10,0,10
S01013297,K L M N. Financial real estate professional and administrative activities,60,57,14,43,3,0,3
S01013297,O P Q. Public administration education and health,90,88,30,58,2,1,1
S01013297,R S T U. Other,17,13,5,8,4,3,1
S01013298,All people aged 16 to 74 in employment,323,273,79,194,50,17,33
S01013298,A B D E. Agriculture energy and water,8,5,0,5,3,1,2
S01013298,C. Manufacturing,25,23,3,20,2,1,1
S01013298,F. Construction,27,22,0,22,5,0,5
S01013298,G I. Distribution hotels and restaurants,69,54,20,34,15,5,10
S01013298,H J. Transport and communication,36,31,8,23,5,1,4
S01013298,K L M N. Financial real estate professional and administrative activities,59,53,17,36,6,2,4
S01013298,O P Q. Public administration education and health,80,71,25,46,9,4,5
S01013298,R S T U. Other,19,14,6,8,5,3,2
S01013299,All people aged 16 to 74 in employment,520,482,127,355,38,14,24
S01013299,A B D E. Agriculture energy and water,10,10,0,10,0,0,0
S01013299,C. Manufacturing,50,50,3,47,0,0,0
S01013299,F. Construction,38,32,3,29,6,2,4
S01013299,G I. Distribution hotels and restaurants,116,107,45,62,9,1,8
S01013299,H J. Transport and communication,65,60,10,50,5,1,4
S01013299,K L M N. Financial real estate professional and administrative activities,69,66,11,55,3,3,0
S01013299,O P Q. Public administration education and health,144,137,45,92,7,3,4
S01013299,R S T U. Other,28,20,10,10,8,4,4
S01013300,All people aged 16 to 74 in employment,269,243,55,188,26,3,23
S01013300,A B D E. Agriculture energy and water,9,8,1,7,1,0,1
S01013300,C. Manufacturing,34,32,1,31,2,1,1
S01013300,F. Construction,27,24,3,21,3,1,2
S01013300,G I. Distribution hotels and restaurants,64,59,21,38,5,1,4
S01013300,H J. Transport and communication,34,28,5,23,6,0,6
S01013300,K L M N. Financial real estate professional and administrative activities,36,32,4,28,4,0,4
S01013300,O P Q. Public administration education and health,57,55,18,37,2,0,2
S01013300,R S T U. Other,8,5,2,3,3,0,3
S01013301,All people aged 16 to 74 in employment,235,213,50,163,22,5,17
S01013301,A B D E. Agriculture energy and water,5,5,1,4,0,0,0
S01013301,C. Manufacturing,29,28,1,27,1,0,1
S01013301,F. Construction,20,15,1,14,5,1,4
S01013301,G I. Distribution hotels and restaurants,56,52,15,37,4,1,3
S01013301,H J. Transport and communication,22,17,3,14,5,1,4
S01013301,K L M N. Financial real estate professional and administrative activities,33,29,3,26,4,1,3
S01013301,O P Q. Public administration education and health,51,51,18,33,0,0,0
S01013301,R S T U. Other,19,16,8,8,3,1,2
S01013302,All people aged 16 to 74 in employment,333,284,56,228,49,17,32
S01013302,A B D E. Agriculture energy and water,6,5,0,5,1,1,0
S01013302,C. Manufacturing,39,37,1,36,2,0,2
S01013302,F. Construction,34,22,2,20,12,1,11
S01013302,G I. Distribution hotels and restaurants,63,54,21,33,9,3,6
S01013302,H J. Transport and communication,39,31,4,27,8,3,5
S01013302,K L M N. Financial real estate professional and administrative activities,53,47,8,39,6,5,1
S01013302,O P Q. Public administration education and health,79,76,18,58,3,2,1
S01013302,R S T U. Other,20,12,2,10,8,2,6
S01013303,All people aged 16 to 74 in employment,428,392,102,290,36,8,28
S01013303,A B D E. Agriculture energy and water,6,6,0,6,0,0,0
S01013303,C. Manufacturing,50,48,5,43,2,1,1
S01013303,F. Construction,25,17,1,16,8,2,6
S01013303,G I. Distribution hotels and restaurants,96,93,33,60,3,0,3
S01013303,H J. Transport and communication,59,54,8,46,5,0,5
S01013303,K L M N. Financial real estate professional and administrative activities,60,55,12,43,5,0,5
S01013303,O P Q. Public administration education and health,115,105,38,67,10,4,6
S01013303,R S T U. Other,17,14,5,9,3,1,2
S01013304,All people aged 16 to 74 in employment,434,413,115,298,21,5,16
S01013304,A B D E. Agriculture energy and water,10,10,0,10,0,0,0
S01013304,C. Manufacturing,74,72,8,64,2,2,0
S01013304,F. Construction,30,23,1,22,7,0,7
S01013304,G I. Distribution hotels and restaurants,117,115,54,61,2,1,1
S01013304,H J. Transport and communication,48,48,7,41,0,0,0
S01013304,K L M N. Financial real estate professional and administrative activities,52,49,7,42,3,1,2
S01013304,O P Q. Public administration education and health,87,86,35,51,1,0,1
S01013304,R S T U. Other,16,10,3,7,6,1,5
S01013305,All people aged 16 to 74 in employment,474,450,130,320,24,2,22
S01013305,A B D E. Agriculture energy and water,7,7,0,7,0,0,0
S01013305,C. Manufacturing,97,96,7,89,1,0,1
S01013305,F. Construction,26,19,1,18,7,0,7
S01013305,G I. Distribution hotels and restaurants,131,127,46,81,4,0,4
S01013305,H J. Transport and communication,54,50,14,36,4,1,3
S01013305,K L M N. Financial real estate professional and administrative activities,55,53,16,37,2,0,2
S01013305,O P Q. Public administration education and health,92,88,41,47,4,1,3
S01013305,R S T U. Other,12,10,5,5,2,0,2
S01013306,All people aged 16 to 74 in employment,377,357,104,253,20,5,15
S01013306,A B D E. Agriculture energy and water,7,7,1,6,0,0,0
S01013306,C. Manufacturing,44,44,2,42,0,0,0
S01013306,F. Construction,26,24,1,23,2,0,2
S01013306,G I. Distribution hotels and restaurants,109,107,47,60,2,0,2
S01013306,H J. Transport and communication,52,46,8,38,6,2,4
S01013306,K L M N. Financial real estate professional and administrative activities,57,52,17,35,5,1,4
S01013306,O P Q. Public administration education and health,69,65,23,42,4,2,2
S01013306,R S T U. Other,13,12,5,7,1,0,1
S01013307,All people aged 16 to 74 in employment,460,433,118,315,27,6,21
S01013307,A B D E. Agriculture energy and water,7,7,1,6,0,0,0
S01013307,C. Manufacturing,87,87,9,78,0,0,0
S01013307,F. Construction,21,16,1,15,5,1,4
S01013307,G I. Distribution hotels and restaurants,105,100,38,62,5,0,5
S01013307,H J. Transport and communication,62,58,14,44,4,1,3
S01013307,K L M N. Financial real estate professional and administrative activities,86,80,27,53,6,2,4
S01013307,O P Q. Public administration education and health,79,75,25,50,4,1,3
S01013307,R S T U. Other,13,10,3,7,3,1,2
S01013308,All people aged 16 to 74 in employment,367,347,123,224,20,7,13
S01013308,A B D E. Agriculture energy and water,9,9,0,9,0,0,0
S01013308,C. Manufacturing,37,37,0,37,0,0,0
S01013308,F. Construction,24,17,2,15,7,1,6
S01013308,G I. Distribution hotels and restaurants,110,108,60,48,2,1,1
S01013308,H J. Transport and communication,57,55,11,44,2,0,2
S01013308,K L M N. Financial real estate professional and administrative activities,51,48,17,31,3,2,1
S01013308,O P Q. Public administration education and health,70,67,31,36,3,2,1
S01013308,R S T U. Other,9,6,2,4,3,1,2
S01013309,All people aged 16 to 74 in employment,349,318,79,239,31,9,22
S01013309,A B D E. Agriculture energy and water,7,7,0,7,0,0,0
S01013309,C. Manufacturing,34,32,1,31,2,0,2
S01013309,F. Construction,15,10,0,10,5,0,5
S01013309,G I. Distribution hotels and restaurants,72,68,28,40,4,1,3
S01013309,H J. Transport and communication,40,39,5,34,1,1,0
S01013309,K L M N. Financial real estate professional and administrative activities,65,55,17,38,10,3,7
S01013309,O P Q. Public administration education and health,104,98,25,73,6,3,3
S01013309,R S T U. Other,12,9,3,6,3,1,2
S01013310,All people aged 16 to 74 in employment,317,300,68,232,17,6,11
S01013310,A B D E. Agriculture energy and water,7,7,1,6,0,0,0
S01013310,C. Manufacturing,43,42,2,40,1,0,1
S01013310,F. Construction,26,24,1,23,2,0,2
S01013310,G I. Distribution hotels and restaurants,80,78,28,50,2,0,2
S01013310,H J. Transport and communication,26,24,4,20,2,0,2
S01013310,K L M N. Financial real estate professional and administrative activities,41,39,9,30,2,1,1
S01013310,O P Q. Public administration education and health,79,73,18,55,6,4,2
S01013310,R S T U. Other,15,13,5,8,2,1,1
S01013311,All people aged 16 to 74 in employment,372,343,95,248,29,8,21
S01013311,A B D E. Agriculture energy and water,8,8,0,8,0,0,0
S01013311,C. Manufacturing,44,43,2,41,1,0,1
S01013311,F. Construction,18,10,0,10,8,0,8
S01013311,G I. Distribution hotels and restaurants,108,105,39,66,3,2,1
S01013311,H J. Transport and communication,39,36,8,28,3,0,3
S01013311,K L M N. Financial real estate professional and administrative activities,52,48,10,38,4,2,2
S01013311,O P Q. Public administration education and health,89,84,33,51,5,1,4
S01013311,R S T U. Other,14,9,3,6,5,3,2
S01013312,All people aged 16 to 74 in employment,471,431,101,330,40,7,33
S01013312,A B D E. Agriculture energy and water,7,7,0,7,0,0,0
S01013312,C. Manufacturing,63,62,2,60,1,1,0
S01013312,F. Construction,39,28,2,26,11,2,9
S01013312,G I. Distribution hotels and restaurants,112,107,42,65,5,0,5
S01013312,H J. Transport and communication,44,33,2,31,11,2,9
S01013312,K L M N. Financial real estate professional and administrative activities,75,72,17,55,3,1,2
S01013312,O P Q. Public administration education and health,118,109,29,80,9,1,8
S01013312,R S T U. Other,13,13,7,6,0,0,0
S01013313,All people aged 16 to 74 in employment,307,287,81,206,20,8,12
S01013313,A B D E. Agriculture energy and water,5,5,0,5,0,0,0
S01013313,C. Manufacturing,59,58,3,55,1,0,1
S01013313,F. Construction,22,20,0,20,2,0,2
S01013313,G I. Distribution hotels and restaurants,64,61,31,30,3,0,3
S01013313,H J. Transport and communication,34,29,6,23,5,2,3
S01013313,K L M N. Financial real estate professional and administrative activities,35,32,8,24,3,0,3
S01013313,O P Q. Public administration education and health,74,71,26,45,3,3,0
S01013313,R S T U. Other,14,11,7,4,3,3,0
S01013314,All people aged 16 to 74 in employment,307,286,86,200,21,7,14
S01013314,A B D E. Agriculture energy and water,4,4,0,4,0,0,0
S01013314,C. Manufacturing,33,31,1,30,2,0,2
S01013314,F. Construction,22,19,1,18,3,0,3
S01013314,G I. Distribution hotels and restaurants,85,83,37,46,2,2,0
S01013314,H J. Transport and communication,42,39,12,27,3,1,2
S01013314,K L M N. Financial real estate professional and administrative activities,56,49,16,33,7,2,5
S01013314,O P Q. Public administration education and health,60,56,17,39,4,2,2
S01013314,R S T U. Other,5,5,2,3,0,0,0
S01013315,All people aged 16 to 74 in employment,309,270,62,208,39,7,32
S01013315,A B D E. Agriculture energy and water,11,9,0,9,2,0,2
S01013315,C. Manufacturing,30,30,4,26,0,0,0
S01013315,F. Construction,22,17,1,16,5,0,5
S01013315,G I. Distribution hotels and restaurants,50,46,16,30,4,1,3
S01013315,H J. Transport and communication,37,31,6,25,6,0,6
S01013315,K L M N. Financial real estate professional and administrative activities,68,57,8,49,11,3,8
S01013315,O P Q. Public administration education and health,81,73,25,48,8,2,6
S01013315,R S T U. Other,10,7,2,5,3,1,2
S01013316,All people aged 16 to 74 in employment,319,279,69,210,40,11,29
S01013316,A B D E. Agriculture energy and water,3,3,1,2,0,0,0
S01013316,C. Manufacturing,27,27,1,26,0,0,0
S01013316,F. Construction,30,22,4,18,8,1,7
S01013316,G I. Distribution hotels and restaurants,54,48,22,26,6,2,4
S01013316,H J. Transport and communication,37,31,5,26,6,2,4
S01013316,K L M N. Financial real estate professional and administrative activities,52,47,11,36,5,1,4
S01013316,O P Q. Public administration education and health,98,90,22,68,8,3,5
S01013316,R S T U. Other,18,11,3,8,7,2,5
S01013317,All people aged 16 to 74 in employment,298,273,64,209,25,8,17
S01013317,A B D E. Agriculture energy and water,3,3,0,3,0,0,0
S01013317,C. Manufacturing,33,30,0,30,3,0,3
S01013317,F. Construction,16,15,1,14,1,0,1
S01013317,G I. Distribution hotels and restaurants,58,53,23,30,5,3,2
S01013317,H J. Transport and communication,32,32,3,29,0,0,0
S01013317,K L M N. Financial real estate professional and administrative activities,54,48,11,37,6,1,5
S01013317,O P Q. Public administration education and health,89,84,23,61,5,2,3
S01013317,R S T U. Other,13,8,3,5,5,2,3
S01013318,All people aged 16 to 74 in employment,356,334,73,261,22,6,16
S01013318,A B D E. Agriculture energy and water,5,5,0,5,0,0,0
S01013318,C. Manufacturing,38,38,4,34,0,0,0
S01013318,F. Construction,24,19,1,18,5,0,5
S01013318,G I. Distribution hotels and restaurants,64,58,22,36,6,2,4
S01013318,H J. Transport and communication,53,48,8,40,5,1,4
S01013318,K L M N. Financial real estate professional and administrative activities,77,75,11,64,2,0,2
S01013318,O P Q. Public administration education and health,85,83,25,58,2,2,0
S01013318,R S T U. Other,10,8,2,6,2,1,1
S01013319,All people aged 16 to 74 in employment,310,281,65,216,29,5,24
S01013319,A B D E. Agriculture energy and water,8,6,0,6,2,0,2
S01013319,C. Manufacturing,34,33,3,30,1,0,1
S01013319,F. Construction,14,10,1,9,4,0,4
S01013319,G I. Distribution hotels and restaurants,55,54,20,34,1,0,1
S01013319,H J. Transport and communication,35,30,4,26,5,0,5
S01013319,K L M N. Financial real estate professional and administrative activities,66,60,12,48,6,0,6
S01013319,O P Q. Public administration education and health,89,83,24,59,6,3,3
S01013319,R S T U. Other,9,5,1,4,4,2,2
S01013320,All people aged 16 to 74 in employment,604,551,117,434,53,15,38
S01013320,A B D E. Agriculture energy and water,8,8,0,8,0,0,0
S01013320,C. Manufacturing,65,58,4,54,7,0,7
S01013320,F. Construction,35,27,3,24,8,1,7
S01013320,G I. Distribution hotels and restaurants,105,101,37,64,4,1,3
S01013320,H J. Transport and communication,72,66,5,61,6,2,4
S01013320,K L M N. Financial real estate professional and administrative activities,135,125,23,102,10,4,6
S01013320,O P Q. Public administration education and health,167,157,40,117,10,5,5
S01013320,R S T U. Other,17,9,5,4,8,2,6
S01013321,All people aged 16 to 74 in employment,203,193,38,155,10,6,4
S01013321,A B D E. Agriculture energy and water,7,7,0,7,0,0,0
S01013321,C. Manufacturing,19,19,1,18,0,0,0
S01013321,F. Construction,8,6,0,6,2,1,1
S01013321,G I. Distribution hotels and restaurants,54,52,14,38,2,0,2
S01013321,H J. Transport and communication,21,18,0,18,3,2,1
S01013321,K L M N. Financial real estate professional and administrative activities,35,35,4,31,0,0,0
S01013321,O P Q. Public administration education and health,53,50,18,32,3,3,0
S01013321,R S T U. Other,6,6,1,5,0,0,0
S01013322,All people aged 16 to 74 in employment,388,362,114,248,26,10,16
S01013322,A B D E. Agriculture energy and water,4,4,1,3,0,0,0
S01013322,C. Manufacturing,36,36,5,31,0,0,0
S01013322,F. Construction,14,10,0,10,4,0,4
S01013322,G I. Distribution hotels and restaurants,93,92,42,50,1,0,1
S01013322,H J. Transport and communication,63,53,13,40,10,4,6
S01013322,K L M N. Financial real estate professional and administrative activities,54,53,13,40,1,1,0
S01013322,O P Q. Public administration education and health,115,105,36,69,10,5,5
S01013322,R S T U. Other,9,9,4,5,0,0,0
S01013323,All people aged 16 to 74 in employment,457,426,127,299,31,9,22
S01013323,A B D E. Agriculture energy and water,6,6,2,4,0,0,0
S01013323,C. Manufacturing,63,61,3,58,2,1,1
S01013323,F. Construction,30,27,2,25,3,0,3
S01013323,G I. Distribution hotels and restaurants,118,114,52,62,4,2,2
S01013323,H J. Transport and communication,56,49,13,36,7,3,4
S01013323,K L M N. Financial real estate professional and administrative activities,60,57,14,43,3,1,2
S01013323,O P Q. Public administration education and health,110,101,34,67,9,2,7
S01013323,R S T U. Other,14,11,7,4,3,0,3
S01013324,All people aged 16 to 74 in employment,280,263,79,184,17,5,12
S01013324,A B D E. Agriculture energy and water,5,5,0,5,0,0,0
S01013324,C. Manufacturing,37,36,1,35,1,0,1
S01013324,F. Construction,21,21,1,20,0,0,0
S01013324,G I. Distribution hotels and restaurants,78,75,31,44,3,0,3
S01013324,H J. Transport and communication,28,22,6,16,6,1,5
S01013324,K L M N. Financial real estate professional and administrative activities,36,33,9,24,3,1,2
S01013324,O P Q. Public administration education and health,63,62,29,33,1,1,0
S01013324,R S T U. Other,12,9,2,7,3,2,1
S01013325,All people aged 16 to 74 in employment,344,320,105,215,24,12,12
S01013325,A B D E. Agriculture energy and water,7,7,0,7,0,0,0
S01013325,C. Manufacturing,41,41,3,38,0,0,0
S01013325,F. Construction,27,20,1,19,7,1,6
S01013325,G I. Distribution hotels and restaurants,78,78,41,37,0,0,0
S01013325,H J. Transport and communication,58,50,20,30,8,4,4
S01013325,K L M N. Financial real estate professional and administrative activities,47,44,11,33,3,2,1
S01013325,O P Q. Public administration education and health,76,74,26,48,2,2,0
S01013325,R S T U. Other,10,6,3,3,4,3,1
S01013326,All people aged 16 to 74 in employment,240,223,60,163,17,5,12
S01013326,A B D E. Agriculture energy and water,2,2,0,2,0,0,0
S01013326,C. Manufacturing,31,31,3,28,0,0,0
S01013326,F. Construction,14,10,1,9,4,0,4
S01013326,G I. Distribution hotels and restaurants,58,55,25,30,3,1,2
S01013326,H J. Transport and communication,51,47,6,41,4,0,4
S01013326,K L M N. Financial real estate professional and administrative activities,29,27,8,19,2,2,0
S01013326,O P Q. Public administration education and health,47,45,17,28,2,0,2
S01013326,R S T U. Other,8,6,0,6,2,2,0
S01013327,All people aged 16 to 74 in employment,329,299,104,195,30,8,22
S01013327,A B D E. Agriculture energy and water,2,2,0,2,0,0,0
S01013327,C. Manufacturing,26,24,2,22,2,1,1
S01013327,F. Construction,21,15,3,12,6,1,5
S01013327,G I. Distribution hotels and restaurants,108,103,44,59,5,0,5
S01013327,H J. Transport and communication,50,42,10,32,8,2,6
S01013327,K L M N. Financial real estate professional and administrative activities,34,32,8,24,2,0,2
S01013327,O P Q. Public administration education and health,75,70,34,36,5,2,3
S01013327,R S T U. Other,13,11,3,8,2,2,0
S01013328,All people aged 16 to 74 in employment,287,269,88,181,18,5,13
S01013328,A B D E. Agriculture energy and water,8,8,1,7,0,0,0
S01013328,C. Manufacturing,27,26,3,23,1,0,1
S01013328,F. Construction,19,18,1,17,1,0,1
S01013328,G I. Distribution hotels and restaurants,84,81,37,44,3,1,2
S01013328,H J. Transport and communication,38,34,9,25,4,1,3
S01013328,K L M N. Financial real estate professional and administrative activities,37,31,9,22,6,2,4
S01013328,O P Q. Public administration education and health,68,66,24,42,2,1,1
S01013328,R S T U. Other,6,5,4,1,1,0,1
S01013329,All people aged 16 to 74 in employment,243,229,70,159,14,3,11
S01013329,A B D E. Agriculture energy and water,0,0,0,0,0,0,0
S01013329,C. Manufacturing,30,29,2,27,1,1,0
S01013329,F. Construction,11,7,2,5,4,0,4
S01013329,G I. Distribution hotels and restaurants,62,60,29,31,2,0,2
S01013329,H J. Transport and communication,36,34,5,29,2,1,1
S01013329,K L M N. Financial real estate professional and administrative activities,34,34,10,24,0,0,0
S01013329,O P Q. Public administration education and health,60,56,20,36,4,1,3
S01013329,R S T U. Other,10,9,2,7,1,0,1
S01013330,All people aged 16 to 74 in employment,664,620,127,493,44,12,32
S01013330,A B D E. Agriculture energy and water,8,8,0,8,0,0,0
S01013330,C. Manufacturing,61,60,6,54,1,1,0
S01013330,F. Construction,49,41,4,37,8,0,8
S01013330,G I. Distribution hotels and restaurants,148,139,53,86,9,1,8
S01013330,H J. Transport and communication,91,84,11,73,7,1,6
S01013330,K L M N. Financial real estate professional and administrative activities,126,115,16,99,11,5,6
S01013330,O P Q. Public administration education and health,161,155,34,121,6,4,2
S01013330,R S T U. Other,20,18,3,15,2,0,2
S01013331,All people aged 16 to 74 in employment,374,340,72,268,34,7,27
S01013331,A B D E. Agriculture energy and water,9,9,2,7,0,0,0
S01013331,C. Manufacturing,35,35,1,34,0,0,0
S01013331,F. Construction,16,11,1,10,5,0,5
S01013331,G I. Distribution hotels and restaurants,92,85,29,56,7,0,7
S01013331,H J. Transport and communication,54,47,8,39,7,1,6
S01013331,K L M N. Financial real estate professional and administrative activities,75,70,8,62,5,1,4
S01013331,O P Q. Public administration education and health,80,71,18,53,9,5,4
S01013331,R S T U. Other,13,12,5,7,1,0,1
S01013332,All people aged 16 to 74 in employment,328,301,93,208,27,14,13
S01013332,A B D E. Agriculture energy and water,5,5,0,5,0,0,0
S01013332,C. Manufacturing,39,38,1,37,1,0,1
S01013332,F. Construction,22,16,0,16,6,1,5
S01013332,G I. Distribution hotels and restaurants,89,86,44,42,3,2,1
S01013332,H J. Transport and communication,43,37,6,31,6,3,3
S01013332,K L M N. Financial real estate professional and administrative activities,33,29,5,24,4,2,2
S01013332,O P Q. Public administration education and health,87,82,35,47,5,4,1
S01013332,R S T U. Other,10,8,2,6,2,2,0
S01013333,All people aged 16 to 74 in employment,445,409,100,309,36,9,27
S01013333,A B D E. Agriculture energy and water,12,12,2,10,0,0,0
S01013333,C. Manufacturing,39,37,2,35,2,1,1
S01013333,F. Construction,26,20,1,19,6,1,5
S01013333,G I. Distribution hotels and restaurants,95,91,33,58,4,0,4
S01013333,H J. Transport and communication,75,61,11,50,14,4,10
S01013333,K L M N. Financial real estate professional and administrative activities,77,73,19,54,4,0,4
S01013333,O P Q. Public administration education and health,104,101,27,74,3,2,1
S01013333,R S T U. Other,17,14,5,9,3,1,2
S01013334,All people aged 16 to 74 in employment,350,324,95,229,26,9,17
S01013334,A B D E. Agriculture energy and water,9,9,2,7,0,0,0
S01013334,C. Manufacturing,42,41,3,38,1,1,0
S01013334,F. Construction,26,18,2,16,8,0,8
S01013334,G I. Distribution hotels and restaurants,70,68,27,41,2,1,1
S01013334,H J. Transport and communication,43,38,7,31,5,2,3
S01013334,K L M N. Financial real estate professional and administrative activities,45,43,16,27,2,1,1
S01013334,O P Q. Public administration education and health,100,97,32,65,3,1,2
S01013334,R S T U. Other,15,10,6,4,5,3,2
S01013335,All people aged 16 to 74 in employment,318,293,92,201,25,7,18
S01013335,A B D E. Agriculture energy and water,6,5,0,5,1,0,1
S01013335,C. Manufacturing,31,29,4,25,2,1,1
S01013335,F. Construction,26,19,2,17,7,0,7
S01013335,G I. Distribution hotels and restaurants,94,89,40,49,5,1,4
S01013335,H J. Transport and communication,46,44,8,36,2,1,1
S01013335,K L M N. Financial real estate professional and administrative activities,33,31,12,19,2,2,0
S01013335,O P Q. Public administration education and health,71,66,22,44,5,2,3
S01013335,R S T U. Other,11,10,4,6,1,0,1
S01013336,All people aged 16 to 74 in employment,372,342,94,248,30,2,28
S01013336,A B D E. Agriculture energy and water,8,7,1,6,1,0,1
S01013336,C. Manufacturing,45,42,5,37,3,0,3
S01013336,F. Construction,31,25,1,24,6,0,6
S01013336,G I. Distribution hotels and restaurants,101,96,40,56,5,0,5
S01013336,H J. Transport and communication,46,37,2,35,9,0,9
S01013336,K L M N. Financial real estate professional and administrative activities,48,47,16,31,1,0,1
S01013336,O P Q. Public administration education and health,83,80,25,55,3,1,2
S01013336,R S T U. Other,10,8,4,4,2,1,1
S01013337,All people aged 16 to 74 in employment,495,446,114,332,49,10,39
S01013337,A B D E. Agriculture energy and water,10,10,0,10,0,0,0
S01013337,C. Manufacturing,56,52,5,47,4,1,3
S01013337,F. Construction,34,26,1,25,8,0,8
S01013337,G I. Distribution hotels and restaurants,122,114,38,76,8,1,7
S01013337,H J. Transport and communication,59,50,7,43,9,2,7
S01013337,K L M N. Financial real estate professional and administrative activities,75,65,12,53,10,2,8
S01013337,O P Q. Public administration education and health,122,118,47,71,4,1,3
S01013337,R S T U. Other,17,11,4,7,6,3,3
S01013338,All people aged 16 to 74 in employment,298,262,71,191,36,5,31
S01013338,A B D E. Agriculture energy and water,3,2,1,1,1,0,1
S01013338,C. Manufacturing,26,24,1,23,2,0,2
S01013338,F. Construction,18,18,1,17,0,0,0
S01013338,G I. Distribution hotels and restaurants,68,56,19,37,12,2,10
S01013338,H J. Transport and communication,24,18,2,16,6,2,4
S01013338,K L M N. Financial real estate professional and administrative activities,62,52,11,41,10,1,9
S01013338,O P Q. Public administration education and health,88,85,32,53,3,0,3
S01013338,R S T U. Other,9,7,4,3,2,0,2
S01013339,All people aged 16 to 74 in employment,330,300,70,230,30,9,21
S01013339,A B D E. Agriculture energy and water,5,5,0,5,0,0,0
S01013339,C. Manufacturing,35,35,3,32,0,0,0
S01013339,F. Construction,21,11,1,10,10,0,10
S01013339,G I. Distribution hotels and restaurants,72,65,21,44,7,2,5
S01013339,H J. Transport and communication,41,39,10,29,2,0,2
S01013339,K L M N. Financial real estate professional and administrative activities,50,49,7,42,1,1,0
S01013339,O P Q. Public administration education and health,96,92,27,65,4,1,3
S01013339,R S T U. Other,10,4,1,3,6,5,1
S01013340,All people aged 16 to 74 in employment,450,399,92,307,51,14,37
S01013340,A B D E. Agriculture energy and water,7,7,0,7,0,0,0
S01013340,C. Manufacturing,54,50,7,43,4,0,4
S01013340,F. Construction,27,20,2,18,7,3,4
S01013340,G I. Distribution hotels and restaurants,85,80,35,45,5,1,4
S01013340,H J. Transport and communication,46,38,4,34,8,0,8
S01013340,K L M N. Financial real estate professional and administrative activities,84,69,12,57,15,6,9
S01013340,O P Q. Public administration education and health,132,124,30,94,8,1,7
S01013340,R S T U. Other,15,11,2,9,4,3,1
S01013341,All people aged 16 to 74 in employment,516,449,84,365,67,15,52
S01013341,A B D E. Agriculture energy and water,14,13,1,12,1,0,1
S01013341,C. Manufacturing,52,52,3,49,0,0,0
S01013341,F. Construction,35,30,3,27,5,0,5
S01013341,G I. Distribution hotels and restaurants,112,95,26,69,17,3,14
S01013341,H J. Transport and communication,59,51,2,49,8,1,7
S01013341,K L M N. Financial real estate professional and administrative activities,127,110,14,96,17,3,14
S01013341,O P Q. Public administration education and health,97,89,32,57,8,4,4
S01013341,R S T U. Other,20,9,3,6,11,4,7
S01013342,All people aged 16 to 74 in employment,294,281,85,196,13,3,10
S01013342,A B D E. Agriculture energy and water,11,11,1,10,0,0,0
S01013342,C. Manufacturing,40,40,4,36,0,0,0
S01013342,F. Construction,19,17,1,16,2,0,2
S01013342,G I. Distribution hotels and restaurants,76,75,28,47,1,0,1
S01013342,H J. Transport and communication,28,25,9,16,3,0,3
S01013342,K L M N. Financial real estate professional and administrative activities,29,29,6,23,0,0,0
S01013342,O P Q. Public administration education and health,75,73,28,45,2,1,1
S01013342,R S T U. Other,16,11,8,3,5,2,3
S01013343,All people aged 16 to 74 in employment,348,326,76,250,22,7,15
S01013343,A B D E. Agriculture energy and water,6,6,0,6,0,0,0
S01013343,C. Manufacturing,27,26,1,25,1,0,1
S01013343,F. Construction,24,20,0,20,4,1,3
S01013343,G I. Distribution hotels and restaurants,90,89,25,64,1,0,1
S01013343,H J. Transport and communication,48,46,8,38,2,0,2
S01013343,K L M N. Financial real estate professional and administrative activities,47,43,6,37,4,2,2
S01013343,O P Q. Public administration education and health,92,84,34,50,8,3,5
S01013343,R S T U. Other,14,12,2,10,2,1,1
S01013344,All people aged 16 to 74 in employment,311,289,74,215,22,6,16
S01013344,A B D E. Agriculture energy and water,11,11,0,11,0,0,0
S01013344,C. Manufacturing,26,26,1,25,0,0,0
S01013344,F. Construction,23,17,1,16,6,0,6
S01013344,G I. Distribution hotels and restaurants,73,73,29,44,0,0,0
S01013344,H J. Transport and communication,38,32,10,22,6,1,5
S01013344,K L M N. Financial real estate professional and administrative activities,50,47,8,39,3,1,2
S01013344,O P Q. Public administration education and health,79,76,25,51,3,1,2
S01013344,R S T U. Other,11,7,0,7,4,3,1
S01013345,All people aged 16 to 74 in employment,365,348,92,256,17,7,10
S01013345,A B D E. Agriculture energy and water,13,13,0,13,0,0,0
S01013345,C. Manufacturing,46,46,3,43,0,0,0
S01013345,F. Construction,20,17,3,14,3,1,2
S01013345,G I. Distribution hotels and restaurants,95,95,30,65,0,0,0
S01013345,H J. Transport and communication,51,44,8,36,7,2,5
S01013345,K L M N. Financial real estate professional and administrative activities,53,51,19,32,2,1,1
S01013345,O P Q. Public administration education and health,66,66,22,44,0,0,0
S01013345,R S T U. Other,21,16,7,9,5,3,2
S01013346,All people aged 16 to 74 in employment,471,440,128,312,31,4,27
S01013346,A B D E. Agriculture energy and water,7,7,0,7,0,0,0
S01013346,C. Manufacturing,53,52,5,47,1,1,0
S01013346,F. Construction,24,21,1,20,3,0,3
S01013346,G I. Distribution hotels and restaurants,90,84,43,41,6,1,5
S01013346,H J. Transport and communication,46,39,5,34,7,1,6
S01013346,K L M N. Financial real estate professional and administrative activities,100,92,19,73,8,1,7
S01013346,O P Q. Public administration education and health,143,139,52,87,4,0,4
S01013346,R S T U. Other,8,6,3,3,2,0,2
S01013347,All people aged 16 to 74 in employment,421,390,85,305,31,7,24
S01013347,A B D E. Agriculture energy and water,4,4,0,4,0,0,0
S01013347,C. Manufacturing,48,48,1,47,0,0,0
S01013347,F. Construction,23,14,1,13,9,1,8
S01013347,G I. Distribution hotels and restaurants,97,94,28,66,3,1,2
S01013347,H J. Transport and communication,59,52,9,43,7,0,7
S01013347,K L M N. Financial real estate professional and administrative activities,67,61,15,46,6,4,2
S01013347,O P Q. Public administration education and health,113,111,29,82,2,0,2
S01013347,R S T U. Other,10,6,2,4,4,1,3
S01013348,All people aged 16 to 74 in employment,274,241,56,185,33,7,26
S01013348,A B D E. Agriculture energy and water,10,7,0,7,3,2,1
S01013348,C. Manufacturing,25,25,2,23,0,0,0
S01013348,F. Construction,18,11,0,11,7,0,7
S01013348,G I. Distribution hotels and restaurants,42,35,17,18,7,1,6
S01013348,H J. Transport and communication,36,30,3,27,6,0,6
S01013348,K L M N. Financial real estate professional and administrative activities,62,61,15,46,1,0,1
S01013348,O P Q. Public administration education and health,66,65,16,49,1,1,0
S01013348,R S T U. Other,15,7,3,4,8,3,5
S01013349,All people aged 16 to 74 in employment,475,450,72,378,25,7,18
S01013349,A B D E. Agriculture energy and water,9,9,0,9,0,0,0
S01013349,C. Manufacturing,40,40,1,39,0,0,0
S01013349,F. Construction,33,31,5,26,2,0,2
S01013349,G I. Distribution hotels and restaurants,102,96,32,64,6,2,4
S01013349,H J. Transport and communication,85,79,6,73,6,2,4
S01013349,K L M N. Financial real estate professional and administrative activities,107,101,7,94,6,2,4
S01013349,O P Q. Public administration education and health,81,79,14,65,2,1,1
S01013349,R S T U. Other,18,15,7,8,3,0,3
S01013350,All people aged 16 to 74 in employment,355,327,79,248,28,12,16
S01013350,A B D E. Agriculture energy and water,7,6,0,6,1,0,1
S01013350,C. Manufacturing,42,42,2,40,0,0,0
S01013350,F. Construction,32,27,0,27,5,2,3
S01013350,G I. Distribution hotels and restaurants,98,93,29,64,5,2,3
S01013350,H J. Transport and communication,46,42,6,36,4,1,3
S01013350,K L M N. Financial real estate professional and administrative activities,48,41,9,32,7,2,5
S01013350,O P Q. Public administration education and health,68,63,26,37,5,4,1
S01013350,R S T U. Other,14,13,7,6,1,1,0
S01013351,All people aged 16 to 74 in employment,415,391,93,298,24,8,16
S01013351,A B D E. Agriculture energy and water,3,3,1,2,0,0,0
S01013351,C. Manufacturing,44,44,1,43,0,0,0
S01013351,F. Construction,20,16,1,15,4,1,3
S01013351,G I. Distribution hotels and restaurants,96,92,33,59,4,0,4
S01013351,H J. Transport and communication,56,54,8,46,2,0,2
S01013351,K L M N. Financial real estate professional and administrative activities,69,60,8,52,9,5,4
S01013351,O P Q. Public administration education and health,114,110,33,77,4,2,2
S01013351,R S T U. Other,13,12,8,4,1,0,1
S01013352,All people aged 16 to 74 in employment,466,431,114,317,35,13,22
S01013352,A B D E. Agriculture energy and water,7,7,0,7,0,0,0
S01013352,C. Manufacturing,47,45,2,43,2,1,1
S01013352,F. Construction,30,26,1,25,4,2,2
S01013352,G I. Distribution hotels and restaurants,130,124,43,81,6,1,5
S01013352,H J. Transport and communication,57,49,10,39,8,1,7
S01013352,K L M N. Financial real estate professional and administrative activities,66,63,17,46,3,2,1
S01013352,O P Q. Public administration education and health,116,108,36,72,8,4,4
S01013352,R S T U. Other,13,9,5,4,4,2,2
S01013353,All people aged 16 to 74 in employment,311,281,68,213,30,6,24
S01013353,A B D E. Agriculture energy and water,6,6,0,6,0,0,0
S01013353,C. Manufacturing,38,36,4,32,2,0,2
S01013353,F. Construction,27,23,1,22,4,0,4
S01013353,G I. Distribution hotels and restaurants,73,71,29,42,2,0,2
S01013353,H J. Transport and communication,45,37,9,28,8,1,7
S01013353,K L M N. Financial real estate professional and administrative activities,35,31,4,27,4,0,4
S01013353,O P Q. Public administration education and health,75,70,20,50,5,2,3
S01013353,R S T U. Other,12,7,1,6,5,3,2
S01013354,All people aged 16 to 74 in employment,400,364,81,283,36,7,29
S01013354,A B D E. Agriculture energy and water,7,7,0,7,0,0,0
S01013354,C. Manufacturing,38,38,3,35,0,0,0
S01013354,F. Construction,60,48,7,41,12,0,12
S01013354,G I. Distribution hotels and restaurants,67,62,19,43,5,0,5
S01013354,H J. Transport and communication,42,33,9,24,9,4,5
S01013354,K L M N. Financial real estate professional and administrative activities,48,45,9,36,3,0,3
S01013354,O P Q. Public administration education and health,130,124,29,95,6,2,4
S01013354,R S T U. Other,8,7,5,2,1,1,0
S01013355,All people aged 16 to 74 in employment,319,284,63,221,35,14,21
S01013355,A B D E. Agriculture energy and water,12,10,0,10,2,0,2
S01013355,C. Manufacturing,40,35,2,33,5,1,4
S01013355,F. Construction,43,34,2,32,9,4,5
S01013355,G I. Distribution hotels and restaurants,54,50,19,31,4,0,4
S01013355,H J. Transport and communication,32,30,3,27,2,1,1
S01013355,K L M N. Financial real estate professional and administrative activities,45,40,8,32,5,2,3
S01013355,O P Q. Public administration education and health,75,72,22,50,3,2,1
S01013355,R S T U. Other,18,13,7,6,5,4,1
S01013356,All people aged 16 to 74 in employment,326,294,93,201,32,5,27
S01013356,A B D E. Agriculture energy and water,11,10,0,10,1,0,1
S01013356,C. Manufacturing,41,41,5,36,0,0,0
S01013356,F. Construction,31,23,1,22,8,1,7
S01013356,G I. Distribution hotels and restaurants,85,75,32,43,10,1,9
S01013356,H J. Transport and communication,33,24,7,17,9,2,7
S01013356,K L M N. Financial real estate professional and administrative activities,54,53,20,33,1,1,0
S01013356,O P Q. Public administration education and health,64,61,24,37,3,0,3
S01013356,R S T U. Other,7,7,4,3,0,0,0
S01013357,All people aged 16 to 74 in employment,426,388,96,292,38,8,30
S01013357,A B D E. Agriculture energy and water,21,14,0,14,7,0,7
S01013357,C. Manufacturing,43,42,3,39,1,1,0
S01013357,F. Construction,35,25,1,24,10,1,9
S01013357,G I. Distribution hotels and restaurants,91,86,32,54,5,1,4
S01013357,H J. Transport and communication,50,48,10,38,2,0,2
S01013357,K L M N. Financial real estate professional and administrative activities,61,53,11,42,8,3,5
S01013357,O P Q. Public administration education and health,111,109,35,74,2,0,2
S01013357,R S T U. Other,14,11,4,7,3,2,1
S01013358,All people aged 16 to 74 in employment,397,358,81,277,39,11,28
S01013358,A B D E. Agriculture energy and water,16,14,1,13,2,1,1
S01013358,C. Manufacturing,62,61,6,55,1,1,0
S01013358,F. Construction,36,25,4,21,11,2,9
S01013358,G I. Distribution hotels and restaurants,72,66,26,40,6,2,4
S01013358,H J. Transport and communication,47,38,13,25,9,2,7
S01013358,K L M N. Financial real estate professional and administrative activities,44,41,6,35,3,0,3
S01013358,O P Q. Public administration education and health,103,100,25,75,3,1,2
S01013358,R S T U. Other,17,13,0,13,4,2,2
S01013359,All people aged 16 to 74 in employment,267,241,71,170,26,7,19
S01013359,A B D E. Agriculture energy and water,8,7,0,7,1,0,1
S01013359,C. Manufacturing,31,29,4,25,2,1,1
S01013359,F. Construction,28,21,1,20,7,2,5
S01013359,G I. Distribution hotels and restaurants,82,74,31,43,8,1,7
S01013359,H J. Transport and communication,28,24,5,19,4,1,3
S01013359,K L M N. Financial real estate professional and administrative activities,31,29,3,26,2,1,1
S01013359,O P Q. Public administration education and health,49,48,21,27,1,0,1
S01013359,R S T U. Other,10,9,6,3,1,1,0
S01013360,All people aged 16 to 74 in employment,294,271,75,196,23,5,18
S01013360,A B D E. Agriculture energy and water,8,8,1,7,0,0,0
S01013360,C. Manufacturing,33,31,3,28,2,0,2
S01013360,F. Construction,29,21,1,20,8,0,8
S01013360,G I. Distribution hotels and restaurants,73,70,32,38,3,0,3
S01013360,H J. Transport and communication,35,31,5,26,4,3,1
S01013360,K L M N. Financial real estate professional and administrative activities,40,39,9,30,1,0,1
S01013360,O P Q. Public administration education and health,64,61,20,41,3,1,2
S01013360,R S T U. Other,12,10,4,6,2,1,1
S01013361,All people aged 16 to 74 in employment,255,245,59,186,10,3,7
S01013361,A B D E. Agriculture energy and water,5,5,0,5,0,0,0
S01013361,C. Manufacturing,36,36,2,34,0,0,0
S01013361,F. Construction,31,26,1,25,5,1,4
S01013361,G I. Distribution hotels and restaurants,56,56,22,34,0,0,0
S01013361,H J. Transport and communication,27,25,3,22,2,0,2
S01013361,K L M N. Financial real estate professional and administrative activities,27,25,4,21,2,1,1
S01013361,O P Q. Public administration education and health,64,63,22,41,1,1,0
S01013361,R S T U. Other,9,9,5,4,0,0,0
S01013362,All people aged 16 to 74 in employment,199,184,42,142,15,4,11
S01013362,A B D E. Agriculture energy and water,4,4,0,4,0,0,0
S01013362,C. Manufacturing,35,33,3,30,2,1,1
S01013362,F. Construction,20,16,0,16,4,0,4
S01013362,G I. Distribution hotels and restaurants,45,42,12,30,3,1,2
S01013362,H J. Transport and communication,14,14,1,13,0,0,0
S01013362,K L M N. Financial real estate professional and administrative activities,30,29,7,22,1,0,1
S01013362,O P Q. Public administration education and health,43,41,17,24,2,1,1
S01013362,R S T U. Other,8,5,2,3,3,1,2
S01013363,All people aged 16 to 74 in employment,297,277,74,203,20,10,10
S01013363,A B D E. Agriculture energy and water,7,7,0,7,0,0,0
S01013363,C. Manufacturing,37,36,0,36,1,1,0
S01013363,F. Construction,25,22,3,19,3,0,3
S01013363,G I. Distribution hotels and restaurants,81,74,25,49,7,5,2
S01013363,H J. Transport and communication,37,37,10,27,0,0,0
S01013363,K L M N. Financial real estate professional and administrative activities,43,38,11,27,5,2,3
S01013363,O P Q. Public administration education and health,54,51,19,32,3,2,1
S01013363,R S T U. Other,13,12,6,6,1,0,1
S01013364,All people aged 16 to 74 in employment,460,424,89,335,36,9,27
S01013364,A B D E. Agriculture energy and water,10,10,0,10,0,0,0
S01013364,C. Manufacturing,74,71,6,65,3,0,3
S01013364,F. Construction,41,34,3,31,7,1,6
S01013364,G I. Distribution hotels and restaurants,90,83,30,53,7,3,4
S01013364,H J. Transport and communication,51,46,4,42,5,0,5
S01013364,K L M N. Financial real estate professional and administrative activities,59,58,10,48,1,0,1
S01013364,O P Q. Public administration education and health,115,107,31,76,8,2,6
S01013364,R S T U. Other,20,15,5,10,5,3,2
S01013365,All people aged 16 to 74 in employment,449,391,95,296,58,11,47
S01013365,A B D E. Agriculture energy and water,20,15,0,15,5,0,5
S01013365,C. Manufacturing,46,43,3,40,3,0,3
S01013365,F. Construction,46,34,2,32,12,3,9
S01013365,G I. Distribution hotels and restaurants,97,84,29,55,13,2,11
S01013365,H J. Transport and communication,44,38,4,34,6,0,6
S01013365,K L M N. Financial real estate professional and administrative activities,66,57,20,37,9,4,5
S01013365,O P Q. Public administration education and health,114,112,35,77,2,1,1
S01013365,R S T U. Other,16,8,2,6,8,1,7
S01013366,All people aged 16 to 74 in employment,507,462,131,331,45,15,30
S01013366,A B D E. Agriculture energy and water,9,9,0,9,0,0,0
S01013366,C. Manufacturing,62,61,2,59,1,1,0
S01013366,F. Construction,47,38,1,37,9,3,6
S01013366,G I. Distribution hotels and restaurants,80,74,39,35,6,0,6
S01013366,H J. Transport and communication,49,40,9,31,9,2,7
S01013366,K L M N. Financial real estate professional and administrative activities,83,74,17,57,9,3,6
S01013366,O P Q. Public administration education and health,154,148,55,93,6,3,3
S01013366,R S T U. Other,23,18,8,10,5,3,2
S01013367,All people aged 16 to 74 in employment,348,305,70,235,43,13,30
S01013367,A B D E. Agriculture energy and water,11,9,1,8,2,0,2
S01013367,C. Manufacturing,46,45,1,44,1,0,1
S01013367,F. Construction,33,20,1,19,13,3,10
S01013367,G I. Distribution hotels and restaurants,66,58,23,35,8,0,8
S01013367,H J. Transport and communication,29,27,3,24,2,1,1
S01013367,K L M N. Financial real estate professional and administrative activities,52,46,8,38,6,5,1
S01013367,O P Q. Public administration education and health,91,90,27,63,1,1,0
S01013367,R S T U. Other,20,10,6,4,10,3,7
S01013368,All people aged 16 to 74 in employment,368,316,79,237,52,18,34
S01013368,A B D E. Agriculture energy and water,2,2,0,2,0,0,0
S01013368,C. Manufacturing,39,39,4,35,0,0,0
S01013368,F. Construction,40,30,2,28,10,2,8
S01013368,G I. Distribution hotels and restaurants,84,73,29,44,11,4,7
S01013368,H J. Transport and communication,43,40,4,36,3,1,2
S01013368,K L M N. Financial real estate professional and administrative activities,64,43,7,36,21,5,16
S01013368,O P Q. Public administration education and health,79,76,27,49,3,2,1
S01013368,R S T U. Other,17,13,6,7,4,4,0
S01013369,All people aged 16 to 74 in employment,346,325,89,236,21,8,13
S01013369,A B D E. Agriculture energy and water,6,6,2,4,0,0,0
S01013369,C. Manufacturing,45,44,3,41,1,0,1
S01013369,F. Construction,34,27,3,24,7,1,6
S01013369,G I. Distribution hotels and restaurants,80,74,29,45,6,2,4
S01013369,H J. Transport and communication,36,36,6,30,0,0,0
S01013369,K L M N. Financial real estate professional and administrative activities,43,40,7,33,3,2,1
S01013369,O P Q. Public administration education and health,89,85,35,50,4,3,1
S01013369,R S T U. Other,13,13,4,9,0,0,0
S01013370,All people aged 16 to 74 in employment,231,218,63,155,13,4,9
S01013370,A B D E. Agriculture energy and water,5,4,0,4,1,0,1
S01013370,C. Manufacturing,30,28,4,24,2,2,0
S01013370,F. Construction,23,19,2,17,4,0,4
S01013370,G I. Distribution hotels and restaurants,48,47,14,33,1,1,0
S01013370,H J. Transport and communication,23,22,6,16,1,0,1
S01013370,K L M N. Financial real estate professional and administrative activities,35,34,8,26,1,0,1
S01013370,O P Q. Public administration education and health,57,55,22,33,2,0,2
S01013370,R S T U. Other,10,9,7,2,1,1,0
S01013371,All people aged 16 to 74 in employment,246,227,66,161,19,6,13
S01013371,A B D E. Agriculture energy and water,2,2,0,2,0,0,0
S01013371,C. Manufacturing,40,38,1,37,2,0,2
S01013371,F. Construction,24,19,1,18,5,0,5
S01013371,G I. Distribution hotels and restaurants,56,52,25,27,4,1,3
S01013371,H J. Transport and communication,30,29,8,21,1,0,1
S01013371,K L M N. Financial real estate professional and administrative activities,24,22,8,14,2,0,2
S01013371,O P Q. Public administration education and health,57,56,19,37,1,1,0
S01013371,R S T U. Other,13,9,4,5,4,4,0
S01013372,All people aged 16 to 74 in employment,416,393,135,258,23,9,14
S01013372,A B D E. Agriculture energy and water,7,6,0,6,1,1,0
S01013372,C. Manufacturing,71,71,3,68,0,0,0
S01013372,F. Construction,37,31,3,28,6,1,5
S01013372,G I. Distribution hotels and restaurants,105,101,54,47,4,2,2
S01013372,H J. Transport and communication,47,41,11,30,6,2,4
S01013372,K L M N. Financial real estate professional and administrative activities,43,39,11,28,4,2,2
S01013372,O P Q. Public administration education and health,95,94,46,48,1,0,1
S01013372,R S T U. Other,11,10,7,3,1,1,0
S01013373,All people aged 16 to 74 in employment,379,349,87,262,30,10,20
S01013373,A B D E. Agriculture energy and water,7,7,0,7,0,0,0
S01013373,C. Manufacturing,57,55,6,49,2,1,1
S01013373,F. Construction,32,26,1,25,6,0,6
S01013373,G I. Distribution hotels and restaurants,84,78,25,53,6,1,5
S01013373,H J. Transport and communication,36,33,5,28,3,1,2
S01013373,K L M N. Financial real estate professional and administrative activities,49,42,8,34,7,3,4
S01013373,O P Q. Public administration education and health,96,93,38,55,3,2,1
S01013373,R S T U. Other,18,15,4,11,3,2,1
S01013374,All people aged 16 to 74 in employment,332,308,104,204,24,4,20
S01013374,A B D E. Agriculture energy and water,6,5,1,4,1,0,1
S01013374,C. Manufacturing,56,56,7,49,0,0,0
S01013374,F. Construction,30,21,2,19,9,0,9
S01013374,G I. Distribution hotels and restaurants,91,86,39,47,5,0,5
S01013374,H J. Transport and communication,32,29,6,23,3,0,3
S01013374,K L M N. Financial real estate professional and administrative activities,34,33,10,23,1,1,0
S01013374,O P Q. Public administration education and health,71,68,33,35,3,1,2
S01013374,R S T U. Other,12,10,6,4,2,2,0
S01013375,All people aged 16 to 74 in employment,263,248,72,176,15,5,10
S01013375,A B D E. Agriculture energy and water,12,12,0,12,0,0,0
S01013375,C. Manufacturing,55,54,4,50,1,0,1
S01013375,F. Construction,17,13,0,13,4,0,4
S01013375,G I. Distribution hotels and restaurants,52,48,25,23,4,2,2
S01013375,H J. Transport and communication,24,19,6,13,5,2,3
S01013375,K L M N. Financial real estate professional and administrative activities,36,35,7,28,1,1,0
S01013375,O P Q. Public administration education and health,54,54,25,29,0,0,0
S01013375,R S T U. Other,13,13,5,8,0,0,0
S01013376,All people aged 16 to 74 in employment,248,228,72,156,20,2,18
S01013376,A B D E. Agriculture energy and water,3,3,0,3,0,0,0
S01013376,C. Manufacturing,27,26,2,24,1,0,1
S01013376,F. Construction,29,24,3,21,5,1,4
S01013376,G I. Distribution hotels and restaurants,53,50,22,28,3,0,3
S01013376,H J. Transport and communication,43,37,9,28,6,0,6
S01013376,K L M N. Financial real estate professional and administrative activities,29,26,11,15,3,1,2
S01013376,O P Q. Public administration education and health,59,58,23,35,1,0,1
S01013376,R S T U. Other,5,4,2,2,1,0,1
S01013377,All people aged 16 to 74 in employment,308,291,67,224,17,6,11
S01013377,A B D E. Agriculture energy and water,6,6,0,6,0,0,0
S01013377,C. Manufacturing,51,49,2,47,2,0,2
S01013377,F. Construction,33,31,0,31,2,0,2
S01013377,G I. Distribution hotels and restaurants,59,56,20,36,3,0,3
S01013377,H J. Transport and communication,35,33,9,24,2,0,2
S01013377,K L M N. Financial real estate professional and administrative activities,36,33,7,26,3,1,2
S01013377,O P Q. Public administration education and health,69,65,23,42,4,4,0
S01013377,R S T U. Other,19,18,6,12,1,1,0
S01013378,All people aged 16 to 74 in employment,461,428,111,317,33,8,25
S01013378,A B D E. Agriculture energy and water,8,8,0,8,0,0,0
S01013378,C. Manufacturing,68,67,3,64,1,0,1
S01013378,F. Construction,39,33,2,31,6,1,5
S01013378,G I. Distribution hotels and restaurants,114,105,43,62,9,1,8
S01013378,H J. Transport and communication,59,51,9,42,8,3,5
S01013378,K L M N. Financial real estate professional and administrative activities,49,49,17,32,0,0,0
S01013378,O P Q. Public administration education and health,110,105,32,73,5,1,4
S01013378,R S T U. Other,14,10,5,5,4,2,2
S01013379,All people aged 16 to 74 in employment,433,399,99,300,34,7,27
S01013379,A B D E. Agriculture energy and water,9,9,0,9,0,0,0
S01013379,C. Manufacturing,60,57,0,57,3,2,1
S01013379,F. Construction,34,26,2,24,8,1,7
S01013379,G I. Distribution hotels and restaurants,95,87,36,51,8,0,8
S01013379,H J. Transport and communication,57,53,12,41,4,0,4
S01013379,K L M N. Financial real estate professional and administrative activities,56,52,12,40,4,1,3
S01013379,O P Q. Public administration education and health,106,103,29,74,3,1,2
S01013379,R S T U. Other,16,12,8,4,4,2,2
S01013380,All people aged 16 to 74 in employment,53,38,7,31,15,3,12
S01013380,A B D E. Agriculture energy and water,8,2,0,2,6,0,6
S01013380,C. Manufacturing,9,8,0,8,1,0,1
S01013380,F. Construction,3,3,0,3,0,0,0
S01013380,G I. Distribution hotels and restaurants,12,8,5,3,4,2,2
S01013380,H J. Transport and communication,3,3,0,3,0,0,0
S01013380,K L M N. Financial real estate professional and administrative activities,5,2,0,2,3,1,2
S01013380,O P Q. Public administration education and health,13,12,2,10,1,0,1
S01013380,R S T U. Other,0,0,0,0,0,0,0
S01013381,All people aged 16 to 74 in employment,226,196,41,155,30,12,18
S01013381,A B D E. Agriculture energy and water,1,1,0,1,0,0,0
S01013381,C. Manufacturing,29,29,1,28,0,0,0
S01013381,F. Construction,27,22,2,20,5,1,4
S01013381,G I. Distribution hotels and restaurants,58,51,16,35,7,0,7
S01013381,H J. Transport and communication,29,24,3,21,5,2,3
S01013381,K L M N. Financial real estate professional and administrative activities,20,13,4,9,7,3,4
S01013381,O P Q. Public administration education and health,47,45,12,33,2,2,0
S01013381,R S T U. Other,15,11,3,8,4,4,0
S01013382,All people aged 16 to 74 in employment,304,273,56,217,31,13,18
S01013382,A B D E. Agriculture energy and water,16,16,0,16,0,0,0
S01013382,C. Manufacturing,43,43,3,40,0,0,0
S01013382,F. Construction,30,27,1,26,3,1,2
S01013382,G I. Distribution hotels and restaurants,80,65,22,43,15,5,10
S01013382,H J. Transport and communication,30,27,1,26,3,2,1
S01013382,K L M N. Financial real estate professional and administrative activities,41,37,7,30,4,1,3
S01013382,O P Q. Public administration education and health,54,50,16,34,4,2,2
S01013382,R S T U. Other,10,8,6,2,2,2,0
S01013383,All people aged 16 to 74 in employment,282,265,67,198,17,5,12
S01013383,A B D E. Agriculture energy and water,6,6,0,6,0,0,0
S01013383,C. Manufacturing,37,37,0,37,0,0,0
S01013383,F. Construction,29,20,0,20,9,1,8
S01013383,G I. Distribution hotels and restaurants,65,64,23,41,1,1,0
S01013383,H J. Transport and communication,25,24,6,18,1,0,1
S01013383,K L M N. Financial real estate professional and administrative activities,35,33,7,26,2,2,0
S01013383,O P Q. Public administration education and health,73,71,26,45,2,0,2
S01013383,R S T U. Other,12,10,5,5,2,1,1
S01013384,All people aged 16 to 74 in employment,330,300,66,234,30,12,18
S01013384,A B D E. Agriculture energy and water,5,4,0,4,1,1,0
S01013384,C. Manufacturing,50,48,6,42,2,1,1
S01013384,F. Construction,44,32,1,31,12,5,7
S01013384,G I. Distribution hotels and restaurants,72,67,24,43,5,1,4
S01013384,H J. Transport and communication,34,33,1,32,1,1,0
S01013384,K L M N. Financial real estate professional and administrative activities,37,32,7,25,5,1,4
S01013384,O P Q. Public administration education and health,83,79,25,54,4,2,2
S01013384,R S T U. Other,5,5,2,3,0,0,0
S01013385,All people aged 16 to 74 in employment,260,240,47,193,20,7,13
S01013385,A B D E. Agriculture energy and water,7,5,1,4,2,1,1
S01013385,C. Manufacturing,31,30,1,29,1,0,1
S01013385,F. Construction,33,27,0,27,6,1,5
S01013385,G I. Distribution hotels and restaurants,42,38,10,28,4,0,4
S01013385,H J. Transport and communication,17,17,0,17,0,0,0
S01013385,K L M N. Financial real estate professional and administrative activities,41,39,8,31,2,1,1
S01013385,O P Q. Public administration education and health,82,79,24,55,3,3,0
S01013385,R S T U. Other,7,5,3,2,2,1,1
S01013386,All people aged 16 to 74 in employment,464,422,96,326,42,8,34
S01013386,A B D E. Agriculture energy and water,7,7,1,6,0,0,0
S01013386,C. Manufacturing,60,57,2,55,3,0,3
S01013386,F. Construction,35,22,1,21,13,0,13
S01013386,G I. Distribution hotels and restaurants,90,82,33,49,8,2,6
S01013386,H J. Transport and communication,35,32,2,30,3,1,2
S01013386,K L M N. Financial real estate professional and administrative activities,84,80,21,59,4,0,4
S01013386,O P Q. Public administration education and health,135,129,33,96,6,2,4
S01013386,R S T U. Other,18,13,3,10,5,3,2
S01013387,All people aged 16 to 74 in employment,234,221,55,166,13,1,12
S01013387,A B D E. Agriculture energy and water,6,5,0,5,1,0,1
S01013387,C. Manufacturing,22,21,0,21,1,0,1
S01013387,F. Construction,24,19,2,17,5,0,5
S01013387,G I. Distribution hotels and restaurants,66,65,18,47,1,0,1
S01013387,H J. Transport and communication,18,15,3,12,3,0,3
S01013387,K L M N. Financial real estate professional and administrative activities,30,28,3,25,2,1,1
S01013387,O P Q. Public administration education and health,55,55,21,34,0,0,0
S01013387,R S T U. Other,13,13,8,5,0,0,0
S01013388,All people aged 16 to 74 in employment,319,284,78,206,35,5,30
S01013388,A B D E. Agriculture energy and water,7,6,2,4,1,1,0
S01013388,C. Manufacturing,40,37,3,34,3,1,2
S01013388,F. Construction,29,17,2,15,12,0,12
S01013388,G I. Distribution hotels and restaurants,65,58,21,37,7,1,6
S01013388,H J. Transport and communication,50,46,10,36,4,0,4
S01013388,K L M N. Financial real estate professional and administrative activities,37,34,9,25,3,0,3
S01013388,O P Q. Public administration education and health,80,78,27,51,2,2,0
S01013388,R S T U. Other,11,8,4,4,3,0,3
S01013389,All people aged 16 to 74 in employment,411,384,94,290,27,10,17
S01013389,A B D E. Agriculture energy and water,6,6,0,6,0,0,0
S01013389,C. Manufacturing,48,48,1,47,0,0,0
S01013389,F. Construction,39,31,3,28,8,1,7
S01013389,G I. Distribution hotels and restaurants,82,76,31,45,6,3,3
S01013389,H J. Transport and communication,50,46,11,35,4,1,3
S01013389,K L M N. Financial real estate professional and administrative activities,45,44,9,35,1,0,1
S01013389,O P Q. Public administration education and health,122,118,33,85,4,3,1
S01013389,R S T U. Other,19,15,6,9,4,2,2
S01013390,All people aged 16 to 74 in employment,228,209,47,162,19,1,18
S01013390,A B D E. Agriculture energy and water,6,6,1,5,0,0,0
S01013390,C. Manufacturing,34,34,4,30,0,0,0
S01013390,F. Construction,30,21,0,21,9,1,8
S01013390,G I. Distribution hotels and restaurants,44,43,18,25,1,0,1
S01013390,H J. Transport and communication,31,26,2,24,5,0,5
S01013390,K L M N. Financial real estate professional and administrative activities,30,28,5,23,2,0,2
S01013390,O P Q. Public administration education and health,45,43,11,32,2,0,2
S01013390,R S T U. Other,8,8,6,2,0,0,0
S01013391,All people aged 16 to 74 in employment,212,179,53,126,33,7,26
S01013391,A B D E. Agriculture energy and water,5,2,1,1,3,0,3
S01013391,C. Manufacturing,27,24,2,22,3,1,2
S01013391,F. Construction,25,14,0,14,11,0,11
S01013391,G I. Distribution hotels and restaurants,38,37,14,23,1,0,1
S01013391,H J. Transport and communication,16,14,5,9,2,0,2
S01013391,K L M N. Financial real estate professional and administrative activities,45,36,8,28,9,3,6
S01013391,O P Q. Public administration education and health,49,48,22,26,1,0,1
S01013391,R S T U. Other,7,4,1,3,3,3,0
S01013392,All people aged 16 to 74 in employment,475,425,79,346,50,13,37
S01013392,A B D E. Agriculture energy and water,18,15,1,14,3,1,2
S01013392,C. Manufacturing,47,47,4,43,0,0,0
S01013392,F. Construction,44,31,1,30,13,0,13
S01013392,G I. Distribution hotels and restaurants,82,76,21,55,6,1,5
S01013392,H J. Transport and communication,43,37,7,30,6,1,5
S01013392,K L M N. Financial real estate professional and administrative activities,101,93,16,77,8,3,5
S01013392,O P Q. Public administration education and health,125,121,28,93,4,1,3
S01013392,R S T U. Other,15,5,1,4,10,6,4
S01013393,All people aged 16 to 74 in employment,306,274,65,209,32,7,25
S01013393,A B D E. Agriculture energy and water,5,5,0,5,0,0,0
S01013393,C. Manufacturing,31,30,4,26,1,0,1
S01013393,F. Construction,40,30,1,29,10,0,10
S01013393,G I. Distribution hotels and restaurants,66,64,24,40,2,0,2
S01013393,H J. Transport and communication,32,31,1,30,1,0,1
S01013393,K L M N. Financial real estate professional and administrative activities,40,34,10,24,6,2,4
S01013393,O P Q. Public administration education and health,75,67,22,45,8,4,4
S01013393,R S T U. Other,17,13,3,10,4,1,3
S01013394,All people aged 16 to 74 in employment,278,255,65,190,23,7,16
S01013394,A B D E. Agriculture energy and water,8,8,0,8,0,0,0
S01013394,C. Manufacturing,32,32,4,28,0,0,0
S01013394,F. Construction,34,25,2,23,9,0,9
S01013394,G I. Distribution hotels and restaurants,52,49,17,32,3,2,1
S01013394,H J. Transport and communication,19,18,4,14,1,1,0
S01013394,K L M N. Financial real estate professional and administrative activities,37,36,9,27,1,1,0
S01013394,O P Q. Public administration education and health,83,78,25,53,5,1,4
S01013394,R S T U. Other,13,9,4,5,4,2,2
S01013395,All people aged 16 to 74 in employment,238,221,67,154,17,3,14
S01013395,A B D E. Agriculture energy and water,5,4,0,4,1,0,1
S01013395,C. Manufacturing,34,34,4,30,0,0,0
S01013395,F. Construction,21,16,2,14,5,0,5
S01013395,G I. Distribution hotels and restaurants,72,71,34,37,1,0,1
S01013395,H J. Transport and communication,21,21,5,16,0,0,0
S01013395,K L M N. Financial real estate professional and administrative activities,34,28,11,17,6,1,5
S01013395,O P Q. Public administration education and health,42,40,8,32,2,1,1
S01013395,R S T U. Other,9,7,3,4,2,1,1
S01013396,All people aged 16 to 74 in employment,439,386,66,320,53,9,44
S01013396,A B D E. Agriculture energy and water,13,13,1,12,0,0,0
S01013396,C. Manufacturing,39,37,2,35,2,1,1
S01013396,F. Construction,42,29,3,26,13,1,12
S01013396,G I. Distribution hotels and restaurants,83,78,18,60,5,1,4
S01013396,H J. Transport and communication,54,47,6,41,7,1,6
S01013396,K L M N. Financial real estate professional and administrative activities,71,62,7,55,9,1,8
S01013396,O P Q. Public administration education and health,117,107,25,82,10,2,8
S01013396,R S T U. Other,20,13,4,9,7,2,5
S01013397,All people aged 16 to 74 in employment,443,396,82,314,47,12,35
S01013397,A B D E. Agriculture energy and water,7,7,1,6,0,0,0
S01013397,C. Manufacturing,71,68,1,67,3,2,1
S01013397,F. Construction,53,33,0,33,20,3,17
S01013397,G I. Distribution hotels and restaurants,73,66,15,51,7,2,5
S01013397,H J. Transport and communication,46,42,7,35,4,0,4
S01013397,K L M N. Financial real estate professional and administrative activities,58,53,17,36,5,0,5
S01013397,O P Q. Public administration education and health,116,111,36,75,5,4,1
S01013397,R S T U. Other,19,16,5,11,3,1,2
S01013398,All people aged 16 to 74 in employment,350,326,68,258,24,5,19
S01013398,A B D E. Agriculture energy and water,10,10,1,9,0,0,0
S01013398,C. Manufacturing,41,40,5,35,1,0,1
S01013398,F. Construction,37,31,1,30,6,0,6
S01013398,G I. Distribution hotels and restaurants,63,59,24,35,4,1,3
S01013398,H J. Transport and communication,36,35,1,34,1,0,1
S01013398,K L M N. Financial real estate professional and administrative activities,63,59,7,52,4,2,2
S01013398,O P Q. Public administration education and health,88,84,25,59,4,1,3
S01013398,R S T U. Other,12,8,4,4,4,1,3
S01013399,All people aged 16 to 74 in employment,598,560,113,447,38,13,25
S01013399,A B D E. Agriculture energy and water,15,15,2,13,0,0,0
S01013399,C. Manufacturing,69,69,8,61,0,0,0
S01013399,F. Construction,40,27,0,27,13,2,11
S01013399,G I. Distribution hotels and restaurants,121,116,35,81,5,2,3
S01013399,H J. Transport and communication,57,53,5,48,4,0,4
S01013399,K L M N. Financial real estate professional and administrative activities,116,109,17,92,7,4,3
S01013399,O P Q. Public administration education and health,155,150,38,112,5,2,3
S01013399,R S T U. Other,25,21,8,13,4,3,1
S01013400,All people aged 16 to 74 in employment,345,318,67,251,27,6,21
S01013400,A B D E. Agriculture energy and water,6,6,0,6,0,0,0
S01013400,C. Manufacturing,41,40,6,34,1,0,1
S01013400,F. Construction,47,35,1,34,12,1,11
S01013400,G I. Distribution hotels and restaurants,55,52,16,36,3,1,2
S01013400,H J. Transport and communication,41,38,4,34,3,0,3
S01013400,K L M N. Financial real estate professional and administrative activities,51,48,7,41,3,1,2
S01013400,O P Q. Public administration education and health,91,89,30,59,2,1,1
S01013400,R S T U. Other,13,10,3,7,3,2,1
S01013401,All people aged 16 to 74 in employment,504,455,77,378,49,10,39
S01013401,A B D E. Agriculture energy and water,17,14,0,14,3,0,3
S01013401,C. Manufacturing,40,38,4,34,2,1,1
S01013401,F. Construction,33,28,2,26,5,0,5
S01013401,G I. Distribution hotels and restaurants,85,78,24,54,7,1,6
S01013401,H J. Transport and communication,75,64,8,56,11,3,8
S01013401,K L M N. Financial real estate professional and administrative activities,102,91,14,77,11,1,10
S01013401,O P Q. Public administration education and health,137,129,24,105,8,4,4
S01013401,R S T U. Other,15,13,1,12,2,0,2
S01013402,All people aged 16 to 74 in employment,668,625,98,527,43,12,31
S01013402,A B D E. Agriculture energy and water,12,12,3,9,0,0,0
S01013402,C. Manufacturing,69,68,1,67,1,0,1
S01013402,F. Construction,42,33,1,32,9,0,9
S01013402,G I. Distribution hotels and restaurants,94,91,20,71,3,0,3
S01013402,H J. Transport and communication,74,68,5,63,6,2,4
S01013402,K L M N. Financial real estate professional and administrative activities,164,151,24,127,13,4,9
S01013402,O P Q. Public administration education and health,187,180,37,143,7,4,3
S01013402,R S T U. Other,26,22,7,15,4,2,2
S01013403,All people aged 16 to 74 in employment,525,490,90,400,35,9,26
S01013403,A B D E. Agriculture energy and water,16,16,0,16,0,0,0
S01013403,C. Manufacturing,55,51,1,50,4,1,3
S01013403,F. Construction,37,27,6,21,10,0,10
S01013403,G I. Distribution hotels and restaurants,83,73,24,49,10,2,8
S01013403,H J. Transport and communication,58,55,8,47,3,0,3
S01013403,K L M N. Financial real estate professional and administrative activities,126,123,22,101,3,1,2
S01013403,O P Q. Public administration education and health,134,130,26,104,4,4,0
S01013403,R S T U. Other,16,15,3,12,1,1,0
S01013404,All people aged 16 to 74 in employment,317,297,59,238,20,5,15
S01013404,A B D E. Agriculture energy and water,4,4,1,3,0,0,0
S01013404,C. Manufacturing,38,38,2,36,0,0,0
S01013404,F. Construction,20,18,0,18,2,0,2
S01013404,G I. Distribution hotels and restaurants,66,61,25,36,5,3,2
S01013404,H J. Transport and communication,26,23,5,18,3,0,3
S01013404,K L M N. Financial real estate professional and administrative activities,72,66,10,56,6,0,6
S01013404,O P Q. Public administration education and health,81,77,15,62,4,2,2
S01013404,R S T U. Other,10,10,1,9,0,0,0
S01013405,All people aged 16 to 74 in employment,301,277,68,209,24,7,17
S01013405,A B D E. Agriculture energy and water,11,11,3,8,0,0,0
S01013405,C. Manufacturing,39,37,2,35,2,0,2
S01013405,F. Construction,20,14,1,13,6,2,4
S01013405,G I. Distribution hotels and restaurants,72,68,25,43,4,1,3
S01013405,H J. Transport and communication,33,30,5,25,3,1,2
S01013405,K L M N. Financial real estate professional and administrative activities,38,33,6,27,5,3,2
S01013405,O P Q. Public administration education and health,78,75,22,53,3,0,3
S01013405,R S T U. Other,10,9,4,5,1,0,1
S01013406,All people aged 16 to 74 in employment,267,254,67,187,13,5,8
S01013406,A B D E. Agriculture energy and water,6,5,0,5,1,1,0
S01013406,C. Manufacturing,35,35,1,34,0,0,0
S01013406,F. Construction,21,18,3,15,3,1,2
S01013406,G I. Distribution hotels and restaurants,72,69,23,46,3,1,2
S01013406,H J. Transport and communication,20,18,1,17,2,1,1
S01013406,K L M N. Financial real estate professional and administrative activities,44,40,14,26,4,1,3
S01013406,O P Q. Public administration education and health,62,62,23,39,0,0,0
S01013406,R S T U. Other,7,7,2,5,0,0,0
S01013407,All people aged 16 to 74 in employment,241,226,50,176,15,2,13
S01013407,A B D E. Agriculture energy and water,5,5,0,5,0,0,0
S01013407,C. Manufacturing,37,35,2,33,2,0,2
S01013407,F. Construction,20,14,0,14,6,1,5
S01013407,G I. Distribution hotels and restaurants,57,55,19,36,2,0,2
S01013407,H J. Transport and communication,38,37,6,31,1,0,1
S01013407,K L M N. Financial real estate professional and administrative activities,30,30,8,22,0,0,0
S01013407,O P Q. Public administration education and health,47,45,13,32,2,1,1
S01013407,R S T U. Other,7,5,2,3,2,0,2
S01013408,All people aged 16 to 74 in employment,259,241,71,170,18,4,14
S01013408,A B D E. Agriculture energy and water,3,3,1,2,0,0,0
S01013408,C. Manufacturing,28,26,1,25,2,2,0
S01013408,F. Construction,22,16,0,16,6,1,5
S01013408,G I. Distribution hotels and restaurants,85,85,34,51,0,0,0
S01013408,H J. Transport and communication,35,28,7,21,7,0,7
S01013408,K L M N. Financial real estate professional and administrative activities,33,33,9,24,0,0,0
S01013408,O P Q. Public administration education and health,42,41,18,23,1,0,1
S01013408,R S T U. Other,11,9,1,8,2,1,1
S01013409,All people aged 16 to 74 in employment,553,489,129,360,64,17,47
S01013409,A B D E. Agriculture energy and water,13,12,2,10,1,0,1
S01013409,C. Manufacturing,46,40,3,37,6,2,4
S01013409,F. Construction,35,25,1,24,10,1,9
S01013409,G I. Distribution hotels and restaurants,152,135,52,83,17,6,11
S01013409,H J. Transport and communication,59,54,8,46,5,0,5
S01013409,K L M N. Financial real estate professional and administrative activities,91,79,22,57,12,1,11
S01013409,O P Q. Public administration education and health,138,131,37,94,7,3,4
S01013409,R S T U. Other,19,13,4,9,6,4,2
S01013410,All people aged 16 to 74 in employment,275,260,83,177,15,4,11
S01013410,A B D E. Agriculture energy and water,7,7,1,6,0,0,0
S01013410,C. Manufacturing,33,32,5,27,1,0,1
S01013410,F. Construction,18,15,0,15,3,1,2
S01013410,G I. Distribution hotels and restaurants,77,74,36,38,3,0,3
S01013410,H J. Transport and communication,34,32,7,25,2,0,2
S01013410,K L M N. Financial real estate professional and administrative activities,37,36,9,27,1,0,1
S01013410,O P Q. Public administration education and health,58,54,21,33,4,2,2
S01013410,R S T U. Other,11,10,4,6,1,1,0
S01013411,All people aged 16 to 74 in employment,392,354,82,272,38,6,32
S01013411,A B D E. Agriculture energy and water,11,9,0,9,2,0,2
S01013411,C. Manufacturing,46,44,3,41,2,0,2
S01013411,F. Construction,29,21,0,21,8,0,8
S01013411,G I. Distribution hotels and restaurants,90,82,28,54,8,2,6
S01013411,H J. Transport and communication,35,31,3,28,4,0,4
S01013411,K L M N. Financial real estate professional and administrative activities,57,53,11,42,4,1,3
S01013411,O P Q. Public administration education and health,114,106,32,74,8,3,5
S01013411,R S T U. Other,10,8,5,3,2,0,2
S01013412,All people aged 16 to 74 in employment,395,366,95,271,29,4,25
S01013412,A B D E. Agriculture energy and water,5,5,0,5,0,0,0
S01013412,C. Manufacturing,46,44,4,40,2,1,1
S01013412,F. Construction,31,21,1,20,10,1,9
S01013412,G I. Distribution hotels and restaurants,93,92,42,50,1,0,1
S01013412,H J. Transport and communication,39,36,4,32,3,0,3
S01013412,K L M N. Financial real estate professional and administrative activities,50,45,8,37,5,0,5
S01013412,O P Q. Public administration education and health,112,109,29,80,3,0,3
S01013412,R S T U. Other,19,14,7,7,5,2,3
S01013413,All people aged 16 to 74 in employment,390,356,76,280,34,13,21
S01013413,A B D E. Agriculture energy and water,7,6,1,5,1,1,0
S01013413,C. Manufacturing,46,45,2,43,1,1,0
S01013413,F. Construction,34,27,1,26,7,1,6
S01013413,G I. Distribution hotels and restaurants,67,62,23,39,5,0,5
S01013413,H J. Transport and communication,32,30,3,27,2,0,2
S01013413,K L M N. Financial real estate professional and administrative activities,71,66,16,50,5,3,2
S01013413,O P Q. Public administration education and health,120,110,24,86,10,4,6
S01013413,R S T U. Other,13,10,6,4,3,3,0
S01013414,All people aged 16 to 74 in employment,376,343,59,284,33,5,28
S01013414,A B D E. Agriculture energy and water,7,6,1,5,1,0,1
S01013414,C. Manufacturing,58,55,4,51,3,1,2
S01013414,F. Construction,40,29,2,27,11,1,10
S01013414,G I. Distribution hotels and restaurants,83,78,19,59,5,0,5
S01013414,H J. Transport and communication,30,28,5,23,2,1,1
S01013414,K L M N. Financial real estate professional and administrative activities,53,49,9,40,4,2,2
S01013414,O P Q. Public administration education and health,93,90,18,72,3,0,3
S01013414,R S T U. Other,12,8,1,7,4,0,4
S01013415,All people aged 16 to 74 in employment,247,222,54,168,25,9,16
S01013415,A B D E. Agriculture energy and water,7,6,0,6,1,0,1
S01013415,C. Manufacturing,16,16,2,14,0,0,0
S01013415,F. Construction,23,13,2,11,10,3,7
S01013415,G I. Distribution hotels and restaurants,54,50,18,32,4,2,2
S01013415,H J. Transport and communication,39,37,8,29,2,1,1
S01013415,K L M N. Financial real estate professional and administrative activities,37,35,9,26,2,0,2
S01013415,O P Q. Public administration education and health,56,55,11,44,1,0,1
S01013415,R S T U. Other,15,10,4,6,5,3,2
S01013416,All people aged 16 to 74 in employment,268,246,52,194,22,9,13
S01013416,A B D E. Agriculture energy and water,5,4,0,4,1,0,1
S01013416,C. Manufacturing,34,34,0,34,0,0,0
S01013416,F. Construction,35,31,0,31,4,2,2
S01013416,G I. Distribution hotels and restaurants,58,53,26,27,5,2,3
S01013416,H J. Transport and communication,23,21,1,20,2,0,2
S01013416,K L M N. Financial real estate professional and administrative activities,36,32,8,24,4,2,2
S01013416,O P Q. Public administration education and health,67,63,14,49,4,2,2
S01013416,R S T U. Other,10,8,3,5,2,1,1
S01013417,All people aged 16 to 74 in employment,430,404,77,327,26,9,17
S01013417,A B D E. Agriculture energy and water,10,9,0,9,1,0,1
S01013417,C. Manufacturing,54,52,4,48,2,1,1
S01013417,F. Construction,40,34,1,33,6,1,5
S01013417,G I. Distribution hotels and restaurants,102,97,25,72,5,2,3
S01013417,H J. Transport and communication,46,43,10,33,3,2,1
S01013417,K L M N. Financial real estate professional and administrative activities,52,47,3,44,5,1,4
S01013417,O P Q. Public administration education and health,106,103,26,77,3,2,1
S01013417,R S T U. Other,20,19,8,11,1,0,1
S01013418,All people aged 16 to 74 in employment,313,276,58,218,37,8,29
S01013418,A B D E. Agriculture energy and water,6,6,0,6,0,0,0
S01013418,C. Manufacturing,28,27,0,27,1,0,1
S01013418,F. Construction,26,19,0,19,7,0,7
S01013418,G I. Distribution hotels and restaurants,62,58,25,33,4,1,3
S01013418,H J. Transport and communication,34,31,3,28,3,0,3
S01013418,K L M N. Financial real estate professional and administrative activities,53,48,4,44,5,0,5
S01013418,O P Q. Public administration education and health,79,69,15,54,10,3,7
S01013418,R S T U. Other,25,18,11,7,7,4,3
S01013419,All people aged 16 to 74 in employment,255,230,56,174,25,5,20
S01013419,A B D E. Agriculture energy and water,4,3,0,3,1,0,1
S01013419,C. Manufacturing,28,28,4,24,0,0,0
S01013419,F. Construction,22,17,0,17,5,0,5
S01013419,G I. Distribution hotels and restaurants,53,44,17,27,9,3,6
S01013419,H J. Transport and communication,13,12,1,11,1,0,1
S01013419,K L M N. Financial real estate professional and administrative activities,38,34,7,27,4,2,2
S01013419,O P Q. Public administration education and health,87,84,25,59,3,0,3
S01013419,R S T U. Other,10,8,2,6,2,0,2
S01013420,All people aged 16 to 74 in employment,311,296,54,242,15,2,13
S01013420,A B D E. Agriculture energy and water,6,6,0,6,0,0,0
S01013420,C. Manufacturing,40,40,0,40,0,0,0
S01013420,F. Construction,15,11,1,10,4,0,4
S01013420,G I. Distribution hotels and restaurants,71,67,30,37,4,0,4
S01013420,H J. Transport and communication,38,37,5,32,1,0,1
S01013420,K L M N. Financial real estate professional and administrative activities,41,39,4,35,2,0,2
S01013420,O P Q. Public administration education and health,88,85,10,75,3,1,2
S01013420,R S T U. Other,12,11,4,7,1,1,0
S01013421,All people aged 16 to 74 in employment,463,425,97,328,38,7,31
S01013421,A B D E. Agriculture energy and water,11,10,1,9,1,0,1
S01013421,C. Manufacturing,66,64,2,62,2,1,1
S01013421,F. Construction,42,30,2,28,12,2,10
S01013421,G I. Distribution hotels and restaurants,72,64,22,42,8,1,7
S01013421,H J. Transport and communication,39,37,5,32,2,0,2
S01013421,K L M N. Financial real estate professional and administrative activities,92,86,16,70,6,0,6
S01013421,O P Q. Public administration education and health,124,119,43,76,5,2,3
S01013421,R S T U. Other,17,15,6,9,2,1,1
S01013422,All people aged 16 to 74 in employment,367,337,109,228,30,13,17
S01013422,A B D E. Agriculture energy and water,3,3,0,3,0,0,0
S01013422,C. Manufacturing,32,31,4,27,1,0,1
S01013422,F. Construction,35,24,0,24,11,2,9
S01013422,G I. Distribution hotels and restaurants,89,84,40,44,5,3,2
S01013422,H J. Transport and communication,33,32,8,24,1,0,1
S01013422,K L M N. Financial real estate professional and administrative activities,52,48,13,35,4,2,2
S01013422,O P Q. Public administration education and health,108,105,40,65,3,3,0
S01013422,R S T U. Other,15,10,4,6,5,3,2
S01013423,All people aged 16 to 74 in employment,422,384,112,272,38,8,30
S01013423,A B D E. Agriculture energy and water,10,10,1,9,0,0,0
S01013423,C. Manufacturing,45,42,0,42,3,0,3
S01013423,F. Construction,35,29,4,25,6,0,6
S01013423,G I. Distribution hotels and restaurants,81,74,34,40,7,2,5
S01013423,H J. Transport and communication,46,42,11,31,4,0,4
S01013423,K L M N. Financial real estate professional and administrative activities,79,70,18,52,9,3,6
S01013423,O P Q. Public administration education and health,106,100,34,66,6,2,4
S01013423,R S T U. Other,20,17,10,7,3,1,2
S01013424,All people aged 16 to 74 in employment,274,248,70,178,26,7,19
S01013424,A B D E. Agriculture energy and water,8,8,0,8,0,0,0
S01013424,C. Manufacturing,25,25,2,23,0,0,0
S01013424,F. Construction,27,17,3,14,10,1,9
S01013424,G I. Distribution hotels and restaurants,59,54,29,25,5,1,4
S01013424,H J. Transport and communication,24,21,6,15,3,1,2
S01013424,K L M N. Financial real estate professional and administrative activities,38,33,4,29,5,2,3
S01013424,O P Q. Public administration education and health,86,85,23,62,1,1,0
S01013424,R S T U. Other,7,5,3,2,2,1,1
S01013425,All people aged 16 to 74 in employment,217,196,40,156,21,5,16
S01013425,A B D E. Agriculture energy and water,4,4,0,4,0,0,0
S01013425,C. Manufacturing,26,23,2,21,3,0,3
S01013425,F. Construction,20,16,1,15,4,1,3
S01013425,G I. Distribution hotels and restaurants,39,39,11,28,0,0,0
S01013425,H J. Transport and communication,25,23,4,19,2,1,1
S01013425,K L M N. Financial real estate professional and administrative activities,28,19,2,17,9,2,7
S01013425,O P Q. Public administration education and health,63,61,17,44,2,0,2
S01013425,R S T U. Other,12,11,3,8,1,1,0
S01013426,All people aged 16 to 74 in employment,363,331,98,233,32,8,24
S01013426,A B D E. Agriculture energy and water,9,9,1,8,0,0,0
S01013426,C. Manufacturing,50,49,5,44,1,0,1
S01013426,F. Construction,40,31,3,28,9,4,5
S01013426,G I. Distribution hotels and restaurants,71,69,31,38,2,1,1
S01013426,H J. Transport and communication,30,25,6,19,5,1,4
S01013426,K L M N. Financial real estate professional and administrative activities,53,47,14,33,6,0,6
S01013426,O P Q. Public administration education and health,91,86,32,54,5,2,3
S01013426,R S T U. Other,19,15,6,9,4,0,4
S01013427,All people aged 16 to 74 in employment,273,234,48,186,39,10,29
S01013427,A B D E. Agriculture energy and water,10,8,0,8,2,0,2
S01013427,C. Manufacturing,17,15,0,15,2,0,2
S01013427,F. Construction,35,28,3,25,7,2,5
S01013427,G I. Distribution hotels and restaurants,40,34,11,23,6,2,4
S01013427,H J. Transport and communication,26,22,3,19,4,0,4
S01013427,K L M N. Financial real estate professional and administrative activities,57,50,3,47,7,1,6
S01013427,O P Q. Public administration education and health,76,69,22,47,7,4,3
S01013427,R S T U. Other,12,8,6,2,4,1,3
S01013428,All people aged 16 to 74 in employment,428,389,93,296,39,10,29
S01013428,A B D E. Agriculture energy and water,13,13,1,12,0,0,0
S01013428,C. Manufacturing,41,39,1,38,2,0,2
S01013428,F. Construction,39,29,1,28,10,1,9
S01013428,G I. Distribution hotels and restaurants,102,97,33,64,5,2,3
S01013428,H J. Transport and communication,54,47,7,40,7,2,5
S01013428,K L M N. Financial real estate professional and administrative activities,74,64,11,53,10,4,6
S01013428,O P Q. Public administration education and health,84,81,31,50,3,1,2
S01013428,R S T U. Other,21,19,8,11,2,0,2
S01013429,All people aged 16 to 74 in employment,351,316,64,252,35,5,30
S01013429,A B D E. Agriculture energy and water,4,4,0,4,0,0,0
S01013429,C. Manufacturing,54,52,5,47,2,1,1
S01013429,F. Construction,33,26,2,24,7,1,6
S01013429,G I. Distribution hotels and restaurants,74,70,27,43,4,0,4
S01013429,H J. Transport and communication,36,31,4,27,5,0,5
S01013429,K L M N. Financial real estate professional and administrative activities,48,40,4,36,8,1,7
S01013429,O P Q. Public administration education and health,88,84,20,64,4,2,2
S01013429,R S T U. Other,14,9,2,7,5,0,5
S01013430,All people aged 16 to 74 in employment,370,329,73,256,41,7,34
S01013430,A B D E. Agriculture energy and water,13,9,0,9,4,0,4
S01013430,C. Manufacturing,43,38,6,32,5,1,4
S01013430,F. Construction,30,20,2,18,10,1,9
S01013430,G I. Distribution hotels and restaurants,81,75,21,54,6,0,6
S01013430,H J. Transport and communication,39,34,4,30,5,0,5
S01013430,K L M N. Financial real estate professional and administrative activities,57,55,6,49,2,1,1
S01013430,O P Q. Public administration education and health,99,94,32,62,5,2,3
S01013430,R S T U. Other,8,4,2,2,4,2,2
S01013431,All people aged 16 to 74 in employment,314,272,65,207,42,10,32
S01013431,A B D E. Agriculture energy and water,10,6,0,6,4,0,4
S01013431,C. Manufacturing,44,44,3,41,0,0,0
S01013431,F. Construction,28,18,0,18,10,2,8
S01013431,G I. Distribution hotels and restaurants,70,63,21,42,7,0,7
S01013431,H J. Transport and communication,28,24,2,22,4,0,4
S01013431,K L M N. Financial real estate professional and administrative activities,50,43,11,32,7,3,4
S01013431,O P Q. Public administration education and health,71,67,23,44,4,2,2
S01013431,R S T U. Other,13,7,5,2,6,3,3
S01013432,All people aged 16 to 74 in employment,365,306,70,236,59,15,44
S01013432,A B D E. Agriculture energy and water,21,11,1,10,10,0,10
S01013432,C. Manufacturing,42,39,6,33,3,1,2
S01013432,F. Construction,27,18,2,16,9,0,9
S01013432,G I. Distribution hotels and restaurants,67,58,22,36,9,2,7
S01013432,H J. Transport and communication,47,38,5,33,9,3,6
S01013432,K L M N. Financial real estate professional and administrative activities,46,36,9,27,10,4,6
S01013432,O P Q. Public administration education and health,94,89,19,70,5,3,2
S01013432,R S T U. Other,21,17,6,11,4,2,2
S01013433,All people aged 16 to 74 in employment,375,319,82,237,56,13,43
S01013433,A B D E. Agriculture energy and water,17,13,2,11,4,0,4
S01013433,C. Manufacturing,32,29,6,23,3,0,3
S01013433,F. Construction,31,24,4,20,7,4,3
S01013433,G I. Distribution hotels and restaurants,58,49,24,25,9,1,8
S01013433,H J. Transport and communication,20,19,3,16,1,0,1
S01013433,K L M N. Financial real estate professional and administrative activities,84,67,11,56,17,4,13
S01013433,O P Q. Public administration education and health,115,105,27,78,10,2,8
S01013433,R S T U. Other,18,13,5,8,5,2,3
S01013434,All people aged 16 to 74 in employment,297,212,60,152,85,19,66
S01013434,A B D E. Agriculture energy and water,33,12,2,10,21,2,19
S01013434,C. Manufacturing,17,16,2,14,1,0,1
S01013434,F. Construction,17,8,0,8,9,1,8
S01013434,G I. Distribution hotels and restaurants,55,35,13,22,20,7,13
S01013434,H J. Transport and communication,12,11,1,10,1,0,1
S01013434,K L M N. Financial real estate professional and administrative activities,61,44,10,34,17,3,14
S01013434,O P Q. Public administration education and health,88,76,27,49,12,4,8
S01013434,R S T U. Other,14,10,5,5,4,2,2
S01013435,All people aged 16 to 74 in employment,368,316,103,213,52,22,30
S01013435,A B D E. Agriculture energy and water,8,8,2,6,0,0,0
S01013435,C. Manufacturing,30,26,5,21,4,2,2
S01013435,F. Construction,18,12,2,10,6,2,4
S01013435,G I. Distribution hotels and restaurants,40,35,24,11,5,1,4
S01013435,H J. Transport and communication,31,28,3,25,3,0,3
S01013435,K L M N. Financial real estate professional and administrative activities,95,78,19,59,17,6,11
S01013435,O P Q. Public administration education and health,132,117,43,74,15,9,6
S01013435,R S T U. Other,14,12,5,7,2,2,0
S01013436,All people aged 16 to 74 in employment,432,391,129,262,41,11,30
S01013436,A B D E. Agriculture energy and water,15,12,0,12,3,0,3
S01013436,C. Manufacturing,31,31,3,28,0,0,0
S01013436,F. Construction,29,20,0,20,9,1,8
S01013436,G I. Distribution hotels and restaurants,92,86,44,42,6,0,6
S01013436,H J. Transport and communication,30,27,3,24,3,1,2
S01013436,K L M N. Financial real estate professional and administrative activities,79,69,16,53,10,3,7
S01013436,O P Q. Public administration education and health,138,132,56,76,6,4,2
S01013436,R S T U. Other,18,14,7,7,4,2,2
S01013437,All people aged 16 to 74 in employment,373,342,84,258,31,9,22
S01013437,A B D E. Agriculture energy and water,7,7,0,7,0,0,0
S01013437,C. Manufacturing,24,21,0,21,3,1,2
S01013437,F. Construction,34,28,1,27,6,2,4
S01013437,G I. Distribution hotels and restaurants,69,65,31,34,4,0,4
S01013437,H J. Transport and communication,37,34,3,31,3,1,2
S01013437,K L M N. Financial real estate professional and administrative activities,78,69,8,61,9,4,5
S01013437,O P Q. Public administration education and health,107,106,37,69,1,0,1
S01013437,R S T U. Other,17,12,4,8,5,1,4
S01013438,All people aged 16 to 74 in employment,260,224,73,151,36,11,25
S01013438,A B D E. Agriculture energy and water,10,9,1,8,1,1,0
S01013438,C. Manufacturing,23,18,1,17,5,2,3
S01013438,F. Construction,19,14,0,14,5,0,5
S01013438,G I. Distribution hotels and restaurants,57,53,30,23,4,1,3
S01013438,H J. Transport and communication,26,22,2,20,4,0,4
S01013438,K L M N. Financial real estate professional and administrative activities,49,39,6,33,10,4,6
S01013438,O P Q. Public administration education and health,58,54,26,28,4,1,3
S01013438,R S T U. Other,18,15,7,8,3,2,1
S01013439,All people aged 16 to 74 in employment,416,363,113,250,53,27,26
S01013439,A B D E. Agriculture energy and water,6,5,0,5,1,0,1
S01013439,C. Manufacturing,28,25,4,21,3,2,1
S01013439,F. Construction,24,22,2,20,2,1,1
S01013439,G I. Distribution hotels and restaurants,63,49,27,22,14,6,8
S01013439,H J. Transport and communication,29,24,4,20,5,3,2
S01013439,K L M N. Financial real estate professional and administrative activities,88,72,14,58,16,7,9
S01013439,O P Q. Public administration education and health,164,154,55,99,10,6,4
S01013439,R S T U. Other,14,12,7,5,2,2,0
S01013440,All people aged 16 to 74 in employment,486,426,128,298,60,20,40
S01013440,A B D E. Agriculture energy and water,14,11,0,11,3,0,3
S01013440,C. Manufacturing,38,35,3,32,3,1,2
S01013440,F. Construction,21,15,4,11,6,0,6
S01013440,G I. Distribution hotels and restaurants,50,46,26,20,4,1,3
S01013440,H J. Transport and communication,37,31,1,30,6,3,3
S01013440,K L M N. Financial real estate professional and administrative activities,130,106,21,85,24,9,15
S01013440,O P Q. Public administration education and health,176,165,68,97,11,5,6
S01013440,R S T U. Other,20,17,5,12,3,1,2
S01013441,All people aged 16 to 74 in employment,389,330,82,248,59,22,37
S01013441,A B D E. Agriculture energy and water,8,6,0,6,2,0,2
S01013441,C. Manufacturing,28,23,4,19,5,2,3
S01013441,F. Construction,17,12,1,11,5,0,5
S01013441,G I. Distribution hotels and restaurants,51,42,17,25,9,4,5
S01013441,H J. Transport and communication,37,31,4,27,6,2,4
S01013441,K L M N. Financial real estate professional and administrative activities,110,89,11,78,21,9,12
S01013441,O P Q. Public administration education and health,121,113,40,73,8,3,5
S01013441,R S T U. Other,17,14,5,9,3,2,1
S01013442,All people aged 16 to 74 in employment,438,392,105,287,46,13,33
S01013442,A B D E. Agriculture energy and water,10,10,2,8,0,0,0
S01013442,C. Manufacturing,39,35,6,29,4,0,4
S01013442,F. Construction,36,26,3,23,10,0,10
S01013442,G I. Distribution hotels and restaurants,65,61,29,32,4,0,4
S01013442,H J. Transport and communication,43,39,3,36,4,1,3
S01013442,K L M N. Financial real estate professional and administrative activities,78,67,15,52,11,3,8
S01013442,O P Q. Public administration education and health,147,140,42,98,7,6,1
S01013442,R S T U. Other,20,14,5,9,6,3,3
S01013443,All people aged 16 to 74 in employment,323,282,71,211,41,11,30
S01013443,A B D E. Agriculture energy and water,11,10,1,9,1,0,1
S01013443,C. Manufacturing,29,28,2,26,1,0,1
S01013443,F. Construction,19,16,3,13,3,0,3
S01013443,G I. Distribution hotels and restaurants,59,46,20,26,13,3,10
S01013443,H J. Transport and communication,21,18,1,17,3,1,2
S01013443,K L M N. Financial real estate professional and administrative activities,71,58,10,48,13,4,9
S01013443,O P Q. Public administration education and health,97,93,28,65,4,2,2
S01013443,R S T U. Other,16,13,6,7,3,1,2
S01013444,All people aged 16 to 74 in employment,469,400,102,298,69,10,59
S01013444,A B D E. Agriculture energy and water,4,3,0,3,1,0,1
S01013444,C. Manufacturing,29,27,3,24,2,0,2
S01013444,F. Construction,26,17,0,17,9,2,7
S01013444,G I. Distribution hotels and restaurants,105,94,40,54,11,1,10
S01013444,H J. Transport and communication,43,33,3,30,10,0,10
S01013444,K L M N. Financial real estate professional and administrative activities,98,81,13,68,17,4,13
S01013444,O P Q. Public administration education and health,136,127,39,88,9,2,7
S01013444,R S T U. Other,28,18,4,14,10,1,9
S01013445,All people aged 16 to 74 in employment,288,247,72,175,41,9,32
S01013445,A B D E. Agriculture energy and water,9,7,0,7,2,0,2
S01013445,C. Manufacturing,19,18,2,16,1,0,1
S01013445,F. Construction,18,14,2,12,4,0,4
S01013445,G I. Distribution hotels and restaurants,50,41,14,27,9,1,8
S01013445,H J. Transport and communication,12,12,0,12,0,0,0
S01013445,K L M N. Financial real estate professional and administrative activities,74,64,16,48,10,6,4
S01013445,O P Q. Public administration education and health,97,85,35,50,12,1,11
S01013445,R S T U. Other,9,6,3,3,3,1,2
S01013446,All people aged 16 to 74 in employment,330,303,90,213,27,9,18
S01013446,A B D E. Agriculture energy and water,8,8,1,7,0,0,0
S01013446,C. Manufacturing,33,31,1,30,2,1,1
S01013446,F. Construction,27,18,3,15,9,2,7
S01013446,G I. Distribution hotels and restaurants,75,72,27,45,3,0,3
S01013446,H J. Transport and communication,28,24,4,20,4,1,3
S01013446,K L M N. Financial real estate professional and administrative activities,59,54,17,37,5,2,3
S01013446,O P Q. Public administration education and health,91,90,34,56,1,1,0
S01013446,R S T U. Other,9,6,3,3,3,2,1
S01013447,All people aged 16 to 74 in employment,340,302,91,211,38,8,30
S01013447,A B D E. Agriculture energy and water,5,3,0,3,2,0,2
S01013447,C. Manufacturing,21,20,1,19,1,0,1
S01013447,F. Construction,15,13,2,11,2,1,1
S01013447,G I. Distribution hotels and restaurants,54,50,22,28,4,1,3
S01013447,H J. Transport and communication,33,29,2,27,4,0,4
S01013447,K L M N. Financial real estate professional and administrative activities,108,90,21,69,18,3,15
S01013447,O P Q. Public administration education and health,99,93,43,50,6,3,3
S01013447,R S T U. Other,5,4,0,4,1,0,1
S01013448,All people aged 16 to 74 in employment,368,318,74,244,50,20,30
S01013448,A B D E. Agriculture energy and water,9,9,0,9,0,0,0
S01013448,C. Manufacturing,25,24,1,23,1,1,0
S01013448,F. Construction,21,15,1,14,6,1,5
S01013448,G I. Distribution hotels and restaurants,50,47,16,31,3,1,2
S01013448,H J. Transport and communication,37,32,6,26,5,1,4
S01013448,K L M N. Financial real estate professional and administrative activities,81,63,9,54,18,6,12
S01013448,O P Q. Public administration education and health,127,117,35,82,10,4,6
S01013448,R S T U. Other,18,11,6,5,7,6,1
S01013449,All people aged 16 to 74 in employment,373,334,107,227,39,16,23
S01013449,A B D E. Agriculture energy and water,5,5,0,5,0,0,0
S01013449,C. Manufacturing,29,28,4,24,1,0,1
S01013449,F. Construction,16,12,0,12,4,0,4
S01013449,G I. Distribution hotels and restaurants,61,53,32,21,8,3,5
S01013449,H J. Transport and communication,31,30,7,23,1,0,1
S01013449,K L M N. Financial real estate professional and administrative activities,84,72,16,56,12,6,6
S01013449,O P Q. Public administration education and health,128,120,41,79,8,5,3
S01013449,R S T U. Other,19,14,7,7,5,2,3
S01013450,All people aged 16 to 74 in employment,347,324,88,236,23,9,14
S01013450,A B D E. Agriculture energy and water,9,9,0,9,0,0,0
S01013450,C. Manufacturing,19,18,0,18,1,0,1
S01013450,F. Construction,11,9,0,9,2,1,1
S01013450,G I. Distribution hotels and restaurants,61,58,27,31,3,1,2
S01013450,H J. Transport and communication,25,23,5,18,2,1,1
S01013450,K L M N. Financial real estate professional and administrative activities,77,71,9,62,6,1,5
S01013450,O P Q. Public administration education and health,129,124,42,82,5,3,2
S01013450,R S T U. Other,16,12,5,7,4,2,2
S01013451,All people aged 16 to 74 in employment,499,446,145,301,53,16,37
S01013451,A B D E. Agriculture energy and water,5,5,0,5,0,0,0
S01013451,C. Manufacturing,42,39,1,38,3,1,2
S01013451,F. Construction,23,18,2,16,5,0,5
S01013451,G I. Distribution hotels and restaurants,71,65,41,24,6,1,5
S01013451,H J. Transport and communication,43,36,4,32,7,0,7
S01013451,K L M N. Financial real estate professional and administrative activities,120,107,27,80,13,6,7
S01013451,O P Q. Public administration education and health,172,158,62,96,14,5,9
S01013451,R S T U. Other,23,18,8,10,5,3,2
S01013452,All people aged 16 to 74 in employment,417,360,92,268,57,19,38
S01013452,A B D E. Agriculture energy and water,12,8,0,8,4,2,2
S01013452,C. Manufacturing,38,37,2,35,1,0,1
S01013452,F. Construction,27,20,1,19,7,1,6
S01013452,G I. Distribution hotels and restaurants,59,51,26,25,8,2,6
S01013452,H J. Transport and communication,29,21,5,16,8,3,5
S01013452,K L M N. Financial real estate professional and administrative activities,107,90,14,76,17,6,11
S01013452,O P Q. Public administration education and health,130,121,39,82,9,5,4
S01013452,R S T U. Other,15,12,5,7,3,0,3
S01013453,All people aged 16 to 74 in employment,318,294,79,215,24,9,15
S01013453,A B D E. Agriculture energy and water,6,6,2,4,0,0,0
S01013453,C. Manufacturing,28,28,0,28,0,0,0
S01013453,F. Construction,35,28,1,27,7,1,6
S01013453,G I. Distribution hotels and restaurants,80,74,25,49,6,3,3
S01013453,H J. Transport and communication,35,33,7,26,2,0,2
S01013453,K L M N. Financial real estate professional and administrative activities,53,49,13,36,4,1,3
S01013453,O P Q. Public administration education and health,63,61,25,36,2,1,1
S01013453,R S T U. Other,18,15,6,9,3,3,0
S01013454,All people aged 16 to 74 in employment,410,350,75,275,60,15,45
S01013454,A B D E. Agriculture energy and water,16,12,0,12,4,1,3
S01013454,C. Manufacturing,46,44,2,42,2,1,1
S01013454,F. Construction,30,21,2,19,9,2,7
S01013454,G I. Distribution hotels and restaurants,71,57,21,36,14,3,11
S01013454,H J. Transport and communication,28,24,2,22,4,0,4
S01013454,K L M N. Financial real estate professional and administrative activities,92,80,15,65,12,3,9
S01013454,O P Q. Public administration education and health,109,100,30,70,9,3,6
S01013454,R S T U. Other,18,12,3,9,6,2,4
S01013455,All people aged 16 to 74 in employment,286,242,45,197,44,15,29
S01013455,A B D E. Agriculture energy and water,15,10,1,9,5,0,5
S01013455,C. Manufacturing,15,11,0,11,4,2,2
S01013455,F. Construction,27,19,0,19,8,1,7
S01013455,G I. Distribution hotels and restaurants,52,45,9,36,7,2,5
S01013455,H J. Transport and communication,25,23,1,22,2,1,1
S01013455,K L M N. Financial real estate professional and administrative activities,60,49,11,38,11,6,5
S01013455,O P Q. Public administration education and health,76,73,21,52,3,2,1
S01013455,R S T U. Other,16,12,2,10,4,1,3
S01013456,All people aged 16 to 74 in employment,365,336,72,264,29,5,24
S01013456,A B D E. Agriculture energy and water,10,8,0,8,2,0,2
S01013456,C. Manufacturing,29,29,4,25,0,0,0
S01013456,F. Construction,36,27,1,26,9,1,8
S01013456,G I. Distribution hotels and restaurants,87,82,29,53,5,1,4
S01013456,H J. Transport and communication,36,34,3,31,2,0,2
S01013456,K L M N. Financial real estate professional and administrative activities,64,59,11,48,5,2,3
S01013456,O P Q. Public administration education and health,83,81,23,58,2,0,2
S01013456,R S T U. Other,20,16,1,15,4,1,3
S01013457,All people aged 16 to 74 in employment,404,379,107,272,25,4,21
S01013457,A B D E. Agriculture energy and water,14,11,1,10,3,2,1
S01013457,C. Manufacturing,59,58,8,50,1,0,1
S01013457,F. Construction,24,14,2,12,10,0,10
S01013457,G I. Distribution hotels and restaurants,108,108,44,64,0,0,0
S01013457,H J. Transport and communication,33,32,7,25,1,0,1
S01013457,K L M N. Financial real estate professional and administrative activities,72,67,12,55,5,2,3
S01013457,O P Q. Public administration education and health,76,72,26,46,4,0,4
S01013457,R S T U. Other,18,17,7,10,1,0,1
S01013458,All people aged 16 to 74 in employment,380,335,74,261,45,8,37
S01013458,A B D E. Agriculture energy and water,12,11,0,11,1,1,0
S01013458,C. Manufacturing,44,41,5,36,3,1,2
S01013458,F. Construction,27,20,1,19,7,0,7
S01013458,G I. Distribution hotels and restaurants,81,69,27,42,12,2,10
S01013458,H J. Transport and communication,44,38,0,38,6,0,6
S01013458,K L M N. Financial real estate professional and administrative activities,63,53,12,41,10,3,7
S01013458,O P Q. Public administration education and health,90,88,27,61,2,1,1
S01013458,R S T U. Other,19,15,2,13,4,0,4
S01013459,All people aged 16 to 74 in employment,393,358,86,272,35,10,25
S01013459,A B D E. Agriculture energy and water,10,9,2,7,1,0,1
S01013459,C. Manufacturing,67,64,4,60,3,1,2
S01013459,F. Construction,24,11,0,11,13,1,12
S01013459,G I. Distribution hotels and restaurants,88,84,38,46,4,1,3
S01013459,H J. Transport and communication,43,38,6,32,5,1,4
S01013459,K L M N. Financial real estate professional and administrative activities,64,62,12,50,2,1,1
S01013459,O P Q. Public administration education and health,82,77,21,56,5,3,2
S01013459,R S T U. Other,15,13,3,10,2,2,0
S01013460,All people aged 16 to 74 in employment,375,342,93,249,33,5,28
S01013460,A B D E. Agriculture energy and water,10,10,1,9,0,0,0
S01013460,C. Manufacturing,40,37,4,33,3,0,3
S01013460,F. Construction,35,31,4,27,4,0,4
S01013460,G I. Distribution hotels and restaurants,87,85,27,58,2,0,2
S01013460,H J. Transport and communication,34,26,9,17,8,0,8
S01013460,K L M N. Financial real estate professional and administrative activities,57,48,15,33,9,1,8
S01013460,O P Q. Public administration education and health,96,90,27,63,6,3,3
S01013460,R S T U. Other,16,15,6,9,1,1,0
S01013461,All people aged 16 to 74 in employment,571,531,138,393,40,10,30
S01013461,A B D E. Agriculture energy and water,8,8,0,8,0,0,0
S01013461,C. Manufacturing,71,70,7,63,1,0,1
S01013461,F. Construction,42,31,0,31,11,1,10
S01013461,G I. Distribution hotels and restaurants,143,134,50,84,9,1,8
S01013461,H J. Transport and communication,42,37,6,31,5,1,4
S01013461,K L M N. Financial real estate professional and administrative activities,111,101,23,78,10,5,5
S01013461,O P Q. Public administration education and health,138,136,47,89,2,2,0
S01013461,R S T U. Other,16,14,5,9,2,0,2
S01013462,All people aged 16 to 74 in employment,515,473,94,379,42,11,31
S01013462,A B D E. Agriculture energy and water,23,21,3,18,2,1,1
S01013462,C. Manufacturing,53,50,2,48,3,1,2
S01013462,F. Construction,35,27,0,27,8,1,7
S01013462,G I. Distribution hotels and restaurants,99,93,32,61,6,1,5
S01013462,H J. Transport and communication,60,54,8,46,6,2,4
S01013462,K L M N. Financial real estate professional and administrative activities,91,81,14,67,10,3,7
S01013462,O P Q. Public administration education and health,129,126,28,98,3,2,1
S01013462,R S T U. Other,25,21,7,14,4,0,4
S01013463,All people aged 16 to 74 in employment,273,253,70,183,20,6,14
S01013463,A B D E. Agriculture energy and water,8,7,0,7,1,0,1
S01013463,C. Manufacturing,32,31,3,28,1,0,1
S01013463,F. Construction,13,10,0,10,3,0,3
S01013463,G I. Distribution hotels and restaurants,74,71,32,39,3,0,3
S01013463,H J. Transport and communication,17,15,0,15,2,0,2
S01013463,K L M N. Financial real estate professional and administrative activities,43,38,3,35,5,3,2
S01013463,O P Q. Public administration education and health,76,73,29,44,3,1,2
S01013463,R S T U. Other,10,8,3,5,2,2,0
S01013464,All people aged 16 to 74 in employment,362,326,74,252,36,12,24
S01013464,A B D E. Agriculture energy and water,11,8,1,7,3,1,2
S01013464,C. Manufacturing,27,27,2,25,0,0,0
S01013464,F. Construction,28,24,0,24,4,0,4
S01013464,G I. Distribution hotels and restaurants,63,58,23,35,5,2,3
S01013464,H J. Transport and communication,39,36,5,31,3,2,1
S01013464,K L M N. Financial real estate professional and administrative activities,60,50,10,40,10,2,8
S01013464,O P Q. Public administration education and health,113,109,29,80,4,2,2
S01013464,R S T U. Other,21,14,4,10,7,3,4
S01013465,All people aged 16 to 74 in employment,316,288,69,219,28,9,19
S01013465,A B D E. Agriculture energy and water,7,7,1,6,0,0,0
S01013465,C. Manufacturing,39,36,0,36,3,0,3
S01013465,F. Construction,18,16,1,15,2,0,2
S01013465,G I. Distribution hotels and restaurants,68,60,18,42,8,2,6
S01013465,H J. Transport and communication,31,22,4,18,9,3,6
S01013465,K L M N. Financial real estate professional and administrative activities,57,53,6,47,4,2,2
S01013465,O P Q. Public administration education and health,79,78,25,53,1,1,0
S01013465,R S T U. Other,17,16,14,2,1,1,0
S01013466,All people aged 16 to 74 in employment,174,140,44,96,34,7,27
S01013466,A B D E. Agriculture energy and water,37,24,10,14,13,4,9
S01013466,C. Manufacturing,16,12,2,10,4,0,4
S01013466,F. Construction,6,4,2,2,2,0,2
S01013466,G I. Distribution hotels and restaurants,23,18,8,10,5,1,4
S01013466,H J. Transport and communication,12,11,1,10,1,0,1
S01013466,K L M N. Financial real estate professional and administrative activities,25,21,5,16,4,0,4
S01013466,O P Q. Public administration education and health,41,39,13,26,2,1,1
S01013466,R S T U. Other,14,11,3,8,3,1,2
S01013467,All people aged 16 to 74 in employment,505,462,102,360,43,13,30
S01013467,A B D E. Agriculture energy and water,14,11,1,10,3,0,3
S01013467,C. Manufacturing,60,58,4,54,2,1,1
S01013467,F. Construction,30,25,2,23,5,0,5
S01013467,G I. Distribution hotels and restaurants,76,72,27,45,4,2,2
S01013467,H J. Transport and communication,45,38,1,37,7,1,6
S01013467,K L M N. Financial real estate professional and administrative activities,124,114,27,87,10,2,8
S01013467,O P Q. Public administration education and health,143,137,37,100,6,4,2
S01013467,R S T U. Other,13,7,3,4,6,3,3
S01013468,All people aged 16 to 74 in employment,308,274,76,198,34,8,26
S01013468,A B D E. Agriculture energy and water,5,4,1,3,1,0,1
S01013468,C. Manufacturing,33,31,4,27,2,0,2
S01013468,F. Construction,26,13,2,11,13,2,11
S01013468,G I. Distribution hotels and restaurants,53,49,25,24,4,1,3
S01013468,H J. Transport and communication,26,22,3,19,4,3,1
S01013468,K L M N. Financial real estate professional and administrative activities,56,50,4,46,6,1,5
S01013468,O P Q. Public administration education and health,97,96,33,63,1,0,1
S01013468,R S T U. Other,12,9,4,5,3,1,2
S01013469,All people aged 16 to 74 in employment,387,340,104,236,47,13,34
S01013469,A B D E. Agriculture energy and water,2,2,0,2,0,0,0
S01013469,C. Manufacturing,46,42,5,37,4,1,3
S01013469,F. Construction,24,16,0,16,8,1,7
S01013469,G I. Distribution hotels and restaurants,68,64,25,39,4,2,2
S01013469,H J. Transport and communication,38,30,5,25,8,1,7
S01013469,K L M N. Financial real estate professional and administrative activities,63,48,15,33,15,5,10
S01013469,O P Q. Public administration education and health,124,118,45,73,6,2,4
S01013469,R S T U. Other,22,20,9,11,2,1,1
S01013470,All people aged 16 to 74 in employment,342,317,78,239,25,12,13
S01013470,A B D E. Agriculture energy and water,10,9,1,8,1,1,0
S01013470,C. Manufacturing,44,44,1,43,0,0,0
S01013470,F. Construction,27,20,2,18,7,1,6
S01013470,G I. Distribution hotels and restaurants,88,84,21,63,4,1,3
S01013470,H J. Transport and communication,39,35,8,27,4,2,2
S01013470,K L M N. Financial real estate professional and administrative activities,48,45,12,33,3,3,0
S01013470,O P Q. Public administration education and health,73,69,27,42,4,2,2
S01013470,R S T U. Other,13,11,6,5,2,2,0
S01013471,All people aged 16 to 74 in employment,455,423,121,302,32,9,23
S01013471,A B D E. Agriculture energy and water,15,13,3,10,2,1,1
S01013471,C. Manufacturing,68,66,6,60,2,0,2
S01013471,F. Construction,36,31,1,30,5,0,5
S01013471,G I. Distribution hotels and restaurants,107,104,40,64,3,1,2
S01013471,H J. Transport and communication,41,33,8,25,8,4,4
S01013471,K L M N. Financial real estate professional and administrative activities,62,59,12,47,3,1,2
S01013471,O P Q. Public administration education and health,110,104,42,62,6,2,4
S01013471,R S T U. Other,16,13,9,4,3,0,3
S01013472,All people aged 16 to 74 in employment,356,313,80,233,43,10,33
S01013472,A B D E. Agriculture energy and water,4,3,0,3,1,0,1
S01013472,C. Manufacturing,34,30,3,27,4,1,3
S01013472,F. Construction,17,13,2,11,4,1,3
S01013472,G I. Distribution hotels and restaurants,71,60,22,38,11,4,7
S01013472,H J. Transport and communication,38,30,6,24,8,1,7
S01013472,K L M N. Financial real estate professional and administrative activities,95,87,15,72,8,2,6
S01013472,O P Q. Public administration education and health,85,81,26,55,4,1,3
S01013472,R S T U. Other,12,9,6,3,3,0,3
S01013473,All people aged 16 to 74 in employment,381,343,91,252,38,5,33
S01013473,A B D E. Agriculture energy and water,7,7,1,6,0,0,0
S01013473,C. Manufacturing,29,27,3,24,2,0,2
S01013473,F. Construction,20,15,4,11,5,1,4
S01013473,G I. Distribution hotels and restaurants,70,58,28,30,12,1,11
S01013473,H J. Transport and communication,27,21,2,19,6,0,6
S01013473,K L M N. Financial real estate professional and administrative activities,110,102,17,85,8,2,6
S01013473,O P Q. Public administration education and health,107,103,33,70,4,1,3
S01013473,R S T U. Other,11,10,3,7,1,0,1
S01013474,All people aged 16 to 74 in employment,349,314,73,241,35,8,27
S01013474,A B D E. Agriculture energy and water,6,6,1,5,0,0,0
S01013474,C. Manufacturing,28,27,4,23,1,0,1
S01013474,F. Construction,22,16,1,15,6,0,6
S01013474,G I. Distribution hotels and restaurants,64,60,23,37,4,0,4
S01013474,H J. Transport and communication,42,38,4,34,4,1,3
S01013474,K L M N. Financial real estate professional and administrative activities,81,72,13,59,9,4,5
S01013474,O P Q. Public administration education and health,94,87,24,63,7,1,6
S01013474,R S T U. Other,12,8,3,5,4,2,2
S01013475,All people aged 16 to 74 in employment,323,286,90,196,37,9,28
S01013475,A B D E. Agriculture energy and water,3,3,0,3,0,0,0
S01013475,C. Manufacturing,35,33,2,31,2,0,2
S01013475,F. Construction,28,19,3,16,9,1,8
S01013475,G I. Distribution hotels and restaurants,75,69,35,34,6,1,5
S01013475,H J. Transport and communication,32,29,6,23,3,1,2
S01013475,K L M N. Financial real estate professional and administrative activities,43,38,12,26,5,2,3
S01013475,O P Q. Public administration education and health,80,76,23,53,4,1,3
S01013475,R S T U. Other,27,19,9,10,8,3,5
S01013476,All people aged 16 to 74 in employment,318,294,78,216,24,1,23
S01013476,A B D E. Agriculture energy and water,6,5,0,5,1,0,1
S01013476,C. Manufacturing,48,47,1,46,1,0,1
S01013476,F. Construction,18,13,1,12,5,0,5
S01013476,G I. Distribution hotels and restaurants,72,65,31,34,7,0,7
S01013476,H J. Transport and communication,28,22,3,19,6,0,6
S01013476,K L M N. Financial real estate professional and administrative activities,52,51,9,42,1,0,1
S01013476,O P Q. Public administration education and health,79,77,28,49,2,1,1
S01013476,R S T U. Other,15,14,5,9,1,0,1
S01013477,All people aged 16 to 74 in employment,286,257,55,202,29,6,23
S01013477,A B D E. Agriculture energy and water,8,8,0,8,0,0,0
S01013477,C. Manufacturing,55,52,5,47,3,0,3
S01013477,F. Construction,23,16,0,16,7,0,7
S01013477,G I. Distribution hotels and restaurants,56,51,25,26,5,0,5
S01013477,H J. Transport and communication,22,19,3,16,3,1,2
S01013477,K L M N. Financial real estate professional and administrative activities,49,44,8,36,5,1,4
S01013477,O P Q. Public administration education and health,59,59,13,46,0,0,0
S01013477,R S T U. Other,14,8,1,7,6,4,2
S01013478,All people aged 16 to 74 in employment,459,414,112,302,45,11,34
S01013478,A B D E. Agriculture energy and water,5,5,1,4,0,0,0
S01013478,C. Manufacturing,50,50,4,46,0,0,0
S01013478,F. Construction,38,25,3,22,13,3,10
S01013478,G I. Distribution hotels and restaurants,107,103,40,63,4,1,3
S01013478,H J. Transport and communication,42,33,4,29,9,0,9
S01013478,K L M N. Financial real estate professional and administrative activities,84,74,14,60,10,2,8
S01013478,O P Q. Public administration education and health,120,115,42,73,5,2,3
S01013478,R S T U. Other,13,9,4,5,4,3,1
S01013479,All people aged 16 to 74 in employment,364,337,65,272,27,8,19
S01013479,A B D E. Agriculture energy and water,7,7,0,7,0,0,0
S01013479,C. Manufacturing,69,67,2,65,2,0,2
S01013479,F. Construction,19,16,1,15,3,1,2
S01013479,G I. Distribution hotels and restaurants,103,96,28,68,7,2,5
S01013479,H J. Transport and communication,34,29,3,26,5,1,4
S01013479,K L M N. Financial real estate professional and administrative activities,52,51,12,39,1,0,1
S01013479,O P Q. Public administration education and health,63,57,15,42,6,4,2
S01013479,R S T U. Other,17,14,4,10,3,0,3
S01013480,All people aged 16 to 74 in employment,294,273,65,208,21,5,16
S01013480,A B D E. Agriculture energy and water,3,3,1,2,0,0,0
S01013480,C. Manufacturing,74,74,1,73,0,0,0
S01013480,F. Construction,22,16,0,16,6,0,6
S01013480,G I. Distribution hotels and restaurants,70,65,28,37,5,1,4
S01013480,H J. Transport and communication,26,23,3,20,3,1,2
S01013480,K L M N. Financial real estate professional and administrative activities,37,35,11,24,2,0,2
S01013480,O P Q. Public administration education and health,48,45,16,29,3,2,1
S01013480,R S T U. Other,14,12,5,7,2,1,1
S01013481,All people aged 16 to 74 in employment,222,192,36,156,30,6,24
S01013481,A B D E. Agriculture energy and water,10,5,0,5,5,0,5
S01013481,C. Manufacturing,38,37,2,35,1,0,1
S01013481,F. Construction,27,23,3,20,4,0,4
S01013481,G I. Distribution hotels and restaurants,42,36,9,27,6,2,4
S01013481,H J. Transport and communication,12,10,1,9,2,0,2
S01013481,K L M N. Financial real estate professional and administrative activities,26,22,5,17,4,2,2
S01013481,O P Q. Public administration education and health,55,50,12,38,5,2,3
S01013481,R S T U. Other,12,9,4,5,3,0,3
