,LC6602SC0001,LC6602SC0002,LC6602SC0003,LC6602SC0004,LC6602SC0005,LC6602SC0006,LC6602SC0007,LC6602SC0008,LC6602SC0009,LC6602SC0010,LC6602SC0011,LC6602SC0012,LC6602SC0013,LC6602SC0014,LC6602SC0015,LC6602SC0016,LC6602SC0017,LC6602SC0018,LC6602SC0019,LC6602SC0020,LC6602SC0021,LC6602SC0022,LC6602SC0023,LC6602SC0024,LC6602SC0025,LC6602SC0026,LC6602SC0027,LC6602SC0028,LC6602SC0029,LC6602SC0030,LC6602SC0031,LC6602SC0032,LC6602SC0033,LC6602SC0034,LC6602SC0035,LC6602SC0036,LC6602SC0037,LC6602SC0038,LC6602SC0039,LC6602SC0040,LC6602SC0041,LC6602SC0042,LC6602SC0043,LC6602SC0044,LC6602SC0045,LC6602SC0046,LC6602SC0047,LC6602SC0048,LC6602SC0049,LC6602SC0050,LC6602SC0051,LC6602SC0052,LC6602SC0053,LC6602SC0054,LC6602SC0055,LC6602SC0056,LC6602SC0057,LC6602SC0058,LC6602SC0059,LC6602SC0060,LC6602SC0061,LC6602SC0062,LC6602SC0063
S92000003,2516895,2215165,625272,1589893,301730,80345,221385,115273,89319,7435,81884,25954,3760,22194,202396,188391,15327,173064,14005,3054,10951,200343,145195,9768,135427,55148,7335,47813,534797,482628,224248,258380,52169,11887,40282,194125,160900,24593,136307,33225,7541,25684,383606,329176,72817,256359,54430,17281,37149,764093,726780,234390,492390,37313,16724,20589,122262,92776,36694,56082,29486,12763,16723
S01006506,507,426,96,330,81,24,57,52,49,4,45,3,1,2,37,30,0,30,7,2,5,21,15,0,15,6,2,4,78,67,32,35,11,3,8,41,32,3,29,9,1,8,106,84,15,69,22,7,15,148,130,37,93,18,7,11,24,19,5,14,5,1,4
S01006507,461,405,136,269,56,16,40,49,41,2,39,8,1,7,21,20,3,17,1,0,1,33,22,1,21,11,4,7,109,100,43,57,9,1,8,27,21,5,16,6,1,5,79,67,18,49,12,5,7,108,106,48,58,2,1,1,35,28,16,12,7,3,4
S01006508,425,377,67,310,48,11,37,53,49,3,46,4,2,2,33,32,1,31,1,0,1,33,27,0,27,6,1,5,77,72,35,37,5,1,4,37,26,2,24,11,1,10,74,64,5,59,10,1,9,101,94,18,76,7,3,4,17,13,3,10,4,2,2
S01006509,305,270,71,199,35,12,23,22,22,4,18,0,0,0,29,23,1,22,6,1,5,22,15,2,13,7,2,5,56,52,22,30,4,1,3,32,24,3,21,8,1,7,50,47,8,39,3,1,2,78,75,28,47,3,3,0,16,12,3,9,4,3,1
S01006510,291,258,71,187,33,13,20,16,14,1,13,2,0,2,23,22,1,21,1,0,1,24,12,1,11,12,5,7,52,48,15,33,4,0,4,27,26,5,21,1,0,1,45,40,4,36,5,3,2,91,85,42,43,6,4,2,13,11,2,9,2,1,1
S01006511,348,306,93,213,42,11,31,37,35,2,33,2,0,2,16,12,1,11,4,1,3,21,11,1,10,10,2,8,62,52,29,23,10,1,9,21,19,2,17,2,0,2,69,61,11,50,8,4,4,106,102,39,63,4,2,2,16,14,8,6,2,1,1
S01006512,248,197,60,137,51,13,38,35,23,0,23,12,2,10,18,14,4,10,4,0,4,19,13,0,13,6,0,6,29,26,11,15,3,2,1,12,10,0,10,2,0,2,54,39,12,27,15,3,12,74,66,31,35,8,5,3,7,6,2,4,1,1,0
S01006513,275,240,76,164,35,15,20,34,31,3,28,3,0,3,20,20,0,20,0,0,0,12,8,0,8,4,0,4,43,39,22,17,4,2,2,15,12,4,8,3,2,1,61,51,11,40,10,3,7,81,72,33,39,9,6,3,9,7,3,4,2,2,0
S01006514,480,395,115,280,85,18,67,54,46,0,46,8,3,5,29,22,1,21,7,2,5,24,16,1,15,8,0,8,59,54,29,25,5,3,2,32,25,4,21,7,1,6,105,83,22,61,22,5,17,151,133,51,82,18,3,15,26,16,7,9,10,1,9
S01006515,370,306,95,211,64,22,42,51,47,4,43,4,0,4,27,23,1,22,4,1,3,17,9,1,8,8,2,6,55,45,23,22,10,3,7,18,14,7,7,4,3,1,86,64,13,51,22,4,18,105,99,42,57,6,4,2,11,5,4,1,6,5,1
S01006516,276,187,41,146,89,19,70,38,31,0,31,7,0,7,8,8,0,8,0,0,0,14,7,0,7,7,0,7,38,30,12,18,8,4,4,12,10,1,9,2,0,2,43,29,6,23,14,4,10,115,65,17,48,50,11,39,8,7,5,2,1,0,1
S01006517,511,430,139,291,81,22,59,79,70,5,65,9,1,8,29,23,3,20,6,1,5,30,19,2,17,11,3,8,100,89,45,44,11,2,9,25,20,0,20,5,1,4,100,76,21,55,24,7,17,132,123,59,64,9,4,5,16,10,4,6,6,3,3
S01006518,306,248,78,170,58,15,43,45,38,2,36,7,0,7,16,13,1,12,3,0,3,12,4,2,2,8,2,6,43,37,24,13,6,2,4,16,12,1,11,4,1,3,79,63,14,49,16,5,11,89,75,32,43,14,5,9,6,6,2,4,0,0,0
S01006519,429,347,122,225,82,20,62,62,54,5,49,8,2,6,27,24,2,22,3,1,2,16,10,2,8,6,0,6,54,42,26,16,12,4,8,25,18,2,16,7,2,5,93,64,20,44,29,7,22,141,125,62,63,16,4,12,11,10,3,7,1,0,1
S01006520,341,293,91,202,48,15,33,86,83,8,75,3,1,2,15,12,0,12,3,0,3,9,6,1,5,3,0,3,47,44,21,23,3,2,1,12,12,3,9,0,0,0,69,48,12,36,21,3,18,91,79,40,39,12,7,5,12,9,6,3,3,2,1
S01006521,338,265,57,208,73,23,50,63,58,4,54,5,1,4,27,23,2,21,4,0,4,18,12,1,11,6,2,4,40,29,13,16,11,3,8,15,11,3,8,4,1,3,84,61,9,52,23,5,18,78,64,20,44,14,6,8,13,7,5,2,6,5,1
S01006522,292,249,75,174,43,15,28,39,33,1,32,6,1,5,20,17,1,16,3,1,2,10,6,1,5,4,0,4,39,33,22,11,6,3,3,16,16,3,13,0,0,0,66,51,9,42,15,4,11,98,89,37,52,9,6,3,4,4,1,3,0,0,0
S01006523,454,401,93,308,53,17,36,69,65,3,62,4,1,3,27,25,0,25,2,0,2,13,11,1,10,2,1,1,58,51,17,34,7,3,4,28,22,2,20,6,0,6,103,87,19,68,16,4,12,138,127,46,81,11,6,5,18,13,5,8,5,2,3
S01006524,379,292,76,216,87,21,66,47,39,2,37,8,2,6,23,21,3,18,2,0,2,10,6,2,4,4,0,4,51,41,18,23,10,4,6,23,16,1,15,7,1,6,71,53,15,38,18,6,12,143,106,30,76,37,8,29,11,10,5,5,1,0,1
S01006525,370,311,84,227,59,18,41,59,54,3,51,5,0,5,10,8,0,8,2,1,1,10,5,0,5,5,1,4,69,63,32,31,6,1,5,21,15,1,14,6,3,3,76,54,15,39,22,4,18,109,100,26,74,9,5,4,16,12,7,5,4,3,1
S01006526,442,416,138,278,26,6,20,37,35,0,35,2,0,2,25,22,2,20,3,1,2,37,29,3,26,8,2,6,153,150,73,77,3,1,2,22,20,0,20,2,0,2,56,53,16,37,3,1,2,91,90,36,54,1,0,1,21,17,8,9,4,1,3
S01006527,315,291,91,200,24,6,18,30,28,3,25,2,0,2,20,18,2,16,2,0,2,18,12,0,12,6,1,5,87,81,36,45,6,1,5,26,24,5,19,2,0,2,39,38,8,30,1,0,1,83,79,34,45,4,3,1,12,11,3,8,1,1,0
S01006528,486,466,183,283,20,8,12,29,28,3,25,1,0,1,23,21,4,17,2,2,0,36,34,5,29,2,0,2,147,142,89,53,5,1,4,31,27,3,24,4,2,2,73,72,19,53,1,0,1,126,124,52,72,2,2,0,21,18,8,10,3,1,2
S01006529,472,438,106,332,34,6,28,31,29,0,29,2,1,1,29,25,1,24,4,1,3,26,21,0,21,5,1,4,133,125,47,78,8,1,7,43,39,5,34,4,0,4,89,84,17,67,5,1,4,104,100,27,73,4,0,4,17,15,9,6,2,1,1
S01006530,391,361,113,248,30,11,19,24,23,1,22,1,0,1,22,22,0,22,0,0,0,29,25,0,25,4,1,3,130,121,65,56,9,1,8,27,26,2,24,1,0,1,55,47,10,37,8,3,5,86,81,27,54,5,4,1,18,16,8,8,2,2,0
S01006531,433,412,143,269,21,6,15,24,23,1,22,1,0,1,21,21,3,18,0,0,0,29,23,1,22,6,1,5,123,120,66,54,3,1,2,40,36,5,31,4,2,2,71,68,23,45,3,0,3,114,111,39,72,3,1,2,11,10,5,5,1,1,0
S01006532,353,312,81,231,41,7,34,35,32,1,31,3,0,3,22,21,3,18,1,0,1,23,16,1,15,7,0,7,64,56,26,30,8,1,7,19,17,3,14,2,1,1,72,61,9,52,11,1,10,101,97,31,66,4,1,3,17,12,7,5,5,3,2
S01006533,401,343,86,257,58,11,47,61,56,1,55,5,0,5,16,16,2,14,0,0,0,25,15,0,15,10,2,8,64,50,25,25,14,1,13,28,22,2,20,6,1,5,88,78,16,62,10,2,8,101,93,34,59,8,3,5,18,13,6,7,5,2,3
S01006534,494,433,86,347,61,18,43,72,70,3,67,2,0,2,29,26,1,25,3,2,1,16,9,1,8,7,1,6,58,52,29,23,6,0,6,41,39,3,36,2,1,1,128,101,10,91,27,7,20,139,128,35,93,11,6,5,11,8,4,4,3,1,2
S01006535,679,612,111,501,67,13,54,97,90,3,87,7,1,6,40,36,2,34,4,1,3,32,24,0,24,8,0,8,105,101,42,59,4,0,4,54,46,6,40,8,1,7,164,143,18,125,21,1,20,167,156,33,123,11,6,5,20,16,7,9,4,3,1
S01006536,731,676,121,555,55,6,49,92,89,3,86,3,0,3,47,45,4,41,2,0,2,28,24,1,23,4,0,4,149,142,59,83,7,0,7,63,59,6,53,4,0,4,186,158,12,146,28,3,25,146,142,27,115,4,3,1,20,17,9,8,3,0,3
S01006537,358,311,97,214,47,12,35,45,41,4,37,4,0,4,22,21,2,19,1,0,1,15,8,3,5,7,0,7,57,53,25,28,4,2,2,32,29,0,29,3,1,2,77,60,14,46,17,4,13,97,92,47,45,5,3,2,13,7,2,5,6,2,4
S01006538,291,251,69,182,40,10,30,39,37,2,35,2,0,2,17,14,0,14,3,2,1,17,13,1,12,4,0,4,47,42,22,20,5,1,4,14,11,1,10,3,1,2,55,44,10,34,11,2,9,92,84,32,52,8,2,6,10,6,1,5,4,2,2
S01006539,370,331,100,231,39,11,28,45,41,5,36,4,0,4,30,28,2,26,2,2,0,21,18,0,18,3,0,3,54,50,26,24,4,1,3,18,14,1,13,4,0,4,74,62,15,47,12,2,10,116,108,46,62,8,5,3,12,10,5,5,2,1,1
S01006540,535,490,112,378,45,12,33,58,56,2,54,2,0,2,38,36,1,35,2,0,2,32,28,4,24,4,0,4,83,78,38,40,5,1,4,30,24,4,20,6,1,5,114,98,21,77,16,2,14,167,162,40,122,5,3,2,13,8,2,6,5,5,0
S01006541,366,324,80,244,42,17,25,50,48,5,43,2,0,2,27,22,1,21,5,2,3,20,14,2,12,6,4,2,44,40,19,21,4,1,3,19,19,2,17,0,0,0,100,84,12,72,16,6,10,98,92,37,55,6,2,4,8,5,2,3,3,2,1
S01006542,470,418,93,325,52,15,37,85,74,4,70,11,0,11,37,36,0,36,1,0,1,18,14,1,13,4,1,3,64,58,27,31,6,3,3,27,26,5,21,1,1,0,95,77,14,63,18,4,14,125,120,34,86,5,4,1,19,13,8,5,6,2,4
S01006543,371,326,82,244,45,10,35,47,45,1,44,2,0,2,30,22,2,20,8,3,5,35,25,3,22,10,1,9,49,42,18,24,7,0,7,23,19,2,17,4,0,4,66,59,14,45,7,3,4,111,106,39,67,5,3,2,10,8,3,5,2,0,2
S01006544,634,536,95,441,98,15,83,146,134,7,127,12,2,10,32,25,3,22,7,0,7,26,17,1,16,9,0,9,86,66,27,39,20,3,17,40,33,3,30,7,2,5,160,132,13,119,28,3,25,125,115,37,78,10,2,8,19,14,4,10,5,3,2
S01006545,558,476,97,379,82,19,63,84,76,3,73,8,1,7,28,26,2,24,2,0,2,24,18,2,16,6,0,6,73,63,30,33,10,2,8,39,32,4,28,7,2,5,139,121,17,104,18,4,14,145,129,33,96,16,5,11,26,11,6,5,15,5,10
S01006546,315,274,74,200,41,10,31,40,39,4,35,1,0,1,25,24,4,20,1,0,1,25,19,2,17,6,1,5,37,35,18,17,2,0,2,23,21,4,17,2,1,1,79,58,11,47,21,4,17,77,73,28,45,4,3,1,9,5,3,2,4,1,3
S01006547,415,372,96,276,43,14,29,49,41,1,40,8,0,8,16,16,2,14,0,0,0,17,15,0,15,2,0,2,76,70,29,41,6,2,4,35,34,6,28,1,0,1,92,81,17,64,11,3,8,109,102,38,64,7,4,3,21,13,3,10,8,5,3
S01006548,339,297,89,208,42,9,33,37,34,2,32,3,0,3,18,17,2,15,1,0,1,18,11,2,9,7,0,7,43,37,22,15,6,1,5,20,17,1,16,3,1,2,84,68,16,52,16,3,13,108,103,38,65,5,3,2,11,10,6,4,1,1,0
S01006549,398,336,94,242,62,12,50,54,47,4,43,7,0,7,16,15,1,14,1,0,1,28,18,2,16,10,0,10,74,66,27,39,8,1,7,18,16,2,14,2,0,2,85,69,11,58,16,3,13,112,97,44,53,15,7,8,11,8,3,5,3,1,2
S01006550,429,379,111,268,50,14,36,61,56,5,51,5,0,5,22,15,2,13,7,2,5,30,23,3,20,7,1,6,51,49,29,20,2,1,1,29,28,4,24,1,0,1,100,81,16,65,19,4,15,121,117,47,70,4,2,2,15,10,5,5,5,4,1
S01006551,315,270,73,197,45,10,35,19,18,1,17,1,0,1,18,16,1,15,2,0,2,26,14,3,11,12,3,9,58,54,19,35,4,1,3,25,24,4,20,1,1,0,58,45,9,36,13,4,9,94,87,31,56,7,0,7,17,12,5,7,5,1,4
S01006552,521,455,113,342,66,8,58,50,48,4,44,2,0,2,25,24,1,23,1,1,0,25,18,1,17,7,0,7,79,67,33,34,12,1,11,41,37,3,34,4,0,4,107,84,14,70,23,3,20,177,163,52,111,14,3,11,17,14,5,9,3,0,3
S01006553,348,302,82,220,46,8,38,32,29,2,27,3,0,3,24,16,0,16,8,2,6,20,13,0,13,7,1,6,63,56,23,33,7,2,5,27,23,3,20,4,1,3,57,45,8,37,12,1,11,108,104,41,63,4,1,3,17,16,5,11,1,0,1
S01006554,375,342,66,276,33,8,25,32,30,2,28,2,0,2,29,28,0,28,1,1,0,32,25,1,24,7,1,6,78,73,21,52,5,1,4,30,24,2,22,6,0,6,60,54,10,44,6,2,4,107,103,29,74,4,1,3,7,5,1,4,2,2,0
S01006555,455,429,96,333,26,5,21,32,30,2,28,2,0,2,21,19,3,16,2,1,1,22,21,2,19,1,0,1,107,102,37,65,5,0,5,39,35,1,34,4,0,4,60,54,14,40,6,1,5,160,156,33,123,4,2,2,14,12,4,8,2,1,1
S01006556,383,346,87,259,37,11,26,25,24,1,23,1,0,1,25,25,0,25,0,0,0,31,25,0,25,6,1,5,97,91,36,55,6,1,5,36,27,1,26,9,2,7,44,38,10,28,6,1,5,111,108,35,73,3,1,2,14,8,4,4,6,5,1
S01006557,359,337,104,233,22,7,15,21,19,1,18,2,1,1,31,29,2,27,2,1,1,28,24,1,23,4,1,3,82,79,35,44,3,0,3,26,24,1,23,2,1,1,46,43,6,37,3,1,2,107,104,53,51,3,1,2,18,15,5,10,3,1,2
S01006558,409,376,55,321,33,7,26,40,37,0,37,3,1,2,15,14,1,13,1,0,1,23,18,0,18,5,0,5,56,51,17,34,5,2,3,34,32,5,27,2,0,2,84,74,7,67,10,1,9,145,142,22,120,3,0,3,12,8,3,5,4,3,1
S01006559,325,277,55,222,48,16,32,49,45,3,42,4,0,4,12,10,0,10,2,2,0,12,11,1,10,1,0,1,49,45,22,23,4,2,2,24,22,1,21,2,0,2,83,59,12,47,24,7,17,91,82,16,66,9,5,4,5,3,0,3,2,0,2
S01006560,517,441,110,331,76,17,59,69,64,3,61,5,1,4,20,16,0,16,4,1,3,20,15,2,13,5,2,3,68,59,28,31,9,3,6,33,27,4,23,6,1,5,112,81,15,66,31,2,29,173,160,47,113,13,6,7,22,19,11,8,3,1,2
S01006561,398,344,95,249,54,11,43,52,44,2,42,8,0,8,22,19,0,19,3,0,3,14,8,0,8,6,1,5,49,45,25,20,4,1,3,26,22,3,19,4,3,1,74,56,12,44,18,1,17,152,144,49,95,8,4,4,9,6,4,2,3,1,2
S01006562,352,303,96,207,49,15,34,46,41,4,37,5,1,4,17,17,0,17,0,0,0,22,17,0,17,5,1,4,63,50,24,26,13,4,9,25,23,5,18,2,0,2,62,47,18,29,15,3,12,99,93,39,54,6,3,3,18,15,6,9,3,3,0
S01006563,408,368,90,278,40,8,32,45,41,5,36,4,0,4,21,19,1,18,2,1,1,16,10,1,9,6,0,6,59,50,21,29,9,3,6,20,19,2,17,1,0,1,72,65,7,58,7,2,5,158,151,46,105,7,1,6,17,13,7,6,4,1,3
S01006564,585,546,125,421,39,5,34,45,42,1,41,3,0,3,28,26,0,26,2,0,2,18,10,0,10,8,1,7,149,143,70,73,6,0,6,40,38,3,35,2,0,2,112,103,12,91,9,2,7,174,166,37,129,8,1,7,19,18,2,16,1,1,0
S01006565,608,574,131,443,34,4,30,52,49,0,49,3,0,3,40,39,3,36,1,0,1,20,15,0,15,5,1,4,157,149,74,75,8,0,8,50,46,2,44,4,1,3,112,106,16,90,6,0,6,161,158,31,127,3,1,2,16,12,5,7,4,1,3
S01006566,484,451,75,376,33,12,21,54,52,1,51,2,0,2,15,15,1,14,0,0,0,22,18,1,17,4,0,4,83,81,26,55,2,0,2,34,31,3,28,3,1,2,95,83,6,77,12,4,8,161,157,32,125,4,4,0,20,14,5,9,6,3,3
S01006567,500,478,117,361,22,11,11,44,44,1,43,0,0,0,23,23,1,22,0,0,0,11,10,0,10,1,0,1,131,125,54,71,6,2,4,35,30,2,28,5,3,2,102,96,21,75,6,3,3,138,135,29,106,3,2,1,16,15,9,6,1,1,0
S01006568,706,665,108,557,41,15,26,94,90,1,89,4,0,4,40,36,0,36,4,1,3,24,22,1,21,2,0,2,129,123,54,69,6,3,3,53,49,5,44,4,1,3,139,130,12,118,9,4,5,204,199,31,168,5,2,3,23,16,4,12,7,4,3
S01006569,351,322,61,261,29,8,21,36,36,1,35,0,0,0,21,20,1,19,1,0,1,19,15,3,12,4,1,3,60,58,21,37,2,0,2,20,19,4,15,1,0,1,78,68,7,61,10,3,7,99,90,22,68,9,3,6,18,16,2,14,2,1,1
S01006570,445,389,69,320,56,15,41,62,53,2,51,9,2,7,29,27,2,25,2,0,2,22,15,2,13,7,2,5,69,65,24,41,4,0,4,32,30,2,28,2,0,2,99,79,8,71,20,6,14,121,113,27,86,8,3,5,11,7,2,5,4,2,2
S01006571,525,467,104,363,58,11,47,88,80,3,77,8,1,7,26,23,4,19,3,0,3,18,13,1,12,5,1,4,90,83,40,43,7,2,5,28,24,0,24,4,0,4,125,103,16,87,22,4,18,134,125,35,90,9,3,6,16,16,5,11,0,0,0
S01006572,453,376,105,271,77,22,55,88,84,6,78,4,0,4,25,23,1,22,2,0,2,14,9,0,9,5,1,4,46,37,21,16,9,1,8,21,18,6,12,3,0,3,107,73,17,56,34,10,24,137,121,50,71,16,9,7,15,11,4,7,4,1,3
S01006573,390,334,88,246,56,10,46,64,59,3,56,5,1,4,12,8,2,6,4,0,4,12,11,3,8,1,0,1,43,39,20,19,4,2,2,21,20,5,15,1,0,1,111,84,22,62,27,5,22,115,104,29,75,11,2,9,12,9,4,5,3,0,3
S01006574,510,432,79,353,78,22,56,104,95,3,92,9,3,6,20,17,2,15,3,1,2,20,14,1,13,6,3,3,60,52,18,34,8,2,6,37,34,3,31,3,0,3,141,108,20,88,33,8,25,114,103,29,74,11,2,9,14,9,3,6,5,3,2
S01006575,531,451,82,369,80,16,64,71,65,2,63,6,1,5,25,24,4,20,1,0,1,25,16,0,16,9,0,9,97,75,26,49,22,6,16,35,31,5,26,4,1,3,138,111,14,97,27,2,25,122,115,28,87,7,3,4,18,14,3,11,4,3,1
S01006576,435,377,84,293,58,11,47,76,71,2,69,5,0,5,24,21,2,19,3,0,3,14,7,0,7,7,0,7,66,57,28,29,9,2,7,28,26,2,24,2,1,1,106,89,15,74,17,4,13,101,95,33,62,6,2,4,20,11,2,9,9,2,7
S01006577,510,454,65,389,56,15,41,78,70,1,69,8,1,7,27,26,1,25,1,0,1,19,16,0,16,3,1,2,82,76,31,45,6,2,4,28,24,2,22,4,0,4,124,103,7,96,21,3,18,136,125,19,106,11,7,4,16,14,4,10,2,1,1
S01006578,742,705,124,581,37,7,30,124,118,4,114,6,1,5,54,53,3,50,1,0,1,23,20,0,20,3,0,3,138,136,58,78,2,2,0,48,46,6,40,2,1,1,179,166,14,152,13,1,12,143,139,32,107,4,0,4,33,27,7,20,6,2,4
S01006579,709,670,119,551,39,4,35,106,102,2,100,4,0,4,40,40,1,39,0,0,0,25,23,0,23,2,0,2,162,155,69,86,7,0,7,48,45,5,40,3,0,3,149,134,12,122,15,1,14,148,144,24,120,4,1,3,31,27,6,21,4,2,2
S01006580,492,455,80,375,37,7,30,80,76,3,73,4,0,4,43,41,2,39,2,1,1,10,7,0,7,3,1,2,81,77,37,40,4,2,2,29,26,2,24,3,1,2,127,115,7,108,12,1,11,100,96,22,74,4,1,3,22,17,7,10,5,0,5
S01006581,478,400,98,302,78,14,64,77,68,3,65,9,0,9,23,20,0,20,3,0,3,11,9,0,9,2,0,2,72,63,26,37,9,3,6,19,16,1,15,3,0,3,119,89,14,75,30,2,28,136,120,47,73,16,5,11,21,15,7,8,6,4,2
S01006582,610,546,111,435,64,12,52,69,64,1,63,5,0,5,32,31,1,30,1,0,1,22,18,2,16,4,0,4,149,138,58,80,11,2,9,43,38,2,36,5,1,4,153,128,17,111,25,4,21,118,108,23,85,10,4,6,24,21,7,14,3,1,2
S01006583,507,486,111,375,21,4,17,68,64,0,64,4,0,4,25,24,0,24,1,0,1,17,15,0,15,2,0,2,135,132,74,58,3,0,3,22,22,1,21,0,0,0,135,130,9,121,5,2,3,91,88,23,65,3,1,2,14,11,4,7,3,1,2
S01006584,439,407,89,318,32,5,27,68,62,1,61,6,0,6,25,24,1,23,1,0,1,15,10,1,9,5,0,5,97,94,42,52,3,0,3,25,23,4,19,2,1,1,97,87,16,71,10,3,7,95,94,20,74,1,0,1,17,13,4,9,4,1,3
S01006585,469,428,116,312,41,8,33,40,36,2,34,4,0,4,28,27,0,27,1,1,0,20,16,2,14,4,0,4,145,138,65,73,7,0,7,26,21,0,21,5,1,4,94,85,11,74,9,3,6,92,87,25,62,5,2,3,24,18,11,7,6,1,5
S01006586,648,611,157,454,37,4,33,59,54,2,52,5,0,5,42,40,4,36,2,0,2,32,29,3,26,3,0,3,205,196,100,96,9,1,8,27,27,4,23,0,0,0,128,115,13,102,13,2,11,130,128,23,105,2,0,2,25,22,8,14,3,1,2
S01006587,370,346,72,274,24,4,20,47,46,1,45,1,0,1,19,18,1,17,1,0,1,8,5,0,5,3,1,2,131,125,45,80,6,1,5,20,19,3,16,1,0,1,64,58,5,53,6,1,5,71,66,14,52,5,1,4,10,9,3,6,1,0,1
S01006588,424,405,114,291,19,3,16,29,28,2,26,1,0,1,22,21,2,19,1,0,1,10,8,0,8,2,0,2,157,154,77,77,3,0,3,28,26,3,23,2,0,2,80,73,3,70,7,2,5,81,79,17,62,2,0,2,17,16,10,6,1,1,0
S01006589,438,405,134,271,33,5,28,29,28,5,23,1,0,1,26,26,0,26,0,0,0,28,21,0,21,7,3,4,167,161,92,69,6,1,5,26,23,2,21,3,0,3,75,66,10,56,9,0,9,64,62,17,45,2,1,1,23,18,8,10,5,0,5
S01006590,480,430,78,352,50,11,39,63,61,2,59,2,0,2,27,22,1,21,5,0,5,14,10,0,10,4,1,3,133,118,41,77,15,3,12,27,26,2,24,1,0,1,92,80,8,72,12,1,11,104,96,20,76,8,4,4,20,17,4,13,3,2,1
S01006591,530,489,104,385,41,5,36,65,60,0,60,5,0,5,31,29,0,29,2,0,2,14,11,0,11,3,0,3,122,109,54,55,13,3,10,32,27,3,24,5,0,5,140,132,14,118,8,0,8,113,110,28,82,3,1,2,13,11,5,6,2,1,1
S01006592,512,462,66,396,50,9,41,93,86,2,84,7,1,6,30,29,1,28,1,1,0,22,18,1,17,4,1,3,67,62,21,41,5,1,4,53,46,9,37,7,0,7,130,113,9,104,17,3,14,100,94,17,77,6,2,4,17,14,6,8,3,0,3
S01006593,550,508,82,426,42,7,35,118,111,1,110,7,0,7,32,31,2,29,1,0,1,22,18,0,18,4,1,3,113,106,36,70,7,3,4,34,28,3,25,6,1,5,118,104,11,93,14,1,13,96,95,22,73,1,0,1,17,15,7,8,2,1,1
S01006594,336,310,69,241,26,7,19,40,38,1,37,2,0,2,20,18,1,17,2,1,1,22,16,0,16,6,0,6,69,68,29,39,1,0,1,23,23,3,20,0,0,0,79,70,9,61,9,2,7,69,66,22,44,3,2,1,14,11,4,7,3,2,1
S01006595,685,627,87,540,58,9,49,119,102,6,96,17,1,16,30,30,2,28,0,0,0,38,32,0,32,6,1,5,135,130,40,90,5,1,4,46,41,5,36,5,1,4,164,146,9,137,18,2,16,133,129,20,109,4,3,1,20,17,5,12,3,0,3
S01006596,488,426,56,370,62,12,50,91,83,3,80,8,0,8,26,23,0,23,3,1,2,22,17,1,16,5,0,5,90,74,20,54,16,2,14,37,30,4,26,7,0,7,108,95,7,88,13,1,12,104,94,19,75,10,8,2,10,10,2,8,0,0,0
S01006597,408,382,61,321,26,7,19,50,44,2,42,6,0,6,22,20,0,20,2,0,2,20,17,0,17,3,0,3,95,91,32,59,4,1,3,19,19,1,18,0,0,0,110,103,12,91,7,3,4,81,80,13,67,1,1,0,11,8,1,7,3,2,1
S01006598,572,506,101,405,66,13,53,125,117,6,111,8,2,6,30,27,3,24,3,0,3,33,23,1,22,10,0,10,73,62,13,49,11,1,10,38,32,6,26,6,1,5,121,104,19,85,17,3,14,125,118,47,71,7,4,3,27,23,6,17,4,2,2
S01006599,450,413,90,323,37,7,30,40,39,0,39,1,0,1,25,24,1,23,1,0,1,37,29,1,28,8,1,7,111,102,41,61,9,2,7,28,27,5,22,1,0,1,90,84,10,74,6,1,5,101,92,26,66,9,1,8,18,16,6,10,2,2,0
S01006600,603,537,108,429,66,18,48,79,77,3,74,2,0,2,36,33,5,28,3,0,3,33,23,2,21,10,1,9,91,79,31,48,12,2,10,34,29,4,25,5,1,4,157,142,16,126,15,3,12,146,131,40,91,15,8,7,27,23,7,16,4,3,1
S01006601,644,591,116,475,53,13,40,81,79,1,78,2,0,2,36,33,0,33,3,0,3,41,28,2,26,13,2,11,110,104,45,59,6,2,4,43,41,4,37,2,1,1,161,147,16,131,14,1,13,150,143,43,100,7,4,3,22,16,5,11,6,3,3
S01006602,433,363,94,269,70,17,53,63,54,2,52,9,0,9,24,21,2,19,3,0,3,13,7,0,7,6,1,5,56,48,25,23,8,1,7,34,27,3,24,7,2,5,113,85,13,72,28,8,20,114,106,46,60,8,5,3,16,15,3,12,1,0,1
S01006603,391,368,100,268,23,9,14,27,26,1,25,1,0,1,25,25,0,25,0,0,0,30,27,2,25,3,0,3,107,104,46,58,3,2,1,33,29,3,26,4,0,4,63,58,10,48,5,3,2,90,87,34,53,3,1,2,16,12,4,8,4,3,1
S01006604,355,323,104,219,32,8,24,24,22,1,21,2,0,2,22,22,1,21,0,0,0,28,21,0,21,7,2,5,104,96,51,45,8,1,7,41,34,2,32,7,1,6,34,33,7,26,1,1,0,86,82,38,44,4,2,2,16,13,4,9,3,1,2
S01006605,364,341,84,257,23,5,18,32,30,2,28,2,0,2,39,39,3,36,0,0,0,25,24,0,24,1,0,1,88,84,34,50,4,2,2,37,30,5,25,7,0,7,57,53,13,40,4,1,3,70,67,21,46,3,2,1,16,14,6,8,2,0,2
S01006606,403,353,87,266,50,9,41,40,39,1,38,1,0,1,28,24,2,22,4,1,3,35,28,6,22,7,1,6,87,78,26,52,9,1,8,37,29,4,25,8,0,8,58,44,13,31,14,3,11,107,101,32,69,6,2,4,11,10,3,7,1,1,0
S01006607,493,453,124,329,40,10,30,33,31,2,29,2,0,2,36,36,3,33,0,0,0,40,34,1,33,6,1,5,120,114,57,57,6,0,6,49,39,6,33,10,0,10,86,77,18,59,9,4,5,110,109,35,74,1,1,0,19,13,2,11,6,4,2
S01006608,391,331,91,240,60,8,52,53,46,4,42,7,3,4,29,24,6,18,5,0,5,51,34,3,31,17,1,16,55,50,22,28,5,1,4,26,24,2,22,2,0,2,81,70,17,53,11,1,10,78,72,34,38,6,2,4,18,11,3,8,7,0,7
S01006609,530,485,121,364,45,14,31,42,40,3,37,2,0,2,39,38,3,35,1,0,1,50,39,1,38,11,0,11,123,120,45,75,3,1,2,65,58,5,53,7,3,4,82,73,19,54,9,4,5,109,103,39,64,6,3,3,20,14,6,8,6,3,3
S01006610,231,219,55,164,12,7,5,10,10,1,9,0,0,0,23,23,2,21,0,0,0,25,22,0,22,3,0,3,61,58,20,38,3,2,1,15,15,1,14,0,0,0,37,36,8,28,1,1,0,48,46,20,26,2,1,1,12,9,3,6,3,3,0
S01006611,437,405,110,295,32,9,23,26,25,1,24,1,0,1,33,33,4,29,0,0,0,32,29,1,28,3,1,2,122,118,49,69,4,0,4,39,32,5,27,7,1,6,49,45,7,38,4,3,1,116,110,36,74,6,2,4,20,13,7,6,7,2,5
S01006612,489,454,124,330,35,11,24,48,45,2,43,3,0,3,30,30,2,28,0,0,0,30,25,0,25,5,2,3,128,125,51,74,3,1,2,48,39,8,31,9,2,7,57,51,8,43,6,2,4,125,121,42,79,4,0,4,23,18,11,7,5,4,1
S01006613,402,366,75,291,36,9,27,60,57,3,54,3,1,2,34,32,2,30,2,0,2,29,25,1,24,4,0,4,77,74,23,51,3,1,2,38,32,2,30,6,1,5,86,78,14,64,8,2,6,66,61,27,34,5,3,2,12,7,3,4,5,1,4
S01006614,408,376,78,298,32,3,29,44,41,3,38,3,1,2,36,35,4,31,1,0,1,39,28,3,25,11,1,10,69,63,19,44,6,0,6,36,33,5,28,3,0,3,81,78,10,68,3,0,3,90,88,29,59,2,1,1,13,10,5,5,3,0,3
S01006615,453,407,108,299,46,3,43,64,62,4,58,2,0,2,30,26,2,24,4,0,4,36,29,1,28,7,0,7,78,73,28,45,5,0,5,36,30,6,24,6,0,6,102,89,20,69,13,0,13,87,83,37,46,4,1,3,20,15,10,5,5,2,3
S01006616,573,526,116,410,47,15,32,74,72,4,68,2,0,2,50,49,6,43,1,0,1,47,39,2,37,8,1,7,111,106,47,59,5,2,3,56,47,4,43,9,2,7,75,69,8,61,6,2,4,139,129,38,91,10,7,3,21,15,7,8,6,1,5
S01006617,398,359,93,266,39,4,35,58,56,3,53,2,0,2,23,23,3,20,0,0,0,39,30,4,26,9,0,9,70,68,31,37,2,0,2,37,32,4,28,5,0,5,71,60,13,47,11,1,10,83,78,31,47,5,1,4,17,12,4,8,5,2,3
S01006618,334,302,74,228,32,5,27,32,32,2,30,0,0,0,27,26,3,23,1,0,1,35,29,2,27,6,1,5,48,44,18,26,4,0,4,45,41,6,35,4,1,3,77,65,17,48,12,0,12,57,57,24,33,0,0,0,13,8,2,6,5,3,2
S01006619,533,469,119,350,64,21,43,61,57,8,49,4,0,4,35,33,3,30,2,0,2,43,31,1,30,12,1,11,107,96,43,53,11,5,6,50,44,6,38,6,2,4,96,81,12,69,15,5,10,122,115,40,75,7,4,3,19,12,6,6,7,4,3
S01006620,544,509,118,391,35,9,26,59,55,2,53,4,1,3,39,36,6,30,3,0,3,45,38,3,35,7,1,6,121,116,52,64,5,1,4,54,48,3,45,6,2,4,78,74,11,63,4,1,3,123,121,35,86,2,1,1,25,21,6,15,4,2,2
S01006621,314,290,74,216,24,4,20,29,29,3,26,0,0,0,27,27,2,25,0,0,0,24,19,2,17,5,0,5,83,76,28,48,7,2,5,26,24,2,22,2,0,2,49,44,6,38,5,0,5,64,63,29,34,1,0,1,12,8,2,6,4,2,2
S01006622,462,423,82,341,39,5,34,64,61,2,59,3,0,3,29,28,2,26,1,0,1,36,27,2,25,9,0,9,88,84,29,55,4,1,3,46,41,3,38,5,0,5,92,80,10,70,12,1,11,96,92,32,60,4,2,2,11,10,2,8,1,1,0
S01006623,418,390,75,315,28,3,25,47,40,1,39,7,0,7,39,36,1,35,3,1,2,36,33,0,33,3,0,3,92,90,36,54,2,0,2,49,48,5,43,1,0,1,64,58,7,51,6,1,5,74,73,23,50,1,0,1,17,12,2,10,5,1,4
S01006624,539,507,115,392,32,7,25,36,36,2,34,0,0,0,60,58,5,53,2,0,2,38,33,1,32,5,0,5,132,127,49,78,5,0,5,50,48,5,43,2,0,2,88,80,16,64,8,2,6,116,110,32,78,6,3,3,19,15,5,10,4,2,2
S01006625,369,337,93,244,32,6,26,30,28,3,25,2,1,1,36,33,2,31,3,0,3,20,12,1,11,8,0,8,88,86,36,50,2,0,2,43,39,3,36,4,1,3,49,43,11,32,6,1,5,91,88,31,57,3,1,2,12,8,6,2,4,2,2
S01006626,384,362,100,262,22,11,11,22,21,1,20,1,0,1,45,44,4,40,1,1,0,24,23,0,23,1,0,1,111,108,40,68,3,1,2,36,33,7,26,3,2,1,55,51,14,37,4,2,2,74,74,32,42,0,0,0,17,8,2,6,9,5,4
S01006627,564,532,93,439,32,11,21,36,36,3,33,0,0,0,74,72,2,70,2,0,2,42,39,3,36,3,0,3,125,117,34,83,8,2,6,49,43,7,36,6,1,5,100,95,18,77,5,3,2,121,116,23,93,5,4,1,17,14,3,11,3,1,2
S01006628,730,698,131,567,32,17,15,44,44,2,42,0,0,0,87,85,4,81,2,0,2,38,34,1,33,4,1,3,197,195,65,130,2,1,1,65,61,3,58,4,1,3,120,111,20,91,9,7,2,153,150,30,120,3,2,1,26,18,6,12,8,5,3
S01006629,360,341,97,244,19,7,12,24,21,1,20,3,0,3,43,43,2,41,0,0,0,26,22,2,20,4,1,3,89,85,35,50,4,1,3,27,25,5,20,2,1,1,56,56,24,32,0,0,0,79,76,22,54,3,3,0,16,13,6,7,3,1,2
S01006630,283,263,86,177,20,7,13,12,12,2,10,0,0,0,30,28,3,25,2,1,1,20,12,1,11,8,2,6,73,70,23,47,3,0,3,34,31,5,26,3,0,3,30,27,11,16,3,3,0,75,75,38,37,0,0,0,9,8,3,5,1,1,0
S01006631,489,462,112,350,27,8,19,33,31,2,29,2,0,2,48,48,6,42,0,0,0,29,26,2,24,3,0,3,113,110,46,64,3,2,1,47,41,4,37,6,1,5,83,80,16,64,3,1,2,120,117,32,85,3,1,2,16,9,4,5,7,3,4
S01006632,408,385,92,293,23,11,12,25,24,0,24,1,0,1,53,51,5,46,2,0,2,21,17,0,17,4,0,4,96,96,43,53,0,0,0,42,37,4,33,5,3,2,56,53,16,37,3,1,2,99,95,21,74,4,4,0,16,12,3,9,4,3,1
S01006633,308,297,93,204,11,1,10,17,16,2,14,1,0,1,34,34,2,32,0,0,0,16,12,2,10,4,0,4,100,99,43,56,1,0,1,38,35,1,34,3,0,3,38,37,16,21,1,0,1,57,56,21,35,1,1,0,8,8,6,2,0,0,0
S01006634,271,262,80,182,9,2,7,17,17,1,16,0,0,0,27,26,2,24,1,0,1,18,18,0,18,0,0,0,73,71,29,42,2,0,2,33,29,4,25,4,1,3,44,42,22,20,2,1,1,45,45,18,27,0,0,0,14,14,4,10,0,0,0
S01006635,327,302,84,218,25,10,15,21,20,0,20,1,0,1,38,37,5,32,1,0,1,20,14,2,12,6,2,4,79,76,29,47,3,1,2,38,37,5,32,1,0,1,55,51,17,34,4,0,4,65,59,21,38,6,4,2,11,8,5,3,3,3,0
S01006636,374,352,102,250,22,10,12,10,10,1,9,0,0,0,38,38,1,37,0,0,0,24,21,0,21,3,0,3,113,110,46,64,3,1,2,44,40,2,38,4,2,2,57,54,19,35,3,3,0,72,66,25,41,6,4,2,16,13,8,5,3,0,3
S01006637,427,387,88,299,40,9,31,47,43,1,42,4,1,3,30,29,3,26,1,0,1,22,15,0,15,7,0,7,103,96,43,53,7,2,5,35,29,4,25,6,0,6,69,62,13,49,7,1,6,97,91,14,77,6,4,2,24,22,10,12,2,1,1
S01006638,521,505,125,380,16,4,12,42,41,3,38,1,0,1,25,24,0,24,1,0,1,14,13,1,12,1,0,1,159,154,65,89,5,1,4,30,29,3,26,1,1,0,99,96,16,80,3,0,3,124,120,24,96,4,2,2,28,28,13,15,0,0,0
S01006639,524,494,146,348,30,9,21,33,33,0,33,0,0,0,34,34,5,29,0,0,0,32,25,0,25,7,1,6,163,161,84,77,2,0,2,46,38,5,33,8,2,6,71,67,13,54,4,2,2,111,107,27,80,4,4,0,34,29,12,17,5,0,5
S01006640,476,449,103,346,27,7,20,70,63,3,60,7,0,7,23,23,2,21,0,0,0,18,15,1,14,3,0,3,121,121,57,64,0,0,0,41,38,6,32,3,1,2,102,93,13,80,9,4,5,89,85,15,70,4,1,3,12,11,6,5,1,1,0
S01006641,675,636,155,481,39,6,33,76,70,3,67,6,0,6,30,29,2,27,1,0,1,23,18,2,16,5,0,5,171,169,83,86,2,2,0,50,44,5,39,6,1,5,110,101,10,91,9,2,7,174,169,36,133,5,0,5,41,36,14,22,5,1,4
S01006642,636,611,272,339,25,6,19,33,32,1,31,1,0,1,30,29,1,28,1,1,0,22,17,0,17,5,1,4,247,246,186,60,1,1,0,42,39,7,32,3,1,2,94,89,17,72,5,0,5,132,129,43,86,3,1,2,36,30,17,13,6,1,5
S01006643,497,466,180,286,31,11,20,42,40,2,38,2,0,2,16,15,1,14,1,0,1,13,8,0,8,5,1,4,163,162,119,43,1,1,0,26,23,6,17,3,0,3,76,69,9,60,7,1,6,137,127,30,97,10,7,3,24,22,13,9,2,1,1
S01006644,597,564,166,398,33,7,26,53,52,0,52,1,0,1,35,31,2,29,4,0,4,27,23,1,22,4,0,4,194,189,97,92,5,2,3,42,41,9,32,1,0,1,107,97,17,80,10,1,9,113,110,25,85,3,2,1,26,21,15,6,5,2,3
S01006645,347,330,99,231,17,3,14,15,15,0,15,0,0,0,26,26,2,24,0,0,0,12,7,0,7,5,1,4,115,113,52,61,2,0,2,26,26,4,22,0,0,0,50,44,11,33,6,0,6,89,87,25,62,2,1,1,14,12,5,7,2,1,1
S01006646,433,424,170,254,9,2,7,22,20,1,19,2,0,2,17,16,2,14,1,1,0,5,5,0,5,0,0,0,199,198,127,71,1,0,1,29,27,5,22,2,0,2,64,63,7,56,1,0,1,79,78,19,59,1,0,1,18,17,9,8,1,1,0
S01006647,344,325,96,229,19,7,12,21,20,0,20,1,0,1,21,19,2,17,2,0,2,19,17,1,16,2,0,2,102,98,45,53,4,2,2,24,23,4,19,1,0,1,64,59,14,45,5,1,4,69,68,19,49,1,1,0,24,21,11,10,3,3,0
S01006648,930,891,370,521,39,16,23,70,66,8,58,4,0,4,54,50,6,44,4,1,3,27,25,2,23,2,0,2,391,383,232,151,8,3,5,69,66,13,53,3,1,2,123,116,35,81,7,4,3,146,140,46,94,6,5,1,50,45,28,17,5,2,3
S01006649,622,589,152,437,33,6,27,60,59,2,57,1,1,0,39,37,0,37,2,0,2,26,21,1,20,5,0,5,192,187,83,104,5,2,3,57,50,5,45,7,0,7,99,90,12,78,9,1,8,125,121,36,85,4,2,2,24,24,13,11,0,0,0
S01006650,532,494,145,349,38,6,32,47,44,0,44,3,0,3,24,22,1,21,2,1,1,25,19,0,19,6,0,6,164,155,71,84,9,1,8,33,29,11,18,4,2,2,98,91,21,70,7,1,6,109,106,31,75,3,0,3,32,28,10,18,4,1,3
S01006651,336,324,84,240,12,6,6,16,16,0,16,0,0,0,29,29,2,27,0,0,0,14,13,1,12,1,0,1,103,102,51,51,1,0,1,29,26,3,23,3,0,3,62,56,8,48,6,5,1,70,69,16,53,1,1,0,13,13,3,10,0,0,0
S01006652,365,337,92,245,28,6,22,26,25,0,25,1,0,1,24,21,1,20,3,2,1,16,12,2,10,4,1,3,131,120,61,59,11,2,9,14,13,1,12,1,0,1,74,68,10,58,6,1,5,69,67,12,55,2,0,2,11,11,5,6,0,0,0
S01006653,356,334,68,266,22,4,18,30,28,3,25,2,0,2,21,20,0,20,1,0,1,20,16,1,15,4,0,4,61,53,32,21,8,3,5,21,21,3,18,0,0,0,75,71,6,65,4,1,3,114,114,19,95,0,0,0,14,11,4,7,3,0,3
S01006654,464,436,115,321,28,4,24,16,16,2,14,0,0,0,21,21,3,18,0,0,0,35,26,2,24,9,1,8,106,101,40,61,5,1,4,50,45,6,39,5,0,5,60,56,12,44,4,1,3,160,157,45,112,3,1,2,16,14,5,9,2,0,2
S01006655,378,348,70,278,30,3,27,44,43,0,43,1,0,1,19,17,2,15,2,0,2,12,10,1,9,2,0,2,64,59,25,34,5,0,5,23,20,2,18,3,1,2,74,66,8,58,8,0,8,133,125,29,96,8,1,7,9,8,3,5,1,1,0
S01006656,610,575,121,454,35,9,26,60,57,0,57,3,0,3,37,36,3,33,1,0,1,18,16,0,16,2,1,1,165,159,69,90,6,1,5,40,39,3,36,1,0,1,110,105,11,94,5,1,4,158,147,28,119,11,4,7,22,16,7,9,6,2,4
S01006657,326,308,94,214,18,6,12,20,18,2,16,2,0,2,15,15,1,14,0,0,0,12,11,1,10,1,0,1,91,89,40,49,2,1,1,32,31,5,26,1,0,1,56,49,12,37,7,2,5,92,89,30,59,3,3,0,8,6,3,3,2,0,2
S01006658,547,519,192,327,28,10,18,27,27,1,26,0,0,0,28,26,1,25,2,0,2,27,22,4,18,5,2,3,206,202,109,93,4,1,3,36,35,6,29,1,0,1,91,80,23,57,11,3,8,100,99,35,64,1,1,0,32,28,13,15,4,3,1
S01006659,330,305,111,194,25,14,11,27,25,4,21,2,2,0,12,12,0,12,0,0,0,12,8,2,6,4,3,1,97,94,55,39,3,2,1,21,18,3,15,3,0,3,43,35,6,29,8,3,5,103,100,30,70,3,2,1,15,13,11,2,2,2,0
S01006660,256,240,78,162,16,6,10,11,11,0,11,0,0,0,24,23,3,20,1,1,0,9,7,0,7,2,1,1,77,73,30,43,4,1,3,12,12,3,9,0,0,0,45,40,17,23,5,1,4,57,54,16,38,3,2,1,21,20,9,11,1,0,1
S01006661,334,318,109,209,16,6,10,25,25,2,23,0,0,0,20,20,1,19,0,0,0,16,14,3,11,2,0,2,103,98,58,40,5,2,3,15,15,5,10,0,0,0,48,44,11,33,4,2,2,99,96,24,72,3,1,2,8,6,5,1,2,1,1
S01006662,333,309,124,185,24,15,9,11,11,1,10,0,0,0,13,13,0,13,0,0,0,16,13,0,13,3,1,2,125,119,73,46,6,6,0,24,23,4,19,1,0,1,48,46,12,34,2,1,1,79,70,26,44,9,5,4,17,14,8,6,3,2,1
S01006663,286,264,104,160,22,4,18,14,14,0,14,0,0,0,11,9,1,8,2,0,2,12,9,0,9,3,0,3,103,98,61,37,5,1,4,16,15,2,13,1,0,1,37,34,6,28,3,0,3,69,63,20,43,6,2,4,24,22,14,8,2,1,1
S01006664,289,278,113,165,11,4,7,17,17,1,16,0,0,0,18,18,1,17,0,0,0,6,4,0,4,2,0,2,107,107,70,37,0,0,0,19,16,0,16,3,1,2,46,43,10,33,3,1,2,55,53,20,33,2,1,1,21,20,11,9,1,1,0
S01006665,367,345,154,191,22,7,15,22,20,2,18,2,0,2,16,15,1,14,1,0,1,13,12,2,10,1,0,1,144,135,99,36,9,5,4,21,19,7,12,2,1,1,48,45,7,38,3,0,3,80,77,25,52,3,0,3,23,22,11,11,1,1,0
S01006666,367,339,99,240,28,7,21,23,23,0,23,0,0,0,27,26,2,24,1,0,1,30,21,1,20,9,2,7,109,106,44,62,3,1,2,32,24,2,22,8,0,8,54,52,19,33,2,1,1,79,77,25,52,2,2,0,13,10,6,4,3,1,2
S01006667,341,320,86,234,21,6,15,15,15,0,15,0,0,0,31,29,2,27,2,0,2,20,14,0,14,6,1,5,102,99,40,59,3,1,2,30,25,5,20,5,0,5,50,47,10,37,3,2,1,76,76,25,51,0,0,0,17,15,4,11,2,2,0
S01006668,484,465,182,283,19,5,14,31,31,1,30,0,0,0,22,20,1,19,2,0,2,10,7,0,7,3,1,2,165,163,112,51,2,1,1,34,31,7,24,3,0,3,83,78,8,70,5,0,5,117,114,40,74,3,2,1,22,21,13,8,1,1,0
S01006669,419,392,144,248,27,7,20,17,16,3,13,1,0,1,19,17,4,13,2,1,1,11,9,0,9,2,0,2,117,111,63,48,6,1,5,26,22,4,18,4,1,3,67,60,14,46,7,3,4,144,141,45,96,3,1,2,18,16,11,5,2,0,2
S01006670,464,444,206,238,20,9,11,29,29,1,28,0,0,0,16,15,3,12,1,0,1,13,9,1,8,4,0,4,190,187,144,43,3,1,2,26,22,3,19,4,2,2,60,60,19,41,0,0,0,106,101,22,79,5,3,2,24,21,13,8,3,3,0
S01006671,604,578,413,165,26,13,13,18,17,3,14,1,0,1,19,19,4,15,0,0,0,16,16,2,14,0,0,0,320,315,279,36,5,3,2,22,20,10,10,2,1,1,63,56,27,29,7,2,5,107,102,60,42,5,3,2,39,33,28,5,6,4,2
S01006672,373,354,135,219,19,8,11,18,17,0,17,1,1,0,17,17,1,16,0,0,0,19,14,0,14,5,0,5,129,125,77,48,4,1,3,25,25,1,24,0,0,0,44,42,16,26,2,2,0,110,104,37,67,6,4,2,11,10,3,7,1,0,1
S01006673,433,390,140,250,43,11,32,21,19,1,18,2,0,2,31,27,2,25,4,1,3,21,13,1,12,8,1,7,123,114,70,44,9,2,7,29,25,4,21,4,1,3,55,47,16,31,8,2,6,118,113,37,76,5,1,4,35,32,9,23,3,3,0
S01006674,399,366,110,256,33,14,19,23,22,2,20,1,0,1,38,37,3,34,1,0,1,28,24,4,20,4,2,2,130,125,46,79,5,1,4,34,30,7,23,4,2,2,59,49,15,34,10,5,5,66,62,25,37,4,3,1,21,17,8,9,4,1,3
S01006675,333,317,110,207,16,6,10,13,12,1,11,1,1,0,33,33,0,33,0,0,0,29,22,2,20,7,1,6,92,89,49,40,3,1,2,29,28,2,26,1,0,1,61,57,25,32,4,3,1,63,63,23,40,0,0,0,13,13,8,5,0,0,0
S01006676,342,321,109,212,21,4,17,12,12,2,10,0,0,0,22,21,0,21,1,0,1,26,20,2,18,6,1,5,95,92,50,42,3,0,3,23,20,2,18,3,0,3,49,45,17,28,4,2,2,99,97,32,65,2,1,1,16,14,4,10,2,0,2
S01006677,365,339,114,225,26,13,13,20,18,1,17,2,0,2,28,28,1,27,0,0,0,32,26,2,24,6,3,3,99,98,48,50,1,0,1,36,31,6,25,5,2,3,50,42,12,30,8,4,4,85,84,40,44,1,1,0,15,12,4,8,3,3,0
S01006678,548,523,150,373,25,5,20,34,34,1,33,0,0,0,58,57,4,53,1,0,1,52,44,1,43,8,1,7,152,150,64,86,2,0,2,51,49,8,41,2,0,2,73,69,26,43,4,1,3,105,102,39,63,3,1,2,23,18,7,11,5,2,3
S01006679,381,360,90,270,21,6,15,22,21,0,21,1,0,1,27,27,2,25,0,0,0,25,17,0,17,8,1,7,84,80,37,43,4,1,3,26,23,5,18,3,1,2,51,47,16,31,4,2,2,132,131,28,103,1,1,0,14,14,2,12,0,0,0
S01006680,414,388,113,275,26,5,21,17,17,1,16,0,0,0,46,45,3,42,1,0,1,37,32,1,31,5,0,5,119,114,44,70,5,1,4,37,34,4,30,3,1,2,65,60,23,37,5,1,4,75,74,31,43,1,1,0,18,12,6,6,6,1,5
S01006681,415,396,84,312,19,4,15,42,42,0,42,0,0,0,28,28,1,27,0,0,0,23,19,1,18,4,0,4,89,84,29,55,5,3,2,45,43,5,38,2,0,2,84,79,14,65,5,1,4,89,88,29,59,1,0,1,15,13,5,8,2,0,2
S01006682,401,373,110,263,28,11,17,21,21,1,20,0,0,0,42,40,3,37,2,1,1,27,23,0,23,4,1,3,118,116,46,70,2,0,2,32,27,0,27,5,3,2,68,58,28,30,10,5,5,80,77,27,50,3,0,3,13,11,5,6,2,1,1
S01006683,453,429,140,289,24,5,19,27,27,1,26,0,0,0,27,26,1,25,1,0,1,25,22,1,21,3,0,3,132,131,58,73,1,0,1,36,29,1,28,7,0,7,79,69,32,37,10,4,6,107,106,34,72,1,1,0,20,19,12,7,1,0,1
S01006684,382,365,94,271,17,2,15,16,16,0,16,0,0,0,47,46,4,42,1,0,1,35,31,1,30,4,1,3,96,93,48,45,3,0,3,33,33,5,28,0,0,0,51,50,11,39,1,1,0,87,87,23,64,0,0,0,17,9,2,7,8,0,8
S01006685,407,386,92,294,21,9,12,27,27,0,27,0,0,0,20,18,1,17,2,0,2,37,31,1,30,6,2,4,114,109,39,70,5,3,2,37,37,10,27,0,0,0,53,50,11,39,3,2,1,106,102,26,76,4,1,3,13,12,4,8,1,1,0
S01006686,326,305,81,224,21,7,14,18,18,0,18,0,0,0,20,19,0,19,1,0,1,26,20,1,19,6,0,6,88,87,37,50,1,0,1,18,14,3,11,4,1,3,46,43,5,38,3,3,0,95,93,31,62,2,2,0,15,11,4,7,4,1,3
S01006687,438,420,119,301,18,5,13,27,26,1,25,1,0,1,27,27,1,26,0,0,0,34,30,4,26,4,1,3,103,97,47,50,6,2,4,37,33,3,30,4,0,4,55,54,14,40,1,0,1,143,141,41,100,2,2,0,12,12,8,4,0,0,0
S01006688,409,363,89,274,46,8,38,37,34,3,31,3,0,3,21,19,1,18,2,0,2,37,27,0,27,10,1,9,90,80,32,48,10,0,10,24,23,2,21,1,0,1,58,51,8,43,7,2,5,111,107,37,70,4,2,2,31,22,6,16,9,3,6
S01006689,388,341,76,265,47,8,39,40,36,1,35,4,0,4,25,20,1,19,5,0,5,23,18,2,16,5,0,5,59,53,26,27,6,0,6,24,18,3,15,6,1,5,79,70,10,60,9,3,6,123,115,26,89,8,2,6,15,11,7,4,4,2,2
S01006690,320,303,87,216,17,3,14,21,18,0,18,3,0,3,20,20,2,18,0,0,0,20,16,2,14,4,0,4,74,73,34,39,1,0,1,32,32,6,26,0,0,0,40,38,5,33,2,1,1,98,95,29,66,3,2,1,15,11,9,2,4,0,4
S01006691,332,308,83,225,24,6,18,31,31,4,27,0,0,0,16,16,1,15,0,0,0,9,5,0,5,4,0,4,64,59,26,33,5,3,2,24,19,4,15,5,1,4,66,62,14,48,4,0,4,103,99,29,70,4,2,2,19,17,5,12,2,0,2
S01006692,381,349,77,272,32,10,22,28,27,3,24,1,0,1,33,32,1,31,1,0,1,18,14,1,13,4,1,3,56,53,23,30,3,0,3,27,22,2,20,5,3,2,63,52,12,40,11,2,9,143,138,31,107,5,2,3,13,11,4,7,2,2,0
S01006693,565,531,128,403,34,14,20,43,41,2,39,2,2,0,48,48,1,47,0,0,0,32,25,2,23,7,0,7,137,130,55,75,7,4,3,33,30,3,27,3,1,2,82,78,16,62,4,2,2,161,157,41,116,4,3,1,29,22,8,14,7,2,5
S01006694,324,299,80,219,25,8,17,10,10,1,9,0,0,0,24,24,2,22,0,0,0,31,25,1,24,6,1,5,63,58,24,34,5,3,2,28,22,3,19,6,1,5,50,46,14,32,4,1,3,109,107,33,74,2,1,1,9,7,2,5,2,1,1
S01006695,361,333,87,246,28,6,22,24,24,1,23,0,0,0,31,28,1,27,3,0,3,26,22,2,20,4,1,3,79,75,29,46,4,0,4,25,18,2,16,7,1,6,50,45,10,35,5,2,3,113,112,39,73,1,1,0,13,9,3,6,4,1,3
S01006696,396,376,124,252,20,7,13,23,22,0,22,1,0,1,30,29,1,28,1,0,1,26,22,3,19,4,1,3,82,82,37,45,0,0,0,38,34,6,28,4,1,3,45,43,13,30,2,2,0,125,122,53,69,3,1,2,27,22,11,11,5,2,3
S01006697,473,437,136,301,36,9,27,25,23,3,20,2,0,2,33,30,3,27,3,0,3,45,39,2,37,6,0,6,98,96,43,53,2,2,0,45,35,7,28,10,2,8,62,59,20,39,3,2,1,145,140,53,87,5,1,4,20,15,5,10,5,2,3
S01006698,318,310,78,232,8,3,5,18,18,2,16,0,0,0,24,23,2,21,1,0,1,21,16,1,15,5,1,4,65,65,26,39,0,0,0,23,22,2,20,1,1,0,49,49,10,39,0,0,0,102,101,28,73,1,1,0,16,16,7,9,0,0,0
S01006699,268,251,72,179,17,0,17,17,17,2,15,0,0,0,16,15,2,13,1,0,1,14,12,0,12,2,0,2,52,48,20,28,4,0,4,23,20,4,16,3,0,3,45,43,9,34,2,0,2,91,87,32,55,4,0,4,10,9,3,6,1,0,1
S01006700,419,385,90,295,34,10,24,26,26,0,26,0,0,0,29,28,2,26,1,1,0,23,17,1,16,6,0,6,88,79,24,55,9,0,9,35,29,7,22,6,1,5,61,55,6,49,6,4,2,140,137,47,90,3,2,1,17,14,3,11,3,2,1
S01006701,331,316,99,217,15,7,8,16,16,1,15,0,0,0,21,21,1,20,0,0,0,30,25,1,24,5,1,4,107,104,38,66,3,2,1,22,19,6,13,3,1,2,53,51,19,32,2,2,0,69,69,26,43,0,0,0,13,11,7,4,2,1,1
S01006702,402,368,109,259,34,12,22,23,22,2,20,1,0,1,38,37,4,33,1,0,1,29,20,2,18,9,1,8,93,89,35,54,4,2,2,40,32,4,28,8,3,5,51,48,8,40,3,0,3,103,99,46,53,4,2,2,25,21,8,13,4,4,0
S01006703,321,302,79,223,19,2,17,15,14,1,13,1,0,1,16,16,2,14,0,0,0,28,25,1,24,3,0,3,75,73,27,46,2,0,2,35,28,2,26,7,0,7,50,47,13,34,3,0,3,96,94,30,64,2,2,0,6,5,3,2,1,0,1
S01006704,272,261,68,193,11,4,7,16,15,0,15,1,0,1,22,21,2,19,1,0,1,25,21,0,21,4,1,3,66,66,24,42,0,0,0,25,22,4,18,3,2,1,42,41,12,29,1,0,1,70,69,22,47,1,1,0,6,6,4,2,0,0,0
S01006705,355,328,95,233,27,7,20,21,21,0,21,0,0,0,26,25,3,22,1,0,1,39,27,1,26,12,3,9,81,77,34,43,4,2,2,39,33,5,28,6,0,6,43,41,12,29,2,1,1,95,95,39,56,0,0,0,11,9,1,8,2,1,1
S01006706,321,294,77,217,27,6,21,20,19,2,17,1,1,0,23,23,1,22,0,0,0,30,26,1,25,4,0,4,59,59,18,41,0,0,0,40,31,3,28,9,0,9,28,25,5,20,3,1,2,105,100,43,57,5,2,3,16,11,4,7,5,2,3
S01006707,331,308,85,223,23,4,19,19,19,1,18,0,0,0,14,12,1,11,2,0,2,25,17,2,15,8,1,7,81,76,28,48,5,2,3,33,26,7,19,7,1,6,46,46,10,36,0,0,0,100,100,30,70,0,0,0,13,12,6,6,1,0,1
S01006708,383,357,92,265,26,6,20,21,20,1,19,1,0,1,27,26,0,26,1,0,1,37,29,4,25,8,1,7,89,87,33,54,2,0,2,36,29,3,26,7,1,6,35,33,10,23,2,1,1,126,124,37,87,2,1,1,12,9,4,5,3,2,1
S01006709,412,379,123,256,33,8,25,22,22,2,20,0,0,0,26,23,2,21,3,0,3,40,33,4,29,7,0,7,97,92,44,48,5,2,3,45,40,8,32,5,1,4,67,61,13,48,6,2,4,97,96,45,51,1,0,1,18,12,5,7,6,3,3
S01006710,447,416,112,304,31,3,28,20,19,0,19,1,0,1,30,27,3,24,3,1,2,47,41,1,40,6,0,6,87,84,34,50,3,0,3,55,46,7,39,9,0,9,63,60,18,42,3,0,3,123,119,42,77,4,1,3,22,20,7,13,2,1,1
S01006711,473,420,110,310,53,16,37,31,28,3,25,3,0,3,37,36,3,33,1,0,1,54,42,0,42,12,1,11,108,104,36,68,4,1,3,46,34,9,25,12,2,10,52,41,7,34,11,7,4,127,125,47,78,2,1,1,18,10,5,5,8,4,4
S01006712,251,238,57,181,13,3,10,15,14,3,11,1,0,1,16,15,0,15,1,0,1,34,32,2,30,2,0,2,40,40,11,29,0,0,0,25,23,1,22,2,0,2,29,25,5,20,4,1,3,84,82,32,50,2,2,0,8,7,3,4,1,0,1
S01006713,466,436,106,330,30,10,20,32,32,4,28,0,0,0,40,39,3,36,1,0,1,32,30,1,29,2,1,1,96,96,34,62,0,0,0,57,42,6,36,15,3,12,61,56,11,45,5,2,3,126,124,39,85,2,1,1,22,17,8,9,5,3,2
S01006714,342,326,89,237,16,4,12,28,28,2,26,0,0,0,29,29,2,27,0,0,0,25,23,2,21,2,1,1,66,65,26,39,1,0,1,38,32,4,28,6,0,6,47,44,17,27,3,0,3,99,97,34,63,2,2,0,10,8,2,6,2,1,1
S01006715,266,251,87,164,15,3,12,13,12,0,12,1,0,1,19,18,3,15,1,0,1,17,15,0,15,2,0,2,69,68,37,31,1,0,1,29,26,3,23,3,1,2,36,33,9,24,3,1,2,74,71,32,39,3,1,2,9,8,3,5,1,0,1
S01006716,317,288,95,193,29,10,19,21,20,1,19,1,0,1,21,20,4,16,1,0,1,24,18,1,17,6,2,4,83,82,30,52,1,0,1,27,19,4,15,8,1,7,44,37,15,22,7,3,4,81,78,34,44,3,2,1,16,14,6,8,2,2,0
S01006717,479,452,132,320,27,7,20,31,30,1,29,1,1,0,27,27,2,25,0,0,0,43,37,1,36,6,0,6,116,112,47,65,4,1,3,60,56,12,44,4,1,3,48,46,10,36,2,1,1,138,136,56,80,2,1,1,16,8,3,5,8,2,6
S01006718,310,284,85,199,26,4,22,18,16,1,15,2,0,2,22,22,2,20,0,0,0,25,22,0,22,3,1,2,71,68,28,40,3,0,3,29,20,1,19,9,0,9,37,33,10,23,4,1,3,91,87,36,51,4,2,2,17,16,7,9,1,0,1
S01006719,459,419,111,308,40,18,22,40,38,5,33,2,1,1,31,30,3,27,1,0,1,44,36,0,36,8,0,8,85,83,32,51,2,1,1,52,45,7,38,7,3,4,58,52,19,33,6,2,4,127,118,40,78,9,6,3,22,17,5,12,5,5,0
S01006720,311,291,79,212,20,3,17,11,11,1,10,0,0,0,25,25,1,24,0,0,0,25,20,2,18,5,0,5,78,75,24,51,3,0,3,31,26,2,24,5,0,5,42,38,9,29,4,2,2,86,84,35,49,2,1,1,13,12,5,7,1,0,1
S01006721,450,423,103,320,27,7,20,32,31,1,30,1,0,1,56,54,3,51,2,0,2,34,30,2,28,4,0,4,90,85,39,46,5,3,2,58,49,2,47,9,0,9,58,57,16,41,1,0,1,106,103,34,69,3,2,1,16,14,6,8,2,2,0
S01006722,372,353,94,259,19,6,13,32,32,1,31,0,0,0,20,19,2,17,1,0,1,24,24,0,24,0,0,0,90,86,26,60,4,1,3,30,24,4,20,6,2,4,43,38,10,28,5,2,3,122,121,49,72,1,0,1,11,9,2,7,2,1,1
S01006723,325,300,70,230,25,7,18,20,19,1,18,1,1,0,24,23,2,21,1,0,1,30,24,1,23,6,1,5,74,69,23,46,5,1,4,27,24,2,22,3,1,2,52,48,8,40,4,1,3,85,81,29,52,4,1,3,13,12,4,8,1,1,0
S01006724,402,375,139,236,27,7,20,16,16,2,14,0,0,0,45,45,5,40,0,0,0,21,15,0,15,6,0,6,113,107,60,47,6,2,4,41,38,5,33,3,0,3,67,58,21,37,9,4,5,86,84,41,43,2,0,2,13,12,5,7,1,1,0
S01006725,334,315,91,224,19,7,12,20,20,1,19,0,0,0,28,26,2,24,2,1,1,21,16,0,16,5,1,4,91,89,41,48,2,1,1,32,25,3,22,7,1,6,37,35,8,27,2,2,0,83,82,29,53,1,1,0,22,22,7,15,0,0,0
S01006726,615,582,191,391,33,11,22,38,36,2,34,2,1,1,51,50,1,49,1,0,1,51,44,8,36,7,2,5,164,163,72,91,1,0,1,51,41,7,34,10,1,9,123,117,48,69,6,2,4,123,120,50,70,3,2,1,14,11,3,8,3,3,0
S01006727,413,391,138,253,22,6,16,18,18,1,17,0,0,0,46,46,6,40,0,0,0,32,25,1,24,7,0,7,118,116,54,62,2,0,2,36,32,7,25,4,2,2,70,67,31,36,3,3,0,80,76,35,41,4,1,3,13,11,3,8,2,0,2
S01006728,367,351,101,250,16,3,13,19,19,0,19,0,0,0,39,39,2,37,0,0,0,26,21,1,20,5,0,5,71,68,34,34,3,2,1,36,31,3,28,5,0,5,56,54,13,41,2,1,1,107,107,43,64,0,0,0,13,12,5,7,1,0,1
S01006729,360,346,102,244,14,5,9,22,20,1,19,2,1,1,26,26,0,26,0,0,0,22,19,2,17,3,1,2,91,88,33,55,3,1,2,34,31,6,25,3,0,3,52,50,15,35,2,2,0,99,99,40,59,0,0,0,14,13,5,8,1,0,1
S01006730,389,373,105,268,16,2,14,25,24,2,22,1,0,1,35,32,2,30,3,0,3,24,21,1,20,3,0,3,96,95,37,58,1,0,1,38,34,3,31,4,0,4,47,46,22,24,1,0,1,110,107,33,74,3,2,1,14,14,5,9,0,0,0
S01006731,291,273,70,203,18,1,17,12,12,2,10,0,0,0,16,16,0,16,0,0,0,32,30,0,30,2,0,2,51,49,17,32,2,1,1,46,36,7,29,10,0,10,36,33,7,26,3,0,3,83,82,35,47,1,0,1,15,15,2,13,0,0,0
S01006732,542,461,145,316,81,14,67,101,77,15,62,24,2,22,43,41,5,36,2,1,1,27,16,3,13,11,3,8,101,90,47,43,11,2,9,33,28,1,27,5,1,4,93,74,19,55,19,4,15,124,121,46,75,3,1,2,20,14,9,5,6,0,6
S01006733,465,402,109,293,63,11,52,78,69,5,64,9,1,8,37,31,2,29,6,0,6,28,23,3,20,5,0,5,56,48,26,22,8,3,5,37,32,7,25,5,0,5,99,84,18,66,15,1,14,122,110,47,63,12,6,6,8,5,1,4,3,0,3
S01006734,527,448,103,345,79,21,58,83,76,3,73,7,0,7,37,35,4,31,2,0,2,33,20,1,19,13,2,11,64,52,21,31,12,2,10,37,30,5,25,7,3,4,112,89,14,75,23,6,17,143,133,51,82,10,5,5,18,13,4,9,5,3,2
S01006735,288,259,66,193,29,11,18,29,28,1,27,1,0,1,19,17,2,15,2,0,2,18,14,0,14,4,1,3,37,33,16,17,4,2,2,30,27,4,23,3,1,2,57,49,14,35,8,3,5,89,83,22,61,6,3,3,9,8,7,1,1,1,0
S01006736,653,578,144,434,75,22,53,80,78,4,74,2,0,2,34,32,2,30,2,0,2,47,43,4,39,4,1,3,89,72,27,45,17,6,11,51,45,8,37,6,2,4,155,129,24,105,26,3,23,164,153,61,92,11,6,5,33,26,14,12,7,4,3
S01006737,338,293,75,218,45,14,31,37,33,2,31,4,0,4,24,23,1,22,1,1,0,22,14,1,13,8,3,5,64,54,23,31,10,2,8,18,14,1,13,4,2,2,69,59,12,47,10,3,7,88,85,33,52,3,1,2,16,11,2,9,5,2,3
S01006738,577,538,72,466,39,11,28,81,79,4,75,2,0,2,65,60,1,59,5,0,5,39,33,2,31,6,2,4,108,106,22,84,2,0,2,75,69,6,63,6,1,5,82,72,8,64,10,4,6,103,100,20,80,3,2,1,24,19,9,10,5,2,3
S01006739,410,375,67,308,35,9,26,35,33,2,31,2,0,2,46,42,3,39,4,0,4,32,26,0,26,6,0,6,68,65,22,43,3,2,1,46,42,2,40,4,1,3,84,78,11,67,6,3,3,72,68,16,52,4,2,2,27,21,11,10,6,1,5
S01006740,392,370,87,283,22,5,17,34,34,1,33,0,0,0,41,41,1,40,0,0,0,26,21,3,18,5,0,5,88,86,39,47,2,1,1,39,31,3,28,8,0,8,65,60,5,55,5,3,2,90,89,32,57,1,1,0,9,8,3,5,1,0,1
S01006741,317,293,96,197,24,6,18,24,23,3,20,1,0,1,28,27,4,23,1,0,1,24,17,2,15,7,0,7,69,68,40,28,1,0,1,46,40,9,31,6,2,4,45,43,10,33,2,0,2,76,72,28,44,4,2,2,5,3,0,3,2,2,0
S01006742,208,190,55,135,18,3,15,21,21,3,18,0,0,0,24,23,1,22,1,1,0,7,6,0,6,1,0,1,40,37,22,15,3,0,3,30,28,1,27,2,1,1,35,28,4,24,7,1,6,43,42,21,21,1,0,1,8,5,3,2,3,0,3
S01006743,321,297,55,242,24,4,20,34,31,0,31,3,0,3,37,36,4,32,1,0,1,27,21,1,20,6,0,6,55,51,17,34,4,1,3,32,28,3,25,4,2,2,48,46,6,40,2,0,2,72,72,20,52,0,0,0,16,12,4,8,4,1,3
S01006744,384,350,85,265,34,6,28,30,29,1,28,1,0,1,40,39,2,37,1,0,1,25,17,0,17,8,0,8,90,86,32,54,4,0,4,43,33,5,28,10,2,8,57,54,11,43,3,1,2,83,82,33,49,1,0,1,16,10,1,9,6,3,3
S01006745,408,373,92,281,35,10,25,34,33,0,33,1,0,1,34,34,1,33,0,0,0,35,28,1,27,7,1,6,94,90,37,53,4,1,3,47,37,2,35,10,2,8,49,44,10,34,5,1,4,99,94,33,61,5,2,3,16,13,8,5,3,3,0
S01006746,426,398,111,287,28,11,17,37,37,1,36,0,0,0,44,44,1,43,0,0,0,30,28,1,27,2,0,2,108,104,47,57,4,1,3,34,26,1,25,8,2,6,56,53,14,39,3,1,2,95,90,39,51,5,2,3,22,16,7,9,6,5,1
S01006747,410,380,115,265,30,8,22,34,33,1,32,1,0,1,32,32,3,29,0,0,0,24,19,1,18,5,0,5,71,68,32,36,3,1,2,40,36,4,32,4,1,3,68,59,21,38,9,3,6,126,121,47,74,5,1,4,15,12,6,6,3,2,1
S01006748,482,430,105,325,52,10,42,53,47,3,44,6,1,5,36,35,2,33,1,0,1,52,46,6,40,6,1,5,85,76,25,51,9,3,6,51,41,7,34,10,0,10,79,68,15,53,11,4,7,111,107,43,64,4,0,4,15,10,4,6,5,1,4
S01006749,513,482,106,376,31,9,22,51,48,5,43,3,0,3,41,41,3,38,0,0,0,38,29,2,27,9,3,6,126,124,48,76,2,2,0,51,47,4,43,4,0,4,83,75,13,62,8,4,4,108,105,26,79,3,0,3,15,13,5,8,2,0,2
S01006750,354,328,86,242,26,5,21,26,25,0,25,1,0,1,32,31,1,30,1,1,0,27,24,0,24,3,0,3,95,85,27,58,10,1,9,44,41,9,32,3,0,3,45,42,10,32,3,1,2,75,74,35,39,1,0,1,10,6,4,2,4,2,2
S01006751,250,231,72,159,19,8,11,25,25,1,24,0,0,0,23,21,0,21,2,1,1,9,6,0,6,3,1,2,61,59,25,34,2,1,1,33,29,8,21,4,1,3,28,24,9,15,4,1,3,62,61,29,32,1,1,0,9,6,0,6,3,2,1
S01006752,347,334,89,245,13,5,8,29,29,2,27,0,0,0,31,31,4,27,0,0,0,17,16,0,16,1,0,1,92,88,36,52,4,2,2,40,38,5,33,2,0,2,48,46,10,36,2,1,1,82,79,29,50,3,1,2,8,7,3,4,1,1,0
S01006753,498,447,118,329,51,11,40,62,57,5,52,5,0,5,33,33,4,29,0,0,0,35,27,3,24,8,1,7,106,96,50,46,10,6,4,66,58,7,51,8,0,8,77,67,14,53,10,1,9,106,99,30,69,7,2,5,13,10,5,5,3,1,2
S01006754,493,459,117,342,34,6,28,60,58,2,56,2,1,1,45,43,2,41,2,0,2,29,23,0,23,6,1,5,92,90,38,52,2,0,2,64,57,8,49,7,1,6,73,64,16,48,9,2,7,108,104,41,63,4,1,3,22,20,10,10,2,0,2
S01006755,440,376,93,283,64,15,49,69,55,7,48,14,1,13,46,42,6,36,4,1,3,30,24,2,22,6,0,6,88,75,33,42,13,5,8,30,27,7,20,3,1,2,80,66,10,56,14,4,10,83,76,23,53,7,0,7,14,11,5,6,3,3,0
S01006756,431,390,46,344,41,8,33,73,67,1,66,6,0,6,37,36,1,35,1,0,1,24,17,1,16,7,1,6,60,57,16,41,3,0,3,32,29,2,27,3,2,1,99,85,7,78,14,2,12,96,91,15,76,5,2,3,10,8,3,5,2,1,1
S01006757,499,465,115,350,34,6,28,59,53,4,49,6,0,6,39,38,1,37,1,0,1,32,27,1,26,5,1,4,89,84,39,45,5,1,4,37,33,4,29,4,1,3,96,91,18,73,5,1,4,131,126,41,85,5,2,3,16,13,7,6,3,0,3
S01006758,459,427,105,322,32,6,26,56,52,3,49,4,0,4,44,43,4,39,1,0,1,32,28,3,25,4,0,4,82,78,44,34,4,0,4,31,27,2,25,4,0,4,77,70,10,60,7,1,6,124,120,38,82,4,3,1,13,9,1,8,4,2,2
S01006759,352,322,93,229,30,7,23,33,32,3,29,1,0,1,30,29,3,26,1,0,1,22,18,2,16,4,1,3,59,55,26,29,4,0,4,32,27,5,22,5,1,4,65,56,11,45,9,4,5,96,92,39,53,4,1,3,15,13,4,9,2,0,2
S01006760,327,305,64,241,22,7,15,19,18,0,18,1,0,1,24,24,0,24,0,0,0,21,19,0,19,2,0,2,67,63,28,35,4,1,3,33,27,5,22,6,4,2,57,52,7,45,5,1,4,94,93,21,72,1,1,0,12,9,3,6,3,0,3
S01006761,439,395,110,285,44,8,36,28,25,1,24,3,0,3,46,43,3,40,3,1,2,30,26,4,22,4,0,4,88,83,40,43,5,2,3,45,35,4,31,10,0,10,79,72,20,52,7,0,7,112,103,35,68,9,5,4,11,8,3,5,3,0,3
S01006762,384,340,91,249,44,11,33,39,33,4,29,6,0,6,22,22,3,19,0,0,0,33,25,0,25,8,1,7,68,63,26,37,5,0,5,27,23,3,20,4,0,4,67,57,13,44,10,5,5,111,107,39,68,4,3,1,17,10,3,7,7,2,5
S01006763,569,528,140,388,41,7,34,64,57,5,52,7,0,7,42,39,8,31,3,0,3,32,26,0,26,6,0,6,124,120,54,66,4,1,3,52,43,3,40,9,1,8,91,85,14,71,6,3,3,140,136,48,88,4,2,2,24,22,8,14,2,0,2
S01006764,543,520,128,392,23,4,19,51,50,4,46,1,0,1,46,44,1,43,2,0,2,30,24,1,23,6,0,6,121,121,46,75,0,0,0,52,49,5,44,3,1,2,91,84,20,64,7,2,5,130,127,40,87,3,1,2,22,21,11,10,1,0,1
S01006765,404,381,78,303,23,6,17,41,39,1,38,2,0,2,35,33,1,32,2,1,1,32,27,1,26,5,0,5,98,97,36,61,1,0,1,30,25,3,22,5,1,4,62,58,5,53,4,2,2,95,93,27,66,2,1,1,11,9,4,5,2,1,1
S01006766,385,351,97,254,34,9,25,50,45,5,40,5,0,5,29,26,1,25,3,1,2,26,23,0,23,3,1,2,78,71,35,36,7,1,6,34,32,6,26,2,0,2,57,50,10,40,7,3,4,99,97,38,59,2,2,0,12,7,2,5,5,1,4
S01006767,424,392,116,276,32,10,22,36,35,4,31,1,0,1,39,39,2,37,0,0,0,32,27,2,25,5,0,5,105,99,57,42,6,4,2,35,29,2,27,6,1,5,65,58,14,44,7,2,5,90,87,26,61,3,3,0,22,18,9,9,4,0,4
S01006768,381,342,111,231,39,7,32,52,49,4,45,3,1,2,25,24,3,21,1,0,1,25,20,2,18,5,0,5,85,74,43,31,11,1,10,29,25,5,20,4,0,4,64,57,14,43,7,2,5,88,83,36,47,5,1,4,13,10,4,6,3,2,1
S01006769,568,521,147,374,47,10,37,42,39,2,37,3,0,3,46,45,3,42,1,0,1,53,42,3,39,11,1,10,130,121,56,65,9,2,7,41,31,4,27,10,2,8,87,80,19,61,7,2,5,157,156,58,98,1,1,0,12,7,2,5,5,2,3
S01006770,397,365,110,255,32,11,21,31,30,2,28,1,0,1,36,35,5,30,1,1,0,27,24,0,24,3,1,2,67,64,40,24,3,1,2,42,30,8,22,12,0,12,57,54,6,48,3,1,2,119,112,43,69,7,5,2,18,16,6,10,2,2,0
S01006771,289,260,76,184,29,9,20,28,25,3,22,3,0,3,18,16,3,13,2,0,2,20,17,1,16,3,1,2,64,57,36,21,7,2,5,19,17,0,17,2,0,2,39,34,5,29,5,2,3,80,78,27,51,2,0,2,21,16,1,15,5,4,1
S01006772,545,488,115,373,57,16,41,41,40,1,39,1,0,1,44,41,1,40,3,1,2,60,47,7,40,13,0,13,119,107,49,58,12,6,6,54,45,5,40,9,1,8,89,81,13,68,8,1,7,126,119,38,81,7,3,4,12,8,1,7,4,4,0
S01006773,398,355,111,244,43,10,33,37,36,2,34,1,0,1,29,27,3,24,2,1,1,27,20,1,19,7,2,5,90,84,41,43,6,1,5,34,24,2,22,10,1,9,57,51,14,37,6,1,5,113,106,45,61,7,3,4,11,7,3,4,4,1,3
S01006774,420,382,124,258,38,14,24,47,45,3,42,2,0,2,19,16,1,15,3,1,2,32,25,3,22,7,0,7,108,103,52,51,5,2,3,32,24,4,20,8,1,7,65,63,21,42,2,1,1,102,96,37,59,6,5,1,15,10,3,7,5,4,1
S01006775,373,345,82,263,28,5,23,30,29,0,29,1,0,1,36,33,1,32,3,0,3,25,16,0,16,9,2,7,83,80,31,49,3,0,3,27,22,1,21,5,1,4,67,65,16,49,2,0,2,93,90,28,62,3,1,2,12,10,5,5,2,1,1
S01006776,249,228,57,171,21,9,12,17,16,2,14,1,0,1,29,28,4,24,1,0,1,19,15,1,14,4,0,4,62,58,17,41,4,1,3,27,24,1,23,3,3,0,36,35,10,25,1,1,0,48,47,20,27,1,1,0,11,5,2,3,6,3,3
S01006777,388,353,113,240,35,13,22,24,22,0,22,2,0,2,32,32,3,29,0,0,0,32,25,3,22,7,1,6,87,81,43,38,6,3,3,35,30,6,24,5,1,4,62,57,15,42,5,3,2,104,98,40,58,6,3,3,12,8,3,5,4,2,2
S01006778,368,349,98,251,19,2,17,40,38,1,37,2,0,2,20,19,2,17,1,1,0,35,30,1,29,5,0,5,89,87,47,40,2,0,2,27,25,1,24,2,0,2,59,56,8,48,3,0,3,85,84,33,51,1,0,1,13,10,5,5,3,1,2
S01006779,311,292,96,196,19,3,16,22,21,1,20,1,0,1,22,22,4,18,0,0,0,21,16,0,16,5,0,5,76,74,45,29,2,1,1,33,29,2,27,4,0,4,42,39,9,30,3,0,3,80,78,29,49,2,1,1,15,13,6,7,2,1,1
S01006780,316,274,74,200,42,14,28,25,24,1,23,1,0,1,21,19,3,16,2,0,2,30,14,0,14,16,6,10,59,53,25,28,6,1,5,26,18,4,14,8,2,6,55,51,8,43,4,3,1,83,81,27,54,2,1,1,17,14,6,8,3,1,2
S01006781,361,319,115,204,42,12,30,28,24,3,21,4,0,4,23,21,2,19,2,0,2,22,13,2,11,9,1,8,78,74,40,34,4,0,4,30,26,4,22,4,1,3,59,47,11,36,12,6,6,104,102,47,55,2,1,1,17,12,6,6,5,3,2
S01006782,452,405,88,317,47,8,39,56,54,5,49,2,0,2,34,34,2,32,0,0,0,41,26,2,24,15,2,13,84,82,30,52,2,0,2,32,25,2,23,7,1,6,80,69,15,54,11,2,9,114,106,30,76,8,2,6,11,9,2,7,2,1,1
S01006783,320,294,97,197,26,7,19,27,26,1,25,1,0,1,21,19,0,19,2,1,1,25,20,2,18,5,0,5,95,94,48,46,1,0,1,27,19,2,17,8,2,6,40,35,8,27,5,2,3,75,72,33,39,3,1,2,10,9,3,6,1,1,0
S01006784,375,338,74,264,37,6,31,37,34,0,34,3,0,3,26,25,1,24,1,0,1,25,16,0,16,9,0,9,65,59,23,36,6,0,6,21,17,2,15,4,1,3,69,62,12,50,7,3,4,117,112,29,83,5,2,3,15,13,7,6,2,0,2
S01006785,381,354,106,248,27,8,19,50,47,6,41,3,0,3,41,39,6,33,2,1,1,19,16,3,13,3,1,2,79,75,43,32,4,2,2,22,18,5,13,4,0,4,69,64,17,47,5,0,5,89,84,25,59,5,3,2,12,11,1,10,1,1,0
S01006786,482,428,120,308,54,18,36,47,43,5,38,4,1,3,45,44,4,40,1,0,1,26,20,3,17,6,1,5,101,92,45,47,9,2,7,33,30,6,24,3,1,2,91,78,15,63,13,2,11,125,115,40,75,10,5,5,14,6,2,4,8,6,2
S01006787,361,312,72,240,49,17,32,34,30,2,28,4,1,3,30,27,1,26,3,1,2,26,18,0,18,8,0,8,81,72,30,42,9,4,5,32,26,3,23,6,1,5,63,53,12,41,10,4,6,79,73,18,55,6,3,3,16,13,6,7,3,3,0
S01006788,476,424,100,324,52,13,39,69,62,3,59,7,0,7,43,43,4,39,0,0,0,29,25,3,22,4,1,3,81,71,31,40,10,1,9,41,31,2,29,10,5,5,85,77,11,66,8,0,8,109,103,43,60,6,4,2,19,12,3,9,7,2,5
S01006789,310,255,70,185,55,8,47,24,21,0,21,3,0,3,17,16,1,15,1,0,1,21,12,2,10,9,1,8,102,80,25,55,22,0,22,19,16,0,16,3,0,3,39,32,10,22,7,3,4,69,64,29,35,5,2,3,19,14,3,11,5,2,3
S01006790,403,338,109,229,65,21,44,24,21,1,20,3,1,2,27,25,6,19,2,1,1,34,25,1,24,9,1,8,135,108,39,69,27,6,21,27,22,6,16,5,3,2,54,43,10,33,11,5,6,73,68,35,33,5,2,3,29,26,11,15,3,2,1
S01006791,274,188,62,126,86,18,68,34,14,2,12,20,1,19,12,6,0,6,6,1,5,21,13,0,13,8,1,7,53,32,15,17,21,6,15,13,11,2,9,2,0,2,48,31,5,26,17,5,12,60,56,32,24,4,0,4,33,25,6,19,8,4,4
S01006792,268,201,60,141,67,19,48,21,7,0,7,14,1,13,23,17,2,15,6,2,4,20,14,0,14,6,1,5,50,36,17,19,14,5,9,19,13,5,8,6,1,5,49,41,8,33,8,1,7,60,53,21,32,7,6,1,26,20,7,13,6,2,4
S01006793,315,245,54,191,70,7,63,9,8,0,8,1,0,1,19,14,2,12,5,0,5,17,9,0,9,8,1,7,138,101,25,76,37,2,35,6,4,0,4,2,0,2,46,39,7,32,7,2,5,47,42,14,28,5,1,4,33,28,6,22,5,1,4
S01006794,271,231,64,167,40,8,32,25,24,1,23,1,0,1,16,14,2,12,2,0,2,35,25,1,24,10,1,9,48,45,12,33,3,1,2,26,16,3,13,10,1,9,28,22,3,19,6,2,4,81,75,39,36,6,3,3,12,10,3,7,2,0,2
S01006795,335,270,93,177,65,26,39,41,35,1,34,6,1,5,15,14,1,13,1,1,0,23,18,1,17,5,0,5,68,52,27,25,16,6,10,16,14,3,11,2,1,1,62,45,9,36,17,5,12,95,83,45,38,12,7,5,15,9,6,3,6,5,1
S01006796,280,230,66,164,50,16,34,38,28,1,27,10,0,10,19,17,1,16,2,1,1,20,15,0,15,5,2,3,46,39,17,22,7,3,4,18,14,5,9,4,1,3,47,32,6,26,15,8,7,77,72,32,40,5,1,4,15,13,4,9,2,0,2
S01006797,347,255,63,192,92,31,61,44,28,3,25,16,2,14,21,14,3,11,7,3,4,37,24,1,23,13,2,11,50,36,11,25,14,3,11,21,9,2,7,12,8,4,68,53,16,37,15,7,8,81,74,23,51,7,5,2,25,17,4,13,8,1,7
S01006798,354,263,82,181,91,21,70,51,29,4,25,22,2,20,18,14,2,12,4,2,2,35,18,2,16,17,2,15,64,49,25,24,15,3,12,32,28,6,22,4,1,3,50,36,5,31,14,5,9,87,78,36,42,9,4,5,17,11,2,9,6,2,4
S01006799,445,387,117,270,58,22,36,49,41,5,36,8,3,5,23,21,1,20,2,0,2,50,34,1,33,16,2,14,92,86,34,52,6,4,2,29,22,2,20,7,2,5,51,47,11,36,4,1,3,125,119,56,63,6,3,3,26,17,7,10,9,7,2
S01006800,434,355,112,243,79,23,56,56,44,3,41,12,2,10,31,29,0,29,2,0,2,37,24,1,23,13,3,10,77,68,40,28,9,2,7,18,15,3,12,3,0,3,99,75,17,58,24,6,18,86,81,39,42,5,1,4,30,19,9,10,11,9,2
S01006801,476,381,96,285,95,26,69,90,61,8,53,29,5,24,50,44,5,39,6,0,6,32,20,0,20,12,1,11,65,58,18,40,7,0,7,32,28,9,19,4,1,3,57,44,10,34,13,5,8,129,117,43,74,12,5,7,21,9,3,6,12,9,3
S01006802,350,277,80,197,73,18,55,54,38,5,33,16,2,14,38,31,3,28,7,1,6,34,25,1,24,9,1,8,60,49,21,28,11,2,9,13,10,3,7,3,1,2,62,47,11,36,15,6,9,77,70,33,37,7,3,4,12,7,3,4,5,2,3
S01006803,342,305,69,236,37,15,22,29,27,0,27,2,1,1,29,28,4,24,1,0,1,36,27,0,27,9,1,8,70,66,19,47,4,4,0,29,25,3,22,4,1,3,42,36,11,25,6,2,4,93,88,29,59,5,3,2,14,8,3,5,6,3,3
S01006804,408,366,77,289,42,13,29,51,49,4,45,2,2,0,39,38,5,33,1,0,1,41,28,2,26,13,2,11,58,53,16,37,5,0,5,25,24,3,21,1,0,1,64,54,10,44,10,5,5,119,115,36,79,4,1,3,11,5,1,4,6,3,3
S01006805,617,519,147,372,98,24,74,109,82,5,77,27,7,20,38,34,5,29,4,1,3,53,43,3,40,10,1,9,114,97,49,48,17,4,13,39,34,5,29,5,1,4,82,61,7,54,21,6,15,156,147,61,86,9,2,7,26,21,12,9,5,2,3
S01006806,580,463,96,367,117,25,92,89,64,4,60,25,4,21,60,52,3,49,8,1,7,61,36,7,29,25,2,23,80,62,18,44,18,3,15,31,28,8,20,3,0,3,93,75,14,61,18,9,9,141,129,38,91,12,3,9,25,17,4,13,8,3,5
S01006807,343,274,65,209,69,17,52,51,35,0,35,16,2,14,34,29,3,26,5,1,4,22,16,4,12,6,1,5,59,48,15,33,11,1,10,18,16,2,14,2,0,2,36,24,8,16,12,3,9,100,92,27,65,8,5,3,23,14,6,8,9,4,5
S01006808,326,260,80,180,66,10,56,40,29,1,28,11,0,11,33,30,3,27,3,2,1,15,8,0,8,7,0,7,48,42,17,25,6,0,6,19,14,2,12,5,0,5,63,41,9,32,22,6,16,92,88,43,45,4,1,3,16,8,5,3,8,1,7
S01006809,374,317,90,227,57,19,38,46,43,4,39,3,0,3,29,29,2,27,0,0,0,38,29,1,28,9,3,6,68,52,23,29,16,4,12,39,34,6,28,5,1,4,47,35,9,26,12,6,6,97,90,42,48,7,2,5,10,5,3,2,5,3,2
S01006810,441,340,89,251,101,32,69,69,43,0,43,26,9,17,30,30,2,28,0,0,0,43,29,2,27,14,0,14,74,56,24,32,18,8,10,26,22,6,16,4,2,2,59,38,7,31,21,3,18,125,115,46,69,10,6,4,15,7,2,5,8,4,4
S01006811,581,482,122,360,99,27,72,108,82,5,77,26,4,22,52,44,5,39,8,1,7,35,25,3,22,10,2,8,81,68,32,36,13,5,8,45,40,5,35,5,1,4,99,76,17,59,23,7,16,140,133,50,83,7,5,2,21,14,5,9,7,2,5
S01006812,441,367,82,285,74,16,58,69,46,4,42,23,4,19,38,37,3,34,1,0,1,39,33,1,32,6,0,6,66,60,26,34,6,0,6,45,39,6,33,6,2,4,56,43,6,37,13,4,9,114,99,32,67,15,5,10,14,10,4,6,4,1,3
S01006813,417,351,90,261,66,15,51,54,44,2,42,10,1,9,43,39,1,38,4,0,4,53,40,2,38,13,3,10,87,74,26,48,13,2,11,31,25,7,18,6,0,6,51,43,7,36,8,4,4,85,79,41,38,6,3,3,13,7,4,3,6,2,4
S01006814,417,374,102,272,43,11,32,58,51,4,47,7,2,5,35,29,5,24,6,1,5,28,20,2,18,8,1,7,77,70,31,39,7,2,5,18,16,3,13,2,0,2,76,70,7,63,6,1,5,111,109,48,61,2,1,1,14,9,2,7,5,3,2
S01006815,290,271,75,196,19,5,14,40,35,3,32,5,1,4,31,30,2,28,1,0,1,31,23,1,22,8,2,6,69,68,31,37,1,1,0,17,17,4,13,0,0,0,33,29,3,26,4,1,3,64,64,30,34,0,0,0,5,5,1,4,0,0,0
S01006816,372,325,90,235,47,7,40,45,41,2,39,4,0,4,33,31,2,29,2,0,2,34,24,4,20,10,1,9,65,52,27,25,13,1,12,24,22,4,18,2,0,2,46,40,5,35,6,2,4,109,102,40,62,7,2,5,16,13,6,7,3,1,2
S01006817,365,307,78,229,58,11,47,95,71,5,66,24,1,23,31,31,5,26,0,0,0,26,22,3,19,4,0,4,54,53,23,30,1,0,1,21,13,2,11,8,0,8,49,37,5,32,12,4,8,80,75,33,42,5,3,2,9,5,2,3,4,3,1
S01006818,414,341,80,261,73,10,63,77,55,5,50,22,1,21,51,46,7,39,5,0,5,32,20,1,19,12,0,12,64,52,23,29,12,3,9,17,14,3,11,3,1,2,61,49,10,39,12,2,10,103,100,29,71,3,1,2,9,5,2,3,4,2,2
S01006819,492,375,117,258,117,31,86,108,62,8,54,46,10,36,33,30,6,24,3,0,3,23,13,0,13,10,2,8,73,62,27,35,11,3,8,36,31,5,26,5,1,4,85,60,12,48,25,7,18,114,105,52,53,9,4,5,20,12,7,5,8,4,4
S01006820,257,234,53,181,23,5,18,36,33,0,33,3,0,3,9,9,0,9,0,0,0,21,17,0,17,4,0,4,44,39,14,25,5,0,5,19,17,3,14,2,0,2,41,37,9,28,4,1,3,75,74,23,51,1,0,1,12,8,4,4,4,4,0
S01006821,358,279,81,198,79,18,61,63,42,4,38,21,2,19,28,23,3,20,5,0,5,23,17,1,16,6,1,5,63,45,25,20,18,6,12,22,20,4,16,2,2,0,75,59,9,50,16,3,13,69,65,31,34,4,1,3,15,8,4,4,7,3,4
S01006822,451,339,111,228,112,20,92,72,38,3,35,34,4,30,31,25,1,24,6,1,5,39,24,4,20,15,0,15,70,59,34,25,11,2,9,29,21,6,15,8,1,7,71,54,17,37,17,5,12,115,105,40,65,10,4,6,24,13,6,7,11,3,8
S01006823,369,318,89,229,51,6,45,47,41,2,39,6,0,6,27,21,2,19,6,1,5,20,18,1,17,2,0,2,58,53,30,23,5,1,4,24,21,2,19,3,0,3,84,64,13,51,20,2,18,103,95,37,58,8,1,7,6,5,2,3,1,1,0
S01006824,414,386,106,280,28,9,19,29,28,1,27,1,1,0,29,28,0,28,1,0,1,39,34,0,34,5,1,4,109,100,43,57,9,3,6,27,25,2,23,2,1,1,59,53,16,37,6,1,5,104,102,38,64,2,1,1,18,16,6,10,2,1,1
S01006825,475,441,120,321,34,12,22,40,36,0,36,4,1,3,31,30,2,28,1,0,1,34,30,2,28,4,0,4,88,85,49,36,3,1,2,44,41,6,35,3,2,1,87,79,14,65,8,4,4,132,123,42,81,9,3,6,19,17,5,12,2,1,1
S01006826,492,427,139,288,65,18,47,63,57,4,53,6,0,6,49,45,7,38,4,0,4,33,22,1,21,11,4,7,87,77,41,36,10,2,8,21,16,4,12,5,2,3,89,68,19,49,21,7,14,128,125,54,71,3,2,1,22,17,9,8,5,1,4
S01006827,459,424,113,311,35,9,26,47,46,2,44,1,0,1,34,33,4,29,1,0,1,32,27,0,27,5,0,5,88,80,30,50,8,2,6,31,30,2,28,1,0,1,81,68,19,49,13,5,8,127,123,51,72,4,2,2,19,17,5,12,2,0,2
S01006828,504,446,95,351,58,14,44,65,59,2,57,6,1,5,44,38,1,37,6,2,4,43,36,7,29,7,0,7,114,95,36,59,19,3,16,31,30,5,25,1,0,1,54,47,3,44,7,1,6,137,130,35,95,7,2,5,16,11,6,5,5,5,0
S01006829,238,213,56,157,25,5,20,29,26,1,25,3,0,3,17,17,1,16,0,0,0,10,6,0,6,4,2,2,37,36,13,23,1,1,0,16,12,0,12,4,0,4,52,43,7,36,9,1,8,71,68,31,37,3,0,3,6,5,3,2,1,1,0
S01006830,403,352,116,236,51,9,42,41,38,3,35,3,0,3,24,22,2,20,2,0,2,39,24,3,21,15,2,13,112,105,56,49,7,3,4,22,19,1,18,3,0,3,57,46,11,35,11,2,9,99,90,36,54,9,2,7,9,8,4,4,1,0,1
S01006831,267,244,64,180,23,9,14,27,25,1,24,2,0,2,23,21,2,19,2,0,2,15,12,0,12,3,0,3,51,46,18,28,5,3,2,14,14,1,13,0,0,0,42,36,11,25,6,3,3,85,83,27,56,2,2,0,10,7,4,3,3,1,2
S01006832,526,459,136,323,67,19,48,65,60,6,54,5,1,4,36,33,1,32,3,1,2,19,18,3,15,1,0,1,98,83,47,36,15,4,11,42,35,4,31,7,0,7,103,84,17,67,19,2,17,144,134,52,82,10,8,2,19,12,6,6,7,3,4
S01006833,219,178,57,121,41,17,24,32,27,2,25,5,3,2,20,17,2,15,3,1,2,11,4,1,3,7,1,6,47,39,21,18,8,4,4,10,8,1,7,2,1,1,39,29,7,22,10,5,5,57,51,22,29,6,2,4,3,3,1,2,0,0,0
S01006834,305,277,86,191,28,2,26,32,29,2,27,3,0,3,14,12,2,10,2,0,2,18,12,1,11,6,0,6,64,57,32,25,7,1,6,16,15,1,14,1,0,1,63,55,11,44,8,0,8,91,90,36,54,1,1,0,7,7,1,6,0,0,0
S01006835,403,341,79,262,62,10,52,45,37,3,34,8,0,8,33,27,1,26,6,1,5,28,22,2,20,6,1,5,89,75,37,38,14,1,13,22,19,3,16,3,0,3,54,42,7,35,12,3,9,119,110,21,89,9,3,6,13,9,5,4,4,1,3
S01006836,295,257,69,188,38,14,24,39,33,1,32,6,2,4,17,13,1,12,4,0,4,22,19,0,19,3,0,3,48,43,23,20,5,2,3,15,13,1,12,2,1,1,74,65,14,51,9,3,6,73,68,29,39,5,4,1,7,3,0,3,4,2,2
S01006837,312,266,87,179,46,15,31,33,30,2,28,3,1,2,22,19,1,18,3,0,3,25,16,1,15,9,1,8,64,54,32,22,10,3,7,22,19,2,17,3,0,3,50,42,7,35,8,2,6,85,79,38,41,6,4,2,11,7,4,3,4,4,0
S01006838,370,331,94,237,39,5,34,45,41,5,36,4,0,4,23,16,2,14,7,1,6,36,29,1,28,7,0,7,68,64,29,35,4,0,4,23,20,6,14,3,0,3,67,59,18,41,8,1,7,92,90,29,61,2,0,2,16,12,4,8,4,3,1
S01006839,588,532,151,381,56,19,37,49,45,2,43,4,1,3,48,42,2,40,6,3,3,49,43,4,39,6,0,6,126,118,54,64,8,3,5,39,31,10,21,8,1,7,82,74,15,59,8,3,5,164,154,51,103,10,7,3,31,25,13,12,6,1,5
S01006840,559,502,168,334,57,12,45,65,58,6,52,7,1,6,48,42,6,36,6,1,5,40,33,4,29,7,0,7,97,91,49,42,6,1,5,34,29,3,26,5,0,5,97,83,12,71,14,2,12,151,143,76,67,8,4,4,27,23,12,11,4,3,1
S01006841,556,497,141,356,59,21,38,56,52,1,51,4,0,4,44,41,4,37,3,1,2,27,21,2,19,6,1,5,106,99,51,48,7,1,6,48,37,6,31,11,4,7,98,83,18,65,15,4,11,155,147,49,98,8,5,3,22,17,10,7,5,5,0
S01006842,497,452,134,318,45,8,37,57,55,3,52,2,1,1,40,38,0,38,2,1,1,42,33,1,32,9,2,7,115,112,57,55,3,0,3,33,26,8,18,7,0,7,86,75,19,56,11,0,11,104,97,40,57,7,2,5,20,16,6,10,4,2,2
S01006843,514,463,119,344,51,12,39,74,71,5,66,3,0,3,42,36,4,32,6,0,6,40,34,2,32,6,1,5,118,111,51,60,7,2,5,35,28,3,25,7,2,5,72,66,13,53,6,2,4,111,102,32,70,9,2,7,22,15,9,6,7,3,4
S01006844,454,412,94,318,42,5,37,33,32,1,31,1,0,1,37,36,2,34,1,0,1,33,27,2,25,6,1,5,109,103,41,62,6,2,4,52,42,6,36,10,0,10,70,57,8,49,13,1,12,105,104,32,72,1,0,1,15,11,2,9,4,1,3
S01006845,605,562,174,388,43,8,35,60,56,8,48,4,0,4,48,46,4,42,2,1,1,40,29,5,24,11,0,11,129,123,68,55,6,1,5,43,39,2,37,4,1,3,110,103,24,79,7,3,4,151,145,56,89,6,2,4,24,21,7,14,3,0,3
S01006846,345,317,85,232,28,8,20,32,30,3,27,2,0,2,34,34,1,33,0,0,0,32,23,1,22,9,1,8,97,96,48,48,1,0,1,22,18,1,17,4,1,3,38,35,5,30,3,2,1,76,71,22,49,5,1,4,14,10,4,6,4,3,1
S01006847,413,380,106,274,33,7,26,42,42,3,39,0,0,0,37,36,3,33,1,0,1,38,31,3,28,7,0,7,97,92,47,45,5,1,4,24,18,4,14,6,0,6,69,65,9,56,4,0,4,84,82,32,50,2,1,1,22,14,5,9,8,5,3
S01006848,486,393,99,294,93,26,67,77,72,6,66,5,1,4,32,26,4,22,6,2,4,31,23,0,23,8,4,4,84,74,27,47,10,3,7,47,34,6,28,13,3,10,109,79,17,62,30,7,23,89,73,33,40,16,3,13,17,12,6,6,5,3,2
S01006849,583,542,116,426,41,6,35,81,81,7,74,0,0,0,50,47,4,43,3,0,3,48,40,1,39,8,0,8,94,90,32,58,4,1,3,55,48,8,40,7,1,6,120,107,16,91,13,1,12,119,117,40,77,2,1,1,16,12,8,4,4,2,2
S01006850,602,561,149,412,41,10,31,46,42,0,42,4,1,3,40,40,5,35,0,0,0,44,35,3,32,9,1,8,183,172,75,97,11,4,7,51,43,4,39,8,2,6,78,71,12,59,7,0,7,146,145,43,102,1,1,0,14,13,7,6,1,1,0
S01006851,424,388,118,270,36,11,25,42,41,3,38,1,0,1,49,44,4,40,5,2,3,39,32,2,30,7,0,7,101,96,53,43,5,1,4,25,24,2,22,1,1,0,66,54,14,40,12,4,8,89,85,34,51,4,2,2,13,12,6,6,1,1,0
S01006852,339,284,79,205,55,15,40,43,33,4,29,10,0,10,34,31,5,26,3,1,2,24,17,2,15,7,0,7,68,62,27,35,6,1,5,22,14,0,14,8,3,5,62,50,10,40,12,5,7,75,70,28,42,5,4,1,11,7,3,4,4,1,3
S01006853,473,362,96,266,111,28,83,73,60,6,54,13,2,11,26,19,4,15,7,1,6,32,15,1,14,17,2,15,74,65,23,42,9,4,5,31,26,5,21,5,1,4,96,60,12,48,36,12,24,121,107,42,65,14,3,11,20,10,3,7,10,3,7
S01006854,434,369,107,262,65,16,49,50,43,3,40,7,0,7,31,26,3,23,5,1,4,47,33,0,33,14,1,13,85,77,40,37,8,1,7,28,23,6,17,5,1,4,71,57,7,50,14,5,9,106,99,43,56,7,6,1,16,11,5,6,5,1,4
S01006855,427,327,93,234,100,18,82,92,58,4,54,34,0,34,26,20,2,18,6,1,5,42,27,4,23,15,2,13,58,51,20,31,7,0,7,21,16,1,15,5,3,2,70,53,18,35,17,4,13,99,88,36,52,11,5,6,19,14,8,6,5,3,2
S01006856,373,300,79,221,73,14,59,57,48,7,41,9,1,8,29,24,4,20,5,0,5,27,16,3,13,11,1,10,59,48,14,34,11,1,10,20,14,1,13,6,1,5,71,55,9,46,16,3,13,96,84,38,46,12,5,7,14,11,3,8,3,2,1
S01006857,580,426,114,312,154,47,107,97,57,6,51,40,6,34,39,28,5,23,11,3,8,51,30,3,27,21,3,18,92,70,25,45,22,11,11,27,20,5,15,7,2,5,107,77,17,60,30,9,21,135,124,47,77,11,8,3,32,20,6,14,12,5,7
S01006858,354,251,68,183,103,21,82,55,29,6,23,26,2,24,33,25,2,23,8,3,5,29,16,1,15,13,3,10,38,31,15,16,7,0,7,18,11,1,10,7,1,6,79,55,13,42,24,4,20,89,77,27,50,12,6,6,13,7,3,4,6,2,4
S01006859,569,497,147,350,72,20,52,62,52,3,49,10,3,7,39,34,2,32,5,2,3,49,42,3,39,7,0,7,85,80,37,43,5,1,4,27,24,1,23,3,1,2,124,94,17,77,30,6,24,146,144,66,78,2,1,1,37,27,18,9,10,6,4
S01006860,291,264,77,187,27,9,18,22,21,3,18,1,0,1,8,7,1,6,1,0,1,25,19,1,18,6,1,5,85,81,31,50,4,1,3,17,15,1,14,2,0,2,35,27,6,21,8,3,5,84,81,30,51,3,3,0,15,13,4,9,2,1,1
S01006861,319,277,71,206,42,13,29,44,42,2,40,2,0,2,30,30,2,28,0,0,0,23,15,2,13,8,2,6,41,36,20,16,5,3,2,22,17,2,15,5,2,3,76,65,9,56,11,2,9,70,67,32,35,3,2,1,13,5,2,3,8,2,6
S01006862,365,312,106,206,53,16,37,34,31,0,31,3,1,2,15,13,0,13,2,1,1,31,24,2,22,7,3,4,79,67,33,34,12,1,11,23,20,3,17,3,1,2,66,53,10,43,13,4,9,94,85,47,38,9,4,5,23,19,11,8,4,1,3
S01006863,346,305,62,243,41,9,32,27,22,0,22,5,0,5,27,26,1,25,1,0,1,54,44,2,42,10,0,10,77,71,19,52,6,0,6,20,15,1,14,5,2,3,43,39,7,32,4,1,3,80,75,29,46,5,3,2,18,13,3,10,5,3,2
S01006864,230,210,50,160,20,3,17,27,27,2,25,0,0,0,16,14,2,12,2,0,2,19,17,1,16,2,0,2,44,43,21,22,1,0,1,13,10,0,10,3,0,3,38,32,3,29,6,0,6,56,55,18,37,1,0,1,17,12,3,9,5,3,2
S01006865,502,420,98,322,82,22,60,56,43,3,40,13,3,10,38,30,5,25,8,1,7,37,23,1,22,14,1,13,109,99,35,64,10,3,7,23,19,1,18,4,0,4,90,79,16,63,11,3,8,109,101,26,75,8,5,3,40,26,11,15,14,6,8
S01006866,255,222,88,134,33,16,17,26,26,2,24,0,0,0,10,7,0,7,3,2,1,17,14,3,11,3,0,3,47,45,24,21,2,1,1,9,9,2,7,0,0,0,49,38,11,27,11,3,8,75,68,38,30,7,5,2,22,15,8,7,7,5,2
S01006867,330,262,89,173,68,29,39,31,27,1,26,4,1,3,16,16,3,13,0,0,0,27,18,1,17,9,2,7,45,43,17,26,2,0,2,16,14,5,9,2,1,1,74,47,10,37,27,8,19,101,89,48,41,12,9,3,20,8,4,4,12,8,4
S01006868,443,391,114,277,52,13,39,40,36,1,35,4,2,2,24,20,1,19,4,1,3,42,34,3,31,8,0,8,97,94,48,46,3,0,3,27,26,4,22,1,0,1,76,58,9,49,18,4,14,117,107,43,64,10,4,6,20,16,5,11,4,2,2
S01006869,262,211,70,141,51,15,36,23,17,4,13,6,1,5,17,15,0,15,2,1,1,29,18,3,15,11,2,9,47,40,16,24,7,3,4,26,15,7,8,11,3,8,43,34,10,24,9,5,4,61,60,29,31,1,0,1,16,12,1,11,4,0,4
S01006870,243,192,78,114,51,16,35,26,19,1,18,7,0,7,17,16,3,13,1,0,1,26,21,2,19,5,0,5,56,45,28,17,11,3,8,11,8,3,5,3,2,1,36,27,8,19,9,5,4,63,51,29,22,12,4,8,8,5,4,1,3,2,1
S01006871,338,301,97,204,37,7,30,26,22,0,22,4,0,4,22,19,1,18,3,0,3,44,34,4,30,10,1,9,51,50,24,26,1,0,1,18,16,2,14,2,0,2,57,45,10,35,12,2,10,112,109,53,56,3,3,0,8,6,3,3,2,1,1
S01006872,373,287,86,201,86,28,58,58,47,5,42,11,3,8,22,16,1,15,6,2,4,36,25,3,22,11,0,11,47,39,19,20,8,1,7,8,7,2,5,1,1,0,80,50,14,36,30,10,20,97,82,33,49,15,8,7,25,21,9,12,4,3,1
S01006873,402,302,99,203,100,32,68,58,35,5,30,23,4,19,16,13,4,9,3,1,2,38,23,4,19,15,2,13,59,46,18,28,13,4,9,29,23,4,19,6,2,4,79,57,13,44,22,7,15,112,100,50,50,12,7,5,11,5,1,4,6,5,1
S01006874,336,263,75,188,73,18,55,54,29,4,25,25,3,22,27,20,3,17,7,2,5,34,25,3,22,9,0,9,41,39,23,16,2,0,2,16,13,0,13,3,1,2,69,53,7,46,16,7,9,82,77,33,44,5,0,5,13,7,2,5,6,5,1
S01006875,319,251,75,176,68,17,51,27,20,5,15,7,2,5,20,18,3,15,2,0,2,45,26,2,24,19,2,17,68,55,19,36,13,2,11,18,17,4,13,1,0,1,33,23,5,18,10,3,7,88,80,31,49,8,6,2,20,12,6,6,8,2,6
S01006876,538,421,127,294,117,23,94,88,51,6,45,37,3,34,32,28,1,27,4,0,4,61,39,3,36,22,4,18,95,85,45,40,10,1,9,29,21,5,16,8,4,4,76,55,15,40,21,3,18,132,125,44,81,7,5,2,25,17,8,9,8,3,5
S01006877,532,400,103,297,132,23,109,110,55,6,49,55,5,50,32,30,0,30,2,0,2,46,28,2,26,18,1,17,76,63,27,36,13,2,11,25,21,1,20,4,0,4,82,60,11,49,22,8,14,128,121,50,71,7,4,3,33,22,6,16,11,3,8
S01006878,380,250,67,183,130,25,105,76,23,2,21,53,2,51,20,17,1,16,3,0,3,39,28,1,27,11,3,8,64,44,15,29,20,8,12,19,14,1,13,5,1,4,52,29,5,24,23,6,17,92,84,35,49,8,3,5,18,11,7,4,7,2,5
S01006879,426,301,85,216,125,30,95,65,31,3,28,34,2,32,20,14,2,12,6,2,4,50,35,6,29,15,3,12,78,59,26,33,19,2,17,13,11,2,9,2,1,1,71,42,9,33,29,10,19,94,83,29,54,11,7,4,35,26,8,18,9,3,6
S01006880,353,297,85,212,56,17,39,52,43,1,42,9,1,8,28,26,4,22,2,1,1,28,22,4,18,6,0,6,42,33,17,16,9,1,8,30,27,7,20,3,2,1,69,50,11,39,19,6,13,89,85,38,47,4,4,0,15,11,3,8,4,2,2
S01006881,327,252,73,179,75,18,57,55,30,5,25,25,1,24,18,15,1,14,3,0,3,32,18,0,18,14,2,12,49,41,16,25,8,4,4,24,22,3,19,2,0,2,67,57,13,44,10,3,7,72,64,35,29,8,5,3,10,5,0,5,5,3,2
S01006882,179,164,48,116,15,4,11,12,12,1,11,0,0,0,8,8,2,6,0,0,0,27,20,0,20,7,2,5,32,30,14,16,2,0,2,16,14,1,13,2,1,1,20,19,4,15,1,0,1,59,56,26,30,3,1,2,5,5,0,5,0,0,0
S01006883,240,209,60,149,31,3,28,28,22,0,22,6,1,5,16,15,1,14,1,0,1,19,12,0,12,7,0,7,51,45,20,25,6,0,6,13,13,3,10,0,0,0,35,30,3,27,5,0,5,67,64,29,35,3,0,3,11,8,4,4,3,2,1
S01006884,458,404,125,279,54,13,41,44,37,2,35,7,1,6,25,21,2,19,4,0,4,55,44,3,41,11,3,8,75,72,29,43,3,1,2,27,22,0,22,5,1,4,74,58,19,39,16,7,9,136,129,58,71,7,0,7,22,21,12,9,1,0,1
S01006885,271,211,64,147,60,18,42,39,27,1,26,12,0,12,16,13,1,12,3,0,3,21,15,0,15,6,1,5,40,31,15,16,9,6,3,19,14,2,12,5,2,3,51,34,6,28,17,7,10,77,70,32,38,7,1,6,8,7,7,0,1,1,0
S01006886,406,321,91,230,85,24,61,39,27,2,25,12,2,10,25,21,2,19,4,1,3,30,19,3,16,11,0,11,77,63,25,38,14,1,13,31,27,6,21,4,1,3,77,61,18,43,16,7,9,109,94,33,61,15,10,5,18,9,2,7,9,2,7
S01006887,315,259,78,181,56,14,42,34,26,0,26,8,1,7,13,13,2,11,0,0,0,41,33,3,30,8,1,7,56,45,18,27,11,2,9,22,19,3,16,3,0,3,53,38,9,29,15,3,12,81,73,36,37,8,4,4,15,12,7,5,3,3,0
S01006888,437,335,97,238,102,24,78,67,34,3,31,33,3,30,34,23,5,18,11,1,10,49,37,4,33,12,0,12,53,39,14,25,14,6,8,35,32,5,27,3,0,3,66,49,11,38,17,7,10,124,117,52,65,7,4,3,9,4,3,1,5,3,2
S01006889,411,380,110,270,31,13,18,33,32,1,31,1,1,0,39,36,2,34,3,0,3,46,42,1,41,4,1,3,103,94,42,52,9,3,6,43,40,8,32,3,0,3,51,45,8,37,6,3,3,82,78,38,40,4,4,0,14,13,10,3,1,1,0
S01006890,359,318,92,226,41,8,33,45,39,2,37,6,1,5,32,30,1,29,2,0,2,25,21,0,21,4,1,3,64,55,25,30,9,0,9,30,27,6,21,3,1,2,65,56,17,39,9,2,7,92,86,40,46,6,3,3,6,4,1,3,2,0,2
S01006891,518,467,133,334,51,17,34,64,58,5,53,6,0,6,36,33,4,29,3,0,3,44,42,5,37,2,1,1,107,99,51,48,8,2,6,42,39,4,35,3,0,3,76,64,11,53,12,5,7,125,114,46,68,11,4,7,24,18,7,11,6,5,1
S01006892,329,304,76,228,25,8,17,28,25,0,25,3,2,1,23,22,0,22,1,0,1,33,22,1,21,11,1,10,76,76,29,47,0,0,0,28,26,5,21,2,1,1,48,44,10,34,4,1,3,87,83,29,54,4,3,1,6,6,2,4,0,0,0
S01006893,272,244,80,164,28,4,24,26,24,1,23,2,0,2,17,16,0,16,1,0,1,26,20,1,19,6,0,6,72,67,34,33,5,0,5,19,19,3,16,0,0,0,41,31,9,22,10,3,7,62,58,29,29,4,1,3,9,9,3,6,0,0,0
S01006894,477,437,122,315,40,11,29,44,43,3,40,1,0,1,42,37,1,36,5,3,2,55,46,4,42,9,0,9,107,101,48,53,6,0,6,28,25,4,21,3,1,2,68,61,11,50,7,1,6,116,112,46,66,4,3,1,17,12,5,7,5,3,2
S01006895,310,287,61,226,23,3,20,34,31,2,29,3,0,3,40,40,5,35,0,0,0,29,25,1,24,4,0,4,76,71,23,48,5,0,5,28,28,2,26,0,0,0,41,37,8,29,4,1,3,50,46,16,30,4,2,2,12,9,4,5,3,0,3
S01006896,447,417,113,304,30,9,21,34,33,4,29,1,0,1,42,42,3,39,0,0,0,45,37,3,34,8,0,8,101,97,38,59,4,0,4,27,27,5,22,0,0,0,65,57,6,51,8,4,4,114,108,44,64,6,3,3,19,16,10,6,3,2,1
S01006897,428,393,104,289,35,10,25,42,37,2,35,5,1,4,51,48,2,46,3,0,3,64,57,4,53,7,3,4,98,94,47,47,4,0,4,22,22,1,21,0,0,0,50,40,8,32,10,3,7,87,84,32,52,3,1,2,14,11,8,3,3,2,1
S01006898,430,396,106,290,34,12,22,34,31,1,30,3,0,3,37,37,2,35,0,0,0,45,41,3,38,4,0,4,93,87,49,38,6,3,3,32,26,0,26,6,1,5,70,65,6,59,5,2,3,96,94,35,59,2,2,0,23,15,10,5,8,4,4
S01006899,385,357,96,261,28,14,14,41,39,3,36,2,1,1,35,32,3,29,3,0,3,28,23,0,23,5,0,5,75,72,36,36,3,2,1,35,33,4,29,2,1,1,65,63,13,50,2,2,0,92,88,33,55,4,4,0,14,7,4,3,7,4,3
S01006900,373,353,91,262,20,3,17,33,32,3,29,1,0,1,47,46,3,43,1,0,1,40,32,2,30,8,1,7,78,75,36,39,3,0,3,31,30,3,27,1,0,1,50,47,10,37,3,1,2,80,79,28,51,1,0,1,14,12,6,6,2,1,1
S01006901,345,329,86,243,16,3,13,26,24,1,23,2,1,1,31,30,1,29,1,0,1,53,46,1,45,7,0,7,90,88,43,45,2,0,2,24,24,2,22,0,0,0,38,37,8,29,1,1,0,72,71,23,48,1,1,0,11,9,7,2,2,0,2
S01006902,371,344,105,239,27,7,20,34,34,2,32,0,0,0,46,46,2,44,0,0,0,38,32,2,30,6,0,6,82,79,40,39,3,1,2,24,21,2,19,3,0,3,50,43,8,35,7,2,5,82,79,43,36,3,1,2,15,10,6,4,5,3,2
S01006903,425,391,108,283,34,11,23,30,27,5,22,3,1,2,38,36,3,33,2,0,2,44,39,2,37,5,0,5,119,109,50,59,10,5,5,25,21,3,18,4,0,4,47,41,5,36,6,3,3,106,103,32,71,3,2,1,16,15,8,7,1,0,1
S01006904,361,328,90,238,33,7,26,21,19,1,18,2,1,1,31,30,2,28,1,0,1,38,28,1,27,10,1,9,98,91,37,54,7,1,6,23,21,2,19,2,0,2,51,48,10,38,3,2,1,87,80,31,49,7,2,5,12,11,6,5,1,0,1
S01006905,438,383,96,287,55,15,40,37,34,2,32,3,0,3,45,39,2,37,6,0,6,46,41,2,39,5,2,3,95,80,32,48,15,3,12,41,36,13,23,5,0,5,60,50,9,41,10,4,6,98,91,32,59,7,5,2,16,12,4,8,4,1,3
S01006906,385,351,104,247,34,10,24,23,23,1,22,0,0,0,40,35,1,34,5,1,4,44,33,2,31,11,0,11,95,90,42,48,5,2,3,25,25,4,21,0,0,0,53,49,14,35,4,1,3,93,89,37,52,4,3,1,12,7,3,4,5,3,2
S01006907,375,334,68,266,41,10,31,34,31,2,29,3,1,2,55,55,1,54,0,0,0,39,31,3,28,8,0,8,100,83,27,56,17,5,12,18,17,2,15,1,0,1,45,41,7,34,4,1,3,76,72,23,49,4,2,2,8,4,3,1,4,1,3
S01006908,446,415,99,316,31,3,28,28,27,4,23,1,1,0,48,48,4,44,0,0,0,61,53,2,51,8,0,8,86,82,35,47,4,0,4,26,23,3,20,3,0,3,56,51,7,44,5,1,4,112,107,35,72,5,0,5,29,24,9,15,5,1,4
S01006909,443,389,98,291,54,15,39,66,57,4,53,9,2,7,33,30,3,27,3,0,3,45,37,2,35,8,1,7,71,61,26,35,10,3,7,24,24,5,19,0,0,0,90,71,8,63,19,7,12,97,94,44,50,3,2,1,17,15,6,9,2,0,2
S01006910,526,429,109,320,97,26,71,63,51,4,47,12,1,11,37,35,3,32,2,0,2,32,18,1,17,14,1,13,70,57,25,32,13,3,10,53,49,6,43,4,0,4,104,74,12,62,30,8,22,145,132,52,80,13,8,5,22,13,6,7,9,5,4
S01006911,388,353,80,273,35,10,25,60,53,1,52,7,0,7,22,20,2,18,2,0,2,28,24,1,23,4,0,4,67,62,25,37,5,3,2,30,27,4,23,3,0,3,64,59,5,54,5,2,3,105,98,38,60,7,3,4,12,10,4,6,2,2,0
S01006912,273,214,51,163,59,9,50,49,28,3,25,21,2,19,22,18,0,18,4,0,4,17,13,1,12,4,0,4,60,54,15,39,6,0,6,8,7,1,6,1,0,1,39,26,5,21,13,3,10,65,61,21,40,4,2,2,13,7,5,2,6,2,4
S01006913,321,277,73,204,44,9,35,49,39,6,33,10,1,9,22,18,1,17,4,1,3,33,29,1,28,4,0,4,53,48,20,28,5,2,3,33,30,5,25,3,0,3,58,46,8,38,12,3,9,61,60,28,32,1,0,1,12,7,4,3,5,2,3
S01006914,452,369,119,250,83,21,62,78,60,9,51,18,2,16,35,28,5,23,7,1,6,36,22,7,15,14,1,13,67,63,29,34,4,1,3,29,25,2,23,4,0,4,71,54,17,37,17,3,14,111,102,43,59,9,6,3,25,15,7,8,10,7,3
S01006915,474,394,106,288,80,20,60,65,48,2,46,17,2,15,33,30,2,28,3,0,3,35,23,1,22,12,1,11,79,70,34,36,9,2,7,35,28,0,28,7,1,6,88,70,16,54,18,4,14,120,111,46,65,9,5,4,19,14,5,9,5,5,0
S01006916,297,272,74,198,25,5,20,35,34,1,33,1,0,1,31,30,2,28,1,0,1,27,23,2,21,4,0,4,55,51,21,30,4,1,3,23,22,5,17,1,0,1,44,33,7,26,11,2,9,79,76,34,42,3,2,1,3,3,2,1,0,0,0
S01006917,552,487,133,354,65,17,48,84,77,11,66,7,0,7,58,53,3,50,5,2,3,46,35,3,32,11,1,10,79,65,27,38,14,5,9,36,34,6,28,2,0,2,113,95,25,70,18,4,14,123,119,53,66,4,3,1,13,9,5,4,4,2,2
S01006918,259,230,65,165,29,9,20,33,29,3,26,4,0,4,26,25,4,21,1,0,1,22,17,0,17,5,1,4,33,26,13,13,7,3,4,14,13,1,12,1,1,0,50,44,12,32,6,1,5,67,66,31,35,1,1,0,14,10,1,9,4,2,2
S01006919,259,228,67,161,31,10,21,21,18,0,18,3,1,2,16,16,2,14,0,0,0,30,23,0,23,7,0,7,42,38,19,19,4,2,2,13,11,0,11,2,1,1,44,39,7,32,5,1,4,79,73,35,38,6,3,3,14,10,4,6,4,2,2
S01006920,263,237,56,181,26,6,20,30,29,4,25,1,1,0,25,25,1,24,0,0,0,23,16,2,14,7,1,6,53,49,15,34,4,0,4,26,25,4,21,1,0,1,31,26,6,20,5,2,3,65,59,20,39,6,2,4,10,8,4,4,2,0,2
S01006921,466,430,128,302,36,11,25,63,61,2,59,2,0,2,38,37,4,33,1,0,1,30,27,5,22,3,0,3,82,74,34,40,8,2,6,32,29,4,25,3,1,2,87,74,20,54,13,5,8,125,120,55,65,5,2,3,9,8,4,4,1,1,0
S01006922,269,224,69,155,45,9,36,42,35,5,30,7,2,5,24,19,2,17,5,0,5,28,21,2,19,7,0,7,55,45,20,25,10,0,10,21,17,4,13,4,2,2,43,36,8,28,7,3,4,50,47,25,22,3,1,2,6,4,3,1,2,1,1
S01006923,395,323,95,228,72,22,50,46,36,3,33,10,5,5,34,26,2,24,8,2,6,41,25,4,21,16,2,14,69,61,31,30,8,3,5,35,32,4,28,3,1,2,73,57,14,43,16,4,12,92,81,35,46,11,5,6,5,5,2,3,0,0,0
S01006924,338,257,59,198,81,24,57,76,47,8,39,29,6,23,21,21,0,21,0,0,0,20,12,1,11,8,1,7,48,39,12,27,9,2,7,30,23,0,23,7,2,5,50,38,10,28,12,3,9,77,70,24,46,7,4,3,16,7,4,3,9,6,3
S01006925,276,253,75,178,23,3,20,25,23,3,20,2,0,2,29,29,6,23,0,0,0,26,23,3,20,3,0,3,49,43,22,21,6,1,5,17,13,1,12,4,1,3,53,50,10,40,3,0,3,71,68,27,41,3,1,2,6,4,3,1,2,0,2
S01006926,426,386,109,277,40,6,34,58,56,8,48,2,0,2,44,43,6,37,1,0,1,25,17,3,14,8,1,7,74,68,25,43,6,1,5,34,28,6,22,6,2,4,86,73,12,61,13,2,11,98,96,46,50,2,0,2,7,5,3,2,2,0,2
S01006927,614,563,95,468,51,14,37,92,86,0,86,6,2,4,64,58,3,55,6,1,5,31,25,1,24,6,1,5,80,74,20,54,6,1,5,53,48,7,41,5,2,3,142,130,24,106,12,1,11,131,127,33,94,4,2,2,21,15,7,8,6,4,2
S01006928,623,553,147,406,70,18,52,74,64,4,60,10,0,10,67,62,4,58,5,0,5,45,34,2,32,11,2,9,104,99,33,66,5,0,5,56,43,8,35,13,3,10,107,96,22,74,11,3,8,152,142,65,77,10,8,2,18,13,9,4,5,2,3
S01006929,467,410,122,288,57,17,40,83,72,5,67,11,1,10,22,21,1,20,1,0,1,20,18,4,14,2,0,2,79,73,44,29,6,1,5,26,22,3,19,4,2,2,102,81,15,66,21,7,14,119,109,46,63,10,4,6,16,14,4,10,2,2,0
S01006930,529,462,134,328,67,15,52,58,51,1,50,7,1,6,44,38,2,36,6,1,5,20,16,1,15,4,0,4,101,95,49,46,6,0,6,32,25,2,23,7,1,6,118,93,18,75,25,5,20,141,131,53,78,10,5,5,15,13,8,5,2,2,0
S01006931,219,176,48,128,43,12,31,30,20,0,20,10,1,9,12,10,0,10,2,0,2,18,12,0,12,6,2,4,42,34,14,20,8,2,6,14,13,1,12,1,0,1,36,25,5,20,11,3,8,55,52,22,30,3,3,0,12,10,6,4,2,1,1
S01006932,339,297,89,208,42,13,29,52,46,6,40,6,0,6,21,18,2,16,3,0,3,11,7,0,7,4,1,3,62,57,33,24,5,1,4,37,28,3,25,9,3,6,69,61,7,54,8,2,6,79,73,37,36,6,5,1,8,7,1,6,1,1,0
S01006933,388,360,108,252,28,13,15,23,22,0,22,1,0,1,28,26,1,25,2,1,1,30,24,1,23,6,2,4,72,72,44,28,0,0,0,23,21,5,16,2,0,2,76,68,9,59,8,2,6,120,114,38,76,6,5,1,16,13,10,3,3,3,0
S01006934,313,251,56,195,62,9,53,57,39,1,38,18,0,18,23,19,2,17,4,0,4,22,17,1,16,5,1,4,39,30,12,18,9,1,8,25,22,4,18,3,0,3,52,38,3,35,14,1,13,86,78,32,46,8,6,2,9,8,1,7,1,0,1
S01006935,392,351,98,253,41,12,29,39,36,0,36,3,0,3,25,23,3,20,2,1,1,32,28,5,23,4,0,4,80,71,34,37,9,2,7,19,15,1,14,4,1,3,69,58,9,49,11,1,10,120,116,45,71,4,3,1,8,4,1,3,4,4,0
S01006936,339,310,90,220,29,7,22,31,30,2,28,1,1,0,20,18,2,16,2,0,2,12,8,0,8,4,0,4,63,61,23,38,2,0,2,32,25,3,22,7,0,7,53,47,13,34,6,1,5,110,108,41,67,2,2,0,18,13,6,7,5,3,2
S01006937,441,399,100,299,42,8,34,50,49,1,48,1,0,1,31,28,0,28,3,1,2,34,26,1,25,8,1,7,86,85,34,51,1,0,1,24,20,2,18,4,0,4,78,64,12,52,14,1,13,124,115,44,71,9,4,5,14,12,6,6,2,1,1
S01006938,300,274,83,191,26,9,17,29,28,2,26,1,0,1,22,18,2,16,4,2,2,24,17,3,14,7,0,7,48,46,24,22,2,1,1,18,16,0,16,2,0,2,52,48,8,40,4,2,2,94,90,40,50,4,3,1,13,11,4,7,2,1,1
S01006939,365,335,97,238,30,10,20,26,25,2,23,1,0,1,25,23,1,22,2,0,2,27,25,2,23,2,0,2,66,62,27,35,4,2,2,35,31,3,28,4,1,3,70,61,10,51,9,2,7,105,99,46,53,6,4,2,11,9,6,3,2,1,1
S01006940,551,492,143,349,59,12,47,58,50,2,48,8,0,8,35,32,4,28,3,1,2,37,27,3,24,10,0,10,107,98,50,48,9,2,7,38,34,9,25,4,1,3,119,104,18,86,15,1,14,139,135,52,83,4,2,2,18,12,5,7,6,5,1
S01006941,336,304,81,223,32,9,23,41,37,1,36,4,0,4,17,17,0,17,0,0,0,25,22,2,20,3,1,2,66,63,24,39,3,0,3,28,25,5,20,3,0,3,51,42,9,33,9,2,7,95,87,33,54,8,5,3,13,11,7,4,2,1,1
S01006942,606,529,169,360,77,14,63,58,58,6,52,0,0,0,32,30,1,29,2,0,2,46,32,2,30,14,0,14,123,113,59,54,10,1,9,47,39,9,30,8,1,7,131,103,25,78,28,5,23,152,142,62,80,10,3,7,17,12,5,7,5,4,1
S01006943,360,326,80,246,34,7,27,59,57,4,53,2,0,2,24,21,3,18,3,0,3,22,17,2,15,5,0,5,50,44,16,28,6,2,4,17,14,3,11,3,0,3,85,78,12,66,7,0,7,91,85,36,49,6,4,2,12,10,4,6,2,1,1
S01006944,537,488,108,380,49,8,41,89,82,10,72,7,0,7,46,43,3,40,3,0,3,39,32,4,28,7,0,7,88,85,25,60,3,0,3,33,27,3,24,6,0,6,106,91,15,76,15,3,12,121,116,43,73,5,3,2,15,12,5,7,3,2,1
S01006945,297,259,55,204,38,15,23,41,39,0,39,2,0,2,24,21,2,19,3,2,1,16,11,1,10,5,1,4,43,37,15,22,6,2,4,23,21,2,19,2,0,2,61,51,9,42,10,3,7,79,74,25,49,5,2,3,10,5,1,4,5,5,0
S01006946,490,435,92,343,55,14,41,69,67,2,65,2,0,2,38,34,3,31,4,1,3,35,23,1,22,12,1,11,77,71,26,45,6,3,3,38,37,4,33,1,0,1,84,67,11,56,17,2,15,123,115,37,78,8,4,4,26,21,8,13,5,3,2
S01006947,529,491,131,360,38,9,29,72,67,4,63,5,1,4,52,49,8,41,3,1,2,25,21,1,20,4,0,4,98,93,34,59,5,1,4,42,39,9,30,3,0,3,93,86,15,71,7,1,6,132,124,56,68,8,2,6,15,12,4,8,3,3,0
S01006948,481,402,95,307,79,22,57,67,54,4,50,13,5,8,36,33,0,33,3,1,2,31,24,3,21,7,1,6,92,75,31,44,17,4,13,54,49,8,41,5,0,5,71,53,7,46,18,4,14,109,101,37,64,8,6,2,21,13,5,8,8,1,7
S01006949,378,310,92,218,68,18,50,48,37,2,35,11,1,10,27,26,3,23,1,0,1,31,21,4,17,10,0,10,60,54,25,29,6,2,4,16,15,4,11,1,0,1,70,49,13,36,21,3,18,109,101,39,62,8,5,3,17,7,2,5,10,7,3
S01006950,330,306,67,239,24,2,22,54,53,4,49,1,0,1,38,36,5,31,2,0,2,24,20,2,18,4,0,4,44,41,19,22,3,0,3,34,32,4,28,2,0,2,62,57,10,47,5,1,4,64,62,21,41,2,0,2,10,5,2,3,5,1,4
S01006951,292,272,67,205,20,7,13,25,22,1,21,3,1,2,29,26,2,24,3,0,3,13,10,0,10,3,0,3,56,52,22,30,4,2,2,37,35,5,30,2,1,1,50,49,6,43,1,1,0,67,63,26,37,4,2,2,15,15,5,10,0,0,0
S01006952,473,395,112,283,78,19,59,73,55,6,49,18,2,16,44,39,4,35,5,1,4,38,32,1,31,6,1,5,93,80,38,42,13,4,9,54,41,12,29,13,4,9,70,58,9,49,12,3,9,81,77,35,42,4,3,1,20,13,7,6,7,1,6
S01006953,481,417,122,295,64,13,51,45,39,1,38,6,0,6,41,38,1,37,3,1,2,31,23,4,19,8,0,8,97,89,43,46,8,2,6,47,42,4,38,5,1,4,103,82,17,65,21,5,16,103,92,46,46,11,2,9,14,12,6,6,2,2,0
S01006954,491,430,126,304,61,18,43,54,49,7,42,5,0,5,47,45,3,42,2,0,2,38,31,2,29,7,1,6,88,75,38,37,13,3,10,36,32,7,25,4,1,3,87,72,12,60,15,4,11,118,109,50,59,9,7,2,23,17,7,10,6,2,4
S01006955,351,324,72,252,27,3,24,24,24,0,24,0,0,0,24,23,1,22,1,0,1,34,22,0,22,12,0,12,67,65,25,40,2,0,2,34,32,6,26,2,1,1,55,53,10,43,2,0,2,102,96,28,68,6,0,6,11,9,2,7,2,2,0
S01006956,653,595,155,440,58,12,46,80,78,5,73,2,0,2,46,44,4,40,2,0,2,32,22,0,22,10,1,9,123,113,49,64,10,1,9,55,51,12,39,4,2,2,124,106,22,84,18,4,14,171,165,57,108,6,0,6,22,16,6,10,6,4,2
S01006957,619,513,143,370,106,20,86,75,55,6,49,20,2,18,41,36,2,34,5,0,5,38,23,1,22,15,2,13,105,89,38,51,16,2,14,44,34,3,31,10,4,6,124,100,21,79,24,4,20,173,166,69,97,7,3,4,19,10,3,7,9,3,6
S01006958,444,393,108,285,51,10,41,46,41,4,37,5,0,5,42,40,3,37,2,0,2,31,24,1,23,7,0,7,83,78,41,37,5,1,4,36,30,6,24,6,2,4,69,57,10,47,12,0,12,119,111,38,73,8,5,3,18,12,5,7,6,2,4
S01006959,320,287,82,205,33,9,24,24,22,1,21,2,0,2,24,24,6,18,0,0,0,28,25,1,24,3,1,2,70,58,21,37,12,2,10,30,26,8,18,4,2,2,43,38,5,33,5,3,2,81,79,33,46,2,0,2,20,15,7,8,5,1,4
S01006960,556,492,141,351,64,18,46,64,59,3,56,5,0,5,39,36,6,30,3,1,2,32,27,3,24,5,0,5,113,103,49,54,10,2,8,32,30,2,28,2,1,1,98,71,13,58,27,7,20,156,149,60,89,7,2,5,22,17,5,12,5,5,0
S01006961,564,511,120,391,53,9,44,65,60,3,57,5,0,5,56,52,6,46,4,2,2,30,23,1,22,7,0,7,96,88,35,53,8,2,6,39,36,2,34,3,0,3,110,96,19,77,14,2,12,150,141,48,93,9,0,9,18,15,6,9,3,3,0
S01006962,482,447,101,346,35,11,24,35,33,1,32,2,0,2,41,40,2,38,1,1,0,49,42,1,41,7,0,7,86,83,30,53,3,1,2,39,35,4,31,4,0,4,79,72,14,58,7,3,4,133,126,44,82,7,4,3,20,16,5,11,4,2,2
S01006963,378,346,98,248,32,5,27,32,31,0,31,1,0,1,24,23,5,18,1,0,1,30,22,1,21,8,1,7,79,75,41,34,4,1,3,31,28,1,27,3,0,3,49,42,8,34,7,0,7,119,114,36,78,5,1,4,14,11,6,5,3,2,1
S01006964,484,447,99,348,37,4,33,50,48,2,46,2,0,2,38,36,0,36,2,0,2,60,51,0,51,9,0,9,102,97,44,53,5,1,4,35,30,5,25,5,0,5,66,60,8,52,6,2,4,112,107,29,78,5,1,4,21,18,11,7,3,0,3
S01006965,261,234,68,166,27,6,21,15,13,0,13,2,0,2,20,19,1,18,1,0,1,35,31,0,31,4,0,4,47,41,23,18,6,2,4,15,14,2,12,1,0,1,38,32,7,25,6,1,5,81,76,32,44,5,2,3,10,8,3,5,2,1,1
S01006966,324,302,104,198,22,7,15,26,25,5,20,1,0,1,16,16,1,15,0,0,0,29,21,0,21,8,0,8,97,94,50,44,3,2,1,28,27,4,23,1,0,1,35,31,8,23,4,3,1,82,79,33,46,3,1,2,11,9,3,6,2,1,1
S01006967,385,351,109,242,34,8,26,41,40,0,40,1,0,1,29,26,5,21,3,0,3,32,28,2,26,4,0,4,88,82,47,35,6,2,4,17,16,4,12,1,0,1,54,50,7,43,4,1,3,107,101,39,62,6,0,6,17,8,5,3,9,5,4
S01006968,308,283,93,190,25,4,21,22,20,2,18,2,0,2,24,22,1,21,2,0,2,45,36,3,33,9,1,8,78,77,43,34,1,0,1,27,25,2,23,2,0,2,34,30,12,18,4,0,4,66,62,24,38,4,2,2,12,11,6,5,1,1,0
S01006969,506,462,104,358,44,12,32,55,54,2,52,1,1,0,41,39,0,39,2,1,1,46,37,1,36,9,0,9,99,92,32,60,7,2,5,33,30,7,23,3,2,1,88,76,11,65,12,1,11,125,119,42,77,6,2,4,19,15,9,6,4,3,1
S01006970,413,385,104,281,28,7,21,58,55,1,54,3,1,2,30,29,2,27,1,0,1,21,20,1,19,1,0,1,79,74,33,41,5,2,3,17,15,4,11,2,0,2,80,73,12,61,7,1,6,109,102,42,60,7,2,5,19,17,9,8,2,1,1
S01006971,256,236,76,160,20,4,16,23,23,3,20,0,0,0,19,18,4,14,1,0,1,39,34,0,34,5,0,5,55,53,28,25,2,1,1,21,18,2,16,3,0,3,31,29,8,21,2,0,2,57,52,26,26,5,2,3,11,9,5,4,2,1,1
S01006972,309,245,76,169,64,18,46,52,31,1,30,21,4,17,26,23,4,19,3,0,3,31,19,5,14,12,3,9,54,48,19,29,6,4,2,24,18,4,14,6,0,6,46,39,10,29,7,2,5,61,57,27,30,4,2,2,15,10,6,4,5,3,2
S01006973,305,269,75,194,36,8,28,32,26,3,23,6,3,3,36,32,3,29,4,2,2,30,21,3,18,9,0,9,48,43,16,27,5,0,5,22,18,2,16,4,2,2,36,30,9,21,6,1,5,88,87,34,53,1,0,1,13,12,5,7,1,0,1
S01006974,594,514,135,379,80,31,49,65,60,1,59,5,2,3,34,31,3,28,3,0,3,38,28,2,26,10,3,7,118,105,48,57,13,5,8,46,39,5,34,7,0,7,105,84,14,70,21,10,11,169,153,56,97,16,7,9,19,14,6,8,5,4,1
S01006975,584,474,139,335,110,21,89,90,57,4,53,33,3,30,36,28,4,24,8,2,6,62,41,3,38,21,1,20,90,76,33,43,14,4,10,44,38,5,33,6,0,6,88,73,20,53,15,6,9,153,147,59,88,6,2,4,21,14,11,3,7,3,4
S01006976,276,215,60,155,61,13,48,49,28,3,25,21,2,19,26,23,2,21,3,1,2,18,14,2,12,4,0,4,49,41,22,19,8,1,7,15,11,1,10,4,1,3,49,35,8,27,14,4,10,62,58,21,37,4,1,3,8,5,1,4,3,3,0
S01006977,484,379,104,275,105,22,83,85,53,7,46,32,6,26,38,34,2,32,4,2,2,38,18,0,18,20,2,18,82,68,33,35,14,5,9,30,25,3,22,5,0,5,88,68,17,51,20,4,16,100,97,36,61,3,2,1,23,16,6,10,7,1,6
S01006978,471,397,89,308,74,11,63,87,66,6,60,21,1,20,37,32,5,27,5,0,5,35,24,1,23,11,0,11,82,73,27,46,9,3,6,35,31,5,26,4,0,4,73,62,7,55,11,2,9,98,92,33,59,6,2,4,24,17,5,12,7,3,4
S01006979,439,358,96,262,81,25,56,51,39,1,38,12,1,11,30,30,2,28,0,0,0,45,24,0,24,21,4,17,89,77,28,49,12,4,8,31,22,3,19,9,3,6,59,48,10,38,11,3,8,119,109,46,63,10,5,5,15,9,6,3,6,5,1
S01006980,483,409,103,306,74,16,58,66,49,5,44,17,4,13,39,33,5,28,6,0,6,35,25,1,24,10,0,10,88,74,29,45,14,2,12,46,40,9,31,6,1,5,79,69,16,53,10,5,5,110,104,33,71,6,1,5,20,15,5,10,5,3,2
S01006981,487,411,110,301,76,12,64,78,49,5,44,29,0,29,31,29,2,27,2,0,2,39,27,2,25,12,1,11,79,69,28,41,10,2,8,39,34,4,30,5,0,5,74,66,11,55,8,3,5,136,128,53,75,8,5,3,11,9,5,4,2,1,1
S01006982,509,448,121,327,61,12,49,57,46,5,41,11,1,10,44,41,1,40,3,1,2,42,34,0,34,8,0,8,84,77,39,38,7,2,5,36,27,6,21,9,1,8,89,79,15,64,10,2,8,131,123,48,75,8,4,4,26,21,7,14,5,1,4
S01006983,426,361,91,270,65,19,46,53,43,6,37,10,2,8,30,28,2,26,2,0,2,44,31,3,28,13,1,12,71,60,28,32,11,4,7,36,33,6,27,3,1,2,68,56,9,47,12,2,10,106,96,32,64,10,7,3,18,14,5,9,4,2,2
S01006984,425,338,83,255,87,20,67,64,48,0,48,16,2,14,35,29,1,28,6,1,5,30,22,2,20,8,2,6,60,49,24,25,11,4,7,29,23,1,22,6,0,6,87,67,13,54,20,5,15,104,89,38,51,15,6,9,16,11,4,7,5,0,5
S01006985,555,476,141,335,79,24,55,63,55,5,50,8,1,7,36,33,1,32,3,2,1,63,51,8,43,12,2,10,129,110,49,61,19,4,15,34,26,4,22,8,0,8,73,60,7,53,13,3,10,132,123,62,61,9,7,2,25,18,5,13,7,5,2
S01006986,364,332,86,246,32,3,29,51,46,1,45,5,0,5,30,29,3,26,1,0,1,41,32,0,32,9,0,9,58,54,27,27,4,1,3,32,28,4,24,4,0,4,54,49,11,38,5,1,4,84,82,34,48,2,0,2,14,12,6,6,2,1,1
S01006987,333,305,77,228,28,7,21,27,24,0,24,3,1,2,26,25,3,22,1,0,1,22,18,0,18,4,0,4,78,75,23,52,3,2,1,22,20,3,17,2,1,1,58,47,8,39,11,2,9,82,81,31,50,1,0,1,18,15,9,6,3,1,2
S01006988,345,284,76,208,61,14,47,61,44,4,40,17,1,16,23,22,2,20,1,0,1,31,23,1,22,8,0,8,51,44,19,25,7,2,5,23,19,2,17,4,2,2,50,33,11,22,17,6,11,93,88,31,57,5,1,4,13,11,6,5,2,2,0
S01006989,588,477,129,348,111,30,81,83,59,2,57,24,5,19,48,43,2,41,5,0,5,66,42,4,38,24,2,22,100,85,43,42,15,3,12,39,34,4,30,5,2,3,93,77,17,60,16,5,11,142,127,53,74,15,7,8,17,10,4,6,7,6,1
S01006990,519,439,93,346,80,13,67,65,49,0,49,16,0,16,33,29,3,26,4,0,4,33,27,1,26,6,1,5,76,65,28,37,11,4,7,48,42,4,38,6,0,6,123,100,17,83,23,4,19,124,116,36,80,8,2,6,17,11,4,7,6,2,4
S01006991,206,174,49,125,32,6,26,24,16,1,15,8,2,6,25,24,1,23,1,0,1,25,16,1,15,9,1,8,40,37,14,23,3,0,3,11,8,4,4,3,2,1,21,18,6,12,3,0,3,47,45,15,30,2,0,2,13,10,7,3,3,1,2
S01006992,356,276,66,210,80,16,64,75,48,4,44,27,4,23,23,19,2,17,4,1,3,23,12,0,12,11,1,10,54,46,20,26,8,2,6,22,20,1,19,2,1,1,53,40,8,32,13,3,10,91,84,27,57,7,1,6,15,7,4,3,8,3,5
S01006993,313,240,61,179,73,16,57,64,28,3,25,36,4,32,39,36,3,33,3,0,3,22,14,0,14,8,1,7,46,42,18,24,4,1,3,25,23,3,20,2,1,1,38,26,4,22,12,4,8,74,68,29,39,6,3,3,5,3,1,2,2,2,0
S01006994,349,292,84,208,57,7,50,66,43,7,36,23,2,21,28,27,5,22,1,0,1,37,29,3,26,8,1,7,63,55,29,26,8,2,6,25,21,3,18,4,0,4,50,44,7,37,6,1,5,69,66,28,38,3,0,3,11,7,2,5,4,1,3
S01006995,504,392,96,296,112,29,83,85,49,2,47,36,5,31,53,43,6,37,10,2,8,41,28,1,27,13,1,12,77,65,25,40,12,3,9,40,35,10,25,5,1,4,66,49,8,41,17,10,7,123,113,40,73,10,3,7,19,10,4,6,9,4,5
S01006996,427,364,103,261,63,18,45,53,46,3,43,7,1,6,45,41,5,36,4,3,1,65,41,4,37,24,2,22,80,73,29,44,7,1,6,25,24,3,21,1,0,1,56,47,8,39,9,3,6,80,79,45,34,1,0,1,23,13,6,7,10,8,2
S01006997,466,377,113,264,89,25,64,72,50,4,46,22,2,20,28,24,6,18,4,2,2,29,19,0,19,10,1,9,74,61,32,29,13,5,8,52,46,7,39,6,5,1,70,50,11,39,20,5,15,121,116,48,68,5,3,2,20,11,5,6,9,2,7
S01006998,643,524,139,385,119,26,93,111,73,8,65,38,6,32,53,46,2,44,7,0,7,57,38,2,36,19,4,15,103,92,42,50,11,3,8,49,41,5,36,8,1,7,94,71,15,56,23,4,19,153,147,60,87,6,2,4,23,16,5,11,7,6,1
S01006999,508,370,114,256,138,24,114,122,51,10,41,71,6,65,39,33,6,27,6,1,5,53,39,4,35,14,3,11,79,68,27,41,11,1,10,19,17,1,16,2,0,2,77,59,14,45,18,6,12,100,92,48,44,8,3,5,19,11,4,7,8,4,4
S01007000,505,443,125,318,62,14,48,63,49,1,48,14,4,10,33,31,4,27,2,0,2,64,48,2,46,16,0,16,91,81,33,48,10,4,6,38,33,8,25,5,0,5,65,55,9,46,10,4,6,134,130,63,67,4,2,2,17,16,5,11,1,0,1
S01007001,465,393,102,291,72,16,56,52,42,1,41,10,0,10,38,32,2,30,6,1,5,38,25,0,25,13,0,13,99,85,37,48,14,3,11,32,28,3,25,4,1,3,66,54,11,43,12,3,9,122,115,42,73,7,6,1,18,12,6,6,6,2,4
S01007002,302,248,74,174,54,7,47,49,24,0,24,25,0,25,23,22,3,19,1,0,1,29,21,2,19,8,1,7,59,49,23,26,10,1,9,11,9,1,8,2,0,2,32,28,7,21,4,3,1,90,86,33,53,4,2,2,9,9,5,4,0,0,0
S01007003,301,215,72,143,86,15,71,70,28,0,28,42,6,36,21,17,3,14,4,0,4,36,18,3,15,18,1,17,47,42,19,23,5,1,4,20,16,6,10,4,1,3,30,24,6,18,6,3,3,68,65,33,32,3,1,2,9,5,2,3,4,2,2
S01007004,411,319,83,236,92,18,74,91,42,4,38,49,2,47,29,26,1,25,3,2,1,40,30,3,27,10,2,8,54,47,18,29,7,2,5,19,18,2,16,1,1,0,49,34,9,25,15,5,10,110,106,40,66,4,3,1,19,16,6,10,3,1,2
S01007005,517,403,113,290,114,22,92,84,43,2,41,41,5,36,42,34,2,32,8,2,6,44,35,3,32,9,1,8,69,58,22,36,11,2,9,37,25,5,20,12,1,11,80,57,15,42,23,6,17,137,135,57,78,2,1,1,24,16,7,9,8,4,4
S01007006,453,361,102,259,92,27,65,73,46,5,41,27,6,21,36,32,1,31,4,1,3,57,45,2,43,12,1,11,82,67,33,34,15,3,12,29,23,6,17,6,1,5,54,41,8,33,13,6,7,98,90,40,50,8,5,3,24,17,7,10,7,4,3
S01007007,448,311,82,229,137,36,101,78,30,4,26,48,9,39,48,34,7,27,14,3,11,43,24,1,23,19,4,15,83,62,26,36,21,5,16,31,28,3,25,3,1,2,44,29,4,25,15,7,8,104,94,34,60,10,5,5,17,10,3,7,7,2,5
S01007008,506,452,134,318,54,9,45,46,39,5,34,7,1,6,64,62,7,55,2,0,2,61,48,1,47,13,2,11,109,96,46,50,13,1,12,38,32,4,28,6,1,5,46,37,4,33,9,2,7,128,126,60,66,2,2,0,14,12,7,5,2,0,2
S01007009,517,455,130,325,62,15,47,26,21,1,20,5,0,5,56,50,4,46,6,1,5,44,32,2,30,12,1,11,135,122,55,67,13,2,11,41,38,10,28,3,0,3,63,53,13,40,10,2,8,133,127,38,89,6,4,2,19,12,7,5,7,5,2
S01007010,355,306,82,224,49,9,40,19,17,2,15,2,0,2,42,41,4,37,1,0,1,42,27,1,26,15,1,14,81,70,25,45,11,4,7,19,16,1,15,3,0,3,45,38,11,27,7,1,6,91,87,35,52,4,0,4,16,10,3,7,6,3,3
S01007011,405,362,101,261,43,11,32,22,21,0,21,1,0,1,44,40,4,36,4,2,2,50,36,1,35,14,1,13,102,91,38,53,11,2,9,35,32,7,25,3,0,3,42,38,13,25,4,3,1,96,93,33,60,3,1,2,14,11,5,6,3,2,1
S01007012,302,288,101,187,14,5,9,22,22,2,20,0,0,0,37,37,4,33,0,0,0,42,33,2,31,9,1,8,80,79,42,37,1,1,0,19,18,5,13,1,0,1,23,23,4,19,0,0,0,69,68,39,29,1,1,0,10,8,3,5,2,2,0
S01007013,316,220,65,155,96,22,74,61,33,4,29,28,4,24,29,23,4,19,6,1,5,33,15,1,14,18,2,16,55,42,18,24,13,2,11,30,16,5,11,14,5,9,39,28,5,23,11,3,8,62,56,25,31,6,5,1,7,7,3,4,0,0,0
S01007014,578,462,131,331,116,25,91,99,62,5,57,37,6,31,58,52,9,43,6,1,5,48,32,2,30,16,2,14,114,92,34,58,22,4,18,32,26,2,24,6,2,4,71,59,15,44,12,1,11,131,119,52,67,12,8,4,25,20,12,8,5,1,4
S01007015,355,253,73,180,102,22,80,74,27,3,24,47,7,40,31,29,3,26,2,2,0,36,22,0,22,14,1,13,70,54,28,26,16,9,7,16,10,1,9,6,0,6,38,28,4,24,10,1,9,84,78,33,45,6,2,4,6,5,1,4,1,0,1
S01007016,350,273,71,202,77,14,63,80,52,4,48,28,4,24,39,33,3,30,6,1,5,46,27,3,24,19,3,16,40,37,19,18,3,0,3,19,18,0,18,1,0,1,35,25,5,20,10,2,8,83,74,33,41,9,3,6,8,7,4,3,1,1,0
S01007017,494,446,119,327,48,13,35,38,38,2,36,0,0,0,84,82,9,73,2,0,2,78,61,1,60,17,0,17,105,100,47,53,5,1,4,28,26,5,21,2,0,2,45,38,6,32,7,6,1,97,89,43,46,8,3,5,19,12,6,6,7,3,4
S01007018,478,427,126,301,51,14,37,48,40,3,37,8,1,7,70,67,2,65,3,3,0,49,38,0,38,11,2,9,94,85,42,43,9,2,7,29,24,2,22,5,0,5,50,47,12,35,3,2,1,126,118,60,58,8,2,6,12,8,5,3,4,2,2
S01007019,332,300,76,224,32,7,25,31,30,0,30,1,0,1,61,57,5,52,4,0,4,44,35,2,33,9,1,8,75,70,30,40,5,1,4,18,17,4,13,1,0,1,37,32,9,23,5,1,4,61,58,25,33,3,1,2,5,1,1,0,4,3,1
S01007020,385,338,70,268,47,7,40,41,38,2,36,3,0,3,68,65,2,63,3,0,3,37,26,1,25,11,2,9,102,86,26,60,16,1,15,22,22,2,20,0,0,0,45,39,12,27,6,1,5,62,57,24,33,5,2,3,8,5,1,4,3,1,2
S01007021,438,399,111,288,39,12,27,47,42,2,40,5,1,4,73,73,6,67,0,0,0,45,35,0,35,10,0,10,87,80,35,45,7,1,6,27,20,3,17,7,2,5,42,39,10,29,3,3,0,101,97,48,49,4,2,2,16,13,7,6,3,3,0
S01007022,217,186,70,116,31,12,19,22,18,1,17,4,0,4,20,20,0,20,0,0,0,25,21,1,20,4,1,3,52,43,26,17,9,4,5,10,9,2,7,1,0,1,29,27,8,19,2,1,1,47,43,28,15,4,2,2,12,5,4,1,7,4,3
S01007023,231,161,53,108,70,19,51,27,15,0,15,12,1,11,24,20,3,17,4,0,4,23,15,1,14,8,0,8,54,36,19,17,18,3,15,18,13,3,10,5,1,4,23,13,5,8,10,4,6,52,45,20,25,7,5,2,10,4,2,2,6,5,1
S01007024,519,375,121,254,144,39,105,102,45,2,43,57,9,48,53,41,7,34,12,5,7,61,38,1,37,23,3,20,88,72,40,32,16,3,13,23,21,6,15,2,0,2,41,20,4,16,21,14,7,126,118,48,70,8,4,4,25,20,13,7,5,1,4
S01007025,401,350,103,247,51,22,29,38,35,0,35,3,0,3,46,43,3,40,3,1,2,48,36,1,35,12,2,10,82,73,34,39,9,5,4,24,21,2,19,3,1,2,32,24,7,17,8,5,3,112,108,51,57,4,3,1,19,10,5,5,9,5,4
S01007026,386,326,97,229,60,10,50,52,40,4,36,12,1,11,38,34,4,30,4,0,4,47,36,0,36,11,2,9,91,72,31,41,19,5,14,30,25,8,17,5,0,5,25,20,4,16,5,1,4,95,94,42,52,1,1,0,8,5,4,1,3,0,3
S01007027,499,415,132,283,84,16,68,66,42,1,41,24,1,23,44,38,1,37,6,0,6,41,29,2,27,12,3,9,104,86,52,34,18,2,16,34,32,6,26,2,0,2,45,37,7,30,8,4,4,151,141,59,82,10,3,7,14,10,4,6,4,3,1
S01007028,386,280,105,175,106,23,83,74,39,5,34,35,3,32,28,24,2,22,4,1,3,32,22,1,21,10,1,9,65,52,33,19,13,3,10,17,15,7,8,2,0,2,51,26,5,21,25,10,15,103,94,47,47,9,1,8,16,8,5,3,8,4,4
S01007029,291,192,62,130,99,15,84,91,32,1,31,59,8,51,23,17,2,15,6,0,6,36,24,1,23,12,1,11,49,43,24,19,6,2,4,10,9,2,7,1,0,1,26,18,7,11,8,3,5,51,46,23,23,5,1,4,5,3,2,1,2,0,2
S01007030,395,338,117,221,57,14,43,40,29,3,26,11,1,10,43,42,6,36,1,0,1,76,57,5,52,19,3,16,94,83,35,48,11,0,11,18,15,8,7,3,1,2,21,13,3,10,8,5,3,89,89,49,40,0,0,0,14,10,8,2,4,4,0
S01007031,295,243,75,168,52,11,41,41,24,5,19,17,2,15,34,30,4,26,4,1,3,41,29,1,28,12,2,10,65,60,27,33,5,1,4,10,8,1,7,2,0,2,26,23,4,19,3,2,1,66,64,31,33,2,1,1,12,5,2,3,7,2,5
S01007032,437,381,99,282,56,14,42,39,33,8,25,6,1,5,52,49,0,49,3,0,3,43,34,1,33,9,2,7,77,59,30,29,18,2,16,21,21,3,18,0,0,0,36,30,7,23,6,2,4,148,142,45,97,6,2,4,21,13,5,8,8,5,3
S01007033,356,342,113,229,14,5,9,21,19,1,18,2,0,2,43,43,2,41,0,0,0,47,44,3,41,3,0,3,66,63,31,32,3,0,3,15,15,1,14,0,0,0,31,29,13,16,2,2,0,123,121,57,64,2,2,0,10,8,5,3,2,1,1
S01007034,302,271,96,175,31,11,20,27,22,2,20,5,0,5,36,34,4,30,2,0,2,25,23,1,22,2,0,2,62,55,30,25,7,2,5,13,13,3,10,0,0,0,23,14,2,12,9,7,2,100,97,47,50,3,0,3,16,13,7,6,3,2,1
S01007035,347,315,118,197,32,9,23,22,19,0,19,3,1,2,49,47,2,45,2,0,2,45,35,2,33,10,2,8,66,60,37,23,6,2,4,19,18,4,14,1,1,0,28,25,11,14,3,1,2,109,105,57,48,4,0,4,9,6,5,1,3,2,1
S01007036,433,364,111,253,69,9,60,46,36,5,31,10,3,7,36,32,0,32,4,0,4,40,30,0,30,10,0,10,82,61,29,32,21,2,19,16,14,3,11,2,0,2,48,42,16,26,6,0,6,149,139,55,84,10,3,7,16,10,3,7,6,1,5
S01007037,504,455,167,288,49,11,38,60,51,6,45,9,0,9,59,58,5,53,1,0,1,52,40,2,38,12,0,12,112,105,57,48,7,2,5,35,27,8,19,8,4,4,30,27,12,15,3,1,2,138,132,66,66,6,3,3,18,15,11,4,3,1,2
S01007038,392,340,89,251,52,10,42,37,26,2,24,11,2,9,59,57,3,54,2,1,1,40,33,2,31,7,1,6,88,70,35,35,18,2,16,22,19,3,16,3,0,3,37,35,7,28,2,0,2,91,89,34,55,2,0,2,18,11,3,8,7,4,3
S01007039,402,360,108,252,42,7,35,48,40,1,39,8,2,6,56,52,3,49,4,0,4,38,28,1,27,10,0,10,70,61,26,35,9,3,6,23,22,2,20,1,0,1,25,21,4,17,4,1,3,128,126,66,60,2,0,2,14,10,5,5,4,1,3
S01007040,299,268,83,185,31,10,21,29,24,1,23,5,1,4,35,35,4,31,0,0,0,37,29,3,26,8,2,6,48,44,25,19,4,1,3,14,14,1,13,0,0,0,26,21,4,17,5,4,1,93,90,39,51,3,1,2,17,11,6,5,6,1,5
S01007041,370,321,96,225,49,11,38,50,35,4,31,15,2,13,26,24,0,24,2,0,2,38,33,0,33,5,0,5,79,67,30,37,12,2,10,30,24,4,20,6,0,6,25,22,6,16,3,1,2,110,108,48,60,2,2,0,12,8,4,4,4,4,0
S01007042,344,285,89,196,59,10,49,39,29,0,29,10,0,10,43,38,9,29,5,1,4,38,27,1,26,11,2,9,71,58,20,38,13,2,11,31,26,7,19,5,1,4,37,32,6,26,5,1,4,80,73,45,28,7,3,4,5,2,1,1,3,0,3
S01007043,580,424,111,313,156,28,128,124,63,4,59,61,5,56,62,51,1,50,11,3,8,61,33,3,30,28,4,24,88,71,30,41,17,3,14,19,15,3,12,4,0,4,57,46,10,36,11,2,9,146,132,58,74,14,6,8,23,13,2,11,10,5,5
S01007044,310,228,79,149,82,21,61,74,32,2,30,42,10,32,29,25,2,23,4,1,3,17,10,2,8,7,3,4,53,43,27,16,10,3,7,20,16,2,14,4,0,4,27,21,1,20,6,2,4,82,76,41,35,6,1,5,8,5,2,3,3,1,2
S01007045,425,283,90,193,142,37,105,95,38,5,33,57,7,50,41,33,1,32,8,3,5,36,23,3,20,13,3,10,66,45,17,28,21,8,13,27,16,6,10,11,3,8,33,22,5,17,11,5,6,112,100,48,52,12,7,5,15,6,5,1,9,1,8
S01007046,322,267,70,197,55,13,42,50,27,1,26,23,3,20,40,33,3,30,7,3,4,25,16,2,14,9,1,8,63,55,20,35,8,3,5,20,19,3,16,1,0,1,31,28,7,21,3,0,3,78,76,30,46,2,2,0,15,13,4,9,2,1,1
S01007047,359,263,74,189,96,15,81,79,33,3,30,46,6,40,38,35,3,32,3,0,3,46,33,2,31,13,0,13,52,37,16,21,15,4,11,25,20,2,18,5,0,5,25,21,6,15,4,1,3,83,77,39,38,6,1,5,11,7,3,4,4,3,1
S01007048,505,379,102,277,126,23,103,121,60,8,52,61,10,51,43,37,10,27,6,0,6,69,48,4,44,21,4,17,72,60,26,34,12,4,8,32,24,7,17,8,0,8,45,39,4,35,6,1,5,109,101,38,63,8,3,5,14,10,5,5,4,1,3
S01007049,462,411,123,288,51,14,37,43,41,2,39,2,0,2,59,54,5,49,5,0,5,76,63,3,60,13,2,11,95,79,38,41,16,4,12,20,18,7,11,2,1,1,43,37,8,29,6,3,3,113,109,56,53,4,2,2,13,10,4,6,3,2,1
S01007050,318,257,74,183,61,10,51,53,41,1,40,12,3,9,23,18,2,16,5,0,5,54,41,3,38,13,0,13,65,50,25,25,15,1,14,15,13,5,8,2,1,1,34,27,6,21,7,2,5,65,60,29,31,5,2,3,9,7,3,4,2,1,1
S01007051,422,375,114,261,47,6,41,46,37,4,33,9,2,7,40,37,4,33,3,0,3,51,36,2,34,15,1,14,94,87,45,42,7,0,7,27,26,1,25,1,1,0,43,39,7,32,4,0,4,105,99,42,57,6,2,4,16,14,9,5,2,0,2
S01007052,303,255,72,183,48,12,36,50,38,4,34,12,1,11,33,28,3,25,5,1,4,40,28,3,25,12,3,9,53,42,19,23,11,4,7,23,22,5,17,1,0,1,37,33,10,23,4,2,2,60,59,26,33,1,0,1,7,5,2,3,2,1,1
S01007053,263,201,51,150,62,21,41,56,31,2,29,25,5,20,19,18,1,17,1,0,1,29,22,2,20,7,1,6,44,36,17,19,8,1,7,19,13,4,9,6,3,3,37,26,4,22,11,8,3,49,47,17,30,2,1,1,10,8,4,4,2,2,0
S01007054,475,428,135,293,47,9,38,55,46,4,42,9,1,8,61,57,2,55,4,1,3,53,37,1,36,16,1,15,100,94,48,46,6,2,4,29,28,9,19,1,0,1,40,36,4,32,4,0,4,125,120,63,57,5,2,3,12,10,4,6,2,2,0
S01007055,307,219,68,151,88,16,72,74,27,8,19,47,5,42,36,27,3,24,9,4,5,22,16,2,14,6,1,5,41,32,13,19,9,1,8,23,21,5,16,2,0,2,33,28,4,24,5,0,5,67,63,30,33,4,1,3,11,5,3,2,6,4,2
S01007056,352,250,60,190,102,24,78,87,37,3,34,50,11,39,25,19,2,17,6,0,6,37,27,2,25,10,2,8,57,48,18,30,9,2,7,20,17,2,15,3,2,1,35,26,3,23,9,3,6,78,70,27,43,8,2,6,13,6,3,3,7,2,5
S01007057,237,212,54,158,25,6,19,29,21,1,20,8,2,6,24,22,1,21,2,1,1,19,14,0,14,5,0,5,49,45,21,24,4,1,3,12,12,4,8,0,0,0,25,24,3,21,1,0,1,69,66,19,47,3,2,1,10,8,5,3,2,0,2
S01007058,257,234,69,165,23,5,18,26,25,2,23,1,0,1,32,31,3,28,1,0,1,35,24,3,21,11,1,10,62,60,27,33,2,1,1,13,11,2,9,2,1,1,23,19,3,16,4,1,3,60,58,27,31,2,1,1,6,6,2,4,0,0,0
S01007059,485,430,110,320,55,14,41,55,50,6,44,5,1,4,51,50,1,49,1,0,1,56,45,1,44,11,0,11,93,81,37,44,12,2,10,31,29,2,27,2,0,2,56,49,14,35,7,4,3,125,116,44,72,9,3,6,18,10,5,5,8,4,4
S01007060,280,256,102,154,24,1,23,21,20,4,16,1,0,1,28,26,1,25,2,0,2,28,21,3,18,7,0,7,86,83,38,45,3,0,3,19,15,1,14,4,0,4,23,21,8,13,2,0,2,65,61,41,20,4,1,3,10,9,6,3,1,0,1
S01007061,554,448,100,348,106,30,76,114,68,3,65,46,12,34,42,33,2,31,9,3,6,53,36,1,35,17,2,15,77,72,27,45,5,3,2,33,30,5,25,3,1,2,90,75,12,63,15,5,10,125,120,44,76,5,3,2,20,14,6,8,6,1,5
S01007062,405,305,88,217,100,26,74,90,40,5,35,50,9,41,30,25,3,22,5,2,3,34,22,2,20,12,3,9,51,43,19,24,8,1,7,33,31,8,23,2,1,1,60,51,11,40,9,3,6,87,80,38,42,7,5,2,20,13,2,11,7,2,5
S01007063,349,303,97,206,46,7,39,33,33,3,30,0,0,0,40,35,2,33,5,1,4,49,35,2,33,14,0,14,60,49,30,19,11,2,9,21,18,8,10,3,0,3,38,33,10,23,5,1,4,101,94,40,54,7,3,4,7,6,2,4,1,0,1
S01007064,379,279,77,202,100,23,77,67,34,4,30,33,6,27,43,37,1,36,6,0,6,38,21,5,16,17,2,15,65,52,22,30,13,3,10,24,19,2,17,5,1,4,38,28,9,19,10,4,6,87,79,29,50,8,3,5,17,9,5,4,8,4,4
S01007065,319,269,73,196,50,15,35,49,35,5,30,14,3,11,32,31,1,30,1,0,1,22,17,1,16,5,2,3,45,36,14,22,9,1,8,34,32,7,25,2,0,2,49,39,5,34,10,5,5,72,69,35,34,3,2,1,16,10,5,5,6,2,4
S01007066,370,291,86,205,79,20,59,69,36,1,35,33,4,29,37,31,3,28,6,1,5,31,22,2,20,9,2,7,57,49,22,27,8,3,5,20,17,5,12,3,2,1,55,48,14,34,7,2,5,90,81,35,46,9,5,4,11,7,4,3,4,1,3
S01007067,319,289,58,231,30,12,18,49,45,3,42,4,0,4,27,26,0,26,1,0,1,21,18,1,17,3,1,2,52,46,16,30,6,2,4,30,25,5,20,5,1,4,47,40,1,39,7,4,3,75,73,23,50,2,2,0,18,16,9,7,2,2,0
S01007068,359,300,76,224,59,13,46,36,32,2,30,4,1,3,41,37,1,36,4,0,4,32,20,2,18,12,0,12,73,56,16,40,17,4,13,26,20,5,15,6,2,4,48,39,5,34,9,3,6,95,88,40,48,7,3,4,8,8,5,3,0,0,0
S01007069,411,364,97,267,47,10,37,52,43,5,38,9,2,7,51,47,4,43,4,1,3,37,29,1,28,8,0,8,80,70,38,32,10,1,9,35,31,4,27,4,2,2,47,42,8,34,5,1,4,103,99,34,65,4,1,3,6,3,3,0,3,2,1
S01007070,264,239,57,182,25,3,22,31,25,0,25,6,0,6,36,34,3,31,2,0,2,29,24,1,23,5,1,4,52,49,17,32,3,0,3,21,19,5,14,2,0,2,20,17,2,15,3,1,2,66,64,27,37,2,0,2,9,7,2,5,2,1,1
S01007071,481,437,104,333,44,9,35,57,50,4,46,7,1,6,57,54,1,53,3,0,3,35,27,1,26,8,0,8,106,99,42,57,7,1,6,30,28,3,25,2,0,2,50,45,4,41,5,2,3,131,123,46,77,8,2,6,15,11,3,8,4,3,1
S01007072,381,337,98,239,44,7,37,60,44,1,43,16,0,16,65,61,9,52,4,1,3,23,20,5,15,3,0,3,81,74,38,36,7,1,6,27,22,3,19,5,1,4,35,30,8,22,5,2,3,81,80,33,47,1,0,1,9,6,1,5,3,2,1
S01007073,500,443,132,311,57,16,41,67,54,5,49,13,3,10,51,44,4,40,7,0,7,42,38,6,32,4,0,4,117,107,43,64,10,3,7,31,25,4,21,6,3,3,52,43,10,33,9,2,7,127,124,54,70,3,1,2,13,8,6,2,5,4,1
S01007074,362,332,109,223,30,8,22,38,33,1,32,5,0,5,52,47,3,44,5,1,4,29,25,2,23,4,0,4,86,80,37,43,6,1,5,22,19,5,14,3,1,2,33,32,11,21,1,1,0,94,90,46,44,4,4,0,8,6,4,2,2,0,2
S01007075,377,369,105,264,8,3,5,32,31,1,30,1,1,0,73,73,7,66,0,0,0,27,23,0,23,4,1,3,99,98,50,48,1,0,1,27,26,2,24,1,0,1,37,36,7,29,1,1,0,70,70,31,39,0,0,0,12,12,7,5,0,0,0
S01007076,414,383,122,261,31,16,15,38,34,1,33,4,2,2,56,56,8,48,0,0,0,33,29,1,28,4,1,3,96,91,51,40,5,2,3,37,34,1,33,3,1,2,51,46,12,34,5,3,2,86,82,43,39,4,3,1,17,11,5,6,6,4,2
S01007077,357,336,109,227,21,6,15,37,35,2,33,2,1,1,46,46,3,43,0,0,0,38,31,2,29,7,0,7,71,68,41,27,3,1,2,20,18,6,12,2,0,2,46,43,10,33,3,1,2,83,83,40,43,0,0,0,16,12,5,7,4,3,1
S01007078,394,360,131,229,34,7,27,39,35,6,29,4,1,3,54,51,12,39,3,0,3,27,20,0,20,7,0,7,98,94,47,47,4,0,4,33,32,5,27,1,0,1,45,40,15,25,5,2,3,88,80,41,39,8,3,5,10,8,5,3,2,1,1
S01007079,449,413,102,311,36,10,26,43,34,2,32,9,0,9,80,76,12,64,4,0,4,35,32,0,32,3,1,2,97,92,27,65,5,2,3,37,33,8,25,4,1,3,38,36,7,29,2,2,0,100,96,44,52,4,2,2,19,14,2,12,5,2,3
S01007080,349,329,100,229,20,0,20,23,19,0,19,4,0,4,70,68,8,60,2,0,2,28,22,1,21,6,0,6,80,78,39,39,2,0,2,27,27,1,26,0,0,0,33,30,8,22,3,0,3,83,82,40,42,1,0,1,5,3,3,0,2,0,2
S01007081,464,424,105,319,40,4,36,55,45,4,41,10,0,10,108,106,10,96,2,1,1,36,29,0,29,7,0,7,117,113,50,63,4,0,4,31,24,3,21,7,1,6,29,27,9,18,2,0,2,77,72,28,44,5,1,4,11,8,1,7,3,1,2
S01007082,275,249,72,177,26,5,21,23,19,1,18,4,0,4,82,79,15,64,3,1,2,16,12,1,11,4,0,4,59,57,25,32,2,1,1,20,13,0,13,7,1,6,15,13,2,11,2,0,2,53,50,26,24,3,1,2,7,6,2,4,1,1,0
S01007083,393,366,97,269,27,9,18,37,25,1,24,12,2,10,71,70,9,61,1,0,1,26,24,2,22,2,1,1,136,130,52,78,6,2,4,31,30,3,27,1,1,0,33,29,6,23,4,3,1,50,49,23,26,1,0,1,9,9,1,8,0,0,0
S01007084,290,257,79,178,33,7,26,38,28,1,27,10,2,8,54,49,5,44,5,2,3,18,17,1,16,1,0,1,57,52,29,23,5,0,5,18,15,1,14,3,0,3,29,25,7,18,4,1,3,67,66,32,34,1,0,1,9,5,3,2,4,2,2
S01007085,444,390,91,299,54,17,37,49,43,4,39,6,0,6,101,97,9,88,4,2,2,30,23,1,22,7,1,6,92,78,38,40,14,5,9,25,23,4,19,2,0,2,45,35,6,29,10,2,8,79,75,22,53,4,3,1,23,16,7,9,7,4,3
S01007086,570,539,140,399,31,12,19,44,39,4,35,5,1,4,147,146,25,121,1,0,1,30,27,0,27,3,1,2,148,138,61,77,10,2,8,35,34,6,28,1,0,1,55,53,7,46,2,1,1,85,83,30,53,2,1,1,26,19,7,12,7,6,1
S01007087,447,413,110,303,34,6,28,29,27,4,23,2,1,1,116,112,17,95,4,0,4,33,30,2,28,3,0,3,109,102,40,62,7,1,6,31,25,3,22,6,1,5,38,33,7,26,5,2,3,71,69,33,36,2,1,1,20,15,4,11,5,0,5
S01007088,228,209,50,159,19,9,10,25,21,1,20,4,1,3,52,52,8,44,0,0,0,21,18,4,14,3,2,1,47,45,21,24,2,0,2,21,18,2,16,3,1,2,19,17,2,15,2,1,1,38,33,11,22,5,4,1,5,5,1,4,0,0,0
S01007089,274,238,68,170,36,4,32,45,35,3,32,10,1,9,35,34,1,33,1,0,1,20,14,1,13,6,0,6,60,54,25,29,6,0,6,14,13,1,12,1,0,1,31,26,4,22,5,1,4,62,58,32,26,4,1,3,7,4,1,3,3,1,2
S01007090,332,297,67,230,35,5,30,36,32,0,32,4,0,4,50,49,3,46,1,1,0,23,16,1,15,7,0,7,70,63,26,37,7,1,6,27,23,2,21,4,2,2,48,42,4,38,6,0,6,68,65,27,38,3,1,2,10,7,4,3,3,0,3
S01007091,416,389,130,259,27,6,21,66,60,2,58,6,0,6,53,52,4,48,1,0,1,21,19,1,18,2,0,2,115,110,66,44,5,1,4,27,25,2,23,2,0,2,31,30,7,23,1,0,1,86,82,43,39,4,3,1,17,11,5,6,6,2,4
S01007092,289,271,92,179,18,6,12,32,29,2,27,3,0,3,55,53,7,46,2,0,2,21,16,0,16,5,0,5,73,68,38,30,5,4,1,20,19,3,16,1,0,1,18,17,5,12,1,1,0,60,60,31,29,0,0,0,10,9,6,3,1,1,0
S01007093,537,489,140,349,48,9,39,75,65,6,59,10,0,10,70,66,4,62,4,0,4,35,26,1,25,9,0,9,95,93,51,42,2,1,1,32,29,4,25,3,0,3,69,61,10,51,8,2,6,147,141,62,79,6,2,4,14,8,2,6,6,4,2
S01007094,484,416,147,269,68,19,49,68,47,4,43,21,3,18,62,54,7,47,8,2,6,35,30,2,28,5,1,4,100,93,49,44,7,0,7,34,32,5,27,2,1,1,57,47,20,27,10,2,8,111,105,55,50,6,4,2,17,8,5,3,9,6,3
S01007095,291,220,63,157,71,14,57,45,24,4,20,21,2,19,44,35,5,30,9,1,8,21,10,1,9,11,0,11,51,41,18,23,10,5,5,20,16,2,14,4,1,3,33,28,6,22,5,2,3,69,61,25,36,8,1,7,8,5,2,3,3,2,1
S01007096,464,391,101,290,73,19,54,79,64,3,61,15,1,14,61,53,3,50,8,1,7,38,30,3,27,8,0,8,71,59,24,35,12,3,9,32,26,2,24,6,1,5,62,48,9,39,14,6,8,101,98,51,47,3,2,1,20,13,6,7,7,5,2
S01007097,281,235,63,172,46,9,37,46,32,2,30,14,3,11,39,35,6,29,4,0,4,19,13,2,11,6,0,6,58,47,25,22,11,3,8,13,12,2,10,1,0,1,41,38,4,34,3,0,3,57,55,21,34,2,0,2,8,3,1,2,5,3,2
S01007098,447,350,95,255,97,18,79,89,61,6,55,28,6,22,52,48,4,44,4,1,3,39,27,2,25,12,1,11,77,55,26,29,22,4,18,26,20,3,17,6,1,5,57,42,11,31,15,3,12,94,90,41,49,4,1,3,13,7,2,5,6,1,5
S01007099,487,382,109,273,105,24,81,76,57,5,52,19,2,17,51,43,6,37,8,3,5,47,32,3,29,15,2,13,105,77,33,44,28,5,23,24,23,1,22,1,0,1,54,38,8,30,16,2,14,104,99,49,50,5,3,2,26,13,4,9,13,7,6
S01007100,389,331,88,243,58,8,50,65,52,2,50,13,2,11,41,37,3,34,4,0,4,35,23,0,23,12,0,12,67,60,27,33,7,2,5,21,18,2,16,3,0,3,43,36,8,28,7,2,5,99,95,41,54,4,1,3,18,10,5,5,8,1,7
S01007101,393,355,99,256,38,11,27,42,39,2,37,3,0,3,46,43,2,41,3,1,2,48,40,0,40,8,0,8,88,82,40,42,6,3,3,22,18,2,16,4,1,3,34,25,6,19,9,5,4,102,101,44,57,1,0,1,11,7,3,4,4,1,3
S01007102,367,301,84,217,66,8,58,64,45,7,38,19,0,19,40,37,3,34,3,0,3,43,35,2,33,8,1,7,69,58,30,28,11,2,9,28,21,2,19,7,0,7,32,23,8,15,9,2,7,83,76,29,47,7,3,4,8,6,3,3,2,0,2
S01007103,418,350,120,230,68,13,55,78,48,3,45,30,3,27,55,53,8,45,2,0,2,39,27,2,25,12,2,10,58,54,32,22,4,2,2,17,15,1,14,2,1,1,38,33,8,25,5,2,3,113,107,57,50,6,1,5,20,13,9,4,7,2,5
S01007104,240,175,53,122,65,13,52,43,21,2,19,22,2,20,33,27,3,24,6,2,4,19,10,1,9,9,1,8,52,39,16,23,13,3,10,7,5,1,4,2,0,2,32,24,6,18,8,4,4,45,44,23,21,1,0,1,9,5,1,4,4,1,3
S01007105,246,218,80,138,28,7,21,44,29,3,26,15,2,13,24,22,4,18,2,0,2,14,10,0,10,4,1,3,50,47,25,22,3,2,1,14,13,1,12,1,0,1,26,23,8,15,3,2,1,64,64,33,31,0,0,0,10,10,6,4,0,0,0
S01007106,333,288,88,200,45,6,39,36,27,1,26,9,0,9,44,43,2,41,1,0,1,32,19,4,15,13,3,10,61,51,31,20,10,1,9,33,32,6,26,1,0,1,43,38,7,31,5,1,4,74,71,33,38,3,0,3,10,7,4,3,3,1,2
S01007107,358,277,78,199,81,22,59,73,44,4,40,29,3,26,44,38,3,35,6,1,5,34,20,2,18,14,4,10,73,57,25,32,16,6,10,17,15,2,13,2,2,0,38,33,6,27,5,0,5,70,67,35,32,3,2,1,9,3,1,2,6,4,2
S01007108,301,211,62,149,90,13,77,78,34,4,30,44,5,39,40,35,4,31,5,0,5,26,17,4,13,9,0,9,41,35,22,13,6,1,5,20,11,0,11,9,0,9,25,16,1,15,9,4,5,64,58,25,33,6,2,4,7,5,2,3,2,1,1
S01007109,376,329,102,227,47,17,30,28,23,0,23,5,0,5,95,91,16,75,4,2,2,34,26,0,26,8,3,5,69,54,33,21,15,5,10,37,35,3,32,2,1,1,29,22,8,14,7,2,5,70,68,37,31,2,1,1,14,10,5,5,4,3,1
S01007110,369,324,101,223,45,12,33,45,34,0,34,11,2,9,60,58,11,47,2,1,1,43,33,1,32,10,0,10,73,66,44,22,7,4,3,34,29,5,24,5,2,3,29,24,4,20,5,2,3,69,69,30,39,0,0,0,16,11,6,5,5,1,4
S01007111,254,231,69,162,23,7,16,27,22,2,20,5,0,5,45,41,6,35,4,2,2,16,12,1,11,4,1,3,64,58,27,31,6,3,3,17,15,0,15,2,1,1,31,31,9,22,0,0,0,48,46,19,27,2,0,2,6,6,5,1,0,0,0
S01007112,284,226,76,150,58,15,43,39,20,4,16,19,4,15,51,47,5,42,4,1,3,21,15,0,15,6,2,4,58,48,29,19,10,4,6,20,17,7,10,3,1,2,29,19,5,14,10,1,9,57,56,24,32,1,0,1,9,4,2,2,5,2,3
S01007113,257,209,55,154,48,12,36,37,28,1,27,9,1,8,50,41,1,40,9,5,4,19,13,1,12,6,2,4,50,36,20,16,14,2,12,12,10,1,9,2,0,2,26,22,7,15,4,0,4,51,50,18,32,1,0,1,12,9,6,3,3,2,1
S01007114,454,419,140,279,35,3,32,58,47,0,47,11,0,11,86,83,12,71,3,1,2,28,24,0,24,4,0,4,94,88,51,37,6,1,5,32,29,4,25,3,0,3,48,44,14,30,4,1,3,92,90,50,40,2,0,2,16,14,9,5,2,0,2
S01007115,316,286,89,197,30,8,22,47,38,3,35,9,0,9,63,60,4,56,3,0,3,20,13,2,11,7,1,6,69,66,34,32,3,2,1,17,15,1,14,2,1,1,30,27,11,16,3,2,1,62,60,30,30,2,2,0,8,7,4,3,1,0,1
S01007116,533,441,155,286,92,15,77,110,69,8,61,41,3,38,69,65,13,52,4,0,4,23,16,1,15,7,2,5,107,86,47,39,21,4,17,23,19,1,18,4,1,3,69,59,13,46,10,2,8,117,115,67,48,2,1,1,15,12,5,7,3,2,1
S01007117,246,203,69,134,43,9,34,52,28,0,28,24,4,20,37,34,5,29,3,0,3,7,7,0,7,0,0,0,42,37,25,12,5,1,4,17,14,3,11,3,1,2,23,18,3,15,5,2,3,65,63,32,31,2,1,1,3,2,1,1,1,0,1
S01007118,334,314,100,214,20,3,17,19,17,1,16,2,0,2,88,86,12,74,2,0,2,19,16,0,16,3,0,3,82,77,48,29,5,1,4,11,9,0,9,2,0,2,26,25,4,21,1,0,1,78,76,30,46,2,0,2,11,8,5,3,3,2,1
S01007119,394,365,120,245,29,6,23,36,24,4,20,12,0,12,84,82,13,69,2,1,1,26,26,1,25,0,0,0,109,104,54,50,5,1,4,25,25,3,22,0,0,0,36,32,10,22,4,1,3,68,64,31,33,4,2,2,10,8,4,4,2,1,1
S01007120,539,512,126,386,27,3,24,50,42,4,38,8,1,7,182,181,20,161,1,0,1,29,25,0,25,4,0,4,93,91,42,49,2,0,2,31,29,2,27,2,0,2,45,39,11,28,6,1,5,88,87,38,49,1,0,1,21,18,9,9,3,1,2
S01007121,210,194,49,145,16,2,14,22,18,2,16,4,0,4,67,65,9,56,2,0,2,14,12,1,11,2,1,1,47,44,20,24,3,0,3,12,11,0,11,1,0,1,16,13,6,7,3,1,2,24,23,8,15,1,0,1,8,8,3,5,0,0,0
S01007122,299,265,72,193,34,6,28,37,25,2,23,12,0,12,66,63,9,54,3,1,2,17,12,0,12,5,0,5,47,47,19,28,0,0,0,16,15,0,15,1,0,1,22,16,2,14,6,0,6,80,75,30,45,5,3,2,14,12,10,2,2,2,0
S01007123,310,289,95,194,21,3,18,34,27,0,27,7,1,6,69,69,12,57,0,0,0,26,22,0,22,4,0,4,64,60,32,28,4,0,4,20,18,3,15,2,0,2,27,23,7,16,4,2,2,64,64,38,26,0,0,0,6,6,3,3,0,0,0
S01007124,473,432,116,316,41,7,34,49,40,1,39,9,2,7,105,99,7,92,6,2,4,42,35,4,31,7,0,7,92,85,38,47,7,0,7,35,31,4,27,4,2,2,36,32,10,22,4,0,4,95,94,44,50,1,0,1,19,16,8,8,3,1,2
S01007125,382,349,109,240,33,13,20,35,29,0,29,6,1,5,115,112,18,94,3,0,3,23,19,1,18,4,3,1,83,74,45,29,9,4,5,18,18,3,15,0,0,0,42,35,10,25,7,3,4,57,54,27,27,3,2,1,9,8,5,3,1,0,1
S01007126,407,382,87,295,25,4,21,28,23,1,22,5,1,4,181,178,20,158,3,0,3,24,19,0,19,5,0,5,74,69,30,39,5,1,4,21,18,2,16,3,0,3,24,23,6,17,1,1,0,42,41,25,16,1,0,1,13,11,3,8,2,1,1
S01007127,541,500,83,417,41,8,33,35,23,0,23,12,2,10,244,240,22,218,4,2,2,30,25,0,25,5,1,4,87,79,24,55,8,1,7,26,24,2,22,2,0,2,25,22,5,17,3,0,3,71,67,19,48,4,1,3,23,20,11,9,3,1,2
S01007128,355,328,111,217,27,7,20,43,36,5,31,7,0,7,83,80,10,70,3,0,3,20,17,1,16,3,1,2,81,76,41,35,5,1,4,20,16,2,14,4,1,3,28,27,8,19,1,1,0,66,64,36,28,2,1,1,14,12,8,4,2,2,0
S01007129,503,429,112,317,74,20,54,14,12,1,11,2,0,2,45,40,4,36,5,0,5,32,21,2,19,11,4,7,81,68,26,42,13,2,11,25,21,1,20,4,1,3,60,44,11,33,16,2,14,235,214,63,151,21,9,12,11,9,4,5,2,2,0
S01007130,312,271,74,197,41,13,28,12,12,0,12,0,0,0,24,21,2,19,3,2,1,22,13,1,12,9,1,8,57,53,28,25,4,1,3,16,13,1,12,3,1,2,29,19,3,16,10,3,7,138,132,36,96,6,3,3,14,8,3,5,6,2,4
S01007131,401,367,97,270,34,10,24,14,14,0,14,0,0,0,20,20,0,20,0,0,0,42,27,0,27,15,3,12,72,65,32,33,7,2,5,18,14,1,13,4,1,3,42,40,10,30,2,0,2,178,174,48,126,4,2,2,15,13,6,7,2,2,0
S01007132,362,320,100,220,42,16,26,9,7,1,6,2,1,1,33,32,0,32,1,0,1,28,20,2,18,8,3,5,71,63,41,22,8,3,5,27,22,3,19,5,4,1,32,24,9,15,8,2,6,152,144,41,103,8,2,6,10,8,3,5,2,1,1
S01007133,371,287,78,209,84,28,56,41,18,1,17,23,4,19,26,21,1,20,5,1,4,30,21,2,19,9,3,6,64,52,25,27,12,4,8,17,13,1,12,4,0,4,56,42,11,31,14,6,8,117,107,30,77,10,4,6,20,13,7,6,7,6,1
S01007134,391,304,85,219,87,17,70,30,18,2,16,12,0,12,29,23,1,22,6,1,5,40,26,1,25,14,1,13,62,46,24,22,16,3,13,25,18,3,15,7,1,6,49,30,5,25,19,5,14,146,137,45,92,9,4,5,10,6,4,2,4,2,2
S01007135,281,218,57,161,63,16,47,19,9,0,9,10,0,10,16,13,0,13,3,0,3,20,16,3,13,4,1,3,39,33,13,20,6,0,6,19,14,0,14,5,0,5,32,18,4,14,14,7,7,113,103,32,71,10,4,6,23,12,5,7,11,4,7
S01007136,280,209,57,152,71,14,57,28,13,4,9,15,2,13,15,15,1,14,0,0,0,21,8,0,8,13,1,12,44,31,12,19,13,3,10,13,13,2,11,0,0,0,39,24,8,16,15,4,11,105,98,25,73,7,2,5,15,7,5,2,8,2,6
S01007137,418,360,91,269,58,16,42,15,12,0,12,3,0,3,37,36,1,35,1,0,1,40,27,0,27,13,3,10,58,50,19,31,8,0,8,19,15,4,11,4,2,2,50,45,10,35,5,3,2,177,159,51,108,18,4,14,22,16,6,10,6,4,2
S01007138,320,261,77,184,59,10,49,14,9,0,9,5,0,5,27,24,3,21,3,0,3,31,16,2,14,15,0,15,56,49,17,32,7,2,5,21,14,3,11,7,0,7,37,30,10,20,7,2,5,121,113,37,76,8,4,4,13,6,5,1,7,2,5
S01007139,384,314,85,229,70,12,58,32,25,0,25,7,2,5,28,27,3,24,1,0,1,48,33,1,32,15,2,13,73,63,28,35,10,1,9,20,17,2,15,3,0,3,45,27,10,17,18,2,16,129,118,41,77,11,1,10,9,4,0,4,5,4,1
S01007140,496,404,119,285,92,34,58,52,39,6,33,13,4,9,40,34,7,27,6,3,3,35,18,7,11,17,3,14,67,53,20,33,14,5,9,44,28,5,23,16,4,12,62,43,15,28,19,11,8,172,169,49,120,3,3,0,24,20,10,10,4,1,3
S01007141,357,294,87,207,63,16,47,37,25,0,25,12,1,11,27,21,3,18,6,1,5,41,29,2,27,12,1,11,59,49,24,25,10,1,9,24,19,2,17,5,2,3,33,23,7,16,10,5,5,121,114,44,70,7,4,3,15,14,5,9,1,1,0
S01007142,305,272,77,195,33,14,19,12,9,0,9,3,1,2,24,23,0,23,1,1,0,18,15,1,14,3,1,2,46,44,26,18,2,0,2,26,22,3,19,4,2,2,33,28,5,23,5,2,3,133,125,40,85,8,3,5,13,6,2,4,7,4,3
S01007143,368,331,89,242,37,10,27,21,18,2,16,3,1,2,31,31,1,30,0,0,0,31,26,0,26,5,1,4,55,50,23,27,5,0,5,23,18,5,13,5,1,4,47,42,6,36,5,2,3,139,131,45,86,8,1,7,21,15,7,8,6,4,2
S01007144,372,282,79,203,90,24,66,52,31,5,26,21,5,16,22,20,4,16,2,1,1,29,17,0,17,12,2,10,74,54,20,34,20,4,16,19,14,2,12,5,0,5,42,28,7,21,14,6,8,117,106,36,70,11,3,8,17,12,5,7,5,3,2
S01007145,392,349,110,239,43,9,34,5,4,0,4,1,0,1,18,17,1,16,1,1,0,26,17,1,16,9,2,7,87,74,35,39,13,1,12,29,25,4,21,4,1,3,51,43,13,30,8,1,7,157,153,49,104,4,3,1,19,16,7,9,3,0,3
S01007146,329,300,100,200,29,7,22,9,8,0,8,1,0,1,20,17,1,16,3,1,2,25,21,1,20,4,0,4,64,57,32,25,7,1,6,21,19,2,17,2,0,2,36,29,8,21,7,4,3,131,128,47,81,3,0,3,23,21,9,12,2,1,1
S01007147,348,316,93,223,32,9,23,10,9,0,9,1,0,1,27,27,4,23,0,0,0,20,12,0,12,8,2,6,69,65,31,34,4,1,3,19,17,1,16,2,1,1,39,35,11,24,4,1,3,145,137,39,98,8,2,6,19,14,7,7,5,2,3
S01007148,272,239,76,163,33,10,23,11,9,2,7,2,0,2,22,19,1,18,3,1,2,11,6,0,6,5,0,5,64,57,28,29,7,3,4,17,14,1,13,3,0,3,36,31,5,26,5,1,4,95,91,32,59,4,2,2,16,12,7,5,4,3,1
S01007149,257,236,73,163,21,9,12,4,4,1,3,0,0,0,21,21,1,20,0,0,0,11,7,0,7,4,2,2,46,42,25,17,4,0,4,17,15,2,13,2,0,2,26,23,4,19,3,1,2,118,113,35,78,5,4,1,14,11,5,6,3,2,1
S01007150,280,232,78,154,48,15,33,7,5,0,5,2,0,2,10,8,0,8,2,0,2,15,10,2,8,5,1,4,64,50,28,22,14,1,13,24,17,1,16,7,4,3,32,20,4,16,12,7,5,111,107,39,68,4,1,3,17,15,4,11,2,1,1
S01007151,442,394,118,276,48,10,38,13,13,1,12,0,0,0,28,26,4,22,2,0,2,27,14,0,14,13,1,12,77,73,42,31,4,1,3,32,27,1,26,5,3,2,54,43,6,37,11,3,8,193,182,56,126,11,2,9,18,16,8,8,2,0,2
S01007152,266,241,68,173,25,3,22,8,8,0,8,0,0,0,21,19,2,17,2,0,2,13,10,1,9,3,0,3,45,37,24,13,8,2,6,15,10,1,9,5,0,5,34,31,11,20,3,0,3,119,116,24,92,3,0,3,11,10,5,5,1,1,0
S01007153,293,258,69,189,35,11,24,9,9,1,8,0,0,0,28,27,2,25,1,0,1,30,23,3,20,7,1,6,54,45,19,26,9,2,7,11,6,2,4,5,2,3,31,24,4,20,7,1,6,123,119,36,83,4,3,1,7,5,2,3,2,2,0
S01007154,328,295,73,222,33,12,21,6,5,0,5,1,0,1,19,18,0,18,1,0,1,21,16,2,14,5,1,4,69,66,21,45,3,0,3,25,22,5,17,3,3,0,33,27,8,19,6,0,6,139,129,32,97,10,5,5,16,12,5,7,4,3,1
S01007155,289,255,81,174,34,9,25,9,8,2,6,1,0,1,23,21,3,18,2,1,1,20,14,0,14,6,0,6,45,38,20,18,7,2,5,13,11,1,10,2,1,1,27,21,9,12,6,1,5,135,130,41,89,5,2,3,17,12,5,7,5,2,3
S01007156,358,325,84,241,33,12,21,14,13,0,13,1,0,1,40,40,2,38,0,0,0,40,30,1,29,10,0,10,60,58,27,31,2,2,0,21,16,4,12,5,2,3,42,37,10,27,5,3,2,122,116,33,83,6,2,4,19,15,7,8,4,3,1
S01007157,338,303,76,227,35,7,28,12,12,0,12,0,0,0,38,36,0,36,2,0,2,33,22,2,20,11,1,10,62,57,26,31,5,0,5,14,11,0,11,3,0,3,33,31,5,26,2,1,1,131,122,37,85,9,3,6,15,12,6,6,3,2,1
S01007158,503,463,122,341,40,15,25,25,20,1,19,5,1,4,35,31,1,30,4,2,2,44,35,1,34,9,3,6,116,107,45,62,9,3,6,38,36,1,35,2,1,1,45,42,13,29,3,0,3,177,174,52,122,3,2,1,23,18,8,10,5,3,2
S01007159,396,350,98,252,46,10,36,9,6,1,5,3,0,3,32,30,2,28,2,0,2,39,29,0,29,10,1,9,97,84,39,45,13,1,12,32,28,5,23,4,3,1,36,29,6,23,7,2,5,124,121,34,87,3,2,1,27,23,11,12,4,1,3
S01007160,356,319,102,217,37,15,22,10,10,0,10,0,0,0,29,28,0,28,1,0,1,31,24,2,22,7,3,4,81,76,38,38,5,4,1,18,12,1,11,6,2,4,32,27,13,14,5,2,3,141,133,47,86,8,4,4,14,9,1,8,5,0,5
S01007161,322,285,69,216,37,9,28,12,9,3,6,3,1,2,35,34,1,33,1,0,1,26,18,2,16,8,1,7,54,48,14,34,6,0,6,12,9,0,9,3,0,3,39,33,11,22,6,1,5,116,111,28,83,5,3,2,28,23,10,13,5,3,2
S01007162,237,218,59,159,19,6,13,12,12,0,12,0,0,0,21,21,0,21,0,0,0,15,11,0,11,4,1,3,48,44,22,22,4,0,4,12,12,1,11,0,0,0,15,14,1,13,1,0,1,95,91,25,66,4,1,3,19,13,10,3,6,4,2
S01007163,388,346,93,253,42,13,29,13,12,2,10,1,0,1,26,26,0,26,0,0,0,35,29,4,25,6,1,5,67,61,24,37,6,0,6,26,20,8,12,6,0,6,41,39,11,28,2,0,2,158,148,41,107,10,5,5,22,11,3,8,11,7,4
S01007164,260,231,75,156,29,7,22,7,6,1,5,1,0,1,15,13,0,13,2,0,2,29,21,3,18,8,1,7,49,47,26,21,2,0,2,12,12,3,9,0,0,0,26,22,7,15,4,2,2,108,99,30,69,9,3,6,14,11,5,6,3,1,2
S01007165,384,321,101,220,63,16,47,14,12,2,10,2,0,2,28,26,2,24,2,0,2,34,20,3,17,14,2,12,80,68,29,39,12,4,8,23,19,2,17,4,1,3,42,31,12,19,11,3,8,137,128,41,87,9,1,8,26,17,10,7,9,5,4
S01007166,303,266,73,193,37,14,23,10,8,1,7,2,0,2,28,27,1,26,1,0,1,20,14,0,14,6,0,6,50,40,23,17,10,3,7,12,10,1,9,2,0,2,31,21,7,14,10,6,4,133,129,32,97,4,4,0,19,17,8,9,2,1,1
S01007167,399,342,105,237,57,18,39,10,8,0,8,2,0,2,38,35,2,33,3,1,2,35,22,3,19,13,3,10,87,74,43,31,13,5,8,15,12,4,8,3,0,3,41,35,10,25,6,1,5,149,140,38,102,9,2,7,24,16,5,11,8,6,2
S01007168,500,448,143,305,52,19,33,16,15,1,14,1,1,0,49,45,6,39,4,0,4,35,21,2,19,14,6,8,103,94,50,44,9,1,8,28,23,4,19,5,2,3,46,39,12,27,7,2,5,198,188,58,130,10,6,4,25,23,10,13,2,1,1
S01007169,367,332,110,222,35,9,26,11,10,0,10,1,0,1,36,33,2,31,3,1,2,29,20,1,19,9,2,7,77,69,38,31,8,3,5,25,22,5,17,3,1,2,38,36,13,23,2,0,2,134,129,43,86,5,1,4,17,13,8,5,4,1,3
S01007170,352,258,76,182,94,31,63,67,40,8,32,27,3,24,28,24,3,21,4,1,3,26,11,1,10,15,3,12,59,49,17,32,10,4,6,18,14,4,10,4,0,4,29,17,3,14,12,7,5,105,92,35,57,13,7,6,20,11,5,6,9,6,3
S01007171,504,411,86,325,93,27,66,110,77,5,72,33,9,24,60,54,3,51,6,1,5,45,33,2,31,12,2,10,80,66,34,32,14,4,10,16,12,0,12,4,1,3,39,30,7,23,9,1,8,138,125,29,96,13,8,5,16,14,6,8,2,1,1
S01007172,362,289,74,215,73,11,62,52,35,1,34,17,3,14,29,25,3,22,4,1,3,27,18,2,16,9,2,7,71,56,25,31,15,1,14,15,13,1,12,2,0,2,52,36,6,30,16,1,15,100,95,30,65,5,1,4,16,11,6,5,5,2,3
S01007173,488,438,120,318,50,12,38,35,32,1,31,3,0,3,55,53,4,49,2,0,2,55,39,2,37,16,2,14,85,81,37,44,4,1,3,23,16,3,13,7,2,5,42,34,6,28,8,2,6,177,171,59,112,6,2,4,16,12,8,4,4,3,1
S01007174,423,375,119,256,48,12,36,32,29,2,27,3,1,2,40,38,1,37,2,0,2,48,35,3,32,13,1,12,85,75,43,32,10,3,7,23,17,2,15,6,2,4,50,42,12,30,8,2,6,132,126,48,78,6,3,3,13,13,8,5,0,0,0
S01007175,268,250,74,176,18,5,13,18,14,1,13,4,1,3,35,35,4,31,0,0,0,18,14,1,13,4,0,4,42,40,26,14,2,0,2,16,15,1,14,1,1,0,35,33,12,21,2,2,0,96,92,25,67,4,0,4,8,7,4,3,1,1,0
S01007176,319,294,96,198,25,7,18,19,17,1,16,2,1,1,28,28,4,24,0,0,0,11,8,0,8,3,0,3,71,66,39,27,5,3,2,18,13,3,10,5,0,5,21,19,6,13,2,0,2,142,136,40,96,6,1,5,9,7,3,4,2,2,0
S01007177,252,234,77,157,18,4,14,10,7,0,7,3,0,3,33,32,1,31,1,1,0,18,16,0,16,2,0,2,71,66,36,30,5,2,3,16,14,3,11,2,0,2,21,18,6,12,3,1,2,72,71,24,47,1,0,1,11,10,7,3,1,0,1
S01007178,453,404,119,285,49,14,35,29,25,0,25,4,1,3,59,56,0,56,3,1,2,43,29,2,27,14,2,12,106,94,47,47,12,4,8,30,27,5,22,3,2,1,36,31,10,21,5,4,1,120,119,42,77,1,0,1,30,23,13,10,7,0,7
S01007179,488,446,153,293,42,15,27,37,32,5,27,5,1,4,62,58,3,55,4,1,3,35,28,4,24,7,1,6,88,82,45,37,6,2,4,23,20,3,17,3,2,1,36,30,11,19,6,1,5,190,187,76,111,3,2,1,17,9,6,3,8,5,3
S01007180,309,267,88,179,42,14,28,24,20,0,20,4,1,3,41,38,1,37,3,1,2,26,16,2,14,10,1,9,49,39,22,17,10,7,3,13,8,1,7,5,1,4,35,30,9,21,5,0,5,110,108,47,61,2,1,1,11,8,6,2,3,2,1
S01007181,349,281,91,190,68,23,45,26,23,0,23,3,1,2,34,27,1,26,7,2,5,30,19,3,16,11,3,8,64,50,29,21,14,5,9,12,11,2,9,1,0,1,37,24,8,16,13,4,9,125,112,43,69,13,4,9,21,15,5,10,6,4,2
S01007182,501,435,113,322,66,15,51,35,31,3,28,4,1,3,72,63,5,58,9,0,9,42,30,2,28,12,2,10,87,77,44,33,10,1,9,34,30,4,26,4,1,3,47,40,6,34,7,2,5,161,150,45,105,11,6,5,23,14,4,10,9,2,7
S01007183,488,433,111,322,55,20,35,35,29,1,28,6,2,4,65,63,4,59,2,0,2,48,36,2,34,12,2,10,73,64,34,30,9,1,8,14,8,1,7,6,2,4,66,59,8,51,7,4,3,156,150,50,100,6,4,2,31,24,11,13,7,5,2
S01007184,485,449,102,347,36,10,26,20,16,0,16,4,1,3,75,71,4,67,4,0,4,44,37,4,33,7,0,7,106,98,39,59,8,3,5,25,22,2,20,3,0,3,49,46,10,36,3,1,2,143,142,36,106,1,1,0,23,17,7,10,6,4,2
S01007185,337,301,101,200,36,12,24,25,22,2,20,3,0,3,36,35,5,30,1,1,0,25,18,1,17,7,1,6,69,57,29,28,12,5,7,12,10,3,7,2,0,2,33,30,12,18,3,0,3,110,108,43,65,2,2,0,27,21,6,15,6,3,3
S01007186,256,232,85,147,24,5,19,17,15,1,14,2,0,2,32,27,2,25,5,0,5,25,20,3,17,5,0,5,71,64,31,33,7,2,5,12,11,5,6,1,1,0,26,23,8,15,3,2,1,57,57,27,30,0,0,0,16,15,8,7,1,0,1
S01007187,367,325,95,230,42,9,33,24,24,1,23,0,0,0,49,48,2,46,1,0,1,35,24,0,24,11,1,10,95,83,39,44,12,3,9,16,13,3,10,3,1,2,27,24,8,16,3,1,2,87,85,33,52,2,0,2,34,24,9,15,10,3,7
S01007188,321,280,68,212,41,15,26,24,21,0,21,3,1,2,42,39,3,36,3,1,2,43,30,1,29,13,1,12,71,61,28,33,10,4,6,11,9,0,9,2,0,2,31,27,5,22,4,3,1,89,85,29,56,4,3,1,10,8,2,6,2,2,0
S01007189,300,263,75,188,37,8,29,22,16,1,15,6,1,5,33,32,1,31,1,0,1,20,13,1,12,7,0,7,74,65,37,28,9,4,5,18,17,2,15,1,1,0,28,21,2,19,7,2,5,87,83,22,61,4,0,4,18,16,9,7,2,0,2
S01007190,346,298,102,196,48,9,39,25,18,1,17,7,0,7,43,39,8,31,4,0,4,34,23,0,23,11,1,10,70,58,29,29,12,4,8,17,12,2,10,5,0,5,21,15,5,10,6,3,3,119,118,52,66,1,1,0,17,15,5,10,2,0,2
S01007191,301,268,94,174,33,9,24,25,24,2,22,1,0,1,42,40,2,38,2,0,2,25,16,1,15,9,1,8,84,74,46,28,10,2,8,13,10,1,9,3,0,3,26,22,9,13,4,2,2,80,77,31,46,3,3,0,6,5,2,3,1,1,0
S01007192,269,249,93,156,20,7,13,17,17,0,17,0,0,0,25,24,2,22,1,0,1,30,23,0,23,7,0,7,72,70,42,28,2,0,2,18,16,5,11,2,2,0,30,28,15,13,2,1,1,60,56,25,31,4,2,2,17,15,4,11,2,2,0
S01007193,337,302,87,215,35,7,28,24,23,0,23,1,0,1,35,35,2,33,0,0,0,45,31,0,31,14,1,13,71,67,32,35,4,0,4,17,16,0,16,1,0,1,34,30,10,20,4,0,4,96,92,38,54,4,1,3,15,8,5,3,7,5,2
S01007194,223,206,85,121,17,4,13,20,20,1,19,0,0,0,23,23,2,21,0,0,0,21,15,2,13,6,0,6,57,54,32,22,3,1,2,15,13,4,9,2,1,1,17,16,6,10,1,0,1,58,56,33,23,2,0,2,12,9,5,4,3,2,1
S01007195,220,196,63,133,24,5,19,14,12,0,12,2,0,2,26,25,1,24,1,0,1,23,18,0,18,5,0,5,55,48,30,18,7,2,5,11,11,3,8,0,0,0,23,18,3,15,5,2,3,56,55,23,32,1,1,0,12,9,3,6,3,0,3
S01007196,315,296,84,212,19,7,12,19,17,0,17,2,0,2,38,37,0,37,1,1,0,36,27,0,27,9,1,8,78,78,38,40,0,0,0,16,16,3,13,0,0,0,19,16,4,12,3,2,1,98,94,36,58,4,3,1,11,11,3,8,0,0,0
S01007197,241,223,86,137,18,7,11,8,8,1,7,0,0,0,29,28,1,27,1,1,0,25,20,0,20,5,1,4,70,67,34,33,3,1,2,15,11,2,9,4,1,3,20,18,9,9,2,1,1,66,64,32,32,2,2,0,8,7,7,0,1,0,1
S01007198,211,189,63,126,22,8,14,12,12,2,10,0,0,0,20,18,0,18,2,0,2,17,10,0,10,7,0,7,55,52,29,23,3,1,2,7,6,1,5,1,0,1,33,29,8,21,4,3,1,60,56,19,37,4,4,0,7,6,4,2,1,0,1
S01007199,297,280,109,171,17,2,15,14,12,1,11,2,0,2,38,37,1,36,1,0,1,24,16,1,15,8,1,7,81,80,51,29,1,0,1,17,14,1,13,3,0,3,44,42,17,25,2,1,1,66,66,28,38,0,0,0,13,13,9,4,0,0,0
S01007200,440,406,117,289,34,9,25,22,21,1,20,1,0,1,58,57,4,53,1,0,1,52,41,2,39,11,2,9,100,97,43,54,3,1,2,22,19,3,16,3,0,3,46,39,8,31,7,3,4,121,120,49,71,1,1,0,19,12,7,5,7,2,5
S01007201,321,297,79,218,24,7,17,24,23,2,21,1,0,1,38,37,8,29,1,0,1,32,27,2,25,5,0,5,60,54,20,34,6,3,3,29,23,6,17,6,2,4,28,23,6,17,5,2,3,96,96,29,67,0,0,0,14,14,6,8,0,0,0
S01007202,333,302,81,221,31,10,21,13,12,0,12,1,0,1,52,49,1,48,3,2,1,33,27,0,27,6,1,5,70,63,32,31,7,2,5,25,20,1,19,5,1,4,26,24,5,19,2,1,1,99,93,34,59,6,3,3,15,14,8,6,1,0,1
S01007203,318,286,100,186,32,7,25,22,21,1,20,1,0,1,38,37,1,36,1,0,1,30,20,0,20,10,0,10,73,66,44,22,7,3,4,16,12,1,11,4,0,4,29,25,9,16,4,2,2,97,94,39,55,3,1,2,13,11,5,6,2,1,1
S01007204,511,403,125,278,108,31,77,72,57,6,51,15,7,8,39,30,3,27,9,4,5,53,31,4,27,22,5,17,92,68,33,35,24,5,19,29,21,2,19,8,1,7,61,48,14,34,13,3,10,141,132,54,78,9,4,5,24,16,9,7,8,2,6
S01007205,332,260,78,182,72,18,54,52,39,1,38,13,2,11,30,25,2,23,5,1,4,23,12,1,11,11,1,10,55,46,26,20,9,4,5,29,22,4,18,7,2,5,36,26,9,17,10,3,7,91,81,30,51,10,3,7,16,9,5,4,7,2,5
S01007206,179,163,42,121,16,9,7,17,15,0,15,2,0,2,17,15,0,15,2,0,2,17,14,0,14,3,2,1,37,36,19,17,1,1,0,16,14,2,12,2,1,1,20,19,4,15,1,0,1,46,45,16,29,1,1,0,9,5,1,4,4,4,0
S01007207,451,399,133,266,52,18,34,30,24,1,23,6,1,5,58,57,3,54,1,1,0,40,28,6,22,12,2,10,109,96,50,46,13,4,9,27,18,3,15,9,6,3,47,42,12,30,5,2,3,125,121,52,69,4,1,3,15,13,6,7,2,1,1
S01007208,438,414,112,302,24,2,22,24,24,0,24,0,0,0,58,54,6,48,4,0,4,37,32,2,30,5,0,5,104,97,49,48,7,1,6,28,27,3,24,1,1,0,62,57,9,48,5,0,5,115,114,40,74,1,0,1,10,9,3,6,1,0,1
S01007209,359,313,89,224,46,9,37,32,29,5,24,3,0,3,33,27,2,25,6,2,4,27,21,1,20,6,1,5,94,80,38,42,14,2,12,21,17,4,13,4,0,4,38,31,5,26,7,2,5,96,93,29,64,3,1,2,18,15,5,10,3,1,2
S01007210,372,342,106,236,30,10,20,22,22,1,21,0,0,0,55,51,2,49,4,1,3,38,30,5,25,8,0,8,96,92,43,49,4,2,2,26,24,9,15,2,0,2,30,28,7,21,2,2,0,81,79,33,46,2,2,0,24,16,6,10,8,3,5
S01007211,411,374,121,253,37,11,26,21,21,0,21,0,0,0,53,52,1,51,1,1,0,40,32,5,27,8,1,7,105,97,57,40,8,2,6,22,14,3,11,8,2,6,30,25,4,21,5,1,4,121,119,45,74,2,2,0,19,14,6,8,5,2,3
S01007212,275,240,69,171,35,13,22,29,24,3,21,5,2,3,32,32,1,31,0,0,0,22,15,3,12,7,1,6,62,57,23,34,5,2,3,17,12,2,10,5,2,3,28,21,5,16,7,4,3,70,68,27,41,2,0,2,15,11,5,6,4,2,2
S01007213,393,345,111,234,48,15,33,36,32,2,30,4,0,4,45,42,3,39,3,0,3,26,20,2,18,6,1,5,87,76,42,34,11,7,4,22,18,2,16,4,0,4,41,32,9,23,9,4,5,115,109,44,65,6,0,6,21,16,7,9,5,3,2
S01007214,321,286,69,217,35,6,29,26,24,1,23,2,0,2,34,33,2,31,1,0,1,30,24,2,22,6,1,5,85,75,37,38,10,1,9,18,14,0,14,4,0,4,35,30,5,25,5,3,2,79,75,16,59,4,1,3,14,11,6,5,3,0,3
S01007215,371,331,97,234,40,11,29,29,20,1,19,9,2,7,50,49,1,48,1,0,1,33,28,3,25,5,0,5,82,73,33,40,9,3,6,23,20,2,18,3,1,2,39,35,8,27,4,0,4,95,92,41,51,3,3,0,20,14,8,6,6,2,4
S01007216,349,308,93,215,41,12,29,30,30,1,29,0,0,0,42,40,2,38,2,0,2,27,22,0,22,5,0,5,70,58,35,23,12,3,9,18,16,1,15,2,1,1,37,25,10,15,12,6,6,112,105,37,68,7,1,6,13,12,7,5,1,1,0
S01007217,437,393,135,258,44,9,35,30,25,0,25,5,1,4,54,53,2,51,1,0,1,32,23,1,22,9,1,8,118,112,68,44,6,2,4,30,26,2,24,4,1,3,46,36,13,23,10,3,7,106,102,42,60,4,1,3,21,16,7,9,5,0,5
S01007218,429,372,123,249,57,10,47,34,30,1,29,4,1,3,55,53,7,46,2,1,1,46,31,2,29,15,0,15,74,66,36,30,8,0,8,21,16,2,14,5,2,3,49,39,8,31,10,4,6,131,123,62,61,8,1,7,19,14,5,9,5,1,4
S01007219,379,345,108,237,34,5,29,20,17,2,15,3,0,3,45,43,3,40,2,0,2,38,31,4,27,7,0,7,96,91,37,54,5,1,4,16,15,3,12,1,0,1,39,33,14,19,6,1,5,111,105,43,62,6,1,5,14,10,2,8,4,2,2
S01007220,337,308,107,201,29,10,19,15,15,0,15,0,0,0,34,34,1,33,0,0,0,31,25,5,20,6,0,6,99,94,58,36,5,2,3,24,18,3,15,6,1,5,36,31,11,20,5,2,3,87,83,25,58,4,3,1,11,8,4,4,3,2,1
S01007221,303,261,76,185,42,11,31,33,29,1,28,4,1,3,35,29,2,27,6,1,5,26,20,1,19,6,0,6,39,34,18,16,5,0,5,17,15,1,14,2,1,1,41,33,9,24,8,3,5,97,93,36,57,4,1,3,15,8,8,0,7,4,3
S01007222,389,350,101,249,39,7,32,36,32,1,31,4,0,4,55,52,3,49,3,1,2,20,17,0,17,3,0,3,94,89,43,46,5,1,4,34,26,4,22,8,2,6,40,32,9,23,8,1,7,89,86,32,54,3,1,2,21,16,9,7,5,1,4
S01007223,267,239,76,163,28,7,21,24,23,0,23,1,0,1,37,34,1,33,3,0,3,12,7,0,7,5,0,5,51,46,23,23,5,2,3,9,9,1,8,0,0,0,37,29,11,18,8,2,6,85,81,32,49,4,3,1,12,10,8,2,2,0,2
S01007224,274,232,75,157,42,14,28,34,27,1,26,7,2,5,31,28,3,25,3,0,3,27,19,1,18,8,2,6,42,37,21,16,5,2,3,13,10,1,9,3,2,1,29,23,6,17,6,1,5,82,78,37,41,4,2,2,16,10,5,5,6,3,3
S01007225,473,379,116,263,94,18,76,75,45,3,42,30,2,28,60,59,4,55,1,0,1,31,16,3,13,15,3,12,73,59,33,26,14,2,12,26,23,4,19,3,0,3,59,41,10,31,18,7,11,127,121,49,72,6,3,3,22,15,10,5,7,1,6
S01007226,424,304,88,216,120,31,89,73,39,5,34,34,4,30,34,23,3,20,11,4,7,39,25,2,23,14,2,12,63,44,21,23,19,2,17,23,14,1,13,9,1,8,45,31,8,23,14,8,6,128,115,41,74,13,9,4,19,13,7,6,6,1,5
S01007227,452,387,112,275,65,21,44,36,30,3,27,6,2,4,44,42,5,37,2,0,2,47,37,2,35,10,0,10,84,65,32,33,19,7,12,25,23,1,22,2,0,2,47,34,6,28,13,3,10,152,144,57,87,8,5,3,17,12,6,6,5,4,1
S01007228,324,243,69,174,81,19,62,59,26,6,20,33,6,27,28,21,2,19,7,0,7,36,19,2,17,17,4,13,61,50,16,34,11,2,9,11,8,2,6,3,2,1,27,22,8,14,5,3,2,93,89,33,56,4,1,3,9,8,0,8,1,1,0
S01007229,601,465,123,342,136,28,108,108,63,6,57,45,1,44,66,57,4,53,9,2,7,42,30,1,29,12,3,9,102,68,30,38,34,9,25,22,18,3,15,4,2,2,83,71,19,52,12,1,11,150,140,53,87,10,4,6,28,18,7,11,10,6,4
S01007230,314,291,71,220,23,6,17,37,36,1,35,1,0,1,51,50,0,50,1,0,1,41,32,2,30,9,2,7,61,57,30,27,4,0,4,11,9,2,7,2,0,2,27,25,3,22,2,2,0,80,76,31,45,4,2,2,6,6,2,4,0,0,0
S01007231,272,250,64,186,22,10,12,30,28,3,25,2,1,1,48,48,1,47,0,0,0,34,23,2,21,11,3,8,67,64,24,40,3,1,2,7,7,2,5,0,0,0,23,22,5,17,1,1,0,51,48,22,26,3,2,1,12,10,5,5,2,2,0
S01007232,300,285,91,194,15,1,14,12,12,2,10,0,0,0,36,35,4,31,1,0,1,31,26,1,25,5,0,5,65,61,32,29,4,0,4,24,22,5,17,2,0,2,36,34,7,27,2,0,2,80,80,34,46,0,0,0,16,15,6,9,1,1,0
S01007233,387,336,83,253,51,17,34,33,28,3,25,5,0,5,60,58,5,53,2,1,1,43,34,2,32,9,1,8,81,67,28,39,14,4,10,16,14,1,13,2,1,1,43,37,11,26,6,4,2,89,84,29,55,5,2,3,22,14,4,10,8,4,4
S01007234,270,245,81,164,25,5,20,24,20,1,19,4,0,4,34,32,1,31,2,0,2,28,18,2,16,10,3,7,55,51,26,25,4,1,3,17,17,2,15,0,0,0,17,15,4,11,2,1,1,80,79,39,40,1,0,1,15,13,6,7,2,0,2
S01007235,360,324,90,234,36,11,25,20,18,0,18,2,1,1,56,55,6,49,1,1,0,34,28,3,25,6,0,6,91,84,41,43,7,2,5,23,21,3,18,2,2,0,36,28,8,20,8,3,5,82,79,24,55,3,0,3,18,11,5,6,7,2,5
S01007236,312,276,73,203,36,5,31,28,25,2,23,3,0,3,35,34,2,32,1,0,1,20,18,2,16,2,0,2,61,47,17,30,14,1,13,21,19,4,15,2,0,2,29,24,6,18,5,0,5,99,95,31,64,4,2,2,19,14,9,5,5,2,3
S01007237,358,317,84,233,41,9,32,32,26,2,24,6,2,4,38,37,1,36,1,0,1,36,25,0,25,11,1,10,70,62,28,34,8,3,5,20,17,2,15,3,0,3,39,34,7,27,5,0,5,101,99,35,64,2,0,2,22,17,9,8,5,3,2
S01007238,459,421,113,308,38,9,29,34,29,1,28,5,3,2,56,52,1,51,4,1,3,38,31,3,28,7,0,7,103,97,43,54,6,1,5,31,29,4,25,2,0,2,42,38,11,27,4,1,3,144,136,46,90,8,3,5,11,9,4,5,2,0,2
S01007239,358,303,67,236,55,10,45,29,25,3,22,4,0,4,42,35,0,35,7,0,7,35,26,2,24,9,0,9,60,47,18,29,13,4,9,18,12,2,10,6,0,6,47,39,8,31,8,2,6,117,109,31,78,8,4,4,10,10,3,7,0,0,0
S01007240,291,224,57,167,67,13,54,53,30,4,26,23,1,22,24,19,1,18,5,0,5,23,20,1,19,3,0,3,50,46,15,31,4,4,0,21,16,1,15,5,1,4,27,15,4,11,12,4,8,74,69,26,43,5,2,3,19,9,5,4,10,1,9
S01007241,343,254,65,189,89,22,67,51,26,4,22,25,2,23,22,17,1,16,5,2,3,27,17,1,16,10,4,6,61,46,18,28,15,2,13,12,8,1,7,4,0,4,40,24,5,19,16,5,11,114,104,27,77,10,5,5,16,12,8,4,4,2,2
S01007242,466,398,124,274,68,14,54,31,26,4,22,5,0,5,45,42,1,41,3,0,3,48,34,2,32,14,0,14,93,83,40,43,10,1,9,23,18,6,12,5,1,4,39,30,8,22,9,2,7,166,153,55,98,13,5,8,21,12,8,4,9,5,4
S01007243,290,253,65,188,37,8,29,22,18,0,18,4,3,1,28,28,4,24,0,0,0,26,14,0,14,12,0,12,56,44,18,26,12,2,10,13,12,0,12,1,0,1,17,14,5,9,3,1,2,118,114,36,78,4,1,3,10,9,2,7,1,1,0
S01007244,352,282,75,207,70,21,49,45,22,4,18,23,6,17,43,38,3,35,5,2,3,39,29,4,25,10,1,9,55,46,19,27,9,1,8,19,14,3,11,5,2,3,25,20,4,16,5,1,4,108,98,31,67,10,8,2,18,15,7,8,3,0,3
S01007245,349,278,77,201,71,12,59,30,14,0,14,16,1,15,35,35,2,33,0,0,0,42,24,1,23,18,2,16,62,50,25,25,12,1,11,23,20,5,15,3,0,3,35,28,7,21,7,3,4,108,99,36,63,9,4,5,14,8,1,7,6,1,5
S01007246,304,247,54,193,57,8,49,37,23,5,18,14,1,13,28,23,1,22,5,0,5,42,28,1,27,14,1,13,53,45,15,30,8,0,8,16,13,0,13,3,1,2,25,20,7,13,5,2,3,95,90,23,67,5,2,3,8,5,2,3,3,1,2
S01007247,337,275,70,205,62,19,43,35,22,6,16,13,3,10,36,33,0,33,3,1,2,22,15,3,12,7,3,4,46,37,17,20,9,2,7,16,14,0,14,2,1,1,40,23,7,16,17,6,11,118,112,34,78,6,1,5,24,19,3,16,5,2,3
S01007248,354,297,92,205,57,18,39,12,6,0,6,6,1,5,27,27,1,26,0,0,0,36,26,3,23,10,1,9,73,63,32,31,10,2,8,17,16,4,12,1,0,1,46,31,5,26,15,3,12,115,107,37,70,8,6,2,28,21,10,11,7,5,2
S01007249,177,157,52,105,20,2,18,6,4,0,4,2,0,2,30,28,2,26,2,0,2,10,5,1,4,5,0,5,34,30,15,15,4,0,4,9,6,1,5,3,1,2,18,17,5,12,1,1,0,65,63,27,36,2,0,2,5,4,1,3,1,0,1
S01007250,456,414,100,314,42,11,31,23,16,0,16,7,2,5,51,50,3,47,1,0,1,50,45,1,44,5,0,5,104,94,47,47,10,3,7,29,28,5,23,1,1,0,47,41,7,34,6,1,5,127,122,32,90,5,3,2,25,18,5,13,7,1,6
S01007251,232,198,54,144,34,11,23,10,8,1,7,2,1,1,23,20,0,20,3,1,2,29,24,1,23,5,1,4,51,42,25,17,9,1,8,11,8,0,8,3,0,3,30,26,5,21,4,4,0,66,64,20,44,2,1,1,12,6,2,4,6,2,4
S01007252,399,346,103,243,53,14,39,27,18,2,16,9,3,6,59,58,6,52,1,0,1,49,35,1,34,14,0,14,88,76,35,41,12,3,9,19,18,7,11,1,0,1,34,28,10,18,6,3,3,111,104,36,68,7,3,4,12,9,6,3,3,2,1
S01007253,380,338,106,232,42,11,31,13,11,1,10,2,0,2,48,45,5,40,3,0,3,26,20,0,20,6,1,5,72,65,25,40,7,1,6,27,22,6,16,5,0,5,34,27,10,17,7,2,5,142,133,52,81,9,5,4,18,15,7,8,3,2,1
S01007254,343,314,89,225,29,11,18,24,21,3,18,3,0,3,47,44,2,42,3,2,1,28,18,1,17,10,1,9,83,83,40,43,0,0,0,8,7,0,7,1,0,1,31,28,7,21,3,3,0,109,103,33,70,6,3,3,13,10,3,7,3,2,1
S01007255,338,317,101,216,21,2,19,23,22,1,21,1,0,1,56,53,0,53,3,0,3,35,27,3,24,8,1,7,73,72,39,33,1,0,1,15,12,4,8,3,0,3,25,23,10,13,2,1,1,103,101,42,59,2,0,2,8,7,2,5,1,0,1
S01007256,391,356,87,269,35,8,27,20,18,1,17,2,1,1,67,66,0,66,1,0,1,39,36,1,35,3,0,3,102,94,39,55,8,2,6,24,16,3,13,8,3,5,33,32,8,24,1,0,1,92,87,33,54,5,0,5,14,7,2,5,7,2,5
S01007257,281,251,71,180,30,6,24,18,17,1,16,1,0,1,52,50,4,46,2,0,2,27,21,2,19,6,0,6,79,73,37,36,6,1,5,17,13,1,12,4,2,2,23,18,5,13,5,0,5,55,51,18,33,4,2,2,10,8,3,5,2,1,1
S01007258,381,330,99,231,51,16,35,24,20,1,19,4,2,2,53,50,5,45,3,0,3,36,24,1,23,12,0,12,81,71,38,33,10,6,4,15,10,1,9,5,1,4,39,32,9,23,7,3,4,118,109,38,71,9,3,6,15,14,6,8,1,1,0
S01007259,379,345,105,240,34,11,23,22,20,2,18,2,0,2,56,53,3,50,3,2,1,40,30,0,30,10,1,9,84,79,43,36,5,2,3,19,17,2,15,2,2,0,40,36,10,26,4,1,3,92,91,37,54,1,0,1,26,19,8,11,7,3,4
S01007260,409,372,117,255,37,8,29,27,25,3,22,2,0,2,63,60,3,57,3,1,2,50,38,4,34,12,3,9,89,82,40,42,7,2,5,15,13,3,10,2,0,2,31,28,11,17,3,1,2,119,114,44,70,5,1,4,15,12,9,3,3,0,3
S01007261,374,333,92,241,41,7,34,19,17,0,17,2,0,2,49,49,3,46,0,0,0,43,27,2,25,16,1,15,75,65,39,26,10,1,9,18,17,2,15,1,1,0,32,30,11,19,2,0,2,113,111,29,82,2,0,2,25,17,6,11,8,4,4
S01007262,343,331,100,231,12,2,10,8,8,0,8,0,0,0,65,64,2,62,1,0,1,39,33,1,32,6,0,6,74,74,38,36,0,0,0,17,16,1,15,1,0,1,17,17,10,7,0,0,0,109,106,40,66,3,1,2,14,13,8,5,1,1,0
S01007263,369,347,106,241,22,5,17,15,14,0,14,1,0,1,56,56,3,53,0,0,0,39,34,5,29,5,0,5,86,82,33,49,4,1,3,17,15,2,13,2,2,0,25,24,9,15,1,0,1,110,104,43,61,6,1,5,21,18,11,7,3,1,2
S01007264,350,322,84,238,28,9,19,15,11,1,10,4,1,3,57,54,3,51,3,1,2,37,30,1,29,7,1,6,72,66,36,30,6,2,4,22,22,3,19,0,0,0,36,33,8,25,3,2,1,100,96,30,66,4,1,3,11,10,2,8,1,1,0
S01007265,519,470,130,340,49,14,35,28,28,0,28,0,0,0,74,72,3,69,2,0,2,69,49,2,47,20,2,18,107,97,53,44,10,2,8,24,24,1,23,0,0,0,51,44,17,27,7,5,2,135,130,44,86,5,2,3,31,26,10,16,5,3,2
S01007266,367,328,92,236,39,9,30,21,21,7,14,0,0,0,30,28,0,28,2,0,2,45,36,4,32,9,0,9,71,65,24,41,6,0,6,28,23,6,17,5,1,4,28,23,5,18,5,2,3,123,118,39,79,5,1,4,21,14,7,7,7,5,2
S01007267,290,217,56,161,73,17,56,51,23,2,21,28,5,23,20,17,3,14,3,0,3,23,15,2,13,8,1,7,48,40,16,24,8,2,6,22,18,1,17,4,3,1,37,23,9,14,14,3,11,74,70,20,50,4,2,2,15,11,3,8,4,1,3
S01007268,312,225,68,157,87,15,72,46,22,3,19,24,3,21,30,26,4,22,4,0,4,28,19,2,17,9,0,9,46,28,13,15,18,3,15,11,7,1,6,4,1,3,41,29,9,20,12,1,11,88,81,33,48,7,1,6,22,13,3,10,9,6,3
S01007269,241,196,52,144,45,11,34,20,11,1,10,9,2,7,31,27,2,25,4,0,4,16,15,1,14,1,0,1,47,38,14,24,9,2,7,7,4,1,3,3,1,2,23,15,4,11,8,1,7,83,76,24,52,7,2,5,14,10,5,5,4,3,1
S01007270,264,191,42,149,73,15,58,50,19,2,17,31,4,27,13,13,0,13,0,0,0,27,18,0,18,9,0,9,40,31,10,21,9,5,4,11,8,2,6,3,1,2,35,22,4,18,13,4,9,79,73,19,54,6,1,5,9,7,5,2,2,0,2
S01007271,487,413,101,312,74,14,60,23,19,1,18,4,2,2,52,49,2,47,3,0,3,68,44,3,41,24,3,21,98,81,34,47,17,3,14,27,23,2,21,4,2,2,54,43,12,31,11,0,11,151,145,44,101,6,2,4,14,9,3,6,5,2,3
S01007272,360,329,84,245,31,9,22,25,23,1,22,2,0,2,55,53,3,50,2,1,1,45,37,1,36,8,2,6,64,61,25,36,3,2,1,17,12,3,9,5,0,5,33,28,16,12,5,3,2,99,98,30,68,1,0,1,22,17,5,12,5,1,4
S01007273,319,280,70,210,39,9,30,14,13,0,13,1,1,0,42,41,3,38,1,0,1,38,28,3,25,10,1,9,60,51,17,34,9,1,8,10,9,1,8,1,0,1,31,25,8,17,6,1,5,108,101,31,70,7,3,4,16,12,7,5,4,2,2
S01007274,390,335,86,249,55,12,43,18,14,2,12,4,1,3,37,35,0,35,2,0,2,38,29,1,28,9,2,7,80,70,28,42,10,2,8,28,24,4,20,4,2,2,36,28,9,19,8,2,6,118,110,29,81,8,1,7,35,25,13,12,10,2,8
S01007275,248,213,60,153,35,10,25,12,10,0,10,2,0,2,25,22,1,21,3,1,2,14,11,1,10,3,0,3,44,36,18,18,8,1,7,12,8,1,7,4,2,2,33,25,5,20,8,2,6,93,89,29,60,4,3,1,15,12,5,7,3,1,2
S01007276,387,347,96,251,40,12,28,10,8,0,8,2,1,1,56,53,2,51,3,1,2,40,34,2,32,6,1,5,77,69,33,36,8,3,5,26,22,2,20,4,1,3,36,30,13,17,6,1,5,121,115,37,78,6,1,5,21,16,7,9,5,3,2
S01007277,358,316,96,220,42,11,31,16,12,4,8,4,0,4,31,30,1,29,1,0,1,32,24,1,23,8,1,7,62,56,24,32,6,1,5,17,14,4,10,3,1,2,27,20,7,13,7,1,6,159,149,47,102,10,6,4,14,11,8,3,3,1,2
S01007278,262,224,72,152,38,9,29,18,15,1,14,3,1,2,22,21,2,19,1,0,1,38,31,0,31,7,0,7,40,35,14,21,5,3,2,14,10,1,9,4,1,3,30,22,9,13,8,2,6,87,84,40,44,3,1,2,13,6,5,1,7,1,6
S01007279,304,200,65,135,104,20,84,79,34,6,28,45,8,37,10,9,3,6,1,0,1,24,11,0,11,13,1,12,39,24,10,14,15,3,12,9,5,2,3,4,0,4,39,29,13,16,10,4,6,81,69,20,49,12,3,9,23,19,11,8,4,1,3
S01007280,281,202,56,146,79,27,52,51,25,5,20,26,5,21,12,7,0,7,5,0,5,29,22,0,22,7,2,5,43,35,15,20,8,4,4,11,7,0,7,4,0,4,42,27,10,17,15,9,6,73,66,22,44,7,3,4,20,13,4,9,7,4,3
S01007281,501,393,114,279,108,21,87,80,45,8,37,35,2,33,37,29,1,28,8,2,6,27,21,0,21,6,1,5,83,65,33,32,18,5,13,28,22,6,16,6,1,5,81,66,16,50,15,3,12,145,134,45,89,11,2,9,20,11,5,6,9,5,4
S01007282,295,220,58,162,75,15,60,70,35,6,29,35,2,33,25,18,0,18,7,4,3,23,15,0,15,8,1,7,37,34,17,17,3,0,3,13,9,3,6,4,1,3,45,33,4,29,12,6,6,66,65,23,42,1,0,1,16,11,5,6,5,1,4
S01007283,389,310,82,228,79,18,61,45,33,3,30,12,1,11,38,32,2,30,6,2,4,30,21,2,19,9,0,9,85,65,28,37,20,4,16,23,16,2,14,7,2,5,52,34,10,24,18,7,11,98,95,27,68,3,1,2,18,14,8,6,4,1,3
S01007284,406,272,102,170,134,33,101,63,18,7,11,45,7,38,10,5,1,4,5,3,2,35,18,3,15,17,2,15,74,51,24,27,23,3,20,53,47,15,32,6,1,5,34,22,6,16,12,5,7,124,109,45,64,15,5,10,13,2,1,1,11,7,4
S01007285,432,263,86,177,169,32,137,74,35,4,31,39,6,33,21,13,4,9,8,3,5,51,26,3,23,25,1,24,111,66,19,47,45,9,36,33,21,5,16,12,4,8,37,18,10,8,19,2,17,83,71,34,37,12,4,8,22,13,7,6,9,3,6
S01007286,490,344,96,248,146,26,120,44,27,1,26,17,2,15,28,20,0,20,8,0,8,56,27,4,23,29,1,28,135,97,35,62,38,7,31,50,31,4,27,19,5,14,46,27,9,18,19,6,13,115,106,40,66,9,3,6,16,9,3,6,7,2,5
S01007287,343,204,47,157,139,36,103,50,11,0,11,39,3,36,12,4,0,4,8,1,7,19,6,1,5,13,4,9,111,67,12,55,44,10,34,38,26,6,20,12,6,6,21,11,2,9,10,4,6,61,55,24,31,6,3,3,31,24,2,22,7,5,2
S01007288,302,186,53,133,116,30,86,46,22,1,21,24,5,19,7,3,0,3,4,2,2,29,9,1,8,20,3,17,86,58,21,37,28,3,25,28,21,4,17,7,1,6,40,18,4,14,22,9,13,53,50,20,30,3,2,1,13,5,2,3,8,5,3
S01007289,447,352,102,250,95,15,80,35,25,1,24,10,0,10,8,4,2,2,4,1,3,34,16,1,15,18,1,17,89,71,31,40,18,4,14,54,40,2,38,14,2,12,50,35,8,27,15,2,13,155,148,52,96,7,2,5,22,13,5,8,9,3,6
S01007290,359,303,99,204,56,16,40,13,13,0,13,0,0,0,11,9,1,8,2,0,2,33,20,1,19,13,2,11,105,88,41,47,17,2,15,30,26,0,26,4,1,3,41,30,9,21,11,5,6,114,110,41,69,4,1,3,12,7,6,1,5,5,0
S01007291,313,266,84,182,47,8,39,18,15,0,15,3,0,3,15,9,1,8,6,1,5,19,12,1,11,7,2,5,99,83,40,43,16,2,14,33,28,3,25,5,1,4,27,24,10,14,3,0,3,91,87,27,60,4,0,4,11,8,2,6,3,2,1
S01007292,423,364,114,250,59,16,43,28,24,1,23,4,1,3,24,23,7,16,1,0,1,54,39,3,36,15,0,15,98,85,43,42,13,2,11,38,32,6,26,6,1,5,45,36,11,25,9,7,2,123,114,37,77,9,4,5,13,11,6,5,2,1,1
S01007293,406,372,142,230,34,11,23,21,17,2,15,4,1,3,8,6,2,4,2,2,0,50,37,4,33,13,2,11,171,166,77,89,5,0,5,26,25,1,24,1,0,1,26,20,7,13,6,4,2,98,96,48,48,2,1,1,6,5,1,4,1,1,0
S01007294,477,408,136,272,69,8,61,29,24,0,24,5,1,4,18,15,5,10,3,0,3,62,38,3,35,24,1,23,121,112,51,61,9,1,8,55,47,4,43,8,0,8,44,34,12,22,10,2,8,127,120,54,66,7,3,4,21,18,7,11,3,0,3
S01007295,227,204,60,144,23,6,17,14,13,1,12,1,0,1,9,9,3,6,0,0,0,29,21,4,17,8,1,7,77,74,28,46,3,1,2,18,17,1,16,1,0,1,15,13,4,9,2,0,2,52,49,18,31,3,0,3,13,8,1,7,5,4,1
S01007296,319,268,56,212,51,7,44,22,16,0,16,6,0,6,10,10,3,7,0,0,0,36,27,2,25,9,0,9,113,91,33,58,22,4,18,37,29,0,29,8,1,7,35,32,3,29,3,1,2,50,49,13,36,1,1,0,16,14,2,12,2,0,2
S01007297,542,447,114,333,95,16,79,28,23,0,23,5,0,5,25,21,2,19,4,1,3,38,20,2,18,18,2,16,194,157,61,96,37,1,36,37,32,4,28,5,1,4,57,46,6,40,11,5,6,144,136,37,99,8,5,3,19,12,2,10,7,1,6
S01007298,279,240,92,148,39,5,34,19,16,1,15,3,0,3,6,5,1,4,1,0,1,25,12,1,11,13,2,11,93,80,40,40,13,2,11,23,20,4,16,3,0,3,31,26,8,18,5,1,4,74,74,32,42,0,0,0,8,7,5,2,1,0,1
S01007299,483,406,130,276,77,14,63,35,33,3,30,2,0,2,15,13,4,9,2,1,1,48,32,0,32,16,2,14,190,159,71,88,31,2,29,36,25,1,24,11,2,9,40,36,11,25,4,0,4,105,98,40,58,7,5,2,14,10,0,10,4,2,2
S01007300,250,212,83,129,38,6,32,24,19,0,19,5,1,4,3,3,1,2,0,0,0,26,18,0,18,8,1,7,96,80,42,38,16,2,14,17,15,3,12,2,0,2,24,20,10,10,4,1,3,49,48,22,26,1,0,1,11,9,5,4,2,1,1
S01007301,386,288,85,203,98,31,67,45,27,1,26,18,2,16,9,5,0,5,4,3,1,31,14,2,12,17,5,12,94,66,35,31,28,7,21,21,19,4,15,2,0,2,64,51,10,41,13,6,7,96,87,27,60,9,5,4,26,19,6,13,7,3,4
S01007302,318,277,97,180,41,14,27,20,15,2,13,5,0,5,4,4,1,3,0,0,0,35,24,1,23,11,3,8,94,89,46,43,5,1,4,29,22,1,21,7,3,4,39,33,13,20,6,3,3,81,77,29,48,4,3,1,16,13,4,9,3,1,2
S01007303,457,345,92,253,112,31,81,54,39,1,38,15,3,12,19,14,4,10,5,1,4,27,10,1,9,17,1,16,133,104,28,76,29,6,23,29,23,6,17,6,2,4,61,39,7,32,22,11,11,112,101,39,62,11,4,7,22,15,6,9,7,3,4
S01007304,326,211,73,138,115,31,84,56,26,3,23,30,2,28,10,8,1,7,2,1,1,35,17,4,13,18,3,15,84,53,20,33,31,8,23,24,19,3,16,5,0,5,35,26,9,17,9,5,4,65,58,33,25,7,4,3,17,4,0,4,13,8,5
S01007305,393,297,106,191,96,21,75,37,25,7,18,12,1,11,12,11,0,11,1,1,0,32,17,1,16,15,3,12,77,60,32,28,17,3,14,37,26,4,22,11,0,11,65,40,9,31,25,7,18,118,110,48,62,8,4,4,15,8,5,3,7,2,5
S01007306,367,290,94,196,77,20,57,38,35,2,33,3,0,3,9,7,1,6,2,0,2,38,17,1,16,21,2,19,67,52,26,26,15,4,11,27,22,5,17,5,2,3,49,34,12,22,15,4,11,121,111,46,65,10,4,6,18,12,1,11,6,4,2
S01007307,424,298,92,206,126,29,97,52,26,3,23,26,5,21,12,8,3,5,4,0,4,30,14,2,12,16,0,16,99,70,34,36,29,7,22,29,22,1,21,7,0,7,69,44,9,35,25,9,16,111,101,33,68,10,4,6,22,13,7,6,9,4,5
S01007308,412,325,68,257,87,25,62,41,25,2,23,16,4,12,10,8,0,8,2,1,1,44,26,3,23,18,1,17,140,118,23,95,22,3,19,26,22,1,21,4,3,1,42,31,9,22,11,4,7,86,79,26,53,7,5,2,23,16,4,12,7,4,3
S01007309,344,246,61,185,98,22,76,40,24,1,23,16,2,14,26,14,6,8,12,1,11,31,12,1,11,19,3,16,94,72,22,50,22,6,16,21,17,4,13,4,1,3,36,26,4,22,10,4,6,78,72,20,52,6,2,4,18,9,3,6,9,3,6
S01007310,349,229,77,152,120,31,89,40,10,0,10,30,6,24,21,12,3,9,9,3,6,34,12,2,10,22,1,21,68,47,23,24,21,5,16,30,25,1,24,5,1,4,36,22,6,16,14,4,10,110,96,40,56,14,9,5,10,5,2,3,5,2,3
S01007311,447,360,96,264,87,16,71,29,17,0,17,12,4,8,16,14,1,13,2,0,2,49,36,2,34,13,2,11,179,145,45,100,34,3,31,20,17,3,14,3,0,3,54,43,13,30,11,2,9,82,77,29,48,5,2,3,18,11,3,8,7,3,4
S01007312,344,276,82,194,68,20,48,30,23,3,20,7,0,7,16,13,1,12,3,2,1,40,24,3,21,16,4,12,72,57,26,31,15,3,12,22,16,4,12,6,2,4,38,27,6,21,11,3,8,116,108,38,70,8,5,3,10,8,1,7,2,1,1
S01007313,509,342,110,232,167,48,119,65,34,5,29,31,2,29,27,15,4,11,12,3,9,43,23,3,20,20,4,16,91,56,21,35,35,9,26,28,16,2,14,12,8,4,59,29,7,22,30,11,19,162,145,60,85,17,10,7,34,24,8,16,10,1,9
S01007314,371,290,76,214,81,23,58,38,22,1,21,16,3,13,19,14,1,13,5,2,3,39,26,0,26,13,3,10,46,36,14,22,10,0,10,16,13,0,13,3,0,3,35,20,4,16,15,7,8,163,147,54,93,16,8,8,15,12,2,10,3,0,3
S01007315,503,455,105,350,48,6,42,38,29,0,29,9,0,9,22,20,2,18,2,1,1,57,42,2,40,15,1,14,67,62,31,31,5,1,4,23,22,4,18,1,1,0,47,42,9,33,5,1,4,231,224,54,170,7,0,7,18,14,3,11,4,1,3
S01007316,392,347,77,270,45,6,39,41,31,0,31,10,0,10,6,5,0,5,1,0,1,35,27,1,26,8,0,8,66,56,23,33,10,0,10,18,12,1,11,6,1,5,25,22,7,15,3,0,3,182,179,41,138,3,2,1,19,15,4,11,4,3,1
S01007317,354,314,75,239,40,17,23,29,24,1,23,5,2,3,8,7,1,6,1,0,1,49,36,1,35,13,6,7,55,48,21,27,7,1,6,14,14,4,10,0,0,0,20,16,4,12,4,2,2,168,164,41,123,4,3,1,11,5,2,3,6,3,3
S01007318,295,242,68,174,53,9,44,23,14,1,13,9,0,9,13,9,2,7,4,0,4,46,31,2,29,15,3,12,38,28,15,13,10,1,9,19,16,2,14,3,1,2,24,19,6,13,5,1,4,122,118,38,80,4,1,3,10,7,2,5,3,2,1
S01007319,373,309,81,228,64,14,50,26,16,2,14,10,0,10,13,10,1,9,3,1,2,40,26,3,23,14,2,12,79,60,23,37,19,7,12,23,20,1,19,3,0,3,29,22,5,17,7,3,4,151,147,44,103,4,0,4,12,8,2,6,4,1,3
S01007320,373,267,79,188,106,30,76,69,42,4,38,27,6,21,22,17,4,13,5,1,4,22,10,2,8,12,2,10,65,44,19,25,21,6,15,18,9,3,6,9,3,6,49,36,9,27,13,2,11,104,98,34,64,6,4,2,24,11,4,7,13,6,7
S01007321,310,201,61,140,109,26,83,52,28,4,24,24,3,21,17,12,2,10,5,2,3,27,13,1,12,14,2,12,64,40,13,27,24,2,22,23,19,4,15,4,1,3,30,9,2,7,21,9,12,87,77,33,44,10,6,4,10,3,2,1,7,1,6
S01007322,363,272,65,207,91,19,72,45,25,2,23,20,4,16,14,9,4,5,5,0,5,39,24,1,23,15,5,10,88,54,18,36,34,4,30,43,40,5,35,3,0,3,25,21,7,14,4,1,3,101,95,26,69,6,3,3,8,4,2,2,4,2,2
S01007323,255,207,53,154,48,7,41,42,24,4,20,18,0,18,3,2,1,1,1,0,1,20,14,1,13,6,2,4,62,51,21,30,11,4,7,35,32,3,29,3,0,3,18,16,3,13,2,0,2,65,61,19,42,4,1,3,10,7,1,6,3,0,3
S01007324,168,126,51,75,42,13,29,18,11,3,8,7,1,6,17,14,1,13,3,2,1,8,3,0,3,5,0,5,34,25,9,16,9,2,7,13,10,5,5,3,0,3,18,14,4,10,4,1,3,51,40,29,11,11,7,4,9,9,0,9,0,0,0
S01007325,389,273,93,180,116,17,99,69,27,4,23,42,4,38,44,39,4,35,5,0,5,22,4,0,4,18,1,17,80,57,17,40,23,5,18,25,20,5,15,5,2,3,33,23,12,11,10,1,9,92,88,45,43,4,0,4,24,15,6,9,9,4,5
S01007326,385,294,82,212,91,12,79,74,29,4,25,45,3,42,49,49,6,43,0,0,0,42,25,3,22,17,1,16,65,50,17,33,15,5,10,32,28,4,24,4,0,4,24,21,6,15,3,0,3,88,85,40,45,3,2,1,11,7,2,5,4,1,3
S01007327,367,304,69,235,63,6,57,29,19,1,18,10,1,9,41,38,2,36,3,0,3,54,33,2,31,21,0,21,81,65,24,41,16,0,16,19,17,2,15,2,0,2,31,26,10,16,5,1,4,97,92,26,66,5,3,2,15,14,2,12,1,1,0
S01007328,417,333,105,228,84,16,68,40,17,3,14,23,2,21,79,75,3,72,4,0,4,36,19,3,16,17,2,15,85,69,35,34,16,4,12,44,37,8,29,7,2,5,28,21,8,13,7,2,5,92,89,42,47,3,2,1,13,6,3,3,7,2,5
S01007329,340,226,81,145,114,28,86,84,22,5,17,62,12,50,16,11,1,10,5,1,4,28,19,3,16,9,1,8,73,60,34,26,13,1,12,16,12,1,11,4,2,2,25,18,7,11,7,4,3,79,74,28,46,5,4,1,19,10,2,8,9,3,6
S01007330,339,230,88,142,109,22,87,56,19,1,18,37,1,36,13,11,3,8,2,0,2,15,5,0,5,10,2,8,78,52,28,24,26,4,22,26,20,2,18,6,2,4,22,13,7,6,9,3,6,106,99,41,58,7,4,3,23,11,6,5,12,6,6
S01007331,511,378,105,273,133,21,112,93,39,3,36,54,7,47,40,33,3,30,7,1,6,61,38,5,33,23,0,23,86,60,26,34,26,6,20,30,26,5,21,4,1,3,27,22,4,18,5,2,3,144,138,50,88,6,2,4,30,22,9,13,8,2,6
S01007332,239,135,50,85,104,19,85,68,16,2,14,52,4,48,13,7,2,5,6,1,5,12,6,1,5,6,1,5,37,23,16,7,14,4,10,18,14,2,12,4,0,4,11,5,2,3,6,0,6,69,57,23,34,12,9,3,11,7,2,5,4,0,4
S01007333,363,294,87,207,69,15,54,19,13,1,12,6,0,6,29,27,1,26,2,0,2,37,29,1,28,8,0,8,79,52,28,24,27,9,18,27,24,1,23,3,0,3,28,14,5,9,14,4,10,128,122,43,79,6,1,5,16,13,7,6,3,1,2
S01007334,275,243,90,153,32,12,20,14,12,1,11,2,0,2,30,28,2,26,2,0,2,27,21,2,19,6,0,6,72,61,37,24,11,5,6,20,18,6,12,2,1,1,21,15,7,8,6,3,3,79,77,32,45,2,2,0,12,11,3,8,1,1,0
S01007335,340,314,106,208,26,2,24,25,19,5,14,6,0,6,34,33,2,31,1,0,1,41,33,3,30,8,0,8,69,62,34,28,7,1,6,15,15,3,12,0,0,0,30,29,13,16,1,0,1,107,107,38,69,0,0,0,19,16,8,8,3,1,2
S01007336,227,190,57,133,37,6,31,18,12,2,10,6,1,5,11,11,1,10,0,0,0,20,14,5,9,6,0,6,50,44,21,23,6,0,6,23,20,2,18,3,0,3,24,14,4,10,10,2,8,67,65,19,46,2,2,0,14,10,3,7,4,1,3
S01007337,260,216,77,139,44,10,34,22,13,0,13,9,0,9,26,23,3,20,3,1,2,24,16,3,13,8,1,7,54,42,24,18,12,4,8,24,23,3,20,1,0,1,18,11,6,5,7,2,5,78,77,33,44,1,0,1,14,11,5,6,3,2,1
S01007338,362,320,113,207,42,9,33,32,19,4,15,13,2,11,35,34,3,31,1,1,0,30,24,2,22,6,0,6,80,73,42,31,7,1,6,34,29,6,23,5,1,4,25,25,12,13,0,0,0,104,102,37,65,2,0,2,22,14,7,7,8,4,4
S01007339,278,226,79,147,52,5,47,9,5,1,4,4,0,4,22,18,2,16,4,0,4,28,19,0,19,9,1,8,59,44,25,19,15,0,15,21,17,3,14,4,2,2,27,20,7,13,7,0,7,98,93,36,57,5,2,3,14,10,5,5,4,0,4
S01007340,183,145,45,100,38,11,27,8,4,2,2,4,1,3,13,10,0,10,3,0,3,20,10,0,10,10,3,7,36,30,15,15,6,1,5,17,13,2,11,4,1,3,26,21,4,17,5,2,3,52,50,18,32,2,0,2,11,7,4,3,4,3,1
S01007341,272,216,63,153,56,11,45,11,7,0,7,4,1,3,23,17,1,16,6,1,5,24,13,1,12,11,1,10,50,28,12,16,22,3,19,29,26,2,24,3,0,3,39,34,13,21,5,2,3,84,79,31,48,5,3,2,12,12,3,9,0,0,0
S01007342,369,270,114,156,99,23,76,11,9,1,8,2,0,2,26,20,5,15,6,2,4,25,12,2,10,13,2,11,82,48,27,21,34,5,29,28,20,2,18,8,1,7,59,40,17,23,19,6,13,123,111,54,57,12,6,6,15,10,6,4,5,1,4
S01007343,319,204,63,141,115,20,95,62,15,0,15,47,3,44,19,12,0,12,7,0,7,15,10,0,10,5,2,3,66,41,21,20,25,5,20,26,21,6,15,5,1,4,42,29,7,22,13,4,9,72,64,24,40,8,4,4,17,12,5,7,5,1,4
S01007344,184,148,42,106,36,8,28,11,8,0,8,3,1,2,10,9,0,9,1,1,0,22,13,2,11,9,0,9,27,19,13,6,8,2,6,22,18,5,13,4,1,3,20,17,3,14,3,1,2,62,61,18,43,1,0,1,10,3,1,2,7,2,5
S01007345,225,195,84,111,30,8,22,10,6,1,5,4,1,3,15,14,1,13,1,1,0,19,14,1,13,5,0,5,56,49,32,17,7,1,6,14,11,1,10,3,1,2,22,18,5,13,4,0,4,74,71,37,34,3,2,1,15,12,6,6,3,2,1
S01007346,215,190,60,130,25,5,20,6,6,0,6,0,0,0,18,17,0,17,1,0,1,20,17,2,15,3,0,3,51,40,17,23,11,1,10,20,16,3,13,4,2,2,30,30,10,20,0,0,0,59,55,24,31,4,2,2,11,9,4,5,2,0,2
S01007347,228,198,70,128,30,7,23,9,6,1,5,3,1,2,13,10,2,8,3,1,2,28,20,1,19,8,1,7,55,49,26,23,6,1,5,20,17,6,11,3,1,2,27,23,9,14,4,2,2,63,61,20,41,2,0,2,13,12,5,7,1,0,1
S01007348,244,215,85,130,29,10,19,11,10,0,10,1,0,1,9,9,1,8,0,0,0,30,19,1,18,11,3,8,53,47,29,18,6,1,5,16,14,5,9,2,1,1,37,30,10,20,7,3,4,73,71,35,36,2,2,0,15,15,4,11,0,0,0
S01007349,182,164,59,105,18,2,16,10,6,0,6,4,0,4,9,8,0,8,1,0,1,10,9,0,9,1,0,1,37,33,21,12,4,1,3,19,15,3,12,4,0,4,29,28,7,21,1,1,0,65,62,28,34,3,0,3,3,3,0,3,0,0,0
S01007350,243,194,66,128,49,16,33,6,4,0,4,2,2,0,15,15,1,14,0,0,0,18,13,2,11,5,1,4,77,51,26,25,26,5,21,24,21,9,12,3,2,1,23,18,4,14,5,2,3,58,55,18,37,3,3,0,22,17,6,11,5,1,4
S01007351,264,169,50,119,95,26,69,27,13,1,12,14,3,11,8,8,0,8,0,0,0,37,14,1,13,23,2,21,58,32,14,18,26,5,21,23,20,3,17,3,0,3,26,13,6,7,13,6,7,65,55,24,31,10,6,4,20,14,1,13,6,4,2
S01007352,243,141,37,104,102,20,82,51,19,0,19,32,3,29,5,4,0,4,1,1,0,25,10,0,10,15,1,14,42,21,6,15,21,3,18,21,16,4,12,5,0,5,37,22,7,15,15,4,11,47,42,16,26,5,3,2,15,7,4,3,8,5,3
S01007353,264,199,61,138,65,19,46,18,13,0,13,5,0,5,10,7,1,6,3,1,2,25,12,0,12,13,4,9,47,38,20,18,9,3,6,21,17,7,10,4,0,4,31,17,4,13,14,6,8,101,88,26,62,13,2,11,11,7,3,4,4,3,1
S01007354,313,252,73,179,61,21,40,16,12,0,12,4,1,3,15,11,1,10,4,2,2,28,21,4,17,7,0,7,45,31,16,15,14,4,10,33,25,6,19,8,2,6,34,22,7,15,12,5,7,130,122,37,85,8,3,5,12,8,2,6,4,4,0
S01007355,431,310,80,230,121,26,95,40,21,2,19,19,2,17,14,10,1,9,4,2,2,37,13,0,13,24,4,20,83,56,22,34,27,5,22,34,25,4,21,9,3,6,57,39,3,36,18,4,14,136,128,46,82,8,3,5,30,18,2,16,12,3,9
S01007356,289,220,78,142,69,21,48,11,7,1,6,4,1,3,15,11,3,8,4,1,3,23,14,2,12,9,1,8,53,32,15,17,21,5,16,24,20,4,16,4,0,4,38,22,11,11,16,7,9,111,105,39,66,6,3,3,14,9,3,6,5,3,2
S01007357,369,263,83,180,106,29,77,47,33,4,29,14,2,12,41,28,2,26,13,3,10,31,19,2,17,12,3,9,82,60,23,37,22,4,18,23,18,8,10,5,2,3,54,30,7,23,24,9,15,82,72,35,37,10,5,5,9,3,2,1,6,1,5
S01007358,506,418,104,314,88,22,66,22,16,0,16,6,3,3,24,17,1,16,7,1,6,29,18,0,18,11,0,11,160,129,48,81,31,1,30,44,33,8,25,11,3,8,49,36,6,30,13,8,5,158,152,37,115,6,4,2,20,17,4,13,3,2,1
S01007359,329,286,89,197,43,17,26,15,10,1,9,5,1,4,22,17,2,15,5,1,4,24,21,2,19,3,1,2,71,65,29,36,6,3,3,27,24,4,20,3,0,3,28,22,8,14,6,2,4,122,117,40,77,5,3,2,20,10,3,7,10,6,4
S01007360,220,178,50,128,42,13,29,7,6,0,6,1,0,1,8,7,1,6,1,1,0,27,21,2,19,6,0,6,54,41,11,30,13,3,10,15,13,2,11,2,0,2,25,18,2,16,7,3,4,64,61,27,34,3,2,1,20,11,5,6,9,4,5
S01007361,435,339,103,236,96,20,76,13,10,0,10,3,0,3,18,17,0,17,1,0,1,40,22,1,21,18,4,14,104,77,46,31,27,4,23,34,25,2,23,9,2,7,46,33,5,28,13,4,9,148,139,44,95,9,2,7,32,16,5,11,16,4,12
S01007362,326,280,76,204,46,14,32,19,17,0,17,2,0,2,4,3,0,3,1,0,1,29,18,1,17,11,3,8,70,54,24,30,16,3,13,28,22,1,21,6,3,3,28,22,5,17,6,4,2,134,131,40,91,3,1,2,14,13,5,8,1,0,1
S01007363,253,219,67,152,34,7,27,10,8,2,6,2,0,2,6,4,0,4,2,1,1,25,22,1,21,3,0,3,44,36,13,23,8,1,7,26,22,6,16,4,0,4,27,24,4,20,3,1,2,105,99,41,58,6,2,4,10,4,0,4,6,2,4
S01007364,343,316,109,207,27,5,22,12,11,0,11,1,0,1,8,6,0,6,2,0,2,27,20,1,19,7,1,6,100,92,37,55,8,1,7,29,25,7,18,4,0,4,33,31,10,21,2,2,0,116,115,46,69,1,0,1,18,16,8,8,2,1,1
S01007365,202,178,61,117,24,4,20,8,8,0,8,0,0,0,8,7,0,7,1,0,1,24,17,0,17,7,1,6,38,36,21,15,2,1,1,15,14,0,14,1,0,1,18,16,3,13,2,0,2,73,71,31,40,2,1,1,18,9,6,3,9,1,8
S01007366,149,132,47,85,17,6,11,3,2,0,2,1,0,1,7,5,0,5,2,1,1,13,12,1,11,1,0,1,42,37,19,18,5,2,3,13,12,1,11,1,0,1,11,7,3,4,4,1,3,54,54,21,33,0,0,0,6,3,2,1,3,2,1
S01007367,250,210,72,138,40,11,29,12,10,1,9,2,0,2,14,11,2,9,3,0,3,21,12,1,11,9,3,6,70,61,35,26,9,1,8,21,17,1,16,4,1,3,30,23,6,17,7,2,5,70,67,24,43,3,3,0,12,9,2,7,3,1,2
S01007368,200,174,62,112,26,7,19,7,7,0,7,0,0,0,6,5,1,4,1,0,1,25,21,1,20,4,0,4,53,48,19,29,5,2,3,22,14,1,13,8,2,6,25,21,12,9,4,3,1,53,51,24,27,2,0,2,9,7,4,3,2,0,2
S01007369,360,311,95,216,49,15,34,18,17,2,15,1,0,1,10,9,0,9,1,0,1,45,28,3,25,17,2,15,70,56,32,24,14,5,9,21,20,2,18,1,0,1,35,32,6,26,3,2,1,147,137,45,92,10,5,5,14,12,5,7,2,1,1
S01007370,378,328,99,229,50,14,36,13,12,1,11,1,0,1,10,10,3,7,0,0,0,40,29,2,27,11,1,10,111,93,42,51,18,2,16,32,30,2,28,2,2,0,43,33,5,28,10,4,6,111,109,40,69,2,1,1,18,12,4,8,6,4,2
S01007371,335,291,101,190,44,6,38,14,10,1,9,4,1,3,13,9,0,9,4,0,4,32,20,2,18,12,1,11,90,78,45,33,12,2,10,28,27,4,23,1,0,1,34,28,7,21,6,1,5,107,105,36,69,2,0,2,17,14,6,8,3,1,2
S01007372,365,304,97,207,61,17,44,12,11,0,11,1,0,1,7,6,1,5,1,0,1,40,32,6,26,8,4,4,93,69,27,42,24,6,18,22,17,1,16,5,0,5,42,31,12,19,11,4,7,134,125,48,77,9,2,7,15,13,2,11,2,1,1
S01007373,259,189,55,134,70,24,46,10,6,1,5,4,0,4,22,15,2,13,7,1,6,23,11,1,10,12,3,9,32,22,8,14,10,5,5,25,16,4,12,9,3,6,46,32,9,23,14,5,9,86,76,24,52,10,5,5,15,11,6,5,4,2,2
S01007374,269,222,55,167,47,14,33,3,3,0,3,0,0,0,23,22,1,21,1,0,1,18,7,1,6,11,1,10,37,33,13,20,4,1,3,21,15,3,12,6,1,5,46,35,6,29,11,4,7,105,99,28,71,6,4,2,16,8,3,5,8,3,5
S01007375,204,159,39,120,45,11,34,10,5,1,4,5,0,5,12,9,0,9,3,0,3,15,8,0,8,7,2,5,31,21,12,9,10,2,8,14,8,2,6,6,2,4,42,35,7,28,7,3,4,70,66,16,50,4,1,3,10,7,1,6,3,1,2
S01007376,360,327,96,231,33,8,25,5,5,0,5,0,0,0,26,25,1,24,1,1,0,22,15,1,14,7,1,6,76,70,33,37,6,1,5,16,14,1,13,2,1,1,68,61,13,48,7,2,5,134,129,44,85,5,0,5,13,8,3,5,5,2,3
S01007377,339,280,73,207,59,20,39,4,2,0,2,2,0,2,18,16,4,12,2,1,1,28,13,0,13,15,4,11,46,33,19,14,13,4,9,32,28,2,26,4,1,3,62,51,12,39,11,3,8,138,131,35,96,7,4,3,11,6,1,5,5,3,2
S01007378,1164,1116,68,1048,48,15,33,7,2,1,1,5,1,4,10,7,1,6,3,0,3,21,13,2,11,8,1,7,30,27,11,16,3,1,2,32,21,3,18,11,4,7,40,33,6,27,7,2,5,1015,1009,42,967,6,3,3,9,4,2,2,5,3,2
S01007379,208,193,51,142,15,0,15,5,4,0,4,1,0,1,9,9,0,9,0,0,0,21,18,0,18,3,0,3,35,34,17,17,1,0,1,19,16,3,13,3,0,3,39,36,7,29,3,0,3,72,69,21,48,3,0,3,8,7,3,4,1,0,1
S01007380,290,270,63,207,20,7,13,4,2,0,2,2,1,1,16,12,0,12,4,1,3,22,17,0,17,5,1,4,60,57,25,32,3,2,1,22,22,3,19,0,0,0,44,41,4,37,3,1,2,110,108,26,82,2,1,1,12,11,5,6,1,0,1
S01007381,197,170,41,129,27,14,13,0,0,0,0,0,0,0,18,15,1,14,3,2,1,8,5,0,5,3,0,3,32,30,13,17,2,0,2,9,9,2,7,0,0,0,29,24,1,23,5,1,4,93,81,22,59,12,9,3,8,6,2,4,2,2,0
S01007382,325,273,75,198,52,14,38,5,4,0,4,1,1,0,17,15,2,13,2,0,2,28,18,5,13,10,1,9,43,35,17,18,8,2,6,23,16,3,13,7,2,5,54,40,6,34,14,3,11,139,133,38,95,6,4,2,16,12,4,8,4,1,3
S01007383,346,285,66,219,61,17,44,6,6,0,6,0,0,0,21,18,0,18,3,0,3,19,14,4,10,5,0,5,63,49,17,32,14,4,10,26,20,2,18,6,1,5,67,51,16,35,16,5,11,131,119,25,94,12,6,6,13,8,2,6,5,1,4
S01007384,384,353,100,253,31,13,18,7,7,1,6,0,0,0,11,9,1,8,2,0,2,19,12,0,12,7,0,7,58,57,36,21,1,0,1,27,23,5,18,4,1,3,56,51,11,40,5,3,2,187,179,38,141,8,5,3,19,15,8,7,4,4,0
S01007385,362,310,79,231,52,15,37,6,6,0,6,0,0,0,18,17,0,17,1,0,1,30,20,3,17,10,2,8,57,47,22,25,10,1,9,25,18,1,17,7,1,6,76,63,5,58,13,5,8,125,119,41,78,6,3,3,25,20,7,13,5,3,2
S01007386,354,262,79,183,92,36,56,8,7,0,7,1,0,1,20,14,0,14,6,1,5,14,7,1,6,7,2,5,54,33,16,17,21,5,16,17,12,2,10,5,1,4,81,49,13,36,32,14,18,140,126,41,85,14,9,5,20,14,6,8,6,4,2
S01007387,365,302,84,218,63,20,43,7,6,0,6,1,0,1,19,12,0,12,7,2,5,18,12,0,12,6,3,3,68,54,28,26,14,4,10,30,22,5,17,8,1,7,68,55,13,42,13,2,11,144,133,35,98,11,7,4,11,8,3,5,3,1,2
S01007388,342,301,86,215,41,12,29,8,8,2,6,0,0,0,15,15,1,14,0,0,0,18,11,2,9,7,2,5,48,43,20,23,5,1,4,24,23,6,17,1,0,1,55,45,10,35,10,3,7,167,149,43,106,18,6,12,7,7,2,5,0,0,0
S01007389,258,242,54,188,16,8,8,1,1,0,1,0,0,0,3,3,0,3,0,0,0,12,10,0,10,2,1,1,50,47,26,21,3,0,3,14,13,1,12,1,1,0,26,22,4,18,4,1,3,141,139,21,118,2,2,0,11,7,2,5,4,3,1
S01007390,258,229,82,147,29,11,18,2,2,0,2,0,0,0,6,5,1,4,1,0,1,11,7,0,7,4,2,2,49,42,29,13,7,2,5,10,8,1,7,2,0,2,25,19,6,13,6,3,3,142,137,38,99,5,2,3,13,9,7,2,4,2,2
S01007391,282,253,70,183,29,9,20,6,4,0,4,2,1,1,15,13,0,13,2,0,2,11,10,1,9,1,0,1,46,41,22,19,5,0,5,17,14,1,13,3,1,2,51,44,10,34,7,2,5,121,117,33,84,4,2,2,15,10,3,7,5,3,2
S01007392,203,173,37,136,30,10,20,3,2,0,2,1,0,1,6,5,0,5,1,0,1,11,7,1,6,4,0,4,41,33,16,17,8,3,5,9,8,0,8,1,0,1,40,33,2,31,7,3,4,85,79,15,64,6,4,2,8,6,3,3,2,0,2
S01007393,247,187,54,133,60,18,42,7,7,0,7,0,0,0,18,16,2,14,2,0,2,16,11,2,9,5,0,5,32,22,9,13,10,3,7,21,11,2,9,10,1,9,56,38,10,28,18,6,12,88,76,26,50,12,6,6,9,6,3,3,3,2,1
S01007394,242,209,67,142,33,7,26,2,2,0,2,0,0,0,8,8,0,8,0,0,0,20,10,2,8,10,3,7,36,32,18,14,4,1,3,11,9,2,7,2,0,2,46,38,6,32,8,1,7,102,98,34,64,4,1,3,17,12,5,7,5,1,4
S01007395,388,339,69,270,49,10,39,10,7,0,7,3,0,3,17,13,1,12,4,4,0,35,21,1,20,14,0,14,75,65,24,41,10,2,8,29,24,8,16,5,1,4,63,56,4,52,7,2,5,138,137,26,111,1,0,1,21,16,5,11,5,1,4
S01007396,377,334,82,252,43,20,23,10,8,2,6,2,1,1,20,15,1,14,5,2,3,31,23,2,21,8,1,7,80,76,28,48,4,2,2,15,10,2,8,5,1,4,51,45,6,39,6,4,2,149,141,33,108,8,6,2,21,16,8,8,5,3,2
S01007397,435,367,102,265,68,23,45,10,7,1,6,3,1,2,23,22,1,21,1,1,0,32,25,3,22,7,1,6,72,61,31,30,11,2,9,41,30,4,26,11,3,8,56,44,9,35,12,4,8,178,163,46,117,15,8,7,23,15,7,8,8,3,5
S01007398,287,265,98,167,22,6,16,6,6,0,6,0,0,0,12,11,0,11,1,0,1,33,28,1,27,5,1,4,55,51,25,26,4,1,3,21,14,2,12,7,1,6,43,41,20,21,2,2,0,106,103,45,58,3,1,2,11,11,5,6,0,0,0
S01007399,249,222,81,141,27,10,17,6,6,3,3,0,0,0,2,1,0,1,1,0,1,34,26,1,25,8,2,6,52,49,26,23,3,3,0,27,19,5,14,8,3,5,31,29,11,18,2,0,2,84,83,29,54,1,1,0,13,9,6,3,4,1,3
S01007400,330,284,90,194,46,13,33,6,5,1,4,1,0,1,14,11,0,11,3,1,2,24,18,2,16,6,1,5,66,52,28,24,14,1,13,19,17,2,15,2,0,2,45,34,4,30,11,4,7,141,135,49,86,6,5,1,15,12,4,8,3,1,2
S01007401,349,313,87,226,36,8,28,1,1,0,1,0,0,0,20,18,3,15,2,1,1,19,15,1,14,4,0,4,74,60,31,29,14,2,12,30,25,3,22,5,0,5,49,44,5,39,5,1,4,136,131,32,99,5,3,2,20,19,12,7,1,1,0
S01007402,310,272,81,191,38,11,27,2,2,0,2,0,0,0,14,11,0,11,3,0,3,19,12,0,12,7,1,6,50,45,28,17,5,0,5,34,29,4,25,5,1,4,51,42,10,32,9,3,6,120,116,32,84,4,2,2,20,15,7,8,5,4,1
S01007403,408,377,106,271,31,11,20,6,6,0,6,0,0,0,16,14,2,12,2,1,1,15,12,1,11,3,0,3,61,57,33,24,4,0,4,14,11,3,8,3,2,1,38,32,13,19,6,1,5,243,234,48,186,9,4,5,15,11,6,5,4,3,1
S01007404,223,149,38,111,74,11,63,28,10,0,10,18,0,18,6,2,0,2,4,0,4,12,5,0,5,7,1,6,54,36,14,22,18,2,16,14,14,2,12,0,0,0,41,27,1,26,14,3,11,59,52,19,33,7,2,5,9,3,2,1,6,3,3
S01007405,356,287,70,217,69,12,57,29,12,2,10,17,2,15,19,17,1,16,2,0,2,14,9,2,7,5,1,4,58,44,26,18,14,1,13,24,20,4,16,4,0,4,58,42,9,33,16,3,13,134,127,25,102,7,4,3,20,16,1,15,4,1,3
S01007406,293,247,77,170,46,7,39,8,4,0,4,4,0,4,18,18,1,17,0,0,0,15,13,1,12,2,0,2,42,30,12,18,12,1,11,16,13,4,9,3,1,2,50,32,9,23,18,2,16,129,126,47,79,3,1,2,15,11,3,8,4,2,2
S01007407,340,286,78,208,54,10,44,7,5,0,5,2,0,2,27,26,0,26,1,0,1,19,10,0,10,9,0,9,62,50,26,24,12,2,10,35,27,1,26,8,1,7,45,37,9,28,8,1,7,127,118,36,82,9,3,6,18,13,6,7,5,3,2
S01007408,281,248,75,173,33,9,24,11,7,1,6,4,1,3,13,12,3,9,1,0,1,29,21,0,21,8,0,8,39,37,18,19,2,0,2,18,14,2,12,4,2,2,55,46,13,33,9,5,4,103,100,33,67,3,1,2,13,11,5,6,2,0,2
S01007409,373,339,85,254,34,8,26,8,8,0,8,0,0,0,59,58,2,56,1,1,0,35,27,2,25,8,1,7,83,77,32,45,6,2,4,26,21,5,16,5,1,4,35,32,8,24,3,1,2,102,99,31,68,3,0,3,25,17,5,12,8,2,6
S01007410,258,241,72,169,17,3,14,6,6,0,6,0,0,0,50,48,2,46,2,1,1,16,9,0,9,7,0,7,61,60,35,25,1,1,0,18,18,3,15,0,0,0,22,18,6,12,4,0,4,69,67,19,48,2,1,1,16,15,7,8,1,0,1
S01007411,346,317,86,231,29,4,25,13,13,1,12,0,0,0,32,31,1,30,1,0,1,38,31,1,30,7,0,7,78,76,28,48,2,1,1,37,26,5,21,11,1,10,52,49,16,33,3,0,3,81,79,28,51,2,1,1,15,12,6,6,3,1,2
S01007412,206,194,40,154,12,1,11,5,5,0,5,0,0,0,26,26,0,26,0,0,0,30,26,2,24,4,0,4,43,41,18,23,2,0,2,15,14,3,11,1,0,1,38,35,4,31,3,1,2,41,40,12,28,1,0,1,8,7,1,6,1,0,1
S01007413,528,476,105,371,52,8,44,19,17,0,17,2,0,2,57,55,1,54,2,0,2,53,41,1,40,12,2,10,106,96,40,56,10,0,10,34,32,3,29,2,1,1,69,64,15,49,5,1,4,169,154,43,111,15,2,13,21,17,2,15,4,2,2
S01007414,398,366,95,271,32,10,22,7,7,1,6,0,0,0,48,48,3,45,0,0,0,28,21,2,19,7,0,7,74,72,42,30,2,0,2,30,25,1,24,5,2,3,53,50,8,42,3,0,3,148,138,35,103,10,4,6,10,5,3,2,5,4,1
S01007415,367,340,84,256,27,12,15,13,13,1,12,0,0,0,49,47,0,47,2,0,2,33,26,1,25,7,0,7,90,89,36,53,1,0,1,26,21,2,19,5,5,0,49,44,9,35,5,2,3,85,81,29,52,4,2,2,22,19,6,13,3,3,0
S01007416,197,184,61,123,13,4,9,2,2,0,2,0,0,0,22,20,0,20,2,0,2,19,15,1,14,4,1,3,55,54,25,29,1,0,1,21,20,5,15,1,0,1,20,18,6,12,2,1,1,47,45,17,28,2,2,0,11,10,7,3,1,0,1
S01007417,549,502,104,398,47,8,39,16,13,2,11,3,0,3,50,45,3,42,5,0,5,32,27,1,26,5,1,4,118,109,32,77,9,2,7,47,37,3,34,10,3,7,82,74,21,53,8,0,8,188,182,41,141,6,2,4,16,15,1,14,1,0,1
S01007418,297,279,85,194,18,5,13,5,5,0,5,0,0,0,44,43,4,39,1,0,1,28,25,3,22,3,0,3,83,79,39,40,4,1,3,20,19,3,16,1,1,0,33,32,9,23,1,1,0,68,63,22,41,5,0,5,16,13,5,8,3,2,1
S01007419,360,337,102,235,23,5,18,17,16,0,16,1,0,1,21,21,1,20,0,0,0,33,27,0,27,6,0,6,97,93,47,46,4,0,4,28,28,6,22,0,0,0,41,38,12,26,3,0,3,98,91,27,64,7,3,4,25,23,9,14,2,2,0
S01007420,563,500,141,359,63,12,51,18,16,0,16,2,1,1,49,46,6,40,3,1,2,70,61,6,55,9,1,8,112,102,41,61,10,1,9,20,18,4,14,2,0,2,81,65,17,48,16,2,14,198,181,62,119,17,5,12,15,11,5,6,4,1,3
S01007421,351,302,66,236,49,14,35,10,10,0,10,0,0,0,36,33,2,31,3,1,2,29,20,0,20,9,1,8,67,58,21,37,9,3,6,25,22,1,21,3,0,3,53,44,11,33,9,2,7,117,105,27,78,12,5,7,14,10,4,6,4,2,2
S01007422,278,242,63,179,36,9,27,7,5,0,5,2,0,2,33,29,3,26,4,0,4,32,21,1,20,11,1,10,48,47,21,26,1,1,0,13,11,1,10,2,0,2,32,28,7,21,4,3,1,98,93,29,64,5,2,3,15,8,1,7,7,2,5
S01007423,409,372,80,292,37,8,29,7,7,0,7,0,0,0,39,35,2,33,4,0,4,37,31,1,30,6,1,5,67,64,28,36,3,0,3,28,22,1,21,6,2,4,43,39,6,33,4,0,4,159,154,37,117,5,1,4,29,20,5,15,9,4,5
S01007424,405,376,103,273,29,11,18,8,8,2,6,0,0,0,51,48,4,44,3,1,2,34,25,1,24,9,2,7,78,77,35,42,1,0,1,14,12,1,11,2,1,1,42,34,6,28,8,4,4,160,156,47,109,4,3,1,18,16,7,9,2,0,2
S01007425,421,380,120,260,41,10,31,13,13,0,13,0,0,0,37,34,3,31,3,0,3,33,25,2,23,8,0,8,98,93,49,44,5,0,5,30,25,3,22,5,3,2,54,44,13,31,10,3,7,137,131,44,87,6,2,4,19,15,6,9,4,2,2
S01007426,289,254,66,188,35,12,23,13,12,0,12,1,0,1,26,25,1,24,1,0,1,28,19,2,17,9,2,7,62,56,25,31,6,1,5,17,12,0,12,5,3,2,30,25,6,19,5,1,4,100,95,28,67,5,4,1,13,10,4,6,3,1,2
S01007427,265,246,73,173,19,6,13,12,10,0,10,2,1,1,28,26,1,25,2,1,1,17,12,0,12,5,1,4,73,68,32,36,5,0,5,13,13,4,9,0,0,0,30,28,8,20,2,1,1,77,74,25,49,3,2,1,15,15,3,12,0,0,0
S01007428,415,379,105,274,36,13,23,18,18,1,17,0,0,0,34,33,2,31,1,0,1,43,31,4,27,12,2,10,104,99,43,56,5,0,5,20,17,1,16,3,2,1,43,40,10,30,3,1,2,140,131,38,93,9,6,3,13,10,6,4,3,2,1
S01007429,383,343,89,254,40,8,32,6,6,1,5,0,0,0,42,39,1,38,3,2,1,38,22,2,20,16,2,14,106,95,37,58,11,0,11,19,18,0,18,1,1,0,39,38,8,30,1,0,1,114,111,34,77,3,1,2,19,14,6,8,5,2,3
S01007430,220,190,61,129,30,6,24,6,5,0,5,1,1,0,16,14,0,14,2,0,2,22,15,0,15,7,0,7,66,61,33,28,5,0,5,14,11,3,8,3,1,2,25,20,6,14,5,1,4,60,56,18,38,4,3,1,11,8,1,7,3,0,3
S01007431,300,279,76,203,21,6,15,3,3,0,3,0,0,0,40,38,2,36,2,1,1,24,17,0,17,7,0,7,61,57,29,28,4,2,2,14,14,2,12,0,0,0,37,33,10,23,4,2,2,107,104,28,76,3,1,2,14,13,5,8,1,0,1
S01007432,390,349,92,257,41,12,29,13,11,1,10,2,0,2,47,44,3,41,3,0,3,37,27,2,25,10,1,9,84,76,32,44,8,3,5,26,22,2,20,4,0,4,41,34,9,25,7,5,2,129,126,40,86,3,2,1,13,9,3,6,4,1,3
S01007433,365,309,89,220,56,10,46,26,16,2,14,10,0,10,45,44,7,37,1,0,1,45,31,2,29,14,1,13,70,60,30,30,10,3,7,28,24,3,21,4,2,2,34,25,6,19,9,3,6,103,99,34,65,4,0,4,14,10,5,5,4,1,3
S01007434,221,196,61,135,25,7,18,13,10,0,10,3,1,2,22,18,2,16,4,2,2,22,15,0,15,7,1,6,61,55,33,22,6,2,4,14,12,3,9,2,0,2,18,17,6,11,1,0,1,65,63,17,46,2,1,1,6,6,0,6,0,0,0
S01007435,341,307,70,237,34,14,20,9,9,0,9,0,0,0,41,40,4,36,1,1,0,34,26,4,22,8,3,5,83,78,31,47,5,0,5,14,11,0,11,3,2,1,40,34,5,29,6,3,3,102,99,24,75,3,1,2,18,10,2,8,8,4,4
S01007436,298,279,86,193,19,9,10,9,9,0,9,0,0,0,31,30,4,26,1,0,1,28,23,1,22,5,0,5,78,76,42,34,2,2,0,10,9,1,8,1,0,1,43,40,11,29,3,1,2,82,80,24,56,2,2,0,17,12,3,9,5,4,1
S01007437,201,178,57,121,23,4,19,13,9,0,9,4,1,3,18,17,0,17,1,0,1,14,10,1,9,4,1,3,40,35,22,13,5,1,4,10,10,4,6,0,0,0,28,23,6,17,5,0,5,68,66,21,45,2,1,1,10,8,3,5,2,0,2
S01007438,304,279,60,219,25,4,21,13,13,0,13,0,0,0,39,38,1,37,1,0,1,42,33,0,33,9,1,8,68,63,33,30,5,1,4,17,16,2,14,1,0,1,33,30,3,27,3,0,3,76,71,17,54,5,2,3,16,15,4,11,1,0,1
S01007439,325,296,70,226,29,9,20,13,12,0,12,1,0,1,34,32,1,31,2,0,2,33,24,4,20,9,1,8,85,79,27,52,6,3,3,19,18,2,16,1,0,1,38,33,6,27,5,3,2,95,91,26,65,4,2,2,8,7,4,3,1,0,1
S01007440,306,279,79,200,27,4,23,16,14,0,14,2,0,2,48,43,3,40,5,2,3,33,24,3,21,9,0,9,70,69,36,33,1,0,1,17,15,4,11,2,0,2,20,17,7,10,3,0,3,92,88,22,66,4,2,2,10,9,4,5,1,0,1
S01007441,290,265,62,203,25,9,16,13,10,1,9,3,1,2,41,40,1,39,1,0,1,18,16,2,14,2,0,2,62,56,23,33,6,2,4,15,15,1,14,0,0,0,40,33,6,27,7,2,5,90,84,24,60,6,4,2,11,11,4,7,0,0,0
S01007442,249,215,54,161,34,10,24,10,8,1,7,2,1,1,28,24,0,24,4,2,2,13,12,1,11,1,0,1,51,44,20,24,7,1,6,8,7,0,7,1,0,1,33,24,3,21,9,2,7,95,91,26,65,4,1,3,11,5,3,2,6,3,3
S01007443,350,289,87,202,61,10,51,5,4,0,4,1,0,1,36,32,1,31,4,0,4,31,22,1,21,9,0,9,67,57,33,24,10,1,9,20,18,5,13,2,1,1,49,33,6,27,16,4,12,120,109,38,71,11,1,10,22,14,3,11,8,3,5
S01007444,408,319,90,229,89,23,66,17,17,1,16,0,0,0,31,28,2,26,3,0,3,28,15,2,13,13,2,11,54,41,21,20,13,2,11,34,27,4,23,7,0,7,73,47,11,36,26,10,16,149,130,44,86,19,7,12,22,14,5,9,8,2,6
S01007445,287,237,66,171,50,18,32,9,8,1,7,1,0,1,23,22,0,22,1,0,1,14,11,0,11,3,1,2,42,37,13,24,5,1,4,21,15,2,13,6,2,4,48,30,7,23,18,7,11,118,108,43,65,10,5,5,12,6,0,6,6,2,4
S01007446,249,199,58,141,50,12,38,14,11,2,9,3,0,3,30,27,2,25,3,1,2,15,10,2,8,5,1,4,37,34,22,12,3,2,1,17,13,1,12,4,1,3,35,17,3,14,18,2,16,96,84,24,60,12,4,8,5,3,2,1,2,1,1
S01007447,236,173,56,117,63,18,45,21,12,0,12,9,0,9,14,11,0,11,3,1,2,26,18,6,12,8,0,8,47,39,21,18,8,3,5,16,15,4,11,1,0,1,29,17,6,11,12,5,7,68,55,17,38,13,6,7,15,6,2,4,9,3,6
S01007448,422,343,86,257,79,23,56,35,19,0,19,16,1,15,46,40,4,36,6,3,3,43,29,0,29,14,1,13,91,77,34,43,14,6,8,22,19,1,18,3,1,2,36,30,4,26,6,4,2,129,116,37,79,13,5,8,20,13,6,7,7,2,5
S01007449,440,402,110,292,38,16,22,20,19,1,18,1,0,1,48,45,2,43,3,0,3,32,27,1,26,5,2,3,120,112,49,63,8,3,5,32,28,5,23,4,0,4,45,39,14,25,6,3,3,127,120,33,87,7,5,2,16,12,5,7,4,3,1
S01007450,300,275,92,183,25,10,15,16,15,2,13,1,0,1,27,26,1,25,1,0,1,36,26,2,24,10,3,7,76,72,40,32,4,2,2,29,27,4,23,2,2,0,23,23,6,17,0,0,0,71,67,26,41,4,3,1,22,19,11,8,3,0,3
S01007451,304,279,84,195,25,5,20,7,7,0,7,0,0,0,42,42,0,42,0,0,0,34,30,1,29,4,0,4,62,60,35,25,2,1,1,24,20,0,20,4,1,3,33,25,10,15,8,2,6,95,90,36,54,5,0,5,7,5,2,3,2,1,1
S01007452,215,180,49,131,35,3,32,16,10,0,10,6,0,6,18,17,2,15,1,0,1,26,23,1,22,3,0,3,48,45,24,21,3,1,2,18,12,3,9,6,0,6,25,18,4,14,7,1,6,51,45,13,32,6,0,6,13,10,2,8,3,1,2
S01007453,345,311,61,250,34,6,28,16,15,0,15,1,1,0,39,39,6,33,0,0,0,28,22,1,21,6,1,5,64,58,25,33,6,0,6,25,22,3,19,3,0,3,67,56,11,45,11,3,8,95,90,14,76,5,1,4,11,9,1,8,2,0,2
S01007454,251,223,60,163,28,6,22,24,18,2,16,6,1,5,31,31,1,30,0,0,0,16,11,0,11,5,0,5,47,43,20,23,4,1,3,19,17,1,16,2,1,1,22,20,5,15,2,1,1,78,73,26,47,5,1,4,14,10,5,5,4,1,3
S01007455,365,345,91,254,20,7,13,10,9,0,9,1,0,1,37,37,1,36,0,0,0,41,34,2,32,7,1,6,92,90,40,50,2,1,1,24,23,4,19,1,0,1,45,39,11,28,6,3,3,109,107,29,78,2,1,1,7,6,4,2,1,1,0
S01007456,367,345,109,236,22,5,17,15,15,1,14,0,0,0,40,39,6,33,1,0,1,37,26,2,24,11,3,8,99,97,54,43,2,0,2,29,25,1,24,4,0,4,31,30,11,19,1,0,1,99,97,29,68,2,1,1,17,16,5,11,1,1,0
S01007457,479,439,91,348,40,14,26,22,18,1,17,4,1,3,51,50,5,45,1,0,1,66,55,1,54,11,0,11,103,99,35,64,4,1,3,25,22,0,22,3,1,2,64,54,10,44,10,6,4,136,132,36,96,4,3,1,12,9,3,6,3,2,1
S01007458,278,259,72,187,19,4,15,9,8,0,8,1,0,1,35,34,2,32,1,0,1,24,20,1,19,4,0,4,47,46,24,22,1,0,1,11,8,1,7,3,1,2,36,30,7,23,6,3,3,107,104,32,72,3,0,3,9,9,5,4,0,0,0
S01007459,292,261,69,192,31,10,21,8,7,1,6,1,0,1,41,40,1,39,1,1,0,20,15,2,13,5,0,5,59,54,23,31,5,1,4,17,17,2,15,0,0,0,40,31,11,20,9,4,5,95,91,26,65,4,1,3,12,6,3,3,6,3,3
S01007460,325,282,68,214,43,12,31,10,8,2,6,2,1,1,44,44,2,42,0,0,0,38,26,1,25,12,3,9,71,66,28,38,5,2,3,21,15,2,13,6,1,5,34,27,4,23,7,2,5,94,87,25,62,7,3,4,13,9,4,5,4,0,4
S01007461,253,234,76,158,19,7,12,3,3,0,3,0,0,0,25,23,1,22,2,1,1,32,28,1,27,4,0,4,70,67,36,31,3,1,2,19,17,3,14,2,0,2,24,20,8,12,4,3,1,67,66,22,44,1,1,0,13,10,5,5,3,1,2
S01007462,431,388,79,309,43,10,33,11,9,1,8,2,0,2,52,47,1,46,5,0,5,39,27,2,25,12,1,11,79,73,23,50,6,1,5,30,24,3,21,6,1,5,66,60,10,50,6,4,2,134,131,33,98,3,2,1,20,17,6,11,3,1,2
S01007463,324,291,102,189,33,5,28,9,9,1,8,0,0,0,35,30,0,30,5,1,4,26,21,4,17,5,0,5,112,102,52,50,10,1,9,34,31,5,26,3,0,3,41,35,12,23,6,1,5,51,50,19,31,1,0,1,16,13,9,4,3,2,1
S01007464,242,232,61,171,10,3,7,10,10,0,10,0,0,0,34,34,1,33,0,0,0,23,21,2,19,2,0,2,54,52,24,28,2,0,2,16,15,1,14,1,1,0,35,32,7,25,3,1,2,58,58,20,38,0,0,0,12,10,6,4,2,1,1
S01007465,233,215,77,138,18,3,15,8,8,0,8,0,0,0,29,26,1,25,3,0,3,16,14,2,12,2,0,2,67,64,39,25,3,0,3,19,16,4,12,3,1,2,25,21,4,17,4,1,3,57,56,20,36,1,1,0,12,10,7,3,2,0,2
S01007466,403,372,115,257,31,4,27,9,9,0,9,0,0,0,38,37,2,35,1,0,1,33,27,3,24,6,1,5,119,114,60,54,5,0,5,28,25,5,20,3,0,3,52,47,16,31,5,1,4,109,105,27,78,4,1,3,15,8,2,6,7,1,6
S01007467,429,397,106,291,32,12,20,9,7,0,7,2,0,2,58,56,1,55,2,1,1,32,27,1,26,5,0,5,100,93,50,43,7,3,4,21,20,3,17,1,0,1,53,46,11,35,7,2,5,138,131,32,99,7,5,2,18,17,8,9,1,1,0
S01007468,410,374,89,285,36,8,28,9,8,0,8,1,0,1,58,55,0,55,3,0,3,41,33,0,33,8,1,7,93,85,44,41,8,3,5,21,18,3,15,3,2,1,49,44,7,37,5,0,5,125,120,30,90,5,1,4,14,11,5,6,3,1,2
S01007469,278,260,71,189,18,8,10,7,7,0,7,0,0,0,37,37,2,35,0,0,0,25,23,1,22,2,0,2,46,45,20,25,1,1,0,17,17,7,10,0,0,0,46,36,9,27,10,6,4,86,82,25,57,4,1,3,14,13,7,6,1,0,1
S01007470,271,246,67,179,25,8,17,9,9,0,9,0,0,0,36,32,2,30,4,0,4,18,13,0,13,5,0,5,62,59,25,34,3,1,2,17,14,4,10,3,1,2,28,25,8,17,3,3,0,82,77,19,58,5,2,3,19,17,9,8,2,1,1
S01007471,250,236,66,170,14,8,6,5,5,0,5,0,0,0,36,36,4,32,0,0,0,30,25,0,25,5,3,2,55,53,28,25,2,0,2,11,11,1,10,0,0,0,23,19,9,10,4,2,2,78,77,19,58,1,1,0,12,10,5,5,2,2,0
S01007472,223,210,58,152,13,7,6,4,4,1,3,0,0,0,33,33,2,31,0,0,0,24,19,1,18,5,2,3,46,44,22,22,2,1,1,12,11,3,8,1,1,0,35,33,8,25,2,1,1,58,57,18,39,1,0,1,11,9,3,6,2,2,0
S01007473,207,196,53,143,11,4,7,5,5,0,5,0,0,0,27,27,1,26,0,0,0,20,18,2,16,2,0,2,54,53,28,25,1,0,1,14,13,2,11,1,0,1,19,16,3,13,3,1,2,61,58,15,43,3,3,0,7,6,2,4,1,0,1
S01007474,296,261,80,181,35,11,24,11,11,0,11,0,0,0,36,35,5,30,1,0,1,30,24,2,22,6,1,5,52,44,28,16,8,2,6,18,16,3,13,2,1,1,49,42,15,27,7,3,4,95,87,27,60,8,2,6,5,2,0,2,3,2,1
S01007475,313,290,75,215,23,5,18,8,8,0,8,0,0,0,27,27,0,27,0,0,0,34,29,1,28,5,0,5,47,42,21,21,5,1,4,12,12,2,10,0,0,0,54,48,7,41,6,0,6,116,112,38,74,4,3,1,15,12,6,6,3,1,2
S01007476,292,263,72,191,29,8,21,9,7,1,6,2,0,2,35,35,3,32,0,0,0,30,27,1,26,3,0,3,59,52,26,26,7,1,6,14,13,2,11,1,0,1,43,35,10,25,8,1,7,90,85,23,62,5,4,1,12,9,6,3,3,2,1
S01007477,273,236,43,193,37,13,24,6,6,0,6,0,0,0,34,32,0,32,2,2,0,18,12,0,12,6,0,6,45,37,8,29,8,2,6,13,10,5,5,3,2,1,30,23,4,19,7,2,5,115,107,22,85,8,4,4,12,9,4,5,3,1,2
S01007478,444,398,88,310,46,7,39,10,9,0,9,1,0,1,57,53,2,51,4,1,3,26,16,0,16,10,1,9,71,64,29,35,7,2,5,38,34,7,27,4,0,4,49,41,6,35,8,1,7,173,167,41,126,6,2,4,20,14,3,11,6,0,6
S01007479,307,293,66,227,14,4,10,10,10,0,10,0,0,0,47,46,2,44,1,1,0,26,19,0,19,7,1,6,51,50,18,32,1,0,1,15,15,1,14,0,0,0,41,38,6,32,3,1,2,106,105,31,74,1,1,0,11,10,8,2,1,0,1
S01007480,453,428,97,331,25,5,20,18,17,1,16,1,0,1,66,65,4,61,1,0,1,41,31,1,30,10,3,7,93,90,40,50,3,0,3,38,37,3,34,1,0,1,60,56,9,47,4,1,3,124,121,35,86,3,1,2,13,11,4,7,2,0,2
S01007481,345,286,91,195,59,17,42,8,4,0,4,4,0,4,27,23,3,20,4,1,3,34,19,2,17,15,3,12,65,51,29,22,14,4,10,47,41,4,37,6,2,4,34,26,6,20,8,2,6,117,112,43,69,5,3,2,13,10,4,6,3,2,1
S01007482,183,165,54,111,18,7,11,2,2,0,2,0,0,0,15,15,2,13,0,0,0,11,7,0,7,4,1,3,49,41,23,18,8,2,6,30,28,5,23,2,1,1,19,16,4,12,3,2,1,50,49,19,30,1,1,0,7,7,1,6,0,0,0
S01007483,368,311,104,207,57,22,35,15,8,1,7,7,0,7,17,16,1,15,1,0,1,39,23,1,22,16,3,13,85,74,35,39,11,4,7,58,53,6,47,5,3,2,26,24,9,15,2,2,0,108,103,44,59,5,4,1,20,10,7,3,10,6,4
S01007484,228,192,61,131,36,8,28,16,12,0,12,4,1,3,11,9,2,7,2,0,2,25,20,1,19,5,1,4,52,43,19,24,9,1,8,30,27,7,20,3,2,1,21,15,3,12,6,0,6,66,60,26,34,6,2,4,7,6,3,3,1,1,0
S01007485,167,154,72,82,13,4,9,5,5,1,4,0,0,0,12,11,0,11,1,0,1,24,21,3,18,3,2,1,60,55,34,21,5,0,5,15,13,2,11,2,0,2,5,4,2,2,1,1,0,41,41,29,12,0,0,0,5,4,1,3,1,1,0
S01007486,142,134,74,60,8,2,6,5,3,0,3,2,1,1,11,11,2,9,0,0,0,10,9,1,8,1,0,1,40,39,32,7,1,0,1,18,16,6,10,2,0,2,17,16,6,10,1,1,0,34,34,22,12,0,0,0,7,6,5,1,1,0,1
S01007487,382,333,106,227,49,13,36,19,15,3,12,4,1,3,22,20,0,20,2,1,1,42,28,0,28,14,5,9,114,98,52,46,16,1,15,46,43,6,37,3,0,3,25,22,7,15,3,2,1,95,94,30,64,1,0,1,19,13,8,5,6,3,3
S01007488,488,417,133,284,71,8,63,20,9,3,6,11,2,9,32,29,0,29,3,0,3,36,21,0,21,15,1,14,110,93,50,43,17,1,16,61,53,5,48,8,2,6,35,34,10,24,1,0,1,167,164,59,105,3,1,2,27,14,6,8,13,1,12
S01007489,393,337,135,202,56,11,45,14,8,0,8,6,1,5,26,25,3,22,1,0,1,34,21,3,18,13,1,12,99,81,44,37,18,1,17,49,47,5,42,2,1,1,43,38,15,23,5,1,4,101,98,54,44,3,3,0,27,19,11,8,8,3,5
S01007490,360,314,125,189,46,14,32,14,9,1,8,5,2,3,33,33,6,27,0,0,0,28,19,1,18,9,2,7,96,83,43,40,13,2,11,52,47,11,36,5,1,4,26,21,7,14,5,3,2,98,94,50,44,4,3,1,13,8,6,2,5,1,4
S01007491,510,468,169,299,42,7,35,14,11,2,9,3,0,3,49,46,7,39,3,1,2,47,34,2,32,13,1,12,118,111,60,51,7,1,6,69,59,8,51,10,3,7,33,32,7,25,1,0,1,155,152,71,81,3,0,3,25,23,12,11,2,1,1
S01007492,330,301,107,194,29,9,20,13,12,2,10,1,0,1,32,31,4,27,1,0,1,24,19,0,19,5,1,4,83,79,43,36,4,1,3,45,39,6,33,6,1,5,22,18,9,9,4,4,0,98,93,37,56,5,1,4,13,10,6,4,3,1,2
S01007493,396,365,125,240,31,8,23,15,14,2,12,1,1,0,35,34,5,29,1,0,1,32,27,1,26,5,1,4,119,110,41,69,9,1,8,56,50,6,44,6,1,5,34,30,11,19,4,0,4,92,90,53,37,2,1,1,13,10,6,4,3,3,0
S01007494,240,164,59,105,76,8,68,70,22,4,18,48,3,45,9,8,1,7,1,0,1,14,10,0,10,4,0,4,33,26,19,7,7,1,6,21,18,1,17,3,0,3,28,21,9,12,7,2,5,55,50,21,29,5,2,3,10,9,4,5,1,0,1
S01007495,433,308,115,193,125,23,102,102,40,7,33,62,7,55,24,19,2,17,5,0,5,36,20,0,20,16,3,13,88,74,42,32,14,3,11,27,24,2,22,3,1,2,40,31,11,20,9,4,5,98,91,45,46,7,0,7,18,9,6,3,9,5,4
S01007496,448,312,117,195,136,35,101,63,26,6,20,37,6,31,21,18,0,18,3,1,2,31,12,1,11,19,5,14,131,94,46,48,37,3,34,30,21,4,17,9,6,3,50,30,8,22,20,11,9,107,100,47,53,7,3,4,15,11,5,6,4,0,4
S01007497,259,199,62,137,60,16,44,40,20,1,19,20,1,19,17,14,1,13,3,1,2,27,19,0,19,8,3,5,39,36,21,15,3,1,2,24,20,4,16,4,2,2,37,26,7,19,11,4,7,56,52,22,30,4,1,3,19,12,6,6,7,3,4
S01007498,362,292,93,199,70,16,54,33,15,1,14,18,3,15,16,15,0,15,1,0,1,38,20,2,18,18,6,12,93,71,37,34,22,4,18,51,47,8,39,4,0,4,26,23,7,16,3,2,1,96,95,35,60,1,0,1,9,6,3,3,3,1,2
S01007499,410,308,101,207,102,20,82,64,33,8,25,31,2,29,40,28,1,27,12,4,8,46,30,2,28,16,2,14,77,62,25,37,15,4,11,49,38,8,30,11,3,8,28,19,6,13,9,2,7,94,92,48,44,2,0,2,12,6,3,3,6,3,3
S01007500,238,168,60,108,70,9,61,49,16,2,14,33,3,30,12,7,1,6,5,0,5,12,8,1,7,4,0,4,44,32,18,14,12,2,10,19,17,2,15,2,1,1,25,18,6,12,7,1,6,66,63,29,34,3,0,3,11,7,1,6,4,2,2
S01007501,265,166,67,99,99,18,81,75,21,2,19,54,5,49,11,9,1,8,2,1,1,16,6,0,6,10,3,7,46,30,10,20,16,1,15,18,14,5,9,4,2,2,17,9,3,6,8,5,3,73,69,41,28,4,1,3,9,8,5,3,1,0,1
S01007502,248,177,71,106,71,13,58,51,12,1,11,39,4,35,16,16,4,12,0,0,0,19,14,1,13,5,1,4,49,36,23,13,13,5,8,18,17,5,12,1,0,1,24,15,3,12,9,2,7,60,59,31,28,1,0,1,11,8,3,5,3,1,2
S01007503,439,307,102,205,132,27,105,75,20,3,17,55,10,45,20,13,2,11,7,0,7,45,28,7,21,17,3,14,77,53,34,19,24,4,20,45,38,3,35,7,2,5,43,34,6,28,9,1,8,119,111,45,66,8,4,4,15,10,2,8,5,3,2
S01007504,326,204,81,123,122,27,95,83,28,6,22,55,6,49,26,20,4,16,6,3,3,25,15,1,14,10,1,9,44,32,23,9,12,2,10,27,16,2,14,11,2,9,33,16,5,11,17,3,14,78,70,34,36,8,7,1,10,7,6,1,3,3,0
S01007505,208,131,46,85,77,10,67,45,10,2,8,35,1,34,8,6,0,6,2,1,1,10,6,1,5,4,0,4,34,20,8,12,14,3,11,14,10,1,9,4,1,3,27,19,6,13,8,2,6,62,55,26,29,7,1,6,8,5,2,3,3,1,2
S01007506,225,137,46,91,88,12,76,66,19,1,18,47,5,42,15,11,1,10,4,0,4,16,9,1,8,7,0,7,37,23,14,9,14,2,12,12,11,3,8,1,0,1,21,17,5,12,4,0,4,50,44,20,24,6,4,2,8,3,1,2,5,1,4
S01007507,399,295,106,189,104,18,86,37,17,4,13,20,3,17,25,22,2,20,3,0,3,52,30,0,30,22,3,19,116,87,42,45,29,5,24,25,21,3,18,4,0,4,28,18,8,10,10,3,7,99,90,44,46,9,3,6,17,10,3,7,7,1,6
S01007508,332,234,84,150,98,24,74,91,37,9,28,54,9,45,18,13,2,11,5,4,1,32,21,2,19,11,3,8,58,48,21,27,10,1,9,18,15,1,14,3,1,2,20,16,5,11,4,0,4,86,80,43,37,6,3,3,9,4,1,3,5,3,2
S01007509,289,186,70,116,103,28,75,74,32,5,27,42,6,36,15,10,1,9,5,1,4,19,6,1,5,13,6,7,57,44,21,23,13,2,11,10,8,1,7,2,0,2,27,11,2,9,16,4,12,73,67,35,32,6,5,1,14,8,4,4,6,4,2
S01007510,389,267,118,149,122,35,87,104,51,11,40,53,12,41,13,9,2,7,4,0,4,35,17,3,14,18,5,13,73,57,33,24,16,4,12,19,17,1,16,2,1,1,36,20,8,12,16,9,7,88,79,48,31,9,3,6,21,17,12,5,4,1,3
S01007511,303,224,86,138,79,24,55,60,47,8,39,13,4,9,22,17,4,13,5,2,3,28,13,2,11,15,4,11,66,41,17,24,25,5,20,18,15,2,13,3,2,1,24,16,7,9,8,4,4,71,65,42,23,6,2,4,14,10,4,6,4,1,3
S01007512,229,142,57,85,87,22,65,71,30,4,26,41,5,36,12,7,1,6,5,2,3,22,9,1,8,13,1,12,37,28,17,11,9,3,6,8,8,3,5,0,0,0,18,11,4,7,7,4,3,49,43,22,21,6,3,3,12,6,5,1,6,4,2
S01007513,449,390,139,251,59,14,45,29,18,1,17,11,4,7,46,44,3,41,2,0,2,53,40,3,37,13,2,11,88,78,43,35,10,2,8,36,33,11,22,3,0,3,35,25,8,17,10,3,7,140,135,64,71,5,2,3,22,17,6,11,5,1,4
S01007514,256,210,68,142,46,7,39,14,9,0,9,5,1,4,39,34,1,33,5,1,4,23,17,2,15,6,1,5,78,65,21,44,13,2,11,12,11,3,8,1,0,1,17,10,5,5,7,0,7,62,58,32,26,4,1,3,11,6,4,2,5,1,4
S01007515,237,195,63,132,42,9,33,18,12,1,11,6,1,5,9,9,1,8,0,0,0,25,15,2,13,10,0,10,34,28,14,14,6,0,6,10,9,1,8,1,0,1,27,21,6,15,6,3,3,100,92,34,58,8,3,5,14,9,4,5,5,2,3
S01007516,270,236,82,154,34,9,25,24,11,1,10,13,4,9,20,19,0,19,1,0,1,38,33,3,30,5,1,4,58,52,26,26,6,1,5,15,12,2,10,3,1,2,22,20,8,12,2,1,1,81,79,35,44,2,1,1,12,10,7,3,2,0,2
S01007517,174,144,51,93,30,4,26,12,7,1,6,5,1,4,6,6,1,5,0,0,0,25,14,2,12,11,1,10,40,33,11,22,7,0,7,10,10,2,8,0,0,0,10,7,2,5,3,0,3,60,59,25,34,1,0,1,11,8,7,1,3,2,1
S01007518,362,317,104,213,45,8,37,30,21,1,20,9,2,7,29,27,3,24,2,0,2,48,39,2,37,9,1,8,78,68,31,37,10,1,9,24,23,3,20,1,0,1,29,23,7,16,6,1,5,107,101,49,52,6,2,4,17,15,8,7,2,1,1
S01007519,196,130,39,91,66,13,53,39,14,2,12,25,5,20,18,12,0,12,6,0,6,7,3,1,2,4,1,3,45,32,11,21,13,4,9,12,10,3,7,2,1,1,22,15,4,11,7,0,7,42,36,13,23,6,1,5,11,8,5,3,3,1,2
S01007520,399,308,96,212,91,19,72,48,22,3,19,26,3,23,42,37,3,34,5,0,5,40,33,2,31,7,1,6,96,68,28,40,28,8,20,26,23,5,18,3,1,2,31,23,8,15,8,2,6,96,91,43,48,5,2,3,20,11,4,7,9,2,7
S01007521,220,159,53,106,61,10,51,62,39,7,32,23,1,22,19,17,6,11,2,0,2,16,5,0,5,11,2,9,48,39,17,22,9,2,7,4,3,1,2,1,0,1,18,9,1,8,9,2,7,48,45,20,25,3,2,1,5,2,1,1,3,1,2
S01007522,402,314,110,204,88,28,60,23,17,1,16,6,0,6,22,22,3,19,0,0,0,39,16,2,14,23,5,18,133,109,45,64,24,7,17,11,9,4,5,2,1,1,35,20,8,12,15,8,7,118,108,43,65,10,4,6,21,13,4,9,8,3,5
S01007523,254,187,70,117,67,15,52,42,20,4,16,22,2,20,16,12,4,8,4,0,4,24,11,2,9,13,2,11,46,40,19,21,6,1,5,9,4,2,2,5,2,3,30,21,5,16,9,5,4,73,68,28,40,5,3,2,14,11,6,5,3,0,3
S01007524,470,324,106,218,146,28,118,80,38,9,29,42,3,39,52,36,5,31,16,3,13,34,17,2,15,17,1,16,119,89,37,52,30,4,26,22,19,4,15,3,2,1,55,31,9,22,24,8,16,94,86,37,49,8,4,4,14,8,3,5,6,3,3
S01007525,234,198,65,133,36,5,31,28,15,3,12,13,2,11,31,31,9,22,0,0,0,27,19,0,19,8,0,8,42,37,16,21,5,0,5,10,9,2,7,1,0,1,25,21,7,14,4,1,3,58,54,22,32,4,2,2,13,12,6,6,1,0,1
S01007526,285,226,84,142,59,14,45,15,9,1,8,6,2,4,44,37,10,27,7,0,7,18,13,0,13,5,0,5,80,61,34,27,19,4,15,16,13,2,11,3,3,0,22,15,6,9,7,5,2,71,66,24,42,5,0,5,19,12,7,5,7,0,7
S01007527,365,290,105,185,75,29,46,24,20,2,18,4,1,3,40,33,6,27,7,1,6,40,26,5,21,14,3,11,81,68,37,31,13,5,8,18,15,5,10,3,0,3,34,24,6,18,10,4,6,104,93,39,54,11,7,4,24,11,5,6,13,8,5
S01007528,363,289,104,185,74,22,52,41,26,6,20,15,4,11,52,45,10,35,7,2,5,44,27,2,25,17,5,12,73,66,35,31,7,3,4,19,14,2,12,5,0,5,27,16,7,9,11,5,6,89,82,37,45,7,1,6,18,13,5,8,5,2,3
S01007529,274,208,72,136,66,17,49,17,10,1,9,7,0,7,35,25,4,21,10,2,8,27,20,1,19,7,0,7,60,38,21,17,22,5,17,11,8,3,5,3,1,2,24,15,6,9,9,7,2,87,83,29,54,4,0,4,13,9,7,2,4,2,2
S01007530,262,174,62,112,88,21,67,55,25,4,21,30,6,24,20,18,3,15,2,0,2,34,19,2,17,15,1,14,42,30,20,10,12,4,8,8,6,2,4,2,1,1,33,19,5,14,14,5,9,55,49,22,27,6,3,3,15,8,4,4,7,1,6
S01007531,327,219,73,146,108,24,84,77,37,5,32,40,4,36,19,17,5,12,2,1,1,18,10,1,9,8,1,7,57,43,17,26,14,3,11,17,13,2,11,4,1,3,38,23,5,18,15,3,12,82,67,32,35,15,7,8,19,9,6,3,10,4,6
S01007532,284,195,66,129,89,20,69,56,27,3,24,29,4,25,20,11,3,8,9,1,8,27,19,0,19,8,2,6,53,37,20,17,16,3,13,15,13,1,12,2,0,2,27,14,5,9,13,5,8,71,64,29,35,7,3,4,15,10,5,5,5,2,3
S01007533,275,183,58,125,92,22,70,56,18,0,18,38,7,31,13,9,1,8,4,2,2,29,15,2,13,14,2,12,50,40,19,21,10,3,7,11,6,2,4,5,0,5,36,25,10,15,11,4,7,63,60,20,40,3,1,2,17,10,4,6,7,3,4
S01007534,412,334,118,216,78,17,61,30,19,2,17,11,0,11,25,23,4,19,2,0,2,44,29,0,29,15,1,14,108,95,55,40,13,3,10,36,29,3,26,7,1,6,40,25,12,13,15,5,10,102,97,35,62,5,3,2,27,17,7,10,10,4,6
S01007535,449,378,150,228,71,19,52,25,15,1,14,10,3,7,32,26,4,22,6,1,5,39,26,1,25,13,3,10,129,108,64,44,21,5,16,22,17,3,14,5,1,4,41,36,11,25,5,1,4,143,138,59,79,5,3,2,18,12,7,5,6,2,4
S01007536,450,373,130,243,77,12,65,30,23,1,22,7,1,6,25,25,2,23,0,0,0,52,31,1,30,21,1,20,124,100,59,41,24,2,22,35,27,1,26,8,2,6,41,38,8,30,3,1,2,114,112,51,61,2,1,1,29,17,7,10,12,4,8
S01007537,440,363,112,251,77,17,60,29,16,1,15,13,5,8,38,31,1,30,7,4,3,41,28,0,28,13,0,13,102,82,39,43,20,4,16,29,23,4,19,6,0,6,52,41,15,26,11,1,10,127,123,44,79,4,1,3,22,19,8,11,3,2,1
S01007538,448,319,110,209,129,36,93,79,34,6,28,45,10,35,29,17,4,13,12,1,11,31,17,1,16,14,2,12,100,79,38,41,21,8,13,26,20,1,19,6,1,5,39,24,7,17,15,8,7,121,114,48,66,7,2,5,23,14,5,9,9,4,5
S01007539,278,230,69,161,48,15,33,11,6,0,6,5,1,4,21,18,2,16,3,1,2,21,10,2,8,11,1,10,44,34,14,20,10,3,7,17,15,3,12,2,1,1,34,25,5,20,9,4,5,117,111,36,75,6,2,4,13,11,7,4,2,2,0
S01007540,357,304,107,197,53,14,39,27,19,3,16,8,1,7,31,29,3,26,2,1,1,40,26,1,25,14,1,13,95,83,45,38,12,3,9,25,20,5,15,5,2,3,31,24,9,15,7,2,5,92,92,34,58,0,0,0,16,11,7,4,5,4,1
S01007541,329,287,94,193,42,11,31,15,9,3,6,6,2,4,35,30,1,29,5,1,4,38,24,1,23,14,3,11,66,60,26,34,6,1,5,21,19,2,17,2,0,2,34,28,11,17,6,2,4,103,101,43,58,2,1,1,17,16,7,9,1,1,0
S01007542,405,340,113,227,65,16,49,30,24,4,20,6,0,6,35,33,1,32,2,0,2,49,25,3,22,24,1,23,97,87,40,47,10,2,8,20,20,4,16,0,0,0,34,22,8,14,12,5,7,124,116,46,70,8,5,3,16,13,7,6,3,3,0
S01007543,516,453,178,275,63,15,48,33,25,1,24,8,1,7,59,54,4,50,5,0,5,57,38,4,34,19,2,17,148,137,80,57,11,3,8,37,31,4,27,6,1,5,37,34,15,19,3,0,3,125,120,61,59,5,4,1,20,14,9,5,6,4,2
S01007544,410,254,84,170,156,37,119,74,18,3,15,56,11,45,31,25,4,21,6,0,6,28,16,2,14,12,0,12,86,56,27,29,30,6,24,14,6,0,6,8,3,5,45,20,7,13,25,11,14,113,104,37,67,9,3,6,19,9,4,5,10,3,7
S01007545,382,257,90,167,125,35,90,82,33,5,28,49,9,40,21,17,5,12,4,2,2,37,22,4,18,15,4,11,74,54,26,28,20,4,16,23,17,2,15,6,2,4,31,8,2,6,23,11,12,98,93,41,52,5,1,4,16,13,5,8,3,2,1
S01007546,284,210,74,136,74,18,56,45,22,5,17,23,4,19,15,14,0,14,1,0,1,32,16,2,14,16,3,13,45,34,15,19,11,4,7,14,10,1,9,4,1,3,25,15,6,9,10,6,4,99,93,42,51,6,0,6,9,6,3,3,3,0,3
S01007547,302,198,53,145,104,22,82,66,25,3,22,41,7,34,11,8,0,8,3,1,2,22,12,0,12,10,2,8,59,43,20,23,16,2,14,16,10,1,9,6,1,5,33,21,1,20,12,3,9,74,70,24,46,4,2,2,21,9,4,5,12,4,8
S01007548,333,264,93,171,69,23,46,33,17,3,14,16,3,13,23,18,1,17,5,1,4,20,12,0,12,8,1,7,83,66,30,36,17,9,8,26,21,3,18,5,2,3,35,25,7,18,10,4,6,109,102,48,54,7,2,5,4,3,1,2,1,1,0
S01007549,247,179,66,113,68,18,50,32,11,2,9,21,3,18,14,10,2,8,4,1,3,18,8,0,8,10,4,6,53,42,21,21,11,3,8,17,11,1,10,6,1,5,31,23,12,11,8,4,4,68,66,25,41,2,1,1,14,8,3,5,6,1,5
S01007550,361,264,89,175,97,37,60,58,35,2,33,23,5,18,19,14,0,14,5,2,3,17,9,0,9,8,3,5,66,41,24,17,25,5,20,28,18,3,15,10,7,3,48,37,8,29,11,6,5,111,101,50,51,10,7,3,14,9,2,7,5,2,3
S01007551,433,270,92,178,163,45,118,104,30,1,29,74,11,63,22,18,3,15,4,0,4,20,8,0,8,12,2,10,64,39,22,17,25,7,18,17,13,4,9,4,2,2,60,40,8,32,20,8,12,113,104,46,58,9,6,3,33,18,8,10,15,9,6
S01007552,384,333,105,228,51,9,42,47,30,0,30,17,3,14,87,87,7,80,0,0,0,30,24,0,24,6,0,6,70,56,31,25,14,2,12,19,18,3,15,1,0,1,34,28,9,19,6,1,5,86,82,50,32,4,2,2,11,8,5,3,3,1,2
S01007553,316,290,91,199,26,6,20,17,14,0,14,3,0,3,105,100,7,93,5,1,4,20,15,0,15,5,1,4,52,47,31,16,5,0,5,15,10,3,7,5,2,3,16,16,6,10,0,0,0,79,78,39,39,1,1,0,12,10,5,5,2,1,1
S01007554,133,124,28,96,9,2,7,15,12,0,12,3,1,2,37,37,1,36,0,0,0,11,10,1,9,1,0,1,20,18,9,9,2,0,2,3,3,0,3,0,0,0,9,7,1,6,2,1,1,34,33,14,19,1,0,1,4,4,2,2,0,0,0
S01007555,237,198,52,146,39,4,35,35,25,1,24,10,2,8,34,31,1,30,3,1,2,19,12,0,12,7,0,7,30,22,11,11,8,0,8,11,9,2,7,2,0,2,22,16,6,10,6,1,5,80,79,29,50,1,0,1,6,4,2,2,2,0,2
S01007556,201,173,60,113,28,3,25,20,15,0,15,5,1,4,29,27,1,26,2,0,2,25,18,0,18,7,0,7,39,31,21,10,8,0,8,8,6,2,4,2,1,1,22,20,6,14,2,0,2,51,49,29,20,2,1,1,7,7,1,6,0,0,0
S01007557,457,425,147,278,32,6,26,50,48,1,47,2,0,2,96,96,13,83,0,0,0,42,27,2,25,15,0,15,102,96,56,40,6,3,3,16,16,3,13,0,0,0,30,29,10,19,1,0,1,112,106,58,48,6,2,4,9,7,4,3,2,1,1
S01007558,189,131,42,89,58,12,46,52,25,5,20,27,5,22,17,14,3,11,3,1,2,10,5,0,5,5,0,5,33,22,9,13,11,3,8,11,8,1,7,3,1,2,16,12,2,10,4,0,4,46,42,21,21,4,1,3,4,3,1,2,1,1,0
S01007559,382,274,86,188,108,31,77,73,31,2,29,42,7,35,21,15,3,12,6,1,5,28,18,0,18,10,2,8,59,50,28,22,9,3,6,23,13,1,12,10,0,10,50,38,6,32,12,8,4,105,96,42,54,9,4,5,23,13,4,9,10,6,4
S01007560,410,342,126,216,68,20,48,28,17,2,15,11,3,8,28,22,1,21,6,1,5,41,30,2,28,11,4,7,96,81,40,41,15,3,12,20,17,3,14,3,0,3,54,44,15,29,10,4,6,128,121,58,63,7,3,4,15,10,5,5,5,2,3
S01007561,279,241,92,149,38,10,28,30,14,0,14,16,5,11,11,10,2,8,1,1,0,28,20,0,20,8,0,8,56,51,21,30,5,2,3,19,17,5,12,2,0,2,25,24,11,13,1,0,1,103,100,51,49,3,2,1,7,5,2,3,2,0,2
S01007562,394,297,101,196,97,27,70,64,40,3,37,24,1,23,22,15,1,14,7,3,4,34,23,3,20,11,2,9,58,42,25,17,16,2,14,30,23,4,19,7,3,4,46,29,13,16,17,7,10,125,117,47,70,8,5,3,15,8,5,3,7,4,3
S01007563,392,277,105,172,115,40,75,60,37,3,34,23,4,19,21,11,0,11,10,2,8,35,15,2,13,20,3,17,56,41,24,17,15,8,7,17,11,3,8,6,1,5,40,25,12,13,15,2,13,144,130,59,71,14,11,3,19,7,2,5,12,9,3
S01007564,379,255,104,151,124,41,83,79,31,6,25,48,8,40,23,17,4,13,6,3,3,22,11,0,11,11,4,7,78,62,27,35,16,7,9,18,13,4,9,5,1,4,37,21,7,14,16,8,8,101,87,49,38,14,5,9,21,13,7,6,8,5,3
S01007565,446,362,111,251,84,20,64,53,30,3,27,23,1,22,22,16,1,15,6,1,5,35,25,1,24,10,3,7,92,78,42,36,14,1,13,34,29,5,24,5,2,3,52,41,11,30,11,4,7,136,127,39,88,9,4,5,22,16,9,7,6,4,2
S01007566,349,262,86,176,87,9,78,59,26,2,24,33,3,30,32,25,0,25,7,0,7,25,19,1,18,6,0,6,62,49,28,21,13,2,11,20,14,0,14,6,0,6,36,23,7,16,13,2,11,102,98,44,54,4,1,3,13,8,4,4,5,1,4
S01007567,318,236,90,146,82,16,66,50,19,2,17,31,3,28,17,15,2,13,2,0,2,30,17,4,13,13,0,13,48,39,22,17,9,2,7,19,13,2,11,6,2,4,34,29,11,18,5,0,5,102,92,40,52,10,6,4,18,12,7,5,6,3,3
S01007568,342,275,83,192,67,19,48,37,21,3,18,16,2,14,26,22,1,21,4,1,3,17,9,3,6,8,0,8,56,44,19,25,12,3,9,17,13,3,10,4,0,4,41,31,5,26,10,5,5,127,118,41,77,9,5,4,21,17,8,9,4,3,1
S01007569,395,319,98,221,76,15,61,71,39,1,38,32,3,29,28,28,1,27,0,0,0,34,25,1,24,9,0,9,85,69,29,40,16,5,11,16,13,3,10,3,0,3,44,34,14,20,10,5,5,103,100,45,55,3,1,2,14,11,4,7,3,1,2
S01007570,340,283,83,200,57,12,45,22,16,1,15,6,0,6,21,16,0,16,5,1,4,25,14,1,13,11,1,10,69,59,31,28,10,0,10,26,20,3,17,6,2,4,29,23,5,18,6,2,4,135,125,37,88,10,3,7,13,10,5,5,3,3,0
S01007571,287,217,78,139,70,16,54,65,41,6,35,24,2,22,15,12,0,12,3,2,1,18,12,2,10,6,0,6,44,36,20,16,8,4,4,12,9,1,8,3,2,1,33,18,6,12,15,2,13,83,76,37,39,7,2,5,17,13,6,7,4,2,2
S01007572,421,356,120,236,65,16,49,33,25,5,20,8,4,4,32,26,4,22,6,1,5,44,28,2,26,16,3,13,99,83,40,43,16,4,12,14,13,3,10,1,0,1,50,38,15,23,12,1,11,125,123,41,82,2,1,1,24,20,10,10,4,2,2
S01007573,534,489,122,367,45,8,37,24,18,0,18,6,0,6,42,40,1,39,2,0,2,35,27,1,26,8,0,8,112,105,41,64,7,0,7,31,27,4,23,4,1,3,44,37,12,25,7,2,5,227,220,59,161,7,3,4,19,15,4,11,4,2,2
S01007574,465,430,165,265,35,9,26,14,13,3,10,1,0,1,31,31,2,29,0,0,0,39,32,3,29,7,2,5,141,132,67,65,9,0,9,26,22,3,19,4,2,2,43,35,16,19,8,3,5,147,145,60,85,2,0,2,24,20,11,9,4,2,2
S01007575,336,306,114,192,30,6,24,15,13,0,13,2,0,2,20,17,0,17,3,2,1,43,34,3,31,9,1,8,101,96,47,49,5,1,4,28,21,5,16,7,1,6,23,22,11,11,1,0,1,99,96,43,53,3,1,2,7,7,5,2,0,0,0
S01007576,228,212,92,120,16,5,11,6,5,0,5,1,0,1,18,17,2,15,1,1,0,19,15,0,15,4,1,3,85,81,43,38,4,1,3,14,12,4,8,2,1,1,19,17,14,3,2,0,2,57,55,22,33,2,1,1,10,10,7,3,0,0,0
S01007577,251,235,87,148,16,3,13,14,12,0,12,2,1,1,18,16,3,13,2,0,2,29,23,2,21,6,0,6,93,90,44,46,3,1,2,8,8,2,6,0,0,0,16,14,7,7,2,1,1,63,63,27,36,0,0,0,10,9,2,7,1,0,1
S01007578,278,256,95,161,22,3,19,11,10,0,10,1,0,1,28,28,1,27,0,0,0,34,24,0,24,10,1,9,93,89,49,40,4,1,3,17,14,3,11,3,0,3,23,21,9,12,2,1,1,67,66,32,34,1,0,1,5,4,1,3,1,0,1
S01007579,281,268,102,166,13,3,10,12,11,0,11,1,0,1,22,22,0,22,0,0,0,25,24,2,22,1,0,1,83,80,44,36,3,1,2,11,9,4,5,2,0,2,27,25,13,12,2,0,2,86,85,34,51,1,1,0,15,12,5,7,3,1,2
S01007580,334,318,115,203,16,3,13,18,14,2,12,4,0,4,39,39,1,38,0,0,0,28,26,3,23,2,1,1,108,103,56,47,5,0,5,19,17,5,12,2,1,1,24,22,9,13,2,0,2,89,89,37,52,0,0,0,9,8,2,6,1,1,0
S01007581,218,197,79,118,21,4,17,9,6,1,5,3,0,3,21,21,0,21,0,0,0,27,17,0,17,10,1,9,67,64,43,21,3,2,1,17,14,3,11,3,1,2,18,18,4,14,0,0,0,48,48,24,24,0,0,0,11,9,4,5,2,0,2
S01007582,300,277,93,184,23,6,17,15,13,1,12,2,1,1,22,21,3,18,1,0,1,28,20,4,16,8,1,7,82,79,41,38,3,1,2,14,10,3,7,4,0,4,31,27,7,20,4,3,1,97,96,32,64,1,0,1,11,11,2,9,0,0,0
S01007583,416,387,156,231,29,4,25,24,19,3,16,5,0,5,34,32,1,31,2,1,1,34,28,2,26,6,0,6,131,127,73,54,4,1,3,19,17,4,13,2,0,2,41,38,17,21,3,2,1,112,107,47,60,5,0,5,21,19,9,10,2,0,2
S01007584,292,262,103,159,30,6,24,19,14,1,13,5,1,4,31,30,4,26,1,0,1,22,14,2,12,8,1,7,83,81,41,40,2,1,1,23,16,3,13,7,2,5,20,18,11,7,2,1,1,83,81,38,43,2,0,2,11,8,3,5,3,0,3
S01007585,409,367,116,251,42,9,33,18,12,1,11,6,0,6,34,31,1,30,3,0,3,40,31,2,29,9,1,8,77,71,34,37,6,2,4,23,18,5,13,5,2,3,44,38,11,27,6,1,5,151,147,52,95,4,3,1,22,19,10,9,3,0,3
S01007586,373,344,137,207,29,12,17,13,13,2,11,0,0,0,27,27,0,27,0,0,0,31,26,0,26,5,1,4,138,127,61,66,11,4,7,12,8,0,8,4,2,2,26,25,15,10,1,0,1,105,104,51,53,1,0,1,21,14,8,6,7,5,2
S01007587,324,285,87,198,39,6,33,18,15,0,15,3,0,3,21,21,1,20,0,0,0,32,19,1,18,13,0,13,55,49,23,26,6,2,4,15,13,0,13,2,0,2,29,22,6,16,7,3,4,138,134,51,83,4,1,3,16,12,5,7,4,0,4
S01007588,399,337,122,215,62,9,53,18,15,0,15,3,0,3,24,23,0,23,1,0,1,16,9,0,9,7,0,7,93,76,49,27,17,2,15,15,12,2,10,3,0,3,48,32,9,23,16,5,11,164,152,53,99,12,1,11,21,18,9,9,3,1,2
S01007589,422,374,105,269,48,14,34,19,16,0,16,3,0,3,27,26,2,24,1,1,0,28,20,1,19,8,0,8,80,75,33,42,5,0,5,23,19,2,17,4,1,3,61,48,11,37,13,7,6,166,156,51,105,10,4,6,18,14,5,9,4,1,3
S01007590,284,238,66,172,46,7,39,10,6,0,6,4,0,4,19,18,0,18,1,0,1,18,11,1,10,7,2,5,54,40,17,23,14,0,14,12,9,0,9,3,0,3,29,21,6,15,8,2,6,134,127,37,90,7,3,4,8,6,5,1,2,0,2
S01007591,318,286,84,202,32,10,22,10,10,0,10,0,0,0,35,33,2,31,2,2,0,19,11,0,11,8,1,7,59,56,26,30,3,1,2,25,19,3,16,6,1,5,35,29,10,19,6,1,5,121,116,38,78,5,3,2,14,12,5,7,2,1,1
S01007592,328,308,116,192,20,3,17,14,13,1,12,1,0,1,25,25,2,23,0,0,0,33,28,2,26,5,0,5,88,86,45,41,2,1,1,10,9,3,6,1,0,1,27,26,15,11,1,0,1,122,114,47,67,8,2,6,9,7,1,6,2,0,2
S01007593,497,425,144,281,72,22,50,18,12,1,11,6,2,4,49,42,1,41,7,3,4,36,28,2,26,8,1,7,121,104,53,51,17,5,12,13,12,1,11,1,0,1,54,37,16,21,17,6,11,172,163,59,104,9,3,6,34,27,11,16,7,2,5
S01007594,434,360,112,248,74,25,49,28,15,0,15,13,4,9,40,39,2,37,1,0,1,38,26,5,21,12,1,11,88,79,39,40,9,1,8,23,17,1,16,6,2,4,45,32,17,15,13,8,5,149,137,39,98,12,7,5,23,15,9,6,8,2,6
S01007595,561,376,110,266,185,39,146,76,25,1,24,51,15,36,39,36,1,35,3,0,3,46,22,2,20,24,6,18,105,79,35,44,26,3,23,28,24,1,23,4,0,4,38,24,6,18,14,6,8,193,144,56,88,49,5,44,36,22,8,14,14,4,10
S01007596,239,171,65,106,68,12,56,27,10,3,7,17,2,15,18,13,3,10,5,0,5,21,12,1,11,9,1,8,63,50,23,27,13,2,11,11,8,0,8,3,0,3,19,14,3,11,5,2,3,61,53,26,27,8,2,6,19,11,6,5,8,3,5
S01007597,327,259,74,185,68,16,52,49,16,1,15,33,6,27,36,32,2,30,4,1,3,23,12,0,12,11,2,9,58,51,23,28,7,1,6,15,15,2,13,0,0,0,27,23,8,15,4,1,3,100,95,34,61,5,2,3,19,15,4,11,4,3,1
S01007598,332,269,90,179,63,15,48,24,11,0,11,13,2,11,20,17,0,17,3,1,2,38,24,3,21,14,2,12,66,55,26,29,11,4,7,18,16,5,11,2,0,2,39,26,5,21,13,4,9,122,117,50,67,5,1,4,5,3,1,2,2,1,1
S01007599,429,387,149,238,42,10,32,20,15,1,14,5,1,4,26,23,0,23,3,2,1,22,13,2,11,9,1,8,95,89,50,39,6,0,6,22,16,4,12,6,0,6,31,27,11,16,4,1,3,197,192,77,115,5,3,2,16,12,4,8,4,2,2
S01007600,517,445,115,330,72,16,56,22,17,1,16,5,3,2,43,39,1,38,4,1,3,34,22,4,18,12,0,12,93,76,34,42,17,3,14,29,23,2,21,6,3,3,49,36,12,24,13,2,11,231,224,59,165,7,1,6,16,8,2,6,8,3,5
S01007601,401,371,104,267,30,10,20,11,10,1,9,1,0,1,31,30,3,27,1,0,1,37,30,0,30,7,2,5,87,79,33,46,8,3,5,27,26,2,24,1,0,1,38,35,12,23,3,1,2,152,150,48,102,2,0,2,18,11,5,6,7,4,3
S01007602,367,333,111,222,34,9,25,17,13,1,12,4,0,4,31,30,1,29,1,0,1,24,22,3,19,2,0,2,74,63,25,38,11,2,9,17,16,3,13,1,0,1,29,23,11,12,6,3,3,163,159,66,93,4,1,3,12,7,1,6,5,3,2
S01007603,484,449,138,311,35,11,24,22,20,0,20,2,0,2,42,41,2,39,1,1,0,37,28,3,25,9,2,7,91,86,40,46,5,0,5,18,15,1,14,3,1,2,38,32,9,23,6,1,5,215,210,71,139,5,4,1,21,17,12,5,4,2,2
S01007604,456,415,125,290,41,14,27,22,16,1,15,6,3,3,36,35,0,35,1,1,0,32,26,3,23,6,1,5,82,71,35,36,11,2,9,15,12,3,9,3,2,1,44,38,10,28,6,1,5,207,202,67,135,5,2,3,18,15,6,9,3,2,1
S01007605,457,423,126,297,34,8,26,14,12,1,11,2,0,2,40,38,2,36,2,1,1,28,22,1,21,6,0,6,105,98,37,61,7,2,5,33,28,6,22,5,1,4,37,33,8,25,4,1,3,180,176,64,112,4,1,3,20,16,7,9,4,2,2
S01007606,309,277,82,195,32,7,25,11,9,2,7,2,1,1,29,27,1,26,2,0,2,28,20,0,20,8,1,7,53,45,17,28,8,2,6,12,9,1,8,3,0,3,34,30,9,21,4,1,3,128,126,48,78,2,1,1,14,11,4,7,3,1,2
S01007607,388,358,105,253,30,7,23,9,9,2,7,0,0,0,28,28,0,28,0,0,0,26,22,0,22,4,0,4,77,73,30,43,4,1,3,27,26,4,22,1,0,1,29,23,5,18,6,1,5,176,167,60,107,9,3,6,16,10,4,6,6,2,4
S01007608,406,374,113,261,32,7,25,19,15,2,13,4,2,2,22,20,2,18,2,1,1,24,19,2,17,5,0,5,95,85,33,52,10,1,9,25,24,4,20,1,0,1,34,33,10,23,1,0,1,174,170,55,115,4,2,2,13,8,5,3,5,1,4
S01007609,424,399,145,254,25,7,18,17,16,1,15,1,0,1,20,19,2,17,1,0,1,38,32,3,29,6,2,4,121,115,50,65,6,3,3,26,23,5,18,3,0,3,32,31,11,20,1,0,1,148,145,64,81,3,1,2,22,18,9,9,4,1,3
S01007610,217,202,68,134,15,3,12,8,8,1,7,0,0,0,21,20,1,19,1,0,1,19,14,1,13,5,1,4,53,51,26,25,2,0,2,16,13,2,11,3,1,2,16,16,6,10,0,0,0,79,76,30,46,3,1,2,5,4,1,3,1,0,1
S01007611,386,363,109,254,23,5,18,13,11,1,10,2,0,2,34,33,2,31,1,1,0,25,20,3,17,5,1,4,111,105,49,56,6,1,5,26,21,3,18,5,0,5,29,26,6,20,3,2,1,135,134,40,94,1,0,1,13,13,5,8,0,0,0
S01007612,530,476,159,317,54,11,43,22,19,3,16,3,1,2,30,27,2,25,3,1,2,26,12,1,11,14,3,11,179,164,78,86,15,2,13,42,39,6,33,3,1,2,52,44,13,31,8,1,7,149,148,49,99,1,0,1,30,23,7,16,7,2,5
S01007613,392,311,91,220,81,15,66,13,7,0,7,6,0,6,18,17,1,16,1,0,1,25,11,0,11,14,2,12,96,71,39,32,25,3,22,26,21,7,14,5,2,3,38,27,7,20,11,5,6,160,148,31,117,12,1,11,16,9,6,3,7,2,5
S01007614,423,374,124,250,49,15,34,20,9,0,9,11,4,7,23,23,1,22,0,0,0,22,18,0,18,4,1,3,70,59,34,25,11,0,11,12,12,1,11,0,0,0,53,43,15,28,10,3,7,208,202,68,134,6,1,5,15,8,5,3,7,6,1
S01007615,530,464,144,320,66,13,53,15,12,0,12,3,1,2,38,36,6,30,2,1,1,32,21,2,19,11,1,10,126,103,44,59,23,3,20,34,27,5,22,7,1,6,53,42,5,37,11,2,9,207,203,77,126,4,3,1,25,20,5,15,5,1,4
S01007616,367,338,100,238,29,5,24,13,12,1,11,1,0,1,17,17,0,17,0,0,0,25,18,1,17,7,0,7,102,91,39,52,11,0,11,31,29,4,25,2,1,1,34,31,7,24,3,2,1,124,123,42,81,1,1,0,21,17,6,11,4,1,3
S01007617,249,226,91,135,23,5,18,14,12,1,11,2,1,1,16,15,0,15,1,0,1,21,12,0,12,9,0,9,87,82,47,35,5,1,4,16,14,1,13,2,0,2,15,13,5,8,2,1,1,70,68,33,35,2,2,0,10,10,4,6,0,0,0
S01007618,263,249,98,151,14,3,11,8,8,1,7,0,0,0,32,31,2,29,1,0,1,22,17,0,17,5,2,3,82,78,38,40,4,0,4,23,21,8,13,2,0,2,18,17,8,9,1,1,0,73,73,39,34,0,0,0,5,4,2,2,1,0,1
S01007619,297,279,104,175,18,6,12,11,11,1,10,0,0,0,39,38,5,33,1,1,0,30,23,0,23,7,1,6,84,80,43,37,4,1,3,16,13,3,10,3,1,2,22,21,10,11,1,1,0,83,82,40,42,1,1,0,12,11,2,9,1,0,1
S01007620,314,272,72,200,42,12,30,18,14,2,12,4,1,3,25,24,0,24,1,0,1,27,17,0,17,10,0,10,68,57,21,36,11,5,6,18,17,3,14,1,0,1,24,18,7,11,6,1,5,122,118,35,83,4,1,3,12,7,4,3,5,4,1
S01007621,328,295,93,202,33,6,27,11,10,0,10,1,0,1,42,40,2,38,2,0,2,36,25,3,22,11,0,11,76,69,34,35,7,2,5,20,18,4,14,2,0,2,27,22,8,14,5,1,4,103,102,38,64,1,1,0,13,9,4,5,4,2,2
S01007622,275,243,80,163,32,11,21,9,5,0,5,4,2,2,29,27,4,23,2,0,2,23,19,0,19,4,0,4,67,57,26,31,10,3,7,28,25,7,18,3,0,3,17,14,7,7,3,2,1,88,87,33,54,1,1,0,14,9,3,6,5,3,2
S01007623,319,279,81,198,40,13,27,10,8,1,7,2,2,0,26,23,2,21,3,0,3,26,18,1,17,8,0,8,72,65,29,36,7,3,4,11,9,0,9,2,0,2,22,17,6,11,5,1,4,135,131,39,92,4,1,3,17,8,3,5,9,6,3
S01007624,394,361,117,244,33,10,23,18,16,0,16,2,0,2,45,45,4,41,0,0,0,24,17,1,16,7,0,7,93,84,43,41,9,3,6,23,21,1,20,2,0,2,32,30,9,21,2,2,0,136,130,50,80,6,3,3,23,18,9,9,5,2,3
S01007625,278,251,68,183,27,5,22,14,12,0,12,2,1,1,32,29,1,28,3,0,3,18,16,2,14,2,0,2,58,47,20,27,11,4,7,18,14,0,14,4,0,4,20,19,7,12,1,0,1,103,100,34,66,3,0,3,15,14,4,10,1,0,1
S01007626,397,365,102,263,32,5,27,15,11,2,9,4,0,4,57,55,2,53,2,0,2,29,21,3,18,8,0,8,75,70,31,39,5,0,5,30,27,2,25,3,1,2,31,28,6,22,3,0,3,143,140,52,88,3,2,1,17,13,4,9,4,2,2
S01007627,295,257,68,189,38,11,27,14,14,0,14,0,0,0,28,28,1,27,0,0,0,22,13,0,13,9,0,9,60,50,22,28,10,3,7,18,15,0,15,3,2,1,32,26,4,22,6,3,3,106,104,41,63,2,0,2,15,7,0,7,8,3,5
S01007628,330,277,81,196,53,13,40,23,15,0,15,8,2,6,21,18,1,17,3,2,1,24,14,2,12,10,1,9,83,71,30,41,12,0,12,18,11,0,11,7,2,5,31,25,5,20,6,2,4,117,114,40,74,3,2,1,13,9,3,6,4,2,2
S01007629,359,287,87,200,72,15,57,34,17,2,15,17,1,16,30,25,4,21,5,1,4,27,22,4,18,5,0,5,88,73,29,44,15,0,15,27,23,2,21,4,1,3,34,18,6,12,16,4,12,106,102,38,64,4,3,1,13,7,2,5,6,5,1
S01007630,463,346,108,238,117,21,96,76,34,6,28,42,3,39,27,23,3,20,4,0,4,37,20,0,20,17,2,15,99,77,40,37,22,4,18,22,18,2,16,4,0,4,36,25,9,16,11,4,7,155,143,46,97,12,7,5,11,6,2,4,5,1,4
S01007631,311,209,74,135,102,29,73,59,27,1,26,32,8,24,29,22,2,20,7,2,5,32,16,3,13,16,1,15,34,28,17,11,6,2,4,16,12,4,8,4,2,2,34,17,6,11,17,6,11,94,80,36,44,14,4,10,13,7,5,2,6,4,2
S01007632,462,408,112,296,54,17,37,24,16,1,15,8,0,8,48,45,5,40,3,1,2,59,47,3,44,12,0,12,109,97,47,50,12,7,5,33,31,1,30,2,1,1,30,22,5,17,8,4,4,136,130,43,87,6,3,3,23,20,7,13,3,1,2
S01007633,454,397,126,271,57,12,45,19,14,1,13,5,0,5,51,50,0,50,1,1,0,67,53,4,49,14,1,13,100,94,51,43,6,1,5,26,20,3,17,6,2,4,39,26,10,16,13,3,10,140,130,53,77,10,4,6,12,10,4,6,2,0,2
S01007634,290,234,69,165,56,16,40,48,24,3,21,24,5,19,19,18,0,18,1,0,1,24,19,0,19,5,1,4,52,48,20,28,4,1,3,19,14,1,13,5,2,3,27,19,7,12,8,2,6,96,88,36,52,8,5,3,5,4,2,2,1,0,1
S01007635,268,223,71,152,45,12,33,20,11,0,11,9,3,6,24,24,2,22,0,0,0,20,14,2,12,6,0,6,63,54,23,31,9,0,9,21,17,1,16,4,3,1,23,17,4,13,6,2,4,83,76,35,41,7,3,4,14,10,4,6,4,1,3
S01007636,360,308,79,229,52,17,35,30,19,1,18,11,2,9,47,44,2,42,3,1,2,30,21,1,20,9,2,7,79,69,27,42,10,2,8,25,21,6,15,4,1,3,42,37,10,27,5,2,3,94,88,29,59,6,3,3,13,9,3,6,4,4,0
S01007637,404,352,99,253,52,13,39,26,17,2,15,9,3,6,65,63,5,58,2,0,2,50,40,3,37,10,2,8,80,74,32,42,6,2,4,35,27,5,22,8,0,8,34,29,8,21,5,0,5,95,90,39,51,5,1,4,19,12,5,7,7,5,2
S01007638,361,317,93,224,44,8,36,15,9,1,8,6,2,4,46,44,3,41,2,1,1,44,33,0,33,11,1,10,92,85,46,39,7,1,6,30,24,1,23,6,2,4,22,19,7,12,3,0,3,97,92,29,63,5,0,5,15,11,6,5,4,1,3
S01007639,512,473,147,326,39,8,31,23,18,3,15,5,1,4,88,87,8,79,1,0,1,59,47,3,44,12,0,12,132,123,60,63,9,3,6,43,39,4,35,4,1,3,34,29,10,19,5,2,3,118,116,52,64,2,1,1,15,14,7,7,1,0,1
S01007640,362,256,73,183,106,18,88,85,37,4,33,48,4,44,30,26,3,23,4,0,4,39,18,1,17,21,4,17,54,47,22,25,7,2,5,22,19,5,14,3,0,3,37,28,10,18,9,3,6,84,78,26,52,6,2,4,11,3,2,1,8,3,5
S01007641,404,318,122,196,86,19,67,48,28,7,21,20,2,18,32,28,7,21,4,2,2,38,23,3,20,15,2,13,100,81,44,37,19,2,17,23,18,3,15,5,0,5,44,32,7,25,12,3,9,105,102,48,54,3,3,0,14,6,3,3,8,5,3
S01007642,361,263,79,184,98,29,69,28,17,3,14,11,2,9,31,22,4,18,9,2,7,36,26,2,24,10,2,8,103,66,28,38,37,7,30,17,14,1,13,3,0,3,26,18,6,12,8,5,3,98,87,33,54,11,6,5,22,13,2,11,9,5,4
S01007643,430,345,120,225,85,20,65,23,19,5,14,4,1,3,26,23,1,22,3,2,1,45,32,2,30,13,3,10,136,104,53,51,32,2,30,24,21,3,18,3,1,2,45,29,6,23,16,6,10,115,106,46,60,9,2,7,16,11,4,7,5,3,2
S01007644,344,286,112,174,58,17,41,22,14,1,13,8,1,7,15,14,3,11,1,0,1,42,34,0,34,8,1,7,94,83,41,42,11,3,8,22,21,3,18,1,0,1,27,18,6,12,9,2,7,108,92,52,40,16,7,9,14,10,6,4,4,3,1
S01007645,270,181,55,126,89,20,69,55,17,2,15,38,8,30,19,16,1,15,3,0,3,25,12,4,8,13,2,11,59,50,23,27,9,1,8,15,11,1,10,4,1,3,31,18,3,15,13,4,9,62,56,21,35,6,3,3,4,1,0,1,3,1,2
S01007646,295,203,51,152,92,23,69,74,36,5,31,38,6,32,24,18,1,17,6,2,4,17,11,1,10,6,1,5,54,43,14,29,11,6,5,21,16,2,14,5,0,5,27,20,4,16,7,3,4,52,46,20,26,6,1,5,26,13,4,9,13,4,9
S01007647,335,280,70,210,55,17,38,15,9,0,9,6,1,5,36,35,7,28,1,1,0,40,25,1,24,15,0,15,96,86,29,57,10,3,7,28,26,3,23,2,1,1,25,19,6,13,6,3,3,81,77,23,54,4,2,2,14,3,1,2,11,6,5
S01007648,436,366,102,264,70,22,48,16,7,0,7,9,3,6,58,55,6,49,3,1,2,35,21,0,21,14,4,10,130,113,28,85,17,3,14,28,24,4,20,4,1,3,33,27,13,14,6,4,2,110,104,43,61,6,4,2,26,15,8,7,11,2,9
S01007649,379,316,102,214,63,9,54,30,13,1,12,17,1,16,55,52,5,47,3,1,2,46,24,3,21,22,2,20,85,79,34,45,6,0,6,26,23,4,19,3,0,3,30,26,10,16,4,1,3,89,85,38,47,4,2,2,18,14,7,7,4,2,2
S01007650,486,370,116,254,116,28,88,78,25,3,22,53,4,49,41,35,5,30,6,0,6,35,30,1,29,5,1,4,110,95,46,49,15,4,11,51,37,7,30,14,6,8,39,29,10,19,10,3,7,113,108,39,69,5,3,2,19,11,5,6,8,7,1
S01007651,307,204,65,139,103,18,85,82,24,4,20,58,8,50,31,27,2,25,4,1,3,23,12,1,11,11,1,10,46,39,17,22,7,2,5,19,15,3,12,4,1,3,29,19,4,15,10,3,7,66,60,30,30,6,2,4,11,8,4,4,3,0,3
S01007652,251,199,64,135,52,8,44,39,24,6,18,15,1,14,18,16,1,15,2,0,2,25,13,0,13,12,1,11,72,63,29,34,9,2,7,15,11,1,10,4,0,4,21,18,4,14,3,0,3,55,50,20,30,5,2,3,6,4,3,1,2,2,0
S01007653,465,345,110,235,120,28,92,79,37,8,29,42,8,34,40,36,3,33,4,0,4,60,32,4,28,28,2,26,95,86,40,46,9,2,7,27,20,2,18,7,0,7,35,24,8,16,11,8,3,115,106,43,63,9,4,5,14,4,2,2,10,4,6
S01007654,502,409,137,272,93,18,75,67,37,4,33,30,3,27,62,60,2,58,2,2,0,62,45,2,43,17,2,15,117,102,53,49,15,4,11,29,26,5,21,3,0,3,32,21,10,11,11,5,6,116,110,54,56,6,1,5,17,8,7,1,9,1,8
S01007655,396,238,74,164,158,34,124,118,29,2,27,89,15,74,24,23,4,19,1,1,0,41,18,2,16,23,4,19,54,42,14,28,12,1,11,20,15,4,11,5,2,3,40,23,9,14,17,7,10,90,83,36,47,7,3,4,9,5,3,2,4,1,3
S01007656,409,301,94,207,108,15,93,99,46,11,35,53,5,48,46,38,4,34,8,2,6,36,17,1,16,19,1,18,69,64,30,34,5,1,4,13,11,3,8,2,0,2,34,25,7,18,9,2,7,95,94,36,58,1,1,0,17,6,2,4,11,3,8
S01007657,238,183,61,122,55,3,52,43,18,4,14,25,0,25,13,12,0,12,1,0,1,28,20,3,17,8,0,8,63,51,25,26,12,1,11,8,7,1,6,1,0,1,11,6,1,5,5,0,5,67,67,25,42,0,0,0,5,2,2,0,3,2,1
S01007658,245,184,59,125,61,11,50,41,22,2,20,19,4,15,26,20,3,17,6,0,6,18,9,1,8,9,1,8,48,40,12,28,8,0,8,4,2,1,1,2,1,1,27,23,8,15,4,2,2,66,63,28,35,3,1,2,15,5,4,1,10,2,8
S01007659,359,282,97,185,77,16,61,67,35,3,32,32,3,29,41,38,7,31,3,1,2,29,19,1,18,10,1,9,65,58,31,27,7,2,5,19,13,3,10,6,0,6,22,12,4,8,10,4,6,102,98,46,52,4,3,1,14,9,2,7,5,2,3
S01007660,393,358,110,248,35,10,25,12,8,1,7,4,0,4,104,103,12,91,1,1,0,32,21,3,18,11,2,9,84,81,40,41,3,0,3,28,25,2,23,3,1,2,30,26,13,13,4,1,3,87,82,33,49,5,4,1,16,12,6,6,4,1,3
S01007661,327,277,97,180,50,13,37,20,17,3,14,3,1,2,49,46,5,41,3,0,3,25,15,3,12,10,4,6,76,63,39,24,13,1,12,20,16,0,16,4,0,4,27,22,11,11,5,1,4,99,91,33,58,8,4,4,11,7,3,4,4,2,2
S01007662,382,343,103,240,39,13,26,25,19,2,17,6,3,3,74,73,4,69,1,0,1,41,27,2,25,14,2,12,62,60,36,24,2,1,1,23,20,5,15,3,1,2,32,24,9,15,8,2,6,113,111,41,70,2,2,0,12,9,4,5,3,2,1
S01007663,396,354,119,235,42,11,31,32,28,2,26,4,2,2,62,61,3,58,1,0,1,33,23,0,23,10,2,8,84,73,45,28,11,0,11,21,17,2,15,4,0,4,31,27,12,15,4,1,3,116,111,48,63,5,4,1,17,14,7,7,3,2,1
S01007664,267,238,78,160,29,11,18,8,8,2,6,0,0,0,72,70,8,62,2,1,1,17,12,1,11,5,1,4,64,56,37,19,8,3,5,15,13,2,11,2,0,2,27,17,5,12,10,5,5,53,52,19,33,1,1,0,11,10,4,6,1,0,1
S01007665,317,295,85,210,22,8,14,20,18,0,18,2,1,1,74,74,7,67,0,0,0,18,12,0,12,6,1,5,94,89,47,42,5,2,3,11,9,0,9,2,1,1,18,14,4,10,4,1,3,67,67,20,47,0,0,0,15,12,7,5,3,2,1
S01007666,243,220,61,159,23,6,17,27,27,1,26,0,0,0,29,28,2,26,1,0,1,20,15,1,14,5,1,4,38,34,21,13,4,0,4,9,5,1,4,4,2,2,23,20,5,15,3,1,2,90,87,28,59,3,0,3,7,4,2,2,3,2,1
S01007667,377,331,93,238,46,15,31,35,28,1,27,7,3,4,56,53,5,48,3,0,3,32,21,2,19,11,1,10,46,44,22,22,2,1,1,21,20,4,16,1,1,0,40,30,11,19,10,3,7,135,126,40,86,9,4,5,12,9,8,1,3,2,1
S01007668,469,440,138,302,29,5,24,19,15,2,13,4,0,4,102,101,3,98,1,0,1,35,27,1,26,8,1,7,111,108,61,47,3,0,3,38,34,9,25,4,1,3,32,29,9,20,3,1,2,118,113,46,67,5,2,3,14,13,7,6,1,0,1
S01007669,259,237,71,166,22,9,13,17,12,0,12,5,3,2,68,67,8,59,1,1,0,15,12,1,11,3,0,3,47,43,22,21,4,1,3,18,13,2,11,5,1,4,21,18,8,10,3,2,1,60,59,22,37,1,1,0,13,13,8,5,0,0,0
S01007670,302,283,90,193,19,3,16,20,17,0,17,3,0,3,70,68,8,60,2,0,2,22,16,1,15,6,2,4,67,65,32,33,2,0,2,15,15,3,12,0,0,0,27,22,9,13,5,0,5,76,76,35,41,0,0,0,5,4,2,2,1,1,0
S01007671,390,303,80,223,87,16,71,63,38,5,33,25,3,22,40,31,3,28,9,5,4,27,14,2,12,13,0,13,63,58,26,32,5,1,4,24,19,3,16,5,0,5,49,33,10,23,16,3,13,110,104,31,73,6,2,4,14,6,0,6,8,2,6
S01007672,381,322,109,213,59,9,50,39,29,2,27,10,2,8,47,44,6,38,3,1,2,24,18,2,16,6,1,5,59,48,27,21,11,2,9,20,20,7,13,0,0,0,43,28,13,15,15,1,14,131,122,45,77,9,2,7,18,13,7,6,5,0,5
S01007673,395,342,97,245,53,14,39,29,24,3,21,5,1,4,63,61,8,53,2,0,2,34,13,0,13,21,3,18,104,98,43,55,6,1,5,21,18,3,15,3,0,3,40,32,8,24,8,4,4,94,88,28,60,6,3,3,10,8,4,4,2,2,0
S01007674,358,334,94,240,24,5,19,30,26,0,26,4,1,3,67,65,8,57,2,1,1,39,32,3,29,7,0,7,94,90,46,44,4,1,3,31,28,1,27,3,1,2,17,16,5,11,1,0,1,68,66,29,37,2,0,2,12,11,2,9,1,1,0
S01007675,308,263,78,185,45,9,36,41,25,2,23,16,4,12,41,40,5,35,1,0,1,34,21,5,16,13,1,12,70,61,36,25,9,2,7,25,25,1,24,0,0,0,21,18,4,14,3,0,3,67,65,22,43,2,1,1,9,8,3,5,1,1,0
S01007676,384,277,89,188,107,22,85,76,31,3,28,45,4,41,36,30,5,25,6,1,5,36,17,3,14,19,6,13,89,75,37,38,14,1,13,28,24,4,20,4,1,3,32,20,5,15,12,6,6,75,72,24,48,3,1,2,12,8,8,0,4,2,2
S01007677,251,220,67,153,31,7,24,14,10,0,10,4,0,4,33,31,3,28,2,0,2,15,12,1,11,3,0,3,67,61,28,33,6,4,2,32,26,4,22,6,1,5,26,22,9,13,4,0,4,53,50,18,32,3,1,2,11,8,4,4,3,1,2
S01007678,345,312,94,218,33,7,26,18,11,1,10,7,2,5,44,40,6,34,4,0,4,33,27,0,27,6,1,5,104,100,48,52,4,0,4,36,32,6,26,4,2,2,24,20,4,16,4,0,4,69,67,21,46,2,1,1,17,15,8,7,2,1,1
S01007679,313,285,92,193,28,4,24,11,6,2,4,5,1,4,52,50,3,47,2,0,2,17,11,0,11,6,0,6,103,99,52,47,4,1,3,37,34,6,28,3,1,2,20,18,6,12,2,1,1,61,61,20,41,0,0,0,12,6,3,3,6,0,6
S01007680,501,437,142,295,64,16,48,23,19,1,18,4,1,3,56,48,5,43,8,4,4,40,22,1,21,18,2,16,172,160,81,79,12,0,12,42,38,6,32,4,1,3,38,34,9,25,4,1,3,118,111,36,75,7,5,2,12,5,3,2,7,2,5
S01007681,218,185,44,141,33,7,26,19,13,0,13,6,0,6,19,18,2,16,1,0,1,17,14,0,14,3,0,3,77,63,21,42,14,5,9,16,14,1,13,2,0,2,23,21,6,15,2,0,2,43,41,14,27,2,1,1,4,1,0,1,3,1,2
S01007682,451,375,95,280,76,24,52,13,11,1,10,2,1,1,17,15,1,14,2,0,2,19,13,2,11,6,1,5,79,63,34,29,16,5,11,30,22,2,20,8,4,4,64,46,10,36,18,4,14,209,193,40,153,16,7,9,20,12,5,7,8,2,6
S01007683,329,290,75,215,39,12,27,3,3,0,3,0,0,0,12,8,0,8,4,1,3,17,12,1,11,5,2,3,43,33,25,8,10,3,7,14,13,1,12,1,0,1,34,30,10,20,4,1,3,187,176,29,147,11,5,6,19,15,9,6,4,0,4
S01007684,352,309,104,205,43,15,28,11,11,2,9,0,0,0,16,15,1,14,1,1,0,13,11,3,8,2,0,2,63,49,28,21,14,5,9,23,22,5,17,1,0,1,31,23,6,17,8,3,5,179,163,51,112,16,6,10,16,15,8,7,1,0,1
S01007685,370,303,100,203,67,16,51,1,1,0,1,0,0,0,19,16,0,16,3,0,3,12,9,0,9,3,0,3,66,55,40,15,11,1,10,11,7,2,5,4,0,4,56,41,9,32,15,4,11,175,151,35,116,24,9,15,30,23,14,9,7,2,5
S01007686,331,294,80,214,37,6,31,5,4,0,4,1,0,1,8,6,0,6,2,0,2,22,17,2,15,5,0,5,51,40,26,14,11,2,9,23,20,3,17,3,1,2,42,31,7,24,11,1,10,161,160,36,124,1,0,1,19,16,6,10,3,2,1
S01007687,426,381,120,261,45,15,30,4,4,0,4,0,0,0,19,19,1,18,0,0,0,14,8,0,8,6,3,3,87,81,53,28,6,0,6,34,27,3,24,7,2,5,65,51,13,38,14,4,10,170,165,40,125,5,2,3,33,26,10,16,7,4,3
S01007688,498,454,154,300,44,16,28,10,10,1,9,0,0,0,25,24,3,21,1,1,0,13,11,0,11,2,0,2,125,117,80,37,8,3,5,48,40,1,39,8,1,7,64,56,15,41,8,4,4,185,176,41,135,9,2,7,28,20,13,7,8,5,3
S01007689,292,258,86,172,34,11,23,4,4,0,4,0,0,0,14,12,1,11,2,1,1,6,3,0,3,3,0,3,68,64,49,15,4,0,4,19,15,4,11,4,1,3,44,38,4,34,6,1,5,113,104,21,83,9,6,3,24,18,7,11,6,2,4
S01007690,362,331,156,175,31,12,19,1,1,0,1,0,0,0,7,7,1,6,0,0,0,13,7,0,7,6,1,5,129,125,94,31,4,2,2,27,20,4,16,7,3,4,31,26,9,17,5,3,2,124,119,34,85,5,2,3,30,26,14,12,4,1,3
S01007691,740,699,445,254,41,18,23,4,4,0,4,0,0,0,15,11,2,9,4,2,2,16,11,2,9,5,2,3,347,336,281,55,11,6,5,38,33,8,25,5,1,4,66,61,32,29,5,2,3,193,184,71,113,9,4,5,61,59,49,10,2,1,1
S01007692,377,346,164,182,31,12,19,3,3,0,3,0,0,0,15,13,6,7,2,0,2,16,12,0,12,4,0,4,122,119,87,32,3,0,3,24,18,3,15,6,5,1,37,32,8,24,5,2,3,126,121,39,82,5,5,0,34,28,21,7,6,0,6
S01007693,293,274,168,106,19,10,9,1,1,1,0,0,0,0,15,15,0,15,0,0,0,7,5,0,5,2,1,1,125,119,104,15,6,3,3,19,17,11,6,2,2,0,26,23,11,12,3,1,2,83,79,28,51,4,3,1,17,15,13,2,2,0,2
S01007694,433,405,202,203,28,14,14,6,6,1,5,0,0,0,23,21,3,18,2,0,2,17,13,2,11,4,0,4,160,152,114,38,8,3,5,31,28,9,19,3,2,1,40,39,13,26,1,1,0,126,118,44,74,8,7,1,30,28,16,12,2,1,1
S01007695,404,370,101,269,34,9,25,8,8,1,7,0,0,0,24,23,2,21,1,1,0,23,17,0,17,6,0,6,95,90,48,42,5,1,4,24,18,2,16,6,2,4,37,31,4,27,6,3,3,175,169,38,131,6,2,4,18,14,6,8,4,0,4
S01007696,271,253,119,134,18,4,14,4,4,2,2,0,0,0,19,16,2,14,3,0,3,13,11,1,10,2,0,2,87,86,57,29,1,0,1,13,11,3,8,2,0,2,35,31,12,19,4,3,1,81,79,32,47,2,0,2,19,15,10,5,4,1,3
S01007697,421,387,109,278,34,14,20,5,5,0,5,0,0,0,25,25,2,23,0,0,0,20,17,2,15,3,1,2,104,96,53,43,8,3,5,28,20,5,15,8,2,6,54,48,9,39,6,5,1,166,160,32,128,6,2,4,19,16,6,10,3,1,2
S01007698,529,489,194,295,40,8,32,8,8,1,7,0,0,0,33,29,3,26,4,1,3,20,11,0,11,9,1,8,162,155,102,53,7,1,6,30,25,5,20,5,1,4,54,52,16,36,2,1,1,169,166,40,126,3,1,2,53,43,27,16,10,2,8
S01007699,372,349,127,222,23,11,12,1,1,0,1,0,0,0,24,21,2,19,3,2,1,17,13,0,13,4,2,2,128,123,74,49,5,2,3,21,18,7,11,3,1,2,52,50,14,36,2,1,1,119,113,25,88,6,3,3,10,10,5,5,0,0,0
S01007700,513,452,108,344,61,17,44,7,6,0,6,1,0,1,31,31,2,29,0,0,0,23,19,2,17,4,0,4,75,68,24,44,7,0,7,35,28,3,25,7,2,5,65,50,14,36,15,4,11,240,220,54,166,20,8,12,37,30,9,21,7,3,4
S01007701,194,187,82,105,7,3,4,0,0,0,0,0,0,0,14,13,0,13,1,0,1,4,4,0,4,0,0,0,67,64,37,27,3,2,1,9,8,4,4,1,1,0,24,24,11,13,0,0,0,65,64,25,39,1,0,1,11,10,5,5,1,0,1
S01007702,360,328,167,161,32,9,23,4,3,1,2,1,0,1,22,22,3,19,0,0,0,9,7,2,5,2,0,2,143,139,119,20,4,3,1,18,14,5,9,4,1,3,35,28,6,22,7,3,4,99,93,18,75,6,0,6,30,22,13,9,8,2,6
S01007703,368,330,86,244,38,15,23,6,6,0,6,0,0,0,24,24,2,22,0,0,0,17,14,1,13,3,0,3,78,71,30,41,7,2,5,35,31,5,26,4,2,2,42,34,4,30,8,6,2,150,136,34,102,14,5,9,16,14,10,4,2,0,2
S01007704,307,284,125,159,23,8,15,6,6,1,5,0,0,0,23,23,1,22,0,0,0,10,9,1,8,1,1,0,104,101,67,34,3,1,2,25,20,4,16,5,1,4,40,34,14,20,6,1,5,81,77,27,50,4,3,1,18,14,10,4,4,1,3
S01007705,292,277,143,134,15,9,6,0,0,0,0,0,0,0,10,9,1,8,1,1,0,11,6,2,4,5,0,5,135,133,92,41,2,1,1,25,24,6,18,1,1,0,32,30,10,20,2,2,0,57,55,18,37,2,2,0,22,20,14,6,2,2,0
S01007706,328,315,197,118,13,4,9,2,2,0,2,0,0,0,8,8,2,6,0,0,0,7,7,2,5,0,0,0,165,161,127,34,4,1,3,29,23,8,15,6,2,4,20,20,10,10,0,0,0,69,69,30,39,0,0,0,28,25,18,7,3,1,2
S01007707,470,432,84,348,38,9,29,5,5,0,5,0,0,0,21,20,0,20,1,0,1,20,18,0,18,2,1,1,102,97,44,53,5,0,5,33,27,2,25,6,0,6,51,45,7,38,6,2,4,205,194,18,176,11,3,8,33,26,13,13,7,3,4
S01007708,320,293,88,205,27,8,19,6,6,2,4,0,0,0,20,17,1,16,3,1,2,14,12,0,12,2,0,2,95,89,42,47,6,2,4,29,23,0,23,6,1,5,34,31,8,23,3,2,1,107,103,29,74,4,1,3,15,12,6,6,3,1,2
S01007709,238,225,61,164,13,3,10,4,4,0,4,0,0,0,23,23,1,22,0,0,0,9,7,0,7,2,0,2,62,59,38,21,3,0,3,21,19,3,16,2,0,2,30,27,6,21,3,1,2,79,78,13,65,1,1,0,10,8,0,8,2,1,1
S01007710,385,361,138,223,24,10,14,4,4,0,4,0,0,0,16,15,1,14,1,0,1,11,9,0,9,2,0,2,143,134,75,59,9,5,4,38,35,6,29,3,0,3,25,23,7,16,2,0,2,127,122,35,87,5,4,1,21,19,14,5,2,1,1
S01007711,451,431,210,221,20,7,13,3,3,0,3,0,0,0,33,30,2,28,3,0,3,8,7,1,6,1,0,1,171,167,116,51,4,0,4,33,31,4,27,2,0,2,51,47,17,30,4,4,0,125,123,57,66,2,1,1,27,23,13,10,4,2,2
S01007712,319,296,97,199,23,8,15,3,3,0,3,0,0,0,19,16,2,14,3,1,2,17,13,2,11,4,2,2,84,80,48,32,4,2,2,32,29,2,27,3,2,1,21,19,5,14,2,0,2,119,117,33,84,2,1,1,24,19,5,14,5,0,5
S01007713,213,184,68,116,29,7,22,2,2,0,2,0,0,0,13,11,2,9,2,1,1,15,12,1,11,3,0,3,69,59,34,25,10,0,10,12,7,3,4,5,1,4,31,24,6,18,7,3,4,60,60,19,41,0,0,0,11,9,3,6,2,2,0
S01007714,342,327,96,231,15,6,9,10,10,1,9,0,0,0,36,34,2,32,2,0,2,35,30,1,29,5,0,5,88,84,44,40,4,3,1,22,21,3,18,1,1,0,33,30,6,24,3,2,1,94,94,32,62,0,0,0,24,24,7,17,0,0,0
S01007715,206,196,77,119,10,2,8,2,2,0,2,0,0,0,22,20,5,15,2,0,2,8,6,0,6,2,0,2,66,64,32,32,2,1,1,9,8,1,7,1,1,0,19,18,10,8,1,0,1,68,67,26,41,1,0,1,12,11,3,8,1,0,1
S01007716,385,347,122,225,38,8,30,3,3,1,2,0,0,0,40,37,4,33,3,1,2,24,17,1,16,7,0,7,108,98,53,45,10,2,8,32,27,10,17,5,3,2,39,34,14,20,5,1,4,124,123,35,88,1,1,0,15,8,4,4,7,0,7
S01007717,383,345,119,226,38,7,31,2,2,0,2,0,0,0,37,36,1,35,1,0,1,33,17,0,17,16,1,15,111,103,50,53,8,3,5,21,17,2,15,4,1,3,47,42,18,24,5,1,4,109,107,36,71,2,0,2,23,21,12,9,2,1,1
S01007718,284,262,78,184,22,3,19,5,5,1,4,0,0,0,35,34,2,32,1,0,1,30,19,0,19,11,0,11,65,63,28,35,2,1,1,19,12,4,8,7,1,6,39,39,11,28,0,0,0,75,75,23,52,0,0,0,16,15,9,6,1,1,0
S01007719,427,399,102,297,28,4,24,7,7,0,7,0,0,0,33,32,0,32,1,0,1,31,25,1,24,6,0,6,98,94,45,49,4,1,3,34,28,3,25,6,0,6,29,28,5,23,1,1,0,169,163,39,124,6,0,6,26,22,9,13,4,2,2
S01007720,263,239,67,172,24,6,18,3,3,2,1,0,0,0,18,17,4,13,1,0,1,28,19,1,18,9,0,9,47,45,12,33,2,0,2,19,16,7,9,3,1,2,29,27,5,22,2,0,2,106,101,32,69,5,4,1,13,11,4,7,2,1,1
S01007721,346,314,87,227,32,10,22,11,10,0,10,1,0,1,30,29,1,28,1,0,1,22,13,1,12,9,0,9,73,69,31,38,4,0,4,26,20,1,19,6,3,3,52,48,10,38,4,3,1,119,115,42,73,4,2,2,13,10,1,9,3,2,1
S01007722,332,307,89,218,25,5,20,7,5,1,4,2,0,2,37,36,1,35,1,0,1,17,10,1,9,7,1,6,76,72,34,38,4,0,4,21,17,4,13,4,2,2,40,39,15,24,1,0,1,116,113,28,85,3,1,2,18,15,5,10,3,1,2
S01007723,344,328,97,231,16,2,14,5,5,0,5,0,0,0,33,33,1,32,0,0,0,23,18,0,18,5,0,5,85,82,41,41,3,0,3,27,25,4,21,2,0,2,39,36,8,28,3,1,2,110,110,37,73,0,0,0,22,19,6,13,3,1,2
S01007724,291,276,108,168,15,3,12,15,15,2,13,0,0,0,28,28,4,24,0,0,0,12,10,1,9,2,0,2,94,91,49,42,3,1,2,32,23,4,19,9,1,8,29,29,12,17,0,0,0,66,65,24,41,1,1,0,15,15,12,3,0,0,0
S01007725,345,324,88,236,21,4,17,5,5,0,5,0,0,0,37,37,2,35,0,0,0,26,19,1,18,7,0,7,97,92,39,53,5,0,5,26,23,3,20,3,2,1,50,46,11,35,4,2,2,94,94,27,67,0,0,0,10,8,5,3,2,0,2
S01007726,352,330,126,204,22,2,20,5,5,0,5,0,0,0,22,22,2,20,0,0,0,21,13,1,12,8,0,8,125,121,58,63,4,0,4,15,14,2,12,1,0,1,46,43,18,25,3,1,2,98,94,36,58,4,1,3,20,18,9,9,2,0,2
S01007727,412,371,136,235,41,9,32,9,9,4,5,0,0,0,29,28,3,25,1,0,1,15,7,0,7,8,1,7,118,112,69,43,6,0,6,49,36,6,30,13,3,10,51,48,14,34,3,2,1,121,114,35,79,7,2,5,20,17,5,12,3,1,2
S01007728,349,322,100,222,27,15,12,10,10,1,9,0,0,0,35,34,2,32,1,0,1,14,9,0,9,5,1,4,90,88,36,52,2,0,2,38,32,6,26,6,4,2,27,24,10,14,3,3,0,106,103,35,68,3,2,1,29,22,10,12,7,5,2
S01007729,391,362,109,253,29,5,24,11,10,0,10,1,1,0,25,25,0,25,0,0,0,25,16,0,16,9,0,9,120,117,63,54,3,0,3,32,27,5,22,5,1,4,48,43,11,32,5,1,4,110,106,25,81,4,2,2,20,18,5,13,2,0,2
S01007730,443,410,101,309,33,10,23,8,7,0,7,1,0,1,42,42,8,34,0,0,0,21,15,1,14,6,1,5,109,104,42,62,5,1,4,27,23,4,19,4,1,3,46,43,3,40,3,1,2,160,153,36,117,7,5,2,30,23,7,16,7,1,6
S01007731,431,405,119,286,26,8,18,5,5,1,4,0,0,0,35,35,1,34,0,0,0,24,20,2,18,4,1,3,126,121,68,53,5,1,4,33,31,2,29,2,0,2,37,33,6,27,4,1,3,143,136,27,109,7,2,5,28,24,12,12,4,3,1
S01007732,340,319,88,231,21,6,15,4,3,0,3,1,1,0,28,27,3,24,1,0,1,23,19,0,19,4,1,3,97,89,49,40,8,2,6,25,22,3,19,3,1,2,36,36,7,29,0,0,0,110,106,15,91,4,1,3,17,17,11,6,0,0,0
S01007733,447,389,104,285,58,10,48,12,12,0,12,0,0,0,36,35,5,30,1,0,1,17,11,0,11,6,0,6,87,69,36,33,18,2,16,32,25,6,19,7,1,6,55,47,9,38,8,1,7,179,169,40,129,10,2,8,29,21,8,13,8,4,4
S01007734,407,337,87,250,70,16,54,6,6,0,6,0,0,0,24,20,0,20,4,0,4,28,23,1,22,5,1,4,80,53,28,25,27,4,23,30,21,4,17,9,1,8,50,36,8,28,14,5,9,169,165,44,121,4,1,3,20,13,2,11,7,4,3
S01007735,423,375,123,252,48,16,32,13,9,0,9,4,1,3,28,25,2,23,3,1,2,32,24,2,22,8,2,6,92,83,44,39,9,4,5,36,31,8,23,5,0,5,52,42,14,28,10,2,8,153,148,46,102,5,3,2,17,13,7,6,4,3,1
S01007736,396,337,113,224,59,11,48,5,5,0,5,0,0,0,28,24,2,22,4,0,4,20,17,1,16,3,0,3,109,86,57,29,23,4,19,32,21,5,16,11,2,9,46,37,12,25,9,3,6,140,135,33,102,5,1,4,16,12,3,9,4,1,3
S01007737,477,422,132,290,55,16,39,6,6,0,6,0,0,0,35,30,1,29,5,1,4,27,19,3,16,8,0,8,117,102,57,45,15,2,13,38,31,6,25,7,1,6,68,59,14,45,9,6,3,168,162,43,119,6,4,2,18,13,8,5,5,2,3
S01007738,305,283,82,201,22,3,19,11,10,1,9,1,0,1,17,17,3,14,0,0,0,25,17,0,17,8,1,7,56,48,25,23,8,1,7,23,19,3,16,4,0,4,27,27,7,20,0,0,0,135,135,41,94,0,0,0,11,10,2,8,1,1,0
S01007739,211,193,51,142,18,3,15,5,5,0,5,0,0,0,16,16,0,16,0,0,0,21,16,1,15,5,1,4,50,45,18,27,5,1,4,18,15,4,11,3,0,3,25,22,5,17,3,0,3,65,65,21,44,0,0,0,11,9,2,7,2,1,1
S01007740,257,238,62,176,19,9,10,3,3,0,3,0,0,0,14,14,1,13,0,0,0,20,13,1,12,7,2,5,59,55,22,33,4,2,2,26,22,5,17,4,2,2,29,26,5,21,3,3,0,96,96,24,72,0,0,0,10,9,4,5,1,0,1
S01007741,271,250,81,169,21,7,14,3,3,0,3,0,0,0,16,15,1,14,1,0,1,19,13,0,13,6,0,6,63,59,32,27,4,1,3,24,21,4,17,3,1,2,27,24,8,16,3,2,1,113,110,33,77,3,2,1,6,5,3,2,1,1,0
S01007742,269,246,79,167,23,3,20,5,5,0,5,0,0,0,20,19,1,18,1,0,1,23,15,0,15,8,0,8,63,58,33,25,5,1,4,27,22,3,19,5,0,5,17,17,2,15,0,0,0,102,99,35,64,3,2,1,12,11,5,6,1,0,1
S01007743,405,373,115,258,32,7,25,8,8,1,7,0,0,0,36,33,3,30,3,2,1,35,24,3,21,11,0,11,103,100,49,51,3,2,1,26,19,3,16,7,0,7,46,43,15,28,3,1,2,129,126,33,93,3,1,2,22,20,8,12,2,1,1
S01007744,264,250,79,171,14,7,7,6,6,0,6,0,0,0,33,33,1,32,0,0,0,18,15,1,14,3,1,2,57,56,30,26,1,0,1,20,14,1,13,6,2,4,34,33,11,22,1,1,0,85,83,33,50,2,2,0,11,10,2,8,1,1,0
S01007745,312,287,95,192,25,7,18,8,7,0,7,1,0,1,32,30,1,29,2,1,1,24,17,0,17,7,2,5,80,79,40,39,1,1,0,38,32,11,21,6,2,4,22,21,7,14,1,0,1,95,90,28,62,5,1,4,13,11,8,3,2,0,2
S01007746,395,367,134,233,28,9,19,14,14,0,14,0,0,0,26,25,2,23,1,0,1,22,18,0,18,4,1,3,124,120,64,56,4,0,4,39,30,5,25,9,2,7,40,36,15,21,4,1,3,112,110,39,71,2,1,1,18,14,9,5,4,4,0
S01007747,208,193,64,129,15,4,11,2,1,0,1,1,0,1,21,19,3,16,2,0,2,18,14,0,14,4,1,3,52,51,27,24,1,0,1,29,24,6,18,5,2,3,14,14,5,9,0,0,0,63,62,22,40,1,1,0,9,8,1,7,1,0,1
S01007748,259,242,95,147,17,7,10,5,5,0,5,0,0,0,23,21,3,18,2,1,1,21,14,0,14,7,1,6,88,87,52,35,1,1,0,10,8,2,6,2,2,0,25,23,9,14,2,2,0,67,66,23,43,1,0,1,20,18,6,12,2,0,2
S01007749,337,306,111,195,31,12,19,9,9,0,9,0,0,0,30,27,2,25,3,1,2,28,22,1,21,6,2,4,67,60,41,19,7,3,4,19,16,5,11,3,0,3,42,37,10,27,5,3,2,133,130,49,81,3,2,1,9,5,3,2,4,1,3
S01007750,348,303,83,220,45,11,34,4,4,0,4,0,0,0,18,14,1,13,4,0,4,22,16,2,14,6,0,6,83,75,27,48,8,1,7,28,25,4,21,3,1,2,43,29,9,20,14,3,11,134,129,35,94,5,2,3,16,11,5,6,5,4,1
S01007751,277,221,60,161,56,15,41,7,7,0,7,0,0,0,20,16,1,15,4,0,4,14,8,0,8,6,0,6,43,32,21,11,11,2,9,21,16,1,15,5,1,4,44,28,9,19,16,4,12,109,100,24,76,9,5,4,19,14,4,10,5,3,2
S01007752,266,226,73,153,40,10,30,7,6,0,6,1,0,1,15,15,2,13,0,0,0,15,13,0,13,2,0,2,40,35,19,16,5,0,5,19,17,3,14,2,1,1,48,33,12,21,15,2,13,113,101,33,68,12,6,6,9,6,4,2,3,1,2
S01007753,224,208,69,139,16,1,15,4,4,0,4,0,0,0,18,17,2,15,1,0,1,28,19,3,16,9,0,9,68,68,36,32,0,0,0,18,14,1,13,4,1,3,20,20,8,12,0,0,0,61,59,16,43,2,0,2,7,7,3,4,0,0,0
S01007754,305,285,109,176,20,4,16,4,4,1,3,0,0,0,26,26,2,24,0,0,0,29,22,3,19,7,1,6,102,97,47,50,5,0,5,19,15,1,14,4,0,4,24,22,7,15,2,2,0,93,91,43,48,2,1,1,8,8,5,3,0,0,0
S01007755,286,270,91,179,16,5,11,6,6,1,5,0,0,0,22,22,0,22,0,0,0,23,18,3,15,5,1,4,93,90,40,50,3,0,3,24,19,3,16,5,2,3,33,33,12,21,0,0,0,70,69,27,42,1,1,0,15,13,5,8,2,1,1
S01007756,227,209,84,125,18,12,6,7,7,0,7,0,0,0,18,18,5,13,0,0,0,16,13,3,10,3,2,1,58,58,30,28,0,0,0,22,16,1,15,6,4,2,26,23,13,10,3,2,1,67,66,28,38,1,1,0,13,8,4,4,5,3,2
S01007757,347,300,81,219,47,15,32,8,8,1,7,0,0,0,22,21,1,20,1,0,1,26,21,2,19,5,1,4,67,57,28,29,10,3,7,33,24,4,20,9,1,8,34,28,4,24,6,2,4,142,132,37,95,10,7,3,15,9,4,5,6,1,5
S01007758,358,296,78,218,62,20,42,10,7,1,6,3,0,3,20,16,0,16,4,0,4,22,16,2,14,6,1,5,69,55,23,32,14,5,9,27,23,3,20,4,2,2,52,33,4,29,19,7,12,140,133,42,91,7,3,4,18,13,3,10,5,2,3
S01007759,451,404,105,299,47,16,31,6,4,0,4,2,0,2,20,20,3,17,0,0,0,40,28,2,26,12,3,9,84,74,28,46,10,2,8,30,26,7,19,4,1,3,42,36,3,33,6,2,4,200,193,50,143,7,6,1,29,23,12,11,6,2,4
S01007760,249,203,55,148,46,12,34,7,6,0,6,1,0,1,13,13,1,12,0,0,0,9,5,0,5,4,0,4,38,26,16,10,12,2,10,10,8,0,8,2,0,2,50,42,10,32,8,2,6,105,92,23,69,13,4,9,17,11,5,6,6,4,2
S01007761,443,369,101,268,74,19,55,12,11,0,11,1,0,1,22,20,0,20,2,0,2,20,13,1,12,7,1,6,86,73,32,41,13,3,10,27,19,4,15,8,2,6,57,43,8,35,14,2,12,194,176,52,124,18,9,9,25,14,4,10,11,2,9
S01007762,369,333,76,257,36,10,26,3,3,0,3,0,0,0,22,21,2,19,1,0,1,19,14,0,14,5,0,5,72,65,33,32,7,2,5,23,20,2,18,3,1,2,48,35,7,28,13,5,8,166,164,28,136,2,0,2,16,11,4,7,5,2,3
S01007763,178,157,40,117,21,10,11,4,4,0,4,0,0,0,18,17,3,14,1,1,0,16,14,1,13,2,0,2,37,33,17,16,4,2,2,19,14,3,11,5,2,3,19,16,2,14,3,1,2,51,49,11,38,2,1,1,14,10,3,7,4,3,1
S01007764,412,359,108,251,53,17,36,6,6,0,6,0,0,0,29,29,1,28,0,0,0,31,19,4,15,12,4,8,83,75,43,32,8,0,8,31,26,1,25,5,1,4,47,34,5,29,13,5,8,171,160,51,109,11,4,7,14,10,3,7,4,3,1
S01007765,294,271,78,193,23,8,15,9,9,0,9,0,0,0,23,23,1,22,0,0,0,21,16,2,14,5,1,4,48,46,30,16,2,1,1,29,24,1,23,5,1,4,29,25,6,19,4,2,2,125,118,37,81,7,3,4,10,10,1,9,0,0,0
S01007766,410,375,116,259,35,14,21,9,9,1,8,0,0,0,27,27,1,26,0,0,0,33,28,0,28,5,1,4,85,75,38,37,10,6,4,25,24,6,18,1,0,1,37,30,12,18,7,2,5,179,171,51,120,8,4,4,15,11,7,4,4,1,3
S01007767,432,378,118,260,54,15,39,11,11,0,11,0,0,0,30,29,3,26,1,1,0,29,20,2,18,9,2,7,89,82,49,33,7,2,5,35,26,2,24,9,3,6,44,34,7,27,10,1,9,167,158,44,114,9,3,6,27,18,11,7,9,3,6
S01007768,292,257,62,195,35,10,25,10,9,0,9,1,0,1,12,11,0,11,1,1,0,19,14,2,12,5,0,5,55,47,21,26,8,2,6,18,15,3,12,3,2,1,38,28,4,24,10,4,6,130,125,29,96,5,1,4,10,8,3,5,2,0,2
S01007769,315,262,78,184,53,16,37,10,10,0,10,0,0,0,27,21,2,19,6,1,5,21,12,2,10,9,1,8,64,50,29,21,14,3,11,13,13,4,9,0,0,0,39,28,5,23,11,3,8,127,119,32,87,8,6,2,14,9,4,5,5,2,3
S01007770,341,286,87,199,55,17,38,14,12,0,12,2,0,2,18,18,2,16,0,0,0,9,7,1,6,2,0,2,62,51,27,24,11,1,10,24,21,3,18,3,1,2,55,37,8,29,18,5,13,136,128,40,88,8,4,4,23,12,6,6,11,6,5
S01007771,208,183,61,122,25,8,17,2,2,0,2,0,0,0,13,12,0,12,1,1,0,17,14,3,11,3,0,3,41,35,19,16,6,0,6,12,10,1,9,2,1,1,24,20,3,17,4,2,2,93,85,32,53,8,3,5,6,5,3,2,1,1,0
S01007772,412,375,108,267,37,13,24,8,7,0,7,1,0,1,28,26,1,25,2,1,1,35,25,2,23,10,3,7,101,96,45,51,5,2,3,24,22,6,16,2,0,2,46,38,10,28,8,4,4,150,145,39,106,5,1,4,20,16,5,11,4,2,2
S01007773,380,341,97,244,39,10,29,9,8,0,8,1,0,1,26,26,1,25,0,0,0,34,21,4,17,13,3,10,72,65,37,28,7,3,4,30,23,2,21,7,1,6,40,36,8,28,4,2,2,156,152,42,110,4,1,3,13,10,3,7,3,0,3
S01007774,562,511,119,392,51,12,39,17,17,0,17,0,0,0,42,37,2,35,5,0,5,34,21,0,21,13,2,11,93,83,38,45,10,1,9,40,37,4,33,3,0,3,81,73,15,58,8,4,4,233,225,55,170,8,4,4,22,18,5,13,4,1,3
S01007775,457,415,109,306,42,12,30,11,11,1,10,0,0,0,34,31,3,28,3,2,1,36,30,1,29,6,0,6,79,66,30,36,13,4,9,27,23,4,19,4,0,4,59,53,11,42,6,3,3,194,186,53,133,8,2,6,17,15,6,9,2,1,1
S01007776,392,350,102,248,42,9,33,11,11,1,10,0,0,0,30,28,1,27,2,0,2,33,22,2,20,11,2,9,82,77,33,44,5,0,5,23,20,4,16,3,0,3,54,43,7,36,11,3,8,146,140,51,89,6,2,4,13,9,3,6,4,2,2
S01007777,554,494,142,352,60,18,42,18,18,1,17,0,0,0,52,50,5,45,2,2,0,48,35,3,32,13,1,12,83,68,31,37,15,3,12,43,35,7,28,8,4,4,69,62,14,48,7,3,4,219,208,74,134,11,4,7,22,18,7,11,4,1,3
S01007778,262,218,52,166,44,7,37,8,5,0,5,3,0,3,16,14,1,13,2,0,2,23,15,1,14,8,0,8,43,36,13,23,7,1,6,5,5,2,3,0,0,0,45,31,5,26,14,2,12,109,101,28,73,8,3,5,13,11,2,9,2,1,1
S01007779,404,371,91,280,33,10,23,14,14,0,14,0,0,0,48,45,3,42,3,2,1,34,25,1,24,9,3,6,81,78,32,46,3,0,3,30,24,3,21,6,1,5,38,33,8,25,5,1,4,144,140,39,101,4,1,3,15,12,5,7,3,2,1
S01007780,472,429,82,347,43,12,31,14,14,0,14,0,0,0,55,52,1,51,3,2,1,43,34,0,34,9,0,9,99,94,30,64,5,0,5,38,30,4,26,8,3,5,42,38,6,32,4,2,2,157,148,34,114,9,2,7,24,19,7,12,5,3,2
S01007781,536,499,124,375,37,5,32,14,13,0,13,1,0,1,50,49,1,48,1,0,1,40,32,0,32,8,0,8,122,117,45,72,5,1,4,45,39,6,33,6,1,5,49,44,7,37,5,0,5,189,184,53,131,5,2,3,27,21,12,9,6,1,5
S01007782,190,171,53,118,19,2,17,5,5,0,5,0,0,0,17,17,1,16,0,0,0,22,15,2,13,7,1,6,53,49,24,25,4,0,4,18,14,1,13,4,0,4,15,15,7,8,0,0,0,55,51,15,36,4,1,3,5,5,3,2,0,0,0
S01007783,219,209,79,130,10,6,4,11,11,2,9,0,0,0,23,23,3,20,0,0,0,17,17,2,15,0,0,0,59,56,30,26,3,2,1,14,10,4,6,4,2,2,25,23,9,14,2,2,0,58,58,24,34,0,0,0,12,11,5,6,1,0,1
S01007784,369,340,93,247,29,11,18,13,13,0,13,0,0,0,21,21,2,19,0,0,0,31,23,1,22,8,0,8,92,87,35,52,5,3,2,29,21,4,17,8,5,3,47,41,13,28,6,2,4,125,123,34,89,2,1,1,11,11,4,7,0,0,0
S01007785,197,187,70,117,10,6,4,5,5,1,4,0,0,0,20,20,0,20,0,0,0,12,9,0,9,3,0,3,57,54,27,27,3,2,1,7,5,0,5,2,2,0,18,17,7,10,1,1,0,67,67,33,34,0,0,0,11,10,2,8,1,1,0
S01007786,316,292,114,178,24,12,12,14,14,2,12,0,0,0,21,20,5,15,1,0,1,21,17,4,13,4,1,3,86,80,37,43,6,3,3,24,16,2,14,8,4,4,29,26,10,16,3,2,1,108,107,46,61,1,1,0,13,12,8,4,1,1,0
S01007787,277,251,96,155,26,8,18,6,6,0,6,0,0,0,28,27,2,25,1,0,1,22,14,0,14,8,1,7,78,74,36,38,4,3,1,22,18,4,14,4,0,4,30,28,21,7,2,2,0,83,78,30,48,5,1,4,8,6,3,3,2,1,1
S01007788,198,181,79,102,17,10,7,5,5,1,4,0,0,0,12,12,1,11,0,0,0,19,14,1,13,5,1,4,62,59,36,23,3,1,2,11,10,2,8,1,1,0,21,19,10,9,2,2,0,61,57,27,30,4,3,1,7,5,1,4,2,2,0
S01007789,239,221,96,125,18,2,16,10,9,0,9,1,0,1,27,26,2,24,1,0,1,21,15,3,12,6,0,6,73,73,38,35,0,0,0,11,6,0,6,5,0,5,19,18,13,5,1,0,1,65,64,34,30,1,1,0,13,10,6,4,3,1,2
S01007790,291,279,110,169,12,5,7,5,5,0,5,0,0,0,25,25,0,25,0,0,0,27,20,1,19,7,1,6,85,84,46,38,1,0,1,23,23,7,16,0,0,0,30,28,13,15,2,2,0,78,78,35,43,0,0,0,18,16,8,8,2,2,0
S01007791,289,254,62,192,35,8,27,10,7,0,7,3,0,3,22,21,3,18,1,0,1,29,22,3,19,7,0,7,50,47,19,28,3,1,2,31,22,2,20,9,2,7,41,36,10,26,5,1,4,95,91,23,68,4,2,2,11,8,2,6,3,2,1
S01007792,367,346,108,238,21,7,14,12,12,0,12,0,0,0,40,38,3,35,2,0,2,33,29,1,28,4,0,4,107,103,47,56,4,1,3,26,21,2,19,5,4,1,28,26,12,14,2,0,2,114,111,41,70,3,1,2,7,6,2,4,1,1,0
S01007793,307,283,112,171,24,8,16,3,3,0,3,0,0,0,33,30,5,25,3,1,2,15,12,1,11,3,0,3,101,97,53,44,4,2,2,28,26,4,22,2,1,1,24,20,7,13,4,3,1,89,85,36,49,4,1,3,14,10,6,4,4,0,4
S01007794,237,221,81,140,16,4,12,4,4,0,4,0,0,0,21,20,2,18,1,0,1,19,13,1,12,6,0,6,67,64,27,37,3,1,2,16,14,3,11,2,0,2,25,24,11,13,1,0,1,76,75,37,38,1,1,0,9,7,0,7,2,2,0
S01007795,269,255,100,155,14,3,11,12,12,2,10,0,0,0,32,30,0,30,2,0,2,19,18,0,18,1,0,1,73,72,36,36,1,1,0,13,12,4,8,1,0,1,23,20,7,13,3,1,2,80,77,42,35,3,0,3,17,14,9,5,3,1,2
S01007796,298,281,111,170,17,5,12,8,8,0,8,0,0,0,28,26,2,24,2,1,1,24,22,0,22,2,1,1,76,71,40,31,5,0,5,16,13,0,13,3,0,3,26,24,6,18,2,2,0,113,111,59,52,2,1,1,7,6,4,2,1,0,1
S01007797,188,177,84,93,11,4,7,1,1,0,1,0,0,0,19,19,2,17,0,0,0,8,8,0,8,0,0,0,53,49,29,20,4,2,2,10,9,0,9,1,0,1,20,18,12,6,2,0,2,59,59,31,28,0,0,0,18,14,10,4,4,2,2
S01007798,380,332,103,229,48,11,37,11,9,1,8,2,0,2,33,30,1,29,3,1,2,39,29,2,27,10,3,7,94,84,42,42,10,1,9,27,22,5,17,5,0,5,37,32,13,19,5,2,3,127,117,35,82,10,4,6,12,9,4,5,3,0,3
S01007799,342,306,89,217,36,4,32,11,10,1,9,1,0,1,19,17,2,15,2,0,2,42,32,1,31,10,1,9,71,68,33,35,3,0,3,31,25,3,22,6,0,6,29,26,9,17,3,1,2,124,116,37,79,8,0,8,15,12,3,9,3,2,1
S01007800,326,300,119,181,26,10,16,16,16,0,16,0,0,0,19,18,1,17,1,0,1,21,16,3,13,5,0,5,74,69,32,37,5,1,4,17,13,2,11,4,2,2,43,40,23,17,3,0,3,108,105,48,57,3,2,1,28,23,10,13,5,5,0
S01007801,282,266,113,153,16,6,10,7,7,0,7,0,0,0,16,15,2,13,1,1,0,15,14,1,13,1,0,1,101,100,60,40,1,0,1,15,10,4,6,5,0,5,28,25,10,15,3,2,1,83,81,29,52,2,1,1,17,14,7,7,3,2,1
S01007802,335,308,80,228,27,7,20,8,8,0,8,0,0,0,18,18,1,17,0,0,0,23,16,0,16,7,1,6,86,79,35,44,7,2,5,21,16,1,15,5,1,4,40,38,6,32,2,0,2,124,119,35,84,5,2,3,15,14,2,12,1,1,0
S01007803,325,308,118,190,17,6,11,6,6,1,5,0,0,0,30,30,3,27,0,0,0,22,17,1,16,5,2,3,88,85,41,44,3,0,3,24,20,5,15,4,3,1,43,41,19,22,2,0,2,94,92,38,54,2,1,1,18,17,10,7,1,0,1
S01007804,208,195,76,119,13,4,9,3,3,1,2,0,0,0,12,12,0,12,0,0,0,17,16,1,15,1,0,1,56,52,32,20,4,1,3,9,6,0,6,3,2,1,28,25,15,10,3,1,2,72,70,21,49,2,0,2,11,11,6,5,0,0,0
S01007805,201,190,71,119,11,2,9,2,2,0,2,0,0,0,11,11,2,9,0,0,0,10,5,0,5,5,0,5,61,61,30,31,0,0,0,10,8,1,7,2,0,2,25,24,8,16,1,1,0,73,71,24,47,2,0,2,9,8,6,2,1,1,0
S01007806,281,264,84,180,17,2,15,14,14,1,13,0,0,0,32,31,3,28,1,1,0,34,30,1,29,4,0,4,63,60,31,29,3,0,3,20,14,3,11,6,0,6,23,21,6,15,2,1,1,86,85,35,50,1,0,1,9,9,4,5,0,0,0
S01007807,369,337,83,254,32,5,27,9,8,1,7,1,0,1,21,21,2,19,0,0,0,36,23,0,23,13,1,12,84,81,27,54,3,0,3,27,23,1,22,4,1,3,30,29,8,21,1,1,0,142,137,39,98,5,2,3,20,15,5,10,5,0,5
S01007808,379,347,108,239,32,14,18,9,8,0,8,1,0,1,25,23,4,19,2,1,1,36,30,2,28,6,3,3,97,92,44,48,5,2,3,23,21,5,16,2,0,2,40,34,16,18,6,3,3,129,122,28,94,7,4,3,20,17,9,8,3,1,2
S01007809,467,425,120,305,42,10,32,10,9,1,8,1,0,1,38,34,4,30,4,0,4,28,19,1,18,9,1,8,84,74,35,39,10,2,8,28,23,1,22,5,3,2,53,51,11,40,2,0,2,209,203,61,142,6,3,3,17,12,6,6,5,1,4
S01007810,302,283,95,188,19,7,12,12,11,1,10,1,0,1,21,21,2,19,0,0,0,28,22,0,22,6,1,5,84,83,41,42,1,1,0,23,18,3,15,5,2,3,34,31,11,20,3,2,1,90,88,33,55,2,1,1,10,9,4,5,1,0,1
S01007811,360,345,117,228,15,6,9,7,7,0,7,0,0,0,39,38,2,36,1,1,0,35,32,1,31,3,1,2,89,84,49,35,5,2,3,24,22,7,15,2,1,1,36,36,17,19,0,0,0,114,112,39,73,2,0,2,16,14,2,12,2,1,1
S01007812,291,269,113,156,22,1,21,8,7,0,7,1,0,1,25,22,3,19,3,0,3,20,14,0,14,6,0,6,91,87,44,43,4,0,4,26,25,5,20,1,0,1,26,25,17,8,1,1,0,86,82,39,43,4,0,4,9,7,5,2,2,0,2
S01007813,285,272,99,173,13,3,10,4,4,0,4,0,0,0,29,29,4,25,0,0,0,18,15,0,15,3,0,3,82,81,36,45,1,0,1,21,16,2,14,5,2,3,25,25,12,13,0,0,0,90,87,37,50,3,1,2,16,15,8,7,1,0,1
S01007814,258,237,81,156,21,4,17,7,7,0,7,0,0,0,23,22,2,20,1,0,1,24,20,1,19,4,0,4,58,55,29,26,3,1,2,19,13,2,11,6,1,5,29,25,12,13,4,2,2,82,79,29,50,3,0,3,16,16,6,10,0,0,0
S01007815,474,435,113,322,39,12,27,9,9,1,8,0,0,0,40,37,3,34,3,1,2,42,35,1,34,7,1,6,93,91,38,53,2,0,2,36,30,4,26,6,0,6,53,46,13,33,7,4,3,181,172,49,123,9,3,6,20,15,4,11,5,3,2
S01007816,359,324,91,233,35,13,22,11,11,0,11,0,0,0,37,37,5,32,0,0,0,36,26,2,24,10,2,8,85,77,33,44,8,0,8,19,13,2,11,6,3,3,29,23,8,15,6,3,3,131,127,37,90,4,4,0,11,10,4,6,1,1,0
S01007817,197,184,69,115,13,4,9,4,4,1,3,0,0,0,19,19,1,18,0,0,0,19,15,2,13,4,1,3,43,43,26,17,0,0,0,18,14,2,12,4,0,4,18,17,5,12,1,1,0,64,63,25,38,1,0,1,12,9,7,2,3,2,1
S01007818,395,357,89,268,38,9,29,10,10,0,10,0,0,0,30,26,1,25,4,2,2,34,23,2,21,11,1,10,74,73,26,47,1,1,0,29,21,4,17,8,2,6,46,41,9,32,5,1,4,148,141,40,101,7,1,6,24,22,7,15,2,1,1
S01007819,395,357,100,257,38,13,25,5,5,0,5,0,0,0,29,28,0,28,1,0,1,49,35,0,35,14,4,10,76,74,32,42,2,0,2,38,27,8,19,11,3,8,24,22,9,13,2,0,2,160,157,50,107,3,3,0,14,9,1,8,5,3,2
S01007820,420,380,123,257,40,10,30,7,5,2,3,2,2,0,38,36,6,30,2,1,1,33,25,1,24,8,1,7,99,97,48,49,2,0,2,27,18,2,16,9,0,9,48,41,16,25,7,3,4,146,140,41,99,6,1,5,22,18,7,11,4,2,2
S01007821,281,260,74,186,21,7,14,7,7,1,6,0,0,0,36,34,3,31,2,2,0,24,17,1,16,7,0,7,61,58,28,30,3,0,3,19,18,4,14,1,0,1,21,18,5,13,3,3,0,97,94,25,69,3,2,1,16,14,7,7,2,0,2
S01007822,344,315,84,231,29,5,24,4,4,0,4,0,0,0,18,17,0,17,1,1,0,37,31,1,30,6,0,6,65,57,29,28,8,0,8,31,24,5,19,7,0,7,30,27,6,21,3,1,2,149,147,42,105,2,1,1,10,8,1,7,2,2,0
S01007823,377,342,102,240,35,6,29,7,6,1,5,1,0,1,25,24,0,24,1,0,1,39,25,0,25,14,3,11,82,79,37,42,3,0,3,26,24,7,17,2,0,2,41,35,5,30,6,3,3,151,143,51,92,8,0,8,6,6,1,5,0,0,0
S01007824,353,321,101,220,32,10,22,6,6,0,6,0,0,0,33,31,4,27,2,1,1,24,19,3,16,5,0,5,87,76,44,32,11,2,9,26,23,3,20,3,1,2,35,31,7,24,4,1,3,124,120,34,86,4,3,1,18,15,6,9,3,2,1
S01007825,481,422,116,306,59,11,48,9,9,2,7,0,0,0,26,25,0,25,1,0,1,53,36,3,33,17,2,15,107,87,49,38,20,3,17,40,33,3,30,7,1,6,45,40,9,31,5,3,2,180,173,45,128,7,0,7,21,19,5,14,2,2,0
S01007826,203,186,61,125,17,7,10,8,8,0,8,0,0,0,17,16,3,13,1,1,0,18,13,0,13,5,1,4,59,53,26,27,6,1,5,12,10,1,9,2,1,1,18,18,6,12,0,0,0,63,61,24,37,2,2,0,8,7,1,6,1,1,0
S01007827,332,308,73,235,24,7,17,4,4,0,4,0,0,0,27,27,0,27,0,0,0,25,21,1,20,4,1,3,66,63,29,34,3,1,2,31,25,5,20,6,2,4,41,41,6,35,0,0,0,118,109,28,81,9,1,8,20,18,4,14,2,2,0
S01007828,414,382,94,288,32,11,21,12,11,0,11,1,0,1,29,27,2,25,2,0,2,26,18,3,15,8,0,8,82,74,29,45,8,5,3,31,28,5,23,3,1,2,48,44,6,38,4,1,3,152,148,41,107,4,2,2,34,32,8,24,2,2,0
S01007829,221,202,58,144,19,7,12,7,7,0,7,0,0,0,17,17,3,14,0,0,0,15,11,1,10,4,1,3,49,44,20,24,5,2,3,20,15,3,12,5,1,4,21,19,1,18,2,1,1,82,81,26,55,1,1,0,10,8,4,4,2,1,1
S01007830,364,341,104,237,23,7,16,4,4,0,4,0,0,0,38,38,2,36,0,0,0,22,17,0,17,5,1,4,97,95,48,47,2,0,2,25,23,3,20,2,0,2,27,24,12,12,3,0,3,132,127,35,92,5,4,1,19,13,4,9,6,2,4
S01007831,300,277,81,196,23,10,13,10,10,0,10,0,0,0,20,20,1,19,0,0,0,25,22,6,16,3,0,3,73,67,32,35,6,5,1,20,17,2,15,3,1,2,35,27,10,17,8,2,6,110,107,28,79,3,2,1,7,7,2,5,0,0,0
S01007832,258,239,70,169,19,7,12,9,9,4,5,0,0,0,18,18,2,16,0,0,0,26,21,0,21,5,1,4,51,50,23,27,1,1,0,17,13,3,10,4,2,2,27,24,8,16,3,1,2,98,96,29,67,2,0,2,12,8,1,7,4,2,2
S01007833,230,209,60,149,21,6,15,5,5,1,4,0,0,0,14,14,2,12,0,0,0,22,16,0,16,6,1,5,47,43,15,28,4,2,2,16,12,2,10,4,1,3,31,26,8,18,5,1,4,82,81,25,56,1,0,1,13,12,7,5,1,1,0
S01007834,320,300,75,225,20,0,20,5,5,3,2,0,0,0,36,35,1,34,1,0,1,24,16,1,15,8,0,8,55,53,27,26,2,0,2,20,16,1,15,4,0,4,32,32,9,23,0,0,0,132,128,29,99,4,0,4,16,15,4,11,1,0,1
S01007835,321,294,88,206,27,4,23,5,5,0,5,0,0,0,23,23,2,21,0,0,0,34,25,3,22,9,1,8,56,49,30,19,7,1,6,11,10,2,8,1,0,1,37,33,5,28,4,0,4,136,133,37,96,3,1,2,19,16,9,7,3,1,2
S01007836,230,213,51,162,17,3,14,7,4,1,3,3,0,3,16,16,0,16,0,0,0,18,14,1,13,4,0,4,39,39,17,22,0,0,0,16,12,1,11,4,0,4,26,25,2,23,1,1,0,94,91,22,69,3,2,1,14,12,7,5,2,0,2
S01007837,370,326,95,231,44,9,35,11,11,0,11,0,0,0,29,27,1,26,2,0,2,40,24,4,20,16,4,12,67,58,30,28,9,2,7,34,27,8,19,7,1,6,25,24,8,16,1,0,1,147,142,40,102,5,1,4,17,13,4,9,4,1,3
S01007838,382,344,88,256,38,9,29,10,10,1,9,0,0,0,28,23,1,22,5,3,2,37,27,2,25,10,1,9,72,67,36,31,5,1,4,26,20,5,15,6,0,6,36,34,5,29,2,0,2,158,152,33,119,6,3,3,15,11,5,6,4,1,3
S01007839,252,228,59,169,24,2,22,9,9,0,9,0,0,0,13,13,0,13,0,0,0,20,13,1,12,7,0,7,50,42,22,20,8,1,7,12,10,2,8,2,0,2,15,13,3,10,2,0,2,119,117,26,91,2,0,2,14,11,5,6,3,1,2
S01007840,344,326,90,236,18,6,12,6,6,1,5,0,0,0,20,20,3,17,0,0,0,31,25,0,25,6,1,5,75,69,33,36,6,2,4,33,32,5,27,1,0,1,31,30,9,21,1,1,0,131,130,35,95,1,1,0,17,14,4,10,3,1,2
S01007841,316,295,101,194,21,8,13,8,8,0,8,0,0,0,30,27,0,27,3,0,3,19,17,0,17,2,1,1,73,72,40,32,1,0,1,26,19,4,15,7,2,5,34,29,6,23,5,4,1,114,112,44,68,2,1,1,12,11,7,4,1,0,1
S01007842,293,273,102,171,20,8,12,16,14,3,11,2,1,1,15,15,1,14,0,0,0,15,12,0,12,3,0,3,74,73,46,27,1,1,0,34,23,6,17,11,4,7,26,26,7,19,0,0,0,100,100,33,67,0,0,0,13,10,6,4,3,2,1
S01007843,295,278,79,199,17,2,15,3,3,0,3,0,0,0,16,15,0,15,1,0,1,18,15,0,15,3,0,3,63,60,32,28,3,1,2,26,21,3,18,5,0,5,24,23,6,17,1,0,1,135,132,34,98,3,1,2,10,9,4,5,1,0,1
S01007844,415,383,111,272,32,9,23,5,5,1,4,0,0,0,25,22,1,21,3,0,3,29,20,1,19,9,2,7,96,95,46,49,1,0,1,38,26,3,23,12,3,9,30,28,8,20,2,2,0,175,172,45,127,3,1,2,17,15,6,9,2,1,1
S01007845,330,307,109,198,23,8,15,5,5,0,5,0,0,0,19,18,2,16,1,0,1,20,15,0,15,5,2,3,68,63,40,23,5,1,4,21,17,1,16,4,2,2,38,37,16,21,1,1,0,142,138,45,93,4,2,2,17,14,5,9,3,0,3
S01007846,292,276,86,190,16,3,13,7,7,0,7,0,0,0,27,25,3,22,2,0,2,19,16,1,15,3,0,3,62,60,24,36,2,0,2,20,18,5,13,2,1,1,36,34,11,23,2,0,2,108,105,39,66,3,1,2,13,11,3,8,2,1,1
S01007847,383,360,113,247,23,5,18,11,10,0,10,1,1,0,32,31,2,29,1,0,1,23,16,0,16,7,0,7,91,90,41,49,1,0,1,29,26,6,20,3,0,3,51,49,17,32,2,1,1,125,119,39,80,6,3,3,21,19,8,11,2,0,2
S01007848,290,278,91,187,12,5,7,6,5,0,5,1,0,1,18,18,1,17,0,0,0,16,14,3,11,2,1,1,78,77,32,45,1,0,1,19,15,2,13,4,2,2,27,27,10,17,0,0,0,112,110,37,73,2,2,0,14,12,6,6,2,0,2
S01007849,375,354,132,222,21,6,15,3,2,0,2,1,1,0,34,34,4,30,0,0,0,29,29,1,28,0,0,0,98,91,52,39,7,1,6,26,22,5,17,4,1,3,35,30,18,12,5,1,4,134,133,50,83,1,0,1,16,13,2,11,3,2,1
S01007850,296,270,82,188,26,8,18,5,5,0,5,0,0,0,27,24,0,24,3,0,3,31,25,0,25,6,0,6,70,68,28,40,2,1,1,21,13,3,10,8,3,5,27,24,9,15,3,2,1,91,89,32,57,2,1,1,24,22,10,12,2,1,1
S01007851,351,317,87,230,34,14,20,7,7,0,7,0,0,0,29,27,3,24,2,2,0,40,31,4,27,9,2,7,70,65,23,42,5,3,2,25,20,3,17,5,1,4,32,22,6,16,10,5,5,132,130,41,89,2,0,2,16,15,7,8,1,1,0
S01007852,250,229,87,142,21,3,18,3,3,0,3,0,0,0,28,28,3,25,0,0,0,17,12,0,12,5,0,5,72,68,33,35,4,0,4,19,13,4,9,6,1,5,16,15,6,9,1,1,0,85,82,36,46,3,0,3,10,8,5,3,2,1,1
S01007853,188,174,56,118,14,4,10,5,4,1,3,1,0,1,19,16,1,15,3,0,3,7,6,0,6,1,0,1,61,58,29,29,3,0,3,8,6,0,6,2,1,1,17,16,4,12,1,0,1,58,57,16,41,1,1,0,13,11,5,6,2,2,0
S01007854,371,341,99,242,30,11,19,9,6,0,6,3,2,1,23,23,0,23,0,0,0,37,29,3,26,8,0,8,89,86,36,50,3,0,3,15,12,4,8,3,1,2,41,36,11,25,5,4,1,142,137,42,95,5,1,4,15,12,3,9,3,3,0
S01007855,212,193,65,128,19,8,11,3,3,0,3,0,0,0,16,15,2,13,1,1,0,17,9,1,8,8,0,8,60,59,32,27,1,0,1,12,10,1,9,2,2,0,23,21,8,13,2,2,0,69,67,15,52,2,1,1,12,9,6,3,3,2,1
S01007856,390,364,116,248,26,5,21,9,9,0,9,0,0,0,27,27,0,27,0,0,0,38,28,0,28,10,1,9,89,87,42,45,2,0,2,33,25,5,20,8,2,6,40,38,11,27,2,2,0,136,132,47,85,4,0,4,18,18,11,7,0,0,0
S01007857,190,178,76,102,12,5,7,5,5,0,5,0,0,0,16,16,0,16,0,0,0,15,12,2,10,3,1,2,49,46,29,17,3,0,3,12,9,3,6,3,1,2,15,14,5,9,1,1,0,67,66,29,37,1,1,0,11,10,8,2,1,1,0
S01007858,400,362,147,215,38,17,21,7,7,0,7,0,0,0,36,35,1,34,1,1,0,24,19,3,16,5,0,5,109,107,56,51,2,2,0,33,20,6,14,13,7,6,37,34,13,21,3,2,1,137,128,62,66,9,3,6,17,12,6,6,5,2,3
S01007859,180,163,60,103,17,3,14,5,5,1,4,0,0,0,10,10,1,9,0,0,0,18,13,0,13,5,0,5,49,47,22,25,2,0,2,12,8,1,7,4,1,3,20,16,6,10,4,2,2,61,59,26,33,2,0,2,5,5,3,2,0,0,0
S01007860,289,258,80,178,31,3,28,5,3,0,3,2,0,2,26,25,2,23,1,0,1,27,18,2,16,9,0,9,58,56,30,26,2,1,1,20,18,1,17,2,1,1,27,22,5,17,5,0,5,114,107,39,68,7,1,6,12,9,1,8,3,0,3
S01007861,274,260,88,172,14,2,12,2,2,0,2,0,0,0,35,35,1,34,0,0,0,20,14,1,13,6,0,6,69,69,35,34,0,0,0,26,20,4,16,6,1,5,25,25,10,15,0,0,0,82,80,32,48,2,1,1,15,15,5,10,0,0,0
S01007862,301,278,102,176,23,5,18,0,0,0,0,0,0,0,24,24,2,22,0,0,0,24,19,0,19,5,1,4,92,84,42,42,8,1,7,27,20,3,17,7,2,5,24,23,12,11,1,0,1,93,91,34,57,2,1,1,17,17,9,8,0,0,0
S01007863,304,287,90,197,17,6,11,9,9,1,8,0,0,0,23,23,2,21,0,0,0,34,31,3,28,3,1,2,78,76,29,47,2,0,2,19,12,5,7,7,0,7,22,21,8,13,1,1,0,102,101,34,67,1,1,0,17,14,8,6,3,3,0
S01007864,390,366,114,252,24,4,20,8,8,0,8,0,0,0,36,35,2,33,1,1,0,37,30,0,30,7,0,7,85,80,39,41,5,0,5,23,21,3,18,2,0,2,31,26,11,15,5,3,2,148,145,52,93,3,0,3,22,21,7,14,1,0,1
S01007865,397,369,94,275,28,6,22,16,14,0,14,2,0,2,32,31,2,29,1,0,1,37,31,2,29,6,0,6,65,64,25,39,1,1,0,23,19,5,14,4,0,4,45,42,9,33,3,1,2,160,156,48,108,4,2,2,19,12,3,9,7,2,5
S01007866,376,338,75,263,38,8,30,14,11,2,9,3,0,3,33,32,1,31,1,0,1,35,24,2,22,11,2,9,73,68,28,40,5,2,3,22,13,1,12,9,2,7,44,42,10,32,2,0,2,139,135,28,107,4,1,3,16,13,3,10,3,1,2
S01007867,239,205,38,167,34,5,29,17,14,1,13,3,0,3,10,9,0,9,1,0,1,12,6,0,6,6,1,5,45,37,11,26,8,0,8,6,6,0,6,0,0,0,30,25,5,20,5,1,4,104,97,16,81,7,1,6,15,11,5,6,4,2,2
S01007868,473,429,136,293,44,10,34,6,5,0,5,1,0,1,30,28,2,26,2,0,2,45,32,2,30,13,2,11,76,70,40,30,6,1,5,40,33,5,28,7,2,5,52,44,15,29,8,4,4,210,205,64,141,5,1,4,14,12,8,4,2,0,2
S01007869,490,437,97,340,53,14,39,11,10,0,10,1,0,1,31,30,1,29,1,0,1,27,20,2,18,7,0,7,81,73,36,37,8,3,5,37,31,6,25,6,2,4,64,52,7,45,12,3,9,223,207,43,164,16,5,11,16,14,2,12,2,1,1
S01007870,274,222,58,164,52,12,40,43,30,0,30,13,2,11,13,12,1,11,1,0,1,17,10,1,9,7,0,7,50,40,16,24,10,1,9,23,20,1,19,3,0,3,22,13,5,8,9,5,4,96,90,33,57,6,3,3,10,7,1,6,3,1,2
S01007871,209,182,70,112,27,9,18,21,15,0,15,6,0,6,18,18,3,15,0,0,0,16,15,1,14,1,0,1,44,36,21,15,8,2,6,10,9,2,7,1,1,0,16,9,3,6,7,2,5,77,74,37,37,3,3,0,7,6,3,3,1,1,0
S01007872,222,209,91,118,13,2,11,14,11,2,9,3,0,3,10,10,1,9,0,0,0,20,17,1,16,3,0,3,49,47,25,22,2,0,2,4,3,1,2,1,0,1,14,13,7,6,1,0,1,99,98,50,48,1,0,1,12,10,4,6,2,2,0
S01007873,307,270,97,173,37,11,26,31,26,4,22,5,1,4,18,15,0,15,3,0,3,18,12,0,12,6,1,5,53,43,21,22,10,1,9,18,13,3,10,5,3,2,20,18,7,11,2,1,1,131,128,56,72,3,3,0,18,15,6,9,3,1,2
S01007874,293,268,91,177,25,1,24,21,18,1,17,3,0,3,27,26,2,24,1,0,1,23,17,1,16,6,0,6,58,51,27,24,7,1,6,19,13,0,13,6,0,6,11,11,5,6,0,0,0,124,123,50,73,1,0,1,10,9,5,4,1,0,1
S01007875,257,237,84,153,20,4,16,6,6,0,6,0,0,0,17,16,2,14,1,0,1,27,22,0,22,5,2,3,64,60,36,24,4,0,4,20,18,5,13,2,0,2,17,16,5,11,1,0,1,96,92,34,58,4,1,3,10,7,2,5,3,1,2
S01007876,468,409,117,292,59,22,37,17,10,0,10,7,2,5,29,25,2,23,4,0,4,47,33,2,31,14,2,12,95,86,37,49,9,3,6,20,16,3,13,4,1,3,55,44,10,34,11,7,4,184,182,60,122,2,2,0,21,13,3,10,8,5,3
S01007877,326,292,99,193,34,7,27,29,27,0,27,2,0,2,23,23,2,21,0,0,0,28,20,0,20,8,0,8,81,73,39,34,8,1,7,23,20,7,13,3,0,3,20,17,5,12,3,2,1,107,100,44,56,7,2,5,15,12,2,10,3,2,1
S01007878,249,230,77,153,19,3,16,20,16,1,15,4,0,4,17,17,1,16,0,0,0,18,15,0,15,3,1,2,49,45,24,21,4,1,3,18,13,3,10,5,0,5,15,14,4,10,1,0,1,101,100,39,61,1,1,0,11,10,5,5,1,0,1
S01007879,273,261,93,168,12,4,8,17,15,0,15,2,1,1,23,23,2,21,0,0,0,21,19,4,15,2,0,2,49,45,18,27,4,2,2,19,19,4,15,0,0,0,14,12,5,7,2,0,2,116,115,54,61,1,1,0,14,13,6,7,1,0,1
S01007880,197,147,44,103,50,11,39,28,13,2,11,15,1,14,13,12,1,11,1,0,1,13,10,0,10,3,1,2,41,27,11,16,14,2,12,11,9,0,9,2,1,1,23,14,6,8,9,2,7,61,58,22,36,3,3,0,7,4,2,2,3,1,2
S01007881,216,177,47,130,39,8,31,33,16,1,15,17,3,14,14,14,2,12,0,0,0,23,18,2,16,5,1,4,47,42,11,31,5,0,5,12,11,4,7,1,0,1,18,15,4,11,3,1,2,53,51,19,32,2,1,1,16,10,4,6,6,2,4
S01007882,421,319,83,236,102,10,92,82,32,2,30,50,2,48,23,18,0,18,5,1,4,32,29,0,29,3,0,3,82,61,29,32,21,2,19,26,21,2,19,5,0,5,31,27,7,20,4,3,1,132,125,42,83,7,1,6,13,6,1,5,7,1,6
S01007883,537,474,101,373,63,10,53,41,31,0,31,10,2,8,44,44,1,43,0,0,0,61,40,6,34,21,0,21,98,86,28,58,12,0,12,38,34,3,31,4,1,3,39,33,9,24,6,3,3,200,194,45,149,6,3,3,16,12,9,3,4,1,3
S01007884,301,270,81,189,31,2,29,9,8,0,8,1,0,1,22,21,1,20,1,0,1,42,26,1,25,16,0,16,60,54,27,27,6,1,5,23,23,3,20,0,0,0,20,19,5,14,1,0,1,113,109,39,70,4,1,3,12,10,5,5,2,0,2
S01007885,268,242,63,179,26,7,19,11,10,1,9,1,0,1,42,42,1,41,0,0,0,39,31,0,31,8,1,7,46,40,19,21,6,1,5,21,19,4,15,2,0,2,22,17,7,10,5,4,1,73,72,23,49,1,0,1,14,11,8,3,3,1,2
S01007886,394,344,88,256,50,11,39,14,13,1,12,1,0,1,46,44,8,36,2,1,1,52,30,1,29,22,2,20,61,57,19,38,4,3,1,22,16,5,11,6,2,4,43,37,8,29,6,2,4,135,130,39,91,5,1,4,21,17,7,10,4,0,4
S01007887,307,230,65,165,77,14,63,50,18,3,15,32,1,31,23,20,2,18,3,2,1,30,16,1,15,14,0,14,49,41,17,24,8,3,5,17,16,6,10,1,0,1,24,15,6,9,9,5,4,94,89,24,65,5,2,3,20,15,6,9,5,1,4
S01007888,418,394,144,250,24,8,16,18,16,4,12,2,2,0,37,37,5,32,0,0,0,50,40,0,40,10,0,10,122,118,65,53,4,1,3,22,22,8,14,0,0,0,28,26,9,17,2,2,0,123,120,47,73,3,2,1,18,15,6,9,3,1,2
S01007889,218,207,70,137,11,5,6,7,7,0,7,0,0,0,17,17,0,17,0,0,0,24,21,1,20,3,0,3,58,58,28,30,0,0,0,12,9,0,9,3,1,2,18,16,9,7,2,1,1,70,67,26,41,3,3,0,12,12,6,6,0,0,0
S01007890,346,302,104,198,44,6,38,10,6,0,6,4,0,4,33,32,3,29,1,0,1,42,25,2,23,17,0,17,92,83,45,38,9,2,7,25,22,2,20,3,1,2,29,25,12,13,4,0,4,104,101,36,65,3,2,1,11,8,4,4,3,1,2
S01007891,418,384,109,275,34,5,29,16,15,1,14,1,0,1,43,42,5,37,1,0,1,60,47,2,45,13,1,12,79,71,32,39,8,2,6,30,27,5,22,3,0,3,27,24,4,20,3,1,2,145,142,53,89,3,0,3,18,16,7,9,2,1,1
S01007892,378,330,108,222,48,16,32,13,6,0,6,7,2,5,41,39,3,36,2,0,2,42,27,1,26,15,2,13,66,64,34,30,2,0,2,22,20,5,15,2,0,2,46,37,12,25,9,5,4,125,117,39,78,8,5,3,23,20,14,6,3,2,1
S01007893,487,408,121,287,79,14,65,18,12,1,11,6,0,6,39,38,1,37,1,0,1,68,41,2,39,27,0,27,96,84,46,38,12,2,10,24,18,6,12,6,0,6,41,33,8,25,8,4,4,175,161,50,111,14,7,7,26,21,7,14,5,1,4
S01007894,450,403,122,281,47,12,35,12,12,1,11,0,0,0,51,50,5,45,1,0,1,66,49,2,47,17,2,15,83,77,48,29,6,1,5,35,30,6,24,5,2,3,46,38,11,27,8,3,5,140,134,44,90,6,3,3,17,13,5,8,4,1,3
S01007895,240,209,52,157,31,9,22,10,10,1,9,0,0,0,29,27,3,24,2,0,2,36,26,0,26,10,0,10,46,36,21,15,10,4,6,13,10,0,10,3,0,3,31,28,4,24,3,2,1,67,65,19,46,2,2,0,8,7,4,3,1,1,0
S01007896,331,297,84,213,34,14,20,17,15,1,14,2,0,2,29,29,3,26,0,0,0,42,32,2,30,10,3,7,59,56,28,28,3,1,2,31,30,4,26,1,0,1,29,25,10,15,4,2,2,99,96,28,68,3,3,0,25,14,8,6,11,5,6
S01007897,230,163,38,125,67,9,58,49,20,1,19,29,1,28,19,18,1,17,1,0,1,22,10,1,9,12,1,11,24,20,11,9,4,1,3,12,10,2,8,2,0,2,30,20,3,17,10,1,9,62,54,18,36,8,5,3,12,11,1,10,1,0,1
S01007898,233,169,52,117,64,14,50,56,29,4,25,27,1,26,13,9,1,8,4,0,4,15,9,1,8,6,1,5,34,27,13,14,7,2,5,13,11,3,8,2,0,2,18,13,5,8,5,1,4,71,64,20,44,7,4,3,13,7,5,2,6,5,1
S01007899,199,136,36,100,63,2,61,55,19,2,17,36,1,35,11,10,0,10,1,0,1,14,5,0,5,9,0,9,31,23,12,11,8,0,8,18,12,0,12,6,0,6,12,9,4,5,3,1,2,53,53,16,37,0,0,0,5,5,2,3,0,0,0
S01007900,214,199,56,143,15,3,12,16,16,0,16,0,0,0,23,22,1,21,1,0,1,28,19,2,17,9,0,9,34,33,19,14,1,0,1,15,15,4,11,0,0,0,18,16,2,14,2,2,0,78,76,27,49,2,1,1,2,2,1,1,0,0,0
S01007901,291,264,89,175,27,7,20,22,21,1,20,1,0,1,28,27,0,27,1,0,1,43,33,3,30,10,1,9,39,36,26,10,3,0,3,23,19,4,15,4,1,3,24,22,12,10,2,1,1,103,99,39,60,4,3,1,9,7,4,3,2,1,1
S01007902,323,296,83,213,27,4,23,52,49,4,45,3,0,3,21,21,1,20,0,0,0,32,25,1,24,7,2,5,59,52,28,24,7,0,7,22,18,2,16,4,0,4,31,30,5,25,1,1,0,94,93,39,54,1,0,1,12,8,3,5,4,1,3
S01007903,228,199,55,144,29,7,22,27,24,0,24,3,1,2,23,20,0,20,3,1,2,30,25,0,25,5,0,5,38,30,18,12,8,0,8,16,14,1,13,2,0,2,19,17,2,15,2,1,1,66,64,32,32,2,2,0,9,5,2,3,4,2,2
S01007904,398,298,78,220,100,11,89,69,31,2,29,38,2,36,41,36,5,31,5,1,4,26,17,1,16,9,0,9,53,42,22,20,11,1,10,26,18,1,17,8,1,7,33,19,3,16,14,4,10,134,126,39,87,8,1,7,16,9,5,4,7,1,6
S01007905,232,223,70,153,9,2,7,28,28,2,26,0,0,0,43,41,3,38,2,1,1,27,23,0,23,4,1,3,52,52,30,22,0,0,0,9,9,2,7,0,0,0,11,11,2,9,0,0,0,56,54,29,25,2,0,2,6,5,2,3,1,0,1
S01007906,261,238,64,174,23,6,17,38,35,2,33,3,1,2,48,47,4,43,1,0,1,20,17,2,15,3,0,3,37,35,19,16,2,1,1,21,18,4,14,3,1,2,16,10,3,7,6,2,4,72,70,28,42,2,1,1,9,6,2,4,3,0,3
S01007907,218,203,53,150,15,4,11,31,27,1,26,4,1,3,20,20,1,19,0,0,0,21,16,0,16,5,2,3,41,39,17,22,2,1,1,15,14,3,11,1,0,1,17,16,3,13,1,0,1,59,58,24,34,1,0,1,14,13,4,9,1,0,1
S01007908,380,338,88,250,42,8,34,34,29,0,29,5,1,4,45,43,2,41,2,0,2,40,26,1,25,14,1,13,66,57,30,27,9,3,6,25,22,1,21,3,0,3,27,24,5,19,3,0,3,129,126,43,83,3,1,2,14,11,6,5,3,2,1
S01007909,241,221,59,162,20,5,15,35,32,1,31,3,0,3,22,22,0,22,0,0,0,20,16,0,16,4,0,4,41,36,14,22,5,1,4,17,13,3,10,4,1,3,17,14,6,8,3,2,1,78,78,32,46,0,0,0,11,10,3,7,1,1,0
S01007910,351,322,107,215,29,9,20,28,27,0,27,1,0,1,44,43,5,38,1,1,0,32,24,0,24,8,2,6,70,65,39,26,5,1,4,16,14,3,11,2,0,2,25,22,8,14,3,1,2,117,110,44,66,7,2,5,19,17,8,9,2,2,0
S01007911,355,325,88,237,30,8,22,22,18,0,18,4,1,3,36,36,2,34,0,0,0,33,26,1,25,7,0,7,65,58,29,29,7,2,5,17,16,4,12,1,0,1,33,28,7,21,5,1,4,135,132,43,89,3,1,2,14,11,2,9,3,3,0
S01007912,348,321,98,223,27,8,19,19,19,0,19,0,0,0,41,38,1,37,3,1,2,34,23,3,20,11,3,8,55,51,29,22,4,0,4,29,27,4,23,2,0,2,20,18,11,7,2,1,1,136,133,44,89,3,1,2,14,12,6,6,2,2,0
S01007913,237,214,72,142,23,6,17,12,10,1,9,2,2,0,29,29,0,29,0,0,0,27,16,3,13,11,3,8,56,51,25,26,5,1,4,19,17,5,12,2,0,2,20,18,9,9,2,0,2,68,68,27,41,0,0,0,6,5,2,3,1,0,1
S01007914,239,219,66,153,20,2,18,14,14,2,12,0,0,0,20,19,0,19,1,0,1,23,12,1,11,11,1,10,48,45,29,16,3,0,3,23,23,3,20,0,0,0,16,15,3,12,1,1,0,83,80,24,56,3,0,3,12,11,4,7,1,0,1
S01007915,374,342,116,226,32,8,24,13,12,2,10,1,0,1,32,29,0,29,3,2,1,35,20,3,17,15,1,14,69,64,33,31,5,2,3,18,17,1,16,1,0,1,32,29,13,16,3,2,1,157,153,56,97,4,1,3,18,18,8,10,0,0,0
S01007916,302,273,88,185,29,3,26,15,12,1,11,3,1,2,28,27,2,25,1,0,1,28,17,1,16,11,0,11,54,53,28,25,1,0,1,22,20,6,14,2,0,2,36,29,8,21,7,1,6,113,111,41,70,2,1,1,6,4,1,3,2,0,2
S01007917,369,339,97,242,30,7,23,41,41,1,40,0,0,0,36,34,1,33,2,0,2,34,18,0,18,16,1,15,57,54,30,24,3,2,1,24,24,5,19,0,0,0,30,26,10,16,4,2,2,130,127,42,85,3,1,2,17,15,8,7,2,1,1
S01007918,413,372,105,267,41,9,32,32,30,6,24,2,1,1,39,37,3,34,2,0,2,43,31,2,29,12,1,11,60,54,31,23,6,0,6,25,20,3,17,5,1,4,40,37,9,28,3,1,2,155,149,48,101,6,4,2,19,14,3,11,5,1,4
S01007919,383,338,70,268,45,12,33,24,23,1,22,1,0,1,38,38,5,33,0,0,0,27,21,1,20,6,1,5,48,35,20,15,13,3,10,18,14,3,11,4,0,4,48,40,9,31,8,2,6,159,150,22,128,9,4,5,21,17,9,8,4,2,2
S01007920,314,282,67,215,32,9,23,19,18,0,18,1,0,1,34,32,1,31,2,0,2,36,27,0,27,9,1,8,57,49,21,28,8,3,5,18,18,1,17,0,0,0,29,26,9,17,3,0,3,107,103,33,70,4,3,1,14,9,2,7,5,2,3
S01007921,358,321,100,221,37,14,23,26,24,1,23,2,0,2,41,39,4,35,2,1,1,44,28,0,28,16,4,12,59,55,31,24,4,1,3,28,27,7,20,1,1,0,25,23,7,16,2,1,1,117,113,44,69,4,3,1,18,12,6,6,6,3,3
S01007922,332,294,104,190,38,8,30,19,18,1,17,1,1,0,27,26,0,26,1,0,1,37,23,3,20,14,1,13,76,71,39,32,5,1,4,25,21,9,12,4,0,4,23,22,9,13,1,1,0,105,103,38,65,2,2,0,20,10,5,5,10,2,8
S01007923,495,437,131,306,58,12,46,23,19,0,19,4,2,2,44,43,5,38,1,0,1,53,29,2,27,24,1,23,108,92,44,48,16,3,13,24,21,4,17,3,2,1,53,50,9,41,3,1,2,178,175,63,112,3,1,2,12,8,4,4,4,2,2
S01007924,379,350,119,231,29,2,27,16,15,2,13,1,0,1,38,36,3,33,2,0,2,41,29,2,27,12,0,12,88,81,44,37,7,1,6,26,25,6,19,1,0,1,33,33,15,18,0,0,0,123,121,44,77,2,1,1,14,10,3,7,4,0,4
S01007925,253,164,36,128,89,15,74,57,14,3,11,43,4,39,27,18,2,16,9,1,8,20,9,0,9,11,1,10,35,28,4,24,7,2,5,13,9,1,8,4,0,4,29,24,7,17,5,1,4,57,53,16,37,4,3,1,15,9,3,6,6,3,3
S01007926,267,194,52,142,73,15,58,38,8,2,6,30,1,29,23,19,0,19,4,2,2,29,17,2,15,12,2,10,52,43,14,29,9,3,6,16,16,2,14,0,0,0,33,25,6,19,8,3,5,63,56,22,34,7,3,4,13,10,4,6,3,1,2
S01007927,358,246,69,177,112,24,88,42,10,2,8,32,1,31,34,28,4,24,6,0,6,29,16,1,15,13,7,6,57,43,19,24,14,4,10,26,18,1,17,8,4,4,54,34,8,26,20,3,17,87,83,30,53,4,2,2,29,14,4,10,15,3,12
S01007928,473,381,111,270,92,22,70,18,11,1,10,7,3,4,37,33,3,30,4,0,4,55,32,1,31,23,4,19,86,68,27,41,18,3,15,44,35,12,23,9,1,8,64,51,12,39,13,3,10,151,139,52,87,12,5,7,18,12,3,9,6,3,3
S01007929,417,293,84,209,124,17,107,65,27,3,24,38,3,35,32,23,2,21,9,2,7,40,23,4,19,17,2,15,69,52,27,25,17,4,13,25,22,1,21,3,0,3,52,30,10,20,22,2,20,104,97,29,68,7,1,6,30,19,8,11,11,3,8
S01007930,344,237,76,161,107,20,87,41,10,3,7,31,5,26,18,14,2,12,4,1,3,40,25,4,21,15,2,13,66,58,35,23,8,3,5,25,14,3,11,11,1,10,71,45,10,35,26,4,22,67,63,17,46,4,1,3,16,8,2,6,8,3,5
S01007931,509,444,122,322,65,18,47,26,21,4,17,5,3,2,35,34,6,28,1,0,1,38,30,4,26,8,0,8,89,71,38,33,18,4,14,39,36,4,32,3,0,3,85,67,14,53,18,4,14,176,168,44,124,8,4,4,21,17,8,9,4,3,1
S01007932,385,326,70,256,59,21,38,15,11,1,10,4,2,2,27,25,4,21,2,0,2,26,15,1,14,11,2,9,62,54,20,34,8,2,6,24,20,1,19,4,1,3,67,53,8,45,14,7,7,145,136,29,107,9,4,5,19,12,6,6,7,3,4
S01007933,397,345,97,248,52,16,36,6,4,1,3,2,0,2,28,26,0,26,2,0,2,38,26,0,26,12,3,9,86,76,40,36,10,2,8,37,30,5,25,7,2,5,64,55,9,46,9,4,5,124,117,39,78,7,3,4,14,11,3,8,3,2,1
S01007934,320,284,83,201,36,10,26,10,8,0,8,2,1,1,30,27,2,25,3,1,2,31,21,1,20,10,0,10,58,53,31,22,5,1,4,26,23,4,19,3,0,3,57,53,11,42,4,2,2,95,89,29,60,6,4,2,13,10,5,5,3,1,2
S01007935,368,316,54,262,52,12,40,10,8,0,8,2,0,2,34,30,2,28,4,1,3,38,29,0,29,9,0,9,84,71,24,47,13,2,11,22,21,2,19,1,1,0,55,42,5,37,13,4,9,111,108,20,88,3,2,1,14,7,1,6,7,2,5
S01007936,545,490,114,376,55,20,35,26,23,3,20,3,0,3,56,52,4,48,4,1,3,43,33,3,30,10,0,10,87,78,32,46,9,2,7,36,34,4,30,2,0,2,98,87,16,71,11,5,6,181,171,49,122,10,7,3,18,12,3,9,6,5,1
S01007937,567,494,125,369,73,16,57,18,17,2,15,1,0,1,52,47,0,47,5,0,5,35,24,3,21,11,1,10,109,98,42,56,11,1,10,44,38,6,32,6,1,5,85,66,17,49,19,3,16,189,175,47,128,14,5,9,35,29,8,21,6,5,1
S01007938,334,295,89,206,39,19,20,6,5,0,5,1,0,1,33,30,3,27,3,1,2,19,16,0,16,3,2,1,90,76,43,33,14,5,9,24,20,4,16,4,1,3,52,45,7,38,7,5,2,98,95,30,65,3,2,1,12,8,2,6,4,3,1
S01007939,348,318,88,230,30,12,18,11,8,1,7,3,0,3,38,35,4,31,3,1,2,30,23,2,21,7,2,5,93,86,31,55,7,5,2,16,15,1,14,1,0,1,41,37,9,28,4,2,2,109,105,34,71,4,1,3,10,9,6,3,1,1,0
S01007940,457,398,99,299,59,15,44,16,9,1,8,7,2,5,73,69,6,63,4,1,3,54,39,5,34,15,0,15,89,81,33,48,8,2,6,28,26,3,23,2,0,2,69,58,12,46,11,3,8,114,107,36,71,7,4,3,14,9,3,6,5,3,2
S01007941,348,308,83,225,40,17,23,9,5,0,5,4,1,3,44,42,7,35,2,1,1,31,21,1,20,10,3,7,58,53,22,31,5,1,4,26,24,5,19,2,1,1,39,31,4,27,8,6,2,130,125,41,84,5,3,2,11,7,3,4,4,1,3
S01007942,236,211,67,144,25,6,19,4,4,2,2,0,0,0,38,37,3,34,1,0,1,38,30,4,26,8,0,8,41,37,20,17,4,0,4,15,14,2,12,1,0,1,28,23,6,17,5,2,3,66,62,30,32,4,2,2,6,4,0,4,2,2,0
S01007943,281,249,66,183,32,9,23,5,2,0,2,3,1,2,37,34,5,29,3,1,2,29,21,0,21,8,0,8,69,63,26,37,6,3,3,13,13,1,12,0,0,0,39,35,9,26,4,0,4,74,70,21,49,4,3,1,15,11,4,7,4,1,3
S01007944,410,357,94,263,53,13,40,19,16,2,14,3,1,2,84,74,7,67,10,1,9,52,36,1,35,16,2,14,87,79,39,40,8,2,6,22,19,0,19,3,1,2,33,27,1,26,6,3,3,98,95,40,55,3,0,3,15,11,4,7,4,3,1
S01007945,342,280,73,207,62,16,46,15,11,2,9,4,1,3,40,34,5,29,6,1,5,34,21,1,20,13,3,10,72,59,25,34,13,6,7,25,21,5,16,4,0,4,45,33,7,26,12,1,11,92,90,25,65,2,0,2,19,11,3,8,8,4,4
S01007946,343,302,85,217,41,8,33,18,13,3,10,5,0,5,42,40,5,35,2,0,2,36,25,3,22,11,0,11,77,69,37,32,8,2,6,20,17,2,15,3,0,3,38,34,6,28,4,2,2,100,95,27,68,5,2,3,12,9,2,7,3,2,1
S01007947,331,288,85,203,43,12,31,11,10,1,9,1,0,1,47,43,5,38,4,3,1,35,22,4,18,13,2,11,68,59,30,29,9,3,6,18,13,1,12,5,1,4,38,32,8,24,6,1,5,102,99,31,68,3,1,2,12,10,5,5,2,1,1
S01007948,223,194,53,141,29,13,16,5,4,0,4,1,0,1,40,39,5,34,1,0,1,27,21,2,19,6,3,3,36,31,15,16,5,2,3,15,12,3,9,3,0,3,32,28,5,23,4,3,1,56,52,18,34,4,2,2,12,7,5,2,5,3,2
S01007949,366,339,95,244,27,5,22,14,12,0,12,2,0,2,61,59,4,55,2,1,1,45,37,2,35,8,0,8,51,48,22,26,3,0,3,16,12,3,9,4,0,4,39,37,12,25,2,1,1,127,122,44,78,5,2,3,13,12,8,4,1,1,0
S01007950,452,395,99,296,57,11,46,21,18,0,18,3,1,2,53,51,7,44,2,1,1,42,30,4,26,12,1,11,66,54,28,26,12,2,10,30,23,1,22,7,2,5,68,57,11,46,11,2,9,151,145,40,105,6,1,5,21,17,8,9,4,1,3
S01007951,363,329,89,240,34,8,26,12,9,1,8,3,2,1,50,48,6,42,2,0,2,47,37,4,33,10,0,10,66,61,23,38,5,1,4,17,14,1,13,3,1,2,47,42,10,32,5,2,3,113,109,41,68,4,1,3,11,9,3,6,2,1,1
S01007952,252,208,59,149,44,10,34,7,6,0,6,1,0,1,27,27,3,24,0,0,0,28,19,0,19,9,1,8,61,45,20,25,16,3,13,17,12,1,11,5,1,4,31,28,8,20,3,2,1,71,65,25,40,6,1,5,10,6,2,4,4,2,2
S01007953,434,387,110,277,47,14,33,23,17,1,16,6,2,4,66,65,9,56,1,0,1,53,36,2,34,17,2,15,76,70,27,43,6,2,4,27,24,2,22,3,0,3,53,45,13,32,8,6,2,117,115,50,65,2,1,1,19,15,6,9,4,1,3
S01007954,280,263,85,178,17,4,13,10,10,0,10,0,0,0,43,42,6,36,1,0,1,23,21,3,18,2,0,2,67,62,33,29,5,2,3,21,21,3,18,0,0,0,26,24,8,16,2,1,1,73,71,27,44,2,0,2,17,12,5,7,5,1,4
S01007955,370,347,123,224,23,4,19,4,4,1,3,0,0,0,50,50,4,46,0,0,0,33,26,2,24,7,0,7,99,97,49,48,2,0,2,29,23,4,19,6,1,5,31,29,5,24,2,1,1,97,94,46,48,3,1,2,27,24,12,12,3,1,2
S01007956,319,294,109,185,25,4,21,9,9,2,7,0,0,0,33,32,3,29,1,0,1,39,32,1,31,7,0,7,80,77,38,39,3,0,3,12,9,1,8,3,1,2,27,26,7,19,1,0,1,99,94,50,44,5,2,3,20,15,7,8,5,1,4
S01007957,397,369,113,256,28,9,19,13,12,1,11,1,0,1,54,52,6,46,2,0,2,41,34,1,33,7,1,6,103,96,48,48,7,3,4,27,25,4,21,2,0,2,38,35,8,27,3,1,2,103,101,37,64,2,2,0,18,14,8,6,4,2,2
S01007958,341,319,82,237,22,7,15,18,18,0,18,0,0,0,48,48,3,45,0,0,0,42,30,1,29,12,3,9,62,60,25,35,2,0,2,20,20,3,17,0,0,0,40,39,8,31,1,1,0,92,88,34,54,4,1,3,19,16,8,8,3,2,1
S01007959,391,355,99,256,36,14,22,13,8,0,8,5,1,4,58,55,2,53,3,1,2,31,27,1,26,4,1,3,78,70,35,35,8,2,6,21,19,3,16,2,0,2,61,53,9,44,8,4,4,119,115,48,67,4,4,0,10,8,1,7,2,1,1
S01007960,329,308,92,216,21,8,13,3,3,1,2,0,0,0,41,39,2,37,2,0,2,39,29,2,27,10,3,7,73,70,38,32,3,2,1,13,12,1,11,1,0,1,40,39,8,31,1,1,0,103,103,35,68,0,0,0,17,13,5,8,4,2,2
S01007961,447,296,77,219,151,36,115,69,21,5,16,48,7,41,33,25,2,23,8,2,6,64,39,0,39,25,8,17,71,51,21,30,20,2,18,31,25,5,20,6,1,5,68,45,14,31,23,4,19,96,83,29,54,13,8,5,15,7,1,6,8,4,4
S01007962,245,218,69,149,27,8,19,3,3,1,2,0,0,0,37,37,1,36,0,0,0,21,12,0,12,9,2,7,49,48,23,25,1,0,1,17,12,1,11,5,1,4,38,36,12,24,2,0,2,65,63,27,36,2,2,0,15,7,4,3,8,3,5
S01007963,249,222,92,130,27,7,20,9,8,1,7,1,1,0,17,17,1,16,0,0,0,29,20,1,19,9,0,9,72,65,39,26,7,1,6,19,18,5,13,1,0,1,24,21,8,13,3,2,1,64,62,32,30,2,1,1,15,11,5,6,4,2,2
S01007964,299,274,104,170,25,7,18,6,6,0,6,0,0,0,19,18,1,17,1,0,1,31,25,4,21,6,1,5,84,81,40,41,3,0,3,20,18,5,13,2,0,2,44,37,13,24,7,2,5,80,75,33,42,5,3,2,15,14,8,6,1,1,0
S01007965,237,223,78,145,14,6,8,6,5,1,4,1,1,0,26,26,1,25,0,0,0,19,13,1,12,6,3,3,61,59,27,32,2,1,1,14,14,4,10,0,0,0,30,29,9,20,1,1,0,69,67,31,36,2,0,2,12,10,4,6,2,0,2
S01007966,328,309,116,193,19,7,12,9,9,0,9,0,0,0,49,47,6,41,2,1,1,22,18,0,18,4,0,4,89,84,49,35,5,3,2,14,11,3,8,3,0,3,30,29,10,19,1,1,0,101,98,41,57,3,2,1,14,13,7,6,1,0,1
S01007967,237,223,99,124,14,3,11,1,1,0,1,0,0,0,23,23,4,19,0,0,0,16,11,2,9,5,1,4,66,65,38,27,1,0,1,16,13,0,13,3,1,2,25,24,11,13,1,0,1,74,74,39,35,0,0,0,16,12,5,7,4,1,3
S01007968,373,349,107,242,24,5,19,7,7,0,7,0,0,0,53,51,3,48,2,0,2,38,31,3,28,7,0,7,77,74,33,41,3,0,3,18,14,3,11,4,1,3,45,43,14,29,2,1,1,122,120,48,72,2,1,1,13,9,3,6,4,2,2
S01007969,363,335,100,235,28,3,25,6,6,0,6,0,0,0,38,37,0,37,1,1,0,40,26,1,25,14,1,13,79,78,36,42,1,0,1,20,19,1,18,1,0,1,41,38,12,26,3,1,2,120,117,44,73,3,0,3,19,14,6,8,5,0,5
S01007970,397,372,103,269,25,9,16,10,9,1,8,1,1,0,62,60,3,57,2,1,1,43,35,2,33,8,1,7,94,91,41,50,3,1,2,19,18,2,16,1,1,0,40,36,11,25,4,2,2,109,108,36,72,1,0,1,20,15,7,8,5,2,3
S01007971,385,362,103,259,23,14,9,10,10,0,10,0,0,0,45,43,4,39,2,0,2,30,25,0,25,5,1,4,89,87,41,46,2,1,1,27,23,3,20,4,4,0,38,32,9,23,6,4,2,126,123,36,87,3,3,0,20,19,10,9,1,1,0
S01007972,397,371,116,255,26,8,18,10,10,0,10,0,0,0,52,52,5,47,0,0,0,36,26,1,25,10,2,8,117,109,51,58,8,2,6,22,19,2,17,3,1,2,36,36,10,26,0,0,0,106,104,38,66,2,1,1,18,15,9,6,3,2,1
S01007973,469,431,119,312,38,16,22,11,8,0,8,3,0,3,81,81,8,73,0,0,0,42,32,0,32,10,2,8,92,86,40,46,6,1,5,21,20,7,13,1,1,0,56,48,9,39,8,4,4,148,140,47,93,8,7,1,18,16,8,8,2,1,1
S01007974,332,310,98,212,22,4,18,6,6,0,6,0,0,0,46,44,1,43,2,0,2,26,19,2,17,7,1,6,93,89,39,50,4,1,3,27,23,5,18,4,0,4,38,37,8,29,1,1,0,84,83,38,45,1,1,0,12,9,5,4,3,0,3
S01007975,279,256,83,173,23,9,14,7,6,0,6,1,0,1,27,27,3,24,0,0,0,23,16,2,14,7,4,3,66,63,22,41,3,1,2,18,16,5,11,2,0,2,21,19,6,13,2,2,0,96,93,40,53,3,2,1,21,16,5,11,5,0,5
S01007976,301,274,61,213,27,10,17,9,6,0,6,3,0,3,35,33,0,33,2,1,1,27,21,1,20,6,0,6,58,55,31,24,3,2,1,18,17,0,17,1,1,0,49,42,6,36,7,4,3,88,86,21,65,2,2,0,17,14,2,12,3,0,3
S01007977,374,343,88,255,31,5,26,7,7,1,6,0,0,0,38,36,1,35,2,0,2,32,23,2,21,9,0,9,81,76,37,39,5,0,5,28,23,3,20,5,3,2,47,45,5,40,2,1,1,127,123,36,87,4,1,3,14,10,3,7,4,0,4
S01007978,308,289,58,231,19,2,17,6,5,0,5,1,0,1,28,28,1,27,0,0,0,38,28,1,27,10,1,9,67,65,25,40,2,0,2,24,22,1,21,2,1,1,35,32,4,28,3,0,3,98,97,21,76,1,0,1,12,12,5,7,0,0,0
S01007979,439,386,88,298,53,11,42,7,7,0,7,0,0,0,45,42,1,41,3,0,3,36,27,4,23,9,0,9,80,66,26,40,14,1,13,23,18,0,18,5,2,3,72,59,12,47,13,3,10,149,144,39,105,5,3,2,27,23,6,17,4,2,2
S01007980,339,304,84,220,35,10,25,13,13,1,12,0,0,0,35,33,1,32,2,0,2,28,20,3,17,8,1,7,84,76,32,44,8,3,5,16,15,1,14,1,0,1,37,33,10,23,4,2,2,104,98,28,70,6,2,4,22,16,8,8,6,2,4
S01007981,252,215,66,149,37,7,30,3,3,0,3,0,0,0,33,30,6,24,3,1,2,22,14,0,14,8,0,8,52,37,23,14,15,3,12,16,14,1,13,2,0,2,24,20,4,16,4,1,3,92,91,29,62,1,1,0,10,6,3,3,4,1,3
S01007982,249,226,73,153,23,4,19,4,4,1,3,0,0,0,29,26,0,26,3,0,3,16,10,0,10,6,1,5,53,51,25,26,2,0,2,14,14,1,13,0,0,0,37,28,9,19,9,3,6,84,84,33,51,0,0,0,12,9,4,5,3,0,3
S01007983,281,256,108,148,25,6,19,6,6,1,5,0,0,0,31,31,3,28,0,0,0,23,16,1,15,7,0,7,85,79,46,33,6,2,4,15,13,2,11,2,0,2,29,26,14,12,3,2,1,79,76,36,40,3,1,2,13,9,5,4,4,1,3
S01007984,357,328,106,222,29,7,22,11,7,1,6,4,2,2,51,50,6,44,1,0,1,19,17,0,17,2,0,2,75,70,32,38,5,2,3,19,15,3,12,4,0,4,43,38,8,30,5,0,5,120,115,46,69,5,2,3,19,16,10,6,3,1,2
S01007985,352,327,100,227,25,1,24,9,9,0,9,0,0,0,42,40,2,38,2,1,1,36,26,0,26,10,0,10,89,86,46,40,3,0,3,26,24,1,23,2,0,2,44,43,11,32,1,0,1,89,87,33,54,2,0,2,17,12,7,5,5,0,5
S01007986,255,238,71,167,17,3,14,7,7,0,7,0,0,0,41,40,3,37,1,1,0,20,13,2,11,7,1,6,45,44,21,23,1,0,1,12,11,3,8,1,0,1,26,24,6,18,2,0,2,88,86,30,56,2,0,2,16,13,6,7,3,1,2
S01007987,387,357,108,249,30,5,25,10,10,0,10,0,0,0,48,45,6,39,3,0,3,35,26,2,24,9,1,8,76,70,37,33,6,1,5,20,17,3,14,3,1,2,48,43,6,37,5,1,4,134,132,46,86,2,0,2,16,14,8,6,2,1,1
S01007988,334,313,104,209,21,5,16,7,7,1,6,0,0,0,36,35,0,35,1,1,0,31,27,2,25,4,1,3,82,74,31,43,8,0,8,17,14,5,9,3,1,2,44,43,11,32,1,1,0,99,98,44,54,1,1,0,18,15,10,5,3,0,3
S01007989,324,297,103,194,27,8,19,2,2,0,2,0,0,0,36,36,3,33,0,0,0,30,26,1,25,4,0,4,74,68,27,41,6,1,5,25,21,11,10,4,0,4,45,39,14,25,6,4,2,97,93,39,54,4,1,3,15,12,8,4,3,2,1
S01007990,449,422,131,291,27,11,16,5,4,0,4,1,0,1,45,44,2,42,1,1,0,29,26,0,26,3,1,2,115,110,50,60,5,2,3,37,35,6,29,2,1,1,53,51,16,35,2,2,0,143,136,46,90,7,2,5,22,16,11,5,6,2,4
S01007991,567,515,137,378,52,18,34,17,14,2,12,3,2,1,61,57,7,50,4,0,4,36,24,1,23,12,2,10,115,104,41,63,11,6,5,36,33,7,26,3,0,3,92,83,16,67,9,2,7,188,184,61,123,4,2,2,22,16,2,14,6,4,2
S01007992,384,338,93,245,46,11,35,8,7,0,7,1,0,1,35,29,1,28,6,1,5,30,22,1,21,8,2,6,82,71,31,40,11,0,11,31,30,5,25,1,0,1,52,48,19,29,4,1,3,126,119,32,87,7,2,5,20,12,4,8,8,5,3
S01007993,474,428,117,311,46,9,37,16,13,3,10,3,0,3,71,71,4,67,0,0,0,42,30,2,28,12,0,12,79,76,39,37,3,2,1,16,12,2,10,4,0,4,50,46,8,38,4,0,4,177,166,49,117,11,4,7,23,14,10,4,9,3,6
S01007994,486,434,102,332,52,18,34,14,13,3,10,1,0,1,70,65,4,61,5,2,3,28,19,1,18,9,2,7,78,71,24,47,7,1,6,39,37,6,31,2,0,2,83,72,15,57,11,5,6,157,146,42,104,11,3,8,17,11,7,4,6,5,1
S01007995,517,482,149,333,35,12,23,10,9,2,7,1,0,1,57,55,2,53,2,1,1,31,24,1,23,7,2,5,107,97,53,44,10,4,6,35,33,4,29,2,1,1,71,66,16,50,5,2,3,191,186,66,120,5,1,4,15,12,5,7,3,1,2
S01007996,240,202,55,147,38,9,29,7,4,0,4,3,1,2,33,31,1,30,2,0,2,14,8,1,7,6,1,5,46,40,13,27,6,0,6,12,8,3,5,4,1,3,46,36,9,27,10,3,7,75,70,27,43,5,3,2,7,5,1,4,2,0,2
S01007997,337,288,71,217,49,15,34,5,4,0,4,1,0,1,38,36,3,33,2,0,2,24,14,1,13,10,2,8,72,63,29,34,9,3,6,17,12,3,9,5,2,3,54,44,9,35,10,2,8,116,108,21,87,8,3,5,11,7,5,2,4,3,1
S01007998,263,218,52,166,45,12,33,7,4,1,3,3,1,2,17,17,1,16,0,0,0,26,19,6,13,7,0,7,57,43,18,25,14,4,10,22,19,0,19,3,1,2,33,26,7,19,7,2,5,91,82,16,66,9,3,6,10,8,3,5,2,1,1
S01007999,318,289,92,197,29,8,21,4,4,1,3,0,0,0,46,43,1,42,3,0,3,44,31,4,27,13,2,11,73,69,35,34,4,3,1,18,16,3,13,2,1,1,37,35,10,25,2,1,1,84,82,35,47,2,0,2,12,9,3,6,3,1,2
S01008000,349,329,107,222,20,6,14,10,7,4,3,3,2,1,34,33,2,31,1,1,0,29,27,0,27,2,1,1,74,71,28,43,3,1,2,32,27,6,21,5,0,5,35,34,7,27,1,0,1,121,118,54,64,3,1,2,14,12,6,6,2,0,2
S01008001,286,272,102,170,14,6,8,14,14,2,12,0,0,0,31,31,3,28,0,0,0,16,15,2,13,1,0,1,81,76,35,41,5,1,4,25,23,9,14,2,2,0,34,34,16,18,0,0,0,72,68,30,38,4,2,2,13,11,5,6,2,1,1
S01008002,283,245,85,160,38,21,17,11,10,0,10,1,0,1,24,24,3,21,0,0,0,37,27,4,23,10,4,6,64,58,27,31,6,2,4,14,12,3,9,2,0,2,53,44,19,25,9,7,2,73,65,27,38,8,6,2,7,5,2,3,2,2,0
S01008003,284,255,61,194,29,6,23,5,5,0,5,0,0,0,33,31,0,31,2,1,1,23,13,0,13,10,1,9,61,55,20,35,6,1,5,24,19,1,18,5,0,5,33,32,7,25,1,1,0,94,90,26,64,4,2,2,11,10,7,3,1,0,1
S01008004,329,305,78,227,24,5,19,13,11,0,11,2,1,1,44,42,2,40,2,0,2,24,20,2,18,4,1,3,71,65,28,37,6,0,6,28,25,1,24,3,0,3,41,38,8,30,3,0,3,100,97,33,64,3,2,1,8,7,4,3,1,1,0
S01008005,297,270,65,205,27,8,19,7,7,0,7,0,0,0,19,19,2,17,0,0,0,26,21,0,21,5,0,5,58,49,23,26,9,2,7,24,19,0,19,5,1,4,40,38,9,29,2,0,2,107,105,24,81,2,2,0,16,12,7,5,4,3,1
S01008006,173,158,45,113,15,8,7,6,6,0,6,0,0,0,25,25,3,22,0,0,0,19,15,0,15,4,1,3,40,39,15,24,1,0,1,11,8,2,6,3,2,1,25,22,8,14,3,2,1,39,38,14,24,1,1,0,8,5,3,2,3,2,1
S01008007,168,161,54,107,7,2,5,4,4,0,4,0,0,0,27,27,3,24,0,0,0,6,4,0,4,2,1,1,45,43,23,20,2,0,2,11,9,1,8,2,1,1,21,21,8,13,0,0,0,46,45,16,29,1,0,1,8,8,3,5,0,0,0
S01008008,252,228,76,152,24,8,16,5,5,0,5,0,0,0,21,19,2,17,2,0,2,19,17,2,15,2,0,2,54,49,22,27,5,2,3,25,23,3,20,2,0,2,43,40,16,24,3,2,1,60,57,24,33,3,0,3,25,18,7,11,7,4,3
S01008009,302,271,86,185,31,11,20,7,6,0,6,1,1,0,34,30,7,23,4,0,4,24,19,2,17,5,3,2,60,58,30,28,2,1,1,26,21,6,15,5,2,3,32,30,7,23,2,1,1,101,97,28,69,4,0,4,18,10,6,4,8,3,5
S01008010,392,349,82,267,43,10,33,18,13,0,13,5,2,3,39,37,2,35,2,1,1,34,23,2,21,11,1,10,98,89,39,50,9,1,8,29,26,3,23,3,1,2,48,43,7,36,5,3,2,110,106,24,82,4,1,3,16,12,5,7,4,0,4
S01008011,248,229,53,176,19,3,16,6,6,0,6,0,0,0,22,21,3,18,1,0,1,12,11,0,11,1,0,1,59,51,22,29,8,0,8,20,18,1,17,2,0,2,43,39,8,31,4,1,3,68,68,16,52,0,0,0,18,15,3,12,3,2,1
S01008012,416,369,77,292,47,9,38,16,14,1,13,2,2,0,32,30,2,28,2,0,2,28,20,4,16,8,0,8,108,97,29,68,11,1,10,33,31,9,22,2,1,1,59,51,7,44,8,1,7,114,106,19,87,8,0,8,26,20,6,14,6,4,2
S01008013,315,279,70,209,36,11,25,4,4,0,4,0,0,0,29,26,3,23,3,2,1,22,12,1,11,10,3,7,57,50,19,31,7,1,6,18,14,1,13,4,0,4,40,34,4,30,6,3,3,131,128,38,90,3,2,1,14,11,4,7,3,0,3
S01008014,321,289,74,215,32,7,25,7,6,2,4,1,0,1,39,37,2,35,2,1,1,20,14,2,12,6,1,5,59,57,19,38,2,1,1,24,20,3,17,4,1,3,29,23,6,17,6,1,5,131,124,39,85,7,1,6,12,8,1,7,4,1,3
S01008015,348,330,76,254,18,8,10,12,12,1,11,0,0,0,32,32,2,30,0,0,0,25,20,2,18,5,3,2,92,92,32,60,0,0,0,32,24,6,18,8,3,5,37,35,7,28,2,0,2,109,106,24,82,3,2,1,9,9,2,7,0,0,0
S01008016,353,312,83,229,41,8,33,10,8,1,7,2,0,2,50,45,4,41,5,1,4,30,16,0,16,14,0,14,77,72,30,42,5,1,4,22,18,4,14,4,3,1,35,33,4,29,2,0,2,114,109,38,71,5,0,5,15,11,2,9,4,3,1
S01008017,407,361,108,253,46,14,32,6,4,0,4,2,0,2,39,36,2,34,3,1,2,27,16,1,15,11,0,11,69,66,35,31,3,1,2,20,20,3,17,0,0,0,57,46,7,39,11,5,6,169,159,51,108,10,4,6,20,14,9,5,6,3,3
S01008018,308,270,72,198,38,12,26,3,2,0,2,1,0,1,33,29,2,27,4,2,2,23,13,1,12,10,2,8,53,49,28,21,4,1,3,12,12,3,9,0,0,0,49,42,6,36,7,2,5,115,109,23,86,6,3,3,20,14,9,5,6,2,4
S01008019,367,307,90,217,60,13,47,12,9,1,8,3,0,3,36,33,2,31,3,1,2,23,16,3,13,7,0,7,71,57,35,22,14,2,12,20,17,2,15,3,1,2,55,41,8,33,14,5,9,130,121,32,89,9,1,8,20,13,7,6,7,3,4
S01008020,351,309,76,233,42,10,32,10,10,0,10,0,0,0,34,33,5,28,1,0,1,37,21,1,20,16,2,14,82,74,35,39,8,5,3,19,15,1,14,4,0,4,50,47,7,40,3,1,2,102,98,23,75,4,1,3,17,11,4,7,6,1,5
S01008021,276,233,71,162,43,16,27,3,3,0,3,0,0,0,23,22,4,18,1,0,1,20,11,0,11,9,0,9,49,39,15,24,10,3,7,16,13,5,8,3,2,1,46,34,12,22,12,5,7,111,105,30,75,6,4,2,8,6,5,1,2,2,0
S01008022,371,324,91,233,47,18,29,9,7,0,7,2,0,2,48,41,3,38,7,1,6,15,7,0,7,8,2,6,73,65,36,29,8,4,4,18,12,1,11,6,4,2,50,48,12,36,2,1,1,134,128,29,99,6,3,3,24,16,10,6,8,3,5
S01008023,402,351,111,240,51,8,43,12,9,1,8,3,1,2,57,56,3,53,1,1,0,37,24,2,22,13,1,12,78,65,34,31,13,1,12,21,19,2,17,2,0,2,61,49,13,36,12,1,11,125,121,52,69,4,2,2,11,8,4,4,3,1,2
S01008024,415,367,94,273,48,14,34,17,12,0,12,5,0,5,45,42,4,38,3,0,3,32,23,1,22,9,1,8,69,64,23,41,5,2,3,17,16,2,14,1,0,1,76,68,23,45,8,2,6,145,134,39,95,11,5,6,14,8,2,6,6,4,2
S01008025,393,355,107,248,38,9,29,15,14,1,13,1,0,1,50,47,2,45,3,0,3,25,15,2,13,10,0,10,79,72,26,46,7,1,6,22,20,5,15,2,1,1,43,37,8,29,6,3,3,148,141,58,83,7,4,3,11,9,5,4,2,0,2
S01008026,484,436,133,303,48,14,34,15,12,0,12,3,0,3,52,49,3,46,3,0,3,55,43,1,42,12,1,11,91,83,40,43,8,2,6,28,22,2,20,6,1,5,56,47,14,33,9,5,4,170,166,69,97,4,3,1,17,14,4,10,3,2,1
S01008027,263,252,74,178,11,4,7,6,6,1,5,0,0,0,29,28,0,28,1,0,1,28,27,0,27,1,0,1,68,65,28,37,3,1,2,13,13,4,9,0,0,0,24,23,3,20,1,0,1,85,81,36,45,4,2,2,10,9,2,7,1,1,0
S01008028,315,277,77,200,38,4,34,11,11,1,10,0,0,0,29,26,2,24,3,1,2,34,25,3,22,9,0,9,66,58,21,37,8,1,7,26,21,4,17,5,0,5,36,32,9,23,4,0,4,101,96,35,61,5,1,4,12,8,2,6,4,1,3
S01008029,436,350,100,250,86,18,68,46,18,3,15,28,6,22,31,30,5,25,1,0,1,43,28,0,28,15,1,14,87,67,28,39,20,4,16,19,12,2,10,7,1,6,54,46,10,36,8,1,7,131,130,43,87,1,1,0,25,19,9,10,6,4,2
S01008030,518,427,102,325,91,27,64,10,8,1,7,2,0,2,51,41,2,39,10,5,5,47,33,1,32,14,1,13,94,78,32,46,16,4,12,47,40,6,34,7,3,4,82,62,15,47,20,5,15,176,162,45,117,14,5,9,11,3,0,3,8,4,4
S01008031,403,366,111,255,37,12,25,11,10,3,7,1,0,1,30,28,4,24,2,0,2,50,43,0,43,7,1,6,84,81,39,42,3,2,1,23,21,4,17,2,0,2,60,51,11,40,9,3,6,129,123,44,79,6,3,3,16,9,6,3,7,3,4
S01008032,441,401,119,282,40,10,30,10,10,0,10,0,0,0,45,44,5,39,1,0,1,42,33,3,30,9,0,9,94,89,45,44,5,1,4,42,34,5,29,8,0,8,53,49,12,37,4,2,2,138,132,48,84,6,3,3,17,10,1,9,7,4,3
S01008033,453,368,125,243,85,17,68,12,4,1,3,8,0,8,22,21,1,20,1,1,0,27,17,3,14,10,1,9,88,72,49,23,16,4,12,33,25,9,16,8,2,6,83,63,8,55,20,2,18,158,142,46,96,16,7,9,30,24,8,16,6,0,6
S01008034,444,369,112,257,75,27,48,8,7,1,6,1,0,1,29,29,2,27,0,0,0,22,12,0,12,10,4,6,76,62,38,24,14,3,11,33,25,4,21,8,5,3,93,71,19,52,22,4,18,167,153,40,113,14,6,8,16,10,8,2,6,5,1
S01008035,312,278,82,196,34,10,24,4,4,1,3,0,0,0,28,24,3,21,4,0,4,17,10,2,8,7,2,5,53,52,22,30,1,0,1,19,14,4,10,5,1,4,57,52,10,42,5,2,3,119,110,34,76,9,4,5,15,12,6,6,3,1,2
S01008036,336,298,97,201,38,12,26,6,6,0,6,0,0,0,22,21,1,20,1,0,1,31,21,1,20,10,2,8,65,60,31,29,5,1,4,29,25,2,23,4,1,3,48,42,12,30,6,1,5,121,113,45,68,8,5,3,14,10,5,5,4,2,2
S01008037,478,421,139,282,57,20,37,4,3,0,3,1,0,1,21,20,2,18,1,1,0,54,40,5,35,14,1,13,102,97,47,50,5,1,4,41,30,3,27,11,3,8,69,55,16,39,14,5,9,163,158,58,100,5,4,1,24,18,8,10,6,5,1
S01008038,370,323,109,214,47,13,34,11,10,0,10,1,1,0,18,15,3,12,3,1,2,38,26,4,22,12,2,10,92,88,48,40,4,2,2,30,23,4,19,7,0,7,63,49,7,42,14,6,8,96,92,35,57,4,1,3,22,20,8,12,2,0,2
S01008039,424,380,129,251,44,13,31,5,5,0,5,0,0,0,18,18,1,17,0,0,0,40,23,2,21,17,5,12,112,107,61,46,5,3,2,30,25,6,19,5,0,5,70,65,9,56,5,0,5,120,114,44,70,6,3,3,29,23,6,17,6,2,4
S01008040,356,299,98,201,57,21,36,6,5,0,5,1,0,1,34,30,4,26,4,0,4,20,12,1,11,8,1,7,52,51,20,31,1,1,0,25,16,3,13,9,1,8,57,38,10,28,19,8,11,136,126,51,75,10,8,2,26,21,9,12,5,2,3
S01008041,304,264,86,178,40,7,33,7,6,3,3,1,0,1,14,10,1,9,4,0,4,14,7,1,6,7,0,7,49,44,24,20,5,0,5,21,18,4,14,3,0,3,58,46,12,34,12,2,10,120,113,29,84,7,4,3,21,20,12,8,1,1,0
S01008042,254,197,62,135,57,18,39,5,5,0,5,0,0,0,19,18,1,17,1,0,1,12,6,2,4,6,2,4,34,26,11,15,8,2,6,22,16,4,12,6,1,5,61,38,8,30,23,7,16,89,78,32,46,11,5,6,12,10,4,6,2,1,1
S01008043,437,339,115,224,98,43,55,8,8,0,8,0,0,0,40,32,7,25,8,4,4,28,15,4,11,13,2,11,51,43,24,19,8,2,6,38,26,5,21,12,6,6,91,63,15,48,28,10,18,155,135,52,83,20,13,7,26,17,8,9,9,6,3
S01008044,468,382,117,265,86,27,59,2,2,0,2,0,0,0,29,28,2,26,1,0,1,19,11,3,8,8,0,8,69,54,26,28,15,3,12,44,32,6,26,12,4,8,84,56,9,47,28,10,18,188,171,57,114,17,8,9,33,28,14,14,5,2,3
S01008045,421,310,93,217,111,26,85,15,8,0,8,7,2,5,25,16,2,14,9,2,7,26,17,1,16,9,0,9,83,55,26,29,28,6,22,29,24,4,20,5,1,4,85,56,12,44,29,9,20,129,114,36,78,15,5,10,29,20,12,8,9,1,8
S01008046,311,275,92,183,36,15,21,4,4,0,4,0,0,0,14,13,1,12,1,0,1,19,9,1,8,10,1,9,76,74,40,34,2,0,2,28,22,5,17,6,2,4,55,49,9,40,6,3,3,91,84,27,57,7,5,2,24,20,9,11,4,4,0
S01008047,305,251,84,167,54,16,38,5,4,0,4,1,0,1,22,18,3,15,4,1,3,21,11,2,9,10,1,9,42,40,29,11,2,0,2,21,17,3,14,4,2,2,64,48,10,38,16,3,13,115,105,36,69,10,5,5,15,8,1,7,7,4,3
S01008048,241,212,61,151,29,9,20,2,1,0,1,1,0,1,13,13,1,12,0,0,0,17,11,1,10,6,0,6,44,38,18,20,6,2,4,16,13,1,12,3,1,2,53,47,6,41,6,3,3,85,81,29,52,4,1,3,11,8,5,3,3,2,1
S01008049,370,307,77,230,63,25,38,10,9,0,9,1,1,0,23,21,1,20,2,0,2,31,20,1,19,11,2,9,47,41,19,22,6,2,4,33,23,1,22,10,3,7,71,52,12,40,19,8,11,141,131,37,94,10,7,3,14,10,6,4,4,2,2
S01008050,261,218,68,150,43,17,26,4,3,0,3,1,0,1,17,17,0,17,0,0,0,9,5,1,4,4,2,2,49,43,22,21,6,0,6,19,14,2,12,5,1,4,51,43,11,32,8,4,4,101,88,31,57,13,6,7,11,5,1,4,6,4,2
S01008051,429,378,103,275,51,12,39,8,8,0,8,0,0,0,19,18,1,17,1,0,1,19,17,2,15,2,0,2,59,53,28,25,6,2,4,33,25,4,21,8,1,7,92,78,19,59,14,1,13,182,167,47,120,15,8,7,17,12,2,10,5,0,5
S01008052,431,367,78,289,64,17,47,7,7,1,6,0,0,0,32,25,3,22,7,1,6,24,16,2,14,8,0,8,48,43,15,28,5,1,4,24,18,2,16,6,4,2,99,80,18,62,19,2,17,182,170,36,134,12,4,8,15,8,1,7,7,5,2
S01008053,249,208,68,140,41,14,27,3,3,0,3,0,0,0,11,10,2,8,1,0,1,15,11,0,11,4,1,3,31,25,13,12,6,2,4,23,18,2,16,5,0,5,70,54,18,36,16,4,12,79,71,23,48,8,7,1,17,16,10,6,1,0,1
S01008054,341,271,76,195,70,20,50,3,3,1,2,0,0,0,20,17,3,14,3,0,3,12,7,3,4,5,0,5,63,53,22,31,10,4,6,23,19,2,17,4,1,3,80,48,11,37,32,7,25,128,116,31,85,12,6,6,12,8,3,5,4,2,2
S01008055,488,405,126,279,83,37,46,11,8,1,7,3,1,2,35,34,0,34,1,1,0,26,17,1,16,9,4,5,75,63,41,22,12,4,8,30,24,1,23,6,1,5,117,94,22,72,23,8,15,176,154,54,100,22,14,8,18,11,6,5,7,4,3
S01008056,314,261,84,177,53,17,36,4,4,2,2,0,0,0,19,15,4,11,4,1,3,15,13,0,13,2,0,2,55,41,21,20,14,4,10,23,17,3,14,6,0,6,61,49,16,33,12,2,10,122,110,32,78,12,7,5,15,12,6,6,3,3,0
S01008057,437,364,94,270,73,17,56,12,12,1,11,0,0,0,19,17,0,17,2,0,2,23,15,1,14,8,1,7,70,59,30,29,11,1,10,29,21,2,19,8,1,7,101,75,9,66,26,7,19,162,151,43,108,11,5,6,21,14,8,6,7,2,5
S01008058,488,377,136,241,111,29,82,9,7,3,4,2,0,2,19,14,1,13,5,2,3,23,15,1,14,8,2,6,113,86,47,39,27,4,23,30,23,4,19,7,1,6,107,75,18,57,32,10,22,160,136,53,83,24,9,15,27,21,9,12,6,1,5
S01008059,347,293,93,200,54,19,35,5,5,0,5,0,0,0,23,23,1,22,0,0,0,21,12,5,7,9,0,9,50,47,23,24,3,0,3,37,25,5,20,12,2,10,70,54,16,38,16,6,10,131,120,39,81,11,8,3,10,7,4,3,3,3,0
S01008060,463,401,109,292,62,19,43,12,10,0,10,2,0,2,34,27,3,24,7,2,5,21,16,0,16,5,0,5,69,57,31,26,12,4,8,38,34,7,27,4,1,3,80,65,13,52,15,4,11,181,170,45,125,11,5,6,28,22,10,12,6,3,3
S01008061,380,328,98,230,52,13,39,4,3,0,3,1,0,1,21,20,1,19,1,1,0,22,18,1,17,4,1,3,66,58,30,28,8,0,8,35,29,3,26,6,0,6,78,64,18,46,14,2,12,142,129,40,89,13,6,7,12,7,5,2,5,3,2
S01008062,428,385,117,268,43,9,34,8,8,0,8,0,0,0,14,14,3,11,0,0,0,34,28,3,25,6,0,6,72,61,29,32,11,1,10,32,23,1,22,9,1,8,65,60,14,46,5,2,3,183,177,63,114,6,3,3,20,14,4,10,6,2,4
S01008063,448,386,112,274,62,17,45,5,5,1,4,0,0,0,29,26,3,23,3,1,2,20,9,2,7,11,2,9,65,60,32,28,5,0,5,42,31,4,27,11,0,11,78,63,15,48,15,4,11,191,178,47,131,13,7,6,18,14,8,6,4,3,1
S01008064,315,283,103,180,32,7,25,5,5,0,5,0,0,0,14,14,2,12,0,0,0,26,20,3,17,6,0,6,74,68,41,27,6,0,6,29,22,3,19,7,2,5,44,39,11,28,5,1,4,109,104,41,63,5,1,4,14,11,2,9,3,3,0
S01008065,484,408,118,290,76,24,52,7,6,0,6,1,0,1,22,19,1,18,3,1,2,26,20,3,17,6,1,5,65,54,34,20,11,1,10,43,32,3,29,11,3,8,100,77,15,62,23,5,18,200,186,56,130,14,8,6,21,14,6,8,7,5,2
S01008066,423,315,86,229,108,39,69,11,7,1,6,4,1,3,18,17,1,16,1,0,1,26,18,2,16,8,2,6,53,42,26,16,11,6,5,30,21,6,15,9,1,8,100,57,9,48,43,11,32,166,143,36,107,23,14,9,19,10,5,5,9,4,5
S01008067,307,250,62,188,57,20,37,3,2,0,2,1,0,1,15,12,0,12,3,0,3,26,19,5,14,7,0,7,46,43,21,22,3,1,2,22,13,2,11,9,4,5,65,43,4,39,22,10,12,117,107,27,80,10,5,5,13,11,3,8,2,0,2
S01008068,467,392,108,284,75,23,52,6,5,1,4,1,0,1,39,29,1,28,10,5,5,37,28,2,26,9,1,8,78,71,36,35,7,1,6,45,31,2,29,14,0,14,74,58,10,48,16,6,10,168,156,49,107,12,6,6,20,14,7,7,6,4,2
S01008069,485,436,116,320,49,15,34,9,9,1,8,0,0,0,34,32,2,30,2,0,2,30,20,1,19,10,1,9,98,89,44,45,9,4,5,34,29,2,27,5,2,3,95,80,17,63,15,6,9,165,161,43,118,4,1,3,20,16,6,10,4,1,3
S01008070,476,436,130,306,40,10,30,6,5,1,4,1,1,0,34,33,1,32,1,0,1,46,31,2,29,15,1,14,85,85,44,41,0,0,0,34,31,6,25,3,0,3,77,71,15,56,6,2,4,171,164,56,108,7,2,5,23,16,5,11,7,4,3
S01008071,380,338,81,257,42,11,31,5,5,0,5,0,0,0,23,22,1,21,1,0,1,27,19,3,16,8,1,7,55,44,25,19,11,4,7,27,23,2,21,4,0,4,65,60,12,48,5,2,3,161,153,32,121,8,4,4,17,12,6,6,5,0,5
S01008072,402,335,69,266,67,12,55,12,9,1,8,3,0,3,26,22,0,22,4,0,4,23,18,0,18,5,1,4,61,47,16,31,14,1,13,30,23,4,19,7,1,6,66,49,8,41,17,2,15,163,150,31,119,13,5,8,21,17,9,8,4,2,2
S01008073,235,186,50,136,49,10,39,5,4,0,4,1,0,1,11,9,1,8,2,1,1,16,12,1,11,4,0,4,48,35,16,19,13,1,12,18,15,3,12,3,2,1,50,35,7,28,15,2,13,79,72,19,53,7,2,5,8,4,3,1,4,2,2
S01008074,497,406,125,281,91,26,65,5,4,0,4,1,0,1,25,18,1,17,7,1,6,39,27,5,22,12,3,9,74,59,35,24,15,6,9,45,35,8,27,10,1,9,89,69,12,57,20,1,19,204,186,58,128,18,9,9,16,8,6,2,8,5,3
S01008075,230,174,62,112,56,9,47,5,5,2,3,0,0,0,14,12,1,11,2,0,2,13,6,1,5,7,2,5,43,30,17,13,13,0,13,14,12,6,6,2,0,2,56,37,4,33,19,3,16,77,66,26,40,11,3,8,8,6,5,1,2,1,1
S01008076,228,170,47,123,58,16,42,4,2,0,2,2,0,2,13,10,1,9,3,0,3,16,10,0,10,6,0,6,37,31,17,14,6,0,6,19,12,3,9,7,5,2,56,42,9,33,14,3,11,76,62,17,45,14,5,9,7,1,0,1,6,3,3
S01008077,348,263,83,180,85,24,61,3,3,0,3,0,0,0,11,5,0,5,6,2,4,18,11,1,10,7,4,3,61,44,20,24,17,5,12,30,27,3,24,3,1,2,80,49,13,36,31,3,28,134,117,46,71,17,8,9,11,7,0,7,4,1,3
S01008078,373,303,98,205,70,16,54,5,5,0,5,0,0,0,18,13,3,10,5,2,3,21,13,1,12,8,2,6,89,67,39,28,22,2,20,23,17,1,16,6,0,6,68,52,12,40,16,5,11,134,124,33,91,10,4,6,15,12,9,3,3,1,2
S01008079,390,322,99,223,68,24,44,7,7,2,5,0,0,0,19,16,3,13,3,2,1,33,22,2,20,11,3,8,73,58,30,28,15,0,15,27,22,5,17,5,1,4,67,52,12,40,15,7,8,149,137,43,94,12,6,6,15,8,2,6,7,5,2
S01008080,336,272,80,192,64,12,52,1,1,1,0,0,0,0,27,21,2,19,6,1,5,19,11,1,10,8,0,8,36,30,11,19,6,1,5,35,24,4,20,11,2,9,70,54,13,41,16,3,13,135,122,45,77,13,3,10,13,9,3,6,4,2,2
S01008081,276,228,61,167,48,17,31,4,3,0,3,1,1,0,15,14,2,12,1,0,1,17,12,0,12,5,0,5,49,38,24,14,11,2,9,23,16,0,16,7,1,6,59,44,10,34,15,7,8,92,89,20,69,3,2,1,17,12,5,7,5,4,1
S01008082,407,353,98,255,54,12,42,2,2,0,2,0,0,0,23,21,2,19,2,0,2,17,10,1,9,7,0,7,80,67,28,39,13,2,11,33,23,2,21,10,1,9,71,58,10,48,13,2,11,164,157,47,110,7,5,2,17,15,8,7,2,2,0
S01008083,341,296,102,194,45,15,30,4,4,0,4,0,0,0,20,18,0,18,2,1,1,15,10,0,10,5,0,5,58,48,26,22,10,2,8,28,24,6,18,4,0,4,53,44,13,31,9,5,4,145,134,47,87,11,5,6,18,14,10,4,4,2,2
S01008084,418,346,104,242,72,18,54,7,4,1,3,3,2,1,37,32,0,32,5,1,4,33,18,2,16,15,2,13,73,64,42,22,9,2,7,41,34,6,28,7,0,7,66,49,9,40,17,5,12,144,133,41,92,11,5,6,17,12,3,9,5,1,4
S01008085,533,428,129,299,105,25,80,20,9,1,8,11,0,11,30,20,2,18,10,2,8,48,31,7,24,17,4,13,81,68,35,33,13,0,13,40,26,3,23,14,5,9,82,67,17,50,15,2,13,197,182,51,131,15,8,7,35,25,13,12,10,4,6
S01008086,577,487,134,353,90,21,69,14,10,1,9,4,0,4,30,29,3,26,1,0,1,64,42,5,37,22,4,18,101,92,44,48,9,0,9,50,38,4,34,12,3,9,102,89,25,64,13,3,10,193,177,48,129,16,7,9,23,10,4,6,13,4,9
S01008087,372,329,86,243,43,12,31,6,5,0,5,1,0,1,24,23,4,19,1,0,1,28,17,1,16,11,1,10,66,61,21,40,5,3,2,38,31,3,28,7,2,5,66,58,12,46,8,1,7,127,120,39,81,7,4,3,17,14,6,8,3,1,2
S01008088,422,387,111,276,35,11,24,7,6,0,6,1,0,1,21,19,1,18,2,0,2,39,30,2,28,9,4,5,78,76,38,38,2,0,2,37,30,10,20,7,2,5,84,75,16,59,9,1,8,136,134,36,98,2,2,0,20,17,8,9,3,2,1
S01008089,310,280,76,204,30,6,24,3,3,0,3,0,0,0,26,26,0,26,0,0,0,27,22,3,19,5,0,5,53,46,21,25,7,1,6,26,22,3,19,4,0,4,50,45,13,32,5,3,2,116,111,34,77,5,1,4,9,5,2,3,4,1,3
S01008090,379,341,104,237,38,7,31,15,13,2,11,2,0,2,22,19,1,18,3,0,3,39,25,0,25,14,2,12,61,57,35,22,4,1,3,29,27,7,20,2,1,1,63,59,14,45,4,0,4,132,130,39,91,2,0,2,18,11,6,5,7,3,4
S01008091,191,169,47,122,22,5,17,3,2,0,2,1,0,1,10,10,0,10,0,0,0,12,8,0,8,4,0,4,29,24,11,13,5,0,5,30,23,1,22,7,2,5,35,31,10,21,4,2,2,64,64,21,43,0,0,0,8,7,4,3,1,1,0
S01008092,396,352,113,239,44,13,31,6,6,0,6,0,0,0,13,12,0,12,1,0,1,35,22,1,21,13,2,11,75,65,37,28,10,1,9,35,30,6,24,5,2,3,74,67,18,49,7,3,4,140,135,44,91,5,3,2,18,15,7,8,3,2,1
S01008093,360,324,94,230,36,8,28,7,7,0,7,0,0,0,15,14,2,12,1,1,0,32,22,1,21,10,1,9,79,66,33,33,13,3,10,28,23,0,23,5,1,4,45,42,11,31,3,1,2,131,130,42,88,1,1,0,23,20,5,15,3,0,3
S01008094,316,256,79,177,60,19,41,6,5,1,4,1,0,1,16,13,0,13,3,1,2,27,14,2,12,13,0,13,76,62,27,35,14,2,12,27,24,6,18,3,3,0,54,38,10,28,16,7,9,95,88,27,61,7,4,3,15,12,6,6,3,2,1
S01008095,352,314,91,223,38,11,27,3,3,0,3,0,0,0,23,20,1,19,3,1,2,32,29,1,28,3,1,2,57,52,28,24,5,0,5,42,35,8,27,7,3,4,55,42,10,32,13,4,9,123,119,40,79,4,2,2,17,14,3,11,3,0,3
S01008096,337,297,88,209,40,8,32,6,6,0,6,0,0,0,14,12,1,11,2,0,2,31,23,3,20,8,2,6,58,50,28,22,8,1,7,24,21,4,17,3,1,2,60,48,14,34,12,3,9,130,127,36,91,3,0,3,14,10,2,8,4,1,3
S01008097,273,233,78,155,40,11,29,7,7,0,7,0,0,0,11,11,0,11,0,0,0,20,10,0,10,10,2,8,56,47,34,13,9,3,6,22,16,3,13,6,0,6,49,41,10,31,8,1,7,92,88,26,62,4,3,1,16,13,5,8,3,2,1
S01008098,379,337,87,250,42,12,30,10,10,1,9,0,0,0,20,18,1,17,2,1,1,37,28,1,27,9,2,7,58,53,27,26,5,1,4,27,23,3,20,4,0,4,56,48,6,42,8,2,6,150,140,40,100,10,6,4,21,17,8,9,4,0,4
S01008099,269,233,66,167,36,12,24,8,8,1,7,0,0,0,22,20,1,19,2,1,1,27,15,2,13,12,3,9,37,37,18,19,0,0,0,18,12,1,11,6,0,6,54,47,11,36,7,3,4,92,85,32,53,7,4,3,11,9,0,9,2,1,1
S01008100,399,330,80,250,69,10,59,4,4,0,4,0,0,0,18,15,2,13,3,0,3,32,20,2,18,12,1,11,79,61,32,29,18,3,15,23,17,0,17,6,1,5,98,85,13,72,13,1,12,130,121,28,93,9,3,6,15,7,3,4,8,1,7
S01008101,425,379,90,289,46,7,39,5,5,1,4,0,0,0,34,29,5,24,5,1,4,36,25,1,24,11,0,11,73,66,27,39,7,0,7,35,23,5,18,12,1,11,70,65,7,58,5,1,4,156,154,36,118,2,2,0,16,12,8,4,4,2,2
S01008102,380,335,84,251,45,9,36,2,2,0,2,0,0,0,30,27,4,23,3,0,3,38,27,1,26,11,1,10,74,68,38,30,6,2,4,37,30,7,23,7,0,7,71,63,13,50,8,3,5,113,107,20,87,6,1,5,15,11,1,10,4,2,2
S01008103,292,254,69,185,38,10,28,7,6,2,4,1,0,1,13,13,1,12,0,0,0,23,17,3,14,6,2,4,51,43,19,24,8,0,8,23,17,3,14,6,2,4,55,50,6,44,5,0,5,100,93,29,64,7,3,4,20,15,6,9,5,3,2
S01008104,405,364,111,253,41,10,31,5,3,0,3,2,0,2,19,19,1,18,0,0,0,41,23,2,21,18,2,16,85,83,36,47,2,2,0,33,23,4,19,10,4,6,60,55,9,46,5,0,5,145,142,51,91,3,2,1,17,16,8,8,1,0,1
S01008105,464,420,118,302,44,9,35,5,4,1,3,1,0,1,21,21,0,21,0,0,0,50,40,2,38,10,2,8,97,91,43,48,6,0,6,48,40,3,37,8,0,8,71,68,16,52,3,1,2,142,135,43,92,7,4,3,30,21,10,11,9,2,7
S01008106,314,287,79,208,27,9,18,5,5,0,5,0,0,0,9,9,1,8,0,0,0,33,25,2,23,8,5,3,73,68,30,38,5,1,4,25,21,5,16,4,0,4,48,45,7,38,3,1,2,104,99,30,69,5,1,4,17,15,4,11,2,1,1
S01008107,487,401,111,290,86,15,71,9,8,1,7,1,0,1,26,22,2,20,4,0,4,53,37,0,37,16,3,13,93,74,35,39,19,3,16,42,28,6,22,14,2,12,75,65,13,52,10,1,9,172,158,50,108,14,5,9,17,9,4,5,8,1,7
S01008108,394,343,107,236,51,12,39,2,2,0,2,0,0,0,26,24,0,24,2,0,2,31,25,0,25,6,1,5,85,73,39,34,12,1,11,39,26,2,24,13,1,12,59,50,12,38,9,4,5,133,129,48,81,4,0,4,19,14,6,8,5,5,0
S01008109,485,436,123,313,49,12,37,10,9,2,7,1,0,1,32,30,1,29,2,1,1,56,40,4,36,16,3,13,82,75,37,38,7,3,4,34,24,4,20,10,4,6,78,73,18,55,5,1,4,170,168,51,117,2,0,2,23,17,6,11,6,0,6
S01008110,484,434,112,322,50,15,35,3,3,0,3,0,0,0,23,22,0,22,1,0,1,39,30,0,30,9,3,6,101,91,36,55,10,2,8,45,30,2,28,15,1,14,83,77,22,55,6,4,2,172,168,47,121,4,2,2,18,13,5,8,5,3,2
S01008111,434,393,113,280,41,10,31,4,4,0,4,0,0,0,25,22,0,22,3,1,2,30,22,2,20,8,1,7,73,66,40,26,7,2,5,45,34,7,27,11,2,9,76,71,9,62,5,2,3,164,159,46,113,5,1,4,17,15,9,6,2,1,1
S01008112,385,350,118,232,35,7,28,5,5,1,4,0,0,0,26,21,3,18,5,0,5,21,16,2,14,5,0,5,82,77,49,28,5,1,4,31,23,3,20,8,2,6,68,63,8,55,5,2,3,134,130,48,82,4,0,4,18,15,4,11,3,2,1
S01008113,447,399,125,274,48,17,31,2,1,0,1,1,0,1,29,27,2,25,2,0,2,32,26,3,23,6,0,6,84,76,38,38,8,2,6,46,37,6,31,9,3,6,77,68,18,50,9,5,4,152,149,52,97,3,2,1,25,15,6,9,10,5,5
S01008114,337,300,95,205,37,9,28,7,6,1,5,1,0,1,24,22,0,22,2,1,1,28,23,4,19,5,0,5,68,60,31,29,8,4,4,40,26,5,21,14,2,12,54,51,12,39,3,1,2,100,97,32,65,3,1,2,16,15,10,5,1,0,1
S01008115,516,462,139,323,54,11,43,9,9,1,8,0,0,0,24,22,1,21,2,0,2,53,37,1,36,16,5,11,99,94,51,43,5,0,5,44,35,5,30,9,1,8,80,74,18,56,6,1,5,181,172,53,119,9,4,5,26,19,9,10,7,0,7
S01008116,472,426,124,302,46,12,34,9,7,1,6,2,0,2,39,33,5,28,6,2,4,24,20,0,20,4,2,2,88,80,36,44,8,2,6,37,35,3,32,2,0,2,69,62,12,50,7,2,5,192,178,59,119,14,3,11,14,11,8,3,3,1,2
S01008117,373,322,107,215,51,13,38,6,5,1,4,1,0,1,30,25,3,22,5,3,2,30,17,2,15,13,2,11,63,58,35,23,5,1,4,36,27,6,21,9,1,8,44,40,11,29,4,1,3,145,136,43,93,9,3,6,19,14,6,8,5,2,3
S01008118,386,336,78,258,50,16,34,8,8,1,7,0,0,0,19,19,2,17,0,0,0,29,22,2,20,7,1,6,67,57,23,34,10,2,8,32,27,3,24,5,1,4,70,58,15,43,12,5,7,143,132,30,102,11,4,7,18,13,2,11,5,3,2
S01008119,278,260,67,193,18,5,13,4,4,0,4,0,0,0,22,20,1,19,2,0,2,29,28,1,27,1,0,1,70,69,29,40,1,0,1,31,26,4,22,5,0,5,28,23,7,16,5,3,2,82,80,20,60,2,1,1,12,10,5,5,2,1,1
S01008120,272,236,67,169,36,7,29,6,6,1,5,0,0,0,19,19,1,18,0,0,0,23,13,1,12,10,0,10,50,46,21,25,4,1,3,16,13,2,11,3,1,2,46,33,5,28,13,4,9,104,98,31,67,6,1,5,8,8,5,3,0,0,0
S01008121,305,262,81,181,43,9,34,2,2,0,2,0,0,0,14,12,0,12,2,1,1,25,19,1,18,6,1,5,37,33,19,14,4,1,3,14,12,1,11,2,0,2,69,49,16,33,20,3,17,133,126,40,86,7,3,4,11,9,4,5,2,0,2
S01008122,346,272,83,189,74,24,50,6,6,0,6,0,0,0,12,8,0,8,4,0,4,29,20,6,14,9,1,8,42,36,16,20,6,2,4,27,15,4,11,12,1,11,98,71,19,52,27,10,17,117,106,32,74,11,6,5,15,10,6,4,5,4,1
S01008123,437,352,110,242,85,19,66,4,3,1,2,1,0,1,20,14,2,12,6,2,4,37,26,5,21,11,0,11,63,52,26,26,11,0,11,27,21,4,17,6,2,4,95,71,16,55,24,5,19,168,149,52,97,19,5,14,23,16,4,12,7,5,2
S01008124,433,392,132,260,41,9,32,7,7,3,4,0,0,0,36,31,7,24,5,1,4,30,17,1,16,13,1,12,66,63,37,26,3,0,3,37,31,7,24,6,2,4,76,69,15,54,7,1,6,167,164,57,107,3,3,0,14,10,5,5,4,1,3
S01008125,455,404,143,261,51,16,35,7,5,0,5,2,1,1,31,29,3,26,2,0,2,39,30,7,23,9,1,8,71,63,39,24,8,2,6,41,35,5,30,6,2,4,91,79,21,58,12,1,11,155,146,58,88,9,7,2,20,17,10,7,3,2,1
S01008126,459,398,125,273,61,21,40,19,17,1,16,2,1,1,38,34,1,33,4,1,3,30,21,3,18,9,3,6,58,46,21,25,12,0,12,30,22,5,17,8,3,5,98,84,29,55,14,5,9,169,160,57,103,9,5,4,17,14,8,6,3,3,0
S01008127,251,225,65,160,26,8,18,3,3,1,2,0,0,0,13,11,1,10,2,1,1,10,9,1,8,1,0,1,30,27,15,12,3,1,2,18,14,1,13,4,1,3,51,43,11,32,8,1,7,121,114,31,83,7,4,3,5,4,4,0,1,0,1
S01008128,442,390,132,258,52,17,35,7,6,0,6,1,0,1,24,20,4,16,4,1,3,37,28,2,26,9,1,8,94,89,51,38,5,3,2,29,20,1,19,9,0,9,70,64,18,46,6,2,4,155,145,47,98,10,7,3,26,18,9,9,8,3,5
S01008129,433,384,93,291,49,8,41,8,8,1,7,0,0,0,37,35,3,32,2,0,2,38,26,1,25,12,2,10,87,75,31,44,12,2,10,31,23,5,18,8,1,7,55,47,9,38,8,1,7,159,158,39,119,1,0,1,18,12,4,8,6,2,4
S01008130,468,422,114,308,46,14,32,6,6,1,5,0,0,0,33,30,5,25,3,0,3,35,25,0,25,10,2,8,79,78,31,47,1,0,1,35,30,4,26,5,0,5,85,73,12,61,12,3,9,157,154,50,104,3,3,0,38,26,11,15,12,6,6
S01008131,350,317,76,241,33,9,24,7,7,0,7,0,0,0,24,22,2,20,2,0,2,29,24,0,24,5,0,5,60,56,24,32,4,1,3,32,24,4,20,8,1,7,56,51,10,41,5,1,4,127,119,34,85,8,5,3,15,14,2,12,1,1,0
S01008132,469,399,112,287,70,20,50,14,10,1,9,4,1,3,31,29,1,28,2,0,2,61,42,5,37,19,0,19,67,58,19,39,9,5,4,29,22,3,19,7,1,6,76,62,19,43,14,4,10,160,149,51,98,11,7,4,31,27,13,14,4,2,2
S01008133,248,208,60,148,40,9,31,3,3,0,3,0,0,0,28,22,0,22,6,2,4,17,9,2,7,8,0,8,35,34,15,19,1,1,0,20,18,6,12,2,0,2,52,42,10,32,10,3,7,78,70,23,47,8,3,5,15,10,4,6,5,0,5
S01008134,325,289,55,234,36,7,29,7,7,0,7,0,0,0,19,18,1,17,1,0,1,32,26,0,26,6,0,6,53,49,19,30,4,1,3,18,12,0,12,6,1,5,66,58,7,51,8,1,7,113,106,22,84,7,3,4,17,13,6,7,4,1,3
S01008135,597,538,137,401,59,10,49,10,10,1,9,0,0,0,41,40,1,39,1,0,1,59,38,3,35,21,0,21,96,91,35,56,5,3,2,49,36,6,30,13,0,13,96,89,17,72,7,3,4,218,208,63,145,10,3,7,28,26,11,15,2,1,1
S01008136,434,392,100,292,42,4,38,3,3,1,2,0,0,0,34,32,2,30,2,1,1,43,33,4,29,10,0,10,85,80,34,46,5,0,5,40,30,4,26,10,0,10,73,67,12,55,6,1,5,143,137,39,98,6,1,5,13,10,4,6,3,1,2
S01008137,323,300,111,189,23,11,12,7,7,0,7,0,0,0,35,35,3,32,0,0,0,24,19,1,18,5,0,5,73,70,38,32,3,1,2,22,15,5,10,7,4,3,61,55,19,36,6,5,1,81,80,37,43,1,0,1,20,19,8,11,1,1,0
S01008138,329,304,102,202,25,4,21,4,4,0,4,0,0,0,22,22,2,20,0,0,0,37,27,0,27,10,1,9,82,79,45,34,3,0,3,22,16,4,12,6,0,6,52,50,12,38,2,1,1,98,96,33,63,2,1,1,12,10,6,4,2,1,1
S01008139,363,331,103,228,32,7,25,6,5,0,5,1,0,1,23,23,1,22,0,0,0,28,19,0,19,9,1,8,76,74,40,34,2,0,2,29,21,1,20,8,1,7,48,44,18,26,4,1,3,135,131,38,93,4,2,2,18,14,5,9,4,2,2
S01008140,204,191,63,128,13,1,12,7,7,2,5,0,0,0,11,11,2,9,0,0,0,17,11,1,10,6,0,6,45,41,22,19,4,1,3,12,10,1,9,2,0,2,34,33,7,26,1,0,1,69,69,26,43,0,0,0,9,9,2,7,0,0,0
S01008141,425,371,95,276,54,18,36,3,3,0,3,0,0,0,33,31,1,30,2,0,2,39,28,3,25,11,3,8,89,76,33,43,13,1,12,40,28,6,22,12,5,7,54,50,12,38,4,2,2,147,139,36,103,8,4,4,20,16,4,12,4,3,1
S01008142,445,408,116,292,37,14,23,6,6,1,5,0,0,0,20,20,1,19,0,0,0,40,35,0,35,5,1,4,87,81,37,44,6,2,4,51,41,8,33,10,5,5,75,67,23,44,8,3,5,149,144,39,105,5,2,3,17,14,7,7,3,1,2
S01008143,390,357,95,262,33,12,21,8,8,0,8,0,0,0,23,23,0,23,0,0,0,32,28,1,27,4,0,4,79,73,30,43,6,1,5,32,26,6,20,6,4,2,49,43,15,28,6,4,2,148,139,40,99,9,3,6,19,17,3,14,2,0,2
S01008144,308,257,79,178,51,14,37,9,3,0,3,6,1,5,20,16,2,14,4,2,2,27,20,2,18,7,0,7,55,45,28,17,10,3,7,22,14,2,12,8,1,7,52,45,8,37,7,3,4,110,107,32,75,3,0,3,13,7,5,2,6,4,2
S01008145,383,343,93,250,40,11,29,12,11,2,9,1,0,1,40,37,5,32,3,1,2,53,41,5,36,12,2,10,68,65,28,37,3,0,3,34,25,3,22,9,1,8,39,37,10,27,2,1,1,119,112,34,78,7,5,2,18,15,6,9,3,1,2
S01008146,210,187,58,129,23,5,18,17,14,1,13,3,0,3,32,28,5,23,4,1,3,28,21,0,21,7,1,6,36,33,18,15,3,1,2,12,11,3,8,1,1,0,24,21,9,12,3,1,2,56,55,21,34,1,0,1,5,4,1,3,1,0,1
S01008147,405,365,97,268,40,9,31,5,5,0,5,0,0,0,37,35,1,34,2,0,2,40,28,1,27,12,1,11,97,91,49,42,6,1,5,29,16,2,14,13,3,10,62,60,4,56,2,1,1,121,118,34,84,3,1,2,14,12,6,6,2,2,0
S01008148,420,379,105,274,41,11,30,9,8,1,7,1,0,1,21,19,4,15,2,1,1,49,35,1,34,14,2,12,87,80,38,42,7,1,6,34,28,1,27,6,3,3,55,47,14,33,8,2,6,155,152,44,108,3,2,1,10,10,2,8,0,0,0
S01008149,335,312,85,227,23,2,21,4,4,0,4,0,0,0,21,21,0,21,0,0,0,30,26,1,25,4,0,4,70,68,34,34,2,0,2,29,21,5,16,8,1,7,50,44,9,35,6,0,6,120,118,34,84,2,1,1,11,10,2,8,1,0,1
S01008150,407,375,99,276,32,9,23,4,4,1,3,0,0,0,39,38,1,37,1,0,1,47,38,0,38,9,0,9,81,79,25,54,2,0,2,28,21,3,18,7,3,4,55,50,11,39,5,2,3,139,131,50,81,8,4,4,14,14,8,6,0,0,0
S01008151,317,294,76,218,23,7,16,3,3,0,3,0,0,0,31,30,1,29,1,0,1,30,21,1,20,9,2,7,62,58,24,34,4,1,3,21,16,1,15,5,1,4,45,44,10,34,1,0,1,111,111,35,76,0,0,0,14,11,4,7,3,3,0
S01008152,437,401,102,299,36,9,27,9,9,1,8,0,0,0,35,33,2,31,2,1,1,36,26,5,21,10,0,10,99,94,39,55,5,1,4,42,36,7,29,6,1,5,64,62,8,54,2,1,1,139,134,37,97,5,2,3,13,7,3,4,6,3,3
S01008153,463,416,120,296,47,11,36,10,10,2,8,0,0,0,25,21,0,21,4,1,3,50,40,2,38,10,1,9,81,72,28,44,9,3,6,31,27,4,23,4,0,4,77,67,16,51,10,2,8,170,163,58,105,7,2,5,19,16,10,6,3,2,1
S01008154,377,331,89,242,46,13,33,9,8,1,7,1,0,1,21,19,1,18,2,1,1,32,23,2,21,9,1,8,62,54,30,24,8,1,7,31,23,2,21,8,2,6,62,55,14,41,7,3,4,144,136,35,101,8,4,4,16,13,4,9,3,1,2
S01008155,349,309,78,231,40,12,28,5,3,0,3,2,1,1,27,24,3,21,3,0,3,30,26,1,25,4,0,4,61,56,21,35,5,0,5,23,19,3,16,4,0,4,59,50,12,38,9,4,5,125,116,31,85,9,4,5,19,15,7,8,4,3,1
S01008156,438,361,109,252,77,16,61,14,11,3,8,3,0,3,18,16,3,13,2,0,2,51,32,2,30,19,2,17,101,79,39,40,22,3,19,23,17,3,14,6,3,3,59,46,10,36,13,3,10,145,144,42,102,1,1,0,27,16,7,9,11,4,7
S01008157,383,343,104,239,40,16,24,11,10,0,10,1,0,1,19,17,0,17,2,0,2,36,28,2,26,8,1,7,71,68,38,30,3,0,3,37,29,4,25,8,4,4,60,54,12,42,6,1,5,130,127,40,87,3,2,1,19,10,8,2,9,8,1
S01008158,462,416,90,326,46,11,35,5,4,0,4,1,0,1,28,26,1,25,2,2,0,48,37,0,37,11,0,11,92,83,30,53,9,1,8,32,29,3,26,3,1,2,66,59,10,49,7,3,4,172,168,45,123,4,0,4,19,10,1,9,9,4,5
S01008159,384,345,99,246,39,8,31,8,8,0,8,0,0,0,21,19,1,18,2,1,1,36,26,0,26,10,2,8,88,82,38,44,6,0,6,18,13,1,12,5,1,4,40,34,10,24,6,1,5,148,141,41,100,7,3,4,25,22,8,14,3,0,3
S01008160,389,351,90,261,38,14,24,9,9,0,9,0,0,0,33,31,0,31,2,0,2,30,26,1,25,4,0,4,64,60,25,35,4,0,4,40,29,2,27,11,4,7,46,37,8,29,9,6,3,146,143,50,93,3,2,1,21,16,4,12,5,2,3
S01008161,603,513,110,403,90,22,68,21,14,1,13,7,2,5,40,33,2,31,7,1,6,65,44,4,40,21,3,18,91,78,27,51,13,2,11,50,38,2,36,12,3,9,92,79,12,67,13,4,9,219,207,51,156,12,5,7,25,20,11,9,5,2,3
S01008162,520,460,114,346,60,12,48,14,10,1,9,4,0,4,32,25,3,22,7,0,7,54,38,2,36,16,2,14,95,85,31,54,10,2,8,23,21,3,18,2,0,2,76,66,14,52,10,3,7,204,197,55,142,7,2,5,22,18,5,13,4,3,1
S01008163,332,289,83,206,43,13,30,20,15,1,14,5,1,4,22,19,0,19,3,0,3,27,16,3,13,11,1,10,88,83,35,48,5,4,1,23,18,0,18,5,1,4,54,46,11,35,8,5,3,79,75,24,51,4,1,3,19,17,9,8,2,0,2
S01008164,531,490,258,232,41,10,31,5,4,0,4,1,1,0,15,13,0,13,2,0,2,36,24,2,22,12,2,10,209,199,155,44,10,0,10,18,16,1,15,2,0,2,64,61,24,37,3,1,2,133,127,57,70,6,4,2,51,46,19,27,5,2,3
S01008165,441,372,97,275,69,20,49,20,15,3,12,5,0,5,16,14,2,12,2,0,2,47,32,1,31,15,2,13,83,67,29,38,16,3,13,43,36,6,30,7,1,6,75,68,14,54,7,3,4,135,128,38,90,7,4,3,22,12,4,8,10,7,3
S01008166,257,231,69,162,26,8,18,4,4,1,3,0,0,0,11,10,0,10,1,1,0,34,24,0,24,10,1,9,66,61,24,37,5,0,5,16,14,3,11,2,1,1,33,28,7,21,5,2,3,78,77,29,48,1,1,0,15,13,5,8,2,2,0
S01008167,310,285,93,192,25,10,15,11,11,0,11,0,0,0,20,20,3,17,0,0,0,41,30,4,26,11,3,8,81,79,37,42,2,1,1,22,18,2,16,4,2,2,40,39,12,27,1,0,1,76,73,28,45,3,3,0,19,15,7,8,4,1,3
S01008168,369,347,104,243,22,9,13,12,12,0,12,0,0,0,26,26,5,21,0,0,0,32,27,3,24,5,0,5,93,89,47,42,4,1,3,49,46,3,43,3,2,1,42,37,8,29,5,3,2,98,96,33,63,2,2,0,17,14,5,9,3,1,2
S01008169,376,346,103,243,30,8,22,8,7,1,6,1,0,1,29,27,3,24,2,0,2,34,22,0,22,12,4,8,84,79,36,43,5,1,4,22,20,1,19,2,0,2,60,58,13,45,2,0,2,116,113,42,71,3,1,2,23,20,7,13,3,2,1
S01008170,326,280,87,193,46,11,35,5,5,1,4,0,0,0,16,16,0,16,0,0,0,20,12,1,11,8,0,8,64,56,33,23,8,2,6,37,25,2,23,12,5,7,74,69,15,54,5,0,5,86,76,25,51,10,2,8,24,21,10,11,3,2,1
S01008171,350,325,85,240,25,7,18,6,6,0,6,0,0,0,13,13,3,10,0,0,0,24,20,4,16,4,0,4,85,79,31,48,6,2,4,32,24,1,23,8,1,7,57,53,12,41,4,1,3,117,115,28,87,2,2,0,16,15,6,9,1,1,0
S01008172,267,238,75,163,29,8,21,10,10,2,8,0,0,0,15,14,2,12,1,0,1,31,19,3,16,12,3,9,55,53,29,24,2,2,0,16,10,0,10,6,0,6,45,43,13,30,2,1,1,77,75,23,52,2,0,2,18,14,3,11,4,2,2
S01008173,357,329,112,217,28,4,24,8,7,1,6,1,0,1,16,16,1,15,0,0,0,25,16,1,15,9,1,8,77,72,42,30,5,0,5,25,18,0,18,7,1,6,74,73,19,54,1,0,1,122,119,46,73,3,0,3,10,8,2,6,2,2,0
S01008174,305,269,83,186,36,9,27,3,3,0,3,0,0,0,15,15,1,14,0,0,0,30,17,1,16,13,3,10,56,52,23,29,4,2,2,18,14,2,12,4,0,4,75,68,21,47,7,0,7,93,90,31,59,3,2,1,15,10,4,6,5,2,3
S01008175,410,372,100,272,38,10,28,6,6,0,6,0,0,0,32,26,2,24,6,1,5,31,24,3,21,7,1,6,60,55,24,31,5,1,4,32,27,2,25,5,2,3,95,91,21,70,4,0,4,132,126,43,83,6,1,5,22,17,5,12,5,4,1
S01008176,385,315,96,219,70,26,44,13,13,1,12,0,0,0,13,11,1,10,2,0,2,31,20,4,16,11,4,7,65,52,26,26,13,4,9,29,20,3,17,9,3,6,96,77,18,59,19,8,11,117,103,37,66,14,5,9,21,19,6,13,2,2,0
S01008177,340,309,108,201,31,10,21,8,6,0,6,2,0,2,16,15,1,14,1,1,0,28,21,3,18,7,0,7,78,71,37,34,7,1,6,23,22,4,18,1,0,1,56,52,12,40,4,1,3,116,109,47,62,7,6,1,15,13,4,9,2,1,1
S01008178,307,282,92,190,25,5,20,8,7,1,6,1,0,1,19,18,4,14,1,0,1,22,16,2,14,6,0,6,58,54,23,31,4,0,4,23,18,3,15,5,1,4,56,54,21,33,2,1,1,100,98,31,67,2,0,2,21,17,7,10,4,3,1
S01008179,294,252,84,168,42,5,37,3,3,2,1,0,0,0,9,9,0,9,0,0,0,23,14,0,14,9,0,9,49,38,21,17,11,2,9,17,10,0,10,7,0,7,78,72,21,51,6,0,6,104,98,36,62,6,1,5,11,8,4,4,3,2,1
S01008180,286,245,71,174,41,14,27,5,5,0,5,0,0,0,6,6,0,6,0,0,0,23,14,1,13,9,1,8,52,41,21,20,11,4,7,19,15,4,11,4,1,3,73,63,12,51,10,4,6,90,89,29,60,1,0,1,18,12,4,8,6,4,2
S01008181,337,289,103,186,48,11,37,11,8,1,7,3,0,3,18,14,4,10,4,1,3,29,23,3,20,6,2,4,62,48,26,22,14,3,11,18,15,4,11,3,1,2,79,70,16,54,9,2,7,97,93,39,54,4,1,3,23,18,10,8,5,1,4
S01008182,525,478,98,380,47,21,26,9,9,0,9,0,0,0,34,29,3,26,5,0,5,32,23,2,21,9,3,6,111,106,34,72,5,1,4,34,30,1,29,4,1,3,104,94,10,84,10,6,4,161,154,39,115,7,6,1,40,33,9,24,7,4,3
S01008183,341,308,96,212,33,10,23,5,5,0,5,0,0,0,23,19,5,14,4,1,3,18,13,1,12,5,0,5,70,64,38,26,6,2,4,25,19,2,17,6,1,5,66,60,11,49,6,3,3,125,120,35,85,5,2,3,9,8,4,4,1,1,0
S01008184,398,350,82,268,48,18,30,8,5,1,4,3,1,2,21,19,2,17,2,0,2,17,11,3,8,6,1,5,83,75,25,50,8,2,6,20,18,4,14,2,0,2,84,80,13,67,4,3,1,137,122,29,93,15,9,6,28,20,5,15,8,2,6
S01008185,506,456,114,342,50,15,35,14,12,0,12,2,1,1,26,24,1,23,2,0,2,38,25,3,22,13,3,10,111,102,40,62,9,0,9,21,18,1,17,3,1,2,87,78,16,62,9,3,6,178,171,45,126,7,4,3,31,26,8,18,5,3,2
S01008186,326,287,61,226,39,12,27,11,11,0,11,0,0,0,12,11,2,9,1,0,1,23,11,1,10,12,2,10,63,60,20,40,3,0,3,26,19,3,16,7,2,5,63,55,5,50,8,4,4,115,109,29,80,6,3,3,13,11,1,10,2,1,1
S01008187,297,265,88,177,32,10,22,3,3,0,3,0,0,0,16,14,2,12,2,0,2,26,18,0,18,8,1,7,59,54,36,18,5,2,3,27,19,3,16,8,2,6,61,54,12,42,7,4,3,89,88,27,61,1,1,0,16,15,8,7,1,0,1
S01008188,387,349,113,236,38,12,26,3,3,0,3,0,0,0,23,18,1,17,5,1,4,33,23,1,22,10,2,8,96,88,47,41,8,3,5,34,31,6,25,3,0,3,64,58,17,41,6,3,3,110,107,34,73,3,2,1,24,21,7,14,3,1,2
S01008189,274,231,80,151,43,9,34,12,11,1,10,1,1,0,15,13,2,11,2,0,2,22,12,0,12,10,0,10,45,37,24,13,8,2,6,19,14,2,12,5,2,3,52,36,10,26,16,4,12,97,97,37,60,0,0,0,12,11,4,7,1,0,1
S01008190,402,364,131,233,38,10,28,8,7,1,6,1,0,1,19,19,0,19,0,0,0,33,20,1,19,13,2,11,105,100,45,55,5,1,4,28,23,5,18,5,2,3,60,58,18,40,2,0,2,117,111,49,62,6,3,3,32,26,12,14,6,2,4
S01008191,222,199,77,122,23,5,18,4,3,1,2,1,0,1,11,10,1,9,1,1,0,19,12,2,10,7,0,7,56,54,27,27,2,0,2,8,7,3,4,1,0,1,32,28,9,19,4,1,3,77,72,27,45,5,2,3,15,13,7,6,2,1,1
S01008192,432,394,109,285,38,14,24,27,26,3,23,1,0,1,16,14,1,13,2,1,1,33,21,2,19,12,3,9,90,84,40,44,6,4,2,27,23,1,22,4,1,3,88,81,15,66,7,3,4,134,133,43,90,1,1,0,17,12,4,8,5,1,4
S01008193,389,341,104,237,48,20,28,5,5,1,4,0,0,0,19,16,6,10,3,0,3,25,16,0,16,9,4,5,90,85,34,51,5,1,4,27,22,3,19,5,0,5,74,64,10,54,10,2,8,130,120,42,78,10,8,2,19,13,8,5,6,5,1
S01008194,296,267,82,185,29,5,24,8,8,0,8,0,0,0,15,14,1,13,1,1,0,22,14,1,13,8,0,8,64,58,27,31,6,1,5,27,24,2,22,3,2,1,48,42,8,34,6,0,6,98,93,36,57,5,1,4,14,14,7,7,0,0,0
S01008195,385,341,119,222,44,14,30,5,5,0,5,0,0,0,21,18,4,14,3,2,1,39,27,3,24,12,2,10,109,102,54,48,7,3,4,20,15,3,12,5,1,4,64,54,9,45,10,3,7,103,100,40,60,3,2,1,24,20,6,14,4,1,3
S01008196,355,320,111,209,35,11,24,17,16,1,15,1,0,1,19,19,2,17,0,0,0,33,22,2,20,11,3,8,103,97,43,54,6,1,5,16,13,3,10,3,1,2,46,44,7,37,2,2,0,95,89,42,47,6,0,6,26,20,11,9,6,4,2
S01008197,596,549,89,460,47,12,35,17,17,2,15,0,0,0,28,25,0,25,3,0,3,55,46,0,46,9,1,8,101,96,28,68,5,0,5,39,28,1,27,11,1,10,161,152,13,139,9,4,5,157,155,37,118,2,2,0,38,30,8,22,8,4,4
S01008198,318,292,87,205,26,8,18,7,7,1,6,0,0,0,21,20,3,17,1,0,1,35,24,0,24,11,1,10,82,79,42,37,3,1,2,22,18,2,16,4,2,2,43,43,7,36,0,0,0,88,83,28,55,5,3,2,20,18,4,14,2,1,1
S01008199,331,307,89,218,24,6,18,19,18,3,15,1,0,1,18,18,1,17,0,0,0,32,24,2,22,8,1,7,88,87,39,48,1,0,1,31,25,3,22,6,0,6,46,43,8,35,3,1,2,70,68,23,45,2,1,1,27,24,10,14,3,3,0
S01008200,249,225,71,154,24,8,16,10,9,1,8,1,1,0,9,8,1,7,1,0,1,32,23,1,22,9,0,9,67,62,31,31,5,2,3,17,16,2,14,1,0,1,32,29,5,24,3,3,0,70,70,26,44,0,0,0,12,8,4,4,4,2,2
S01008201,329,312,87,225,17,7,10,15,15,2,13,0,0,0,24,24,1,23,0,0,0,23,21,2,19,2,0,2,82,77,38,39,5,3,2,31,30,3,27,1,0,1,42,40,8,32,2,1,1,93,90,32,58,3,2,1,19,15,1,14,4,1,3
S01008202,269,247,61,186,22,2,20,3,3,0,3,0,0,0,13,11,0,11,2,0,2,24,17,2,15,7,0,7,45,44,18,26,1,0,1,20,18,0,18,2,1,1,64,58,9,49,6,1,5,83,82,25,57,1,0,1,17,14,7,7,3,0,3
S01008203,240,212,55,157,28,10,18,6,6,0,6,0,0,0,10,10,1,9,0,0,0,35,28,1,27,7,0,7,62,58,26,32,4,0,4,12,10,0,10,2,1,1,33,30,7,23,3,2,1,68,58,15,43,10,6,4,14,12,5,7,2,1,1
S01008204,339,299,80,219,40,10,30,13,11,0,11,2,1,1,16,14,0,14,2,0,2,26,19,1,18,7,1,6,65,55,22,33,10,2,8,28,24,6,18,4,0,4,57,52,9,43,5,1,4,108,105,35,70,3,1,2,26,19,7,12,7,4,3
S01008205,334,298,105,193,36,8,28,15,14,1,13,1,0,1,27,27,2,25,0,0,0,33,23,2,21,10,1,9,71,65,38,27,6,0,6,33,28,5,23,5,1,4,34,29,12,17,5,1,4,92,90,38,52,2,0,2,29,22,7,15,7,5,2
S01008206,292,261,80,181,31,11,20,6,6,1,5,0,0,0,16,16,2,14,0,0,0,41,28,1,27,13,4,9,64,60,27,33,4,0,4,22,20,3,17,2,0,2,38,35,9,26,3,2,1,88,84,30,54,4,3,1,17,12,7,5,5,2,3
S01008207,277,246,75,171,31,10,21,10,10,0,10,0,0,0,16,16,1,15,0,0,0,37,26,4,22,11,2,9,74,66,30,36,8,3,5,19,17,4,13,2,1,1,32,31,6,25,1,0,1,68,64,23,41,4,2,2,21,16,7,9,5,2,3
S01008208,474,432,90,342,42,9,33,17,17,0,17,0,0,0,23,22,2,20,1,1,0,41,28,1,27,13,0,13,84,78,34,44,6,2,4,37,27,0,27,10,3,7,100,94,12,82,6,3,3,143,140,36,104,3,0,3,29,26,5,21,3,0,3
S01008209,328,275,74,201,53,11,42,10,9,2,7,1,0,1,7,7,0,7,0,0,0,34,18,1,17,16,3,13,81,67,33,34,14,3,11,20,15,1,14,5,1,4,88,80,15,65,8,1,7,70,65,16,49,5,3,2,18,14,6,8,4,0,4
S01008210,456,396,111,285,60,21,39,27,23,1,22,4,0,4,29,26,3,23,3,1,2,39,29,0,29,10,2,8,87,78,38,40,9,2,7,18,16,3,13,2,0,2,74,66,12,54,8,2,6,138,125,36,89,13,6,7,44,33,18,15,11,8,3
S01008211,435,371,103,268,64,22,42,15,14,0,14,1,0,1,14,10,1,9,4,2,2,34,23,0,23,11,2,9,66,56,25,31,10,3,7,29,25,2,23,4,3,1,86,74,12,62,12,2,10,155,147,56,91,8,6,2,36,22,7,15,14,4,10
S01008212,341,305,96,209,36,6,30,16,11,3,8,5,0,5,24,23,2,21,1,0,1,27,15,1,14,12,1,11,60,55,20,35,5,0,5,18,16,2,14,2,1,1,68,63,21,42,5,2,3,117,114,41,73,3,0,3,11,8,6,2,3,2,1
S01008213,531,471,130,341,60,20,40,27,26,1,25,1,0,1,21,19,0,19,2,0,2,43,28,3,25,15,3,12,95,87,37,50,8,2,6,45,38,3,35,7,2,5,106,97,26,71,9,1,8,164,156,51,105,8,6,2,30,20,9,11,10,6,4
S01008214,289,257,81,176,32,10,22,16,11,0,11,5,0,5,22,20,1,19,2,1,1,28,20,3,17,8,3,5,54,52,26,26,2,0,2,22,18,1,17,4,2,2,29,26,9,17,3,0,3,93,90,32,58,3,1,2,25,20,9,11,5,3,2
S01008215,378,345,95,250,33,9,24,13,13,0,13,0,0,0,19,17,1,16,2,0,2,29,19,0,19,10,2,8,72,69,32,37,3,1,2,21,19,1,18,2,0,2,77,69,14,55,8,5,3,126,123,40,83,3,0,3,21,16,7,9,5,1,4
S01008216,292,254,76,178,38,8,30,15,13,1,12,2,1,1,17,14,1,13,3,0,3,23,18,0,18,5,0,5,50,40,20,20,10,1,9,16,13,2,11,3,0,3,60,54,14,40,6,2,4,94,92,32,60,2,0,2,17,10,6,4,7,4,3
S01008217,321,267,77,190,54,23,31,16,15,1,14,1,0,1,16,11,1,10,5,2,3,17,12,2,10,5,1,4,64,52,20,32,12,4,8,9,8,0,8,1,0,1,82,67,17,50,15,5,10,99,89,30,59,10,9,1,18,13,6,7,5,2,3
S01008218,645,547,147,400,98,25,73,17,15,1,14,2,1,1,34,30,1,29,4,1,3,65,39,6,33,26,2,24,115,95,44,51,20,4,16,32,21,3,18,11,2,9,145,127,22,105,18,6,12,208,198,67,131,10,6,4,29,22,3,19,7,3,4
S01008219,522,445,124,321,77,26,51,11,11,2,9,0,0,0,33,28,2,26,5,2,3,68,43,7,36,25,4,21,88,80,35,45,8,2,6,41,29,4,25,12,2,10,94,77,22,55,17,9,8,166,160,45,115,6,6,0,21,17,7,10,4,1,3
S01008220,265,240,81,159,25,4,21,19,19,1,18,0,0,0,13,13,0,13,0,0,0,41,30,4,26,11,0,11,61,56,34,22,5,1,4,15,15,1,14,0,0,0,33,28,10,18,5,3,2,75,72,28,44,3,0,3,8,7,3,4,1,0,1
S01008221,285,257,76,181,28,8,20,9,9,0,9,0,0,0,18,17,1,16,1,1,0,30,23,2,21,7,0,7,82,78,36,42,4,0,4,18,16,2,14,2,0,2,47,40,10,30,7,4,3,63,59,23,36,4,3,1,18,15,2,13,3,0,3
S01008222,240,221,71,150,19,4,15,8,8,0,8,0,0,0,16,16,2,14,0,0,0,25,17,3,14,8,0,8,59,55,26,29,4,1,3,17,15,1,14,2,1,1,39,38,14,24,1,1,0,61,60,21,39,1,0,1,15,12,4,8,3,1,2
S01008223,249,234,67,167,15,3,12,6,6,0,6,0,0,0,8,8,1,7,0,0,0,21,19,0,19,2,0,2,48,48,29,19,0,0,0,20,16,1,15,4,0,4,42,40,9,31,2,0,2,87,84,22,62,3,0,3,17,13,5,8,4,3,1
S01008224,552,502,141,361,50,16,34,18,17,0,17,1,1,0,23,21,2,19,2,0,2,56,35,2,33,21,5,16,103,100,42,58,3,1,2,46,39,5,34,7,1,6,100,97,21,76,3,3,0,177,170,60,110,7,1,6,29,23,9,14,6,4,2
S01008225,379,348,112,236,31,5,26,14,12,0,12,2,0,2,24,24,2,22,0,0,0,35,25,1,24,10,1,9,77,74,33,41,3,1,2,21,13,1,12,8,0,8,61,56,16,40,5,2,3,139,138,55,83,1,0,1,8,6,4,2,2,1,1
S01008226,321,291,98,193,30,8,22,4,4,0,4,0,0,0,19,16,4,12,3,0,3,29,20,0,20,9,2,7,72,68,34,34,4,1,3,30,25,2,23,5,1,4,60,55,14,41,5,2,3,85,85,38,47,0,0,0,22,18,6,12,4,2,2
S01008227,375,348,94,254,27,9,18,14,13,2,11,1,1,0,27,27,1,26,0,0,0,40,29,1,28,11,1,10,80,74,31,43,6,1,5,30,26,3,23,4,3,1,60,59,14,45,1,0,1,104,102,35,67,2,1,1,20,18,7,11,2,2,0
S01008228,339,289,86,203,50,8,42,6,6,0,6,0,0,0,19,16,3,13,3,0,3,39,19,3,16,20,0,20,70,64,34,30,6,0,6,23,16,1,15,7,1,6,66,60,15,45,6,3,3,97,92,22,70,5,2,3,19,16,8,8,3,2,1
S01008229,324,299,86,213,25,10,15,16,16,2,14,0,0,0,20,20,0,20,0,0,0,29,17,0,17,12,1,11,65,63,27,36,2,1,1,18,16,2,14,2,1,1,60,57,9,48,3,1,2,102,99,39,60,3,3,0,14,11,7,4,3,3,0
S01008230,488,427,103,324,61,18,43,12,11,1,10,1,0,1,28,25,3,22,3,1,2,46,26,2,24,20,1,19,90,85,34,51,5,1,4,41,35,4,31,6,3,3,103,97,16,81,6,0,6,144,132,35,97,12,8,4,24,16,8,8,8,4,4
S01008231,444,385,108,277,59,9,50,11,10,2,8,1,0,1,18,17,2,15,1,0,1,71,45,2,43,26,4,22,73,70,31,39,3,1,2,34,21,1,20,13,0,13,97,91,24,67,6,1,5,128,123,42,81,5,3,2,12,8,4,4,4,0,4
S01008232,390,355,87,268,35,2,33,13,13,1,12,0,0,0,15,15,1,14,0,0,0,48,34,3,31,14,0,14,74,69,26,43,5,0,5,25,18,4,14,7,0,7,88,82,16,66,6,2,4,110,108,27,81,2,0,2,17,16,9,7,1,0,1
S01008233,272,239,52,187,33,3,30,12,10,0,10,2,0,2,15,14,1,13,1,0,1,26,16,2,14,10,1,9,39,34,7,27,5,0,5,11,10,2,8,1,0,1,62,54,9,45,8,1,7,91,90,26,64,1,0,1,16,11,5,6,5,1,4
S01008234,173,155,41,114,18,2,16,4,4,1,3,0,0,0,12,10,2,8,2,0,2,22,15,0,15,7,0,7,33,29,12,17,4,1,3,5,4,0,4,1,0,1,27,27,7,20,0,0,0,57,56,17,39,1,0,1,13,10,2,8,3,1,2
S01008235,401,350,108,242,51,10,41,9,6,1,5,3,1,2,25,25,2,23,0,0,0,60,42,1,41,18,1,17,66,60,21,39,6,0,6,25,21,6,15,4,0,4,64,55,11,44,9,4,5,131,123,58,65,8,3,5,21,18,8,10,3,1,2
S01008236,414,345,93,252,69,17,52,13,12,3,9,1,0,1,26,20,3,17,6,1,5,49,32,3,29,17,1,16,66,53,21,32,13,3,10,26,20,3,17,6,2,4,81,66,6,60,15,5,10,130,123,49,74,7,3,4,23,19,5,14,4,2,2
S01008237,426,348,110,238,78,24,54,23,10,1,9,13,2,11,25,21,0,21,4,0,4,34,22,1,21,12,3,9,73,70,35,35,3,1,2,23,14,4,10,9,2,7,98,76,13,63,22,6,16,124,116,46,70,8,5,3,26,19,10,9,7,5,2
S01008238,342,307,92,215,35,7,28,22,20,1,19,2,0,2,25,24,2,22,1,0,1,41,28,2,26,13,2,11,72,64,36,28,8,2,6,19,16,1,15,3,0,3,56,51,11,40,5,3,2,95,94,37,57,1,0,1,12,10,2,8,2,0,2
S01008239,411,341,106,235,70,12,58,30,24,1,23,6,0,6,30,28,4,24,2,0,2,50,25,2,23,25,2,23,89,71,39,32,18,5,13,23,21,1,20,2,0,2,62,53,15,38,9,0,9,114,111,42,69,3,3,0,13,8,2,6,5,2,3
S01008240,398,336,90,246,62,21,41,20,13,1,12,7,0,7,24,23,1,22,1,0,1,23,9,0,9,14,4,10,74,62,30,32,12,4,8,24,21,1,20,3,0,3,81,68,15,53,13,6,7,132,123,37,86,9,6,3,20,17,5,12,3,1,2
S01008241,301,246,68,178,55,21,34,11,10,0,10,1,1,0,12,9,1,8,3,1,2,24,17,1,16,7,4,3,41,28,17,11,13,2,11,9,8,1,7,1,0,1,56,43,5,38,13,6,7,125,113,37,76,12,4,8,23,18,6,12,5,3,2
S01008242,383,311,99,212,72,23,49,10,7,0,7,3,1,2,15,13,1,12,2,0,2,35,23,2,21,12,0,12,67,57,28,29,10,4,6,21,16,3,13,5,1,4,73,56,13,43,17,5,12,131,120,44,76,11,6,5,31,19,8,11,12,6,6
S01008243,460,355,101,254,105,36,69,38,26,5,21,12,2,10,29,24,2,22,5,1,4,27,17,1,16,10,3,7,51,39,13,26,12,5,7,25,17,2,15,8,1,7,115,90,15,75,25,6,19,136,115,45,70,21,12,9,39,27,18,9,12,6,6
S01008244,242,182,54,128,60,32,28,4,4,2,2,0,0,0,9,8,0,8,1,1,0,15,9,1,8,6,0,6,35,24,12,12,11,4,7,14,9,2,7,5,3,2,57,41,12,29,16,8,8,81,68,20,48,13,8,5,27,19,5,14,8,8,0
S01008245,507,410,120,290,97,42,55,19,12,2,10,7,1,6,21,19,1,18,2,0,2,39,27,3,24,12,1,11,76,62,20,42,14,8,6,35,25,3,22,10,3,7,103,81,20,61,22,10,12,181,162,62,100,19,11,8,33,22,9,13,11,8,3
S01008246,524,418,124,294,106,38,68,33,22,3,19,11,1,10,24,21,2,19,3,1,2,29,14,3,11,15,2,13,66,51,21,30,15,6,9,37,28,9,19,9,2,7,130,105,28,77,25,12,13,169,154,50,104,15,7,8,36,23,8,15,13,7,6
S01008247,434,321,86,235,113,40,73,33,20,3,17,13,4,9,30,20,2,18,10,4,6,33,17,3,14,16,3,13,71,50,21,29,21,5,16,28,22,3,19,6,3,3,87,61,14,47,26,9,17,115,107,32,75,8,6,2,37,24,8,16,13,6,7
S01008248,424,327,102,225,97,25,72,50,28,5,23,22,4,18,27,22,1,21,5,2,3,32,19,3,16,13,1,12,55,49,26,23,6,2,4,19,16,1,15,3,0,3,80,55,8,47,25,5,20,132,112,46,66,20,10,10,29,26,12,14,3,1,2
S01008249,445,325,87,238,120,36,84,58,38,4,34,20,5,15,20,12,1,11,8,5,3,37,20,1,19,17,3,14,56,45,16,29,11,3,8,25,16,3,13,9,2,7,93,64,10,54,29,7,22,125,110,43,67,15,7,8,31,20,9,11,11,4,7
S01008250,533,401,118,283,132,36,96,48,31,3,28,17,1,16,24,17,2,15,7,4,3,37,21,2,19,16,4,12,73,56,25,31,17,3,14,33,17,5,12,16,5,11,140,107,25,82,33,9,24,147,129,47,82,18,8,10,31,23,9,14,8,2,6
S01008251,381,325,122,203,56,15,41,17,15,3,12,2,0,2,18,17,2,15,1,0,1,18,10,2,8,8,1,7,57,46,28,18,11,0,11,28,20,3,17,8,2,6,92,76,15,61,16,7,9,127,122,61,61,5,1,4,24,19,8,11,5,4,1
S01008252,406,348,124,224,58,16,42,23,20,1,19,3,0,3,21,16,3,13,5,2,3,28,20,3,17,8,0,8,83,70,48,22,13,2,11,24,20,1,19,4,0,4,69,52,10,42,17,10,7,140,135,51,84,5,0,5,18,15,7,8,3,2,1
S01008253,352,315,89,226,37,5,32,22,22,0,22,0,0,0,21,21,1,20,0,0,0,36,22,2,20,14,0,14,61,54,21,33,7,0,7,29,25,4,21,4,2,2,33,26,8,18,7,0,7,129,126,46,80,3,1,2,21,19,7,12,2,2,0
S01008254,441,393,106,287,48,18,30,17,17,3,14,0,0,0,36,34,1,33,2,1,1,43,33,0,33,10,1,9,81,74,33,41,7,1,6,37,30,1,29,7,4,3,53,44,13,31,9,4,5,153,146,52,94,7,5,2,21,15,3,12,6,2,4
S01008255,359,306,91,215,53,14,39,15,15,1,14,0,0,0,23,22,2,20,1,1,0,35,22,1,21,13,4,9,66,59,29,30,7,1,6,16,15,2,13,1,0,1,46,26,8,18,20,4,16,134,125,38,87,9,3,6,24,22,10,12,2,1,1
S01008256,400,341,109,232,59,20,39,20,17,1,16,3,1,2,28,24,4,20,4,1,3,39,27,3,24,12,1,11,82,73,39,34,9,2,7,29,21,2,19,8,2,6,68,54,14,40,14,8,6,102,99,40,59,3,1,2,32,26,6,20,6,4,2
S01008257,256,204,59,145,52,17,35,15,12,1,11,3,0,3,12,11,2,9,1,1,0,23,14,0,14,9,3,6,49,39,19,20,10,4,6,15,10,2,8,5,0,5,43,28,5,23,15,7,8,75,70,22,48,5,2,3,24,20,8,12,4,0,4
S01008258,477,427,102,325,50,13,37,30,28,0,28,2,1,1,26,24,2,22,2,0,2,32,25,3,22,7,0,7,101,89,33,56,12,3,9,26,20,0,20,6,1,5,77,72,13,59,5,0,5,158,150,42,108,8,4,4,27,19,9,10,8,4,4
S01008259,392,320,91,229,72,19,53,17,17,1,16,0,0,0,27,24,0,24,3,0,3,24,13,2,11,11,4,7,77,66,30,36,11,0,11,18,15,1,14,3,0,3,73,52,11,41,21,3,18,128,116,41,75,12,4,8,28,17,5,12,11,8,3
S01008260,388,354,94,260,34,12,22,19,18,1,17,1,0,1,34,32,3,29,2,1,1,28,19,2,17,9,1,8,76,73,25,48,3,1,2,17,14,4,10,3,1,2,51,45,7,38,6,3,3,135,131,46,85,4,2,2,28,22,6,16,6,3,3
S01008261,437,384,126,258,53,21,32,21,19,1,18,2,0,2,34,32,1,31,2,0,2,47,34,2,32,13,2,11,100,92,52,40,8,2,6,28,24,5,19,4,2,2,47,35,9,26,12,7,5,139,132,50,82,7,4,3,21,16,6,10,5,4,1
S01008262,333,248,81,167,85,25,60,51,35,5,30,16,2,14,12,10,2,8,2,0,2,17,8,0,8,9,2,7,52,43,23,20,9,5,4,11,9,1,8,2,0,2,53,29,6,23,24,2,22,112,96,42,54,16,9,7,25,18,2,16,7,5,2
S01008263,286,222,58,164,64,18,46,13,9,0,9,4,1,3,11,8,1,7,3,1,2,12,6,1,5,6,0,6,58,47,24,23,11,1,10,11,10,3,7,1,0,1,71,49,5,44,22,9,13,84,72,21,51,12,4,8,26,21,3,18,5,2,3
S01008264,344,303,97,206,41,15,26,15,15,2,13,0,0,0,17,17,2,15,0,0,0,29,18,4,14,11,2,9,64,57,20,37,7,3,4,24,19,3,16,5,3,2,55,46,9,37,9,3,6,115,108,48,60,7,3,4,25,23,9,14,2,1,1
S01008265,278,217,54,163,61,24,37,13,12,0,12,1,0,1,13,5,1,4,8,1,7,14,8,0,8,6,2,4,39,32,11,21,7,2,5,13,10,1,9,3,2,1,82,57,7,50,25,11,14,75,69,23,46,6,5,1,29,24,11,13,5,1,4
S01008266,282,206,64,142,76,29,47,9,8,0,8,1,0,1,6,4,0,4,2,0,2,16,9,0,9,7,1,6,40,29,18,11,11,5,6,13,8,2,6,5,2,3,85,57,10,47,28,10,18,89,74,28,46,15,8,7,24,17,6,11,7,3,4
S01008267,406,310,92,218,96,30,66,26,16,4,12,10,4,6,18,13,3,10,5,1,4,33,19,3,16,14,5,9,73,60,19,41,13,4,9,23,17,2,15,6,1,5,96,67,16,51,29,8,21,110,99,38,61,11,3,8,27,19,7,12,8,4,4
S01008268,365,254,70,184,111,42,69,10,7,0,7,3,1,2,9,7,0,7,2,0,2,16,15,5,10,1,0,1,67,47,15,32,20,6,14,26,16,0,16,10,2,8,110,65,10,55,45,20,25,105,83,34,49,22,9,13,22,14,6,8,8,4,4
S01008269,283,230,75,155,53,20,33,8,7,0,7,1,0,1,19,16,0,16,3,1,2,5,4,0,4,1,0,1,42,32,21,11,10,4,6,20,17,2,15,3,0,3,68,47,8,39,21,10,11,97,90,36,54,7,4,3,24,17,8,9,7,1,6
S01008270,296,225,79,146,71,21,50,3,2,0,2,1,0,1,6,5,1,4,1,0,1,20,8,1,7,12,2,10,47,31,17,14,16,3,13,16,8,0,8,8,4,4,83,66,14,52,17,4,13,94,84,35,49,10,5,5,27,21,11,10,6,3,3
S01008271,318,246,62,184,72,22,50,16,11,1,10,5,1,4,7,7,3,4,0,0,0,25,18,2,16,7,0,7,77,61,21,40,16,3,13,14,8,0,8,6,2,4,63,45,6,39,18,9,9,85,76,20,56,9,4,5,31,20,9,11,11,3,8
S01008272,482,401,139,262,81,22,59,33,28,5,23,5,0,5,17,14,1,13,3,2,1,28,17,3,14,11,0,11,91,74,43,31,17,5,12,35,26,6,20,9,1,8,83,64,16,48,19,6,13,156,145,53,92,11,6,5,39,33,12,21,6,2,4
S01008273,367,298,102,196,69,32,37,15,14,2,12,1,0,1,21,21,2,19,0,0,0,21,15,2,13,6,1,5,65,53,30,23,12,3,9,22,16,2,14,6,3,3,83,63,17,46,20,9,11,109,100,39,61,9,6,3,31,16,8,8,15,10,5
S01008274,304,264,98,166,40,11,29,15,15,0,15,0,0,0,9,8,0,8,1,1,0,28,18,1,17,10,0,10,85,79,40,39,6,1,5,20,14,1,13,6,2,4,41,31,13,18,10,2,8,76,72,33,39,4,3,1,30,27,10,17,3,2,1
S01008275,258,192,60,132,66,29,37,11,11,1,10,0,0,0,12,10,0,10,2,1,1,9,4,0,4,5,3,2,43,32,16,16,11,3,8,18,12,3,9,6,1,5,69,40,9,31,29,10,19,67,60,25,35,7,6,1,29,23,6,17,6,5,1
S01008276,276,215,75,140,61,26,35,8,6,0,6,2,1,1,12,9,2,7,3,1,2,13,6,0,6,7,3,4,53,43,19,24,10,2,8,12,7,1,6,5,1,4,63,47,10,37,16,7,9,92,82,39,43,10,6,4,23,15,4,11,8,5,3
S01008277,264,170,59,111,94,35,59,24,9,1,8,15,2,13,18,8,1,7,10,2,8,9,3,0,3,6,1,5,43,31,14,17,12,6,6,18,15,5,10,3,2,1,51,29,7,22,22,6,16,77,60,28,32,17,11,6,24,15,3,12,9,5,4
S01008278,371,281,80,201,90,31,59,32,23,2,21,9,1,8,17,13,0,13,4,0,4,13,9,0,9,4,0,4,58,47,20,27,11,3,8,18,13,2,11,5,1,4,95,59,12,47,36,14,22,106,97,36,61,9,4,5,32,20,8,12,12,8,4
S01008279,335,281,73,208,54,24,30,26,24,1,23,2,1,1,17,13,1,12,4,1,3,31,22,2,20,9,0,9,54,45,23,22,9,3,6,25,20,0,20,5,2,3,53,40,10,30,13,7,6,110,106,33,73,4,4,0,19,11,3,8,8,6,2
S01008280,481,347,103,244,134,42,92,57,37,7,30,20,1,19,21,15,1,14,6,1,5,34,19,2,17,15,4,11,75,60,25,35,15,3,12,33,23,4,19,10,2,8,85,49,12,37,36,13,23,143,123,45,78,20,11,9,33,21,7,14,12,7,5
S01008281,394,299,72,227,95,25,70,67,40,7,33,27,4,23,29,23,5,18,6,1,5,25,18,1,17,7,0,7,53,43,12,31,10,1,9,14,8,0,8,6,0,6,71,54,9,45,17,9,8,112,104,34,70,8,5,3,23,9,4,5,14,5,9
S01008282,365,257,76,181,108,35,73,72,41,4,37,31,3,28,21,19,1,18,2,0,2,29,12,0,12,17,4,13,63,41,16,25,22,6,16,18,13,2,11,5,4,1,43,31,7,24,12,4,8,93,82,38,44,11,9,2,26,18,8,10,8,5,3
S01008283,278,229,73,156,49,14,35,24,17,2,15,7,1,6,19,16,0,16,3,1,2,22,15,3,12,7,1,6,36,30,18,12,6,0,6,12,8,0,8,4,3,1,55,45,15,30,10,3,7,97,89,33,56,8,4,4,13,9,2,7,4,1,3
S01008284,437,373,119,254,64,21,43,30,26,2,24,4,1,3,37,36,2,34,1,1,0,38,22,2,20,16,4,12,66,56,24,32,10,4,6,24,21,3,18,3,0,3,87,70,26,44,17,3,14,134,127,53,74,7,5,2,21,15,7,8,6,3,3
S01008285,316,274,107,167,42,11,31,25,23,4,19,2,0,2,29,28,1,27,1,1,0,36,20,1,19,16,1,15,71,66,40,26,5,0,5,9,9,0,9,0,0,0,54,40,16,24,14,6,8,86,83,44,39,3,2,1,6,5,1,4,1,1,0
S01008286,354,307,96,211,47,9,38,34,30,0,30,4,0,4,42,35,1,34,7,2,5,44,29,2,27,15,4,11,68,63,36,27,5,0,5,19,15,1,14,4,1,3,33,28,7,21,5,0,5,92,90,40,50,2,2,0,22,17,9,8,5,0,5
S01008287,376,333,109,224,43,16,27,33,30,4,26,3,1,2,28,23,3,20,5,2,3,38,28,0,28,10,2,8,55,47,30,17,8,3,5,20,19,4,15,1,0,1,41,36,10,26,5,3,2,133,126,52,74,7,2,5,28,24,6,18,4,3,1
S01008288,401,333,110,223,68,23,45,22,16,0,16,6,2,4,40,36,5,31,4,0,4,22,13,0,13,9,2,7,80,64,30,34,16,5,11,21,16,5,11,5,0,5,62,49,12,37,13,8,5,128,118,47,71,10,4,6,26,21,11,10,5,2,3
S01008289,342,290,76,214,52,16,36,30,23,2,21,7,0,7,42,39,1,38,3,1,2,26,13,1,12,13,2,11,81,72,38,34,9,3,6,23,19,2,17,4,1,3,40,30,3,27,10,7,3,88,85,28,57,3,1,2,12,9,1,8,3,1,2
S01008290,418,336,90,246,82,24,58,24,23,5,18,1,0,1,35,30,2,28,5,1,4,29,15,0,15,14,3,11,66,54,31,23,12,0,12,22,18,3,15,4,1,3,86,60,11,49,26,10,16,126,113,32,81,13,5,8,30,23,6,17,7,4,3
S01008291,315,291,72,219,24,2,22,44,41,2,39,3,0,3,33,33,0,33,0,0,0,27,18,1,17,9,0,9,47,42,24,18,5,0,5,21,21,3,18,0,0,0,41,36,4,32,5,1,4,93,91,33,58,2,1,1,9,9,5,4,0,0,0
S01008292,389,354,136,218,35,10,25,27,25,3,22,2,0,2,31,30,3,27,1,1,0,20,15,2,13,5,0,5,69,60,40,20,9,2,7,28,24,2,22,4,0,4,56,49,13,36,7,3,4,137,134,66,68,3,2,1,21,17,7,10,4,2,2
S01008293,297,256,79,177,41,9,32,18,16,1,15,2,1,1,20,17,1,16,3,1,2,17,11,2,9,6,1,5,48,37,16,21,11,2,9,12,11,0,11,1,0,1,72,61,18,43,11,1,10,99,95,36,59,4,3,1,11,8,5,3,3,0,3
S01008294,463,401,117,284,62,13,49,52,48,4,44,4,0,4,32,29,3,26,3,2,1,31,18,1,17,13,1,12,65,48,23,25,17,3,14,30,27,6,21,3,1,2,89,78,19,59,11,0,11,141,132,58,74,9,5,4,23,21,3,18,2,1,1
S01008295,553,518,153,365,35,11,24,11,9,0,9,2,1,1,43,41,2,39,2,0,2,50,40,7,33,10,2,8,100,96,43,53,4,1,3,49,44,6,38,5,3,2,90,86,23,63,4,0,4,177,171,55,116,6,4,2,33,31,17,14,2,0,2
S01008296,283,246,77,169,37,13,24,4,4,0,4,0,0,0,20,19,1,18,1,1,0,39,28,2,26,11,0,11,55,49,23,26,6,0,6,19,15,0,15,4,1,3,35,29,7,22,6,5,1,102,94,40,54,8,5,3,9,8,4,4,1,1,0
S01008297,393,352,104,248,41,13,28,9,8,4,4,1,0,1,27,27,0,27,0,0,0,41,25,4,21,16,1,15,57,53,21,32,4,2,2,36,29,11,18,7,2,5,63,59,10,49,4,3,1,141,135,46,89,6,3,3,19,16,8,8,3,2,1
S01008298,384,332,89,243,52,22,30,12,5,0,5,7,0,7,28,24,0,24,4,1,3,32,24,1,23,8,0,8,73,67,36,31,6,1,5,37,31,2,29,6,2,4,41,35,5,30,6,5,1,138,130,40,90,8,8,0,23,16,5,11,7,5,2
S01008299,278,245,74,171,33,12,21,7,6,0,6,1,0,1,23,22,2,20,1,1,0,29,23,3,20,6,0,6,57,51,25,26,6,2,4,14,10,0,10,4,3,1,51,41,10,31,10,4,6,88,85,32,53,3,1,2,9,7,2,5,2,1,1
S01008300,362,317,102,215,45,12,33,5,4,0,4,1,0,1,25,24,0,24,1,0,1,33,25,3,22,8,1,7,70,65,38,27,5,0,5,29,23,5,18,6,3,3,50,41,4,37,9,3,6,122,115,44,71,7,2,5,28,20,8,12,8,3,5
S01008301,463,410,115,295,53,11,42,18,9,1,8,9,2,7,42,39,0,39,3,1,2,32,23,2,21,9,0,9,74,72,35,37,2,0,2,33,23,5,18,10,1,9,82,76,15,61,6,1,5,159,148,47,101,11,3,8,23,20,10,10,3,3,0
S01008302,368,290,77,213,78,26,52,22,10,2,8,12,3,9,25,22,2,20,3,0,3,27,20,2,18,7,0,7,70,56,26,30,14,5,9,22,16,0,16,6,3,3,53,40,7,33,13,4,9,117,108,32,76,9,6,3,32,18,6,12,14,5,9
S01008303,275,248,59,189,27,6,21,4,3,1,2,1,0,1,19,18,1,17,1,0,1,25,17,2,15,8,2,6,56,50,17,33,6,1,5,24,20,4,16,4,1,3,42,37,5,32,5,1,4,94,92,25,67,2,1,1,11,11,4,7,0,0,0
S01008304,232,209,56,153,23,1,22,2,2,0,2,0,0,0,17,16,1,15,1,0,1,13,9,1,8,4,0,4,53,47,26,21,6,0,6,12,10,3,7,2,0,2,37,34,4,30,3,0,3,92,86,19,67,6,1,5,6,5,2,3,1,0,1
S01008305,429,394,117,277,35,11,24,6,4,0,4,2,0,2,44,42,1,41,2,1,1,43,36,7,29,7,0,7,77,73,40,33,4,0,4,31,29,2,27,2,1,1,65,59,12,47,6,2,4,145,138,47,91,7,5,2,18,13,8,5,5,2,3
S01008306,351,314,102,212,37,3,34,2,2,0,2,0,0,0,27,26,1,25,1,0,1,34,25,2,23,9,0,9,59,55,29,26,4,0,4,40,28,4,24,12,0,12,48,42,13,29,6,1,5,130,126,47,79,4,2,2,11,10,6,4,1,0,1
S01008307,313,283,79,204,30,11,19,6,5,1,4,1,0,1,34,33,4,29,1,0,1,21,14,3,11,7,2,5,60,57,28,29,3,1,2,19,17,5,12,2,0,2,70,63,11,52,7,4,3,95,88,24,64,7,3,4,8,6,3,3,2,1,1
S01008308,281,253,67,186,28,5,23,5,5,0,5,0,0,0,17,16,1,15,1,0,1,18,12,1,11,6,2,4,58,52,24,28,6,1,5,15,12,2,10,3,0,3,41,37,8,29,4,0,4,116,112,27,85,4,2,2,11,7,4,3,4,0,4
S01008309,273,254,70,184,19,4,15,7,7,2,5,0,0,0,20,19,2,17,1,0,1,22,19,3,16,3,1,2,79,73,32,41,6,1,5,17,15,1,14,2,0,2,33,29,5,24,4,1,3,83,81,20,61,2,1,1,12,11,5,6,1,0,1
S01008310,444,406,112,294,38,9,29,10,10,0,10,0,0,0,38,37,1,36,1,0,1,30,25,1,24,5,1,4,90,86,41,45,4,1,3,36,26,3,23,10,2,8,70,64,14,50,6,3,3,156,149,48,101,7,2,5,14,9,4,5,5,0,5
S01008311,187,175,41,134,12,4,8,0,0,0,0,0,0,0,16,16,0,16,0,0,0,19,17,1,16,2,0,2,34,34,16,18,0,0,0,18,16,2,14,2,1,1,33,28,4,24,5,2,3,56,54,14,40,2,0,2,11,10,4,6,1,1,0
S01008312,206,189,52,137,17,2,15,5,5,0,5,0,0,0,14,14,1,13,0,0,0,20,16,2,14,4,0,4,36,34,16,18,2,0,2,13,12,5,7,1,0,1,32,28,8,20,4,1,3,76,74,19,55,2,1,1,10,6,1,5,4,0,4
S01008313,338,307,89,218,31,8,23,15,14,0,14,1,0,1,15,15,2,13,0,0,0,24,19,2,17,5,2,3,78,74,34,40,4,0,4,25,19,2,17,6,1,5,56,48,14,34,8,1,7,111,109,33,76,2,2,0,14,9,2,7,5,2,3
S01008314,270,249,75,174,21,3,18,6,6,0,6,0,0,0,18,16,0,16,2,0,2,16,11,1,10,5,0,5,77,73,39,34,4,1,3,18,15,5,10,3,0,3,39,35,9,26,4,2,2,80,78,16,62,2,0,2,16,15,5,10,1,0,1
S01008315,317,288,62,226,29,7,22,6,6,0,6,0,0,0,33,30,2,28,3,1,2,17,16,0,16,1,0,1,73,68,21,47,5,1,4,41,34,4,30,7,0,7,43,36,4,32,7,3,4,93,91,28,63,2,1,1,11,7,3,4,4,1,3
S01008316,193,178,55,123,15,5,10,3,3,0,3,0,0,0,15,14,1,13,1,0,1,10,9,0,9,1,0,1,55,50,21,29,5,2,3,24,23,1,22,1,1,0,24,23,10,13,1,0,1,51,49,19,30,2,1,1,11,7,3,4,4,1,3
S01008317,354,317,78,239,37,7,30,12,11,0,11,1,0,1,23,21,2,19,2,0,2,31,24,0,24,7,1,6,75,70,31,39,5,2,3,39,31,5,26,8,1,7,47,41,10,31,6,2,4,107,103,27,76,4,1,3,20,16,3,13,4,0,4
S01008318,486,422,112,310,64,15,49,14,9,2,7,5,1,4,36,34,2,32,2,0,2,36,22,1,21,14,4,10,79,69,36,33,10,1,9,52,39,4,35,13,2,11,77,69,15,54,8,3,5,171,166,49,117,5,2,3,21,14,3,11,7,2,5
S01008319,311,284,84,200,27,3,24,5,5,0,5,0,0,0,28,27,1,26,1,0,1,23,16,1,15,7,0,7,67,65,33,32,2,0,2,39,31,6,25,8,2,6,35,32,12,20,3,0,3,95,91,28,63,4,1,3,19,17,3,14,2,0,2
S01008320,267,239,73,166,28,7,21,6,6,0,6,0,0,0,19,19,1,18,0,0,0,26,20,2,18,6,0,6,48,47,28,19,1,0,1,26,17,2,15,9,2,7,31,28,3,25,3,1,2,95,89,32,57,6,3,3,16,13,5,8,3,1,2
S01008321,303,272,73,199,31,7,24,6,6,0,6,0,0,0,31,28,3,25,3,1,2,30,21,1,20,9,1,8,53,48,23,25,5,0,5,14,11,3,8,3,0,3,35,32,6,26,3,1,2,117,110,30,80,7,4,3,17,16,7,9,1,0,1
S01008322,473,435,120,315,38,7,31,2,2,0,2,0,0,0,33,31,1,30,2,0,2,31,20,0,20,11,1,10,92,83,32,51,9,1,8,31,26,4,22,5,1,4,67,61,15,46,6,2,4,192,188,54,134,4,2,2,25,24,14,10,1,0,1
S01008323,304,265,89,176,39,17,22,2,2,0,2,0,0,0,21,19,2,17,2,1,1,38,23,2,21,15,2,13,82,79,41,38,3,1,2,28,21,4,17,7,4,3,33,29,7,22,4,2,2,88,81,26,55,7,6,1,12,11,7,4,1,1,0
S01008324,281,251,69,182,30,8,22,8,8,0,8,0,0,0,14,14,0,14,0,0,0,25,17,1,16,8,0,8,67,66,29,37,1,1,0,31,22,3,19,9,2,7,44,39,10,29,5,3,2,84,79,24,55,5,1,4,8,6,2,4,2,1,1
S01008325,308,298,92,206,10,5,5,6,6,1,5,0,0,0,17,17,2,15,0,0,0,15,13,0,13,2,0,2,71,70,29,41,1,1,0,16,16,3,13,0,0,0,51,47,9,38,4,2,2,116,114,41,73,2,1,1,16,15,7,8,1,1,0
S01008326,395,368,120,248,27,8,19,8,8,0,8,0,0,0,24,23,1,22,1,0,1,39,28,2,26,11,4,7,98,98,44,54,0,0,0,42,32,6,26,10,2,8,60,58,14,44,2,0,2,104,103,44,59,1,1,0,20,18,9,9,2,1,1
S01008327,375,346,95,251,29,5,24,4,4,0,4,0,0,0,30,28,1,27,2,0,2,36,33,1,32,3,0,3,92,87,43,44,5,2,3,31,25,3,22,6,0,6,43,36,7,29,7,2,5,121,118,34,84,3,0,3,18,15,6,9,3,1,2
S01008328,358,299,85,214,59,19,40,2,2,0,2,0,0,0,20,13,1,12,7,0,7,24,19,2,17,5,2,3,69,55,26,29,14,4,10,39,34,5,29,5,2,3,62,50,11,39,12,5,7,125,114,36,78,11,1,10,17,12,4,8,5,5,0
S01008329,460,390,117,273,70,21,49,7,7,0,7,0,0,0,38,33,4,29,5,0,5,28,20,2,18,8,1,7,99,81,38,43,18,4,14,34,31,5,26,3,0,3,72,56,10,46,16,7,9,161,146,49,97,15,7,8,21,16,9,7,5,2,3
S01008330,457,399,145,254,58,20,38,11,11,2,9,0,0,0,26,23,2,21,3,1,2,25,16,1,15,9,1,8,103,93,59,34,10,5,5,45,32,8,24,13,4,9,67,59,17,42,8,3,5,153,144,44,100,9,5,4,27,21,12,9,6,1,5
S01008331,342,284,91,193,58,14,44,5,5,1,4,0,0,0,16,16,1,15,0,0,0,23,15,1,14,8,0,8,96,81,38,43,15,4,11,24,14,2,12,10,0,10,54,43,11,32,11,4,7,104,96,30,66,8,4,4,20,14,7,7,6,2,4
S01008332,426,347,116,231,79,23,56,6,6,0,6,0,0,0,24,21,3,18,3,1,2,12,10,1,9,2,0,2,91,68,37,31,23,6,17,30,19,6,13,11,4,7,74,51,10,41,23,7,16,167,153,49,104,14,4,10,22,19,10,9,3,1,2
S01008333,390,304,97,207,86,30,56,6,6,2,4,0,0,0,23,22,3,19,1,0,1,25,17,2,15,8,1,7,104,80,37,43,24,8,16,22,13,3,10,9,1,8,86,61,12,49,25,9,16,102,91,33,58,11,5,6,22,14,5,9,8,6,2
S01008334,324,276,79,197,48,11,37,6,4,0,4,2,1,1,14,11,1,10,3,1,2,21,18,0,18,3,0,3,69,59,32,27,10,3,7,26,22,3,19,4,0,4,69,48,6,42,21,4,17,110,107,33,74,3,1,2,9,7,4,3,2,1,1
S01008335,306,265,96,169,41,14,27,7,7,2,5,0,0,0,14,13,2,11,1,0,1,13,10,0,10,3,1,2,76,65,37,28,11,3,8,18,14,3,11,4,2,2,46,36,7,29,10,6,4,114,107,41,66,7,0,7,18,13,4,9,5,2,3
S01008336,299,238,88,150,61,24,37,6,6,1,5,0,0,0,14,12,0,12,2,0,2,21,11,1,10,10,3,7,70,56,37,19,14,5,9,19,14,3,11,5,1,4,54,43,10,33,11,5,6,96,85,33,52,11,5,6,19,11,3,8,8,5,3
S01008337,465,435,119,316,30,9,21,12,11,2,9,1,0,1,31,30,1,29,1,0,1,23,19,2,17,4,0,4,78,72,29,43,6,3,3,45,39,1,38,6,1,5,95,89,21,68,6,0,6,162,158,52,106,4,3,1,19,17,11,6,2,2,0
S01008338,449,395,138,257,54,10,44,10,9,0,9,1,0,1,19,17,4,13,2,2,0,28,23,3,20,5,1,4,93,77,46,31,16,1,15,31,25,4,21,6,0,6,92,80,18,62,12,1,11,160,154,60,94,6,3,3,16,10,3,7,6,2,4
S01008339,377,334,116,218,43,14,29,5,5,1,4,0,0,0,17,15,3,12,2,1,1,20,15,0,15,5,1,4,79,71,41,30,8,1,7,30,25,10,15,5,1,4,88,77,13,64,11,2,9,111,106,36,70,5,3,2,27,20,12,8,7,5,2
S01008340,472,403,121,282,69,25,44,12,10,2,8,2,1,1,23,21,2,19,2,1,1,27,19,0,19,8,1,7,116,101,48,53,15,5,10,47,36,4,32,11,3,8,57,49,10,39,8,2,6,161,149,46,103,12,6,6,29,18,9,9,11,6,5
S01008341,369,297,102,195,72,17,55,10,9,3,6,1,0,1,21,17,1,16,4,0,4,16,13,1,12,3,1,2,87,65,42,23,22,6,16,26,22,3,19,4,0,4,89,68,14,54,21,3,18,109,95,36,59,14,6,8,11,8,2,6,3,1,2
S01008342,409,348,111,237,61,14,47,6,5,0,5,1,0,1,21,21,2,19,0,0,0,25,20,0,20,5,0,5,98,84,46,38,14,3,11,32,26,5,21,6,1,5,72,52,15,37,20,3,17,144,131,40,91,13,6,7,11,9,3,6,2,1,1
S01008343,397,316,111,205,81,27,54,7,7,1,6,0,0,0,37,31,5,26,6,3,3,24,14,1,13,10,4,6,75,53,32,21,22,4,18,28,21,4,17,7,1,6,87,66,21,45,21,6,15,117,106,34,72,11,7,4,22,18,13,5,4,2,2
S01008344,412,285,99,186,127,36,91,6,5,0,5,1,0,1,27,25,3,22,2,0,2,25,15,2,13,10,2,8,90,64,31,33,26,4,22,27,17,5,12,10,4,6,111,59,21,38,52,15,37,110,91,33,58,19,8,11,16,9,4,5,7,3,4
S01008345,390,277,88,189,113,34,79,11,10,1,9,1,0,1,17,14,1,13,3,2,1,25,16,5,11,9,0,9,91,64,31,33,27,6,21,24,13,2,11,11,2,9,96,59,13,46,37,13,24,103,88,29,59,15,6,9,23,13,6,7,10,5,5
S01008346,447,343,121,222,104,33,71,12,12,1,11,0,0,0,30,24,6,18,6,3,3,26,19,2,17,7,0,7,98,67,36,31,31,9,22,27,18,3,15,9,1,8,102,73,16,57,29,11,18,141,122,53,69,19,7,12,11,8,4,4,3,2,1
S01008347,398,325,98,227,73,23,50,7,5,2,3,2,0,2,23,20,3,17,3,1,2,28,22,1,21,6,0,6,88,74,38,36,14,4,10,30,23,4,19,7,2,5,64,52,9,43,12,5,7,133,116,35,81,17,7,10,25,13,6,7,12,4,8
S01008348,309,254,77,177,55,19,36,3,3,0,3,0,0,0,15,14,0,14,1,0,1,17,12,2,10,5,1,4,66,51,26,25,15,3,12,21,12,0,12,9,6,3,64,53,10,43,11,4,7,104,94,32,62,10,3,7,19,15,7,8,4,2,2
S01008349,393,303,111,192,90,18,72,7,6,2,4,1,0,1,16,15,4,11,1,0,1,8,4,1,3,4,0,4,90,68,37,31,22,5,17,34,26,3,23,8,1,7,107,74,22,52,33,3,30,114,96,36,60,18,6,12,17,14,6,8,3,3,0
S01008350,242,188,59,129,54,15,39,6,4,1,3,2,0,2,17,14,0,14,3,1,2,18,14,3,11,4,2,2,55,39,17,22,16,5,11,15,12,2,10,3,0,3,44,32,6,26,12,3,9,78,67,28,39,11,3,8,9,6,2,4,3,1,2
S01008351,424,357,115,242,67,15,52,8,8,1,7,0,0,0,36,34,4,30,2,0,2,22,13,3,10,9,0,9,96,78,39,39,18,5,13,25,19,4,15,6,0,6,82,65,14,51,17,3,14,140,129,43,86,11,5,6,15,11,7,4,4,2,2
S01008352,291,240,72,168,51,16,35,6,6,3,3,0,0,0,20,19,1,18,1,1,0,20,14,2,12,6,1,5,64,48,26,22,16,6,10,14,12,0,12,2,0,2,58,49,12,37,9,0,9,101,87,26,61,14,6,8,8,5,2,3,3,2,1
S01008353,224,168,56,112,56,13,43,5,4,0,4,1,0,1,12,10,2,8,2,0,2,5,1,0,1,4,1,3,53,38,26,12,15,2,13,19,15,0,15,4,1,3,54,37,8,29,17,1,16,67,59,17,42,8,6,2,9,4,3,1,5,2,3
S01008354,337,250,67,183,87,25,62,36,14,3,11,22,5,17,18,15,3,12,3,0,3,21,14,0,14,7,1,6,72,58,17,41,14,4,10,23,20,2,18,3,0,3,54,41,10,31,13,4,9,93,73,23,50,20,10,10,20,15,9,6,5,1,4
S01008355,277,230,67,163,47,12,35,6,6,0,6,0,0,0,12,10,0,10,2,2,0,30,20,1,19,10,0,10,59,48,25,23,11,0,11,20,13,2,11,7,1,6,45,39,8,31,6,2,4,91,85,25,60,6,4,2,14,9,6,3,5,3,2
S01008356,324,273,83,190,51,14,37,3,3,1,2,0,0,0,27,24,2,22,3,1,2,21,9,0,9,12,2,10,60,51,26,25,9,1,8,19,13,1,12,6,0,6,69,59,8,51,10,4,6,107,103,39,64,4,2,2,18,11,6,5,7,4,3
S01008357,344,291,89,202,53,8,45,7,7,1,6,0,0,0,27,26,1,25,1,0,1,28,18,3,15,10,0,10,69,59,28,31,10,3,7,25,22,5,17,3,2,1,67,51,12,39,16,1,15,102,93,32,61,9,0,9,19,15,7,8,4,2,2
S01008358,302,259,77,182,43,10,33,9,5,1,4,4,1,3,14,10,1,9,4,0,4,24,21,2,19,3,0,3,64,58,30,28,6,0,6,24,16,2,14,8,1,7,47,36,8,28,11,5,6,105,99,28,71,6,3,3,15,14,5,9,1,0,1
S01008359,308,237,66,171,71,19,52,22,6,1,5,16,3,13,27,24,2,22,3,0,3,18,11,1,10,7,1,6,49,40,21,19,9,1,8,22,17,1,16,5,1,4,49,34,10,24,15,6,9,105,93,27,66,12,4,8,16,12,3,9,4,3,1
S01008360,417,330,120,210,87,19,68,10,5,0,5,5,1,4,24,20,3,17,4,0,4,25,16,4,12,9,2,7,82,73,41,32,9,1,8,28,21,7,14,7,1,6,75,56,17,39,19,4,15,155,129,43,86,26,7,19,18,10,5,5,8,3,5
S01008361,273,244,68,176,29,6,23,11,7,0,7,4,1,3,13,12,0,12,1,0,1,18,12,1,11,6,1,5,56,54,26,28,2,0,2,21,19,0,19,2,1,1,36,31,10,21,5,0,5,106,99,28,71,7,2,5,12,10,3,7,2,1,1
S01008362,497,430,125,305,67,16,51,4,4,1,3,0,0,0,30,28,2,26,2,0,2,38,26,4,22,12,3,9,94,81,43,38,13,0,13,32,25,6,19,7,2,5,115,101,24,77,14,1,13,159,147,38,109,12,5,7,25,18,7,11,7,5,2
S01008363,370,327,95,232,43,14,29,6,6,1,5,0,0,0,19,16,0,16,3,0,3,25,17,1,16,8,1,7,81,74,35,39,7,2,5,27,22,8,14,5,2,3,79,64,9,55,15,5,10,113,110,31,79,3,3,0,20,18,10,8,2,1,1
S01008364,365,295,101,194,70,22,48,6,5,3,2,1,0,1,21,15,1,14,6,3,3,12,8,0,8,4,0,4,78,64,34,30,14,3,11,21,15,2,13,6,0,6,90,67,17,50,23,8,15,114,104,32,72,10,5,5,23,17,12,5,6,3,3
S01008365,292,217,78,139,75,28,47,5,4,0,4,1,0,1,22,16,1,15,6,4,2,13,8,0,8,5,1,4,72,51,28,23,21,7,14,19,11,3,8,8,1,7,60,38,10,28,22,7,15,85,77,26,51,8,6,2,16,12,10,2,4,2,2
S01008366,365,329,101,228,36,10,26,9,9,0,9,0,0,0,29,25,0,25,4,0,4,27,17,2,15,10,1,9,70,68,39,29,2,0,2,23,20,7,13,3,1,2,55,47,11,36,8,4,4,139,132,37,95,7,3,4,13,11,5,6,2,1,1
S01008367,339,305,100,205,34,9,25,7,7,0,7,0,0,0,17,16,1,15,1,0,1,23,18,0,18,5,0,5,70,64,38,26,6,2,4,31,20,3,17,11,2,9,48,44,10,34,4,1,3,121,116,36,80,5,4,1,22,20,12,8,2,0,2
S01008368,344,303,79,224,41,11,30,5,4,0,4,1,0,1,23,21,1,20,2,0,2,21,13,2,11,8,1,7,67,59,33,26,8,3,5,28,21,1,20,7,0,7,64,58,7,51,6,1,5,129,123,32,91,6,3,3,7,4,3,1,3,3,0
S01008369,250,227,64,163,23,7,16,8,8,0,8,0,0,0,12,12,1,11,0,0,0,20,15,1,14,5,2,3,40,38,20,18,2,0,2,22,18,3,15,4,1,3,53,49,7,42,4,1,3,85,80,29,51,5,2,3,10,7,3,4,3,1,2
S01008370,348,287,90,197,61,17,44,2,2,0,2,0,0,0,13,8,2,6,5,2,3,16,7,1,6,9,2,7,84,68,37,31,16,3,13,32,24,4,20,8,2,6,66,60,12,48,6,3,3,107,97,26,71,10,3,7,28,21,8,13,7,2,5
S01008371,388,339,116,223,49,19,30,8,8,1,7,0,0,0,27,23,0,23,4,1,3,32,22,1,21,10,3,7,59,54,30,24,5,2,3,21,18,3,15,3,0,3,78,65,19,46,13,5,8,145,137,54,83,8,4,4,18,12,8,4,6,4,2
S01008372,393,354,114,240,39,7,32,9,9,0,9,0,0,0,26,23,2,21,3,0,3,21,15,0,15,6,0,6,90,80,46,34,10,1,9,40,34,6,28,6,1,5,69,63,13,50,6,1,5,119,114,39,75,5,2,3,19,16,8,8,3,2,1
S01008373,417,378,128,250,39,14,25,7,6,1,5,1,0,1,19,19,0,19,0,0,0,27,17,3,14,10,0,10,78,74,44,30,4,1,3,26,23,4,19,3,1,2,64,56,13,43,8,3,5,182,169,53,116,13,9,4,14,14,10,4,0,0,0
S01008374,361,322,111,211,39,10,29,4,3,0,3,1,1,0,24,22,1,21,2,0,2,21,16,0,16,5,0,5,80,74,46,28,6,1,5,21,18,6,12,3,0,3,66,57,11,46,9,1,8,124,117,39,78,7,3,4,21,15,8,7,6,4,2
S01008375,401,355,129,226,46,11,35,6,5,3,2,1,0,1,29,28,2,26,1,0,1,18,10,4,6,8,0,8,89,80,47,33,9,3,6,40,35,5,30,5,1,4,65,55,13,42,10,3,7,147,138,52,86,9,4,5,7,4,3,1,3,0,3
S01008376,263,221,64,157,42,15,27,4,4,0,4,0,0,0,23,21,0,21,2,2,0,13,8,1,7,5,2,3,48,40,23,17,8,1,7,18,14,1,13,4,2,2,59,46,11,35,13,2,11,89,81,27,54,8,5,3,9,7,1,6,2,1,1
S01008377,381,332,96,236,49,9,40,14,11,0,11,3,0,3,22,19,2,17,3,1,2,26,18,5,13,8,1,7,53,48,23,25,5,2,3,31,24,3,21,7,0,7,72,58,13,45,14,1,13,145,141,42,99,4,2,2,18,13,8,5,5,2,3
S01008378,477,406,119,287,71,19,52,9,8,1,7,1,0,1,29,26,1,25,3,1,2,27,19,2,17,8,0,8,88,77,49,28,11,2,9,25,18,3,15,7,2,5,88,69,14,55,19,4,15,188,175,44,131,13,6,7,23,14,5,9,9,4,5
S01008379,221,191,66,125,30,8,22,5,5,0,5,0,0,0,9,8,2,6,1,0,1,9,6,0,6,3,1,2,46,40,25,15,6,1,5,17,11,1,10,6,2,4,35,29,9,20,6,1,5,87,84,26,58,3,0,3,13,8,3,5,5,3,2
S01008380,336,292,100,192,44,13,31,10,9,0,9,1,0,1,26,24,2,22,2,1,1,19,14,1,13,5,1,4,62,58,35,23,4,1,3,12,10,2,8,2,0,2,69,49,9,40,20,4,16,126,120,48,72,6,5,1,12,8,3,5,4,1,3
S01008381,358,304,95,209,54,16,38,6,6,2,4,0,0,0,17,14,0,14,3,1,2,21,13,1,12,8,0,8,60,51,31,20,9,4,5,24,18,3,15,6,1,5,81,64,9,55,17,6,11,139,131,46,85,8,4,4,10,7,3,4,3,0,3
S01008382,296,254,79,175,42,15,27,10,9,1,8,1,0,1,22,19,3,16,3,0,3,15,12,1,11,3,1,2,53,42,18,24,11,5,6,29,25,3,22,4,1,3,49,40,13,27,9,3,6,108,102,36,66,6,3,3,10,5,4,1,5,2,3
S01008383,249,214,64,150,35,10,25,1,0,0,0,1,0,1,21,21,1,20,0,0,0,22,14,3,11,8,0,8,40,35,18,17,5,2,3,23,21,3,18,2,0,2,46,37,7,30,9,2,7,89,81,27,54,8,6,2,7,5,5,0,2,0,2
S01008384,502,453,136,317,49,13,36,13,13,1,12,0,0,0,31,29,2,27,2,0,2,34,25,1,24,9,1,8,111,99,54,45,12,1,11,33,29,3,26,4,0,4,88,78,19,59,10,2,8,168,159,47,112,9,7,2,24,21,9,12,3,2,1
S01008385,317,260,79,181,57,9,48,9,8,1,7,1,0,1,17,16,0,16,1,0,1,23,14,3,11,9,0,9,61,49,30,19,12,1,11,22,15,3,12,7,2,5,65,53,11,42,12,1,11,108,98,25,73,10,4,6,12,7,6,1,5,1,4
S01008386,422,377,112,265,45,13,32,11,11,2,9,0,0,0,25,25,1,24,0,0,0,34,27,2,25,7,1,6,81,74,36,38,7,0,7,31,24,6,18,7,1,6,74,64,15,49,10,4,6,144,134,42,92,10,5,5,22,18,8,10,4,2,2
S01008387,328,296,83,213,32,11,21,3,3,0,3,0,0,0,16,16,1,15,0,0,0,21,12,1,11,9,0,9,58,55,27,28,3,1,2,26,19,2,17,7,2,5,64,59,13,46,5,2,3,127,122,37,85,5,4,1,13,10,2,8,3,2,1
S01008388,367,326,92,234,41,8,33,8,7,0,7,1,0,1,17,15,1,14,2,0,2,29,19,1,18,10,0,10,68,63,32,31,5,0,5,22,17,1,16,5,0,5,60,52,10,42,8,4,4,148,142,42,100,6,3,3,15,11,5,6,4,1,3
S01008389,210,172,47,125,38,14,24,6,5,0,5,1,0,1,14,13,1,12,1,0,1,9,5,0,5,4,0,4,46,37,22,15,9,3,6,14,10,0,10,4,0,4,47,38,6,32,9,5,4,62,56,14,42,6,5,1,12,8,4,4,4,1,3
S01008390,314,269,81,188,45,14,31,8,7,2,5,1,1,0,19,15,0,15,4,0,4,22,11,0,11,11,4,7,45,39,22,17,6,0,6,15,13,2,11,2,0,2,62,54,15,39,8,2,6,131,120,35,85,11,7,4,12,10,5,5,2,0,2
S01008391,310,269,79,190,41,16,25,7,6,1,5,1,0,1,14,11,2,9,3,2,1,12,11,0,11,1,0,1,57,48,25,23,9,2,7,25,22,6,16,3,2,1,76,67,8,59,9,3,6,114,99,35,64,15,7,8,5,5,2,3,0,0,0
S01008392,485,421,127,294,64,19,45,12,10,2,8,2,0,2,25,20,1,19,5,3,2,32,21,3,18,11,2,9,70,66,38,28,4,0,4,34,27,4,23,7,0,7,94,74,21,53,20,6,14,198,186,53,133,12,7,5,20,17,5,12,3,1,2
S01008393,343,294,97,197,49,18,31,11,9,1,8,2,0,2,22,18,1,17,4,2,2,11,6,2,4,5,1,4,42,35,21,14,7,2,5,22,18,2,16,4,0,4,81,66,10,56,15,3,12,139,130,54,76,9,7,2,15,12,6,6,3,3,0
S01008394,405,343,99,244,62,20,42,12,10,2,8,2,0,2,18,15,2,13,3,0,3,17,12,1,11,5,2,3,58,52,28,24,6,1,5,33,29,7,22,4,2,2,97,80,17,63,17,2,15,151,135,38,97,16,8,8,19,10,4,6,9,5,4
S01008395,295,268,87,181,27,8,19,4,4,0,4,0,0,0,18,16,3,13,2,0,2,5,4,0,4,1,1,0,65,58,31,27,7,0,7,26,23,4,19,3,0,3,44,40,14,26,4,2,2,125,116,31,85,9,5,4,8,7,4,3,1,0,1
S01008396,250,204,51,153,46,16,30,6,5,2,3,1,1,0,23,20,4,16,3,0,3,16,10,1,9,6,1,5,45,37,18,19,8,2,6,24,19,2,17,5,3,2,42,31,7,24,11,5,6,88,79,16,63,9,3,6,6,3,1,2,3,1,2
S01008397,469,407,119,288,62,21,41,7,7,1,6,0,0,0,21,19,0,19,2,2,0,18,12,2,10,6,2,4,75,65,32,33,10,3,7,42,28,3,25,14,3,11,104,86,20,66,18,4,14,188,180,58,122,8,4,4,14,10,3,7,4,3,1
S01008398,263,223,67,156,40,10,30,2,2,2,0,0,0,0,11,11,0,11,0,0,0,20,13,2,11,7,1,6,38,32,17,15,6,0,6,23,18,3,15,5,2,3,48,36,4,32,12,2,10,112,104,34,70,8,5,3,9,7,5,2,2,0,2
S01008399,221,187,49,138,34,11,23,5,5,0,5,0,0,0,12,12,0,12,0,0,0,17,6,0,6,11,4,7,44,34,16,18,10,3,7,14,11,4,7,3,1,2,33,31,8,23,2,1,1,87,81,18,63,6,2,4,9,7,3,4,2,0,2
S01008400,314,273,92,181,41,12,29,4,3,0,3,1,1,0,15,15,1,14,0,0,0,16,10,0,10,6,1,5,65,50,29,21,15,4,11,15,13,2,11,2,2,0,73,64,15,49,9,0,9,118,113,41,72,5,4,1,8,5,4,1,3,0,3
S01008401,445,385,114,271,60,20,40,5,5,1,4,0,0,0,18,17,7,10,1,0,1,19,11,0,11,8,2,6,88,70,32,38,18,6,12,32,23,4,19,9,1,8,84,70,18,52,14,8,6,182,176,43,133,6,2,4,17,13,9,4,4,1,3
S01008402,490,333,100,233,157,63,94,2,2,0,2,0,0,0,26,19,3,16,7,2,5,20,8,3,5,12,2,10,90,59,29,30,31,11,20,25,23,6,17,2,1,1,131,74,11,63,57,25,32,172,138,44,94,34,18,16,24,10,4,6,14,4,10
S01008403,279,226,82,144,53,9,44,3,3,1,2,0,0,0,21,17,1,16,4,0,4,17,11,0,11,6,0,6,57,47,31,16,10,1,9,16,14,2,12,2,0,2,59,42,11,31,17,3,14,94,85,35,50,9,3,6,12,7,1,6,5,2,3
S01008404,404,331,101,230,73,21,52,6,5,0,5,1,0,1,22,19,1,18,3,0,3,31,22,5,17,9,3,6,70,58,25,33,12,4,8,37,30,4,26,7,1,6,76,52,10,42,24,6,18,148,135,50,85,13,5,8,14,10,6,4,4,2,2
S01008405,385,291,99,192,94,29,65,2,1,0,1,1,0,1,18,13,2,11,5,0,5,14,10,0,10,4,1,3,66,55,30,25,11,3,8,25,20,2,18,5,2,3,95,62,15,47,33,6,27,144,119,44,75,25,13,12,21,11,6,5,10,4,6
S01008406,367,301,87,214,66,26,40,8,8,3,5,0,0,0,14,11,0,11,3,2,1,26,13,2,11,13,0,13,65,51,23,28,14,3,11,23,23,4,19,0,0,0,77,61,13,48,16,8,8,144,129,40,89,15,9,6,10,5,2,3,5,4,1
S01008407,214,183,51,132,31,7,24,6,6,1,5,0,0,0,12,9,1,8,3,0,3,9,6,2,4,3,0,3,34,27,11,16,7,3,4,14,14,2,12,0,0,0,44,38,10,28,6,1,5,83,76,21,55,7,2,5,12,7,3,4,5,1,4
S01008408,339,297,95,202,42,11,31,8,7,0,7,1,0,1,20,17,1,16,3,3,0,25,16,2,14,9,3,6,63,58,27,31,5,1,4,28,20,3,17,8,2,6,57,48,15,33,9,0,9,125,121,43,78,4,2,2,13,10,4,6,3,0,3
S01008409,376,348,101,247,28,10,18,6,6,0,6,0,0,0,19,18,0,18,1,0,1,27,25,2,23,2,0,2,86,79,42,37,7,1,6,35,33,3,30,2,1,1,59,54,14,40,5,3,2,130,124,38,86,6,2,4,14,9,2,7,5,3,2
S01008410,238,195,60,135,43,8,35,2,2,0,2,0,0,0,10,9,0,9,1,0,1,9,5,0,5,4,0,4,59,48,28,20,11,3,8,17,11,1,10,6,0,6,39,31,6,25,8,0,8,93,85,24,61,8,3,5,9,4,1,3,5,2,3
S01008411,315,275,88,187,40,12,28,9,9,2,7,0,0,0,18,16,0,16,2,0,2,22,15,1,14,7,3,4,59,49,27,22,10,4,6,21,16,3,13,5,0,5,65,58,16,42,7,2,5,103,95,33,62,8,3,5,18,17,6,11,1,0,1
S01008412,325,283,101,182,42,11,31,10,10,2,8,0,0,0,20,18,5,13,2,0,2,25,21,0,21,4,0,4,81,71,47,24,10,2,8,31,22,2,20,9,2,7,56,49,11,38,7,1,6,92,84,30,54,8,5,3,10,8,4,4,2,1,1
S01008413,265,224,73,151,41,14,27,8,7,1,6,1,0,1,20,20,1,19,0,0,0,19,13,2,11,6,2,4,68,57,28,29,11,4,7,14,13,0,13,1,0,1,37,24,8,16,13,2,11,84,82,28,54,2,2,0,15,8,5,3,7,4,3
S01008414,219,185,58,127,34,7,27,2,2,1,1,0,0,0,9,9,0,9,0,0,0,9,8,1,7,1,0,1,46,38,18,20,8,1,7,18,14,1,13,4,1,3,44,33,10,23,11,3,8,74,68,22,46,6,2,4,17,13,5,8,4,0,4
S01008415,434,382,123,259,52,18,34,7,7,2,5,0,0,0,28,26,3,23,2,1,1,25,20,0,20,5,2,3,106,91,54,37,15,3,12,28,21,3,18,7,1,6,70,63,12,51,7,4,3,157,144,43,101,13,6,7,13,10,6,4,3,1,2
S01008416,430,385,116,269,45,7,38,8,8,1,7,0,0,0,30,29,1,28,1,0,1,30,22,1,21,8,0,8,108,95,45,50,13,0,13,34,24,5,19,10,1,9,62,55,11,44,7,3,4,133,131,41,90,2,0,2,25,21,11,10,4,3,1
S01008417,353,288,101,187,65,28,37,12,8,2,6,4,1,3,12,11,0,11,1,0,1,16,10,2,8,6,1,5,48,40,23,17,8,2,6,32,26,5,21,6,1,5,76,59,11,48,17,10,7,134,120,52,68,14,8,6,23,14,6,8,9,5,4
S01008418,375,321,97,224,54,18,36,13,5,2,3,8,2,6,16,15,1,14,1,1,0,18,9,3,6,9,1,8,51,48,23,25,3,0,3,25,14,1,13,11,2,9,91,77,20,57,14,6,8,137,133,41,92,4,4,0,24,20,6,14,4,2,2
S01008419,242,199,69,130,43,14,29,1,1,0,1,0,0,0,12,11,2,9,1,0,1,7,6,1,5,1,1,0,33,23,10,13,10,4,6,24,18,6,12,6,2,4,60,48,12,36,12,2,10,90,81,32,49,9,4,5,15,11,6,5,4,1,3
S01008420,240,214,67,147,26,12,14,2,2,1,1,0,0,0,12,11,0,11,1,0,1,14,11,1,10,3,0,3,36,33,17,16,3,2,1,15,12,3,9,3,1,2,64,55,11,44,9,5,4,83,80,31,49,3,2,1,14,10,3,7,4,2,2
S01008421,431,393,112,281,38,10,28,6,6,1,5,0,0,0,26,25,1,24,1,1,0,30,20,2,18,10,0,10,69,65,25,40,4,0,4,39,32,1,31,7,1,6,83,75,16,59,8,4,4,163,158,61,97,5,2,3,15,12,5,7,3,2,1
S01008422,269,219,75,144,50,18,32,6,5,1,4,1,0,1,9,7,0,7,2,0,2,23,17,5,12,6,1,5,30,26,12,14,4,2,2,13,10,2,8,3,0,3,79,59,14,45,20,8,12,93,84,34,50,9,4,5,16,11,7,4,5,3,2
S01008423,482,391,111,280,91,30,61,8,4,0,4,4,0,4,29,25,5,20,4,2,2,23,12,2,10,11,0,11,67,53,21,32,14,4,10,31,27,6,21,4,0,4,147,116,25,91,31,10,21,155,137,46,91,18,11,7,22,17,6,11,5,3,2
S01008424,332,277,98,179,55,20,35,6,4,2,2,2,0,2,13,12,2,10,1,1,0,9,6,1,5,3,1,2,39,30,17,13,9,3,6,18,9,1,8,9,4,5,109,87,22,65,22,5,17,124,117,47,70,7,5,2,14,12,6,6,2,1,1
S01008425,677,610,296,314,67,26,41,13,12,2,10,1,0,1,20,17,2,15,3,0,3,24,15,1,14,9,2,7,207,201,160,41,6,3,3,51,36,4,32,15,6,9,124,107,24,83,17,6,11,200,190,80,110,10,6,4,38,32,23,9,6,3,3
S01008426,253,229,67,162,24,6,18,9,9,1,8,0,0,0,10,10,1,9,0,0,0,18,13,2,11,5,0,5,47,44,16,28,3,1,2,23,21,4,17,2,1,1,37,34,9,25,3,0,3,95,89,30,59,6,2,4,14,9,4,5,5,2,3
S01008427,647,570,171,399,77,27,50,15,12,1,11,3,1,2,34,33,1,32,1,0,1,32,22,2,20,10,1,9,96,87,44,43,9,2,7,58,45,7,38,13,0,13,163,145,39,106,18,8,10,215,201,71,130,14,11,3,34,25,6,19,9,4,5
S01008428,298,265,74,191,33,8,25,6,6,0,6,0,0,0,12,8,0,8,4,0,4,23,19,2,17,4,1,3,59,54,22,32,5,1,4,30,23,1,22,7,1,6,58,53,18,35,5,2,3,90,87,27,60,3,2,1,20,15,4,11,5,1,4
S01008429,390,349,109,240,41,13,28,5,5,1,4,0,0,0,24,23,0,23,1,1,0,30,18,3,15,12,2,10,52,50,28,22,2,1,1,30,22,0,22,8,1,7,95,87,22,65,8,4,4,139,133,51,82,6,2,4,15,11,4,7,4,2,2
S01008430,302,269,87,182,33,8,25,4,4,0,4,0,0,0,21,21,3,18,0,0,0,13,10,1,9,3,0,3,53,47,24,23,6,1,5,18,14,1,13,4,0,4,66,55,12,43,11,5,6,108,102,43,59,6,2,4,19,16,3,13,3,0,3
S01008431,387,347,119,228,40,15,25,3,3,1,2,0,0,0,15,12,0,12,3,1,2,18,12,2,10,6,1,5,73,66,41,25,7,3,4,27,22,3,19,5,1,4,95,85,19,66,10,5,5,144,138,50,88,6,2,4,12,9,3,6,3,2,1
S01008432,300,255,88,167,45,20,25,2,2,0,2,0,0,0,18,18,2,16,0,0,0,20,12,1,11,8,1,7,39,39,25,14,0,0,0,26,15,1,14,11,3,8,68,64,20,44,4,2,2,114,100,37,63,14,7,7,13,5,2,3,8,7,1
S01008433,450,394,124,270,56,15,41,4,4,0,4,0,0,0,18,18,1,17,0,0,0,30,21,2,19,9,1,8,75,71,38,33,4,1,3,48,31,2,29,17,0,17,105,91,18,73,14,7,7,146,140,54,86,6,2,4,24,18,9,9,6,4,2
S01008434,415,365,103,262,50,19,31,5,5,1,4,0,0,0,16,16,0,16,0,0,0,34,25,1,24,9,0,9,55,50,19,31,5,4,1,37,22,1,21,15,2,13,118,111,37,74,7,5,2,134,126,39,87,8,6,2,16,10,5,5,6,2,4
S01008435,368,329,98,231,39,8,31,2,2,0,2,0,0,0,21,19,3,16,2,0,2,24,15,2,13,9,2,7,67,59,31,28,8,1,7,27,19,2,17,8,1,7,92,88,26,62,4,1,3,122,117,29,88,5,3,2,13,10,5,5,3,0,3
S01008436,412,350,104,246,62,15,47,7,5,0,5,2,0,2,28,28,3,25,0,0,0,17,12,1,11,5,0,5,61,53,24,29,8,1,7,33,16,2,14,17,5,12,115,98,14,84,17,4,13,130,120,53,67,10,4,6,21,18,7,11,3,1,2
S01008437,349,297,72,225,52,13,39,4,2,0,2,2,0,2,16,13,1,12,3,0,3,11,4,0,4,7,1,6,50,45,20,25,5,2,3,34,27,5,22,7,2,5,88,72,7,65,16,3,13,132,124,35,89,8,4,4,14,10,4,6,4,1,3
S01008438,245,199,54,145,46,11,35,4,2,1,1,2,0,2,13,9,2,7,4,0,4,13,10,0,10,3,2,1,22,16,7,9,6,2,4,19,11,2,9,8,3,5,72,54,12,42,18,1,17,93,89,29,60,4,2,2,9,8,1,7,1,1,0
S01008439,528,448,130,318,80,26,54,6,5,0,5,1,0,1,17,17,2,15,0,0,0,24,16,5,11,8,0,8,50,43,16,27,7,3,4,33,25,4,21,8,3,5,169,143,36,107,26,7,19,208,188,62,126,20,8,12,21,11,5,6,10,5,5
S01008440,440,358,93,265,82,38,44,2,2,0,2,0,0,0,14,12,0,12,2,1,1,9,8,2,6,1,0,1,36,30,15,15,6,2,4,27,15,0,15,12,5,7,158,122,20,102,36,15,21,172,154,54,100,18,12,6,22,15,2,13,7,3,4
S01008441,224,183,60,123,41,18,23,7,6,1,5,1,0,1,8,8,2,6,0,0,0,7,4,0,4,3,0,3,30,24,17,7,6,4,2,7,3,0,3,4,2,2,58,46,10,36,12,5,7,94,85,27,58,9,3,6,13,7,3,4,6,4,2
S01008442,385,315,65,250,70,23,47,6,6,0,6,0,0,0,21,17,0,17,4,1,3,14,3,1,2,11,3,8,49,36,8,28,13,3,10,26,23,3,20,3,2,1,105,92,8,84,13,3,10,140,125,41,84,15,8,7,24,13,4,9,11,3,8
S01008443,253,206,57,149,47,13,34,3,3,1,2,0,0,0,7,6,0,6,1,1,0,20,13,3,10,7,1,6,32,27,11,16,5,1,4,14,13,3,10,1,0,1,83,59,8,51,24,5,19,83,77,28,49,6,4,2,11,8,3,5,3,1,2
S01008444,337,293,83,210,44,11,33,4,4,0,4,0,0,0,12,9,2,7,3,1,2,12,7,0,7,5,2,3,52,50,26,24,2,0,2,29,18,3,15,11,3,8,58,47,10,37,11,2,9,154,148,39,109,6,1,5,16,10,3,7,6,2,4
S01008445,310,278,83,195,32,7,25,4,4,1,3,0,0,0,10,10,0,10,0,0,0,5,1,1,0,4,0,4,35,29,22,7,6,0,6,14,9,0,9,5,0,5,42,35,9,26,7,0,7,190,182,45,137,8,5,3,10,8,5,3,2,2,0
S01008446,400,326,90,236,74,26,48,3,3,0,3,0,0,0,14,13,1,12,1,1,0,15,9,0,9,6,2,4,48,30,15,15,18,5,13,20,12,3,9,8,2,6,119,94,17,77,25,6,19,163,153,48,105,10,7,3,18,12,6,6,6,3,3
S01008447,341,274,78,196,67,11,56,5,5,0,5,0,0,0,11,10,0,10,1,0,1,12,4,0,4,8,0,8,47,38,19,19,9,1,8,19,13,3,10,6,0,6,112,85,20,65,27,6,21,118,106,31,75,12,3,9,17,13,5,8,4,1,3
S01008448,365,296,92,204,69,24,45,7,7,2,5,0,0,0,13,13,3,10,0,0,0,31,21,4,17,10,2,8,56,42,23,19,14,1,13,37,24,5,19,13,7,6,80,66,16,50,14,3,11,119,112,36,76,7,3,4,22,11,3,8,11,8,3
S01008449,310,279,89,190,31,11,20,6,6,1,5,0,0,0,9,9,0,9,0,0,0,18,9,0,9,9,1,8,100,94,39,55,6,0,6,26,18,1,17,8,4,4,65,61,13,48,4,3,1,67,67,25,42,0,0,0,19,15,10,5,4,3,1
S01008450,224,203,84,119,21,7,14,2,2,0,2,0,0,0,7,7,0,7,0,0,0,13,8,1,7,5,1,4,70,66,39,27,4,2,2,14,10,1,9,4,2,2,43,38,13,25,5,1,4,61,60,26,34,1,1,0,14,12,4,8,2,0,2
S01008451,232,218,98,120,14,2,12,7,7,0,7,0,0,0,15,15,2,13,0,0,0,11,9,2,7,2,0,2,67,63,44,19,4,0,4,18,14,2,12,4,0,4,44,41,17,24,3,1,2,60,59,28,31,1,1,0,10,10,3,7,0,0,0
S01008452,233,211,73,138,22,8,14,5,5,1,4,0,0,0,11,9,0,9,2,1,1,13,6,1,5,7,2,5,71,66,37,29,5,2,3,13,13,2,11,0,0,0,41,39,9,30,2,1,1,68,64,20,44,4,1,3,11,9,3,6,2,1,1
S01008453,271,245,63,182,26,6,20,5,5,0,5,0,0,0,7,6,0,6,1,0,1,14,11,2,9,3,0,3,69,65,27,38,4,2,2,27,19,1,18,8,1,7,67,60,12,48,7,3,4,64,62,17,45,2,0,2,18,17,4,13,1,0,1
S01008454,354,325,122,203,29,11,18,5,5,0,5,0,0,0,12,10,1,9,2,1,1,26,15,4,11,11,2,9,110,103,50,53,7,4,3,30,29,3,26,1,1,0,55,53,19,34,2,0,2,91,86,36,50,5,2,3,25,24,9,15,1,1,0
S01008455,361,331,94,237,30,11,19,6,6,1,5,0,0,0,21,21,2,19,0,0,0,27,21,2,19,6,1,5,88,85,39,46,3,1,2,30,25,3,22,5,1,4,92,83,26,57,9,6,3,89,86,18,68,3,1,2,8,4,3,1,4,1,3
S01008456,359,326,129,197,33,11,22,6,6,0,6,0,0,0,17,16,6,10,1,1,0,29,15,0,15,14,5,9,87,85,47,38,2,0,2,33,28,5,23,5,1,4,77,72,27,45,5,0,5,94,94,41,53,0,0,0,16,10,3,7,6,4,2
S01008457,244,233,59,174,11,7,4,8,7,0,7,1,1,0,12,12,0,12,0,0,0,21,18,0,18,3,0,3,66,64,26,38,2,2,0,25,24,5,19,1,0,1,36,35,9,26,1,1,0,64,62,19,43,2,2,0,12,11,0,11,1,1,0
S01008458,465,429,112,317,36,13,23,3,3,0,3,0,0,0,16,16,0,16,0,0,0,42,33,2,31,9,2,7,97,90,33,57,7,1,6,41,34,5,29,7,1,6,107,100,25,75,7,5,2,132,128,44,84,4,3,1,27,25,3,22,2,1,1
S01008459,299,278,88,190,21,9,12,4,4,0,4,0,0,0,9,9,0,9,0,0,0,15,11,1,10,4,0,4,87,84,32,52,3,1,2,23,21,2,19,2,0,2,72,64,22,42,8,5,3,80,77,26,51,3,3,0,9,8,5,3,1,0,1
S01008460,259,244,96,148,15,7,8,2,2,0,2,0,0,0,11,11,2,9,0,0,0,18,15,5,10,3,1,2,81,80,35,45,1,0,1,20,15,1,14,5,1,4,56,52,19,33,4,4,0,61,59,28,31,2,1,1,10,10,6,4,0,0,0
S01008461,360,339,101,238,21,9,12,7,6,0,6,1,0,1,13,13,3,10,0,0,0,29,23,2,21,6,1,5,92,89,34,55,3,2,1,33,32,4,28,1,0,1,62,58,15,43,4,4,0,99,97,31,66,2,1,1,25,21,12,9,4,1,3
S01008462,189,178,53,125,11,3,8,3,3,1,2,0,0,0,4,4,0,4,0,0,0,9,8,1,7,1,1,0,50,48,22,26,2,1,1,18,17,0,17,1,0,1,43,38,13,25,5,1,4,52,50,14,36,2,0,2,10,10,2,8,0,0,0
S01008463,278,255,84,171,23,10,13,7,7,1,6,0,0,0,14,13,4,9,1,0,1,21,13,2,11,8,1,7,70,70,33,37,0,0,0,32,29,2,27,3,0,3,51,46,17,29,5,4,1,76,72,24,48,4,3,1,7,5,1,4,2,2,0
S01008464,418,391,102,289,27,7,20,6,6,1,5,0,0,0,14,14,0,14,0,0,0,21,15,4,11,6,0,6,102,100,30,70,2,1,1,42,35,4,31,7,1,6,103,94,17,77,9,4,5,115,112,39,73,3,1,2,15,15,7,8,0,0,0
S01008465,388,357,94,263,31,10,21,13,13,1,12,0,0,0,16,15,0,15,1,1,0,27,20,1,19,7,0,7,96,91,45,46,5,3,2,34,29,6,23,5,0,5,77,71,15,56,6,3,3,102,96,19,77,6,3,3,23,22,7,15,1,0,1
S01008466,351,331,92,239,20,7,13,11,10,0,10,1,0,1,12,12,0,12,0,0,0,37,30,1,29,7,1,6,75,74,26,48,1,0,1,33,32,4,28,1,0,1,62,57,17,40,5,3,2,93,92,34,58,1,0,1,28,24,10,14,4,3,1
S01008467,373,333,109,224,40,10,30,6,5,0,5,1,0,1,16,16,5,11,0,0,0,44,25,3,22,19,2,17,91,87,34,53,4,0,4,35,30,2,28,5,1,4,69,67,19,48,2,2,0,98,93,41,52,5,4,1,14,10,5,5,4,1,3
S01008468,258,236,76,160,22,5,17,3,2,0,2,1,1,0,11,11,2,9,0,0,0,22,11,0,11,11,1,10,61,58,31,27,3,0,3,24,22,1,21,2,0,2,56,53,15,38,3,1,2,68,66,21,45,2,2,0,13,13,6,7,0,0,0
S01008469,291,262,83,179,29,7,22,8,8,0,8,0,0,0,9,9,2,7,0,0,0,18,10,1,9,8,1,7,88,78,38,40,10,3,7,25,21,7,14,4,1,3,57,53,14,39,4,1,3,75,72,19,53,3,1,2,11,11,2,9,0,0,0
S01008470,282,259,77,182,23,9,14,2,2,0,2,0,0,0,5,5,0,5,0,0,0,22,17,3,14,5,1,4,59,57,26,31,2,1,1,29,23,2,21,6,3,3,79,77,25,52,2,0,2,68,66,17,49,2,2,0,18,12,4,8,6,2,4
S01008471,348,324,115,209,24,10,14,9,8,0,8,1,0,1,14,14,0,14,0,0,0,14,7,0,7,7,2,5,90,89,44,45,1,0,1,28,26,8,18,2,0,2,82,75,29,46,7,5,2,96,94,32,62,2,1,1,15,11,2,9,4,2,2
S01008472,284,249,61,188,35,11,24,3,1,0,1,2,0,2,6,6,3,3,0,0,0,28,20,2,18,8,1,7,70,65,20,45,5,2,3,30,19,2,17,11,2,9,66,59,13,46,7,5,2,73,71,18,53,2,1,1,8,8,3,5,0,0,0
S01008473,306,284,90,194,22,10,12,4,4,2,2,0,0,0,11,9,4,5,2,1,1,27,20,1,19,7,1,6,81,78,32,46,3,2,1,32,30,5,25,2,0,2,53,49,9,40,4,3,1,82,82,35,47,0,0,0,16,12,2,10,4,3,1
S01008474,329,314,83,231,15,10,5,2,2,1,1,0,0,0,10,10,0,10,0,0,0,25,21,0,21,4,3,1,88,83,37,46,5,2,3,25,24,2,22,1,1,0,67,67,17,50,0,0,0,99,97,22,75,2,2,0,13,10,4,6,3,2,1
S01008475,256,237,77,160,19,7,12,4,4,0,4,0,0,0,13,12,3,9,1,0,1,18,11,2,9,7,2,5,61,59,30,29,2,1,1,19,15,2,13,4,2,2,56,53,15,38,3,0,3,70,70,21,49,0,0,0,15,13,4,9,2,2,0
S01008476,308,282,71,211,26,3,23,3,3,0,3,0,0,0,9,8,2,6,1,1,0,22,14,1,13,8,1,7,71,69,24,45,2,0,2,34,28,3,25,6,0,6,69,67,16,51,2,0,2,81,78,21,57,3,0,3,19,15,4,11,4,1,3
S01008477,361,337,79,258,24,7,17,5,5,0,5,0,0,0,19,19,1,18,0,0,0,39,30,1,29,9,2,7,66,65,26,39,1,0,1,32,30,3,27,2,1,1,72,66,16,50,6,2,4,101,101,28,73,0,0,0,27,21,4,17,6,2,4
S01008478,318,288,86,202,30,8,22,8,8,1,7,0,0,0,11,9,1,8,2,0,2,22,16,1,15,6,2,4,68,65,28,37,3,0,3,21,17,3,14,4,0,4,75,69,19,50,6,2,4,89,87,29,58,2,0,2,24,17,4,13,7,4,3
S01008479,319,298,77,221,21,5,16,7,7,1,6,0,0,0,14,14,1,13,0,0,0,22,18,0,18,4,1,3,76,76,31,45,0,0,0,33,24,2,22,9,0,9,63,62,16,46,1,0,1,84,83,22,61,1,0,1,20,14,4,10,6,4,2
S01008480,298,287,70,217,11,3,8,5,5,0,5,0,0,0,6,5,0,5,1,1,0,18,16,0,16,2,0,2,84,83,27,56,1,1,0,22,21,2,19,1,0,1,76,73,14,59,3,0,3,74,73,22,51,1,1,0,13,11,5,6,2,0,2
S01008481,476,416,140,276,60,17,43,1,1,0,1,0,0,0,21,17,3,14,4,2,2,55,26,4,22,29,3,26,113,107,41,66,6,1,5,43,38,6,32,5,1,4,86,81,25,56,5,3,2,134,130,54,76,4,3,1,23,16,7,9,7,4,3
S01008482,255,231,68,163,24,11,13,7,7,0,7,0,0,0,20,20,1,19,0,0,0,22,12,2,10,10,3,7,49,46,18,28,3,3,0,27,22,2,20,5,1,4,54,51,14,37,3,2,1,67,67,28,39,0,0,0,9,6,3,3,3,2,1
S01008483,282,250,61,189,32,11,21,3,3,0,3,0,0,0,9,7,1,6,2,0,2,29,18,0,18,11,4,7,67,65,30,35,2,0,2,28,19,2,17,9,1,8,56,53,12,41,3,3,0,77,74,14,60,3,3,0,13,11,2,9,2,0,2
S01008484,359,313,89,224,46,19,27,4,2,1,1,2,1,1,16,15,0,15,1,0,1,29,19,1,18,10,1,9,60,58,18,40,2,0,2,40,33,7,26,7,1,6,93,78,23,55,15,10,5,107,100,37,63,7,5,2,10,8,2,6,2,1,1
S01008485,499,450,133,317,49,12,37,3,3,0,3,0,0,0,19,17,2,15,2,0,2,37,24,2,22,13,3,10,93,88,46,42,5,2,3,48,31,7,24,17,4,13,95,91,28,63,4,0,4,179,176,39,137,3,2,1,25,20,9,11,5,1,4
S01008486,386,340,81,259,46,8,38,10,10,2,8,0,0,0,14,11,0,11,3,0,3,21,12,1,11,9,0,9,76,69,37,32,7,1,6,34,24,2,22,10,2,8,89,80,7,73,9,1,8,125,119,28,91,6,4,2,17,15,4,11,2,0,2
S01008487,507,461,74,387,46,11,35,9,8,1,7,1,0,1,17,17,0,17,0,0,0,30,23,4,19,7,1,6,83,80,28,52,3,0,3,43,33,2,31,10,1,9,167,155,13,142,12,3,9,125,122,20,102,3,1,2,33,23,6,17,10,5,5
S01008488,389,353,80,273,36,8,28,4,4,0,4,0,0,0,14,12,1,11,2,0,2,18,11,3,8,7,0,7,95,87,30,57,8,0,8,34,29,2,27,5,0,5,98,92,15,77,6,3,3,96,89,18,71,7,5,2,30,29,11,18,1,0,1
S01008489,302,278,86,192,24,7,17,3,2,0,2,1,0,1,11,11,1,10,0,0,0,18,12,2,10,6,0,6,75,70,31,39,5,2,3,27,23,3,20,4,1,3,69,66,20,46,3,2,1,86,82,24,58,4,2,2,13,12,5,7,1,0,1
S01008490,543,499,96,403,44,15,29,3,3,0,3,0,0,0,17,17,1,16,0,0,0,30,20,0,20,10,0,10,105,100,42,58,5,3,2,46,40,2,38,6,1,5,148,136,17,119,12,4,8,172,163,30,133,9,5,4,22,20,4,16,2,2,0
S01008491,494,455,109,346,39,14,25,3,3,0,3,0,0,0,22,19,4,15,3,0,3,21,18,0,18,3,0,3,90,88,43,45,2,0,2,48,43,3,40,5,0,5,130,119,19,100,11,5,6,150,141,34,107,9,7,2,30,24,6,18,6,2,4
S01008492,584,545,106,439,39,17,22,6,6,0,6,0,0,0,23,22,1,21,1,0,1,24,18,1,17,6,1,5,121,113,49,64,8,4,4,37,36,3,33,1,0,1,174,163,14,149,11,4,7,170,163,31,132,7,5,2,29,24,7,17,5,3,2
S01008493,385,359,100,259,26,7,19,4,4,0,4,0,0,0,17,17,1,16,0,0,0,23,16,2,14,7,1,6,98,94,38,56,4,1,3,32,29,2,27,3,2,1,86,80,20,60,6,2,4,108,106,31,75,2,1,1,17,13,6,7,4,0,4
S01008494,375,343,60,283,32,11,21,5,5,0,5,0,0,0,12,11,0,11,1,1,0,10,5,0,5,5,2,3,93,88,31,57,5,0,5,35,29,3,26,6,3,3,106,100,8,92,6,2,4,96,90,15,75,6,2,4,18,15,3,12,3,1,2
S01008495,580,548,94,454,32,8,24,4,3,0,3,1,0,1,12,11,0,11,1,0,1,27,23,1,22,4,0,4,143,135,46,89,8,0,8,50,44,5,39,6,1,5,179,174,17,157,5,2,3,139,136,19,117,3,3,0,26,22,6,16,4,2,2
S01008496,660,622,103,519,38,11,27,8,7,0,7,1,0,1,16,16,0,16,0,0,0,25,23,1,22,2,0,2,148,143,54,89,5,3,2,73,62,8,54,11,3,8,205,191,18,173,14,2,12,155,153,16,137,2,2,0,30,27,6,21,3,1,2
S01008497,567,539,112,427,28,12,16,7,7,1,6,0,0,0,18,18,0,18,0,0,0,15,13,1,12,2,1,1,141,139,60,79,2,2,0,52,42,6,36,10,2,8,150,140,13,127,10,5,5,153,152,25,127,1,1,0,31,28,6,22,3,1,2
S01008498,507,462,117,345,45,10,35,3,3,1,2,0,0,0,21,16,3,13,5,1,4,16,9,1,8,7,2,5,132,120,57,63,12,3,9,33,27,5,22,6,0,6,133,126,14,112,7,1,6,145,142,28,114,3,1,2,24,19,8,11,5,2,3
S01008499,620,582,126,456,38,10,28,2,2,0,2,0,0,0,26,26,0,26,0,0,0,18,10,1,9,8,2,6,160,154,68,86,6,1,5,55,51,6,45,4,1,3,161,156,17,139,5,1,4,144,137,22,115,7,1,6,54,46,12,34,8,4,4
S01008500,211,196,48,148,15,7,8,3,3,0,3,0,0,0,6,5,1,4,1,1,0,12,10,1,9,2,1,1,49,47,22,25,2,2,0,15,14,1,13,1,1,0,57,54,5,49,3,0,3,59,58,16,42,1,0,1,10,5,2,3,5,2,3
S01008501,408,383,78,305,25,9,16,0,0,0,0,0,0,0,14,14,1,13,0,0,0,13,9,0,9,4,0,4,85,85,40,45,0,0,0,40,39,8,31,1,0,1,162,151,9,142,11,3,8,74,68,11,57,6,4,2,20,17,9,8,3,2,1
S01008502,440,420,74,346,20,9,11,5,5,0,5,0,0,0,19,19,1,18,0,0,0,8,7,0,7,1,0,1,88,85,30,55,3,3,0,42,40,3,37,2,0,2,134,129,8,121,5,1,4,123,119,26,93,4,3,1,21,16,6,10,5,2,3
S01008503,583,535,110,425,48,20,28,8,6,0,6,2,0,2,18,17,0,17,1,0,1,13,9,0,9,4,0,4,92,90,37,53,2,2,0,52,45,6,39,7,1,6,176,162,16,146,14,6,8,194,181,44,137,13,11,2,30,25,7,18,5,0,5
S01008504,698,629,138,491,69,24,45,8,7,2,5,1,0,1,26,21,4,17,5,1,4,18,16,1,15,2,0,2,95,89,43,46,6,1,5,45,33,2,31,12,2,10,229,210,29,181,19,4,15,232,216,47,169,16,12,4,45,37,10,27,8,4,4
S01008505,444,397,101,296,47,13,34,3,3,0,3,0,0,0,11,11,2,9,0,0,0,19,10,0,10,9,0,9,62,59,27,32,3,0,3,30,21,3,18,9,1,8,112,106,19,87,6,0,6,177,163,41,122,14,9,5,30,24,9,15,6,3,3
S01008506,423,368,92,276,55,12,43,6,6,1,5,0,0,0,10,8,1,7,2,0,2,12,10,0,10,2,0,2,57,49,27,22,8,1,7,32,22,2,20,10,1,9,118,102,18,84,16,4,12,171,158,40,118,13,3,10,17,13,3,10,4,3,1
S01008507,533,483,116,367,50,15,35,6,5,0,5,1,0,1,15,13,1,12,2,0,2,14,7,0,7,7,2,5,101,93,47,46,8,2,6,33,30,4,26,3,1,2,148,134,20,114,14,3,11,184,173,35,138,11,6,5,32,28,9,19,4,1,3
S01008508,437,367,106,261,70,13,57,8,7,1,6,1,0,1,15,13,1,12,2,0,2,19,15,1,14,4,1,3,68,47,21,26,21,2,19,31,26,7,19,5,0,5,134,110,21,89,24,5,19,152,144,49,95,8,4,4,10,5,5,0,5,1,4
S01008509,512,434,83,351,78,27,51,6,6,2,4,0,0,0,20,15,0,15,5,2,3,18,13,1,12,5,0,5,56,49,18,31,7,1,6,37,25,2,23,12,5,7,158,134,15,119,24,7,17,176,161,35,126,15,8,7,41,31,10,21,10,4,6
S01008510,457,390,112,278,67,22,45,8,8,0,8,0,0,0,21,19,0,19,2,1,1,20,11,2,9,9,2,7,59,51,28,23,8,2,6,35,26,1,25,9,3,6,115,101,20,81,14,3,11,163,152,52,100,11,7,4,36,22,9,13,14,4,10
S01008511,408,326,101,225,82,26,56,0,0,0,0,0,0,0,22,20,2,18,2,1,1,20,11,2,9,9,2,7,57,42,20,22,15,2,13,30,22,3,19,8,1,7,116,87,21,66,29,11,18,133,121,45,76,12,7,5,30,23,8,15,7,2,5
S01008512,240,190,59,131,50,19,31,2,2,0,2,0,0,0,8,6,1,5,2,1,1,14,8,0,8,6,2,4,29,25,13,12,4,1,3,18,14,4,10,4,0,4,75,53,11,42,22,9,13,84,78,27,51,6,3,3,10,4,3,1,6,3,3
S01008513,291,234,76,158,57,27,30,9,4,0,4,5,3,2,17,14,0,14,3,1,2,7,2,0,2,5,2,3,41,35,22,13,6,1,5,23,17,3,14,6,2,4,97,74,12,62,23,12,11,84,78,32,46,6,3,3,13,10,7,3,3,3,0
S01008514,395,318,88,230,77,30,47,7,7,2,5,0,0,0,11,9,0,9,2,2,0,18,12,2,10,6,1,5,43,36,11,25,7,2,5,23,21,5,16,2,1,1,119,86,17,69,33,7,26,152,134,47,87,18,10,8,22,13,4,9,9,7,2
S01008515,400,341,99,242,59,24,35,4,4,1,3,0,0,0,12,12,0,12,0,0,0,12,5,2,3,7,3,4,44,37,19,18,7,3,4,21,16,2,14,5,3,2,128,107,25,82,21,5,16,154,142,42,100,12,7,5,25,18,8,10,7,3,4
S01008516,541,495,91,404,46,17,29,2,2,0,2,0,0,0,15,13,0,13,2,1,1,27,21,1,20,6,1,5,84,79,33,46,5,3,2,38,30,3,27,8,1,7,133,122,14,108,11,4,7,212,204,33,171,8,4,4,30,24,7,17,6,3,3
S01008517,479,435,93,342,44,14,30,4,4,0,4,0,0,0,10,10,0,10,0,0,0,7,5,1,4,2,0,2,81,76,40,36,5,3,2,40,34,6,28,6,0,6,123,104,8,96,19,5,14,187,183,32,151,4,2,2,27,19,6,13,8,4,4
S01008518,459,383,92,291,76,27,49,8,8,1,7,0,0,0,16,15,0,15,1,0,1,10,7,0,7,3,1,2,63,56,31,25,7,4,3,22,18,5,13,4,1,3,126,86,10,76,40,10,30,187,173,40,133,14,8,6,27,20,5,15,7,3,4
S01008519,383,303,85,218,80,29,51,2,1,0,1,1,0,1,9,9,2,7,0,0,0,12,6,0,6,6,1,5,32,24,12,12,8,3,5,19,12,1,11,7,3,4,140,104,25,79,36,9,27,153,137,42,95,16,9,7,16,10,3,7,6,4,2
S01008520,478,374,103,271,104,28,76,4,3,0,3,1,0,1,16,16,2,14,0,0,0,30,21,3,18,9,1,8,57,42,21,21,15,5,10,26,17,2,15,9,2,7,154,110,18,92,44,8,36,167,147,50,97,20,10,10,24,18,7,11,6,2,4
S01008521,416,335,95,240,81,17,64,7,5,1,4,2,0,2,14,12,2,10,2,1,1,15,10,3,7,5,1,4,35,28,9,19,7,1,6,17,11,1,10,6,3,3,141,99,18,81,42,4,38,165,154,56,98,11,5,6,22,16,5,11,6,2,4
S01008522,246,194,44,150,52,15,37,5,4,0,4,1,0,1,9,6,0,6,3,0,3,10,6,2,4,4,1,3,25,18,6,12,7,2,5,14,9,2,7,5,1,4,92,72,12,60,20,6,14,82,72,19,53,10,4,6,9,7,3,4,2,1,1
S01008523,478,398,88,310,80,29,51,7,5,0,5,2,0,2,20,16,0,16,4,1,3,15,11,2,9,4,0,4,47,40,17,23,7,5,2,37,28,2,26,9,2,7,190,156,21,135,34,7,27,141,125,35,90,16,13,3,21,17,11,6,4,1,3
S01008524,388,349,114,235,39,12,27,6,3,0,3,3,2,1,9,9,1,8,0,0,0,31,18,1,17,13,0,13,98,95,45,50,3,0,3,24,18,4,14,6,1,5,69,66,13,53,3,2,1,126,119,40,79,7,5,2,25,21,10,11,4,2,2
S01008525,282,258,84,174,24,13,11,6,6,0,6,0,0,0,9,9,1,8,0,0,0,15,12,1,11,3,0,3,73,71,37,34,2,1,1,18,13,3,10,5,2,3,50,45,14,31,5,3,2,91,89,22,67,2,1,1,20,13,6,7,7,6,1
S01008526,421,382,106,276,39,9,30,5,4,0,4,1,0,1,10,8,3,5,2,1,1,28,15,0,15,13,1,12,76,75,32,43,1,1,0,40,32,7,25,8,1,7,87,81,20,61,6,3,3,154,150,39,111,4,1,3,21,17,5,12,4,1,3
S01008527,391,365,102,263,26,8,18,5,5,0,5,0,0,0,12,12,1,11,0,0,0,24,21,2,19,3,0,3,77,75,35,40,2,1,1,29,23,2,21,6,0,6,79,76,17,59,3,0,3,137,130,37,93,7,5,2,28,23,8,15,5,2,3
S01008528,354,315,107,208,39,10,29,0,0,0,0,0,0,0,10,8,0,8,2,1,1,16,5,1,4,11,2,9,82,76,46,30,6,2,4,26,20,3,17,6,0,6,61,59,14,45,2,0,2,134,129,36,93,5,2,3,25,18,7,11,7,3,4
S01008529,371,333,98,235,38,14,24,3,3,0,3,0,0,0,11,11,0,11,0,0,0,34,22,1,21,12,2,10,75,74,40,34,1,1,0,28,23,2,21,5,1,4,59,48,8,40,11,6,5,133,131,39,92,2,2,0,28,21,8,13,7,2,5
S01008530,311,286,88,198,25,11,14,7,7,0,7,0,0,0,12,10,3,7,2,0,2,18,11,2,9,7,2,5,78,72,38,34,6,5,1,25,22,5,17,3,2,1,48,47,6,41,1,0,1,99,94,27,67,5,2,3,24,23,7,16,1,0,1
S01008531,333,305,119,186,28,7,21,7,7,1,6,0,0,0,4,3,0,3,1,1,0,20,14,1,13,6,0,6,78,73,39,34,5,0,5,32,28,2,26,4,1,3,64,57,19,38,7,2,5,105,102,44,58,3,2,1,23,21,13,8,2,1,1
S01008532,184,164,56,108,20,4,16,3,3,1,2,0,0,0,3,3,0,3,0,0,0,16,10,2,8,6,0,6,51,46,19,27,5,1,4,11,7,2,5,4,1,3,31,28,10,18,3,1,2,57,56,19,37,1,1,0,12,11,3,8,1,0,1
S01008533,254,238,49,189,16,4,12,1,1,0,1,0,0,0,7,4,1,3,3,0,3,3,3,0,3,0,0,0,37,34,21,13,3,0,3,8,5,1,4,3,2,1,18,18,3,15,0,0,0,173,169,20,149,4,1,3,7,4,3,1,3,1,2
S01008534,386,339,96,243,47,20,27,4,4,1,3,0,0,0,11,9,0,9,2,0,2,16,9,0,9,7,2,5,68,62,37,25,6,1,5,23,17,2,15,6,4,2,89,76,16,60,13,1,12,159,150,35,115,9,9,0,16,12,5,7,4,3,1
S01008535,370,315,107,208,55,13,42,7,6,1,5,1,0,1,16,15,1,14,1,0,1,18,14,3,11,4,1,3,61,46,30,16,15,3,12,28,18,2,16,10,2,8,104,91,23,68,13,2,11,121,116,42,74,5,2,3,15,9,5,4,6,3,3
S01008536,259,224,62,162,35,14,21,3,3,1,2,0,0,0,13,11,1,10,2,0,2,18,9,2,7,9,1,8,31,28,11,17,3,2,1,20,13,1,12,7,2,5,67,61,8,53,6,3,3,92,89,34,55,3,2,1,15,10,4,6,5,4,1
S01008537,320,275,87,188,45,16,29,3,3,0,3,0,0,0,8,7,1,6,1,0,1,6,2,0,2,4,0,4,39,38,25,13,1,1,0,23,18,5,13,5,0,5,91,74,17,57,17,5,12,137,127,38,89,10,8,2,13,6,1,5,7,2,5
S01008538,231,192,67,125,39,14,25,0,0,0,0,0,0,0,13,9,3,6,4,2,2,9,7,1,6,2,2,0,31,24,14,10,7,2,5,15,12,2,10,3,0,3,51,45,13,32,6,1,5,100,87,32,55,13,4,9,12,8,2,6,4,3,1
S01008539,437,378,101,277,59,21,38,6,6,2,4,0,0,0,19,16,0,16,3,1,2,16,11,3,8,5,1,4,57,47,27,20,10,3,7,27,19,1,18,8,3,5,113,100,13,87,13,2,11,175,161,48,113,14,6,8,24,18,7,11,6,5,1
S01008540,405,321,97,224,84,27,57,8,4,0,4,4,2,2,12,10,2,8,2,0,2,19,12,2,10,7,1,6,55,38,18,20,17,3,14,27,21,3,18,6,3,3,116,89,21,68,27,8,19,145,132,45,87,13,8,5,23,15,6,9,8,2,6
S01008541,435,377,110,267,58,21,37,7,5,1,4,2,0,2,16,13,0,13,3,1,2,21,10,1,9,11,1,10,49,40,24,16,9,5,4,32,23,6,17,9,1,8,121,109,24,85,12,5,7,167,158,48,110,9,6,3,22,19,6,13,3,2,1
S01008542,475,419,152,267,56,21,35,4,4,2,2,0,0,0,16,16,0,16,0,0,0,16,10,0,10,6,1,5,68,55,34,21,13,2,11,41,30,6,24,11,2,9,130,119,32,87,11,5,6,176,167,72,95,9,6,3,24,18,6,12,6,5,1
S01008543,405,353,117,236,52,11,41,6,6,2,4,0,0,0,17,16,1,15,1,0,1,34,22,3,19,12,0,12,75,65,33,32,10,0,10,28,20,6,14,8,2,6,90,80,24,56,10,3,7,135,129,43,86,6,4,2,20,15,5,10,5,2,3
S01008544,358,306,92,214,52,15,37,4,4,3,1,0,0,0,17,13,0,13,4,0,4,10,7,0,7,3,1,2,38,33,17,16,5,1,4,32,22,4,18,10,2,8,105,87,19,68,18,5,13,136,129,43,86,7,3,4,16,11,6,5,5,3,2
S01008545,410,326,90,236,84,20,64,4,4,2,2,0,0,0,14,13,1,12,1,1,0,21,13,3,10,8,0,8,50,40,20,20,10,1,9,20,17,3,14,3,0,3,161,116,26,90,45,10,35,125,111,30,81,14,7,7,15,12,5,7,3,1,2
S01008546,388,311,96,215,77,21,56,6,5,2,3,1,1,0,16,10,2,8,6,2,4,18,9,0,9,9,3,6,46,34,19,15,12,1,11,28,19,1,18,9,3,6,113,84,24,60,29,6,23,141,134,43,91,7,2,5,20,16,5,11,4,3,1
S01008547,586,518,132,386,68,20,48,13,13,0,13,0,0,0,18,17,2,15,1,0,1,39,31,1,30,8,2,6,114,106,50,56,8,1,7,50,30,4,26,20,5,15,144,129,25,104,15,4,11,184,174,43,131,10,5,5,24,18,7,11,6,3,3
S01008548,492,432,95,337,60,16,44,8,8,1,7,0,0,0,17,16,0,16,1,0,1,38,27,0,27,11,1,10,108,92,31,61,16,4,12,31,21,3,18,10,1,9,106,99,20,79,7,3,4,155,144,31,113,11,6,5,29,25,9,16,4,1,3
S01008549,508,429,116,313,79,17,62,13,9,1,8,4,2,2,22,19,4,15,3,0,3,37,20,1,19,17,4,13,104,88,38,50,16,2,14,49,33,3,30,16,2,14,109,95,27,68,14,3,11,148,146,35,111,2,1,1,26,19,7,12,7,3,4
S01008550,427,375,92,283,52,9,43,8,6,1,5,2,0,2,17,14,0,14,3,0,3,20,14,1,13,6,1,5,69,58,31,27,11,2,9,36,27,2,25,9,1,8,115,104,13,91,11,0,11,144,136,37,99,8,4,4,18,16,7,9,2,1,1
S01008551,538,454,119,335,84,19,65,5,4,2,2,1,0,1,22,20,4,16,2,1,1,40,22,0,22,18,4,14,99,74,41,33,25,3,22,48,32,6,26,16,3,13,121,106,19,87,15,5,10,184,180,41,139,4,2,2,19,16,6,10,3,1,2
S01008552,437,378,113,265,59,17,42,4,3,0,3,1,0,1,18,18,1,17,0,0,0,43,25,2,23,18,5,13,86,76,40,36,10,4,6,40,27,4,23,13,1,12,80,71,15,56,9,3,6,146,139,44,95,7,4,3,20,19,7,12,1,0,1
S01008553,252,217,61,156,35,12,23,3,3,1,2,0,0,0,12,10,1,9,2,1,1,21,13,0,13,8,0,8,51,42,13,29,9,3,6,20,13,0,13,7,3,4,49,46,15,31,3,0,3,88,84,29,55,4,4,0,8,6,2,4,2,1,1
S01008554,380,342,103,239,38,12,26,8,7,2,5,1,0,1,13,11,0,11,2,0,2,43,30,3,27,13,5,8,98,93,40,53,5,2,3,26,20,3,17,6,2,4,51,47,11,36,4,1,3,114,112,34,78,2,0,2,27,22,10,12,5,2,3
S01008555,397,366,123,243,31,11,20,7,6,1,5,1,0,1,11,10,0,10,1,0,1,29,17,1,16,12,4,8,102,101,49,52,1,1,0,24,17,4,13,7,1,6,61,55,17,38,6,4,2,137,135,43,92,2,1,1,26,25,8,17,1,0,1
S01008556,283,256,78,178,27,9,18,3,3,0,3,0,0,0,7,7,0,7,0,0,0,27,19,1,18,8,3,5,81,77,36,41,4,1,3,19,15,2,13,4,2,2,47,45,12,33,2,0,2,83,77,24,53,6,2,4,16,13,3,10,3,1,2
S01008557,308,281,92,189,27,9,18,4,4,1,3,0,0,0,6,6,4,2,0,0,0,29,23,2,21,6,0,6,83,79,35,44,4,1,3,25,18,4,14,7,3,4,40,37,9,28,3,3,0,103,99,31,68,4,1,3,18,15,6,9,3,1,2
S01008558,363,325,99,226,38,13,25,3,3,0,3,0,0,0,11,11,3,8,0,0,0,34,28,2,26,6,1,5,78,75,33,42,3,1,2,32,21,2,19,11,3,8,56,49,11,38,7,5,2,129,122,41,81,7,2,5,20,16,7,9,4,1,3
S01008559,289,262,78,184,27,9,18,6,6,1,5,0,0,0,7,6,0,6,1,0,1,30,27,0,27,3,1,2,70,63,29,34,7,1,6,31,23,3,20,8,0,8,28,24,12,12,4,4,0,102,99,30,69,3,2,1,15,14,3,11,1,1,0
S01008560,300,275,93,182,25,5,20,3,3,1,2,0,0,0,12,10,0,10,2,0,2,20,15,0,15,5,1,4,65,62,35,27,3,1,2,25,20,3,17,5,1,4,46,43,9,34,3,0,3,112,108,39,69,4,1,3,17,14,6,8,3,1,2
S01008561,291,269,80,189,22,7,15,10,10,1,9,0,0,0,13,12,0,12,1,0,1,27,20,1,19,7,1,6,70,68,32,36,2,1,1,24,18,0,18,6,3,3,42,40,12,28,2,0,2,98,95,33,62,3,2,1,7,6,1,5,1,0,1
S01008562,208,188,68,120,20,5,15,5,5,2,3,0,0,0,7,6,2,4,1,0,1,13,10,0,10,3,0,3,42,39,19,20,3,1,2,14,11,3,8,3,1,2,48,41,16,25,7,2,5,71,69,23,46,2,1,1,8,7,3,4,1,0,1
S01008563,360,328,84,244,32,8,24,12,11,0,11,1,1,0,12,11,0,11,1,1,0,30,25,1,24,5,1,4,70,63,25,38,7,2,5,35,28,3,25,7,0,7,65,63,13,50,2,0,2,118,114,38,76,4,1,3,18,13,4,9,5,2,3
S01008564,269,244,39,205,25,7,18,8,7,0,7,1,0,1,11,10,0,10,1,0,1,22,16,0,16,6,1,5,47,45,10,35,2,1,1,26,21,0,21,5,2,3,48,45,5,40,3,2,1,85,84,21,63,1,0,1,22,16,3,13,6,1,5
S01008565,363,328,112,216,35,10,25,6,6,0,6,0,0,0,6,5,1,4,1,1,0,28,21,1,20,7,1,6,73,65,39,26,8,0,8,30,22,3,19,8,3,5,56,52,18,34,4,2,2,135,134,41,93,1,1,0,29,23,9,14,6,2,4
S01008566,450,395,114,281,55,19,36,8,6,0,6,2,0,2,19,17,1,16,2,0,2,46,33,1,32,13,3,10,105,93,39,54,12,3,9,35,27,3,24,8,3,5,67,60,19,41,7,2,5,142,136,44,92,6,4,2,28,23,7,16,5,4,1
S01008567,322,287,73,214,35,14,21,7,6,0,6,1,1,0,13,13,3,10,0,0,0,29,21,1,20,8,2,6,67,64,24,40,3,0,3,35,24,1,23,11,4,7,55,50,13,37,5,2,3,102,101,26,75,1,1,0,14,8,5,3,6,4,2
S01008568,415,371,115,256,44,11,33,9,9,0,9,0,0,0,7,4,0,4,3,0,3,34,19,4,15,15,2,13,88,81,43,38,7,2,5,32,27,10,17,5,1,4,80,75,16,59,5,2,3,148,142,37,105,6,2,4,17,14,5,9,3,2,1
S01008569,237,209,70,139,28,15,13,0,0,0,0,0,0,0,3,3,0,3,0,0,0,23,19,3,16,4,4,0,58,54,26,28,4,0,4,19,11,1,10,8,2,6,31,26,9,17,5,3,2,86,85,26,59,1,0,1,17,11,5,6,6,6,0
S01008570,356,311,107,204,45,17,28,3,3,0,3,0,0,0,12,12,2,10,0,0,0,27,14,0,14,13,1,12,99,91,38,53,8,3,5,21,15,0,15,6,2,4,51,42,20,22,9,5,4,118,114,37,77,4,3,1,25,20,10,10,5,3,2
S01008571,284,250,95,155,34,9,25,2,2,0,2,0,0,0,15,14,2,12,1,1,0,19,10,1,9,9,2,7,60,55,26,29,5,2,3,28,20,2,18,8,1,7,53,47,16,31,6,2,4,87,84,39,45,3,0,3,20,18,9,9,2,1,1
S01008572,364,316,93,223,48,13,35,10,9,1,8,1,1,0,11,10,0,10,1,0,1,39,22,2,20,17,6,11,87,80,45,35,7,0,7,19,15,1,14,4,0,4,61,52,13,39,9,3,6,117,114,31,83,3,1,2,20,14,0,14,6,2,4
S01008573,435,355,99,256,80,18,62,8,7,1,6,1,1,0,13,12,3,9,1,0,1,22,12,0,12,10,2,8,86,64,32,32,22,2,20,33,24,5,19,9,1,8,104,93,18,75,11,4,7,142,130,36,94,12,6,6,27,13,4,9,14,2,12
S01008574,430,386,106,280,44,9,35,6,6,1,5,0,0,0,23,21,2,19,2,0,2,32,16,1,15,16,5,11,74,66,30,36,8,1,7,35,27,3,24,8,1,7,83,77,17,60,6,1,5,151,148,38,110,3,0,3,26,25,14,11,1,1,0
S01008575,392,322,78,244,70,17,53,0,0,0,0,0,0,0,20,18,1,17,2,0,2,29,21,3,18,8,0,8,67,45,26,19,22,7,15,17,11,1,10,6,0,6,116,98,15,83,18,4,14,126,117,29,88,9,4,5,17,12,3,9,5,2,3
S01008576,446,383,123,260,63,18,45,6,5,0,5,1,0,1,13,12,0,12,1,0,1,38,23,2,21,15,2,13,69,56,38,18,13,3,10,25,17,1,16,8,5,3,116,105,24,81,11,3,8,157,152,54,98,5,1,4,22,13,4,9,9,4,5
S01008577,374,296,91,205,78,20,58,4,4,0,4,0,0,0,14,10,0,10,4,2,2,21,9,0,9,12,0,12,53,41,23,18,12,3,9,28,16,0,16,12,2,10,95,75,14,61,20,4,16,131,123,48,75,8,5,3,28,18,6,12,10,4,6
S01008578,354,284,75,209,70,23,47,4,3,1,2,1,0,1,13,11,2,9,2,0,2,12,9,2,7,3,0,3,44,32,18,14,12,2,10,18,14,2,12,4,1,3,86,66,7,59,20,6,14,160,144,42,102,16,10,6,17,5,1,4,12,4,8
S01008579,291,232,69,163,59,24,35,8,7,1,6,1,1,0,10,8,0,8,2,1,1,16,8,0,8,8,1,7,24,17,9,8,7,4,3,22,13,3,10,9,3,6,58,40,9,31,18,8,10,135,126,42,84,9,5,4,18,13,5,8,5,1,4
S01008580,279,250,63,187,29,15,14,1,1,0,1,0,0,0,7,7,0,7,0,0,0,19,14,0,14,5,2,3,52,49,30,19,3,2,1,18,13,0,13,5,3,2,75,69,11,58,6,1,5,89,81,17,64,8,6,2,18,16,5,11,2,1,1
S01008581,389,358,96,262,31,13,18,7,7,0,7,0,0,0,10,9,0,9,1,0,1,29,22,2,20,7,2,5,94,89,39,50,5,0,5,28,21,5,16,7,4,3,68,62,16,46,6,3,3,134,130,29,101,4,3,1,19,18,5,13,1,1,0
S01008582,457,410,126,284,47,9,38,16,16,4,12,0,0,0,11,10,0,10,1,0,1,38,27,2,25,11,1,10,87,81,42,39,6,1,5,32,25,4,21,7,0,7,82,72,13,59,10,4,6,163,158,56,102,5,2,3,28,21,5,16,7,1,6
S01008583,307,278,68,210,29,8,21,6,5,0,5,1,0,1,11,11,1,10,0,0,0,26,19,1,18,7,1,6,59,55,24,31,4,0,4,23,18,0,18,5,0,5,43,37,6,31,6,2,4,127,123,33,90,4,3,1,12,10,3,7,2,2,0
S01008584,358,320,86,234,38,12,26,9,8,2,6,1,0,1,11,11,0,11,0,0,0,25,19,2,17,6,3,3,77,68,28,40,9,2,7,17,14,0,14,3,0,3,73,66,7,59,7,1,6,126,116,39,77,10,6,4,20,18,8,10,2,0,2
S01008585,264,243,67,176,21,8,13,1,1,0,1,0,0,0,5,5,1,4,0,0,0,21,16,0,16,5,0,5,41,39,20,19,2,1,1,15,13,1,12,2,1,1,55,51,10,41,4,1,3,101,97,28,69,4,4,0,25,21,7,14,4,1,3
S01008586,328,299,97,202,29,11,18,3,3,0,3,0,0,0,5,5,0,5,0,0,0,34,26,2,24,8,0,8,64,62,35,27,2,0,2,27,24,3,21,3,0,3,54,45,13,32,9,6,3,121,116,39,77,5,4,1,20,18,5,13,2,1,1
S01008587,369,316,102,214,53,20,33,1,1,1,0,0,0,0,15,13,2,11,2,0,2,12,5,0,5,7,1,6,62,53,27,26,9,4,5,22,20,6,14,2,1,1,94,75,14,61,19,7,12,146,136,45,91,10,6,4,17,13,7,6,4,1,3
S01008588,344,296,91,205,48,17,31,2,2,0,2,0,0,0,20,15,0,15,5,2,3,10,4,0,4,6,2,4,31,27,18,9,4,1,3,20,15,5,10,5,2,3,94,81,15,66,13,4,9,144,134,47,87,10,6,4,23,18,6,12,5,0,5
S01008589,171,151,48,103,20,6,14,1,1,0,1,0,0,0,3,2,0,2,1,0,1,5,5,1,4,0,0,0,14,12,7,5,2,0,2,18,12,3,9,6,2,4,39,30,5,25,9,3,6,81,80,28,52,1,1,0,10,9,4,5,1,0,1
S01008590,308,280,66,214,28,10,18,2,2,1,1,0,0,0,7,7,1,6,0,0,0,6,5,1,4,1,0,1,30,26,12,14,4,0,4,17,12,2,10,5,2,3,74,68,9,59,6,2,4,161,153,38,115,8,4,4,11,7,2,5,4,2,2
S01008591,392,336,104,232,56,22,34,5,4,0,4,1,0,1,9,7,2,5,2,1,1,8,4,1,3,4,0,4,64,58,29,29,6,1,5,23,17,3,14,6,2,4,112,88,21,67,24,8,16,147,145,42,103,2,2,0,24,13,6,7,11,8,3
S01008592,317,282,98,184,35,11,24,2,1,0,1,1,0,1,13,12,2,10,1,0,1,19,11,1,10,8,1,7,49,45,32,13,4,1,3,20,15,3,12,5,1,4,72,64,16,48,8,3,5,123,119,37,82,4,1,3,19,15,7,8,4,4,0
S01008593,361,280,68,212,81,33,48,8,8,2,6,0,0,0,5,5,1,4,0,0,0,10,6,0,6,4,1,3,51,32,12,20,19,4,15,19,14,0,14,5,1,4,105,79,15,64,26,8,18,147,126,36,90,21,15,6,16,10,2,8,6,4,2
S01008594,490,399,90,309,91,32,59,6,6,0,6,0,0,0,12,12,1,11,0,0,0,14,7,0,7,7,2,5,66,44,20,24,22,9,13,39,23,3,20,16,4,12,141,115,15,100,26,6,20,180,167,40,127,13,8,5,32,25,11,14,7,3,4
S01008595,336,313,85,228,23,10,13,2,2,0,2,0,0,0,7,7,1,6,0,0,0,23,19,2,17,4,1,3,68,62,37,25,6,1,5,21,19,6,13,2,0,2,69,65,11,54,4,2,2,130,124,25,99,6,5,1,16,15,3,12,1,1,0
S01008596,345,317,82,235,28,11,17,2,2,0,2,0,0,0,10,9,1,8,1,0,1,19,12,0,12,7,1,6,80,77,40,37,3,2,1,13,11,1,10,2,1,1,82,74,10,64,8,3,5,127,121,27,94,6,4,2,12,11,3,8,1,0,1
S01008597,427,353,100,253,74,26,48,5,5,0,5,0,0,0,22,19,3,16,3,0,3,22,11,0,11,11,3,8,64,50,25,25,14,4,10,31,22,1,21,9,3,6,86,71,12,59,15,2,13,167,151,45,106,16,11,5,30,24,14,10,6,3,3
S01008598,343,304,111,193,39,7,32,6,6,2,4,0,0,0,11,8,2,6,3,0,3,14,12,5,7,2,0,2,81,71,42,29,10,1,9,13,11,2,9,2,1,1,77,71,13,58,6,1,5,116,105,34,71,11,4,7,25,20,11,9,5,0,5
S01008599,453,380,106,274,73,15,58,5,5,1,4,0,0,0,14,12,1,11,2,0,2,10,9,1,8,1,1,0,88,71,45,26,17,0,17,22,14,3,11,8,3,5,114,91,13,78,23,5,18,165,151,34,117,14,5,9,35,27,8,19,8,1,7
S01008600,332,240,64,176,92,34,58,5,5,1,4,0,0,0,8,8,0,8,0,0,0,5,3,2,1,2,1,1,66,38,18,20,28,8,20,15,10,0,10,5,3,2,91,58,9,49,33,7,26,122,106,30,76,16,10,6,20,12,4,8,8,5,3
S01008601,500,455,266,189,45,29,16,3,3,1,2,0,0,0,9,7,3,4,2,1,1,8,8,3,5,0,0,0,195,188,153,35,7,4,3,27,22,4,18,5,3,2,77,71,32,39,6,4,2,140,124,43,81,16,13,3,41,32,27,5,9,4,5
S01008602,295,252,84,168,43,13,30,2,2,1,1,0,0,0,9,8,0,8,1,0,1,6,1,0,1,5,2,3,72,64,45,19,8,2,6,18,13,5,8,5,0,5,63,53,8,45,10,3,7,102,94,18,76,8,3,5,23,17,7,10,6,3,3
S01008603,524,471,146,325,53,22,31,5,4,1,3,1,0,1,10,7,0,7,3,1,2,10,8,0,8,2,0,2,122,119,64,55,3,1,2,34,29,8,21,5,1,4,127,105,18,87,22,13,9,180,169,41,128,11,4,7,36,30,14,16,6,2,4
S01008604,430,351,105,246,79,21,58,4,4,0,4,0,0,0,8,6,0,6,2,0,2,9,5,2,3,4,1,3,92,71,43,28,21,4,17,22,19,1,18,3,0,3,120,93,18,75,27,4,23,147,134,39,95,13,7,6,28,19,2,17,9,5,4
S01008605,372,314,67,247,58,23,35,4,4,0,4,0,0,0,7,5,0,5,2,1,1,6,3,0,3,3,0,3,65,63,25,38,2,0,2,23,17,2,15,6,1,5,88,69,10,59,19,7,12,154,136,26,110,18,11,7,25,17,4,13,8,3,5
S01008606,380,302,99,203,78,33,45,2,2,0,2,0,0,0,7,6,1,5,1,0,1,9,6,2,4,3,0,3,54,42,21,21,12,3,9,20,16,4,12,4,2,2,99,72,11,61,27,9,18,163,141,50,91,22,13,9,26,17,10,7,9,6,3
S01008607,263,191,55,136,72,31,41,1,1,0,1,0,0,0,8,6,2,4,2,1,1,2,1,0,1,1,0,1,21,15,11,4,6,2,4,9,7,0,7,2,0,2,91,60,10,50,31,12,19,108,89,27,62,19,10,9,23,12,5,7,11,6,5
S01008608,315,250,67,183,65,27,38,5,5,0,5,0,0,0,7,6,0,6,1,0,1,10,7,0,7,3,1,2,37,31,15,16,6,3,3,23,15,2,13,8,5,3,87,59,14,45,28,7,21,133,119,34,85,14,9,5,13,8,2,6,5,2,3
S01008609,385,297,75,222,88,21,67,3,3,0,3,0,0,0,15,13,1,12,2,1,1,17,8,3,5,9,1,8,29,23,11,12,6,1,5,26,18,3,15,8,1,7,97,64,10,54,33,5,28,169,148,41,107,21,10,11,29,20,6,14,9,2,7
S01008610,338,277,80,197,61,20,41,7,6,0,6,1,0,1,18,17,0,17,1,0,1,10,7,2,5,3,0,3,53,46,31,15,7,1,6,28,21,4,17,7,2,5,95,67,9,58,28,11,17,110,102,28,74,8,5,3,17,11,6,5,6,1,5
S01008611,581,508,179,329,73,39,34,13,12,4,8,1,0,1,19,16,3,13,3,2,1,6,5,0,5,1,0,1,137,130,89,41,7,2,5,41,28,5,23,13,5,8,104,88,12,76,16,7,9,230,206,48,158,24,19,5,31,23,18,5,8,4,4
S01008612,378,338,112,226,40,15,25,4,3,1,2,1,0,1,5,5,0,5,0,0,0,9,7,1,6,2,0,2,75,72,45,27,3,0,3,26,21,1,20,5,2,3,88,74,13,61,14,6,8,137,131,40,91,6,5,1,34,25,11,14,9,2,7
S01008613,361,305,114,191,56,15,41,7,7,0,7,0,0,0,7,7,0,7,0,0,0,10,10,2,8,0,0,0,70,66,47,19,4,1,3,17,10,1,9,7,2,5,94,63,15,48,31,6,25,137,129,42,87,8,4,4,19,13,7,6,6,2,4
S01008614,293,262,100,162,31,18,13,3,2,0,2,1,0,1,6,5,1,4,1,1,0,3,1,0,1,2,1,1,69,66,45,21,3,1,2,16,14,3,11,2,2,0,66,60,11,49,6,2,4,105,95,29,66,10,7,3,25,19,11,8,6,4,2
S01008615,368,317,118,199,51,21,30,5,4,0,4,1,0,1,5,4,0,4,1,0,1,8,5,1,4,3,1,2,81,75,56,19,6,2,4,20,14,4,10,6,1,5,83,66,13,53,17,7,10,134,122,32,90,12,8,4,32,27,12,15,5,2,3
S01008616,319,278,125,153,41,17,24,7,7,0,7,0,0,0,6,6,2,4,0,0,0,4,1,0,1,3,1,2,85,75,60,15,10,2,8,23,18,4,14,5,1,4,60,52,14,38,8,4,4,113,104,36,68,9,6,3,21,15,9,6,6,3,3
S01008617,306,254,118,136,52,27,25,3,2,0,2,1,0,1,5,5,0,5,0,0,0,5,5,0,5,0,0,0,77,70,58,12,7,2,5,18,13,3,10,5,4,1,72,57,11,46,15,9,6,98,87,33,54,11,5,6,28,15,13,2,13,7,6
S01008618,295,268,115,153,27,9,18,6,5,1,4,1,0,1,5,5,1,4,0,0,0,1,0,0,0,1,0,1,84,81,67,14,3,1,2,17,15,1,14,2,2,0,55,48,10,38,7,1,6,106,96,24,72,10,5,5,21,18,11,7,3,0,3
S01008619,258,225,82,143,33,15,18,4,4,1,3,0,0,0,5,5,0,5,0,0,0,3,3,1,2,0,0,0,69,65,39,26,4,1,3,10,9,3,6,1,0,1,48,35,5,30,13,7,6,97,86,26,60,11,4,7,22,18,7,11,4,3,1
S01008620,360,313,111,202,47,19,28,2,2,0,2,0,0,0,7,5,0,5,2,0,2,5,2,0,2,3,1,2,87,85,54,31,2,0,2,23,17,5,12,6,2,4,76,61,9,52,15,4,11,131,119,31,88,12,8,4,29,22,12,10,7,4,3
S01008621,327,272,126,146,55,22,33,4,3,0,3,1,0,1,6,3,0,3,3,1,2,5,4,0,4,1,0,1,98,91,70,21,7,5,2,21,12,5,7,9,3,6,63,46,15,31,17,5,12,95,87,24,63,8,5,3,35,26,12,14,9,3,6
S01008622,252,218,68,150,34,16,18,4,4,0,4,0,0,0,11,8,0,8,3,1,2,2,1,0,1,1,0,1,36,35,25,10,1,1,0,20,18,4,14,2,1,1,61,47,8,39,14,4,10,104,97,28,69,7,6,1,14,8,3,5,6,3,3
S01008623,382,307,125,182,75,22,53,2,2,0,2,0,0,0,5,4,0,4,1,0,1,4,3,0,3,1,0,1,78,66,48,18,12,1,11,24,18,4,14,6,0,6,107,78,16,62,29,11,18,137,120,47,73,17,9,8,25,16,10,6,9,1,8
S01008624,266,204,52,152,62,31,31,3,2,0,2,1,0,1,5,5,0,5,0,0,0,9,6,2,4,3,0,3,32,21,12,9,11,7,4,19,15,2,13,4,1,3,80,56,9,47,24,14,10,102,86,22,64,16,8,8,16,13,5,8,3,1,2
S01008625,262,206,61,145,56,15,41,2,2,0,2,0,0,0,8,7,1,6,1,0,1,5,3,0,3,2,0,2,28,20,9,11,8,2,6,13,9,1,8,4,0,4,90,65,11,54,25,5,20,100,90,37,53,10,4,6,16,10,2,8,6,4,2
S01008626,482,408,98,310,74,21,53,10,8,0,8,2,2,0,16,15,2,13,1,0,1,14,11,2,9,3,1,2,64,54,24,30,10,2,8,19,17,3,14,2,1,1,152,120,16,104,32,5,27,179,164,45,119,15,8,7,28,19,6,13,9,2,7
S01008627,334,256,78,178,78,17,61,3,2,1,1,1,0,1,12,12,1,11,0,0,0,11,5,2,3,6,1,5,42,35,19,16,7,2,5,14,9,1,8,5,1,4,106,71,16,55,35,4,31,127,108,36,72,19,9,10,19,14,2,12,5,0,5
S01008628,332,282,72,210,50,12,38,1,1,0,1,0,0,0,10,10,2,8,0,0,0,13,10,1,9,3,0,3,41,34,18,16,7,2,5,26,18,0,18,8,2,6,99,81,12,69,18,2,16,123,112,36,76,11,5,6,19,16,3,13,3,1,2
S01008629,294,258,75,183,36,13,23,4,4,0,4,0,0,0,12,10,1,9,2,0,2,6,5,1,4,1,0,1,37,37,24,13,0,0,0,11,8,1,7,3,1,2,83,73,10,63,10,1,9,123,113,36,77,10,7,3,18,8,2,6,10,4,6
S01008630,291,257,71,186,34,9,25,2,1,0,1,1,0,1,11,8,1,7,3,2,1,10,4,0,4,6,1,5,50,46,35,11,4,1,3,15,14,0,14,1,0,1,78,69,4,65,9,2,7,102,97,24,73,5,1,4,23,18,7,11,5,2,3
S01008631,512,447,97,350,65,19,46,7,7,1,6,0,0,0,9,7,1,6,2,0,2,14,8,0,8,6,2,4,80,76,40,36,4,1,3,30,23,7,16,7,1,6,132,109,9,100,23,4,19,199,184,33,151,15,9,6,41,33,6,27,8,2,6
S01008632,459,401,88,313,58,17,41,3,3,0,3,0,0,0,8,8,0,8,0,0,0,9,8,0,8,1,0,1,66,60,28,32,6,2,4,37,28,4,24,9,1,8,130,111,13,98,19,5,14,176,164,40,124,12,5,7,30,19,3,16,11,4,7
S01008633,366,290,87,203,76,19,57,6,6,0,6,0,0,0,16,13,3,10,3,1,2,10,6,1,5,4,0,4,35,21,12,9,14,2,12,21,17,4,13,4,0,4,119,89,17,72,30,7,23,139,123,43,80,16,7,9,20,15,7,8,5,2,3
S01008634,353,282,93,189,71,21,50,4,3,0,3,1,0,1,6,5,2,3,1,0,1,7,2,0,2,5,0,5,64,51,29,22,13,3,10,18,13,2,11,5,0,5,110,80,13,67,30,8,22,120,110,40,70,10,6,4,24,18,7,11,6,4,2
S01008635,451,365,90,275,86,29,57,7,5,1,4,2,2,0,17,13,2,11,4,1,3,13,8,1,7,5,1,4,72,61,30,31,11,1,10,33,29,2,27,4,1,3,132,99,11,88,33,12,21,146,130,35,95,16,6,10,31,20,8,12,11,5,6
S01008636,428,353,106,247,75,24,51,4,4,1,3,0,0,0,9,8,0,8,1,0,1,7,5,0,5,2,0,2,70,63,41,22,7,1,6,24,18,4,14,6,2,4,123,96,15,81,27,6,21,157,132,35,97,25,12,13,34,27,10,17,7,3,4
S01008637,341,284,54,230,57,16,41,4,4,0,4,0,0,0,14,12,0,12,2,0,2,6,5,1,4,1,0,1,36,32,18,14,4,0,4,25,14,3,11,11,4,7,111,89,12,77,22,7,15,121,111,19,92,10,4,6,24,17,1,16,7,1,6
S01008638,363,315,93,222,48,15,33,3,3,1,2,0,0,0,7,5,1,4,2,0,2,10,7,2,5,3,0,3,101,87,46,41,14,1,13,31,25,7,18,6,1,5,96,84,10,74,12,4,8,97,89,21,68,8,7,1,18,15,5,10,3,2,1
S01008639,556,483,123,360,73,20,53,3,2,1,1,1,1,0,23,19,1,18,4,1,3,11,8,0,8,3,1,2,92,77,38,39,15,1,14,30,21,3,18,9,4,5,143,123,15,108,20,6,14,211,200,52,148,11,5,6,43,33,13,20,10,1,9
S01008640,457,400,91,309,57,23,34,3,3,0,3,0,0,0,11,11,1,10,0,0,0,11,7,1,6,4,0,4,87,82,45,37,5,1,4,28,21,1,20,7,2,5,127,108,11,97,19,5,14,158,147,25,122,11,8,3,32,21,7,14,11,7,4
S01008641,447,406,125,281,41,13,28,11,9,2,7,2,0,2,6,6,0,6,0,0,0,2,2,0,2,0,0,0,111,106,69,37,5,0,5,27,20,6,14,7,3,4,116,103,11,92,13,2,11,143,135,25,110,8,4,4,31,25,12,13,6,4,2
S01008642,555,491,131,360,64,21,43,13,12,0,12,1,0,1,19,13,1,12,6,0,6,5,4,1,3,1,0,1,98,92,62,30,6,2,4,34,24,6,18,10,2,8,171,147,18,129,24,7,17,187,179,34,145,8,8,0,28,20,9,11,8,2,6
S01008643,438,374,80,294,64,23,41,3,2,0,2,1,0,1,13,10,1,9,3,1,2,7,6,1,5,1,1,0,73,65,31,34,8,2,6,27,19,2,17,8,1,7,132,106,14,92,26,8,18,148,138,25,113,10,6,4,35,28,6,22,7,4,3
S01008644,415,377,82,295,38,16,22,6,6,0,6,0,0,0,18,15,0,15,3,0,3,10,7,0,7,3,1,2,79,71,40,31,8,3,5,27,24,3,21,3,1,2,105,100,7,93,5,2,3,152,140,28,112,12,8,4,18,14,4,10,4,1,3
S01008645,460,426,126,300,34,10,24,2,1,0,1,1,0,1,13,9,0,9,4,1,3,12,9,2,7,3,2,1,116,112,63,49,4,0,4,31,28,8,20,3,0,3,120,113,15,98,7,2,5,145,142,36,106,3,2,1,21,12,2,10,9,3,6
S01008646,525,481,131,350,44,14,30,8,8,2,6,0,0,0,11,10,0,10,1,0,1,12,10,0,10,2,0,2,120,112,64,48,8,2,6,42,36,6,30,6,1,5,160,147,12,135,13,3,10,135,128,33,95,7,5,2,37,30,14,16,7,3,4
S01008647,422,391,76,315,31,7,24,8,8,1,7,0,0,0,17,17,0,17,0,0,0,10,7,1,6,3,1,2,61,57,27,30,4,0,4,29,23,3,20,6,0,6,149,140,15,125,9,2,7,126,121,20,101,5,2,3,22,18,9,9,4,2,2
S01008648,395,376,81,295,19,5,14,3,2,0,2,1,0,1,11,11,1,10,0,0,0,8,5,1,4,3,1,2,97,96,43,53,1,0,1,47,43,4,39,4,1,3,113,107,7,100,6,2,4,94,92,20,72,2,1,1,22,20,5,15,2,0,2
S01008649,581,550,74,476,31,10,21,4,4,1,3,0,0,0,17,17,0,17,0,0,0,10,5,0,5,5,2,3,105,104,37,67,1,0,1,46,39,2,37,7,1,6,178,171,10,161,7,1,6,188,186,24,162,2,1,1,33,24,0,24,9,5,4
S01008650,514,482,102,380,32,11,21,7,7,0,7,0,0,0,20,17,0,17,3,1,2,13,11,0,11,2,0,2,116,113,51,62,3,1,2,31,23,4,19,8,2,6,118,111,7,104,7,2,5,182,177,35,142,5,2,3,27,23,5,18,4,3,1
S01008651,508,457,146,311,51,19,32,8,7,1,6,1,0,1,16,15,1,14,1,0,1,13,11,1,10,2,0,2,131,121,81,40,10,4,6,35,28,5,23,7,1,6,140,120,17,103,20,6,14,145,136,33,103,9,8,1,20,19,7,12,1,0,1
S01008652,380,349,84,265,31,13,18,1,0,0,0,1,0,1,5,5,0,5,0,0,0,9,9,1,8,0,0,0,92,86,35,51,6,2,4,29,22,4,18,7,3,4,109,104,11,93,5,4,1,100,93,25,68,7,2,5,35,30,8,22,5,2,3
S01008653,386,364,85,279,22,10,12,5,5,0,5,0,0,0,8,8,0,8,0,0,0,18,13,1,12,5,0,5,95,94,39,55,1,0,1,30,24,5,19,6,4,2,111,107,9,98,4,1,3,93,92,21,71,1,1,0,26,21,10,11,5,4,1
S01008654,590,546,136,410,44,21,23,14,14,4,10,0,0,0,14,12,0,12,2,2,0,22,17,1,16,5,0,5,147,142,73,69,5,1,4,52,48,7,41,4,3,1,155,141,13,128,14,6,8,146,138,24,114,8,5,3,40,34,14,20,6,4,2
S01008655,514,478,96,382,36,10,26,6,4,0,4,2,0,2,11,11,0,11,0,0,0,11,8,0,8,3,0,3,104,98,49,49,6,2,4,54,47,10,37,7,3,4,181,171,5,166,10,3,7,129,124,26,98,5,2,3,18,15,6,9,3,0,3
S01008656,382,347,82,265,35,11,24,1,1,0,1,0,0,0,12,9,0,9,3,0,3,16,12,0,12,4,1,3,99,93,46,47,6,0,6,28,23,2,21,5,1,4,103,93,6,87,10,5,5,98,94,19,75,4,1,3,25,22,9,13,3,3,0
S01008657,414,375,113,262,39,15,24,9,8,0,8,1,1,0,12,10,0,10,2,1,1,14,12,1,11,2,0,2,100,94,52,42,6,1,5,34,28,6,22,6,1,5,94,85,13,72,9,3,6,114,104,31,73,10,7,3,37,34,10,24,3,1,2
S01008658,560,519,165,354,41,18,23,11,11,4,7,0,0,0,6,6,0,6,0,0,0,15,11,0,11,4,1,3,152,147,90,57,5,2,3,33,25,6,19,8,3,5,149,138,14,124,11,5,6,157,155,44,111,2,1,1,37,26,7,19,11,6,5
S01008659,458,421,155,266,37,9,28,9,7,1,6,2,0,2,14,12,1,11,2,0,2,15,13,0,13,2,0,2,156,150,89,61,6,0,6,26,21,5,16,5,0,5,95,83,14,69,12,5,7,119,116,36,80,3,1,2,24,19,9,10,5,3,2
S01008660,507,445,146,299,62,22,40,6,5,0,5,1,0,1,10,7,0,7,3,0,3,6,3,0,3,3,0,3,165,160,89,71,5,2,3,24,13,2,11,11,4,7,149,131,19,112,18,6,12,112,100,26,74,12,5,7,35,26,10,16,9,5,4
S01008661,460,414,147,267,46,17,29,7,7,0,7,0,0,0,10,9,0,9,1,0,1,12,8,1,7,4,0,4,142,132,78,54,10,6,4,35,25,6,19,10,3,7,98,88,14,74,10,4,6,123,117,41,76,6,2,4,33,28,7,21,5,2,3
S01008662,341,310,138,172,31,13,18,4,4,0,4,0,0,0,6,4,1,3,2,1,1,8,8,1,7,0,0,0,124,121,90,31,3,2,1,19,17,4,13,2,1,1,85,73,9,64,12,3,9,73,66,20,46,7,2,5,22,17,13,4,5,4,1
S01008663,420,362,109,253,58,18,40,6,6,0,6,0,0,0,6,5,1,4,1,0,1,9,8,0,8,1,0,1,119,110,64,46,9,3,6,34,27,2,25,7,2,5,115,95,21,74,20,6,14,100,93,14,79,7,5,2,31,18,7,11,13,2,11
S01008664,434,384,103,281,50,18,32,5,5,0,5,0,0,0,12,11,1,10,1,0,1,8,6,3,3,2,1,1,101,98,53,45,3,1,2,38,33,5,28,5,1,4,117,97,16,81,20,6,14,119,112,19,93,7,5,2,34,22,6,16,12,4,8
S01008665,615,545,167,378,70,24,46,0,0,0,0,0,0,0,18,15,3,12,3,0,3,15,12,1,11,3,0,3,192,176,94,82,16,3,13,44,35,8,27,9,4,5,131,114,11,103,17,6,11,176,161,35,126,15,10,5,39,32,15,17,7,1,6
S01008666,435,379,147,232,56,26,30,4,4,0,4,0,0,0,5,4,0,4,1,0,1,9,6,0,6,3,0,3,118,107,76,31,11,4,7,30,25,6,19,5,4,1,89,73,8,65,16,5,11,144,129,38,91,15,9,6,36,31,19,12,5,4,1
S01008667,359,314,118,196,45,15,30,8,7,5,2,1,0,1,0,0,0,0,0,0,0,10,6,1,5,4,1,3,78,75,54,21,3,0,3,40,33,3,30,7,5,2,66,51,6,45,15,6,9,127,114,34,80,13,2,11,30,28,15,13,2,1,1
S01008668,290,246,70,176,44,15,29,5,5,0,5,0,0,0,7,5,0,5,2,0,2,8,3,0,3,5,1,4,56,50,25,25,6,2,4,24,16,1,15,8,2,6,56,48,10,38,8,3,5,106,100,22,78,6,5,1,28,19,12,7,9,2,7
S01008669,177,168,91,77,9,3,6,0,0,0,0,0,0,0,1,1,0,1,0,0,0,4,4,0,4,0,0,0,74,73,50,23,1,0,1,10,7,1,6,3,2,1,30,26,7,19,4,1,3,40,39,22,17,1,0,1,18,18,11,7,0,0,0
S01008670,296,265,133,132,31,15,16,2,2,0,2,0,0,0,6,5,3,2,1,0,1,7,4,0,4,3,1,2,118,107,78,29,11,4,7,18,13,2,11,5,2,3,51,47,10,37,4,3,1,72,66,25,41,6,4,2,22,21,15,6,1,1,0
S01008671,287,260,120,140,27,15,12,3,3,1,2,0,0,0,7,7,0,7,0,0,0,5,4,1,3,1,0,1,80,78,57,21,2,0,2,20,16,4,12,4,3,1,53,49,11,38,4,2,2,99,86,35,51,13,9,4,20,17,11,6,3,1,2
S01008672,281,259,89,170,22,11,11,0,0,0,0,0,0,0,9,8,1,7,1,1,0,6,5,0,5,1,0,1,74,70,46,24,4,2,2,11,10,1,9,1,0,1,69,62,14,48,7,3,4,89,85,21,64,4,1,3,23,19,6,13,4,4,0
S01008673,421,349,122,227,72,23,49,4,1,0,1,3,0,3,4,2,1,1,2,1,1,11,8,0,8,3,2,1,81,75,54,21,6,4,2,37,26,2,24,11,0,11,103,82,10,72,21,4,17,135,122,34,88,13,7,6,46,33,21,12,13,5,8
S01008674,389,338,133,205,51,18,33,3,3,1,2,0,0,0,9,8,1,7,1,1,0,9,6,0,6,3,0,3,143,141,79,62,2,0,2,22,16,4,12,6,4,2,81,66,10,56,15,5,10,82,69,23,46,13,5,8,40,29,15,14,11,3,8
S01008675,377,321,67,254,56,17,39,5,5,0,5,0,0,0,12,11,0,11,1,0,1,5,3,0,3,2,1,1,95,85,31,54,10,3,7,29,20,4,16,9,2,7,96,85,8,77,11,4,7,107,94,20,74,13,4,9,28,18,4,14,10,3,7
S01008676,436,359,70,289,77,23,54,6,6,0,6,0,0,0,15,12,0,12,3,1,2,3,1,0,1,2,1,1,96,83,33,50,13,5,8,46,34,5,29,12,3,9,119,93,6,87,26,6,20,110,100,20,80,10,5,5,41,30,6,24,11,2,9
S01008677,438,376,99,277,62,24,38,5,5,0,5,0,0,0,15,12,0,12,3,1,2,9,6,0,6,3,2,1,158,146,53,93,12,1,11,39,28,4,24,11,5,6,79,70,12,58,9,4,5,93,83,22,61,10,4,6,40,26,8,18,14,7,7
S01008678,390,340,159,181,50,21,29,2,2,0,2,0,0,0,9,5,2,3,4,0,4,4,3,0,3,1,0,1,140,138,100,38,2,1,1,34,24,5,19,10,5,5,92,69,18,51,23,7,16,83,79,24,55,4,4,0,26,20,10,10,6,4,2
S01008679,401,348,147,201,53,20,33,4,4,1,3,0,0,0,4,4,0,4,0,0,0,17,11,0,11,6,1,5,124,115,76,39,9,4,5,33,26,3,23,7,0,7,80,68,19,49,12,5,7,98,93,33,60,5,4,1,41,27,15,12,14,6,8
S01008680,257,234,81,153,23,11,12,2,2,0,2,0,0,0,5,5,2,3,0,0,0,8,7,1,6,1,0,1,74,72,41,31,2,1,1,14,12,3,9,2,1,1,51,41,7,34,10,5,5,84,79,21,58,5,1,4,19,16,6,10,3,3,0
S01008681,331,300,93,207,31,15,16,5,5,0,5,0,0,0,11,9,1,8,2,0,2,8,6,1,5,2,1,1,82,78,43,35,4,2,2,18,13,1,12,5,2,3,70,64,15,49,6,2,4,109,100,22,78,9,6,3,28,25,10,15,3,2,1
S01008682,371,328,100,228,43,15,28,3,3,0,3,0,0,0,17,15,3,12,2,0,2,12,10,1,9,2,1,1,81,78,37,41,3,1,2,19,11,2,9,8,1,7,83,72,15,57,11,4,7,135,124,35,89,11,6,5,21,15,7,8,6,2,4
S01008683,408,359,139,220,49,26,23,2,2,0,2,0,0,0,4,4,0,4,0,0,0,14,11,0,11,3,2,1,122,116,62,54,6,1,5,22,20,2,18,2,2,0,83,66,20,46,17,10,7,129,116,43,73,13,9,4,32,24,12,12,8,2,6
S01008684,401,352,125,227,49,17,32,7,7,1,6,0,0,0,6,5,1,4,1,0,1,23,17,0,17,6,0,6,106,103,64,39,3,0,3,39,30,6,24,9,1,8,77,64,9,55,13,7,6,123,112,39,73,11,6,5,20,14,5,9,6,3,3
S01008685,439,389,141,248,50,15,35,2,2,1,1,0,0,0,9,9,1,8,0,0,0,13,7,0,7,6,1,5,117,108,67,41,9,2,7,36,29,3,26,7,1,6,82,73,20,53,9,2,7,152,143,41,102,9,5,4,28,18,8,10,10,4,6
S01008686,438,379,100,279,59,19,40,6,5,0,5,1,0,1,9,9,1,8,0,0,0,12,6,1,5,6,2,4,118,112,40,72,6,2,4,43,32,2,30,11,5,6,96,82,16,66,14,3,11,115,107,28,79,8,2,6,39,26,12,14,13,5,8
S01008687,447,411,77,334,36,12,24,3,3,0,3,0,0,0,11,11,1,10,0,0,0,13,9,0,9,4,1,3,101,94,31,63,7,4,3,42,33,3,30,9,1,8,111,99,7,92,12,4,8,139,136,26,110,3,1,2,27,26,9,17,1,1,0
S01008688,540,470,89,381,70,24,46,11,10,1,9,1,0,1,8,8,0,8,0,0,0,21,13,0,13,8,1,7,92,86,37,49,6,3,3,39,30,2,28,9,3,6,154,133,16,117,21,8,13,185,171,27,144,14,4,10,30,19,6,13,11,5,6
S01008689,564,511,104,407,53,16,37,6,6,0,6,0,0,0,14,14,1,13,0,0,0,15,10,1,9,5,0,5,153,150,45,105,3,2,1,30,24,3,21,6,2,4,125,104,11,93,21,7,14,178,172,40,132,6,2,4,43,31,3,28,12,3,9
S01008690,673,590,128,462,83,28,55,7,5,1,4,2,0,2,23,21,2,19,2,0,2,27,15,0,15,12,0,12,151,141,61,80,10,6,4,63,53,8,45,10,2,8,155,139,14,125,16,6,10,200,185,34,151,15,7,8,47,31,8,23,16,7,9
S01008691,737,658,116,542,79,33,46,14,13,0,13,1,0,1,20,18,0,18,2,0,2,31,20,2,18,11,4,7,158,153,44,109,5,2,3,58,45,4,41,13,4,9,184,162,22,140,22,11,11,220,209,33,176,11,6,5,52,38,11,27,14,6,8
S01008692,422,388,75,313,34,13,21,2,2,0,2,0,0,0,12,11,1,10,1,0,1,12,7,0,7,5,2,3,102,98,30,68,4,2,2,35,31,7,24,4,0,4,95,90,7,83,5,1,4,141,132,28,104,9,5,4,23,17,2,15,6,3,3
S01008693,239,199,67,132,40,9,31,4,2,0,2,2,1,1,14,11,1,10,3,0,3,14,9,0,9,5,1,4,53,49,23,26,4,0,4,34,19,1,18,15,3,12,33,30,12,18,3,1,2,77,72,24,48,5,2,3,10,7,6,1,3,1,2
S01008694,674,618,125,493,56,18,38,11,11,0,11,0,0,0,19,18,2,16,1,0,1,21,15,1,14,6,1,5,141,136,53,83,5,0,5,51,46,3,43,5,2,3,146,130,16,114,16,5,11,240,229,38,191,11,6,5,45,33,12,21,12,4,8
S01008695,406,372,95,277,34,10,24,1,1,0,1,0,0,0,6,5,1,4,1,0,1,10,5,0,5,5,1,4,67,66,27,39,1,0,1,24,21,2,19,3,2,1,95,81,15,66,14,5,9,175,170,41,129,5,1,4,28,23,9,14,5,1,4
S01008696,370,318,80,238,52,19,33,5,3,0,3,2,0,2,12,11,0,11,1,0,1,16,9,1,8,7,1,6,52,45,17,28,7,3,4,37,28,2,26,9,4,5,74,65,11,54,9,3,6,141,135,40,95,6,2,4,33,22,9,13,11,6,5
S01008697,535,460,125,335,75,21,54,9,9,1,8,0,0,0,25,19,2,17,6,3,3,22,14,3,11,8,0,8,100,88,42,46,12,1,11,32,18,1,17,14,4,10,132,121,19,102,11,3,8,182,169,51,118,13,7,6,33,22,6,16,11,3,8
S01008698,259,218,83,135,41,12,29,4,4,1,3,0,0,0,13,12,2,10,1,0,1,15,11,0,11,4,1,3,45,38,24,14,7,0,7,19,11,3,8,8,2,6,54,44,13,31,10,5,5,92,87,34,53,5,1,4,17,11,6,5,6,3,3
S01008699,396,360,97,263,36,11,25,5,4,0,4,1,0,1,15,15,1,14,0,0,0,22,18,1,17,4,1,3,69,64,31,33,5,2,3,32,25,4,21,7,0,7,97,89,22,67,8,3,5,131,125,35,90,6,3,3,25,20,3,17,5,2,3
S01008700,238,186,47,139,52,18,34,8,6,0,6,2,0,2,11,9,0,9,2,1,1,10,4,0,4,6,0,6,45,33,16,17,12,4,8,14,8,0,8,6,2,4,63,48,8,40,15,7,8,73,68,21,47,5,3,2,14,10,2,8,4,1,3
S01008701,157,147,52,95,10,4,6,5,5,2,3,0,0,0,0,0,0,0,0,0,0,9,6,0,6,3,1,2,49,49,23,26,0,0,0,9,6,0,6,3,1,2,33,30,10,20,3,1,2,43,43,12,31,0,0,0,9,8,5,3,1,1,0
S01008702,318,293,75,218,25,8,17,7,7,0,7,0,0,0,10,10,0,10,0,0,0,19,16,0,16,3,1,2,94,89,36,53,5,1,4,16,16,0,16,0,0,0,63,56,12,44,7,3,4,96,92,24,68,4,0,4,13,7,3,4,6,3,3
S01008703,359,322,111,211,37,17,20,8,6,0,6,2,1,1,9,9,2,7,0,0,0,25,19,2,17,6,1,5,83,74,35,39,9,3,6,25,19,4,15,6,2,4,79,73,31,42,6,4,2,110,106,32,74,4,4,0,20,16,5,11,4,2,2
S01008704,268,238,77,161,30,7,23,2,1,0,1,1,0,1,11,11,0,11,0,0,0,23,10,2,8,13,3,10,66,63,32,31,3,1,2,18,11,3,8,7,2,5,49,47,11,36,2,0,2,85,82,23,59,3,1,2,14,13,6,7,1,0,1
S01008705,198,178,57,121,20,7,13,1,1,0,1,0,0,0,3,3,0,3,0,0,0,13,10,0,10,3,1,2,57,52,26,26,5,1,4,15,12,3,9,3,0,3,38,32,11,21,6,3,3,64,61,14,47,3,2,1,7,7,3,4,0,0,0
S01008706,210,189,67,122,21,8,13,1,1,0,1,0,0,0,3,1,0,1,2,0,2,9,6,0,6,3,0,3,56,52,34,18,4,0,4,14,11,0,11,3,0,3,42,37,11,26,5,5,0,77,75,21,54,2,2,0,8,6,1,5,2,1,1
S01008707,270,243,101,142,27,7,20,3,2,1,1,1,0,1,11,10,1,9,1,0,1,18,14,0,14,4,1,3,77,68,37,31,9,1,8,16,15,5,10,1,0,1,45,39,16,23,6,2,4,94,90,40,50,4,2,2,6,5,1,4,1,1,0
S01008708,293,271,108,163,22,7,15,3,3,0,3,0,0,0,16,14,3,11,2,0,2,23,17,2,15,6,1,5,91,90,42,48,1,0,1,23,18,6,12,5,1,4,45,42,19,23,3,1,2,74,72,33,39,2,2,0,18,15,3,12,3,2,1
S01008709,284,261,93,168,23,10,13,5,5,0,5,0,0,0,12,12,2,10,0,0,0,26,19,2,17,7,2,5,83,79,32,47,4,2,2,23,17,4,13,6,1,5,43,40,17,23,3,3,0,75,74,28,46,1,1,0,17,15,8,7,2,1,1
S01008710,186,168,53,115,18,10,8,5,5,0,5,0,0,0,4,4,0,4,0,0,0,11,11,0,11,0,0,0,60,53,25,28,7,3,4,13,10,2,8,3,2,1,34,29,6,23,5,3,2,48,47,15,32,1,1,0,11,9,5,4,2,1,1
S01008711,277,259,88,171,18,6,12,6,6,0,6,0,0,0,10,9,0,9,1,0,1,22,18,0,18,4,1,3,83,78,34,44,5,2,3,21,16,2,14,5,1,4,48,46,18,28,2,1,1,73,72,30,42,1,1,0,14,14,4,10,0,0,0
S01008712,307,277,100,177,30,12,18,10,9,1,8,1,0,1,10,7,1,6,3,0,3,35,25,5,20,10,3,7,71,67,32,35,4,2,2,23,23,2,21,0,0,0,48,42,11,31,6,2,4,90,86,39,47,4,3,1,20,18,9,9,2,2,0
S01008713,248,222,72,150,26,9,17,1,1,0,1,0,0,0,8,8,0,8,0,0,0,26,18,2,16,8,2,6,67,64,33,31,3,3,0,29,23,1,22,6,1,5,36,32,9,23,4,2,2,67,66,22,44,1,0,1,14,10,5,5,4,1,3
S01008714,225,203,64,139,22,6,16,3,2,0,2,1,0,1,8,7,0,7,1,0,1,19,18,2,16,1,0,1,53,51,25,26,2,0,2,15,14,0,14,1,0,1,44,35,11,24,9,3,6,68,66,24,42,2,1,1,15,10,2,8,5,2,3
S01008715,313,286,96,190,27,9,18,9,9,1,8,0,0,0,12,12,2,10,0,0,0,30,23,2,21,7,1,6,85,79,41,38,6,1,5,33,29,4,25,4,1,3,40,39,10,29,1,0,1,83,76,31,45,7,4,3,21,19,5,14,2,2,0
S01008716,221,194,59,135,27,9,18,3,3,1,2,0,0,0,8,7,0,7,1,0,1,19,14,1,13,5,2,3,49,46,19,27,3,1,2,20,15,0,15,5,1,4,31,27,10,17,4,1,3,73,67,27,40,6,2,4,18,15,1,14,3,2,1
S01008717,228,204,56,148,24,3,21,1,1,0,1,0,0,0,6,6,0,6,0,0,0,15,12,1,11,3,0,3,61,57,30,27,4,0,4,30,21,2,19,9,1,8,42,38,7,31,4,0,4,62,61,13,48,1,1,0,11,8,3,5,3,1,2
S01008718,273,237,57,180,36,11,25,2,2,0,2,0,0,0,14,11,0,11,3,0,3,17,11,2,9,6,1,5,70,58,18,40,12,2,10,25,21,1,20,4,0,4,45,44,7,37,1,1,0,85,78,27,51,7,5,2,15,12,2,10,3,2,1
S01008719,507,419,128,291,88,15,73,8,8,0,8,0,0,0,19,19,1,18,0,0,0,45,31,4,27,14,0,14,132,110,58,52,22,2,20,55,30,1,29,25,4,21,78,70,14,56,8,3,5,136,130,44,86,6,2,4,34,21,6,15,13,4,9
S01008720,246,209,63,146,37,11,26,4,4,0,4,0,0,0,16,14,2,12,2,1,1,25,18,3,15,7,3,4,52,48,24,24,4,1,3,24,18,2,16,6,1,5,43,36,6,30,7,3,4,71,64,25,39,7,1,6,11,7,1,6,4,1,3
S01008721,494,426,113,313,68,18,50,7,6,1,5,1,0,1,16,15,0,15,1,0,1,35,22,2,20,13,2,11,93,83,40,43,10,2,8,46,32,5,27,14,1,13,138,127,26,101,11,4,7,119,111,30,81,8,5,3,40,30,9,21,10,4,6
S01008722,445,361,105,256,84,21,63,9,9,0,9,0,0,0,14,8,0,8,6,1,5,25,17,4,13,8,1,7,82,58,28,30,24,4,20,30,18,3,15,12,0,12,101,82,18,64,19,8,11,161,152,48,104,9,4,5,23,17,4,13,6,3,3
S01008723,373,321,94,227,52,10,42,4,3,0,3,1,0,1,21,20,2,18,1,0,1,24,17,1,16,7,0,7,78,65,30,35,13,3,10,31,24,1,23,7,1,6,89,74,18,56,15,3,12,108,104,34,70,4,1,3,18,14,8,6,4,2,2
S01008724,438,350,102,248,88,29,59,8,8,1,7,0,0,0,16,12,0,12,4,1,3,21,13,1,12,8,2,6,60,48,25,23,12,4,8,30,19,5,14,11,3,8,94,69,13,56,25,9,16,172,158,48,110,14,6,8,37,23,9,14,14,4,10
S01008725,390,318,82,236,72,22,50,9,7,1,6,2,0,2,13,9,2,7,4,0,4,23,15,2,13,8,1,7,58,42,20,22,16,5,11,32,23,3,20,9,2,7,76,64,13,51,12,5,7,147,134,36,98,13,5,8,32,24,5,19,8,4,4
S01008726,304,242,64,178,62,21,41,5,4,0,4,1,1,0,9,8,1,7,1,1,0,15,10,0,10,5,2,3,35,29,19,10,6,1,5,13,7,1,6,6,2,4,90,65,4,61,25,8,17,123,111,36,75,12,5,7,14,8,3,5,6,1,5
S01008727,513,418,112,306,95,33,62,6,5,1,4,1,1,0,12,9,2,7,3,2,1,21,19,2,17,2,0,2,74,61,25,36,13,3,10,41,23,2,21,18,6,12,114,91,21,70,23,8,15,206,189,52,137,17,6,11,39,21,7,14,18,7,11
S01008728,228,192,61,131,36,12,24,5,5,1,4,0,0,0,5,5,0,5,0,0,0,12,6,2,4,6,1,5,47,44,21,23,3,1,2,23,19,2,17,4,1,3,49,40,9,31,9,3,6,65,59,24,35,6,4,2,22,14,2,12,8,2,6
S01008729,359,283,86,197,76,33,43,4,4,1,3,0,0,0,8,5,0,5,3,3,0,10,8,0,8,2,1,1,53,48,21,27,5,1,4,19,11,1,10,8,2,6,89,60,8,52,29,13,16,144,131,50,81,13,7,6,32,16,5,11,16,6,10
S01008730,453,397,92,305,56,16,40,8,8,1,7,0,0,0,13,12,1,11,1,0,1,19,10,1,9,9,1,8,84,76,31,45,8,3,5,37,28,2,26,9,2,7,102,84,9,75,18,5,13,164,157,40,117,7,4,3,26,22,7,15,4,1,3
S01008731,179,158,45,113,21,13,8,2,2,1,1,0,0,0,10,8,1,7,2,0,2,9,6,0,6,3,1,2,33,28,12,16,5,4,1,13,9,2,7,4,3,1,28,25,5,20,3,2,1,70,67,20,47,3,2,1,14,13,4,9,1,1,0
S01008732,284,241,55,186,43,15,28,3,3,1,2,0,0,0,5,4,1,3,1,1,0,19,13,2,11,6,2,4,55,42,20,22,13,2,11,17,15,2,13,2,0,2,60,54,8,46,6,3,3,102,95,18,77,7,3,4,23,15,3,12,8,4,4
S01008733,510,467,98,369,43,13,30,7,7,2,5,0,0,0,23,19,5,14,4,1,3,30,24,2,22,6,0,6,90,84,33,51,6,1,5,34,29,1,28,5,0,5,105,102,16,86,3,0,3,174,167,33,134,7,4,3,47,35,6,29,12,7,5
S01008734,272,229,60,169,43,10,33,4,4,0,4,0,0,0,7,7,0,7,0,0,0,11,4,1,3,7,1,6,46,39,16,23,7,2,5,21,17,5,12,4,0,4,59,45,12,33,14,3,11,102,98,23,75,4,0,4,22,15,3,12,7,4,3
S01008735,446,353,112,241,93,30,63,3,3,0,3,0,0,0,15,10,1,9,5,4,1,30,18,3,15,12,0,12,72,64,32,32,8,1,7,40,22,5,17,18,3,15,118,88,20,68,30,10,20,148,135,45,90,13,6,7,20,13,6,7,7,6,1
S01008736,321,279,93,186,42,13,29,6,6,0,6,0,0,0,19,17,1,16,2,1,1,14,5,0,5,9,2,7,73,61,34,27,12,3,9,25,21,2,19,4,0,4,66,61,11,50,5,1,4,91,85,36,49,6,3,3,27,23,9,14,4,3,1
S01008737,374,320,111,209,54,21,33,5,4,0,4,1,0,1,14,11,3,8,3,1,2,20,15,3,12,5,2,3,74,57,35,22,17,4,13,22,16,0,16,6,0,6,84,74,19,55,10,6,4,135,128,46,82,7,3,4,20,15,5,10,5,5,0
S01008738,333,277,96,181,56,18,38,5,5,1,4,0,0,0,15,13,4,9,2,0,2,17,12,0,12,5,1,4,63,50,27,23,13,1,12,34,18,2,16,16,6,10,78,70,18,52,8,2,6,112,102,43,59,10,7,3,9,7,1,6,2,1,1
S01008739,289,250,84,166,39,11,28,5,5,0,5,0,0,0,13,10,0,10,3,2,1,25,16,1,15,9,2,7,56,53,27,26,3,0,3,23,12,1,11,11,1,10,68,58,18,40,10,5,5,82,81,28,53,1,0,1,17,15,9,6,2,1,1
S01008740,271,238,80,158,33,10,23,5,5,0,5,0,0,0,9,8,0,8,1,0,1,22,14,3,11,8,3,5,45,42,19,23,3,0,3,27,19,2,17,8,2,6,62,59,14,45,3,3,0,92,85,38,47,7,1,6,9,6,4,2,3,1,2
S01008741,445,387,118,269,58,15,43,7,7,1,6,0,0,0,20,17,0,17,3,0,3,34,24,2,22,10,2,8,78,68,37,31,10,3,7,54,30,3,27,24,5,19,89,86,26,60,3,2,1,150,145,48,97,5,3,2,13,10,1,9,3,0,3
S01008742,217,188,51,137,29,9,20,0,0,0,0,0,0,0,5,5,0,5,0,0,0,10,6,1,5,4,0,4,51,47,20,27,4,3,1,15,10,2,8,5,1,4,47,40,2,38,7,2,5,71,69,23,46,2,1,1,18,11,3,8,7,2,5
S01008743,430,389,107,282,41,11,30,10,10,2,8,0,0,0,16,15,0,15,1,1,0,24,13,4,9,11,2,9,98,90,32,58,8,1,7,46,40,3,37,6,1,5,88,79,22,57,9,2,7,126,124,38,86,2,1,1,22,18,6,12,4,3,1
S01008744,491,449,117,332,42,10,32,9,9,0,9,0,0,0,15,12,0,12,3,1,2,37,28,1,27,9,0,9,76,73,25,48,3,0,3,42,31,1,30,11,2,9,112,109,23,86,3,1,2,168,163,57,106,5,3,2,32,24,10,14,8,3,5
S01008745,243,217,48,169,26,7,19,3,3,0,3,0,0,0,7,6,2,4,1,0,1,11,8,0,8,3,1,2,33,31,15,16,2,1,1,18,14,0,14,4,1,3,72,62,12,50,10,2,8,91,87,19,68,4,0,4,8,6,0,6,2,2,0
S01008746,483,448,119,329,35,13,22,7,6,1,5,1,1,0,17,16,2,14,1,0,1,36,30,3,27,6,1,5,122,116,62,54,6,1,5,39,32,5,27,7,4,3,103,94,15,79,9,4,5,136,132,27,105,4,1,3,23,22,4,18,1,1,0
S01008747,235,192,60,132,43,8,35,2,2,0,2,0,0,0,11,9,1,8,2,0,2,15,8,0,8,7,1,6,40,30,16,14,10,2,8,26,14,1,13,12,2,10,43,39,9,30,4,1,3,84,79,28,51,5,2,3,14,11,5,6,3,0,3
S01008748,312,270,90,180,42,11,31,4,4,0,4,0,0,0,7,7,1,6,0,0,0,24,8,1,7,16,5,11,48,41,22,19,7,2,5,22,16,1,15,6,1,5,94,89,24,65,5,0,5,95,90,37,53,5,3,2,18,15,4,11,3,0,3
S01008749,466,388,123,265,78,19,59,5,5,0,5,0,0,0,17,13,2,11,4,0,4,35,19,0,19,16,4,12,109,85,48,37,24,7,17,27,20,2,18,7,1,6,114,100,20,80,14,4,10,129,126,43,83,3,1,2,30,20,8,12,10,2,8
S01008750,323,277,92,185,46,11,35,6,5,1,4,1,0,1,17,16,0,16,1,0,1,21,9,2,7,12,0,12,46,39,22,17,7,2,5,22,12,5,7,10,2,8,89,83,18,65,6,4,2,106,102,41,61,4,2,2,16,11,3,8,5,1,4
S01008751,264,228,63,165,36,13,23,2,2,1,1,0,0,0,10,10,0,10,0,0,0,30,17,0,17,13,7,6,53,49,22,27,4,1,3,30,25,7,18,5,0,5,56,49,8,41,7,3,4,70,67,24,43,3,1,2,13,9,1,8,4,1,3
S01008752,304,282,86,196,22,3,19,6,6,0,6,0,0,0,7,7,1,6,0,0,0,18,10,0,10,8,0,8,70,67,30,37,3,0,3,34,27,8,19,7,2,5,68,65,14,51,3,1,2,94,94,30,64,0,0,0,7,6,3,3,1,0,1
S01008753,230,212,62,150,18,3,15,5,5,1,4,0,0,0,10,8,0,8,2,0,2,10,8,0,8,2,0,2,55,48,18,30,7,1,6,17,15,2,13,2,0,2,39,37,6,31,2,1,1,74,73,31,42,1,1,0,20,18,4,14,2,0,2
S01008754,355,327,65,262,28,7,21,3,3,0,3,0,0,0,11,11,0,11,0,0,0,28,17,2,15,11,2,9,99,94,33,61,5,1,4,27,22,1,21,5,0,5,75,71,9,62,4,2,2,92,91,16,75,1,1,0,20,18,4,14,2,1,1
S01008755,506,464,113,351,42,14,28,14,13,0,13,1,0,1,17,16,1,15,1,1,0,32,20,2,18,12,2,10,159,150,49,101,9,4,5,37,31,4,27,6,1,5,93,87,16,71,6,1,5,127,126,34,92,1,0,1,27,21,7,14,6,5,1
S01008756,337,306,78,228,31,12,19,4,4,0,4,0,0,0,20,20,2,18,0,0,0,22,16,0,16,6,1,5,77,73,32,41,4,0,4,30,24,3,21,6,0,6,60,55,6,49,5,2,3,105,99,29,70,6,6,0,19,15,6,9,4,3,1
S01008757,207,190,55,135,17,3,14,7,7,0,7,0,0,0,11,9,1,8,2,0,2,11,8,1,7,3,1,2,42,38,17,21,4,1,3,16,11,1,10,5,0,5,46,44,10,34,2,1,1,67,66,23,43,1,0,1,7,7,2,5,0,0,0
S01008758,341,298,92,206,43,11,32,9,7,1,6,2,0,2,6,6,1,5,0,0,0,36,28,1,27,8,0,8,75,69,28,41,6,3,3,36,25,5,20,11,0,11,66,61,17,44,5,4,1,98,90,37,53,8,3,5,15,12,2,10,3,1,2
S01008759,218,197,60,137,21,7,14,4,4,1,3,0,0,0,10,9,1,8,1,1,0,15,10,0,10,5,1,4,46,43,23,20,3,1,2,16,9,1,8,7,1,6,36,34,9,25,2,2,0,70,68,20,48,2,1,1,21,20,5,15,1,0,1
S01008760,370,343,131,212,27,9,18,4,4,0,4,0,0,0,14,13,3,10,1,0,1,26,19,0,19,7,0,7,100,93,50,43,7,1,6,40,37,6,31,3,2,1,70,65,27,38,5,4,1,91,89,39,50,2,2,0,25,23,6,17,2,0,2
S01008761,418,367,96,271,51,9,42,7,6,0,6,1,0,1,21,19,0,19,2,0,2,25,15,0,15,10,1,9,121,109,37,72,12,1,11,28,20,1,19,8,3,5,86,75,21,54,11,1,10,112,107,28,79,5,2,3,18,16,9,7,2,1,1
S01008762,319,287,80,207,32,7,25,10,9,1,8,1,1,0,17,17,1,16,0,0,0,22,14,0,14,8,3,5,58,52,23,29,6,2,4,29,19,2,17,10,0,10,72,69,18,51,3,1,2,100,98,33,65,2,0,2,11,9,2,7,2,0,2
S01008763,582,519,124,395,63,17,46,4,4,1,3,0,0,0,16,14,1,13,2,2,0,40,25,2,23,15,1,14,85,82,34,48,3,1,2,54,41,3,38,13,1,12,135,121,20,101,14,3,11,211,203,57,146,8,5,3,37,29,6,23,8,4,4
S01008764,406,355,84,271,51,14,37,7,6,0,6,1,0,1,20,17,1,16,3,0,3,22,15,1,14,7,0,7,64,58,24,34,6,0,6,40,30,4,26,10,2,8,92,76,6,70,16,7,9,132,130,40,90,2,2,0,29,23,8,15,6,3,3
S01008765,497,421,105,316,76,13,63,6,4,0,4,2,0,2,8,6,0,6,2,1,1,22,14,1,13,8,0,8,101,91,39,52,10,0,10,40,25,3,22,15,0,15,103,87,16,71,16,5,11,182,170,44,126,12,3,9,35,24,2,22,11,4,7
S01008766,524,425,138,287,99,35,64,8,6,3,3,2,0,2,25,22,1,21,3,2,1,30,20,1,19,10,6,4,82,64,31,33,18,3,15,61,39,9,30,22,3,19,124,105,29,76,19,6,13,167,153,56,97,14,7,7,27,16,8,8,11,8,3
S01008767,284,249,73,176,35,9,26,3,3,1,2,0,0,0,5,5,3,2,0,0,0,21,13,0,13,8,0,8,52,49,21,28,3,0,3,25,22,1,21,3,1,2,74,66,18,48,8,2,6,91,84,27,57,7,3,4,13,7,2,5,6,3,3
S01008768,266,234,56,178,32,5,27,6,6,0,6,0,0,0,9,7,0,7,2,0,2,13,11,2,9,2,1,1,54,47,14,33,7,1,6,25,16,1,15,9,1,8,45,40,8,32,5,0,5,93,88,27,61,5,1,4,21,19,4,15,2,1,1
S01008769,520,456,53,403,64,8,56,12,11,2,9,1,0,1,27,24,0,24,3,0,3,20,12,1,11,8,0,8,79,71,23,48,8,3,5,38,31,2,29,7,1,6,175,149,9,140,26,3,23,141,133,11,122,8,1,7,28,25,5,20,3,0,3
S01008770,567,492,70,422,75,21,54,15,14,0,14,1,0,1,23,20,1,19,3,1,2,16,13,0,13,3,0,3,115,96,25,71,19,7,12,60,44,6,38,16,2,14,189,170,12,158,19,5,14,124,116,21,95,8,3,5,25,19,5,14,6,3,3
S01008771,446,370,68,302,76,17,59,12,11,1,10,1,0,1,21,20,0,20,1,0,1,25,14,1,13,11,2,9,75,63,26,37,12,2,10,38,29,3,26,9,2,7,139,117,14,103,22,3,19,112,101,20,81,11,6,5,24,15,3,12,9,2,7
S01008772,413,354,70,284,59,17,42,13,12,0,12,1,0,1,16,15,1,14,1,0,1,17,10,0,10,7,1,6,84,70,26,44,14,2,12,32,27,0,27,5,2,3,91,78,9,69,13,3,10,127,114,29,85,13,6,7,33,28,5,23,5,3,2
S01008773,609,555,112,443,54,13,41,12,12,0,12,0,0,0,13,13,1,12,0,0,0,30,18,2,16,12,2,10,135,130,48,82,5,0,5,53,45,4,41,8,3,5,135,123,14,109,12,2,10,184,176,32,144,8,3,5,47,38,11,27,9,3,6
S01008774,521,467,95,372,54,20,34,14,12,1,11,2,1,1,21,20,0,20,1,1,0,26,19,1,18,7,1,6,147,136,39,97,11,3,8,31,26,0,26,5,0,5,118,104,16,88,14,8,6,128,124,31,93,4,3,1,36,26,7,19,10,3,7
S01008775,280,234,54,180,46,17,29,6,4,0,4,2,1,1,7,3,0,3,4,2,2,12,8,0,8,4,1,3,62,55,19,36,7,0,7,20,12,0,12,8,0,8,60,49,6,43,11,5,6,92,87,24,63,5,5,0,21,16,5,11,5,3,2
S01008776,419,373,94,279,46,11,35,8,8,0,8,0,0,0,10,9,1,8,1,0,1,9,8,0,8,1,0,1,123,114,49,65,9,1,8,28,23,1,22,5,2,3,103,87,11,76,16,3,13,118,109,24,85,9,2,7,20,15,8,7,5,3,2
S01008777,491,440,110,330,51,18,33,8,7,0,7,1,1,0,26,24,3,21,2,0,2,24,19,1,18,5,1,4,137,124,49,75,13,6,7,41,34,4,30,7,2,5,98,88,12,76,10,3,7,140,132,40,92,8,5,3,17,12,1,11,5,0,5
S01008778,786,680,109,571,106,24,82,18,17,1,16,1,0,1,23,21,1,20,2,0,2,26,15,2,13,11,1,10,166,150,50,100,16,2,14,74,60,10,50,14,2,12,243,211,14,197,32,11,21,181,171,25,146,10,3,7,55,35,6,29,20,5,15
S01008779,550,479,73,406,71,17,54,17,16,1,15,1,0,1,21,17,1,16,4,0,4,22,13,0,13,9,0,9,100,91,24,67,9,4,5,40,32,5,27,8,1,7,184,162,18,144,22,4,18,135,124,15,109,11,4,7,31,24,9,15,7,4,3
S01008780,419,365,59,306,54,15,39,10,9,0,9,1,0,1,10,8,1,7,2,1,1,13,9,0,9,4,1,3,93,85,28,57,8,2,6,36,29,2,27,7,1,6,121,108,12,96,13,5,8,103,97,13,84,6,2,4,33,20,3,17,13,3,10
S01008781,616,572,103,469,44,14,30,18,16,0,16,2,2,0,14,14,1,13,0,0,0,23,14,0,14,9,1,8,152,149,45,104,3,0,3,50,45,1,44,5,0,5,195,182,13,169,13,5,8,132,129,36,93,3,3,0,32,23,7,16,9,3,6
S01008782,509,446,61,385,63,10,53,9,8,0,8,1,0,1,19,17,0,17,2,0,2,20,14,0,14,6,0,6,108,98,22,76,10,2,8,41,35,3,32,6,0,6,154,129,14,115,25,5,20,135,128,19,109,7,3,4,23,17,3,14,6,0,6
S01008783,308,265,38,227,43,11,32,7,6,0,6,1,0,1,5,4,0,4,1,0,1,14,10,0,10,4,1,3,59,56,19,37,3,0,3,31,26,0,26,5,2,3,94,78,10,68,16,2,14,69,67,4,63,2,1,1,29,18,5,13,11,5,6
S01008784,322,285,47,238,37,14,23,6,5,0,5,1,0,1,7,7,0,7,0,0,0,10,6,1,5,4,1,3,75,71,25,46,4,2,2,34,24,1,23,10,4,6,98,90,8,82,8,3,5,69,69,12,57,0,0,0,23,13,0,13,10,4,6
S01008785,395,350,90,260,45,20,25,6,5,0,5,1,0,1,14,11,2,9,3,0,3,17,14,0,14,3,1,2,129,122,47,75,7,3,4,29,26,4,22,3,2,1,86,79,13,66,7,3,4,86,74,17,57,12,8,4,28,19,7,12,9,3,6
S01008786,625,559,77,482,66,14,52,17,16,0,16,1,1,0,20,18,1,17,2,0,2,21,11,0,11,10,3,7,161,153,25,128,8,0,8,37,33,5,28,4,2,2,175,155,17,138,20,4,16,148,140,23,117,8,2,6,46,33,6,27,13,2,11
S01008787,122,110,54,56,12,3,9,3,2,1,1,1,0,1,5,3,0,3,2,1,1,7,7,1,6,0,0,0,45,44,30,14,1,0,1,9,8,2,6,1,0,1,21,18,10,8,3,2,1,26,24,7,17,2,0,2,6,4,3,1,2,0,2
S01008788,487,434,68,366,53,9,44,10,9,3,6,1,0,1,13,11,0,11,2,0,2,10,8,0,8,2,1,1,120,110,23,87,10,2,8,38,34,5,29,4,0,4,153,127,10,117,26,2,24,111,107,21,86,4,1,3,32,28,6,22,4,3,1
S01008789,283,253,55,198,30,6,24,7,7,0,7,0,0,0,8,8,0,8,0,0,0,16,11,0,11,5,1,4,66,60,21,39,6,0,6,19,18,2,16,1,0,1,71,58,7,51,13,2,11,82,79,18,61,3,2,1,14,12,7,5,2,1,1
S01008790,363,323,96,227,40,12,28,8,7,0,7,1,0,1,18,15,1,14,3,2,1,20,10,0,10,10,1,9,105,96,48,48,9,1,8,20,16,4,12,4,1,3,75,66,10,56,9,3,6,85,84,24,60,1,1,0,32,29,9,20,3,3,0
S01008791,567,510,99,411,57,18,39,10,8,1,7,2,0,2,18,17,0,17,1,0,1,29,16,0,16,13,1,12,176,164,42,122,12,2,10,47,44,5,39,3,1,2,124,113,18,95,11,6,5,136,125,28,97,11,6,5,27,23,5,18,4,2,2
S01008792,476,420,102,318,56,18,38,9,8,0,8,1,0,1,17,16,3,13,1,0,1,20,13,0,13,7,0,7,98,89,37,52,9,4,5,37,32,7,25,5,3,2,106,92,16,76,14,5,9,154,148,33,115,6,3,3,35,22,6,16,13,3,10
S01008793,193,172,46,126,21,8,13,2,2,0,2,0,0,0,5,4,0,4,1,0,1,4,2,0,2,2,0,2,62,60,22,38,2,0,2,8,5,1,4,3,0,3,48,42,8,34,6,5,1,50,49,12,37,1,0,1,14,8,3,5,6,3,3
S01008794,428,395,86,309,33,8,25,4,4,1,3,0,0,0,15,14,1,13,1,0,1,21,15,1,14,6,1,5,95,87,27,60,8,0,8,40,32,5,27,8,4,4,102,96,14,82,6,3,3,113,112,31,81,1,0,1,38,35,6,29,3,0,3
S01008795,741,667,143,524,74,24,50,8,8,0,8,0,0,0,18,16,0,16,2,0,2,26,16,0,16,10,1,9,207,192,65,127,15,2,13,56,45,5,40,11,1,10,167,151,18,133,16,7,9,215,206,42,164,9,8,1,44,33,13,20,11,5,6
S01008796,622,568,144,424,54,13,41,8,8,1,7,0,0,0,30,28,6,22,2,1,1,29,22,0,22,7,0,7,168,156,59,97,12,3,9,39,30,4,26,9,2,7,134,123,19,104,11,5,6,176,170,42,128,6,0,6,38,31,13,18,7,2,5
S01008797,617,573,139,434,44,9,35,8,8,2,6,0,0,0,13,10,0,10,3,0,3,23,13,1,12,10,3,7,163,159,64,95,4,0,4,47,44,4,40,3,0,3,153,144,26,118,9,3,6,166,159,33,126,7,2,5,44,36,9,27,8,1,7
S01008798,461,419,96,323,42,14,28,4,4,0,4,0,0,0,13,12,0,12,1,0,1,15,10,1,9,5,1,4,107,101,42,59,6,2,4,37,31,3,28,6,0,6,99,88,10,78,11,6,5,153,147,30,117,6,3,3,33,26,10,16,7,2,5
S01008799,406,373,89,284,33,13,20,16,15,0,15,1,0,1,10,10,1,9,0,0,0,14,11,1,10,3,0,3,138,131,42,89,7,4,3,43,35,7,28,8,2,6,92,86,17,69,6,3,3,62,60,12,48,2,0,2,31,25,9,16,6,4,2
S01008800,767,703,135,568,64,14,50,10,9,1,8,1,0,1,11,11,2,9,0,0,0,33,22,2,20,11,0,11,200,190,60,130,10,2,8,61,48,2,46,13,2,11,189,172,18,154,17,8,9,221,216,40,176,5,1,4,42,35,10,25,7,1,6
S01008801,653,604,110,494,49,12,37,7,7,1,6,0,0,0,24,24,0,24,0,0,0,22,17,0,17,5,2,3,193,184,55,129,9,2,7,55,45,3,42,10,1,9,141,127,9,118,14,5,9,166,158,32,126,8,2,6,45,42,10,32,3,0,3
S01008802,608,548,109,439,60,24,36,8,8,0,8,0,0,0,10,10,0,10,0,0,0,16,13,0,13,3,0,3,169,149,43,106,20,9,11,36,31,3,28,5,2,3,156,136,20,116,20,8,12,170,163,32,131,7,5,2,43,38,11,27,5,0,5
S01008803,574,508,120,388,66,25,41,11,10,1,9,1,0,1,21,18,1,17,3,0,3,16,15,4,11,1,1,0,150,135,59,76,15,3,12,56,43,9,34,13,6,7,139,122,9,113,17,6,11,132,128,24,104,4,3,1,49,37,13,24,12,6,6
S01008804,332,310,62,248,22,4,18,4,4,0,4,0,0,0,10,9,2,7,1,0,1,10,6,0,6,4,0,4,97,97,31,66,0,0,0,17,15,3,12,2,0,2,84,75,8,67,9,0,9,93,91,16,75,2,1,1,17,13,2,11,4,3,1
S01008805,402,371,101,270,31,11,20,5,5,0,5,0,0,0,15,15,1,14,0,0,0,3,3,0,3,0,0,0,127,123,63,60,4,1,3,26,23,4,19,3,1,2,111,101,8,93,10,5,5,96,88,22,66,8,3,5,19,13,3,10,6,1,5
S01008806,713,646,132,514,67,20,47,25,23,3,20,2,0,2,16,15,0,15,1,1,0,24,15,0,15,9,1,8,165,158,56,102,7,2,5,65,51,8,43,14,3,11,186,175,24,151,11,1,10,187,175,32,143,12,7,5,45,34,9,25,11,5,6
S01008807,526,469,89,380,57,17,40,6,6,0,6,0,0,0,19,18,2,16,1,1,0,15,9,0,9,6,0,6,112,105,35,70,7,2,5,33,25,1,24,8,3,5,136,123,15,108,13,3,10,164,154,28,126,10,4,6,41,29,8,21,12,4,8
S01008808,417,342,67,275,75,25,50,6,6,0,6,0,0,0,14,11,2,9,3,0,3,14,8,1,7,6,0,6,81,68,25,43,13,5,8,39,30,2,28,9,1,8,114,89,13,76,25,8,17,111,106,17,89,5,5,0,38,24,7,17,14,6,8
S01008809,373,285,66,219,88,26,62,5,4,0,4,1,0,1,11,7,0,7,4,3,1,7,4,0,4,3,0,3,74,58,29,29,16,3,13,32,22,6,16,10,2,8,114,86,9,77,28,5,23,106,89,16,73,17,10,7,24,15,6,9,9,3,6
S01008810,484,416,90,326,68,20,48,8,8,0,8,0,0,0,14,13,1,12,1,1,0,9,7,0,7,2,0,2,95,87,40,47,8,3,5,43,34,3,31,9,2,7,123,103,11,92,20,1,19,151,137,27,110,14,7,7,41,27,8,19,14,6,8
S01008811,562,477,115,362,85,21,64,6,6,0,6,0,0,0,17,13,1,12,4,0,4,15,14,0,14,1,0,1,144,129,68,61,15,6,9,36,30,3,27,6,2,4,161,128,17,111,33,5,28,143,126,21,105,17,3,14,40,31,5,26,9,5,4
S01008812,313,271,59,212,42,11,31,3,3,0,3,0,0,0,12,11,0,11,1,0,1,7,2,0,2,5,1,4,65,61,27,34,4,1,3,26,19,1,18,7,1,6,85,70,6,64,15,3,12,93,90,21,69,3,2,1,22,15,4,11,7,3,4
S01008813,512,439,131,308,73,24,49,9,8,2,6,1,0,1,11,10,1,9,1,0,1,22,16,0,16,6,1,5,137,123,49,74,14,4,10,44,33,6,27,11,3,8,104,88,20,68,16,5,11,150,141,48,93,9,5,4,35,20,5,15,15,6,9
S01008814,516,456,136,320,60,15,45,8,8,1,7,0,0,0,16,13,2,11,3,0,3,17,10,1,9,7,0,7,156,144,66,78,12,0,12,26,22,4,18,4,1,3,121,103,14,89,18,8,10,137,130,38,92,7,3,4,35,26,10,16,9,3,6
S01008815,568,517,99,418,51,19,32,5,5,0,5,0,0,0,10,9,1,8,1,0,1,28,20,1,19,8,0,8,156,150,49,101,6,2,4,44,36,2,34,8,2,6,120,110,11,99,10,6,4,178,170,33,137,8,3,5,27,17,2,15,10,6,4
S01008816,286,264,33,231,22,3,19,7,7,0,7,0,0,0,7,7,0,7,0,0,0,10,6,0,6,4,0,4,56,53,15,38,3,1,2,26,24,0,24,2,0,2,105,96,9,87,9,1,8,58,57,8,49,1,0,1,17,14,1,13,3,1,2
S01008817,459,419,90,329,40,13,27,8,7,0,7,1,0,1,22,22,1,21,0,0,0,21,15,0,15,6,0,6,85,79,31,48,6,2,4,50,41,5,36,9,0,9,131,123,18,105,8,5,3,115,115,29,86,0,0,0,27,17,6,11,10,6,4
S01008818,495,445,99,346,50,19,31,7,7,1,6,0,0,0,17,14,3,11,3,0,3,17,13,0,13,4,0,4,93,83,30,53,10,4,6,44,37,2,35,7,2,5,123,116,18,98,7,3,4,161,152,39,113,9,4,5,33,23,6,17,10,6,4
S01008819,448,384,72,312,64,20,44,8,6,0,6,2,1,1,22,18,1,17,4,0,4,10,6,1,5,4,0,4,53,50,17,33,3,0,3,43,35,3,32,8,1,7,127,104,14,90,23,8,15,153,143,33,110,10,6,4,32,22,3,19,10,4,6
S01008820,621,542,99,443,79,30,49,12,12,1,11,0,0,0,19,16,0,16,3,1,2,22,11,1,10,11,1,10,147,135,45,90,12,3,9,58,42,2,40,16,7,9,126,114,12,102,12,6,6,189,173,27,146,16,9,7,48,39,11,28,9,3,6
S01008821,390,339,90,249,51,14,37,5,5,1,4,0,0,0,15,15,1,14,0,0,0,7,6,1,5,1,1,0,64,52,28,24,12,1,11,31,22,2,20,9,1,8,113,96,18,78,17,5,12,139,129,35,94,10,4,6,16,14,4,10,2,2,0
S01008822,371,302,82,220,69,22,47,3,3,0,3,0,0,0,17,14,0,14,3,0,3,8,6,0,6,2,0,2,66,46,25,21,20,8,12,20,18,2,16,2,1,1,101,75,5,70,26,3,23,134,122,45,77,12,7,5,22,18,5,13,4,3,1
S01008823,333,262,67,195,71,21,50,2,1,0,1,1,0,1,8,6,0,6,2,0,2,20,12,2,10,8,1,7,56,35,20,15,21,3,18,16,16,2,14,0,0,0,116,89,15,74,27,12,15,99,90,23,67,9,5,4,16,13,5,8,3,0,3
S01008824,555,481,107,374,74,27,47,6,5,0,5,1,1,0,19,16,1,15,3,1,2,25,17,3,14,8,1,7,64,56,25,31,8,2,6,38,28,3,25,10,2,8,161,141,20,121,20,8,12,191,178,42,136,13,8,5,51,40,13,27,11,4,7
S01008825,355,297,69,228,58,13,45,4,3,0,3,1,0,1,11,10,1,9,1,0,1,15,8,0,8,7,0,7,41,38,21,17,3,1,2,31,26,0,26,5,1,4,118,98,13,85,20,4,16,113,99,28,71,14,7,7,22,15,6,9,7,0,7
S01008826,396,333,73,260,63,12,51,8,8,1,7,0,0,0,16,13,0,13,3,0,3,18,11,2,9,7,0,7,56,49,16,33,7,1,6,40,26,3,23,14,2,12,103,85,22,63,18,4,14,133,125,24,101,8,4,4,22,16,5,11,6,1,5
S01008827,321,252,73,179,69,20,49,3,3,0,3,0,0,0,17,17,1,16,0,0,0,8,6,2,4,2,0,2,28,23,13,10,5,2,3,35,22,2,20,13,3,10,106,75,17,58,31,5,26,102,91,37,54,11,8,3,22,15,1,14,7,2,5
S01008828,478,393,89,304,85,30,55,9,9,1,8,0,0,0,19,16,1,15,3,0,3,18,14,1,13,4,1,3,69,56,31,25,13,3,10,26,20,2,18,6,4,2,148,112,17,95,36,11,25,162,146,30,116,16,8,8,27,20,6,14,7,3,4
S01008829,319,273,84,189,46,14,32,5,5,1,4,0,0,0,9,7,0,7,2,1,1,15,10,1,9,5,1,4,50,44,25,19,6,1,5,23,19,2,17,4,1,3,74,60,10,50,14,6,8,117,108,41,67,9,4,5,26,20,4,16,6,0,6
S01008830,347,288,73,215,59,13,46,5,5,1,4,0,0,0,16,14,2,12,2,0,2,7,4,1,3,3,0,3,55,44,20,24,11,3,8,23,21,2,19,2,0,2,95,71,13,58,24,2,22,119,111,28,83,8,5,3,27,18,6,12,9,3,6
S01008831,345,267,86,181,78,24,54,2,1,0,1,1,0,1,14,10,2,8,4,0,4,14,5,1,4,9,2,7,37,31,17,14,6,2,4,29,21,3,18,8,1,7,106,74,24,50,32,11,21,126,114,34,80,12,8,4,17,11,5,6,6,0,6
S01008832,298,238,38,200,60,12,48,5,4,0,4,1,0,1,14,12,0,12,2,0,2,11,7,0,7,4,0,4,44,31,9,22,13,1,12,26,21,5,16,5,0,5,88,70,6,64,18,4,14,91,79,16,63,12,4,8,19,14,2,12,5,3,2
S01008833,512,433,88,345,79,29,50,14,14,2,12,0,0,0,14,12,1,11,2,0,2,16,12,3,9,4,1,3,74,59,21,38,15,6,9,30,27,2,25,3,1,2,146,120,12,108,26,6,20,188,167,40,127,21,10,11,30,22,7,15,8,5,3
S01008834,578,463,104,359,115,38,77,12,12,0,12,0,0,0,18,12,0,12,6,0,6,20,10,0,10,10,2,8,71,52,22,30,19,4,15,46,32,1,31,14,2,12,160,118,15,103,42,20,22,215,200,60,140,15,7,8,36,27,6,21,9,3,6
S01008835,411,371,103,268,40,13,27,4,4,1,3,0,0,0,20,20,2,18,0,0,0,19,14,1,13,5,1,4,63,59,25,34,4,0,4,37,25,6,19,12,6,6,95,87,20,67,8,2,6,152,145,41,104,7,3,4,21,17,7,10,4,1,3
S01008836,401,358,83,275,43,6,37,6,6,0,6,0,0,0,14,13,1,12,1,0,1,27,22,2,20,5,1,4,94,85,39,46,9,2,7,31,25,7,18,6,1,5,113,101,15,86,12,2,10,99,93,15,78,6,0,6,17,13,4,9,4,0,4
S01008837,723,646,101,545,77,22,55,13,11,2,9,2,0,2,24,22,2,20,2,0,2,19,13,3,10,6,1,5,120,109,39,70,11,3,8,72,58,3,55,14,2,12,239,220,19,201,19,5,14,186,172,22,150,14,7,7,50,41,11,30,9,4,5
S01008838,675,594,107,487,81,29,52,9,9,1,8,0,0,0,30,24,1,23,6,2,4,17,11,0,11,6,3,3,122,115,26,89,7,3,4,58,44,6,38,14,3,11,210,185,17,168,25,7,18,190,177,49,128,13,5,8,39,29,7,22,10,6,4
S01008839,655,574,110,464,81,30,51,3,3,0,3,0,0,0,20,17,3,14,3,2,1,22,14,2,12,8,1,7,117,104,37,67,13,4,9,53,47,1,46,6,0,6,187,157,13,144,30,10,20,206,196,44,152,10,8,2,47,36,10,26,11,5,6
S01008840,646,566,122,444,80,24,56,9,8,1,7,1,1,0,19,17,1,16,2,1,1,16,11,1,10,5,2,3,110,96,39,57,14,6,8,67,60,8,52,7,2,5,176,152,18,134,24,4,20,198,188,43,145,10,2,8,51,34,11,23,17,6,11
S01008841,377,329,66,263,48,2,46,4,2,0,2,2,0,2,14,11,1,10,3,0,3,16,9,0,9,7,0,7,86,76,30,46,10,2,8,40,30,2,28,10,0,10,106,93,9,84,13,0,13,94,92,22,70,2,0,2,17,16,2,14,1,0,1
S01008842,600,530,112,418,70,17,53,11,11,0,11,0,0,0,22,20,2,18,2,0,2,25,17,2,15,8,0,8,160,144,68,76,16,5,11,47,34,3,31,13,3,10,167,149,13,136,18,4,14,136,131,11,120,5,1,4,32,24,13,11,8,4,4
S01008843,631,565,118,447,66,18,48,5,5,0,5,0,0,0,14,12,2,10,2,1,1,6,4,1,3,2,0,2,144,126,50,76,18,3,15,66,56,8,48,10,5,5,173,158,14,144,15,3,12,174,163,32,131,11,3,8,49,41,11,30,8,3,5
S01008844,444,399,68,331,45,10,35,0,0,0,0,0,0,0,10,9,0,9,1,0,1,12,7,0,7,5,1,4,88,77,30,47,11,3,8,31,25,3,22,6,0,6,177,163,16,147,14,3,11,105,99,16,83,6,2,4,21,19,3,16,2,1,1
S01008845,501,428,110,318,73,15,58,6,6,0,6,0,0,0,13,12,0,12,1,0,1,9,6,1,5,3,0,3,104,92,56,36,12,1,11,31,26,2,24,5,2,3,169,143,15,128,26,4,22,133,119,26,93,14,3,11,36,24,10,14,12,5,7
S01008846,482,382,95,287,100,34,66,6,5,1,4,1,0,1,18,13,0,13,5,1,4,12,6,0,6,6,1,5,96,78,44,34,18,7,11,39,27,5,22,12,1,11,133,104,14,90,29,7,22,136,121,25,96,15,10,5,42,28,6,22,14,7,7
S01008847,337,266,45,221,71,15,56,3,3,0,3,0,0,0,13,9,0,9,4,0,4,10,4,1,3,6,1,5,59,48,18,30,11,2,9,35,23,3,20,12,3,9,114,87,10,77,27,3,24,83,78,11,67,5,3,2,20,14,2,12,6,3,3
S01008848,454,352,71,281,102,22,80,9,8,1,7,1,0,1,20,15,0,15,5,2,3,6,3,1,2,3,0,3,60,51,19,32,9,3,6,34,22,4,18,12,3,9,157,108,14,94,49,11,38,140,127,27,100,13,1,12,28,18,5,13,10,2,8
S01008849,442,339,53,286,103,36,67,6,4,0,4,2,1,1,13,13,1,12,0,0,0,14,7,0,7,7,0,7,80,67,25,42,13,6,7,21,17,0,17,4,1,3,164,125,9,116,39,12,27,103,86,17,69,17,7,10,41,20,1,19,21,9,12
S01008850,424,315,53,262,109,34,75,10,8,0,8,2,0,2,14,10,2,8,4,2,2,14,7,0,7,7,2,5,52,40,15,25,12,7,5,27,20,3,17,7,4,3,171,128,12,116,43,11,32,96,80,11,69,16,5,11,40,22,10,12,18,3,15
S01008851,586,463,72,391,123,40,83,10,4,0,4,6,0,6,17,13,3,10,4,0,4,14,11,0,11,3,1,2,99,90,25,65,9,1,8,47,32,2,30,15,3,12,201,158,14,144,43,12,31,152,129,20,109,23,13,10,46,26,8,18,20,10,10
S01008852,542,385,81,304,157,49,108,9,7,1,6,2,1,1,20,20,1,19,0,0,0,8,6,1,5,2,0,2,88,64,29,35,24,6,18,35,24,9,15,11,3,8,213,137,12,125,76,18,58,139,110,25,85,29,14,15,30,17,3,14,13,7,6
S01008853,450,379,73,306,71,23,48,10,9,1,8,1,1,0,17,16,1,15,1,0,1,6,4,1,3,2,0,2,84,72,29,43,12,1,11,42,33,4,29,9,3,6,130,108,12,96,22,10,12,132,119,20,99,13,3,10,29,18,5,13,11,5,6
S01008854,541,407,64,343,134,34,100,8,6,0,6,2,0,2,15,12,1,11,3,1,2,18,12,1,11,6,2,4,76,64,29,35,12,3,9,33,21,3,18,12,0,12,192,143,4,139,49,13,36,161,128,20,108,33,11,22,38,21,6,15,17,4,13
S01008855,712,593,68,525,119,25,94,3,3,0,3,0,0,0,26,22,0,22,4,1,3,18,10,2,8,8,1,7,96,80,19,61,16,0,16,58,40,2,38,18,2,16,265,224,17,207,41,11,30,204,184,20,164,20,7,13,42,30,8,22,12,3,9
S01008856,391,338,56,282,53,26,27,10,10,2,8,0,0,0,10,6,0,6,4,2,2,5,4,0,4,1,1,0,65,55,22,33,10,3,7,33,25,1,24,8,1,7,130,116,8,108,14,7,7,110,99,19,80,11,8,3,28,23,4,19,5,4,1
S01008857,524,439,96,343,85,24,61,3,3,0,3,0,0,0,8,8,0,8,0,0,0,19,12,0,12,7,1,6,82,73,31,42,9,3,6,44,33,5,28,11,1,10,148,125,10,115,23,3,20,185,164,44,120,21,7,14,35,21,6,15,14,9,5
S01008858,353,275,51,224,78,26,52,3,3,0,3,0,0,0,8,6,0,6,2,0,2,5,3,0,3,2,0,2,33,27,11,16,6,1,5,28,17,4,13,11,3,8,120,92,6,86,28,8,20,113,99,22,77,14,6,8,43,28,8,20,15,8,7
S01008859,710,588,72,516,122,30,92,9,8,2,6,1,0,1,24,20,0,20,4,0,4,18,11,1,10,7,1,6,120,106,24,82,14,5,9,53,33,3,30,20,4,16,269,225,13,212,44,7,37,176,157,26,131,19,9,10,41,28,3,25,13,4,9
S01008860,555,488,90,398,67,12,55,9,8,1,7,1,0,1,11,11,2,9,0,0,0,13,6,1,5,7,1,6,88,79,26,53,9,0,9,42,35,7,28,7,2,5,169,145,11,134,24,7,17,189,175,36,139,14,2,12,34,29,6,23,5,0,5
S01008861,415,294,66,228,121,35,86,5,4,0,4,1,0,1,20,16,1,15,4,2,2,8,2,0,2,6,0,6,58,42,21,21,16,5,11,26,21,2,19,5,2,3,165,102,12,90,63,12,51,116,96,28,68,20,10,10,17,11,2,9,6,4,2
S01008862,631,527,75,452,104,32,72,8,6,0,6,2,1,1,19,15,0,15,4,2,2,19,10,0,10,9,1,8,59,51,17,34,8,2,6,42,31,6,25,11,2,9,234,202,14,188,32,9,23,203,183,31,152,20,9,11,47,29,7,22,18,6,12
S01008863,471,398,62,336,73,18,55,4,4,0,4,0,0,0,17,14,0,14,3,1,2,11,4,1,3,7,1,6,59,44,14,30,15,3,12,21,20,1,19,1,0,1,190,161,12,149,29,6,23,138,126,29,97,12,4,8,31,25,5,20,6,3,3
S01008864,418,368,47,321,50,14,36,6,6,2,4,0,0,0,9,8,1,7,1,1,0,7,4,1,3,3,1,2,41,35,11,24,6,1,5,34,25,1,24,9,3,6,132,116,9,107,16,2,14,165,153,17,136,12,5,7,24,21,5,16,3,1,2
S01008865,501,445,87,358,56,25,31,3,3,0,3,0,0,0,14,13,0,13,1,0,1,15,14,1,13,1,1,0,67,65,30,35,2,1,1,33,26,1,25,7,2,5,172,151,11,140,21,6,15,160,146,37,109,14,11,3,37,27,7,20,10,4,6
S01008866,552,466,48,418,86,27,59,7,6,0,6,1,0,1,20,16,0,16,4,1,3,11,8,0,8,3,0,3,58,43,10,33,15,4,11,46,33,2,31,13,3,10,193,172,8,164,21,3,18,181,162,25,137,19,10,9,36,26,3,23,10,6,4
S01008867,486,388,62,326,98,29,69,7,6,1,5,1,0,1,18,15,0,15,3,0,3,10,8,1,7,2,1,1,57,41,13,28,16,4,12,43,31,3,28,12,4,8,191,148,11,137,43,12,31,139,123,27,96,16,7,9,21,16,6,10,5,1,4
S01008868,525,430,78,352,95,28,67,10,10,0,10,0,0,0,16,14,0,14,2,2,0,6,1,0,1,5,0,5,148,141,47,94,7,0,7,31,23,1,22,8,3,5,160,120,12,108,40,13,27,124,103,12,91,21,8,13,30,18,6,12,12,2,10
S01008869,618,490,86,404,128,34,94,15,14,0,14,1,0,1,26,23,0,23,3,0,3,22,19,0,19,3,1,2,65,46,16,30,19,8,11,56,41,3,38,15,3,12,224,178,16,162,46,10,36,170,144,45,99,26,9,17,40,25,6,19,15,3,12
S01008870,485,392,70,322,93,26,67,6,4,1,3,2,0,2,29,25,0,25,4,1,3,16,14,2,12,2,0,2,65,53,12,41,12,3,9,38,26,6,20,12,3,9,183,142,14,128,41,12,29,119,103,28,75,16,7,9,29,25,7,18,4,0,4
S01008871,644,523,117,406,121,42,79,12,8,0,8,4,1,3,34,28,2,26,6,3,3,21,13,1,12,8,4,4,116,101,47,54,15,6,9,41,32,4,28,9,3,6,215,171,20,151,44,14,30,160,137,30,107,23,8,15,45,33,13,20,12,3,9
S01008872,508,417,108,309,91,27,64,5,3,0,3,2,1,1,17,12,0,12,5,1,4,22,12,3,9,10,3,7,108,99,60,39,9,4,5,45,35,7,28,10,2,8,199,163,15,148,36,7,29,88,76,16,60,12,7,5,24,17,7,10,7,2,5
S01008873,404,299,57,242,105,31,74,4,2,0,2,2,0,2,16,15,1,14,1,0,1,17,9,0,9,8,4,4,58,42,15,27,16,3,13,32,22,2,20,10,1,9,148,108,15,93,40,11,29,107,85,22,63,22,9,13,22,16,2,14,6,3,3
S01008874,512,436,66,370,76,22,54,10,10,1,9,0,0,0,11,10,0,10,1,0,1,15,11,0,11,4,1,3,83,67,31,36,16,3,13,56,42,7,35,14,6,8,182,157,11,146,25,4,21,124,118,16,102,6,3,3,31,21,0,21,10,5,5
S01008875,499,443,82,361,56,13,43,5,5,0,5,0,0,0,19,18,0,18,1,0,1,13,9,0,9,4,0,4,88,85,26,59,3,0,3,51,35,6,29,16,3,13,147,131,13,118,16,4,12,142,133,31,102,9,2,7,34,27,6,21,7,4,3
S01008876,279,236,76,160,43,16,27,2,2,0,2,0,0,0,9,9,0,9,0,0,0,12,7,1,6,5,0,5,42,36,20,16,6,2,4,24,20,1,19,4,0,4,75,61,12,49,14,7,7,100,90,36,54,10,6,4,15,11,6,5,4,1,3
S01008877,293,242,57,185,51,11,40,6,5,1,4,1,1,0,9,6,0,6,3,1,2,18,12,1,11,6,0,6,31,27,17,10,4,0,4,25,20,4,16,5,1,4,100,84,13,71,16,3,13,91,80,19,61,11,2,9,13,8,2,6,5,3,2
S01008878,421,358,113,245,63,24,39,8,8,2,6,0,0,0,15,12,2,10,3,0,3,34,16,2,14,18,4,14,84,73,36,37,11,3,8,31,23,9,14,8,4,4,96,84,17,67,12,4,8,134,126,39,87,8,7,1,19,16,6,10,3,2,1
S01008879,428,384,93,291,44,19,25,6,6,2,4,0,0,0,17,15,0,15,2,1,1,28,20,5,15,8,3,5,54,52,23,29,2,0,2,42,29,5,24,13,3,10,118,111,24,87,7,3,4,147,139,29,110,8,6,2,16,12,5,7,4,3,1
S01008880,332,296,71,225,36,11,25,5,5,0,5,0,0,0,16,15,1,14,1,0,1,12,5,0,5,7,2,5,43,38,18,20,5,3,2,30,26,4,22,4,1,3,107,94,17,77,13,2,11,107,102,27,75,5,3,2,12,11,4,7,1,0,1
S01008881,244,188,51,137,56,15,41,2,2,1,1,0,0,0,14,12,0,12,2,1,1,8,6,0,6,2,0,2,27,20,7,13,7,1,6,28,20,5,15,8,2,6,78,54,13,41,24,6,18,71,66,22,44,5,2,3,16,8,3,5,8,3,5
S01008882,492,369,76,293,123,29,94,6,3,0,3,3,0,3,21,19,3,16,2,1,1,14,10,3,7,4,0,4,49,45,17,28,4,1,3,38,31,3,28,7,2,5,212,137,17,120,75,11,64,129,104,28,76,25,12,13,23,20,5,15,3,2,1
S01008883,377,270,68,202,107,40,67,6,6,0,6,0,0,0,14,13,2,11,1,1,0,16,10,2,8,6,3,3,43,29,8,21,14,3,11,23,17,2,15,6,3,3,135,86,15,71,49,15,34,126,99,37,62,27,15,12,14,10,2,8,4,0,4
S01008884,272,206,59,147,66,19,47,5,3,0,3,2,0,2,8,5,0,5,3,2,1,13,8,0,8,5,1,4,33,26,9,17,7,2,5,14,9,2,7,5,2,3,106,73,17,56,33,6,27,80,72,27,45,8,4,4,13,10,4,6,3,2,1
S01008885,403,317,97,220,86,20,66,8,7,2,5,1,0,1,27,26,3,23,1,0,1,19,15,5,10,4,0,4,40,27,15,12,13,1,12,18,14,2,12,4,3,1,143,104,22,82,39,8,31,132,115,44,71,17,8,9,16,9,4,5,7,0,7
S01008886,417,361,76,285,56,14,42,2,2,0,2,0,0,0,12,11,0,11,1,0,1,13,7,2,5,6,0,6,71,64,28,36,7,0,7,33,25,3,22,8,1,7,146,129,9,120,17,4,13,118,109,30,79,9,5,4,22,14,4,10,8,4,4
S01008887,377,321,95,226,56,17,39,12,11,2,9,1,0,1,17,16,1,15,1,1,0,16,11,0,11,5,0,5,46,35,17,18,11,4,7,19,15,4,11,4,0,4,114,94,23,71,20,2,18,138,129,46,83,9,7,2,15,10,2,8,5,3,2
S01008888,385,337,51,286,48,12,36,2,1,0,1,1,0,1,15,14,0,14,1,1,0,3,2,0,2,1,0,1,37,32,7,25,5,1,4,37,32,3,29,5,3,2,124,105,9,96,19,5,14,139,129,29,100,10,2,8,28,22,3,19,6,0,6
S01008889,310,261,63,198,49,10,39,2,2,1,1,0,0,0,10,9,0,9,1,1,0,21,10,2,8,11,0,11,54,51,17,34,3,1,2,27,16,1,15,11,1,10,95,82,11,71,13,2,11,85,77,24,53,8,4,4,16,14,7,7,2,1,1
S01008890,343,290,100,190,53,9,44,3,3,0,3,0,0,0,11,8,1,7,3,1,2,17,6,0,6,11,0,11,53,44,27,17,9,1,8,31,21,2,19,10,2,8,80,66,20,46,14,3,11,129,126,42,84,3,1,2,19,16,8,8,3,1,2
S01008891,363,299,97,202,64,20,44,4,4,0,4,0,0,0,11,9,2,7,2,0,2,14,10,0,10,4,1,3,64,48,27,21,16,4,12,18,12,2,10,6,2,4,93,76,12,64,17,3,14,132,123,46,77,9,7,2,27,17,8,9,10,3,7
S01008892,466,400,94,306,66,26,40,2,2,0,2,0,0,0,15,15,1,14,0,0,0,26,15,1,14,11,2,9,61,57,25,32,4,1,3,40,34,4,30,6,2,4,128,109,18,91,19,6,13,165,146,39,107,19,12,7,29,22,6,16,7,3,4
S01008893,436,354,104,250,82,20,62,6,5,0,5,1,0,1,15,12,1,11,3,0,3,16,10,0,10,6,2,4,60,49,25,24,11,4,7,36,27,7,20,9,0,9,154,116,19,97,38,8,30,130,122,44,78,8,4,4,19,13,8,5,6,2,4
S01008894,399,311,95,216,88,32,56,6,6,1,5,0,0,0,16,15,2,13,1,0,1,21,13,1,12,8,3,5,59,48,26,22,11,1,10,22,17,2,15,5,1,4,133,99,24,75,34,11,23,121,98,33,65,23,12,11,21,15,6,9,6,4,2
S01008895,314,252,76,176,62,14,48,8,8,0,8,0,0,0,18,15,1,14,3,0,3,17,11,1,10,6,1,5,37,25,13,12,12,2,10,17,13,3,10,4,0,4,117,90,21,69,27,7,20,90,82,33,49,8,3,5,10,8,4,4,2,1,1
S01008896,258,228,48,180,30,3,27,4,4,0,4,0,0,0,17,17,0,17,0,0,0,9,6,0,6,3,0,3,23,18,6,12,5,0,5,15,7,1,6,8,2,6,106,98,15,83,8,1,7,71,66,21,45,5,0,5,13,12,5,7,1,0,1
S01008897,303,255,69,186,48,12,36,4,4,0,4,0,0,0,18,16,2,14,2,1,1,11,9,1,8,2,0,2,41,35,13,22,6,0,6,19,12,2,10,7,3,4,98,78,12,66,20,5,15,103,94,37,57,9,1,8,9,7,2,5,2,2,0
S01008898,389,308,102,206,81,26,55,6,6,0,6,0,0,0,19,18,2,16,1,0,1,22,9,2,7,13,2,11,63,52,25,27,11,4,7,28,19,1,18,9,2,7,109,87,21,66,22,5,17,122,105,49,56,17,9,8,20,12,2,10,8,4,4
S01008899,334,296,100,196,38,12,26,8,6,1,5,2,0,2,10,9,0,9,1,0,1,21,13,2,11,8,1,7,86,79,43,36,7,3,4,24,17,1,16,7,1,6,64,58,17,41,6,4,2,98,94,33,61,4,2,2,23,20,3,17,3,1,2
S01008900,472,436,118,318,36,14,22,11,9,1,8,2,1,1,21,21,3,18,0,0,0,27,23,1,22,4,1,3,124,118,52,66,6,3,3,40,32,4,28,8,1,7,84,78,22,56,6,4,2,144,139,33,106,5,2,3,21,16,2,14,5,2,3
S01008901,371,331,98,233,40,11,29,6,6,0,6,0,0,0,14,14,1,13,0,0,0,38,30,0,30,8,3,5,86,81,33,48,5,2,3,35,22,0,22,13,4,9,45,40,12,28,5,1,4,128,124,46,78,4,0,4,19,14,6,8,5,1,4
S01008902,470,425,124,301,45,11,34,5,5,1,4,0,0,0,13,13,1,12,0,0,0,34,21,0,21,13,3,10,123,110,46,64,13,1,12,35,28,7,21,7,3,4,106,99,19,80,7,2,5,137,132,46,86,5,2,3,17,17,4,13,0,0,0
S01008903,433,401,126,275,32,7,25,8,8,2,6,0,0,0,18,18,1,17,0,0,0,46,31,1,30,15,1,14,102,95,41,54,7,2,5,31,29,3,26,2,1,1,64,60,25,35,4,1,3,148,145,48,97,3,1,2,16,15,5,10,1,1,0
S01008904,458,420,137,283,38,11,27,5,5,1,4,0,0,0,16,15,2,13,1,0,1,22,17,1,16,5,1,4,152,142,65,77,10,3,7,32,30,2,28,2,0,2,94,82,27,55,12,1,11,116,112,35,77,4,2,2,21,17,4,13,4,4,0
S01008905,420,395,142,253,25,7,18,9,9,1,8,0,0,0,23,23,3,20,0,0,0,29,20,5,15,9,0,9,101,96,49,47,5,2,3,25,21,3,18,4,1,3,101,99,35,64,2,2,0,109,106,41,65,3,2,1,23,21,5,16,2,0,2
S01008906,333,305,93,212,28,7,21,3,3,0,3,0,0,0,16,12,0,12,4,0,4,14,11,0,11,3,2,1,104,99,33,66,5,1,4,16,11,2,9,5,0,5,68,63,20,43,5,2,3,98,96,36,60,2,1,1,14,10,2,8,4,1,3
S01008907,188,170,69,101,18,10,8,5,5,0,5,0,0,0,8,5,0,5,3,0,3,8,7,1,6,1,1,0,57,55,26,29,2,0,2,8,7,1,6,1,0,1,47,41,17,24,6,6,0,46,44,20,24,2,2,0,9,6,4,2,3,1,2
S01008908,393,348,96,252,45,20,25,14,14,2,12,0,0,0,17,16,0,16,1,0,1,29,21,0,21,8,2,6,90,77,38,39,13,6,7,19,16,0,16,3,2,1,91,83,19,64,8,3,5,112,108,34,74,4,3,1,21,13,3,10,8,4,4
S01008909,404,370,119,251,34,11,23,13,13,0,13,0,0,0,22,21,3,18,1,0,1,25,20,0,20,5,3,2,105,95,40,55,10,1,9,36,28,5,23,8,1,7,67,62,13,49,5,3,2,117,116,56,60,1,0,1,19,15,2,13,4,3,1
S01008910,251,226,56,170,25,8,17,6,5,0,5,1,0,1,15,14,0,14,1,0,1,16,13,0,13,3,0,3,61,54,21,33,7,4,3,25,23,1,22,2,0,2,44,40,9,31,4,2,2,74,72,21,51,2,0,2,10,5,4,1,5,2,3
S01008911,584,505,80,425,79,16,63,10,10,0,10,0,0,0,35,32,0,32,3,2,1,27,14,0,14,13,0,13,123,113,38,75,10,4,6,44,28,5,23,16,1,15,185,168,6,162,17,1,16,123,116,21,95,7,3,4,37,24,10,14,13,5,8
S01008912,425,360,100,260,65,18,47,10,8,0,8,2,0,2,17,16,1,15,1,0,1,20,10,0,10,10,2,8,68,62,29,33,6,1,5,35,24,3,21,11,2,9,93,80,17,63,13,2,11,151,143,45,98,8,4,4,31,17,5,12,14,7,7
S01008913,377,337,75,262,40,14,26,14,12,0,12,2,1,1,19,18,1,17,1,0,1,23,18,0,18,5,1,4,76,71,30,41,5,1,4,29,23,1,22,6,2,4,110,104,14,90,6,1,5,87,78,25,53,9,4,5,19,13,4,9,6,4,2
S01008914,439,384,122,262,55,16,39,7,7,0,7,0,0,0,23,23,3,20,0,0,0,43,31,2,29,12,1,11,81,74,34,40,7,1,6,33,22,2,20,11,2,9,76,66,14,52,10,2,8,150,141,55,86,9,5,4,26,20,12,8,6,5,1
S01008915,281,234,82,152,47,16,31,3,3,0,3,0,0,0,10,8,0,8,2,0,2,14,5,1,4,9,0,9,50,45,24,21,5,2,3,26,14,2,12,12,2,10,60,51,14,37,9,6,3,103,96,38,58,7,4,3,15,12,3,9,3,2,1
S01008916,402,360,121,239,42,12,30,7,7,2,5,0,0,0,19,16,0,16,3,1,2,19,12,1,11,7,2,5,95,88,47,41,7,0,7,23,17,2,15,6,2,4,72,62,18,44,10,4,6,140,134,41,93,6,2,4,27,24,10,14,3,1,2
S01008917,277,248,95,153,29,12,17,5,5,3,2,0,0,0,12,10,0,10,2,1,1,11,4,1,3,7,1,6,71,66,28,38,5,1,4,22,18,2,16,4,2,2,53,48,20,28,5,2,3,84,81,34,47,3,3,0,19,16,7,9,3,2,1
S01008918,203,181,73,108,22,8,14,2,2,0,2,0,0,0,8,8,1,7,0,0,0,15,13,0,13,2,2,0,70,59,28,31,11,2,9,7,5,0,5,2,1,1,34,31,16,15,3,1,2,56,53,21,32,3,1,2,11,10,7,3,1,1,0
S01008919,191,176,75,101,15,8,7,3,3,0,3,0,0,0,4,4,0,4,0,0,0,8,6,1,5,2,1,1,63,61,34,27,2,0,2,21,19,4,15,2,1,1,34,28,12,16,6,4,2,41,39,15,24,2,1,1,17,16,9,7,1,1,0
S01008920,746,658,111,547,88,23,65,20,19,0,19,1,0,1,33,30,3,27,3,1,2,39,27,5,22,12,2,10,146,134,40,94,12,3,9,60,47,6,41,13,2,11,205,182,22,160,23,8,15,199,187,29,158,12,4,8,44,32,6,26,12,3,9
S01008921,265,245,68,177,20,5,15,12,12,1,11,0,0,0,9,9,1,8,0,0,0,16,12,1,11,4,2,2,84,79,26,53,5,0,5,14,10,4,6,4,0,4,36,36,11,25,0,0,0,77,75,20,55,2,1,1,17,12,4,8,5,2,3
S01008922,331,303,85,218,28,10,18,10,10,0,10,0,0,0,15,14,3,11,1,0,1,18,15,1,14,3,2,1,85,81,30,51,4,2,2,30,22,3,19,8,1,7,55,48,7,41,7,3,4,106,102,37,65,4,2,2,12,11,4,7,1,0,1
S01008923,339,305,96,209,34,10,24,16,14,2,12,2,1,1,17,17,3,14,0,0,0,17,10,0,10,7,1,6,104,95,36,59,9,0,9,21,15,2,13,6,3,3,56,54,19,35,2,0,2,86,83,30,53,3,2,1,22,17,4,13,5,3,2
S01008924,370,351,143,208,19,8,11,8,8,3,5,0,0,0,12,12,0,12,0,0,0,30,24,2,22,6,3,3,101,100,46,54,1,0,1,26,21,5,16,5,1,4,67,62,24,38,5,4,1,116,116,58,58,0,0,0,10,8,5,3,2,0,2
S01008925,355,326,95,231,29,7,22,10,10,0,10,0,0,0,17,17,2,15,0,0,0,21,16,0,16,5,1,4,105,96,38,58,9,0,9,27,24,2,22,3,0,3,64,60,19,41,4,1,3,90,88,27,61,2,1,1,21,15,7,8,6,4,2
S01008926,337,303,68,235,34,10,24,16,16,1,15,0,0,0,17,16,0,16,1,0,1,28,19,2,17,9,1,8,71,67,18,49,4,2,2,28,21,6,15,7,2,5,66,57,7,50,9,4,5,98,96,29,67,2,1,1,13,11,5,6,2,0,2
S01008927,495,464,95,369,31,8,23,16,15,2,13,1,1,0,15,15,0,15,0,0,0,29,22,2,20,7,1,6,112,105,29,76,7,2,5,32,28,3,25,4,1,3,135,128,23,105,7,3,4,135,134,33,101,1,0,1,21,17,3,14,4,0,4
S01008928,331,298,93,205,33,6,27,8,7,1,6,1,0,1,19,15,6,9,4,0,4,16,8,0,8,8,1,7,75,72,43,29,3,0,3,33,25,6,19,8,2,6,73,67,8,59,6,2,4,93,90,26,64,3,1,2,14,14,3,11,0,0,0
S01008929,233,222,80,142,11,6,5,1,1,0,1,0,0,0,13,12,0,12,1,0,1,7,6,0,6,1,0,1,78,78,38,40,0,0,0,23,21,5,16,2,1,1,34,30,13,17,4,3,1,63,62,19,43,1,1,0,14,12,5,7,2,1,1
S01008930,307,288,116,172,19,1,18,13,13,1,12,0,0,0,3,3,1,2,0,0,0,22,15,2,13,7,0,7,73,71,45,26,2,1,1,29,25,6,19,4,0,4,63,60,24,36,3,0,3,86,85,29,56,1,0,1,18,16,8,8,2,0,2
S01008931,306,294,102,192,12,6,6,6,6,2,4,0,0,0,7,7,0,7,0,0,0,27,24,3,21,3,0,3,86,85,40,45,1,0,1,21,19,3,16,2,1,1,58,58,23,35,0,0,0,83,80,26,54,3,3,0,18,15,5,10,3,2,1
S01008932,486,437,111,326,49,14,35,8,8,4,4,0,0,0,29,29,1,28,0,0,0,19,13,0,13,6,2,4,125,112,45,67,13,2,11,30,19,0,19,11,1,10,118,108,21,87,10,5,5,129,123,28,95,6,2,4,28,25,12,13,3,2,1
S01008933,284,267,103,164,17,6,11,7,6,3,3,1,0,1,8,8,1,7,0,0,0,21,19,1,18,2,1,1,69,68,35,33,1,0,1,27,20,2,18,7,1,6,57,53,19,34,4,3,1,80,78,35,43,2,1,1,15,15,7,8,0,0,0
S01008934,358,317,93,224,41,16,25,4,4,0,4,0,0,0,15,13,2,11,2,2,0,24,16,3,13,8,4,4,93,86,36,50,7,1,6,32,20,0,20,12,5,7,75,68,15,53,7,1,6,92,92,32,60,0,0,0,23,18,5,13,5,3,2
S01008935,410,363,116,247,47,16,31,7,6,0,6,1,0,1,27,26,2,24,1,0,1,19,14,1,13,5,1,4,72,62,28,34,10,2,8,33,23,0,23,10,2,8,92,80,18,62,12,7,5,145,140,63,77,5,3,2,15,12,4,8,3,1,2
S01008936,190,155,53,102,35,10,25,1,1,0,1,0,0,0,10,9,0,9,1,0,1,10,4,1,3,6,0,6,23,19,10,9,4,4,0,9,5,1,4,4,1,3,72,57,11,46,15,4,11,53,52,27,25,1,0,1,12,8,3,5,4,1,3
S01008937,391,333,90,243,58,16,42,6,6,0,6,0,0,0,15,13,0,13,2,0,2,29,16,1,15,13,1,12,65,55,22,33,10,2,8,31,22,4,18,9,2,7,94,80,16,64,14,5,9,117,112,37,75,5,2,3,34,29,10,19,5,4,1
S01008938,329,273,88,185,56,18,38,5,4,1,3,1,0,1,15,12,0,12,3,2,1,24,16,1,15,8,0,8,46,42,19,23,4,1,3,24,13,2,11,11,4,7,91,76,13,63,15,3,12,104,96,42,54,8,6,2,20,14,10,4,6,2,4
S01008939,359,304,101,203,55,14,41,14,14,2,12,0,0,0,17,15,0,15,2,0,2,21,8,2,6,13,2,11,57,51,27,24,6,2,4,27,15,2,13,12,1,11,84,74,19,55,10,3,7,117,110,44,66,7,5,2,22,17,5,12,5,1,4
S01008940,263,195,59,136,68,21,47,1,1,0,1,0,0,0,9,9,0,9,0,0,0,14,9,4,5,5,0,5,36,27,14,13,9,2,7,17,11,2,9,6,3,3,94,65,9,56,29,6,23,72,62,25,37,10,5,5,20,11,5,6,9,5,4
S01008941,371,286,88,198,85,22,63,9,9,1,8,0,0,0,21,17,4,13,4,0,4,12,7,0,7,5,2,3,42,30,17,13,12,4,8,19,11,2,9,8,2,6,148,108,20,88,40,9,31,99,86,38,48,13,5,8,21,18,6,12,3,0,3
S01008942,365,311,85,226,54,19,35,8,8,0,8,0,0,0,15,13,4,9,2,0,2,14,11,0,11,3,0,3,53,49,23,26,4,2,2,32,20,2,18,12,3,9,96,83,12,71,13,4,9,123,112,40,72,11,7,4,24,15,4,11,9,3,6
S01008943,336,249,84,165,87,31,56,3,3,0,3,0,0,0,16,14,1,13,2,0,2,15,6,0,6,9,3,6,43,33,16,17,10,3,7,23,16,5,11,7,2,5,112,76,21,55,36,12,24,112,93,38,55,19,9,10,12,8,3,5,4,2,2
S01008944,407,311,79,232,96,36,60,4,3,0,3,1,0,1,18,17,3,14,1,0,1,17,9,2,7,8,4,4,62,51,27,24,11,7,4,13,10,1,9,3,0,3,151,106,13,93,45,12,33,119,98,27,71,21,10,11,23,17,6,11,6,3,3
S01008945,393,307,102,205,86,26,60,1,1,0,1,0,0,0,20,17,0,17,3,2,1,18,11,0,11,7,0,7,56,41,24,17,15,3,12,33,24,5,19,9,2,7,138,111,32,79,27,11,16,103,88,35,53,15,5,10,24,14,6,8,10,3,7
S01008946,378,296,85,211,82,20,62,5,5,0,5,0,0,0,27,21,4,17,6,0,6,10,6,0,6,4,0,4,62,43,23,20,19,4,15,32,22,1,21,10,2,8,116,95,18,77,21,5,16,114,100,36,64,14,6,8,12,4,3,1,8,3,5
S01008947,451,368,102,266,83,33,50,15,13,1,12,2,1,1,25,23,2,21,2,1,1,12,5,0,5,7,3,4,75,62,29,33,13,4,9,33,22,2,20,11,8,3,122,96,20,76,26,5,21,153,137,45,92,16,7,9,16,10,3,7,6,4,2
S01008948,369,302,80,222,67,23,44,3,3,1,2,0,0,0,19,14,0,14,5,3,2,20,15,3,12,5,1,4,72,54,24,30,18,7,11,33,24,5,19,9,4,5,104,86,15,71,18,3,15,99,93,25,68,6,4,2,19,13,7,6,6,1,5
S01008949,436,389,123,266,47,12,35,8,8,3,5,0,0,0,15,15,1,14,0,0,0,35,24,1,23,11,3,8,85,84,43,41,1,0,1,41,28,5,23,13,1,12,99,91,20,71,8,3,5,127,121,40,81,6,2,4,26,18,10,8,8,3,5
S01008950,433,387,130,257,46,15,31,5,4,1,3,1,0,1,21,19,2,17,2,1,1,28,17,3,14,11,2,9,84,78,37,41,6,0,6,33,24,4,20,9,4,5,99,88,28,60,11,5,6,136,133,47,86,3,1,2,27,24,8,16,3,2,1
S01008951,393,365,100,265,28,12,16,6,6,0,6,0,0,0,17,17,0,17,0,0,0,28,21,1,20,7,0,7,104,99,47,52,5,3,2,23,19,3,16,4,0,4,85,80,13,67,5,4,1,113,109,33,76,4,3,1,17,14,3,11,3,2,1
S01008952,382,345,105,240,37,13,24,4,4,1,3,0,0,0,11,10,1,9,1,0,1,24,18,3,15,6,0,6,99,89,39,50,10,6,4,23,21,5,16,2,0,2,103,89,20,69,14,5,9,108,104,33,71,4,2,2,10,10,3,7,0,0,0
S01008953,400,349,110,239,51,18,33,3,3,1,2,0,0,0,20,18,1,17,2,0,2,32,21,0,21,11,3,8,100,89,45,44,11,2,9,29,23,2,21,6,1,5,74,68,21,47,6,3,3,115,110,33,77,5,3,2,27,17,7,10,10,6,4
S01008954,353,312,104,208,41,11,30,11,11,0,11,0,0,0,18,18,2,16,0,0,0,25,15,2,13,10,1,9,80,72,32,40,8,3,5,39,28,5,23,11,3,8,70,64,22,42,6,1,5,98,94,38,56,4,2,2,12,10,3,7,2,1,1
S01008955,349,299,84,215,50,20,30,8,7,2,5,1,0,1,7,7,0,7,0,0,0,17,11,0,11,6,1,5,71,60,34,26,11,2,9,21,13,2,11,8,1,7,93,80,11,69,13,7,6,114,108,33,75,6,6,0,18,13,2,11,5,3,2
S01008956,513,473,117,356,40,7,33,9,9,0,9,0,0,0,21,20,2,18,1,0,1,21,16,0,16,5,2,3,74,70,33,37,4,0,4,59,52,11,41,7,1,6,154,140,26,114,14,4,10,158,153,42,111,5,0,5,17,13,3,10,4,0,4
S01008957,473,425,121,304,48,15,33,10,7,1,6,3,1,2,19,18,1,17,1,0,1,26,19,0,19,7,0,7,88,82,43,39,6,2,4,27,21,5,16,6,1,5,124,111,20,91,13,5,8,154,148,43,105,6,2,4,25,19,8,11,6,4,2
S01008958,334,302,75,227,32,6,26,3,3,1,2,0,0,0,12,12,1,11,0,0,0,29,20,3,17,9,1,8,62,56,28,28,6,0,6,25,20,3,17,5,1,4,89,81,12,69,8,3,5,102,100,24,76,2,1,1,12,10,3,7,2,0,2
S01008959,454,412,106,306,42,15,27,8,8,0,8,0,0,0,15,12,2,10,3,1,2,26,21,0,21,5,0,5,82,73,31,42,9,1,8,50,39,10,29,11,4,7,110,106,20,86,4,2,2,137,133,40,93,4,3,1,26,20,3,17,6,4,2
S01008960,530,464,114,350,66,10,56,6,4,0,4,2,0,2,26,24,1,23,2,0,2,37,28,4,24,9,1,8,81,68,34,34,13,1,12,29,24,2,22,5,1,4,195,175,32,143,20,3,17,132,121,35,86,11,3,8,24,20,6,14,4,1,3
S01008961,379,340,89,251,39,9,30,8,7,2,5,1,0,1,14,14,1,13,0,0,0,22,14,2,12,8,0,8,72,65,31,34,7,2,5,35,27,4,23,8,0,8,82,79,8,71,3,1,2,124,117,39,78,7,4,3,22,17,2,15,5,2,3
S01008962,336,302,84,218,34,7,27,3,3,0,3,0,0,0,15,14,0,14,1,1,0,13,7,1,6,6,0,6,48,46,20,26,2,1,1,40,32,5,27,8,2,6,88,79,13,66,9,2,7,113,108,42,66,5,0,5,16,13,3,10,3,1,2
S01008963,383,339,97,242,44,13,31,5,5,0,5,0,0,0,19,18,0,18,1,0,1,24,17,3,14,7,2,5,57,50,22,28,7,0,7,32,27,6,21,5,1,4,112,100,28,72,12,4,8,112,104,31,73,8,5,3,22,18,7,11,4,1,3
S01008964,245,210,78,132,35,11,24,7,6,0,6,1,0,1,13,11,0,11,2,0,2,15,10,0,10,5,1,4,43,39,27,12,4,2,2,19,17,5,12,2,0,2,63,50,13,37,13,2,11,75,69,28,41,6,5,1,10,8,5,3,2,1,1
S01008965,323,259,81,178,64,21,43,10,10,2,8,0,0,0,21,16,1,15,5,0,5,21,11,2,9,10,1,9,44,38,21,17,6,1,5,28,20,2,18,8,1,7,80,60,14,46,20,8,12,105,94,34,60,11,7,4,14,10,5,5,4,3,1
S01008966,291,258,79,179,33,6,27,2,2,1,1,0,0,0,21,20,3,17,1,0,1,23,12,2,10,11,1,10,25,22,14,8,3,1,2,27,24,6,18,3,0,3,91,81,24,57,10,1,9,92,90,26,64,2,2,0,10,7,3,4,3,1,2
S01008967,475,415,123,292,60,14,46,10,10,0,10,0,0,0,23,22,3,19,1,0,1,25,15,1,14,10,2,8,50,40,15,25,10,1,9,44,34,9,25,10,2,8,142,123,38,85,19,5,14,156,151,50,101,5,2,3,25,20,7,13,5,2,3
S01008968,498,436,148,288,62,19,43,9,8,2,6,1,0,1,26,24,7,17,2,0,2,37,25,3,22,12,2,10,72,62,36,26,10,6,4,31,21,5,16,10,0,10,134,122,29,93,12,3,9,173,161,60,101,12,7,5,16,13,6,7,3,1,2
S01008969,533,477,141,336,56,15,41,4,4,1,3,0,0,0,39,36,1,35,3,0,3,27,20,2,18,7,0,7,77,74,38,36,3,2,1,50,35,4,31,15,4,11,131,120,29,91,11,2,9,181,170,60,110,11,6,5,24,18,6,12,6,1,5
S01008970,548,475,121,354,73,27,46,10,9,1,8,1,0,1,28,20,0,20,8,3,5,29,20,2,18,9,1,8,68,63,27,36,5,3,2,36,25,2,23,11,3,8,160,137,25,112,23,9,14,185,179,57,122,6,3,3,32,22,7,15,10,5,5
S01008971,368,317,79,238,51,14,37,6,6,0,6,0,0,0,11,10,2,8,1,0,1,15,11,0,11,4,0,4,46,37,18,19,9,2,7,34,24,2,22,10,3,7,108,95,10,85,13,2,11,136,125,43,82,11,5,6,12,9,4,5,3,2,1
S01008972,367,299,76,223,68,22,46,5,4,0,4,1,0,1,20,17,0,17,3,1,2,8,6,0,6,2,0,2,38,30,14,16,8,3,5,23,18,2,16,5,1,4,133,100,15,85,33,10,23,118,108,39,69,10,4,6,22,16,6,10,6,3,3
S01008973,397,338,52,286,59,17,42,16,15,0,15,1,0,1,19,19,0,19,0,0,0,22,16,1,15,6,1,5,53,35,12,23,18,4,14,30,18,1,17,12,5,7,123,106,12,94,17,5,12,108,105,23,82,3,1,2,26,24,3,21,2,1,1
S01008974,359,316,84,232,43,11,32,3,3,0,3,0,0,0,14,13,1,12,1,0,1,21,18,0,18,3,0,3,54,50,28,22,4,0,4,40,29,3,26,11,0,11,101,87,18,69,14,5,9,105,101,31,70,4,2,2,21,15,3,12,6,4,2
S01008975,275,248,53,195,27,7,20,4,4,1,3,0,0,0,11,11,1,10,0,0,0,14,12,1,11,2,0,2,41,36,15,21,5,1,4,20,19,0,19,1,0,1,90,74,6,68,16,4,12,82,79,23,56,3,2,1,13,13,6,7,0,0,0
S01008976,246,207,55,152,39,11,28,2,2,0,2,0,0,0,8,6,0,6,2,0,2,19,11,1,10,8,2,6,27,24,11,13,3,0,3,21,17,5,12,4,0,4,84,72,13,59,12,3,9,73,69,24,45,4,1,3,12,6,1,5,6,5,1
S01008977,310,276,80,196,34,9,25,6,5,1,4,1,0,1,19,18,0,18,1,0,1,13,9,0,9,4,0,4,42,37,15,22,5,3,2,28,20,7,13,8,3,5,72,62,13,49,10,2,8,111,107,35,72,4,1,3,19,18,9,9,1,0,1
S01008978,312,277,89,188,35,8,27,8,8,2,6,0,0,0,13,12,0,12,1,0,1,26,19,0,19,7,0,7,58,55,30,25,3,0,3,23,17,0,17,6,0,6,76,72,17,55,4,2,2,91,85,35,50,6,2,4,17,9,5,4,8,4,4
S01008979,413,368,94,274,45,13,32,5,5,0,5,0,0,0,17,14,0,14,3,1,2,29,21,0,21,8,1,7,78,74,38,36,4,1,3,29,24,3,21,5,1,4,115,105,18,87,10,1,9,117,108,28,80,9,5,4,23,17,7,10,6,3,3
S01008980,434,388,105,283,46,11,35,7,7,1,6,0,0,0,12,11,2,9,1,0,1,28,19,0,19,9,2,7,116,107,39,68,9,2,7,35,31,7,24,4,1,3,97,90,18,72,7,1,6,111,102,33,69,9,3,6,28,21,5,16,7,2,5
S01008981,324,280,90,190,44,12,32,5,5,1,4,0,0,0,20,20,1,19,0,0,0,29,15,2,13,14,2,12,44,40,25,15,4,0,4,34,26,5,21,8,1,7,82,72,18,54,10,4,6,94,90,36,54,4,2,2,16,12,2,10,4,3,1
S01008982,422,385,110,275,37,12,25,5,4,1,3,1,0,1,20,17,1,16,3,0,3,30,19,1,18,11,1,10,98,96,46,50,2,2,0,32,24,5,19,8,3,5,106,101,24,77,5,1,4,113,107,28,79,6,4,2,18,17,4,13,1,1,0
S01008983,413,384,74,310,29,10,19,5,4,1,3,1,0,1,16,16,2,14,0,0,0,37,27,3,24,10,2,8,94,90,28,62,4,2,2,43,38,4,34,5,0,5,90,88,12,76,2,1,1,107,104,18,86,3,3,0,21,17,6,11,4,2,2
S01008984,255,237,72,165,18,7,11,5,5,2,3,0,0,0,9,9,0,9,0,0,0,14,8,0,8,6,0,6,44,42,18,24,2,2,0,22,19,4,15,3,0,3,54,49,12,37,5,3,2,92,91,30,61,1,1,0,15,14,6,8,1,1,0
S01008985,394,361,92,269,33,9,24,9,7,0,7,2,0,2,15,15,0,15,0,0,0,22,16,2,14,6,1,5,88,84,36,48,4,1,3,35,25,2,23,10,0,10,103,100,14,86,3,2,1,101,96,32,64,5,4,1,21,18,6,12,3,1,2
S01008986,392,345,119,226,47,23,24,4,4,2,2,0,0,0,25,22,0,22,3,2,1,24,21,2,19,3,2,1,74,67,38,29,7,3,4,35,22,5,17,13,4,9,76,70,18,52,6,2,4,139,127,49,78,12,8,4,15,12,5,7,3,2,1
S01008987,420,368,112,256,52,13,39,2,2,1,1,0,0,0,31,29,3,26,2,0,2,31,17,0,17,14,1,13,74,64,34,30,10,4,6,41,27,3,24,14,1,13,91,89,28,61,2,2,0,129,122,33,89,7,4,3,21,18,10,8,3,1,2
S01008988,477,428,110,318,49,10,39,9,8,0,8,1,0,1,16,15,1,14,1,0,1,32,17,2,15,15,1,14,85,79,34,45,6,2,4,60,55,5,50,5,1,4,123,110,25,85,13,4,9,126,120,35,85,6,1,5,26,24,8,16,2,1,1
S01008989,432,393,74,319,39,10,29,5,5,1,4,0,0,0,23,23,0,23,0,0,0,25,18,0,18,7,1,6,73,71,27,44,2,1,1,51,35,3,32,16,1,15,124,118,18,100,6,4,2,110,109,20,89,1,0,1,21,14,5,9,7,3,4
S01008990,513,468,85,383,45,9,36,10,9,1,8,1,0,1,16,16,0,16,0,0,0,20,14,0,14,6,1,5,89,82,32,50,7,1,6,66,56,1,55,10,1,9,180,167,22,145,13,3,10,112,106,24,82,6,1,5,20,18,5,13,2,2,0
S01008991,590,528,138,390,62,12,50,8,8,0,8,0,0,0,30,30,3,27,0,0,0,31,21,3,18,10,0,10,102,94,39,55,8,2,6,47,34,4,30,13,2,11,191,176,31,145,15,3,12,155,145,48,97,10,3,7,26,20,10,10,6,2,4
S01008992,284,254,59,195,30,15,15,8,6,1,5,2,1,1,8,8,0,8,0,0,0,16,14,2,12,2,0,2,73,66,24,42,7,0,7,24,21,2,19,3,2,1,69,62,8,54,7,4,3,73,66,18,48,7,6,1,13,11,4,7,2,2,0
S01008993,571,467,118,349,104,33,71,13,12,2,10,1,0,1,24,23,0,23,1,0,1,25,14,2,12,11,2,9,95,79,33,46,16,3,13,50,31,9,22,19,6,13,162,129,24,105,33,12,21,171,159,45,114,12,6,6,31,20,3,17,11,4,7
S01008994,377,327,103,224,50,12,38,12,12,2,10,0,0,0,24,20,2,18,4,2,2,29,20,1,19,9,1,8,93,81,36,45,12,3,9,41,32,6,26,9,2,7,71,59,16,43,12,3,9,86,84,33,51,2,1,1,21,19,7,12,2,0,2
S01008995,477,424,99,325,53,13,40,7,7,0,7,0,0,0,26,23,0,23,3,0,3,20,10,1,9,10,0,10,86,75,28,47,11,2,9,38,31,3,28,7,2,5,104,93,13,80,11,4,7,175,169,51,118,6,1,5,21,16,3,13,5,4,1
S01008996,280,257,72,185,23,9,14,9,7,0,7,2,0,2,15,15,3,12,0,0,0,23,15,4,11,8,2,6,76,74,37,37,2,1,1,28,25,0,25,3,0,3,55,50,9,41,5,4,1,62,60,16,44,2,2,0,12,11,3,8,1,0,1
S01008997,545,470,121,349,75,17,58,24,15,1,14,9,1,8,27,25,1,24,2,2,0,41,30,0,30,11,3,8,107,98,31,67,9,2,7,54,40,6,34,14,2,12,129,109,29,80,20,3,17,143,138,48,90,5,2,3,20,15,5,10,5,2,3
S01008998,265,246,74,172,19,4,15,7,7,2,5,0,0,0,21,21,3,18,0,0,0,21,17,2,15,4,0,4,82,79,36,43,3,0,3,22,21,1,20,1,0,1,34,32,9,23,2,0,2,68,62,19,43,6,2,4,10,7,2,5,3,2,1
S01008999,361,332,86,246,29,8,21,8,8,1,7,0,0,0,26,25,3,22,1,1,0,24,21,1,20,3,1,2,75,71,24,47,4,1,3,39,29,6,23,10,2,8,73,69,12,57,4,1,3,90,87,31,56,3,1,2,26,22,8,14,4,1,3
S01009000,466,395,93,302,71,19,52,17,15,2,13,2,0,2,32,30,2,28,2,2,0,30,15,0,15,15,3,12,93,78,30,48,15,7,8,36,31,4,27,5,0,5,107,89,17,72,18,2,16,120,111,27,84,9,3,6,31,26,11,15,5,2,3
S01009001,410,355,118,237,55,22,33,18,15,3,12,3,1,2,24,23,0,23,1,1,0,31,21,2,19,10,4,6,62,56,29,27,6,2,4,28,22,3,19,6,0,6,95,80,20,60,15,8,7,131,123,54,69,8,3,5,21,15,7,8,6,3,3
S01009002,423,367,95,272,56,16,40,16,14,2,12,2,0,2,19,16,2,14,3,1,2,16,12,0,12,4,1,3,46,37,19,18,9,4,5,42,35,9,26,7,1,6,94,73,19,54,21,5,16,178,173,41,132,5,3,2,12,7,3,4,5,1,4
S01009003,514,426,93,333,88,29,59,10,9,3,6,1,0,1,23,17,0,17,6,2,4,15,9,2,7,6,2,4,94,80,27,53,14,5,9,41,33,1,32,8,0,8,160,126,16,110,34,12,22,145,132,34,98,13,6,7,26,20,10,10,6,2,4
S01009004,375,331,79,252,44,11,33,5,5,0,5,0,0,0,20,19,0,19,1,0,1,27,20,0,20,7,0,7,81,72,30,42,9,1,8,40,34,5,29,6,1,5,71,62,12,50,9,4,5,114,103,29,74,11,4,7,17,16,3,13,1,1,0
S01009005,383,348,84,264,35,12,23,7,6,0,6,1,0,1,30,26,2,24,4,1,3,15,12,1,11,3,1,2,83,81,36,45,2,0,2,39,32,3,29,7,1,6,72,70,10,60,2,1,1,113,105,28,77,8,4,4,24,16,4,12,8,4,4
S01009006,332,299,85,214,33,13,20,7,6,2,4,1,0,1,20,18,2,16,2,0,2,21,20,2,18,1,0,1,69,64,27,37,5,1,4,25,20,1,19,5,2,3,70,60,16,44,10,4,6,99,95,30,65,4,3,1,21,16,5,11,5,3,2
S01009007,323,292,75,217,31,9,22,3,3,0,3,0,0,0,22,20,0,20,2,0,2,20,18,1,17,2,0,2,71,66,23,43,5,0,5,30,24,3,21,6,1,5,68,62,12,50,6,2,4,93,88,31,57,5,4,1,16,11,5,6,5,2,3
S01009008,444,383,90,293,61,23,38,10,9,0,9,1,0,1,27,27,0,27,0,0,0,26,20,3,17,6,1,5,69,62,14,48,7,1,6,42,38,4,34,4,2,2,121,92,21,71,29,15,14,122,113,40,73,9,3,6,27,22,8,14,5,1,4
S01009009,202,184,47,137,18,8,10,3,3,0,3,0,0,0,3,2,0,2,1,0,1,14,12,0,12,2,2,0,57,56,22,34,1,0,1,25,22,1,21,3,1,2,40,33,6,27,7,3,4,51,48,16,32,3,2,1,9,8,2,6,1,0,1
S01009010,614,561,168,393,53,18,35,10,10,2,8,0,0,0,31,27,1,26,4,2,2,32,23,2,21,9,0,9,131,123,60,63,8,1,7,51,48,7,41,3,1,2,154,136,31,105,18,6,12,181,176,55,121,5,3,2,24,18,10,8,6,5,1
S01009011,547,496,140,356,51,17,34,15,15,3,12,0,0,0,29,27,2,25,2,1,1,44,37,2,35,7,1,6,100,90,37,53,10,1,9,39,34,6,28,5,2,3,132,119,23,96,13,6,7,160,154,55,99,6,2,4,28,20,12,8,8,4,4
S01009012,442,393,119,274,49,10,39,4,3,2,1,1,0,1,23,22,0,22,1,0,1,22,11,0,11,11,1,10,72,66,30,36,6,1,5,39,30,5,25,9,1,8,107,97,20,77,10,1,9,147,139,56,83,8,5,3,28,25,6,19,3,1,2
S01009013,512,455,132,323,57,15,42,6,6,0,6,0,0,0,26,25,2,23,1,0,1,29,26,6,20,3,0,3,93,84,38,46,9,0,9,50,39,7,32,11,3,8,115,103,19,84,12,4,8,167,153,50,103,14,3,11,26,19,10,9,7,5,2
S01009014,305,248,89,159,57,11,46,27,16,1,15,11,3,8,21,18,3,15,3,0,3,31,16,0,16,15,5,10,64,49,21,28,15,1,14,41,39,7,32,2,1,1,15,11,6,5,4,1,3,98,95,50,45,3,0,3,8,4,1,3,4,0,4
S01009015,280,231,82,149,49,9,40,26,10,1,9,16,3,13,17,15,1,14,2,1,1,21,13,1,12,8,0,8,42,32,17,15,10,2,8,47,42,12,30,5,0,5,14,11,1,10,3,0,3,106,103,46,57,3,1,2,7,5,3,2,2,2,0
S01009016,230,188,47,141,42,14,28,33,16,1,15,17,6,11,6,5,1,4,1,0,1,31,26,1,25,5,0,5,30,24,12,12,6,2,4,28,24,3,21,4,1,3,17,16,2,14,1,1,0,77,73,26,47,4,3,1,8,4,1,3,4,1,3
S01009017,278,232,55,177,46,12,34,39,26,2,24,13,1,12,4,4,0,4,0,0,0,36,23,1,22,13,2,11,60,53,13,40,7,2,5,23,21,3,18,2,1,1,20,15,2,13,5,2,3,86,83,33,50,3,2,1,10,7,1,6,3,2,1
S01009018,389,321,84,237,68,23,45,55,33,1,32,22,9,13,10,7,3,4,3,2,1,51,39,2,37,12,2,10,58,52,19,33,6,0,6,37,33,8,25,4,2,2,43,35,6,29,8,3,5,123,114,40,74,9,3,6,12,8,5,3,4,2,2
S01009019,278,243,63,180,35,6,29,28,20,2,18,8,2,6,11,9,1,8,2,0,2,24,21,1,20,3,0,3,48,39,15,24,9,3,6,22,20,2,18,2,0,2,44,38,11,27,6,0,6,92,88,30,58,4,0,4,9,8,1,7,1,1,0
S01009020,450,401,114,287,49,12,37,29,20,3,17,9,3,6,11,11,3,8,0,0,0,57,38,1,37,19,3,16,71,67,23,44,4,1,3,30,25,1,24,5,0,5,53,48,5,43,5,3,2,183,179,70,109,4,1,3,16,13,8,5,3,1,2
S01009021,377,296,99,197,81,14,67,44,17,1,16,27,6,21,24,19,4,15,5,0,5,43,27,2,25,16,1,15,61,48,22,26,13,1,12,24,19,5,14,5,0,5,29,24,5,19,5,1,4,138,131,57,74,7,3,4,14,11,3,8,3,2,1
S01009022,444,362,105,257,82,15,67,61,32,0,32,29,2,27,20,12,3,9,8,1,7,26,19,0,19,7,1,6,78,61,27,34,17,3,14,67,64,15,49,3,0,3,43,34,4,30,9,5,4,132,125,54,71,7,2,5,17,15,2,13,2,1,1
S01009023,423,292,95,197,131,39,92,41,22,2,20,19,3,16,20,7,1,6,13,4,9,55,29,0,29,26,8,18,88,54,24,30,34,8,26,38,28,2,26,10,8,2,25,17,5,12,8,3,5,137,128,58,70,9,2,7,19,7,3,4,12,3,9
S01009024,436,352,100,252,84,19,65,55,31,1,30,24,4,20,14,9,1,8,5,1,4,35,22,4,18,13,4,9,91,68,30,38,23,5,18,46,42,3,39,4,2,2,39,34,4,30,5,2,3,136,131,51,80,5,0,5,20,15,6,9,5,1,4
S01009025,439,348,112,236,91,22,69,46,33,3,30,13,4,9,16,5,0,5,11,2,9,61,41,5,36,20,3,17,73,58,24,34,15,2,13,47,37,5,32,10,1,9,33,26,8,18,7,3,4,143,136,63,73,7,3,4,20,12,4,8,8,4,4
S01009026,425,356,104,252,69,17,52,38,26,1,25,12,1,11,22,16,2,14,6,3,3,46,28,1,27,18,4,14,63,54,22,32,9,2,7,39,30,8,22,9,2,7,36,29,3,26,7,3,4,167,163,65,98,4,0,4,14,10,2,8,4,2,2
S01009027,336,249,80,169,87,30,57,46,30,2,28,16,3,13,15,9,0,9,6,4,2,42,22,3,19,20,5,15,44,31,20,11,13,6,7,32,22,5,17,10,3,7,34,24,8,16,10,4,6,110,104,41,63,6,3,3,13,7,1,6,6,2,4
S01009028,235,188,51,137,47,12,35,22,17,2,15,5,1,4,22,14,2,12,8,1,7,35,22,3,19,13,4,9,42,31,9,22,11,1,10,16,15,2,13,1,1,0,19,16,3,13,3,1,2,65,62,25,37,3,1,2,14,11,5,6,3,2,1
S01009029,286,229,60,169,57,12,45,15,11,0,11,4,1,3,45,27,3,24,18,5,13,29,23,1,22,6,0,6,36,30,14,16,6,1,5,26,17,2,15,9,1,8,16,11,3,8,5,0,5,106,101,33,68,5,3,2,13,9,4,5,4,1,3
S01009030,356,294,86,208,62,20,42,23,14,0,14,9,1,8,47,33,5,28,14,2,12,37,29,0,29,8,0,8,39,33,18,15,6,1,5,34,31,3,28,3,1,2,37,29,5,24,8,4,4,125,120,54,66,5,4,1,14,5,1,4,9,7,2
S01009031,365,314,71,243,51,10,41,21,17,5,12,4,0,4,22,16,1,15,6,1,5,54,41,1,40,13,1,12,59,50,20,30,9,4,5,43,39,3,36,4,0,4,31,27,3,24,4,1,3,123,118,37,81,5,2,3,12,6,1,5,6,1,5
S01009032,283,239,69,170,44,9,35,11,8,0,8,3,2,1,17,11,2,9,6,2,4,50,36,2,34,14,1,13,55,48,15,33,7,0,7,25,24,4,20,1,0,1,16,12,1,11,4,0,4,88,86,40,46,2,1,1,21,14,5,9,7,3,4
S01009033,350,291,99,192,59,14,45,17,10,0,10,7,1,6,21,11,1,10,10,1,9,63,51,2,49,12,1,11,57,48,20,28,9,4,5,34,33,3,30,1,1,0,21,11,4,7,10,3,7,123,120,64,56,3,1,2,14,7,5,2,7,2,5
S01009034,312,274,79,195,38,14,24,14,13,0,13,1,0,1,18,15,2,13,3,2,1,49,35,1,34,14,3,11,38,35,15,20,3,0,3,23,23,4,19,0,0,0,28,21,6,15,7,3,4,126,121,51,70,5,4,1,16,11,0,11,5,2,3
S01009035,459,397,111,286,62,15,47,26,19,1,18,7,0,7,21,20,1,19,1,0,1,40,30,1,29,10,3,7,86,71,27,44,15,2,13,49,44,3,41,5,2,3,46,39,7,32,7,0,7,179,169,69,100,10,5,5,12,5,2,3,7,3,4
S01009036,523,462,131,331,61,17,44,34,30,0,30,4,0,4,26,22,3,19,4,1,3,62,44,3,41,18,1,17,76,67,27,40,9,2,7,53,51,6,45,2,1,1,37,32,7,25,5,2,3,216,206,80,126,10,6,4,19,10,5,5,9,4,5
S01009037,464,406,115,291,58,14,44,32,30,1,29,2,0,2,25,21,2,19,4,3,1,59,38,4,34,21,3,18,80,69,24,45,11,1,10,44,41,7,34,3,0,3,50,46,15,31,4,1,3,157,153,59,94,4,3,1,17,8,3,5,9,3,6
S01009038,548,488,160,328,60,12,48,31,26,1,25,5,1,4,27,26,6,20,1,0,1,50,40,1,39,10,1,9,113,96,44,52,17,5,12,54,47,9,38,7,1,6,37,31,9,22,6,1,5,208,198,82,116,10,2,8,28,24,8,16,4,1,3
S01009039,329,292,94,198,37,7,30,15,12,3,9,3,0,3,23,20,2,18,3,1,2,40,27,0,27,13,1,12,85,76,41,35,9,2,7,28,27,2,25,1,0,1,28,26,7,19,2,1,1,99,94,34,60,5,2,3,11,10,5,5,1,0,1
S01009040,322,283,82,201,39,12,27,14,10,1,9,4,0,4,15,13,2,11,2,0,2,30,23,1,22,7,0,7,62,56,26,30,6,2,4,45,41,8,33,4,3,1,20,19,4,15,1,0,1,127,118,40,78,9,3,6,9,3,0,3,6,4,2
S01009041,439,374,86,288,65,14,51,23,19,0,19,4,0,4,22,20,0,20,2,0,2,52,36,2,34,16,3,13,93,70,27,43,23,6,17,46,42,1,41,4,1,3,34,28,11,17,6,0,6,148,144,41,103,4,1,3,21,15,4,11,6,3,3
S01009042,425,384,110,274,41,14,27,14,10,1,9,4,1,3,27,25,0,25,2,0,2,52,41,4,37,11,5,6,89,84,34,50,5,2,3,36,32,5,27,4,1,3,42,35,13,22,7,2,5,144,139,46,93,5,1,4,21,18,7,11,3,2,1
S01009043,326,295,97,198,31,7,24,11,10,1,9,1,0,1,18,17,2,15,1,0,1,39,34,1,33,5,1,4,77,66,37,29,11,3,8,30,27,4,23,3,1,2,29,28,8,20,1,0,1,110,105,39,66,5,1,4,12,8,5,3,4,1,3
S01009044,364,328,91,237,36,9,27,18,15,1,14,3,0,3,23,19,3,16,4,1,3,38,31,0,31,7,3,4,74,66,31,35,8,1,7,28,26,2,24,2,0,2,27,24,6,18,3,0,3,142,137,42,95,5,3,2,14,10,6,4,4,1,3
S01009045,320,279,84,195,41,7,34,21,18,1,17,3,2,1,17,15,1,14,2,0,2,28,19,0,19,9,1,8,64,56,31,25,8,0,8,36,30,4,26,6,0,6,25,19,5,14,6,2,4,117,114,39,75,3,0,3,12,8,3,5,4,2,2
S01009046,439,375,107,268,64,14,50,37,29,1,28,8,1,7,20,17,2,15,3,0,3,48,41,1,40,7,0,7,78,62,29,33,16,2,14,36,31,5,26,5,2,3,44,34,7,27,10,3,7,164,153,60,93,11,5,6,12,8,2,6,4,1,3
S01009047,413,368,102,266,45,11,34,24,21,1,20,3,1,2,14,11,1,10,3,1,2,39,30,0,30,9,1,8,77,65,34,31,12,1,11,41,40,6,34,1,0,1,36,30,8,22,6,4,2,166,163,50,113,3,2,1,16,8,2,6,8,1,7
S01009048,419,377,102,275,42,15,27,27,26,1,25,1,0,1,20,15,2,13,5,1,4,40,32,2,30,8,2,6,68,58,24,34,10,3,7,43,38,3,35,5,3,2,38,35,7,28,3,0,3,168,165,62,103,3,2,1,15,8,1,7,7,4,3
S01009049,296,260,73,187,36,10,26,13,11,1,10,2,0,2,20,11,2,9,9,2,7,31,19,0,19,12,2,10,43,39,18,21,4,2,2,39,36,4,32,3,2,1,23,21,5,16,2,1,1,120,117,41,76,3,0,3,7,6,2,4,1,1,0
S01009050,397,359,95,264,38,9,29,20,17,1,16,3,0,3,39,36,1,35,3,1,2,42,33,1,32,9,0,9,76,69,25,44,7,2,5,22,18,3,15,4,1,3,59,52,18,34,7,3,4,123,122,41,81,1,0,1,16,12,5,7,4,2,2
S01009051,368,326,85,241,42,5,37,8,7,0,7,1,0,1,55,54,4,50,1,0,1,40,28,0,28,12,1,11,63,61,26,35,2,0,2,40,35,6,29,5,0,5,48,39,10,29,9,1,8,96,88,34,54,8,1,7,18,14,5,9,4,2,2
S01009052,320,285,78,207,35,6,29,13,13,1,12,0,0,0,33,31,2,29,2,0,2,31,21,2,19,10,1,9,60,56,25,31,4,0,4,33,25,5,20,8,1,7,47,42,9,33,5,2,3,91,90,31,59,1,0,1,12,7,3,4,5,2,3
S01009053,190,179,57,122,11,3,8,5,5,0,5,0,0,0,23,21,1,20,2,1,1,11,10,0,10,1,1,0,55,50,29,21,5,0,5,14,13,2,11,1,0,1,21,20,8,12,1,1,0,54,54,14,40,0,0,0,7,6,3,3,1,0,1
S01009054,270,254,66,188,16,5,11,11,11,2,9,0,0,0,23,23,3,20,0,0,0,32,27,2,25,5,0,5,64,60,22,38,4,1,3,22,20,3,17,2,0,2,25,24,6,18,1,1,0,82,78,22,56,4,3,1,11,11,6,5,0,0,0
S01009055,453,376,87,289,77,8,69,35,17,1,16,18,1,17,30,30,2,28,0,0,0,61,46,2,44,15,2,13,86,75,27,48,11,0,11,27,22,3,19,5,1,4,69,57,16,41,12,2,10,122,115,31,84,7,0,7,23,14,5,9,9,2,7
S01009056,219,191,57,134,28,4,24,9,8,1,7,1,0,1,24,20,1,19,4,1,3,25,16,0,16,9,0,9,59,54,23,31,5,0,5,21,19,2,17,2,0,2,20,16,6,10,4,3,1,53,51,21,30,2,0,2,8,7,3,4,1,0,1
S01009057,236,214,62,152,22,2,20,12,12,2,10,0,0,0,15,15,0,15,0,0,0,30,18,1,17,12,0,12,67,63,27,36,4,1,3,11,10,0,10,1,1,0,22,22,4,18,0,0,0,66,66,24,42,0,0,0,13,8,4,4,5,0,5
S01009058,357,334,74,260,23,9,14,24,23,1,22,1,1,0,34,33,1,32,1,0,1,33,29,2,27,4,1,3,77,74,29,45,3,1,2,19,16,3,13,3,2,1,52,51,5,46,1,0,1,100,96,30,66,4,1,3,18,12,3,9,6,3,3
S01009059,474,415,103,312,59,10,49,15,14,1,13,1,0,1,51,51,1,50,0,0,0,49,33,1,32,16,0,16,89,78,34,44,11,3,8,43,33,4,29,10,0,10,67,58,13,45,9,2,7,138,132,47,85,6,3,3,22,16,2,14,6,2,4
S01009060,329,278,59,219,51,10,41,17,13,0,13,4,0,4,32,30,4,26,2,0,2,37,25,2,23,12,3,9,62,48,15,33,14,4,10,16,10,2,8,6,0,6,47,43,7,36,4,1,3,103,96,22,74,7,1,6,15,13,7,6,2,1,1
S01009061,433,406,132,274,27,8,19,9,8,1,7,1,0,1,46,46,3,43,0,0,0,43,34,0,34,9,2,7,118,116,62,54,2,1,1,27,24,2,22,3,1,2,54,48,13,35,6,1,5,123,119,47,72,4,2,2,13,11,4,7,2,1,1
S01009062,271,250,84,166,21,5,16,10,9,0,9,1,0,1,30,29,1,28,1,0,1,28,22,0,22,6,0,6,60,55,28,27,5,1,4,18,16,3,13,2,2,0,33,33,11,22,0,0,0,78,77,35,42,1,0,1,14,9,6,3,5,2,3
S01009063,390,358,103,255,32,5,27,13,11,2,9,2,0,2,37,35,1,34,2,1,1,38,30,1,29,8,0,8,94,88,43,45,6,1,5,27,25,1,24,2,0,2,39,34,10,24,5,1,4,126,124,42,82,2,1,1,16,11,3,8,5,1,4
S01009064,272,258,64,194,14,2,12,6,6,1,5,0,0,0,31,31,2,29,0,0,0,37,32,2,30,5,0,5,48,46,22,24,2,0,2,19,16,2,14,3,0,3,39,38,8,30,1,0,1,86,83,22,61,3,2,1,6,6,5,1,0,0,0
S01009065,268,243,74,169,25,7,18,16,14,3,11,2,1,1,22,20,1,19,2,1,1,34,26,0,26,8,1,7,66,62,29,33,4,2,2,15,11,4,7,4,1,3,42,39,7,32,3,0,3,64,62,25,37,2,1,1,9,9,5,4,0,0,0
S01009066,323,299,86,213,24,7,17,10,10,1,9,0,0,0,31,31,4,27,0,0,0,42,32,2,30,10,1,9,65,60,29,31,5,1,4,34,32,3,29,2,0,2,33,30,7,23,3,2,1,97,95,36,59,2,2,0,11,9,4,5,2,1,1
S01009067,502,445,112,333,57,9,48,9,6,0,6,3,0,3,61,58,4,54,3,0,3,49,32,1,31,17,3,14,96,87,40,47,9,0,9,36,30,3,27,6,0,6,62,53,12,41,9,2,7,178,172,48,124,6,2,4,11,7,4,3,4,2,2
S01009068,463,428,108,320,35,6,29,21,21,3,18,0,0,0,50,47,4,43,3,1,2,52,40,1,39,12,1,11,103,95,42,53,8,2,6,34,31,4,27,3,1,2,51,49,12,37,2,0,2,135,132,36,96,3,0,3,17,13,6,7,4,1,3
S01009069,380,337,75,262,43,6,37,5,3,1,2,2,0,2,48,47,0,47,1,0,1,44,30,1,29,14,0,14,53,46,18,28,7,2,5,27,24,0,24,3,0,3,42,36,9,27,6,1,5,143,138,40,98,5,0,5,18,13,6,7,5,3,2
S01009070,354,310,79,231,44,11,33,11,10,1,9,1,0,1,36,33,3,30,3,0,3,26,14,0,14,12,0,12,81,72,27,45,9,1,8,33,27,6,21,6,2,4,46,40,9,31,6,4,2,105,102,29,73,3,2,1,16,12,4,8,4,2,2
S01009071,254,217,61,156,37,6,31,15,11,0,11,4,1,3,35,33,5,28,2,0,2,32,20,1,19,12,2,10,44,39,16,23,5,1,4,19,13,1,12,6,1,5,32,28,7,21,4,1,3,67,65,28,37,2,0,2,10,8,3,5,2,0,2
S01009072,263,224,59,165,39,9,30,9,7,1,6,2,1,1,23,22,1,21,1,0,1,31,22,0,22,9,1,8,58,51,19,32,7,0,7,19,14,4,10,5,1,4,34,31,6,25,3,2,1,75,71,26,45,4,1,3,14,6,2,4,8,3,5
S01009073,258,232,76,156,26,8,18,5,4,0,4,1,0,1,24,24,3,21,0,0,0,31,25,1,24,6,0,6,73,67,36,31,6,1,5,24,19,6,13,5,2,3,20,16,1,15,4,3,1,73,71,28,43,2,2,0,8,6,1,5,2,0,2
S01009074,329,304,101,203,25,3,22,11,10,3,7,1,0,1,37,36,2,34,1,1,0,42,31,1,30,11,0,11,84,80,40,40,4,0,4,19,17,1,16,2,0,2,39,35,17,18,4,1,3,87,86,32,54,1,0,1,10,9,5,4,1,1,0
S01009075,243,212,63,149,31,7,24,5,4,1,3,1,0,1,24,21,3,18,3,0,3,28,21,1,20,7,0,7,59,53,24,29,6,1,5,25,21,6,15,4,0,4,25,21,6,15,4,2,2,63,60,18,42,3,2,1,14,11,4,7,3,2,1
S01009076,550,487,118,369,63,12,51,16,15,1,14,1,0,1,52,50,2,48,2,1,1,59,44,2,42,15,1,14,97,92,45,47,5,1,4,64,51,7,44,13,3,10,68,58,13,45,10,3,7,168,160,43,117,8,1,7,26,17,5,12,9,2,7
S01009077,317,285,74,211,32,10,22,13,13,0,13,0,0,0,29,29,0,29,0,0,0,32,25,3,22,7,1,6,64,59,28,31,5,1,4,26,17,2,15,9,3,6,53,46,10,36,7,2,5,91,89,29,60,2,1,1,9,7,2,5,2,2,0
S01009078,460,420,85,335,40,10,30,15,15,2,13,0,0,0,52,49,3,46,3,1,2,40,32,1,31,8,0,8,59,58,16,42,1,0,1,35,31,1,30,4,0,4,75,72,13,59,3,1,2,165,152,46,106,13,5,8,19,11,3,8,8,3,5
S01009079,377,342,97,245,35,6,29,22,21,3,18,1,0,1,45,43,2,41,2,2,0,36,29,0,29,7,0,7,85,79,35,44,6,0,6,27,21,2,19,6,2,4,34,31,6,25,3,0,3,115,110,45,65,5,0,5,13,8,4,4,5,2,3
S01009080,416,373,112,261,43,13,30,15,13,0,13,2,1,1,74,69,6,63,5,2,3,48,37,4,33,11,1,10,83,78,41,37,5,1,4,27,23,2,21,4,0,4,32,30,4,26,2,2,0,115,109,49,60,6,2,4,22,14,6,8,8,4,4
S01009081,332,292,59,233,40,6,34,4,4,0,4,0,0,0,43,40,1,39,3,0,3,43,30,3,27,13,0,13,62,60,20,40,2,0,2,21,14,2,12,7,0,7,39,35,8,27,4,1,3,108,102,23,79,6,3,3,12,7,2,5,5,2,3
S01009082,464,408,116,292,56,10,46,17,17,1,16,0,0,0,61,57,2,55,4,1,3,57,40,5,35,17,1,16,105,95,48,47,10,0,10,35,27,2,25,8,3,5,40,33,17,16,7,2,5,130,126,36,90,4,0,4,19,13,5,8,6,3,3
S01009083,371,344,86,258,27,7,20,12,11,0,11,1,1,0,59,57,3,54,2,0,2,38,33,3,30,5,0,5,90,85,35,50,5,1,4,24,21,1,20,3,0,3,29,25,4,21,4,1,3,105,103,37,66,2,2,0,14,9,3,6,5,2,3
S01009084,255,203,49,154,52,5,47,13,6,1,5,7,1,6,25,24,3,21,1,0,1,31,15,1,14,16,1,15,49,35,13,22,14,1,13,22,19,1,18,3,0,3,29,26,5,21,3,1,2,75,72,21,51,3,1,2,11,6,4,2,5,0,5
S01009085,497,458,99,359,39,7,32,15,15,3,12,0,0,0,50,48,3,45,2,1,1,50,39,5,34,11,2,9,95,92,30,62,3,2,1,42,32,2,30,10,0,10,74,71,13,58,3,2,1,157,152,39,113,5,0,5,14,9,4,5,5,0,5
S01009086,349,314,91,223,35,15,20,12,11,0,11,1,0,1,33,33,1,32,0,0,0,35,27,4,23,8,3,5,82,76,29,47,6,0,6,29,22,4,18,7,3,4,38,34,14,20,4,4,0,101,97,35,62,4,1,3,19,14,4,10,5,4,1
S01009087,272,252,68,184,20,7,13,6,6,0,6,0,0,0,32,30,0,30,2,1,1,37,22,1,21,15,5,10,60,60,27,33,0,0,0,14,13,0,13,1,0,1,34,34,5,29,0,0,0,76,74,30,44,2,1,1,13,13,5,8,0,0,0
S01009088,517,443,121,322,74,13,61,13,7,0,7,6,0,6,47,44,2,42,3,1,2,45,33,4,29,12,3,9,103,86,39,47,17,0,17,40,35,4,31,5,0,5,79,65,13,52,14,2,12,172,162,54,108,10,4,6,18,11,5,6,7,3,4
S01009089,529,468,132,336,61,12,49,16,14,1,13,2,0,2,58,55,1,54,3,0,3,33,24,1,23,9,1,8,83,65,33,32,18,2,16,30,27,4,23,3,0,3,116,105,23,82,11,4,7,173,164,65,99,9,4,5,20,14,4,10,6,1,5
S01009090,532,481,88,393,51,7,44,23,20,1,19,3,0,3,44,41,5,36,3,0,3,47,34,5,29,13,1,12,90,78,20,58,12,0,12,31,29,5,24,2,0,2,112,102,12,90,10,1,9,171,166,36,130,5,4,1,14,11,4,7,3,1,2
S01009091,388,352,102,250,36,8,28,19,18,3,15,1,0,1,40,37,1,36,3,1,2,24,22,2,20,2,0,2,64,55,26,29,9,1,8,26,22,4,18,4,0,4,95,86,13,73,9,2,7,110,104,49,55,6,3,3,10,8,4,4,2,1,1
S01009092,500,462,125,337,38,10,28,19,19,2,17,0,0,0,51,47,2,45,4,0,4,30,23,2,21,7,1,6,109,99,38,61,10,1,9,35,35,1,34,0,0,0,74,67,21,46,7,3,4,155,151,52,99,4,3,1,27,21,7,14,6,2,4
S01009093,375,339,111,228,36,12,24,4,4,1,3,0,0,0,33,31,1,30,2,0,2,29,22,1,21,7,1,6,96,88,48,40,8,4,4,38,27,2,25,11,2,9,53,51,16,35,2,1,1,101,98,34,64,3,2,1,21,18,8,10,3,2,1
S01009094,295,272,67,205,23,10,13,12,11,0,11,1,1,0,32,30,4,26,2,0,2,18,14,0,14,4,1,3,52,47,18,29,5,3,2,18,17,2,15,1,0,1,47,42,6,36,5,1,4,103,101,34,67,2,1,1,13,10,3,7,3,3,0
S01009095,395,332,92,240,63,18,45,16,14,1,13,2,0,2,31,28,1,27,3,0,3,26,15,1,14,11,2,9,87,73,38,35,14,5,9,26,21,4,17,5,1,4,65,50,9,41,15,5,10,125,113,29,84,12,4,8,19,18,9,9,1,1,0
S01009096,527,467,109,358,60,14,46,12,11,0,11,1,0,1,34,29,1,28,5,0,5,38,26,5,21,12,0,12,86,76,27,49,10,2,8,39,35,3,32,4,2,2,122,108,22,86,14,4,10,183,172,48,124,11,6,5,13,10,3,7,3,0,3
S01009097,496,464,111,353,32,11,21,18,18,2,16,0,0,0,57,54,2,52,3,1,2,33,27,2,25,6,2,4,85,79,32,47,6,1,5,43,36,6,30,7,3,4,82,77,17,60,5,3,2,168,165,47,118,3,0,3,10,8,3,5,2,1,1
S01009098,245,211,60,151,34,17,17,5,5,0,5,0,0,0,22,20,0,20,2,1,1,24,19,0,19,5,3,2,50,43,26,17,7,3,4,12,9,1,8,3,2,1,40,30,7,23,10,3,7,80,73,21,52,7,5,2,12,12,5,7,0,0,0
S01009099,361,336,90,246,25,4,21,11,10,2,8,1,0,1,43,43,4,39,0,0,0,40,31,2,29,9,2,7,71,63,26,37,8,0,8,27,24,7,17,3,1,2,45,44,15,29,1,0,1,112,111,31,80,1,1,0,12,10,3,7,2,0,2
S01009100,316,286,83,203,30,6,24,5,5,0,5,0,0,0,29,27,4,23,2,1,1,29,23,1,22,6,0,6,80,73,33,40,7,0,7,31,24,3,21,7,0,7,40,35,6,29,5,3,2,90,89,30,59,1,1,0,12,10,6,4,2,1,1
S01009101,451,415,128,287,36,17,19,13,12,1,11,1,0,1,57,56,2,54,1,0,1,34,28,1,27,6,2,4,117,107,45,62,10,4,6,35,29,7,22,6,1,5,56,51,18,33,5,3,2,125,122,48,74,3,3,0,14,10,6,4,4,4,0
S01009102,341,320,109,211,21,5,16,6,6,3,3,0,0,0,42,41,4,37,1,0,1,38,30,3,27,8,1,7,80,79,40,39,1,1,0,22,16,4,12,6,0,6,51,48,20,28,3,2,1,92,91,32,59,1,1,0,10,9,3,6,1,0,1
S01009103,273,257,68,189,16,4,12,12,11,2,9,1,0,1,36,35,1,34,1,0,1,16,15,4,11,1,0,1,49,45,19,26,4,0,4,17,15,2,13,2,1,1,35,32,8,24,3,0,3,97,94,27,67,3,2,1,11,10,5,5,1,1,0
S01009104,380,352,108,244,28,9,19,9,9,0,9,0,0,0,39,38,3,35,1,0,1,46,37,4,33,9,1,8,78,74,39,35,4,1,3,25,22,1,21,3,0,3,49,43,16,27,6,4,2,126,121,44,77,5,3,2,8,8,1,7,0,0,0
S01009105,419,380,91,289,39,5,34,10,9,0,9,1,0,1,32,29,1,28,3,0,3,42,30,1,29,12,1,11,83,73,29,44,10,0,10,31,27,4,23,4,0,4,64,61,14,47,3,1,2,136,133,36,97,3,2,1,21,18,6,12,3,1,2
S01009106,276,253,57,196,23,3,20,8,7,1,6,1,0,1,35,34,1,33,1,0,1,22,18,1,17,4,0,4,53,49,19,30,4,2,2,24,18,2,16,6,0,6,33,31,6,25,2,0,2,85,81,21,60,4,1,3,16,15,6,9,1,0,1
S01009107,461,436,118,318,25,7,18,13,13,1,12,0,0,0,68,67,5,62,1,1,0,36,29,4,25,7,0,7,80,74,27,47,6,2,4,27,24,4,20,3,2,1,80,76,17,59,4,0,4,149,147,58,89,2,1,1,8,6,2,4,2,1,1
S01009108,386,353,100,253,33,8,25,15,14,4,10,1,0,1,45,42,1,41,3,0,3,37,28,3,25,9,3,6,73,68,28,40,5,1,4,26,22,4,18,4,0,4,58,55,13,42,3,0,3,111,108,39,69,3,2,1,21,16,8,8,5,2,3
S01009109,378,348,103,245,30,7,23,14,12,1,11,2,0,2,30,29,2,27,1,0,1,21,17,0,17,4,1,3,89,83,38,45,6,1,5,29,26,3,23,3,1,2,43,36,9,27,7,1,6,135,130,45,85,5,2,3,17,15,5,10,2,1,1
S01009110,289,268,72,196,21,2,19,9,9,1,8,0,0,0,30,30,2,28,0,0,0,29,19,1,18,10,0,10,61,58,19,39,3,0,3,10,9,1,8,1,0,1,38,37,12,25,1,0,1,99,96,32,64,3,1,2,13,10,4,6,3,1,2
S01009111,511,467,121,346,44,9,35,19,17,1,16,2,0,2,45,45,3,42,0,0,0,36,25,3,22,11,0,11,117,108,32,76,9,3,6,30,25,5,20,5,1,4,80,73,14,59,7,2,5,170,164,58,106,6,2,4,14,10,5,5,4,1,3
S01009112,273,240,71,169,33,5,28,10,10,0,10,0,0,0,28,26,2,24,2,0,2,15,10,1,9,5,1,4,57,47,21,26,10,0,10,18,13,3,10,5,0,5,34,32,7,25,2,1,1,94,86,30,56,8,3,5,17,16,7,9,1,0,1
S01009113,465,421,98,323,44,9,35,15,13,0,13,2,0,2,54,51,2,49,3,0,3,39,29,0,29,10,1,9,114,100,34,66,14,4,10,38,30,3,27,8,2,6,69,66,14,52,3,1,2,128,126,42,84,2,1,1,8,6,3,3,2,0,2
S01009114,448,412,104,308,36,6,30,13,13,0,13,0,0,0,58,56,3,53,2,0,2,38,29,3,26,9,1,8,105,96,36,60,9,4,5,33,28,7,21,5,0,5,66,58,14,44,8,1,7,126,123,38,85,3,0,3,9,9,3,6,0,0,0
S01009115,340,310,83,227,30,11,19,9,9,1,8,0,0,0,40,37,1,36,3,1,2,27,18,1,17,9,3,6,71,65,31,34,6,2,4,25,22,1,21,3,1,2,41,35,10,25,6,2,4,120,117,34,83,3,2,1,7,7,4,3,0,0,0
S01009116,265,248,70,178,17,3,14,13,13,1,12,0,0,0,31,29,2,27,2,1,1,25,21,0,21,4,0,4,55,51,24,27,4,0,4,5,4,1,3,1,0,1,36,33,6,27,3,0,3,83,81,28,53,2,2,0,17,16,8,8,1,0,1
S01009117,450,413,101,312,37,13,24,16,15,0,15,1,1,0,50,49,2,47,1,1,0,44,30,0,30,14,4,10,87,81,32,49,6,3,3,32,30,2,28,2,1,1,69,64,14,50,5,1,4,126,121,40,81,5,0,5,26,23,11,12,3,2,1
S01009118,376,349,101,248,27,7,20,13,12,0,12,1,0,1,56,54,2,52,2,0,2,26,20,1,19,6,2,4,71,68,31,37,3,0,3,21,20,4,16,1,1,0,56,50,13,37,6,1,5,121,115,47,68,6,3,3,12,10,3,7,2,0,2
S01009119,335,306,92,214,29,4,25,10,10,1,9,0,0,0,63,59,7,52,4,0,4,35,31,1,30,4,0,4,65,62,32,30,3,1,2,26,20,2,18,6,0,6,36,35,9,26,1,0,1,89,79,34,45,10,2,8,11,10,6,4,1,1,0
S01009120,260,243,67,176,17,4,13,7,7,0,7,0,0,0,24,24,0,24,0,0,0,29,25,0,25,4,1,3,76,70,31,39,6,1,5,21,19,3,16,2,0,2,40,38,9,29,2,1,1,56,53,22,31,3,1,2,7,7,2,5,0,0,0
S01009121,420,386,100,286,34,5,29,14,14,0,14,0,0,0,38,35,3,32,3,0,3,45,37,3,34,8,0,8,111,103,38,65,8,1,7,39,35,6,29,4,0,4,66,59,12,47,7,4,3,77,75,26,49,2,0,2,30,28,12,16,2,0,2
S01009122,460,381,110,271,79,16,63,29,13,3,10,16,2,14,66,61,9,52,5,0,5,35,26,4,22,9,1,8,92,77,35,42,15,2,13,20,16,1,15,4,0,4,74,60,11,49,14,5,9,124,114,43,71,10,2,8,20,14,4,10,6,4,2
S01009123,304,265,65,200,39,15,24,10,9,1,8,1,0,1,35,35,2,33,0,0,0,35,24,2,22,11,5,6,57,49,16,33,8,1,7,21,16,5,11,5,3,2,49,44,6,38,5,2,3,83,79,29,50,4,1,3,14,9,4,5,5,3,2
S01009124,295,259,71,188,36,12,24,8,8,1,7,0,0,0,39,37,4,33,2,1,1,31,25,0,25,6,1,5,63,62,23,39,1,0,1,16,14,2,12,2,1,1,48,34,9,25,14,5,9,79,72,31,41,7,1,6,11,7,1,6,4,3,1
S01009125,296,276,71,205,20,4,16,14,14,2,12,0,0,0,39,38,1,37,1,0,1,34,27,1,26,7,2,5,70,66,28,38,4,1,3,15,14,2,12,1,0,1,26,23,6,17,3,1,2,91,87,29,58,4,0,4,7,7,2,5,0,0,0
S01009126,228,210,68,142,18,9,9,6,6,0,6,0,0,0,32,30,2,28,2,0,2,17,10,1,9,7,4,3,57,54,21,33,3,1,2,17,15,3,12,2,1,1,34,32,13,19,2,1,1,61,59,26,33,2,2,0,4,4,2,2,0,0,0
S01009127,248,231,72,159,17,4,13,7,7,0,7,0,0,0,37,37,3,34,0,0,0,22,12,0,12,10,3,7,63,60,32,28,3,0,3,13,11,1,10,2,1,1,23,23,5,18,0,0,0,72,71,25,46,1,0,1,11,10,6,4,1,0,1
S01009128,312,288,76,212,24,6,18,13,13,1,12,0,0,0,31,31,1,30,0,0,0,35,22,1,21,13,0,13,82,82,32,50,0,0,0,21,14,7,7,7,3,4,51,50,16,34,1,1,0,69,68,14,54,1,1,0,10,8,4,4,2,1,1
S01009129,211,204,66,138,7,4,3,6,6,0,6,0,0,0,27,27,1,26,0,0,0,21,21,0,21,0,0,0,53,50,29,21,3,2,1,5,5,0,5,0,0,0,30,28,9,19,2,1,1,58,58,22,36,0,0,0,11,9,5,4,2,1,1
S01009130,317,289,79,210,28,4,24,2,2,0,2,0,0,0,40,36,3,33,4,1,3,21,15,0,15,6,1,5,75,69,25,44,6,0,6,25,20,1,19,5,0,5,66,62,21,41,4,2,2,74,72,25,47,2,0,2,14,13,4,9,1,0,1
S01009131,235,220,50,170,15,8,7,5,5,1,4,0,0,0,32,32,1,31,0,0,0,22,20,0,20,2,0,2,56,53,22,31,3,2,1,23,20,1,19,3,1,2,25,22,5,17,3,2,1,63,62,17,45,1,1,0,9,6,3,3,3,2,1
S01009132,467,435,114,321,32,7,25,15,13,1,12,2,0,2,57,57,4,53,0,0,0,38,31,4,27,7,0,7,87,79,36,43,8,2,6,36,34,3,31,2,0,2,78,68,16,52,10,3,7,142,140,46,94,2,2,0,14,13,4,9,1,0,1
S01009133,275,254,60,194,21,8,13,6,6,0,6,0,0,0,35,35,1,34,0,0,0,26,19,0,19,7,2,5,71,68,21,47,3,1,2,20,17,2,15,3,0,3,35,33,13,20,2,0,2,72,70,21,49,2,2,0,10,6,2,4,4,3,1
S01009134,474,436,111,325,38,8,30,15,15,0,15,0,0,0,49,49,5,44,0,0,0,45,30,1,29,15,3,12,111,105,43,62,6,0,6,34,31,1,30,3,1,2,50,45,11,34,5,1,4,147,145,49,96,2,1,1,23,16,1,15,7,2,5
S01009135,346,318,69,249,28,7,21,18,17,1,16,1,0,1,36,32,1,31,4,0,4,15,10,0,10,5,1,4,78,72,27,45,6,1,5,28,27,2,25,1,0,1,54,52,7,45,2,1,1,100,95,28,67,5,2,3,17,13,3,10,4,2,2
S01009136,388,346,79,267,42,9,33,16,14,1,13,2,0,2,41,40,1,39,1,0,1,30,24,2,22,6,0,6,75,62,23,39,13,1,12,24,23,0,23,1,1,0,68,61,15,46,7,1,6,117,112,32,80,5,3,2,17,10,5,5,7,3,4
S01009137,386,340,87,253,46,8,38,15,13,1,12,2,0,2,46,42,7,35,4,0,4,28,23,1,22,5,0,5,69,63,26,37,6,0,6,19,14,5,9,5,1,4,77,65,14,51,12,2,10,117,111,28,83,6,1,5,15,9,5,4,6,4,2
S01009138,487,427,90,337,60,13,47,16,16,1,15,0,0,0,49,46,3,43,3,0,3,44,29,4,25,15,3,12,90,83,31,52,7,0,7,38,30,0,30,8,4,4,85,77,11,66,8,1,7,145,132,36,96,13,0,13,20,14,4,10,6,5,1
S01009139,214,197,52,145,17,3,14,5,5,0,5,0,0,0,25,24,3,21,1,0,1,15,11,0,11,4,0,4,60,58,28,30,2,0,2,12,8,1,7,4,0,4,40,38,9,29,2,0,2,48,48,11,37,0,0,0,9,5,0,5,4,3,1
S01009140,363,338,81,257,25,6,19,14,13,2,11,1,0,1,46,46,7,39,0,0,0,29,20,1,19,9,1,8,87,84,28,56,3,1,2,25,24,1,23,1,0,1,37,35,10,25,2,0,2,102,99,25,74,3,1,2,23,17,7,10,6,3,3
S01009141,383,350,80,270,33,7,26,17,17,2,15,0,0,0,41,39,2,37,2,1,1,27,20,0,20,7,1,6,87,83,29,54,4,0,4,28,24,1,23,4,0,4,53,48,12,36,5,1,4,108,103,29,74,5,1,4,22,16,5,11,6,3,3
S01009142,296,274,52,222,22,4,18,8,7,1,6,1,0,1,39,37,2,35,2,0,2,27,21,0,21,6,0,6,81,78,22,56,3,1,2,29,26,3,23,3,1,2,39,35,6,29,4,0,4,58,58,12,46,0,0,0,15,12,6,6,3,2,1
S01009143,244,224,75,149,20,6,14,13,13,1,12,0,0,0,18,18,1,17,0,0,0,22,16,0,16,6,1,5,71,66,31,35,5,3,2,16,15,5,10,1,1,0,24,22,6,16,2,0,2,69,65,28,37,4,0,4,11,9,3,6,2,1,1
S01009144,451,415,64,351,36,9,27,24,23,2,21,1,0,1,62,60,1,59,2,1,1,53,40,2,38,13,1,12,85,80,28,52,5,1,4,29,28,1,27,1,1,0,75,70,8,62,5,0,5,107,106,18,88,1,0,1,16,8,4,4,8,5,3
S01009145,458,426,118,308,32,6,26,13,13,0,13,0,0,0,58,56,6,50,2,0,2,50,36,2,34,14,0,14,108,105,45,60,3,1,2,37,32,2,30,5,1,4,43,41,8,33,2,1,1,128,127,48,79,1,0,1,21,16,7,9,5,3,2
S01009146,447,414,112,302,33,10,23,21,18,2,16,3,0,3,46,46,5,41,0,0,0,42,30,1,29,12,2,10,115,108,49,59,7,2,5,33,29,4,25,4,0,4,68,67,9,58,1,1,0,95,91,31,60,4,4,0,27,25,11,14,2,1,1
S01009147,331,309,91,218,22,9,13,9,9,1,8,0,0,0,35,34,2,32,1,1,0,38,31,2,29,7,0,7,93,88,36,52,5,2,3,23,21,2,19,2,1,1,35,33,10,23,2,2,0,88,87,36,51,1,1,0,10,6,2,4,4,2,2
S01009148,313,300,102,198,13,1,12,5,5,1,4,0,0,0,55,54,4,50,1,0,1,30,28,1,27,2,0,2,98,93,51,42,5,0,5,24,21,1,20,3,1,2,32,31,12,19,1,0,1,54,53,24,29,1,0,1,15,15,8,7,0,0,0
S01009149,414,365,93,272,49,17,32,15,15,0,15,0,0,0,52,50,0,50,2,0,2,31,23,3,20,8,4,4,94,84,47,37,10,4,6,33,22,5,17,11,1,10,61,56,10,46,5,1,4,107,103,22,81,4,2,2,21,12,6,6,9,5,4
S01009150,93,82,28,54,11,2,9,5,4,2,2,1,0,1,3,3,0,3,0,0,0,6,4,0,4,2,1,1,29,25,11,14,4,0,4,7,4,0,4,3,0,3,11,11,5,6,0,0,0,27,27,8,19,0,0,0,5,4,2,2,1,1,0
S01009151,341,300,68,232,41,12,29,13,12,1,11,1,0,1,29,28,0,28,1,0,1,24,15,0,15,9,3,6,59,53,22,31,6,3,3,27,25,3,22,2,0,2,63,50,14,36,13,4,9,111,107,27,80,4,0,4,15,10,1,9,5,2,3
S01009152,291,266,42,224,25,3,22,14,14,1,13,0,0,0,25,25,1,24,0,0,0,36,29,3,26,7,2,5,55,52,13,39,3,0,3,18,16,0,16,2,0,2,61,56,7,49,5,0,5,67,63,14,49,4,1,3,15,11,3,8,4,0,4
S01009153,277,231,47,184,46,11,35,9,9,0,9,0,0,0,25,25,1,24,0,0,0,16,9,0,9,7,1,6,64,55,24,31,9,2,7,28,22,3,19,6,2,4,49,35,5,30,14,3,11,77,69,13,56,8,3,5,9,7,1,6,2,0,2
S01009154,460,384,97,287,76,16,60,24,23,3,20,1,0,1,46,44,1,43,2,0,2,29,19,0,19,10,2,8,80,64,29,35,16,2,14,24,16,3,13,8,1,7,97,79,16,63,18,3,15,134,123,36,87,11,5,6,26,16,9,7,10,3,7
S01009155,259,233,60,173,26,6,20,3,3,0,3,0,0,0,22,20,1,19,2,0,2,20,13,0,13,7,2,5,45,43,21,22,2,0,2,13,12,1,11,1,0,1,48,40,9,31,8,1,7,98,92,24,68,6,3,3,10,10,4,6,0,0,0
S01009156,259,226,66,160,33,9,24,7,7,0,7,0,0,0,17,14,0,14,3,0,3,13,7,2,5,6,1,5,45,37,18,19,8,3,5,14,10,2,8,4,1,3,59,53,12,41,6,2,4,87,83,28,55,4,1,3,17,15,4,11,2,1,1
S01009157,401,366,103,263,35,13,22,15,15,2,13,0,0,0,40,36,3,33,4,1,3,37,30,2,28,7,2,5,93,84,42,42,9,2,7,20,18,0,18,2,1,1,44,40,12,28,4,2,2,132,127,38,89,5,3,2,20,16,4,12,4,2,2
S01009158,265,249,61,188,16,9,7,7,6,2,4,1,0,1,39,39,2,37,0,0,0,18,16,1,15,2,1,1,55,54,21,33,1,1,0,19,18,3,15,1,1,0,31,26,3,23,5,2,3,84,82,24,58,2,1,1,12,8,5,3,4,3,1
S01009159,194,179,62,117,15,1,14,6,6,1,5,0,0,0,15,14,1,13,1,0,1,12,10,1,9,2,0,2,56,51,28,23,5,0,5,13,7,0,7,6,0,6,32,32,9,23,0,0,0,53,52,19,33,1,1,0,7,7,3,4,0,0,0
S01009160,303,279,77,202,24,5,19,6,6,1,5,0,0,0,40,39,1,38,1,0,1,24,17,1,16,7,0,7,80,74,37,37,6,0,6,26,24,3,21,2,0,2,31,28,9,19,3,2,1,88,84,23,61,4,2,2,8,7,2,5,1,1,0
S01009161,248,235,81,154,13,3,10,8,8,0,8,0,0,0,25,25,1,24,0,0,0,15,14,0,14,1,0,1,76,71,38,33,5,2,3,18,14,4,10,4,1,3,25,24,9,15,1,0,1,71,70,26,44,1,0,1,10,9,3,6,1,0,1
S01009162,335,320,67,253,15,5,10,10,10,3,7,0,0,0,46,46,3,43,0,0,0,27,25,2,23,2,0,2,61,60,21,39,1,0,1,29,26,3,23,3,0,3,46,44,4,40,2,2,0,95,94,25,69,1,1,0,21,15,6,9,6,2,4
S01009163,226,208,54,154,18,5,13,11,10,2,8,1,0,1,22,20,2,18,2,0,2,12,10,0,10,2,0,2,50,46,21,25,4,0,4,18,17,0,17,1,0,1,21,20,4,16,1,0,1,80,77,24,53,3,2,1,12,8,1,7,4,3,1
S01009164,345,326,85,241,19,3,16,16,16,1,15,0,0,0,31,31,3,28,0,0,0,35,31,2,29,4,1,3,93,90,38,52,3,1,2,37,31,3,28,6,0,6,26,26,6,20,0,0,0,94,90,27,63,4,1,3,13,11,5,6,2,0,2
S01009165,299,284,78,206,15,5,10,16,16,2,14,0,0,0,27,27,0,27,0,0,0,25,22,0,22,3,0,3,79,75,30,45,4,1,3,26,25,3,22,1,0,1,33,32,10,22,1,0,1,74,71,29,42,3,3,0,19,16,4,12,3,1,2
S01009166,341,325,112,213,16,4,12,8,8,0,8,0,0,0,23,23,1,22,0,0,0,35,28,4,24,7,0,7,90,86,47,39,4,2,2,21,18,5,13,3,1,2,46,44,19,25,2,1,1,107,107,29,78,0,0,0,11,11,7,4,0,0,0
S01009167,239,217,63,154,22,8,14,5,5,1,4,0,0,0,32,32,2,30,0,0,0,19,13,0,13,6,1,5,76,71,26,45,5,2,3,16,10,1,9,6,1,5,23,22,10,12,1,0,1,57,53,18,35,4,4,0,11,11,5,6,0,0,0
S01009168,319,291,81,210,28,13,15,9,9,0,9,0,0,0,52,49,6,43,3,1,2,24,19,2,17,5,2,3,60,57,23,34,3,2,1,24,21,6,15,3,1,2,53,47,12,35,6,3,3,78,77,25,52,1,1,0,19,12,7,5,7,3,4
S01009169,256,234,78,156,22,3,19,5,4,0,4,1,0,1,32,32,2,30,0,0,0,19,14,0,14,5,1,4,58,51,27,24,7,0,7,18,14,5,9,4,0,4,31,29,6,23,2,1,1,79,78,31,47,1,0,1,14,12,7,5,2,1,1
S01009170,323,289,90,199,34,11,23,4,2,0,2,2,0,2,34,31,3,28,3,0,3,34,24,0,24,10,1,9,99,94,42,52,5,1,4,27,23,2,21,4,2,2,33,32,9,23,1,1,0,84,80,33,47,4,2,2,8,3,1,2,5,4,1
S01009171,334,305,81,224,29,9,20,8,8,2,6,0,0,0,42,42,3,39,0,0,0,27,18,1,17,9,1,8,73,68,22,46,5,3,2,49,43,10,33,6,0,6,34,32,11,21,2,0,2,83,81,27,54,2,1,1,18,13,5,8,5,4,1
S01009172,348,293,61,232,55,20,35,6,6,1,5,0,0,0,31,31,3,28,0,0,0,20,16,1,15,4,1,3,51,44,18,26,7,0,7,22,17,2,15,5,1,4,74,61,7,54,13,5,8,132,111,25,86,21,10,11,12,7,4,3,5,3,2
S01009173,429,385,97,288,44,11,33,11,8,0,8,3,1,2,51,46,5,41,5,2,3,25,16,2,14,9,0,9,73,65,27,38,8,2,6,29,26,5,21,3,1,2,82,76,16,60,6,2,4,131,124,31,93,7,2,5,27,24,11,13,3,1,2
S01009174,291,252,62,190,39,5,34,8,6,1,5,2,0,2,31,30,2,28,1,0,1,18,11,0,11,7,1,6,48,39,18,21,9,0,9,19,18,5,13,1,0,1,62,51,9,42,11,2,9,93,90,24,66,3,1,2,12,7,3,4,5,1,4
S01009175,514,468,119,349,46,8,38,21,16,1,15,5,0,5,50,49,2,47,1,0,1,25,14,0,14,11,2,9,73,66,35,31,7,1,6,38,35,5,30,3,0,3,102,96,20,76,6,1,5,186,179,52,127,7,3,4,19,13,4,9,6,1,5
S01009176,474,408,116,292,66,12,54,25,14,1,13,11,1,10,53,48,3,45,5,1,4,25,20,2,18,5,0,5,66,60,31,29,6,2,4,33,27,4,23,6,1,5,95,76,16,60,19,2,17,158,146,53,93,12,5,7,19,17,6,11,2,0,2
S01009177,387,343,98,245,44,9,35,16,14,0,14,2,1,1,34,34,3,31,0,0,0,49,30,0,30,19,0,19,88,82,30,52,6,1,5,30,25,1,24,5,1,4,49,44,16,28,5,3,2,105,102,41,61,3,2,1,16,12,7,5,4,1,3
S01009178,330,304,97,207,26,8,18,6,5,1,4,1,1,0,29,29,5,24,0,0,0,40,28,2,26,12,0,12,104,98,48,50,6,2,4,24,20,5,15,4,3,1,34,34,10,24,0,0,0,71,71,15,56,0,0,0,22,19,11,8,3,2,1
S01009179,324,304,89,215,20,2,18,9,7,0,7,2,1,1,35,34,4,30,1,0,1,25,17,0,17,8,0,8,78,75,27,48,3,0,3,17,17,3,14,0,0,0,33,32,15,17,1,0,1,114,111,36,75,3,1,2,13,11,4,7,2,0,2
S01009180,467,428,146,282,39,16,23,12,12,1,11,0,0,0,45,44,2,42,1,0,1,52,41,4,37,11,2,9,101,97,46,51,4,1,3,36,28,1,27,8,3,5,56,48,14,34,8,4,4,141,138,67,71,3,3,0,24,20,11,9,4,3,1
S01009181,408,359,116,243,49,15,34,12,8,1,7,4,2,2,47,45,3,42,2,0,2,39,28,2,26,11,2,9,103,99,41,58,4,1,3,34,25,3,22,9,1,8,47,38,16,22,9,6,3,102,100,43,57,2,1,1,24,16,7,9,8,2,6
S01009182,536,471,94,377,65,12,53,15,14,0,14,1,0,1,60,57,1,56,3,0,3,62,47,0,47,15,1,14,103,90,36,54,13,4,9,31,25,3,22,6,0,6,65,56,9,47,9,2,7,170,162,35,127,8,1,7,30,20,10,10,10,4,6
S01009183,459,424,103,321,35,8,27,12,11,0,11,1,0,1,52,50,4,46,2,1,1,42,30,1,29,12,1,11,87,82,39,43,5,1,4,28,26,1,25,2,1,1,59,54,11,43,5,1,4,155,150,41,109,5,2,3,24,21,6,15,3,1,2
S01009184,356,284,84,200,72,18,54,23,6,1,5,17,6,11,30,29,1,28,1,0,1,51,32,1,31,19,2,17,80,72,27,45,8,2,6,24,19,5,14,5,0,5,44,33,11,22,11,2,9,85,82,34,48,3,0,3,19,11,4,7,8,6,2
S01009185,399,335,94,241,64,19,45,18,10,2,8,8,2,6,37,33,3,30,4,0,4,47,33,0,33,14,2,12,84,70,21,49,14,4,10,34,29,5,24,5,1,4,44,37,5,32,7,3,4,117,110,55,55,7,5,2,18,13,3,10,5,2,3
S01009186,388,338,73,265,50,13,37,9,9,0,9,0,0,0,36,32,2,30,4,1,3,57,37,2,35,20,5,15,74,69,25,44,5,0,5,42,36,5,31,6,1,5,43,36,4,32,7,2,5,109,105,31,74,4,2,2,18,14,4,10,4,2,2
S01009187,251,191,48,143,60,9,51,23,10,1,9,13,2,11,24,21,3,18,3,0,3,16,10,0,10,6,1,5,45,33,12,21,12,0,12,19,17,1,16,2,0,2,47,37,8,29,10,1,9,67,59,20,39,8,2,6,10,4,3,1,6,3,3
S01009188,434,363,104,259,71,14,57,26,13,1,12,13,2,11,40,34,1,33,6,1,5,46,34,2,32,12,1,11,97,86,43,43,11,3,8,49,39,13,26,10,2,8,52,41,8,33,11,3,8,104,100,31,69,4,2,2,20,16,5,11,4,0,4
S01009189,329,302,81,221,27,7,20,12,10,2,8,2,0,2,37,36,2,34,1,0,1,39,35,3,32,4,1,3,86,83,30,53,3,0,3,30,25,3,22,5,0,5,39,35,10,25,4,1,3,67,64,22,42,3,2,1,19,14,9,5,5,3,2
S01009190,478,406,107,299,72,20,52,19,18,2,16,1,0,1,49,43,3,40,6,2,4,52,28,1,27,24,5,19,84,73,27,46,11,2,9,28,21,4,17,7,2,5,90,83,25,58,7,0,7,138,130,41,89,8,5,3,18,10,4,6,8,4,4
S01009191,415,372,89,283,43,14,29,16,14,1,13,2,0,2,44,41,3,38,3,0,3,28,20,2,18,8,0,8,59,50,21,29,9,3,6,39,35,2,33,4,3,1,90,79,20,59,11,4,7,125,121,36,85,4,2,2,14,12,4,8,2,2,0
S01009192,356,314,99,215,42,12,30,5,5,1,4,0,0,0,31,31,3,28,0,0,0,47,29,0,29,18,2,16,64,61,29,32,3,1,2,25,19,3,16,6,1,5,47,40,13,27,7,5,2,120,115,43,72,5,3,2,17,14,7,7,3,0,3
S01009193,199,188,36,152,11,4,7,9,9,1,8,0,0,0,25,25,2,23,0,0,0,18,18,2,16,0,0,0,33,30,12,18,3,0,3,13,13,1,12,0,0,0,31,29,3,26,2,0,2,64,62,15,47,2,2,0,6,2,0,2,4,2,2
S01009194,422,369,96,273,53,17,36,15,14,1,13,1,0,1,43,34,3,31,9,1,8,41,30,3,27,11,2,9,86,74,31,43,12,6,6,18,17,5,12,1,0,1,70,61,8,53,9,4,5,129,124,36,88,5,2,3,20,15,9,6,5,2,3
S01009195,498,450,93,357,48,16,32,12,11,1,10,1,1,0,44,41,3,38,3,0,3,27,18,1,17,9,3,6,70,65,28,37,5,0,5,45,40,6,34,5,1,4,131,121,25,96,10,5,5,151,141,26,115,10,3,7,18,13,3,10,5,3,2
S01009196,330,287,76,211,43,15,28,6,5,0,5,1,0,1,41,38,3,35,3,0,3,26,18,2,16,8,2,6,70,63,29,34,7,3,4,32,27,5,22,5,1,4,45,39,6,33,6,2,4,88,82,28,54,6,3,3,22,15,3,12,7,4,3
S01009197,546,488,126,362,58,14,44,13,13,1,12,0,0,0,55,51,3,48,4,1,3,39,25,5,20,14,2,12,79,72,25,47,7,0,7,35,28,5,23,7,2,5,118,106,24,82,12,4,8,188,178,61,117,10,4,6,19,15,2,13,4,1,3
S01009198,388,339,102,237,49,10,39,10,10,1,9,0,0,0,44,42,3,39,2,0,2,33,22,1,21,11,2,9,61,59,28,31,2,1,1,33,26,5,21,7,1,6,44,33,8,25,11,2,9,140,129,50,79,11,4,7,23,18,6,12,5,0,5
S01009199,328,291,75,216,37,5,32,9,7,0,7,2,1,1,38,35,1,34,3,0,3,26,14,1,13,12,0,12,62,57,27,30,5,1,4,26,23,4,19,3,0,3,47,41,8,33,6,2,4,110,105,30,75,5,1,4,10,9,4,5,1,0,1
S01009200,549,506,142,364,43,7,36,21,19,0,19,2,0,2,48,46,8,38,2,0,2,46,38,7,31,8,1,7,93,82,33,49,11,2,9,35,30,1,29,5,1,4,118,106,24,82,12,2,10,172,171,64,107,1,0,1,16,14,5,9,2,1,1
S01009201,323,291,86,205,32,11,21,6,6,0,6,0,0,0,36,35,5,30,1,0,1,25,19,2,17,6,1,5,81,71,36,35,10,6,4,26,21,3,18,5,0,5,42,40,5,35,2,1,1,92,90,31,59,2,1,1,15,9,4,5,6,2,4
S01009202,282,248,48,200,34,10,24,12,9,0,9,3,0,3,42,38,1,37,4,2,2,18,9,0,9,9,0,9,53,48,16,32,5,1,4,24,21,1,20,3,1,2,44,42,8,34,2,1,1,84,79,20,59,5,3,2,5,2,2,0,3,2,1
S01009203,223,195,62,133,28,7,21,4,4,1,3,0,0,0,17,17,0,17,0,0,0,17,12,1,11,5,0,5,50,44,16,28,6,2,4,23,21,3,18,2,0,2,35,29,14,15,6,3,3,66,60,24,36,6,1,5,11,8,3,5,3,1,2
S01009204,435,391,108,283,44,15,29,14,13,1,12,1,0,1,40,39,1,38,1,1,0,41,30,1,29,11,2,9,98,88,40,48,10,3,7,36,33,8,25,3,1,2,54,50,9,41,4,1,3,137,128,43,85,9,6,3,15,10,5,5,5,1,4
S01009205,453,411,99,312,42,16,26,15,15,0,15,0,0,0,39,38,2,36,1,1,0,42,28,2,26,14,1,13,72,69,33,36,3,1,2,33,30,3,27,3,1,2,66,60,6,54,6,2,4,166,155,46,109,11,6,5,20,16,7,9,4,4,0
S01009206,492,460,101,359,32,10,22,14,14,1,13,0,0,0,63,60,3,57,3,0,3,29,22,2,20,7,1,6,81,79,31,48,2,1,1,47,41,5,36,6,0,6,84,80,13,67,4,2,2,161,155,43,112,6,3,3,13,9,3,6,4,3,1
S01009207,390,363,85,278,27,12,15,8,6,0,6,2,0,2,57,54,5,49,3,1,2,27,25,4,21,2,0,2,55,53,25,28,2,0,2,34,31,4,27,3,1,2,67,62,13,49,5,3,2,129,122,32,90,7,5,2,13,10,2,8,3,2,1
S01009208,279,260,71,189,19,5,14,9,9,1,8,0,0,0,34,34,5,29,0,0,0,12,7,1,6,5,1,4,63,62,31,31,1,0,1,13,11,2,9,2,1,1,42,38,6,32,4,1,3,92,88,20,68,4,1,3,14,11,5,6,3,1,2
S01009209,287,258,64,194,29,8,21,16,16,0,16,0,0,0,33,30,2,28,3,1,2,23,19,5,14,4,0,4,48,42,15,27,6,1,5,21,20,1,19,1,0,1,46,38,8,30,8,3,5,91,87,31,56,4,2,2,9,6,2,4,3,1,2
S01009210,299,253,79,174,46,15,31,12,8,1,7,4,0,4,35,35,4,31,0,0,0,16,6,1,5,10,2,8,69,64,25,39,5,0,5,20,16,4,12,4,1,3,55,39,10,29,16,5,11,79,75,32,43,4,4,0,13,10,2,8,3,3,0
S01009211,312,282,63,219,30,4,26,5,4,0,4,1,1,0,45,44,1,43,1,0,1,32,20,0,20,12,0,12,53,53,15,38,0,0,0,19,17,2,15,2,0,2,54,49,11,38,5,0,5,87,81,30,51,6,1,5,17,14,4,10,3,2,1
S01009212,359,329,99,230,30,5,25,5,5,2,3,0,0,0,40,39,3,36,1,0,1,42,32,1,31,10,0,10,77,74,33,41,3,0,3,25,22,0,22,3,1,2,50,47,10,37,3,1,2,98,92,42,50,6,3,3,22,18,8,10,4,0,4
S01009213,411,375,115,260,36,10,26,12,12,1,11,0,0,0,46,45,3,42,1,0,1,51,33,2,31,18,5,13,114,108,48,60,6,0,6,14,14,1,13,0,0,0,37,34,12,22,3,1,2,117,114,42,72,3,1,2,20,15,6,9,5,3,2
S01009214,519,477,128,349,42,12,30,11,11,1,10,0,0,0,63,61,5,56,2,0,2,34,23,1,22,11,1,10,94,88,37,51,6,2,4,39,37,4,33,2,0,2,99,90,18,72,9,2,7,159,151,57,94,8,4,4,20,16,5,11,4,3,1
S01009215,430,392,117,275,38,11,27,13,12,1,11,1,0,1,36,34,1,33,2,0,2,39,31,1,30,8,1,7,110,105,38,67,5,2,3,32,26,4,22,6,3,3,57,48,11,37,9,5,4,124,121,53,68,3,0,3,19,15,8,7,4,0,4
S01009216,448,410,114,296,38,8,30,13,13,0,13,0,0,0,52,50,6,44,2,0,2,53,37,1,36,16,1,15,125,119,56,63,6,1,5,29,27,3,24,2,1,1,37,35,8,27,2,0,2,123,116,36,80,7,4,3,16,13,4,9,3,1,2
S01009217,252,228,62,166,24,6,18,4,3,0,3,1,0,1,21,20,2,18,1,1,0,34,24,0,24,10,1,9,48,43,16,27,5,0,5,14,13,0,13,1,0,1,26,25,8,17,1,0,1,90,88,29,59,2,2,0,15,12,7,5,3,2,1
S01009218,375,339,99,240,36,13,23,14,14,0,14,0,0,0,44,44,3,41,0,0,0,43,30,2,28,13,1,12,81,74,30,44,7,1,6,20,19,3,16,1,1,0,45,38,13,25,7,3,4,112,106,43,63,6,5,1,16,14,5,9,2,2,0
S01009219,288,267,82,185,21,6,15,8,8,2,6,0,0,0,36,36,3,33,0,0,0,26,17,1,16,9,0,9,77,74,38,36,3,1,2,30,27,3,24,3,1,2,32,30,7,23,2,2,0,68,66,23,43,2,2,0,11,9,5,4,2,0,2
S01009220,221,205,66,139,16,4,12,6,6,1,5,0,0,0,34,32,4,28,2,0,2,20,16,2,14,4,1,3,62,58,25,33,4,0,4,18,16,1,15,2,1,1,26,24,6,18,2,0,2,45,44,22,22,1,1,0,10,9,5,4,1,1,0
S01009221,257,241,63,178,16,2,14,8,7,0,7,1,0,1,33,33,0,33,0,0,0,24,20,2,18,4,1,3,76,68,24,44,8,0,8,17,17,3,14,0,0,0,32,32,12,20,0,0,0,52,51,18,33,1,0,1,15,13,4,9,2,1,1
S01009222,235,217,82,135,18,6,12,3,3,0,3,0,0,0,35,33,1,32,2,1,1,20,17,2,15,3,1,2,64,62,38,24,2,1,1,19,17,1,16,2,2,0,27,22,6,16,5,0,5,57,55,28,27,2,1,1,10,8,6,2,2,0,2
S01009223,261,244,72,172,17,1,16,6,6,0,6,0,0,0,44,43,3,40,1,0,1,22,16,2,14,6,0,6,66,60,26,34,6,0,6,22,19,3,16,3,0,3,35,35,11,24,0,0,0,59,58,25,33,1,1,0,7,7,2,5,0,0,0
S01009224,284,265,84,181,19,5,14,7,7,1,6,0,0,0,34,34,3,31,0,0,0,37,31,0,31,6,1,5,76,72,30,42,4,1,3,24,22,6,16,2,0,2,30,28,13,15,2,0,2,61,59,25,34,2,0,2,15,12,6,6,3,3,0
S01009225,259,244,71,173,15,4,11,5,5,0,5,0,0,0,41,40,3,37,1,0,1,24,21,0,21,3,0,3,74,70,32,38,4,0,4,25,23,5,18,2,0,2,27,24,8,16,3,3,0,50,49,18,31,1,1,0,13,12,5,7,1,0,1
S01009226,401,379,96,283,22,4,18,13,13,0,13,0,0,0,52,51,4,47,1,0,1,31,25,0,25,6,2,4,101,99,38,61,2,0,2,35,32,7,25,3,0,3,56,50,12,38,6,0,6,88,88,30,58,0,0,0,25,21,5,16,4,2,2
S01009227,260,242,57,185,18,5,13,4,4,0,4,0,0,0,34,33,4,29,1,0,1,20,17,2,15,3,0,3,67,63,22,41,4,1,3,20,17,2,15,3,1,2,36,35,6,29,1,0,1,67,64,18,46,3,2,1,12,9,3,6,3,1,2
S01009228,236,215,59,156,21,5,16,9,6,1,5,3,0,3,33,32,2,30,1,0,1,23,19,1,18,4,1,3,66,63,30,33,3,2,1,25,22,0,22,3,1,2,20,17,4,13,3,0,3,50,48,19,29,2,1,1,10,8,2,6,2,0,2
S01009229,275,245,55,190,30,11,19,11,11,0,11,0,0,0,34,33,2,31,1,0,1,22,17,0,17,5,1,4,68,60,25,35,8,3,5,25,21,1,20,4,1,3,39,34,8,26,5,2,3,67,62,17,45,5,3,2,9,7,2,5,2,1,1
S01009230,347,319,52,267,28,4,24,12,12,0,12,0,0,0,41,39,4,35,2,0,2,36,28,2,26,8,0,8,73,68,20,48,5,1,4,38,32,0,32,6,1,5,52,51,4,47,1,0,1,88,84,20,64,4,1,3,7,5,2,3,2,1,1
S01009231,493,438,105,333,55,22,33,14,13,1,12,1,1,0,76,73,5,68,3,1,2,36,26,1,25,10,3,7,102,89,29,60,13,2,11,33,29,5,24,4,2,2,67,62,11,51,5,4,1,133,122,41,81,11,6,5,32,24,12,12,8,3,5
S01009232,221,217,56,161,4,3,1,9,8,0,8,1,1,0,26,26,1,25,0,0,0,24,23,1,22,1,0,1,69,69,30,39,0,0,0,15,15,1,14,0,0,0,25,25,4,21,0,0,0,46,45,16,29,1,1,0,7,6,3,3,1,1,0
S01009233,231,214,57,157,17,5,12,11,11,0,11,0,0,0,34,34,0,34,0,0,0,24,21,0,21,3,0,3,57,55,26,29,2,1,1,18,14,1,13,4,1,3,24,21,5,16,3,1,2,52,49,19,30,3,1,2,11,9,6,3,2,1,1
S01009234,394,376,119,257,18,7,11,13,13,0,13,0,0,0,57,56,6,50,1,0,1,29,25,2,23,4,1,3,106,103,54,49,3,1,2,25,22,3,19,3,0,3,54,51,11,40,3,2,1,86,83,34,49,3,2,1,24,23,9,14,1,1,0
S01009235,423,399,83,316,24,11,13,13,13,0,13,0,0,0,52,48,2,46,4,2,2,39,36,2,34,3,1,2,109,104,43,61,5,1,4,39,38,3,35,1,0,1,68,64,7,57,4,2,2,88,85,23,62,3,2,1,15,11,3,8,4,3,1
S01009236,215,197,59,138,18,7,11,4,4,1,3,0,0,0,31,31,3,28,0,0,0,19,13,1,12,6,2,4,40,35,20,15,5,2,3,13,11,0,11,2,1,1,32,30,8,22,2,0,2,64,63,22,41,1,1,0,12,10,4,6,2,1,1
S01009237,438,393,94,299,45,11,34,11,11,0,11,0,0,0,61,59,4,55,2,0,2,39,33,2,31,6,2,4,80,69,34,35,11,2,9,31,26,3,23,5,1,4,73,63,17,46,10,0,10,115,112,29,83,3,2,1,28,20,5,15,8,4,4
S01009238,308,300,99,201,8,1,7,12,11,1,10,1,0,1,37,36,2,34,1,0,1,17,16,2,14,1,0,1,102,101,44,57,1,0,1,21,19,3,16,2,0,2,44,43,16,27,1,0,1,63,63,21,42,0,0,0,12,11,10,1,1,1,0
S01009239,441,422,116,306,19,6,13,19,19,1,18,0,0,0,60,60,4,56,0,0,0,34,27,1,26,7,1,6,138,134,60,74,4,1,3,34,32,4,28,2,0,2,42,39,11,28,3,2,1,96,95,29,66,1,0,1,18,16,6,10,2,2,0
S01009240,254,240,82,158,14,5,9,11,11,0,11,0,0,0,30,30,4,26,0,0,0,32,28,2,26,4,0,4,64,64,40,24,0,0,0,17,17,2,15,0,0,0,33,30,11,19,3,2,1,57,54,21,33,3,1,2,10,6,2,4,4,2,2
S01009241,356,332,105,227,24,9,15,10,10,0,10,0,0,0,35,35,1,34,0,0,0,36,30,2,28,6,2,4,106,101,41,60,5,1,4,30,26,6,20,4,1,3,45,43,12,31,2,2,0,79,74,37,37,5,3,2,15,13,6,7,2,0,2
S01009242,369,340,109,231,29,11,18,19,18,2,16,1,0,1,61,59,2,57,2,0,2,30,27,2,25,3,1,2,85,83,53,30,2,0,2,25,20,4,16,5,1,4,33,26,7,19,7,5,2,97,91,30,61,6,1,5,19,16,9,7,3,3,0
S01009243,502,460,118,342,42,9,33,13,13,3,10,0,0,0,73,73,9,64,0,0,0,49,41,1,40,8,1,7,113,105,48,57,8,0,8,48,46,6,40,2,0,2,72,65,12,53,7,1,6,115,106,33,73,9,2,7,19,11,6,5,8,5,3
S01009244,421,378,90,288,43,10,33,28,21,2,19,7,1,6,70,67,8,59,3,0,3,30,22,2,20,8,0,8,66,61,23,38,5,1,4,31,28,2,26,3,2,1,84,74,22,52,10,1,9,100,95,29,66,5,3,2,12,10,2,8,2,2,0
S01009245,434,397,106,291,37,8,29,16,15,1,14,1,0,1,50,48,9,39,2,0,2,31,24,1,23,7,1,6,85,80,33,47,5,1,4,36,34,7,27,2,0,2,75,64,10,54,11,3,8,124,119,37,82,5,1,4,17,13,8,5,4,2,2
S01009246,384,353,91,262,31,5,26,6,6,0,6,0,0,0,85,84,7,77,1,0,1,39,29,3,26,10,0,10,82,76,35,41,6,2,4,29,26,2,24,3,0,3,44,41,8,33,3,1,2,80,78,29,49,2,1,1,19,13,7,6,6,1,5
S01009247,519,495,146,349,24,8,16,20,20,0,20,0,0,0,97,96,9,87,1,1,0,39,33,2,31,6,1,5,130,127,60,67,3,1,2,43,40,4,36,3,0,3,56,52,18,34,4,2,2,108,105,43,62,3,1,2,26,22,10,12,4,2,2
S01009248,335,299,101,198,36,11,25,1,0,0,0,1,0,1,53,51,6,45,2,1,1,24,15,1,14,9,2,7,76,73,34,39,3,0,3,23,15,3,12,8,0,8,45,42,12,30,3,3,0,98,91,37,54,7,4,3,15,12,8,4,3,1,2
S01009249,379,333,91,242,46,14,32,11,11,2,9,0,0,0,65,64,7,57,1,0,1,35,18,1,17,17,2,15,97,92,37,55,5,0,5,38,31,4,27,7,3,4,45,37,10,27,8,4,4,67,63,19,44,4,2,2,21,17,11,6,4,3,1
S01009250,305,277,77,200,28,7,21,13,12,0,12,1,0,1,51,48,2,46,3,2,1,30,18,0,18,12,3,9,57,53,28,25,4,0,4,25,22,1,21,3,0,3,45,44,14,30,1,1,0,69,65,24,41,4,1,3,15,15,8,7,0,0,0
S01009251,263,237,60,177,26,10,16,6,5,0,5,1,0,1,45,44,4,40,1,1,0,21,14,3,11,7,1,6,55,52,24,28,3,0,3,22,19,1,18,3,1,2,34,26,3,23,8,4,4,71,70,23,47,1,1,0,9,7,2,5,2,2,0
S01009252,283,259,77,182,24,9,15,7,5,0,5,2,0,2,33,33,1,32,0,0,0,29,24,2,22,5,1,4,42,41,21,20,1,1,0,24,20,7,13,4,1,3,70,64,20,44,6,3,3,62,61,22,39,1,1,0,16,11,4,7,5,2,3
S01009253,169,152,54,98,17,6,11,5,5,1,4,0,0,0,27,26,5,21,1,0,1,17,12,0,12,5,1,4,49,47,21,26,2,0,2,12,10,5,5,2,0,2,18,17,4,13,1,1,0,32,29,15,14,3,3,0,9,6,3,3,3,1,2
S01009254,315,295,82,213,20,6,14,6,6,0,6,0,0,0,54,53,10,43,1,0,1,32,30,0,30,2,1,1,84,81,31,50,3,0,3,20,17,4,13,3,0,3,42,39,7,32,3,2,1,63,57,23,34,6,2,4,14,12,7,5,2,1,1
S01009255,360,334,64,270,26,3,23,12,11,2,9,1,0,1,88,85,5,80,3,1,2,20,17,3,14,3,0,3,73,63,19,44,10,0,10,37,36,4,32,1,0,1,44,41,8,33,3,1,2,74,71,19,52,3,1,2,12,10,4,6,2,0,2
S01009256,219,201,36,165,18,4,14,7,6,1,5,1,0,1,38,38,4,34,0,0,0,19,17,0,17,2,0,2,35,28,3,25,7,1,6,13,12,1,11,1,0,1,36,34,5,29,2,1,1,59,56,19,37,3,0,3,12,10,3,7,2,2,0
S01009257,340,293,68,225,47,8,39,12,12,1,11,0,0,0,58,56,5,51,2,0,2,21,15,1,14,6,0,6,71,58,19,39,13,2,11,36,30,8,22,6,0,6,55,49,12,37,6,1,5,63,58,13,45,5,1,4,24,15,9,6,9,4,5
S01009258,322,255,60,195,67,15,52,20,7,2,5,13,1,12,32,26,5,21,6,0,6,20,10,1,9,10,1,9,43,39,14,25,4,1,3,35,32,4,28,3,0,3,57,42,8,34,15,5,10,98,87,25,62,11,5,6,17,12,1,11,5,2,3
S01009259,501,441,129,312,60,17,43,14,14,3,11,0,0,0,74,72,8,64,2,0,2,51,38,3,35,13,2,11,71,58,29,29,13,1,12,30,25,2,23,5,1,4,128,117,35,82,11,4,7,114,106,41,65,8,3,5,19,11,8,3,8,6,2
S01009260,645,588,143,445,57,15,42,16,14,2,12,2,0,2,123,122,14,108,1,0,1,56,43,5,38,13,0,13,109,101,32,69,8,0,8,45,39,3,36,6,3,3,106,95,15,80,11,5,6,153,146,64,82,7,3,4,37,28,8,20,9,4,5
S01009261,315,286,73,213,29,8,21,8,7,0,7,1,0,1,64,64,12,52,0,0,0,35,25,3,22,10,2,8,69,63,25,38,6,1,5,29,27,4,23,2,1,1,38,33,9,24,5,2,3,63,61,19,42,2,2,0,9,6,1,5,3,0,3
S01009262,230,216,71,145,14,6,8,10,10,2,8,0,0,0,43,43,8,35,0,0,0,21,18,2,16,3,2,1,43,41,18,23,2,1,1,24,21,2,19,3,0,3,38,36,12,24,2,1,1,41,40,22,18,1,1,0,10,7,5,2,3,1,2
S01009263,512,459,95,364,53,15,38,15,15,1,14,0,0,0,62,58,7,51,4,0,4,31,23,2,21,8,0,8,82,76,32,44,6,1,5,38,32,3,29,6,2,4,116,104,11,93,12,4,8,141,133,33,100,8,4,4,27,18,6,12,9,4,5
S01009264,262,222,55,167,40,16,24,24,18,1,17,6,1,5,22,22,1,21,0,0,0,19,18,1,17,1,0,1,57,44,20,24,13,6,7,19,15,3,12,4,1,3,37,30,8,22,7,3,4,68,64,16,48,4,1,3,16,11,5,6,5,4,1
S01009265,377,353,102,251,24,10,14,24,24,1,23,0,0,0,40,38,1,37,2,1,1,36,34,1,33,2,1,1,84,76,40,36,8,3,5,18,18,2,16,0,0,0,40,38,8,30,2,1,1,119,113,41,72,6,2,4,16,12,8,4,4,2,2
S01009266,363,330,99,231,33,8,25,27,24,0,24,3,0,3,37,37,1,36,0,0,0,36,26,0,26,10,0,10,64,56,25,31,8,2,6,27,23,8,15,4,3,1,37,37,11,26,0,0,0,121,116,49,67,5,1,4,14,11,5,6,3,2,1
S01009267,389,352,86,266,37,14,23,24,23,0,23,1,0,1,34,32,2,30,2,1,1,37,25,3,22,12,4,8,69,61,29,32,8,2,6,22,21,3,18,1,0,1,57,55,18,37,2,1,1,128,124,27,97,4,1,3,18,11,4,7,7,5,2
S01009268,462,416,107,309,46,10,36,26,19,0,19,7,0,7,41,38,2,36,3,2,1,42,29,1,28,13,2,11,86,80,26,54,6,3,3,42,40,5,35,2,0,2,74,70,23,47,4,1,3,133,129,42,87,4,1,3,18,11,8,3,7,1,6
S01009269,353,335,105,230,18,10,8,16,16,0,16,0,0,0,27,25,1,24,2,1,1,52,49,3,46,3,1,2,74,69,37,32,5,2,3,35,35,9,26,0,0,0,39,35,11,24,4,4,0,90,89,35,54,1,1,0,20,17,9,8,3,1,2
S01009270,239,211,58,153,28,10,18,10,10,1,9,0,0,0,24,22,3,19,2,1,1,32,18,2,16,14,3,11,58,54,22,32,4,1,3,18,17,6,11,1,0,1,32,27,3,24,5,4,1,52,52,17,35,0,0,0,13,11,4,7,2,1,1
S01009271,493,443,100,343,50,9,41,23,21,0,21,2,0,2,59,55,3,52,4,0,4,43,28,3,25,15,3,12,91,84,36,48,7,2,5,34,33,5,28,1,0,1,64,60,10,50,4,2,2,157,146,39,107,11,1,10,22,16,4,12,6,1,5
S01009272,317,292,105,187,25,11,14,19,19,3,16,0,0,0,26,24,2,22,2,2,0,39,34,6,28,5,2,3,60,58,32,26,2,2,0,35,33,10,23,2,0,2,44,38,16,22,6,3,3,81,77,31,46,4,1,3,13,9,5,4,4,1,3
S01009273,229,200,55,145,29,12,17,7,6,0,6,1,0,1,27,22,1,21,5,2,3,24,20,3,17,4,1,3,24,21,12,9,3,0,3,14,13,6,7,1,0,1,47,41,6,35,6,3,3,78,70,21,49,8,5,3,8,7,6,1,1,1,0
S01009274,277,246,62,184,31,6,25,12,11,2,9,1,0,1,22,21,1,20,1,0,1,33,25,0,25,8,1,7,43,36,11,25,7,1,6,22,18,4,14,4,0,4,36,32,7,25,4,0,4,99,94,35,59,5,3,2,10,9,2,7,1,1,0
S01009275,305,239,51,188,66,16,50,40,22,4,18,18,2,16,32,29,2,27,3,0,3,31,16,1,15,15,4,11,48,39,9,30,9,4,5,23,20,4,16,3,1,2,54,41,5,36,13,2,11,66,63,19,44,3,1,2,11,9,7,2,2,2,0
S01009276,415,362,108,254,53,14,39,10,10,0,10,0,0,0,42,40,2,38,2,0,2,29,20,4,16,9,1,8,73,69,35,34,4,0,4,32,24,6,18,8,4,4,66,56,13,43,10,3,7,142,129,38,91,13,3,10,21,14,10,4,7,3,4
S01009277,288,214,67,147,74,16,58,27,9,1,8,18,0,18,18,14,0,14,4,0,4,21,13,2,11,8,1,7,47,36,16,20,11,3,8,20,16,6,10,4,2,2,54,41,9,32,13,1,12,88,81,31,50,7,4,3,13,4,2,2,9,5,4
S01009278,300,272,66,206,28,10,18,10,9,1,8,1,0,1,19,18,2,16,1,1,0,25,17,2,15,8,3,5,35,27,13,14,8,2,6,24,23,4,19,1,0,1,88,83,14,69,5,1,4,93,90,28,62,3,2,1,6,5,2,3,1,1,0
S01009279,290,236,71,165,54,15,39,10,6,0,6,4,1,3,11,9,2,7,2,0,2,43,29,3,26,14,1,13,55,48,20,28,7,2,5,25,15,4,11,10,4,6,47,43,10,33,4,1,3,82,75,27,48,7,3,4,17,11,5,6,6,3,3
S01009280,290,277,84,193,13,3,10,13,13,0,13,0,0,0,40,40,5,35,0,0,0,51,47,2,45,4,1,3,55,54,28,26,1,0,1,21,18,5,13,3,0,3,35,32,8,24,3,2,1,61,60,31,29,1,0,1,14,13,5,8,1,0,1
S01009281,288,272,85,187,16,6,10,12,11,2,9,1,0,1,29,28,2,26,1,0,1,42,39,0,39,3,1,2,51,48,26,22,3,2,1,21,19,5,14,2,0,2,45,43,13,30,2,1,1,82,79,35,44,3,2,1,6,5,2,3,1,0,1
S01009282,353,290,73,217,63,18,45,17,7,0,7,10,1,9,24,22,1,21,2,0,2,33,27,1,26,6,3,3,50,42,21,21,8,0,8,17,13,4,9,4,1,3,76,61,12,49,15,5,10,114,105,31,74,9,3,6,22,13,3,10,9,5,4
S01009283,262,227,57,170,35,9,26,12,8,0,8,4,1,3,15,14,0,14,1,0,1,13,10,0,10,3,0,3,51,47,21,26,4,0,4,27,24,4,20,3,1,2,58,48,8,40,10,3,7,77,69,20,49,8,3,5,9,7,4,3,2,1,1
S01009284,457,408,118,290,49,8,41,18,18,1,17,0,0,0,42,38,0,38,4,0,4,38,28,5,23,10,1,9,80,68,30,38,12,0,12,28,26,4,22,2,0,2,97,90,19,71,7,1,6,137,129,53,76,8,2,6,17,11,6,5,6,4,2
S01009285,479,433,153,280,46,17,29,16,14,1,13,2,0,2,43,42,2,40,1,1,0,27,18,3,15,9,0,9,93,89,48,41,4,2,2,40,37,5,32,3,2,1,88,79,27,52,9,6,3,151,140,61,79,11,4,7,21,14,6,8,7,2,5
S01009286,388,343,89,254,45,12,33,8,8,0,8,0,0,0,30,28,0,28,2,0,2,34,27,0,27,7,0,7,68,57,28,29,11,3,8,34,31,7,24,3,0,3,67,58,15,43,9,3,6,131,122,32,90,9,4,5,16,12,7,5,4,2,2
S01009287,326,256,68,188,70,33,37,6,3,0,3,3,1,2,29,24,2,22,5,1,4,15,11,1,10,4,2,2,48,32,10,22,16,5,11,28,27,5,22,1,0,1,82,57,19,38,25,14,11,112,98,28,70,14,9,5,6,4,3,1,2,1,1
S01009288,355,286,79,207,69,30,39,16,14,2,12,2,0,2,36,29,3,26,7,2,5,18,17,5,12,1,0,1,63,41,19,22,22,5,17,24,18,6,12,6,3,3,80,62,8,54,18,9,9,106,99,33,66,7,6,1,12,6,3,3,6,5,1
S01009289,429,364,85,279,65,12,53,12,4,0,4,8,3,5,46,41,0,41,5,0,5,31,22,0,22,9,0,9,67,55,19,36,12,3,9,38,32,6,26,6,0,6,86,71,14,57,15,3,12,131,127,40,87,4,1,3,18,12,6,6,6,2,4
S01009290,283,243,76,167,40,15,25,2,2,0,2,0,0,0,28,28,4,24,0,0,0,25,16,2,14,9,2,7,37,22,10,12,15,6,9,33,29,8,21,4,2,2,63,54,16,38,9,3,6,88,87,33,54,1,1,0,7,5,3,2,2,1,1
S01009291,523,462,138,324,61,19,42,14,14,0,14,0,0,0,41,38,1,37,3,2,1,47,34,1,33,13,1,12,91,77,43,34,14,5,9,37,32,3,29,5,3,2,93,87,28,59,6,1,5,172,161,52,109,11,2,9,28,19,10,9,9,5,4
S01009292,237,223,75,148,14,0,14,7,7,1,6,0,0,0,16,16,0,16,0,0,0,25,22,1,21,3,0,3,53,50,26,24,3,0,3,17,17,2,15,0,0,0,41,37,12,25,4,0,4,65,62,29,33,3,0,3,13,12,4,8,1,0,1
S01009293,389,343,102,241,46,16,30,13,11,0,11,2,0,2,26,26,1,25,0,0,0,32,25,1,24,7,3,4,84,68,33,35,16,5,11,30,28,3,25,2,0,2,67,61,15,46,6,1,5,112,108,43,65,4,2,2,25,16,6,10,9,5,4
S01009294,258,220,59,161,38,10,28,8,7,1,6,1,0,1,28,25,1,24,3,1,2,27,19,3,16,8,0,8,41,36,17,19,5,1,4,17,16,1,15,1,0,1,47,35,8,27,12,4,8,76,71,23,48,5,2,3,14,11,5,6,3,2,1
S01009295,358,321,81,240,37,11,26,20,18,0,18,2,0,2,35,35,1,34,0,0,0,28,19,0,19,9,1,8,56,49,22,27,7,1,6,25,23,5,18,2,0,2,57,55,10,45,2,1,1,116,106,35,71,10,5,5,21,16,8,8,5,3,2
S01009296,303,264,71,193,39,11,28,13,13,0,13,0,0,0,33,31,3,28,2,1,1,29,17,1,16,12,3,9,57,47,29,18,10,1,9,23,20,4,16,3,1,2,54,50,13,37,4,0,4,80,77,17,60,3,2,1,14,9,4,5,5,3,2
S01009297,486,435,115,320,51,15,36,14,14,0,14,0,0,0,52,49,2,47,3,0,3,28,18,1,17,10,2,8,72,69,38,31,3,1,2,39,37,7,30,2,0,2,106,91,18,73,15,4,11,154,143,44,99,11,6,5,21,14,5,9,7,2,5
S01009298,442,401,118,283,41,8,33,16,15,2,13,1,0,1,40,36,4,32,4,0,4,33,24,6,18,9,1,8,96,94,42,52,2,0,2,35,30,2,28,5,2,3,62,56,9,47,6,1,5,137,130,42,88,7,3,4,23,16,11,5,7,1,6
S01009299,510,443,110,333,67,17,50,14,13,0,13,1,0,1,31,29,1,28,2,1,1,36,27,3,24,9,1,8,84,67,26,41,17,4,13,48,45,9,36,3,3,0,110,99,21,78,11,2,9,160,148,43,105,12,4,8,27,15,7,8,12,2,10
S01009300,281,255,46,209,26,7,19,4,4,0,4,0,0,0,28,26,1,25,2,1,1,24,19,0,19,5,0,5,51,47,16,31,4,0,4,28,26,6,20,2,0,2,52,46,7,39,6,2,4,80,74,15,59,6,4,2,14,13,1,12,1,0,1
S01009301,426,382,83,299,44,11,33,12,12,0,12,0,0,0,39,34,0,34,5,0,5,28,18,2,16,10,1,9,79,75,32,43,4,0,4,38,37,8,29,1,1,0,90,81,11,70,9,2,7,106,101,21,80,5,4,1,34,24,9,15,10,3,7
S01009302,370,354,104,250,16,10,6,10,10,0,10,0,0,0,34,30,1,29,4,1,3,34,32,2,30,2,0,2,92,90,42,48,2,1,1,36,35,6,29,1,1,0,57,56,11,45,1,1,0,100,96,39,57,4,4,0,7,5,3,2,2,2,0
S01009303,359,328,93,235,31,7,24,9,9,0,9,0,0,0,29,27,4,23,2,1,1,23,20,1,19,3,1,2,56,50,23,27,6,1,5,28,24,3,21,4,1,3,84,77,18,59,7,1,6,111,107,37,70,4,2,2,19,14,7,7,5,0,5
S01009304,471,424,122,302,47,13,34,9,9,1,8,0,0,0,44,41,2,39,3,0,3,45,36,2,34,9,0,9,85,77,34,43,8,1,7,40,38,5,33,2,1,1,96,88,26,62,8,3,5,127,118,46,72,9,4,5,25,17,6,11,8,4,4
S01009305,368,348,88,260,20,7,13,12,12,1,11,0,0,0,25,24,0,24,1,0,1,24,17,1,16,7,2,5,56,55,27,28,1,0,1,39,37,3,34,2,1,1,76,72,11,61,4,2,2,119,116,39,77,3,2,1,17,15,6,9,2,0,2
S01009306,570,519,122,397,51,19,32,10,10,2,8,0,0,0,60,55,3,52,5,1,4,39,30,2,28,9,1,8,113,106,42,64,7,2,5,48,41,6,35,7,1,6,100,96,13,83,4,2,2,165,155,43,112,10,5,5,35,26,11,15,9,7,2
S01009307,549,487,96,391,62,23,39,13,12,1,11,1,0,1,44,43,7,36,1,0,1,35,29,3,26,6,0,6,92,83,35,48,9,1,8,56,52,5,47,4,1,3,111,90,8,82,21,10,11,170,159,31,128,11,6,5,28,19,6,13,9,5,4
S01009308,283,244,47,197,39,13,26,3,3,1,2,0,0,0,29,27,0,27,2,0,2,22,16,0,16,6,3,3,56,51,19,32,5,2,3,25,22,2,20,3,1,2,59,48,5,43,11,3,8,73,68,16,52,5,2,3,16,9,4,5,7,2,5
S01009309,438,384,68,316,54,15,39,9,9,1,8,0,0,0,43,40,2,38,3,1,2,29,17,0,17,12,3,9,64,61,17,44,3,0,3,48,43,4,39,5,1,4,97,82,8,74,15,5,10,124,114,33,81,10,3,7,24,18,3,15,6,2,4
S01009310,466,405,96,309,61,22,39,8,7,1,6,1,1,0,50,48,1,47,2,1,1,26,22,1,21,4,1,3,85,73,30,43,12,4,8,33,28,0,28,5,1,4,98,86,17,69,12,5,7,139,123,38,85,16,4,12,27,18,8,10,9,5,4
S01009311,294,273,90,183,21,5,16,6,5,1,4,1,0,1,21,21,1,20,0,0,0,28,23,1,22,5,1,4,81,76,41,35,5,0,5,24,21,3,18,3,0,3,53,50,15,35,3,2,1,69,66,24,42,3,1,2,12,11,4,7,1,1,0
S01009312,397,369,69,300,28,7,21,7,7,0,7,0,0,0,31,29,4,25,2,1,1,23,18,1,17,5,0,5,76,68,18,50,8,2,6,32,29,1,28,3,0,3,101,98,13,85,3,1,2,108,102,27,75,6,3,3,19,18,5,13,1,0,1
S01009313,247,220,64,156,27,11,16,8,6,0,6,2,2,0,19,18,2,16,1,1,0,18,13,0,13,5,0,5,49,42,25,17,7,3,4,20,19,2,17,1,0,1,46,43,10,33,3,1,2,74,70,21,49,4,1,3,13,9,4,5,4,3,1
S01009314,333,302,87,215,31,5,26,5,4,1,3,1,1,0,26,26,2,24,0,0,0,14,10,0,10,4,0,4,70,61,35,26,9,0,9,34,30,5,25,4,0,4,54,49,14,35,5,0,5,113,108,26,82,5,2,3,17,14,4,10,3,2,1
S01009315,285,257,75,182,28,7,21,13,13,0,13,0,0,0,31,28,1,27,3,0,3,30,21,0,21,9,1,8,65,64,35,29,1,0,1,27,22,3,19,5,1,4,42,39,8,31,3,0,3,63,62,24,38,1,0,1,14,8,4,4,6,5,1
S01009316,405,354,92,262,51,16,35,5,5,1,4,0,0,0,38,36,2,34,2,0,2,14,10,0,10,4,0,4,56,54,26,28,2,0,2,34,29,5,24,5,2,3,95,75,16,59,20,5,15,146,132,38,94,14,7,7,17,13,4,9,4,2,2
S01009317,441,395,103,292,46,13,33,6,5,0,5,1,0,1,37,36,2,34,1,0,1,37,25,3,22,12,1,11,67,59,31,28,8,3,5,41,40,5,35,1,0,1,96,88,17,71,8,0,8,139,131,41,90,8,6,2,18,11,4,7,7,3,4
S01009318,341,308,92,216,33,7,26,3,3,0,3,0,0,0,23,21,0,21,2,0,2,17,13,1,12,4,0,4,67,61,28,33,6,2,4,20,17,2,15,3,1,2,65,57,10,47,8,1,7,128,125,44,81,3,1,2,18,11,7,4,7,2,5
S01009319,387,352,103,249,35,6,29,6,6,1,5,0,0,0,38,35,1,34,3,1,2,24,14,1,13,10,1,9,43,38,18,20,5,1,4,25,23,5,18,2,1,1,82,77,17,60,5,0,5,147,139,52,87,8,2,6,22,20,8,12,2,0,2
S01009320,318,289,77,212,29,10,19,8,6,0,6,2,1,1,24,22,3,19,2,1,1,30,23,3,20,7,2,5,43,41,15,26,2,0,2,31,29,3,26,2,0,2,68,64,16,48,4,2,2,99,95,31,64,4,0,4,15,9,6,3,6,4,2
S01009321,316,295,83,212,21,7,14,9,9,2,7,0,0,0,32,31,2,29,1,0,1,24,20,1,19,4,1,3,63,57,31,26,6,1,5,25,22,4,18,3,1,2,62,60,13,47,2,2,0,92,90,26,64,2,2,0,9,6,4,2,3,0,3
S01009322,384,347,81,266,37,9,28,12,12,1,11,0,0,0,34,33,3,30,1,1,0,42,30,2,28,12,3,9,65,59,27,32,6,1,5,42,37,7,30,5,0,5,57,50,8,42,7,3,4,113,111,28,83,2,0,2,19,15,5,10,4,1,3
S01009323,296,260,64,196,36,10,26,7,7,0,7,0,0,0,30,29,1,28,1,1,0,22,13,1,12,9,0,9,57,50,22,28,7,2,5,32,29,4,25,3,0,3,55,49,12,37,6,4,2,77,72,21,51,5,1,4,16,11,3,8,5,2,3
S01009324,272,246,66,180,26,9,17,6,5,0,5,1,1,0,18,18,0,18,0,0,0,33,21,2,19,12,0,12,49,48,24,24,1,1,0,32,30,3,27,2,1,1,44,41,10,31,3,3,0,75,72,23,49,3,1,2,15,11,4,7,4,2,2
S01009325,412,371,100,271,41,15,26,15,13,2,11,2,0,2,34,29,2,27,5,0,5,30,21,1,20,9,3,6,47,42,18,24,5,1,4,35,33,6,27,2,1,1,90,84,22,62,6,1,5,144,139,45,94,5,3,2,17,10,4,6,7,6,1
S01009326,306,288,87,201,18,8,10,6,6,0,6,0,0,0,25,25,3,22,0,0,0,15,12,1,11,3,1,2,59,55,28,27,4,2,2,28,25,3,22,3,0,3,57,54,11,43,3,1,2,102,98,34,64,4,3,1,14,13,7,6,1,1,0
S01009327,240,219,67,152,21,2,19,5,5,0,5,0,0,0,25,24,1,23,1,0,1,15,9,0,9,6,0,6,32,30,16,14,2,0,2,22,20,5,15,2,0,2,47,40,11,29,7,2,5,84,82,30,52,2,0,2,10,9,4,5,1,0,1
S01009328,421,394,73,321,27,7,20,7,7,0,7,0,0,0,40,40,2,38,0,0,0,24,17,1,16,7,0,7,62,60,14,46,2,0,2,44,42,1,41,2,0,2,117,108,23,85,9,3,6,111,107,27,80,4,1,3,16,13,5,8,3,3,0
S01009329,284,268,48,220,16,7,9,7,7,0,7,0,0,0,14,14,0,14,0,0,0,19,15,0,15,4,0,4,49,48,18,30,1,0,1,22,21,2,19,1,0,1,77,74,14,60,3,1,2,74,72,10,62,2,2,0,22,17,4,13,5,4,1
S01009330,252,231,61,170,21,6,15,6,6,0,6,0,0,0,19,18,2,16,1,0,1,21,19,2,17,2,0,2,60,57,26,31,3,1,2,20,20,3,17,0,0,0,50,41,9,32,9,4,5,63,63,18,45,0,0,0,13,7,1,6,6,1,5
S01009331,324,290,60,230,34,7,27,8,7,0,7,1,0,1,17,16,1,15,1,0,1,19,12,1,11,7,0,7,40,38,17,21,2,1,1,20,16,2,14,4,0,4,108,101,14,87,7,1,6,100,93,21,72,7,3,4,12,7,4,3,5,2,3
S01009332,451,409,109,300,42,13,29,9,8,1,7,1,0,1,38,36,2,34,2,1,1,24,19,1,18,5,1,4,57,50,17,33,7,1,6,31,27,4,23,4,0,4,123,110,24,86,13,5,8,147,142,50,92,5,2,3,22,17,10,7,5,3,2
S01009333,363,332,94,238,31,12,19,12,12,1,11,0,0,0,24,24,1,23,0,0,0,25,15,1,14,10,0,10,89,85,32,53,4,2,2,42,35,8,27,7,3,4,69,65,14,51,4,2,2,86,83,30,53,3,2,1,16,13,7,6,3,3,0
S01009334,238,221,68,153,17,8,9,6,6,0,6,0,0,0,21,20,1,19,1,1,0,14,11,0,11,3,0,3,51,50,23,27,1,1,0,28,26,7,19,2,0,2,33,30,6,24,3,2,1,74,69,27,42,5,3,2,11,9,4,5,2,1,1
S01009335,347,325,104,221,22,5,17,7,6,0,6,1,1,0,18,18,0,18,0,0,0,30,23,1,22,7,0,7,92,88,40,48,4,1,3,35,35,8,27,0,0,0,52,48,15,33,4,0,4,96,95,34,61,1,1,0,17,12,6,6,5,2,3
S01009336,235,216,71,145,19,5,14,1,0,0,0,1,0,1,21,20,1,19,1,0,1,9,7,1,6,2,0,2,75,71,32,39,4,1,3,17,17,2,15,0,0,0,36,32,9,23,4,2,2,69,64,23,41,5,1,4,7,5,3,2,2,1,1
S01009337,292,274,103,171,18,6,12,5,5,0,5,0,0,0,30,28,0,28,2,2,0,23,18,1,17,5,0,5,69,67,41,26,2,1,1,17,16,5,11,1,0,1,71,67,21,46,4,1,3,66,63,30,33,3,1,2,11,10,5,5,1,1,0
S01009338,271,256,72,184,15,9,6,7,7,0,7,0,0,0,16,16,0,16,0,0,0,16,15,1,14,1,0,1,85,82,35,47,3,2,1,32,25,3,22,7,4,3,50,48,16,32,2,1,1,52,51,16,35,1,1,0,13,12,1,11,1,1,0
S01009339,318,292,88,204,26,11,15,10,10,2,8,0,0,0,18,17,2,15,1,0,1,41,31,0,31,10,1,9,100,98,48,50,2,2,0,40,36,4,32,4,2,2,48,47,13,34,1,0,1,49,45,16,29,4,2,2,12,8,3,5,4,4,0
S01009340,266,250,89,161,16,8,8,10,10,1,9,0,0,0,15,15,0,15,0,0,0,14,9,0,9,5,1,4,62,60,28,32,2,0,2,31,29,3,26,2,2,0,54,51,24,27,3,2,1,70,69,29,40,1,1,0,10,7,4,3,3,2,1
S01009341,258,233,72,161,25,7,18,4,4,0,4,0,0,0,16,16,3,13,0,0,0,34,23,2,21,11,2,9,59,59,26,33,0,0,0,49,44,12,32,5,2,3,34,30,8,22,4,1,3,50,49,17,32,1,0,1,12,8,4,4,4,2,2
S01009342,349,325,94,231,24,14,10,11,11,0,11,0,0,0,25,24,1,23,1,1,0,23,16,1,15,7,3,4,83,81,33,48,2,1,1,43,38,9,29,5,2,3,61,59,19,40,2,2,0,87,84,29,55,3,3,0,16,12,2,10,4,2,2
S01009343,298,283,87,196,15,4,11,9,9,0,9,0,0,0,29,29,3,26,0,0,0,20,16,0,16,4,1,3,78,76,34,42,2,0,2,28,25,5,20,3,2,1,51,50,19,31,1,0,1,74,72,24,48,2,1,1,9,6,2,4,3,0,3
S01009344,276,261,78,183,15,3,12,4,3,0,3,1,0,1,20,20,1,19,0,0,0,31,25,1,24,6,0,6,63,62,40,22,1,0,1,38,36,3,33,2,1,1,48,45,12,33,3,2,1,56,56,14,42,0,0,0,16,14,7,7,2,0,2
S01009345,475,447,149,298,28,7,21,14,14,1,13,0,0,0,45,45,2,43,0,0,0,31,21,4,17,10,1,9,116,114,57,57,2,0,2,46,41,6,35,5,1,4,85,81,28,53,4,3,1,118,113,45,68,5,1,4,20,18,6,12,2,1,1
S01009346,402,349,86,263,53,13,40,17,16,1,15,1,0,1,31,29,1,28,2,1,1,26,17,1,16,9,0,9,49,40,12,28,9,2,7,40,31,10,21,9,0,9,104,99,23,76,5,1,4,119,105,33,72,14,7,7,16,12,5,7,4,2,2
S01009347,370,324,90,234,46,6,40,7,6,0,6,1,0,1,43,41,2,39,2,2,0,16,12,2,10,4,0,4,52,44,19,25,8,2,6,33,24,4,20,9,0,9,99,90,23,67,9,1,8,107,100,36,64,7,1,6,13,7,4,3,6,0,6
S01009348,293,271,71,200,22,8,14,7,5,0,5,2,0,2,21,21,0,21,0,0,0,16,12,1,11,4,0,4,49,45,19,26,4,1,3,33,32,7,25,1,1,0,73,70,22,48,3,2,1,84,80,21,59,4,1,3,10,6,1,5,4,3,1
S01009349,461,412,91,321,49,18,31,18,17,0,17,1,0,1,32,30,1,29,2,1,1,31,24,1,23,7,1,6,65,59,21,38,6,2,4,32,28,5,23,4,2,2,124,114,26,88,10,2,8,136,124,31,93,12,6,6,23,16,6,10,7,4,3
S01009350,349,320,79,241,29,10,19,9,9,1,8,0,0,0,22,21,3,18,1,1,0,17,16,1,15,1,0,1,86,77,30,47,9,2,7,42,39,6,33,3,1,2,72,69,8,61,3,2,1,91,83,28,55,8,1,7,10,6,2,4,4,3,1
S01009351,333,308,57,251,25,13,12,4,4,0,4,0,0,0,21,19,0,19,2,1,1,19,16,0,16,3,0,3,64,59,22,37,5,1,4,33,31,3,28,2,2,0,84,79,13,66,5,4,1,93,88,15,73,5,2,3,15,12,4,8,3,3,0
S01009352,475,444,91,353,31,9,22,19,18,0,18,1,0,1,41,41,5,36,0,0,0,25,20,1,19,5,1,4,64,60,22,38,4,2,2,41,38,4,34,3,0,3,118,112,24,88,6,2,4,150,145,31,114,5,1,4,17,10,4,6,7,3,4
S01009353,235,211,36,175,24,6,18,10,7,1,6,3,0,3,21,19,2,17,2,0,2,16,11,1,10,5,3,2,23,17,6,11,6,1,5,16,14,1,13,2,1,1,71,70,13,57,1,0,1,69,67,12,55,2,0,2,9,6,0,6,3,1,2
S01009354,514,456,106,350,58,18,40,9,9,1,8,0,0,0,38,36,1,35,2,0,2,33,23,2,21,10,0,10,87,73,32,41,14,2,12,44,40,3,37,4,1,3,143,128,26,102,15,4,11,146,136,38,98,10,9,1,14,11,3,8,3,2,1
S01009355,464,426,131,295,38,15,23,5,4,0,4,1,0,1,42,40,4,36,2,2,0,40,28,1,27,12,5,7,85,78,38,40,7,0,7,34,31,3,28,3,1,2,99,95,29,66,4,2,2,140,134,51,83,6,4,2,19,16,5,11,3,1,2
S01009356,508,465,122,343,43,13,30,10,9,0,9,1,0,1,52,51,5,46,1,0,1,30,26,1,25,4,0,4,111,99,43,56,12,4,8,42,38,5,33,4,1,3,89,85,23,62,4,0,4,152,141,37,104,11,3,8,22,16,8,8,6,5,1
S01009357,285,252,59,193,33,12,21,11,10,0,10,1,0,1,24,24,4,20,0,0,0,17,11,0,11,6,0,6,41,34,12,22,7,3,4,38,37,10,27,1,0,1,71,63,13,50,8,4,4,76,70,19,51,6,3,3,7,3,1,2,4,2,2
S01009358,378,325,88,237,53,19,34,7,7,0,7,0,0,0,42,38,3,35,4,1,3,5,5,0,5,0,0,0,52,42,21,21,10,4,6,26,18,1,17,8,2,6,112,92,21,71,20,4,16,119,113,36,77,6,3,3,15,10,6,4,5,5,0
S01009359,437,391,91,300,46,12,34,11,11,0,11,0,0,0,31,30,0,30,1,0,1,20,12,0,12,8,0,8,81,74,31,43,7,2,5,39,34,3,31,5,2,3,107,93,16,77,14,2,12,132,127,39,88,5,2,3,16,10,2,8,6,4,2
S01009360,439,393,102,291,46,17,29,14,12,0,12,2,0,2,51,50,2,48,1,0,1,20,14,1,13,6,2,4,79,70,30,40,9,4,5,32,28,5,23,4,1,3,92,81,21,60,11,4,7,127,122,35,87,5,3,2,24,16,8,8,8,3,5
S01009361,393,361,100,261,32,9,23,6,6,0,6,0,0,0,36,35,1,34,1,1,0,18,13,0,13,5,0,5,82,71,33,38,11,2,9,32,29,8,21,3,1,2,86,81,16,65,5,2,3,111,107,35,72,4,2,2,22,19,7,12,3,1,2
S01009362,543,506,152,354,37,9,28,6,6,0,6,0,0,0,62,60,4,56,2,1,1,27,21,2,19,6,0,6,105,102,57,45,3,0,3,52,44,5,39,8,2,6,117,108,31,77,9,3,6,152,145,45,100,7,1,6,22,20,8,12,2,2,0
S01009363,399,378,111,267,21,5,16,8,7,0,7,1,0,1,33,32,2,30,1,1,0,28,22,0,22,6,0,6,98,93,35,58,5,0,5,43,42,7,35,1,1,0,79,76,27,49,3,1,2,95,92,33,59,3,1,2,15,14,7,7,1,1,0
S01009364,486,449,122,327,37,9,28,11,10,0,10,1,0,1,62,60,2,58,2,1,1,38,29,1,28,9,1,8,111,103,47,56,8,3,5,41,39,7,32,2,0,2,93,86,25,61,7,4,3,123,117,38,79,6,0,6,7,5,2,3,2,0,2
S01009365,284,265,64,201,19,7,12,7,7,1,6,0,0,0,27,27,2,25,0,0,0,23,19,2,17,4,0,4,56,55,18,37,1,0,1,36,33,6,27,3,2,1,48,45,9,36,3,1,2,74,68,22,46,6,2,4,13,11,4,7,2,2,0
S01009366,335,302,76,226,33,5,28,8,8,0,8,0,0,0,28,25,1,24,3,0,3,27,22,0,22,5,0,5,75,69,32,37,6,0,6,37,31,3,28,6,0,6,61,56,13,43,5,1,4,86,81,25,56,5,1,4,13,10,2,8,3,3,0
S01009367,305,284,74,210,21,8,13,6,4,0,4,2,1,1,26,26,0,26,0,0,0,36,28,1,27,8,2,6,69,67,30,37,2,1,1,29,27,4,23,2,0,2,51,46,15,31,5,3,2,75,73,23,50,2,1,1,13,13,1,12,0,0,0
S01009368,278,257,74,183,21,12,9,5,5,0,5,0,0,0,35,35,5,30,0,0,0,25,23,2,21,2,0,2,57,54,18,36,3,1,2,31,27,4,23,4,4,0,54,50,18,32,4,1,3,55,54,23,31,1,0,1,16,9,4,5,7,6,1
S01009369,298,274,85,189,24,7,17,6,6,0,6,0,0,0,34,34,0,34,0,0,0,30,22,1,21,8,1,7,60,57,30,27,3,2,1,31,27,7,20,4,1,3,54,52,13,39,2,1,1,68,65,30,35,3,0,3,15,11,4,7,4,2,2
S01009370,415,390,109,281,25,9,16,7,7,0,7,0,0,0,54,53,3,50,1,0,1,31,26,0,26,5,1,4,91,90,34,56,1,0,1,48,42,10,32,6,3,3,68,65,17,48,3,1,2,101,96,42,54,5,1,4,15,11,3,8,4,3,1
S01009371,262,253,74,179,9,3,6,2,2,0,2,0,0,0,31,31,0,31,0,0,0,23,20,2,18,3,1,2,61,61,31,30,0,0,0,26,22,3,19,4,1,3,41,40,12,28,1,0,1,69,68,23,45,1,1,0,9,9,3,6,0,0,0
S01009372,266,238,76,162,28,4,24,6,6,2,4,0,0,0,35,33,1,32,2,0,2,21,11,1,10,10,1,9,74,71,35,36,3,0,3,24,19,2,17,5,1,4,47,42,12,30,5,2,3,45,42,18,24,3,0,3,14,14,5,9,0,0,0
S01009373,359,339,85,254,20,6,14,10,10,0,10,0,0,0,36,36,3,33,0,0,0,34,31,4,27,3,0,3,70,69,30,39,1,0,1,39,35,9,26,4,0,4,56,52,11,41,4,2,2,89,83,21,62,6,4,2,25,23,7,16,2,0,2
S01009374,393,364,106,258,29,9,20,6,6,0,6,0,0,0,36,36,0,36,0,0,0,33,26,2,24,7,1,6,111,106,49,57,5,2,3,39,34,8,26,5,1,4,73,68,14,54,5,2,3,79,74,28,46,5,3,2,16,14,5,9,2,0,2
S01009375,356,335,98,237,21,9,12,5,5,0,5,0,0,0,36,35,2,33,1,0,1,35,28,1,27,7,1,6,80,78,41,37,2,1,1,36,33,6,27,3,1,2,47,47,11,36,0,0,0,105,99,32,67,6,5,1,12,10,5,5,2,1,1
S01009376,262,247,70,177,15,6,9,6,6,0,6,0,0,0,29,29,2,27,0,0,0,21,18,2,16,3,2,1,66,61,22,39,5,3,2,25,24,4,20,1,0,1,49,47,18,29,2,1,1,61,57,20,37,4,0,4,5,5,2,3,0,0,0
S01009377,824,781,106,675,43,13,30,4,4,0,4,0,0,0,50,48,4,44,2,1,1,35,29,0,29,6,1,5,103,98,40,58,5,1,4,56,49,5,44,7,1,6,109,102,15,87,7,4,3,448,437,37,400,11,4,7,19,14,5,9,5,1,4
S01009378,502,457,129,328,45,12,33,6,6,0,6,0,0,0,48,47,1,46,1,0,1,39,26,4,22,13,1,12,90,83,41,42,7,1,6,65,57,12,45,8,2,6,87,82,15,67,5,1,4,146,139,48,91,7,4,3,21,17,8,9,4,3,1
S01009379,509,466,103,363,43,10,33,22,21,4,17,1,1,0,51,49,0,49,2,0,2,38,25,1,24,13,2,11,77,72,33,39,5,0,5,65,58,6,52,7,2,5,120,114,25,89,6,1,5,118,114,29,85,4,2,2,18,13,5,8,5,2,3
S01009380,315,297,69,228,18,6,12,7,7,0,7,0,0,0,23,22,0,22,1,0,1,25,18,0,18,7,0,7,71,71,30,41,0,0,0,35,34,4,30,1,0,1,47,43,10,33,4,2,2,92,89,18,71,3,2,1,15,13,7,6,2,2,0
S01009381,381,338,85,253,43,15,28,9,7,0,7,2,0,2,31,28,1,27,3,1,2,30,21,0,21,9,1,8,83,76,34,42,7,2,5,34,33,5,28,1,0,1,98,89,19,70,9,6,3,79,72,23,49,7,2,5,17,12,3,9,5,3,2
S01009382,367,335,92,243,32,11,21,3,2,0,2,1,0,1,38,37,1,36,1,0,1,25,16,2,14,9,2,7,97,93,45,48,4,2,2,43,35,4,31,8,1,7,62,56,13,43,6,3,3,87,85,26,59,2,2,0,12,11,1,10,1,1,0
S01009383,413,372,88,284,41,12,29,12,12,1,11,0,0,0,40,40,2,38,0,0,0,45,33,2,31,12,0,12,93,89,33,56,4,2,2,47,42,7,35,5,0,5,73,63,18,45,10,5,5,88,80,21,59,8,4,4,15,13,4,9,2,1,1
S01009384,287,222,61,161,65,18,47,7,5,0,5,2,0,2,19,17,1,16,2,1,1,18,13,1,12,5,1,4,41,30,14,16,11,3,8,25,21,2,19,4,2,2,78,53,15,38,25,2,23,88,76,26,50,12,7,5,11,7,2,5,4,2,2
S01009385,257,217,55,162,40,10,30,8,6,0,6,2,0,2,20,17,4,13,3,0,3,17,8,0,8,9,2,7,37,32,16,16,5,2,3,22,21,3,18,1,0,1,55,46,10,36,9,4,5,76,70,16,54,6,0,6,22,17,6,11,5,2,3
S01009386,298,276,86,190,22,4,18,7,7,1,6,0,0,0,28,28,4,24,0,0,0,27,21,0,21,6,1,5,64,61,34,27,3,0,3,31,30,2,28,1,0,1,61,55,10,45,6,2,4,68,65,29,36,3,1,2,12,9,6,3,3,0,3
S01009387,252,228,63,165,24,6,18,4,4,0,4,0,0,0,28,26,2,24,2,1,1,16,11,0,11,5,0,5,53,53,28,25,0,0,0,40,37,2,35,3,1,2,45,38,7,31,7,2,5,56,52,18,34,4,1,3,10,7,6,1,3,1,2
S01009388,349,319,94,225,30,11,19,6,6,0,6,0,0,0,28,27,1,26,1,0,1,34,29,2,27,5,0,5,81,76,38,38,5,2,3,52,44,7,37,8,3,5,57,52,16,36,5,3,2,77,73,26,47,4,2,2,14,12,4,8,2,1,1
S01009389,448,393,105,288,55,16,39,9,8,1,7,1,0,1,50,48,5,43,2,0,2,39,26,3,23,13,3,10,91,82,38,44,9,3,6,31,24,0,24,7,2,5,94,79,13,66,15,4,11,112,110,38,72,2,0,2,22,16,7,9,6,4,2
S01009390,428,394,100,294,34,8,26,15,13,0,13,2,0,2,41,39,1,38,2,1,1,24,21,5,16,3,1,2,59,55,29,26,4,0,4,42,37,5,32,5,3,2,123,113,23,90,10,2,8,114,107,34,73,7,1,6,10,9,3,6,1,0,1
S01009391,410,369,87,282,41,14,27,12,10,0,10,2,1,1,42,40,1,39,2,1,1,14,8,0,8,6,1,5,65,57,26,31,8,2,6,45,38,7,31,7,2,5,99,96,15,81,3,0,3,116,107,30,77,9,5,4,17,13,8,5,4,2,2
S01009392,302,264,78,186,38,11,27,7,7,0,7,0,0,0,24,23,1,22,1,0,1,21,14,1,13,7,1,6,33,32,16,16,1,1,0,27,22,6,16,5,0,5,86,76,17,59,10,4,6,90,82,34,48,8,3,5,14,8,3,5,6,2,4
S01009393,377,321,86,235,56,12,44,5,3,0,3,2,0,2,37,36,2,34,1,0,1,32,16,3,13,16,1,15,86,74,34,40,12,3,9,30,26,1,25,4,2,2,67,61,12,49,6,1,5,99,91,29,62,8,2,6,21,14,5,9,7,3,4
S01009394,472,425,93,332,47,11,36,17,17,2,15,0,0,0,45,40,0,40,5,2,3,20,17,3,14,3,0,3,66,60,24,36,6,0,6,52,49,5,44,3,1,2,117,105,19,86,12,2,10,135,120,34,86,15,5,10,20,17,6,11,3,1,2
S01009395,290,250,62,188,40,10,30,8,7,0,7,1,0,1,27,25,2,23,2,1,1,13,9,1,8,4,1,3,36,30,10,20,6,1,5,26,22,5,17,4,2,2,67,55,7,48,12,2,10,95,86,28,58,9,2,7,18,16,9,7,2,1,1
S01009396,328,264,68,196,64,22,42,4,4,0,4,0,0,0,34,33,1,32,1,0,1,17,12,1,11,5,0,5,46,39,16,23,7,3,4,37,32,6,26,5,0,5,77,54,8,46,23,8,15,98,82,32,50,16,7,9,15,8,4,4,7,4,3
S01009397,354,315,91,224,39,10,29,5,4,1,3,1,0,1,29,27,3,24,2,1,1,14,9,0,9,5,0,5,48,44,16,28,4,1,3,38,31,4,27,7,0,7,78,70,17,53,8,2,6,125,116,44,72,9,4,5,17,14,6,8,3,2,1
S01009398,371,334,87,247,37,12,25,2,2,0,2,0,0,0,34,32,4,28,2,0,2,24,17,4,13,7,2,5,54,48,17,31,6,2,4,49,43,6,37,6,2,4,65,62,17,45,3,0,3,125,115,35,80,10,5,5,18,15,4,11,3,1,2
S01009399,375,327,89,238,48,22,26,6,6,0,6,0,0,0,32,32,2,30,0,0,0,25,22,2,20,3,1,2,64,56,28,28,8,4,4,43,34,3,31,9,2,7,86,74,20,54,12,5,7,104,94,29,65,10,6,4,15,9,5,4,6,4,2
S01009400,253,231,73,158,22,4,18,4,4,0,4,0,0,0,31,30,3,27,1,0,1,16,10,1,9,6,0,6,48,48,27,21,0,0,0,29,25,5,20,4,1,3,49,45,13,32,4,1,3,62,55,19,36,7,2,5,14,14,5,9,0,0,0
S01009401,283,253,71,182,30,8,22,9,9,2,7,0,0,0,30,29,0,29,1,0,1,16,13,1,12,3,0,3,50,47,22,25,3,0,3,22,18,3,15,4,2,2,60,54,17,37,6,2,4,89,79,25,54,10,4,6,7,4,1,3,3,0,3
S01009402,418,352,100,252,66,34,32,5,5,0,5,0,0,0,49,44,2,42,5,3,2,18,11,2,9,7,2,5,65,57,27,30,8,2,6,35,26,3,23,9,6,3,91,78,18,60,13,9,4,130,114,41,73,16,10,6,25,17,7,10,8,2,6
S01009403,291,269,87,182,22,5,17,6,6,0,6,0,0,0,33,33,3,30,0,0,0,15,8,0,8,7,1,6,63,58,35,23,5,0,5,25,21,3,18,4,2,2,61,58,19,39,3,2,1,81,78,22,56,3,0,3,7,7,5,2,0,0,0
S01009404,233,204,48,156,29,9,20,10,10,2,8,0,0,0,16,15,1,14,1,0,1,32,22,0,22,10,3,7,67,58,22,36,9,4,5,11,9,3,6,2,0,2,28,25,7,18,3,1,2,62,59,10,49,3,0,3,7,6,3,3,1,1,0
S01009405,207,166,51,115,41,11,30,19,13,0,13,6,3,3,21,20,1,19,1,0,1,18,10,1,9,8,1,7,33,27,13,14,6,0,6,12,8,1,7,4,1,3,36,28,13,15,8,3,5,56,55,20,35,1,0,1,12,5,2,3,7,3,4
S01009406,449,408,93,315,41,6,35,8,8,0,8,0,0,0,41,36,0,36,5,1,4,58,41,1,40,17,1,16,79,75,28,47,4,0,4,29,25,5,20,4,2,2,69,64,15,49,5,1,4,140,138,35,103,2,1,1,25,21,9,12,4,0,4
S01009407,241,210,51,159,31,7,24,5,2,0,2,3,0,3,40,39,0,39,1,0,1,22,14,2,12,8,1,7,47,41,15,26,6,2,4,18,17,5,12,1,0,1,39,33,9,24,6,1,5,62,60,18,42,2,1,1,8,4,2,2,4,2,2
S01009408,424,378,80,298,46,13,33,16,14,2,12,2,0,2,41,40,4,36,1,0,1,46,35,2,33,11,2,9,80,70,27,43,10,4,6,21,17,1,16,4,1,3,70,61,13,48,9,2,7,133,130,29,101,3,2,1,17,11,2,9,6,2,4
S01009409,289,266,87,179,23,9,14,8,7,0,7,1,1,0,33,33,3,30,0,0,0,37,29,3,26,8,0,8,66,61,29,32,5,2,3,28,24,6,18,4,1,3,37,35,13,22,2,2,0,68,66,30,36,2,2,0,12,11,3,8,1,1,0
S01009410,408,371,123,248,37,17,20,9,9,0,9,0,0,0,45,43,2,41,2,1,1,51,39,0,39,12,2,10,88,81,43,38,7,4,3,33,29,15,14,4,3,1,60,56,16,40,4,4,0,106,100,41,59,6,2,4,16,14,6,8,2,1,1
S01009411,380,348,101,247,32,10,22,8,8,0,8,0,0,0,49,49,0,49,0,0,0,41,25,3,22,16,2,14,79,74,41,33,5,2,3,36,36,3,33,0,0,0,37,33,6,27,4,2,2,112,109,41,68,3,1,2,18,14,7,7,4,3,1
S01009412,396,375,115,260,21,7,14,10,9,0,9,1,0,1,45,45,7,38,0,0,0,40,34,2,32,6,1,5,109,103,50,53,6,0,6,35,35,4,31,0,0,0,45,40,12,28,5,4,1,93,93,36,57,0,0,0,19,16,4,12,3,2,1
S01009413,488,442,129,313,46,9,37,9,9,0,9,0,0,0,63,60,2,58,3,0,3,68,52,2,50,16,2,14,102,93,51,42,9,0,9,39,37,7,30,2,0,2,64,57,18,39,7,4,3,124,119,40,79,5,1,4,19,15,9,6,4,2,2
S01009414,299,273,84,189,26,7,19,10,10,1,9,0,0,0,36,35,4,31,1,0,1,33,24,1,23,9,2,7,58,50,24,26,8,2,6,32,30,4,26,2,1,1,29,28,13,15,1,0,1,87,84,32,52,3,1,2,14,12,5,7,2,1,1
S01009415,335,293,78,215,42,4,38,14,13,1,12,1,0,1,35,34,3,31,1,0,1,37,28,2,26,9,0,9,70,57,28,29,13,0,13,27,24,5,19,3,0,3,43,39,9,30,4,1,3,93,86,27,59,7,2,5,16,12,3,9,4,1,3
S01009416,297,266,82,184,31,5,26,5,5,0,5,0,0,0,29,27,1,26,2,0,2,26,18,2,16,8,1,7,66,56,28,28,10,1,9,24,22,5,17,2,1,1,47,45,11,34,2,0,2,79,77,29,48,2,0,2,21,16,6,10,5,2,3
S01009417,178,146,34,112,32,4,28,13,4,1,3,9,1,8,17,16,0,16,1,1,0,12,5,1,4,7,0,7,37,34,11,23,3,0,3,12,11,1,10,1,0,1,22,17,7,10,5,0,5,52,51,12,39,1,0,1,13,8,1,7,5,2,3
S01009418,508,466,122,344,42,9,33,17,16,1,15,1,0,1,58,56,2,54,2,0,2,63,52,0,52,11,2,9,102,96,35,61,6,1,5,45,40,10,30,5,0,5,73,64,20,44,9,3,6,123,119,44,75,4,1,3,27,23,10,13,4,2,2
S01009419,241,226,64,162,15,5,10,7,7,1,6,0,0,0,25,25,1,24,0,0,0,26,21,1,20,5,0,5,46,43,26,17,3,2,1,20,20,2,18,0,0,0,34,30,7,23,4,1,3,74,73,23,50,1,0,1,9,7,3,4,2,2,0
S01009420,230,216,71,145,14,6,8,6,6,0,6,0,0,0,29,28,6,22,1,0,1,20,18,1,17,2,1,1,64,60,20,40,4,3,1,27,26,4,22,1,0,1,21,18,7,11,3,2,1,56,54,30,24,2,0,2,7,6,3,3,1,0,1
S01009421,277,259,84,175,18,9,9,7,7,0,7,0,0,0,36,33,4,29,3,2,1,30,25,2,23,5,1,4,58,55,26,29,3,2,1,21,19,5,14,2,0,2,52,49,21,28,3,2,1,59,58,20,38,1,1,0,14,13,6,7,1,1,0
S01009422,366,343,105,238,23,7,16,14,13,1,12,1,0,1,49,49,0,49,0,0,0,36,28,2,26,8,1,7,71,69,37,32,2,0,2,30,29,10,19,1,0,1,56,52,14,38,4,1,3,91,86,32,54,5,5,0,19,17,9,8,2,0,2
S01009423,544,492,108,384,52,20,32,21,21,2,19,0,0,0,48,47,2,45,1,1,0,58,44,2,42,14,1,13,82,71,27,44,11,3,8,41,39,12,27,2,1,1,89,85,22,63,4,1,3,180,170,36,134,10,3,7,25,15,5,10,10,10,0
S01009424,279,251,58,193,28,7,21,6,5,0,5,1,0,1,26,24,1,23,2,1,1,34,28,1,27,6,1,5,43,38,20,18,5,0,5,33,27,6,21,6,0,6,39,36,11,25,3,1,2,87,86,17,69,1,0,1,11,7,2,5,4,4,0
S01009425,330,302,59,243,28,9,19,16,14,0,14,2,0,2,46,45,2,43,1,1,0,32,27,1,26,5,1,4,49,45,21,24,4,0,4,30,29,5,24,1,0,1,49,46,9,37,3,2,1,95,87,18,69,8,3,5,13,9,3,6,4,2,2
S01009426,310,288,87,201,22,3,19,9,8,0,8,1,0,1,45,45,3,42,0,0,0,42,32,2,30,10,1,9,62,57,31,26,5,0,5,28,28,8,20,0,0,0,28,27,11,16,1,1,0,82,80,27,53,2,0,2,14,11,5,6,3,1,2
S01009427,229,210,71,139,19,3,16,2,2,1,1,0,0,0,16,15,1,14,1,0,1,36,29,1,28,7,0,7,37,37,19,18,0,0,0,13,12,3,9,1,0,1,36,32,13,19,4,1,3,77,74,30,44,3,1,2,12,9,3,6,3,1,2
S01009428,229,205,60,145,24,8,16,4,4,1,3,0,0,0,33,33,6,27,0,0,0,30,22,1,21,8,2,6,41,36,22,14,5,1,4,15,15,5,10,0,0,0,25,18,3,15,7,3,4,72,69,17,52,3,2,1,9,8,5,3,1,0,1
S01009429,272,264,72,192,8,1,7,10,10,1,9,0,0,0,39,39,5,34,0,0,0,34,32,0,32,2,0,2,51,48,27,21,3,0,3,18,17,4,13,1,1,0,32,30,4,26,2,0,2,72,72,25,47,0,0,0,16,16,6,10,0,0,0
S01009430,296,272,98,174,24,4,20,13,13,1,12,0,0,0,38,37,6,31,1,0,1,29,19,1,18,10,1,9,54,50,31,19,4,2,2,28,26,5,21,2,0,2,40,37,11,26,3,0,3,76,74,31,43,2,0,2,18,16,12,4,2,1,1
S01009431,278,250,69,181,28,3,25,8,5,1,4,3,0,3,25,24,2,22,1,0,1,28,24,1,23,4,0,4,56,48,20,28,8,1,7,22,21,4,17,1,0,1,33,29,6,23,4,1,3,96,90,31,59,6,0,6,10,9,4,5,1,1,0
S01009432,306,290,102,188,16,5,11,9,9,1,8,0,0,0,33,33,6,27,0,0,0,45,38,6,32,7,0,7,64,62,33,29,2,0,2,25,24,7,17,1,1,0,26,24,5,19,2,2,0,87,87,38,49,0,0,0,17,13,6,7,4,2,2
S01009433,293,275,89,186,18,5,13,10,10,1,9,0,0,0,29,29,4,25,0,0,0,41,35,2,33,6,1,5,58,52,31,21,6,1,5,15,15,6,9,0,0,0,24,23,8,15,1,1,0,103,100,33,67,3,1,2,13,11,4,7,2,1,1
S01009434,208,190,62,128,18,6,12,7,6,0,6,1,0,1,33,33,4,29,0,0,0,34,25,2,23,9,2,7,32,32,12,20,0,0,0,22,18,5,13,4,1,3,20,18,7,11,2,1,1,52,51,28,23,1,1,0,8,7,4,3,1,1,0
S01009435,261,235,76,159,26,8,18,9,7,1,6,2,0,2,34,34,3,31,0,0,0,31,23,1,22,8,2,6,58,51,29,22,7,1,6,12,11,5,6,1,1,0,36,33,8,25,3,1,2,73,69,27,42,4,3,1,8,7,2,5,1,0,1
S01009436,303,282,69,213,21,8,13,16,15,0,15,1,1,0,37,36,1,35,1,1,0,30,22,0,22,8,1,7,59,56,27,29,3,2,1,30,28,3,25,2,2,0,29,27,6,21,2,0,2,92,90,28,62,2,1,1,10,8,4,4,2,0,2
S01009437,307,272,67,205,35,5,30,5,5,1,4,0,0,0,37,34,5,29,3,1,2,47,37,1,36,10,1,9,77,64,27,37,13,3,10,22,21,4,17,1,0,1,29,26,7,19,3,0,3,79,76,20,56,3,0,3,11,9,2,7,2,0,2
S01009438,339,303,79,224,36,12,24,9,9,1,8,0,0,0,56,54,6,48,2,1,1,44,30,0,30,14,4,10,72,66,41,25,6,1,5,23,19,4,15,4,2,2,28,26,2,24,2,0,2,94,88,23,65,6,4,2,13,11,2,9,2,0,2
S01009439,357,336,91,245,21,8,13,11,11,2,9,0,0,0,51,50,1,49,1,0,1,54,44,4,40,10,4,6,84,83,39,44,1,1,0,27,26,5,21,1,0,1,31,28,7,21,3,1,2,83,79,26,53,4,2,2,16,15,7,8,1,0,1
S01009440,255,233,79,154,22,5,17,5,4,0,4,1,0,1,22,22,3,19,0,0,0,33,26,0,26,7,1,6,64,60,35,25,4,0,4,23,23,7,16,0,0,0,36,32,8,24,4,2,2,61,58,22,36,3,2,1,11,8,4,4,3,0,3
S01009441,343,320,111,209,23,5,18,21,20,2,18,1,0,1,40,37,4,33,3,2,1,38,31,2,29,7,0,7,92,87,50,37,5,0,5,33,31,6,25,2,0,2,31,29,12,17,2,2,0,75,74,32,42,1,1,0,13,11,3,8,2,0,2
S01009442,290,233,50,183,57,14,43,23,10,1,9,13,1,12,30,24,2,22,6,3,3,46,33,1,32,13,2,11,50,42,16,26,8,5,3,21,16,3,13,5,0,5,36,30,7,23,6,2,4,78,74,20,54,4,1,3,6,4,0,4,2,0,2
S01009443,332,284,88,196,48,7,41,21,12,3,9,9,0,9,40,39,3,36,1,0,1,30,19,2,17,11,3,8,65,55,25,30,10,0,10,28,23,11,12,5,1,4,39,33,8,25,6,2,4,97,92,31,61,5,1,4,12,11,5,6,1,0,1
S01009444,455,415,117,298,40,16,24,13,12,0,12,1,0,1,51,49,2,47,2,0,2,48,37,0,37,11,1,10,90,81,40,41,9,4,5,27,22,8,14,5,4,1,56,51,12,39,5,2,3,156,152,49,103,4,2,2,14,11,6,5,3,3,0
S01009445,354,326,92,234,28,10,18,13,12,1,11,1,0,1,56,55,4,51,1,0,1,44,35,2,33,9,1,8,64,60,29,31,4,1,3,32,28,6,22,4,2,2,42,38,11,27,4,2,2,93,89,34,55,4,3,1,10,9,5,4,1,1,0
S01009446,322,301,89,212,21,6,15,12,12,1,11,0,0,0,25,25,1,24,0,0,0,36,29,2,27,7,2,5,65,62,32,30,3,1,2,30,28,1,27,2,0,2,34,32,12,20,2,1,1,103,98,32,66,5,2,3,17,15,8,7,2,0,2
S01009447,227,206,56,150,21,8,13,10,10,0,10,0,0,0,16,15,0,15,1,0,1,26,22,0,22,4,0,4,39,37,15,22,2,1,1,21,18,2,16,3,1,2,29,28,7,21,1,1,0,72,68,31,37,4,1,3,14,8,1,7,6,4,2
S01009448,424,390,106,284,34,10,24,11,11,0,11,0,0,0,43,42,5,37,1,1,0,60,43,2,41,17,2,15,72,69,33,36,3,1,2,37,32,6,26,5,1,4,52,51,14,37,1,1,0,138,135,42,93,3,1,2,11,7,4,3,4,3,1
S01009449,216,195,59,136,21,4,17,11,10,0,10,1,0,1,21,21,4,17,0,0,0,27,18,3,15,9,0,9,42,38,18,20,4,0,4,19,18,3,15,1,0,1,24,23,9,14,1,1,0,55,54,17,37,1,0,1,17,13,5,8,4,3,1
S01009450,235,219,69,150,16,2,14,6,6,0,6,0,0,0,33,33,1,32,0,0,0,28,22,1,21,6,0,6,50,47,24,23,3,0,3,19,18,6,12,1,0,1,27,26,8,18,1,1,0,62,61,28,33,1,0,1,10,6,1,5,4,1,3
S01009451,383,347,105,242,36,7,29,17,16,4,12,1,0,1,46,43,3,40,3,0,3,71,55,3,52,16,2,14,76,68,33,35,8,1,7,19,16,4,12,3,1,2,39,38,17,21,1,1,0,103,99,39,60,4,2,2,12,12,2,10,0,0,0
S01009452,204,192,49,143,12,1,11,7,7,1,6,0,0,0,26,26,2,24,0,0,0,27,24,0,24,3,0,3,40,36,15,21,4,0,4,20,18,3,15,2,0,2,24,23,1,22,1,0,1,51,50,24,26,1,0,1,9,8,3,5,1,1,0
S01009453,437,412,113,299,25,5,20,10,10,0,10,0,0,0,52,52,3,49,0,0,0,57,47,0,47,10,0,10,84,81,38,43,3,0,3,33,33,8,25,0,0,0,64,61,19,42,3,1,2,109,107,35,72,2,2,0,28,21,10,11,7,2,5
S01009454,420,354,100,254,66,24,42,6,5,1,4,1,0,1,40,37,4,33,3,1,2,18,9,1,8,9,3,6,59,47,24,23,12,2,10,36,33,8,25,3,2,1,89,72,17,55,17,8,9,149,137,42,95,12,4,8,23,14,3,11,9,4,5
S01009455,404,311,80,231,93,31,62,10,3,0,3,7,2,5,25,22,3,19,3,0,3,28,17,1,16,11,3,8,66,49,20,29,17,5,12,36,28,4,24,8,3,5,88,59,15,44,29,9,20,132,121,33,88,11,6,5,19,12,4,8,7,3,4
S01009456,305,257,52,205,48,11,37,20,11,0,11,9,1,8,42,41,1,40,1,0,1,46,36,0,36,10,1,9,31,25,10,15,6,2,4,23,21,2,19,2,0,2,41,37,12,25,4,2,2,78,71,21,50,7,3,4,24,15,6,9,9,2,7
S01009457,305,226,69,157,79,22,57,31,14,3,11,17,1,16,32,28,2,26,4,0,4,28,15,2,13,13,2,11,43,29,15,14,14,6,8,21,16,6,10,5,3,2,30,20,5,15,10,4,6,101,91,31,60,10,3,7,19,13,5,8,6,3,3
S01009458,294,258,63,195,36,11,25,5,5,0,5,0,0,0,22,22,1,21,0,0,0,22,20,0,20,2,1,1,59,47,23,24,12,1,11,31,27,5,22,4,1,3,46,40,8,32,6,2,4,92,89,26,63,3,1,2,17,8,0,8,9,5,4
S01009459,372,314,81,233,58,18,40,15,13,2,11,2,1,1,35,31,1,30,4,2,2,34,21,2,19,13,3,10,78,61,33,28,17,2,15,27,26,6,20,1,0,1,53,44,7,37,9,3,6,105,98,24,74,7,4,3,25,20,6,14,5,3,2
S01009460,323,304,103,201,19,3,16,6,6,0,6,0,0,0,33,33,3,30,0,0,0,28,24,0,24,4,0,4,81,78,42,36,3,0,3,24,22,2,20,2,0,2,47,43,16,27,4,1,3,84,80,31,49,4,1,3,20,18,9,9,2,1,1
S01009461,304,272,61,211,32,9,23,4,4,0,4,0,0,0,23,21,3,18,2,0,2,21,18,0,18,3,0,3,49,46,18,28,3,0,3,17,13,3,10,4,1,3,70,61,7,54,9,3,6,101,97,22,75,4,2,2,19,12,8,4,7,3,4
S01009462,304,267,77,190,37,15,22,3,1,0,1,2,1,1,31,29,1,28,2,0,2,38,31,2,29,7,1,6,64,59,27,32,5,1,4,28,26,4,22,2,1,1,42,32,6,26,10,4,6,84,79,33,46,5,4,1,14,10,4,6,4,3,1
S01009463,286,249,69,180,37,10,27,10,9,0,9,1,0,1,34,32,0,32,2,1,1,29,18,2,16,11,0,11,53,44,21,23,9,2,7,33,30,9,21,3,2,1,33,30,8,22,3,1,2,78,73,23,50,5,2,3,16,13,6,7,3,2,1
S01009464,430,380,111,269,50,13,37,8,6,0,6,2,0,2,44,44,2,42,0,0,0,28,17,3,14,11,1,10,76,66,29,37,10,3,7,55,54,14,40,1,1,0,76,68,14,54,8,4,4,122,112,46,66,10,3,7,21,13,3,10,8,1,7
S01009465,269,243,78,165,26,9,17,11,10,1,9,1,1,0,28,27,2,25,1,1,0,26,15,3,12,11,4,7,61,56,27,29,5,1,4,22,19,0,19,3,0,3,28,26,8,18,2,1,1,81,80,31,49,1,0,1,12,10,6,4,2,1,1
S01009466,272,227,57,170,45,12,33,7,4,0,4,3,0,3,34,31,1,30,3,3,0,19,14,1,13,5,1,4,44,32,17,15,12,1,11,16,15,1,14,1,0,1,48,31,9,22,17,5,12,88,85,20,65,3,1,2,16,15,8,7,1,1,0
S01009467,355,309,97,212,46,13,33,17,17,2,15,0,0,0,33,28,3,25,5,1,4,21,15,1,14,6,0,6,40,33,14,19,7,2,5,17,13,3,10,4,2,2,52,44,10,34,8,3,5,152,146,59,87,6,2,4,23,13,5,8,10,3,7
S01009468,330,301,96,205,29,11,18,7,7,0,7,0,0,0,31,29,3,26,2,1,1,25,22,2,20,3,0,3,72,63,41,22,9,2,7,29,26,2,24,3,3,0,46,42,9,33,4,1,3,98,95,34,61,3,1,2,22,17,5,12,5,3,2
S01009469,366,331,95,236,35,9,26,8,7,0,7,1,0,1,42,42,1,41,0,0,0,30,23,0,23,7,0,7,57,53,26,27,4,0,4,15,10,1,9,5,1,4,62,51,13,38,11,3,8,130,127,43,84,3,3,0,22,18,11,7,4,2,2
S01009470,214,186,55,131,28,13,15,7,7,0,7,0,0,0,20,20,3,17,0,0,0,18,15,2,13,3,0,3,50,43,23,20,7,4,3,18,16,4,12,2,0,2,24,20,1,19,4,2,2,62,56,17,39,6,4,2,15,9,5,4,6,3,3
S01009471,219,196,45,151,23,6,17,5,5,0,5,0,0,0,21,19,0,19,2,0,2,18,14,0,14,4,1,3,57,57,22,35,0,0,0,12,10,1,9,2,1,1,34,30,3,27,4,1,3,59,55,17,38,4,1,3,13,6,2,4,7,2,5
S01009472,360,315,96,219,45,6,39,9,9,1,8,0,0,0,28,27,3,24,1,0,1,31,21,1,20,10,0,10,85,74,40,34,11,3,8,18,17,4,13,1,0,1,51,40,7,33,11,2,9,115,113,34,79,2,0,2,23,14,6,8,9,1,8
S01009473,382,350,103,247,32,13,19,8,7,2,5,1,1,0,59,58,4,54,1,0,1,27,22,4,18,5,1,4,109,102,48,54,7,1,6,22,19,4,15,3,2,1,38,32,4,28,6,3,3,97,91,32,59,6,3,3,22,19,5,14,3,2,1
S01009474,381,339,99,240,42,12,30,8,7,0,7,1,1,0,43,40,2,38,3,1,2,32,25,0,25,7,2,5,98,89,42,47,9,1,8,21,20,2,18,1,1,0,40,32,6,26,8,1,7,115,106,37,69,9,4,5,24,20,10,10,4,1,3
S01009475,306,259,54,205,47,15,32,6,5,0,5,1,0,1,22,22,0,22,0,0,0,15,9,1,8,6,1,5,56,44,16,28,12,5,7,17,13,1,12,4,1,3,49,41,8,33,8,1,7,127,114,24,90,13,5,8,14,11,4,7,3,2,1
S01009476,269,223,67,156,46,12,34,17,13,0,13,4,0,4,26,24,5,19,2,1,1,32,24,2,22,8,0,8,41,33,19,14,8,1,7,9,8,2,6,1,0,1,56,43,11,32,13,4,9,77,71,25,46,6,2,4,11,7,3,4,4,4,0
S01009477,341,285,71,214,56,12,44,8,7,0,7,1,0,1,31,27,2,25,4,1,3,26,18,2,16,8,0,8,58,49,18,31,9,3,6,17,12,2,10,5,0,5,54,41,11,30,13,4,9,132,121,33,88,11,3,8,15,10,3,7,5,1,4
S01009478,464,417,92,325,47,20,27,7,6,0,6,1,1,0,44,41,2,39,3,1,2,29,23,2,21,6,1,5,111,102,33,69,9,4,5,25,22,3,19,3,2,1,66,57,10,47,9,2,7,148,144,37,107,4,2,2,34,22,5,17,12,7,5
S01009479,378,331,86,245,47,9,38,8,7,0,7,1,0,1,27,27,1,26,0,0,0,26,18,0,18,8,0,8,90,79,36,43,11,0,11,15,14,2,12,1,0,1,61,51,13,38,10,3,7,127,119,29,90,8,3,5,24,16,5,11,8,3,5
S01009480,399,342,83,259,57,9,48,6,5,1,4,1,1,0,33,30,1,29,3,0,3,23,17,3,14,6,0,6,75,67,34,33,8,0,8,29,20,1,19,9,2,7,58,41,7,34,17,3,14,156,147,32,115,9,2,7,19,15,4,11,4,1,3
S01009481,505,467,88,379,38,8,30,6,5,0,5,1,1,0,71,70,5,65,1,0,1,34,23,1,22,11,2,9,95,90,31,59,5,1,4,47,40,3,37,7,1,6,74,68,10,58,6,1,5,157,154,35,119,3,1,2,21,17,3,14,4,1,3
S01009482,332,305,70,235,27,8,19,7,7,2,5,0,0,0,47,46,1,45,1,0,1,27,23,2,21,4,1,3,76,68,28,40,8,1,7,20,19,4,15,1,1,0,48,39,5,34,9,3,6,88,85,22,63,3,1,2,19,18,6,12,1,1,0
S01009483,426,379,76,303,47,13,34,9,7,0,7,2,1,1,54,51,3,48,3,0,3,38,25,1,24,13,5,8,68,61,22,39,7,3,4,19,16,3,13,3,1,2,48,40,9,31,8,0,8,162,156,33,123,6,2,4,28,23,5,18,5,1,4
S01009484,312,288,72,216,24,6,18,5,3,0,3,2,0,2,33,32,2,30,1,0,1,20,16,1,15,4,0,4,69,65,26,39,4,2,2,15,14,2,12,1,0,1,36,34,5,29,2,2,0,115,109,30,79,6,2,4,19,15,6,9,4,0,4
S01009485,316,279,90,189,37,15,22,10,8,1,7,2,0,2,33,33,2,31,0,0,0,23,16,1,15,7,1,6,83,74,40,34,9,3,6,24,21,3,18,3,1,2,38,31,3,28,7,5,2,92,87,37,50,5,2,3,13,9,3,6,4,3,1
S01009486,279,248,61,187,31,8,23,9,7,0,7,2,0,2,28,27,3,24,1,0,1,22,16,0,16,6,0,6,58,49,22,27,9,0,9,16,16,1,15,0,0,0,35,30,7,23,5,2,3,95,90,21,69,5,4,1,16,13,7,6,3,2,1
S01009487,347,328,98,230,19,5,14,4,4,0,4,0,0,0,45,43,3,40,2,0,2,25,21,1,20,4,0,4,81,78,34,44,3,0,3,21,19,5,14,2,1,1,45,41,9,32,4,1,3,104,102,37,65,2,2,0,22,20,9,11,2,1,1
S01009488,317,287,98,189,30,12,18,5,5,0,5,0,0,0,31,30,3,27,1,0,1,28,22,1,21,6,0,6,81,76,41,35,5,0,5,22,20,7,13,2,0,2,39,32,10,22,7,5,2,97,93,33,60,4,4,0,14,9,3,6,5,3,2
S01009489,317,287,83,204,30,7,23,7,7,0,7,0,0,0,41,37,1,36,4,0,4,44,34,1,33,10,1,9,65,59,24,35,6,1,5,30,27,3,24,3,0,3,37,36,16,20,1,0,1,79,77,36,41,2,1,1,14,10,2,8,4,4,0
S01009490,323,304,107,197,19,6,13,14,13,2,11,1,0,1,36,35,2,33,1,1,0,38,31,2,29,7,1,6,74,72,34,38,2,0,2,16,16,1,15,0,0,0,44,40,17,23,4,2,2,85,84,43,41,1,0,1,16,13,6,7,3,2,1
S01009491,241,215,64,151,26,9,17,5,5,0,5,0,0,0,26,25,1,24,1,0,1,25,19,1,18,6,1,5,47,43,24,19,4,1,3,22,22,6,16,0,0,0,34,31,10,21,3,2,1,65,61,19,42,4,1,3,17,9,3,6,8,4,4
S01009492,338,307,88,219,31,11,20,11,10,1,9,1,0,1,40,38,3,35,2,0,2,43,33,1,32,10,3,7,73,67,29,38,6,3,3,23,21,7,14,2,1,1,44,38,10,28,6,3,3,88,88,32,56,0,0,0,16,12,5,7,4,1,3
S01009493,355,286,90,196,69,14,55,8,7,0,7,1,0,1,28,24,4,20,4,0,4,26,17,3,14,9,1,8,72,54,28,26,18,4,14,14,10,1,9,4,1,3,62,41,7,34,21,6,15,128,120,41,79,8,1,7,17,13,6,7,4,1,3
S01009494,527,459,100,359,68,15,53,10,8,2,6,2,1,1,65,62,3,59,3,0,3,35,21,0,21,14,1,13,105,90,26,64,15,1,14,34,30,6,24,4,2,2,77,67,9,58,10,4,6,177,165,47,118,12,3,9,24,16,7,9,8,3,5
S01009495,498,444,109,335,54,15,39,15,14,0,14,1,0,1,54,48,2,46,6,2,4,31,19,0,19,12,0,12,87,78,37,41,9,2,7,37,32,5,27,5,2,3,75,68,12,56,7,4,3,183,173,45,128,10,3,7,16,12,8,4,4,2,2
S01009496,373,342,110,232,31,4,27,6,6,2,4,0,0,0,28,27,2,25,1,0,1,49,33,1,32,16,1,15,94,90,42,48,4,0,4,26,22,5,17,4,1,3,39,36,11,25,3,1,2,110,108,37,71,2,1,1,21,20,10,10,1,0,1
S01009497,472,439,120,319,33,11,22,9,7,0,7,2,0,2,48,46,2,44,2,1,1,49,39,3,36,10,2,8,122,110,53,57,12,4,8,32,30,4,26,2,1,1,48,46,7,39,2,2,0,148,145,44,101,3,1,2,16,16,7,9,0,0,0
S01009498,309,276,78,198,33,9,24,7,7,0,7,0,0,0,30,28,1,27,2,0,2,23,13,3,10,10,2,8,59,52,23,29,7,1,6,24,21,3,18,3,1,2,43,39,8,31,4,1,3,117,111,38,73,6,4,2,6,5,2,3,1,0,1
S01009499,347,313,102,211,34,17,17,11,10,1,9,1,1,0,39,38,3,35,1,0,1,32,27,1,26,5,1,4,72,66,40,26,6,4,2,25,19,4,15,6,2,4,32,27,5,22,5,4,1,118,111,38,73,7,3,4,18,15,10,5,3,2,1
S01009500,314,289,94,195,25,10,15,6,5,0,5,1,0,1,39,37,1,36,2,0,2,24,14,0,14,10,2,8,85,83,41,42,2,2,0,16,15,4,11,1,1,0,37,33,12,21,4,3,1,89,86,31,55,3,2,1,18,16,5,11,2,0,2
S01009501,261,241,75,166,20,3,17,5,5,0,5,0,0,0,28,28,2,26,0,0,0,25,17,1,16,8,1,7,75,75,40,35,0,0,0,26,22,2,20,4,1,3,28,23,7,16,5,0,5,66,65,21,44,1,0,1,8,6,2,4,2,1,1
S01009502,382,349,121,228,33,10,23,16,15,1,14,1,0,1,41,40,4,36,1,0,1,40,31,2,29,9,1,8,113,105,54,51,8,4,4,32,28,6,22,4,0,4,26,24,7,17,2,2,0,92,86,34,52,6,1,5,22,20,13,7,2,2,0
S01009503,365,326,115,211,39,11,28,5,4,0,4,1,1,0,35,34,2,32,1,0,1,34,22,2,20,12,1,11,98,91,46,45,7,2,5,25,21,4,17,4,2,2,31,28,12,16,3,1,2,120,112,43,69,8,3,5,17,14,6,8,3,1,2
S01009504,275,252,90,162,23,7,16,8,8,0,8,0,0,0,34,33,2,31,1,1,0,25,20,1,19,5,1,4,82,76,40,36,6,1,5,30,22,10,12,8,2,6,18,17,7,10,1,1,0,57,55,24,31,2,1,1,21,21,6,15,0,0,0
S01009505,276,265,96,169,11,5,6,12,11,0,11,1,0,1,26,24,3,21,2,2,0,28,25,1,24,3,1,2,77,76,41,35,1,1,0,12,11,3,8,1,1,0,27,27,9,18,0,0,0,81,78,33,45,3,0,3,13,13,6,7,0,0,0
S01009506,294,274,100,174,20,4,16,10,10,0,10,0,0,0,23,22,1,21,1,0,1,19,14,0,14,5,0,5,92,84,45,39,8,3,5,24,19,7,12,5,1,4,39,39,8,31,0,0,0,75,74,34,40,1,0,1,12,12,5,7,0,0,0
S01009507,416,384,99,285,32,5,27,7,7,1,6,0,0,0,41,39,1,38,2,1,1,28,21,1,20,7,0,7,112,104,33,71,8,1,7,32,27,3,24,5,0,5,50,47,14,33,3,1,2,137,131,44,87,6,2,4,9,8,2,6,1,0,1
S01009508,329,306,130,176,23,6,17,5,5,1,4,0,0,0,32,31,4,27,1,0,1,31,23,2,21,8,1,7,95,94,49,45,1,0,1,20,15,4,11,5,2,3,40,35,21,14,5,2,3,94,92,44,48,2,1,1,12,11,5,6,1,0,1
S01009509,425,388,115,273,37,12,25,7,7,0,7,0,0,0,61,58,2,56,3,0,3,33,26,4,22,7,1,6,118,108,54,54,10,2,8,25,21,5,16,4,2,2,43,39,10,29,4,2,2,120,114,32,82,6,2,4,18,15,8,7,3,3,0
S01009510,333,304,77,227,29,6,23,7,7,0,7,0,0,0,23,23,1,22,0,0,0,30,21,0,21,9,0,9,59,53,30,23,6,3,3,27,21,4,17,6,0,6,41,36,7,29,5,1,4,131,128,31,97,3,2,1,15,15,4,11,0,0,0
S01009511,285,254,69,185,31,5,26,7,7,0,7,0,0,0,28,26,0,26,2,0,2,26,14,0,14,12,2,10,56,51,31,20,5,0,5,13,12,0,12,1,0,1,37,32,8,24,5,1,4,109,104,26,78,5,1,4,9,8,4,4,1,1,0
S01009512,398,368,108,260,30,9,21,7,6,0,6,1,1,0,47,47,4,43,0,0,0,26,19,1,18,7,0,7,74,73,37,36,1,1,0,31,27,3,24,4,2,2,58,51,8,43,7,1,6,141,136,51,85,5,1,4,14,9,4,5,5,3,2
S01009513,282,259,81,178,23,9,14,2,2,0,2,0,0,0,27,24,0,24,3,1,2,17,12,0,12,5,0,5,58,56,32,24,2,1,1,17,13,1,12,4,0,4,36,32,6,26,4,3,1,108,106,34,72,2,1,1,17,14,8,6,3,3,0
S01009514,404,374,101,273,30,8,22,9,7,0,7,2,0,2,36,33,4,29,3,2,1,36,24,1,23,12,2,10,82,79,41,38,3,0,3,32,31,4,27,1,1,0,60,54,12,42,6,2,4,138,136,34,102,2,0,2,11,10,5,5,1,1,0
S01009515,298,270,91,179,28,6,22,6,5,0,5,1,1,0,21,20,1,19,1,0,1,36,24,0,24,12,1,11,85,84,39,45,1,0,1,21,15,3,12,6,1,5,36,34,13,21,2,0,2,76,73,28,45,3,2,1,17,15,7,8,2,1,1
S01009516,356,321,105,216,35,8,27,7,7,0,7,0,0,0,37,33,1,32,4,1,3,35,29,4,25,6,0,6,104,91,51,40,13,3,10,21,18,1,17,3,0,3,41,39,10,29,2,0,2,94,91,33,58,3,1,2,17,13,5,8,4,3,1
S01009517,564,512,118,394,52,12,40,13,10,1,9,3,1,2,51,50,3,47,1,1,0,46,34,2,32,12,2,10,89,78,35,43,11,2,9,51,47,6,41,4,1,3,94,84,15,69,10,1,9,200,195,52,143,5,2,3,20,14,4,10,6,2,4
S01009518,568,510,116,394,58,11,47,14,14,0,14,0,0,0,45,45,1,44,0,0,0,59,45,3,42,14,0,14,101,87,34,53,14,1,13,26,24,4,20,2,1,1,98,87,21,66,11,3,8,204,197,52,145,7,1,6,21,11,1,10,10,5,5
S01009519,262,239,69,170,23,2,21,6,6,0,6,0,0,0,31,30,2,28,1,0,1,23,19,2,17,4,0,4,53,42,23,19,11,0,11,16,12,4,8,4,1,3,28,27,4,23,1,0,1,89,88,31,57,1,1,0,16,15,3,12,1,0,1
S01009520,431,388,110,278,43,13,30,13,12,0,12,1,0,1,49,45,2,43,4,0,4,26,22,2,20,4,0,4,107,91,43,48,16,4,12,39,33,6,27,6,1,5,54,49,16,33,5,4,1,127,124,36,88,3,1,2,16,12,5,7,4,3,1
S01009521,281,254,95,159,27,9,18,6,6,1,5,0,0,0,19,17,2,15,2,2,0,27,18,2,16,9,1,8,77,75,42,33,2,0,2,25,17,6,11,8,3,5,26,25,7,18,1,0,1,76,73,28,45,3,1,2,25,23,7,16,2,2,0
S01009522,416,374,123,251,42,19,23,11,11,0,11,0,0,0,50,49,5,44,1,0,1,34,23,3,20,11,5,6,114,107,63,44,7,2,5,25,21,5,16,4,1,3,47,39,12,27,8,6,2,108,104,30,74,4,2,2,27,20,5,15,7,3,4
S01009523,214,204,57,147,10,4,6,2,2,0,2,0,0,0,29,27,0,27,2,0,2,21,20,0,20,1,0,1,47,47,21,26,0,0,0,13,13,3,10,0,0,0,23,19,5,14,4,1,3,68,66,26,40,2,2,0,11,10,2,8,1,1,0
S01009524,266,245,59,186,21,3,18,4,4,2,2,0,0,0,34,33,2,31,1,0,1,17,14,2,12,3,0,3,59,53,21,32,6,1,5,21,17,2,15,4,0,4,36,33,7,26,3,1,2,86,83,22,61,3,1,2,9,8,1,7,1,0,1
S01009525,224,208,59,149,16,6,10,8,8,0,8,0,0,0,25,23,2,21,2,1,1,15,12,1,11,3,0,3,54,51,21,30,3,1,2,22,22,4,18,0,0,0,16,14,2,12,2,1,1,72,68,26,42,4,2,2,12,10,3,7,2,1,1
S01009526,402,359,62,297,43,13,30,10,10,0,10,0,0,0,45,43,4,39,2,0,2,26,18,0,18,8,1,7,77,72,18,54,5,2,3,29,22,3,19,7,0,7,59,52,3,49,7,3,4,129,118,27,91,11,5,6,27,24,7,17,3,2,1
S01009527,314,291,65,226,23,7,16,10,10,0,10,0,0,0,33,31,2,29,2,0,2,30,19,3,16,11,1,10,73,69,30,39,4,2,2,23,21,5,16,2,1,1,29,28,4,24,1,0,1,106,103,16,87,3,3,0,10,10,5,5,0,0,0
S01009528,185,168,37,131,17,7,10,4,4,0,4,0,0,0,29,29,2,27,0,0,0,10,7,0,7,3,1,2,30,24,9,15,6,2,4,7,4,1,3,3,1,2,39,35,5,30,4,2,2,53,53,19,34,0,0,0,13,12,1,11,1,1,0
S01009529,265,227,59,168,38,12,26,10,10,0,10,0,0,0,29,29,0,29,0,0,0,25,18,2,16,7,0,7,42,36,20,16,6,0,6,11,10,2,8,1,1,0,37,29,7,22,8,3,5,95,84,22,62,11,4,7,16,11,6,5,5,4,1
S01009530,298,261,86,175,37,7,30,10,8,2,6,2,1,1,33,31,2,29,2,0,2,15,9,0,9,6,1,5,39,32,15,17,7,0,7,24,23,2,21,1,0,1,49,38,15,23,11,1,10,111,108,45,63,3,0,3,17,12,5,7,5,4,1
S01009531,311,293,87,206,18,6,12,11,11,0,11,0,0,0,42,41,6,35,1,0,1,38,32,1,31,6,2,4,76,71,35,36,5,2,3,23,22,5,17,1,1,0,31,28,9,19,3,0,3,79,78,27,51,1,1,0,11,10,4,6,1,0,1
S01009532,274,257,72,185,17,3,14,6,5,0,5,1,0,1,37,36,0,36,1,1,0,22,17,1,16,5,0,5,69,66,30,36,3,0,3,23,21,3,18,2,1,1,29,28,7,21,1,0,1,74,71,23,48,3,1,2,14,13,8,5,1,0,1
S01009533,354,324,93,231,30,12,18,8,7,1,6,1,0,1,45,43,3,40,2,1,1,25,21,4,17,4,0,4,88,84,38,46,4,0,4,25,20,4,16,5,1,4,27,24,6,18,3,1,2,108,102,28,74,6,6,0,28,23,9,14,5,3,2
S01009534,286,253,81,172,33,13,20,3,3,0,3,0,0,0,24,22,3,19,2,0,2,25,17,3,14,8,1,7,87,79,30,49,8,3,5,19,15,2,13,4,1,3,38,31,13,18,7,7,0,73,70,22,48,3,0,3,17,16,8,8,1,1,0
S01009535,236,218,79,139,18,8,10,3,3,0,3,0,0,0,26,26,2,24,0,0,0,22,16,4,12,6,1,5,73,70,38,32,3,1,2,14,12,5,7,2,1,1,25,23,10,13,2,1,1,59,55,16,39,4,3,1,14,13,4,9,1,1,0
S01009536,223,203,68,135,20,7,13,8,6,0,6,2,0,2,24,22,0,22,2,0,2,27,20,2,18,7,3,4,52,49,23,26,3,1,2,15,14,5,9,1,0,1,14,13,7,6,1,0,1,69,66,28,38,3,2,1,14,13,3,10,1,1,0
S01009537,216,197,49,148,19,3,16,4,4,1,3,0,0,0,20,18,1,17,2,0,2,17,14,0,14,3,0,3,44,43,15,28,1,0,1,12,9,1,8,3,0,3,24,20,4,16,4,3,1,79,75,25,50,4,0,4,16,14,2,12,2,0,2
S01009538,327,289,78,211,38,7,31,7,7,0,7,0,0,0,31,29,0,29,2,1,1,23,16,0,16,7,0,7,66,54,18,36,12,1,11,23,20,5,15,3,1,2,34,31,8,23,3,1,2,126,119,43,76,7,2,5,17,13,4,9,4,1,3
S01009539,414,379,113,266,35,10,25,7,7,0,7,0,0,0,40,39,4,35,1,0,1,47,36,4,32,11,2,9,87,83,38,45,4,0,4,31,23,5,18,8,4,4,53,46,7,39,7,0,7,125,123,45,78,2,2,0,24,22,10,12,2,2,0
S01009540,374,350,100,250,24,6,18,10,9,1,8,1,1,0,50,48,3,45,2,0,2,41,28,1,27,13,1,12,83,82,43,39,1,0,1,23,22,3,19,1,0,1,29,28,5,23,1,1,0,112,110,38,72,2,2,0,26,23,6,17,3,1,2
S01009541,386,337,75,262,49,15,34,23,15,1,14,8,0,8,52,45,5,40,7,1,6,39,27,1,26,12,3,9,65,61,20,41,4,1,3,22,22,2,20,0,0,0,32,26,3,23,6,1,5,133,129,37,92,4,3,1,20,12,6,6,8,6,2
S01009542,298,269,93,176,29,6,23,9,8,0,8,1,1,0,26,26,3,23,0,0,0,26,19,2,17,7,0,7,80,71,36,35,9,0,9,19,18,3,15,1,1,0,41,39,10,29,2,0,2,82,77,36,41,5,2,3,15,11,3,8,4,2,2
S01009543,236,201,61,140,35,10,25,2,2,0,2,0,0,0,35,31,2,29,4,0,4,23,18,0,18,5,1,4,45,37,21,16,8,1,7,14,11,2,9,3,0,3,27,22,4,18,5,3,2,79,74,30,44,5,3,2,11,6,2,4,5,2,3
S01009544,412,365,98,267,47,12,35,15,8,1,7,7,3,4,55,54,2,52,1,1,0,24,15,0,15,9,2,7,74,65,33,32,9,1,8,35,32,4,28,3,0,3,42,33,6,27,9,3,6,144,141,47,94,3,1,2,23,17,5,12,6,1,5
S01009545,353,303,72,231,50,15,35,34,23,2,21,11,4,7,51,49,2,47,2,0,2,29,17,2,15,12,2,10,62,56,21,35,6,1,5,29,26,2,24,3,1,2,31,24,3,21,7,3,4,95,90,34,56,5,1,4,22,18,6,12,4,3,1
S01009546,512,469,112,357,43,12,31,28,27,1,26,1,0,1,70,67,6,61,3,0,3,50,38,3,35,12,1,11,75,70,31,39,5,0,5,42,39,6,33,3,0,3,56,50,13,37,6,3,3,159,152,43,109,7,4,3,32,26,9,17,6,4,2
S01009547,352,308,94,214,44,9,35,34,29,2,27,5,0,5,34,32,2,30,2,0,2,29,24,1,23,5,1,4,95,81,37,44,14,4,10,19,15,2,13,4,0,4,30,27,7,20,3,1,2,96,91,40,51,5,2,3,15,9,3,6,6,1,5
S01009548,317,290,81,209,27,5,22,10,9,4,5,1,0,1,54,50,3,47,4,1,3,31,22,2,20,9,3,6,67,61,31,30,6,0,6,21,20,5,15,1,0,1,23,22,4,18,1,0,1,95,93,26,67,2,1,1,16,13,6,7,3,0,3
S01009549,392,349,105,244,43,8,35,17,14,1,13,3,1,2,52,49,7,42,3,0,3,43,33,3,30,10,0,10,95,90,49,41,5,0,5,21,15,1,14,6,3,3,46,39,10,29,7,2,5,102,96,26,70,6,2,4,16,13,8,5,3,0,3
S01009550,254,236,69,167,18,8,10,9,9,2,7,0,0,0,55,54,5,49,1,0,1,16,11,0,11,5,2,3,42,39,19,20,3,1,2,9,9,1,8,0,0,0,24,21,5,16,3,2,1,89,85,33,52,4,3,1,10,8,4,4,2,0,2
S01009551,239,224,61,163,15,1,14,4,4,0,4,0,0,0,43,42,3,39,1,0,1,14,10,1,9,4,0,4,58,56,28,28,2,0,2,21,18,4,14,3,0,3,23,22,7,15,1,0,1,63,63,15,48,0,0,0,13,9,3,6,4,1,3
S01009552,432,379,112,267,53,18,35,19,16,0,16,3,0,3,78,72,3,69,6,1,5,44,30,3,27,14,3,11,92,79,45,34,13,3,10,28,25,3,22,3,2,1,37,30,7,23,7,4,3,111,107,46,61,4,3,1,23,20,5,15,3,2,1
S01009553,346,317,101,216,29,5,24,12,11,1,10,1,0,1,59,56,6,50,3,0,3,48,37,1,36,11,1,10,69,65,35,30,4,1,3,12,12,5,7,0,0,0,35,32,12,20,3,0,3,86,84,32,52,2,0,2,25,20,9,11,5,3,2
S01009554,294,247,81,166,47,10,37,21,9,1,8,12,2,10,44,43,3,40,1,0,1,26,15,1,14,11,2,9,61,49,28,21,12,4,8,17,16,5,11,1,0,1,28,25,8,17,3,0,3,81,78,29,49,3,1,2,16,12,6,6,4,1,3
S01009555,369,314,88,226,55,17,38,6,6,1,5,0,0,0,48,45,1,44,3,2,1,36,22,3,19,14,1,13,72,59,34,25,13,5,8,28,23,1,22,5,0,5,39,29,8,21,10,3,7,118,113,33,80,5,2,3,22,17,7,10,5,4,1
S01009556,361,341,92,249,20,5,15,11,10,0,10,1,0,1,61,60,4,56,1,0,1,27,22,1,21,5,1,4,85,81,35,46,4,1,3,22,18,3,15,4,1,3,37,37,12,25,0,0,0,94,91,30,61,3,0,3,24,22,7,15,2,2,0
S01009557,262,244,74,170,18,0,18,12,11,1,10,1,0,1,45,44,4,40,1,0,1,17,12,2,10,5,0,5,58,55,27,28,3,0,3,20,19,2,17,1,0,1,21,19,6,13,2,0,2,74,69,28,41,5,0,5,15,15,4,11,0,0,0
S01009558,252,237,69,168,15,4,11,7,7,2,5,0,0,0,48,48,2,46,0,0,0,17,14,1,13,3,0,3,61,56,32,24,5,2,3,20,17,3,14,3,0,3,26,24,9,15,2,1,1,61,59,17,42,2,1,1,12,12,3,9,0,0,0
S01009559,360,338,95,243,22,5,17,8,8,0,8,0,0,0,59,59,2,57,0,0,0,29,24,2,22,5,0,5,93,90,39,51,3,0,3,24,21,4,17,3,0,3,37,34,11,23,3,1,2,80,77,31,46,3,0,3,30,25,6,19,5,4,1
S01009560,294,274,73,201,20,10,10,3,3,0,3,0,0,0,47,42,4,38,5,3,2,28,23,2,21,5,1,4,68,66,33,33,2,2,0,19,16,3,13,3,1,2,29,25,7,18,4,2,2,89,89,22,67,0,0,0,11,10,2,8,1,1,0
S01009561,211,195,63,132,16,4,12,4,4,2,2,0,0,0,36,35,4,31,1,0,1,14,10,0,10,4,1,3,64,59,27,32,5,0,5,10,8,2,6,2,0,2,16,14,5,9,2,1,1,55,54,20,34,1,1,0,12,11,3,8,1,1,0
S01009562,332,314,81,233,18,7,11,6,6,0,6,0,0,0,55,55,0,55,0,0,0,35,29,0,29,6,1,5,62,60,33,27,2,2,0,18,16,2,14,2,0,2,41,38,9,29,3,2,1,106,103,36,67,3,2,1,9,7,1,6,2,0,2
S01009563,315,293,82,211,22,5,17,11,11,2,9,0,0,0,59,57,3,54,2,1,1,27,19,1,18,8,0,8,49,49,23,26,0,0,0,19,16,3,13,3,1,2,35,32,13,19,3,0,3,100,96,31,65,4,3,1,15,13,6,7,2,0,2
S01009564,278,259,69,190,19,4,15,8,8,0,8,0,0,0,36,35,1,34,1,0,1,27,21,0,21,6,0,6,48,47,29,18,1,0,1,20,18,4,14,2,2,0,32,29,9,20,3,1,2,97,94,23,71,3,1,2,10,7,3,4,3,0,3
S01009565,225,213,67,146,12,5,7,4,4,1,3,0,0,0,32,32,3,29,0,0,0,15,12,0,12,3,0,3,56,52,26,26,4,3,1,14,12,2,10,2,0,2,22,20,6,14,2,1,1,67,66,27,39,1,1,0,15,15,2,13,0,0,0
S01009566,529,491,121,370,38,6,32,12,12,1,11,0,0,0,99,96,6,90,3,0,3,55,39,3,36,16,0,16,116,110,56,54,6,1,5,21,21,6,15,0,0,0,52,47,9,38,5,1,4,133,129,29,100,4,1,3,41,37,11,26,4,3,1
S01009567,399,372,85,287,27,14,13,14,14,0,14,0,0,0,78,76,7,69,2,1,1,33,24,0,24,9,3,6,79,76,32,44,3,1,2,21,18,4,14,3,2,1,34,30,4,26,4,3,1,126,123,36,87,3,1,2,14,11,2,9,3,3,0
S01009568,305,276,76,200,29,10,19,5,4,1,3,1,0,1,60,58,4,54,2,0,2,31,22,2,20,9,2,7,67,61,31,30,6,1,5,15,14,0,14,1,0,1,26,22,5,17,4,2,2,91,87,32,55,4,3,1,10,8,1,7,2,2,0
S01009569,361,346,105,241,15,7,8,10,9,0,9,1,0,1,48,48,3,45,0,0,0,24,16,2,14,8,3,5,86,85,38,47,1,1,0,28,26,3,23,2,1,1,31,30,10,20,1,1,0,115,113,42,71,2,1,1,19,19,7,12,0,0,0
S01009570,237,216,53,163,21,8,13,9,9,0,9,0,0,0,45,45,4,41,0,0,0,27,20,0,20,7,0,7,52,49,22,27,3,1,2,14,11,1,10,3,1,2,19,16,6,10,3,2,1,59,57,18,39,2,2,0,12,9,2,7,3,2,1
S01009571,264,245,76,169,19,5,14,8,8,1,7,0,0,0,58,56,4,52,2,0,2,17,14,1,13,3,0,3,77,72,39,33,5,2,3,10,10,1,9,0,0,0,17,16,7,9,1,1,0,66,59,18,41,7,1,6,11,10,5,5,1,1,0
S01009572,413,379,103,276,34,11,23,8,8,2,6,0,0,0,78,76,5,71,2,1,1,28,21,0,21,7,1,6,110,98,45,53,12,3,9,28,27,4,23,1,1,0,50,45,15,30,5,1,4,83,80,26,54,3,2,1,28,24,6,18,4,2,2
S01009573,274,260,75,185,14,8,6,11,11,1,10,0,0,0,54,54,4,50,0,0,0,25,21,1,20,4,2,2,63,55,29,26,8,5,3,15,15,2,13,0,0,0,27,27,9,18,0,0,0,64,63,23,40,1,1,0,15,14,6,8,1,0,1
S01009574,441,405,120,285,36,12,24,13,12,2,10,1,0,1,73,71,8,63,2,0,2,38,32,2,30,6,1,5,99,90,43,47,9,6,3,22,20,2,18,2,0,2,51,46,13,33,5,1,4,125,115,39,76,10,4,6,20,19,11,8,1,0,1
S01009575,239,222,49,173,17,5,12,4,4,0,4,0,0,0,43,42,0,42,1,0,1,18,11,1,10,7,0,7,41,39,14,25,2,1,1,18,17,3,14,1,1,0,27,25,6,19,2,1,1,76,73,23,50,3,1,2,12,11,2,9,1,1,0
S01009576,288,257,53,204,31,10,21,11,11,1,10,0,0,0,38,34,2,32,4,1,3,20,14,1,13,6,0,6,48,43,16,27,5,1,4,17,16,2,14,1,0,1,33,27,3,24,6,3,3,105,99,24,75,6,3,3,16,13,4,9,3,2,1
S01009577,361,317,91,226,44,9,35,8,8,1,7,0,0,0,55,53,3,50,2,0,2,26,18,0,18,8,0,8,69,52,30,22,17,5,12,20,17,3,14,3,0,3,30,27,7,20,3,0,3,130,123,39,84,7,1,6,23,19,8,11,4,3,1
S01009578,374,346,82,264,28,11,17,10,10,0,10,0,0,0,68,67,3,64,1,1,0,28,17,1,16,11,2,9,67,65,39,26,2,2,0,24,22,2,20,2,0,2,40,37,7,30,3,2,1,103,100,22,78,3,1,2,34,28,8,20,6,3,3
S01009579,515,469,121,348,46,12,34,17,16,0,16,1,0,1,77,73,2,71,4,3,1,41,32,6,26,9,2,7,109,95,41,54,14,2,12,36,31,7,24,5,0,5,51,45,8,37,6,2,4,150,145,50,95,5,2,3,34,32,7,25,2,1,1
S01009580,551,495,139,356,56,16,40,13,10,0,10,3,2,1,93,91,7,84,2,1,1,33,20,1,19,13,3,10,95,83,41,42,12,1,11,23,20,5,15,3,0,3,54,48,9,39,6,1,5,209,195,64,131,14,7,7,31,28,12,16,3,1,2
S01009581,254,236,63,173,18,3,15,8,8,0,8,0,0,0,38,38,1,37,0,0,0,26,18,0,18,8,0,8,42,42,26,16,0,0,0,19,17,3,14,2,1,1,32,30,7,23,2,1,1,75,71,23,48,4,1,3,14,12,3,9,2,0,2
S01009582,254,231,64,167,23,11,12,6,5,1,4,1,0,1,42,42,1,41,0,0,0,20,16,0,16,4,1,3,50,46,15,31,4,2,2,20,19,2,17,1,0,1,30,23,7,16,7,5,2,69,67,31,36,2,1,1,17,13,7,6,4,2,2
S01009583,355,323,98,225,32,7,25,13,12,0,12,1,0,1,50,48,1,47,2,0,2,28,19,2,17,9,0,9,88,84,42,42,4,0,4,26,23,2,21,3,1,2,27,21,4,17,6,2,4,103,99,36,63,4,2,2,20,17,11,6,3,2,1
S01009584,240,200,50,150,40,7,33,7,6,0,6,1,0,1,27,24,1,23,3,1,2,18,8,0,8,10,0,10,50,43,16,27,7,1,6,23,17,3,14,6,1,5,20,17,5,12,3,0,3,80,71,19,52,9,4,5,15,14,6,8,1,0,1
S01009585,474,434,108,326,40,12,28,12,12,2,10,0,0,0,93,90,7,83,3,0,3,27,17,0,17,10,1,9,103,95,34,61,8,1,7,28,21,3,18,7,3,4,37,33,4,29,4,3,1,140,134,48,86,6,2,4,34,32,10,22,2,2,0
S01009586,262,240,63,177,22,5,17,15,15,0,15,0,0,0,42,41,4,37,1,0,1,17,13,0,13,4,0,4,53,49,26,23,4,2,2,21,19,6,13,2,0,2,21,16,1,15,5,2,3,76,72,21,51,4,1,3,17,15,5,10,2,0,2
S01009587,278,255,64,191,23,3,20,13,12,1,11,1,0,1,40,39,4,35,1,0,1,30,25,3,22,5,0,5,46,41,21,20,5,1,4,17,15,0,15,2,0,2,24,22,8,14,2,0,2,94,92,24,68,2,0,2,14,9,3,6,5,2,3
S01009588,451,422,130,292,29,6,23,7,5,0,5,2,0,2,95,92,7,85,3,0,3,35,31,2,29,4,0,4,95,88,44,44,7,2,5,23,23,8,15,0,0,0,29,26,3,23,3,0,3,144,137,56,81,7,3,4,23,20,10,10,3,1,2
S01009589,439,410,120,290,29,6,23,18,18,3,15,0,0,0,67,66,4,62,1,0,1,49,41,4,37,8,1,7,92,85,37,48,7,0,7,30,28,3,25,2,1,1,34,32,14,18,2,1,1,121,115,47,68,6,1,5,28,25,8,17,3,2,1
S01009590,365,327,81,246,38,9,29,2,2,0,2,0,0,0,55,51,3,48,4,0,4,20,12,1,11,8,0,8,57,51,23,28,6,2,4,24,20,2,18,4,1,3,31,27,4,23,4,1,3,152,147,42,105,5,1,4,24,17,6,11,7,4,3
S01009591,368,335,71,264,33,11,22,8,7,1,6,1,0,1,63,59,3,56,4,1,3,24,17,2,15,7,3,4,77,70,27,43,7,0,7,20,17,0,17,3,2,1,40,31,6,25,9,5,4,124,122,29,93,2,0,2,12,12,3,9,0,0,0
S01009592,263,228,55,173,35,7,28,8,8,1,7,0,0,0,40,37,3,34,3,0,3,25,18,2,16,7,0,7,45,37,19,18,8,2,6,12,10,0,10,2,0,2,38,30,8,22,8,3,5,82,79,19,60,3,1,2,13,9,3,6,4,1,3
S01009593,315,273,64,209,42,13,29,7,6,0,6,1,0,1,44,42,3,39,2,0,2,29,22,2,20,7,2,5,49,37,17,20,12,2,10,21,20,2,18,1,1,0,42,33,8,25,9,3,6,114,106,29,77,8,3,5,9,7,3,4,2,2,0
S01009594,374,341,91,250,33,10,23,14,14,1,13,0,0,0,65,64,7,57,1,0,1,27,19,2,17,8,1,7,50,47,24,23,3,2,1,17,15,2,13,2,1,1,37,29,8,21,8,2,6,146,141,43,98,5,3,2,18,12,4,8,6,1,5
S01009595,282,243,60,183,39,11,28,12,12,0,12,0,0,0,43,39,3,36,4,0,4,22,13,2,11,9,3,6,44,34,16,18,10,3,7,12,10,2,8,2,1,1,37,29,7,22,8,2,6,93,92,22,70,1,0,1,19,14,8,6,5,2,3
S01009596,383,352,98,254,31,10,21,13,13,2,11,0,0,0,70,68,3,65,2,0,2,18,13,0,13,5,1,4,96,89,43,46,7,3,4,22,17,4,13,5,2,3,30,28,6,22,2,1,1,113,106,34,72,7,3,4,21,18,6,12,3,0,3
S01009597,329,298,105,193,31,9,22,7,6,2,4,1,0,1,45,45,3,42,0,0,0,19,14,2,12,5,0,5,99,93,45,48,6,1,5,25,17,4,13,8,2,6,27,23,6,17,4,1,3,84,80,37,43,4,3,1,23,20,6,14,3,2,1
S01009598,254,226,77,149,28,8,20,9,8,0,8,1,0,1,29,24,0,24,5,2,3,14,10,1,9,4,0,4,68,62,31,31,6,0,6,18,14,5,9,4,0,4,27,26,9,17,1,1,0,74,68,27,41,6,4,2,15,14,4,10,1,1,0
S01009599,409,381,98,283,28,12,16,9,9,2,7,0,0,0,59,57,4,53,2,1,1,33,27,3,24,6,1,5,64,60,26,34,4,1,3,30,28,4,24,2,0,2,46,41,9,32,5,2,3,145,141,46,95,4,2,2,23,18,4,14,5,5,0
S01009600,240,222,72,150,18,6,12,4,4,0,4,0,0,0,33,31,3,28,2,1,1,19,16,0,16,3,0,3,58,53,31,22,5,1,4,19,17,3,14,2,1,1,26,24,10,14,2,0,2,68,67,23,44,1,1,0,13,10,2,8,3,2,1
S01009601,303,285,79,206,18,5,13,7,6,0,6,1,0,1,45,44,1,43,1,0,1,18,18,1,17,0,0,0,70,66,32,34,4,0,4,17,15,5,10,2,1,1,33,30,10,20,3,1,2,93,89,26,63,4,2,2,20,17,4,13,3,1,2
S01009602,448,410,94,316,38,10,28,18,16,1,15,2,0,2,75,70,8,62,5,2,3,32,22,4,18,10,0,10,69,65,35,30,4,0,4,17,16,0,16,1,0,1,58,54,12,42,4,2,2,157,152,29,123,5,1,4,22,15,5,10,7,5,2
S01009603,295,261,60,201,34,9,25,10,10,0,10,0,0,0,42,41,4,37,1,0,1,18,14,0,14,4,0,4,61,53,22,31,8,3,5,13,11,2,9,2,0,2,31,23,6,17,8,1,7,109,102,23,79,7,3,4,11,7,3,4,4,2,2
S01009604,429,394,108,286,35,16,19,15,14,0,14,1,0,1,62,62,8,54,0,0,0,36,29,1,28,7,0,7,87,84,40,44,3,1,2,22,19,4,15,3,3,0,53,48,13,35,5,3,2,137,126,37,89,11,5,6,17,12,5,7,5,4,1
S01009605,305,274,89,185,31,7,24,14,12,1,11,2,1,1,37,35,4,31,2,0,2,26,16,0,16,10,1,9,69,67,43,24,2,0,2,21,18,1,17,3,0,3,35,28,8,20,7,2,5,83,82,28,54,1,0,1,20,16,4,12,4,3,1
S01009606,319,297,63,234,22,5,17,9,9,1,8,0,0,0,42,39,0,39,3,0,3,26,20,3,17,6,1,5,46,44,17,27,2,1,1,15,15,2,13,0,0,0,40,36,7,29,4,0,4,128,123,29,94,5,2,3,13,11,4,7,2,1,1
S01009607,269,240,70,170,29,8,21,8,8,0,8,0,0,0,40,39,3,36,1,1,0,28,19,4,15,9,1,8,39,35,17,18,4,1,3,16,13,4,9,3,0,3,38,33,7,26,5,1,4,91,87,34,53,4,2,2,9,6,1,5,3,2,1
S01009608,286,263,56,207,23,5,18,12,11,0,11,1,0,1,45,44,3,41,1,0,1,29,26,3,23,3,0,3,48,44,15,29,4,2,2,17,17,1,16,0,0,0,33,27,4,23,6,0,6,84,82,24,58,2,1,1,18,12,6,6,6,2,4
S01009609,403,348,85,263,55,10,45,6,5,0,5,1,1,0,61,58,5,53,3,0,3,44,28,0,28,16,1,15,61,50,25,25,11,2,9,20,18,4,14,2,0,2,48,37,7,30,11,2,9,141,135,38,97,6,2,4,22,17,6,11,5,2,3
S01009610,464,424,115,309,40,12,28,12,10,0,10,2,1,1,73,73,1,72,0,0,0,30,17,1,16,13,2,11,94,83,42,41,11,2,9,31,29,6,23,2,0,2,48,42,5,37,6,4,2,142,140,49,91,2,2,0,34,30,11,19,4,1,3
S01009611,284,229,72,157,55,15,40,29,20,5,15,9,0,9,32,24,3,21,8,3,5,16,12,1,11,4,0,4,54,45,23,22,9,2,7,17,9,1,8,8,6,2,25,21,4,17,4,0,4,97,88,33,55,9,4,5,14,10,2,8,4,0,4
S01009612,311,276,72,204,35,5,30,14,14,1,13,0,0,0,47,42,1,41,5,0,5,35,22,0,22,13,1,12,57,50,28,22,7,1,6,20,17,2,15,3,0,3,37,35,10,25,2,0,2,81,80,23,57,1,0,1,20,16,7,9,4,3,1
S01009613,262,210,64,146,52,15,37,11,5,0,5,6,2,4,25,22,1,21,3,0,3,21,9,0,9,12,1,11,48,37,19,18,11,2,9,12,5,1,4,7,2,5,33,31,6,25,2,1,1,100,95,33,62,5,4,1,12,6,4,2,6,3,3
S01009614,264,219,66,153,45,12,33,30,22,2,20,8,1,7,26,23,2,21,3,1,2,17,13,1,12,4,1,3,55,48,25,23,7,2,5,18,16,3,13,2,0,2,22,10,1,9,12,4,8,82,76,28,48,6,1,5,14,11,4,7,3,2,1
S01009615,171,156,51,105,15,3,12,8,7,1,6,1,1,0,29,29,1,28,0,0,0,12,6,0,6,6,1,5,26,24,13,11,2,0,2,12,10,5,5,2,0,2,30,26,9,17,4,1,3,48,48,18,30,0,0,0,6,6,4,2,0,0,0
S01009616,369,329,92,237,40,9,31,15,13,0,13,2,0,2,60,59,5,54,1,0,1,39,26,1,25,13,3,10,80,71,35,36,9,0,9,21,17,2,15,4,1,3,28,25,6,19,3,2,1,111,108,39,69,3,1,2,15,10,4,6,5,2,3
S01009617,401,362,104,258,39,13,26,20,17,0,17,3,1,2,74,74,6,68,0,0,0,33,23,1,22,10,0,10,61,55,29,26,6,4,2,29,25,7,18,4,1,3,40,33,6,27,7,2,5,127,124,48,76,3,1,2,17,11,7,4,6,4,2
S01009618,320,293,85,208,27,3,24,5,5,0,5,0,0,0,49,47,3,44,2,0,2,36,23,1,22,13,0,13,72,65,30,35,7,3,4,23,23,1,22,0,0,0,27,26,3,23,1,0,1,93,91,40,51,2,0,2,15,13,7,6,2,0,2
S01009619,245,222,68,154,23,14,9,7,6,0,6,1,1,0,34,33,2,31,1,1,0,22,16,1,15,6,2,4,48,44,24,20,4,2,2,14,12,2,10,2,2,0,29,25,8,17,4,3,1,82,79,28,51,3,1,2,9,7,3,4,2,2,0
S01009620,303,281,87,194,22,6,16,11,10,0,10,1,0,1,54,54,8,46,0,0,0,22,16,1,15,6,0,6,57,53,20,33,4,1,3,22,22,6,16,0,0,0,28,22,6,16,6,2,4,91,88,37,51,3,2,1,18,16,9,7,2,1,1
S01009621,325,295,87,208,30,6,24,7,7,1,6,0,0,0,58,54,3,51,4,1,3,39,26,3,23,13,1,12,48,43,22,21,5,1,4,23,21,2,19,2,1,1,31,27,8,19,4,1,3,102,102,43,59,0,0,0,17,15,5,10,2,1,1
S01009622,268,251,72,179,17,9,8,12,11,1,10,1,0,1,32,31,3,28,1,0,1,20,16,0,16,4,2,2,62,59,26,33,3,0,3,15,14,4,10,1,1,0,21,19,3,16,2,2,0,93,91,34,57,2,2,0,13,10,1,9,3,2,1
S01009623,198,180,52,128,18,11,7,9,7,0,7,2,0,2,26,25,3,22,1,0,1,19,18,0,18,1,1,0,33,33,16,17,0,0,0,18,14,3,11,4,2,2,18,16,1,15,2,2,0,64,61,26,35,3,2,1,11,6,3,3,5,4,1
S01009624,366,342,108,234,24,10,14,13,13,2,11,0,0,0,58,56,6,50,2,0,2,31,28,1,27,3,1,2,81,75,38,37,6,2,4,31,28,6,22,3,0,3,34,29,10,19,5,3,2,108,105,43,62,3,2,1,10,8,2,6,2,2,0
S01009625,369,348,115,233,21,5,16,12,12,1,11,0,0,0,64,64,8,56,0,0,0,39,32,2,30,7,0,7,102,97,42,55,5,1,4,16,14,1,13,2,1,1,21,21,9,12,0,0,0,94,90,46,44,4,3,1,21,18,6,12,3,0,3
S01009626,190,172,64,108,18,6,12,6,6,0,6,0,0,0,19,19,3,16,0,0,0,13,9,0,9,4,0,4,40,38,29,9,2,0,2,17,14,2,12,3,2,1,20,19,8,11,1,1,0,60,56,20,36,4,1,3,15,11,2,9,4,2,2
S01009627,325,301,106,195,24,4,20,10,10,3,7,0,0,0,66,64,7,57,2,0,2,28,20,2,18,8,0,8,71,68,39,29,3,1,2,20,17,5,12,3,0,3,26,22,8,14,4,3,1,88,87,39,48,1,0,1,16,13,3,10,3,0,3
S01009628,155,146,49,97,9,5,4,3,3,1,2,0,0,0,27,26,2,24,1,0,1,11,8,1,7,3,1,2,32,31,14,17,1,0,1,16,13,2,11,3,3,0,10,10,2,8,0,0,0,47,47,22,25,0,0,0,9,8,5,3,1,1,0
S01009629,438,405,132,273,33,10,23,19,17,2,15,2,0,2,68,68,3,65,0,0,0,43,32,5,27,11,4,7,97,90,42,48,7,0,7,28,25,6,19,3,1,2,42,41,14,27,1,0,1,121,118,57,61,3,3,0,20,14,3,11,6,2,4
S01009630,291,272,94,178,19,5,14,11,10,1,9,1,0,1,41,39,4,35,2,0,2,26,19,0,19,7,2,5,78,74,43,31,4,0,4,23,22,2,20,1,0,1,21,21,8,13,0,0,0,77,75,33,42,2,2,0,14,12,3,9,2,1,1
S01009631,264,244,75,169,20,9,11,9,7,0,7,2,0,2,44,44,2,42,0,0,0,29,19,2,17,10,3,7,59,58,31,27,1,1,0,15,13,5,8,2,1,1,22,22,6,16,0,0,0,74,71,26,45,3,3,0,12,10,3,7,2,1,1
S01009632,175,161,59,102,14,6,8,6,6,0,6,0,0,0,27,27,3,24,0,0,0,13,9,1,8,4,1,3,55,49,25,24,6,4,2,10,10,2,8,0,0,0,14,12,6,6,2,0,2,38,37,17,20,1,1,0,12,11,5,6,1,0,1
S01009633,247,233,102,131,14,4,10,11,11,3,8,0,0,0,40,38,8,30,2,0,2,25,22,3,19,3,1,2,71,67,44,23,4,2,2,22,19,11,8,3,0,3,16,14,6,8,2,1,1,55,55,21,34,0,0,0,7,7,6,1,0,0,0
S01009634,160,157,51,106,3,0,3,6,6,2,4,0,0,0,21,21,5,16,0,0,0,11,11,0,11,0,0,0,39,39,21,18,0,0,0,10,8,2,6,2,0,2,10,10,0,10,0,0,0,52,52,18,34,0,0,0,11,10,3,7,1,0,1
S01009635,384,352,112,240,32,10,22,7,6,0,6,1,0,1,67,66,10,56,1,1,0,25,18,2,16,7,0,7,88,82,46,36,6,0,6,26,25,4,21,1,1,0,31,28,9,19,3,0,3,107,99,31,68,8,5,3,33,28,10,18,5,3,2
S01009636,329,296,85,211,33,8,25,7,5,0,5,2,0,2,44,42,6,36,2,0,2,27,21,0,21,6,0,6,75,70,30,40,5,0,5,36,29,7,22,7,1,6,31,22,7,15,9,6,3,88,87,27,60,1,0,1,21,20,8,12,1,1,0
S01009637,339,317,88,229,22,5,17,12,11,1,10,1,0,1,48,45,3,42,3,1,2,40,35,2,33,5,0,5,76,73,34,39,3,0,3,20,20,2,18,0,0,0,28,24,4,20,4,1,3,102,98,39,59,4,1,3,13,11,3,8,2,2,0
S01009638,230,209,67,142,21,2,19,8,7,1,6,1,0,1,34,34,2,32,0,0,0,28,20,0,20,8,0,8,47,44,29,15,3,0,3,14,12,4,8,2,0,2,28,23,6,17,5,2,3,62,62,20,42,0,0,0,9,7,5,2,2,0,2
S01009639,338,294,80,214,44,6,38,9,8,0,8,1,1,0,42,38,3,35,4,1,3,25,15,3,12,10,1,9,54,45,25,20,9,0,9,15,14,2,12,1,0,1,55,49,12,37,6,0,6,113,106,28,78,7,3,4,25,19,7,12,6,0,6
S01009640,214,200,56,144,14,5,9,8,8,0,8,0,0,0,33,33,6,27,0,0,0,17,11,0,11,6,2,4,38,35,18,17,3,1,2,11,11,5,6,0,0,0,30,29,4,25,1,0,1,67,66,19,47,1,1,0,10,7,4,3,3,1,2
S01009641,309,274,78,196,35,15,20,6,6,1,5,0,0,0,41,39,3,36,2,1,1,30,23,1,22,7,0,7,68,59,33,26,9,5,4,13,11,1,10,2,0,2,42,37,10,27,5,2,3,94,91,25,66,3,2,1,15,8,4,4,7,5,2
S01009642,464,414,117,297,50,18,32,14,13,0,13,1,0,1,65,65,7,58,0,0,0,36,28,1,27,8,1,7,80,73,37,36,7,1,6,28,21,4,17,7,3,4,51,38,10,28,13,6,7,160,152,50,102,8,3,5,30,24,8,16,6,4,2
S01009643,343,322,93,229,21,3,18,11,11,0,11,0,0,0,65,63,5,58,2,1,1,32,23,2,21,9,1,8,70,65,32,33,5,1,4,12,10,3,7,2,0,2,25,23,6,17,2,0,2,117,116,39,77,1,0,1,11,11,6,5,0,0,0
S01009644,343,314,106,208,29,8,21,12,10,1,9,2,0,2,51,50,3,47,1,0,1,29,22,1,21,7,1,6,76,69,40,29,7,2,5,21,17,5,12,4,2,2,38,37,10,27,1,1,0,99,96,42,54,3,1,2,17,13,4,9,4,1,3
S01009645,277,250,86,164,27,8,19,11,9,0,9,2,1,1,41,38,4,34,3,1,2,26,20,0,20,6,0,6,56,52,26,26,4,2,2,15,15,5,10,0,0,0,24,20,6,14,4,1,3,88,84,41,43,4,0,4,16,12,4,8,4,3,1
S01009646,244,219,59,160,25,10,15,11,9,1,8,2,1,1,44,44,5,39,0,0,0,21,18,0,18,3,2,1,56,50,22,28,6,4,2,20,19,3,16,1,0,1,23,18,5,13,5,1,4,58,53,18,35,5,1,4,11,8,5,3,3,1,2
S01009647,222,197,66,131,25,4,21,9,8,2,6,1,0,1,34,32,5,27,2,0,2,17,10,2,8,7,1,6,49,44,24,20,5,1,4,10,9,1,8,1,1,0,18,17,3,14,1,0,1,68,65,21,44,3,0,3,17,12,8,4,5,1,4
S01009648,377,347,98,249,30,9,21,14,13,1,12,1,0,1,63,61,7,54,2,0,2,33,24,2,22,9,3,6,73,64,32,32,9,3,6,21,19,3,16,2,0,2,41,39,10,29,2,0,2,107,104,37,67,3,2,1,25,23,6,17,2,1,1
S01009649,445,412,111,301,33,5,28,20,19,1,18,1,0,1,85,81,7,74,4,1,3,48,36,5,31,12,1,11,81,75,43,32,6,0,6,14,12,2,10,2,1,1,42,37,8,29,5,2,3,138,135,41,94,3,0,3,17,17,4,13,0,0,0
S01009650,345,297,74,223,48,13,35,10,10,2,8,0,0,0,52,50,3,47,2,1,1,36,25,2,23,11,2,9,62,55,25,30,7,1,6,17,13,1,12,4,1,3,41,32,8,24,9,3,6,96,89,26,63,7,2,5,31,23,7,16,8,3,5
S01009651,434,329,98,231,105,31,74,52,28,2,26,24,1,23,27,21,4,17,6,1,5,27,14,1,13,13,2,11,61,47,22,25,14,4,10,27,20,8,12,7,0,7,66,42,9,33,24,12,12,146,137,46,91,9,5,4,28,20,6,14,8,6,2
S01009652,314,249,84,165,65,20,45,2,1,0,1,1,1,0,27,24,2,22,3,1,2,22,13,1,12,9,1,8,60,41,18,23,19,4,15,10,8,0,8,2,2,0,42,27,7,20,15,5,10,128,117,48,69,11,2,9,23,18,8,10,5,4,1
S01009653,273,242,66,176,31,6,25,3,3,1,2,0,0,0,34,32,3,29,2,0,2,34,20,2,18,14,0,14,38,34,15,19,4,2,2,12,12,2,10,0,0,0,43,35,7,28,8,2,6,97,95,30,65,2,1,1,12,11,6,5,1,1,0
S01009654,246,198,67,131,48,16,32,5,4,0,4,1,0,1,16,15,2,13,1,0,1,23,15,0,15,8,1,7,57,47,23,24,10,5,5,15,9,0,9,6,4,2,25,17,6,11,8,3,5,90,81,33,48,9,2,7,15,10,3,7,5,1,4
S01009655,353,333,106,227,20,8,12,15,14,0,14,1,1,0,55,54,9,45,1,0,1,39,32,3,29,7,1,6,81,75,45,30,6,3,3,27,26,3,23,1,0,1,26,26,6,20,0,0,0,93,92,33,59,1,1,0,17,14,7,7,3,2,1
S01009656,226,206,68,138,20,3,17,6,5,1,4,1,0,1,41,41,7,34,0,0,0,13,9,1,8,4,1,3,49,38,21,17,11,2,9,18,18,5,13,0,0,0,24,23,3,20,1,0,1,65,62,26,36,3,0,3,10,10,4,6,0,0,0
S01009657,379,336,98,238,43,11,32,18,15,1,14,3,1,2,58,58,3,55,0,0,0,35,22,4,18,13,0,13,83,67,37,30,16,5,11,20,17,2,15,3,1,2,39,36,12,24,3,1,2,105,105,34,71,0,0,0,21,16,5,11,5,3,2
S01009658,344,322,105,217,22,2,20,17,17,2,15,0,0,0,52,52,2,50,0,0,0,41,28,1,27,13,1,12,66,62,34,28,4,0,4,17,16,2,14,1,0,1,25,24,9,15,1,0,1,117,115,54,61,2,1,1,9,8,1,7,1,0,1
S01009659,228,204,62,142,24,6,18,7,7,0,7,0,0,0,42,40,4,36,2,0,2,18,13,1,12,5,1,4,48,43,23,20,5,1,4,9,8,0,8,1,0,1,21,18,2,16,3,1,2,69,66,28,38,3,1,2,14,9,4,5,5,2,3
S01009660,468,427,119,308,41,10,31,12,12,1,11,0,0,0,79,77,6,71,2,1,1,56,39,4,35,17,1,16,92,89,43,46,3,0,3,26,25,3,22,1,0,1,35,28,5,23,7,2,5,145,138,46,92,7,3,4,23,19,11,8,4,3,1
S01009661,443,327,105,222,116,20,96,56,22,2,20,34,1,33,45,37,4,33,8,1,7,38,21,2,19,17,0,17,66,54,28,26,12,4,8,23,13,8,5,10,3,7,44,31,10,21,13,2,11,149,136,46,90,13,7,6,22,13,5,8,9,2,7
S01009662,371,302,79,223,69,16,53,28,17,1,16,11,4,7,46,41,6,35,5,0,5,31,19,4,15,12,1,11,67,51,20,31,16,1,15,17,15,2,13,2,0,2,46,36,8,28,10,4,6,120,113,36,77,7,2,5,16,10,2,8,6,4,2
S01009663,312,268,69,199,44,15,29,17,13,0,13,4,1,3,23,22,3,19,1,0,1,24,18,2,16,6,1,5,58,53,20,33,5,1,4,19,12,2,10,7,2,5,27,19,5,14,8,2,6,132,123,33,90,9,6,3,12,8,4,4,4,2,2
S01009664,463,371,110,261,92,29,63,35,24,2,22,11,1,10,26,22,3,19,4,1,3,45,30,1,29,15,1,14,66,55,31,24,11,1,10,34,24,0,24,10,2,8,59,42,12,30,17,10,7,180,161,57,104,19,10,9,18,13,4,9,5,3,2
S01009665,309,275,72,203,34,9,25,18,16,2,14,2,0,2,38,37,1,36,1,0,1,35,25,1,24,10,3,7,56,47,20,27,9,2,7,13,11,2,9,2,1,1,32,26,8,18,6,2,4,100,100,35,65,0,0,0,17,13,3,10,4,1,3
S01009666,362,301,75,226,61,13,48,23,17,2,15,6,0,6,28,25,1,24,3,0,3,43,25,1,24,18,1,17,61,50,22,28,11,1,10,27,22,3,19,5,1,4,42,36,13,23,6,5,1,120,115,31,84,5,2,3,18,11,2,9,7,3,4
S01009667,266,225,58,167,41,7,34,31,23,3,20,8,0,8,14,11,1,10,3,1,2,24,12,0,12,12,1,11,38,34,15,19,4,1,3,14,14,0,14,0,0,0,28,26,5,21,2,1,1,105,97,33,64,8,2,6,12,8,1,7,4,1,3
S01009668,308,270,66,204,38,11,27,14,12,1,11,2,0,2,29,26,4,22,3,0,3,24,17,1,16,7,0,7,64,58,23,35,6,0,6,17,13,1,12,4,1,3,33,28,7,21,5,5,0,112,105,26,79,7,2,5,15,11,3,8,4,3,1
S01009669,229,189,40,149,40,13,27,9,4,1,3,5,1,4,30,27,2,25,3,1,2,29,17,0,17,12,1,11,36,33,11,22,3,0,3,10,8,1,7,2,1,1,19,14,3,11,5,3,2,81,73,20,53,8,5,3,15,13,2,11,2,1,1
S01009670,395,333,89,244,62,19,43,14,11,1,10,3,0,3,49,47,1,46,2,0,2,32,19,1,18,13,4,9,64,54,25,29,10,1,9,14,9,1,8,5,1,4,54,39,10,29,15,8,7,149,141,45,96,8,3,5,19,13,5,8,6,2,4
S01009671,341,279,75,204,62,21,41,20,13,2,11,7,0,7,43,39,3,36,4,1,3,24,15,1,14,9,2,7,72,63,27,36,9,2,7,19,15,1,14,4,2,2,45,33,7,26,12,5,7,101,91,30,61,10,4,6,17,10,4,6,7,5,2
S01009672,381,346,103,243,35,13,22,14,13,1,12,1,0,1,50,47,7,40,3,1,2,36,30,0,30,6,1,5,63,56,23,33,7,2,5,28,22,1,21,6,3,3,43,37,8,29,6,3,3,130,126,57,69,4,2,2,17,15,6,9,2,1,1
S01009673,379,317,78,239,62,17,45,22,17,3,14,5,2,3,52,45,6,39,7,2,5,33,22,0,22,11,2,9,57,43,16,27,14,3,11,18,13,1,12,5,1,4,34,26,9,17,8,1,7,140,136,41,95,4,1,3,23,15,2,13,8,5,3
S01009674,429,344,91,253,85,24,61,42,22,4,18,20,2,18,47,42,6,36,5,2,3,40,29,4,25,11,2,9,58,47,23,24,11,2,9,16,11,3,8,5,2,3,66,52,9,43,14,5,9,130,120,37,83,10,5,5,30,21,5,16,9,4,5
S01009675,449,373,110,263,76,18,58,31,19,4,15,12,2,10,51,46,3,43,5,4,1,39,26,5,21,13,0,13,84,75,35,40,9,2,7,19,13,1,12,6,2,4,40,31,7,24,9,2,7,157,145,50,95,12,4,8,28,18,5,13,10,2,8
S01009676,410,338,100,238,72,19,53,44,27,5,22,17,4,13,29,27,2,25,2,0,2,44,31,1,30,13,0,13,79,68,26,42,11,2,9,27,23,6,17,4,2,2,37,24,11,13,13,5,8,128,125,45,80,3,1,2,22,13,4,9,9,5,4
S01009677,306,226,73,153,80,24,56,48,20,3,17,28,4,24,15,14,1,13,1,0,1,24,14,0,14,10,0,10,46,36,20,16,10,4,6,19,15,4,11,4,4,0,41,28,4,24,13,4,9,98,89,38,51,9,7,2,15,10,3,7,5,1,4
S01009678,294,249,69,180,45,12,33,20,16,2,14,4,1,3,32,28,3,25,4,1,3,37,26,1,25,11,2,9,53,47,24,23,6,0,6,17,13,3,10,4,1,3,42,33,4,29,9,5,4,73,69,26,43,4,1,3,20,17,6,11,3,1,2
S01009679,433,379,97,282,54,12,42,27,24,0,24,3,0,3,45,38,3,35,7,0,7,50,42,4,38,8,1,7,95,85,35,50,10,1,9,17,15,2,13,2,0,2,55,45,12,33,10,4,6,115,106,32,74,9,4,5,29,24,9,15,5,2,3
S01009680,402,342,98,244,60,17,43,38,30,3,27,8,3,5,31,30,1,29,1,0,1,47,33,2,31,14,3,11,84,74,37,37,10,2,8,14,12,1,11,2,0,2,43,38,11,27,5,0,5,109,105,36,69,4,1,3,36,20,7,13,16,8,8
S01009681,320,284,74,210,36,11,25,17,15,2,13,2,0,2,20,20,0,20,0,0,0,25,17,1,16,8,1,7,65,57,24,33,8,3,5,13,11,2,9,2,1,1,25,19,9,10,6,3,3,136,128,31,97,8,3,5,19,17,5,12,2,0,2
S01009682,304,282,78,204,22,5,17,12,12,0,12,0,0,0,21,19,2,17,2,0,2,18,15,2,13,3,0,3,49,45,19,26,4,1,3,16,14,2,12,2,1,1,27,25,5,20,2,0,2,139,132,41,91,7,2,5,22,20,7,13,2,1,1
S01009683,361,316,92,224,45,8,37,8,8,0,8,0,0,0,12,11,0,11,1,0,1,21,16,2,14,5,0,5,75,65,36,29,10,1,9,16,15,1,14,1,1,0,54,35,4,31,19,3,16,157,151,48,103,6,1,5,18,15,1,14,3,2,1
S01009684,561,457,114,343,104,31,73,39,21,3,18,18,2,16,38,35,2,33,3,1,2,32,20,2,18,12,2,10,88,76,29,47,12,2,10,25,18,2,16,7,1,6,88,59,15,44,29,8,21,222,211,59,152,11,7,4,29,17,2,15,12,8,4
S01009685,282,253,68,185,29,5,24,18,15,1,14,3,0,3,31,28,2,26,3,0,3,28,19,0,19,9,1,8,51,46,16,30,5,1,4,13,12,1,11,1,1,0,29,25,5,20,4,2,2,101,98,40,58,3,0,3,11,10,3,7,1,0,1
S01009686,526,483,144,339,43,8,35,15,15,1,14,0,0,0,21,20,3,17,1,0,1,41,30,2,28,11,0,11,135,125,59,66,10,3,7,29,27,4,23,2,0,2,41,36,9,27,5,1,4,199,190,58,132,9,3,6,45,40,8,32,5,1,4
S01009687,346,309,90,219,37,13,24,11,8,0,8,3,1,2,15,13,4,9,2,2,0,31,24,0,24,7,1,6,75,71,34,37,4,1,3,19,13,3,10,6,0,6,31,27,7,20,4,3,1,142,134,34,100,8,3,5,22,19,8,11,3,2,1
S01009688,359,336,103,233,23,6,17,10,9,1,8,1,0,1,26,24,0,24,2,1,1,22,15,2,13,7,2,5,105,100,43,57,5,1,4,18,16,4,12,2,0,2,24,19,6,13,5,1,4,126,125,41,84,1,1,0,28,28,6,22,0,0,0
S01009689,306,270,63,207,36,13,23,5,5,1,4,0,0,0,14,14,0,14,0,0,0,19,13,0,13,6,0,6,70,63,20,43,7,1,6,20,15,5,10,5,0,5,24,17,2,15,7,5,2,122,117,31,86,5,4,1,32,26,4,22,6,3,3
S01009690,354,318,71,247,36,10,26,10,9,0,9,1,0,1,19,19,1,18,0,0,0,26,16,2,14,10,1,9,82,77,26,51,5,1,4,21,14,1,13,7,1,6,33,27,5,22,6,3,3,146,141,32,109,5,3,2,17,15,4,11,2,1,1
S01009691,281,250,66,184,31,9,22,4,3,0,3,1,0,1,20,19,1,18,1,0,1,14,9,1,8,5,1,4,61,56,26,30,5,1,4,13,11,2,9,2,0,2,41,31,4,27,10,5,5,114,108,30,78,6,2,4,14,13,2,11,1,0,1
S01009692,451,394,112,282,57,18,39,13,12,1,11,1,0,1,35,31,4,27,4,1,3,28,21,3,18,7,0,7,85,74,32,42,11,4,7,32,21,3,18,11,5,6,45,34,11,23,11,5,6,179,174,50,124,5,2,3,34,27,8,19,7,1,6
S01009693,301,267,83,184,34,15,19,11,10,2,8,1,0,1,19,18,0,18,1,0,1,18,10,0,10,8,1,7,44,43,25,18,1,0,1,14,12,7,5,2,1,1,37,27,3,24,10,6,4,139,132,40,92,7,5,2,19,15,6,9,4,2,2
S01009694,428,388,117,271,40,15,25,8,8,1,7,0,0,0,37,36,5,31,1,0,1,26,17,3,14,9,2,7,66,61,32,29,5,2,3,27,22,2,20,5,1,4,47,37,9,28,10,3,7,183,178,55,123,5,3,2,34,29,10,19,5,4,1
S01009695,294,229,64,165,65,20,45,27,11,1,10,16,1,15,21,18,2,16,3,0,3,19,10,2,8,9,2,7,55,44,24,20,11,4,7,14,12,0,12,2,1,1,30,25,9,16,5,2,3,106,93,23,70,13,8,5,22,16,3,13,6,2,4
S01009696,461,371,105,266,90,26,64,29,22,2,20,7,1,6,31,24,4,20,7,2,5,37,22,4,18,15,2,13,79,68,28,40,11,3,8,15,8,3,5,7,1,6,52,35,11,24,17,5,12,193,176,50,126,17,8,9,25,16,3,13,9,4,5
S01009697,349,280,68,212,69,17,52,21,8,2,6,13,4,9,14,13,2,11,1,0,1,21,11,2,9,10,5,5,67,53,19,34,14,0,14,23,18,5,13,5,0,5,46,30,7,23,16,6,10,133,126,25,101,7,2,5,24,21,6,15,3,0,3
S01009698,307,222,54,168,85,20,65,33,14,3,11,19,2,17,10,9,0,9,1,0,1,23,10,1,9,13,2,11,68,49,18,31,19,6,13,11,6,0,6,5,0,5,37,24,6,18,13,5,8,96,90,22,68,6,3,3,29,20,4,16,9,2,7
S01009699,168,130,45,85,38,9,29,14,9,2,7,5,0,5,6,6,0,6,0,0,0,10,5,0,5,5,0,5,40,31,14,17,9,1,8,10,8,1,7,2,0,2,29,19,5,14,10,5,5,44,41,20,21,3,2,1,15,11,3,8,4,1,3
S01009700,302,234,65,169,68,20,48,25,18,1,17,7,0,7,14,8,0,8,6,1,5,26,16,0,16,10,3,7,75,60,30,30,15,5,10,6,6,0,6,0,0,0,33,22,1,21,11,1,10,84,74,22,52,10,5,5,39,30,11,19,9,5,4
S01009701,152,104,32,72,48,19,29,4,3,1,2,1,0,1,4,3,0,3,1,1,0,8,4,1,3,4,0,4,36,28,14,14,8,5,3,4,2,1,1,2,0,2,24,11,2,9,13,4,9,44,36,12,24,8,5,3,28,17,1,16,11,4,7
S01009702,316,225,64,161,91,26,65,40,20,1,19,20,2,18,19,14,3,11,5,3,2,34,17,2,15,17,3,14,61,52,24,28,9,3,6,12,8,1,7,4,2,2,33,19,7,12,14,5,9,95,80,22,58,15,6,9,22,15,4,11,7,2,5
S01009703,257,210,67,143,47,13,34,20,14,1,13,6,2,4,13,12,1,11,1,0,1,22,16,2,14,6,1,5,67,56,27,29,11,1,10,14,10,3,7,4,2,2,24,16,6,10,8,4,4,78,71,20,51,7,3,4,19,15,7,8,4,0,4
S01009704,448,330,116,214,118,32,86,25,15,1,14,10,2,8,25,18,0,18,7,2,5,33,13,0,13,20,2,18,111,85,48,37,26,6,20,18,12,2,10,6,2,4,51,33,10,23,18,4,14,144,129,40,89,15,7,8,41,25,15,10,16,7,9
S01009705,364,292,91,201,72,19,53,19,12,0,12,7,1,6,30,23,1,22,7,0,7,37,26,2,24,11,0,11,90,76,38,38,14,2,12,28,24,3,21,4,2,2,36,28,7,21,8,3,5,90,81,31,50,9,6,3,34,22,9,13,12,5,7
S01009706,286,212,62,150,74,25,49,18,7,0,7,11,2,9,22,19,1,18,3,1,2,16,7,1,6,9,0,9,66,49,20,29,17,5,12,9,7,1,6,2,0,2,30,18,6,12,12,4,8,96,88,25,63,8,6,2,29,17,8,9,12,7,5
S01009707,255,215,49,166,40,6,34,12,9,1,8,3,0,3,18,16,0,16,2,0,2,13,8,1,7,5,0,5,61,47,17,30,14,1,13,8,7,0,7,1,0,1,19,15,4,11,4,2,2,109,105,22,83,4,2,2,15,8,4,4,7,1,6
S01009708,264,205,72,133,59,9,50,20,14,0,14,6,0,6,13,11,2,9,2,0,2,17,7,0,7,10,0,10,69,48,30,18,21,4,17,9,7,3,4,2,0,2,34,29,11,18,5,1,4,84,79,23,56,5,1,4,18,10,3,7,8,3,5
S01009709,368,302,99,203,66,13,53,20,18,2,16,2,0,2,20,19,1,18,1,0,1,39,25,2,23,14,1,13,81,61,30,31,20,2,18,25,19,3,16,6,1,5,37,29,11,18,8,3,5,116,110,43,67,6,3,3,30,21,7,14,9,3,6
S01009710,282,226,82,144,56,13,43,28,20,2,18,8,1,7,11,10,2,8,1,0,1,20,14,2,12,6,1,5,83,57,32,25,26,5,21,8,6,0,6,2,1,1,27,22,8,14,5,2,3,88,86,32,54,2,0,2,17,11,4,7,6,3,3
S01009711,346,268,85,183,78,14,64,16,12,0,12,4,0,4,23,14,1,13,9,2,7,33,24,3,21,9,0,9,105,79,38,41,26,5,21,13,6,0,6,7,1,6,33,26,3,23,7,1,6,98,89,32,57,9,3,6,25,18,8,10,7,2,5
S01009712,267,209,68,141,58,17,41,24,16,1,15,8,0,8,11,6,0,6,5,0,5,17,12,3,9,5,1,4,64,47,25,22,17,4,13,13,9,3,6,4,2,2,34,26,7,19,8,4,4,86,79,26,53,7,3,4,18,14,3,11,4,3,1
S01009713,361,275,89,186,86,29,57,24,6,1,5,18,4,14,9,5,0,5,4,1,3,34,23,0,23,11,2,9,83,67,32,35,16,5,11,19,15,2,13,4,0,4,38,29,12,17,9,4,5,120,109,33,76,11,7,4,34,21,9,12,13,6,7
S01009714,384,300,88,212,84,25,59,14,6,0,6,8,2,6,11,9,4,5,2,1,1,26,14,2,12,12,3,9,124,93,43,50,31,7,24,16,13,1,12,3,0,3,37,25,8,17,12,5,7,126,121,26,95,5,1,4,30,19,4,15,11,6,5
S01009715,320,236,49,187,84,25,59,40,15,1,14,25,2,23,8,5,0,5,3,1,2,17,9,1,8,8,2,6,43,36,11,25,7,3,4,16,8,2,6,8,3,5,36,21,4,17,15,5,10,126,116,25,91,10,6,4,34,26,5,21,8,3,5
S01009716,283,241,76,165,42,10,32,3,2,0,2,1,0,1,5,4,2,2,1,0,1,10,6,1,5,4,1,3,65,49,19,30,16,4,12,19,15,5,10,4,0,4,24,15,1,14,9,1,8,130,125,34,91,5,3,2,27,25,14,11,2,1,1
S01009717,305,284,140,144,21,6,15,7,6,1,5,1,0,1,4,4,1,3,0,0,0,13,8,1,7,5,2,3,99,97,63,34,2,1,1,18,13,2,11,5,1,4,23,21,9,12,2,1,1,118,117,52,65,1,0,1,23,18,11,7,5,1,4
S01009718,319,295,113,182,24,8,16,5,5,0,5,0,0,0,13,11,3,8,2,0,2,13,11,1,10,2,0,2,100,96,48,48,4,1,3,21,17,4,13,4,1,3,20,14,5,9,6,2,4,129,125,48,77,4,2,2,18,16,4,12,2,2,0
S01009719,345,313,111,202,32,11,21,9,6,1,5,3,1,2,6,6,1,5,0,0,0,25,19,2,17,6,0,6,110,103,45,58,7,3,4,13,9,2,7,4,2,2,27,22,5,17,5,2,3,122,118,48,70,4,2,2,33,30,7,23,3,1,2
S01009720,341,320,111,209,21,7,14,5,2,0,2,3,1,2,4,4,0,4,0,0,0,22,20,2,18,2,0,2,108,105,36,69,3,1,2,13,10,1,9,3,0,3,22,17,4,13,5,3,2,139,135,60,75,4,1,3,28,27,8,19,1,1,0
S01009721,154,134,82,52,20,11,9,2,1,0,1,1,1,0,4,3,0,3,1,0,1,4,3,0,3,1,0,1,63,61,47,14,2,0,2,6,4,1,3,2,2,0,8,7,4,3,1,1,0,53,47,24,23,6,4,2,14,8,6,2,6,3,3
S01009722,269,241,142,99,28,16,12,3,3,0,3,0,0,0,7,4,0,4,3,2,1,3,1,1,0,2,1,1,90,80,71,9,10,3,7,4,2,0,2,2,1,1,15,13,5,8,2,1,1,129,122,55,67,7,6,1,18,16,10,6,2,2,0
S01009723,197,175,108,67,22,13,9,1,0,0,0,1,1,0,1,1,0,1,0,0,0,1,1,0,1,0,0,0,64,61,44,17,3,0,3,4,1,0,1,3,3,0,21,17,5,12,4,1,3,83,77,48,29,6,5,1,22,17,11,6,5,3,2
S01009724,360,324,136,188,36,18,18,5,3,0,3,2,0,2,4,4,0,4,0,0,0,16,9,1,8,7,5,2,115,111,59,52,4,0,4,13,10,1,9,3,1,2,21,14,3,11,7,3,4,159,151,63,88,8,5,3,27,22,9,13,5,4,1
S01009725,206,187,126,61,19,12,7,2,1,1,0,1,0,1,3,3,0,3,0,0,0,2,0,0,0,2,2,0,96,93,78,15,3,0,3,6,2,1,1,4,4,0,15,11,7,4,4,4,0,64,61,28,33,3,2,1,18,16,11,5,2,0,2
S01009726,220,174,118,56,46,17,29,3,0,0,0,3,2,1,5,5,1,4,0,0,0,2,2,1,1,0,0,0,104,80,70,10,24,5,19,6,5,2,3,1,0,1,25,16,8,8,9,6,3,63,59,31,28,4,4,0,12,7,5,2,5,0,5
S01009727,375,300,97,203,75,23,52,31,24,3,21,7,2,5,15,14,1,13,1,1,0,14,8,1,7,6,0,6,89,74,35,39,15,2,13,11,7,3,4,4,2,2,40,23,7,16,17,6,11,146,130,43,87,16,8,8,29,20,4,16,9,2,7
S01009728,353,308,87,221,45,14,31,10,7,0,7,3,1,2,19,18,1,17,1,0,1,12,5,1,4,7,1,6,61,54,25,29,7,0,7,13,8,1,7,5,2,3,40,29,8,21,11,4,7,176,169,47,122,7,5,2,22,18,4,14,4,1,3
S01009729,264,231,56,175,33,12,21,5,5,0,5,0,0,0,14,12,1,11,2,1,1,13,5,0,5,8,0,8,47,44,16,28,3,0,3,13,8,1,7,5,1,4,24,20,7,13,4,4,0,126,121,27,94,5,3,2,22,16,4,12,6,3,3
S01009730,256,228,81,147,28,7,21,2,1,0,1,1,1,0,11,11,0,11,0,0,0,8,5,1,4,3,0,3,57,51,24,27,6,0,6,14,12,5,7,2,0,2,31,23,9,14,8,4,4,101,98,33,65,3,1,2,32,27,9,18,5,1,4
S01009731,184,148,49,99,36,12,24,1,1,0,1,0,0,0,8,7,0,7,1,0,1,4,1,0,1,3,1,2,30,23,14,9,7,0,7,14,6,0,6,8,2,6,22,16,5,11,6,5,1,80,72,18,54,8,4,4,25,22,12,10,3,0,3
S01009732,259,215,103,112,44,14,30,3,1,0,1,2,1,1,10,7,2,5,3,0,3,11,7,1,6,4,0,4,81,72,47,25,9,2,7,8,6,2,4,2,0,2,29,18,6,12,11,5,6,97,91,38,53,6,2,4,20,13,7,6,7,4,3
S01009733,251,205,69,136,46,14,32,9,8,1,7,1,0,1,8,8,0,8,0,0,0,15,9,4,5,6,0,6,43,31,15,16,12,2,10,18,12,5,7,6,1,5,28,16,6,10,12,5,7,112,107,33,74,5,4,1,18,14,5,9,4,2,2
S01009734,441,366,104,262,75,18,57,26,17,1,16,9,2,7,18,16,1,15,2,0,2,22,11,2,9,11,2,9,110,88,38,50,22,4,18,19,15,5,10,4,0,4,44,31,10,21,13,5,8,172,165,41,124,7,1,6,30,23,6,17,7,4,3
S01009735,305,230,81,149,75,28,47,5,2,0,2,3,1,2,12,8,1,7,4,0,4,8,3,0,3,5,2,3,66,46,34,12,20,4,16,10,8,2,6,2,0,2,43,25,8,17,18,8,10,137,120,30,90,17,11,6,24,18,6,12,6,2,4
S01009736,303,262,192,70,41,23,18,5,4,1,3,1,0,1,6,3,1,2,3,1,2,2,1,1,0,1,0,1,114,107,97,10,7,0,7,9,5,2,3,4,4,0,33,22,14,8,11,8,3,104,95,56,39,9,6,3,30,25,20,5,5,4,1
S01009737,419,391,87,304,28,12,16,7,6,2,4,1,0,1,17,16,1,15,1,0,1,11,9,0,9,2,0,2,85,78,32,46,7,3,4,19,15,3,12,4,1,3,26,19,6,13,7,5,2,243,239,38,201,4,1,3,11,9,5,4,2,2,0
S01009738,248,214,49,165,34,10,24,5,5,0,5,0,0,0,12,11,0,11,1,0,1,18,12,0,12,6,2,4,63,56,23,33,7,0,7,14,10,3,7,4,3,1,33,29,4,25,4,1,3,83,77,17,60,6,2,4,20,14,2,12,6,2,4
S01009739,431,400,84,316,31,8,23,8,4,0,4,4,0,4,8,6,0,6,2,0,2,10,5,1,4,5,1,4,75,68,28,40,7,2,5,12,11,4,7,1,0,1,40,36,11,25,4,3,1,255,251,37,214,4,2,2,23,19,3,16,4,0,4
S01009740,249,225,59,166,24,9,15,3,3,0,3,0,0,0,8,8,0,8,0,0,0,13,7,1,6,6,1,5,80,75,29,46,5,2,3,15,14,2,12,1,0,1,24,19,4,15,5,1,4,91,86,22,64,5,3,2,15,13,1,12,2,2,0
S01009741,578,568,48,520,10,6,4,2,2,0,2,0,0,0,3,3,1,2,0,0,0,3,3,0,3,0,0,0,36,35,19,16,1,0,1,3,3,0,3,0,0,0,15,13,3,10,2,2,0,510,506,24,482,4,2,2,6,3,1,2,3,2,1
S01009742,249,203,47,156,46,7,39,29,19,3,16,10,0,10,10,9,1,8,1,0,1,8,3,2,1,5,0,5,29,22,8,14,7,0,7,11,9,0,9,2,0,2,33,24,5,19,9,1,8,107,104,24,80,3,1,2,22,13,4,9,9,5,4
S01009743,447,371,102,269,76,25,51,26,18,4,14,8,4,4,30,26,2,24,4,1,3,49,30,2,28,19,1,18,63,54,22,32,9,1,8,17,12,3,9,5,0,5,50,34,8,26,16,8,8,196,186,58,128,10,7,3,16,11,3,8,5,3,2
S01009744,345,290,80,210,55,17,38,16,9,0,9,7,4,3,15,14,0,14,1,0,1,28,17,2,15,11,0,11,56,51,24,27,5,2,3,25,17,5,12,8,3,5,53,40,9,31,13,4,9,129,122,32,90,7,4,3,23,20,8,12,3,0,3
S01009745,548,488,146,342,60,20,40,30,22,2,20,8,1,7,30,26,3,23,4,2,2,31,22,3,19,9,2,7,107,99,54,45,8,1,7,25,19,1,18,6,0,6,56,46,7,39,10,4,6,238,228,68,160,10,6,4,31,26,8,18,5,4,1
S01009746,291,206,52,154,85,27,58,41,16,1,15,25,4,21,18,14,2,12,4,2,2,16,6,0,6,10,1,9,34,26,12,14,8,1,7,10,7,1,6,3,2,1,39,26,4,22,13,5,8,106,98,25,73,8,4,4,27,13,7,6,14,8,6
S01009747,338,305,72,233,33,11,22,5,3,0,3,2,2,0,24,21,0,21,3,0,3,14,9,1,8,5,1,4,79,73,27,46,6,1,5,26,22,1,21,4,1,3,40,37,9,28,3,1,2,119,118,27,91,1,0,1,31,22,7,15,9,5,4
S01009748,346,315,97,218,31,9,22,8,6,0,6,2,0,2,26,25,1,24,1,0,1,24,17,3,14,7,2,5,58,54,26,28,4,1,3,14,11,1,10,3,3,0,47,41,13,28,6,1,5,151,147,47,100,4,1,3,18,14,6,8,4,1,3
S01009749,477,423,119,304,54,23,31,19,16,2,14,3,1,2,35,33,3,30,2,2,0,36,30,2,28,6,1,5,63,59,26,33,4,1,3,36,31,6,25,5,1,4,48,32,7,25,16,5,11,214,204,66,138,10,6,4,26,18,7,11,8,6,2
S01009750,330,299,85,214,31,9,22,5,3,1,2,2,1,1,25,23,4,19,2,0,2,21,17,0,17,4,0,4,76,75,36,39,1,0,1,31,22,5,17,9,3,6,32,27,5,22,5,3,2,121,116,29,87,5,1,4,19,16,5,11,3,1,2
S01009751,421,388,108,280,33,13,20,10,9,0,9,1,0,1,45,45,1,44,0,0,0,31,21,3,18,10,1,9,75,73,31,42,2,1,1,26,20,5,15,6,2,4,31,26,3,23,5,4,1,179,173,58,115,6,4,2,24,21,7,14,3,1,2
S01009752,297,254,73,181,43,14,29,3,3,1,2,0,0,0,11,10,2,8,1,0,1,10,6,0,6,4,3,1,34,27,17,10,7,1,6,14,10,0,10,4,1,3,43,34,8,26,9,2,7,172,157,41,116,15,5,10,10,7,4,3,3,2,1
S01009753,295,242,59,183,53,22,31,5,4,1,3,1,0,1,7,6,2,4,1,0,1,19,12,1,11,7,3,4,38,28,11,17,10,3,7,18,15,2,13,3,0,3,43,31,8,23,12,4,8,144,129,30,99,15,10,5,21,17,4,13,4,2,2
S01009754,372,323,78,245,49,11,38,5,2,1,1,3,1,2,14,13,1,12,1,0,1,26,18,1,17,8,2,6,55,48,19,29,7,2,5,29,22,3,19,7,2,5,37,33,12,21,4,0,4,179,170,35,135,9,1,8,27,17,6,11,10,3,7
S01009755,333,276,69,207,57,16,41,12,10,0,10,2,0,2,12,10,1,9,2,1,1,23,20,0,20,3,0,3,42,38,21,17,4,2,2,21,13,1,12,8,0,8,43,30,6,24,13,5,8,162,144,34,110,18,5,13,18,11,6,5,7,3,4
S01009756,359,311,73,238,48,17,31,6,5,0,5,1,0,1,16,14,1,13,2,2,0,19,12,0,12,7,0,7,46,40,13,27,6,3,3,20,13,1,12,7,3,4,42,34,7,27,8,2,6,192,181,49,132,11,5,6,18,12,2,10,6,2,4
S01009757,311,254,64,190,57,18,39,5,5,0,5,0,0,0,12,8,0,8,4,0,4,14,10,0,10,4,0,4,42,35,17,18,7,2,5,12,8,0,8,4,1,3,39,19,6,13,20,8,12,169,156,35,121,13,6,7,18,13,6,7,5,1,4
S01009758,332,300,72,228,32,5,27,4,4,0,4,0,0,0,21,19,2,17,2,0,2,20,16,1,15,4,0,4,89,83,35,48,6,0,6,33,25,1,24,8,3,5,53,45,5,40,8,1,7,95,93,25,68,2,0,2,17,15,3,12,2,1,1
S01009759,323,302,127,175,21,5,16,5,5,2,3,0,0,0,23,23,2,21,0,0,0,20,14,1,13,6,0,6,113,105,61,44,8,1,7,21,19,5,14,2,0,2,47,45,18,27,2,2,0,81,79,34,45,2,2,0,13,12,4,8,1,0,1
S01009760,318,291,113,178,27,9,18,6,6,0,6,0,0,0,34,33,3,30,1,0,1,28,16,1,15,12,3,9,79,77,49,28,2,1,1,34,28,7,21,6,1,5,52,50,23,27,2,2,0,72,70,28,42,2,1,1,13,11,2,9,2,1,1
S01009761,464,426,119,307,38,4,34,12,11,0,11,1,0,1,29,28,2,26,1,0,1,43,35,4,31,8,0,8,110,103,49,54,7,0,7,39,29,7,22,10,2,8,83,78,15,63,5,1,4,132,130,36,94,2,1,1,16,12,6,6,4,0,4
S01009762,350,334,113,221,16,9,7,7,7,3,4,0,0,0,29,28,1,27,1,1,0,24,22,2,20,2,0,2,111,109,50,59,2,2,0,30,26,8,18,4,2,2,39,36,16,20,3,1,2,86,86,29,57,0,0,0,24,20,4,16,4,3,1
S01009763,417,330,98,232,87,21,66,7,6,0,6,1,0,1,30,25,1,24,5,0,5,33,21,2,19,12,2,10,92,76,43,33,16,5,11,33,22,3,19,11,1,10,93,69,16,53,24,8,16,113,104,31,73,9,2,7,16,7,2,5,9,3,6
S01009764,276,256,85,171,20,8,12,1,1,0,1,0,0,0,12,11,1,10,1,0,1,21,19,4,15,2,0,2,83,80,38,42,3,1,2,21,18,5,13,3,2,1,46,41,11,30,5,2,3,78,74,22,52,4,2,2,14,12,4,8,2,1,1
S01009765,442,394,120,274,48,12,36,3,3,2,1,0,0,0,23,22,4,18,1,0,1,31,22,2,20,9,1,8,139,124,58,66,15,3,12,44,33,4,29,11,3,8,71,64,14,50,7,1,6,111,109,28,81,2,1,1,20,17,8,9,3,3,0
S01009766,338,318,89,229,20,6,14,4,4,0,4,0,0,0,29,27,1,26,2,0,2,29,27,0,27,2,0,2,78,78,38,40,0,0,0,34,28,5,23,6,1,5,40,39,7,32,1,0,1,107,103,33,70,4,2,2,17,12,5,7,5,3,2
S01009767,198,186,56,130,12,2,10,2,2,0,2,0,0,0,10,9,0,9,1,0,1,17,14,1,13,3,0,3,59,54,24,30,5,0,5,16,16,1,15,0,0,0,28,26,11,15,2,1,1,62,62,18,44,0,0,0,4,3,1,2,1,1,0
S01009768,294,257,89,168,37,13,24,4,4,1,3,0,0,0,20,20,1,19,0,0,0,28,18,2,16,10,1,9,91,80,35,45,11,6,5,16,13,1,12,3,0,3,36,30,9,21,6,2,4,83,79,30,49,4,2,2,16,13,10,3,3,2,1
S01009769,374,335,76,259,39,10,29,13,13,0,13,0,0,0,18,16,1,15,2,0,2,28,24,1,23,4,1,3,85,77,30,47,8,1,7,31,25,5,20,6,0,6,57,52,9,43,5,3,2,109,105,20,85,4,3,1,33,23,10,13,10,2,8
S01009770,353,313,108,205,40,9,31,4,4,1,3,0,0,0,17,16,3,13,1,0,1,30,22,1,21,8,3,5,119,107,56,51,12,1,11,22,13,4,9,9,0,9,55,49,10,39,6,2,4,93,91,28,63,2,2,0,13,11,5,6,2,1,1
S01009771,441,375,95,280,66,20,46,11,11,2,9,0,0,0,23,22,1,21,1,0,1,33,26,0,26,7,0,7,138,115,45,70,23,7,16,44,26,8,18,18,3,15,62,55,8,47,7,4,3,118,111,30,81,7,4,3,12,9,1,8,3,2,1
S01009772,354,322,76,246,32,10,22,6,6,0,6,0,0,0,29,29,2,27,0,0,0,20,16,2,14,4,0,4,82,75,27,48,7,2,5,28,21,0,21,7,2,5,44,41,11,30,3,2,1,130,128,34,94,2,1,1,15,6,0,6,9,3,6
S01009773,280,228,75,153,52,14,38,8,8,0,8,0,0,0,12,12,3,9,0,0,0,35,25,2,23,10,2,8,74,54,30,24,20,5,15,27,18,5,13,9,2,7,44,40,9,31,4,2,2,72,65,23,42,7,1,6,8,6,3,3,2,2,0
S01009774,264,224,69,155,40,10,30,4,4,0,4,0,0,0,16,15,2,13,1,0,1,12,8,1,7,4,0,4,72,59,34,25,13,3,10,25,14,2,12,11,2,9,47,42,3,39,5,1,4,84,79,26,53,5,4,1,4,3,1,2,1,0,1
S01009775,276,264,108,156,12,2,10,4,4,0,4,0,0,0,12,11,0,11,1,0,1,27,23,0,23,4,0,4,94,92,52,40,2,1,1,17,13,5,8,4,0,4,41,41,15,26,0,0,0,78,77,33,44,1,1,0,3,3,3,0,0,0,0
S01009776,206,197,88,109,9,1,8,4,4,1,3,0,0,0,9,9,1,8,0,0,0,12,10,0,10,2,0,2,70,68,42,26,2,0,2,15,13,3,10,2,0,2,37,35,16,19,2,0,2,45,45,18,27,0,0,0,14,13,7,6,1,1,0
S01009777,219,207,52,155,12,3,9,4,4,0,4,0,0,0,5,5,2,3,0,0,0,23,19,0,19,4,1,3,51,50,19,31,1,0,1,16,12,1,11,4,0,4,40,37,4,33,3,2,1,68,68,23,45,0,0,0,12,12,3,9,0,0,0
S01009778,248,231,73,158,17,7,10,4,4,0,4,0,0,0,18,18,0,18,0,0,0,29,23,0,23,6,0,6,67,67,35,32,0,0,0,15,12,4,8,3,1,2,33,27,6,21,6,5,1,74,73,26,47,1,0,1,8,7,2,5,1,1,0
S01009779,169,158,63,95,11,4,7,3,3,0,3,0,0,0,9,9,1,8,0,0,0,13,11,1,10,2,0,2,45,43,25,18,2,0,2,14,11,3,8,3,0,3,19,18,5,13,1,1,0,54,53,25,28,1,1,0,12,10,3,7,2,2,0
S01009780,203,193,91,102,10,5,5,3,3,1,2,0,0,0,15,15,2,13,0,0,0,6,5,1,4,1,0,1,69,67,39,28,2,0,2,13,10,3,7,3,2,1,22,22,8,14,0,0,0,63,61,34,27,2,2,0,12,10,3,7,2,1,1
S01009781,199,192,73,119,7,4,3,3,2,0,2,1,1,0,17,16,1,15,1,1,0,10,10,0,10,0,0,0,56,56,30,26,0,0,0,7,6,0,6,1,0,1,32,31,11,20,1,1,0,61,59,28,31,2,1,1,13,12,3,9,1,0,1
S01009782,262,231,61,170,31,6,25,5,5,1,4,0,0,0,11,10,0,10,1,0,1,21,11,3,8,10,0,10,76,70,24,46,6,1,5,36,26,5,21,10,4,6,41,38,4,34,3,1,2,65,65,21,44,0,0,0,7,6,3,3,1,0,1
S01009783,306,291,107,184,15,6,9,6,6,1,5,0,0,0,20,19,1,18,1,1,0,27,24,1,23,3,0,3,80,78,43,35,2,1,1,23,21,4,17,2,1,1,45,40,13,27,5,2,3,93,92,40,52,1,1,0,12,11,4,7,1,0,1
S01009784,251,240,92,148,11,3,8,3,3,1,2,0,0,0,12,12,0,12,0,0,0,22,17,0,17,5,1,4,65,64,35,29,1,0,1,11,9,4,5,2,0,2,36,36,11,25,0,0,0,79,79,33,46,0,0,0,23,20,8,12,3,2,1
S01009785,286,263,90,173,23,9,14,9,9,1,8,0,0,0,15,15,1,14,0,0,0,22,14,1,13,8,1,7,88,83,40,43,5,2,3,14,13,4,9,1,1,0,43,40,13,27,3,2,1,79,75,26,49,4,3,1,16,14,4,10,2,0,2
S01009786,317,299,114,185,18,8,10,3,3,1,2,0,0,0,16,16,1,15,0,0,0,37,30,0,30,7,2,5,97,93,54,39,4,3,1,15,13,4,9,2,0,2,39,36,15,21,3,3,0,93,91,30,61,2,0,2,17,17,9,8,0,0,0
S01009787,308,290,116,174,18,3,15,2,2,0,2,0,0,0,18,16,2,14,2,0,2,20,19,0,19,1,0,1,79,76,47,29,3,0,3,32,28,12,16,4,0,4,44,42,12,30,2,1,1,91,89,35,54,2,1,1,22,18,8,10,4,1,3
S01009788,334,305,101,204,29,4,25,4,4,0,4,0,0,0,30,29,3,26,1,0,1,35,29,0,29,6,0,6,73,71,45,26,2,1,1,38,28,3,25,10,1,9,32,30,5,25,2,1,1,107,102,42,60,5,1,4,15,12,3,9,3,0,3
S01009789,346,324,110,214,22,5,17,1,1,0,1,0,0,0,26,25,3,22,1,0,1,36,26,2,24,10,1,9,81,78,41,37,3,2,1,24,20,1,19,4,1,3,52,52,11,41,0,0,0,110,108,42,66,2,1,1,16,14,10,4,2,0,2
S01009790,285,272,83,189,13,5,8,3,3,0,3,0,0,0,23,23,2,21,0,0,0,28,26,1,25,2,0,2,65,64,29,35,1,1,0,25,20,5,15,5,1,4,39,37,11,26,2,2,0,94,92,33,59,2,1,1,8,7,2,5,1,0,1
S01009791,228,201,68,133,27,13,14,3,3,0,3,0,0,0,14,12,1,11,2,1,1,27,24,2,22,3,0,3,58,55,30,25,3,3,0,15,12,3,9,3,1,2,22,17,3,14,5,2,3,80,71,29,42,9,5,4,9,7,0,7,2,1,1
S01009792,527,469,118,351,58,8,50,11,10,1,9,1,0,1,49,44,3,41,5,0,5,39,36,3,33,3,0,3,124,104,54,50,20,3,17,42,32,5,27,10,2,8,88,78,11,67,10,1,9,151,148,35,113,3,1,2,23,17,6,11,6,1,5
S01009793,440,397,102,295,43,16,27,8,8,0,8,0,0,0,34,33,3,30,1,1,0,33,23,0,23,10,1,9,96,89,45,44,7,4,3,43,31,2,29,12,2,10,77,72,14,58,5,1,4,139,134,37,97,5,5,0,10,7,1,6,3,2,1
S01009794,338,314,70,244,24,5,19,6,6,0,6,0,0,0,23,21,4,17,2,1,1,48,42,1,41,6,3,3,57,53,25,28,4,0,4,30,24,1,23,6,0,6,46,43,4,39,3,0,3,116,114,34,80,2,1,1,12,11,1,10,1,0,1
S01009795,497,444,132,312,53,5,48,12,12,1,11,0,0,0,32,30,5,25,2,1,1,44,31,3,28,13,1,12,102,87,49,38,15,1,14,29,26,3,23,3,0,3,76,66,17,49,10,1,9,179,172,48,124,7,1,6,23,20,6,14,3,0,3
S01009796,399,353,99,254,46,11,35,7,7,0,7,0,0,0,40,36,2,34,4,0,4,29,19,1,18,10,1,9,92,78,41,37,14,4,10,34,29,3,26,5,1,4,51,47,12,35,4,1,3,131,127,35,92,4,0,4,15,10,5,5,5,4,1
S01009797,429,386,100,286,43,12,31,6,6,1,5,0,0,0,29,29,1,28,0,0,0,45,37,3,34,8,3,5,82,68,32,36,14,4,10,39,32,2,30,7,0,7,75,65,12,53,10,4,6,136,135,42,93,1,0,1,17,14,7,7,3,1,2
S01009798,421,371,99,272,50,15,35,9,7,1,6,2,0,2,20,19,0,19,1,0,1,38,26,0,26,12,1,11,73,69,27,42,4,2,2,56,43,6,37,13,4,9,66,62,11,51,4,1,3,138,131,47,84,7,2,5,21,14,7,7,7,5,2
S01009799,292,280,113,167,12,3,9,4,4,2,2,0,0,0,20,19,3,16,1,0,1,20,19,1,18,1,0,1,89,85,40,45,4,2,2,15,13,2,11,2,0,2,44,41,16,25,3,0,3,86,86,46,40,0,0,0,14,13,3,10,1,1,0
S01009800,465,433,153,280,32,9,23,8,8,1,7,0,0,0,22,22,2,20,0,0,0,37,31,0,31,6,1,5,110,109,58,51,1,1,0,36,23,4,19,13,3,10,61,58,16,42,3,3,0,162,157,60,97,5,0,5,29,25,12,13,4,1,3
S01009801,320,305,113,192,15,4,11,11,10,4,6,1,0,1,21,20,1,19,1,1,0,27,24,0,24,3,0,3,80,79,45,34,1,1,0,26,23,3,20,3,0,3,40,39,11,28,1,1,0,98,96,43,53,2,1,1,17,14,6,8,3,0,3
S01009802,450,422,120,302,28,11,17,6,6,0,6,0,0,0,33,33,2,31,0,0,0,28,22,0,22,6,1,5,112,109,48,61,3,1,2,49,38,8,30,11,3,8,68,63,14,49,5,3,2,141,140,41,99,1,1,0,13,11,7,4,2,2,0
S01009803,284,261,70,191,23,6,17,5,5,0,5,0,0,0,17,16,0,16,1,0,1,31,27,0,27,4,1,3,67,67,34,33,0,0,0,25,20,5,15,5,1,4,37,34,8,26,3,2,1,89,85,20,65,4,0,4,13,7,3,4,6,2,4
S01009804,269,246,52,194,23,8,15,3,3,0,3,0,0,0,25,21,2,19,4,1,3,21,19,3,16,2,1,1,44,40,13,27,4,0,4,27,24,3,21,3,1,2,43,39,5,34,4,1,3,90,89,20,69,1,1,0,16,11,6,5,5,3,2
S01009805,364,347,105,242,17,3,14,4,4,1,3,0,0,0,31,29,4,25,2,0,2,30,28,1,27,2,1,1,91,89,44,45,2,0,2,25,22,2,20,3,1,2,49,48,10,38,1,0,1,107,106,37,69,1,1,0,27,21,6,15,6,0,6
S01009806,356,329,104,225,27,7,20,5,5,1,4,0,0,0,20,20,2,18,0,0,0,25,21,3,18,4,1,3,75,69,30,39,6,1,5,28,22,5,17,6,0,6,59,57,15,42,2,1,1,120,117,41,76,3,3,0,24,18,7,11,6,1,5
S01009807,430,404,138,266,26,7,19,1,1,0,1,0,0,0,34,34,8,26,0,0,0,35,31,1,30,4,1,3,128,121,59,62,7,0,7,33,29,7,22,4,1,3,59,51,9,42,8,5,3,122,121,48,73,1,0,1,18,16,6,10,2,0,2
S01009808,314,287,102,185,27,9,18,4,4,0,4,0,0,0,16,16,1,15,0,0,0,22,10,2,8,12,3,9,99,97,49,48,2,0,2,22,15,1,14,7,2,5,38,38,6,32,0,0,0,98,94,33,61,4,3,1,15,13,10,3,2,1,1
S01009809,339,319,98,221,20,4,16,3,3,0,3,0,0,0,27,26,2,24,1,0,1,27,24,2,22,3,0,3,81,79,44,35,2,1,1,33,25,4,21,8,1,7,50,46,10,36,4,1,3,99,99,29,70,0,0,0,19,17,7,10,2,1,1
S01009810,293,270,86,184,23,4,19,4,4,0,4,0,0,0,27,26,3,23,1,0,1,23,20,1,19,3,0,3,77,77,44,33,0,0,0,31,22,5,17,9,2,7,36,33,6,27,3,1,2,91,85,25,60,6,0,6,4,3,2,1,1,1,0
S01009811,404,376,92,284,28,11,17,9,9,0,9,0,0,0,37,36,2,34,1,0,1,42,33,1,32,9,2,7,102,93,45,48,9,2,7,24,21,1,20,3,2,1,57,55,8,47,2,2,0,122,118,33,85,4,3,1,11,11,2,9,0,0,0
S01009812,293,267,62,205,26,8,18,3,2,0,2,1,0,1,23,20,0,20,3,0,3,37,28,3,25,9,1,8,62,58,26,32,4,3,1,29,26,2,24,3,1,2,38,38,9,29,0,0,0,87,86,18,68,1,1,0,14,9,4,5,5,2,3
S01009813,220,201,92,109,19,6,13,2,2,0,2,0,0,0,10,10,0,10,0,0,0,10,6,1,5,4,0,4,76,71,47,24,5,2,3,14,6,2,4,8,4,4,29,28,8,20,1,0,1,69,68,27,41,1,0,1,10,10,7,3,0,0,0
S01009814,360,319,88,231,41,5,36,5,4,0,4,1,0,1,29,26,4,22,3,0,3,30,24,3,21,6,1,5,67,62,29,33,5,0,5,37,26,3,23,11,2,9,50,42,9,33,8,1,7,128,123,36,87,5,1,4,14,12,4,8,2,0,2
S01009815,362,339,99,240,23,4,19,6,6,0,6,0,0,0,25,23,1,22,2,0,2,27,24,1,23,3,0,3,74,74,40,34,0,0,0,40,31,5,26,9,1,8,52,50,6,44,2,1,1,115,111,37,74,4,2,2,23,20,9,11,3,0,3
S01009816,393,364,99,265,29,8,21,8,8,0,8,0,0,0,25,21,3,18,4,3,1,30,23,0,23,7,1,6,85,85,38,47,0,0,0,42,33,6,27,9,0,9,57,52,6,46,5,3,2,130,126,40,86,4,1,3,16,16,6,10,0,0,0
S01009817,288,270,75,195,18,3,15,6,5,0,5,1,0,1,32,32,4,28,0,0,0,15,15,0,15,0,0,0,71,71,29,42,0,0,0,34,26,8,18,8,0,8,29,27,8,19,2,0,2,85,81,21,60,4,1,3,16,13,5,8,3,2,1
S01009818,407,359,98,261,48,13,35,4,3,0,3,1,1,0,31,29,0,29,2,1,1,30,23,1,22,7,1,6,73,59,30,29,14,3,11,34,30,2,28,4,1,3,55,47,13,34,8,2,6,161,155,48,107,6,2,4,19,13,4,9,6,2,4
S01009819,250,213,59,154,37,9,28,2,2,0,2,0,0,0,18,16,2,14,2,0,2,16,12,2,10,4,0,4,42,36,16,20,6,2,4,28,19,6,13,9,4,5,39,30,7,23,9,0,9,91,87,22,65,4,2,2,14,11,4,7,3,1,2
S01009820,428,397,100,297,31,5,26,5,5,1,4,0,0,0,34,33,1,32,1,1,0,41,30,3,27,11,0,11,74,72,33,39,2,0,2,39,33,5,28,6,1,5,62,55,11,44,7,2,5,145,141,37,104,4,1,3,28,28,9,19,0,0,0
S01009821,322,289,78,211,33,10,23,3,2,0,2,1,0,1,18,17,1,16,1,0,1,30,19,1,18,11,1,10,71,65,31,34,6,1,5,35,29,6,23,6,2,4,40,37,4,33,3,2,1,112,109,34,75,3,3,0,13,11,1,10,2,1,1
S01009822,208,198,42,156,10,0,10,5,5,0,5,0,0,0,22,22,1,21,0,0,0,20,15,2,13,5,0,5,44,43,15,28,1,0,1,16,13,0,13,3,0,3,35,34,5,29,1,0,1,60,60,16,44,0,0,0,6,6,3,3,0,0,0
S01009823,258,247,79,168,11,3,8,2,2,0,2,0,0,0,20,19,2,17,1,0,1,23,20,2,18,3,0,3,66,65,28,37,1,0,1,20,16,3,13,4,2,2,42,41,12,29,1,0,1,71,70,24,46,1,1,0,14,14,8,6,0,0,0
S01009824,366,348,88,260,18,1,17,6,6,0,6,0,0,0,40,40,2,38,0,0,0,41,39,1,38,2,0,2,81,73,31,42,8,0,8,35,31,4,27,4,0,4,55,51,16,35,4,1,3,99,99,33,66,0,0,0,9,9,1,8,0,0,0
S01009825,415,388,103,285,27,8,19,6,6,1,5,0,0,0,34,33,1,32,1,0,1,34,24,1,23,10,3,7,97,95,40,55,2,0,2,32,26,1,25,6,2,4,65,62,21,41,3,1,2,125,124,30,94,1,0,1,22,18,8,10,4,2,2
S01009826,215,204,57,147,11,3,8,2,2,0,2,0,0,0,24,24,2,22,0,0,0,13,12,0,12,1,0,1,64,64,27,37,0,0,0,17,14,2,12,3,0,3,27,25,8,17,2,0,2,55,54,15,39,1,1,0,13,9,3,6,4,2,2
S01009827,332,315,90,225,17,5,12,10,10,0,10,0,0,0,28,27,3,24,1,0,1,29,24,0,24,5,1,4,60,60,29,31,0,0,0,43,36,6,30,7,1,6,43,42,10,32,1,1,0,103,102,36,66,1,0,1,16,14,6,8,2,2,0
S01009828,241,223,72,151,18,3,15,9,8,0,8,1,0,1,19,19,0,19,0,0,0,16,10,1,9,6,1,5,67,63,35,28,4,0,4,14,11,1,10,3,1,2,37,35,8,27,2,0,2,69,68,21,47,1,0,1,10,9,6,3,1,1,0
S01009829,444,413,95,318,31,12,19,4,4,1,3,0,0,0,25,25,1,24,0,0,0,39,33,1,32,6,0,6,86,83,32,51,3,0,3,44,36,5,31,8,5,3,74,71,12,59,3,0,3,152,147,33,114,5,3,2,20,14,10,4,6,4,2
S01009830,362,343,88,255,19,5,14,7,7,1,6,0,0,0,24,23,2,21,1,0,1,30,25,0,25,5,1,4,89,84,33,51,5,2,3,32,26,3,23,6,0,6,41,41,7,34,0,0,0,125,123,37,86,2,2,0,14,14,5,9,0,0,0
S01009831,409,392,120,272,17,5,12,9,9,0,9,0,0,0,23,23,2,21,0,0,0,32,27,1,26,5,1,4,98,95,46,49,3,1,2,31,28,4,24,3,1,2,58,56,13,43,2,0,2,145,143,49,94,2,2,0,13,11,5,6,2,0,2
S01009832,468,432,122,310,36,13,23,6,6,2,4,0,0,0,41,36,4,32,5,1,4,36,29,1,28,7,1,6,103,103,47,56,0,0,0,36,28,4,24,8,3,5,59,55,11,44,4,2,2,168,160,48,112,8,5,3,19,15,5,10,4,1,3
S01009833,298,276,56,220,22,7,15,4,3,1,2,1,0,1,24,23,1,22,1,0,1,35,32,1,31,3,0,3,48,46,11,35,2,0,2,24,20,4,16,4,0,4,32,27,4,23,5,3,2,117,114,30,84,3,2,1,14,11,4,7,3,2,1
S01009834,395,370,110,260,25,7,18,5,5,0,5,0,0,0,27,25,1,24,2,0,2,42,34,0,34,8,1,7,89,83,45,38,6,1,5,27,24,6,18,3,1,2,65,63,15,48,2,2,0,121,119,37,82,2,1,1,19,17,6,11,2,1,1
S01009835,212,202,78,124,10,1,9,2,2,0,2,0,0,0,16,15,0,15,1,0,1,15,13,2,11,2,0,2,60,60,38,22,0,0,0,17,13,3,10,4,0,4,26,24,7,17,2,0,2,65,65,23,42,0,0,0,11,10,5,5,1,1,0
S01009836,451,420,105,315,31,3,28,5,5,0,5,0,0,0,54,53,3,50,1,0,1,34,26,1,25,8,1,7,96,89,28,61,7,0,7,30,23,4,19,7,1,6,56,54,16,38,2,1,1,160,156,48,108,4,0,4,16,14,5,9,2,0,2
S01009837,275,262,67,195,13,1,12,4,4,0,4,0,0,0,27,27,3,24,0,0,0,22,17,0,17,5,0,5,55,54,23,31,1,0,1,23,19,4,15,4,0,4,34,33,7,26,1,0,1,97,97,27,70,0,0,0,13,11,3,8,2,1,1
S01009838,319,300,72,228,19,5,14,8,8,0,8,0,0,0,26,26,5,21,0,0,0,21,17,0,17,4,0,4,71,70,31,39,1,0,1,26,21,1,20,5,0,5,46,43,6,37,3,1,2,97,95,26,69,2,1,1,24,20,3,17,4,3,1
S01009839,419,396,113,283,23,4,19,5,5,0,5,0,0,0,28,26,3,23,2,0,2,13,9,0,9,4,0,4,115,111,52,59,4,2,2,28,23,1,22,5,0,5,63,59,8,51,4,1,3,135,132,34,98,3,1,2,32,31,15,16,1,0,1
S01009840,386,362,117,245,24,7,17,4,4,0,4,0,0,0,32,31,7,24,1,0,1,36,31,3,28,5,1,4,85,79,41,38,6,1,5,21,18,2,16,3,0,3,55,53,9,44,2,1,1,137,131,49,82,6,4,2,16,15,6,9,1,0,1
S01009841,340,320,91,229,20,10,10,4,4,0,4,0,0,0,31,31,3,28,0,0,0,25,22,3,19,3,1,2,94,91,36,55,3,1,2,21,19,5,14,2,1,1,52,51,17,34,1,1,0,89,87,25,62,2,2,0,24,15,2,13,9,4,5
S01009842,257,237,76,161,20,6,14,5,5,2,3,0,0,0,23,23,6,17,0,0,0,19,12,3,9,7,1,6,60,57,25,32,3,0,3,13,12,2,10,1,1,0,60,54,16,38,6,4,2,63,62,18,44,1,0,1,14,12,4,8,2,0,2
S01009843,187,179,51,128,8,2,6,1,1,0,1,0,0,0,17,17,2,15,0,0,0,15,13,1,12,2,0,2,55,54,21,33,1,1,0,11,10,4,6,1,1,0,31,31,2,29,0,0,0,44,43,17,26,1,0,1,13,10,4,6,3,0,3
S01009844,184,161,39,122,23,5,18,0,0,0,0,0,0,0,22,21,0,21,1,0,1,18,10,1,9,8,1,7,58,49,20,29,9,3,6,3,3,1,2,0,0,0,36,35,8,27,1,0,1,34,32,9,23,2,1,1,13,11,0,11,2,0,2
S01009845,311,287,79,208,24,8,16,1,1,0,1,0,0,0,25,24,0,24,1,0,1,17,13,0,13,4,0,4,108,106,37,69,2,2,0,18,17,4,13,1,1,0,54,48,12,36,6,1,5,76,69,23,46,7,3,4,12,9,3,6,3,1,2
S01009846,362,339,118,221,23,9,14,5,5,0,5,0,0,0,34,33,2,31,1,0,1,23,18,1,17,5,1,4,95,92,48,44,3,1,2,28,23,4,19,5,0,5,58,54,13,41,4,3,1,108,105,46,59,3,2,1,11,9,4,5,2,2,0
S01009847,272,261,69,192,11,5,6,1,1,0,1,0,0,0,21,21,1,20,0,0,0,15,12,1,11,3,0,3,72,70,28,42,2,1,1,13,11,1,10,2,1,1,38,38,11,27,0,0,0,96,94,25,69,2,2,0,16,14,2,12,2,1,1
S01009848,345,330,111,219,15,2,13,7,7,1,6,0,0,0,29,28,4,24,1,0,1,25,20,0,20,5,0,5,91,89,45,44,2,0,2,20,16,3,13,4,1,3,43,43,11,32,0,0,0,112,111,40,71,1,1,0,18,16,7,9,2,0,2
S01009849,298,281,62,219,17,2,15,7,7,0,7,0,0,0,22,18,0,18,4,0,4,22,21,0,21,1,0,1,62,62,31,31,0,0,0,29,25,2,23,4,0,4,44,40,4,36,4,0,4,97,94,23,71,3,1,2,15,14,2,12,1,1,0
S01009850,393,364,81,283,29,11,18,7,7,0,7,0,0,0,23,22,2,20,1,0,1,34,28,5,23,6,2,4,73,71,24,47,2,0,2,33,27,1,26,6,2,4,69,63,11,52,6,3,3,134,131,33,98,3,2,1,20,15,5,10,5,2,3
S01009851,337,306,88,218,31,10,21,7,6,0,6,1,0,1,18,18,1,17,0,0,0,30,19,2,17,11,2,9,67,64,30,34,3,0,3,39,31,2,29,8,2,6,48,45,13,32,3,3,0,110,107,36,71,3,2,1,18,16,4,12,2,1,1
S01009852,237,221,54,167,16,4,12,3,3,1,2,0,0,0,12,12,0,12,0,0,0,19,17,1,16,2,0,2,58,55,21,34,3,1,2,24,21,2,19,3,1,2,34,29,5,24,5,2,3,71,71,19,52,0,0,0,16,13,5,8,3,0,3
S01009853,336,313,87,226,23,5,18,7,7,0,7,0,0,0,22,22,2,20,0,0,0,33,30,0,30,3,0,3,59,49,25,24,10,2,8,26,23,4,19,3,0,3,58,57,9,48,1,0,1,118,113,43,70,5,3,2,13,12,4,8,1,0,1
S01009854,386,355,109,246,31,6,25,2,2,0,2,0,0,0,23,22,2,20,1,0,1,33,24,0,24,9,1,8,89,85,44,41,4,1,3,31,26,3,23,5,0,5,69,64,18,46,5,2,3,118,116,37,79,2,0,2,21,16,5,11,5,2,3
S01009855,285,264,80,184,21,6,15,4,3,0,3,1,0,1,23,23,2,21,0,0,0,26,21,4,17,5,0,5,55,53,27,26,2,1,1,23,18,3,15,5,1,4,30,30,8,22,0,0,0,101,96,31,65,5,3,2,23,20,5,15,3,1,2
S01009856,244,217,67,150,27,10,17,3,3,0,3,0,0,0,13,11,2,9,2,0,2,13,10,1,9,3,1,2,64,60,28,32,4,1,3,20,14,2,12,6,1,5,34,27,6,21,7,4,3,86,83,25,58,3,2,1,11,9,3,6,2,1,1
S01009857,380,352,101,251,28,7,21,8,8,0,8,0,0,0,24,21,3,18,3,1,2,28,20,0,20,8,1,7,72,70,37,33,2,1,1,25,21,2,19,4,1,3,46,43,7,36,3,2,1,157,153,45,108,4,1,3,20,16,7,9,4,0,4
S01009858,341,317,81,236,24,4,20,8,7,0,7,1,0,1,28,28,1,27,0,0,0,20,16,0,16,4,0,4,71,70,31,39,1,0,1,22,16,2,14,6,1,5,63,60,12,48,3,1,2,107,104,26,78,3,0,3,22,16,9,7,6,2,4
S01009859,334,316,97,219,18,5,13,3,3,0,3,0,0,0,28,28,0,28,0,0,0,23,14,0,14,9,0,9,90,87,46,41,3,2,1,18,17,1,16,1,0,1,52,51,17,34,1,1,0,102,101,26,75,1,0,1,18,15,7,8,3,2,1
S01009860,282,274,95,179,8,2,6,2,2,1,1,0,0,0,16,15,1,14,1,0,1,15,13,1,12,2,1,1,75,74,41,33,1,0,1,26,26,6,20,0,0,0,45,45,11,34,0,0,0,85,83,25,58,2,0,2,18,16,9,7,2,1,1
S01009861,378,346,94,252,32,9,23,4,4,0,4,0,0,0,17,16,2,14,1,0,1,28,25,0,25,3,1,2,116,109,41,68,7,2,5,39,29,5,24,10,0,10,51,47,12,35,4,1,3,101,99,31,68,2,1,1,22,17,3,14,5,4,1
S01009862,452,418,101,317,34,8,26,7,7,2,5,0,0,0,27,26,3,23,1,1,0,23,18,0,18,5,1,4,120,111,45,66,9,2,7,52,43,6,37,9,2,7,88,81,13,68,7,2,5,110,110,23,87,0,0,0,25,22,9,13,3,0,3
S01009863,370,337,76,261,33,8,25,6,5,0,5,1,0,1,16,15,1,14,1,0,1,23,15,1,14,8,1,7,121,112,40,72,9,3,6,21,19,3,16,2,0,2,68,63,9,54,5,1,4,93,89,15,74,4,3,1,22,19,7,12,3,0,3
S01009864,278,248,62,186,30,6,24,4,3,1,2,1,0,1,14,11,0,11,3,0,3,26,22,2,20,4,0,4,60,58,26,32,2,1,1,32,21,0,21,11,4,7,50,44,7,37,6,0,6,70,69,20,49,1,1,0,22,20,6,14,2,0,2
S01009865,226,202,53,149,24,7,17,3,2,0,2,1,0,1,9,8,0,8,1,1,0,12,9,0,9,3,1,2,61,56,25,31,5,0,5,24,18,3,15,6,1,5,47,42,5,37,5,2,3,63,61,18,43,2,1,1,7,6,2,4,1,1,0
S01009866,460,425,90,335,35,8,27,6,6,0,6,0,0,0,35,34,4,30,1,0,1,47,35,2,33,12,0,12,104,99,27,72,5,2,3,51,46,6,40,5,0,5,75,71,14,57,4,1,3,117,113,26,87,4,3,1,25,21,11,10,4,2,2
S01009867,651,579,100,479,72,17,55,14,13,0,13,1,1,0,21,20,3,17,1,0,1,37,29,2,27,8,0,8,142,131,49,82,11,1,10,110,90,15,75,20,2,18,127,114,8,106,13,7,6,170,163,17,146,7,1,6,30,19,6,13,11,5,6
S01009868,380,353,72,281,27,4,23,7,7,0,7,0,0,0,20,18,1,17,2,0,2,23,17,2,15,6,0,6,93,91,33,58,2,1,1,44,38,4,34,6,1,5,93,90,8,82,3,0,3,83,80,19,61,3,1,2,17,12,5,7,5,1,4
S01009869,294,264,68,196,30,6,24,2,2,0,2,0,0,0,13,13,0,13,0,0,0,14,9,0,9,5,0,5,91,85,33,52,6,0,6,33,23,2,21,10,0,10,57,54,6,48,3,2,1,67,66,23,43,1,1,0,17,12,4,8,5,3,2
S01009870,268,230,70,160,38,12,26,4,3,0,3,1,0,1,14,12,0,12,2,0,2,11,9,0,9,2,0,2,88,76,31,45,12,5,7,16,15,8,7,1,0,1,59,52,14,38,7,3,4,55,50,12,38,5,3,2,21,13,5,8,8,1,7
S01009871,361,301,86,215,60,20,40,4,4,1,3,0,0,0,15,13,2,11,2,1,1,18,11,1,10,7,2,5,94,75,39,36,19,7,12,27,18,2,16,9,3,6,83,71,10,61,12,1,11,97,90,22,68,7,4,3,23,19,9,10,4,2,2
S01009872,359,312,66,246,47,13,34,5,5,1,4,0,0,0,17,16,1,15,1,1,0,14,7,0,7,7,0,7,102,87,34,53,15,5,10,34,24,2,22,10,4,6,86,78,8,70,8,2,6,86,83,16,67,3,1,2,15,12,4,8,3,0,3
S01009873,389,311,71,240,78,22,56,5,4,0,4,1,1,0,18,13,0,13,5,1,4,23,15,0,15,8,2,6,82,61,20,41,21,4,17,52,39,6,33,13,7,6,72,56,13,43,16,3,13,116,109,26,83,7,3,4,21,14,6,8,7,1,6
S01009874,440,371,126,245,69,20,49,4,3,0,3,1,0,1,27,23,3,20,4,0,4,23,18,2,16,5,1,4,101,87,44,43,14,1,13,26,23,2,21,3,0,3,81,59,20,39,22,11,11,140,130,43,87,10,4,6,38,28,12,16,10,3,7
S01009875,234,199,64,135,35,12,23,5,4,1,3,1,1,0,10,8,4,4,2,2,0,11,10,2,8,1,0,1,74,62,29,33,12,1,11,17,9,1,8,8,2,6,48,43,6,37,5,4,1,57,53,13,40,4,2,2,12,10,8,2,2,0,2
S01009876,216,197,89,108,19,9,10,0,0,0,0,0,0,0,7,7,0,7,0,0,0,6,3,0,3,3,0,3,77,72,38,34,5,2,3,24,19,6,13,5,3,2,45,40,12,28,5,3,2,45,44,23,21,1,1,0,12,12,10,2,0,0,0
S01009877,411,302,71,231,109,23,86,4,3,0,3,1,0,1,16,8,1,7,8,1,7,11,7,1,6,4,1,3,90,60,19,41,30,4,26,37,26,3,23,11,4,7,86,58,10,48,28,4,24,149,132,34,98,17,5,12,18,8,3,5,10,4,6
S01009878,258,207,73,134,51,11,40,4,3,0,3,1,0,1,10,9,2,7,1,1,0,14,10,0,10,4,0,4,84,61,36,25,23,3,20,32,19,5,14,13,4,9,45,43,12,31,2,1,1,58,55,14,41,3,1,2,11,7,4,3,4,1,3
S01009879,434,317,74,243,117,34,83,12,11,0,11,1,0,1,21,18,5,13,3,3,0,16,12,1,11,4,1,3,84,60,24,36,24,6,18,45,31,5,26,14,3,11,112,65,17,48,47,12,35,132,114,21,93,18,8,10,12,6,1,5,6,1,5
S01009880,309,250,84,166,59,10,49,5,5,1,4,0,0,0,7,7,2,5,0,0,0,8,4,0,4,4,0,4,110,80,41,39,30,3,27,31,24,8,16,7,1,6,54,44,11,33,10,2,8,86,80,17,63,6,3,3,8,6,4,2,2,1,1
S01009881,222,184,74,110,38,9,29,2,2,0,2,0,0,0,5,5,1,4,0,0,0,5,3,2,1,2,1,1,89,70,45,25,19,3,16,25,16,5,11,9,3,6,36,34,9,25,2,0,2,43,42,6,36,1,0,1,17,12,6,6,5,2,3
S01009882,691,602,148,454,89,17,72,15,14,0,14,1,0,1,27,26,5,21,1,0,1,33,16,0,16,17,1,16,159,140,72,68,19,4,15,70,64,9,55,6,2,4,138,122,18,104,16,3,13,207,197,39,158,10,5,5,42,23,5,18,19,2,17
S01009883,316,266,108,158,50,12,38,7,7,1,6,0,0,0,3,3,0,3,0,0,0,9,8,2,6,1,0,1,123,97,61,36,26,10,16,30,18,4,14,12,0,12,42,39,12,27,3,1,2,76,74,18,56,2,0,2,26,20,10,10,6,1,5
S01009884,380,307,77,230,73,29,44,7,6,0,6,1,0,1,13,10,0,10,3,0,3,13,8,2,6,5,2,3,107,91,42,49,16,6,10,35,19,3,16,16,5,11,75,65,9,56,10,3,7,98,92,20,72,6,2,4,32,16,1,15,16,11,5
S01009885,326,250,85,165,76,24,52,6,5,1,4,1,1,0,10,8,1,7,2,1,1,12,10,2,8,2,0,2,88,72,42,30,16,3,13,43,21,3,18,22,4,18,41,31,4,27,10,2,8,97,86,25,61,11,8,3,29,17,7,10,12,5,7
S01009886,291,236,102,134,55,17,38,4,4,0,4,0,0,0,7,6,0,6,1,1,0,6,3,1,2,3,0,3,100,83,61,22,17,3,14,27,20,4,16,7,1,6,47,40,13,27,7,1,6,82,72,20,52,10,4,6,18,8,3,5,10,7,3
S01009887,384,333,106,227,51,23,28,3,3,1,2,0,0,0,11,11,1,10,0,0,0,16,10,0,10,6,4,2,131,117,61,56,14,6,8,31,24,3,21,7,1,6,81,70,10,60,11,9,2,75,73,21,52,2,0,2,36,25,9,16,11,3,8
S01009888,279,236,83,153,43,16,27,5,5,0,5,0,0,0,10,9,1,8,1,0,1,9,6,0,6,3,2,1,94,81,47,34,13,4,9,26,13,3,10,13,6,7,37,34,10,24,3,1,2,83,79,17,62,4,2,2,15,9,5,4,6,1,5
S01009889,333,282,77,205,51,20,31,2,2,0,2,0,0,0,17,15,1,14,2,2,0,11,7,0,7,4,2,2,108,99,49,50,9,3,6,33,26,3,23,7,2,5,64,51,8,43,13,7,6,80,76,15,61,4,2,2,18,6,1,5,12,2,10
S01009890,207,189,70,119,18,5,13,2,2,0,2,0,0,0,7,7,1,6,0,0,0,15,8,0,8,7,2,5,66,64,36,28,2,0,2,17,13,2,11,4,1,3,36,35,12,23,1,0,1,49,46,16,30,3,2,1,15,14,3,11,1,0,1
S01009891,327,291,67,224,36,7,29,5,5,0,5,0,0,0,14,13,0,13,1,0,1,7,5,1,4,2,0,2,98,90,39,51,8,4,4,27,21,2,19,6,0,6,68,57,6,51,11,2,9,89,86,11,75,3,1,2,19,14,8,6,5,0,5
S01009892,332,311,73,238,21,5,16,5,4,0,4,1,0,1,15,14,2,12,1,1,0,20,17,2,15,3,0,3,82,80,29,51,2,0,2,33,26,5,21,7,0,7,62,59,11,48,3,1,2,98,96,20,76,2,2,0,17,15,4,11,2,1,1
S01009893,396,353,80,273,43,23,20,4,4,0,4,0,0,0,22,22,6,16,0,0,0,15,8,0,8,7,6,1,92,82,30,52,10,5,5,41,36,5,31,5,0,5,99,89,18,71,10,7,3,96,92,18,74,4,2,2,27,20,3,17,7,3,4
S01009894,302,271,92,179,31,9,22,4,3,0,3,1,0,1,17,17,5,12,0,0,0,21,14,2,12,7,1,6,91,84,42,42,7,0,7,25,23,2,21,2,0,2,41,35,8,27,6,5,1,82,79,26,53,3,1,2,21,16,7,9,5,2,3
S01009895,287,265,79,186,22,7,15,3,2,0,2,1,0,1,13,13,3,10,0,0,0,15,13,0,13,2,1,1,100,90,34,56,10,3,7,25,20,4,16,5,0,5,47,46,15,31,1,1,0,74,71,20,51,3,2,1,10,10,3,7,0,0,0
S01009896,328,283,89,194,45,17,28,4,4,0,4,0,0,0,14,14,1,13,0,0,0,38,24,0,24,14,3,11,101,91,46,45,10,3,7,32,19,3,16,13,4,9,43,42,10,32,1,1,0,82,78,26,52,4,3,1,14,11,3,8,3,3,0
S01009897,408,357,83,274,51,19,32,9,9,3,6,0,0,0,23,23,2,21,0,0,0,28,23,0,23,5,0,5,95,86,41,45,9,1,8,39,28,2,26,11,7,4,66,55,3,52,11,5,6,118,114,27,87,4,3,1,30,19,5,14,11,3,8
S01009898,195,159,58,101,36,14,22,2,2,0,2,0,0,0,9,8,1,7,1,0,1,23,13,2,11,10,3,7,52,40,18,22,12,4,8,19,12,2,10,7,4,3,20,19,11,8,1,0,1,58,55,20,35,3,2,1,12,10,4,6,2,1,1
S01009899,457,419,78,341,38,14,24,18,18,2,16,0,0,0,14,13,1,12,1,1,0,25,19,1,18,6,0,6,78,69,26,43,9,5,4,46,40,6,34,6,2,4,90,83,11,72,7,0,7,163,158,24,134,5,4,1,23,19,7,12,4,2,2
S01009900,600,551,88,463,49,5,44,14,14,1,13,0,0,0,28,27,0,27,1,0,1,21,18,0,18,3,0,3,86,75,29,46,11,0,11,63,53,1,52,10,2,8,134,124,13,111,10,2,8,223,216,41,175,7,1,6,31,24,3,21,7,0,7
S01009901,582,529,89,440,53,10,43,25,24,0,24,1,0,1,21,21,0,21,0,0,0,25,19,2,17,6,1,5,97,91,25,66,6,0,6,56,46,1,45,10,4,6,116,104,5,99,12,2,10,203,195,43,152,8,1,7,39,29,13,16,10,2,8
S01009902,337,298,97,201,39,3,36,4,4,1,3,0,0,0,24,23,1,22,1,0,1,31,23,0,23,8,1,7,66,56,31,25,10,0,10,29,21,3,18,8,1,7,51,45,11,34,6,0,6,111,109,42,67,2,1,1,21,17,8,9,4,0,4
S01009903,418,344,86,258,74,22,52,5,5,0,5,0,0,0,20,19,3,16,1,0,1,11,8,1,7,3,0,3,96,83,37,46,13,5,8,45,31,4,27,14,2,12,89,73,15,58,16,4,12,123,114,24,90,9,4,5,29,11,2,9,18,7,11
S01009904,469,416,64,352,53,13,40,9,9,0,9,0,0,0,20,19,1,18,1,0,1,14,10,1,9,4,2,2,63,49,16,33,14,2,12,51,45,3,42,6,2,4,99,86,11,75,13,3,10,191,182,30,152,9,3,6,22,16,2,14,6,1,5
S01009905,365,314,77,237,51,13,38,4,4,2,2,0,0,0,11,10,0,10,1,0,1,13,8,1,7,5,1,4,94,89,33,56,5,1,4,40,27,3,24,13,2,11,61,54,5,49,7,3,4,108,104,26,78,4,1,3,34,18,7,11,16,5,11
S01009906,370,328,71,257,42,11,31,4,4,0,4,0,0,0,19,17,1,16,2,1,1,13,12,1,11,1,0,1,88,83,39,44,5,0,5,26,21,1,20,5,3,2,81,66,12,54,15,4,11,114,110,15,95,4,2,2,25,15,2,13,10,1,9
S01009907,417,372,72,300,45,16,29,2,2,0,2,0,0,0,29,27,0,27,2,0,2,13,10,0,10,3,1,2,94,83,34,49,11,3,8,36,28,2,26,8,1,7,80,71,11,60,9,5,4,139,134,20,114,5,4,1,24,17,5,12,7,2,5
S01009908,632,524,126,398,108,32,76,9,7,1,6,2,0,2,16,14,1,13,2,0,2,23,17,1,16,6,2,4,134,118,56,62,16,4,12,67,49,8,41,18,5,13,126,99,15,84,27,6,21,199,180,36,144,19,6,13,58,40,8,32,18,9,9
S01009909,539,453,77,376,86,27,59,4,1,0,1,3,0,3,17,14,1,13,3,0,3,25,20,2,18,5,3,2,112,99,35,64,13,3,10,62,49,2,47,13,3,10,112,98,9,89,14,5,9,158,150,21,129,8,4,4,49,22,7,15,27,9,18
S01009910,347,307,68,239,40,11,29,2,2,1,1,0,0,0,21,19,1,18,2,0,2,9,8,0,8,1,0,1,70,64,22,42,6,0,6,29,20,3,17,9,1,8,69,63,12,51,6,2,4,117,110,26,84,7,4,3,30,21,3,18,9,4,5
S01009911,496,432,98,334,64,17,47,7,7,1,6,0,0,0,28,24,2,22,4,1,3,18,11,1,10,7,3,4,70,61,27,34,9,5,4,48,36,6,30,12,1,11,84,73,10,63,11,1,10,215,205,50,155,10,4,6,26,15,1,14,11,2,9
S01009912,420,312,79,233,108,28,80,7,6,3,3,1,0,1,19,17,1,16,2,0,2,10,7,0,7,3,1,2,85,61,26,35,24,5,19,39,21,4,17,18,6,12,84,58,10,48,26,5,21,146,129,30,99,17,6,11,30,13,5,8,17,5,12
S01009913,356,258,75,183,98,18,80,4,4,0,4,0,0,0,16,12,0,12,4,0,4,20,13,2,11,7,1,6,119,74,36,38,45,7,38,19,15,3,12,4,0,4,69,48,10,38,21,4,17,94,84,23,61,10,3,7,15,8,1,7,7,3,4
S01009914,487,346,95,251,141,38,103,5,4,1,3,1,0,1,16,11,0,11,5,1,4,15,10,1,9,5,2,3,118,77,41,36,41,6,35,43,30,5,25,13,8,5,110,64,13,51,46,6,40,160,139,29,110,21,10,11,20,11,5,6,9,5,4
S01009915,475,383,95,288,92,28,64,8,7,0,7,1,0,1,28,21,1,20,7,5,2,13,5,0,5,8,1,7,86,63,38,25,23,5,18,48,40,13,27,8,1,7,102,83,14,69,19,4,15,163,148,23,125,15,4,11,27,16,6,10,11,8,3
S01009916,390,287,93,194,103,17,86,6,6,2,4,0,0,0,11,9,1,8,2,0,2,15,8,2,6,7,0,7,111,64,33,31,47,9,38,41,25,8,17,16,1,15,76,65,14,51,11,3,8,115,104,31,73,11,1,10,15,6,2,4,9,3,6
S01009917,387,333,70,263,54,16,38,8,8,0,8,0,0,0,10,9,4,5,1,0,1,16,10,2,8,6,1,5,52,41,15,26,11,1,10,34,27,2,25,7,1,6,106,84,10,74,22,10,12,149,146,37,109,3,2,1,12,8,0,8,4,1,3
S01009918,354,294,74,220,60,17,43,7,7,0,7,0,0,0,6,6,0,6,0,0,0,21,10,4,6,11,1,10,44,37,20,17,7,2,5,29,23,4,19,6,0,6,74,56,7,49,18,7,11,156,141,33,108,15,7,8,17,14,6,8,3,0,3
S01009919,528,455,88,367,73,20,53,8,5,0,5,3,0,3,21,19,4,15,2,0,2,25,14,0,14,11,1,10,128,117,42,75,11,2,9,41,33,2,31,8,2,6,137,123,12,111,14,2,12,142,131,24,107,11,7,4,26,13,4,9,13,6,7
S01009920,596,544,64,480,52,15,37,14,10,0,10,4,0,4,25,25,1,24,0,0,0,29,23,0,23,6,0,6,90,86,25,61,4,1,3,60,54,1,53,6,1,5,134,126,6,120,8,2,6,197,186,23,163,11,4,7,47,34,8,26,13,7,6
S01009921,458,417,66,351,41,9,32,8,8,0,8,0,0,0,11,10,1,9,1,0,1,21,18,1,17,3,0,3,76,72,29,43,4,1,3,47,39,3,36,8,2,6,104,97,3,94,7,0,7,158,152,23,129,6,2,4,33,21,6,15,12,4,8
S01009922,705,648,95,553,57,16,41,11,9,2,7,2,1,1,42,38,2,36,4,0,4,29,25,3,22,4,0,4,96,84,29,55,12,1,11,78,69,4,65,9,3,6,188,179,20,159,9,1,8,234,222,29,193,12,8,4,27,22,6,16,5,2,3
S01009923,512,452,79,373,60,15,45,6,6,0,6,0,0,0,19,18,0,18,1,1,0,34,28,2,26,6,0,6,91,84,31,53,7,0,7,56,49,9,40,7,1,6,88,74,5,69,14,1,13,177,170,29,141,7,4,3,41,23,3,20,18,8,10
S01009924,619,564,95,469,55,18,37,12,10,0,10,2,0,2,28,28,0,28,0,0,0,21,16,4,12,5,1,4,132,122,42,80,10,2,8,69,58,6,52,11,5,6,147,134,13,121,13,4,9,184,179,28,151,5,4,1,26,17,2,15,9,2,7
S01009925,468,437,68,369,31,5,26,4,4,0,4,0,0,0,23,22,2,20,1,0,1,14,10,0,10,4,1,3,64,62,21,41,2,0,2,48,42,3,39,6,1,5,103,98,4,94,5,1,4,188,181,33,148,7,0,7,24,18,5,13,6,2,4
S01009926,430,369,66,303,61,15,46,6,6,0,6,0,0,0,11,11,0,11,0,0,0,11,7,0,7,4,0,4,85,77,30,47,8,1,7,35,24,2,22,11,2,9,81,65,6,59,16,6,10,161,156,20,136,5,1,4,40,23,8,15,17,5,12
S01009927,263,226,48,178,37,9,28,4,3,1,2,1,0,1,22,19,1,18,3,0,3,19,15,1,14,4,0,4,37,32,14,18,5,0,5,20,16,4,12,4,2,2,52,43,6,37,9,2,7,96,88,19,69,8,4,4,13,10,2,8,3,1,2
S01009928,524,438,69,369,86,17,69,16,16,1,15,0,0,0,25,17,0,17,8,2,6,21,15,0,15,6,0,6,60,48,18,30,12,3,9,47,34,5,29,13,1,12,116,98,4,94,18,1,17,207,189,33,156,18,7,11,32,21,8,13,11,3,8
S01009929,265,222,48,174,43,14,29,7,6,0,6,1,1,0,9,8,0,8,1,0,1,13,8,1,7,5,1,4,34,25,13,12,9,4,5,27,22,3,19,5,1,4,61,47,7,40,14,7,7,99,93,18,75,6,0,6,15,13,6,7,2,0,2
S01009930,559,487,76,411,72,24,48,7,5,2,3,2,2,0,21,19,1,18,2,0,2,26,14,0,14,12,1,11,87,76,22,54,11,3,8,67,56,6,50,11,2,9,114,103,9,94,11,2,9,211,194,27,167,17,12,5,26,20,9,11,6,2,4
S01009931,559,504,71,433,55,14,41,17,14,0,14,3,1,2,21,17,0,17,4,3,1,28,21,2,19,7,0,7,70,63,22,41,7,2,5,58,48,3,45,10,0,10,120,107,10,97,13,2,11,221,212,31,181,9,5,4,24,22,3,19,2,1,1
S01009932,435,379,61,318,56,15,41,11,9,0,9,2,1,1,31,30,1,29,1,0,1,17,15,0,15,2,0,2,70,65,26,39,5,2,3,48,36,4,32,12,4,8,91,73,8,65,18,5,13,146,135,20,115,11,1,10,21,16,2,14,5,2,3
S01009933,396,368,82,286,28,11,17,12,11,2,9,1,0,1,17,17,2,15,0,0,0,26,17,0,17,9,3,6,92,88,36,52,4,1,3,42,36,2,34,6,3,3,78,74,15,59,4,2,2,111,109,18,91,2,2,0,18,16,7,9,2,0,2
S01009934,508,464,111,353,44,13,31,8,8,0,8,0,0,0,39,35,3,32,4,0,4,22,15,0,15,7,1,6,97,91,36,55,6,2,4,52,43,5,38,9,4,5,101,93,17,76,8,3,5,167,160,43,117,7,1,6,22,19,7,12,3,2,1
S01009935,172,162,39,123,10,4,6,4,4,0,4,0,0,0,9,8,1,7,1,0,1,18,13,0,13,5,2,3,24,24,7,17,0,0,0,18,16,4,12,2,1,1,28,27,5,22,1,0,1,66,65,21,44,1,1,0,5,5,1,4,0,0,0
S01009936,299,272,53,219,27,13,14,2,2,0,2,0,0,0,12,12,0,12,0,0,0,13,10,0,10,3,1,2,78,69,22,47,9,5,4,29,27,5,22,2,1,1,70,63,5,58,7,3,4,79,75,17,58,4,2,2,16,14,4,10,2,1,1
S01009937,140,131,61,70,9,3,6,1,1,0,1,0,0,0,6,6,2,4,0,0,0,5,4,0,4,1,0,1,49,49,26,23,0,0,0,10,7,2,5,3,1,2,35,31,17,14,4,2,2,29,28,11,17,1,0,1,5,5,3,2,0,0,0
S01009938,315,276,76,200,39,15,24,8,8,0,8,0,0,0,16,15,1,14,1,0,1,24,17,0,17,7,0,7,66,62,27,35,4,1,3,38,30,6,24,8,2,6,61,52,15,37,9,3,6,89,83,23,60,6,6,0,13,9,4,5,4,3,1
S01009939,207,196,68,128,11,3,8,3,3,0,3,0,0,0,10,9,2,7,1,0,1,12,11,0,11,1,0,1,73,71,38,33,2,1,1,8,7,2,5,1,0,1,45,41,10,31,4,2,2,45,44,13,31,1,0,1,11,10,3,7,1,0,1
S01009940,263,248,89,159,15,3,12,7,7,1,6,0,0,0,13,13,1,12,0,0,0,21,17,0,17,4,2,2,65,63,30,33,2,0,2,21,14,2,12,7,0,7,50,50,20,30,0,0,0,73,73,29,44,0,0,0,13,11,6,5,2,1,1
S01009941,462,399,127,272,63,16,47,8,8,1,7,0,0,0,16,14,2,12,2,0,2,24,17,3,14,7,1,6,168,145,82,63,23,5,18,59,41,7,34,18,6,12,60,54,6,48,6,0,6,106,103,23,80,3,3,0,21,17,3,14,4,1,3
S01009942,368,340,102,238,28,7,21,7,7,2,5,0,0,0,22,21,1,20,1,0,1,29,22,0,22,7,0,7,108,105,43,62,3,1,2,36,28,4,24,8,1,7,55,51,12,39,4,3,1,99,96,37,59,3,1,2,12,10,3,7,2,1,1
S01009943,263,245,82,163,18,6,12,9,9,0,9,0,0,0,13,12,2,10,1,0,1,27,22,2,20,5,1,4,67,67,29,38,0,0,0,18,14,2,12,4,0,4,40,39,15,24,1,1,0,77,74,30,44,3,1,2,12,8,2,6,4,3,1
S01009944,341,303,86,217,38,11,27,6,6,1,5,0,0,0,12,10,2,8,2,1,1,27,19,4,15,8,1,7,76,71,34,37,5,1,4,21,14,1,13,7,2,5,87,77,14,63,10,2,8,91,89,25,64,2,1,1,21,17,5,12,4,3,1
S01009945,380,350,97,253,30,7,23,3,3,0,3,0,0,0,20,20,2,18,0,0,0,26,16,3,13,10,1,9,96,94,37,57,2,0,2,24,18,4,14,6,2,4,76,68,10,58,8,2,6,115,112,35,77,3,1,2,20,19,6,13,1,1,0
S01009946,339,310,100,210,29,7,22,4,4,0,4,0,0,0,16,16,2,14,0,0,0,25,22,3,19,3,0,3,74,67,32,35,7,1,6,27,20,1,19,7,2,5,58,55,15,40,3,2,1,106,101,35,66,5,1,4,29,25,12,13,4,1,3
S01009947,233,206,59,147,27,6,21,6,6,0,6,0,0,0,14,14,0,14,0,0,0,14,9,1,8,5,1,4,62,56,25,31,6,1,5,15,11,5,6,4,0,4,34,29,6,23,5,1,4,78,74,20,54,4,2,2,10,7,2,5,3,1,2
S01009948,273,250,78,172,23,7,16,4,4,0,4,0,0,0,19,19,2,17,0,0,0,20,15,0,15,5,1,4,79,75,37,38,4,2,2,18,12,2,10,6,1,5,47,41,5,36,6,3,3,75,74,26,48,1,0,1,11,10,6,4,1,0,1
S01009949,334,307,100,207,27,6,21,7,7,1,6,0,0,0,14,14,0,14,0,0,0,21,15,0,15,6,1,5,72,67,39,28,5,0,5,33,26,6,20,7,1,6,59,55,11,44,4,2,2,112,109,32,77,3,1,2,16,14,11,3,2,1,1
S01009950,365,290,81,209,75,19,56,2,2,0,2,0,0,0,17,12,2,10,5,0,5,13,9,0,9,4,0,4,68,56,31,25,12,2,10,27,21,3,18,6,1,5,92,59,15,44,33,9,24,131,118,24,94,13,7,6,15,13,6,7,2,0,2
S01009951,370,259,68,191,111,26,85,3,3,0,3,0,0,0,14,10,1,9,4,1,3,24,19,4,15,5,1,4,60,40,16,24,20,4,16,30,19,3,16,11,4,7,86,48,10,38,38,8,30,139,108,30,78,31,8,23,14,12,4,8,2,0,2
S01009952,351,308,79,229,43,12,31,3,2,1,1,1,0,1,23,20,2,18,3,0,3,17,13,2,11,4,0,4,60,52,23,29,8,4,4,46,35,2,33,11,1,10,54,47,5,42,7,2,5,137,130,41,89,7,3,4,11,9,3,6,2,2,0
S01009953,443,382,122,260,61,14,47,11,11,1,10,0,0,0,25,21,0,21,4,2,2,27,24,3,21,3,1,2,72,58,32,26,14,5,9,36,24,5,19,12,2,10,75,65,19,46,10,0,10,181,170,59,111,11,3,8,16,9,3,6,7,1,6
S01009954,292,227,69,158,65,18,47,7,7,1,6,0,0,0,14,7,2,5,7,0,7,14,9,0,9,5,1,4,90,70,38,32,20,5,15,24,17,5,12,7,3,4,43,34,8,26,9,1,8,89,73,13,60,16,8,8,11,10,2,8,1,0,1
S01009955,443,392,91,301,51,13,38,5,5,1,4,0,0,0,20,18,1,17,2,1,1,23,18,1,17,5,1,4,99,81,31,50,18,4,14,35,31,7,24,4,0,4,87,79,11,68,8,0,8,158,146,34,112,12,6,6,16,14,5,9,2,1,1
S01009956,315,273,80,193,42,10,32,7,7,3,4,0,0,0,15,15,2,13,0,0,0,27,21,0,21,6,0,6,65,56,27,29,9,1,8,25,17,3,14,8,0,8,61,54,12,42,7,2,5,106,96,29,67,10,6,4,9,7,4,3,2,1,1
S01009957,387,302,79,223,85,26,59,7,7,2,5,0,0,0,20,15,3,12,5,0,5,29,21,1,20,8,1,7,53,36,16,20,17,3,14,26,16,4,12,10,2,8,67,50,6,44,17,5,12,163,144,41,103,19,9,10,22,13,6,7,9,6,3
S01009958,521,446,110,336,75,23,52,15,15,2,13,0,0,0,32,31,4,27,1,1,0,27,18,3,15,9,1,8,78,66,31,35,12,4,8,52,38,5,33,14,4,10,115,97,21,76,18,5,13,173,161,39,122,12,4,8,29,20,5,15,9,4,5
S01009959,288,222,74,148,66,13,53,9,9,0,9,0,0,0,7,6,1,5,1,1,0,21,11,1,10,10,2,8,51,40,22,18,11,3,8,24,17,5,12,7,1,6,64,47,12,35,17,1,16,95,83,29,54,12,2,10,17,9,4,5,8,3,5
S01009960,400,338,84,254,62,10,52,7,4,1,3,3,0,3,26,24,2,22,2,1,1,18,15,1,14,3,0,3,79,60,25,35,19,1,18,31,29,3,26,2,0,2,75,62,10,52,13,1,12,145,132,38,94,13,4,9,19,12,4,8,7,3,4
S01009961,307,261,78,183,46,11,35,8,7,0,7,1,1,0,22,18,3,15,4,1,3,17,12,0,12,5,1,4,63,55,25,30,8,3,5,25,18,2,16,7,0,7,45,38,9,29,7,2,5,101,96,33,63,5,1,4,26,17,6,11,9,2,7
S01009962,573,523,90,433,50,18,32,13,12,1,11,1,0,1,38,36,1,35,2,0,2,46,40,1,39,6,2,4,102,96,32,64,6,3,3,48,39,3,36,9,2,7,112,104,11,93,8,2,6,178,168,35,133,10,8,2,36,28,6,22,8,1,7
S01009963,431,373,99,274,58,15,43,13,13,0,13,0,0,0,25,23,1,22,2,0,2,34,22,2,20,12,0,12,79,70,33,37,9,2,7,37,28,2,26,9,1,8,69,58,15,43,11,6,5,154,147,43,104,7,3,4,20,12,3,9,8,3,5
S01009964,488,424,112,312,64,11,53,11,11,3,8,0,0,0,21,17,2,15,4,1,3,22,14,0,14,8,1,7,101,85,50,35,16,4,12,49,32,4,28,17,3,14,93,82,17,65,11,1,10,174,173,31,142,1,1,0,17,10,5,5,7,0,7
S01009965,374,335,102,233,39,9,30,9,9,1,8,0,0,0,19,18,1,17,1,0,1,40,24,0,24,16,2,14,80,74,44,30,6,3,3,40,31,1,30,9,1,8,58,55,8,47,3,0,3,124,120,45,75,4,3,1,4,4,2,2,0,0,0
S01009966,404,372,117,255,32,10,22,3,3,0,3,0,0,0,28,28,1,27,0,0,0,55,43,4,39,12,1,11,92,86,43,43,6,3,3,40,31,6,25,9,4,5,47,45,19,26,2,1,1,125,124,40,84,1,0,1,14,12,4,8,2,1,1
S01009967,431,371,102,269,60,15,45,9,8,0,8,1,0,1,29,26,5,21,3,2,1,22,14,0,14,8,1,7,68,54,26,28,14,2,12,33,26,5,21,7,3,4,78,64,14,50,14,3,11,174,166,47,119,8,2,6,18,13,5,8,5,2,3
S01009968,324,290,77,213,34,6,28,10,10,2,8,0,0,0,14,13,0,13,1,0,1,42,32,1,31,10,2,8,46,42,24,18,4,1,3,32,23,4,19,9,0,9,45,42,11,31,3,0,3,125,120,34,86,5,2,3,10,8,1,7,2,1,1
S01009969,381,316,80,236,65,14,51,8,6,1,5,2,1,1,23,21,5,16,2,0,2,26,17,1,16,9,0,9,62,51,27,24,11,4,7,29,21,2,19,8,0,8,84,61,9,52,23,5,18,127,122,30,92,5,2,3,22,17,5,12,5,2,3
S01009970,296,275,105,170,21,2,19,7,7,3,4,0,0,0,13,13,1,12,0,0,0,24,18,0,18,6,0,6,68,64,38,26,4,1,3,28,18,5,13,10,1,9,43,43,10,33,0,0,0,86,86,41,45,0,0,0,27,26,7,19,1,0,1
S01009971,440,398,124,274,42,5,37,10,7,2,5,3,0,3,27,27,1,26,0,0,0,47,33,2,31,14,1,13,97,91,39,52,6,0,6,35,26,7,19,9,1,8,63,59,18,41,4,2,2,141,138,45,93,3,1,2,20,17,10,7,3,0,3
S01009972,368,326,81,245,42,7,35,9,8,2,6,1,0,1,25,23,3,20,2,0,2,29,21,2,19,8,1,7,76,69,24,45,7,1,6,35,26,1,25,9,0,9,58,49,14,35,9,4,5,113,111,31,80,2,1,1,23,19,4,15,4,0,4
S01009973,359,333,98,235,26,11,15,5,4,1,3,1,1,0,20,19,2,17,1,1,0,54,43,2,41,11,4,7,68,65,30,35,3,1,2,34,30,7,23,4,2,2,41,40,17,23,1,0,1,118,116,34,82,2,1,1,19,16,5,11,3,1,2
S01009974,193,183,72,111,10,1,9,2,1,0,1,1,0,1,7,7,1,6,0,0,0,21,19,0,19,2,0,2,52,49,23,26,3,0,3,13,12,2,10,1,0,1,32,30,15,15,2,0,2,56,55,28,27,1,1,0,10,10,3,7,0,0,0
S01009975,210,195,81,114,15,3,12,3,3,1,2,0,0,0,4,3,0,3,1,0,1,24,20,3,17,4,0,4,55,52,31,21,3,1,2,14,10,4,6,4,0,4,20,18,9,9,2,2,0,75,74,27,47,1,0,1,15,15,6,9,0,0,0
S01009976,183,173,52,121,10,5,5,6,5,0,5,1,1,0,7,7,1,6,0,0,0,24,19,1,18,5,1,4,34,34,16,18,0,0,0,21,18,3,15,3,2,1,34,34,9,25,0,0,0,46,45,18,27,1,1,0,11,11,4,7,0,0,0
S01009977,247,236,84,152,11,2,9,5,5,0,5,0,0,0,22,21,2,19,1,0,1,19,15,2,13,4,0,4,62,62,32,30,0,0,0,23,22,3,19,1,0,1,27,26,10,16,1,0,1,77,75,30,45,2,1,1,12,10,5,5,2,1,1
S01009978,362,340,118,222,22,6,16,5,5,0,5,0,0,0,23,23,1,22,0,0,0,36,30,2,28,6,1,5,109,103,57,46,6,1,5,34,30,2,28,4,1,3,47,46,14,32,1,0,1,90,87,37,50,3,1,2,18,16,5,11,2,2,0
S01009979,166,160,52,108,6,2,4,11,10,1,9,1,1,0,6,6,0,6,0,0,0,10,10,1,9,0,0,0,46,44,20,24,2,0,2,9,7,0,7,2,0,2,26,26,10,16,0,0,0,51,50,17,33,1,1,0,7,7,3,4,0,0,0
S01009980,172,167,66,101,5,1,4,5,5,0,5,0,0,0,7,7,0,7,0,0,0,20,18,1,17,2,0,2,52,52,30,22,0,0,0,7,6,2,4,1,0,1,28,27,13,14,1,0,1,44,43,16,27,1,1,0,9,9,4,5,0,0,0
S01009981,233,221,84,137,12,1,11,6,6,0,6,0,0,0,13,13,0,13,0,0,0,20,14,1,13,6,0,6,73,73,44,29,0,0,0,11,10,1,9,1,0,1,38,35,6,29,3,1,2,52,51,22,29,1,0,1,20,19,10,9,1,0,1
S01009982,429,390,141,249,39,8,31,8,8,0,8,0,0,0,21,20,4,16,1,1,0,56,40,4,36,16,1,15,96,91,52,39,5,1,4,30,26,2,24,4,0,4,73,66,19,47,7,2,5,127,126,51,75,1,1,0,18,13,9,4,5,2,3
S01009983,162,156,65,91,6,1,5,6,6,2,4,0,0,0,12,12,1,11,0,0,0,3,2,0,2,1,0,1,43,41,21,20,2,1,1,10,7,1,6,3,0,3,28,28,10,18,0,0,0,50,50,24,26,0,0,0,10,10,6,4,0,0,0
S01009984,333,299,82,217,34,11,23,11,11,0,11,0,0,0,27,27,2,25,0,0,0,32,22,3,19,10,1,9,79,77,33,44,2,2,0,33,27,2,25,6,0,6,53,45,11,34,8,3,5,78,77,26,51,1,1,0,20,13,5,8,7,4,3
S01009985,200,186,53,133,14,3,11,1,1,0,1,0,0,0,11,11,0,11,0,0,0,31,23,0,23,8,2,6,52,52,25,27,0,0,0,18,14,4,10,4,0,4,19,19,5,14,0,0,0,51,50,12,38,1,1,0,17,16,7,9,1,0,1
S01009986,152,146,50,96,6,2,4,9,9,1,8,0,0,0,5,4,0,4,1,0,1,12,12,0,12,0,0,0,40,39,21,18,1,0,1,10,9,1,8,1,0,1,26,24,9,15,2,1,1,40,39,13,26,1,1,0,10,10,5,5,0,0,0
S01009987,311,290,80,210,21,4,17,10,10,0,10,0,0,0,15,14,2,12,1,1,0,36,27,2,25,9,1,8,70,69,28,41,1,0,1,20,15,2,13,5,0,5,47,43,12,31,4,2,2,93,93,31,62,0,0,0,20,19,3,16,1,0,1
S01009988,149,144,53,91,5,1,4,3,3,0,3,0,0,0,4,4,0,4,0,0,0,9,8,0,8,1,0,1,40,40,22,18,0,0,0,13,10,2,8,3,0,3,21,21,9,12,0,0,0,53,52,18,34,1,1,0,6,6,2,4,0,0,0
S01009989,383,356,92,264,27,4,23,8,8,2,6,0,0,0,29,29,4,25,0,0,0,43,33,1,32,10,2,8,75,73,34,39,2,0,2,41,33,3,30,8,0,8,59,57,12,45,2,0,2,109,105,31,74,4,1,3,19,18,5,13,1,1,0
S01009990,364,342,94,248,22,6,16,4,3,0,3,1,0,1,21,20,0,20,1,0,1,40,32,2,30,8,2,6,80,77,36,41,3,1,2,28,24,2,22,4,0,4,66,63,9,54,3,2,1,111,110,42,68,1,1,0,14,13,3,10,1,0,1
S01009991,413,387,95,292,26,6,20,9,9,0,9,0,0,0,23,23,0,23,0,0,0,36,24,1,23,12,3,9,106,104,47,57,2,0,2,31,25,2,23,6,0,6,53,52,4,48,1,1,0,137,132,34,98,5,2,3,18,18,7,11,0,0,0
S01009992,217,203,67,136,14,7,7,6,6,0,6,0,0,0,11,11,1,10,0,0,0,18,15,0,15,3,1,2,58,57,30,27,1,0,1,11,8,1,7,3,2,1,27,24,5,19,3,1,2,76,72,26,46,4,3,1,10,10,4,6,0,0,0
S01009993,458,414,90,324,44,13,31,18,18,1,17,0,0,0,27,27,1,26,0,0,0,53,38,4,34,15,3,12,100,91,33,58,9,3,6,46,39,5,34,7,1,6,69,67,10,57,2,1,1,127,122,30,92,5,2,3,18,12,6,6,6,3,3
S01009994,356,330,92,238,26,3,23,9,8,2,6,1,0,1,23,22,2,20,1,0,1,36,30,1,29,6,0,6,71,67,33,34,4,1,3,29,19,3,16,10,0,10,50,48,9,39,2,0,2,124,123,38,85,1,1,0,14,13,4,9,1,1,0
S01009995,366,339,92,247,27,13,14,7,7,1,6,0,0,0,18,17,2,15,1,0,1,30,25,0,25,5,3,2,86,80,39,41,6,1,5,31,25,3,22,6,1,5,71,68,16,52,3,3,0,108,103,24,79,5,4,1,15,14,7,7,1,1,0
S01009996,355,330,104,226,25,4,21,9,5,2,3,4,0,4,21,19,2,17,2,1,1,28,24,0,24,4,0,4,92,88,47,41,4,0,4,33,28,3,25,5,0,5,56,56,13,43,0,0,0,90,86,31,55,4,1,3,26,24,6,18,2,2,0
S01009997,309,288,64,224,21,4,17,12,11,0,11,1,0,1,12,11,1,10,1,0,1,28,22,1,21,6,0,6,64,59,18,41,5,1,4,22,18,2,16,4,0,4,55,53,4,49,2,2,0,100,98,30,68,2,1,1,16,16,8,8,0,0,0
S01009998,266,221,59,162,45,10,35,4,4,0,4,0,0,0,19,15,2,13,4,2,2,34,18,2,16,16,3,13,53,40,18,22,13,0,13,11,9,1,8,2,1,1,40,34,4,30,6,2,4,92,91,28,63,1,0,1,13,10,4,6,3,2,1
S01009999,337,310,80,230,27,10,17,10,10,1,9,0,0,0,30,29,2,27,1,0,1,34,28,1,27,6,2,4,55,53,28,25,2,0,2,28,24,3,21,4,2,2,54,49,13,36,5,2,3,114,107,30,77,7,3,4,12,10,2,8,2,1,1
S01010000,325,300,71,229,25,5,20,7,7,1,6,0,0,0,21,19,1,18,2,1,1,29,24,2,22,5,1,4,66,59,29,30,7,0,7,32,30,1,29,2,1,1,52,51,7,44,1,0,1,100,95,26,69,5,2,3,18,15,4,11,3,0,3
S01010001,370,341,90,251,29,12,17,10,10,0,10,0,0,0,24,22,0,22,2,1,1,31,26,0,26,5,1,4,79,73,32,41,6,4,2,39,31,2,29,8,5,3,49,46,9,37,3,0,3,122,118,38,80,4,1,3,16,15,9,6,1,0,1
S01010002,399,369,121,248,30,9,21,5,5,0,5,0,0,0,8,7,0,7,1,1,0,46,33,3,30,13,1,12,108,104,58,46,4,2,2,31,27,6,21,4,0,4,50,47,8,39,3,2,1,122,119,34,85,3,2,1,29,27,12,15,2,1,1
S01010003,369,335,92,243,34,11,23,16,15,3,12,1,0,1,15,13,2,11,2,1,1,36,29,0,29,7,0,7,75,72,36,36,3,1,2,20,15,2,13,5,0,5,66,57,6,51,9,5,4,122,119,36,83,3,2,1,19,15,7,8,4,2,2
S01010004,351,311,87,224,40,12,28,7,6,0,6,1,0,1,14,11,2,9,3,2,1,26,20,2,18,6,0,6,72,59,30,29,13,5,8,22,16,2,14,6,2,4,65,59,12,47,6,1,5,139,137,38,99,2,2,0,6,3,1,2,3,0,3
S01010005,417,386,56,330,31,9,22,19,19,1,18,0,0,0,20,20,0,20,0,0,0,19,12,0,12,7,1,6,90,80,30,50,10,3,7,34,29,1,28,5,1,4,73,71,5,66,2,1,1,128,127,13,114,1,1,0,34,28,6,22,6,2,4
S01010006,515,491,71,420,24,4,20,15,15,1,14,0,0,0,20,20,0,20,0,0,0,31,25,0,25,6,0,6,87,85,31,54,2,1,1,51,46,1,45,5,1,4,106,102,11,91,4,0,4,172,169,22,147,3,1,2,33,29,5,24,4,1,3
S01010007,529,473,117,356,56,19,37,10,10,1,9,0,0,0,23,22,2,20,1,0,1,45,34,3,31,11,1,10,103,91,46,45,12,6,6,41,31,3,28,10,2,8,79,70,11,59,9,3,6,211,203,46,157,8,5,3,17,12,5,7,5,2,3
S01010008,385,352,49,303,33,9,24,13,13,0,13,0,0,0,22,20,0,20,2,0,2,21,15,0,15,6,1,5,50,49,16,33,1,0,1,41,31,1,30,10,2,8,89,83,7,76,6,1,5,129,124,20,104,5,3,2,20,17,5,12,3,2,1
S01010009,385,356,55,301,29,10,19,10,10,0,10,0,0,0,20,20,2,18,0,0,0,29,21,2,19,8,1,7,80,79,25,54,1,1,0,31,24,4,20,7,3,4,97,92,12,80,5,2,3,95,92,8,84,3,1,2,23,18,2,16,5,2,3
S01010010,539,469,123,346,70,21,49,6,6,1,5,0,0,0,29,26,3,23,3,1,2,40,30,2,28,10,1,9,84,68,35,33,16,2,14,51,43,4,39,8,2,6,97,85,20,65,12,4,8,205,189,48,141,16,9,7,27,22,10,12,5,2,3
S01010011,373,348,52,296,25,10,15,16,15,1,14,1,0,1,20,19,2,17,1,0,1,16,15,0,15,1,1,0,59,56,14,42,3,2,1,28,26,4,22,2,1,1,73,69,7,62,4,0,4,132,130,22,108,2,1,1,29,18,2,16,11,5,6
S01010012,402,359,111,248,43,10,33,9,9,2,7,0,0,0,19,17,1,16,2,0,2,49,32,0,32,17,2,15,88,84,39,45,4,0,4,34,27,2,25,7,3,4,55,46,16,30,9,3,6,133,129,46,83,4,2,2,15,15,5,10,0,0,0
S01010013,468,427,83,344,41,11,30,11,11,1,10,0,0,0,19,19,0,19,0,0,0,39,32,0,32,7,0,7,86,77,32,45,9,3,6,38,32,2,30,6,1,5,90,81,11,70,9,3,6,161,156,30,126,5,3,2,24,19,7,12,5,1,4
S01010014,567,485,95,390,82,15,67,4,2,0,2,2,0,2,22,20,0,20,2,0,2,25,19,0,19,6,0,6,87,74,38,36,13,2,11,57,45,9,36,12,0,12,115,97,6,91,18,2,16,208,196,40,156,12,5,7,49,32,2,30,17,6,11
S01010015,503,445,78,367,58,16,42,13,13,1,12,0,0,0,18,17,2,15,1,0,1,19,13,0,13,6,0,6,78,73,23,50,5,1,4,49,42,5,37,7,0,7,117,99,8,91,18,4,14,181,171,34,137,10,7,3,28,17,5,12,11,4,7
S01010016,295,274,86,188,21,1,20,9,8,1,7,1,0,1,21,20,1,19,1,0,1,40,31,0,31,9,0,9,72,68,37,31,4,0,4,23,19,0,19,4,0,4,42,42,9,33,0,0,0,75,73,33,40,2,1,1,13,13,5,8,0,0,0
S01010017,284,267,96,171,17,3,14,6,6,0,6,0,0,0,16,16,1,15,0,0,0,28,20,2,18,8,0,8,92,89,52,37,3,0,3,17,14,1,13,3,0,3,33,32,4,28,1,1,0,74,74,27,47,0,0,0,18,16,9,7,2,2,0
S01010018,388,364,98,266,24,10,14,9,9,0,9,0,0,0,21,21,2,19,0,0,0,35,27,0,27,8,3,5,98,93,36,57,5,4,1,34,28,2,26,6,1,5,69,68,15,53,1,0,1,109,108,39,69,1,0,1,13,10,4,6,3,2,1
S01010019,234,224,83,141,10,2,8,10,10,1,9,0,0,0,10,10,3,7,0,0,0,18,13,1,12,5,1,4,54,54,27,27,0,0,0,26,22,12,10,4,1,3,36,35,9,26,1,0,1,65,65,22,43,0,0,0,15,15,8,7,0,0,0
S01010020,321,300,92,208,21,7,14,5,5,0,5,0,0,0,16,16,1,15,0,0,0,34,31,0,31,3,0,3,96,88,44,44,8,3,5,22,16,2,14,6,1,5,35,33,6,27,2,1,1,95,94,29,65,1,1,0,18,17,10,7,1,1,0
S01010021,223,200,84,116,23,4,19,6,6,1,5,0,0,0,11,9,2,7,2,0,2,16,7,1,6,9,0,9,71,69,43,26,2,0,2,17,15,4,11,2,1,1,26,21,4,17,5,1,4,67,66,26,40,1,0,1,9,7,3,4,2,2,0
S01010022,347,315,81,234,32,12,20,9,9,0,9,0,0,0,23,20,1,19,3,0,3,29,24,2,22,5,2,3,66,62,28,34,4,2,2,37,30,6,24,7,5,2,58,53,11,42,5,1,4,97,91,26,65,6,2,4,28,26,7,19,2,0,2
S01010023,162,153,53,100,9,3,6,1,1,0,1,0,0,0,16,16,1,15,0,0,0,9,6,0,6,3,0,3,38,34,19,15,4,2,2,14,13,4,9,1,0,1,29,29,8,21,0,0,0,49,48,18,30,1,1,0,6,6,3,3,0,0,0
S01010024,312,298,97,201,14,5,9,6,6,1,5,0,0,0,22,22,6,16,0,0,0,17,14,1,13,3,0,3,68,67,32,35,1,0,1,27,24,7,17,3,2,1,61,57,8,49,4,1,3,92,91,32,59,1,1,0,19,17,10,7,2,1,1
S01010025,183,162,57,105,21,10,11,1,1,0,1,0,0,0,7,6,0,6,1,0,1,9,6,1,5,3,1,2,44,40,22,18,4,3,1,21,16,2,14,5,1,4,35,34,7,27,1,1,0,50,49,24,25,1,0,1,16,10,1,9,6,4,2
S01010026,412,382,87,295,30,4,26,12,12,0,12,0,0,0,26,26,1,25,0,0,0,25,19,1,18,6,1,5,90,83,33,50,7,0,7,43,41,7,34,2,0,2,89,78,15,63,11,2,9,108,108,26,82,0,0,0,19,15,4,11,4,1,3
S01010027,425,396,101,295,29,6,23,8,8,0,8,0,0,0,19,18,1,17,1,0,1,31,27,5,22,4,0,4,90,84,35,49,6,1,5,33,28,6,22,5,1,4,83,74,12,62,9,2,7,125,124,26,98,1,0,1,36,33,16,17,3,2,1
S01010028,242,221,63,158,21,4,17,3,3,0,3,0,0,0,15,15,1,14,0,0,0,15,11,1,10,4,1,3,49,46,19,27,3,2,1,17,14,2,12,3,0,3,61,55,8,47,6,0,6,65,63,25,38,2,1,1,17,14,7,7,3,0,3
S01010029,185,174,59,115,11,4,7,3,3,1,2,0,0,0,16,16,1,15,0,0,0,19,15,0,15,4,1,3,45,44,20,24,1,1,0,15,12,5,7,3,1,2,33,32,10,22,1,0,1,44,44,18,26,0,0,0,10,8,4,4,2,1,1
S01010030,454,427,85,342,27,7,20,11,11,1,10,0,0,0,19,19,0,19,0,0,0,32,26,0,26,6,1,5,90,87,36,51,3,0,3,45,41,4,37,4,0,4,101,96,8,88,5,1,4,127,122,24,98,5,3,2,29,25,12,13,4,2,2
S01010031,482,437,90,347,45,11,34,5,4,1,3,1,1,0,32,30,2,28,2,0,2,19,15,1,14,4,0,4,104,99,48,51,5,0,5,67,62,3,59,5,2,3,110,98,10,88,12,2,10,117,110,15,95,7,3,4,28,19,10,9,9,3,6
S01010032,394,370,99,271,24,5,19,5,5,2,3,0,0,0,22,22,2,20,0,0,0,13,11,0,11,2,0,2,107,103,55,48,4,1,3,44,40,5,35,4,0,4,100,93,12,81,7,0,7,80,76,14,62,4,2,2,23,20,9,11,3,2,1
S01010033,384,351,89,262,33,3,30,9,7,0,7,2,0,2,18,18,0,18,0,0,0,19,13,0,13,6,0,6,80,73,32,41,7,0,7,45,38,5,33,7,1,6,72,68,13,55,4,1,3,111,110,30,80,1,0,1,30,24,9,15,6,1,5
S01010034,367,352,101,251,15,3,12,7,7,0,7,0,0,0,16,15,1,14,1,0,1,21,18,3,15,3,0,3,96,94,40,54,2,0,2,64,63,14,49,1,0,1,58,56,11,45,2,1,1,86,82,27,55,4,2,2,19,17,5,12,2,0,2
S01010035,227,213,79,134,14,8,6,6,6,1,5,0,0,0,18,18,1,17,0,0,0,17,15,4,11,2,1,1,82,82,42,40,0,0,0,15,15,2,13,0,0,0,38,32,9,23,6,3,3,36,32,15,17,4,3,1,15,13,5,8,2,1,1
S01010036,492,446,180,266,46,22,24,14,12,3,9,2,1,1,23,23,4,19,0,0,0,10,7,0,7,3,0,3,176,162,109,53,14,8,6,52,43,8,35,9,5,4,100,91,20,71,9,2,7,80,78,16,62,2,2,0,37,30,20,10,7,4,3
S01010037,196,186,47,139,10,2,8,3,3,0,3,0,0,0,17,15,1,14,2,0,2,11,11,0,11,0,0,0,42,41,19,22,1,0,1,16,12,2,10,4,1,3,43,41,8,33,2,1,1,49,48,13,35,1,0,1,15,15,4,11,0,0,0
S01010038,397,365,101,264,32,9,23,8,8,1,7,0,0,0,30,28,0,28,2,1,1,29,25,1,24,4,0,4,119,112,53,59,7,2,5,29,21,3,18,8,2,6,56,50,6,44,6,2,4,107,105,33,72,2,1,1,19,16,4,12,3,1,2
S01010039,616,557,127,430,59,19,40,8,7,1,6,1,0,1,29,24,1,23,5,1,4,15,10,0,10,5,0,5,165,160,63,97,5,3,2,69,57,9,48,12,3,9,154,138,27,111,16,5,11,143,138,14,124,5,2,3,33,23,12,11,10,5,5
S01010040,434,388,78,310,46,16,30,6,6,0,6,0,0,0,32,32,2,30,0,0,0,33,25,1,24,8,2,6,85,77,33,44,8,1,7,41,36,4,32,5,3,2,91,80,14,66,11,2,9,115,108,20,88,7,5,2,31,24,4,20,7,3,4
S01010041,372,339,76,263,33,12,21,6,6,0,6,0,0,0,23,23,3,20,0,0,0,14,12,0,12,2,0,2,105,96,45,51,9,2,7,38,31,6,25,7,0,7,77,71,4,67,6,4,2,91,84,9,75,7,4,3,18,16,9,7,2,2,0
S01010042,627,583,135,448,44,10,34,13,13,1,12,0,0,0,51,48,5,43,3,0,3,32,23,1,22,9,0,9,175,164,70,94,11,4,7,64,59,5,54,5,0,5,136,133,17,116,3,1,2,123,119,30,89,4,4,0,33,24,6,18,9,1,8
S01010043,320,304,94,210,16,5,11,5,5,1,4,0,0,0,21,21,1,20,0,0,0,17,15,0,15,2,0,2,103,97,50,47,6,3,3,30,29,7,22,1,0,1,57,54,6,48,3,1,2,69,68,24,44,1,1,0,18,15,5,10,3,0,3
S01010044,522,485,119,366,37,13,24,10,10,0,10,0,0,0,52,50,3,47,2,0,2,42,34,2,32,8,0,8,116,110,46,64,6,4,2,36,30,2,28,6,2,4,109,101,22,79,8,2,6,139,134,38,96,5,3,2,18,16,6,10,2,2,0
S01010045,147,140,55,85,7,4,3,4,4,0,4,0,0,0,4,4,2,2,0,0,0,10,8,1,7,2,0,2,38,37,19,18,1,1,0,7,5,3,2,2,1,1,30,29,9,20,1,1,0,41,41,18,23,0,0,0,13,12,3,9,1,1,0
S01010046,301,268,72,196,33,18,15,6,6,0,6,0,0,0,18,18,0,18,0,0,0,25,15,0,15,10,3,7,82,73,29,44,9,6,3,29,24,7,17,5,4,1,45,41,8,33,4,3,1,77,75,24,51,2,1,1,19,16,4,12,3,1,2
S01010047,255,239,79,160,16,5,11,3,3,0,3,0,0,0,24,23,3,20,1,0,1,21,19,2,17,2,0,2,74,73,38,35,1,0,1,30,25,4,21,5,1,4,31,30,11,19,1,1,0,59,58,19,39,1,1,0,13,8,2,6,5,2,3
S01010048,323,305,76,229,18,6,12,6,6,0,6,0,0,0,39,39,2,37,0,0,0,29,26,1,25,3,1,2,73,70,30,40,3,0,3,18,14,1,13,4,1,3,56,52,10,42,4,2,2,95,91,27,64,4,2,2,7,7,5,2,0,0,0
S01010049,252,241,88,153,11,4,7,3,3,0,3,0,0,0,41,41,6,35,0,0,0,22,18,0,18,4,0,4,71,68,41,27,3,2,1,21,18,4,14,3,2,1,41,41,13,28,0,0,0,38,38,15,23,0,0,0,15,14,9,5,1,0,1
S01010050,302,287,95,192,15,2,13,3,3,1,2,0,0,0,35,35,2,33,0,0,0,14,8,0,8,6,0,6,70,67,39,28,3,1,2,29,26,3,23,3,0,3,68,67,25,42,1,0,1,66,64,18,46,2,1,1,17,17,7,10,0,0,0
S01010051,222,208,57,151,14,8,6,2,2,0,2,0,0,0,32,31,3,28,1,0,1,17,13,0,13,4,2,2,68,66,28,38,2,1,1,17,14,2,12,3,3,0,34,32,7,25,2,1,1,45,43,15,28,2,1,1,7,7,2,5,0,0,0
S01010052,247,235,59,176,12,3,9,12,12,0,12,0,0,0,32,32,0,32,0,0,0,12,8,0,8,4,1,3,53,53,22,31,0,0,0,26,23,5,18,3,1,2,36,36,12,24,0,0,0,61,58,14,44,3,1,2,15,13,6,7,2,0,2
S01010053,343,321,110,211,22,8,14,9,9,0,9,0,0,0,27,26,2,24,1,0,1,27,24,3,21,3,1,2,124,123,61,62,1,1,0,25,15,4,11,10,4,6,49,46,11,35,3,1,2,68,66,22,44,2,1,1,14,12,7,5,2,0,2
S01010054,148,142,50,92,6,1,5,5,5,1,4,0,0,0,10,9,1,8,1,0,1,15,12,1,11,3,0,3,37,37,12,25,0,0,0,10,9,0,9,1,0,1,19,18,8,10,1,1,0,40,40,19,21,0,0,0,12,12,8,4,0,0,0
S01010055,413,381,109,272,32,5,27,12,12,1,11,0,0,0,27,27,1,26,0,0,0,30,23,2,21,7,1,6,115,104,49,55,11,3,8,40,34,8,26,6,0,6,66,65,15,50,1,0,1,103,101,29,72,2,0,2,20,15,4,11,5,1,4
S01010056,170,157,49,108,13,4,9,5,4,0,4,1,1,0,23,22,3,19,1,0,1,18,12,0,12,6,1,5,41,41,19,22,0,0,0,11,10,0,10,1,0,1,23,22,9,13,1,1,0,35,34,12,22,1,1,0,14,12,6,6,2,0,2
S01010057,171,160,50,110,11,2,9,4,4,1,3,0,0,0,19,19,3,16,0,0,0,13,8,0,8,5,0,5,40,39,22,17,1,0,1,16,15,7,8,1,1,0,28,27,2,25,1,1,0,45,44,14,30,1,0,1,6,4,1,3,2,0,2
S01010058,313,296,93,203,17,6,11,8,7,0,7,1,1,0,21,20,5,15,1,0,1,33,25,1,24,8,1,7,92,92,44,48,0,0,0,18,15,4,11,3,1,2,41,40,9,31,1,1,0,84,83,24,59,1,0,1,16,14,6,8,2,2,0
S01010059,326,304,69,235,22,9,13,6,4,0,4,2,0,2,21,21,3,18,0,0,0,31,26,2,24,5,3,2,75,72,30,42,3,1,2,31,28,4,24,3,0,3,50,47,9,38,3,2,1,100,96,16,80,4,2,2,12,10,5,5,2,1,1
S01010060,385,357,86,271,28,2,26,5,5,0,5,0,0,0,30,30,1,29,0,0,0,38,26,0,26,12,0,12,85,81,39,42,4,1,3,34,33,4,29,1,0,1,72,69,16,53,3,0,3,106,100,24,76,6,1,5,15,13,2,11,2,0,2
S01010061,262,240,46,194,22,6,16,1,1,0,1,0,0,0,21,20,1,19,1,0,1,29,24,0,24,5,0,5,42,40,17,23,2,1,1,20,14,1,13,6,2,4,48,46,6,40,2,0,2,87,85,18,67,2,0,2,14,10,3,7,4,3,1
S01010062,272,244,83,161,28,7,21,11,10,1,9,1,0,1,22,21,4,17,1,0,1,33,25,2,23,8,2,6,53,51,22,29,2,0,2,29,22,4,18,7,1,6,41,38,7,31,3,0,3,73,69,37,32,4,3,1,10,8,6,2,2,1,1
S01010063,385,360,89,271,25,7,18,8,8,0,8,0,0,0,38,36,4,32,2,0,2,48,37,2,35,11,1,10,89,87,38,49,2,1,1,27,24,2,22,3,0,3,56,56,7,49,0,0,0,100,94,30,64,6,4,2,19,18,6,12,1,1,0
S01010064,231,214,56,158,17,3,14,4,4,0,4,0,0,0,28,26,2,24,2,0,2,22,15,0,15,7,0,7,51,50,26,24,1,0,1,17,15,1,14,2,0,2,39,35,8,27,4,3,1,65,65,18,47,0,0,0,5,4,1,3,1,0,1
S01010065,334,313,83,230,21,3,18,6,6,0,6,0,0,0,48,48,4,44,0,0,0,34,28,2,26,6,1,5,84,80,40,40,4,0,4,26,19,3,16,7,2,5,41,40,6,34,1,0,1,80,78,24,54,2,0,2,15,14,4,10,1,0,1
S01010066,246,226,84,142,20,10,10,2,2,0,2,0,0,0,32,32,2,30,0,0,0,21,20,1,19,1,0,1,58,52,32,20,6,2,4,25,22,2,20,3,1,2,30,28,12,16,2,1,1,64,59,29,30,5,3,2,14,11,6,5,3,3,0
S01010067,184,170,44,126,14,5,9,2,2,0,2,0,0,0,24,23,5,18,1,0,1,13,10,2,8,3,1,2,53,49,24,25,4,2,2,13,11,2,9,2,0,2,27,27,4,23,0,0,0,43,41,7,34,2,1,1,9,7,0,7,2,1,1
S01010068,284,259,64,195,25,9,16,2,2,0,2,0,0,0,24,23,2,21,1,0,1,26,22,2,20,4,0,4,79,76,31,45,3,1,2,24,19,2,17,5,3,2,53,48,9,39,5,0,5,57,56,12,44,1,1,0,19,13,6,7,6,4,2
S01010069,489,442,103,339,47,14,33,9,8,2,6,1,0,1,43,42,5,37,1,0,1,50,39,1,38,11,1,10,112,100,38,62,12,4,8,47,37,0,37,10,4,6,78,74,9,65,4,1,3,133,129,46,83,4,3,1,17,13,2,11,4,1,3
S01010070,416,368,115,253,48,11,37,10,10,1,9,0,0,0,30,25,2,23,5,0,5,57,42,3,39,15,2,13,100,94,56,38,6,2,4,36,22,6,16,14,1,13,51,47,6,41,4,3,1,117,116,38,78,1,0,1,15,12,3,9,3,3,0
S01010071,365,318,78,240,47,9,38,7,7,0,7,0,0,0,33,33,7,26,0,0,0,49,34,0,34,15,2,13,78,68,28,40,10,1,9,32,23,1,22,9,0,9,53,47,5,42,6,3,3,99,97,32,65,2,1,1,14,9,5,4,5,2,3
S01010072,387,358,99,259,29,11,18,10,10,1,9,0,0,0,38,37,5,32,1,0,1,28,24,0,24,4,1,3,103,98,37,61,5,1,4,27,21,3,18,6,1,5,49,45,7,38,4,3,1,118,113,41,72,5,3,2,14,10,5,5,4,2,2
S01010073,371,338,95,243,33,4,29,9,9,3,6,0,0,0,27,26,1,25,1,0,1,43,33,4,29,10,2,8,63,56,35,21,7,0,7,37,31,2,29,6,1,5,55,51,13,38,4,0,4,125,124,33,91,1,1,0,12,8,4,4,4,0,4
S01010074,360,323,89,234,37,6,31,4,4,0,4,0,0,0,30,29,1,28,1,0,1,39,32,4,28,7,2,5,85,72,37,35,13,2,11,27,22,5,17,5,1,4,59,52,11,41,7,0,7,100,98,25,73,2,0,2,16,14,6,8,2,1,1
S01010075,227,215,59,156,12,4,8,4,2,0,2,2,0,2,28,28,1,27,0,0,0,32,28,4,24,4,1,3,58,58,27,31,0,0,0,20,15,0,15,5,3,2,26,26,6,20,0,0,0,48,47,17,30,1,0,1,11,11,4,7,0,0,0
S01010076,300,271,65,206,29,4,25,8,8,1,7,0,0,0,37,35,4,31,2,0,2,40,34,0,34,6,1,5,62,58,16,42,4,0,4,28,19,3,16,9,1,8,48,47,11,36,1,0,1,67,63,27,36,4,1,3,10,7,3,4,3,1,2
S01010077,237,213,50,163,24,2,22,3,3,1,2,0,0,0,34,32,4,28,2,1,1,26,18,0,18,8,0,8,48,45,17,28,3,0,3,19,15,0,15,4,0,4,20,19,4,15,1,0,1,74,69,22,47,5,1,4,13,12,2,10,1,0,1
S01010078,343,311,93,218,32,9,23,10,10,1,9,0,0,0,27,27,3,24,0,0,0,30,26,3,23,4,1,3,71,64,37,27,7,1,6,30,22,1,21,8,1,7,51,44,11,33,7,2,5,114,109,30,79,5,4,1,10,9,7,2,1,0,1
S01010079,479,396,110,286,83,22,61,13,13,5,8,0,0,0,29,26,6,20,3,1,2,53,42,5,37,11,2,9,99,75,34,41,24,5,19,48,32,8,24,16,5,11,67,57,10,47,10,2,8,144,133,37,96,11,3,8,26,18,5,13,8,4,4
S01010080,307,271,71,200,36,9,27,6,6,0,6,0,0,0,26,23,4,19,3,0,3,44,35,3,32,9,0,9,63,56,25,31,7,3,4,20,13,1,12,7,1,6,42,41,10,31,1,0,1,91,85,25,60,6,4,2,15,12,3,9,3,1,2
S01010081,332,270,81,189,62,16,46,7,7,1,6,0,0,0,21,14,1,13,7,1,6,41,27,4,23,14,3,11,68,59,31,28,9,0,9,30,21,1,20,9,3,6,55,47,10,37,8,3,5,94,87,30,57,7,3,4,16,8,3,5,8,3,5
S01010082,431,369,77,292,62,6,56,5,5,0,5,0,0,0,21,21,0,21,0,0,0,71,50,2,48,21,1,20,96,79,30,49,17,1,16,41,29,1,28,12,3,9,73,66,12,54,7,1,6,106,103,28,75,3,0,3,18,16,4,12,2,0,2
S01010083,268,245,67,178,23,7,16,3,3,0,3,0,0,0,15,15,0,15,0,0,0,41,32,2,30,9,1,8,69,68,29,39,1,0,1,19,12,4,8,7,3,4,41,39,10,29,2,0,2,67,66,17,49,1,0,1,13,10,5,5,3,3,0
S01010084,350,334,93,241,16,5,11,5,5,0,5,0,0,0,25,25,6,19,0,0,0,44,41,4,37,3,1,2,85,83,30,53,2,0,2,39,31,6,25,8,2,6,46,45,10,35,1,1,0,94,94,34,60,0,0,0,12,10,3,7,2,1,1
S01010085,386,352,90,262,34,7,27,10,9,0,9,1,1,0,26,25,2,23,1,1,0,52,45,4,41,7,2,5,80,76,39,37,4,0,4,45,31,3,28,14,3,11,53,50,14,36,3,0,3,108,106,22,84,2,0,2,12,10,6,4,2,0,2
S01010086,339,314,85,229,25,9,16,2,2,0,2,0,0,0,29,29,1,28,0,0,0,43,29,2,27,14,3,11,82,80,37,43,2,1,1,24,21,2,19,3,1,2,53,52,9,43,1,1,0,88,85,26,59,3,1,2,18,16,8,8,2,2,0
S01010087,271,228,67,161,43,11,32,6,5,0,5,1,0,1,14,13,1,12,1,0,1,35,27,2,25,8,1,7,46,38,18,20,8,2,6,23,14,3,11,9,3,6,41,34,7,27,7,1,6,98,93,35,58,5,2,3,8,4,1,3,4,2,2
S01010088,505,428,101,327,77,11,66,13,12,0,12,1,0,1,28,22,3,19,6,1,5,56,38,1,37,18,2,16,91,77,34,43,14,1,13,45,33,4,29,12,1,11,99,84,22,62,15,4,11,148,146,31,115,2,0,2,25,16,6,10,9,2,7
S01010089,303,277,82,195,26,3,23,4,4,1,3,0,0,0,20,19,2,17,1,0,1,44,36,0,36,8,0,8,66,62,36,26,4,0,4,33,25,5,20,8,1,7,41,38,11,27,3,1,2,84,83,22,61,1,0,1,11,10,5,5,1,1,0
S01010090,584,532,145,387,52,15,37,6,6,1,5,0,0,0,52,46,3,43,6,1,5,61,50,1,49,11,1,10,130,122,66,56,8,3,5,50,39,3,36,11,3,8,89,86,17,69,3,1,2,175,166,45,121,9,5,4,21,17,9,8,4,1,3
S01010091,485,429,104,325,56,12,44,12,12,1,11,0,0,0,34,28,3,25,6,1,5,53,39,0,39,14,0,14,106,96,38,58,10,2,8,43,36,4,32,7,2,5,70,61,17,44,9,1,8,137,133,31,102,4,1,3,30,24,10,14,6,5,1
S01010092,312,291,86,205,21,6,15,5,5,0,5,0,0,0,28,28,2,26,0,0,0,21,16,1,15,5,0,5,82,79,41,38,3,2,1,41,34,11,23,7,1,6,44,39,4,35,5,2,3,84,83,24,59,1,1,0,7,7,3,4,0,0,0
S01010093,432,392,122,270,40,9,31,8,7,0,7,1,0,1,32,30,2,28,2,2,0,38,29,2,27,9,1,8,108,105,53,52,3,0,3,34,21,8,13,13,0,13,65,61,10,51,4,2,2,122,119,42,77,3,2,1,25,20,5,15,5,2,3
S01010094,340,312,97,215,28,6,22,1,1,1,0,0,0,0,24,21,4,17,3,0,3,41,37,4,33,4,0,4,56,53,27,26,3,0,3,45,39,7,32,6,0,6,58,54,17,37,4,4,0,101,97,33,64,4,1,3,14,10,4,6,4,1,3
S01010095,371,331,99,232,40,12,28,8,8,2,6,0,0,0,31,28,4,24,3,0,3,43,33,2,31,10,3,7,72,65,35,30,7,1,6,34,21,5,16,13,5,8,58,56,14,42,2,1,1,105,102,31,71,3,1,2,20,18,6,12,2,1,1
S01010096,391,356,111,245,35,8,27,3,3,0,3,0,0,0,20,19,0,19,1,0,1,35,20,1,19,15,2,13,81,77,45,32,4,1,3,37,32,5,27,5,0,5,69,63,10,53,6,4,2,133,129,42,87,4,1,3,13,13,8,5,0,0,0
S01010097,351,316,102,214,35,8,27,5,5,0,5,0,0,0,29,28,3,25,1,0,1,45,31,4,27,14,3,11,92,84,41,43,8,1,7,28,23,6,17,5,1,4,41,37,7,30,4,1,3,96,95,37,58,1,0,1,15,13,4,9,2,2,0
S01010098,368,328,98,230,40,8,32,6,6,0,6,0,0,0,20,19,3,16,1,0,1,33,24,2,22,9,1,8,77,70,39,31,7,0,7,32,23,5,18,9,1,8,62,60,13,47,2,0,2,125,119,34,85,6,5,1,13,7,2,5,6,1,5
S01010099,342,306,83,223,36,13,23,5,5,0,5,0,0,0,22,22,1,21,0,0,0,33,22,1,21,11,3,8,68,58,32,26,10,3,7,28,24,1,23,4,1,3,52,49,10,39,3,2,1,116,113,34,79,3,0,3,18,13,4,9,5,4,1
S01010100,421,372,99,273,49,12,37,12,11,1,10,1,0,1,35,32,4,28,3,0,3,48,37,2,35,11,1,10,88,74,37,37,14,3,11,31,29,6,23,2,0,2,60,51,11,40,9,4,5,130,122,33,89,8,3,5,17,16,5,11,1,1,0
S01010101,376,339,79,260,37,2,35,6,5,1,4,1,0,1,20,19,1,18,1,1,0,64,54,3,51,10,0,10,79,74,32,42,5,0,5,38,27,7,20,11,1,10,44,40,9,31,4,0,4,107,104,25,79,3,0,3,18,16,1,15,2,0,2
S01010102,559,515,145,370,44,4,40,6,6,0,6,0,0,0,19,16,0,16,3,0,3,69,62,3,59,7,0,7,127,124,63,61,3,0,3,43,31,3,28,12,2,10,99,86,19,67,13,1,12,187,183,54,129,4,1,3,9,7,3,4,2,0,2
S01010103,594,518,145,373,76,13,63,11,8,1,7,3,0,3,43,42,2,40,1,0,1,76,55,3,52,21,4,17,130,119,56,63,11,0,11,51,33,6,27,18,2,16,91,81,27,54,10,3,7,162,156,44,112,6,2,4,30,24,6,18,6,2,4
S01010104,434,387,100,287,47,8,39,13,12,1,11,1,0,1,28,25,3,22,3,0,3,46,35,0,35,11,2,9,86,79,40,39,7,0,7,45,33,4,29,12,4,8,69,65,10,55,4,1,3,131,126,36,90,5,0,5,16,12,6,6,4,1,3
S01010105,168,161,55,106,7,0,7,8,8,0,8,0,0,0,16,16,2,14,0,0,0,12,10,2,8,2,0,2,51,50,26,24,1,0,1,17,15,3,12,2,0,2,22,22,5,17,0,0,0,35,33,15,18,2,0,2,7,7,2,5,0,0,0
S01010106,150,140,39,101,10,2,8,2,1,0,1,1,0,1,13,11,2,9,2,1,1,11,9,0,9,2,0,2,36,36,11,25,0,0,0,10,7,1,6,3,0,3,30,29,10,19,1,0,1,41,41,11,30,0,0,0,7,6,4,2,1,1,0
S01010107,326,301,98,203,25,6,19,3,3,0,3,0,0,0,26,26,0,26,0,0,0,33,27,2,25,6,1,5,102,100,51,49,2,2,0,29,17,5,12,12,2,10,43,41,14,27,2,0,2,75,74,21,53,1,0,1,15,13,5,8,2,1,1
S01010108,331,297,82,215,34,5,29,3,2,0,2,1,0,1,34,32,3,29,2,0,2,36,27,1,26,9,1,8,71,68,27,41,3,0,3,43,34,3,31,9,2,7,53,47,17,30,6,1,5,82,79,28,51,3,0,3,9,8,3,5,1,1,0
S01010109,353,326,88,238,27,6,21,6,6,1,5,0,0,0,16,16,2,14,0,0,0,36,28,0,28,8,0,8,77,77,36,41,0,0,0,38,28,2,26,10,2,8,60,56,14,42,4,3,1,98,96,24,72,2,0,2,22,19,9,10,3,1,2
S01010110,264,250,102,148,14,4,10,2,2,0,2,0,0,0,13,13,1,12,0,0,0,24,21,3,18,3,1,2,78,74,39,35,4,1,3,13,9,2,7,4,1,3,50,47,20,27,3,1,2,77,77,32,45,0,0,0,7,7,5,2,0,0,0
S01010111,299,276,100,176,23,3,20,8,8,0,8,0,0,0,21,20,3,17,1,0,1,33,24,3,21,9,1,8,88,85,39,46,3,0,3,19,12,3,9,7,1,6,40,39,15,24,1,0,1,75,75,31,44,0,0,0,15,13,6,7,2,1,1
S01010112,311,290,120,170,21,5,16,5,5,0,5,0,0,0,17,17,4,13,0,0,0,39,33,6,27,6,2,4,95,92,57,35,3,0,3,20,18,5,13,2,0,2,45,39,12,27,6,2,4,70,69,28,41,1,0,1,20,17,8,9,3,1,2
S01010113,177,168,73,95,9,3,6,3,3,0,3,0,0,0,11,11,1,10,0,0,0,14,13,1,12,1,0,1,53,53,35,18,0,0,0,12,8,1,7,4,0,4,30,28,8,20,2,1,1,43,42,19,23,1,1,0,11,10,8,2,1,1,0
S01010114,225,215,84,131,10,4,6,7,6,0,6,1,0,1,30,29,4,25,1,0,1,14,13,1,12,1,0,1,61,61,34,27,0,0,0,17,14,5,9,3,1,2,31,29,8,21,2,2,0,46,45,22,23,1,1,0,19,18,10,8,1,0,1
S01010115,330,293,69,224,37,15,22,9,7,0,7,2,0,2,26,25,2,23,1,1,0,43,35,1,34,8,3,5,81,75,25,50,6,3,3,31,21,1,20,10,3,7,39,35,6,29,4,1,3,90,85,29,56,5,3,2,11,10,5,5,1,1,0
S01010116,572,527,126,401,45,8,37,9,9,1,8,0,0,0,34,34,3,31,0,0,0,82,74,0,74,8,1,7,126,121,49,72,5,1,4,61,47,7,40,14,2,12,87,80,14,66,7,2,5,143,140,46,94,3,1,2,30,22,6,16,8,1,7
S01010117,370,326,62,264,44,11,33,11,9,0,9,2,0,2,18,17,2,15,1,1,0,39,32,0,32,7,2,5,65,59,22,37,6,0,6,43,35,3,32,8,2,6,63,57,10,47,6,1,5,105,98,15,83,7,2,5,26,19,10,9,7,3,4
S01010118,171,162,71,91,9,2,7,2,2,0,2,0,0,0,12,12,1,11,0,0,0,10,8,0,8,2,0,2,47,43,24,19,4,0,4,7,5,2,3,2,1,1,30,30,11,19,0,0,0,54,54,26,28,0,0,0,9,8,7,1,1,1,0
S01010119,206,196,78,118,10,1,9,1,1,1,0,0,0,0,14,14,1,13,0,0,0,21,19,2,17,2,0,2,60,59,36,23,1,0,1,9,5,0,5,4,1,3,29,29,10,19,0,0,0,58,55,24,31,3,0,3,14,14,4,10,0,0,0
S01010120,317,302,108,194,15,1,14,7,7,0,7,0,0,0,24,23,1,22,1,0,1,35,29,1,28,6,0,6,81,80,39,41,1,0,1,21,17,8,9,4,0,4,48,45,20,25,3,1,2,83,83,31,52,0,0,0,18,18,8,10,0,0,0
S01010121,233,218,79,139,15,7,8,2,2,0,2,0,0,0,19,19,2,17,0,0,0,27,27,2,25,0,0,0,75,71,46,25,4,3,1,14,9,1,8,5,0,5,41,35,9,26,6,4,2,43,43,16,27,0,0,0,12,12,3,9,0,0,0
S01010122,119,113,37,76,6,2,4,3,3,0,3,0,0,0,13,13,1,12,0,0,0,14,13,2,11,1,0,1,32,32,14,18,0,0,0,9,6,1,5,3,1,2,15,14,5,9,1,0,1,29,29,12,17,0,0,0,4,3,2,1,1,1,0
S01010123,271,260,101,159,11,4,7,5,5,0,5,0,0,0,16,15,1,14,1,0,1,20,15,0,15,5,0,5,84,83,50,33,1,1,0,17,16,5,11,1,1,0,48,47,19,28,1,1,0,69,67,23,44,2,1,1,12,12,3,9,0,0,0
S01010124,330,307,72,235,23,7,16,5,5,0,5,0,0,0,27,27,0,27,0,0,0,30,25,1,24,5,2,3,85,83,37,46,2,1,1,27,18,1,17,9,2,7,57,55,8,47,2,1,1,79,79,15,64,0,0,0,20,15,10,5,5,1,4
S01010125,218,199,62,137,19,4,15,0,0,0,0,0,0,0,13,13,0,13,0,0,0,26,17,2,15,9,1,8,57,55,26,29,2,0,2,18,14,2,12,4,1,3,26,24,6,18,2,0,2,63,63,20,43,0,0,0,15,13,6,7,2,2,0
S01010126,359,318,86,232,41,6,35,10,9,2,7,1,0,1,37,36,6,30,1,0,1,49,33,1,32,16,1,15,74,69,29,40,5,1,4,41,31,5,26,10,0,10,41,38,7,31,3,1,2,87,85,29,56,2,0,2,20,17,7,10,3,3,0
S01010127,219,203,61,142,16,1,15,5,5,0,5,0,0,0,12,12,1,11,0,0,0,22,13,0,13,9,0,9,51,51,27,24,0,0,0,20,15,6,9,5,1,4,30,29,6,23,1,0,1,69,69,19,50,0,0,0,10,9,2,7,1,0,1
S01010128,137,132,52,80,5,2,3,2,2,0,2,0,0,0,8,7,1,6,1,0,1,10,9,0,9,1,0,1,49,49,26,23,0,0,0,9,9,4,5,0,0,0,19,18,5,13,1,0,1,36,36,14,22,0,0,0,4,2,2,0,2,2,0
S01010129,215,207,70,137,8,0,8,5,5,0,5,0,0,0,18,18,2,16,0,0,0,20,19,1,18,1,0,1,53,52,27,25,1,0,1,22,18,4,14,4,0,4,24,24,7,17,0,0,0,58,57,19,38,1,0,1,15,14,10,4,1,0,1
S01010130,134,121,37,84,13,1,12,1,1,0,1,0,0,0,11,10,2,8,1,0,1,14,10,0,10,4,1,3,39,38,18,20,1,0,1,11,10,2,8,1,0,1,13,13,3,10,0,0,0,37,35,11,24,2,0,2,8,4,1,3,4,0,4
S01010131,479,412,128,284,67,13,54,3,3,0,3,0,0,0,36,32,5,27,4,0,4,69,53,4,49,16,2,14,97,86,53,33,11,2,9,51,30,4,26,21,4,17,73,64,18,46,9,2,7,139,136,42,94,3,1,2,11,8,2,6,3,2,1
S01010132,294,279,93,186,15,7,8,4,4,0,4,0,0,0,32,31,3,28,1,1,0,25,21,2,19,4,0,4,85,79,40,39,6,4,2,22,20,6,14,2,1,1,40,39,9,30,1,1,0,76,75,28,47,1,0,1,10,10,5,5,0,0,0
S01010133,230,215,71,144,15,6,9,3,3,0,3,0,0,0,16,16,2,14,0,0,0,23,17,0,17,6,1,5,52,48,27,21,4,2,2,14,11,4,7,3,1,2,38,37,8,29,1,1,0,74,74,27,47,0,0,0,10,9,3,6,1,1,0
S01010134,376,346,102,244,30,10,20,6,6,0,6,0,0,0,34,33,2,31,1,0,1,34,25,0,25,9,0,9,97,94,41,53,3,2,1,37,29,7,22,8,2,6,54,48,8,40,6,4,2,99,97,39,58,2,1,1,15,14,5,9,1,1,0
S01010135,260,248,71,177,12,1,11,3,2,0,2,1,0,1,32,31,4,27,1,0,1,24,20,0,20,4,0,4,63,62,28,34,1,0,1,22,18,7,11,4,0,4,46,45,13,32,1,1,0,64,64,16,48,0,0,0,6,6,3,3,0,0,0
S01010136,367,335,91,244,32,8,24,10,10,1,9,0,0,0,23,23,2,21,0,0,0,47,33,0,33,14,2,12,84,80,42,38,4,3,1,39,29,4,25,10,1,9,45,43,8,35,2,1,1,104,103,30,73,1,0,1,15,14,4,10,1,1,0
S01010137,352,331,83,248,21,6,15,12,12,0,12,0,0,0,25,25,1,24,0,0,0,29,22,0,22,7,1,6,80,76,33,43,4,2,2,24,22,1,21,2,0,2,50,47,10,37,3,0,3,115,112,30,82,3,2,1,17,15,8,7,2,1,1
S01010138,254,233,73,160,21,4,17,7,7,0,7,0,0,0,17,17,0,17,0,0,0,33,27,2,25,6,0,6,51,47,25,22,4,2,2,27,23,6,17,4,0,4,41,38,15,23,3,1,2,63,59,20,39,4,1,3,15,15,5,10,0,0,0
S01010139,403,374,106,268,29,10,19,9,7,0,7,2,1,1,36,34,5,29,2,0,2,45,36,1,35,9,2,7,87,82,34,48,5,0,5,26,22,7,15,4,3,1,58,58,13,45,0,0,0,121,118,36,82,3,1,2,21,17,10,7,4,3,1
S01010140,407,381,67,314,26,7,19,7,6,0,6,1,0,1,35,35,0,35,0,0,0,37,33,0,33,4,0,4,87,82,28,54,5,0,5,36,32,8,24,4,0,4,78,73,16,57,5,2,3,111,107,13,94,4,2,2,16,13,2,11,3,3,0
S01010141,284,264,82,182,20,5,15,7,7,1,6,0,0,0,27,27,6,21,0,0,0,33,25,2,23,8,2,6,69,66,27,39,3,1,2,14,11,2,9,3,1,2,42,42,12,30,0,0,0,71,70,26,44,1,0,1,21,16,6,10,5,1,4
S01010142,257,233,59,174,24,3,21,1,1,0,1,0,0,0,19,18,1,17,1,0,1,36,23,0,23,13,0,13,59,56,28,28,3,0,3,22,20,1,19,2,1,1,36,34,4,30,2,1,1,77,75,24,51,2,1,1,7,6,1,5,1,0,1
S01010143,270,245,78,167,25,6,19,2,2,0,2,0,0,0,21,20,2,18,1,0,1,39,33,1,32,6,0,6,56,53,27,26,3,0,3,32,21,5,16,11,3,8,35,32,9,23,3,2,1,68,67,27,40,1,1,0,17,17,7,10,0,0,0
S01010144,330,306,73,233,24,6,18,11,11,1,10,0,0,0,27,27,3,24,0,0,0,30,25,0,25,5,0,5,91,87,35,52,4,1,3,24,18,1,17,6,1,5,51,45,5,40,6,3,3,79,78,22,56,1,1,0,17,15,6,9,2,0,2
S01010145,336,309,81,228,27,2,25,6,6,2,4,0,0,0,31,30,3,27,1,0,1,43,30,2,28,13,2,11,74,70,28,42,4,0,4,32,29,1,28,3,0,3,48,46,10,36,2,0,2,87,86,32,54,1,0,1,15,12,3,9,3,0,3
S01010146,304,282,77,205,22,3,19,5,5,1,4,0,0,0,35,33,2,31,2,0,2,27,20,1,19,7,1,6,88,82,36,46,6,0,6,14,13,1,12,1,0,1,38,37,5,32,1,0,1,85,83,25,58,2,1,1,12,9,6,3,3,1,2
S01010147,312,287,98,189,25,10,15,8,8,0,8,0,0,0,28,28,4,24,0,0,0,27,24,2,22,3,0,3,77,72,41,31,5,2,3,24,21,2,19,3,0,3,51,49,15,34,2,2,0,68,68,25,43,0,0,0,29,17,9,8,12,6,6
S01010148,249,234,85,149,15,2,13,2,2,0,2,0,0,0,11,11,0,11,0,0,0,25,19,1,18,6,1,5,53,49,31,18,4,0,4,21,21,6,15,0,0,0,54,51,17,34,3,0,3,74,73,27,46,1,1,0,9,8,3,5,1,0,1
S01010149,281,252,49,203,29,8,21,8,7,1,6,1,0,1,15,15,1,14,0,0,0,34,29,0,29,5,1,4,62,52,10,42,10,3,7,22,17,0,17,5,0,5,52,51,14,37,1,1,0,72,71,19,52,1,1,0,16,10,4,6,6,2,4
S01010150,200,179,59,120,21,3,18,3,3,0,3,0,0,0,10,10,2,8,0,0,0,15,12,1,11,3,0,3,55,54,27,27,1,0,1,24,15,4,11,9,1,8,29,26,4,22,3,1,2,47,47,20,27,0,0,0,17,12,1,11,5,1,4
S01010151,176,166,47,119,10,5,5,3,3,1,2,0,0,0,21,21,3,18,0,0,0,10,8,0,8,2,0,2,42,41,14,27,1,0,1,25,21,4,17,4,2,2,18,16,4,12,2,2,0,49,48,18,30,1,1,0,8,8,3,5,0,0,0
S01010152,338,322,80,242,16,5,11,6,6,1,5,0,0,0,21,21,4,17,0,0,0,37,30,2,28,7,2,5,73,70,34,36,3,0,3,34,33,3,30,1,0,1,52,48,11,37,4,2,2,98,97,23,74,1,1,0,17,17,2,15,0,0,0
S01010153,343,317,86,231,26,6,20,9,9,0,9,0,0,0,19,19,2,17,0,0,0,28,24,1,23,4,0,4,78,73,29,44,5,0,5,27,17,2,15,10,2,8,43,41,12,29,2,2,0,122,120,33,87,2,0,2,17,14,7,7,3,2,1
S01010154,284,273,76,197,11,1,10,8,8,0,8,0,0,0,20,19,1,18,1,0,1,30,27,0,27,3,0,3,45,45,21,24,0,0,0,25,19,4,15,6,1,5,49,48,15,33,1,0,1,96,96,33,63,0,0,0,11,11,2,9,0,0,0
S01010155,267,245,77,168,22,8,14,5,5,2,3,0,0,0,15,15,3,12,0,0,0,27,21,1,20,6,2,4,50,48,24,24,2,0,2,31,25,4,21,6,1,5,27,24,3,21,3,2,1,102,99,38,61,3,2,1,10,8,2,6,2,1,1
S01010156,186,162,48,114,24,12,12,4,3,1,2,1,0,1,13,12,0,12,1,1,0,17,9,1,8,8,1,7,37,34,11,23,3,1,2,16,14,4,10,2,2,0,46,38,7,31,8,6,2,47,46,20,26,1,1,0,6,6,4,2,0,0,0
S01010157,161,151,69,82,10,4,6,2,2,1,1,0,0,0,13,13,0,13,0,0,0,16,11,0,11,5,1,4,42,42,27,15,0,0,0,14,12,6,6,2,1,1,25,24,11,13,1,0,1,46,45,23,22,1,1,0,3,2,1,1,1,1,0
S01010158,343,319,75,244,24,6,18,7,7,1,6,0,0,0,32,31,2,29,1,0,1,35,27,2,25,8,3,5,66,65,21,44,1,1,0,22,16,3,13,6,1,5,56,51,10,41,5,1,4,114,112,35,77,2,0,2,11,10,1,9,1,0,1
S01010159,256,232,64,168,24,6,18,2,2,0,2,0,0,0,14,12,1,11,2,1,1,23,19,0,19,4,0,4,67,61,23,38,6,1,5,20,17,4,13,3,0,3,31,28,9,19,3,2,1,85,83,25,58,2,1,1,14,10,2,8,4,1,3
S01010160,204,178,54,124,26,10,16,5,4,0,4,1,0,1,25,25,1,24,0,0,0,30,17,1,16,13,3,10,52,50,23,27,2,1,1,14,9,3,6,5,1,4,31,28,10,18,3,3,0,36,36,14,22,0,0,0,11,9,2,7,2,2,0
S01010161,296,269,83,186,27,6,21,5,5,1,4,0,0,0,26,25,1,24,1,0,1,34,26,0,26,8,0,8,70,66,33,33,4,2,2,26,19,4,15,7,1,6,48,43,12,31,5,2,3,79,79,27,52,0,0,0,8,6,5,1,2,1,1
S01010162,218,205,91,114,13,5,8,3,3,0,3,0,0,0,16,16,1,15,0,0,0,14,9,1,8,5,0,5,64,63,36,27,1,1,0,16,11,5,6,5,4,1,29,29,12,17,0,0,0,61,61,32,29,0,0,0,15,13,4,9,2,0,2
S01010163,189,176,58,118,13,6,7,7,7,2,5,0,0,0,9,8,0,8,1,1,0,22,19,0,19,3,0,3,55,53,27,26,2,1,1,11,10,2,8,1,0,1,30,26,7,19,4,3,1,46,44,15,29,2,1,1,9,9,5,4,0,0,0
S01010164,266,242,65,177,24,8,16,5,5,1,4,0,0,0,18,18,1,17,0,0,0,26,18,1,17,8,0,8,58,58,22,36,0,0,0,30,20,4,16,10,4,6,34,32,8,24,2,2,0,77,76,22,54,1,1,0,18,15,6,9,3,1,2
S01010165,201,194,73,121,7,1,6,2,2,1,1,0,0,0,12,12,2,10,0,0,0,17,15,0,15,2,0,2,51,51,31,20,0,0,0,14,12,1,11,2,0,2,38,36,16,20,2,1,1,55,55,18,37,0,0,0,12,11,4,7,1,0,1
S01010166,272,254,80,174,18,1,17,3,3,0,3,0,0,0,32,31,2,29,1,0,1,28,18,1,17,10,0,10,61,59,22,37,2,1,1,25,22,8,14,3,0,3,34,33,10,23,1,0,1,73,73,30,43,0,0,0,16,15,7,8,1,0,1
S01010167,247,231,70,161,16,4,12,6,6,0,6,0,0,0,18,17,4,13,1,0,1,22,16,0,16,6,0,6,58,57,22,35,1,0,1,30,26,3,23,4,1,3,31,28,9,19,3,2,1,78,77,31,46,1,1,0,4,4,1,3,0,0,0
S01010168,220,200,57,143,20,4,16,2,2,0,2,0,0,0,14,12,0,12,2,1,1,29,21,0,21,8,1,7,55,54,30,24,1,1,0,20,12,4,8,8,1,7,33,33,4,29,0,0,0,56,56,15,41,0,0,0,11,10,4,6,1,0,1
S01010169,341,313,100,213,28,6,22,2,2,0,2,0,0,0,24,23,1,22,1,0,1,37,26,3,23,11,1,10,102,98,50,48,4,0,4,20,13,2,11,7,2,5,40,38,15,23,2,1,1,99,98,25,73,1,1,0,17,15,4,11,2,1,1
S01010170,217,200,65,135,17,2,15,4,4,0,4,0,0,0,21,19,1,18,2,0,2,29,20,3,17,9,0,9,52,50,27,23,2,0,2,18,16,2,14,2,1,1,29,28,7,21,1,0,1,56,55,22,33,1,1,0,8,8,3,5,0,0,0
S01010171,289,277,99,178,12,2,10,5,4,0,4,1,0,1,22,21,5,16,1,1,0,34,31,0,31,3,0,3,89,88,48,40,1,0,1,20,16,3,13,4,0,4,31,29,9,20,2,1,1,79,79,27,52,0,0,0,9,9,7,2,0,0,0
S01010172,235,215,42,173,20,7,13,5,5,1,4,0,0,0,15,15,1,14,0,0,0,15,11,1,10,4,0,4,46,42,14,28,4,2,2,22,16,1,15,6,1,5,40,37,5,32,3,3,0,83,83,18,65,0,0,0,9,6,1,5,3,1,2
S01010173,301,274,84,190,27,5,22,4,4,0,4,0,0,0,17,15,3,12,2,0,2,31,24,0,24,7,1,6,90,81,35,46,9,1,8,24,21,3,18,3,0,3,27,25,10,15,2,1,1,91,90,27,63,1,1,0,17,14,6,8,3,1,2
S01010174,326,297,93,204,29,6,23,9,8,1,7,1,0,1,23,23,1,22,0,0,0,36,29,4,25,7,0,7,84,78,32,46,6,2,4,26,22,1,21,4,0,4,43,39,12,27,4,2,2,90,88,37,51,2,2,0,15,10,5,5,5,0,5
S01010175,186,172,53,119,14,2,12,1,1,0,1,0,0,0,15,14,2,12,1,0,1,21,16,0,16,5,1,4,39,38,18,20,1,0,1,18,15,2,13,3,1,2,32,30,12,18,2,0,2,54,53,17,36,1,0,1,6,5,2,3,1,0,1
S01010176,250,230,68,162,20,7,13,6,6,0,6,0,0,0,12,12,0,12,0,0,0,29,20,0,20,9,2,7,47,45,24,21,2,1,1,31,30,7,23,1,0,1,34,30,7,23,4,2,2,84,82,27,55,2,1,1,7,5,3,2,2,1,1
S01010177,228,212,82,130,16,5,11,2,2,0,2,0,0,0,20,20,1,19,0,0,0,19,17,2,15,2,0,2,65,61,37,24,4,2,2,14,7,2,5,7,1,6,38,36,14,22,2,1,1,59,59,22,37,0,0,0,11,10,4,6,1,1,0
S01010178,317,302,129,173,15,5,10,5,5,0,5,0,0,0,16,16,2,14,0,0,0,28,23,2,21,5,2,3,93,90,54,36,3,0,3,19,13,5,8,6,2,4,50,50,23,27,0,0,0,81,81,32,49,0,0,0,25,24,11,13,1,1,0
S01010179,286,275,87,188,11,3,8,8,8,0,8,0,0,0,17,17,4,13,0,0,0,24,22,0,22,2,0,2,79,76,29,47,3,2,1,26,23,6,17,3,0,3,36,34,14,20,2,1,1,78,78,29,49,0,0,0,18,17,5,12,1,0,1
S01010180,256,232,64,168,24,6,18,2,2,0,2,0,0,0,25,25,2,23,0,0,0,18,11,0,11,7,0,7,62,60,25,35,2,1,1,22,17,3,14,5,2,3,33,33,6,27,0,0,0,77,74,24,50,3,1,2,17,10,4,6,7,2,5
S01010181,193,174,54,120,19,6,13,0,0,0,0,0,0,0,8,8,1,7,0,0,0,24,19,0,19,5,0,5,40,39,16,23,1,1,0,20,12,4,8,8,2,6,28,27,9,18,1,1,0,64,61,21,40,3,1,2,9,8,3,5,1,1,0
S01010182,385,342,88,254,43,9,34,10,10,1,9,0,0,0,20,18,1,17,2,1,1,32,26,1,25,6,0,6,90,78,32,46,12,1,11,46,31,2,29,15,5,10,55,54,15,39,1,0,1,122,118,33,85,4,2,2,10,7,3,4,3,0,3
S01010183,152,144,46,98,8,2,6,2,2,1,1,0,0,0,9,9,1,8,0,0,0,14,14,0,14,0,0,0,34,31,14,17,3,0,3,9,8,0,8,1,0,1,22,22,8,14,0,0,0,55,53,21,32,2,0,2,7,5,1,4,2,2,0
S01010184,222,211,78,133,11,3,8,6,6,0,6,0,0,0,10,9,1,8,1,1,0,24,20,1,19,4,0,4,56,56,29,27,0,0,0,16,15,2,13,1,1,0,33,31,9,22,2,1,1,67,67,31,36,0,0,0,10,7,5,2,3,0,3
S01010185,217,202,83,119,15,5,10,1,1,1,0,0,0,0,9,9,1,8,0,0,0,26,21,0,21,5,0,5,58,58,39,19,0,0,0,19,15,3,12,4,2,2,32,29,10,19,3,2,1,61,61,23,38,0,0,0,11,8,6,2,3,1,2
S01010186,343,308,84,224,35,3,32,2,2,0,2,0,0,0,20,20,1,19,0,0,0,32,28,2,26,4,0,4,98,88,41,47,10,1,9,32,18,2,16,14,2,12,56,51,9,42,5,0,5,94,94,27,67,0,0,0,9,7,2,5,2,0,2
S01010187,388,357,83,274,31,5,26,9,8,1,7,1,0,1,33,32,2,30,1,0,1,47,39,4,35,8,0,8,73,70,31,39,3,1,2,38,32,1,31,6,1,5,48,44,7,37,4,1,3,126,122,35,87,4,2,2,14,10,2,8,4,0,4
S01010188,401,351,80,271,50,6,44,11,10,0,10,1,0,1,18,16,1,15,2,0,2,36,22,5,17,14,2,12,81,70,35,35,11,1,10,48,37,1,36,11,0,11,64,60,6,54,4,1,3,128,124,30,94,4,1,3,15,12,2,10,3,1,2
S01010189,582,518,126,392,64,13,51,14,14,2,12,0,0,0,40,37,3,34,3,0,3,69,55,0,55,14,1,13,109,102,45,57,7,2,5,50,33,3,30,17,3,14,99,91,23,68,8,1,7,178,169,45,124,9,3,6,23,17,5,12,6,3,3
S01010190,449,379,99,280,70,12,58,8,7,0,7,1,1,0,25,24,3,21,1,0,1,25,21,0,21,4,1,3,131,99,41,58,32,3,29,35,22,1,21,13,2,11,74,67,14,53,7,1,6,130,125,37,88,5,2,3,21,14,3,11,7,2,5
S01010191,395,342,80,262,53,10,43,5,5,0,5,0,0,0,17,15,1,14,2,2,0,36,29,3,26,7,1,6,76,69,31,38,7,1,6,48,30,3,27,18,1,17,72,67,13,54,5,2,3,117,110,26,84,7,2,5,24,17,3,14,7,1,6
S01010192,480,436,112,324,44,4,40,6,6,0,6,0,0,0,36,36,4,32,0,0,0,40,32,2,30,8,0,8,123,109,45,64,14,2,12,47,36,8,28,11,1,10,74,69,15,54,5,0,5,137,135,31,104,2,0,2,17,13,7,6,4,1,3
S01010193,406,351,90,261,55,10,45,4,4,0,4,0,0,0,27,24,1,23,3,0,3,36,26,0,26,10,1,9,97,89,42,47,8,3,5,45,25,3,22,20,2,18,44,44,12,32,0,0,0,135,128,28,100,7,1,6,18,11,4,7,7,3,4
S01010194,243,225,78,147,18,3,15,3,3,0,3,0,0,0,18,17,0,17,1,0,1,25,23,2,21,2,0,2,52,49,29,20,3,0,3,18,12,7,5,6,1,5,28,26,7,19,2,1,1,80,79,23,56,1,0,1,19,16,10,6,3,1,2
S01010195,208,190,52,138,18,6,12,5,5,0,5,0,0,0,10,10,2,8,0,0,0,23,17,1,16,6,2,4,52,52,24,28,0,0,0,21,13,0,13,8,3,5,21,21,6,15,0,0,0,67,67,16,51,0,0,0,9,5,3,2,4,1,3
S01010196,251,242,69,173,9,4,5,3,3,0,3,0,0,0,14,14,3,11,0,0,0,22,20,0,20,2,0,2,56,56,25,31,0,0,0,26,23,5,18,3,1,2,39,38,11,27,1,1,0,81,79,22,57,2,2,0,10,9,3,6,1,0,1
S01010197,264,254,96,158,10,2,8,4,4,0,4,0,0,0,11,11,1,10,0,0,0,22,19,0,19,3,0,3,80,79,43,36,1,1,0,23,19,3,16,4,0,4,35,34,7,27,1,0,1,78,77,39,38,1,1,0,11,11,3,8,0,0,0
S01010198,341,313,104,209,28,5,23,6,5,0,5,1,0,1,18,17,2,15,1,0,1,29,22,2,20,7,0,7,96,91,44,47,5,1,4,31,26,5,21,5,2,3,46,43,11,32,3,0,3,92,90,32,58,2,1,1,23,19,8,11,4,1,3
S01010199,182,175,73,102,7,1,6,1,1,0,1,0,0,0,8,8,0,8,0,0,0,17,16,2,14,1,0,1,46,46,24,22,0,0,0,10,8,3,5,2,0,2,28,26,11,15,2,1,1,61,60,30,30,1,0,1,11,10,3,7,1,0,1
S01010200,259,239,64,175,20,2,18,3,3,0,3,0,0,0,17,15,0,15,2,0,2,39,34,2,32,5,0,5,51,46,21,25,5,0,5,20,17,7,10,3,0,3,42,41,6,35,1,1,0,77,75,26,49,2,0,2,10,8,2,6,2,1,1
S01010201,290,269,79,190,21,7,14,11,11,1,10,0,0,0,14,14,0,14,0,0,0,38,32,2,30,6,1,5,61,57,22,35,4,2,2,33,27,2,25,6,2,4,33,31,11,20,2,1,1,89,89,37,52,0,0,0,11,8,4,4,3,1,2
S01010202,201,189,71,118,12,4,8,4,4,0,4,0,0,0,10,10,0,10,0,0,0,9,8,1,7,1,0,1,65,62,32,30,3,0,3,20,18,6,12,2,0,2,30,28,11,17,2,2,0,53,50,18,32,3,2,1,10,9,3,6,1,0,1
S01010203,370,338,72,266,32,6,26,8,8,0,8,0,0,0,24,22,1,21,2,0,2,38,31,0,31,7,0,7,88,79,29,50,9,2,7,39,33,4,29,6,1,5,52,50,7,43,2,0,2,107,106,28,78,1,0,1,14,9,3,6,5,3,2
S01010204,253,245,94,151,8,3,5,4,4,0,4,0,0,0,9,9,0,9,0,0,0,15,13,1,12,2,1,1,69,68,41,27,1,1,0,24,21,7,14,3,0,3,38,36,12,24,2,1,1,85,85,26,59,0,0,0,9,9,7,2,0,0,0
S01010205,287,266,69,197,21,6,15,3,3,0,3,0,0,0,18,18,1,17,0,0,0,22,18,0,18,4,1,3,64,61,22,39,3,1,2,17,12,5,7,5,0,5,45,39,11,28,6,2,4,101,101,24,77,0,0,0,17,14,6,8,3,2,1
S01010206,43,40,9,31,3,0,3,1,1,0,1,0,0,0,1,1,0,1,0,0,0,2,2,0,2,0,0,0,18,17,5,12,1,0,1,5,4,0,4,1,0,1,11,10,3,7,1,0,1,5,5,1,4,0,0,0,0,0,0,0,0,0,0
S01010207,134,122,61,61,12,2,10,2,2,0,2,0,0,0,2,2,1,1,0,0,0,8,7,1,6,1,0,1,50,47,30,17,3,0,3,16,12,4,8,4,1,3,12,12,4,8,0,0,0,40,37,19,18,3,1,2,4,3,2,1,1,0,1
S01010208,471,438,88,350,33,6,27,10,7,1,6,3,0,3,25,23,0,23,2,0,2,26,19,0,19,7,0,7,98,92,28,64,6,2,4,55,48,12,36,7,1,6,106,103,16,87,3,0,3,131,129,26,103,2,1,1,20,17,5,12,3,2,1
S01010209,357,333,91,242,24,3,21,6,3,0,3,3,0,3,29,26,5,21,3,1,2,21,18,2,16,3,0,3,85,81,30,51,4,0,4,32,27,4,23,5,0,5,55,51,12,39,4,0,4,114,112,32,80,2,2,0,15,15,6,9,0,0,0
S01010210,349,326,90,236,23,4,19,7,7,0,7,0,0,0,20,20,0,20,0,0,0,30,23,1,22,7,1,6,74,71,35,36,3,0,3,29,24,5,19,5,1,4,37,35,7,28,2,0,2,131,129,35,94,2,1,1,21,17,7,10,4,1,3
S01010211,262,251,78,173,11,1,10,6,6,0,6,0,0,0,13,13,2,11,0,0,0,21,18,1,17,3,0,3,64,64,31,33,0,0,0,29,25,5,20,4,0,4,32,31,6,25,1,0,1,87,87,29,58,0,0,0,10,7,4,3,3,1,2
S01010212,342,327,113,214,15,5,10,5,5,0,5,0,0,0,22,22,2,20,0,0,0,23,21,2,19,2,0,2,92,88,46,42,4,4,0,30,27,4,23,3,1,2,51,49,12,37,2,0,2,105,105,43,62,0,0,0,14,10,4,6,4,0,4
S01010213,353,340,72,268,13,3,10,6,6,0,6,0,0,0,24,22,1,21,2,0,2,20,19,1,18,1,0,1,87,86,35,51,1,0,1,49,45,4,41,4,1,3,53,51,8,43,2,1,1,101,98,20,78,3,1,2,13,13,3,10,0,0,0
S01010214,440,412,136,276,28,3,25,10,10,1,9,0,0,0,23,23,1,22,0,0,0,43,36,3,33,7,0,7,110,105,54,51,5,1,4,45,39,3,36,6,0,6,62,56,16,40,6,1,5,125,124,52,72,1,0,1,22,19,6,13,3,1,2
S01010215,247,236,81,155,11,2,9,5,5,1,4,0,0,0,9,9,2,7,0,0,0,26,25,3,22,1,0,1,59,56,27,29,3,1,2,30,26,8,18,4,0,4,33,33,16,17,0,0,0,75,74,22,52,1,1,0,10,8,2,6,2,0,2
S01010216,215,196,64,132,19,9,10,4,3,0,3,1,1,0,8,8,2,6,0,0,0,14,10,0,10,4,2,2,45,42,21,21,3,3,0,13,11,3,8,2,1,1,37,35,12,23,2,1,1,75,75,22,53,0,0,0,19,12,4,8,7,1,6
S01010217,279,267,75,192,12,1,11,8,8,0,8,0,0,0,12,12,1,11,0,0,0,23,19,1,18,4,0,4,69,69,35,34,0,0,0,21,19,6,13,2,0,2,51,50,12,38,1,0,1,79,78,17,61,1,1,0,16,12,3,9,4,0,4
S01010218,452,418,93,325,34,10,24,11,11,0,11,0,0,0,31,31,2,29,0,0,0,24,21,0,21,3,0,3,94,89,29,60,5,2,3,51,36,6,30,15,1,14,86,84,17,67,2,2,0,130,126,32,94,4,3,1,25,20,7,13,5,2,3
S01010219,172,164,80,84,8,1,7,0,0,0,0,0,0,0,2,2,0,2,0,0,0,3,3,1,2,0,0,0,61,59,37,22,2,1,1,10,8,4,4,2,0,2,47,47,18,29,0,0,0,39,36,13,23,3,0,3,10,9,7,2,1,0,1
S01010220,339,288,52,236,51,13,38,0,0,0,0,0,0,0,15,15,2,13,0,0,0,15,11,0,11,4,0,4,84,72,28,44,12,6,6,27,21,1,20,6,0,6,90,77,9,68,13,3,10,86,79,9,70,7,0,7,22,13,3,10,9,4,5
S01010221,158,152,54,98,6,3,3,1,1,0,1,0,0,0,5,5,0,5,0,0,0,11,11,1,10,0,0,0,54,52,30,22,2,1,1,6,5,0,5,1,0,1,23,23,8,15,0,0,0,51,49,13,36,2,2,0,7,6,2,4,1,0,1
S01010222,234,223,47,176,11,2,9,2,2,0,2,0,0,0,16,15,1,14,1,0,1,25,21,0,21,4,0,4,53,52,16,36,1,1,0,24,21,4,17,3,0,3,40,39,7,32,1,1,0,66,65,17,48,1,0,1,8,8,2,6,0,0,0
S01010223,224,205,50,155,19,5,14,2,2,0,2,0,0,0,21,18,0,18,3,1,2,16,11,1,10,5,0,5,54,51,24,27,3,3,0,23,20,3,17,3,0,3,45,42,4,38,3,1,2,55,53,15,38,2,0,2,8,8,3,5,0,0,0
S01010224,318,294,123,171,24,3,21,2,2,0,2,0,0,0,21,20,3,17,1,0,1,21,18,4,14,3,0,3,91,87,47,40,4,1,3,17,15,3,12,2,0,2,53,43,16,27,10,2,8,92,91,39,52,1,0,1,21,18,11,7,3,0,3
S01010225,328,314,91,223,14,3,11,2,2,0,2,0,0,0,8,8,5,3,0,0,0,27,22,1,21,5,0,5,70,70,34,36,0,0,0,38,33,6,27,5,1,4,62,59,12,47,3,2,1,106,106,25,81,0,0,0,15,14,8,6,1,0,1
S01010226,239,207,93,114,32,20,12,1,1,0,1,0,0,0,7,6,0,6,1,0,1,9,6,2,4,3,3,0,76,65,40,25,11,5,6,30,24,8,16,6,3,3,52,47,25,22,5,5,0,57,51,13,38,6,4,2,7,7,5,2,0,0,0
S01010227,169,152,47,105,17,6,11,3,3,0,3,0,0,0,11,10,2,8,1,0,1,10,9,0,9,1,0,1,53,46,21,25,7,4,3,24,21,3,18,3,0,3,28,26,10,16,2,1,1,38,35,10,25,3,1,2,2,2,1,1,0,0,0
S01010228,217,207,62,145,10,3,7,1,1,0,1,0,0,0,9,9,1,8,0,0,0,21,18,1,17,3,0,3,63,62,23,39,1,1,0,16,14,4,10,2,0,2,35,35,12,23,0,0,0,63,63,19,44,0,0,0,9,5,2,3,4,2,2
S01010229,437,408,128,280,29,4,25,7,7,0,7,0,0,0,25,24,1,23,1,0,1,39,29,0,29,10,0,10,109,103,43,60,6,1,5,41,38,9,29,3,0,3,64,61,12,49,3,2,1,135,133,57,76,2,0,2,17,13,6,7,4,1,3
S01010230,324,313,126,187,11,2,9,3,3,0,3,0,0,0,21,21,2,19,0,0,0,20,19,1,18,1,0,1,88,87,45,42,1,0,1,29,24,10,14,5,0,5,76,74,27,47,2,1,1,82,81,40,41,1,0,1,5,4,1,3,1,1,0
S01010231,368,344,113,231,24,6,18,7,7,1,6,0,0,0,14,12,1,11,2,0,2,25,21,0,21,4,0,4,93,85,44,41,8,1,7,31,24,8,16,7,2,5,72,72,25,47,0,0,0,107,106,30,76,1,1,0,19,17,4,13,2,2,0
S01010232,392,368,147,221,24,7,17,10,10,0,10,0,0,0,21,20,2,18,1,0,1,22,19,2,17,3,0,3,93,87,50,37,6,1,5,38,31,7,24,7,2,5,75,73,33,40,2,1,1,110,107,45,62,3,1,2,23,21,8,13,2,2,0
S01010233,289,276,116,160,13,2,11,2,2,0,2,0,0,0,23,23,1,22,0,0,0,18,13,2,11,5,0,5,82,80,48,32,2,1,1,21,18,7,11,3,0,3,50,48,21,27,2,1,1,78,77,32,45,1,0,1,15,15,5,10,0,0,0
S01010234,515,459,101,358,56,19,37,3,3,0,3,0,0,0,36,33,4,29,3,1,2,28,16,0,16,12,5,7,100,95,46,49,5,2,3,42,33,3,30,9,0,9,118,107,16,91,11,3,8,155,146,23,123,9,4,5,33,26,9,17,7,4,3
S01010235,550,522,118,404,28,7,21,4,3,0,3,1,0,1,22,22,0,22,0,0,0,17,11,0,11,6,0,6,152,147,71,76,5,1,4,46,41,5,36,5,4,1,123,120,12,108,3,0,3,161,158,19,139,3,1,2,25,20,11,9,5,1,4
S01010236,410,366,90,276,44,15,29,6,6,0,6,0,0,0,19,18,4,14,1,0,1,25,17,2,15,8,1,7,92,86,42,44,6,1,5,38,33,2,31,5,3,2,73,62,8,54,11,5,6,128,127,22,105,1,0,1,29,17,10,7,12,5,7
S01010237,382,336,75,261,46,10,36,6,6,0,6,0,0,0,16,13,2,11,3,0,3,22,17,0,17,5,1,4,89,83,37,46,6,1,5,30,24,2,22,6,1,5,82,74,11,63,8,1,7,112,105,18,87,7,3,4,25,14,5,9,11,3,8
S01010238,474,430,119,311,44,8,36,7,7,0,7,0,0,0,19,16,4,12,3,0,3,29,26,2,24,3,1,2,123,117,61,56,6,0,6,33,28,2,26,5,0,5,75,68,11,57,7,1,6,154,149,33,116,5,2,3,34,19,6,13,15,4,11
S01010239,314,299,90,209,15,4,11,4,4,0,4,0,0,0,13,13,3,10,0,0,0,25,21,1,20,4,0,4,79,77,35,42,2,2,0,26,24,1,23,2,0,2,59,57,18,39,2,1,1,82,81,26,55,1,0,1,26,22,6,16,4,1,3
S01010240,358,335,78,257,23,8,15,3,3,0,3,0,0,0,15,15,1,14,0,0,0,25,22,0,22,3,0,3,89,88,37,51,1,0,1,29,26,3,23,3,1,2,65,58,10,48,7,4,3,113,110,25,85,3,0,3,19,13,2,11,6,3,3
S01010241,500,453,109,344,47,14,33,12,12,0,12,0,0,0,26,23,0,23,3,0,3,18,14,1,13,4,1,3,97,92,36,56,5,0,5,47,39,9,30,8,2,6,101,94,21,73,7,3,4,161,157,32,125,4,1,3,38,22,10,12,16,7,9
S01010242,368,344,97,247,24,11,13,8,8,1,7,0,0,0,26,25,3,22,1,0,1,15,13,0,13,2,0,2,94,92,45,47,2,2,0,33,28,5,23,5,3,2,70,66,9,57,4,2,2,95,91,26,65,4,1,3,27,21,8,13,6,3,3
S01010243,448,416,114,302,32,11,21,4,4,0,4,0,0,0,37,35,2,33,2,0,2,22,20,5,15,2,0,2,115,110,44,66,5,3,2,32,28,4,24,4,0,4,83,75,20,55,8,4,4,120,116,31,85,4,0,4,35,28,8,20,7,4,3
S01010244,238,219,75,144,19,4,15,2,2,0,2,0,0,0,11,10,0,10,1,0,1,25,21,2,19,4,0,4,65,62,29,33,3,0,3,26,21,5,16,5,1,4,45,40,9,31,5,2,3,52,51,22,29,1,1,0,12,12,8,4,0,0,0
S01010245,267,246,99,147,21,5,16,9,9,3,6,0,0,0,25,25,4,21,0,0,0,21,17,1,16,4,1,3,77,74,34,40,3,0,3,19,13,0,13,6,1,5,57,55,36,19,2,0,2,43,41,19,22,2,1,1,16,12,2,10,4,2,2
S01010246,304,286,100,186,18,4,14,5,4,0,4,1,0,1,19,18,5,13,1,0,1,24,19,0,19,5,0,5,95,93,49,44,2,1,1,32,29,6,23,3,1,2,45,43,11,32,2,1,1,65,65,23,42,0,0,0,19,15,6,9,4,1,3
S01010247,365,339,94,245,26,7,19,8,7,0,7,1,0,1,27,26,7,19,1,0,1,38,31,2,29,7,0,7,83,78,35,43,5,0,5,29,25,2,23,4,1,3,49,47,8,39,2,0,2,114,111,36,75,3,3,0,17,14,4,10,3,3,0
S01010248,515,462,117,345,53,15,38,8,7,0,7,1,0,1,22,20,2,18,2,0,2,14,8,1,7,6,1,5,118,110,61,49,8,2,6,37,31,2,29,6,1,5,127,115,18,97,12,1,11,153,151,30,121,2,1,1,36,20,3,17,16,9,7
S01010249,392,368,109,259,24,4,20,4,4,0,4,0,0,0,20,20,1,19,0,0,0,15,15,1,14,0,0,0,113,110,63,47,3,0,3,29,24,5,19,5,0,5,73,71,8,63,2,1,1,108,100,22,78,8,3,5,30,24,9,15,6,0,6
S01010250,476,430,106,324,46,18,28,2,1,0,1,1,0,1,20,19,1,18,1,0,1,16,14,0,14,2,0,2,131,125,63,62,6,1,5,41,33,2,31,8,2,6,97,90,11,79,7,3,4,141,134,24,110,7,4,3,28,14,5,9,14,8,6
S01010251,401,370,100,270,31,5,26,9,8,0,8,1,0,1,21,20,4,16,1,1,0,26,22,1,21,4,0,4,84,79,40,39,5,1,4,47,40,5,35,7,1,6,73,71,13,58,2,1,1,115,112,28,84,3,1,2,26,18,9,9,8,0,8
S01010252,353,321,66,255,32,6,26,5,5,0,5,0,0,0,15,14,2,12,1,0,1,14,12,2,10,2,0,2,80,77,24,53,3,0,3,37,31,6,25,6,0,6,71,67,12,55,4,0,4,107,99,17,82,8,2,6,24,16,3,13,8,4,4
S01010253,209,201,58,143,8,1,7,5,5,1,4,0,0,0,11,11,2,9,0,0,0,13,12,2,10,1,0,1,45,43,12,31,2,1,1,12,10,2,8,2,0,2,46,44,10,34,2,0,2,69,68,26,42,1,0,1,8,8,3,5,0,0,0
S01010254,471,450,140,310,21,6,15,8,8,0,8,0,0,0,30,28,5,23,2,0,2,37,31,2,29,6,0,6,132,131,70,61,1,1,0,34,30,4,26,4,2,2,71,68,12,56,3,1,2,137,134,39,95,3,1,2,22,20,8,12,2,1,1
S01010255,231,216,73,143,15,10,5,2,2,0,2,0,0,0,14,12,0,12,2,1,1,9,6,0,6,3,2,1,58,55,23,32,3,3,0,15,14,6,8,1,0,1,49,47,12,35,2,1,1,70,70,26,44,0,0,0,14,10,6,4,4,3,1
S01010256,329,292,96,196,37,13,24,8,8,0,8,0,0,0,18,15,3,12,3,2,1,21,15,2,13,6,0,6,81,77,32,45,4,1,3,35,25,9,16,10,2,8,51,43,9,34,8,4,4,98,94,36,58,4,3,1,17,15,5,10,2,1,1
S01010257,321,291,87,204,30,6,24,1,1,0,1,0,0,0,12,12,0,12,0,0,0,20,12,0,12,8,0,8,93,89,48,41,4,2,2,34,30,5,25,4,1,3,69,64,13,51,5,0,5,74,68,15,53,6,2,4,18,15,6,9,3,1,2
S01010258,464,430,194,236,34,17,17,7,6,1,5,1,0,1,12,12,0,12,0,0,0,12,8,0,8,4,1,3,166,161,126,35,5,2,3,29,24,3,21,5,3,2,87,80,13,67,7,3,4,112,110,35,75,2,2,0,39,29,16,13,10,6,4
S01010259,332,312,181,131,20,9,11,6,6,0,6,0,0,0,10,9,1,8,1,0,1,14,6,0,6,8,1,7,130,127,104,23,3,2,1,16,13,4,9,3,2,1,49,48,23,25,1,1,0,75,73,31,42,2,2,0,32,30,18,12,2,1,1
S01010260,659,587,232,355,72,16,56,16,15,5,10,1,0,1,20,16,1,15,4,0,4,17,16,0,16,1,0,1,210,199,142,57,11,2,9,70,56,15,41,14,3,11,163,142,29,113,21,4,17,124,117,27,90,7,2,5,39,26,13,13,13,5,8
S01010261,620,598,451,147,22,13,9,4,4,1,3,0,0,0,17,16,5,11,1,0,1,14,12,5,7,2,0,2,345,342,303,39,3,1,2,22,21,13,8,1,1,0,86,83,38,45,3,0,3,85,76,44,32,9,9,0,47,44,42,2,3,2,1
S01010262,259,243,100,143,16,7,9,0,0,0,0,0,0,0,17,17,3,14,0,0,0,24,21,0,21,3,0,3,92,86,63,23,6,5,1,15,14,4,10,1,0,1,29,29,8,21,0,0,0,66,63,18,45,3,1,2,16,13,4,9,3,1,2
S01010263,441,402,92,310,39,10,29,7,7,0,7,0,0,0,17,16,0,16,1,1,0,10,8,2,6,2,0,2,110,101,51,50,9,1,8,42,39,9,30,3,1,2,124,114,9,105,10,3,7,110,106,19,87,4,3,1,21,11,2,9,10,1,9
S01010264,470,430,97,333,40,12,28,15,15,0,15,0,0,0,13,13,0,13,0,0,0,17,16,0,16,1,0,1,133,123,70,53,10,3,7,41,35,5,30,6,3,3,127,119,8,111,8,1,7,89,84,8,76,5,2,3,35,25,6,19,10,3,7
S01010265,588,526,128,398,62,14,48,8,8,0,8,0,0,0,19,18,1,17,1,0,1,14,10,0,10,4,1,3,148,137,83,54,11,0,11,50,38,3,35,12,1,11,192,178,13,165,14,3,11,120,108,17,91,12,4,8,37,29,11,18,8,5,3
S01010266,251,216,89,127,35,6,29,1,1,0,1,0,0,0,6,4,0,4,2,0,2,5,4,2,2,1,0,1,87,75,55,20,12,0,12,22,19,2,17,3,0,3,35,30,4,26,5,2,3,72,67,19,48,5,2,3,23,16,7,9,7,2,5
S01010267,333,299,124,175,34,11,23,1,0,0,0,1,1,0,15,13,2,11,2,0,2,7,5,0,5,2,1,1,131,128,80,48,3,1,2,30,28,8,20,2,0,2,68,60,9,51,8,0,8,56,50,17,33,6,2,4,25,15,8,7,10,6,4
S01010268,390,339,117,222,51,13,38,4,3,0,3,1,0,1,14,10,1,9,4,0,4,7,6,2,4,1,0,1,126,113,73,40,13,4,9,24,19,2,17,5,2,3,84,75,10,65,9,2,7,104,101,22,79,3,1,2,27,12,7,5,15,4,11
S01010269,245,220,69,151,25,6,19,2,2,0,2,0,0,0,8,7,0,7,1,1,0,1,0,0,0,1,0,1,79,71,37,34,8,1,7,22,18,3,15,4,1,3,54,52,9,43,2,0,2,63,63,18,45,0,0,0,16,7,2,5,9,3,6
S01010270,381,341,94,247,40,12,28,4,3,1,2,1,1,0,19,18,2,16,1,0,1,15,9,1,8,6,3,3,106,94,45,49,12,3,9,30,26,0,26,4,1,3,91,81,18,63,10,3,7,98,96,18,78,2,0,2,18,14,9,5,4,1,3
S01010271,330,296,119,177,34,11,23,3,3,0,3,0,0,0,6,5,0,5,1,0,1,4,3,0,3,1,1,0,136,127,83,44,9,2,7,25,22,4,18,3,1,2,55,47,11,36,8,2,6,74,69,17,52,5,2,3,27,20,4,16,7,3,4
S01010272,437,394,89,305,43,12,31,9,9,1,8,0,0,0,14,11,1,10,3,0,3,16,13,3,10,3,0,3,104,99,47,52,5,2,3,46,36,6,30,10,1,9,121,113,11,102,8,0,8,103,95,16,79,8,5,3,24,18,4,14,6,4,2
S01010273,438,400,99,301,38,10,28,4,4,0,4,0,0,0,15,14,0,14,1,1,0,22,17,0,17,5,1,4,130,121,72,49,9,3,6,45,41,2,39,4,1,3,129,121,12,109,8,1,7,68,63,5,58,5,2,3,25,19,8,11,6,1,5
S01010274,355,318,72,246,37,7,30,8,8,0,8,0,0,0,10,7,0,7,3,0,3,14,12,2,10,2,0,2,84,79,46,33,5,0,5,34,30,2,28,4,1,3,108,98,5,93,10,3,7,69,62,11,51,7,1,6,28,22,6,16,6,2,4
S01010275,395,349,113,236,46,16,30,4,4,1,3,0,0,0,15,11,1,10,4,0,4,7,7,0,7,0,0,0,120,113,70,43,7,2,5,33,26,7,19,7,1,6,113,104,11,93,9,5,4,75,66,13,53,9,4,5,28,18,10,8,10,4,6
S01010276,661,555,60,495,106,25,81,13,13,1,12,0,0,0,36,34,2,32,2,1,1,29,23,0,23,6,0,6,104,91,26,65,13,1,12,90,78,8,70,12,1,11,177,136,8,128,41,7,34,180,163,8,155,17,7,10,32,17,7,10,15,8,7
S01010277,233,211,79,132,22,7,15,7,7,3,4,0,0,0,8,7,0,7,1,0,1,12,9,0,9,3,0,3,71,69,38,31,2,1,1,22,18,4,14,4,2,2,31,29,8,21,2,1,1,63,60,18,42,3,1,2,19,12,8,4,7,2,5
S01010278,273,247,93,154,26,8,18,4,4,0,4,0,0,0,6,6,1,5,0,0,0,21,18,0,18,3,0,3,84,79,41,38,5,2,3,20,16,3,13,4,0,4,47,41,8,33,6,3,3,78,72,33,39,6,3,3,13,11,7,4,2,0,2
S01010279,277,251,92,159,26,7,19,0,0,0,0,0,0,0,12,8,1,7,4,0,4,7,6,2,4,1,0,1,95,90,38,52,5,1,4,21,19,3,16,2,0,2,50,47,11,36,3,0,3,73,68,27,41,5,3,2,19,13,10,3,6,3,3
S01010280,476,432,113,319,44,16,28,4,4,0,4,0,0,0,18,14,2,12,4,3,1,9,7,0,7,2,0,2,127,124,67,57,3,1,2,54,46,7,39,8,1,7,130,117,11,106,13,5,8,106,99,21,78,7,3,4,28,21,5,16,7,3,4
S01010281,465,415,92,323,50,25,25,6,5,1,4,1,1,0,15,14,0,14,1,0,1,9,7,1,6,2,0,2,117,108,60,48,9,3,6,66,54,2,52,12,3,9,132,129,11,118,3,1,2,94,81,12,69,13,9,4,26,17,5,12,9,8,1
S01010282,496,460,110,350,36,10,26,11,11,0,11,0,0,0,16,14,2,12,2,0,2,24,24,2,22,0,0,0,113,106,58,48,7,4,3,39,31,4,27,8,0,8,92,86,7,79,6,1,5,165,160,28,132,5,2,3,36,28,9,19,8,3,5
S01010283,356,327,78,249,29,5,24,3,3,0,3,0,0,0,12,12,0,12,0,0,0,16,12,1,11,4,0,4,91,81,38,43,10,2,8,48,43,7,36,5,1,4,67,62,8,54,5,0,5,108,106,20,86,2,1,1,11,8,4,4,3,1,2
S01010284,654,579,137,442,75,18,57,3,3,0,3,0,0,0,22,19,1,18,3,1,2,22,17,0,17,5,0,5,107,104,60,44,3,0,3,65,54,7,47,11,2,9,114,103,11,92,11,4,7,271,257,49,208,14,4,10,50,22,9,13,28,7,21
S01010285,414,350,123,227,64,26,38,5,4,0,4,1,1,0,15,12,3,9,3,0,3,16,13,0,13,3,1,2,124,116,73,43,8,3,5,30,20,6,14,10,3,7,73,58,7,51,15,7,8,123,113,25,88,10,5,5,28,14,9,5,14,6,8
S01010286,495,448,170,278,47,17,30,3,3,0,3,0,0,0,15,13,1,12,2,0,2,7,6,0,6,1,0,1,136,129,96,33,7,7,0,49,32,6,26,17,6,11,98,90,19,71,8,2,6,156,148,34,114,8,1,7,31,27,14,13,4,1,3
S01010287,456,392,134,258,64,21,43,6,5,0,5,1,0,1,12,10,0,10,2,2,0,10,6,0,6,4,1,3,135,124,71,53,11,3,8,35,28,4,24,7,0,7,95,77,18,59,18,5,13,128,115,30,85,13,6,7,35,27,11,16,8,4,4
S01010288,456,389,111,278,67,20,47,4,3,2,1,1,0,1,23,19,4,15,4,1,3,10,9,0,9,1,0,1,110,98,56,42,12,1,11,43,37,12,25,6,2,4,103,88,8,80,15,3,12,122,112,19,93,10,6,4,41,23,10,13,18,7,11
S01010289,501,378,60,318,123,17,106,9,8,1,7,1,0,1,16,15,0,15,1,1,0,26,19,2,17,7,0,7,58,44,21,23,14,1,13,60,38,5,33,22,3,19,130,89,9,80,41,2,39,167,143,17,126,24,4,20,35,22,5,17,13,6,7
S01010290,280,243,69,174,37,13,24,0,0,0,0,0,0,0,10,10,0,10,0,0,0,9,4,0,4,5,0,5,85,82,48,34,3,1,2,19,15,1,14,4,1,3,60,49,6,43,11,4,7,78,68,9,59,10,6,4,19,15,5,10,4,1,3
S01010291,432,379,144,235,53,20,33,3,3,0,3,0,0,0,21,17,2,15,4,2,2,10,7,1,6,3,0,3,134,132,81,51,2,1,1,31,24,2,22,7,2,5,68,60,16,44,8,3,5,125,116,35,81,9,5,4,40,20,7,13,20,7,13
S01010292,483,424,133,291,59,12,47,4,4,0,4,0,0,0,16,15,1,14,1,1,0,7,3,0,3,4,0,4,131,124,77,47,7,0,7,34,27,2,25,7,2,5,85,70,12,58,15,3,12,162,151,35,116,11,3,8,44,30,6,24,14,3,11
S01010293,397,362,151,211,35,13,22,0,0,0,0,0,0,0,8,8,0,8,0,0,0,4,4,1,3,0,0,0,170,157,105,52,13,5,8,29,24,2,22,5,2,3,56,53,9,44,3,1,2,109,103,27,76,6,4,2,21,13,7,6,8,1,7
S01010294,302,276,133,143,26,10,16,3,3,0,3,0,0,0,5,5,1,4,0,0,0,5,5,1,4,0,0,0,117,114,91,23,3,2,1,28,20,5,15,8,4,4,40,34,7,27,6,1,5,84,80,20,60,4,2,2,20,15,8,7,5,1,4
S01010295,463,408,175,233,55,14,41,4,3,0,3,1,0,1,20,16,1,15,4,1,3,9,3,1,2,6,0,6,166,159,114,45,7,2,5,37,32,10,22,5,1,4,85,68,16,52,17,7,10,121,115,28,87,6,2,4,21,12,5,7,9,1,8
S01010296,287,257,107,150,30,13,17,1,1,0,1,0,0,0,10,9,1,8,1,0,1,6,4,1,3,2,0,2,106,101,75,26,5,1,4,21,19,4,15,2,1,1,48,41,5,36,7,4,3,73,67,16,51,6,3,3,22,15,5,10,7,4,3
S01010297,434,402,113,289,32,4,28,8,5,0,5,3,0,3,16,15,2,13,1,0,1,14,11,1,10,3,0,3,133,126,61,65,7,1,6,40,37,7,30,3,0,3,90,88,12,76,2,0,2,102,96,21,75,6,1,5,31,24,9,15,7,2,5
S01010298,376,334,115,219,42,16,26,3,3,0,3,0,0,0,16,16,4,12,0,0,0,12,8,0,8,4,0,4,103,93,54,39,10,3,7,34,29,4,25,5,4,1,53,42,4,38,11,2,9,133,127,42,85,6,3,3,22,16,7,9,6,4,2
S01010299,165,145,44,101,20,5,15,1,1,0,1,0,0,0,7,6,1,5,1,1,0,7,7,0,7,0,0,0,45,39,22,17,6,1,5,14,13,1,12,1,1,0,29,26,4,22,3,0,3,48,45,13,32,3,1,2,14,8,3,5,6,1,5
S01010300,394,356,121,235,38,18,20,2,2,0,2,0,0,0,9,9,1,8,0,0,0,13,8,0,8,5,2,3,113,107,54,53,6,2,4,37,34,13,21,3,2,1,84,77,13,64,7,0,7,106,103,31,72,3,3,0,30,16,9,7,14,9,5
S01010301,266,244,85,159,22,9,13,4,4,1,3,0,0,0,7,7,0,7,0,0,0,7,7,1,6,0,0,0,90,84,57,27,6,1,5,29,23,3,20,6,1,5,41,38,7,31,3,3,0,67,66,9,57,1,0,1,21,15,7,8,6,4,2
S01010302,171,155,52,103,16,3,13,4,4,0,4,0,0,0,9,9,0,9,0,0,0,7,7,0,7,0,0,0,61,56,27,29,5,1,4,13,11,6,5,2,0,2,29,28,6,22,1,0,1,34,32,10,22,2,1,1,14,8,3,5,6,1,5
S01010303,143,129,61,68,14,5,9,0,0,0,0,0,0,0,10,10,4,6,0,0,0,2,2,0,2,0,0,0,59,53,30,23,6,2,4,10,7,3,4,3,1,2,23,21,5,16,2,1,1,31,31,17,14,0,0,0,8,5,2,3,3,1,2
S01010304,214,202,55,147,12,6,6,5,5,1,4,0,0,0,6,6,1,5,0,0,0,18,17,2,15,1,0,1,48,44,26,18,4,1,3,14,13,2,11,1,1,0,38,38,5,33,0,0,0,74,72,16,56,2,1,1,11,7,2,5,4,3,1
S01010305,384,346,88,258,38,16,22,9,8,0,8,1,1,0,17,13,2,11,4,2,2,17,13,0,13,4,1,3,82,79,34,45,3,2,1,27,19,2,17,8,1,7,64,55,10,45,9,4,5,142,137,30,107,5,4,1,26,22,10,12,4,1,3
S01010306,412,375,88,287,37,6,31,7,6,0,6,1,0,1,13,13,1,12,0,0,0,13,11,1,10,2,0,2,81,79,42,37,2,1,1,47,40,4,36,7,1,6,63,56,11,45,7,0,7,163,154,23,131,9,2,7,25,16,6,10,9,2,7
S01010307,508,438,107,331,70,23,47,4,3,0,3,1,1,0,10,8,0,8,2,0,2,11,8,0,8,3,0,3,73,67,40,27,6,0,6,52,39,7,32,13,3,10,95,80,10,70,15,4,11,221,209,39,170,12,8,4,42,24,11,13,18,7,11
S01010308,536,455,106,349,81,23,58,9,9,0,9,0,0,0,18,12,0,12,6,2,4,14,12,1,11,2,0,2,81,75,38,37,6,1,5,61,44,4,40,17,3,14,102,83,12,71,19,9,10,210,192,45,147,18,5,13,41,28,6,22,13,3,10
S01010309,163,157,35,122,6,0,6,0,0,0,0,0,0,0,11,11,0,11,0,0,0,10,10,0,10,0,0,0,45,43,9,34,2,0,2,18,16,5,11,2,0,2,22,22,5,17,0,0,0,48,47,15,32,1,0,1,9,8,1,7,1,0,1
S01010310,267,247,73,174,20,4,16,0,0,0,0,0,0,0,12,12,1,11,0,0,0,19,15,3,12,4,0,4,83,80,28,52,3,1,2,33,31,3,28,2,2,0,45,40,14,26,5,1,4,62,56,22,34,6,0,6,13,13,2,11,0,0,0
S01010311,215,207,84,123,8,3,5,3,3,0,3,0,0,0,8,7,2,5,1,0,1,16,15,2,13,1,0,1,66,65,32,33,1,0,1,24,23,7,16,1,1,0,39,38,17,21,1,0,1,49,49,20,29,0,0,0,10,7,4,3,3,2,1
S01010312,257,243,92,151,14,5,9,5,5,0,5,0,0,0,22,21,2,19,1,1,0,25,23,1,22,2,0,2,80,78,45,33,2,0,2,13,11,3,8,2,0,2,33,28,10,18,5,3,2,67,67,25,42,0,0,0,12,10,6,4,2,1,1
S01010313,210,196,61,135,14,5,9,0,0,0,0,0,0,0,16,15,1,14,1,0,1,11,8,0,8,3,0,3,65,64,31,33,1,0,1,18,17,0,17,1,1,0,23,21,4,17,2,1,1,58,57,21,36,1,0,1,19,14,4,10,5,3,2
S01010314,438,401,122,279,37,15,22,13,12,1,11,1,0,1,13,11,2,9,2,0,2,26,25,1,24,1,0,1,100,95,56,39,5,0,5,37,28,3,25,9,5,4,74,71,10,61,3,1,2,148,143,39,104,5,3,2,27,16,10,6,11,6,5
S01010315,412,382,104,278,30,9,21,3,3,0,3,0,0,0,18,17,1,16,1,0,1,27,23,1,22,4,0,4,96,88,37,51,8,2,6,28,24,1,23,4,2,2,59,55,10,45,4,2,2,159,154,47,107,5,2,3,22,18,7,11,4,1,3
S01010316,210,197,62,135,13,2,11,2,2,0,2,0,0,0,6,6,1,5,0,0,0,9,7,0,7,2,1,1,57,53,27,26,4,0,4,15,13,1,12,2,0,2,18,17,4,13,1,1,0,81,81,22,59,0,0,0,22,18,7,11,4,0,4
S01010317,455,397,105,292,58,18,40,4,4,0,4,0,0,0,11,11,0,11,0,0,0,17,11,2,9,6,3,3,90,84,41,43,6,1,5,34,23,4,19,11,1,10,99,90,6,84,9,3,6,164,150,40,110,14,5,9,36,24,12,12,12,5,7
S01010318,432,403,255,148,29,12,17,2,2,2,0,0,0,0,9,9,1,8,0,0,0,16,12,0,12,4,1,3,179,176,149,27,3,2,1,33,28,13,15,5,1,4,65,57,21,36,8,3,5,97,93,50,43,4,3,1,31,26,19,7,5,2,3
S01010319,406,373,83,290,33,11,22,6,5,0,5,1,0,1,23,21,1,20,2,2,0,12,10,1,9,2,1,1,83,76,35,41,7,1,6,38,31,4,27,7,1,6,84,76,9,67,8,2,6,146,144,30,114,2,2,0,14,10,3,7,4,2,2
S01010320,317,285,68,217,32,9,23,8,8,0,8,0,0,0,19,18,2,16,1,0,1,11,8,0,8,3,0,3,74,73,38,35,1,0,1,23,16,1,15,7,2,5,68,62,5,57,6,3,3,97,89,17,72,8,3,5,17,11,5,6,6,1,5
S01010321,386,359,99,260,27,10,17,8,8,0,8,0,0,0,14,14,2,12,0,0,0,25,23,2,21,2,1,1,88,84,36,48,4,1,3,33,24,6,18,9,3,6,67,62,7,55,5,1,4,133,128,39,89,5,3,2,18,16,7,9,2,1,1
S01010322,646,547,129,418,99,29,70,7,7,1,6,0,0,0,22,20,1,19,2,0,2,18,12,1,11,6,0,6,105,93,48,45,12,4,8,64,48,6,42,16,7,9,125,100,9,91,25,6,19,254,239,50,189,15,2,13,51,28,13,15,23,10,13
S01010323,178,173,65,108,5,3,2,1,1,0,1,0,0,0,14,14,2,12,0,0,0,7,6,1,5,1,0,1,41,41,19,22,0,0,0,18,17,6,11,1,0,1,35,33,13,20,2,2,0,51,50,20,30,1,1,0,11,11,4,7,0,0,0
S01010324,256,238,74,164,18,5,13,11,11,0,11,0,0,0,9,9,0,9,0,0,0,27,24,1,23,3,0,3,54,53,26,27,1,0,1,23,18,5,13,5,0,5,35,31,9,22,4,3,1,76,74,25,49,2,1,1,21,18,8,10,3,1,2
S01010325,283,263,81,182,20,8,12,6,6,0,6,0,0,0,17,17,1,16,0,0,0,27,24,0,24,3,0,3,61,60,26,34,1,1,0,32,26,5,21,6,1,5,40,35,11,24,5,2,3,91,88,36,52,3,3,0,9,7,2,5,2,1,1
S01010326,262,242,109,133,20,1,19,4,4,0,4,0,0,0,9,9,0,9,0,0,0,16,13,0,13,3,0,3,79,78,49,29,1,0,1,22,15,1,14,7,0,7,28,27,11,16,1,1,0,88,84,41,43,4,0,4,16,12,7,5,4,0,4
S01010327,383,350,118,232,33,4,29,6,6,0,6,0,0,0,19,18,1,17,1,0,1,26,23,2,21,3,0,3,93,85,37,48,8,1,7,23,14,2,12,9,1,8,54,51,14,37,3,0,3,132,130,53,77,2,2,0,30,23,9,14,7,0,7
S01010328,407,365,100,265,42,7,35,7,7,1,6,0,0,0,21,20,2,18,1,0,1,53,35,1,34,18,1,17,89,88,34,54,1,1,0,38,31,6,25,7,0,7,58,52,12,40,6,1,5,127,123,40,83,4,3,1,14,9,4,5,5,1,4
S01010329,242,213,57,156,29,8,21,3,1,0,1,2,0,2,15,12,1,11,3,1,2,11,8,0,8,3,1,2,56,51,19,32,5,1,4,29,22,4,18,7,3,4,36,33,3,30,3,0,3,79,76,27,49,3,1,2,13,10,3,7,3,1,2
S01010330,203,187,67,120,16,5,11,2,2,0,2,0,0,0,14,14,1,13,0,0,0,20,16,4,12,4,0,4,55,52,26,26,3,2,1,17,13,2,11,4,1,3,27,26,7,19,1,0,1,64,62,26,36,2,1,1,4,2,1,1,2,1,1
S01010331,313,297,86,211,16,4,12,4,4,0,4,0,0,0,24,23,3,20,1,0,1,32,28,0,28,4,0,4,61,56,22,34,5,1,4,19,17,2,15,2,2,0,35,33,6,27,2,0,2,118,118,45,73,0,0,0,20,18,8,10,2,1,1
S01010332,236,222,72,150,14,1,13,1,1,0,1,0,0,0,11,10,0,10,1,0,1,20,17,4,13,3,0,3,76,75,33,42,1,0,1,17,14,5,9,3,0,3,34,33,7,26,1,1,0,61,61,18,43,0,0,0,16,11,5,6,5,0,5
S01010333,388,353,112,241,35,11,24,15,15,1,14,0,0,0,21,20,6,14,1,1,0,34,26,2,24,8,0,8,102,93,45,48,9,4,5,34,26,6,20,8,1,7,35,34,8,26,1,1,0,124,123,39,84,1,1,0,23,16,5,11,7,3,4
S01010334,412,379,100,279,33,9,24,10,10,0,10,0,0,0,26,24,2,22,2,0,2,49,42,2,40,7,0,7,90,87,33,54,3,3,0,33,21,5,16,12,1,11,62,60,11,49,2,0,2,126,124,43,81,2,1,1,16,11,4,7,5,4,1
S01010335,264,242,78,164,22,8,14,3,3,0,3,0,0,0,15,15,3,12,0,0,0,27,22,1,21,5,0,5,73,71,32,39,2,0,2,19,14,2,12,5,4,1,41,39,10,29,2,1,1,69,68,25,43,1,0,1,17,10,5,5,7,3,4
S01010336,188,174,71,103,14,6,8,3,3,0,3,0,0,0,7,7,3,4,0,0,0,7,4,0,4,3,0,3,58,56,31,25,2,1,1,14,11,3,8,3,0,3,30,28,11,17,2,2,0,60,57,20,37,3,2,1,9,8,3,5,1,1,0
S01010337,246,236,83,153,10,5,5,1,1,0,1,0,0,0,16,15,1,14,1,0,1,21,20,1,19,1,0,1,68,66,35,31,2,2,0,20,16,6,10,4,1,3,28,27,8,19,1,1,0,82,82,29,53,0,0,0,10,9,3,6,1,1,0
S01010338,223,206,81,125,17,4,13,7,6,0,6,1,0,1,13,12,2,10,1,1,0,12,8,0,8,4,0,4,58,57,30,27,1,0,1,18,13,3,10,5,1,4,26,26,9,17,0,0,0,74,70,29,41,4,2,2,15,14,8,6,1,0,1
S01010339,226,210,67,143,16,4,12,6,5,0,5,1,0,1,13,11,1,10,2,1,1,19,16,4,12,3,0,3,51,50,20,30,1,1,0,18,15,2,13,3,0,3,35,33,6,27,2,1,1,78,74,31,43,4,1,3,6,6,3,3,0,0,0
S01010340,305,280,96,184,25,10,15,4,3,0,3,1,0,1,18,18,2,16,0,0,0,24,19,1,18,5,2,3,75,71,34,37,4,0,4,29,24,7,17,5,2,3,68,63,20,43,5,4,1,71,69,24,45,2,1,1,16,13,8,5,3,1,2
S01010341,257,237,71,166,20,6,14,9,9,0,9,0,0,0,12,11,2,9,1,0,1,24,19,0,19,5,0,5,60,56,28,28,4,1,3,29,20,3,17,9,5,4,25,25,7,18,0,0,0,84,83,26,57,1,0,1,14,14,5,9,0,0,0
S01010342,384,355,93,262,29,7,22,6,5,0,5,1,0,1,31,28,1,27,3,1,2,40,30,0,30,10,1,9,78,75,26,49,3,0,3,42,36,5,31,6,1,5,42,39,11,28,3,2,1,132,131,48,83,1,1,0,13,11,2,9,2,1,1
S01010343,564,513,123,390,51,19,32,12,12,0,12,0,0,0,41,38,3,35,3,2,1,62,50,5,45,12,2,10,109,105,46,59,4,3,1,61,46,6,40,15,3,12,86,79,11,68,7,3,4,173,166,44,122,7,4,3,20,17,8,9,3,2,1
S01010344,232,218,68,150,14,2,12,7,7,0,7,0,0,0,15,14,2,12,1,1,0,23,20,2,18,3,0,3,57,56,28,28,1,0,1,26,20,5,15,6,1,5,33,32,9,23,1,0,1,62,62,21,41,0,0,0,9,7,1,6,2,0,2
S01010345,253,217,62,155,36,8,28,8,7,0,7,1,1,0,21,20,2,18,1,0,1,27,18,2,16,9,0,9,42,36,16,20,6,1,5,26,23,7,16,3,1,2,39,32,11,21,7,1,6,75,70,23,47,5,3,2,15,11,1,10,4,1,3
S01010346,559,495,110,385,64,21,43,4,4,0,4,0,0,0,24,23,4,19,1,0,1,54,45,4,41,9,1,8,82,72,23,49,10,1,9,52,38,2,36,14,4,10,90,76,10,66,14,6,8,223,215,59,156,8,5,3,30,22,8,14,8,4,4
S01010347,399,364,137,227,35,8,27,6,6,0,6,0,0,0,19,17,1,16,2,1,1,24,14,2,12,10,4,6,122,116,67,49,6,1,5,31,22,3,19,9,2,7,72,71,21,50,1,0,1,105,103,39,64,2,0,2,20,15,4,11,5,0,5
S01010348,430,409,130,279,21,3,18,5,4,0,4,1,0,1,28,27,1,26,1,0,1,26,17,3,14,9,0,9,116,116,56,60,0,0,0,33,29,5,24,4,1,3,67,65,15,50,2,0,2,131,130,44,86,1,0,1,24,21,6,15,3,2,1
S01010349,361,340,104,236,21,4,17,10,10,1,9,0,0,0,23,22,1,21,1,0,1,28,22,1,21,6,0,6,89,84,39,45,5,1,4,27,23,7,16,4,1,3,49,48,10,38,1,1,0,113,112,41,71,1,0,1,22,19,4,15,3,1,2
S01010350,312,297,108,189,15,5,10,5,4,0,4,1,0,1,17,16,1,15,1,1,0,17,13,3,10,4,0,4,67,62,31,31,5,2,3,23,21,4,17,2,1,1,49,49,15,34,0,0,0,110,109,46,63,1,1,0,24,23,8,15,1,0,1
S01010351,405,374,117,257,31,6,25,4,4,0,4,0,0,0,16,15,0,15,1,0,1,32,25,0,25,7,0,7,101,95,47,48,6,1,5,25,22,4,18,3,1,2,53,51,14,37,2,0,2,145,140,43,97,5,2,3,29,22,9,13,7,2,5
S01010352,192,184,54,130,8,7,1,8,5,0,5,3,2,1,16,16,1,15,0,0,0,8,8,0,8,0,0,0,53,53,25,28,0,0,0,23,22,3,19,1,1,0,21,20,4,16,1,1,0,52,52,19,33,0,0,0,11,8,2,6,3,3,0
S01010353,252,231,72,159,21,8,13,5,5,0,5,0,0,0,6,5,0,5,1,0,1,21,18,0,18,3,1,2,75,70,40,30,5,2,3,21,19,3,16,2,0,2,44,39,5,34,5,3,2,70,66,22,44,4,2,2,10,9,2,7,1,0,1
S01010354,289,267,79,188,22,7,15,10,10,2,8,0,0,0,11,11,0,11,0,0,0,21,16,1,15,5,1,4,77,74,39,35,3,0,3,22,16,1,15,6,1,5,54,52,5,47,2,0,2,77,73,26,47,4,4,0,17,15,5,10,2,1,1
S01010355,319,293,93,200,26,8,18,6,5,0,5,1,0,1,14,14,1,13,0,0,0,32,30,2,28,2,0,2,94,89,39,50,5,2,3,20,18,4,14,2,0,2,53,41,9,32,12,4,8,85,83,27,56,2,2,0,15,13,11,2,2,0,2
S01010356,369,345,89,256,24,4,20,7,7,0,7,0,0,0,12,12,0,12,0,0,0,27,20,1,19,7,1,6,93,90,36,54,3,0,3,39,32,1,31,7,1,6,56,54,13,41,2,0,2,112,111,29,82,1,1,0,23,19,9,10,4,1,3
S01010357,217,206,60,146,11,4,7,1,1,0,1,0,0,0,7,6,0,6,1,0,1,11,11,1,10,0,0,0,50,49,22,27,1,1,0,20,16,3,13,4,0,4,40,38,6,32,2,0,2,77,75,20,55,2,2,0,11,10,8,2,1,1,0
S01010358,282,266,85,181,16,8,8,8,8,0,8,0,0,0,10,10,0,10,0,0,0,25,24,0,24,1,0,1,67,65,24,41,2,0,2,20,17,3,14,3,0,3,45,38,10,28,7,6,1,92,92,42,50,0,0,0,15,12,6,6,3,2,1
S01010359,238,213,89,124,25,5,20,3,3,1,2,0,0,0,11,10,1,9,1,0,1,14,11,1,10,3,0,3,74,73,42,31,1,1,0,21,14,6,8,7,0,7,43,39,13,26,4,2,2,53,49,19,30,4,2,2,19,14,6,8,5,0,5
S01010360,210,194,66,128,16,2,14,4,3,0,3,1,0,1,7,7,1,6,0,0,0,16,14,1,13,2,0,2,37,36,20,16,1,1,0,22,17,1,16,5,0,5,41,36,13,23,5,1,4,71,70,25,45,1,0,1,12,11,5,6,1,0,1
S01010361,184,172,70,102,12,5,7,4,3,0,3,1,1,0,4,2,0,2,2,0,2,4,3,0,3,1,0,1,54,52,25,27,2,2,0,18,16,6,10,2,1,1,49,46,24,22,3,0,3,43,43,12,31,0,0,0,8,7,3,4,1,1,0
S01010362,261,253,85,168,8,2,6,5,5,0,5,0,0,0,12,12,2,10,0,0,0,12,11,1,10,1,0,1,57,57,28,29,0,0,0,31,28,4,24,3,0,3,46,44,21,23,2,1,1,84,84,26,58,0,0,0,14,12,3,9,2,1,1
S01010363,415,362,81,281,53,17,36,8,7,0,7,1,1,0,18,16,2,14,2,0,2,20,12,1,11,8,0,8,69,60,28,32,9,1,8,39,35,1,34,4,2,2,70,57,8,49,13,4,9,172,164,38,126,8,6,2,19,11,3,8,8,3,5
S01010364,461,387,114,273,74,26,48,5,4,0,4,1,0,1,29,24,1,23,5,1,4,19,13,0,13,6,2,4,78,62,34,28,16,3,13,43,26,3,23,17,3,14,79,70,16,54,9,3,6,194,180,57,123,14,9,5,14,8,3,5,6,5,1
S01010365,556,434,92,342,122,32,90,5,4,2,2,1,0,1,25,23,1,22,2,1,1,13,9,1,8,4,1,3,91,65,29,36,26,10,16,64,44,8,36,20,4,16,118,81,12,69,37,6,31,207,189,36,153,18,5,13,33,19,3,16,14,5,9
S01010366,578,503,102,401,75,30,45,5,4,0,4,1,0,1,25,24,0,24,1,0,1,25,16,1,15,9,4,5,103,96,45,51,7,3,4,52,39,5,34,13,1,12,98,87,11,76,11,3,8,240,214,34,180,26,16,10,30,23,6,17,7,3,4
S01010367,625,538,183,355,87,30,57,5,5,1,4,0,0,0,29,26,6,20,3,0,3,17,15,0,15,2,0,2,128,117,79,38,11,3,8,46,38,5,33,8,1,7,130,90,19,71,40,16,24,231,220,62,158,11,6,5,39,27,11,16,12,4,8
S01010368,388,294,60,234,94,20,74,3,3,0,3,0,0,0,17,14,1,13,3,0,3,16,9,2,7,7,2,5,28,24,9,15,4,0,4,38,28,7,21,10,4,6,130,83,12,71,47,7,40,134,120,23,97,14,5,9,22,13,6,7,9,2,7
S01010369,473,414,104,310,59,21,38,6,4,1,3,2,0,2,19,12,1,11,7,4,3,9,5,0,5,4,1,3,89,81,44,37,8,3,5,36,29,6,23,7,1,6,88,80,8,72,8,2,6,196,179,36,143,17,9,8,30,24,8,16,6,1,5
S01010370,433,348,69,279,85,33,52,9,9,0,9,0,0,0,14,11,0,11,3,3,0,10,7,0,7,3,0,3,56,47,23,24,9,0,9,44,32,4,28,12,4,8,91,66,6,60,25,9,16,178,160,32,128,18,10,8,31,16,4,12,15,7,8
S01010371,565,469,113,356,96,32,64,6,6,0,6,0,0,0,27,23,4,19,4,0,4,10,6,0,6,4,0,4,90,82,45,37,8,1,7,47,34,4,30,13,5,8,142,114,16,98,28,9,19,199,179,32,147,20,8,12,44,25,12,13,19,9,10
S01010372,315,265,71,194,50,20,30,5,4,0,4,1,0,1,4,3,0,3,1,1,0,5,4,0,4,1,0,1,52,46,23,23,6,1,5,31,19,5,14,12,6,6,61,48,6,42,13,5,8,131,125,33,92,6,4,2,26,16,4,12,10,3,7
S01010373,429,364,80,284,65,15,50,8,7,1,6,1,1,0,11,9,1,8,2,0,2,16,13,1,12,3,0,3,68,63,28,35,5,1,4,57,42,9,33,15,1,14,75,57,9,48,18,2,16,168,157,27,130,11,6,5,26,16,4,12,10,4,6
S01010374,523,427,110,317,96,29,67,6,5,0,5,1,0,1,12,10,0,10,2,0,2,16,10,0,10,6,1,5,93,80,55,25,13,5,8,32,26,1,25,6,4,2,112,82,12,70,30,8,22,224,198,32,166,26,6,20,28,16,10,6,12,5,7
S01010375,222,199,96,103,23,9,14,5,3,0,3,2,1,1,4,3,0,3,1,0,1,3,1,0,1,2,1,1,75,67,60,7,8,2,6,22,20,4,16,2,1,1,32,27,8,19,5,2,3,68,67,17,50,1,0,1,13,11,7,4,2,2,0
S01010376,348,309,100,209,39,8,31,3,3,0,3,0,0,0,7,6,1,5,1,0,1,4,4,2,2,0,0,0,84,78,54,24,6,1,5,42,33,5,28,9,1,8,56,50,3,47,6,1,5,119,113,24,89,6,4,2,33,22,11,11,11,1,10
S01010377,386,330,143,187,56,25,31,3,3,1,2,0,0,0,11,10,1,9,1,1,0,14,12,2,10,2,1,1,100,96,75,21,4,2,2,25,16,3,13,9,5,4,58,52,11,41,6,0,6,132,118,33,85,14,8,6,43,23,17,6,20,8,12
S01010378,297,271,112,159,26,10,16,1,1,1,0,0,0,0,8,8,0,8,0,0,0,5,4,1,3,1,0,1,73,69,59,10,4,2,2,24,19,4,15,5,1,4,48,44,11,33,4,1,3,108,105,29,76,3,3,0,30,21,7,14,9,3,6
S01010379,456,401,170,231,55,19,36,6,6,0,6,0,0,0,5,5,1,4,0,0,0,7,5,2,3,2,0,2,136,130,102,28,6,1,5,30,22,4,18,8,2,6,64,52,13,39,12,6,6,168,152,37,115,16,5,11,40,29,11,18,11,5,6
S01010380,533,461,115,346,72,21,51,4,3,0,3,1,1,0,15,13,0,13,2,1,1,11,9,0,9,2,1,1,94,87,50,37,7,0,7,49,41,2,39,8,1,7,97,79,15,64,18,3,15,218,201,34,167,17,8,9,45,28,14,14,17,6,11
S01010381,348,318,77,241,30,10,20,5,5,0,5,0,0,0,17,17,1,16,0,0,0,9,6,0,6,3,0,3,72,72,46,26,0,0,0,31,28,3,25,3,0,3,67,61,7,54,6,2,4,122,118,15,103,4,1,3,25,11,5,6,14,7,7
S01010382,500,447,127,320,53,16,37,6,6,1,5,0,0,0,16,14,2,12,2,0,2,9,8,0,8,1,0,1,112,110,70,40,2,1,1,45,34,9,25,11,2,9,84,69,8,61,15,3,12,199,188,29,159,11,5,6,29,18,8,10,11,5,6
S01010383,285,256,93,163,29,9,20,2,2,0,2,0,0,0,11,10,1,9,1,0,1,19,15,2,13,4,2,2,74,72,40,32,2,1,1,22,18,4,14,4,1,3,41,33,10,23,8,2,6,86,84,28,56,2,0,2,30,22,8,14,8,3,5
S01010384,497,442,89,353,55,10,45,12,12,0,12,0,0,0,19,18,2,16,1,0,1,18,14,1,13,4,0,4,93,88,48,40,5,2,3,50,40,2,38,10,0,10,93,79,6,73,14,2,12,175,170,24,146,5,3,2,37,21,6,15,16,3,13
S01010385,443,383,99,284,60,25,35,3,3,1,2,0,0,0,18,16,3,13,2,0,2,16,12,0,12,4,0,4,77,69,31,38,8,4,4,37,29,3,26,8,3,5,82,71,11,60,11,4,7,165,157,42,115,8,4,4,45,26,8,18,19,10,9
S01010386,409,368,95,273,41,15,26,6,6,1,5,0,0,0,20,18,1,17,2,0,2,19,14,1,13,5,1,4,99,97,49,48,2,1,1,35,30,6,24,5,2,3,74,67,6,61,7,5,2,114,106,22,84,8,2,6,42,30,9,21,12,4,8
S01010387,588,541,115,426,47,12,35,11,9,0,9,2,0,2,18,17,0,17,1,1,0,29,21,2,19,8,2,6,128,125,54,71,3,1,2,50,41,8,33,9,1,8,132,120,18,102,12,4,8,185,180,20,160,5,1,4,35,28,13,15,7,2,5
S01010388,489,452,129,323,37,13,24,5,5,0,5,0,0,0,23,23,3,20,0,0,0,28,24,0,24,4,1,3,101,90,49,41,11,6,5,38,31,5,26,7,1,6,87,83,14,69,4,2,2,178,174,48,126,4,2,2,29,22,10,12,7,1,6
S01010389,696,623,77,546,73,13,60,6,6,1,5,0,0,0,43,40,2,38,3,1,2,31,23,0,23,8,1,7,101,93,28,65,8,1,7,81,74,7,67,7,1,6,143,120,8,112,23,3,20,257,246,20,226,11,1,10,34,21,11,10,13,5,8
S01010390,721,664,118,546,57,16,41,11,10,0,10,1,1,0,29,24,2,22,5,0,5,26,18,1,17,8,1,7,131,127,40,87,4,1,3,64,57,6,51,7,2,5,154,139,8,131,15,2,13,259,249,46,203,10,6,4,47,40,15,25,7,3,4
S01010391,503,461,82,379,42,13,29,5,5,0,5,0,0,0,19,15,0,15,4,1,3,28,24,0,24,4,2,2,94,88,38,50,6,3,3,59,49,5,44,10,0,10,84,76,10,66,8,2,6,197,191,26,165,6,3,3,17,13,3,10,4,2,2
S01010392,489,414,54,360,75,7,68,5,4,0,4,1,0,1,27,25,0,25,2,0,2,15,10,0,10,5,0,5,75,70,23,47,5,0,5,50,36,4,32,14,1,13,129,103,8,95,26,2,24,166,154,13,141,12,1,11,22,12,6,6,10,3,7
S01010393,634,566,118,448,68,14,54,8,7,0,7,1,0,1,22,22,0,22,0,0,0,20,12,1,11,8,1,7,136,128,53,75,8,3,5,55,44,5,39,11,1,10,134,121,13,108,13,5,8,221,206,39,167,15,2,13,38,26,7,19,12,2,10
S01010394,309,271,73,198,38,10,28,2,2,0,2,0,0,0,10,9,0,9,1,0,1,12,7,1,6,5,1,4,58,54,28,26,4,0,4,33,23,2,21,10,0,10,57,49,10,39,8,5,3,118,113,25,88,5,2,3,19,14,7,7,5,2,3
S01010395,538,502,100,402,36,6,30,9,9,2,7,0,0,0,35,35,0,35,0,0,0,19,10,0,10,9,1,8,97,91,33,58,6,2,4,54,48,4,44,6,0,6,99,92,12,80,7,0,7,194,189,38,151,5,1,4,31,28,11,17,3,2,1
S01010396,533,474,120,354,59,13,46,6,6,1,5,0,0,0,30,26,1,25,4,1,3,20,19,0,19,1,0,1,106,101,64,37,5,2,3,58,46,4,42,12,1,11,102,88,7,81,14,1,13,181,173,38,135,8,3,5,30,15,5,10,15,5,10
S01010397,320,275,62,213,45,7,38,8,8,0,8,0,0,0,12,11,0,11,1,0,1,11,5,0,5,6,1,5,51,47,29,18,4,1,3,28,23,4,19,5,0,5,60,50,4,46,10,1,9,136,123,21,102,13,2,11,14,8,4,4,6,2,4
S01010398,648,558,101,457,90,29,61,13,13,0,13,0,0,0,22,20,0,20,2,0,2,14,8,0,8,6,0,6,107,91,37,54,16,4,12,41,29,4,25,12,5,7,165,140,12,128,25,8,17,256,237,43,194,19,6,13,30,20,5,15,10,6,4
S01010399,735,661,119,542,74,25,49,8,7,0,7,1,0,1,31,30,5,25,1,0,1,15,15,0,15,0,0,0,91,86,44,42,5,0,5,63,51,7,44,12,4,8,177,153,14,139,24,5,19,312,293,41,252,19,8,11,38,26,8,18,12,8,4
S01010400,629,524,108,416,105,37,68,7,7,0,7,0,0,0,17,14,0,14,3,1,2,17,15,1,14,2,2,0,114,103,49,54,11,1,10,61,43,4,39,18,5,13,113,81,10,71,32,7,25,265,236,36,200,29,16,13,35,25,8,17,10,5,5
S01010401,366,303,64,239,63,17,46,3,2,0,2,1,0,1,11,11,0,11,0,0,0,11,8,1,7,3,0,3,53,50,31,19,3,0,3,29,18,4,14,11,3,8,90,70,7,63,20,5,15,137,122,15,107,15,5,10,32,22,6,16,10,4,6
S01010402,627,536,98,438,91,22,69,5,5,1,4,0,0,0,25,20,0,20,5,1,4,16,11,0,11,5,2,3,95,85,45,40,10,0,10,42,37,4,33,5,3,2,150,115,5,110,35,7,28,267,244,37,207,23,8,15,27,19,6,13,8,1,7
S01010403,577,484,96,388,93,26,67,11,10,0,10,1,1,0,24,22,4,18,2,1,1,22,19,0,19,3,0,3,64,52,23,29,12,2,10,46,37,6,31,9,0,9,131,96,18,78,35,10,25,250,226,36,190,24,10,14,29,22,9,13,7,2,5
S01010404,447,335,76,259,112,23,89,8,7,1,6,1,0,1,19,15,3,12,4,0,4,17,8,0,8,9,1,8,59,43,16,27,16,3,13,48,33,6,27,15,2,13,111,75,14,61,36,6,30,147,135,33,102,12,4,8,38,19,3,16,19,7,12
S01010405,485,396,80,316,89,24,65,2,2,0,2,0,0,0,16,12,2,10,4,1,3,18,13,1,12,5,1,4,59,50,15,35,9,3,6,45,32,11,21,13,2,11,105,79,11,68,26,5,21,219,195,36,159,24,10,14,21,13,4,9,8,2,6
S01010406,495,404,100,304,91,30,61,5,4,0,4,1,0,1,21,19,3,16,2,1,1,13,11,0,11,2,0,2,89,77,41,36,12,2,10,42,32,5,27,10,3,7,115,84,9,75,31,5,26,181,158,33,125,23,13,10,29,19,9,10,10,6,4
S01010407,424,372,125,247,52,16,36,9,8,2,6,1,0,1,20,18,1,17,2,0,2,10,9,0,9,1,0,1,110,108,76,32,2,0,2,35,30,7,23,5,0,5,70,58,8,50,12,4,8,143,128,24,104,15,6,9,27,13,7,6,14,6,8
S01010408,233,201,46,155,32,10,22,7,4,0,4,3,1,2,16,12,2,10,4,0,4,9,4,0,4,5,1,4,35,31,13,18,4,0,4,12,10,2,8,2,1,1,42,39,7,32,3,2,1,102,95,19,76,7,3,4,10,6,3,3,4,2,2
S01010409,329,274,92,182,55,13,42,5,4,0,4,1,0,1,13,13,0,13,0,0,0,9,6,0,6,3,0,3,70,52,33,19,18,5,13,30,18,3,15,12,0,12,50,40,7,33,10,1,9,140,131,43,88,9,6,3,12,10,6,4,2,1,1
S01010410,302,260,65,195,42,8,34,8,8,2,6,0,0,0,25,24,2,22,1,0,1,18,15,1,14,3,0,3,41,32,15,17,9,1,8,19,14,2,12,5,2,3,58,45,9,36,13,2,11,125,117,33,84,8,2,6,8,5,1,4,3,1,2
S01010411,509,423,134,289,86,23,63,7,7,1,6,0,0,0,20,17,1,16,3,1,2,19,16,2,14,3,1,2,67,55,35,20,12,1,11,41,33,6,27,8,2,6,106,80,18,62,26,5,21,219,194,65,129,25,11,14,30,21,6,15,9,2,7
S01010412,490,423,70,353,67,13,54,10,7,1,6,3,1,2,20,18,1,17,2,0,2,8,8,0,8,0,0,0,56,53,22,31,3,1,2,47,38,5,33,9,0,9,109,93,9,84,16,2,14,205,182,24,158,23,6,17,35,24,8,16,11,3,8
S01010413,302,242,54,188,60,18,42,4,3,0,3,1,0,1,5,5,3,2,0,0,0,11,10,0,10,1,0,1,43,33,12,21,10,3,7,22,16,3,13,6,2,4,71,51,5,46,20,3,17,129,113,28,85,16,9,7,17,11,3,8,6,1,5
S01010414,512,440,103,337,72,24,48,5,5,0,5,0,0,0,15,13,1,12,2,1,1,25,22,1,21,3,1,2,66,58,27,31,8,2,6,54,43,3,40,11,1,10,111,88,20,68,23,10,13,218,199,48,151,19,5,14,18,12,3,9,6,4,2
S01010415,434,369,109,260,65,16,49,6,6,1,5,0,0,0,17,15,1,14,2,0,2,21,13,3,10,8,1,7,95,85,40,45,10,2,8,48,36,5,31,12,0,12,69,55,7,48,14,4,10,153,140,42,98,13,8,5,25,19,10,9,6,1,5
S01010416,355,295,70,225,60,19,41,7,7,0,7,0,0,0,12,12,1,11,0,0,0,17,11,1,10,6,1,5,55,41,19,22,14,2,12,27,19,5,14,8,3,5,72,55,12,43,17,5,12,145,136,26,110,9,6,3,20,14,6,8,6,2,4
S01010417,327,286,69,217,41,12,29,4,3,0,3,1,1,0,13,12,0,12,1,1,0,8,6,1,5,2,1,1,40,37,20,17,3,1,2,19,15,5,10,4,1,3,67,54,10,44,13,1,12,149,141,32,109,8,4,4,27,18,1,17,9,2,7
S01010418,657,551,90,461,106,25,81,9,6,0,6,3,0,3,24,21,1,20,3,0,3,19,17,2,15,2,0,2,64,53,16,37,11,0,11,53,40,2,38,13,2,11,173,131,11,120,42,13,29,272,253,53,200,19,5,14,43,30,5,25,13,5,8
S01010419,559,479,102,377,80,21,59,7,5,0,5,2,0,2,24,22,2,20,2,0,2,14,11,1,10,3,1,2,56,50,21,29,6,0,6,49,38,3,35,11,3,8,125,102,14,88,23,8,15,251,231,52,179,20,6,14,33,20,9,11,13,3,10
S01010420,314,267,81,186,47,12,35,2,2,0,2,0,0,0,6,4,1,3,2,1,1,16,12,0,12,4,0,4,60,51,31,20,9,3,6,35,26,4,22,9,2,7,54,41,10,31,13,2,11,130,123,34,89,7,3,4,11,8,1,7,3,1,2
S01010421,425,360,92,268,65,19,46,6,6,1,5,0,0,0,12,12,1,11,0,0,0,18,15,1,14,3,1,2,58,54,29,25,4,0,4,31,22,1,21,9,4,5,92,67,8,59,25,6,19,185,170,50,120,15,5,10,23,14,1,13,9,3,6
S01010422,509,446,122,324,63,18,45,3,3,0,3,0,0,0,23,19,1,18,4,1,3,32,22,7,15,10,3,7,82,70,42,28,12,2,10,38,27,3,24,11,4,7,93,83,13,70,10,1,9,212,204,50,154,8,4,4,26,18,6,12,8,3,5
S01010423,357,336,89,247,21,5,16,2,2,0,2,0,0,0,26,26,2,24,0,0,0,29,24,2,22,5,0,5,68,65,36,29,3,1,2,29,25,4,21,4,1,3,55,54,10,44,1,0,1,132,128,31,97,4,2,2,16,12,4,8,4,1,3
S01010424,339,316,100,216,23,11,12,4,4,1,3,0,0,0,18,18,2,16,0,0,0,18,15,2,13,3,2,1,70,68,37,31,2,1,1,25,20,0,20,5,2,3,65,62,15,47,3,1,2,114,112,36,76,2,1,1,25,17,7,10,8,4,4
S01010425,458,423,132,291,35,12,23,7,7,1,6,0,0,0,33,32,5,27,1,0,1,30,21,1,20,9,2,7,113,105,58,47,8,1,7,25,25,3,22,0,0,0,69,63,9,54,6,5,1,162,155,47,108,7,2,5,19,15,8,7,4,2,2
S01010426,345,323,70,253,22,9,13,3,3,0,3,0,0,0,24,22,1,21,2,1,1,21,16,0,16,5,1,4,62,62,28,34,0,0,0,26,24,0,24,2,1,1,60,54,5,49,6,4,2,128,127,32,95,1,1,0,21,15,4,11,6,1,5
S01010427,314,276,82,194,38,5,33,5,5,0,5,0,0,0,27,23,5,18,4,0,4,23,16,3,13,7,0,7,59,57,24,33,2,1,1,33,22,3,19,11,1,10,49,43,12,31,6,1,5,109,104,34,70,5,2,3,9,6,1,5,3,0,3
S01010428,340,303,83,220,37,8,29,7,6,1,5,1,0,1,15,13,0,13,2,0,2,16,12,2,10,4,1,3,50,49,27,22,1,0,1,38,29,5,24,9,1,8,68,57,14,43,11,3,8,131,125,30,95,6,2,4,15,12,4,8,3,1,2
S01010429,526,470,125,345,56,15,41,5,5,1,4,0,0,0,24,22,2,20,2,0,2,22,13,0,13,9,1,8,60,55,32,23,5,2,3,52,40,7,33,12,2,10,91,80,17,63,11,2,9,245,234,62,172,11,5,6,27,21,4,17,6,3,3
S01010430,327,298,112,186,29,13,16,1,1,0,1,0,0,0,26,26,4,22,0,0,0,20,12,0,12,8,4,4,94,91,44,47,3,1,2,32,24,3,21,8,2,6,49,42,15,27,7,3,4,91,89,41,48,2,2,0,14,13,5,8,1,1,0
S01010431,358,306,72,234,52,18,34,4,4,0,4,0,0,0,22,20,1,19,2,0,2,20,16,1,15,4,0,4,47,37,18,19,10,5,5,30,20,0,20,10,2,8,59,46,10,36,13,5,8,149,144,37,107,5,3,2,27,19,5,14,8,3,5
S01010432,391,368,86,282,23,4,19,7,7,0,7,0,0,0,18,18,0,18,0,0,0,34,26,2,24,8,1,7,93,84,38,46,9,1,8,33,30,3,27,3,0,3,57,57,10,47,0,0,0,134,133,28,105,1,0,1,15,13,5,8,2,2,0
S01010433,206,184,88,96,22,12,10,1,0,0,0,1,0,1,13,13,1,12,0,0,0,10,6,1,5,4,1,3,82,76,50,26,6,2,4,18,11,2,9,7,7,0,24,21,8,13,3,1,2,47,47,20,27,0,0,0,11,10,6,4,1,1,0
S01010434,235,220,74,146,15,2,13,5,5,0,5,0,0,0,21,21,2,19,0,0,0,19,16,4,12,3,0,3,53,50,26,24,3,1,2,22,16,5,11,6,0,6,38,38,12,26,0,0,0,61,59,18,41,2,1,1,16,15,7,8,1,0,1
S01010435,277,261,78,183,16,7,9,4,4,0,4,0,0,0,24,24,0,24,0,0,0,21,18,3,15,3,0,3,61,56,26,30,5,3,2,23,21,5,16,2,0,2,33,32,8,24,1,0,1,94,92,31,61,2,2,0,17,14,5,9,3,2,1
S01010436,329,299,92,207,30,10,20,8,8,1,7,0,0,0,21,20,0,20,1,1,0,21,13,0,13,8,0,8,85,77,41,36,8,3,5,26,24,4,20,2,0,2,36,35,10,25,1,1,0,109,105,31,74,4,2,2,23,17,5,12,6,3,3
S01010437,222,207,63,144,15,8,7,3,3,0,3,0,0,0,16,16,0,16,0,0,0,13,13,1,12,0,0,0,42,38,16,22,4,2,2,25,19,4,15,6,4,2,36,36,16,20,0,0,0,76,74,23,51,2,1,1,11,8,3,5,3,1,2
S01010438,327,307,87,220,20,6,14,4,4,0,4,0,0,0,28,25,3,22,3,1,2,28,20,1,19,8,3,5,78,77,30,47,1,0,1,23,19,2,17,4,1,3,37,35,8,27,2,0,2,117,116,36,80,1,1,0,12,11,7,4,1,0,1
S01010439,484,461,89,372,23,7,16,10,10,3,7,0,0,0,23,23,3,20,0,0,0,47,40,2,38,7,1,6,84,81,28,53,3,1,2,37,34,2,32,3,1,2,101,94,20,74,7,3,4,154,152,27,125,2,1,1,28,27,4,23,1,0,1
S01010440,238,221,58,163,17,8,9,2,2,1,1,0,0,0,15,14,1,13,1,0,1,26,21,2,19,5,0,5,41,40,17,23,1,0,1,23,19,2,17,4,4,0,27,25,5,20,2,2,0,96,93,27,66,3,1,2,8,7,3,4,1,1,0
S01010441,532,507,86,421,25,7,18,6,6,2,4,0,0,0,34,34,3,31,0,0,0,40,30,0,30,10,2,8,106,102,34,68,4,1,3,35,33,1,32,2,1,1,109,105,13,92,4,1,3,181,179,28,151,2,1,1,21,18,5,13,3,1,2
S01010442,392,366,111,255,26,7,19,2,2,0,2,0,0,0,31,30,6,24,1,0,1,28,22,4,18,6,1,5,86,81,46,35,5,3,2,32,31,1,30,1,0,1,75,72,12,60,3,0,3,115,110,33,77,5,2,3,23,18,9,9,5,1,4
S01010443,240,215,67,148,25,4,21,3,3,0,3,0,0,0,16,13,1,12,3,0,3,19,13,0,13,6,1,5,60,57,26,31,3,0,3,17,12,1,11,5,0,5,34,31,9,22,3,3,0,78,77,27,50,1,0,1,13,9,3,6,4,0,4
S01010444,262,238,78,160,24,9,15,2,2,1,1,0,0,0,16,14,3,11,2,0,2,18,15,0,15,3,0,3,54,49,24,25,5,3,2,26,22,4,18,4,1,3,31,29,3,26,2,1,1,97,91,32,59,6,3,3,18,16,11,5,2,1,1
S01010445,306,276,65,211,30,7,23,9,9,2,7,0,0,0,17,16,2,14,1,0,1,41,28,1,27,13,3,10,60,54,22,32,6,3,3,21,16,1,15,5,0,5,39,38,5,33,1,0,1,102,101,28,73,1,1,0,17,14,4,10,3,0,3
S01010446,403,353,107,246,50,10,40,13,11,2,9,2,1,1,33,29,0,29,4,2,2,36,23,2,21,13,0,13,84,77,40,37,7,2,5,32,23,2,21,9,1,8,49,44,12,32,5,1,4,134,129,42,87,5,2,3,22,17,7,10,5,1,4
S01010447,349,321,89,232,28,9,19,6,6,0,6,0,0,0,25,25,2,23,0,0,0,32,25,1,24,7,2,5,78,75,32,43,3,1,2,29,21,1,20,8,3,5,48,44,15,29,4,3,1,116,112,36,76,4,0,4,15,13,2,11,2,0,2
S01010448,400,366,111,255,34,9,25,3,3,0,3,0,0,0,19,19,1,18,0,0,0,32,26,3,23,6,1,5,88,79,38,41,9,2,7,41,30,1,29,11,3,8,63,61,14,47,2,0,2,143,140,49,91,3,2,1,11,8,5,3,3,1,2
S01010449,293,275,73,202,18,3,15,4,4,1,3,0,0,0,21,20,2,18,1,0,1,26,19,1,18,7,1,6,57,53,22,31,4,0,4,26,24,2,22,2,1,1,39,38,11,27,1,0,1,108,105,31,74,3,1,2,12,12,3,9,0,0,0
S01010450,318,299,78,221,19,3,16,8,8,0,8,0,0,0,26,24,3,21,2,0,2,26,16,0,16,10,1,9,60,60,23,37,0,0,0,16,14,2,12,2,0,2,42,40,5,35,2,1,1,120,118,40,78,2,1,1,20,19,5,14,1,0,1
S01010451,281,255,86,169,26,4,22,2,2,0,2,0,0,0,20,18,1,17,2,1,1,21,16,1,15,5,1,4,59,53,29,24,6,0,6,27,23,3,20,4,1,3,39,36,13,23,3,1,2,102,96,35,61,6,0,6,11,11,4,7,0,0,0
S01010452,328,311,82,229,17,5,12,4,4,0,4,0,0,0,20,20,0,20,0,0,0,27,21,1,20,6,1,5,62,59,23,36,3,1,2,27,24,3,21,3,0,3,54,54,14,40,0,0,0,117,114,35,79,3,2,1,17,15,6,9,2,1,1
S01010453,234,210,70,140,24,6,18,4,4,0,4,0,0,0,18,16,1,15,2,1,1,20,13,0,13,7,1,6,50,46,24,22,4,1,3,20,18,3,15,2,1,1,48,43,16,27,5,2,3,61,60,18,42,1,0,1,13,10,8,2,3,0,3
S01010454,328,304,83,221,24,5,19,12,11,0,11,1,0,1,22,21,0,21,1,1,0,25,19,1,18,6,0,6,55,54,22,32,1,0,1,22,18,3,15,4,0,4,60,59,12,47,1,0,1,110,106,38,68,4,3,1,22,16,7,9,6,1,5
S01010455,302,276,84,192,26,8,18,7,7,0,7,0,0,0,22,21,2,19,1,0,1,28,22,6,16,6,1,5,61,57,29,28,4,0,4,18,10,3,7,8,2,6,52,50,7,43,2,1,1,100,97,31,66,3,2,1,14,12,6,6,2,2,0
S01010456,228,209,53,156,19,2,17,3,3,1,2,0,0,0,24,24,2,22,0,0,0,21,15,0,15,6,1,5,37,34,7,27,3,0,3,16,13,0,13,3,1,2,32,29,8,21,3,0,3,82,82,31,51,0,0,0,13,9,4,5,4,0,4
S01010457,243,211,58,153,32,10,22,4,4,2,2,0,0,0,14,10,0,10,4,0,4,12,10,0,10,2,0,2,51,44,19,25,7,2,5,23,19,0,19,4,2,2,49,42,15,27,7,3,4,83,79,21,58,4,1,3,7,3,1,2,4,2,2
S01010458,252,234,74,160,18,6,12,6,6,0,6,0,0,0,16,16,2,14,0,0,0,18,14,2,12,4,0,4,44,42,30,12,2,1,1,20,16,1,15,4,1,3,45,42,12,30,3,2,1,88,86,23,63,2,1,1,15,12,4,8,3,1,2
S01010459,197,175,45,130,22,2,20,3,2,0,2,1,0,1,13,11,2,9,2,0,2,15,7,1,6,8,0,8,46,44,19,25,2,0,2,19,16,1,15,3,0,3,26,23,3,20,3,1,2,68,65,15,50,3,1,2,7,7,4,3,0,0,0
S01010460,384,316,54,262,68,12,56,7,6,0,6,1,0,1,22,18,1,17,4,0,4,21,14,1,13,7,1,6,68,61,21,40,7,0,7,35,23,0,23,12,1,11,68,59,9,50,9,2,7,144,127,21,106,17,4,13,19,8,1,7,11,4,7
S01010461,245,225,62,163,20,8,12,1,1,0,1,0,0,0,9,9,1,8,0,0,0,20,15,0,15,5,0,5,51,46,21,25,5,3,2,28,21,2,19,7,3,4,44,44,11,33,0,0,0,86,84,25,59,2,2,0,6,5,2,3,1,0,1
S01010462,187,167,79,88,20,5,15,4,4,0,4,0,0,0,12,12,3,9,0,0,0,12,8,0,8,4,0,4,62,58,34,24,4,2,2,10,4,2,2,6,0,6,37,34,18,16,3,1,2,39,37,17,20,2,1,1,11,10,5,5,1,1,0
S01010463,350,303,81,222,47,14,33,5,4,0,4,1,0,1,14,13,2,11,1,0,1,28,22,0,22,6,2,4,62,59,29,30,3,2,1,42,28,4,24,14,1,13,45,39,9,30,6,1,5,136,130,35,95,6,1,5,18,8,2,6,10,7,3
S01010464,237,210,49,161,27,11,16,9,8,0,8,1,0,1,16,15,0,15,1,1,0,12,7,0,7,5,0,5,43,42,14,28,1,1,0,14,6,2,4,8,2,6,31,27,3,24,4,3,1,98,94,26,68,4,4,0,14,11,4,7,3,0,3
S01010465,572,534,127,407,38,8,30,6,5,0,5,1,0,1,22,22,1,21,0,0,0,30,26,2,24,4,0,4,101,96,34,62,5,0,5,45,38,10,28,7,0,7,96,91,17,74,5,2,3,244,236,55,181,8,5,3,28,20,8,12,8,1,7
S01010466,531,475,82,393,56,17,39,5,5,1,4,0,0,0,31,30,4,26,1,0,1,26,17,0,17,9,0,9,83,72,23,49,11,5,6,32,25,3,22,7,4,3,114,104,10,94,10,2,8,208,200,37,163,8,4,4,32,22,4,18,10,2,8
S01010467,356,310,69,241,46,13,33,4,3,0,3,1,0,1,19,14,1,13,5,0,5,15,12,1,11,3,1,2,56,48,25,23,8,2,6,29,22,3,19,7,1,6,69,60,7,53,9,1,8,147,141,30,111,6,5,1,17,10,2,8,7,3,4
S01010468,492,431,127,304,61,16,45,4,4,0,4,0,0,0,23,18,0,18,5,0,5,15,12,1,11,3,1,2,117,104,58,46,13,2,11,45,37,4,33,8,0,8,95,83,13,70,12,6,6,168,156,42,114,12,5,7,25,17,9,8,8,2,6
S01010469,273,259,38,221,14,7,7,2,2,0,2,0,0,0,17,16,0,16,1,0,1,12,5,0,5,7,3,4,38,38,13,25,0,0,0,20,19,0,19,1,1,0,49,47,4,43,2,0,2,122,119,18,101,3,3,0,13,13,3,10,0,0,0
S01010470,332,296,85,211,36,13,23,5,5,0,5,0,0,0,18,16,1,15,2,0,2,22,17,1,16,5,0,5,60,51,22,29,9,3,6,27,22,6,16,5,2,3,54,47,10,37,7,2,5,129,125,41,84,4,3,1,17,13,4,9,4,3,1
S01010471,256,240,88,152,16,5,11,4,4,1,3,0,0,0,14,14,0,14,0,0,0,18,17,3,14,1,0,1,54,50,32,18,4,1,3,29,24,2,22,5,0,5,39,37,11,26,2,1,1,85,84,34,50,1,0,1,13,10,5,5,3,3,0
S01010472,322,300,43,257,22,8,14,6,6,0,6,0,0,0,19,18,1,17,1,0,1,22,19,0,19,3,0,3,45,42,13,29,3,0,3,29,24,0,24,5,1,4,66,64,5,59,2,2,0,115,112,19,93,3,2,1,20,15,5,10,5,3,2
S01010473,407,382,83,299,25,8,17,3,2,0,2,1,1,0,22,19,1,18,3,0,3,23,21,4,17,2,1,1,81,75,28,47,6,2,4,30,28,6,22,2,0,2,76,73,13,60,3,0,3,150,145,28,117,5,3,2,22,19,3,16,3,1,2
S01010474,432,387,104,283,45,11,34,9,9,0,9,0,0,0,26,24,1,23,2,0,2,23,12,0,12,11,1,10,89,86,40,46,3,2,1,36,27,4,23,9,2,7,59,52,13,39,7,2,5,161,152,35,117,9,4,5,29,25,11,14,4,0,4
S01010475,435,403,41,362,32,9,23,13,13,1,12,0,0,0,21,19,0,19,2,1,1,20,17,0,17,3,0,3,66,63,14,49,3,0,3,37,33,0,33,4,1,3,105,100,6,94,5,1,4,149,140,18,122,9,3,6,24,18,2,16,6,3,3
S01010476,458,416,82,334,42,6,36,4,3,0,3,1,0,1,18,18,0,18,0,0,0,31,23,1,22,8,0,8,83,75,30,45,8,0,8,37,31,8,23,6,1,5,85,79,10,69,6,0,6,179,170,28,142,9,2,7,21,17,5,12,4,3,1
S01010477,339,312,80,232,27,9,18,5,5,0,5,0,0,0,21,15,5,10,6,2,4,33,29,2,27,4,0,4,60,55,29,26,5,2,3,22,20,3,17,2,0,2,63,58,6,52,5,3,2,125,123,33,90,2,2,0,10,7,2,5,3,0,3
S01010478,416,374,105,269,42,22,20,4,4,0,4,0,0,0,12,12,1,11,0,0,0,41,32,0,32,9,5,4,100,94,42,52,6,5,1,36,27,5,22,9,3,6,63,61,11,50,2,2,0,137,131,41,90,6,5,1,23,13,5,8,10,2,8
S01010479,416,393,110,283,23,8,15,7,7,1,6,0,0,0,20,19,0,19,1,1,0,42,33,2,31,9,3,6,78,78,37,41,0,0,0,27,21,2,19,6,0,6,56,54,14,40,2,0,2,177,172,53,119,5,4,1,9,9,1,8,0,0,0
S01010480,234,211,54,157,23,7,16,6,6,0,6,0,0,0,18,17,0,17,1,1,0,19,10,3,7,9,1,8,47,45,16,29,2,0,2,16,9,0,9,7,1,6,29,28,6,22,1,1,0,95,92,29,63,3,3,0,4,4,0,4,0,0,0
S01010481,205,188,66,122,17,5,12,3,3,0,3,0,0,0,13,12,1,11,1,1,0,13,10,2,8,3,2,1,60,53,26,27,7,2,5,18,13,3,10,5,0,5,33,32,9,23,1,0,1,55,55,19,36,0,0,0,10,10,6,4,0,0,0
S01010482,323,295,76,219,28,7,21,4,4,1,3,0,0,0,22,22,0,22,0,0,0,23,17,0,17,6,1,5,72,65,31,34,7,1,6,32,25,4,21,7,2,5,48,46,11,35,2,1,1,106,103,23,80,3,1,2,16,13,6,7,3,1,2
S01010483,440,397,95,302,43,11,32,10,9,1,8,1,1,0,25,24,1,23,1,1,0,40,29,0,29,11,2,9,71,68,29,39,3,2,1,38,29,4,25,9,1,8,69,60,11,49,9,0,9,167,160,44,116,7,4,3,20,18,5,13,2,0,2
S01010484,246,227,59,168,19,4,15,0,0,0,0,0,0,0,8,8,0,8,0,0,0,21,13,0,13,8,0,8,49,48,21,27,1,0,1,22,18,2,16,4,1,3,41,39,6,33,2,1,1,96,93,28,65,3,2,1,9,8,2,6,1,0,1
S01010485,432,390,91,299,42,10,32,8,8,0,8,0,0,0,42,35,3,32,7,0,7,40,31,1,30,9,1,8,71,67,26,41,4,1,3,32,24,5,19,8,4,4,51,46,6,40,5,1,4,162,158,45,113,4,2,2,26,21,5,16,5,1,4
S01010486,495,431,110,321,64,12,52,9,8,2,6,1,1,0,41,38,1,37,3,0,3,60,41,2,39,19,1,18,82,72,34,38,10,3,7,29,18,1,17,11,0,11,72,64,15,49,8,3,5,174,170,45,125,4,1,3,28,20,10,10,8,3,5
S01010487,436,405,102,303,31,3,28,6,6,0,6,0,0,0,23,23,0,23,0,0,0,42,35,0,35,7,0,7,89,87,38,49,2,0,2,45,38,3,35,7,1,6,56,53,10,43,3,0,3,155,148,43,105,7,1,6,20,15,8,7,5,1,4
S01010488,281,265,94,171,16,4,12,3,3,0,3,0,0,0,15,15,2,13,0,0,0,28,22,1,21,6,1,5,68,65,33,32,3,0,3,22,19,5,14,3,0,3,38,35,7,28,3,2,1,81,80,34,46,1,1,0,26,26,12,14,0,0,0
S01010489,381,360,117,243,21,2,19,9,9,1,8,0,0,0,24,23,2,21,1,0,1,29,21,1,20,8,0,8,94,93,47,46,1,0,1,28,23,1,22,5,0,5,55,54,19,35,1,1,0,126,122,37,85,4,1,3,16,15,9,6,1,0,1
S01010490,224,210,70,140,14,4,10,1,1,0,1,0,0,0,8,8,0,8,0,0,0,23,18,0,18,5,0,5,62,57,35,22,5,2,3,16,14,3,11,2,1,1,33,31,8,23,2,1,1,70,70,23,47,0,0,0,11,11,1,10,0,0,0
S01010491,273,256,109,147,17,4,13,5,4,0,4,1,0,1,14,12,2,10,2,0,2,24,16,1,15,8,0,8,72,72,40,32,0,0,0,14,14,3,11,0,0,0,32,28,14,14,4,3,1,102,101,43,58,1,1,0,10,9,6,3,1,0,1
S01010492,137,131,52,79,6,2,4,0,0,0,0,0,0,0,8,8,0,8,0,0,0,9,7,0,7,2,0,2,38,35,18,17,3,2,1,13,13,0,13,0,0,0,24,23,7,16,1,0,1,41,41,23,18,0,0,0,4,4,4,0,0,0,0
S01010493,192,181,77,104,11,3,8,3,2,2,0,1,0,1,11,11,0,11,0,0,0,8,3,0,3,5,1,4,59,59,32,27,0,0,0,13,9,0,9,4,1,3,29,28,11,17,1,1,0,60,60,28,32,0,0,0,9,9,4,5,0,0,0
S01010494,268,249,71,178,19,4,15,5,5,0,5,0,0,0,20,19,2,17,1,0,1,24,19,1,18,5,1,4,55,55,24,31,0,0,0,31,21,3,18,10,2,8,39,38,11,27,1,0,1,86,86,27,59,0,0,0,8,6,3,3,2,1,1
S01010495,280,272,108,164,8,1,7,4,4,1,3,0,0,0,14,14,3,11,0,0,0,25,21,1,20,4,0,4,57,56,28,28,1,1,0,23,22,3,19,1,0,1,40,40,13,27,0,0,0,93,92,43,49,1,0,1,24,23,16,7,1,0,1
S01010496,261,246,85,161,15,7,8,3,3,0,3,0,0,0,23,23,0,23,0,0,0,14,10,0,10,4,1,3,60,59,33,26,1,1,0,16,12,3,9,4,0,4,35,34,13,21,1,1,0,95,92,32,60,3,2,1,15,13,4,9,2,2,0
S01010497,281,254,100,154,27,8,19,2,2,0,2,0,0,0,13,12,1,11,1,0,1,22,20,0,20,2,0,2,65,62,36,26,3,0,3,38,26,5,21,12,2,10,38,37,13,24,1,0,1,83,81,34,47,2,2,0,20,14,11,3,6,4,2
S01010498,274,263,93,170,11,4,7,6,6,1,5,0,0,0,23,23,2,21,0,0,0,28,26,0,26,2,0,2,57,57,24,33,0,0,0,18,17,2,15,1,1,0,49,44,18,26,5,2,3,80,78,38,40,2,1,1,13,12,8,4,1,0,1
S01010499,174,165,68,97,9,3,6,2,2,0,2,0,0,0,13,13,2,11,0,0,0,16,15,0,15,1,0,1,50,48,26,22,2,0,2,5,5,0,5,0,0,0,27,25,10,15,2,1,1,46,42,25,17,4,2,2,15,15,5,10,0,0,0
S01010500,336,317,132,185,19,8,11,1,1,0,1,0,0,0,20,20,8,12,0,0,0,25,22,2,20,3,0,3,96,96,53,43,0,0,0,14,8,1,7,6,1,5,51,47,12,35,4,1,3,109,105,45,60,4,4,0,20,18,11,7,2,2,0
S01010501,367,347,109,238,20,11,9,3,3,0,3,0,0,0,24,23,4,19,1,0,1,42,36,4,32,6,4,2,86,83,37,46,3,2,1,31,25,5,20,6,2,4,55,54,14,40,1,1,0,102,100,39,61,2,1,1,24,23,6,17,1,1,0
S01010502,394,362,111,251,32,9,23,4,4,0,4,0,0,0,26,24,2,22,2,2,0,41,34,2,32,7,0,7,95,92,42,50,3,0,3,39,26,6,20,13,4,9,58,57,15,42,1,0,1,115,110,38,72,5,3,2,16,15,6,9,1,0,1
S01010503,240,230,73,157,10,1,9,4,4,0,4,0,0,0,20,20,2,18,0,0,0,21,18,0,18,3,0,3,60,59,34,25,1,0,1,12,7,1,6,5,1,4,32,32,7,25,0,0,0,77,76,24,52,1,0,1,14,14,5,9,0,0,0
S01010504,258,129,61,68,129,47,82,40,13,1,12,27,6,21,11,3,1,2,8,1,7,16,4,0,4,12,5,7,60,25,13,12,35,13,22,18,10,6,4,8,4,4,23,8,2,6,15,6,9,66,52,33,19,14,7,7,24,14,5,9,10,5,5
S01010505,282,184,66,118,98,38,60,41,29,2,27,12,3,9,14,3,1,2,11,4,7,25,8,0,8,17,2,15,55,36,14,22,19,9,10,31,24,6,18,7,3,4,31,14,4,10,17,10,7,70,63,37,26,7,4,3,15,7,2,5,8,3,5
S01010506,442,302,87,215,140,39,101,59,33,4,29,26,7,19,16,10,2,8,6,1,5,37,22,2,20,15,3,12,133,82,31,51,51,13,38,51,40,8,32,11,2,9,36,24,4,20,12,5,7,91,80,33,47,11,5,6,19,11,3,8,8,3,5
S01010507,415,327,92,235,88,11,77,53,36,1,35,17,2,15,20,15,1,14,5,0,5,24,14,0,14,10,0,10,110,82,34,48,28,5,23,76,68,6,62,8,1,7,18,12,4,8,6,0,6,87,83,38,45,4,1,3,27,17,8,9,10,2,8
S01010508,495,363,109,254,132,45,87,71,49,4,45,22,3,19,11,4,0,4,7,4,3,49,31,3,28,18,2,16,96,66,35,31,30,9,21,50,37,6,31,13,3,10,60,38,15,23,22,12,10,132,121,41,80,11,8,3,26,17,5,12,9,4,5
S01010509,538,414,118,296,124,37,87,64,38,5,33,26,3,23,40,37,8,29,3,3,0,36,21,3,18,15,0,15,124,92,34,58,32,10,22,39,28,6,22,11,2,9,46,31,8,23,15,6,9,152,141,47,94,11,7,4,37,26,7,19,11,6,5
S01010510,383,338,114,224,45,13,32,24,20,5,15,4,0,4,43,40,4,36,3,1,2,28,18,2,16,10,1,9,98,83,37,46,15,6,9,22,21,6,15,1,0,1,31,26,9,17,5,1,4,125,120,48,72,5,3,2,12,10,3,7,2,1,1
S01010511,426,392,133,259,34,7,27,31,23,1,22,8,1,7,45,44,2,42,1,1,0,46,39,2,37,7,0,7,136,133,65,68,3,0,3,40,33,4,29,7,1,6,25,23,12,11,2,2,0,88,84,42,42,4,2,2,15,13,5,8,2,0,2
S01010512,269,230,88,142,39,10,29,16,14,1,13,2,0,2,25,24,6,18,1,0,1,35,23,3,20,12,2,10,65,58,32,26,7,3,4,14,12,2,10,2,0,2,15,13,4,9,2,0,2,72,68,34,34,4,2,2,27,18,6,12,9,3,6
S01010513,416,347,105,242,69,18,51,31,27,4,23,4,2,2,38,33,2,31,5,2,3,39,27,3,24,12,1,11,76,68,32,36,8,1,7,33,26,3,23,7,2,5,51,38,10,28,13,5,8,118,107,48,59,11,3,8,30,21,3,18,9,2,7
S01010514,360,332,112,220,28,6,22,21,19,0,19,2,0,2,41,41,1,40,0,0,0,42,33,0,33,9,1,8,100,95,55,40,5,1,4,25,20,3,17,5,0,5,20,18,2,16,2,2,0,95,93,45,48,2,1,1,16,13,6,7,3,1,2
S01010515,408,381,121,260,27,5,22,27,26,2,24,1,0,1,45,44,4,40,1,0,1,44,40,0,40,4,0,4,127,122,64,58,5,1,4,29,26,4,22,3,0,3,26,23,7,16,3,0,3,87,84,34,50,3,2,1,23,16,6,10,7,2,5
S01010516,329,238,60,178,91,13,78,10,9,1,8,1,0,1,24,21,1,20,3,1,2,25,12,0,12,13,0,13,146,90,24,66,56,8,48,17,15,1,14,2,1,1,30,22,10,12,8,2,6,64,60,20,40,4,1,3,13,9,3,6,4,0,4
S01010517,432,373,100,273,59,12,47,22,17,0,17,5,1,4,40,38,4,34,2,1,1,44,34,2,32,10,0,10,135,113,46,67,22,3,19,34,28,2,26,6,1,5,30,24,5,19,6,1,5,108,102,35,67,6,3,3,19,17,6,11,2,2,0
S01010518,368,325,104,221,43,14,29,22,19,2,17,3,0,3,50,46,4,42,4,0,4,35,24,2,22,11,4,7,98,92,46,46,6,2,4,21,15,1,14,6,3,3,23,15,5,10,8,4,4,93,93,39,54,0,0,0,26,21,5,16,5,1,4
S01010519,373,346,117,229,27,8,19,20,19,2,17,1,0,1,30,28,3,25,2,1,1,35,28,1,27,7,0,7,110,104,57,47,6,2,4,33,31,4,27,2,2,0,24,22,7,15,2,1,1,107,102,39,63,5,2,3,14,12,4,8,2,0,2
S01010520,495,454,142,312,41,7,34,27,25,2,23,2,0,2,62,60,5,55,2,0,2,49,35,1,34,14,0,14,118,109,52,57,9,1,8,30,26,3,23,4,3,1,47,46,15,31,1,0,1,152,146,62,84,6,1,5,10,7,2,5,3,2,1
S01010521,401,341,107,234,60,13,47,16,14,0,14,2,0,2,27,27,2,25,0,0,0,38,25,2,23,13,2,11,137,111,39,72,26,5,21,33,27,5,22,6,1,5,30,26,8,18,4,2,2,94,91,41,50,3,1,2,26,20,10,10,6,2,4
S01010522,303,264,68,196,39,5,34,13,12,1,11,1,0,1,35,33,1,32,2,0,2,31,24,1,23,7,1,6,115,99,41,58,16,1,15,16,14,1,13,2,0,2,20,18,5,13,2,0,2,59,56,16,40,3,1,2,14,8,2,6,6,2,4
S01010523,277,252,95,157,25,8,17,18,15,0,15,3,1,2,16,16,2,14,0,0,0,26,20,1,19,6,1,5,105,104,46,58,1,0,1,17,13,2,11,4,1,3,26,24,11,13,2,1,1,60,56,32,24,4,1,3,9,4,1,3,5,3,2
S01010524,288,213,53,160,75,23,52,20,14,1,13,6,0,6,9,8,0,8,1,0,1,29,16,1,15,13,5,8,92,58,19,39,34,6,28,21,19,4,15,2,1,1,29,18,6,12,11,6,5,76,72,22,50,4,2,2,12,8,0,8,4,3,1
S01010525,309,229,58,171,80,18,62,23,16,0,16,7,0,7,9,6,1,5,3,0,3,35,21,3,18,14,2,12,104,75,21,54,29,6,23,21,13,1,12,8,2,6,24,18,5,13,6,2,4,65,60,24,36,5,1,4,28,20,3,17,8,5,3
S01010526,413,316,96,220,97,22,75,16,12,0,12,4,1,3,22,18,0,18,4,0,4,55,33,1,32,22,7,15,112,79,30,49,33,7,26,20,17,4,13,3,0,3,35,25,9,16,10,2,8,126,112,48,64,14,3,11,27,20,4,16,7,2,5
S01010527,414,371,125,246,43,7,36,20,15,1,14,5,0,5,26,22,0,22,4,0,4,36,29,4,25,7,0,7,125,115,45,70,10,0,10,24,22,6,16,2,0,2,31,25,9,16,6,4,2,122,117,49,68,5,2,3,30,26,11,15,4,1,3
S01010528,328,249,71,178,79,25,54,27,15,1,14,12,1,11,19,13,0,13,6,3,3,26,16,1,15,10,1,9,89,66,25,41,23,7,16,26,21,5,16,5,2,3,38,24,5,19,14,6,8,84,78,29,49,6,3,3,19,16,5,11,3,2,1
S01010529,369,293,101,192,76,14,62,20,19,1,18,1,0,1,25,22,1,21,3,1,2,39,25,3,22,14,1,13,105,74,37,37,31,6,25,38,35,5,30,3,0,3,35,22,8,14,13,2,11,98,91,44,47,7,3,4,9,5,2,3,4,1,3
S01010530,354,248,79,169,106,24,82,28,17,2,15,11,1,10,20,15,2,13,5,3,2,37,24,3,21,13,2,11,118,68,28,40,50,8,42,21,17,6,11,4,0,4,37,28,8,20,9,3,6,82,72,28,44,10,6,4,11,7,2,5,4,1,3
S01010531,587,448,147,301,139,33,106,12,6,1,5,6,2,4,19,15,0,15,4,0,4,80,50,4,46,30,1,29,169,114,48,66,55,9,46,29,24,5,19,5,2,3,54,40,7,33,14,4,10,143,131,57,74,12,8,4,81,68,25,43,13,7,6
S01010532,279,200,57,143,79,19,60,29,15,0,15,14,5,9,22,18,3,15,4,1,3,23,13,2,11,10,1,9,53,31,10,21,22,3,19,12,11,4,7,1,1,0,55,43,13,30,12,1,11,58,47,19,28,11,5,6,27,22,6,16,5,2,3
S01010533,284,221,59,162,63,12,51,12,9,0,9,3,0,3,11,11,0,11,0,0,0,17,11,0,11,6,0,6,96,68,22,46,28,4,24,14,10,0,10,4,1,3,28,19,5,14,9,1,8,80,70,26,44,10,6,4,26,23,6,17,3,0,3
S01010534,448,370,122,248,78,21,57,9,7,1,6,2,0,2,12,8,2,6,4,1,3,65,46,5,41,19,3,16,116,94,53,41,22,2,20,29,26,2,24,3,0,3,34,25,5,20,9,4,5,139,128,45,83,11,5,6,44,36,9,27,8,6,2
S01010535,356,269,75,194,87,16,71,27,16,0,16,11,0,11,15,13,1,12,2,0,2,29,16,3,13,13,2,11,72,49,20,29,23,3,20,10,10,0,10,0,0,0,50,35,6,29,15,2,13,105,93,37,56,12,3,9,48,37,8,29,11,6,5
S01010536,449,393,121,272,56,14,42,12,10,1,9,2,0,2,21,21,4,17,0,0,0,32,19,0,19,13,1,12,181,167,64,103,14,3,11,25,20,5,15,5,0,5,53,42,11,31,11,5,6,76,70,28,42,6,3,3,49,44,8,36,5,2,3
S01010537,487,429,112,317,58,15,43,12,12,0,12,0,0,0,11,11,1,10,0,0,0,22,16,1,15,6,0,6,263,242,62,180,21,5,16,24,18,5,13,6,1,5,47,33,8,25,14,5,9,81,74,29,45,7,2,5,27,23,6,17,4,2,2
S01010538,442,380,99,281,62,18,44,23,19,0,19,4,0,4,16,14,0,14,2,1,1,33,24,1,23,9,2,7,152,138,48,90,14,5,9,27,22,3,19,5,3,2,48,39,11,28,9,0,9,105,99,30,69,6,4,2,38,25,6,19,13,3,10
S01010539,717,609,137,472,108,26,82,21,17,0,17,4,1,3,32,30,1,29,2,0,2,34,19,2,17,15,2,13,272,246,61,185,26,5,21,33,23,2,21,10,0,10,80,69,20,49,11,5,6,157,135,33,102,22,11,11,88,70,18,52,18,2,16
S01010540,322,249,69,180,73,15,58,26,12,1,11,14,1,13,19,14,1,13,5,0,5,26,16,0,16,10,0,10,64,51,21,30,13,4,9,16,13,3,10,3,0,3,57,44,5,39,13,7,6,76,71,29,42,5,2,3,38,28,9,19,10,1,9
S01010541,453,352,92,260,101,28,73,24,15,3,12,9,2,7,23,20,2,18,3,0,3,27,17,0,17,10,2,8,126,96,31,65,30,7,23,22,16,2,14,6,1,5,64,48,11,37,16,5,11,131,115,38,77,16,7,9,36,25,5,20,11,4,7
S01010542,456,358,104,254,98,35,63,25,12,3,9,13,0,13,22,18,1,17,4,1,3,37,22,1,21,15,3,12,99,69,25,44,30,14,16,23,18,1,17,5,3,2,50,40,12,28,10,7,3,156,139,49,90,17,5,12,44,40,12,28,4,2,2
S01010543,344,229,54,175,115,31,84,32,10,0,10,22,3,19,22,16,0,16,6,1,5,42,19,2,17,23,1,22,81,55,21,34,26,9,17,18,15,1,14,3,0,3,44,27,6,21,17,8,9,75,66,17,49,9,5,4,30,21,7,14,9,4,5
S01010544,426,351,117,234,75,19,56,21,13,3,10,8,0,8,47,46,4,42,1,0,1,57,36,0,36,21,1,20,126,102,43,59,24,5,19,9,7,1,6,2,1,1,41,35,12,23,6,4,2,107,101,52,49,6,4,2,18,11,2,9,7,4,3
S01010545,332,259,67,192,73,18,55,12,10,0,10,2,0,2,31,29,0,29,2,1,1,36,22,1,21,14,1,13,90,64,25,39,26,5,21,18,15,1,14,3,0,3,40,31,8,23,9,5,4,75,68,27,41,7,2,5,30,20,5,15,10,4,6
S01010546,372,307,75,232,65,16,49,13,8,0,8,5,1,4,54,50,1,49,4,0,4,42,27,1,26,15,2,13,90,72,24,48,18,4,14,10,9,3,6,1,0,1,50,37,13,24,13,4,9,89,84,29,55,5,4,1,24,20,4,16,4,1,3
S01010547,379,288,94,194,91,18,73,38,18,1,17,20,2,18,30,22,4,18,8,4,4,37,21,5,16,16,1,15,76,61,31,30,15,0,15,24,19,3,16,5,1,4,46,37,5,32,9,2,7,102,88,39,49,14,5,9,26,22,6,16,4,3,1
S01010548,296,225,78,147,71,21,50,34,16,4,12,18,4,14,18,10,0,10,8,4,4,35,26,3,23,9,0,9,73,61,28,33,12,3,9,16,14,2,12,2,1,1,39,27,7,20,12,4,8,64,58,29,29,6,2,4,17,13,5,8,4,3,1
S01010549,467,428,119,309,39,19,20,24,22,1,21,2,1,1,22,20,3,17,2,1,1,31,26,0,26,5,1,4,93,87,35,52,6,2,4,42,35,7,28,7,4,3,64,57,10,47,7,4,3,159,156,54,102,3,0,3,32,25,9,16,7,6,1
S01010550,280,240,70,170,40,15,25,9,8,0,8,1,0,1,19,16,2,14,3,0,3,25,17,0,17,8,2,6,65,61,24,37,4,0,4,26,23,8,15,3,1,2,41,36,5,31,5,2,3,81,72,29,43,9,5,4,14,7,2,5,7,5,2
S01010551,337,236,74,162,101,28,73,52,19,2,17,33,8,25,16,15,0,15,1,0,1,33,19,2,17,14,2,12,67,55,21,34,12,3,9,19,15,2,13,4,0,4,44,25,9,16,19,6,13,98,83,34,49,15,7,8,8,5,4,1,3,2,1
S01010552,407,321,95,226,86,20,66,29,15,1,14,14,1,13,21,17,1,16,4,2,2,31,16,0,16,15,2,13,76,64,31,33,12,0,12,43,35,5,30,8,2,6,66,47,8,39,19,7,12,118,113,44,69,5,1,4,23,14,5,9,9,5,4
S01010553,328,231,73,158,97,21,76,71,31,2,29,40,2,38,18,14,2,12,4,1,3,23,15,2,13,8,0,8,49,38,16,22,11,3,8,18,14,0,14,4,4,0,51,35,10,25,16,5,11,75,71,34,37,4,1,3,23,13,7,6,10,5,5
S01010554,378,320,96,224,58,17,41,15,14,2,12,1,1,0,21,18,0,18,3,2,1,34,21,1,20,13,3,10,83,77,30,47,6,2,4,36,30,4,26,6,1,5,46,32,10,22,14,4,10,125,116,45,71,9,1,8,18,12,4,8,6,3,3
S01010555,478,413,108,305,65,15,50,14,13,0,13,1,0,1,28,24,0,24,4,0,4,18,15,0,15,3,0,3,151,121,52,69,30,3,27,40,38,4,34,2,0,2,65,53,11,42,12,5,7,138,131,37,94,7,4,3,24,18,4,14,6,3,3
S01010556,366,334,94,240,32,7,25,15,14,1,13,1,0,1,28,26,1,25,2,0,2,40,31,2,29,9,1,8,103,99,38,61,4,3,1,37,33,6,27,4,0,4,35,30,9,21,5,0,5,90,89,31,58,1,1,0,18,12,6,6,6,2,4
S01010557,276,263,81,182,13,2,11,12,12,0,12,0,0,0,27,27,1,26,0,0,0,19,15,0,15,4,1,3,65,63,32,31,2,0,2,25,25,6,19,0,0,0,26,23,8,15,3,0,3,89,87,27,60,2,0,2,13,11,7,4,2,1,1
S01010558,312,270,73,197,42,13,29,13,11,1,10,2,1,1,22,16,3,13,6,0,6,26,22,0,22,4,0,4,53,49,15,34,4,0,4,30,28,6,22,2,0,2,44,34,9,25,10,4,6,99,94,33,61,5,2,3,25,16,6,10,9,6,3
S01010559,290,227,67,160,63,11,52,12,8,0,8,4,1,3,12,10,0,10,2,0,2,17,11,2,9,6,1,5,59,43,12,31,16,1,15,27,26,4,22,1,0,1,45,29,9,20,16,3,13,104,88,34,54,16,5,11,14,12,6,6,2,0,2
S01010560,331,286,80,206,45,12,33,19,16,1,15,3,0,3,14,12,1,11,2,2,0,26,20,0,20,6,0,6,72,60,29,31,12,5,7,26,21,1,20,5,1,4,41,33,8,25,8,1,7,116,110,35,75,6,3,3,17,14,5,9,3,0,3
S01010561,327,277,89,188,50,13,37,12,11,1,10,1,0,1,20,19,3,16,1,1,0,33,25,2,23,8,1,7,69,55,26,29,14,3,11,28,25,6,19,3,0,3,43,31,8,23,12,5,7,104,95,35,60,9,2,7,18,16,8,8,2,1,1
S01010562,391,353,120,233,38,10,28,22,18,1,17,4,1,3,30,29,1,28,1,0,1,35,24,2,22,11,2,9,99,93,43,50,6,1,5,22,21,6,15,1,0,1,35,29,11,18,6,1,5,119,114,46,68,5,3,2,29,25,10,15,4,2,2
S01010563,263,237,65,172,26,6,20,19,16,1,15,3,1,2,17,17,2,15,0,0,0,29,19,0,19,10,1,9,59,56,25,31,3,0,3,22,20,1,19,2,0,2,27,24,3,21,3,2,1,76,73,24,49,3,0,3,14,12,9,3,2,2,0
S01010564,214,190,54,136,24,7,17,15,13,2,11,2,0,2,18,16,1,15,2,1,1,21,16,2,14,5,2,3,61,58,25,33,3,1,2,20,16,3,13,4,0,4,22,20,7,13,2,0,2,48,45,11,34,3,3,0,9,6,3,3,3,0,3
S01010565,282,264,74,190,18,2,16,13,10,0,10,3,0,3,25,25,2,23,0,0,0,29,24,1,23,5,0,5,74,70,29,41,4,1,3,17,16,0,16,1,0,1,29,28,8,20,1,1,0,88,84,33,51,4,0,4,7,7,1,6,0,0,0
S01010566,586,471,125,346,115,32,83,51,34,3,31,17,2,15,61,54,4,50,7,2,5,47,25,1,24,22,2,20,83,65,29,36,18,4,14,23,20,2,18,3,1,2,103,81,13,68,22,10,12,181,167,65,102,14,4,10,37,25,8,17,12,7,5
S01010567,567,448,128,320,119,35,84,24,13,0,13,11,3,8,34,28,5,23,6,0,6,59,38,4,34,21,3,18,112,89,37,52,23,6,17,35,22,4,18,13,1,12,61,46,10,36,15,6,9,212,196,62,134,16,8,8,30,16,6,10,14,8,6
S01010568,529,439,129,310,90,23,67,38,23,2,21,15,3,12,26,21,1,20,5,1,4,39,22,2,20,17,0,17,121,106,38,68,15,4,11,46,42,5,37,4,2,2,68,56,16,40,12,1,11,163,148,57,91,15,8,7,28,21,8,13,7,4,3
S01010569,522,423,80,343,99,26,73,40,20,4,16,20,2,18,22,17,2,15,5,1,4,39,25,1,24,14,3,11,79,66,20,46,13,4,9,42,37,2,35,5,0,5,59,43,8,35,16,6,10,218,206,41,165,12,5,7,23,9,2,7,14,5,9
S01010570,515,461,130,331,54,13,41,35,27,9,18,8,0,8,33,33,2,31,0,0,0,48,37,2,35,11,1,10,141,132,53,79,9,4,5,51,39,4,35,12,2,10,45,41,12,29,4,1,3,141,133,42,91,8,4,4,21,19,6,13,2,1,1
S01010571,493,452,105,347,41,7,34,16,15,0,15,1,0,1,30,24,0,24,6,1,5,36,26,3,23,10,1,9,120,110,37,73,10,1,9,63,57,8,49,6,0,6,36,36,13,23,0,0,0,166,161,39,122,5,3,2,26,23,5,18,3,1,2
S01010572,410,384,101,283,26,9,17,12,12,2,10,0,0,0,27,27,3,24,0,0,0,42,36,1,35,6,0,6,132,128,51,77,4,1,3,44,39,4,35,5,3,2,44,38,6,32,6,4,2,93,89,28,61,4,1,3,16,15,6,9,1,0,1
S01010573,312,290,74,216,22,8,14,8,8,0,8,0,0,0,18,16,1,15,2,1,1,36,31,2,29,5,1,4,108,105,37,68,3,1,2,24,21,3,18,3,0,3,25,24,5,19,1,0,1,84,79,25,54,5,2,3,9,6,1,5,3,3,0
S01010574,313,279,80,199,34,6,28,9,5,1,4,4,0,4,21,20,3,17,1,0,1,21,18,1,17,3,0,3,71,66,25,41,5,2,3,24,21,4,17,3,0,3,48,39,10,29,9,3,6,108,101,30,71,7,0,7,11,9,6,3,2,1,1
S01010575,350,318,109,209,32,8,24,23,18,1,17,5,1,4,22,19,5,14,3,2,1,30,24,3,21,6,2,4,68,64,32,32,4,0,4,26,22,5,17,4,1,3,49,41,16,25,8,2,6,120,119,42,77,1,0,1,12,11,5,6,1,0,1
S01010576,425,367,105,262,58,17,41,16,11,0,11,5,1,4,30,26,4,22,4,1,3,29,18,0,18,11,0,11,78,71,30,41,7,3,4,38,33,4,29,5,3,2,46,37,6,31,9,3,6,165,152,55,97,13,4,9,23,19,6,13,4,2,2
S01010577,436,394,120,274,42,7,35,13,7,2,5,6,0,6,28,25,4,21,3,0,3,53,40,0,40,13,0,13,140,134,58,76,6,2,4,42,41,5,36,1,1,0,33,30,15,15,3,2,1,110,103,30,73,7,1,6,17,14,6,8,3,1,2
S01010578,335,306,90,216,29,7,22,9,9,0,9,0,0,0,26,23,1,22,3,1,2,35,25,0,25,10,2,8,106,99,44,55,7,2,5,19,16,4,12,3,0,3,26,25,6,19,1,0,1,94,91,30,61,3,1,2,20,18,5,13,2,1,1
S01010579,431,378,106,272,53,10,43,9,6,0,6,3,0,3,29,28,3,25,1,0,1,37,28,1,27,9,1,8,126,111,47,64,15,4,11,33,26,0,26,7,0,7,40,33,9,24,7,1,6,150,141,45,96,9,3,6,7,5,1,4,2,1,1
S01010580,321,297,42,255,24,6,18,10,10,0,10,0,0,0,19,19,0,19,0,0,0,30,21,0,21,9,1,8,82,78,19,59,4,0,4,38,35,2,33,3,0,3,30,29,3,26,1,0,1,99,95,16,79,4,4,0,13,10,2,8,3,1,2
S01010581,320,289,69,220,31,12,19,9,8,0,8,1,0,1,23,20,3,17,3,3,0,26,20,1,19,6,1,5,78,72,28,44,6,3,3,22,19,4,15,3,2,1,40,38,2,36,2,0,2,109,107,28,79,2,1,1,13,5,3,2,8,2,6
S01010582,255,220,63,157,35,9,26,12,9,0,9,3,1,2,21,21,1,20,0,0,0,24,16,0,16,8,1,7,48,42,19,23,6,4,2,17,15,5,10,2,0,2,37,30,7,23,7,0,7,86,81,29,52,5,3,2,10,6,2,4,4,0,4
S01010583,563,515,135,380,48,15,33,19,17,0,17,2,0,2,30,29,2,27,1,0,1,39,35,0,35,4,0,4,133,123,51,72,10,3,7,51,45,5,40,6,1,5,66,54,15,39,12,4,8,203,194,56,138,9,5,4,22,18,6,12,4,2,2
S01010584,439,381,104,277,58,12,46,11,6,2,4,5,0,5,33,30,2,28,3,0,3,45,28,4,24,17,3,14,93,80,30,50,13,3,10,32,27,5,22,5,0,5,53,47,10,37,6,0,6,149,144,43,101,5,4,1,23,19,8,11,4,2,2
S01010585,512,455,109,346,57,12,45,24,20,0,20,4,1,3,35,28,2,26,7,3,4,49,38,1,37,11,0,11,99,92,38,54,7,2,5,39,39,6,33,0,0,0,62,50,9,41,12,1,11,177,167,46,121,10,3,7,27,21,7,14,6,2,4
S01010586,430,375,111,264,55,17,38,15,12,0,12,3,0,3,26,25,1,24,1,1,0,32,22,5,17,10,1,9,94,83,32,51,11,4,7,25,20,5,15,5,3,2,48,39,10,29,9,1,8,170,164,52,112,6,2,4,20,10,6,4,10,5,5
S01010587,367,312,85,227,55,14,41,17,12,1,11,5,0,5,22,19,1,18,3,1,2,26,20,2,18,6,0,6,81,71,24,47,10,2,8,21,17,2,15,4,1,3,43,32,5,27,11,6,5,142,131,48,83,11,2,9,15,10,2,8,5,2,3
S01010588,321,292,86,206,29,5,24,15,13,1,12,2,1,1,15,14,3,11,1,1,0,24,18,0,18,6,1,5,63,59,29,30,4,0,4,23,20,1,19,3,0,3,40,36,9,27,4,0,4,128,124,40,84,4,2,2,13,8,3,5,5,0,5
S01010589,364,339,90,249,25,9,16,14,12,0,12,2,0,2,29,28,2,26,1,0,1,25,19,0,19,6,2,4,107,105,47,58,2,0,2,32,29,6,23,3,0,3,33,28,4,24,5,4,1,113,111,28,83,2,0,2,11,7,3,4,4,3,1
S01010590,465,407,108,299,58,15,43,26,24,2,22,2,0,2,30,29,2,27,1,0,1,33,20,0,20,13,4,9,92,76,26,50,16,3,13,36,33,4,29,3,0,3,65,50,11,39,15,4,11,169,164,58,106,5,2,3,14,11,5,6,3,2,1
S01010591,444,414,89,325,30,8,22,10,10,0,10,0,0,0,20,20,2,18,0,0,0,42,34,1,33,8,1,7,107,105,34,71,2,0,2,36,30,2,28,6,1,5,52,43,8,35,9,3,6,158,155,36,119,3,2,1,19,17,6,11,2,1,1
S01010592,307,286,67,219,21,6,15,12,12,1,11,0,0,0,18,18,5,13,0,0,0,30,27,1,26,3,0,3,68,64,23,41,4,1,3,25,20,6,14,5,2,3,27,23,5,18,4,2,2,105,105,24,81,0,0,0,22,17,2,15,5,1,4
S01010593,344,298,88,210,46,8,38,18,13,0,13,5,2,3,19,17,2,15,2,0,2,39,28,2,26,11,0,11,66,53,15,38,13,5,8,24,20,3,17,4,0,4,33,29,11,18,4,1,3,130,129,52,77,1,0,1,15,9,3,6,6,0,6
S01010594,393,352,94,258,41,13,28,9,9,0,9,0,0,0,33,32,1,31,1,1,0,29,25,1,24,4,1,3,92,82,28,54,10,2,8,33,28,5,23,5,0,5,51,43,10,33,8,3,5,125,118,41,77,7,3,4,21,15,8,7,6,3,3
S01010595,458,423,112,311,35,8,27,19,18,0,18,1,0,1,35,33,2,31,2,0,2,29,22,0,22,7,0,7,106,100,40,60,6,1,5,26,25,1,24,1,1,0,60,54,16,38,6,0,6,161,154,45,109,7,3,4,22,17,8,9,5,3,2
S01010596,465,385,99,286,80,15,65,33,24,1,23,9,0,9,30,22,0,22,8,1,7,57,35,3,32,22,1,21,87,77,37,40,10,3,7,26,23,0,23,3,0,3,72,62,14,48,10,2,8,142,132,40,92,10,5,5,18,10,4,6,8,3,5
S01010597,391,344,100,244,47,7,40,17,16,1,15,1,0,1,20,19,1,18,1,1,0,36,24,2,22,12,0,12,80,69,25,44,11,0,11,34,30,7,23,4,0,4,54,51,10,41,3,1,2,130,122,48,74,8,2,6,20,13,6,7,7,3,4
S01010598,600,540,112,428,60,13,47,20,17,0,17,3,0,3,36,36,4,32,0,0,0,44,32,0,32,12,1,11,126,119,33,86,7,1,6,37,30,2,28,7,1,6,79,66,13,53,13,3,10,233,222,52,170,11,2,9,25,18,8,10,7,5,2
S01010599,330,306,80,226,24,8,16,13,10,1,9,3,2,1,19,17,0,17,2,0,2,23,20,2,18,3,0,3,54,54,25,29,0,0,0,23,19,4,15,4,2,2,49,42,6,36,7,3,4,135,131,41,90,4,1,3,14,13,1,12,1,0,1
S01010600,473,408,107,301,65,16,49,21,16,1,15,5,1,4,24,23,1,22,1,0,1,48,29,2,27,19,3,16,113,98,37,61,15,4,11,37,35,1,34,2,1,1,56,42,13,29,14,4,10,145,142,46,96,3,1,2,29,23,6,17,6,2,4
S01010601,289,261,83,178,28,5,23,9,9,0,9,0,0,0,17,16,1,15,1,0,1,30,20,3,17,10,0,10,57,54,24,30,3,0,3,23,21,1,20,2,0,2,24,21,8,13,3,0,3,121,114,45,69,7,3,4,8,6,1,5,2,2,0
S01010602,318,291,68,223,27,6,21,13,10,0,10,3,2,1,20,20,0,20,0,0,0,33,24,1,23,9,1,8,74,70,25,45,4,1,3,27,23,3,20,4,0,4,37,34,8,26,3,1,2,100,99,28,71,1,0,1,14,11,3,8,3,1,2
S01010603,431,389,105,284,42,10,32,13,13,1,12,0,0,0,28,26,2,24,2,1,1,39,28,2,26,11,3,8,88,79,28,51,9,1,8,28,24,1,23,4,0,4,60,51,10,41,9,1,8,152,149,54,95,3,2,1,23,19,7,12,4,2,2
S01010604,246,219,70,149,27,7,20,8,7,1,6,1,0,1,8,5,0,5,3,1,2,24,17,0,17,7,1,6,52,48,24,24,4,1,3,13,11,2,9,2,0,2,34,27,7,20,7,2,5,101,99,34,65,2,1,1,6,5,2,3,1,1,0
S01010605,454,387,111,276,67,26,41,14,13,1,12,1,0,1,19,17,3,14,2,1,1,47,33,0,33,14,1,13,83,75,28,47,8,2,6,38,31,3,28,7,1,6,66,49,7,42,17,9,8,169,158,65,93,11,7,4,18,11,4,7,7,5,2
S01010606,390,347,103,244,43,8,35,21,18,0,18,3,0,3,22,21,2,19,1,0,1,44,29,4,25,15,3,12,107,106,51,55,1,0,1,42,33,4,29,9,0,9,29,23,7,16,6,2,4,108,105,30,75,3,1,2,17,12,5,7,5,2,3
S01010607,447,379,109,270,68,22,46,16,14,1,13,2,0,2,23,20,1,19,3,0,3,26,14,2,12,12,3,9,85,74,34,40,11,2,9,38,31,2,29,7,1,6,58,47,10,37,11,1,10,172,164,54,110,8,7,1,29,15,5,10,14,8,6
S01010608,284,266,88,178,18,3,15,10,9,0,9,1,0,1,7,7,0,7,0,0,0,30,25,0,25,5,0,5,93,90,43,47,3,2,1,40,36,4,32,4,0,4,27,25,11,14,2,0,2,68,66,27,39,2,0,2,9,8,3,5,1,1,0
S01010609,293,270,87,183,23,6,17,10,8,0,8,2,0,2,16,14,1,13,2,1,1,27,22,0,22,5,0,5,102,99,40,59,3,1,2,30,24,5,19,6,2,4,16,16,6,10,0,0,0,79,75,32,43,4,2,2,13,12,3,9,1,0,1
S01010610,328,286,74,212,42,16,26,11,11,1,10,0,0,0,13,13,2,11,0,0,0,24,14,1,13,10,2,8,48,43,15,28,5,1,4,34,28,5,23,6,4,2,53,42,8,34,11,2,9,126,122,40,82,4,3,1,19,13,2,11,6,4,2
S01010611,514,474,124,350,40,8,32,25,23,2,21,2,0,2,30,29,4,25,1,1,0,42,36,1,35,6,1,5,147,138,54,84,9,2,7,51,48,2,46,3,0,3,35,33,7,26,2,0,2,156,148,46,102,8,3,5,28,19,8,11,9,1,8
S01010612,400,368,113,255,32,7,25,13,11,0,11,2,0,2,22,20,2,18,2,0,2,25,21,1,20,4,0,4,130,125,53,72,5,1,4,35,29,6,23,6,2,4,27,23,8,15,4,2,2,130,126,38,88,4,0,4,18,13,5,8,5,2,3
S01010613,326,303,87,216,23,7,16,15,15,0,15,0,0,0,6,5,1,4,1,0,1,22,17,2,15,5,0,5,70,68,26,42,2,2,0,31,24,6,18,7,0,7,34,32,8,24,2,2,0,127,123,36,87,4,1,3,21,19,8,11,2,2,0
S01010614,260,246,79,167,14,6,8,4,4,0,4,0,0,0,19,19,1,18,0,0,0,21,16,1,15,5,1,4,100,97,40,57,3,2,1,28,28,4,24,0,0,0,16,14,5,9,2,0,2,62,59,24,35,3,2,1,10,9,4,5,1,1,0
S01010615,496,465,121,344,31,2,29,16,15,1,14,1,0,1,33,33,2,31,0,0,0,39,30,1,29,9,0,9,139,135,47,88,4,2,2,43,38,3,35,5,0,5,44,38,11,27,6,0,6,159,156,51,105,3,0,3,23,20,5,15,3,0,3
S01010616,475,437,130,307,38,9,29,11,10,0,10,1,0,1,18,17,2,15,1,1,0,37,28,2,26,9,0,9,115,113,46,67,2,1,1,50,46,7,39,4,1,3,39,29,4,25,10,2,8,192,182,64,118,10,4,6,13,12,5,7,1,0,1
S01010617,527,481,133,348,46,13,33,17,16,1,15,1,0,1,21,18,1,17,3,1,2,32,22,0,22,10,3,7,110,105,36,69,5,3,2,59,51,7,44,8,0,8,50,45,11,34,5,2,3,217,210,73,137,7,3,4,21,14,4,10,7,1,6
S01010618,479,434,132,302,45,10,35,11,10,1,9,1,0,1,21,18,1,17,3,0,3,51,37,3,34,14,0,14,130,122,49,73,8,2,6,47,40,2,38,7,1,6,43,41,8,33,2,1,1,159,151,63,88,8,6,2,17,15,5,10,2,0,2
S01010619,371,345,84,261,26,5,21,13,13,0,13,0,0,0,13,13,0,13,0,0,0,38,29,3,26,9,0,9,127,119,47,72,8,2,6,27,26,2,24,1,0,1,32,31,7,24,1,0,1,99,96,19,77,3,0,3,22,18,6,12,4,3,1
S01010620,360,334,77,257,26,7,19,10,7,0,7,3,1,2,19,19,6,13,0,0,0,19,15,0,15,4,0,4,135,130,40,90,5,1,4,37,36,3,33,1,0,1,33,30,6,24,3,0,3,81,77,15,62,4,1,3,26,20,7,13,6,4,2
S01010621,505,429,103,326,76,22,54,14,12,0,12,2,1,1,37,34,3,31,3,2,1,30,16,1,15,14,1,13,124,110,36,74,14,4,10,52,47,5,42,5,1,4,86,59,10,49,27,8,19,142,134,44,90,8,4,4,20,17,4,13,3,1,2
S01010622,313,290,98,192,23,6,17,6,5,1,4,1,0,1,22,22,3,19,0,0,0,26,20,2,18,6,0,6,102,101,47,54,1,0,1,28,26,7,19,2,0,2,23,18,4,14,5,2,3,90,87,33,54,3,1,2,16,11,1,10,5,3,2
S01010623,390,364,100,264,26,11,15,10,8,3,5,2,0,2,3,3,0,3,0,0,0,13,10,0,10,3,1,2,80,70,35,35,10,6,4,8,6,3,3,2,1,1,30,25,8,17,5,2,3,233,231,46,185,2,0,2,13,11,5,6,2,1,1
S01010624,341,324,84,240,17,3,14,10,10,0,10,0,0,0,19,19,2,17,0,0,0,24,15,0,15,9,1,8,93,92,40,52,1,1,0,9,9,0,9,0,0,0,29,26,7,19,3,0,3,150,147,32,115,3,0,3,7,6,3,3,1,1,0
S01010625,379,310,103,207,69,18,51,13,8,2,6,5,0,5,12,10,0,10,2,1,1,22,11,2,9,11,2,9,92,72,38,34,20,3,17,23,20,3,17,3,0,3,55,44,7,37,11,5,6,146,135,48,87,11,4,7,16,10,3,7,6,3,3
S01010626,389,322,106,216,67,19,48,13,10,0,10,3,2,1,9,6,1,5,3,0,3,30,21,2,19,9,0,9,88,74,31,43,14,3,11,28,24,4,20,4,0,4,36,20,8,12,16,3,13,163,151,56,95,12,7,5,22,16,4,12,6,4,2
S01010627,462,391,92,299,71,9,62,14,12,0,12,2,0,2,36,32,1,31,4,1,3,19,12,2,10,7,0,7,147,120,43,77,27,2,25,43,38,5,33,5,0,5,53,40,11,29,13,1,12,131,127,28,99,4,3,1,19,10,2,8,9,2,7
S01010628,549,483,115,368,66,14,52,18,15,0,15,3,0,3,27,23,2,21,4,0,4,26,18,2,16,8,1,7,160,138,44,94,22,5,17,35,29,4,25,6,1,5,73,65,17,48,8,3,5,178,167,37,130,11,3,8,32,28,9,19,4,1,3
S01010629,432,357,118,239,75,20,55,8,6,1,5,2,2,0,16,13,2,11,3,0,3,33,24,1,23,9,0,9,92,81,29,52,11,3,8,33,30,5,25,3,1,2,64,38,10,28,26,7,19,167,150,65,85,17,5,12,19,15,5,10,4,2,2
S01010630,298,262,72,190,36,8,28,8,8,1,7,0,0,0,11,10,0,10,1,1,0,24,14,2,12,10,0,10,93,82,32,50,11,2,9,30,29,3,26,1,0,1,21,17,4,13,4,2,2,96,90,25,65,6,1,5,15,12,5,7,3,2,1
S01010631,348,311,72,239,37,11,26,12,5,0,5,7,1,6,20,20,1,19,0,0,0,19,12,0,12,7,1,6,77,70,36,34,7,1,6,38,36,1,35,2,0,2,34,27,6,21,7,5,2,125,121,21,100,4,2,2,23,20,7,13,3,1,2
S01010632,422,372,105,267,50,14,36,17,16,0,16,1,0,1,14,14,1,13,0,0,0,48,29,1,28,19,1,18,116,100,41,59,16,5,11,39,38,6,32,1,0,1,38,33,8,25,5,3,2,132,125,39,86,7,4,3,18,17,9,8,1,1,0
S01010633,427,402,126,276,25,6,19,20,20,3,17,0,0,0,26,26,4,22,0,0,0,43,35,0,35,8,1,7,132,127,57,70,5,0,5,54,51,9,42,3,0,3,41,36,12,24,5,2,3,99,95,36,59,4,3,1,12,12,5,7,0,0,0
S01010634,321,284,92,192,37,13,24,13,11,1,10,2,0,2,14,14,2,12,0,0,0,32,24,0,24,8,1,7,102,101,51,50,1,0,1,32,22,3,19,10,3,7,34,31,8,23,3,2,1,68,64,19,45,4,1,3,26,17,8,9,9,6,3
S01010635,365,331,116,215,34,6,28,8,7,2,5,1,0,1,28,27,5,22,1,1,0,41,32,4,28,9,2,7,97,91,45,46,6,0,6,42,33,2,31,9,1,8,35,31,10,21,4,0,4,98,96,43,53,2,1,1,16,14,5,9,2,1,1
S01010636,447,377,100,277,70,14,56,16,15,0,15,1,0,1,18,18,1,17,0,0,0,37,27,1,26,10,0,10,114,84,28,56,30,5,25,46,44,9,35,2,0,2,55,38,10,28,17,6,11,141,136,47,89,5,2,3,20,15,4,11,5,1,4
S01010637,301,264,52,212,37,12,25,11,11,5,6,0,0,0,18,17,2,15,1,0,1,26,15,0,15,11,1,10,102,86,24,62,16,6,10,21,19,2,17,2,0,2,22,19,5,14,3,3,0,89,87,10,77,2,1,1,12,10,4,6,2,1,1
S01010638,362,314,91,223,48,10,38,9,8,1,7,1,0,1,28,27,2,25,1,0,1,37,24,5,19,13,0,13,102,89,38,51,13,1,12,31,28,4,24,3,1,2,31,26,3,23,5,2,3,105,96,31,65,9,3,6,19,16,7,9,3,3,0
S01010639,557,512,135,377,45,10,35,10,10,2,8,0,0,0,34,32,0,32,2,0,2,53,38,0,38,15,4,11,191,179,71,108,12,3,9,59,55,5,50,4,1,3,54,51,22,29,3,1,2,141,135,34,101,6,1,5,15,12,1,11,3,0,3
S01010640,506,435,104,331,71,12,59,19,16,1,15,3,0,3,34,31,4,27,3,0,3,39,27,1,26,12,0,12,163,132,51,81,31,7,24,30,27,3,24,3,0,3,58,52,10,42,6,1,5,143,136,30,106,7,2,5,20,14,4,10,6,2,4
S01010641,421,387,109,278,34,12,22,7,7,1,6,0,0,0,28,26,7,19,2,0,2,43,33,1,32,10,4,6,128,124,59,65,4,1,3,50,46,4,42,4,0,4,45,42,8,34,3,1,2,108,100,25,75,8,5,3,12,9,4,5,3,1,2
S01010642,394,367,136,231,27,12,15,11,10,1,9,1,0,1,23,22,3,19,1,0,1,41,31,1,30,10,1,9,147,140,77,63,7,7,0,30,27,5,22,3,1,2,32,29,15,14,3,2,1,101,99,29,70,2,1,1,9,9,5,4,0,0,0
S01010643,296,277,105,172,19,4,15,11,10,1,9,1,0,1,17,17,3,14,0,0,0,25,19,2,17,6,0,6,124,121,49,72,3,0,3,25,19,3,16,6,1,5,25,24,15,9,1,1,0,57,56,26,30,1,1,0,12,11,6,5,1,1,0
S01010644,239,227,86,141,12,3,9,4,3,0,3,1,0,1,7,6,0,6,1,0,1,24,23,1,22,1,0,1,106,103,53,50,3,1,2,28,24,4,20,4,0,4,19,19,9,10,0,0,0,44,42,16,26,2,2,0,7,7,3,4,0,0,0
S01010645,350,318,76,242,32,8,24,7,7,0,7,0,0,0,16,15,1,14,1,0,1,36,29,1,28,7,0,7,81,75,31,44,6,1,5,33,29,3,26,4,1,3,22,21,1,20,1,1,0,131,127,36,91,4,2,2,24,15,3,12,9,3,6
S01010646,369,340,100,240,29,4,25,12,10,0,10,2,0,2,24,23,2,21,1,0,1,34,25,3,22,9,0,9,64,62,26,36,2,0,2,28,26,3,23,2,0,2,42,36,15,21,6,2,4,145,141,45,96,4,2,2,20,17,6,11,3,0,3
S01010647,388,350,92,258,38,13,25,9,6,0,6,3,1,2,13,13,1,12,0,0,0,38,27,2,25,11,3,8,96,90,36,54,6,1,5,35,29,3,26,6,0,6,48,42,5,37,6,4,2,136,132,40,92,4,3,1,13,11,5,6,2,1,1
S01010648,362,330,86,244,32,7,25,12,11,0,11,1,0,1,22,21,1,20,1,1,0,38,23,1,22,15,1,14,98,94,35,59,4,1,3,36,32,5,27,4,1,3,30,26,4,22,4,1,3,107,105,34,71,2,1,1,19,18,6,12,1,1,0
S01010649,303,274,78,196,29,8,21,4,3,1,2,1,0,1,20,16,0,16,4,2,2,27,24,3,21,3,0,3,73,70,21,49,3,1,2,29,24,6,18,5,0,5,31,26,3,23,5,1,4,103,100,40,60,3,1,2,16,11,4,7,5,3,2
S01010650,248,209,60,149,39,7,32,12,9,0,9,3,0,3,8,6,0,6,2,1,1,17,9,1,8,8,0,8,62,53,19,34,9,2,7,28,22,1,21,6,0,6,22,18,4,14,4,2,2,86,83,30,53,3,0,3,13,9,5,4,4,2,2
S01010651,350,311,81,230,39,9,30,12,9,0,9,3,1,2,13,10,0,10,3,1,2,34,22,1,21,12,1,11,87,82,35,47,5,2,3,45,40,2,38,5,3,2,44,40,10,30,4,1,3,100,94,30,64,6,0,6,15,14,3,11,1,0,1
S01010652,376,343,87,256,33,11,22,10,8,0,8,2,1,1,24,23,1,22,1,1,0,28,22,1,21,6,2,4,78,74,25,49,4,0,4,26,19,0,19,7,1,6,37,31,8,23,6,2,4,152,148,44,104,4,2,2,21,18,8,10,3,2,1
S01010653,357,321,72,249,36,10,26,12,11,2,9,1,0,1,17,15,1,14,2,1,1,37,24,1,23,13,0,13,84,81,21,60,3,0,3,41,38,3,35,3,2,1,42,38,10,28,4,2,2,110,107,33,74,3,2,1,14,7,1,6,7,3,4
S01010654,408,363,106,257,45,5,40,8,7,0,7,1,0,1,19,18,0,18,1,1,0,47,33,1,32,14,1,13,107,104,42,62,3,0,3,45,32,4,28,13,1,12,37,33,10,23,4,2,2,127,125,45,80,2,0,2,18,11,4,7,7,0,7
S01010655,466,332,108,224,134,44,90,33,17,4,13,16,4,12,23,14,3,11,9,2,7,48,29,2,27,19,2,17,90,67,22,45,23,4,19,39,32,10,22,7,3,4,57,28,7,21,29,10,19,137,120,46,74,17,10,7,39,25,14,11,14,9,5
S01010656,218,175,55,120,43,12,31,14,12,1,11,2,1,1,8,8,0,8,0,0,0,28,21,2,19,7,0,7,47,41,18,23,6,1,5,16,11,3,8,5,0,5,30,16,6,10,14,6,8,62,57,22,35,5,3,2,13,9,3,6,4,1,3
S01010657,352,266,86,180,86,27,59,28,13,1,12,15,2,13,17,15,1,14,2,1,1,51,31,7,24,20,1,19,62,53,25,28,9,3,6,13,7,2,5,6,4,2,55,38,15,23,17,8,9,108,97,29,68,11,6,5,18,12,6,6,6,2,4
S01010658,375,306,81,225,69,25,44,24,16,1,15,8,2,6,18,13,0,13,5,0,5,33,24,2,22,9,2,7,92,75,29,46,17,6,11,22,21,2,19,1,1,0,34,19,6,13,15,6,9,132,126,35,91,6,4,2,20,12,6,6,8,4,4
S01010659,332,264,82,182,68,13,55,20,6,1,5,14,5,9,17,14,0,14,3,0,3,31,16,0,16,15,0,15,72,58,23,35,14,3,11,23,23,1,22,0,0,0,52,40,16,24,12,1,11,104,97,37,60,7,3,4,13,10,4,6,3,1,2
S01010660,294,247,73,174,47,12,35,15,10,0,10,5,0,5,26,22,1,21,4,1,3,35,28,0,28,7,2,5,74,61,29,32,13,3,10,17,11,1,10,6,1,5,39,33,5,28,6,1,5,70,68,29,39,2,1,1,18,14,8,6,4,3,1
S01010661,325,282,56,226,43,7,36,16,12,1,11,4,0,4,22,21,1,20,1,0,1,50,38,2,36,12,1,11,100,89,23,66,11,2,9,16,12,1,11,4,0,4,27,26,2,24,1,0,1,80,74,22,52,6,3,3,14,10,4,6,4,1,3
S01010662,398,319,93,226,79,23,56,13,10,0,10,3,0,3,25,23,4,19,2,1,1,45,23,3,20,22,1,21,80,68,31,37,12,1,11,30,26,2,24,4,2,2,44,36,7,29,8,2,6,134,118,41,77,16,6,10,27,15,5,10,12,10,2
S01010663,479,373,122,251,106,21,85,41,24,1,23,17,2,15,24,22,2,20,2,1,1,71,41,5,36,30,3,27,108,81,36,45,27,4,23,28,22,2,20,6,1,5,47,36,12,24,11,4,7,148,140,60,80,8,5,3,12,7,4,3,5,1,4
S01010664,434,315,98,217,119,29,90,45,14,1,13,31,5,26,16,12,2,10,4,0,4,45,32,2,30,13,0,13,87,56,25,31,31,10,21,18,14,2,12,4,0,4,58,38,13,25,20,6,14,146,139,48,91,7,4,3,19,10,5,5,9,4,5
S01010665,436,320,98,222,116,33,83,39,22,3,19,17,3,14,17,15,3,12,2,0,2,43,23,1,22,20,4,16,91,68,34,34,23,2,21,30,22,3,19,8,3,5,57,36,7,29,21,9,12,131,117,41,76,14,8,6,28,17,6,11,11,4,7
S01010666,447,365,112,253,82,20,62,19,15,1,14,4,0,4,17,16,1,15,1,0,1,53,38,3,35,15,2,13,119,93,46,47,26,5,21,27,22,2,20,5,0,5,55,41,10,31,14,4,10,125,117,41,76,8,5,3,32,23,8,15,9,4,5
S01010667,383,275,85,190,108,32,76,21,15,2,13,6,0,6,21,13,5,8,8,3,5,36,19,0,19,17,1,16,100,76,32,44,24,6,18,25,16,3,13,9,3,6,47,23,5,18,24,12,12,112,98,32,66,14,5,9,21,15,6,9,6,2,4
S01010668,542,394,103,291,148,33,115,56,48,2,46,8,2,6,16,9,0,9,7,0,7,62,38,1,37,24,4,20,179,111,39,72,68,12,56,24,18,2,16,6,1,5,58,36,15,21,22,8,14,131,122,38,84,9,4,5,16,12,6,6,4,2,2
S01010669,278,208,50,158,70,16,54,38,27,4,23,11,2,9,5,5,0,5,0,0,0,43,22,1,21,21,3,18,53,37,12,25,16,4,12,26,22,4,18,4,1,3,31,25,1,24,6,0,6,65,59,25,34,6,3,3,17,11,3,8,6,3,3
S01010670,354,264,76,188,90,23,67,31,19,3,16,12,1,11,6,5,1,4,1,0,1,33,17,1,16,16,2,14,88,57,18,39,31,5,26,35,28,4,24,7,1,6,39,34,6,28,5,3,2,91,84,37,47,7,3,4,31,20,6,14,11,8,3
S01010671,358,253,98,155,105,22,83,34,9,0,9,25,6,19,15,8,2,6,7,2,5,30,14,0,14,16,0,16,93,68,40,28,25,5,20,35,31,6,25,4,1,3,48,32,7,25,16,4,12,92,87,41,46,5,1,4,11,4,2,2,7,3,4
S01010672,299,249,75,174,50,5,45,31,20,1,19,11,1,10,16,10,3,7,6,1,5,16,11,0,11,5,0,5,96,80,37,43,16,0,16,30,24,3,21,6,1,5,30,26,5,21,4,1,3,71,70,23,47,1,0,1,9,8,3,5,1,1,0
S01010673,453,318,91,227,135,29,106,36,19,2,17,17,2,15,15,8,3,5,7,1,6,43,22,4,18,21,4,17,130,88,29,59,42,7,35,32,25,3,22,7,1,6,54,28,7,21,26,8,18,126,117,42,75,9,3,6,17,11,1,10,6,3,3
S01010674,485,320,95,225,165,36,129,55,25,1,24,30,3,27,18,9,2,7,9,3,6,59,23,2,21,36,4,32,114,75,26,49,39,9,30,54,40,4,36,14,1,13,46,29,7,22,17,7,10,128,115,52,63,13,8,5,11,4,1,3,7,1,6
S01010675,303,199,60,139,104,27,77,44,17,3,14,27,5,22,25,22,2,20,3,1,2,35,19,0,19,16,2,14,50,27,10,17,23,7,16,21,19,6,13,2,0,2,37,20,6,14,17,9,8,72,64,32,32,8,3,5,19,11,1,10,8,0,8
S01010676,442,304,92,212,138,43,95,35,17,1,16,18,3,15,9,2,1,1,7,3,4,25,9,1,8,16,2,14,104,68,24,44,36,9,27,35,24,5,19,11,6,5,58,32,8,24,26,8,18,148,140,49,91,8,5,3,28,12,3,9,16,7,9
S01010677,226,172,58,114,54,13,41,17,7,0,7,10,2,8,11,9,3,6,2,0,2,28,16,1,15,12,2,10,53,40,20,20,13,1,12,19,18,6,12,1,1,0,18,8,1,7,10,2,8,71,69,25,44,2,2,0,9,5,2,3,4,3,1
S01010678,309,231,83,148,78,21,57,23,11,0,11,12,3,9,7,3,0,3,4,2,2,45,24,3,21,21,2,19,61,44,15,29,17,2,15,30,24,5,19,6,3,3,25,20,9,11,5,3,2,103,93,47,46,10,5,5,15,12,4,8,3,1,2
S01010679,280,219,76,143,61,19,42,8,5,1,4,3,0,3,12,8,1,7,4,1,3,21,11,0,11,10,1,9,103,79,28,51,24,6,18,18,13,2,11,5,2,3,28,23,7,16,5,3,2,75,68,33,35,7,4,3,15,12,4,8,3,2,1
S01010680,314,243,89,154,71,16,55,15,9,1,8,6,0,6,3,3,1,2,0,0,0,24,15,1,14,9,1,8,106,75,32,43,31,6,25,20,18,3,15,2,0,2,28,22,11,11,6,2,4,98,90,36,54,8,3,5,20,11,4,7,9,4,5
S01010681,520,435,149,286,85,16,69,39,23,5,18,16,2,14,9,5,3,2,4,0,4,42,29,0,29,13,0,13,153,133,48,85,20,2,18,24,22,1,21,2,1,1,57,50,10,40,7,1,6,165,153,72,81,12,3,9,31,20,10,10,11,7,4
S01010682,500,355,115,240,145,34,111,41,25,0,25,16,3,13,20,5,1,4,15,4,11,57,33,2,31,24,0,24,117,82,29,53,35,8,27,42,30,11,19,12,4,8,52,37,15,22,15,4,11,142,127,53,74,15,8,7,29,16,4,12,13,3,10
S01010683,456,310,84,226,146,48,98,50,17,1,16,33,6,27,18,15,1,14,3,2,1,59,34,1,33,25,7,18,98,68,21,47,30,12,18,32,24,3,21,8,2,6,47,27,6,21,20,8,12,129,117,51,66,12,5,7,23,8,0,8,15,6,9
S01010684,385,254,77,177,131,31,100,30,13,1,12,17,5,12,26,14,3,11,12,6,6,37,16,3,13,21,3,18,113,67,19,48,46,4,42,31,25,8,17,6,4,2,34,25,6,19,9,1,8,95,85,33,52,10,4,6,19,9,4,5,10,4,6
S01010685,280,164,55,109,116,33,83,43,13,4,9,30,3,27,14,7,2,5,7,3,4,34,14,0,14,20,8,12,52,32,12,20,20,3,17,24,19,4,15,5,1,4,38,22,8,14,16,5,11,56,49,21,28,7,6,1,19,8,4,4,11,4,7
S01010686,344,228,62,166,116,45,71,23,17,2,15,6,2,4,11,4,1,3,7,1,6,61,38,6,32,23,5,18,75,48,16,32,27,11,16,27,17,3,14,10,4,6,37,17,4,13,20,7,13,75,62,23,39,13,11,2,35,25,7,18,10,4,6
S01010687,384,281,93,188,103,27,76,24,7,0,7,17,1,16,5,4,0,4,1,0,1,33,27,5,22,6,0,6,114,73,30,43,41,8,33,26,20,3,17,6,2,4,27,18,8,10,9,3,6,131,118,44,74,13,7,6,24,14,3,11,10,6,4
S01010688,372,234,67,167,138,41,97,66,34,3,31,32,5,27,25,14,0,14,11,4,7,30,11,0,11,19,6,13,96,59,17,42,37,7,30,18,13,3,10,5,2,3,40,24,6,18,16,7,9,83,71,36,35,12,6,6,14,8,2,6,6,4,2
S01010689,335,220,70,150,115,30,85,42,31,2,29,11,3,8,18,9,1,8,9,3,6,35,12,1,11,23,2,21,70,36,11,25,34,5,29,22,14,3,11,8,3,5,34,22,6,16,12,7,5,90,82,45,37,8,3,5,24,14,1,13,10,4,6
S01010690,334,244,67,177,90,23,67,31,19,0,19,12,0,12,9,4,1,3,5,2,3,26,17,1,16,9,1,8,123,85,31,54,38,6,32,26,24,5,19,2,1,1,20,12,2,10,8,4,4,79,74,25,49,5,2,3,20,9,2,7,11,7,4
S01010691,388,231,83,148,157,41,116,57,34,8,26,23,10,13,19,2,1,1,17,2,15,47,15,1,14,32,3,29,78,50,18,32,28,6,22,32,20,10,10,12,6,6,40,19,4,15,21,8,13,96,82,39,43,14,4,10,19,9,2,7,10,2,8
S01010692,406,317,110,207,89,18,71,37,29,3,26,8,0,8,8,6,1,5,2,1,1,52,29,1,28,23,5,18,142,118,46,72,24,5,19,29,21,4,17,8,1,7,26,18,9,9,8,1,7,96,85,40,45,11,3,8,16,11,6,5,5,2,3
S01010693,249,161,55,106,88,26,62,43,25,2,23,18,4,14,17,14,5,9,3,0,3,26,10,1,9,16,4,12,45,26,12,14,19,6,13,16,11,3,8,5,1,4,26,11,3,8,15,6,9,64,58,24,34,6,3,3,12,6,5,1,6,2,4
S01010694,239,175,53,122,64,21,43,24,18,1,17,6,2,4,10,2,1,1,8,1,7,39,24,0,24,15,2,13,50,31,12,19,19,6,13,19,16,2,14,3,0,3,14,7,3,4,7,5,2,69,65,27,38,4,3,1,14,12,7,5,2,2,0
S01010695,380,284,82,202,96,24,72,40,18,2,16,22,3,19,28,23,3,20,5,1,4,45,25,1,24,20,3,17,74,61,22,39,13,4,9,28,24,3,21,4,1,3,48,31,12,19,17,5,12,98,91,34,57,7,2,5,19,11,5,6,8,5,3
S01010696,519,421,104,317,98,32,66,18,13,0,13,5,2,3,36,33,1,32,3,0,3,59,43,0,43,16,2,14,138,114,28,86,24,9,15,24,17,1,16,7,2,5,66,40,13,27,26,10,16,150,138,47,91,12,5,7,28,23,14,9,5,2,3
S01010697,526,414,117,297,112,33,79,46,25,4,21,21,3,18,50,45,2,43,5,2,3,65,41,2,39,24,5,19,110,91,39,52,19,4,15,22,18,1,17,4,1,3,51,26,6,20,25,11,14,161,154,60,94,7,5,2,21,14,3,11,7,2,5
S01010698,350,251,81,170,99,28,71,30,14,1,13,16,2,14,11,5,1,4,6,2,4,43,30,2,28,13,2,11,87,61,27,34,26,5,21,25,21,5,16,4,3,1,54,36,10,26,18,7,11,81,71,30,41,10,4,6,19,13,5,8,6,3,3
S01010699,334,257,86,171,77,29,48,29,17,2,15,12,3,9,26,23,2,21,3,1,2,49,33,10,23,16,5,11,51,42,21,21,9,5,4,21,17,1,16,4,2,2,44,28,6,22,16,6,10,89,81,36,45,8,5,3,25,16,8,8,9,2,7
S01010700,324,255,82,173,69,22,47,25,16,5,11,9,1,8,21,20,1,19,1,0,1,41,28,3,25,13,4,9,61,50,29,21,11,2,9,20,18,3,15,2,0,2,40,25,6,19,15,4,11,95,84,27,57,11,6,5,21,14,8,6,7,5,2
S01010701,549,475,133,342,74,17,57,35,31,0,31,4,1,3,42,37,1,36,5,2,3,73,52,4,48,21,2,19,122,106,54,52,16,5,11,30,28,3,25,2,0,2,55,45,10,35,10,1,9,161,153,54,99,8,4,4,31,23,7,16,8,2,6
S01010702,511,403,96,307,108,22,86,42,27,0,27,15,3,12,54,47,3,44,7,0,7,58,31,3,28,27,0,27,78,62,22,40,16,3,13,47,41,5,36,6,2,4,59,41,11,30,18,6,12,149,138,44,94,11,5,6,24,16,8,8,8,3,5
S01010703,448,339,104,235,109,27,82,41,24,1,23,17,1,16,39,32,6,26,7,2,5,59,38,5,33,21,3,18,73,52,21,31,21,1,20,16,14,5,9,2,1,1,48,29,2,27,19,9,10,150,135,55,80,15,9,6,22,15,9,6,7,1,6
S01010704,299,266,72,194,33,10,23,13,11,1,10,2,1,1,34,32,2,30,2,1,1,30,22,1,21,8,1,7,84,76,28,48,8,1,7,24,23,1,22,1,1,0,31,27,10,17,4,1,3,74,69,28,41,5,2,3,9,6,1,5,3,2,1
S01010705,547,470,114,356,77,18,59,40,34,3,31,6,0,6,48,48,3,45,0,0,0,65,44,1,43,21,1,20,104,94,29,65,10,1,9,42,34,5,29,8,0,8,54,40,9,31,14,4,10,166,157,57,100,9,7,2,28,19,7,12,9,5,4
S01010706,315,278,76,202,37,5,32,13,12,1,11,1,0,1,21,20,2,18,1,1,0,45,30,2,28,15,0,15,71,63,27,36,8,1,7,28,24,3,21,4,0,4,31,26,4,22,5,2,3,88,87,30,57,1,0,1,18,16,7,9,2,1,1
S01010707,377,280,75,205,97,32,65,39,27,3,24,12,1,11,24,20,1,19,4,1,3,46,23,0,23,23,1,22,75,61,27,34,14,6,8,18,10,2,8,8,4,4,50,32,6,26,18,7,11,105,95,32,63,10,7,3,20,12,4,8,8,5,3
S01010708,289,240,71,169,49,15,34,18,11,0,11,7,2,5,11,10,0,10,1,0,1,45,34,3,31,11,1,10,67,58,27,31,9,2,7,14,13,1,12,1,1,0,43,34,6,28,9,4,5,82,77,33,44,5,3,2,9,3,1,2,6,2,4
S01010709,402,351,96,255,51,13,38,25,20,1,19,5,1,4,31,30,1,29,1,0,1,45,31,4,27,14,0,14,76,65,30,35,11,1,10,22,17,0,17,5,2,3,35,33,5,28,2,1,1,149,144,51,93,5,3,2,19,11,4,7,8,5,3
S01010710,341,315,108,207,26,8,18,10,9,0,9,1,0,1,23,22,1,21,1,0,1,56,46,5,41,10,1,9,82,80,45,35,2,1,1,23,22,3,19,1,1,0,43,39,10,29,4,1,3,92,89,37,52,3,1,2,12,8,7,1,4,3,1
S01010711,383,332,99,233,51,13,38,20,15,5,10,5,0,5,24,21,4,17,3,1,2,42,31,2,29,11,2,9,63,54,22,32,9,1,8,13,10,2,8,3,2,1,46,36,9,27,10,6,4,162,155,53,102,7,0,7,13,10,2,8,3,1,2
S01010712,356,330,108,222,26,8,18,13,12,0,12,1,0,1,37,37,5,32,0,0,0,52,44,2,42,8,0,8,89,86,49,37,3,0,3,23,21,1,20,2,0,2,30,27,11,16,3,2,1,92,89,35,54,3,2,1,20,14,5,9,6,4,2
S01010713,421,392,113,279,29,9,20,20,20,2,18,0,0,0,48,40,3,37,8,2,6,46,36,3,33,10,1,9,105,102,44,58,3,0,3,31,30,4,26,1,1,0,46,43,14,29,3,2,1,110,107,40,67,3,3,0,15,14,3,11,1,0,1
S01010714,310,286,89,197,24,9,15,13,13,2,11,0,0,0,33,32,1,31,1,0,1,33,24,2,22,9,2,7,88,83,46,37,5,2,3,23,23,1,22,0,0,0,35,31,9,22,4,4,0,78,75,25,50,3,0,3,7,5,3,2,2,1,1
S01010715,337,302,94,208,35,8,27,12,11,0,11,1,0,1,29,28,1,27,1,0,1,41,29,2,27,12,2,10,93,84,41,43,9,2,7,17,16,2,14,1,0,1,44,41,17,24,3,1,2,88,85,27,58,3,2,1,13,8,4,4,5,1,4
S01010716,451,404,102,302,47,13,34,15,13,0,13,2,0,2,54,53,3,50,1,1,0,49,37,3,34,12,0,12,108,97,42,55,11,1,10,31,29,3,26,2,0,2,56,48,11,37,8,3,5,119,113,35,78,6,4,2,19,14,5,9,5,4,1
S01010717,314,282,76,206,32,9,23,10,9,0,9,1,1,0,15,13,1,12,2,1,1,33,24,2,22,9,0,9,73,66,26,40,7,1,6,15,15,2,13,0,0,0,34,29,6,23,5,2,3,122,117,36,81,5,3,2,12,9,3,6,3,1,2
S01010718,498,426,133,293,72,10,62,25,18,1,17,7,0,7,40,34,0,34,6,0,6,52,33,4,29,19,1,18,129,114,56,58,15,4,11,26,22,4,18,4,0,4,62,50,14,36,12,1,11,139,137,50,87,2,1,1,25,18,4,14,7,3,4
S01010719,316,264,81,183,52,15,37,19,12,3,9,7,2,5,29,24,1,23,5,2,3,33,23,3,20,10,0,10,56,51,23,28,5,1,4,10,9,4,5,1,0,1,43,32,6,26,11,4,7,111,101,37,64,10,5,5,15,12,4,8,3,1,2
S01010720,323,259,90,169,64,32,32,21,14,1,13,7,1,6,16,16,1,15,0,0,0,30,18,1,17,12,2,10,51,42,24,18,9,6,3,15,13,2,11,2,1,1,40,22,7,15,18,9,9,128,115,44,71,13,10,3,22,19,10,9,3,3,0
S01010721,318,242,84,158,76,24,52,16,9,0,9,7,2,5,20,16,0,16,4,1,3,23,15,1,14,8,1,7,65,42,24,18,23,6,17,20,16,3,13,4,2,2,39,21,6,15,18,6,12,116,110,43,67,6,3,3,19,13,7,6,6,3,3
S01010722,406,340,85,255,66,23,43,24,14,2,12,10,3,7,39,34,0,34,5,2,3,41,26,2,24,15,1,14,79,71,23,48,8,3,5,25,19,2,17,6,3,3,37,26,7,19,11,5,6,145,138,45,93,7,4,3,16,12,4,8,4,2,2
S01010723,484,367,106,261,117,32,85,49,17,2,15,32,6,26,32,29,3,26,3,0,3,42,27,1,26,15,3,12,71,57,33,24,14,5,9,27,20,2,18,7,1,6,70,48,11,37,22,9,13,171,156,51,105,15,3,12,22,13,3,10,9,5,4
S01010724,471,380,118,262,91,26,65,58,34,1,33,24,5,19,33,29,6,23,4,2,2,46,29,3,26,17,4,13,87,74,27,47,13,2,11,27,20,6,14,7,0,7,58,46,11,35,12,6,6,142,134,58,76,8,4,4,20,14,6,8,6,3,3
S01010725,394,274,85,189,120,29,91,40,18,4,14,22,3,19,30,17,2,15,13,4,9,32,18,0,18,14,2,12,85,67,30,37,18,4,14,25,15,3,12,10,1,9,45,26,8,18,19,6,13,116,104,36,68,12,6,6,21,9,2,7,12,3,9
S01010726,432,357,118,239,75,14,61,18,11,1,10,7,1,6,24,18,3,15,6,2,4,42,26,2,24,16,0,16,99,83,39,44,16,1,15,32,25,3,22,7,1,6,56,41,10,31,15,5,10,147,141,53,88,6,3,3,14,12,7,5,2,1,1
S01010727,308,237,77,160,71,27,44,27,13,1,12,14,5,9,19,14,4,10,5,1,4,42,24,3,21,18,6,12,49,45,20,25,4,1,3,17,15,8,7,2,1,1,40,25,4,21,15,6,9,104,96,34,62,8,4,4,10,5,3,2,5,3,2
S01010728,254,212,56,156,42,13,29,13,8,0,8,5,1,4,8,7,0,7,1,0,1,20,18,1,17,2,1,1,51,43,18,25,8,1,7,19,11,1,10,8,2,6,32,23,2,21,9,4,5,102,95,32,63,7,3,4,9,7,2,5,2,1,1
S01010729,403,316,101,215,87,24,63,43,17,3,14,26,6,20,21,21,3,18,0,0,0,57,32,1,31,25,1,24,77,68,36,32,9,5,4,24,20,2,18,4,2,2,33,25,9,16,8,3,5,131,124,43,81,7,3,4,17,9,4,5,8,4,4
S01010730,454,342,101,241,112,29,83,59,24,2,22,35,5,30,20,15,1,14,5,1,4,46,25,3,22,21,3,18,76,65,30,35,11,3,8,27,22,4,18,5,0,5,51,39,4,35,12,6,6,155,142,53,89,13,9,4,20,10,4,6,10,2,8
S01010731,442,351,111,240,91,28,63,31,23,2,21,8,0,8,29,25,3,22,4,2,2,30,18,1,17,12,2,10,97,75,38,37,22,3,19,35,27,3,24,8,3,5,51,31,6,25,20,10,10,149,138,51,87,11,6,5,20,14,7,7,6,2,4
S01010732,354,324,113,211,30,10,20,21,20,2,18,1,0,1,44,42,3,39,2,0,2,37,30,2,28,7,0,7,92,84,43,41,8,2,6,27,27,4,23,0,0,0,37,33,12,21,4,3,1,83,79,41,38,4,4,0,13,9,6,3,4,1,3
S01010733,233,215,62,153,18,6,12,16,14,2,12,2,0,2,27,27,2,25,0,0,0,30,27,1,26,3,0,3,63,58,27,31,5,1,4,22,19,3,16,3,1,2,17,16,5,11,1,0,1,55,53,22,31,2,2,0,3,1,0,1,2,2,0
S01010734,383,346,105,241,37,12,25,22,20,1,19,2,0,2,57,52,2,50,5,1,4,39,30,1,29,9,2,7,84,77,44,33,7,1,6,41,39,8,31,2,1,1,39,32,6,26,7,4,3,79,77,34,43,2,2,0,22,19,9,10,3,1,2
S01010735,253,234,58,176,19,8,11,8,8,0,8,0,0,0,40,39,1,38,1,0,1,27,23,0,23,4,2,2,64,60,29,31,4,1,3,23,21,4,17,2,0,2,24,19,3,16,5,3,2,62,60,18,42,2,2,0,5,4,3,1,1,0,1
S01010736,250,221,55,166,29,5,24,19,16,0,16,3,0,3,30,27,1,26,3,0,3,36,28,0,28,8,0,8,42,38,15,23,4,1,3,19,18,2,16,1,1,0,26,22,6,16,4,1,3,64,61,25,36,3,1,2,14,11,6,5,3,1,2
S01010737,472,424,116,308,48,9,39,23,20,0,20,3,1,2,54,50,3,47,4,0,4,52,42,4,38,10,0,10,113,103,39,64,10,2,8,35,31,9,22,4,0,4,52,44,10,34,8,2,6,124,121,47,74,3,3,0,19,13,4,9,6,1,5
S01010738,263,244,84,160,19,4,15,17,16,1,15,1,0,1,36,32,3,29,4,0,4,39,33,2,31,6,1,5,54,51,30,21,3,1,2,16,15,2,13,1,0,1,22,22,6,16,0,0,0,66,63,32,31,3,2,1,13,12,8,4,1,0,1
S01010739,415,370,99,271,45,13,32,25,20,0,20,5,1,4,69,67,4,63,2,0,2,31,22,0,22,9,3,6,93,82,46,36,11,1,10,45,43,7,36,2,0,2,34,30,8,22,4,1,3,105,97,30,67,8,6,2,13,9,4,5,4,1,3
S01010740,187,175,59,116,12,5,7,12,11,2,9,1,0,1,24,23,1,22,1,1,0,16,14,2,12,2,0,2,40,39,25,14,1,0,1,20,19,3,16,1,1,0,17,15,4,11,2,1,1,51,50,21,29,1,1,0,7,4,1,3,3,1,2
S01010741,261,219,56,163,42,8,34,19,14,0,14,5,0,5,23,18,1,17,5,1,4,31,24,1,23,7,0,7,54,42,20,22,12,3,9,18,16,2,14,2,0,2,35,29,2,27,6,0,6,72,68,25,43,4,3,1,9,8,5,3,1,1,0
S01010742,334,323,83,240,11,3,8,23,23,1,22,0,0,0,57,55,1,54,2,1,1,36,31,0,31,5,0,5,62,62,28,34,0,0,0,33,32,3,29,1,0,1,26,25,3,22,1,1,0,90,88,44,44,2,1,1,7,7,3,4,0,0,0
S01010743,280,268,87,181,12,2,10,12,11,0,11,1,0,1,39,38,2,36,1,0,1,30,24,1,23,6,1,5,65,62,33,29,3,1,2,23,22,2,20,1,0,1,28,28,7,21,0,0,0,76,76,39,37,0,0,0,7,7,3,4,0,0,0
S01010744,515,455,128,327,60,20,40,41,35,3,32,6,0,6,73,69,6,63,4,2,2,58,45,3,42,13,3,10,87,74,33,41,13,3,10,35,32,4,28,3,1,2,55,47,10,37,8,3,5,137,134,62,72,3,2,1,29,19,7,12,10,6,4
S01010745,284,248,63,185,36,5,31,15,14,3,11,1,0,1,42,37,1,36,5,1,4,23,16,1,15,7,0,7,50,37,17,20,13,2,11,23,20,2,18,3,0,3,30,28,3,25,2,1,1,90,86,31,55,4,1,3,11,10,5,5,1,0,1
S01010746,512,401,118,283,111,23,88,53,32,4,28,21,3,18,42,36,4,32,6,2,4,59,32,5,27,27,3,24,97,83,29,54,14,4,10,35,27,5,22,8,1,7,71,50,12,38,21,5,16,128,124,50,74,4,1,3,27,17,9,8,10,4,6
S01010747,378,335,122,213,43,15,28,29,25,3,22,4,2,2,35,33,0,33,2,1,1,43,35,7,28,8,1,7,89,76,46,30,13,2,11,25,23,9,14,2,1,1,40,31,6,25,9,5,4,105,102,44,58,3,2,1,12,10,7,3,2,1,1
S01010748,295,226,66,160,69,19,50,42,25,2,23,17,4,13,13,12,3,9,1,0,1,42,26,1,25,16,2,14,64,47,19,28,17,9,8,21,18,7,11,3,0,3,39,30,6,24,9,2,7,60,55,23,32,5,2,3,14,13,5,8,1,0,1
S01010749,294,236,79,157,58,14,44,36,17,1,16,19,4,15,24,22,1,21,2,0,2,37,25,2,23,12,0,12,45,35,20,15,10,2,8,25,20,2,18,5,1,4,32,27,7,20,5,4,1,88,85,43,42,3,2,1,7,5,3,2,2,1,1
S01010750,280,200,62,138,80,20,60,40,20,4,16,20,3,17,8,8,0,8,0,0,0,42,25,3,22,17,2,15,51,42,18,24,9,0,9,22,18,2,16,4,3,1,36,18,5,13,18,7,11,67,65,29,36,2,1,1,14,4,1,3,10,4,6
S01010751,281,236,84,152,45,15,30,18,11,0,11,7,3,4,23,21,1,20,2,1,1,30,24,1,23,6,0,6,86,74,38,36,12,4,8,18,16,0,16,2,0,2,32,27,10,17,5,1,4,68,61,34,27,7,5,2,6,2,0,2,4,1,3
S01010752,334,297,84,213,37,11,26,19,16,1,15,3,1,2,37,36,0,36,1,0,1,28,19,1,18,9,2,7,105,95,46,49,10,2,8,25,22,0,22,3,0,3,38,32,7,25,6,3,3,68,64,23,41,4,2,2,14,13,6,7,1,1,0
S01010753,449,369,121,248,80,24,56,24,16,1,15,8,2,6,30,24,3,21,6,3,3,50,32,1,31,18,0,18,108,99,52,47,9,4,5,36,32,3,29,4,2,2,65,46,14,32,19,6,13,123,115,45,70,8,4,4,13,5,2,3,8,3,5
S01010754,290,244,71,173,46,14,32,18,14,2,12,4,0,4,29,28,1,27,1,1,0,27,16,1,15,11,1,10,84,70,35,35,14,3,11,22,18,3,15,4,1,3,26,22,5,17,4,2,2,66,63,20,43,3,3,0,18,13,4,9,5,3,2
S01010755,304,265,89,176,39,12,27,12,9,1,8,3,1,2,29,26,3,23,3,1,2,41,29,1,28,12,3,9,78,72,37,35,6,1,5,28,26,2,24,2,1,1,33,29,7,22,4,1,3,70,67,36,31,3,2,1,13,7,2,5,6,2,4
S01010756,332,272,86,186,60,12,48,19,14,1,13,5,2,3,18,16,1,15,2,0,2,45,32,3,29,13,0,13,69,58,30,28,11,1,10,25,22,3,19,3,0,3,49,35,10,25,14,4,10,98,90,36,54,8,4,4,9,5,2,3,4,1,3
S01010757,349,268,71,197,81,21,60,44,21,1,20,23,3,20,22,16,2,14,6,3,3,40,23,0,23,17,2,15,68,56,13,43,12,3,9,24,20,2,18,4,3,1,41,33,9,24,8,2,6,86,80,38,42,6,2,4,24,19,6,13,5,3,2
S01010758,296,230,76,154,66,17,49,24,16,2,14,8,0,8,9,7,1,6,2,0,2,36,18,1,17,18,4,14,83,64,27,37,19,4,15,16,14,3,11,2,0,2,26,19,6,13,7,4,3,81,77,33,44,4,1,3,21,15,3,12,6,4,2
S01010759,291,248,66,182,43,8,35,16,13,0,13,3,1,2,7,6,0,6,1,1,0,42,29,2,27,13,0,13,79,68,15,53,11,1,10,11,11,1,10,0,0,0,26,20,7,13,6,1,5,79,74,33,41,5,3,2,31,27,8,19,4,1,3
S01010760,223,182,52,130,41,9,32,6,4,1,3,2,0,2,14,12,2,10,2,1,1,21,12,0,12,9,1,8,49,40,18,22,9,0,9,4,2,1,1,2,2,0,37,28,3,25,9,2,7,75,69,25,44,6,3,3,17,15,2,13,2,0,2
S01010761,272,212,62,150,60,13,47,34,22,2,20,12,1,11,7,7,2,5,0,0,0,28,18,1,17,10,1,9,70,59,20,39,11,3,8,13,9,1,8,4,1,3,36,20,8,12,16,4,12,67,65,24,41,2,1,1,17,12,4,8,5,2,3
S01010762,271,201,59,142,70,10,60,41,16,1,15,25,1,24,24,21,2,19,3,0,3,25,18,1,17,7,0,7,53,37,15,22,16,2,14,18,16,3,13,2,1,1,31,27,10,17,4,1,3,65,58,24,34,7,2,5,14,8,3,5,6,3,3
S01010763,307,227,76,151,80,17,63,32,17,2,15,15,6,9,21,16,0,16,5,0,5,54,30,1,29,24,2,22,50,35,19,16,15,2,13,22,17,1,16,5,2,3,39,30,13,17,9,3,6,78,72,38,34,6,2,4,11,10,2,8,1,0,1
S01010764,265,181,62,119,84,20,64,37,12,0,12,25,3,22,6,4,2,2,2,1,1,27,16,2,14,11,1,10,43,28,11,17,15,5,10,17,15,3,12,2,0,2,47,30,9,21,17,6,11,74,66,30,36,8,2,6,14,10,5,5,4,2,2
S01010765,452,345,122,223,107,38,69,59,37,3,34,22,5,17,13,9,2,7,4,2,2,48,32,0,32,16,3,13,109,81,37,44,28,10,18,39,33,7,26,6,3,3,42,28,7,21,14,7,7,119,112,61,51,7,6,1,23,13,5,8,10,2,8
S01010766,314,251,80,171,63,14,49,20,13,1,12,7,0,7,21,16,0,16,5,1,4,47,31,2,29,16,3,13,53,46,19,27,7,0,7,13,9,1,8,4,1,3,38,24,11,13,14,6,8,109,103,42,61,6,2,4,13,9,4,5,4,1,3
S01010767,286,247,82,165,39,11,28,9,9,0,9,0,0,0,20,17,0,17,3,1,2,28,23,1,22,5,0,5,83,76,39,37,7,1,6,17,11,0,11,6,2,4,27,21,5,16,6,2,4,78,72,28,44,6,3,3,24,18,9,9,6,2,4
S01010768,232,199,66,133,33,12,21,15,14,1,13,1,0,1,12,9,1,8,3,0,3,33,25,2,23,8,0,8,47,42,26,16,5,2,3,14,10,2,8,4,2,2,26,24,11,13,2,1,1,64,60,20,40,4,2,2,21,15,3,12,6,5,1
S01010769,224,159,47,112,65,17,48,32,10,1,9,22,2,20,17,12,2,10,5,1,4,35,23,3,20,12,1,11,29,18,8,10,11,4,7,18,14,2,12,4,2,2,19,15,3,12,4,2,2,66,62,24,38,4,3,1,8,5,4,1,3,2,1
S01010770,428,350,128,222,78,23,55,31,21,2,19,10,1,9,19,17,0,17,2,1,1,68,45,0,45,23,4,19,93,71,42,29,22,5,17,16,16,3,13,0,0,0,32,24,9,15,8,6,2,146,138,68,70,8,5,3,23,18,4,14,5,1,4
S01010771,337,250,90,160,87,15,72,44,23,4,19,21,2,19,15,9,1,8,6,3,3,59,37,1,36,22,3,19,78,52,22,30,26,1,25,23,22,6,16,1,1,0,31,26,10,16,5,0,5,71,69,39,30,2,2,0,16,12,7,5,4,3,1
S01010772,333,246,76,170,87,25,62,52,23,1,22,29,4,25,20,14,1,13,6,3,3,45,28,1,27,17,5,12,51,35,18,17,16,4,12,21,21,4,17,0,0,0,44,36,11,25,8,3,5,82,78,35,43,4,2,2,18,11,5,6,7,4,3
S01010773,381,304,96,208,77,19,58,53,25,2,23,28,11,17,30,20,3,17,10,3,7,38,29,0,29,9,0,9,83,69,35,34,14,0,14,21,20,3,17,1,0,1,50,44,12,32,6,2,4,96,89,39,50,7,3,4,10,8,2,6,2,0,2
S01010774,314,246,73,173,68,22,46,28,15,1,14,13,2,11,21,18,2,16,3,1,2,42,27,3,24,15,6,9,58,44,21,23,14,1,13,17,15,1,14,2,0,2,23,16,4,12,7,2,5,107,98,37,61,9,7,2,18,13,4,9,5,3,2
S01010775,377,304,110,194,73,17,56,57,34,1,33,23,2,21,24,21,6,15,3,0,3,43,23,0,23,20,5,15,64,55,32,23,9,3,6,25,23,3,20,2,0,2,28,23,6,17,5,1,4,117,114,57,57,3,1,2,19,11,5,6,8,5,3
S01010776,259,225,73,152,34,5,29,24,17,1,16,7,0,7,18,14,0,14,4,2,2,25,20,2,18,5,0,5,50,42,29,13,8,0,8,12,11,1,10,1,1,0,33,31,7,24,2,1,1,87,85,30,55,2,0,2,10,5,3,2,5,1,4
S01010777,227,205,70,135,22,5,17,12,11,0,11,1,0,1,24,22,2,20,2,0,2,18,12,1,11,6,2,4,60,57,33,24,3,0,3,16,14,2,12,2,0,2,17,15,1,14,2,0,2,74,69,31,38,5,2,3,6,5,0,5,1,1,0
S01010778,193,175,59,116,18,4,14,18,16,0,16,2,1,1,13,13,2,11,0,0,0,22,18,0,18,4,1,3,54,50,23,27,4,0,4,14,12,5,7,2,1,1,22,19,7,12,3,1,2,48,47,22,25,1,0,1,2,0,0,0,2,0,2
S01010779,304,278,94,184,26,6,20,23,21,2,19,2,0,2,17,15,3,12,2,1,1,27,19,0,19,8,1,7,77,72,42,30,5,0,5,23,22,1,21,1,0,1,42,38,11,27,4,2,2,83,79,31,48,4,2,2,12,12,4,8,0,0,0
S01010780,259,241,72,169,18,6,12,26,24,0,24,2,1,1,11,11,0,11,0,0,0,31,26,1,25,5,0,5,57,53,28,25,4,2,2,20,19,5,14,1,1,0,25,24,3,21,1,0,1,81,79,32,47,2,0,2,8,5,3,2,3,2,1
S01010781,409,349,114,235,60,12,48,32,28,1,27,4,3,1,20,13,0,13,7,2,5,47,36,2,34,11,0,11,96,75,43,32,21,4,17,26,24,6,18,2,0,2,48,40,7,33,8,1,7,130,124,49,75,6,2,4,10,9,6,3,1,0,1
S01010782,245,196,57,139,49,10,39,20,13,0,13,7,0,7,23,20,2,18,3,2,1,24,17,1,16,7,0,7,68,53,21,32,15,2,13,15,15,2,13,0,0,0,25,15,5,10,10,4,6,57,57,24,33,0,0,0,13,6,2,4,7,2,5
S01010783,241,220,71,149,21,3,18,18,15,1,14,3,1,2,22,22,0,22,0,0,0,41,36,2,34,5,1,4,71,68,34,34,3,0,3,24,20,2,18,4,0,4,17,17,5,12,0,0,0,43,39,26,13,4,1,3,5,3,1,2,2,0,2
S01010784,319,298,108,190,21,5,16,27,24,3,21,3,1,2,19,18,2,16,1,0,1,37,27,1,26,10,1,9,86,83,46,37,3,1,2,18,18,2,16,0,0,0,34,33,12,21,1,0,1,87,86,37,49,1,1,0,11,9,5,4,2,1,1
S01010785,359,320,88,232,39,9,30,45,37,1,36,8,2,6,20,19,0,19,1,0,1,29,25,1,24,4,0,4,74,64,37,27,10,3,7,22,19,0,19,3,2,1,30,25,9,16,5,1,4,132,125,38,87,7,1,6,7,6,2,4,1,0,1
S01010786,347,313,109,204,34,8,26,45,40,4,36,5,0,5,14,13,1,12,1,0,1,32,21,2,19,11,2,9,66,57,33,24,9,2,7,22,20,3,17,2,1,1,34,30,5,25,4,2,2,126,125,57,68,1,1,0,8,7,4,3,1,0,1
S01010787,446,342,98,244,104,23,81,68,28,5,23,40,2,38,17,13,2,11,4,0,4,47,34,1,33,13,3,10,95,75,31,44,20,5,15,33,32,5,27,1,0,1,42,31,4,27,11,5,6,130,122,46,76,8,5,3,14,7,4,3,7,3,4
S01010788,345,284,89,195,61,13,48,67,32,1,31,35,5,30,18,15,1,14,3,0,3,23,20,1,19,3,0,3,61,59,37,22,2,2,0,23,19,3,16,4,1,3,43,36,8,28,7,1,6,99,95,33,62,4,1,3,11,8,5,3,3,3,0
S01010789,352,265,88,177,87,21,66,70,25,4,21,45,7,38,18,15,0,15,3,1,2,40,27,2,25,13,2,11,72,60,35,25,12,4,8,26,24,3,21,2,0,2,27,26,7,19,1,0,1,90,82,32,50,8,6,2,9,6,5,1,3,1,2
S01010790,336,252,82,170,84,18,66,54,24,1,23,30,9,21,22,19,3,16,3,1,2,55,38,7,31,17,0,17,64,48,25,23,16,2,14,20,19,1,18,1,1,0,39,30,4,26,9,2,7,72,68,39,29,4,2,2,10,6,2,4,4,1,3
S01010791,394,299,81,218,95,23,72,68,41,4,37,27,4,23,28,22,3,19,6,0,6,19,13,3,10,6,2,4,75,55,22,33,20,5,15,39,32,4,28,7,1,6,58,44,7,37,14,8,6,96,87,34,53,9,0,9,11,5,4,1,6,3,3
S01010792,292,272,80,192,20,8,12,26,26,2,24,0,0,0,34,33,2,31,1,0,1,36,31,3,28,5,0,5,42,39,20,19,3,2,1,29,25,5,20,4,2,2,34,31,6,25,3,1,2,84,82,40,42,2,1,1,7,5,2,3,2,2,0
S01010793,337,267,69,198,70,16,54,70,38,3,35,32,3,29,20,20,3,17,0,0,0,26,17,2,15,9,5,4,51,43,17,26,8,3,5,28,17,2,15,11,2,9,43,39,5,34,4,0,4,93,88,34,54,5,2,3,6,5,3,2,1,1,0
S01010794,283,237,62,175,46,12,34,49,33,2,31,16,3,13,18,16,1,15,2,0,2,22,15,1,14,7,2,5,55,47,22,25,8,1,7,18,16,5,11,2,1,1,43,35,6,29,8,4,4,68,67,21,46,1,1,0,10,8,4,4,2,0,2
S01010795,443,385,117,268,58,16,42,54,47,4,43,7,1,6,49,47,10,37,2,0,2,41,26,3,23,15,1,14,69,60,33,27,9,4,5,25,21,5,16,4,2,2,56,50,11,39,6,1,5,140,129,49,80,11,5,6,9,5,2,3,4,2,2
S01010796,444,333,83,250,111,20,91,109,52,6,46,57,10,47,38,32,6,26,6,1,5,31,23,2,21,8,1,7,51,42,13,29,9,1,8,21,20,3,17,1,0,1,56,48,15,33,8,0,8,123,106,32,74,17,7,10,15,10,6,4,5,0,5
S01010797,429,363,92,271,66,14,52,82,47,7,40,35,2,33,29,27,1,26,2,1,1,31,27,1,26,4,1,3,58,51,25,26,7,1,6,22,20,1,19,2,1,1,58,52,7,45,6,3,3,139,133,47,86,6,3,3,10,6,3,3,4,2,2
S01010798,325,259,72,187,66,13,53,64,28,2,26,36,9,27,10,8,2,6,2,0,2,24,18,1,17,6,0,6,48,39,20,19,9,1,8,14,13,1,12,1,0,1,58,51,11,40,7,0,7,98,94,32,62,4,2,2,9,8,3,5,1,1,0
S01010799,421,370,83,287,51,21,30,51,46,1,45,5,1,4,26,24,3,21,2,0,2,23,18,2,16,5,0,5,85,74,33,41,11,3,8,44,38,4,34,6,5,1,64,53,7,46,11,5,6,116,108,27,81,8,4,4,12,9,6,3,3,3,0
S01010800,358,331,102,229,27,4,23,35,34,1,33,1,0,1,34,32,4,28,2,0,2,38,31,2,29,7,0,7,87,84,42,42,3,1,2,41,39,8,31,2,0,2,31,31,7,24,0,0,0,77,66,29,37,11,3,8,15,14,9,5,1,0,1
S01010801,326,300,96,204,26,8,18,25,22,0,22,3,0,3,16,15,0,15,1,0,1,25,20,0,20,5,0,5,85,76,44,32,9,3,6,25,23,2,21,2,2,0,45,43,7,36,2,0,2,93,90,36,54,3,3,0,12,11,7,4,1,0,1
S01010802,293,259,60,199,34,12,22,38,36,0,36,2,0,2,19,19,2,17,0,0,0,27,20,2,18,7,2,5,50,43,16,27,7,2,5,21,21,1,20,0,0,0,45,39,6,33,6,2,4,76,69,29,40,7,3,4,17,12,4,8,5,3,2
S01010803,253,225,65,160,28,10,18,16,15,0,15,1,0,1,13,13,0,13,0,0,0,22,17,1,16,5,1,4,71,59,34,25,12,4,8,26,22,2,20,4,1,3,41,38,4,34,3,2,1,55,52,19,33,3,2,1,9,9,5,4,0,0,0
S01010804,284,252,72,180,32,5,27,29,29,3,26,0,0,0,22,19,0,19,3,0,3,22,14,0,14,8,1,7,54,45,24,21,9,0,9,16,14,2,12,2,0,2,49,45,7,38,4,1,3,80,78,32,46,2,0,2,12,8,4,4,4,3,1
S01010805,417,382,108,274,35,5,30,45,42,2,40,3,0,3,24,22,1,21,2,0,2,23,20,1,19,3,0,3,79,75,49,26,4,1,3,25,22,4,18,3,0,3,69,65,6,59,4,0,4,129,122,37,85,7,2,5,23,14,8,6,9,2,7
S01010806,393,358,118,240,35,7,28,44,39,2,37,5,1,4,16,15,2,13,1,0,1,29,23,0,23,6,0,6,95,90,52,38,5,1,4,28,24,6,18,4,1,3,46,41,8,33,5,2,3,124,116,43,73,8,2,6,11,10,5,5,1,0,1
S01010807,276,245,67,178,31,14,17,43,39,3,36,4,0,4,22,20,1,19,2,0,2,26,23,1,22,3,1,2,53,42,27,15,11,6,5,24,23,4,19,1,1,0,28,26,1,25,2,1,1,66,63,24,39,3,2,1,14,9,6,3,5,3,2
S01010808,260,241,56,185,19,8,11,29,25,0,25,4,1,3,16,14,0,14,2,0,2,15,15,0,15,0,0,0,44,41,15,26,3,1,2,27,25,2,23,2,1,1,49,45,7,38,4,2,2,74,71,29,42,3,2,1,6,5,3,2,1,1,0
S01010809,410,375,87,288,35,8,27,64,56,8,48,8,0,8,30,26,2,24,4,0,4,27,24,1,23,3,0,3,73,61,28,33,12,5,7,33,31,4,27,2,1,1,58,57,12,45,1,1,0,118,114,27,87,4,1,3,7,6,5,1,1,0,1
S01010810,198,155,25,130,43,10,33,35,24,1,23,11,1,10,6,5,0,5,1,1,0,29,25,1,24,4,0,4,35,21,6,15,14,1,13,11,8,1,7,3,1,2,25,19,1,18,6,3,3,50,49,13,36,1,1,0,7,4,2,2,3,2,1
S01010811,432,323,105,218,109,35,74,56,32,3,29,24,4,20,14,12,1,11,2,1,1,57,32,1,31,25,7,18,69,45,20,25,24,4,20,28,23,9,14,5,4,1,46,36,12,24,10,4,6,137,124,55,69,13,6,7,25,19,4,15,6,5,1
S01010812,236,164,49,115,72,16,56,38,20,3,17,18,3,15,5,2,0,2,3,0,3,33,16,1,15,17,1,16,40,25,9,16,15,4,11,20,15,3,12,5,3,2,23,16,6,10,7,2,5,65,62,26,36,3,2,1,12,8,1,7,4,1,3
S01010813,271,188,55,133,83,23,60,36,23,0,23,13,3,10,22,17,7,10,5,3,2,26,17,0,17,9,1,8,81,50,18,32,31,5,26,16,12,2,10,4,0,4,22,12,0,12,10,5,5,57,50,25,25,7,5,2,11,7,3,4,4,1,3
S01010814,319,199,53,146,120,31,89,67,40,4,36,27,5,22,13,10,2,8,3,2,1,31,15,1,14,16,1,15,68,28,13,15,40,7,33,24,19,5,14,5,3,2,24,13,1,12,11,5,6,77,63,23,40,14,7,7,15,11,4,7,4,1,3
S01010815,240,201,68,133,39,7,32,50,37,0,37,13,0,13,4,4,1,3,0,0,0,15,9,0,9,6,1,5,45,35,20,15,10,1,9,13,12,3,9,1,0,1,18,15,5,10,3,1,2,81,80,39,41,1,1,0,14,9,0,9,5,3,2
S01010816,248,187,65,122,61,17,44,6,4,1,3,2,1,1,15,15,3,12,0,0,0,14,10,1,9,4,1,3,31,21,10,11,10,2,8,34,24,8,16,10,2,8,62,42,11,31,20,2,18,74,65,28,37,9,4,5,12,6,3,3,6,5,1
S01010817,408,308,79,229,100,23,77,6,5,0,5,1,0,1,33,26,2,24,7,0,7,19,8,0,8,11,4,7,48,36,13,23,12,2,10,36,29,2,27,7,1,6,104,71,18,53,33,9,24,146,124,41,83,22,6,16,16,9,3,6,7,1,6
S01010818,459,364,90,274,95,30,65,8,6,0,6,2,0,2,34,29,0,29,5,1,4,27,17,0,17,10,2,8,63,54,25,29,9,2,7,44,35,5,30,9,1,8,111,72,15,57,39,13,26,149,140,41,99,9,5,4,23,11,4,7,12,6,6
S01010819,358,299,82,217,59,17,42,7,7,2,5,0,0,0,35,34,3,31,1,0,1,22,12,0,12,10,1,9,63,53,26,27,10,2,8,31,25,7,18,6,1,5,52,43,10,33,9,3,6,128,109,29,80,19,8,11,20,16,5,11,4,2,2
S01010820,260,197,49,148,63,19,44,21,4,1,3,17,3,14,20,18,1,17,2,1,1,14,9,2,7,5,1,4,35,30,11,19,5,2,3,24,17,1,16,7,2,5,47,34,5,29,13,3,10,88,78,25,53,10,5,5,11,7,3,4,4,2,2
S01010821,256,204,52,152,52,22,30,7,4,1,3,3,0,3,20,16,2,14,4,1,3,17,11,0,11,6,1,5,37,29,12,17,8,1,7,22,20,3,17,2,2,0,54,36,5,31,18,10,8,89,80,29,51,9,5,4,10,8,0,8,2,2,0
S01010822,350,261,62,199,89,15,74,22,14,1,13,8,0,8,26,23,1,22,3,0,3,17,10,3,7,7,0,7,46,37,12,25,9,0,9,34,27,7,20,7,1,6,74,51,11,40,23,7,16,109,91,26,65,18,4,14,22,8,1,7,14,3,11
S01010823,236,207,72,135,29,10,19,14,8,2,6,6,2,4,26,23,0,23,3,1,2,8,6,0,6,2,1,1,48,44,23,21,4,1,3,14,11,3,8,3,0,3,36,31,16,15,5,1,4,78,74,24,50,4,3,1,12,10,4,6,2,1,1
S01010824,403,358,81,277,45,13,32,7,6,0,6,1,0,1,37,35,1,34,2,1,1,22,9,0,9,13,2,11,47,44,17,27,3,0,3,50,47,2,45,3,0,3,76,69,17,52,7,2,5,148,139,39,100,9,4,5,16,9,5,4,7,4,3
S01010825,191,171,37,134,20,2,18,13,7,1,6,6,0,6,11,9,1,8,2,0,2,7,5,1,4,2,0,2,26,26,6,20,0,0,0,27,24,0,24,3,1,2,36,31,9,22,5,0,5,69,67,18,49,2,1,1,2,2,1,1,0,0,0
S01010826,350,293,81,212,57,18,39,6,6,0,6,0,0,0,25,22,1,21,3,2,1,20,12,2,10,8,2,6,76,61,30,31,15,2,13,43,37,3,34,6,3,3,58,45,10,35,13,4,9,105,98,31,67,7,3,4,17,12,4,8,5,2,3
S01010827,343,318,97,221,25,5,20,8,7,0,7,1,0,1,22,22,1,21,0,0,0,17,12,1,11,5,1,4,57,52,28,24,5,0,5,51,48,9,39,3,1,2,53,47,13,34,6,2,4,111,110,34,76,1,0,1,24,20,11,9,4,1,3
S01010828,699,621,179,442,78,15,63,16,15,1,14,1,0,1,53,49,1,48,4,1,3,29,21,0,21,8,2,6,122,108,55,53,14,3,11,84,73,4,69,11,2,9,103,90,21,69,13,1,12,259,246,89,157,13,1,12,33,19,8,11,14,5,9
S01010829,455,387,98,289,68,17,51,10,9,0,9,1,0,1,43,40,4,36,3,1,2,27,12,0,12,15,3,12,80,66,35,31,14,2,12,53,45,8,37,8,2,6,73,60,9,51,13,2,11,158,148,41,107,10,5,5,11,7,1,6,4,2,2
S01010830,296,264,85,179,32,7,25,4,3,0,3,1,0,1,23,17,1,16,6,0,6,18,16,2,14,2,1,1,61,56,32,24,5,1,4,26,19,0,19,7,2,5,45,41,7,34,4,0,4,97,96,36,60,1,1,0,22,16,7,9,6,2,4
S01010831,353,319,80,239,34,7,27,5,2,0,2,3,0,3,41,39,1,38,2,0,2,22,13,1,12,9,0,9,68,60,37,23,8,3,5,31,28,4,24,3,0,3,52,51,8,43,1,0,1,123,118,26,92,5,2,3,11,8,3,5,3,2,1
S01010832,428,401,112,289,27,5,22,17,12,1,11,5,0,5,33,31,0,31,2,0,2,26,20,1,19,6,0,6,65,61,29,32,4,0,4,42,39,7,32,3,2,1,59,56,18,38,3,1,2,159,156,46,110,3,2,1,27,26,10,16,1,0,1
S01010833,505,438,119,319,67,14,53,7,7,0,7,0,0,0,51,47,0,47,4,0,4,22,14,0,14,8,2,6,81,68,37,31,13,1,12,68,64,2,62,4,0,4,102,83,24,59,19,5,14,152,142,47,95,10,3,7,22,13,9,4,9,3,6
S01010834,441,395,109,286,46,8,38,9,9,0,9,0,0,0,40,37,0,37,3,0,3,26,19,1,18,7,0,7,64,53,32,21,11,2,9,34,31,3,28,3,0,3,76,64,12,52,12,4,8,180,173,58,115,7,1,6,12,9,3,6,3,1,2
S01010835,314,276,84,192,38,11,27,11,10,1,9,1,0,1,38,38,6,32,0,0,0,19,14,2,12,5,1,4,47,38,24,14,9,2,7,39,37,7,30,2,1,1,50,37,7,30,13,5,8,99,94,32,62,5,1,4,11,8,5,3,3,1,2
S01010836,391,339,78,261,52,10,42,8,6,1,5,2,0,2,27,25,0,25,2,0,2,23,12,0,12,11,1,10,55,48,26,22,7,0,7,37,30,0,30,7,4,3,69,58,15,43,11,2,9,156,148,34,114,8,3,5,16,12,2,10,4,0,4
S01010837,288,261,77,184,27,13,14,5,5,0,5,0,0,0,39,35,3,32,4,3,1,16,10,2,8,6,2,4,44,40,21,19,4,2,2,25,20,2,18,5,3,2,40,38,10,28,2,0,2,107,103,32,71,4,2,2,12,10,7,3,2,1,1
S01010838,417,392,114,278,25,6,19,13,13,1,12,0,0,0,45,44,1,43,1,0,1,19,15,1,14,4,0,4,85,81,34,47,4,0,4,44,38,5,33,6,3,3,48,45,11,34,3,0,3,145,142,54,88,3,1,2,18,14,7,7,4,2,2
S01010839,312,286,83,203,26,6,20,4,4,0,4,0,0,0,24,21,1,20,3,1,2,20,14,1,13,6,0,6,63,58,28,30,5,0,5,35,32,4,28,3,1,2,43,40,15,25,3,1,2,107,102,29,73,5,3,2,16,15,5,10,1,0,1
S01010840,229,209,37,172,20,5,15,2,2,0,2,0,0,0,15,15,1,14,0,0,0,24,21,0,21,3,1,2,41,37,15,22,4,0,4,23,18,2,16,5,0,5,38,36,3,33,2,1,1,80,75,15,60,5,3,2,6,5,1,4,1,0,1
S01010841,380,348,84,264,32,11,21,5,5,0,5,0,0,0,35,34,1,33,1,0,1,18,12,2,10,6,1,5,56,52,25,27,4,0,4,38,34,4,30,4,1,3,64,59,11,48,5,2,3,142,138,37,101,4,3,1,22,14,4,10,8,4,4
S01010842,321,295,63,232,26,9,17,7,6,0,6,1,0,1,31,28,1,27,3,1,2,15,10,0,10,5,1,4,59,54,19,35,5,1,4,39,36,0,36,3,0,3,58,55,16,39,3,2,1,97,93,22,71,4,3,1,15,13,5,8,2,1,1
S01010843,273,251,53,198,22,9,13,2,2,0,2,0,0,0,27,25,0,25,2,1,1,18,12,3,9,6,0,6,54,47,14,33,7,3,4,36,34,4,30,2,2,0,35,33,3,30,2,1,1,92,91,27,64,1,1,0,9,7,2,5,2,1,1
S01010844,332,312,90,222,20,3,17,11,11,1,10,0,0,0,25,24,2,22,1,0,1,22,17,1,16,5,0,5,36,31,19,12,5,0,5,32,31,6,25,1,0,1,64,60,11,49,4,2,2,135,133,47,86,2,0,2,7,5,3,2,2,1,1
S01010845,290,268,88,180,22,4,18,3,3,1,2,0,0,0,26,23,2,21,3,0,3,12,10,1,9,2,1,1,56,50,25,25,6,0,6,33,31,8,23,2,0,2,47,42,11,31,5,1,4,104,100,35,65,4,2,2,9,9,5,4,0,0,0
S01010846,380,358,127,231,22,7,15,5,5,0,5,0,0,0,51,49,3,46,2,0,2,21,12,0,12,9,3,6,87,82,37,45,5,2,3,41,39,6,33,2,0,2,46,46,20,26,0,0,0,108,107,52,55,1,1,0,21,18,9,9,3,1,2
S01010847,369,350,83,267,19,4,15,14,13,0,13,1,0,1,32,31,1,30,1,0,1,16,12,1,11,4,0,4,54,51,24,27,3,1,2,32,31,2,29,1,1,0,51,46,8,38,5,1,4,160,158,44,114,2,1,1,10,8,3,5,2,0,2
S01010848,270,253,80,173,17,3,14,6,5,0,5,1,0,1,26,26,1,25,0,0,0,19,13,1,12,6,0,6,61,60,35,25,1,0,1,36,30,3,27,6,1,5,37,36,8,28,1,1,0,76,74,28,46,2,1,1,9,9,4,5,0,0,0
S01010849,366,336,118,218,30,4,26,6,5,0,5,1,0,1,36,36,2,34,0,0,0,19,9,2,7,10,1,9,78,76,37,39,2,0,2,41,31,6,25,10,2,8,46,46,14,32,0,0,0,122,120,49,71,2,0,2,18,13,8,5,5,1,4
S01010850,296,282,103,179,14,8,6,2,2,0,2,0,0,0,28,28,2,26,0,0,0,14,11,1,10,3,1,2,75,74,35,39,1,0,1,34,26,5,21,8,6,2,39,38,14,24,1,1,0,85,84,38,46,1,0,1,19,19,8,11,0,0,0
S01010851,332,322,113,209,10,5,5,5,5,0,5,0,0,0,35,35,1,34,0,0,0,11,8,1,7,3,2,1,74,72,33,39,2,0,2,30,27,7,20,3,2,1,51,51,19,32,0,0,0,114,113,47,66,1,1,0,12,11,5,6,1,0,1
S01010852,334,306,96,210,28,7,21,7,7,1,6,0,0,0,34,32,1,31,2,2,0,27,18,0,18,9,2,7,69,67,31,36,2,0,2,35,28,5,23,7,2,5,45,39,10,29,6,0,6,108,106,43,63,2,1,1,9,9,5,4,0,0,0
S01010853,420,390,135,255,30,11,19,7,7,0,7,0,0,0,44,42,4,38,2,0,2,29,24,3,21,5,2,3,89,84,50,34,5,0,5,42,32,3,29,10,6,4,47,47,8,39,0,0,0,129,125,56,69,4,2,2,33,29,11,18,4,1,3
S01010854,379,357,136,221,22,8,14,6,6,2,4,0,0,0,29,29,0,29,0,0,0,26,17,2,15,9,4,5,100,97,48,49,3,2,1,36,33,5,28,3,1,2,43,42,13,29,1,0,1,113,112,56,56,1,0,1,26,21,10,11,5,1,4
S01010855,242,226,80,146,16,6,10,2,2,0,2,0,0,0,27,26,2,24,1,0,1,13,9,0,9,4,0,4,57,54,28,26,3,1,2,24,21,4,17,3,1,2,22,22,3,19,0,0,0,81,80,39,41,1,1,0,16,12,4,8,4,3,1
S01010856,333,308,93,215,25,7,18,4,3,0,3,1,0,1,25,25,3,22,0,0,0,22,14,0,14,8,0,8,66,65,23,42,1,1,0,43,34,4,30,9,4,5,41,39,12,27,2,0,2,111,110,43,67,1,1,0,21,18,8,10,3,1,2
S01010857,425,404,117,287,21,3,18,8,8,0,8,0,0,0,43,41,2,39,2,0,2,18,11,2,9,7,1,6,82,80,41,39,2,0,2,30,27,2,25,3,0,3,54,51,16,35,3,1,2,173,170,51,119,3,0,3,17,16,3,13,1,1,0
S01010858,303,286,85,201,17,8,9,3,3,0,3,0,0,0,36,35,3,32,1,1,0,12,9,0,9,3,1,2,65,64,30,34,1,0,1,32,26,2,24,6,3,3,37,34,7,27,3,1,2,95,93,37,56,2,1,1,23,22,6,16,1,1,0
S01010859,287,270,96,174,17,8,9,4,4,0,4,0,0,0,29,29,1,28,0,0,0,20,17,1,16,3,1,2,67,63,32,31,4,2,2,31,25,9,16,6,2,4,39,37,10,27,2,2,0,88,86,42,44,2,1,1,9,9,1,8,0,0,0
S01010860,279,269,90,179,10,5,5,5,5,1,4,0,0,0,29,28,1,27,1,0,1,12,10,1,9,2,1,1,58,55,27,28,3,1,2,27,24,5,19,3,2,1,45,45,8,37,0,0,0,88,87,41,46,1,1,0,15,15,6,9,0,0,0
S01010861,244,232,77,155,12,5,7,3,3,0,3,0,0,0,22,22,2,20,0,0,0,8,7,1,6,1,1,0,63,59,26,33,4,1,3,18,16,2,14,2,1,1,23,22,8,14,1,1,0,92,90,34,56,2,1,1,15,13,4,9,2,0,2
S01010862,176,172,67,105,4,1,3,0,0,0,0,0,0,0,19,19,3,16,0,0,0,9,8,0,8,1,0,1,43,43,26,17,0,0,0,8,7,1,6,1,0,1,26,26,6,20,0,0,0,58,57,23,34,1,0,1,13,12,8,4,1,1,0
S01010863,345,314,94,220,31,6,25,7,7,0,7,0,0,0,34,34,4,30,0,0,0,11,5,0,5,6,2,4,62,51,34,17,11,2,9,37,35,3,32,2,0,2,59,50,10,40,9,1,8,120,118,34,84,2,1,1,15,14,9,5,1,0,1
S01010864,290,266,80,186,24,9,15,4,4,1,3,0,0,0,26,25,0,25,1,0,1,13,10,0,10,3,2,1,41,33,15,18,8,2,6,28,27,1,26,1,0,1,42,36,11,25,6,2,4,119,117,45,72,2,2,0,17,14,7,7,3,1,2
S01010865,301,264,69,195,37,12,25,5,5,0,5,0,0,0,28,27,3,24,1,0,1,15,9,0,9,6,1,5,46,39,18,21,7,3,4,23,21,2,19,2,0,2,44,36,3,33,8,2,6,122,114,35,79,8,3,5,18,13,8,5,5,3,2
S01010866,267,232,60,172,35,9,26,4,4,0,4,0,0,0,17,17,0,17,0,0,0,13,9,1,8,4,1,3,41,36,17,19,5,0,5,28,22,3,19,6,2,4,51,40,6,34,11,4,7,103,95,29,66,8,2,6,10,9,4,5,1,0,1
S01010867,297,248,64,184,49,12,37,7,6,0,6,1,0,1,23,21,2,19,2,1,1,10,7,0,7,3,0,3,62,45,21,24,17,5,12,35,31,5,26,4,1,3,59,45,8,37,14,2,12,85,84,25,59,1,1,0,16,9,3,6,7,2,5
S01010868,337,308,93,215,29,5,24,4,4,0,4,0,0,0,34,30,1,29,4,1,3,7,5,0,5,2,0,2,65,61,32,29,4,1,3,29,26,4,22,3,1,2,59,50,16,34,9,2,7,124,119,36,83,5,0,5,15,13,4,9,2,0,2
S01010869,374,331,114,217,43,6,37,7,6,1,5,1,0,1,34,28,2,26,6,0,6,19,13,0,13,6,1,5,58,46,25,21,12,1,11,30,29,4,25,1,0,1,54,47,16,31,7,1,6,155,148,61,87,7,1,6,17,14,5,9,3,2,1
S01010870,381,340,81,259,41,18,23,3,3,0,3,0,0,0,27,27,2,25,0,0,0,14,6,2,4,8,0,8,75,70,33,37,5,1,4,41,35,2,33,6,3,3,61,51,6,45,10,3,7,146,137,31,106,9,8,1,14,11,5,6,3,3,0
S01010871,424,376,98,278,48,12,36,7,7,0,7,0,0,0,35,30,1,29,5,2,3,23,14,1,13,9,1,8,77,59,34,25,18,5,13,39,35,0,35,4,0,4,71,68,14,54,3,0,3,154,149,41,108,5,3,2,18,14,7,7,4,1,3
S01010872,353,324,80,244,29,9,20,2,2,0,2,0,0,0,38,35,3,32,3,0,3,16,13,2,11,3,1,2,70,61,26,35,9,3,6,43,37,4,33,6,1,5,57,55,14,41,2,2,0,110,108,28,80,2,0,2,17,13,3,10,4,2,2
S01010873,175,166,49,117,9,2,7,4,4,0,4,0,0,0,15,15,0,15,0,0,0,6,4,0,4,2,0,2,37,37,17,20,0,0,0,26,25,5,20,1,0,1,19,16,5,11,3,1,2,58,57,19,38,1,1,0,10,8,3,5,2,0,2
S01010874,403,362,103,259,41,8,33,5,5,0,5,0,0,0,42,39,3,36,3,0,3,14,9,0,9,5,0,5,65,59,30,29,6,1,5,47,41,4,37,6,3,3,53,46,8,38,7,1,6,159,151,56,95,8,3,5,18,12,2,10,6,0,6
S01010875,273,248,75,173,25,7,18,3,2,0,2,1,0,1,27,25,0,25,2,0,2,10,6,0,6,4,0,4,57,53,30,23,4,0,4,32,26,6,20,6,3,3,43,38,9,29,5,1,4,90,88,23,65,2,2,0,11,10,7,3,1,1,0
S01010876,328,317,99,218,11,2,9,6,6,1,5,0,0,0,23,21,2,19,2,0,2,12,10,0,10,2,0,2,80,80,42,38,0,0,0,35,34,8,26,1,0,1,53,51,11,40,2,1,1,103,100,29,71,3,1,2,16,15,6,9,1,0,1
S01010877,425,394,112,282,31,8,23,5,5,0,5,0,0,0,46,41,3,38,5,1,4,21,16,1,15,5,1,4,65,61,24,37,4,1,3,57,53,9,44,4,2,2,64,59,17,42,5,1,4,149,144,48,96,5,1,4,18,15,10,5,3,1,2
S01010878,424,394,116,278,30,9,21,4,4,0,4,0,0,0,47,46,3,43,1,0,1,28,20,5,15,8,1,7,77,73,31,42,4,0,4,54,48,9,39,6,3,3,67,65,14,51,2,0,2,131,127,48,79,4,2,2,16,11,6,5,5,3,2
S01010879,447,407,139,268,40,9,31,6,6,0,6,0,0,0,52,51,3,48,1,0,1,22,7,1,6,15,5,10,79,73,35,38,6,0,6,38,30,6,24,8,0,8,69,66,20,46,3,1,2,161,155,67,88,6,2,4,20,19,7,12,1,1,0
S01010880,218,208,73,135,10,5,5,5,5,0,5,0,0,0,31,30,2,28,1,0,1,4,2,1,1,2,0,2,47,46,25,21,1,0,1,18,18,2,16,0,0,0,28,26,7,19,2,1,1,72,71,31,40,1,1,0,13,10,5,5,3,3,0
S01010881,267,251,78,173,16,2,14,5,5,0,5,0,0,0,12,12,0,12,0,0,0,17,14,0,14,3,0,3,46,42,23,19,4,2,2,29,28,7,21,1,0,1,37,36,9,27,1,0,1,109,104,35,69,5,0,5,12,10,4,6,2,0,2
S01010882,298,286,95,191,12,4,8,8,8,0,8,0,0,0,44,42,8,34,2,0,2,13,11,1,10,2,0,2,52,51,30,21,1,1,0,22,21,4,17,1,1,0,33,31,9,22,2,1,1,115,113,37,76,2,1,1,11,9,6,3,2,0,2
S01010883,464,442,133,309,22,3,19,5,3,0,3,2,0,2,59,59,1,58,0,0,0,27,20,2,18,7,0,7,98,94,56,38,4,0,4,36,33,0,33,3,1,2,57,55,9,46,2,1,1,168,165,61,104,3,1,2,14,13,4,9,1,0,1
S01010884,236,221,69,152,15,6,9,1,1,0,1,0,0,0,42,42,6,36,0,0,0,11,6,1,5,5,3,2,51,47,19,28,4,0,4,25,21,4,17,4,2,2,21,20,6,14,1,1,0,70,69,24,45,1,0,1,15,15,9,6,0,0,0
S01010885,333,317,110,207,16,5,11,6,4,1,3,2,0,2,35,35,2,33,0,0,0,13,10,0,10,3,1,2,72,72,41,31,0,0,0,35,29,6,23,6,3,3,44,42,12,30,2,1,1,102,101,34,67,1,0,1,26,24,14,10,2,0,2
S01010886,209,190,53,137,19,7,12,4,4,0,4,0,0,0,22,22,0,22,0,0,0,17,12,3,9,5,1,4,46,43,22,21,3,1,2,18,13,2,11,5,3,2,30,27,7,20,3,1,2,66,65,19,46,1,0,1,6,4,0,4,2,1,1
S01010887,249,229,81,148,20,8,12,0,0,0,0,0,0,0,25,24,1,23,1,0,1,10,8,0,8,2,0,2,71,70,43,27,1,0,1,21,12,1,11,9,5,4,30,27,3,24,3,1,2,78,77,30,47,1,1,0,14,11,3,8,3,1,2
S01010888,342,322,89,233,20,6,14,7,7,1,6,0,0,0,36,33,1,32,3,0,3,18,12,1,11,6,2,4,67,65,30,35,2,0,2,30,26,1,25,4,2,2,44,44,10,34,0,0,0,126,123,42,81,3,1,2,14,12,3,9,2,1,1
S01010889,214,200,53,147,14,3,11,5,5,1,4,0,0,0,26,24,2,22,2,0,2,15,12,1,11,3,0,3,33,33,16,17,0,0,0,31,26,9,17,5,3,2,32,31,3,28,1,0,1,60,58,17,41,2,0,2,12,11,4,7,1,0,1
S01010890,227,213,63,150,14,1,13,2,2,0,2,0,0,0,20,20,0,20,0,0,0,5,4,1,3,1,0,1,62,57,24,33,5,0,5,34,30,6,24,4,1,3,34,32,5,27,2,0,2,60,60,23,37,0,0,0,10,8,4,4,2,0,2
S01010891,107,98,31,67,9,4,5,0,0,0,0,0,0,0,13,12,0,12,1,1,0,5,4,0,4,1,1,0,28,27,20,7,1,0,1,22,19,3,16,3,2,1,16,16,1,15,0,0,0,17,17,6,11,0,0,0,6,3,1,2,3,0,3
S01010892,311,295,93,202,16,3,13,2,1,0,1,1,0,1,36,35,3,32,1,0,1,20,16,1,15,4,0,4,66,63,31,32,3,0,3,31,29,9,20,2,0,2,44,42,4,38,2,2,0,96,95,38,57,1,1,0,16,14,7,7,2,0,2
S01010893,169,160,52,108,9,2,7,4,4,0,4,0,0,0,10,10,0,10,0,0,0,8,8,0,8,0,0,0,40,39,20,19,1,0,1,26,23,6,17,3,1,2,20,18,5,13,2,0,2,56,54,20,34,2,0,2,5,4,1,3,1,1,0
S01010894,289,274,69,205,15,0,15,8,8,1,7,0,0,0,23,21,2,19,2,0,2,11,9,0,9,2,0,2,64,62,26,36,2,0,2,28,27,6,21,1,0,1,58,52,9,43,6,0,6,86,86,21,65,0,0,0,11,9,4,5,2,0,2
S01010895,134,124,37,87,10,2,8,2,2,0,2,0,0,0,12,10,2,8,2,1,1,4,2,0,2,2,0,2,31,29,12,17,2,0,2,14,12,0,12,2,1,1,20,20,4,16,0,0,0,44,43,16,27,1,0,1,7,6,3,3,1,0,1
S01010896,240,224,74,150,16,8,8,4,4,0,4,0,0,0,29,26,3,23,3,1,2,10,8,0,8,2,1,1,55,55,24,31,0,0,0,25,20,4,16,5,2,3,38,32,8,24,6,4,2,63,63,31,32,0,0,0,16,16,4,12,0,0,0
S01010897,307,292,103,189,15,5,10,9,8,4,4,1,0,1,33,33,1,32,0,0,0,17,17,2,15,0,0,0,70,69,40,29,1,0,1,34,29,3,26,5,1,4,51,46,12,34,5,2,3,75,74,34,40,1,1,0,18,16,7,9,2,1,1
S01010898,244,221,75,146,23,10,13,7,6,2,4,1,0,1,23,23,2,21,0,0,0,12,9,0,9,3,1,2,47,41,18,23,6,2,4,37,29,5,24,8,5,3,33,30,11,19,3,0,3,72,70,32,38,2,2,0,13,13,5,8,0,0,0
S01010899,309,292,86,206,17,3,14,6,6,1,5,0,0,0,41,41,4,37,0,0,0,17,14,0,14,3,1,2,61,57,26,31,4,0,4,26,25,3,22,1,1,0,41,35,6,29,6,0,6,105,102,40,62,3,1,2,12,12,6,6,0,0,0
S01010900,260,248,90,158,12,2,10,4,4,1,3,0,0,0,18,18,1,17,0,0,0,22,16,0,16,6,1,5,75,75,37,38,0,0,0,24,22,1,21,2,1,1,34,31,12,19,3,0,3,74,74,35,39,0,0,0,9,8,3,5,1,0,1
S01010901,150,142,54,88,8,4,4,1,1,0,1,0,0,0,16,16,0,16,0,0,0,8,8,1,7,0,0,0,40,37,21,16,3,1,2,6,6,1,5,0,0,0,23,22,10,12,1,1,0,47,46,17,29,1,1,0,9,6,4,2,3,1,2
S01010902,409,387,119,268,22,7,15,11,9,0,9,2,1,1,50,49,3,46,1,0,1,19,16,1,15,3,0,3,78,75,40,35,3,0,3,54,45,11,34,9,3,6,50,47,14,33,3,2,1,134,133,46,87,1,1,0,13,13,4,9,0,0,0
S01010903,265,250,84,166,15,2,13,5,5,1,4,0,0,0,27,26,1,25,1,0,1,11,10,1,9,1,0,1,59,57,29,28,2,0,2,30,23,7,16,7,2,5,36,34,7,27,2,0,2,86,86,36,50,0,0,0,11,9,2,7,2,0,2
S01010904,207,195,65,130,12,2,10,6,5,0,5,1,0,1,26,25,0,25,1,0,1,8,5,2,3,3,0,3,40,38,19,19,2,0,2,29,27,6,21,2,1,1,34,32,9,23,2,1,1,57,56,24,32,1,0,1,7,7,5,2,0,0,0
S01010905,299,282,78,204,17,9,8,7,7,1,6,0,0,0,23,22,0,22,1,0,1,22,19,1,18,3,0,3,55,53,27,26,2,1,1,32,29,6,23,3,2,1,45,43,5,38,2,2,0,97,96,32,64,1,1,0,18,13,6,7,5,3,2
S01010906,443,419,129,290,24,9,15,11,10,1,9,1,0,1,56,54,4,50,2,0,2,29,26,1,25,3,0,3,84,80,42,38,4,2,2,40,38,4,34,2,2,0,73,66,20,46,7,4,3,123,121,49,72,2,1,1,27,24,8,16,3,0,3
S01010907,317,299,70,229,18,5,13,6,6,0,6,0,0,0,30,30,1,29,0,0,0,19,17,1,16,2,0,2,40,35,17,18,5,0,5,38,36,7,29,2,0,2,53,49,10,39,4,2,2,122,118,31,87,4,3,1,9,8,3,5,1,0,1
S01010908,277,259,74,185,18,4,14,7,5,1,4,2,0,2,35,32,4,28,3,0,3,8,7,0,7,1,1,0,68,63,30,33,5,2,3,28,26,2,24,2,1,1,36,35,7,28,1,0,1,87,85,27,58,2,0,2,8,6,3,3,2,0,2
S01010909,349,324,90,234,25,10,15,10,8,0,8,2,0,2,39,39,2,37,0,0,0,16,13,1,12,3,0,3,75,71,34,37,4,2,2,34,25,3,22,9,2,7,47,46,7,39,1,1,0,124,118,40,78,6,5,1,4,4,3,1,0,0,0
S01010910,179,170,55,115,9,3,6,3,3,0,3,0,0,0,21,21,3,18,0,0,0,7,6,0,6,1,0,1,36,35,17,18,1,1,0,35,30,5,25,5,2,3,22,22,7,15,0,0,0,46,46,21,25,0,0,0,9,7,2,5,2,0,2
S01010911,173,165,39,126,8,2,6,3,2,0,2,1,0,1,21,21,1,20,0,0,0,9,8,2,6,1,0,1,26,26,9,17,0,0,0,16,14,1,13,2,1,1,29,28,5,23,1,1,0,58,57,17,40,1,0,1,11,9,4,5,2,0,2
S01010912,196,179,55,124,17,4,13,4,4,0,4,0,0,0,23,23,3,20,0,0,0,14,9,0,9,5,1,4,50,44,23,21,6,2,4,15,11,3,8,4,1,3,30,29,7,22,1,0,1,53,53,19,34,0,0,0,7,6,0,6,1,0,1
S01010913,328,295,85,210,33,7,26,5,5,0,5,0,0,0,40,36,3,33,4,1,3,26,21,2,19,5,0,5,66,57,30,27,9,1,8,43,37,7,30,6,1,5,34,32,11,21,2,0,2,100,95,28,67,5,4,1,14,12,4,8,2,0,2
S01010914,376,350,95,255,26,10,16,5,5,1,4,0,0,0,58,56,3,53,2,0,2,19,13,3,10,6,2,4,62,58,24,34,4,1,3,47,41,10,31,6,3,3,50,47,14,33,3,2,1,115,112,33,79,3,2,1,20,18,7,11,2,0,2
S01010915,389,366,106,260,23,6,17,3,3,0,3,0,0,0,71,70,2,68,1,0,1,31,22,0,22,9,1,8,67,64,33,31,3,1,2,39,36,5,31,3,1,2,51,48,15,33,3,2,1,112,108,45,63,4,1,3,15,15,6,9,0,0,0
S01010916,178,166,44,122,12,2,10,5,4,0,4,1,0,1,20,19,2,17,1,0,1,13,8,1,7,5,1,4,41,41,11,30,0,0,0,21,17,3,14,4,1,3,26,25,9,16,1,0,1,46,46,16,30,0,0,0,6,6,2,4,0,0,0
S01010917,309,292,66,226,17,3,14,10,10,1,9,0,0,0,43,42,2,40,1,0,1,14,9,0,9,5,0,5,59,55,19,36,4,0,4,40,37,6,31,3,1,2,29,28,4,24,1,1,0,99,98,28,70,1,0,1,15,13,6,7,2,1,1
S01010918,277,260,81,179,17,5,12,9,9,0,9,0,0,0,36,35,5,30,1,1,0,21,15,0,15,6,1,5,58,56,28,28,2,1,1,25,20,1,19,5,2,3,34,33,11,22,1,0,1,83,81,32,49,2,0,2,11,11,4,7,0,0,0
S01010919,325,307,98,209,18,9,9,6,5,1,4,1,1,0,52,48,2,46,4,1,3,16,14,4,10,2,1,1,73,70,32,38,3,1,2,32,27,5,22,5,3,2,28,27,6,21,1,1,0,103,102,41,61,1,0,1,15,14,7,7,1,1,0
S01010920,197,174,61,113,23,7,16,4,4,1,3,0,0,0,14,12,2,10,2,0,2,22,19,2,17,3,1,2,51,46,19,27,5,0,5,15,14,5,9,1,1,0,30,23,5,18,7,3,4,46,44,20,24,2,1,1,15,12,7,5,3,1,2
S01010921,248,237,72,165,11,0,11,5,5,0,5,0,0,0,39,39,5,34,0,0,0,22,20,6,14,2,0,2,44,42,19,23,2,0,2,34,30,8,22,4,0,4,28,28,5,23,0,0,0,68,68,27,41,0,0,0,8,5,2,3,3,0,3
S01010922,301,285,101,184,16,6,10,4,4,1,3,0,0,0,34,34,2,32,0,0,0,11,5,0,5,6,1,5,71,68,31,37,3,0,3,29,25,2,23,4,4,0,36,35,13,22,1,1,0,92,91,43,48,1,0,1,24,23,9,14,1,0,1
S01010923,345,323,105,218,22,4,18,4,4,0,4,0,0,0,40,40,3,37,0,0,0,25,16,0,16,9,0,9,66,65,29,36,1,0,1,42,36,7,29,6,1,5,49,48,17,31,1,0,1,102,99,44,55,3,2,1,17,15,5,10,2,1,1
S01010924,270,256,79,177,14,2,12,3,3,0,3,0,0,0,41,40,2,38,1,0,1,14,11,1,10,3,0,3,55,54,24,30,1,1,0,34,28,4,24,6,0,6,41,40,10,30,1,0,1,68,67,34,33,1,1,0,14,13,4,9,1,0,1
S01010925,311,291,104,187,20,7,13,7,7,1,6,0,0,0,35,32,3,29,3,0,3,17,12,1,11,5,1,4,76,73,38,35,3,1,2,26,23,4,19,3,1,2,43,43,19,24,0,0,0,87,86,30,56,1,1,0,20,15,8,7,5,3,2
S01010926,313,292,95,197,21,8,13,7,7,0,7,0,0,0,34,33,1,32,1,1,0,19,15,0,15,4,0,4,57,54,24,30,3,1,2,34,28,6,22,6,2,4,51,48,17,31,3,1,2,99,97,43,54,2,2,0,12,10,4,6,2,1,1
S01010927,232,220,62,158,12,4,8,6,6,0,6,0,0,0,35,34,4,30,1,0,1,15,10,1,9,5,1,4,55,54,22,32,1,0,1,22,19,1,18,3,1,2,30,30,9,21,0,0,0,58,57,23,34,1,1,0,11,10,2,8,1,1,0
S01010928,259,234,78,156,25,9,16,4,4,0,4,0,0,0,27,27,4,23,0,0,0,15,11,0,11,4,1,3,62,58,28,30,4,1,3,37,30,5,25,7,3,4,36,32,7,25,4,2,2,63,60,29,31,3,1,2,15,12,5,7,3,1,2
S01010929,227,213,66,147,14,5,9,6,6,0,6,0,0,0,27,27,1,26,0,0,0,10,8,1,7,2,0,2,54,53,24,29,1,0,1,22,18,2,16,4,2,2,39,36,15,21,3,1,2,57,55,19,36,2,1,1,12,10,4,6,2,1,1
S01010930,520,408,117,291,112,21,91,37,20,8,12,17,1,16,34,25,7,18,9,0,9,36,22,1,21,14,3,11,67,54,21,33,13,2,11,32,20,5,15,12,1,11,129,104,23,81,25,8,17,163,150,45,105,13,4,9,22,13,7,6,9,2,7
S01010931,217,155,39,116,62,13,49,35,13,0,13,22,3,19,6,4,0,4,2,0,2,21,14,2,12,7,2,5,28,23,11,12,5,1,4,4,2,1,1,2,1,1,50,36,8,28,14,3,11,63,57,12,45,6,2,4,10,6,5,1,4,1,3
S01010932,265,232,73,159,33,13,20,9,7,0,7,2,1,1,10,9,1,8,1,1,0,27,19,3,16,8,1,7,41,36,13,23,5,3,2,19,16,3,13,3,1,2,35,31,7,24,4,2,2,101,97,39,58,4,3,1,23,17,7,10,6,1,5
S01010933,399,335,80,255,64,17,47,13,7,1,6,6,0,6,15,14,3,11,1,0,1,31,19,3,16,12,1,11,65,55,21,34,10,2,8,27,22,3,19,5,2,3,112,94,14,80,18,5,13,118,112,29,83,6,5,1,18,12,6,6,6,2,4
S01010934,549,476,123,353,73,21,52,12,10,2,8,2,1,1,24,21,4,17,3,2,1,34,18,2,16,16,0,16,105,97,37,60,8,3,5,42,32,2,30,10,2,8,109,97,16,81,12,2,10,183,168,46,122,15,6,9,40,33,14,19,7,5,2
S01010935,259,217,71,146,42,20,22,5,5,0,5,0,0,0,12,10,1,9,2,0,2,16,7,1,6,9,3,6,43,38,20,18,5,3,2,19,16,2,14,3,1,2,55,43,15,28,12,5,7,93,88,30,58,5,4,1,16,10,2,8,6,4,2
S01010936,352,308,72,236,44,9,35,8,8,0,8,0,0,0,14,13,1,12,1,0,1,34,28,2,26,6,0,6,72,66,27,39,6,2,4,24,16,1,15,8,2,6,80,72,14,58,8,2,6,99,92,22,70,7,1,6,21,13,5,8,8,2,6
S01010937,412,370,98,272,42,10,32,12,11,1,10,1,0,1,16,14,1,13,2,1,1,39,29,3,26,10,1,9,89,81,41,40,8,1,7,27,22,2,20,5,2,3,85,77,14,63,8,1,7,117,116,33,83,1,1,0,27,20,3,17,7,3,4
S01010938,327,306,100,206,21,4,17,8,8,1,7,0,0,0,17,16,3,13,1,0,1,33,23,1,22,10,0,10,87,85,37,48,2,0,2,19,16,3,13,3,1,2,50,48,12,36,2,1,1,92,91,35,56,1,1,0,21,19,8,11,2,1,1
S01010939,267,237,86,151,30,10,20,6,5,0,5,1,0,1,10,8,3,5,2,1,1,22,17,1,16,5,2,3,56,53,32,21,3,0,3,26,19,3,16,7,2,5,39,34,9,25,5,2,3,93,89,35,54,4,2,2,15,12,3,9,3,1,2
S01010940,369,338,100,238,31,9,22,6,5,1,4,1,0,1,13,12,1,11,1,0,1,19,14,2,12,5,0,5,59,58,34,24,1,0,1,21,15,2,13,6,1,5,84,77,14,63,7,2,5,143,137,40,97,6,5,1,24,20,6,14,4,1,3
S01010941,453,400,118,282,53,13,40,12,12,3,9,0,0,0,27,23,0,23,4,1,3,34,26,2,24,8,0,8,70,62,33,29,8,3,5,28,21,5,16,7,0,7,95,84,20,64,11,5,6,163,154,50,104,9,3,6,24,18,5,13,6,1,5
S01010942,336,305,95,210,31,4,27,11,11,0,11,0,0,0,15,13,2,11,2,0,2,18,11,1,10,7,0,7,66,60,34,26,6,0,6,27,22,1,21,5,1,4,71,64,18,46,7,2,5,114,113,32,81,1,0,1,14,11,7,4,3,1,2
S01010943,304,284,88,196,20,6,14,15,15,2,13,0,0,0,16,15,3,12,1,0,1,26,19,0,19,7,1,6,79,77,43,34,2,1,1,20,17,4,13,3,0,3,45,43,9,34,2,2,0,91,88,25,63,3,1,2,12,10,2,8,2,1,1
S01010944,267,253,78,175,14,6,8,8,8,0,8,0,0,0,12,10,0,10,2,0,2,20,16,1,15,4,2,2,70,68,35,33,2,0,2,16,16,4,12,0,0,0,41,41,8,33,0,0,0,77,76,23,53,1,1,0,23,18,7,11,5,3,2
S01010945,288,261,90,171,27,12,15,7,6,1,5,1,1,0,23,19,0,19,4,2,2,17,12,1,11,5,2,3,79,73,31,42,6,3,3,19,11,1,10,8,1,7,43,42,13,29,1,1,0,86,84,35,49,2,2,0,14,14,8,6,0,0,0
S01010946,407,367,104,263,40,10,30,9,9,1,8,0,0,0,26,25,1,24,1,0,1,33,18,0,18,15,2,13,100,95,38,57,5,1,4,37,31,5,26,6,2,4,57,52,14,38,5,4,1,121,117,36,81,4,1,3,24,20,9,11,4,0,4
S01010947,248,224,67,157,24,8,16,8,7,0,7,1,0,1,13,11,0,11,2,1,1,13,10,0,10,3,0,3,77,74,40,34,3,1,2,20,18,1,17,2,1,1,33,24,1,23,9,5,4,70,68,19,49,2,0,2,14,12,6,6,2,0,2
S01010948,325,294,88,206,31,8,23,8,8,0,8,0,0,0,23,22,5,17,1,0,1,20,12,0,12,8,0,8,92,86,37,49,6,1,5,27,23,2,21,4,3,1,52,44,11,33,8,2,6,87,85,26,59,2,1,1,16,14,7,7,2,1,1
S01010949,509,451,149,302,58,14,44,9,8,1,7,1,0,1,28,26,1,25,2,2,0,35,24,1,23,11,0,11,97,89,55,34,8,1,7,29,23,4,19,6,0,6,116,98,23,75,18,7,11,183,175,59,116,8,2,6,12,8,5,3,4,2,2
S01010950,380,343,100,243,37,10,27,8,8,0,8,0,0,0,21,21,0,21,0,0,0,42,33,4,29,9,1,8,86,80,41,39,6,2,4,18,13,1,12,5,0,5,68,60,8,52,8,2,6,118,114,41,73,4,3,1,19,14,5,9,5,2,3
S01010951,324,302,78,224,22,11,11,8,8,1,7,0,0,0,17,17,3,14,0,0,0,30,22,0,22,8,1,7,72,70,30,40,2,0,2,18,17,1,16,1,1,0,53,49,12,37,4,3,1,100,97,25,72,3,2,1,26,22,6,16,4,4,0
S01010952,300,272,77,195,28,6,22,7,7,1,6,0,0,0,20,18,0,18,2,0,2,24,13,0,13,11,1,10,64,62,25,37,2,1,1,19,15,6,9,4,1,3,59,57,9,48,2,1,1,88,85,31,54,3,0,3,19,15,5,10,4,2,2
S01010953,316,293,103,190,23,4,19,6,6,1,5,0,0,0,20,15,1,14,5,1,4,31,23,2,21,8,1,7,68,66,35,31,2,0,2,24,22,2,20,2,0,2,46,43,12,31,3,1,2,101,99,41,58,2,0,2,20,19,9,10,1,1,0
S01010954,393,354,91,263,39,9,30,9,8,0,8,1,0,1,18,17,2,15,1,0,1,20,13,0,13,7,1,6,70,65,28,37,5,3,2,27,19,3,16,8,2,6,48,43,11,32,5,1,4,185,175,39,136,10,2,8,16,14,8,6,2,0,2
S01010955,479,416,111,305,63,17,46,7,4,0,4,3,0,3,14,9,0,9,5,1,4,17,11,0,11,6,3,3,76,67,38,29,9,3,6,20,13,1,12,7,1,6,95,72,21,51,23,6,17,233,227,44,183,6,1,5,17,13,7,6,4,2,2
S01010956,382,281,73,208,101,27,74,18,8,1,7,10,1,9,15,13,2,11,2,0,2,27,15,0,15,12,2,10,58,44,20,24,14,2,12,18,14,2,12,4,0,4,113,75,16,59,38,12,26,113,99,25,74,14,9,5,20,13,7,6,7,1,6
S01010957,303,270,74,196,33,8,25,8,8,1,7,0,0,0,17,16,1,15,1,0,1,21,12,2,10,9,1,8,51,47,21,26,4,1,3,21,16,3,13,5,0,5,68,63,16,47,5,2,3,100,97,27,70,3,2,1,17,11,3,8,6,2,4
S01010958,231,193,48,145,38,11,27,6,6,0,6,0,0,0,10,10,0,10,0,0,0,18,9,1,8,9,2,7,49,41,18,23,8,1,7,13,8,0,8,5,2,3,47,40,11,29,7,2,5,74,69,15,54,5,3,2,14,10,3,7,4,1,3
S01010959,299,259,78,181,40,20,20,3,3,0,3,0,0,0,8,8,0,8,0,0,0,18,11,0,11,7,1,6,54,48,22,26,6,3,3,20,19,5,14,1,0,1,68,57,17,40,11,5,6,105,98,30,68,7,5,2,23,15,4,11,8,6,2
S01010960,524,460,133,327,64,13,51,23,18,5,13,5,1,4,29,29,0,29,0,0,0,53,35,3,32,18,1,17,100,90,37,53,10,2,8,41,30,1,29,11,1,10,94,82,23,59,12,5,7,160,154,53,101,6,1,5,24,22,11,11,2,2,0
S01010961,270,244,63,181,26,11,15,5,5,0,5,0,0,0,17,15,0,15,2,1,1,30,21,4,17,9,1,8,72,66,24,42,6,3,3,15,11,1,10,4,2,2,27,26,6,20,1,1,0,87,86,22,64,1,1,0,17,14,6,8,3,2,1
S01010962,262,231,54,177,31,9,22,6,4,0,4,2,0,2,14,11,2,9,3,1,2,23,18,0,18,5,1,4,49,46,16,30,3,0,3,22,19,3,16,3,1,2,51,39,7,32,12,5,7,82,80,21,59,2,1,1,15,14,5,9,1,0,1
S01010963,513,450,120,330,63,12,51,12,12,1,11,0,0,0,29,28,1,27,1,0,1,56,36,1,35,20,1,19,101,90,43,47,11,3,8,43,32,8,24,11,1,10,105,98,20,78,7,3,4,146,140,39,101,6,3,3,21,14,7,7,7,1,6
S01010964,255,229,80,149,26,6,20,3,3,0,3,0,0,0,19,16,1,15,3,0,3,26,17,0,17,9,2,7,57,53,29,24,4,1,3,21,17,2,15,4,2,2,40,37,13,24,3,0,3,74,73,28,45,1,0,1,15,13,7,6,2,1,1
S01010965,243,229,74,155,14,5,9,2,1,1,0,1,0,1,12,11,1,10,1,0,1,28,27,1,26,1,0,1,79,74,34,40,5,2,3,21,20,3,17,1,1,0,31,29,10,19,2,2,0,60,58,19,39,2,0,2,10,9,5,4,1,0,1
S01010966,333,296,94,202,37,12,25,5,5,0,5,0,0,0,21,20,1,19,1,0,1,41,31,4,27,10,0,10,75,66,35,31,9,2,7,22,21,3,18,1,0,1,60,51,14,37,9,4,5,91,87,30,57,4,4,0,18,15,7,8,3,2,1
S01010967,311,282,89,193,29,6,23,4,4,1,3,0,0,0,27,27,0,27,0,0,0,29,20,2,18,9,1,8,76,74,40,34,2,0,2,29,19,3,16,10,2,8,42,39,6,33,3,0,3,89,89,34,55,0,0,0,15,10,3,7,5,3,2
S01010968,341,305,82,223,36,7,29,6,6,1,5,0,0,0,24,24,3,21,0,0,0,32,23,0,23,9,1,8,55,51,25,26,4,0,4,27,21,4,17,6,0,6,57,52,13,39,5,1,4,122,116,31,85,6,4,2,18,12,5,7,6,1,5
S01010969,274,229,53,176,45,7,38,3,3,0,3,0,0,0,17,13,2,11,4,1,3,21,12,1,11,9,1,8,45,39,16,23,6,0,6,20,11,5,6,9,1,8,63,51,7,44,12,2,10,93,91,20,71,2,0,2,12,9,2,7,3,2,1
S01010970,477,413,126,287,64,18,46,14,11,1,10,3,0,3,29,26,3,23,3,0,3,61,44,3,41,17,2,15,93,84,40,44,9,4,5,29,21,1,20,8,3,5,89,79,16,63,10,3,7,135,126,51,75,9,2,7,27,22,11,11,5,4,1
S01010971,559,487,149,338,72,15,57,9,7,2,5,2,0,2,25,21,5,16,4,1,3,52,36,2,34,16,4,12,107,93,38,55,14,1,13,47,36,5,31,11,2,9,103,89,22,67,14,2,12,185,181,67,114,4,3,1,31,24,8,16,7,2,5
S01010972,376,349,113,236,27,5,22,9,8,1,7,1,0,1,24,24,2,22,0,0,0,51,43,1,42,8,0,8,100,93,45,48,7,0,7,18,13,2,11,5,2,3,46,43,9,34,3,2,1,109,109,45,64,0,0,0,19,16,8,8,3,1,2
S01010973,247,223,74,149,24,5,19,6,6,0,6,0,0,0,17,14,3,11,3,0,3,28,23,2,21,5,1,4,57,56,26,30,1,1,0,19,13,3,10,6,0,6,28,23,2,21,5,1,4,81,78,33,45,3,1,2,11,10,5,5,1,1,0
S01010974,342,311,93,218,31,11,20,10,10,1,9,0,0,0,15,13,1,12,2,1,1,31,22,0,22,9,3,6,68,65,34,31,3,0,3,37,31,1,30,6,3,3,63,57,17,40,6,3,3,106,103,34,69,3,1,2,12,10,5,5,2,0,2
S01010975,203,182,57,125,21,7,14,3,3,0,3,0,0,0,6,6,1,5,0,0,0,29,25,1,24,4,1,3,43,39,17,22,4,1,3,20,18,1,17,2,1,1,25,21,6,15,4,0,4,67,64,27,37,3,2,1,10,6,4,2,4,2,2
S01010976,267,246,73,173,21,7,14,3,3,1,2,0,0,0,18,18,1,17,0,0,0,20,12,0,12,8,2,6,57,53,25,28,4,0,4,25,22,2,20,3,1,2,30,28,3,25,2,1,1,102,99,36,63,3,2,1,12,11,5,6,1,1,0
S01010977,370,343,90,253,27,8,19,7,6,0,6,1,0,1,21,21,1,20,0,0,0,30,22,1,21,8,3,5,77,74,30,44,3,1,2,21,17,4,13,4,0,4,68,67,12,55,1,0,1,122,120,34,86,2,1,1,24,16,8,8,8,3,5
S01010978,335,304,88,216,31,10,21,6,5,0,5,1,0,1,17,16,0,16,1,0,1,39,33,4,29,6,2,4,71,67,29,38,4,0,4,22,18,2,16,4,1,3,51,45,8,37,6,3,3,110,107,36,71,3,3,0,19,13,9,4,6,1,5
S01010979,392,357,111,246,35,10,25,5,5,0,5,0,0,0,11,10,0,10,1,0,1,41,31,2,29,10,1,9,91,86,39,47,5,2,3,31,26,3,23,5,1,4,60,52,15,37,8,4,4,133,129,46,83,4,2,2,20,18,6,12,2,0,2
S01010980,342,304,97,207,38,14,24,7,7,0,7,0,0,0,13,10,0,10,3,0,3,36,25,3,22,11,3,8,64,57,27,30,7,1,6,18,16,3,13,2,1,1,71,63,18,45,8,6,2,117,113,37,76,4,1,3,16,13,9,4,3,2,1
S01010981,312,280,79,201,32,9,23,5,5,0,5,0,0,0,27,24,2,22,3,2,1,42,30,4,26,12,2,10,72,68,22,46,4,0,4,12,9,1,8,3,1,2,47,41,14,27,6,3,3,95,94,31,63,1,0,1,12,9,5,4,3,1,2
S01010982,566,441,113,328,125,37,88,16,11,0,11,5,0,5,28,22,1,21,6,2,4,53,34,7,27,19,2,17,93,76,28,48,17,2,15,38,26,5,21,12,1,11,117,86,16,70,31,12,19,188,168,51,117,20,10,10,33,18,5,13,15,8,7
S01010983,388,342,89,253,46,6,40,11,8,0,8,3,0,3,17,15,0,15,2,0,2,35,24,1,23,11,1,10,68,64,30,34,4,2,2,29,25,3,22,4,0,4,70,57,11,46,13,3,10,142,136,38,98,6,0,6,16,13,6,7,3,0,3
S01010984,269,236,74,162,33,10,23,4,4,1,3,0,0,0,14,14,0,14,0,0,0,24,15,2,13,9,1,8,48,40,12,28,8,1,7,23,21,3,18,2,1,1,43,37,11,26,6,3,3,86,83,35,48,3,2,1,27,22,10,12,5,2,3
S01010985,302,275,78,197,27,11,16,10,10,0,10,0,0,0,16,16,1,15,0,0,0,30,23,2,21,7,2,5,55,52,26,26,3,1,2,21,17,1,16,4,2,2,60,52,10,42,8,5,3,96,94,35,59,2,0,2,14,11,3,8,3,1,2
S01010986,304,267,80,187,37,8,29,8,8,1,7,0,0,0,15,15,1,14,0,0,0,32,21,0,21,11,2,9,53,47,21,26,6,0,6,23,15,3,12,8,0,8,58,53,20,33,5,1,4,92,90,27,63,2,2,0,23,18,7,11,5,3,2
S01010987,349,295,92,203,54,12,42,5,5,1,4,0,0,0,19,14,3,11,5,0,5,20,13,3,10,7,0,7,47,44,20,24,3,0,3,33,20,5,15,13,1,12,103,92,19,73,11,2,9,105,99,38,61,6,4,2,17,8,3,5,9,5,4
S01010988,348,315,97,218,33,5,28,6,4,0,4,2,0,2,26,26,2,24,0,0,0,21,15,1,14,6,1,5,62,57,33,24,5,0,5,38,28,4,24,10,2,8,93,87,22,65,6,1,5,93,89,31,58,4,1,3,9,9,4,5,0,0,0
S01010989,625,563,117,446,62,16,46,13,12,2,10,1,0,1,20,19,2,17,1,0,1,58,39,2,37,19,1,18,99,88,26,62,11,4,7,34,28,0,28,6,2,4,177,164,28,136,13,6,7,187,182,43,139,5,3,2,37,31,14,17,6,0,6
S01010990,378,338,101,237,40,9,31,10,7,0,7,3,1,2,26,25,0,25,1,0,1,29,18,3,15,11,1,10,78,76,38,38,2,0,2,27,17,1,16,10,1,9,58,55,13,42,3,0,3,128,123,38,85,5,3,2,22,17,8,9,5,3,2
S01010991,291,257,56,201,34,9,25,8,6,1,5,2,0,2,19,17,1,16,2,0,2,18,15,0,15,3,0,3,51,42,17,25,9,2,7,18,15,3,12,3,2,1,60,54,5,49,6,1,5,98,95,24,71,3,3,0,19,13,5,8,6,1,5
S01010992,316,274,59,215,42,7,35,9,8,2,6,1,0,1,16,15,1,14,1,1,0,22,17,2,15,5,0,5,46,32,11,21,14,2,12,26,22,1,21,4,0,4,89,79,13,66,10,2,8,92,90,24,66,2,0,2,16,11,5,6,5,2,3
S01010993,336,304,86,218,32,2,30,13,12,0,12,1,0,1,20,16,2,14,4,0,4,31,24,2,22,7,0,7,52,44,21,23,8,1,7,27,25,3,22,2,0,2,51,48,13,35,3,0,3,125,123,39,84,2,0,2,17,12,6,6,5,1,4
S01010994,536,454,112,342,82,27,55,12,11,1,10,1,1,0,18,15,2,13,3,2,1,27,20,0,20,7,0,7,87,75,30,45,12,3,9,33,29,3,26,4,1,3,148,116,23,93,32,9,23,183,172,51,121,11,6,5,28,16,2,14,12,5,7
S01010995,406,366,123,243,40,14,26,8,7,0,7,1,0,1,23,23,1,22,0,0,0,34,24,8,16,10,1,9,71,65,43,22,6,2,4,31,26,5,21,5,1,4,81,76,17,59,5,3,2,136,129,41,88,7,4,3,22,16,8,8,6,3,3
S01010996,320,265,70,195,55,20,35,4,3,0,3,1,0,1,18,15,2,13,3,1,2,20,15,2,13,5,0,5,48,34,20,14,14,4,10,20,17,2,15,3,1,2,78,66,16,50,12,3,9,110,102,24,78,8,7,1,22,13,4,9,9,4,5
S01010997,289,243,65,178,46,10,36,5,5,0,5,0,0,0,18,13,1,12,5,0,5,21,11,3,8,10,0,10,38,29,13,16,9,1,8,13,8,0,8,5,1,4,64,53,9,44,11,5,6,111,107,30,77,4,2,2,19,17,9,8,2,1,1
S01010998,289,217,56,161,72,19,53,10,6,1,5,4,2,2,13,6,1,5,7,1,6,17,13,2,11,4,2,2,48,36,17,19,12,1,11,26,17,2,15,9,1,8,76,54,11,43,22,4,18,88,79,19,60,9,3,6,11,6,3,3,5,5,0
S01010999,381,335,97,238,46,9,37,7,6,1,5,1,1,0,19,17,2,15,2,0,2,26,18,2,16,8,1,7,63,52,29,23,11,1,10,18,13,0,13,5,0,5,72,60,12,48,12,3,9,147,144,44,100,3,1,2,29,25,7,18,4,2,2
S01011000,439,357,99,258,82,19,63,16,11,2,9,5,1,4,14,13,2,11,1,0,1,48,31,3,28,17,1,16,83,74,28,46,9,3,6,28,16,2,14,12,5,7,87,71,24,47,16,3,13,133,121,33,88,12,5,7,30,20,5,15,10,1,9
S01011001,315,284,81,203,31,5,26,5,4,1,3,1,1,0,12,12,1,11,0,0,0,33,24,0,24,9,1,8,65,59,27,32,6,0,6,29,24,1,23,5,0,5,51,46,13,33,5,0,5,105,102,32,70,3,1,2,15,13,6,7,2,2,0
S01011002,331,303,90,213,28,4,24,8,5,1,4,3,0,3,14,13,2,11,1,0,1,28,23,0,23,5,1,4,70,66,33,33,4,1,3,22,20,1,19,2,1,1,57,47,10,37,10,1,9,106,104,32,72,2,0,2,26,25,11,14,1,0,1
S01011003,321,289,97,192,32,11,21,7,6,0,6,1,1,0,15,15,0,15,0,0,0,41,29,3,26,12,3,9,63,63,34,29,0,0,0,19,15,2,13,4,2,2,56,52,12,40,4,1,3,98,94,41,53,4,1,3,22,15,5,10,7,3,4
S01011004,340,302,83,219,38,9,29,10,8,1,7,2,1,1,13,12,0,12,1,0,1,30,19,1,18,11,3,8,53,52,21,31,1,0,1,32,20,2,18,12,1,11,68,62,19,43,6,2,4,118,117,38,79,1,0,1,16,12,1,11,4,2,2
S01011005,295,270,76,194,25,9,16,6,5,0,5,1,1,0,11,11,3,8,0,0,0,30,24,4,20,6,2,4,66,61,22,39,5,2,3,22,20,2,18,2,0,2,48,46,9,37,2,2,0,94,90,31,59,4,0,4,18,13,5,8,5,2,3
S01011006,554,497,102,395,57,17,40,12,11,0,11,1,0,1,32,30,2,28,2,0,2,60,44,2,42,16,4,12,106,95,27,68,11,1,10,29,25,4,21,4,1,3,108,99,16,83,9,1,8,189,182,49,133,7,5,2,18,11,2,9,7,5,2
S01011007,305,281,87,194,24,7,17,5,5,0,5,0,0,0,15,15,1,14,0,0,0,55,44,1,43,11,3,8,71,67,38,29,4,1,3,18,16,1,15,2,0,2,31,28,8,20,3,1,2,91,90,33,57,1,1,0,19,16,5,11,3,1,2
S01011008,361,332,95,237,29,6,23,9,9,0,9,0,0,0,28,27,4,23,1,1,0,39,28,2,26,11,1,10,85,79,26,53,6,3,3,31,30,7,23,1,0,1,46,44,14,30,2,0,2,102,96,35,61,6,1,5,21,19,7,12,2,0,2
S01011009,281,265,78,187,16,7,9,8,6,2,4,2,1,1,33,33,4,29,0,0,0,32,28,2,26,4,1,3,66,63,25,38,3,1,2,17,15,4,11,2,1,1,31,29,8,21,2,0,2,83,81,28,53,2,2,0,11,10,5,5,1,1,0
S01011010,264,248,51,197,16,5,11,9,8,0,8,1,0,1,25,25,1,24,0,0,0,22,17,1,16,5,1,4,52,48,17,31,4,0,4,15,12,2,10,3,1,2,42,40,12,28,2,2,0,87,87,17,70,0,0,0,12,11,1,10,1,1,0
S01011011,314,299,89,210,15,4,11,6,5,1,4,1,1,0,13,13,0,13,0,0,0,24,17,3,14,7,1,6,79,78,32,46,1,0,1,31,29,6,23,2,1,1,48,44,11,33,4,1,3,87,87,26,61,0,0,0,26,26,10,16,0,0,0
S01011012,273,256,93,163,17,3,14,6,6,0,6,0,0,0,17,15,0,15,2,0,2,35,30,5,25,5,0,5,70,69,34,35,1,0,1,20,18,2,16,2,0,2,36,32,13,19,4,2,2,72,70,28,42,2,0,2,17,16,11,5,1,1,0
S01011013,367,345,105,240,22,6,16,13,13,0,13,0,0,0,18,18,1,17,0,0,0,38,28,2,26,10,2,8,77,71,30,41,6,1,5,31,29,2,27,2,0,2,51,49,8,41,2,1,1,123,123,57,66,0,0,0,16,14,5,9,2,2,0
S01011014,458,421,116,305,37,11,26,9,9,0,9,0,0,0,29,27,3,24,2,0,2,36,29,1,28,7,0,7,94,90,40,50,4,2,2,31,27,1,26,4,0,4,80,71,15,56,9,4,5,152,147,49,98,5,2,3,27,21,7,14,6,3,3
S01011015,241,213,65,148,28,9,19,4,4,1,3,0,0,0,22,21,2,19,1,1,0,22,13,0,13,9,2,7,46,42,20,22,4,1,3,13,10,4,6,3,0,3,46,42,6,36,4,2,2,73,68,26,42,5,3,2,15,13,6,7,2,0,2
S01011016,495,420,95,325,75,19,56,14,13,2,11,1,0,1,23,20,3,17,3,1,2,49,30,0,30,19,4,15,87,71,23,48,16,3,13,46,35,5,30,11,3,8,103,90,14,76,13,4,9,146,143,40,103,3,2,1,27,18,8,10,9,2,7
S01011017,438,336,95,241,102,35,67,20,12,2,10,8,2,6,25,18,2,16,7,3,4,36,20,1,19,16,3,13,64,50,25,25,14,3,11,31,24,5,19,7,2,5,99,73,11,62,26,12,14,133,119,45,74,14,8,6,30,20,4,16,10,2,8
S01011018,423,361,98,263,62,14,48,12,12,0,12,0,0,0,26,24,3,21,2,0,2,54,35,3,32,19,2,17,99,87,33,54,12,3,9,18,15,1,14,3,2,1,68,57,11,46,11,2,9,122,116,41,75,6,1,5,24,15,6,9,9,4,5
S01011019,530,429,120,309,101,29,72,30,20,2,18,10,3,7,28,22,2,20,6,1,5,57,43,3,40,14,2,12,82,68,37,31,14,4,10,39,31,7,24,8,2,6,122,96,17,79,26,9,17,147,137,46,91,10,4,6,25,12,6,6,13,4,9
S01011020,255,216,50,166,39,9,30,21,14,3,11,7,0,7,15,14,0,14,1,1,0,34,27,2,25,7,1,6,19,16,6,10,3,0,3,23,16,2,14,7,3,4,53,45,9,36,8,2,6,77,74,24,50,3,1,2,13,10,4,6,3,1,2
S01011021,395,359,103,256,36,10,26,11,10,0,10,1,0,1,28,26,1,25,2,0,2,34,21,2,19,13,4,9,86,85,36,49,1,0,1,32,25,4,21,7,2,5,56,49,14,35,7,1,6,132,130,42,88,2,1,1,16,13,4,9,3,2,1
S01011022,269,243,81,162,26,7,19,10,10,1,9,0,0,0,10,10,0,10,0,0,0,24,16,2,14,8,1,7,70,65,33,32,5,2,3,23,20,3,17,3,0,3,34,27,5,22,7,3,4,86,85,36,49,1,0,1,12,10,1,9,2,1,1
S01011023,409,365,107,258,44,12,32,9,9,1,8,0,0,0,22,21,1,20,1,0,1,43,27,1,26,16,4,12,90,85,40,45,5,1,4,37,26,5,21,11,2,9,73,67,13,54,6,1,5,117,115,39,76,2,1,1,18,15,7,8,3,3,0
S01011024,321,298,95,203,23,8,15,12,11,1,10,1,0,1,16,16,2,14,0,0,0,39,31,5,26,8,1,7,89,86,40,46,3,1,2,28,24,2,22,4,1,3,40,36,9,27,4,4,0,88,86,34,52,2,1,1,9,8,2,6,1,0,1
S01011025,351,332,114,218,19,5,14,5,5,0,5,0,0,0,24,23,3,20,1,1,0,28,27,3,24,1,0,1,97,92,51,41,5,1,4,37,32,3,29,5,0,5,48,45,15,30,3,1,2,94,92,33,59,2,1,1,18,16,6,10,2,1,1
S01011026,265,242,66,176,23,6,17,1,1,0,1,0,0,0,9,8,1,7,1,0,1,37,28,0,28,9,3,6,70,67,28,39,3,0,3,25,23,2,21,2,0,2,36,31,7,24,5,2,3,77,74,23,51,3,1,2,10,10,5,5,0,0,0
S01011027,386,355,99,256,31,9,22,4,4,0,4,0,0,0,19,19,3,16,0,0,0,41,33,0,33,8,0,8,95,93,37,56,2,0,2,39,33,2,31,6,2,4,59,52,15,37,7,5,2,108,104,34,70,4,1,3,21,17,8,9,4,1,3
S01011028,371,343,111,232,28,6,22,11,11,0,11,0,0,0,26,25,5,20,1,0,1,42,30,0,30,12,0,12,87,84,36,48,3,1,2,32,26,5,21,6,1,5,58,54,9,45,4,3,1,92,92,46,46,0,0,0,23,21,10,11,2,1,1
S01011029,297,275,74,201,22,6,16,10,10,1,9,0,0,0,20,20,2,18,0,0,0,36,27,1,26,9,0,9,63,63,31,32,0,0,0,22,19,1,18,3,0,3,36,32,4,28,4,4,0,93,92,32,60,1,1,0,17,12,2,10,5,1,4
S01011030,552,496,117,379,56,20,36,12,11,0,11,1,1,0,34,31,0,31,3,0,3,59,43,3,40,16,1,15,102,98,44,54,4,1,3,48,38,0,38,10,3,7,94,84,27,57,10,6,4,171,164,39,125,7,6,1,32,27,4,23,5,2,3
S01011031,309,289,95,194,20,6,14,7,5,0,5,2,0,2,18,18,2,16,0,0,0,39,30,1,29,9,2,7,60,60,27,33,0,0,0,18,16,3,13,2,1,1,50,48,13,35,2,0,2,99,97,44,53,2,1,1,18,15,5,10,3,2,1
S01011032,355,319,98,221,36,15,21,8,8,0,8,0,0,0,29,26,2,24,3,2,1,33,26,2,24,7,2,5,78,71,34,37,7,2,5,18,13,2,11,5,1,4,50,44,9,35,6,3,3,120,113,41,72,7,4,3,19,18,8,10,1,1,0
S01011033,360,330,77,253,30,6,24,12,12,1,11,0,0,0,23,22,1,21,1,0,1,38,26,3,23,12,1,11,66,60,25,35,6,1,5,22,17,1,16,5,2,3,58,53,3,50,5,1,4,124,123,38,85,1,1,0,17,17,5,12,0,0,0
S01011034,299,268,82,186,31,5,26,7,7,0,7,0,0,0,16,16,2,14,0,0,0,26,16,1,15,10,1,9,67,63,24,39,4,0,4,19,15,3,12,4,0,4,41,36,8,28,5,3,2,106,101,36,65,5,1,4,17,14,8,6,3,0,3
S01011035,311,279,82,197,32,7,25,6,5,1,4,1,0,1,20,18,2,16,2,1,1,31,20,1,19,11,0,11,59,55,32,23,4,1,3,27,25,6,19,2,0,2,55,51,8,43,4,2,2,96,89,30,59,7,3,4,17,16,2,14,1,0,1
S01011036,341,306,89,217,35,5,30,7,7,0,7,0,0,0,20,19,0,19,1,0,1,30,20,0,20,10,2,8,78,74,37,37,4,0,4,31,21,4,17,10,1,9,59,56,13,43,3,0,3,97,93,32,61,4,1,3,19,16,3,13,3,1,2
S01011037,415,371,113,258,44,14,30,12,10,1,9,2,1,1,12,11,0,11,1,1,0,42,31,1,30,11,2,9,104,93,40,53,11,3,8,36,28,7,21,8,1,7,70,65,13,52,5,2,3,126,123,47,76,3,3,0,13,10,4,6,3,1,2
S01011038,348,318,101,217,30,8,22,13,13,0,13,0,0,0,16,16,2,14,0,0,0,23,16,2,14,7,2,5,90,82,39,43,8,2,6,30,23,5,18,7,1,6,51,50,12,38,1,1,0,97,93,30,63,4,1,3,28,25,11,14,3,1,2
S01011039,400,358,82,276,42,10,32,16,13,0,13,3,1,2,20,19,0,19,1,0,1,44,34,3,31,10,0,10,74,68,25,43,6,3,3,27,21,4,17,6,1,5,72,64,12,52,8,1,7,127,123,32,91,4,3,1,20,16,6,10,4,1,3
S01011040,308,286,81,205,22,5,17,1,1,0,1,0,0,0,14,13,2,11,1,0,1,49,39,4,35,10,0,10,73,70,27,43,3,1,2,14,14,0,14,0,0,0,59,56,12,44,3,0,3,83,80,31,49,3,2,1,15,13,5,8,2,2,0
S01011041,278,254,91,163,24,5,19,3,3,0,3,0,0,0,13,10,0,10,3,1,2,22,13,0,13,9,3,6,73,66,26,40,7,1,6,13,13,3,10,0,0,0,46,45,17,28,1,0,1,88,85,37,48,3,0,3,20,19,8,11,1,0,1
S01011042,430,384,96,288,46,14,32,11,11,2,9,0,0,0,25,22,4,18,3,0,3,59,46,3,43,13,2,11,70,62,21,41,8,3,5,22,17,3,14,5,2,3,82,74,9,65,8,1,7,137,131,47,84,6,4,2,24,21,7,14,3,2,1
S01011043,302,277,78,199,25,12,13,1,1,0,1,0,0,0,27,26,2,24,1,0,1,35,31,1,30,4,2,2,59,55,24,31,4,3,1,18,16,0,16,2,0,2,41,36,9,27,5,2,3,105,101,39,62,4,2,2,16,11,3,8,5,3,2
S01011044,309,269,78,191,40,15,25,13,11,3,8,2,0,2,16,16,1,15,0,0,0,19,12,1,11,7,2,5,79,68,29,39,11,4,7,20,15,2,13,5,1,4,44,41,6,35,3,0,3,99,92,28,64,7,4,3,19,14,8,6,5,4,1
S01011045,386,275,89,186,111,27,84,52,17,1,16,35,5,30,69,58,7,51,11,2,9,18,9,0,9,9,1,8,63,42,19,23,21,4,17,25,17,7,10,8,1,7,30,20,4,16,10,5,5,95,84,42,42,11,6,5,34,28,9,19,6,3,3
S01011046,458,327,85,242,131,25,106,69,34,2,32,35,4,31,92,82,11,71,10,1,9,43,25,2,23,18,2,16,71,47,20,27,24,4,20,22,15,4,11,7,1,6,57,38,10,28,19,6,13,87,74,30,44,13,5,8,17,12,6,6,5,2,3
S01011047,465,381,105,276,84,18,66,49,19,1,18,30,4,26,137,127,16,111,10,2,8,44,32,1,31,12,1,11,71,57,26,31,14,4,10,22,20,3,17,2,1,1,31,25,9,16,6,1,5,96,88,42,46,8,5,3,15,13,7,6,2,0,2
S01011048,470,398,130,268,72,15,57,22,17,2,15,5,2,3,119,114,17,97,5,1,4,57,50,3,47,7,0,7,86,58,32,26,28,2,26,11,6,0,6,5,1,4,41,32,15,17,9,5,4,119,109,54,55,10,3,7,15,12,7,5,3,1,2
S01011049,351,323,92,231,28,7,21,12,9,3,6,3,0,3,125,122,14,108,3,1,2,41,31,0,31,10,1,9,42,39,22,17,3,0,3,14,14,2,12,0,0,0,28,22,8,14,6,3,3,80,79,40,39,1,1,0,9,7,3,4,2,1,1
S01011050,411,341,93,248,70,14,56,36,14,3,11,22,5,17,95,89,9,80,6,0,6,38,27,0,27,11,4,7,61,53,30,23,8,2,6,18,15,1,14,3,0,3,33,24,6,18,9,0,9,113,107,42,65,6,0,6,17,12,2,10,5,3,2
S01011051,476,395,132,263,81,22,59,33,19,2,17,14,1,13,105,97,11,86,8,4,4,54,37,5,32,17,1,16,81,67,36,31,14,4,10,19,16,4,12,3,1,2,35,27,7,20,8,3,5,128,118,60,58,10,5,5,21,14,7,7,7,3,4
S01011052,370,319,95,224,51,14,37,13,10,0,10,3,0,3,126,123,22,101,3,0,3,32,20,1,19,12,1,11,62,51,27,24,11,4,7,16,12,1,11,4,1,3,19,12,6,6,7,3,4,93,86,34,52,7,2,5,9,5,4,1,4,3,1
S01011053,293,266,64,202,27,7,20,7,5,0,5,2,2,0,112,110,13,97,2,1,1,36,29,2,27,7,0,7,45,40,17,23,5,0,5,7,7,1,6,0,0,0,16,12,2,10,4,2,2,63,58,28,30,5,2,3,7,5,1,4,2,0,2
S01011054,279,234,71,163,45,15,30,14,4,0,4,10,1,9,88,83,11,72,5,2,3,17,12,0,12,5,2,3,51,41,16,25,10,2,8,13,10,3,7,3,0,3,16,12,4,8,4,2,2,70,65,33,32,5,3,2,10,7,4,3,3,3,0
S01011055,297,234,64,170,63,14,49,38,15,2,13,23,5,18,65,62,5,57,3,0,3,20,15,1,14,5,1,4,40,30,11,19,10,1,9,12,9,4,5,3,0,3,30,21,7,14,9,5,4,81,77,33,44,4,1,3,11,5,1,4,6,1,5
S01011056,372,255,80,175,117,25,92,69,17,3,14,52,8,44,48,44,4,40,4,2,2,43,25,5,20,18,0,18,62,44,23,21,18,5,13,20,18,2,16,2,0,2,33,26,4,22,7,2,5,81,72,33,39,9,4,5,16,9,6,3,7,4,3
S01011057,313,248,70,178,65,13,52,32,11,1,10,21,2,19,49,42,6,36,7,4,3,46,32,2,30,14,2,12,60,49,22,27,11,1,10,23,22,1,21,1,0,1,21,18,5,13,3,1,2,69,65,28,37,4,2,2,13,9,5,4,4,1,3
S01011058,348,253,75,178,95,24,71,61,17,1,16,44,7,37,38,28,2,26,10,4,6,34,22,2,20,12,3,9,63,50,29,21,13,4,9,14,13,0,13,1,0,1,38,28,6,22,10,4,6,95,92,33,59,3,1,2,5,3,2,1,2,1,1
S01011059,323,247,87,160,76,15,61,50,19,3,16,31,3,28,31,29,5,24,2,1,1,35,18,2,16,17,1,16,66,58,31,27,8,4,4,24,19,6,13,5,1,4,35,28,7,21,7,3,4,74,69,30,39,5,1,4,8,7,3,4,1,1,0
S01011060,394,339,114,225,55,13,42,23,14,2,12,9,2,7,58,57,9,48,1,0,1,53,39,5,34,14,0,14,82,75,37,38,7,2,5,26,23,9,14,3,1,2,48,38,11,27,10,1,9,87,78,35,43,9,5,4,17,15,6,9,2,2,0
S01011061,425,393,127,266,32,10,22,19,17,0,17,2,0,2,72,70,7,63,2,0,2,52,41,1,40,11,1,10,105,101,48,53,4,1,3,36,33,8,25,3,2,1,29,26,8,18,3,2,1,86,83,47,36,3,2,1,26,22,8,14,4,2,2
S01011062,486,426,136,290,60,4,56,22,18,0,18,4,0,4,90,86,8,78,4,0,4,82,62,7,55,20,2,18,121,105,54,51,16,2,14,19,19,4,15,0,0,0,31,22,6,16,9,0,9,95,92,48,44,3,0,3,26,22,9,13,4,0,4
S01011063,462,422,152,270,40,10,30,17,13,0,13,4,1,3,93,92,14,78,1,0,1,57,46,1,45,11,1,10,121,115,64,51,6,1,5,15,14,4,10,1,0,1,31,24,5,19,7,2,5,112,106,59,47,6,3,3,16,12,5,7,4,2,2
S01011064,517,451,124,327,66,10,56,31,28,0,28,3,1,2,92,86,5,81,6,1,5,58,39,0,39,19,1,18,128,106,47,59,22,1,21,39,36,9,27,3,0,3,46,40,6,34,6,3,3,94,92,46,46,2,1,1,29,24,11,13,5,2,3
S01011065,327,256,84,172,71,16,55,44,30,5,25,14,2,12,24,22,0,22,2,0,2,32,21,1,20,11,4,7,77,57,27,30,20,2,18,16,12,3,9,4,2,2,33,23,5,18,10,1,9,89,83,38,45,6,2,4,12,8,5,3,4,3,1
S01011066,231,174,60,114,57,13,44,29,21,0,21,8,1,7,25,23,2,21,2,1,1,15,4,0,4,11,1,10,73,55,28,27,18,2,16,10,7,3,4,3,2,1,14,11,2,9,3,1,2,55,48,24,24,7,3,4,10,5,1,4,5,2,3
S01011067,236,186,53,133,50,16,34,20,15,0,15,5,0,5,19,18,2,16,1,0,1,40,24,0,24,16,3,13,49,39,22,17,10,4,6,12,10,2,8,2,1,1,21,17,4,13,4,1,3,56,51,15,36,5,3,2,19,12,8,4,7,4,3
S01011068,242,189,63,126,53,14,39,24,16,1,15,8,0,8,19,17,1,16,2,0,2,26,16,0,16,10,1,9,51,42,23,19,9,4,5,19,14,1,13,5,1,4,30,25,8,17,5,1,4,59,51,23,28,8,3,5,14,8,6,2,6,4,2
S01011069,244,212,74,138,32,6,26,21,16,1,15,5,0,5,30,29,1,28,1,0,1,10,6,0,6,4,0,4,67,60,35,25,7,3,4,15,14,1,13,1,0,1,25,20,5,15,5,1,4,67,60,28,32,7,1,6,9,7,3,4,2,1,1
S01011070,310,271,83,188,39,12,27,38,31,0,31,7,2,5,21,18,2,16,3,0,3,46,32,2,30,14,4,10,65,59,33,26,6,2,4,19,18,1,17,1,0,1,28,24,4,20,4,3,1,83,81,35,46,2,0,2,10,8,6,2,2,1,1
S01011071,388,323,91,232,65,14,51,44,30,1,29,14,2,12,37,30,3,27,7,2,5,43,29,1,28,14,1,13,94,80,30,50,14,3,11,29,26,3,23,3,0,3,44,39,11,28,5,1,4,84,83,37,46,1,1,0,13,6,5,1,7,4,3
S01011072,516,435,143,292,81,16,65,68,47,3,44,21,4,17,47,45,9,36,2,0,2,50,34,1,33,16,1,15,107,93,44,49,14,1,13,44,36,7,29,8,2,6,56,49,16,33,7,2,5,123,117,57,60,6,2,4,21,14,6,8,7,4,3
S01011073,354,309,106,203,45,14,31,47,40,1,39,7,4,3,46,44,8,36,2,0,2,35,30,3,27,5,1,4,79,72,38,34,7,1,6,17,14,4,10,3,0,3,31,22,9,13,9,3,6,86,81,39,42,5,0,5,13,6,4,2,7,5,2
S01011074,320,281,95,186,39,7,32,48,40,0,40,8,1,7,40,40,6,34,0,0,0,30,16,0,16,14,0,14,62,60,33,27,2,0,2,18,18,2,16,0,0,0,26,21,7,14,5,1,4,82,77,42,35,5,3,2,14,9,5,4,5,2,3
S01011075,313,284,96,188,29,9,20,31,27,2,25,4,0,4,66,66,12,54,0,0,0,31,21,0,21,10,1,9,82,75,37,38,7,3,4,21,20,7,13,1,1,0,23,20,6,14,3,0,3,49,49,29,20,0,0,0,10,6,3,3,4,4,0
S01011076,331,299,89,210,32,5,27,40,33,3,30,7,0,7,47,44,5,39,3,1,2,24,21,1,20,3,0,3,88,77,40,37,11,1,10,16,16,4,12,0,0,0,34,32,4,28,2,0,2,71,66,28,38,5,2,3,11,10,4,6,1,1,0
S01011077,300,288,119,169,12,5,7,24,22,1,21,2,0,2,42,41,8,33,1,0,1,21,19,1,18,2,1,1,70,68,38,30,2,0,2,29,29,7,22,0,0,0,23,22,7,15,1,0,1,77,76,47,29,1,1,0,14,11,10,1,3,3,0
S01011078,532,454,149,305,78,14,64,73,66,4,62,7,0,7,58,54,10,44,4,0,4,48,39,3,36,9,1,8,125,102,57,45,23,3,20,35,32,4,28,3,0,3,56,38,10,28,18,5,13,121,113,53,60,8,3,5,16,10,8,2,6,2,4
S01011079,541,486,139,347,55,11,44,88,79,2,77,9,0,9,76,72,11,61,4,0,4,36,31,0,31,5,0,5,131,116,57,59,15,3,12,35,30,5,25,5,1,4,36,34,6,28,2,0,2,108,106,48,58,2,1,1,31,18,10,8,13,6,7
S01011080,468,430,131,299,38,8,30,55,48,0,48,7,2,5,67,63,8,55,4,0,4,37,32,3,29,5,1,4,110,105,52,53,5,0,5,34,30,8,22,4,1,3,38,34,7,27,4,1,3,103,99,46,53,4,0,4,24,19,7,12,5,3,2
S01011081,380,351,126,225,29,8,21,50,41,0,41,9,3,6,54,51,10,41,3,1,2,26,21,0,21,5,0,5,97,94,48,46,3,1,2,19,17,4,13,2,0,2,24,22,8,14,2,0,2,87,86,47,39,1,0,1,23,19,9,10,4,3,1
S01011082,212,201,70,131,11,2,9,28,23,1,22,5,1,4,37,37,7,30,0,0,0,13,12,0,12,1,0,1,45,45,27,18,0,0,0,18,16,2,14,2,0,2,16,15,5,10,1,0,1,46,45,25,20,1,0,1,9,8,3,5,1,1,0
S01011083,370,331,112,219,39,15,24,41,34,2,32,7,1,6,40,39,3,36,1,0,1,41,30,4,26,11,0,11,84,82,40,42,2,2,0,12,10,2,8,2,2,0,24,19,6,13,5,3,2,118,108,49,59,10,6,4,10,9,6,3,1,1,0
S01011084,372,299,85,214,73,26,47,34,20,0,20,14,2,12,36,30,1,29,6,3,3,35,22,1,21,13,2,11,60,52,26,26,8,3,5,22,18,3,15,4,1,3,41,30,10,20,11,6,5,123,115,38,77,8,4,4,21,12,6,6,9,5,4
S01011085,442,385,114,271,57,20,37,30,25,1,24,5,0,5,69,65,9,56,4,2,2,26,16,0,16,10,1,9,67,58,26,32,9,2,7,37,33,6,27,4,2,2,43,30,11,19,13,5,8,157,149,57,92,8,5,3,13,9,4,5,4,3,1
S01011086,311,271,72,199,40,8,32,25,13,2,11,12,0,12,52,50,7,43,2,0,2,32,26,1,25,6,1,5,64,58,23,35,6,3,3,12,10,0,10,2,0,2,35,31,10,21,4,0,4,79,76,26,50,3,1,2,12,7,3,4,5,3,2
S01011087,286,256,58,198,30,11,19,16,10,0,10,6,0,6,63,62,5,57,1,0,1,30,27,2,25,3,1,2,62,56,21,35,6,3,3,18,17,2,15,1,0,1,23,16,4,12,7,3,4,63,61,22,39,2,2,0,11,7,2,5,4,2,2
S01011088,457,399,103,296,58,20,38,22,20,0,20,2,0,2,52,47,10,37,5,1,4,43,34,0,34,9,3,6,88,73,32,41,15,3,12,23,22,1,21,1,1,0,36,25,9,16,11,4,7,174,166,47,119,8,5,3,19,12,4,8,7,3,4
S01011089,276,248,91,157,28,7,21,15,13,2,11,2,0,2,26,26,1,25,0,0,0,24,17,0,17,7,1,6,77,73,38,35,4,1,3,15,14,2,12,1,1,0,18,13,4,9,5,1,4,91,86,42,44,5,2,3,10,6,2,4,4,1,3
S01011090,369,296,85,211,73,12,61,64,32,1,31,32,2,30,51,46,4,42,5,2,3,23,16,1,15,7,1,6,69,58,30,28,11,1,10,21,13,1,12,8,4,4,50,43,12,31,7,0,7,82,80,32,48,2,2,0,9,8,4,4,1,0,1
S01011091,360,284,78,206,76,20,56,53,33,4,29,20,2,18,43,38,8,30,5,0,5,34,24,1,23,10,3,7,55,40,15,25,15,3,12,18,16,3,13,2,2,0,35,21,6,15,14,5,9,105,100,35,65,5,1,4,17,12,6,6,5,4,1
S01011092,186,168,66,102,18,8,10,2,2,0,2,0,0,0,15,13,1,12,2,0,2,25,18,2,16,7,2,5,51,47,25,22,4,2,2,14,13,0,13,1,1,0,11,9,4,5,2,1,1,65,63,32,31,2,2,0,3,3,2,1,0,0,0
S01011093,336,265,75,190,71,11,60,31,22,2,20,9,1,8,44,42,6,36,2,0,2,41,23,2,21,18,0,18,54,39,20,19,15,4,11,14,11,1,10,3,1,2,40,28,7,21,12,1,11,93,87,32,55,6,2,4,19,13,5,8,6,2,4
S01011094,275,210,64,146,65,25,40,33,24,0,24,9,4,5,19,17,2,15,2,0,2,14,8,0,8,6,3,3,43,27,12,15,16,8,8,10,7,4,3,3,1,2,40,27,7,20,13,4,9,103,92,34,58,11,4,7,13,8,5,3,5,1,4
S01011095,436,344,90,254,92,20,72,44,26,2,24,18,4,14,34,32,1,31,2,0,2,37,23,1,22,14,0,14,93,71,30,41,22,1,21,22,14,3,11,8,2,6,46,33,6,27,13,6,7,145,136,45,91,9,3,6,15,9,2,7,6,4,2
S01011096,315,267,60,207,48,10,38,37,24,1,23,13,2,11,30,30,3,27,0,0,0,24,16,1,15,8,0,8,52,50,22,28,2,0,2,18,17,5,12,1,1,0,33,20,4,16,13,2,11,112,104,23,81,8,5,3,9,6,1,5,3,0,3
S01011097,376,304,97,207,72,24,48,33,22,2,20,11,2,9,37,30,3,27,7,1,6,45,28,2,26,17,5,12,60,53,22,31,7,5,2,7,6,1,5,1,0,1,54,34,14,20,20,10,10,130,122,47,75,8,1,7,10,9,6,3,1,0,1
S01011098,402,366,102,264,36,10,26,21,14,0,14,7,1,6,51,48,8,40,3,1,2,33,27,2,25,6,0,6,106,98,42,56,8,1,7,19,19,1,18,0,0,0,17,16,1,15,1,0,1,140,134,44,90,6,5,1,15,10,4,6,5,2,3
S01011099,411,378,115,263,33,12,21,22,21,2,19,1,0,1,56,53,10,43,3,1,2,49,39,1,38,10,0,10,100,95,46,49,5,3,2,20,19,5,14,1,0,1,39,35,8,27,4,4,0,105,101,38,63,4,3,1,20,15,5,10,5,1,4
S01011100,209,186,52,134,23,4,19,11,9,0,9,2,0,2,22,19,2,17,3,1,2,28,22,1,21,6,0,6,55,52,22,30,3,0,3,6,5,0,5,1,0,1,20,20,3,17,0,0,0,60,54,21,33,6,3,3,7,5,3,2,2,0,2
S01011101,272,262,91,171,10,2,8,10,10,0,10,0,0,0,46,45,7,38,1,0,1,31,29,0,29,2,0,2,73,70,35,35,3,0,3,18,16,5,11,2,0,2,25,23,13,10,2,2,0,55,55,22,33,0,0,0,14,14,9,5,0,0,0
S01011102,301,285,82,203,16,3,13,11,9,2,7,2,0,2,56,56,4,52,0,0,0,22,20,0,20,2,0,2,79,77,36,41,2,0,2,17,15,3,12,2,0,2,27,24,5,19,3,1,2,79,76,27,49,3,0,3,10,8,5,3,2,2,0
S01011103,276,255,74,181,21,6,15,13,12,0,12,1,0,1,36,35,7,28,1,0,1,19,16,2,14,3,0,3,89,83,36,47,6,1,5,21,18,1,17,3,1,2,18,15,4,11,3,2,1,74,72,23,49,2,1,1,6,4,1,3,2,1,1
S01011104,280,244,66,178,36,12,24,9,8,1,7,1,0,1,29,28,1,27,1,0,1,19,15,1,14,4,0,4,66,60,21,39,6,1,5,7,4,1,3,3,0,3,28,21,6,15,7,2,5,111,103,33,70,8,6,2,11,5,2,3,6,3,3
S01011105,408,369,90,279,39,7,32,15,14,0,14,1,0,1,74,70,12,58,4,0,4,45,36,1,35,9,0,9,95,88,32,56,7,1,6,29,27,3,24,2,0,2,25,22,3,19,3,1,2,107,102,36,66,5,2,3,18,10,3,7,8,3,5
S01011106,451,425,117,308,26,13,13,24,24,0,24,0,0,0,47,46,8,38,1,1,0,21,19,3,16,2,0,2,87,86,51,35,1,0,1,10,7,2,5,3,0,3,19,15,4,11,4,1,3,222,213,41,172,9,7,2,21,15,8,7,6,4,2
S01011107,488,462,125,337,26,5,21,34,32,0,32,2,1,1,62,60,10,50,2,0,2,48,41,2,39,7,0,7,115,112,50,62,3,0,3,19,17,1,16,2,0,2,34,28,6,22,6,1,5,162,161,50,111,1,0,1,14,11,6,5,3,3,0
S01011108,299,273,90,183,26,16,10,9,9,0,9,0,0,0,28,28,2,26,0,0,0,45,37,1,36,8,2,6,62,61,33,28,1,1,0,20,17,1,16,3,2,1,25,21,8,13,4,3,1,98,93,41,52,5,3,2,12,7,4,3,5,5,0
S01011109,434,392,103,289,42,10,32,22,21,0,21,1,0,1,68,68,9,59,0,0,0,60,43,1,42,17,2,15,109,101,42,59,8,1,7,18,16,4,12,2,0,2,39,33,12,21,6,2,4,99,95,32,63,4,3,1,19,15,3,12,4,2,2
S01011110,369,351,114,237,18,5,13,15,14,0,14,1,0,1,56,53,9,44,3,0,3,40,36,4,32,4,0,4,100,98,45,53,2,0,2,27,26,4,22,1,0,1,24,23,7,16,1,1,0,90,86,36,50,4,3,1,17,15,9,6,2,1,1
S01011111,422,392,137,255,30,9,21,23,23,1,22,0,0,0,57,56,12,44,1,0,1,54,47,3,44,7,2,5,130,119,51,68,11,3,8,21,19,3,16,2,1,1,39,37,19,18,2,1,1,86,81,44,37,5,1,4,12,10,4,6,2,1,1
S01011112,514,468,129,339,46,12,34,26,25,0,25,1,0,1,59,58,4,54,1,0,1,54,43,3,40,11,1,10,108,103,47,56,5,0,5,22,20,3,17,2,0,2,47,42,14,28,5,0,5,174,163,50,113,11,3,8,24,14,8,6,10,8,2
S01011113,486,454,132,322,32,8,24,20,19,0,19,1,0,1,48,47,6,41,1,0,1,46,38,0,38,8,1,7,154,143,65,78,11,3,8,22,20,4,16,2,0,2,35,31,5,26,4,1,3,147,143,46,97,4,3,1,14,13,6,7,1,0,1
S01011114,403,363,98,265,40,6,34,16,14,0,14,2,0,2,51,50,2,48,1,0,1,53,44,2,42,9,2,7,92,82,40,42,10,2,8,10,10,3,7,0,0,0,37,32,12,20,5,1,4,136,125,39,86,11,1,10,8,6,0,6,2,0,2
S01011115,461,421,143,278,40,8,32,23,21,2,19,2,1,1,63,59,6,53,4,0,4,52,43,2,41,9,0,9,128,122,61,61,6,1,5,23,18,5,13,5,0,5,31,29,13,16,2,0,2,124,117,46,71,7,4,3,17,12,8,4,5,2,3
S01011116,333,311,91,220,22,5,17,12,10,0,10,2,0,2,32,31,4,27,1,0,1,29,25,0,25,4,0,4,93,88,45,43,5,0,5,24,23,1,22,1,0,1,31,28,11,17,3,1,2,101,97,28,69,4,2,2,11,9,2,7,2,2,0
S01011117,371,314,79,235,57,14,43,15,13,2,11,2,1,1,32,31,6,25,1,1,0,27,21,1,20,6,1,5,103,87,36,51,16,2,14,21,13,2,11,8,0,8,41,29,3,26,12,4,8,123,114,27,87,9,4,5,9,6,2,4,3,1,2
S01011118,413,363,101,262,50,7,43,17,14,1,13,3,0,3,37,37,8,29,0,0,0,21,13,0,13,8,1,7,87,73,29,44,14,1,13,14,11,2,9,3,2,1,52,44,11,33,8,1,7,164,159,46,113,5,0,5,21,12,4,8,9,2,7
S01011119,427,374,104,270,53,18,35,12,9,0,9,3,0,3,62,55,12,43,7,2,5,31,28,0,28,3,0,3,84,69,32,37,15,4,11,14,12,3,9,2,0,2,45,36,9,27,9,2,7,163,152,41,111,11,8,3,16,13,7,6,3,2,1
S01011120,297,261,70,191,36,12,24,11,9,0,9,2,1,1,19,17,0,17,2,1,1,24,18,3,15,6,1,5,60,54,25,29,6,1,5,10,10,1,9,0,0,0,32,26,5,21,6,1,5,125,117,32,85,8,4,4,16,10,4,6,6,3,3
S01011121,290,272,68,204,18,3,15,12,10,1,9,2,0,2,50,47,8,39,3,1,2,23,21,1,20,2,0,2,83,79,30,49,4,1,3,16,14,1,13,2,0,2,22,19,2,17,3,1,2,74,73,23,50,1,0,1,10,9,2,7,1,0,1
S01011122,337,304,81,223,33,9,24,10,8,0,8,2,0,2,39,39,4,35,0,0,0,46,33,1,32,13,1,12,79,75,32,43,4,2,2,28,25,5,20,3,0,3,29,23,6,17,6,2,4,101,97,30,67,4,3,1,5,4,3,1,1,1,0
S01011123,565,523,152,371,42,14,28,33,33,1,32,0,0,0,50,48,2,46,2,1,1,89,78,1,77,11,3,8,158,150,82,68,8,1,7,39,32,4,28,7,2,5,37,35,12,23,2,1,1,137,128,43,85,9,4,5,22,19,7,12,3,2,1
S01011124,345,318,103,215,27,4,23,13,12,0,12,1,0,1,48,46,6,40,2,0,2,41,31,1,30,10,0,10,76,75,44,31,1,0,1,18,16,2,14,2,0,2,34,30,10,20,4,2,2,102,100,34,66,2,1,1,13,8,6,2,5,1,4
S01011125,268,252,86,166,16,4,12,15,15,0,15,0,0,0,38,38,7,31,0,0,0,36,30,0,30,6,1,5,68,63,34,29,5,1,4,13,12,2,10,1,0,1,22,20,7,13,2,1,1,66,65,33,32,1,1,0,10,9,3,6,1,0,1
S01011126,250,232,76,156,18,5,13,3,3,0,3,0,0,0,21,21,5,16,0,0,0,24,20,0,20,4,0,4,48,45,24,21,3,0,3,11,7,2,5,4,0,4,20,19,7,12,1,0,1,117,112,35,77,5,4,1,6,5,3,2,1,1,0
S01011127,241,233,53,180,8,3,5,0,0,0,0,0,0,0,8,5,2,3,3,2,1,3,2,0,2,1,0,1,30,29,19,10,1,1,0,4,3,1,2,1,0,1,11,10,4,6,1,0,1,178,177,22,155,1,0,1,7,7,5,2,0,0,0
S01011128,362,331,98,233,31,9,22,15,14,0,14,1,0,1,38,34,5,29,4,2,2,37,30,3,27,7,0,7,87,78,37,41,9,4,5,13,13,2,11,0,0,0,39,36,11,25,3,1,2,122,117,35,82,5,2,3,11,9,5,4,2,0,2
S01011129,489,440,119,321,49,21,28,24,23,1,22,1,0,1,29,29,6,23,0,0,0,23,18,1,17,5,1,4,87,69,32,37,18,5,13,17,14,8,6,3,1,2,37,31,12,19,6,1,5,255,245,52,193,10,8,2,17,11,7,4,6,5,1
S01011130,273,252,60,192,21,4,17,10,10,0,10,0,0,0,42,42,6,36,0,0,0,27,20,1,19,7,0,7,54,51,22,29,3,0,3,16,16,1,15,0,0,0,22,18,3,15,4,1,3,89,85,22,63,4,0,4,13,10,5,5,3,3,0
S01011131,352,324,68,256,28,13,15,18,16,1,15,2,0,2,29,28,2,26,1,0,1,13,11,1,10,2,0,2,59,58,23,35,1,1,0,21,19,1,18,2,1,1,32,24,7,17,8,5,3,167,161,30,131,6,3,3,13,7,3,4,6,3,3
S01011132,465,411,117,294,54,12,42,30,22,1,21,8,1,7,26,25,3,22,1,0,1,28,17,1,16,11,3,8,91,80,38,42,11,0,11,24,20,4,16,4,1,3,42,37,9,28,5,2,3,194,185,49,136,9,3,6,30,25,12,13,5,2,3
S01011133,219,194,54,140,25,7,18,11,10,0,10,1,0,1,15,15,1,14,0,0,0,20,18,0,18,2,0,2,46,40,15,25,6,1,5,18,17,1,16,1,0,1,20,15,3,12,5,2,3,77,68,30,38,9,4,5,12,11,4,7,1,0,1
S01011134,400,350,92,258,50,11,39,24,19,2,17,5,0,5,38,35,6,29,3,1,2,43,33,3,30,10,1,9,87,74,31,43,13,0,13,21,14,2,12,7,3,4,32,29,8,21,3,0,3,138,133,32,101,5,4,1,17,13,8,5,4,2,2
S01011135,379,342,109,233,37,15,22,26,19,2,17,7,1,6,33,31,3,28,2,0,2,33,27,1,26,6,0,6,90,84,47,37,6,1,5,22,16,5,11,6,5,1,31,27,8,19,4,3,1,127,126,37,89,1,0,1,17,12,6,6,5,5,0
S01011136,326,297,82,215,29,10,19,20,18,0,18,2,0,2,23,23,3,20,0,0,0,26,19,0,19,7,1,6,49,42,20,22,7,2,5,10,10,0,10,0,0,0,38,32,11,21,6,3,3,140,136,43,93,4,2,2,20,17,5,12,3,2,1
S01011137,240,209,63,146,31,11,20,11,9,0,9,2,1,1,14,12,1,11,2,0,2,20,15,1,14,5,0,5,47,42,20,22,5,2,3,9,5,1,4,4,1,3,17,16,4,12,1,0,1,108,102,32,70,6,3,3,14,8,4,4,6,4,2
S01011138,335,307,96,211,28,6,22,21,15,2,13,6,0,6,29,27,3,24,2,0,2,21,17,0,17,4,1,3,76,71,42,29,5,1,4,16,15,1,14,1,0,1,17,16,8,8,1,0,1,142,136,34,102,6,3,3,13,10,6,4,3,1,2
S01011139,977,950,94,856,27,5,22,10,9,0,9,1,0,1,12,12,2,10,0,0,0,18,14,1,13,4,0,4,67,65,32,33,2,0,2,13,9,0,9,4,0,4,41,35,12,23,6,3,3,806,798,45,753,8,2,6,10,8,2,6,2,0,2
S01011140,278,256,70,186,22,8,14,11,8,0,8,3,2,1,26,25,5,20,1,0,1,32,23,1,22,9,0,9,62,60,28,32,2,2,0,11,8,1,7,3,2,1,20,18,5,13,2,2,0,105,104,24,80,1,0,1,11,10,6,4,1,0,1
S01011141,280,266,94,172,14,2,12,14,14,0,14,0,0,0,22,21,3,18,1,0,1,27,24,2,22,3,0,3,69,66,36,30,3,0,3,13,12,2,10,1,0,1,27,23,9,14,4,2,2,96,95,38,57,1,0,1,12,11,4,7,1,0,1
S01011142,435,372,84,288,63,23,40,26,18,1,17,8,3,5,32,30,0,30,2,1,1,24,17,1,16,7,0,7,69,50,21,29,19,7,12,17,15,4,11,2,0,2,34,28,9,19,6,2,4,209,200,43,157,9,6,3,24,14,5,9,10,4,6
S01011143,460,410,138,272,50,19,31,28,23,3,20,5,0,5,29,28,2,26,1,0,1,26,20,4,16,6,1,5,110,94,47,47,16,6,10,27,22,1,21,5,2,3,42,35,10,25,7,5,2,177,174,61,113,3,2,1,21,14,10,4,7,3,4
S01011144,370,327,104,223,43,17,26,23,19,1,18,4,1,3,25,20,2,18,5,2,3,22,17,1,16,5,1,4,59,48,24,24,11,2,9,19,17,2,15,2,0,2,41,35,10,25,6,3,3,166,159,57,102,7,6,1,15,12,7,5,3,2,1
S01011145,336,290,87,203,46,14,32,20,14,0,14,6,1,5,32,29,2,27,3,1,2,29,22,1,21,7,0,7,50,48,27,21,2,1,1,14,10,2,8,4,3,1,36,27,9,18,9,1,8,134,126,41,85,8,3,5,21,14,5,9,7,4,3
S01011146,345,308,86,222,37,14,23,17,16,1,15,1,0,1,25,25,1,24,0,0,0,41,34,2,32,7,0,7,65,58,26,32,7,2,5,30,26,6,20,4,1,3,28,24,9,15,4,3,1,126,117,36,81,9,4,5,13,8,5,3,5,4,1
S01011147,531,477,128,349,54,17,37,25,22,0,22,3,2,1,56,50,5,45,6,0,6,47,35,0,35,12,3,9,107,99,43,56,8,2,6,29,25,6,19,4,0,4,43,34,7,27,9,5,4,204,196,62,134,8,2,6,20,16,5,11,4,3,1
S01011148,419,319,76,243,100,17,83,61,30,4,26,31,3,28,33,29,5,24,4,0,4,38,26,0,26,12,2,10,72,61,20,41,11,0,11,7,3,0,3,4,0,4,38,24,5,19,14,2,12,129,113,31,82,16,7,9,41,33,11,22,8,3,5
S01011149,545,456,71,385,89,36,53,19,10,1,9,9,4,5,12,8,1,7,4,2,2,17,9,3,6,8,1,7,46,32,18,14,14,4,10,14,9,3,6,5,1,4,30,15,4,11,15,6,9,383,360,31,329,23,13,10,24,13,10,3,11,5,6
S01011150,247,238,40,198,9,4,5,7,6,1,5,1,0,1,18,17,2,15,1,0,1,10,10,0,10,0,0,0,40,39,9,30,1,0,1,15,13,0,13,2,1,1,20,19,10,9,1,1,0,131,128,17,111,3,2,1,6,6,1,5,0,0,0
S01011151,275,247,56,191,28,11,17,9,8,2,6,1,0,1,12,12,2,10,0,0,0,21,13,1,12,8,1,7,42,39,19,20,3,1,2,6,6,0,6,0,0,0,19,14,7,7,5,3,2,161,150,22,128,11,6,5,5,5,3,2,0,0,0
S01011152,332,241,65,176,91,38,53,17,13,2,11,4,0,4,26,18,4,14,8,4,4,12,5,0,5,7,2,5,59,49,17,32,10,2,8,12,8,1,7,4,3,1,40,22,3,19,18,5,13,140,113,31,82,27,15,12,26,13,7,6,13,7,6
S01011153,385,323,92,231,62,21,41,21,11,2,9,10,1,9,28,25,3,22,3,2,1,35,24,1,23,11,2,9,85,78,28,50,7,2,5,28,25,1,24,3,1,2,42,35,10,25,7,2,5,128,111,40,71,17,7,10,18,14,7,7,4,4,0
S01011154,248,210,68,142,38,14,24,10,10,3,7,0,0,0,17,17,2,15,0,0,0,23,16,1,15,7,1,6,53,49,25,24,4,2,2,16,12,2,10,4,0,4,41,34,10,24,7,4,3,75,66,22,44,9,5,4,13,6,3,3,7,2,5
S01011155,274,239,86,153,35,15,20,10,9,2,7,1,1,0,20,19,7,12,1,0,1,30,23,5,18,7,0,7,71,65,38,27,6,2,4,13,12,4,8,1,1,0,27,21,5,16,6,3,3,91,84,23,61,7,4,3,12,6,2,4,6,4,2
S01011156,307,280,74,206,27,6,21,14,12,1,11,2,0,2,20,18,2,16,2,1,1,20,13,0,13,7,0,7,70,69,32,37,1,0,1,14,14,0,14,0,0,0,45,41,8,33,4,0,4,114,107,29,78,7,4,3,10,6,2,4,4,1,3
S01011157,304,275,80,195,29,7,22,19,14,1,13,5,0,5,24,24,2,22,0,0,0,18,11,1,10,7,0,7,73,65,37,28,8,3,5,20,18,2,16,2,2,0,24,22,6,16,2,0,2,114,111,26,85,3,1,2,12,10,5,5,2,1,1
S01011158,228,189,63,126,39,13,26,8,5,0,5,3,0,3,20,17,2,15,3,1,2,10,5,1,4,5,1,4,40,33,15,18,7,2,5,11,9,2,7,2,0,2,35,29,6,23,6,2,4,99,87,35,52,12,6,6,5,4,2,2,1,1,0
S01011159,222,208,64,144,14,4,10,9,8,2,6,1,0,1,16,15,1,14,1,1,0,19,17,0,17,2,0,2,54,52,24,28,2,0,2,23,22,4,18,1,0,1,24,20,7,13,4,1,3,70,67,22,45,3,2,1,7,7,4,3,0,0,0
S01011160,479,436,129,307,43,12,31,21,16,0,16,5,1,4,37,36,4,32,1,1,0,50,35,0,35,15,1,14,95,89,44,45,6,2,4,29,28,1,27,1,0,1,60,55,15,40,5,2,3,166,162,59,103,4,1,3,21,15,6,9,6,4,2
S01011161,301,273,101,172,28,7,21,9,8,0,8,1,0,1,32,31,6,25,1,1,0,38,25,2,23,13,0,13,87,85,47,38,2,0,2,26,23,3,20,3,2,1,30,29,13,16,1,1,0,62,58,23,35,4,2,2,17,14,7,7,3,1,2
S01011162,200,184,59,125,16,5,11,13,13,2,11,0,0,0,18,18,0,18,0,0,0,11,8,0,8,3,0,3,51,50,22,28,1,0,1,16,15,5,10,1,0,1,23,18,5,13,5,4,1,61,57,23,34,4,1,3,7,5,2,3,2,0,2
S01011163,406,382,127,255,24,5,19,21,21,1,20,0,0,0,35,35,3,32,0,0,0,44,35,0,35,9,0,9,115,112,57,55,3,0,3,31,29,3,26,2,0,2,49,47,18,29,2,0,2,97,92,40,52,5,2,3,14,11,5,6,3,3,0
S01011164,341,311,108,203,30,9,21,16,13,1,12,3,2,1,20,20,2,18,0,0,0,25,18,1,17,7,0,7,75,71,44,27,4,0,4,18,18,2,16,0,0,0,39,33,13,20,6,2,4,135,129,41,88,6,2,4,13,9,4,5,4,3,1
S01011165,311,279,92,187,32,9,23,18,16,0,16,2,0,2,28,26,4,22,2,1,1,43,30,1,29,13,0,13,71,69,38,31,2,2,0,30,27,2,25,3,0,3,20,16,9,7,4,2,2,92,89,35,54,3,2,1,9,6,3,3,3,2,1
S01011166,235,202,73,129,33,13,20,13,8,0,8,5,1,4,15,15,2,13,0,0,0,12,8,1,7,4,0,4,50,44,26,18,6,0,6,19,15,1,14,4,2,2,26,22,11,11,4,3,1,87,80,29,51,7,5,2,13,10,3,7,3,2,1
S01011167,358,273,81,192,85,25,60,28,17,1,16,11,1,10,35,26,5,21,9,2,7,22,13,1,12,9,1,8,41,31,20,11,10,2,8,18,10,2,8,8,2,6,45,28,8,20,17,6,11,140,128,37,91,12,6,6,29,20,7,13,9,5,4
S01011168,429,296,92,204,133,33,100,59,20,4,16,39,4,35,27,15,2,13,12,3,9,51,29,1,28,22,4,18,77,59,29,30,18,6,12,23,17,3,14,6,3,3,61,43,12,31,18,5,13,112,101,36,65,11,6,5,19,12,5,7,7,2,5
S01011169,522,476,127,349,46,17,29,28,26,3,23,2,0,2,36,33,3,30,3,1,2,34,26,0,26,8,0,8,92,86,38,48,6,3,3,40,35,4,31,5,1,4,56,46,17,29,10,6,4,220,212,57,155,8,4,4,16,12,5,7,4,2,2
S01011170,432,357,109,248,75,32,43,39,26,2,24,13,2,11,26,25,6,19,1,0,1,30,25,4,21,5,0,5,68,61,29,32,7,1,6,19,14,0,14,5,2,3,74,56,13,43,18,11,7,150,135,45,90,15,9,6,26,15,10,5,11,7,4
S01011171,463,329,98,231,134,37,97,29,9,2,7,20,2,18,35,30,5,25,5,4,1,54,29,2,27,25,4,21,135,93,31,62,42,12,30,26,20,2,18,6,1,5,41,26,5,21,15,4,11,111,100,41,59,11,5,6,32,22,10,12,10,5,5
S01011172,351,237,79,158,114,34,80,39,14,4,10,25,3,22,45,31,9,22,14,5,9,40,20,0,20,20,5,15,85,61,24,37,24,7,17,22,17,3,14,5,1,4,23,12,3,9,11,7,4,89,78,35,43,11,4,7,8,4,1,3,4,2,2
S01011173,236,155,46,109,81,23,58,10,3,0,3,7,1,6,17,10,2,8,7,3,4,35,21,2,19,14,1,13,51,31,15,16,20,4,16,10,8,0,8,2,0,2,23,11,2,9,12,7,5,68,54,18,36,14,4,10,22,17,7,10,5,3,2
S01011174,186,126,35,91,60,18,42,10,5,0,5,5,1,4,23,12,2,10,11,4,7,15,7,2,5,8,1,7,39,26,8,18,13,3,10,12,9,4,5,3,1,2,23,13,5,8,10,5,5,44,37,11,26,7,2,5,20,17,3,14,3,1,2
S01011175,217,181,59,122,36,14,22,8,8,0,8,0,0,0,11,9,3,6,2,0,2,27,15,1,14,12,2,10,52,45,18,27,7,2,5,14,8,1,7,6,4,2,19,16,5,11,3,3,0,72,70,28,42,2,1,1,14,10,3,7,4,2,2
S01011176,225,158,43,115,67,14,53,6,2,0,2,4,0,4,26,17,3,14,9,2,7,37,20,2,18,17,2,15,65,48,19,29,17,2,15,17,13,2,11,4,0,4,23,16,4,12,7,3,4,38,35,9,26,3,0,3,13,7,4,3,6,5,1
S01011177,423,331,110,221,92,25,67,18,10,1,9,8,2,6,32,30,4,26,2,0,2,38,27,2,25,11,1,10,148,112,45,67,36,5,31,31,29,3,26,2,2,0,28,13,7,6,15,5,10,104,94,43,51,10,4,6,24,16,5,11,8,6,2
S01011178,218,191,49,142,27,3,24,9,5,0,5,4,0,4,23,19,0,19,4,0,4,17,12,0,12,5,1,4,46,39,20,19,7,1,6,16,14,3,11,2,1,1,12,10,1,9,2,0,2,77,75,18,57,2,0,2,18,17,7,10,1,0,1
S01011179,281,253,80,173,28,5,23,12,10,0,10,2,0,2,33,32,1,31,1,0,1,28,23,1,22,5,0,5,62,52,29,23,10,1,9,21,18,3,15,3,1,2,29,26,5,21,3,2,1,85,82,36,46,3,1,2,11,10,5,5,1,0,1
S01011180,220,201,69,132,19,2,17,11,9,1,8,2,0,2,17,17,0,17,0,0,0,34,29,3,26,5,2,3,45,43,19,24,2,0,2,14,11,1,10,3,0,3,29,25,12,13,4,0,4,59,57,27,30,2,0,2,11,10,6,4,1,0,1
S01011181,254,166,52,114,88,20,68,41,10,2,8,31,4,27,18,15,0,15,3,1,2,26,12,0,12,14,1,13,38,28,17,11,10,4,6,15,10,2,8,5,1,4,36,22,7,15,14,5,9,62,58,20,38,4,1,3,18,11,4,7,7,3,4
S01011182,219,165,53,112,54,12,42,14,6,1,5,8,0,8,27,25,2,23,2,0,2,24,15,2,13,9,0,9,52,39,20,19,13,2,11,16,11,4,7,5,0,5,19,11,4,7,8,4,4,62,56,20,36,6,5,1,5,2,0,2,3,1,2
S01011183,265,223,68,155,42,11,31,8,4,0,4,4,0,4,35,33,1,32,2,0,2,19,11,1,10,8,1,7,60,47,24,23,13,4,9,18,17,3,14,1,0,1,29,19,7,12,10,2,8,86,84,32,52,2,2,0,10,8,0,8,2,2,0
S01011184,428,382,108,274,46,9,37,8,7,0,7,1,0,1,53,48,4,44,5,0,5,26,16,2,14,10,2,8,93,78,42,36,15,1,14,35,34,4,30,1,0,1,46,39,8,31,7,2,5,150,145,41,104,5,4,1,17,15,7,8,2,0,2
S01011185,320,291,83,208,29,3,26,10,10,0,10,0,0,0,39,38,2,36,1,0,1,35,24,0,24,11,0,11,66,62,33,29,4,1,3,17,16,2,14,1,0,1,40,36,5,31,4,0,4,100,95,36,59,5,1,4,13,10,5,5,3,1,2
S01011186,387,351,108,243,36,9,27,9,8,0,8,1,1,0,47,46,3,43,1,0,1,28,20,3,17,8,0,8,70,67,33,34,3,1,2,36,28,2,26,8,3,5,46,37,6,31,9,2,7,134,131,53,78,3,0,3,17,14,8,6,3,2,1
S01011187,346,325,102,223,21,4,17,11,10,0,10,1,0,1,44,41,2,39,3,0,3,27,18,0,18,9,1,8,77,76,46,30,1,0,1,23,21,4,17,2,0,2,38,35,6,29,3,2,1,120,120,42,78,0,0,0,6,4,2,2,2,1,1
S01011188,422,389,125,264,33,9,24,11,11,0,11,0,0,0,56,54,5,49,2,0,2,44,29,1,28,15,1,14,109,108,51,57,1,0,1,16,15,3,12,1,0,1,36,31,6,25,5,3,2,134,129,51,78,5,3,2,16,12,8,4,4,2,2
S01011189,400,363,90,273,37,8,29,9,9,1,8,0,0,0,41,38,2,36,3,1,2,33,25,0,25,8,2,6,95,82,34,48,13,2,11,26,20,4,16,6,1,5,43,41,10,31,2,0,2,137,136,35,101,1,0,1,16,12,4,8,4,2,2
S01011190,264,227,69,158,37,6,31,3,0,0,0,3,0,3,27,23,2,21,4,0,4,41,28,3,25,13,2,11,62,54,27,27,8,2,6,13,10,3,7,3,0,3,32,30,5,25,2,1,1,78,76,24,52,2,1,1,8,6,5,1,2,0,2
S01011191,240,221,63,158,19,5,14,7,7,0,7,0,0,0,28,27,1,26,1,0,1,26,18,3,15,8,0,8,61,59,23,36,2,1,1,11,9,1,8,2,1,1,22,20,5,15,2,1,1,75,71,27,44,4,2,2,10,10,3,7,0,0,0
S01011192,335,316,80,236,19,5,14,17,15,0,15,2,0,2,44,44,2,42,0,0,0,34,28,4,24,6,1,5,75,73,27,46,2,0,2,27,25,5,20,2,0,2,36,34,13,21,2,0,2,90,87,25,62,3,3,0,12,10,4,6,2,1,1
S01011193,287,274,81,193,13,2,11,8,7,0,7,1,0,1,27,27,0,27,0,0,0,32,29,1,28,3,0,3,63,61,34,27,2,1,1,22,22,3,19,0,0,0,35,32,7,25,3,0,3,81,81,31,50,0,0,0,19,15,5,10,4,1,3
S01011194,275,255,87,168,20,10,10,3,3,0,3,0,0,0,19,18,3,15,1,1,0,27,21,1,20,6,2,4,70,67,42,25,3,0,3,32,29,3,26,3,3,0,31,29,10,19,2,2,0,73,72,21,51,1,1,0,20,16,7,9,4,1,3
S01011195,352,336,105,231,16,1,15,7,7,0,7,0,0,0,46,46,3,43,0,0,0,25,20,1,19,5,0,5,86,84,51,33,2,0,2,31,29,4,25,2,0,2,44,40,13,27,4,1,3,107,104,30,74,3,0,3,6,6,3,3,0,0,0
S01011196,357,328,99,229,29,5,24,10,10,1,9,0,0,0,46,46,5,41,0,0,0,34,27,1,26,7,0,7,96,90,44,46,6,3,3,26,21,2,19,5,1,4,27,25,6,19,2,0,2,94,90,29,61,4,0,4,24,19,11,8,5,1,4
S01011197,314,282,99,183,32,12,20,4,4,0,4,0,0,0,37,36,3,33,1,0,1,30,20,2,18,10,2,8,80,77,45,32,3,2,1,31,24,3,21,7,1,6,25,22,5,17,3,3,0,92,89,36,53,3,2,1,15,10,5,5,5,2,3
S01011198,264,233,72,161,31,14,17,8,6,1,5,2,1,1,35,33,4,29,2,1,1,23,16,1,15,7,0,7,70,68,34,34,2,1,1,19,16,3,13,3,1,2,24,23,3,20,1,1,0,69,60,21,39,9,5,4,16,11,5,6,5,4,1
S01011199,367,333,88,245,34,6,28,3,3,0,3,0,0,0,34,33,1,32,1,0,1,43,33,1,32,10,0,10,79,75,33,42,4,1,3,26,19,1,18,7,1,6,51,46,12,34,5,2,3,112,107,30,77,5,1,4,19,17,10,7,2,1,1
S01011200,355,325,78,247,30,8,22,10,9,1,8,1,0,1,55,52,4,48,3,0,3,34,22,1,21,12,1,11,63,60,30,30,3,0,3,30,27,1,26,3,1,2,37,34,6,28,3,2,1,115,112,31,81,3,2,1,11,9,4,5,2,2,0
S01011201,297,271,74,197,26,8,18,8,8,2,6,0,0,0,40,38,1,37,2,0,2,23,18,0,18,5,0,5,63,59,29,30,4,1,3,22,19,0,19,3,1,2,31,28,7,21,3,1,2,97,92,31,61,5,2,3,13,9,4,5,4,3,1
S01011202,377,349,107,242,28,14,14,14,14,1,13,0,0,0,44,43,2,41,1,0,1,25,19,0,19,6,3,3,85,83,38,45,2,1,1,18,15,2,13,3,0,3,37,33,10,23,4,3,1,131,125,48,77,6,3,3,23,17,6,11,6,4,2
S01011203,381,357,97,260,24,3,21,8,8,0,8,0,0,0,53,50,5,45,3,0,3,25,17,1,16,8,0,8,90,88,43,45,2,0,2,24,21,5,16,3,0,3,44,41,9,32,3,3,0,111,110,27,83,1,0,1,26,22,7,15,4,0,4
S01011204,296,269,79,190,27,4,23,9,9,0,9,0,0,0,37,35,4,31,2,0,2,19,14,0,14,5,0,5,63,59,31,28,4,1,3,19,14,3,11,5,1,4,40,34,8,26,6,0,6,96,93,28,65,3,2,1,13,11,5,6,2,0,2
S01011205,392,359,102,257,33,4,29,16,14,1,13,2,0,2,51,51,5,46,0,0,0,30,22,1,21,8,0,8,83,79,37,42,4,0,4,41,36,6,30,5,0,5,49,41,12,29,8,2,6,112,109,36,73,3,0,3,10,7,4,3,3,2,1
S01011206,397,356,94,262,41,6,35,13,13,2,11,0,0,0,46,43,3,40,3,1,2,37,28,1,27,9,0,9,79,68,29,39,11,3,8,31,25,6,19,6,0,6,43,38,10,28,5,0,5,135,130,40,90,5,1,4,13,11,3,8,2,1,1
S01011207,353,324,85,239,29,10,19,11,10,2,8,1,1,0,42,41,0,41,1,0,1,25,19,1,18,6,0,6,64,60,29,31,4,2,2,43,40,7,33,3,1,2,48,44,8,36,4,3,1,107,102,36,66,5,2,3,13,8,2,6,5,1,4
S01011208,523,477,135,342,46,10,36,12,12,0,12,0,0,0,64,62,4,58,2,0,2,50,36,4,32,14,2,12,104,96,56,40,8,3,5,46,39,3,36,7,1,6,49,44,8,36,5,2,3,180,175,53,122,5,0,5,18,13,7,6,5,2,3
S01011209,276,256,80,176,20,11,9,10,9,1,8,1,0,1,30,30,0,30,0,0,0,30,19,1,18,11,7,4,55,53,28,25,2,2,0,19,18,5,13,1,0,1,34,32,12,20,2,1,1,79,79,26,53,0,0,0,19,16,7,9,3,1,2
S01011210,368,300,85,215,68,19,49,15,14,0,14,1,1,0,42,37,2,35,5,0,5,27,17,0,17,10,5,5,86,67,40,27,19,2,17,29,26,4,22,3,0,3,55,40,7,33,15,4,11,97,87,25,62,10,5,5,17,12,7,5,5,2,3
S01011211,380,349,106,243,31,7,24,20,16,2,14,4,2,2,40,39,3,36,1,0,1,27,21,3,18,6,0,6,85,79,44,35,6,0,6,21,19,2,17,2,1,1,38,34,8,26,4,1,3,137,132,41,91,5,2,3,12,9,3,6,3,1,2
S01011212,226,205,74,131,21,5,16,3,3,0,3,0,0,0,32,32,3,29,0,0,0,15,12,1,11,3,0,3,70,66,33,33,4,1,3,16,10,0,10,6,0,6,13,12,3,9,1,1,0,67,60,27,33,7,3,4,10,10,7,3,0,0,0
S01011213,417,394,144,250,23,5,18,10,8,3,5,2,1,1,55,53,8,45,2,0,2,38,34,0,34,4,0,4,122,115,70,45,7,2,5,21,20,1,19,1,0,1,36,33,15,18,3,0,3,115,113,40,73,2,1,1,20,18,7,11,2,1,1
S01011214,312,288,106,182,24,11,13,14,13,2,11,1,0,1,24,24,3,21,0,0,0,37,31,2,29,6,2,4,76,73,41,32,3,1,2,21,16,3,13,5,2,3,36,32,11,21,4,2,2,97,92,41,51,5,4,1,7,7,3,4,0,0,0
S01011215,201,187,79,108,14,4,10,3,3,2,1,0,0,0,11,11,1,10,0,0,0,21,13,0,13,8,3,5,50,50,28,22,0,0,0,7,7,1,6,0,0,0,24,23,6,17,1,0,1,67,66,35,31,1,0,1,18,14,6,8,4,1,3
S01011216,183,167,57,110,16,7,9,9,8,0,8,1,0,1,21,20,1,19,1,0,1,15,11,0,11,4,2,2,39,37,19,18,2,0,2,12,11,1,10,1,0,1,26,24,7,17,2,2,0,52,49,24,25,3,2,1,9,7,5,2,2,1,1
S01011217,295,269,105,164,26,6,20,9,8,0,8,1,0,1,29,28,2,26,1,0,1,20,15,0,15,5,1,4,59,57,32,25,2,0,2,30,26,8,18,4,0,4,46,40,14,26,6,0,6,78,77,40,37,1,1,0,24,18,9,9,6,4,2
S01011218,214,198,71,127,16,6,10,6,6,0,6,0,0,0,18,17,1,16,1,0,1,15,14,0,14,1,0,1,58,56,28,28,2,0,2,12,11,1,10,1,1,0,31,27,14,13,4,2,2,63,58,23,35,5,2,3,11,9,4,5,2,1,1
S01011219,317,289,105,184,28,1,27,9,8,0,8,1,0,1,36,35,3,32,1,0,1,28,22,2,20,6,0,6,94,91,54,37,3,0,3,27,20,5,15,7,0,7,36,31,10,21,5,1,4,72,69,23,46,3,0,3,15,13,8,5,2,0,2
S01011220,365,336,101,235,29,8,21,11,11,0,11,0,0,0,37,35,1,34,2,0,2,40,30,0,30,10,1,9,87,86,48,38,1,1,0,30,25,2,23,5,0,5,42,35,7,28,7,3,4,103,102,38,64,1,1,0,15,12,5,7,3,2,1
S01011221,428,397,122,275,31,13,18,12,11,1,10,1,0,1,55,54,7,47,1,0,1,46,35,1,34,11,2,9,90,88,49,39,2,0,2,27,24,4,20,3,2,1,47,43,11,32,4,2,2,132,123,40,83,9,7,2,19,19,9,10,0,0,0
S01011222,275,256,81,175,19,4,15,7,7,0,7,0,0,0,36,33,1,32,3,0,3,26,20,2,18,6,1,5,60,58,37,21,2,1,1,22,18,2,16,4,2,2,25,24,8,16,1,0,1,84,83,27,56,1,0,1,15,13,4,9,2,0,2
S01011223,366,331,100,231,35,13,22,15,14,0,14,1,0,1,47,46,5,41,1,0,1,26,15,0,15,11,1,10,66,64,33,31,2,0,2,27,22,2,20,5,5,0,37,35,9,26,2,1,1,133,125,46,79,8,3,5,15,10,5,5,5,3,2
S01011224,268,240,72,168,28,10,18,6,5,0,5,1,1,0,40,40,1,39,0,0,0,22,20,0,20,2,0,2,65,55,36,19,10,2,8,17,14,1,13,3,1,2,25,18,6,12,7,2,5,82,78,23,55,4,3,1,11,10,5,5,1,1,0
S01011225,253,233,82,151,20,6,14,4,4,0,4,0,0,0,26,25,2,23,1,0,1,23,19,2,17,4,0,4,57,57,36,21,0,0,0,12,7,0,7,5,3,2,38,35,7,28,3,0,3,73,68,28,40,5,1,4,20,18,7,11,2,2,0
S01011226,411,365,106,259,46,12,34,14,14,1,13,0,0,0,42,39,3,36,3,1,2,32,19,0,19,13,1,12,81,72,34,38,9,3,6,32,27,6,21,5,0,5,49,40,10,30,9,5,4,139,137,44,93,2,0,2,22,17,8,9,5,2,3
S01011227,320,281,77,204,39,15,24,4,3,0,3,1,0,1,37,35,4,31,2,1,1,32,23,3,20,9,3,6,70,62,32,30,8,1,7,19,17,1,16,2,0,2,52,42,9,33,10,5,5,90,86,26,60,4,3,1,16,13,2,11,3,2,1
S01011228,308,288,79,209,20,6,14,12,12,1,11,0,0,0,35,35,4,31,0,0,0,19,16,0,16,3,0,3,83,78,36,42,5,1,4,18,18,2,16,0,0,0,42,37,12,25,5,2,3,81,80,20,60,1,1,0,18,12,4,8,6,2,4
S01011229,166,148,44,104,18,5,13,2,1,0,1,1,0,1,17,17,3,14,0,0,0,14,12,1,11,2,0,2,47,41,19,22,6,0,6,10,10,3,7,0,0,0,18,18,2,16,0,0,0,45,42,13,29,3,1,2,13,7,3,4,6,4,2
S01011230,261,235,80,155,26,11,15,11,11,1,10,0,0,0,27,26,2,24,1,1,0,27,19,1,18,8,0,8,61,60,36,24,1,0,1,13,8,3,5,5,2,3,33,29,7,22,4,3,1,73,72,27,45,1,1,0,16,10,3,7,6,4,2
S01011231,207,195,68,127,12,2,10,7,4,0,4,3,1,2,27,27,2,25,0,0,0,17,14,0,14,3,0,3,67,64,34,30,3,0,3,14,13,5,8,1,0,1,19,18,5,13,1,1,0,44,44,18,26,0,0,0,12,11,4,7,1,0,1
S01011232,446,387,99,288,59,19,40,14,11,2,9,3,2,1,59,56,5,51,3,2,1,41,29,2,27,12,2,10,94,81,38,43,13,4,9,32,23,5,18,9,0,9,73,60,10,50,13,7,6,114,109,30,79,5,2,3,19,18,7,11,1,0,1
S01011233,119,107,31,76,12,1,11,3,2,0,2,1,0,1,12,12,2,10,0,0,0,11,9,0,9,2,0,2,28,28,11,17,0,0,0,12,11,1,10,1,0,1,10,7,3,4,3,0,3,41,36,13,23,5,1,4,2,2,1,1,0,0,0
S01011234,364,339,119,220,25,7,18,22,21,0,21,1,0,1,39,38,2,36,1,0,1,38,28,4,24,10,1,9,74,71,43,28,3,2,1,31,27,7,20,4,2,2,39,36,15,21,3,1,2,103,101,41,60,2,0,2,18,17,7,10,1,1,0
S01011235,121,107,30,77,14,4,10,8,8,0,8,0,0,0,8,7,0,7,1,0,1,11,8,1,7,3,1,2,25,22,14,8,3,0,3,10,10,5,5,0,0,0,9,8,1,7,1,0,1,40,37,6,31,3,1,2,10,7,3,4,3,2,1
S01011236,236,218,62,156,18,8,10,6,6,0,6,0,0,0,22,21,1,20,1,1,0,28,22,0,22,6,2,4,44,42,21,21,2,2,0,16,13,2,11,3,2,1,24,23,9,14,1,1,0,85,80,27,53,5,0,5,11,11,2,9,0,0,0
S01011237,277,257,92,165,20,8,12,15,15,1,14,0,0,0,15,14,1,13,1,0,1,33,26,1,25,7,2,5,74,70,39,31,4,1,3,10,9,1,8,1,0,1,36,34,10,24,2,2,0,90,87,39,48,3,1,2,4,2,0,2,2,2,0
S01011238,216,195,73,122,21,6,15,7,6,1,5,1,0,1,13,13,0,13,0,0,0,17,13,0,13,4,0,4,61,55,30,25,6,3,3,14,12,2,10,2,0,2,30,29,12,17,1,0,1,56,55,22,33,1,0,1,18,12,6,6,6,3,3
S01011239,253,226,77,149,27,8,19,15,15,3,12,0,0,0,17,16,3,13,1,0,1,26,20,0,20,6,1,5,46,43,20,23,3,1,2,19,11,2,9,8,4,4,28,25,7,18,3,0,3,79,76,35,41,3,1,2,23,20,7,13,3,1,2
S01011240,248,222,60,162,26,4,22,10,10,0,10,0,0,0,28,26,2,24,2,0,2,21,17,1,16,4,1,3,41,36,20,16,5,0,5,15,12,4,8,3,2,1,30,26,4,22,4,0,4,89,86,26,60,3,1,2,14,9,3,6,5,0,5
S01011241,406,349,91,258,57,17,40,19,16,1,15,3,0,3,38,35,2,33,3,2,1,36,24,1,23,12,3,9,75,69,27,42,6,1,5,36,31,4,27,5,1,4,47,36,5,31,11,3,8,127,118,42,76,9,5,4,28,20,9,11,8,2,6
S01011242,298,265,89,176,33,7,26,12,10,0,10,2,1,1,23,21,0,21,2,1,1,17,10,0,10,7,1,6,52,49,34,15,3,0,3,27,23,4,19,4,0,4,39,34,5,29,5,1,4,115,108,40,68,7,3,4,13,10,6,4,3,0,3
S01011243,283,259,78,181,24,8,16,8,8,3,5,0,0,0,18,18,0,18,0,0,0,26,24,1,23,2,1,1,74,65,38,27,9,1,8,29,23,6,17,6,1,5,28,28,4,24,0,0,0,87,82,21,61,5,4,1,13,11,5,6,2,1,1
S01011244,246,231,71,160,15,5,10,11,11,2,9,0,0,0,24,23,2,21,1,0,1,19,18,2,16,1,0,1,51,50,32,18,1,0,1,22,19,3,16,3,1,2,29,27,1,26,2,0,2,76,71,23,48,5,2,3,14,12,6,6,2,2,0
S01011245,305,275,103,172,30,13,17,16,16,1,15,0,0,0,14,13,2,11,1,0,1,29,22,0,22,7,2,5,54,51,32,19,3,0,3,19,14,3,11,5,2,3,46,40,10,30,6,5,1,111,106,46,60,5,2,3,16,13,9,4,3,2,1
S01011246,415,350,103,247,65,15,50,17,16,0,16,1,0,1,21,20,1,19,1,0,1,34,18,2,16,16,3,13,85,72,35,37,13,2,11,45,34,7,27,11,2,9,49,42,5,37,7,2,5,137,134,49,85,3,2,1,27,14,4,10,13,4,9
S01011247,340,305,76,229,35,13,22,26,25,1,24,1,0,1,32,32,1,31,0,0,0,20,16,2,14,4,2,2,53,50,20,30,3,0,3,17,11,1,10,6,3,3,49,38,11,27,11,6,5,126,120,34,86,6,0,6,17,13,6,7,4,2,2
S01011248,386,359,125,234,27,4,23,30,30,4,26,0,0,0,41,41,3,38,0,0,0,32,25,4,21,7,0,7,80,72,39,33,8,2,6,28,24,4,20,4,0,4,32,30,11,19,2,0,2,130,126,55,71,4,1,3,13,11,5,6,2,1,1
S01011249,368,344,85,259,24,12,12,34,34,1,33,0,0,0,38,36,0,36,2,0,2,20,16,1,15,4,0,4,67,63,23,40,4,1,3,22,19,3,16,3,3,0,56,50,15,35,6,3,3,116,113,38,75,3,3,0,15,13,4,9,2,2,0
S01011250,422,387,144,243,35,12,23,11,11,0,11,0,0,0,32,32,3,29,0,0,0,34,26,1,25,8,2,6,89,86,48,38,3,1,2,42,32,11,21,10,3,7,44,38,13,25,6,3,3,140,135,53,82,5,3,2,30,27,15,12,3,0,3
S01011251,365,333,108,225,32,12,20,17,15,2,13,2,1,1,30,29,1,28,1,0,1,34,27,0,27,7,1,6,92,89,55,34,3,1,2,29,21,4,17,8,4,4,30,28,4,24,2,1,1,113,108,32,76,5,3,2,20,16,10,6,4,1,3
S01011252,307,294,105,189,13,2,11,19,19,1,18,0,0,0,24,23,1,22,1,0,1,21,19,0,19,2,0,2,67,64,37,27,3,0,3,29,29,7,22,0,0,0,42,39,14,25,3,1,2,95,94,41,53,1,0,1,10,7,4,3,3,1,2
S01011253,324,306,122,184,18,8,10,18,18,5,13,0,0,0,37,35,3,32,2,0,2,26,21,3,18,5,2,3,86,82,49,33,4,1,3,16,15,5,10,1,1,0,23,20,5,15,3,3,0,102,100,44,56,2,0,2,16,15,8,7,1,1,0
S01011254,527,494,142,352,33,7,26,34,34,1,33,0,0,0,60,58,4,54,2,0,2,44,36,2,34,8,0,8,90,83,54,29,7,0,7,40,35,2,33,5,3,2,62,57,17,40,5,1,4,180,175,58,117,5,3,2,17,16,4,12,1,0,1
S01011255,423,392,94,298,31,8,23,24,23,0,23,1,1,0,48,45,2,43,3,0,3,25,18,1,17,7,2,5,69,64,37,27,5,1,4,28,24,5,19,4,1,3,65,59,12,47,6,2,4,155,153,34,119,2,0,2,9,6,3,3,3,1,2
S01011256,249,224,62,162,25,6,19,10,7,1,6,3,0,3,35,33,2,31,2,1,1,29,23,4,19,6,2,4,44,41,15,26,3,0,3,20,16,5,11,4,1,3,30,27,7,20,3,0,3,71,70,24,46,1,1,0,10,7,4,3,3,1,2
S01011257,160,139,48,91,21,8,13,9,9,0,9,0,0,0,11,11,0,11,0,0,0,8,5,1,4,3,0,3,32,26,13,13,6,1,5,12,9,3,6,3,1,2,22,18,5,13,4,1,3,57,52,23,29,5,5,0,9,9,3,6,0,0,0
S01011258,267,235,65,170,32,6,26,14,13,1,12,1,0,1,25,23,0,23,2,0,2,29,20,2,18,9,2,7,43,39,22,17,4,1,3,13,12,2,10,1,1,0,31,28,6,22,3,1,2,101,96,28,68,5,1,4,11,4,4,0,7,0,7
S01011259,313,274,82,192,39,4,35,10,8,1,7,2,0,2,24,19,1,18,5,1,4,30,22,4,18,8,0,8,60,54,30,24,6,1,5,26,21,7,14,5,0,5,36,32,6,26,4,1,3,117,111,31,80,6,0,6,10,7,2,5,3,1,2
S01011260,302,272,79,193,30,12,18,12,12,1,11,0,0,0,24,24,1,23,0,0,0,26,19,1,18,7,1,6,47,40,26,14,7,3,4,20,18,4,14,2,1,1,42,36,7,29,6,3,3,117,113,32,81,4,2,2,14,10,7,3,4,2,2
S01011261,268,247,89,158,21,7,14,12,10,0,10,2,0,2,34,32,0,32,2,0,2,27,24,0,24,3,2,1,55,53,31,22,2,2,0,16,13,4,9,3,1,2,34,32,11,21,2,0,2,68,65,31,34,3,1,2,22,18,12,6,4,1,3
S01011262,205,187,64,123,18,6,12,4,4,0,4,0,0,0,17,17,1,16,0,0,0,18,11,0,11,7,0,7,45,44,29,15,1,0,1,20,19,4,15,1,0,1,30,27,5,22,3,2,1,62,58,21,37,4,3,1,9,7,4,3,2,1,1
S01011263,524,492,128,364,32,12,20,32,31,0,31,1,0,1,36,35,2,33,1,0,1,41,32,1,31,9,2,7,104,100,44,56,4,0,4,42,38,9,29,4,3,1,69,64,14,50,5,3,2,180,175,51,124,5,2,3,20,17,7,10,3,2,1
S01011264,267,248,88,160,19,10,9,10,9,3,6,1,0,1,31,30,1,29,1,0,1,25,20,0,20,5,1,4,73,72,46,26,1,0,1,24,21,5,16,3,2,1,26,21,7,14,5,5,0,66,64,21,43,2,1,1,12,11,5,6,1,1,0
S01011265,376,337,137,200,39,18,21,13,12,0,12,1,0,1,20,20,1,19,0,0,0,41,29,1,28,12,4,8,110,101,62,39,9,5,4,26,22,6,16,4,1,3,41,37,12,25,4,3,1,107,101,47,54,6,3,3,18,15,8,7,3,2,1
S01011266,378,355,116,239,23,5,18,21,17,0,17,4,0,4,41,40,1,39,1,0,1,27,20,2,18,7,1,6,84,83,46,37,1,0,1,43,41,8,33,2,1,1,35,32,11,21,3,1,2,111,107,42,65,4,1,3,16,15,6,9,1,1,0
S01011267,246,232,59,173,14,3,11,19,18,1,17,1,0,1,29,29,1,28,0,0,0,15,11,0,11,4,0,4,40,37,16,21,3,1,2,15,14,5,9,1,0,1,28,26,8,18,2,1,1,88,88,25,63,0,0,0,12,9,3,6,3,1,2
S01011268,160,143,44,99,17,2,15,8,7,1,6,1,0,1,16,15,1,14,1,0,1,15,12,0,12,3,0,3,30,26,17,9,4,1,3,16,15,4,11,1,0,1,16,12,4,8,4,0,4,53,51,14,37,2,1,1,6,5,3,2,1,0,1
S01011269,187,173,60,113,14,4,10,10,10,0,10,0,0,0,20,19,1,18,1,0,1,20,17,3,14,3,2,1,30,28,17,11,2,0,2,14,10,0,10,4,0,4,17,16,8,8,1,1,0,62,60,24,36,2,1,1,14,13,7,6,1,0,1
S01011270,284,257,74,183,27,1,26,8,7,0,7,1,1,0,34,33,4,29,1,0,1,29,20,0,20,9,0,9,63,61,34,27,2,0,2,22,18,1,17,4,0,4,31,25,5,20,6,0,6,89,86,27,59,3,0,3,8,7,3,4,1,0,1
S01011271,297,284,92,192,13,1,12,19,19,0,19,0,0,0,31,30,0,30,1,0,1,23,21,0,21,2,0,2,68,62,34,28,6,1,5,24,23,7,16,1,0,1,31,29,8,21,2,0,2,90,90,35,55,0,0,0,11,10,8,2,1,0,1
S01011272,289,271,74,197,18,5,13,17,16,0,16,1,0,1,30,29,1,28,1,0,1,29,21,2,19,8,3,5,60,59,31,28,1,0,1,19,18,4,14,1,0,1,33,31,9,22,2,0,2,82,81,21,60,1,0,1,19,16,6,10,3,2,1
S01011273,319,300,96,204,19,4,15,8,8,1,7,0,0,0,24,22,0,22,2,1,1,29,24,2,22,5,0,5,92,89,52,37,3,0,3,24,20,5,15,4,1,3,39,36,8,28,3,2,1,84,83,20,63,1,0,1,19,18,8,10,1,0,1
S01011274,351,323,100,223,28,10,18,13,11,0,11,2,0,2,43,42,1,41,1,0,1,34,30,2,28,4,0,4,88,85,49,36,3,1,2,21,20,5,15,1,0,1,44,38,12,26,6,2,4,95,91,29,62,4,2,2,13,6,2,4,7,5,2
S01011275,231,218,83,135,13,2,11,7,7,0,7,0,0,0,22,22,2,20,0,0,0,26,21,1,20,5,1,4,65,65,34,31,0,0,0,21,19,5,14,2,0,2,20,19,8,11,1,0,1,61,57,28,29,4,0,4,9,8,5,3,1,1,0
S01011276,370,346,119,227,24,8,16,22,21,2,19,1,0,1,44,41,2,39,3,0,3,39,32,2,30,7,3,4,82,78,50,28,4,1,3,24,20,3,17,4,2,2,51,50,11,39,1,1,0,98,95,41,54,3,0,3,10,9,8,1,1,1,0
S01011277,371,335,78,257,36,11,25,12,11,0,11,1,0,1,43,41,2,39,2,1,1,29,21,1,20,8,1,7,80,72,30,42,8,2,6,21,18,2,16,3,0,3,50,43,17,26,7,3,4,120,116,24,92,4,2,2,16,13,2,11,3,2,1
S01011278,307,289,66,223,18,5,13,7,7,0,7,0,0,0,51,50,6,44,1,1,0,24,17,1,16,7,0,7,50,48,24,24,2,2,0,27,23,2,21,4,1,3,38,36,6,30,2,0,2,102,101,25,76,1,1,0,8,7,2,5,1,0,1
S01011279,322,304,65,239,18,6,12,12,12,0,12,0,0,0,42,39,0,39,3,1,2,17,11,2,9,6,1,5,65,63,25,38,2,1,1,23,20,2,18,3,0,3,34,32,2,30,2,2,0,117,115,32,83,2,1,1,12,12,2,10,0,0,0
S01011280,283,254,72,182,29,5,24,11,10,0,10,1,0,1,39,37,3,34,2,1,1,20,12,0,12,8,0,8,50,49,27,22,1,0,1,8,8,0,8,0,0,0,39,32,10,22,7,1,6,102,98,28,70,4,0,4,14,8,4,4,6,3,3
S01011281,346,314,78,236,32,8,24,12,12,0,12,0,0,0,33,30,0,30,3,0,3,31,23,2,21,8,2,6,67,59,26,33,8,2,6,26,26,3,23,0,0,0,48,42,12,30,6,2,4,113,110,30,80,3,1,2,16,12,5,7,4,1,3
S01011282,495,452,111,341,43,13,30,13,11,0,11,2,1,1,66,66,4,62,0,0,0,28,20,3,17,8,2,6,76,70,29,41,6,1,5,50,41,4,37,9,1,8,67,65,10,55,2,0,2,175,167,59,108,8,6,2,20,12,2,10,8,2,6
S01011283,426,385,94,291,41,9,32,21,20,0,20,1,0,1,50,50,4,46,0,0,0,36,23,3,20,13,1,12,78,67,26,41,11,1,10,25,21,1,20,4,3,1,61,52,13,39,9,2,7,145,142,43,99,3,2,1,10,10,4,6,0,0,0
S01011284,348,314,71,243,34,11,23,16,15,0,15,1,0,1,42,39,1,38,3,0,3,28,23,1,22,5,1,4,62,55,23,32,7,4,3,24,22,2,20,2,0,2,52,45,9,36,7,0,7,119,113,33,80,6,4,2,5,2,2,0,3,2,1
S01011285,307,280,89,191,27,12,15,11,11,2,9,0,0,0,19,18,1,17,1,0,1,25,15,0,15,10,7,3,82,81,40,41,1,1,0,16,13,1,12,3,0,3,31,25,6,19,6,0,6,101,99,30,69,2,2,0,22,18,9,9,4,2,2
S01011286,289,263,93,170,26,6,20,11,11,2,9,0,0,0,22,20,1,19,2,1,1,21,17,1,16,4,0,4,88,83,43,40,5,1,4,19,17,7,10,2,0,2,24,23,9,14,1,1,0,85,80,24,56,5,1,4,19,12,6,6,7,2,5
S01011287,330,308,105,203,22,6,16,3,3,0,3,0,0,0,29,29,0,29,0,0,0,28,18,1,17,10,0,10,82,77,43,34,5,1,4,31,30,3,27,1,1,0,28,26,6,20,2,1,1,113,112,46,66,1,1,0,16,13,6,7,3,2,1
S01011288,323,299,112,187,24,5,19,9,9,4,5,0,0,0,27,27,3,24,0,0,0,31,26,0,26,5,0,5,96,89,52,37,7,1,6,29,26,3,23,3,1,2,24,23,6,17,1,0,1,88,84,40,44,4,1,3,19,15,4,11,4,2,2
S01011289,378,347,116,231,31,17,14,6,6,1,5,0,0,0,40,38,1,37,2,2,0,31,27,2,25,4,0,4,83,79,42,37,4,1,3,42,32,5,27,10,6,4,38,35,7,28,3,2,1,122,119,54,65,3,3,0,16,11,4,7,5,3,2
S01011290,443,389,135,254,54,18,36,20,17,0,17,3,0,3,36,33,2,31,3,0,3,41,24,4,20,17,3,14,103,94,51,43,9,4,5,35,29,7,22,6,2,4,49,43,10,33,6,1,5,138,131,55,76,7,5,2,21,18,6,12,3,3,0
S01011291,329,310,84,226,19,9,10,19,16,0,16,3,1,2,44,43,3,40,1,0,1,29,25,1,24,4,1,3,80,75,38,37,5,2,3,17,16,2,14,1,0,1,37,35,4,31,2,2,0,90,89,29,60,1,1,0,13,11,7,4,2,2,0
S01011292,239,220,67,153,19,5,14,17,15,1,14,2,0,2,26,26,2,24,0,0,0,23,18,2,16,5,1,4,53,53,24,29,0,0,0,14,11,1,10,3,1,2,22,19,5,14,3,1,2,74,71,30,41,3,1,2,10,7,2,5,3,1,2
S01011293,295,280,103,177,15,4,11,10,9,1,8,1,1,0,42,40,1,39,2,2,0,32,29,0,29,3,0,3,60,58,33,25,2,0,2,16,16,2,14,0,0,0,28,25,13,12,3,0,3,95,91,47,44,4,1,3,12,12,6,6,0,0,0
S01011294,275,247,69,178,28,7,21,3,3,0,3,0,0,0,31,30,4,26,1,0,1,31,23,3,20,8,2,6,57,53,19,34,4,1,3,23,19,3,16,4,1,3,24,20,5,15,4,2,2,86,84,27,57,2,0,2,20,15,8,7,5,1,4
S01011295,435,386,94,292,49,17,32,14,13,0,13,1,0,1,56,53,5,48,3,1,2,41,29,0,29,12,3,9,66,60,31,29,6,1,5,29,24,1,23,5,2,3,55,45,12,33,10,3,7,157,147,40,107,10,6,4,17,15,5,10,2,1,1
S01011296,220,189,57,132,31,11,20,6,5,0,5,1,0,1,14,12,0,12,2,0,2,24,16,1,15,8,3,5,42,38,18,20,4,1,3,17,13,3,10,4,2,2,28,21,10,11,7,2,5,77,75,22,53,2,2,0,12,9,3,6,3,1,2
S01011297,362,327,118,209,35,13,22,5,5,0,5,0,0,0,40,38,1,37,2,1,1,37,26,1,25,11,2,9,95,91,50,41,4,1,3,22,20,4,16,2,0,2,52,46,16,30,6,3,3,91,87,40,47,4,2,2,20,14,6,8,6,4,2
S01011298,230,213,76,137,17,8,9,7,7,0,7,0,0,0,20,20,1,19,0,0,0,27,20,2,18,7,1,6,53,49,30,19,4,2,2,19,18,3,15,1,1,0,15,14,7,7,1,1,0,73,70,29,41,3,3,0,16,15,4,11,1,0,1
S01011299,267,176,49,127,91,19,72,39,14,5,9,25,3,22,16,13,2,11,3,1,2,34,25,5,20,9,2,7,36,24,14,10,12,3,9,16,12,2,10,4,0,4,41,24,4,20,17,5,12,68,60,15,45,8,1,7,17,4,2,2,13,4,9
S01011300,359,331,97,234,28,13,15,16,15,1,14,1,0,1,60,60,9,51,0,0,0,36,24,1,23,12,2,10,62,58,29,29,4,2,2,28,28,4,24,0,0,0,40,38,10,28,2,2,0,99,95,35,60,4,4,0,18,13,8,5,5,3,2
S01011301,329,288,65,223,41,10,31,9,7,0,7,2,0,2,40,39,1,38,1,0,1,32,26,1,25,6,1,5,53,46,24,22,7,2,5,23,21,3,18,2,0,2,51,41,6,35,10,2,8,110,99,29,70,11,5,6,11,9,1,8,2,0,2
S01011302,293,270,68,202,23,5,18,6,5,2,3,1,1,0,32,29,4,25,3,0,3,29,24,1,23,5,0,5,58,54,14,40,4,1,3,35,30,2,28,5,1,4,35,32,9,23,3,2,1,91,90,33,57,1,0,1,7,6,3,3,1,0,1
S01011303,523,461,119,342,62,19,43,22,18,0,18,4,1,3,65,63,3,60,2,0,2,47,31,3,28,16,1,15,91,78,39,39,13,3,10,30,27,1,26,3,1,2,72,62,19,43,10,5,5,170,162,47,115,8,2,6,26,20,7,13,6,6,0
S01011304,280,259,80,179,21,5,16,11,10,1,9,1,0,1,46,46,11,35,0,0,0,25,19,1,18,6,0,6,68,64,38,26,4,3,1,23,22,2,20,1,0,1,25,22,5,17,3,0,3,65,64,16,48,1,0,1,17,12,6,6,5,2,3
S01011305,365,324,75,249,41,11,30,12,11,0,11,1,0,1,56,51,2,49,5,3,2,36,25,2,23,11,1,10,69,59,24,35,10,1,9,31,30,3,27,1,0,1,51,43,9,34,8,2,6,103,101,34,67,2,2,0,7,4,1,3,3,2,1
S01011306,201,191,48,143,10,2,8,7,5,0,5,2,1,1,45,42,4,38,3,0,3,13,12,0,12,1,0,1,37,36,17,19,1,0,1,7,7,0,7,0,0,0,19,17,3,14,2,1,1,63,62,20,42,1,0,1,10,10,4,6,0,0,0
S01011307,219,154,34,120,65,11,54,44,14,1,13,30,2,28,11,10,1,9,1,0,1,20,9,0,9,11,2,9,38,28,12,16,10,2,8,17,15,4,11,2,2,0,18,17,3,14,1,1,0,64,58,12,46,6,1,5,7,3,1,2,4,1,3
S01011308,221,145,42,103,76,15,61,26,11,2,9,15,0,15,19,14,2,12,5,0,5,18,8,2,6,10,2,8,23,16,8,8,7,1,6,16,11,2,9,5,1,4,48,29,7,22,19,5,14,57,48,15,33,9,4,5,14,8,4,4,6,2,4
S01011309,311,244,67,177,67,22,45,24,21,0,21,3,1,2,27,21,2,19,6,1,5,15,8,2,6,7,2,5,40,31,17,14,9,1,8,26,19,2,17,7,0,7,68,47,9,38,21,9,12,92,86,31,55,6,3,3,19,11,4,7,8,5,3
S01011310,297,239,71,168,58,14,44,18,14,0,14,4,0,4,14,11,1,10,3,0,3,19,10,1,9,9,1,8,53,43,21,22,10,1,9,39,29,5,24,10,4,6,40,29,4,25,11,3,8,91,87,34,53,4,3,1,23,16,5,11,7,2,5
S01011311,333,249,80,169,84,19,65,24,21,3,18,3,1,2,20,16,4,12,4,0,4,30,18,2,16,12,2,10,59,48,25,23,11,3,8,15,12,2,10,3,2,1,43,33,13,20,10,3,7,106,87,28,59,19,4,15,36,14,3,11,22,4,18
S01011312,476,360,91,269,116,35,81,31,26,1,25,5,2,3,45,35,4,31,10,3,7,33,23,2,21,10,2,8,73,53,15,38,20,5,15,34,29,6,23,5,0,5,76,49,13,36,27,9,18,150,127,41,86,23,7,16,34,18,9,9,16,7,9
S01011313,328,266,74,192,62,25,37,21,19,0,19,2,0,2,19,17,1,16,2,0,2,20,14,2,12,6,1,5,66,57,31,26,9,3,6,21,21,3,18,0,0,0,46,35,9,26,11,8,3,105,86,21,65,19,9,10,30,17,7,10,13,4,9
S01011314,515,435,121,314,80,32,48,29,28,1,27,1,0,1,41,38,1,37,3,1,2,38,22,2,20,16,4,12,85,72,34,38,13,4,9,36,30,1,29,6,2,4,70,54,11,43,16,7,9,182,167,58,109,15,10,5,34,24,13,11,10,4,6
S01011315,170,145,56,89,25,7,18,15,13,1,12,2,0,2,9,8,0,8,1,1,0,13,9,0,9,4,0,4,38,33,22,11,5,2,3,17,16,3,13,1,1,0,17,12,0,12,5,1,4,51,46,25,21,5,1,4,10,8,5,3,2,1,1
S01011316,290,255,92,163,35,7,28,11,9,1,8,2,0,2,21,17,4,13,4,0,4,33,23,1,22,10,0,10,68,62,37,25,6,1,5,11,9,2,7,2,1,1,39,32,7,25,7,3,4,94,92,39,53,2,1,1,13,11,1,10,2,1,1
S01011317,260,196,66,130,64,19,45,13,9,1,8,4,1,3,22,16,2,14,6,2,4,23,9,1,8,14,4,10,53,35,14,21,18,5,13,23,22,3,19,1,0,1,37,26,11,15,11,4,7,73,68,26,42,5,2,3,16,11,8,3,5,1,4
S01011318,355,285,71,214,70,22,48,15,14,0,14,1,0,1,25,16,0,16,9,1,8,23,17,1,16,6,1,5,84,65,29,36,19,5,14,33,25,3,22,8,3,5,51,38,3,35,13,6,7,96,92,29,63,4,2,2,28,18,6,12,10,4,6
S01011319,318,270,85,185,48,15,33,16,13,0,13,3,0,3,32,30,2,28,2,1,1,12,9,1,8,3,1,2,72,61,35,26,11,3,8,26,22,1,21,4,1,3,48,37,12,25,11,1,10,94,86,26,60,8,3,5,18,12,8,4,6,5,1
S01011320,211,189,54,135,22,7,15,14,11,0,11,3,0,3,15,15,2,13,0,0,0,11,10,0,10,1,0,1,41,37,21,16,4,0,4,23,20,2,18,3,1,2,22,21,4,17,1,1,0,67,63,24,39,4,2,2,18,12,1,11,6,3,3
S01011321,326,294,95,199,32,12,20,21,20,2,18,1,0,1,24,19,1,18,5,1,4,18,12,1,11,6,1,5,74,72,42,30,2,1,1,27,24,1,23,3,2,1,36,30,6,24,6,1,5,111,106,39,67,5,2,3,15,11,3,8,4,4,0
S01011322,296,268,89,179,28,10,18,20,17,0,17,3,1,2,17,16,1,15,1,0,1,17,8,2,6,9,2,7,58,54,34,20,4,2,2,34,34,2,32,0,0,0,28,24,6,18,4,0,4,102,97,35,62,5,3,2,20,18,9,9,2,2,0
S01011323,412,366,108,258,46,15,31,21,19,1,18,2,0,2,24,23,1,22,1,0,1,25,16,0,16,9,1,8,92,89,47,42,3,0,3,35,32,1,31,3,0,3,61,53,16,37,8,2,6,125,114,36,78,11,9,2,29,20,6,14,9,3,6
S01011324,187,162,58,104,25,12,13,11,10,1,9,1,0,1,10,9,1,8,1,0,1,9,6,1,5,3,0,3,41,39,22,17,2,1,1,26,18,2,16,8,5,3,26,21,4,17,5,4,1,49,47,19,28,2,0,2,15,12,8,4,3,2,1
S01011325,293,253,78,175,40,14,26,11,8,0,8,3,1,2,13,11,1,10,2,1,1,21,13,2,11,8,0,8,86,77,36,41,9,4,5,27,25,4,21,2,2,0,32,27,7,20,5,1,4,71,69,22,47,2,2,0,32,23,6,17,9,3,6
S01011326,272,232,75,157,40,13,27,8,7,0,7,1,0,1,9,9,1,8,0,0,0,13,8,0,8,5,0,5,78,66,34,32,12,4,8,35,27,1,26,8,5,3,30,26,5,21,4,2,2,75,70,23,47,5,1,4,24,19,11,8,5,1,4
S01011327,233,191,67,124,42,4,38,5,4,0,4,1,0,1,13,13,0,13,0,0,0,16,9,1,8,7,0,7,55,36,17,19,19,2,17,24,20,6,14,4,0,4,16,12,6,6,4,1,3,86,82,29,53,4,1,3,18,15,8,7,3,0,3
S01011328,277,204,64,140,73,19,54,18,9,1,8,9,0,9,12,8,0,8,4,0,4,21,11,3,8,10,2,8,70,50,24,26,20,3,17,11,10,3,7,1,0,1,27,14,4,10,13,6,7,104,93,25,68,11,5,6,14,9,4,5,5,3,2
S01011329,339,293,97,196,46,14,32,17,15,1,14,2,0,2,20,18,1,17,2,0,2,26,18,2,16,8,1,7,76,70,31,39,6,1,5,42,36,6,30,6,1,5,43,36,12,24,7,4,3,94,91,38,53,3,1,2,21,9,6,3,12,6,6
S01011330,311,271,79,192,40,17,23,26,25,2,23,1,1,0,29,26,2,24,3,1,2,16,6,2,4,10,1,9,44,39,16,23,5,1,4,36,30,8,22,6,2,4,26,21,7,14,5,4,1,108,105,35,70,3,2,1,26,19,7,12,7,5,2
S01011331,265,237,57,180,28,10,18,17,17,2,15,0,0,0,23,22,3,19,1,0,1,15,9,0,9,6,2,4,39,33,16,17,6,3,3,28,21,1,20,7,2,5,33,29,5,24,4,2,2,96,93,21,72,3,0,3,14,13,9,4,1,1,0
S01011332,374,309,78,231,65,20,45,24,23,0,23,1,0,1,32,28,0,28,4,1,3,18,11,1,10,7,0,7,64,47,22,25,17,5,12,44,42,5,37,2,2,0,58,42,8,34,16,3,13,105,100,33,67,5,1,4,29,16,9,7,13,8,5
S01011333,260,211,57,154,49,14,35,10,10,0,10,0,0,0,20,17,1,16,3,2,1,20,14,0,14,6,1,5,50,31,14,17,19,2,17,19,17,2,15,2,2,0,56,47,14,33,9,3,6,73,63,24,39,10,4,6,12,12,2,10,0,0,0
S01011334,384,270,82,188,114,14,100,57,16,3,13,41,0,41,23,19,2,17,4,1,3,35,16,2,14,19,2,17,71,52,22,30,19,2,17,27,23,3,20,4,0,4,41,27,7,20,14,4,10,108,104,38,66,4,1,3,22,13,5,8,9,4,5
S01011335,384,317,97,220,67,21,46,22,14,3,11,8,1,7,29,26,2,24,3,0,3,20,10,2,8,10,1,9,72,60,32,28,12,1,11,45,38,2,36,7,3,4,51,40,8,32,11,4,7,131,120,42,78,11,9,2,14,9,6,3,5,2,3
S01011336,262,234,76,158,28,10,18,12,11,0,11,1,0,1,15,14,0,14,1,0,1,19,10,1,9,9,2,7,57,53,29,24,4,1,3,28,25,4,21,3,3,0,37,32,6,26,5,1,4,83,78,32,46,5,3,2,11,11,4,7,0,0,0
S01011337,316,247,68,179,69,19,50,7,7,0,7,0,0,0,20,16,1,15,4,1,3,21,13,1,12,8,3,5,58,44,24,20,14,0,14,38,30,5,25,8,3,5,50,32,3,29,18,3,15,100,93,31,62,7,3,4,22,12,3,9,10,6,4
S01011338,295,271,67,204,24,4,20,11,10,0,10,1,0,1,41,38,3,35,3,1,2,24,20,2,18,4,0,4,50,44,22,22,6,1,5,32,32,7,25,0,0,0,32,28,5,23,4,2,2,95,90,27,63,5,0,5,10,9,1,8,1,0,1
S01011339,229,215,67,148,14,2,12,5,4,0,4,1,0,1,22,20,1,19,2,0,2,19,18,1,17,1,0,1,52,50,28,22,2,2,0,18,15,3,12,3,0,3,33,30,6,24,3,0,3,67,67,22,45,0,0,0,13,11,6,5,2,0,2
S01011340,272,245,74,171,27,5,22,7,7,1,6,0,0,0,29,29,2,27,0,0,0,27,19,2,17,8,1,7,57,53,32,21,4,1,3,20,18,3,15,2,0,2,26,18,5,13,8,3,5,91,87,24,63,4,0,4,15,14,5,9,1,0,1
S01011341,332,311,87,224,21,4,17,9,8,0,8,1,0,1,35,33,3,30,2,0,2,36,30,3,27,6,0,6,75,69,25,44,6,1,5,27,26,3,23,1,1,0,41,39,13,26,2,0,2,91,88,28,60,3,2,1,18,18,12,6,0,0,0
S01011342,333,302,65,237,31,7,24,8,8,0,8,0,0,0,48,47,4,43,1,0,1,34,27,0,27,7,0,7,70,62,24,38,8,3,5,25,23,5,18,2,0,2,40,34,8,26,6,2,4,95,92,19,73,3,1,2,13,9,5,4,4,1,3
S01011343,326,301,81,220,25,8,17,8,8,1,7,0,0,0,48,48,8,40,0,0,0,33,23,2,21,10,0,10,61,58,22,36,3,2,1,28,27,4,23,1,0,1,32,27,8,19,5,2,3,97,91,30,61,6,4,2,19,19,6,13,0,0,0
S01011344,323,299,92,207,24,10,14,11,10,1,9,1,0,1,43,42,2,40,1,0,1,35,25,0,25,10,3,7,75,73,38,35,2,0,2,28,25,4,21,3,1,2,29,28,12,16,1,1,0,81,78,24,54,3,2,1,21,18,11,7,3,3,0
S01011345,309,291,108,183,18,3,15,5,5,0,5,0,0,0,50,49,7,42,1,0,1,27,20,0,20,7,1,6,79,75,45,30,4,0,4,20,20,4,16,0,0,0,29,27,8,19,2,0,2,88,86,39,47,2,1,1,11,9,5,4,2,1,1
S01011346,291,260,71,189,31,9,22,6,6,0,6,0,0,0,34,33,3,30,1,0,1,34,28,3,25,6,1,5,67,58,25,33,9,2,7,20,14,3,11,6,3,3,31,28,6,22,3,1,2,86,82,25,57,4,0,4,13,11,6,5,2,2,0
S01011347,432,384,102,282,48,12,36,7,6,0,6,1,0,1,48,48,4,44,0,0,0,35,26,2,24,9,1,8,86,76,42,34,10,4,6,43,35,3,32,8,1,7,56,52,10,42,4,1,3,132,122,33,89,10,3,7,25,19,8,11,6,2,4
S01011348,373,343,79,264,30,11,19,6,4,0,4,2,0,2,56,54,5,49,2,1,1,28,21,0,21,7,1,6,57,53,27,26,4,2,2,37,33,4,29,4,0,4,34,31,5,26,3,3,0,137,131,31,100,6,4,2,18,16,7,9,2,0,2
S01011349,555,501,115,386,54,8,46,12,11,0,11,1,1,0,60,56,4,52,4,0,4,37,30,3,27,7,1,6,110,96,38,58,14,4,10,55,46,4,42,9,0,9,70,66,13,53,4,1,3,184,175,45,130,9,0,9,27,21,8,13,6,1,5
S01011350,318,261,73,188,57,14,43,7,6,1,5,1,0,1,41,38,4,34,3,0,3,28,18,3,15,10,0,10,61,48,31,17,13,5,8,25,17,1,16,8,2,6,39,29,7,22,10,3,7,100,93,22,71,7,2,5,17,12,4,8,5,2,3
S01011351,265,247,71,176,18,7,11,9,8,0,8,1,0,1,34,32,1,31,2,0,2,21,16,0,16,5,1,4,67,66,30,36,1,0,1,30,25,7,18,5,2,3,23,20,5,15,3,3,0,74,73,25,48,1,1,0,7,7,3,4,0,0,0
S01011352,301,267,70,197,34,11,23,12,11,1,10,1,0,1,20,17,2,15,3,1,2,31,24,1,23,7,1,6,67,58,23,35,9,5,4,18,16,2,14,2,1,1,38,34,9,25,4,1,3,100,95,24,71,5,1,4,15,12,8,4,3,1,2
S01011353,296,265,68,197,31,10,21,9,9,1,8,0,0,0,26,25,3,22,1,0,1,27,20,1,19,7,1,6,67,60,26,34,7,3,4,19,17,3,14,2,0,2,32,29,8,21,3,1,2,96,91,20,71,5,1,4,20,14,6,8,6,4,2
S01011354,339,294,83,211,45,15,30,13,10,0,10,3,1,2,20,19,0,19,1,1,0,41,28,2,26,13,1,12,66,58,37,21,8,2,6,27,25,4,21,2,0,2,48,41,6,35,7,3,4,107,99,28,71,8,6,2,17,14,6,8,3,1,2
S01011355,440,398,96,302,42,11,31,16,14,1,13,2,0,2,44,42,2,40,2,0,2,38,31,2,29,7,1,6,83,78,35,43,5,2,3,42,34,7,27,8,3,5,54,47,9,38,7,1,6,145,137,34,103,8,3,5,18,15,6,9,3,1,2
S01011356,519,373,85,288,146,24,122,58,20,1,19,38,4,34,41,28,5,23,13,3,10,51,34,4,30,17,2,15,74,55,22,33,19,1,18,57,36,5,31,21,3,18,71,53,11,42,18,4,14,141,129,34,95,12,7,5,26,18,3,15,8,0,8
S01011357,386,345,105,240,41,6,35,10,10,3,7,0,0,0,45,42,7,35,3,0,3,37,26,0,26,11,0,11,75,64,22,42,11,2,9,24,21,5,16,3,1,2,38,35,7,28,3,1,2,131,128,56,72,3,0,3,26,19,5,14,7,2,5
S01011358,333,318,83,235,15,5,10,8,8,0,8,0,0,0,25,23,1,22,2,1,1,20,18,0,18,2,0,2,57,53,28,25,4,0,4,24,22,2,20,2,1,1,54,50,16,34,4,3,1,140,139,33,106,1,0,1,5,5,3,2,0,0,0
S01011359,298,266,60,206,32,10,22,6,6,0,6,0,0,0,18,18,0,18,0,0,0,28,24,1,23,4,0,4,56,51,17,34,5,1,4,44,33,2,31,11,4,7,37,30,14,16,7,3,4,98,96,21,75,2,2,0,11,8,5,3,3,0,3
S01011360,318,302,89,213,16,5,11,14,14,2,12,0,0,0,41,37,9,28,4,2,2,20,15,1,14,5,1,4,68,65,23,42,3,1,2,36,35,3,32,1,0,1,40,38,14,24,2,1,1,88,88,34,54,0,0,0,11,10,3,7,1,0,1
S01011361,193,178,53,125,15,5,10,4,4,1,3,0,0,0,35,34,1,33,1,0,1,20,16,2,14,4,0,4,40,39,21,18,1,1,0,32,27,5,22,5,1,4,20,20,7,13,0,0,0,35,35,14,21,0,0,0,7,3,2,1,4,3,1
S01011362,322,270,54,216,52,11,41,19,13,2,11,6,3,3,33,29,4,25,4,3,1,36,24,1,23,12,1,11,57,44,15,29,13,1,12,26,20,1,19,6,2,4,42,38,9,29,4,1,3,95,90,17,73,5,0,5,14,12,5,7,2,0,2
S01011363,358,316,85,231,42,3,39,18,18,4,14,0,0,0,28,26,1,25,2,0,2,40,28,0,28,12,1,11,58,49,24,25,9,0,9,30,28,8,20,2,1,1,43,31,2,29,12,1,11,118,117,38,79,1,0,1,23,19,8,11,4,0,4
S01011364,326,304,81,223,22,7,15,7,7,1,6,0,0,0,45,44,2,42,1,0,1,17,16,1,15,1,0,1,72,70,31,39,2,0,2,32,25,5,20,7,1,6,35,29,9,20,6,2,4,108,104,27,77,4,4,0,10,9,5,4,1,0,1
S01011365,343,320,83,237,23,2,21,10,10,3,7,0,0,0,31,30,2,28,1,0,1,35,28,0,28,7,0,7,52,49,24,25,3,0,3,35,30,4,26,5,0,5,42,39,12,27,3,1,2,128,124,32,92,4,1,3,10,10,6,4,0,0,0
S01011366,189,178,38,140,11,2,9,7,7,1,6,0,0,0,21,20,2,18,1,0,1,19,17,0,17,2,0,2,39,35,15,20,4,0,4,13,13,1,12,0,0,0,29,28,5,23,1,1,0,55,54,11,43,1,0,1,6,4,3,1,2,1,1
S01011367,360,337,89,248,23,7,16,9,8,1,7,1,0,1,37,36,2,34,1,0,1,51,43,2,41,8,3,5,84,82,37,45,2,1,1,44,40,10,30,4,0,4,22,21,3,18,1,0,1,93,91,24,67,2,1,1,20,16,10,6,4,2,2
S01011368,528,480,110,370,48,8,40,17,17,2,15,0,0,0,51,48,1,47,3,1,2,53,44,1,43,9,0,9,101,89,36,53,12,4,8,29,25,3,22,4,0,4,86,80,18,62,6,0,6,169,161,38,123,8,2,6,22,16,11,5,6,1,5
S01011369,354,324,91,233,30,11,19,10,10,1,9,0,0,0,40,37,1,36,3,2,1,37,29,2,27,8,0,8,68,66,34,32,2,0,2,34,29,1,28,5,1,4,40,34,13,21,6,5,1,109,105,30,75,4,2,2,16,14,9,5,2,1,1
S01011370,466,444,84,360,22,4,18,15,15,1,14,0,0,0,36,36,1,35,0,0,0,42,38,0,38,4,0,4,71,68,22,46,3,0,3,40,38,3,35,2,0,2,78,73,13,60,5,2,3,164,158,37,121,6,1,5,20,18,7,11,2,1,1
S01011371,397,370,102,268,27,6,21,11,11,0,11,0,0,0,28,26,2,24,2,0,2,35,30,2,28,5,0,5,103,100,50,50,3,0,3,38,31,4,27,7,1,6,66,59,14,45,7,3,4,101,99,24,75,2,1,1,15,14,6,8,1,1,0
S01011372,257,244,67,177,13,3,10,8,8,1,7,0,0,0,40,40,3,37,0,0,0,12,12,1,11,0,0,0,67,62,28,34,5,2,3,33,30,5,25,3,0,3,26,25,9,16,1,0,1,54,53,13,40,1,1,0,17,14,7,7,3,0,3
S01011373,252,231,67,164,21,6,15,9,9,0,9,0,0,0,23,19,0,19,4,0,4,24,18,1,17,6,0,6,67,64,29,35,3,1,2,23,21,4,17,2,1,1,26,21,9,12,5,4,1,71,71,21,50,0,0,0,9,8,3,5,1,0,1
S01011374,392,371,78,293,21,6,15,10,10,2,8,0,0,0,23,22,1,21,1,0,1,39,30,4,26,9,1,8,72,70,29,41,2,0,2,44,41,3,38,3,2,1,70,65,11,54,5,2,3,122,122,23,99,0,0,0,12,11,5,6,1,1,0
S01011375,310,286,87,199,24,7,17,6,6,1,5,0,0,0,28,27,1,26,1,0,1,24,19,3,16,5,0,5,60,54,28,26,6,2,4,30,28,4,24,2,1,1,39,35,8,27,4,2,2,111,106,36,70,5,1,4,12,11,6,5,1,1,0
S01011376,205,188,48,140,17,11,6,8,8,0,8,0,0,0,16,16,1,15,0,0,0,10,9,0,9,1,0,1,47,45,18,27,2,0,2,18,16,2,14,2,1,1,30,22,5,17,8,6,2,58,57,16,41,1,1,0,18,15,6,9,3,3,0
S01011377,317,275,55,220,42,14,28,4,4,0,4,0,0,0,26,22,0,22,4,2,2,21,17,1,16,4,1,3,43,38,17,21,5,0,5,30,28,3,25,2,1,1,57,45,6,39,12,4,8,118,109,24,85,9,4,5,18,12,4,8,6,2,4
S01011378,354,317,91,226,37,12,25,8,7,1,6,1,0,1,37,35,4,31,2,0,2,28,17,2,15,11,5,6,56,48,24,24,8,2,6,17,15,6,9,2,1,1,47,40,6,34,7,2,5,137,134,39,95,3,1,2,24,21,9,12,3,1,2
S01011379,526,470,116,354,56,13,43,6,6,1,5,0,0,0,37,33,1,32,4,0,4,39,30,2,28,9,2,7,82,70,30,40,12,1,11,39,37,2,35,2,0,2,100,86,23,63,14,6,8,191,183,51,132,8,2,6,32,25,6,19,7,2,5
S01011380,341,315,81,234,26,10,16,6,6,0,6,0,0,0,34,33,4,29,1,0,1,31,24,3,21,7,1,6,71,63,25,38,8,3,5,28,26,4,22,2,1,1,44,42,7,35,2,1,1,117,114,34,80,3,2,1,10,7,4,3,3,2,1
S01011381,307,274,63,211,33,6,27,6,6,1,5,0,0,0,25,23,1,22,2,1,1,20,13,1,12,7,0,7,44,39,13,26,5,0,5,27,22,3,19,5,0,5,49,44,9,35,5,2,3,108,106,30,76,2,2,0,28,21,5,16,7,1,6
S01011382,270,239,62,177,31,7,24,9,9,1,8,0,0,0,21,21,1,20,0,0,0,39,25,3,22,14,2,12,59,54,19,35,5,0,5,31,29,5,24,2,2,0,30,27,8,19,3,1,2,60,57,16,41,3,1,2,21,17,9,8,4,1,3
S01011383,232,225,79,146,7,2,5,6,6,2,4,0,0,0,19,19,0,19,0,0,0,20,20,0,20,0,0,0,39,39,23,16,0,0,0,22,19,0,19,3,0,3,36,34,13,21,2,1,1,69,69,27,42,0,0,0,21,19,14,5,2,1,1
S01011384,206,187,73,114,19,5,14,7,5,2,3,2,0,2,21,21,2,19,0,0,0,21,17,1,16,4,0,4,57,51,31,20,6,3,3,12,9,1,8,3,0,3,25,24,8,16,1,1,0,56,55,24,31,1,0,1,7,5,4,1,2,1,1
S01011385,357,332,104,228,25,8,17,7,7,2,5,0,0,0,27,27,5,22,0,0,0,32,30,1,29,2,0,2,74,73,31,42,1,0,1,39,31,3,28,8,2,6,52,49,13,36,3,3,0,102,99,42,57,3,1,2,24,16,7,9,8,2,6
S01011386,206,193,75,118,13,6,7,5,5,0,5,0,0,0,17,16,4,12,1,0,1,22,19,0,19,3,1,2,60,59,37,22,1,1,0,14,13,1,12,1,0,1,21,19,7,12,2,2,0,54,50,21,29,4,2,2,13,12,5,7,1,0,1
S01011387,302,288,84,204,14,2,12,9,9,1,8,0,0,0,30,30,3,27,0,0,0,25,22,0,22,3,0,3,62,59,35,24,3,1,2,28,26,8,18,2,0,2,39,38,8,30,1,0,1,94,91,25,66,3,0,3,15,13,4,9,2,1,1
S01011388,605,563,129,434,42,11,31,13,11,3,8,2,0,2,59,57,5,52,2,0,2,49,42,4,38,7,0,7,90,85,30,55,5,2,3,64,57,6,51,7,1,6,80,77,14,63,3,3,0,224,215,59,156,9,2,7,26,19,8,11,7,3,4
S01011389,355,326,90,236,29,6,23,13,13,2,11,0,0,0,28,28,1,27,0,0,0,18,13,1,12,5,0,5,90,79,35,44,11,3,8,29,26,4,22,3,1,2,48,46,11,35,2,1,1,102,100,28,72,2,0,2,27,21,8,13,6,1,5
S01011390,328,311,90,221,17,7,10,6,6,0,6,0,0,0,37,37,1,36,0,0,0,30,26,2,24,4,0,4,84,82,35,47,2,0,2,31,28,3,25,3,3,0,34,30,7,23,4,1,3,87,85,35,50,2,2,0,19,17,7,10,2,1,1
S01011391,284,265,94,171,19,7,12,7,7,1,6,0,0,0,37,36,2,34,1,0,1,33,29,3,26,4,0,4,65,61,37,24,4,1,3,15,12,3,9,3,1,2,20,18,9,9,2,1,1,83,80,30,50,3,2,1,24,22,9,13,2,2,0
S01011392,282,260,91,169,22,4,18,4,3,0,3,1,0,1,22,22,0,22,0,0,0,25,15,1,14,10,0,10,73,73,36,37,0,0,0,31,27,8,19,4,0,4,19,17,5,12,2,0,2,84,83,32,51,1,1,0,24,20,9,11,4,3,1
S01011393,355,311,87,224,44,8,36,7,6,2,4,1,0,1,40,37,5,32,3,0,3,50,34,6,28,16,2,14,75,69,28,41,6,1,5,24,15,6,9,9,3,6,44,38,8,30,6,1,5,99,96,27,69,3,1,2,16,16,5,11,0,0,0
S01011394,320,297,73,224,23,6,17,5,5,0,5,0,0,0,31,30,4,26,1,0,1,25,18,1,17,7,0,7,58,54,24,30,4,0,4,25,22,1,21,3,1,2,49,45,9,36,4,3,1,113,112,30,82,1,1,0,14,11,4,7,3,1,2
S01011395,324,291,76,215,33,9,24,7,6,2,4,1,0,1,37,35,1,34,2,1,1,29,24,1,23,5,0,5,61,60,33,27,1,1,0,30,21,4,17,9,2,7,29,23,5,18,6,1,5,116,111,27,84,5,3,2,15,11,3,8,4,1,3
S01011396,315,288,71,217,27,3,24,8,7,1,6,1,0,1,22,20,0,20,2,0,2,33,26,2,24,7,0,7,59,56,24,32,3,0,3,25,23,2,21,2,0,2,36,34,10,24,2,0,2,112,109,29,80,3,1,2,20,13,3,10,7,2,5
S01011397,308,288,81,207,20,3,17,6,6,1,5,0,0,0,27,27,2,25,0,0,0,28,22,4,18,6,0,6,83,76,40,36,7,0,7,24,22,7,15,2,1,1,34,32,3,29,2,1,1,94,93,20,73,1,1,0,12,10,4,6,2,0,2
S01011398,280,261,78,183,19,5,14,2,2,0,2,0,0,0,25,24,4,20,1,0,1,23,18,0,18,5,1,4,65,62,32,30,3,1,2,28,23,1,22,5,3,2,29,26,5,21,3,0,3,93,92,27,65,1,0,1,15,14,9,5,1,0,1
S01011399,218,204,63,141,14,5,9,2,2,1,1,0,0,0,15,15,0,15,0,0,0,26,23,1,22,3,0,3,40,38,21,17,2,0,2,23,19,3,16,4,2,2,25,24,5,19,1,1,0,80,78,29,49,2,1,1,7,5,3,2,2,1,1
S01011400,362,334,67,267,28,5,23,13,13,1,12,0,0,0,29,27,2,25,2,0,2,29,24,1,23,5,0,5,77,72,26,46,5,1,4,17,15,0,15,2,1,1,51,45,6,39,6,0,6,128,124,24,100,4,2,2,18,14,7,7,4,1,3
S01011401,283,260,51,209,23,5,18,6,6,0,6,0,0,0,39,36,2,34,3,0,3,16,13,2,11,3,1,2,54,47,15,32,7,0,7,19,17,2,15,2,0,2,34,32,6,26,2,0,2,104,100,23,77,4,3,1,11,9,1,8,2,1,1
S01011402,357,324,84,240,33,11,22,10,10,1,9,0,0,0,38,37,2,35,1,0,1,29,19,1,18,10,1,9,72,66,29,37,6,2,4,26,18,2,16,8,5,3,29,27,3,24,2,1,1,135,133,39,94,2,0,2,18,14,7,7,4,2,2
S01011403,279,265,78,187,14,5,9,4,3,0,3,1,1,0,27,25,3,22,2,0,2,29,28,4,24,1,0,1,68,64,28,36,4,0,4,27,24,3,21,3,2,1,29,29,6,23,0,0,0,85,83,32,51,2,1,1,10,9,2,7,1,1,0
S01011404,385,358,89,269,27,8,19,4,4,0,4,0,0,0,29,29,2,27,0,0,0,42,31,0,31,11,2,9,72,69,30,39,3,0,3,28,24,2,22,4,1,3,46,42,9,33,4,3,1,149,144,40,104,5,2,3,15,15,6,9,0,0,0
S01011405,274,243,62,181,31,4,27,7,7,3,4,0,0,0,29,28,2,26,1,0,1,27,21,4,17,6,0,6,57,53,21,32,4,1,3,22,19,2,17,3,1,2,41,32,11,21,9,0,9,79,75,18,57,4,1,3,12,8,1,7,4,1,3
S01011406,302,275,69,206,27,10,17,6,6,1,5,0,0,0,26,24,2,22,2,0,2,22,20,3,17,2,0,2,79,73,29,44,6,1,5,21,17,2,15,4,2,2,42,35,6,29,7,3,4,90,88,20,68,2,2,0,16,12,6,6,4,2,2
S01011407,519,470,116,354,49,9,40,11,11,1,10,0,0,0,41,40,2,38,1,1,0,60,46,2,44,14,1,13,114,102,44,58,12,2,10,52,43,9,34,9,1,8,69,62,15,47,7,2,5,154,150,37,113,4,1,3,18,16,6,10,2,1,1
S01011408,365,341,104,237,24,11,13,10,9,2,7,1,0,1,29,29,3,26,0,0,0,37,29,0,29,8,2,6,100,97,47,50,3,1,2,23,19,2,17,4,2,2,45,41,8,33,4,3,1,109,105,35,70,4,3,1,12,12,7,5,0,0,0
S01011409,343,316,108,208,27,7,20,11,10,1,9,1,0,1,33,31,2,29,2,2,0,27,21,1,20,6,1,5,87,80,40,40,7,2,5,30,25,2,23,5,0,5,35,32,9,23,3,0,3,100,98,41,57,2,2,0,20,19,12,7,1,0,1
S01011410,299,282,78,204,17,3,14,3,3,0,3,0,0,0,32,31,2,29,1,0,1,38,30,0,30,8,0,8,62,61,30,31,1,0,1,26,24,1,23,2,0,2,30,29,8,21,1,0,1,95,92,32,60,3,2,1,13,12,5,7,1,1,0
S01011411,307,281,94,187,26,6,20,9,9,1,8,0,0,0,23,22,3,19,1,0,1,42,34,1,33,8,0,8,65,62,32,30,3,2,1,29,19,5,14,10,3,7,31,30,14,16,1,1,0,92,92,32,60,0,0,0,16,13,6,7,3,0,3
S01011412,437,384,95,289,53,11,42,10,9,0,9,1,0,1,43,37,3,34,6,1,5,41,32,1,31,9,1,8,83,73,39,34,10,2,8,36,26,4,22,10,1,9,54,45,5,40,9,3,6,154,149,40,109,5,3,2,16,13,3,10,3,0,3
S01011413,332,308,73,235,24,2,22,8,8,1,7,0,0,0,25,22,2,20,3,0,3,31,26,1,25,5,0,5,60,56,21,35,4,0,4,21,16,2,14,5,1,4,48,47,12,35,1,0,1,126,122,28,94,4,1,3,13,11,6,5,2,0,2
S01011414,351,322,87,235,29,8,21,8,8,0,8,0,0,0,34,32,2,30,2,1,1,39,34,1,33,5,0,5,60,58,25,33,2,2,0,32,23,3,20,9,2,7,45,39,9,30,6,2,4,118,114,42,72,4,1,3,15,14,5,9,1,0,1
S01011415,440,408,109,299,32,3,29,11,10,0,10,1,0,1,42,40,3,37,2,0,2,46,34,2,32,12,1,11,69,63,29,34,6,0,6,36,33,8,25,3,0,3,62,57,17,40,5,0,5,158,155,45,110,3,2,1,16,16,5,11,0,0,0
S01011416,355,323,81,242,32,5,27,10,9,0,9,1,0,1,49,47,1,46,2,1,1,32,22,0,22,10,0,10,64,60,30,30,4,1,3,16,14,1,13,2,0,2,43,37,12,25,6,1,5,132,126,32,94,6,2,4,9,8,5,3,1,0,1
S01011417,353,315,76,239,38,6,32,4,4,1,3,0,0,0,28,25,3,22,3,1,2,41,32,0,32,9,1,8,72,65,27,38,7,1,6,26,22,4,18,4,1,3,45,39,12,27,6,0,6,116,111,20,91,5,1,4,21,17,9,8,4,1,3
S01011418,229,218,64,154,11,2,9,2,2,1,1,0,0,0,25,24,0,24,1,0,1,25,24,1,23,1,0,1,61,58,22,36,3,1,2,12,9,1,8,3,0,3,28,27,10,17,1,1,0,69,68,26,42,1,0,1,7,6,3,3,1,0,1
S01011419,255,235,70,165,20,3,17,7,6,1,5,1,0,1,20,20,1,19,0,0,0,23,20,1,19,3,0,3,70,65,23,42,5,1,4,28,23,7,16,5,1,4,27,22,7,15,5,0,5,67,67,23,44,0,0,0,13,12,7,5,1,1,0
S01011420,183,167,49,118,16,3,13,6,5,0,5,1,0,1,20,19,1,18,1,0,1,23,18,3,15,5,0,5,37,35,14,21,2,1,1,19,14,1,13,5,1,4,20,18,8,10,2,1,1,53,53,17,36,0,0,0,5,5,5,0,0,0,0
S01011421,318,299,49,250,19,5,14,5,5,0,5,0,0,0,23,23,1,22,0,0,0,27,25,0,25,2,1,1,63,60,14,46,3,2,1,31,27,2,25,4,0,4,45,43,6,37,2,1,1,108,103,24,79,5,1,4,16,13,2,11,3,0,3
S01011422,268,249,78,171,19,0,19,4,4,0,4,0,0,0,34,33,5,28,1,0,1,24,16,1,15,8,0,8,64,61,22,39,3,0,3,30,27,5,22,3,0,3,21,21,10,11,0,0,0,79,77,29,48,2,0,2,12,10,6,4,2,0,2
S01011423,171,162,46,116,9,4,5,5,4,1,3,1,0,1,13,13,1,12,0,0,0,14,10,0,10,4,0,4,41,41,16,25,0,0,0,17,17,1,16,0,0,0,21,20,4,16,1,1,0,49,49,19,30,0,0,0,11,8,4,4,3,3,0
S01011424,264,246,68,178,18,5,13,8,8,2,6,0,0,0,18,18,1,17,0,0,0,40,35,0,35,5,1,4,58,55,16,39,3,0,3,16,14,4,10,2,2,0,35,33,14,19,2,2,0,78,74,27,47,4,0,4,11,9,4,5,2,0,2
S01011425,334,295,73,222,39,8,31,6,6,0,6,0,0,0,35,33,3,30,2,0,2,33,28,3,25,5,0,5,68,56,26,30,12,1,11,35,30,3,27,5,1,4,30,20,6,14,10,4,6,113,110,28,82,3,0,3,14,12,4,8,2,2,0
S01011426,539,459,80,379,80,22,58,32,20,1,19,12,0,12,49,46,1,45,3,1,2,57,41,1,40,16,4,12,86,74,25,49,12,3,9,49,42,6,36,7,4,3,68,56,9,47,12,3,9,179,170,33,137,9,3,6,19,10,4,6,9,4,5
S01011427,293,260,57,203,33,7,26,12,10,0,10,2,0,2,30,27,0,27,3,1,2,39,30,0,30,9,0,9,59,57,24,33,2,0,2,20,14,1,13,6,2,4,39,32,4,28,7,2,5,76,74,24,50,2,1,1,18,16,4,12,2,1,1
S01011428,237,218,48,170,19,5,14,9,9,0,9,0,0,0,25,23,1,22,2,0,2,37,28,2,26,9,2,7,38,37,17,20,1,1,0,25,21,1,20,4,0,4,25,22,7,15,3,2,1,71,71,20,51,0,0,0,7,7,0,7,0,0,0
S01011429,471,398,116,282,73,9,64,28,16,4,12,12,1,11,41,39,12,27,2,0,2,53,38,2,36,15,3,12,80,69,29,40,11,1,10,30,21,1,20,9,1,8,60,50,9,41,10,0,10,159,149,50,99,10,2,8,20,16,9,7,4,1,3
S01011430,479,433,110,323,46,9,37,13,13,2,11,0,0,0,59,56,4,52,3,1,2,57,42,2,40,15,3,12,100,89,36,53,11,0,11,34,30,5,25,4,2,2,63,58,11,47,5,2,3,134,130,40,90,4,0,4,19,15,10,5,4,1,3
S01011431,471,431,117,314,40,8,32,13,13,0,13,0,0,0,69,66,1,65,3,0,3,67,52,0,52,15,1,14,81,76,40,36,5,1,4,30,25,4,21,5,1,4,56,53,9,44,3,1,2,133,131,58,73,2,1,1,22,15,5,10,7,3,4
S01011432,482,452,109,343,30,6,24,9,8,0,8,1,0,1,54,50,4,46,4,0,4,55,46,4,42,9,0,9,98,97,29,68,1,0,1,42,36,7,29,6,2,4,61,56,10,46,5,2,3,144,142,48,94,2,2,0,19,17,7,10,2,0,2
S01011433,349,329,107,222,20,9,11,13,13,2,11,0,0,0,60,60,5,55,0,0,0,38,29,0,29,9,1,8,82,79,42,37,3,2,1,22,21,3,18,1,0,1,27,24,6,18,3,3,0,86,84,39,45,2,2,0,21,19,10,9,2,1,1
S01011434,272,248,59,189,24,5,19,5,4,0,4,1,1,0,32,29,1,28,3,0,3,38,32,3,29,6,0,6,51,43,16,27,8,2,6,14,13,1,12,1,0,1,32,31,8,23,1,0,1,89,87,26,61,2,1,1,11,9,4,5,2,1,1
S01011435,500,461,97,364,39,9,30,15,15,0,15,0,0,0,50,46,3,43,4,0,4,55,43,1,42,12,0,12,72,64,22,42,8,1,7,38,33,8,25,5,2,3,64,60,17,43,4,2,2,189,188,43,145,1,0,1,17,12,3,9,5,4,1
S01011436,316,289,66,223,27,8,19,8,4,1,3,4,1,3,56,54,3,51,2,0,2,34,25,0,25,9,1,8,61,58,20,38,3,1,2,25,24,4,20,1,1,0,33,31,9,22,2,0,2,88,84,24,60,4,3,1,11,9,5,4,2,1,1
S01011437,311,285,66,219,26,5,21,10,10,1,9,0,0,0,58,58,3,55,0,0,0,42,27,3,24,15,1,14,53,50,18,32,3,0,3,14,12,3,9,2,1,1,33,29,10,19,4,3,1,96,95,28,67,1,0,1,5,4,0,4,1,0,1
S01011438,209,201,53,148,8,0,8,6,6,0,6,0,0,0,32,32,4,28,0,0,0,33,29,3,26,4,0,4,44,44,15,29,0,0,0,17,14,1,13,3,0,3,23,23,6,17,0,0,0,49,49,22,27,0,0,0,5,4,2,2,1,0,1
S01011439,395,353,70,283,42,14,28,16,10,0,10,6,1,5,53,53,3,50,0,0,0,35,29,1,28,6,1,5,75,70,20,50,5,0,5,31,25,3,22,6,5,1,52,47,7,40,5,1,4,108,105,32,73,3,1,2,25,14,4,10,11,5,6
S01011440,260,244,52,192,16,2,14,8,7,0,7,1,0,1,49,48,1,47,1,0,1,21,17,1,16,4,0,4,75,71,22,49,4,1,3,23,20,2,18,3,0,3,23,23,9,14,0,0,0,53,53,15,38,0,0,0,8,5,2,3,3,1,2
S01011441,354,331,74,257,23,4,19,8,7,0,7,1,1,0,55,55,1,54,0,0,0,50,42,1,41,8,0,8,90,84,33,51,6,2,4,41,37,8,29,4,0,4,34,33,3,30,1,1,0,70,67,26,41,3,0,3,6,6,2,4,0,0,0
S01011442,280,256,67,189,24,6,18,6,6,1,5,0,0,0,42,42,5,37,0,0,0,32,23,0,23,9,0,9,86,81,33,48,5,2,3,22,21,4,17,1,0,1,26,24,4,20,2,1,1,55,53,16,37,2,1,1,11,6,4,2,5,2,3
S01011443,254,233,65,168,21,4,17,7,6,0,6,1,0,1,45,44,7,37,1,0,1,21,16,1,15,5,0,5,82,77,33,44,5,3,2,26,22,3,19,4,0,4,20,18,6,12,2,0,2,49,47,15,32,2,0,2,4,3,0,3,1,1,0
S01011444,289,268,69,199,21,3,18,4,4,0,4,0,0,0,43,43,2,41,0,0,0,32,23,1,22,9,0,9,58,56,23,33,2,1,1,31,26,3,23,5,0,5,32,31,11,20,1,0,1,73,72,23,49,1,1,0,16,13,6,7,3,1,2
S01011445,252,229,50,179,23,7,16,6,4,0,4,2,1,1,23,23,1,22,0,0,0,30,20,0,20,10,0,10,43,40,12,28,3,0,3,39,35,4,31,4,2,2,31,30,6,24,1,1,0,71,71,23,48,0,0,0,9,6,4,2,3,3,0
S01011446,254,201,53,148,53,10,43,23,10,1,9,13,2,11,29,26,3,23,3,0,3,23,21,1,20,2,0,2,45,30,7,23,15,4,11,36,27,9,18,9,1,8,38,32,12,20,6,1,5,49,49,17,32,0,0,0,11,6,3,3,5,2,3
S01011447,385,347,104,243,38,5,33,7,6,1,5,1,1,0,41,41,4,37,0,0,0,40,28,5,23,12,0,12,80,74,28,46,6,2,4,37,27,7,20,10,0,10,31,26,6,20,5,1,4,128,126,47,79,2,1,1,21,19,6,13,2,0,2
S01011448,475,425,117,308,50,11,39,11,10,1,9,1,0,1,70,64,4,60,6,0,6,49,34,2,32,15,2,13,104,95,53,42,9,2,7,36,27,4,23,9,2,7,49,44,11,33,5,4,1,139,138,40,98,1,0,1,17,13,2,11,4,1,3
S01011449,225,206,48,158,19,4,15,6,6,0,6,0,0,0,36,34,3,31,2,0,2,29,23,0,23,6,0,6,32,32,17,15,0,0,0,22,16,4,12,6,2,4,31,28,5,23,3,0,3,64,62,19,43,2,2,0,5,5,0,5,0,0,0
S01011450,315,272,73,199,43,8,35,5,3,0,3,2,2,0,29,28,2,26,1,0,1,33,23,2,21,10,0,10,65,55,22,33,10,0,10,38,30,4,26,8,2,6,43,37,11,26,6,1,5,93,92,31,61,1,1,0,9,4,1,3,5,2,3
S01011451,387,300,81,219,87,24,63,12,9,1,8,3,0,3,27,20,1,19,7,2,5,50,33,3,30,17,1,16,86,67,30,37,19,9,10,37,33,6,27,4,0,4,62,43,12,31,19,4,15,96,87,26,61,9,3,6,17,8,2,6,9,5,4
S01011452,517,463,107,356,54,13,41,13,13,0,13,0,0,0,50,45,2,43,5,2,3,57,41,3,38,16,2,14,104,94,35,59,10,2,8,53,46,8,38,7,2,5,53,46,5,41,7,1,6,168,164,53,111,4,2,2,19,14,1,13,5,2,3
S01011453,320,294,90,204,26,6,20,9,7,0,7,2,0,2,38,36,5,31,2,0,2,31,27,2,25,4,0,4,76,68,35,33,8,0,8,32,27,6,21,5,2,3,38,36,11,25,2,2,0,79,78,24,54,1,1,0,17,15,7,8,2,1,1
S01011454,343,320,108,212,23,7,16,14,14,1,13,0,0,0,28,28,2,26,0,0,0,29,21,1,20,8,2,6,89,88,51,37,1,0,1,39,30,3,27,9,2,7,42,42,13,29,0,0,0,86,82,30,52,4,2,2,16,15,7,8,1,1,0
S01011455,300,278,94,184,22,9,13,7,5,1,4,2,1,1,40,39,4,35,1,0,1,17,13,0,13,4,0,4,78,75,39,36,3,0,3,35,29,7,22,6,4,2,35,34,8,26,1,1,0,74,72,31,41,2,2,0,14,11,4,7,3,1,2
S01011456,341,304,84,220,37,10,27,10,10,3,7,0,0,0,39,35,1,34,4,2,2,30,25,1,24,5,0,5,82,75,35,40,7,1,6,33,22,5,17,11,3,8,49,46,10,36,3,2,1,83,78,24,54,5,2,3,15,13,5,8,2,0,2
S01011457,411,386,126,260,25,6,19,9,9,1,8,0,0,0,39,39,3,36,0,0,0,35,30,4,26,5,0,5,113,109,53,56,4,0,4,41,36,7,29,5,0,5,54,50,12,38,4,3,1,105,102,42,60,3,1,2,15,11,4,7,4,2,2
S01011458,658,605,153,452,53,9,44,18,17,2,15,1,0,1,63,58,3,55,5,1,4,47,32,2,30,15,1,14,135,126,64,62,9,2,7,83,70,8,62,13,2,11,67,63,10,53,4,1,3,219,215,53,162,4,0,4,26,24,11,13,2,2,0
S01011459,561,512,124,388,49,15,34,13,12,0,12,1,0,1,34,34,3,31,0,0,0,51,34,1,33,17,2,15,106,102,38,64,4,3,1,52,41,1,40,11,3,8,94,90,21,69,4,1,3,179,175,51,124,4,2,2,32,24,9,15,8,4,4
S01011460,339,310,94,216,29,8,21,9,9,0,9,0,0,0,29,28,2,26,1,1,0,35,27,3,24,8,2,6,67,61,27,34,6,1,5,44,37,8,29,7,2,5,45,43,11,32,2,0,2,100,96,36,60,4,1,3,10,9,7,2,1,1,0
S01011461,340,317,89,228,23,4,19,10,10,2,8,0,0,0,31,30,3,27,1,1,0,36,29,1,28,7,1,6,86,83,36,47,3,1,2,36,30,7,23,6,0,6,50,49,15,34,1,0,1,79,77,21,56,2,1,1,12,9,4,5,3,0,3
S01011462,464,423,118,305,41,7,34,11,10,1,9,1,0,1,47,47,3,44,0,0,0,46,35,0,35,11,2,9,96,88,39,49,8,0,8,31,28,5,23,3,1,2,67,55,13,42,12,2,10,147,146,52,94,1,1,0,19,14,5,9,5,1,4
S01011463,340,301,94,207,39,12,27,8,7,1,6,1,0,1,39,36,9,27,3,1,2,25,17,1,16,8,2,6,74,66,26,40,8,1,7,37,31,4,27,6,3,3,39,35,11,24,4,1,3,110,104,39,65,6,2,4,8,5,3,2,3,2,1
S01011464,344,311,55,256,33,6,27,6,6,0,6,0,0,0,29,28,0,28,1,0,1,34,26,2,24,8,0,8,71,62,23,39,9,3,6,35,29,2,27,6,1,5,57,53,7,46,4,0,4,99,98,14,84,1,1,0,13,9,7,2,4,1,3
S01011465,198,179,61,118,19,9,10,6,6,1,5,0,0,0,21,21,1,20,0,0,0,13,12,0,12,1,0,1,47,43,25,18,4,0,4,21,18,6,12,3,1,2,38,32,7,25,6,5,1,42,39,14,25,3,1,2,10,8,7,1,2,2,0
S01011466,238,222,68,154,16,3,13,6,6,1,5,0,0,0,20,20,0,20,0,0,0,17,14,2,12,3,0,3,64,61,30,31,3,1,2,31,25,3,22,6,0,6,35,34,7,27,1,1,0,49,49,18,31,0,0,0,16,13,7,6,3,1,2
S01011467,261,244,63,181,17,3,14,1,1,1,0,0,0,0,34,33,3,30,1,0,1,24,20,1,19,4,0,4,53,48,19,29,5,1,4,22,20,0,20,2,0,2,43,40,14,26,3,1,2,74,73,21,52,1,1,0,10,9,4,5,1,0,1
S01011468,519,472,89,383,47,12,35,18,18,0,18,0,0,0,57,55,4,51,2,0,2,37,28,3,25,9,1,8,104,85,25,60,19,5,14,46,42,3,39,4,0,4,83,79,10,69,4,1,3,152,146,36,110,6,4,2,22,19,8,11,3,1,2
S01011469,353,329,96,233,24,6,18,5,5,0,5,0,0,0,41,40,2,38,1,0,1,38,34,3,31,4,0,4,83,77,41,36,6,2,4,39,34,7,27,5,2,3,48,45,9,36,3,1,2,85,80,27,53,5,1,4,14,14,7,7,0,0,0
S01011470,499,455,116,339,44,9,35,13,13,3,10,0,0,0,55,54,5,49,1,0,1,39,25,1,24,14,1,13,107,98,39,59,9,4,5,58,49,11,38,9,2,7,58,51,14,37,7,1,6,149,148,42,106,1,0,1,20,17,1,16,3,1,2
S01011471,390,359,95,264,31,10,21,13,13,0,13,0,0,0,48,45,3,42,3,2,1,36,28,1,27,8,1,7,66,61,33,28,5,0,5,34,29,4,25,5,1,4,52,49,8,41,3,1,2,124,120,40,80,4,2,2,17,14,6,8,3,3,0
S01011472,341,317,64,253,24,3,21,8,7,0,7,1,0,1,46,44,2,42,2,0,2,23,16,0,16,7,0,7,76,69,30,39,7,2,5,34,30,4,26,4,1,3,43,42,8,34,1,0,1,99,99,16,83,0,0,0,12,10,4,6,2,0,2
S01011473,218,207,57,150,11,3,8,8,8,4,4,0,0,0,19,17,0,17,2,0,2,14,13,0,13,1,0,1,59,56,20,36,3,2,1,19,17,5,12,2,1,1,27,25,7,18,2,0,2,57,57,18,39,0,0,0,15,14,3,11,1,0,1
S01011474,282,268,69,199,14,1,13,11,11,2,9,0,0,0,31,30,1,29,1,0,1,19,18,1,17,1,0,1,61,59,24,35,2,1,1,33,30,6,24,3,0,3,45,42,13,29,3,0,3,71,69,20,49,2,0,2,11,9,2,7,2,0,2
S01011475,191,182,46,136,9,4,5,4,4,0,4,0,0,0,15,15,1,14,0,0,0,9,9,0,9,0,0,0,41,39,12,27,2,2,0,15,12,4,8,3,1,2,29,28,5,23,1,0,1,64,64,19,45,0,0,0,14,11,5,6,3,1,2
S01011476,273,257,67,190,16,4,12,8,8,2,6,0,0,0,17,17,1,16,0,0,0,18,16,0,16,2,1,1,42,36,20,16,6,1,5,22,20,4,16,2,1,1,58,52,15,37,6,1,5,99,99,23,76,0,0,0,9,9,2,7,0,0,0
S01011477,423,382,108,274,41,7,34,12,12,1,11,0,0,0,30,27,1,26,3,0,3,22,16,0,16,6,1,5,77,66,35,31,11,2,9,30,28,0,28,2,1,1,82,74,21,53,8,0,8,150,143,44,99,7,3,4,20,16,6,10,4,0,4
S01011478,565,499,123,376,66,12,54,10,10,1,9,0,0,0,48,43,4,39,5,2,3,43,29,3,26,14,2,12,101,85,40,45,16,2,14,46,39,4,35,7,2,5,99,88,17,71,11,1,10,193,183,45,138,10,2,8,25,22,9,13,3,1,2
S01011479,405,362,83,279,43,7,36,7,7,1,6,0,0,0,23,21,2,19,2,1,1,29,21,2,19,8,1,7,57,49,24,25,8,1,7,44,39,4,35,5,1,4,69,62,13,49,7,0,7,162,151,30,121,11,2,9,14,12,7,5,2,1,1
S01011480,538,470,105,365,68,24,44,15,13,2,11,2,0,2,45,41,2,39,4,1,3,32,18,0,18,14,4,10,101,88,42,46,13,4,9,21,16,2,14,5,1,4,105,93,13,80,12,5,7,199,190,41,149,9,3,6,20,11,3,8,9,6,3
S01011481,446,404,95,309,42,14,28,16,15,2,13,1,0,1,34,33,2,31,1,0,1,36,28,2,26,8,2,6,84,77,33,44,7,2,5,46,37,7,30,9,3,6,74,69,13,56,5,1,4,139,134,33,101,5,2,3,17,11,3,8,6,4,2
S01011482,368,344,80,264,24,10,14,5,5,0,5,0,0,0,32,32,1,31,0,0,0,36,28,0,28,8,1,7,67,64,26,38,3,2,1,33,28,2,26,5,3,2,63,60,16,44,3,2,1,115,112,33,79,3,1,2,17,15,2,13,2,1,1
S01011483,291,260,64,196,31,6,25,8,8,2,6,0,0,0,17,17,1,16,0,0,0,29,20,0,20,9,2,7,49,45,23,22,4,0,4,23,20,1,19,3,0,3,42,37,7,30,5,2,3,117,109,28,81,8,2,6,6,4,2,2,2,0,2
S01011484,353,332,94,238,21,6,15,10,8,1,7,2,0,2,32,32,3,29,0,0,0,25,20,0,20,5,0,5,80,77,30,47,3,1,2,37,34,4,30,3,1,2,42,40,10,30,2,0,2,108,105,43,62,3,1,2,19,16,3,13,3,3,0
S01011485,340,327,106,221,13,5,8,13,13,2,11,0,0,0,25,24,0,24,1,0,1,20,17,2,15,3,2,1,95,93,37,56,2,0,2,29,27,3,24,2,1,1,45,44,14,30,1,0,1,94,91,38,53,3,2,1,19,18,10,8,1,0,1
S01011486,181,170,48,122,11,5,6,5,5,1,4,0,0,0,19,19,1,18,0,0,0,10,10,0,10,0,0,0,47,42,21,21,5,2,3,28,26,3,23,2,0,2,19,18,6,12,1,0,1,42,42,13,29,0,0,0,11,8,3,5,3,3,0
S01011487,487,451,132,319,36,8,28,8,8,0,8,0,0,0,48,47,3,44,1,0,1,43,35,1,34,8,0,8,112,101,47,54,11,3,8,37,32,2,30,5,1,4,69,67,16,51,2,2,0,136,135,48,87,1,0,1,34,26,15,11,8,2,6
S01011488,239,223,82,141,16,9,7,3,3,2,1,0,0,0,25,24,2,22,1,0,1,22,21,3,18,1,1,0,54,50,28,22,4,2,2,23,21,6,15,2,0,2,30,26,10,16,4,3,1,69,67,25,42,2,2,0,13,11,6,5,2,1,1
S01011489,425,385,99,286,40,10,30,18,18,3,15,0,0,0,47,45,3,42,2,0,2,33,23,1,22,10,0,10,88,81,35,46,7,4,3,28,24,3,21,4,0,4,70,62,21,41,8,3,5,127,123,28,95,4,0,4,14,9,5,4,5,3,2
S01011490,477,443,86,357,34,10,24,11,10,1,9,1,0,1,48,45,4,41,3,0,3,38,30,0,30,8,1,7,83,83,18,65,0,0,0,44,39,5,34,5,0,5,76,65,15,50,11,7,4,149,143,36,107,6,2,4,28,28,7,21,0,0,0
S01011491,210,201,51,150,9,4,5,4,4,1,3,0,0,0,25,23,4,19,2,0,2,10,8,0,8,2,1,1,49,48,22,26,1,0,1,27,25,0,25,2,1,1,28,28,5,23,0,0,0,53,53,15,38,0,0,0,14,12,4,8,2,2,0
S01011492,334,310,73,237,24,11,13,7,5,2,3,2,1,1,60,60,3,57,0,0,0,27,20,2,18,7,1,6,80,78,35,43,2,2,0,45,42,2,40,3,0,3,42,38,9,29,4,4,0,58,56,18,38,2,1,1,15,11,2,9,4,2,2
S01011493,328,301,71,230,27,5,22,6,6,0,6,0,0,0,25,23,2,21,2,0,2,31,24,0,24,7,0,7,50,46,25,21,4,0,4,37,32,1,31,5,1,4,44,43,8,35,1,0,1,130,124,33,91,6,3,3,5,3,2,1,2,1,1
S01011494,338,318,84,234,20,5,15,10,10,2,8,0,0,0,38,37,3,34,1,0,1,23,21,0,21,2,0,2,70,70,29,41,0,0,0,38,31,4,27,7,3,4,50,46,13,33,4,2,2,97,94,32,62,3,0,3,12,9,1,8,3,0,3
S01011495,328,312,86,226,16,4,12,7,7,0,7,0,0,0,29,29,0,29,0,0,0,30,24,1,23,6,0,6,87,83,43,40,4,2,2,20,19,2,17,1,0,1,48,46,17,29,2,0,2,95,93,19,74,2,1,1,12,11,4,7,1,1,0
S01011496,259,246,86,160,13,3,10,4,4,0,4,0,0,0,45,45,8,37,0,0,0,24,19,1,18,5,0,5,49,48,24,24,1,0,1,32,30,6,24,2,1,1,31,29,10,19,2,1,1,61,59,32,27,2,1,1,13,12,5,7,1,0,1
S01011497,358,328,73,255,30,6,24,11,11,2,9,0,0,0,34,34,3,31,0,0,0,38,26,2,24,12,0,12,73,63,23,40,10,3,7,42,38,4,34,4,2,2,43,42,13,29,1,1,0,98,95,23,72,3,0,3,19,19,3,16,0,0,0
S01011498,421,386,109,277,35,8,27,11,11,4,7,0,0,0,44,41,8,33,3,0,3,39,32,0,32,7,0,7,97,93,38,55,4,1,3,48,36,6,30,12,2,10,40,37,7,30,3,1,2,123,119,36,83,4,3,1,19,17,10,7,2,1,1
S01011499,451,413,90,323,38,9,29,10,9,1,8,1,1,0,57,53,2,51,4,0,4,36,27,1,26,9,1,8,109,101,34,67,8,2,6,38,30,7,23,8,2,6,63,60,10,50,3,0,3,119,117,30,87,2,1,1,19,16,5,11,3,2,1
S01011500,259,240,72,168,19,6,13,4,4,0,4,0,0,0,34,34,4,30,0,0,0,20,16,1,15,4,1,3,64,59,27,32,5,0,5,26,24,2,22,2,0,2,36,32,14,18,4,1,3,68,66,24,42,2,2,0,7,5,0,5,2,2,0
S01011501,267,245,78,167,22,3,19,6,6,1,5,0,0,0,33,32,4,28,1,0,1,23,18,1,17,5,0,5,72,69,30,39,3,0,3,32,28,5,23,4,1,3,27,23,7,16,4,1,3,59,58,23,35,1,0,1,15,11,7,4,4,1,3
S01011502,353,328,95,233,25,6,19,9,9,2,7,0,0,0,48,46,6,40,2,1,1,37,31,1,30,6,0,6,88,83,38,45,5,0,5,36,31,2,29,5,1,4,43,41,10,31,2,0,2,83,79,31,48,4,3,1,9,8,5,3,1,1,0
S01011503,284,257,64,193,27,9,18,3,3,1,2,0,0,0,36,34,2,32,2,0,2,29,20,0,20,9,2,7,69,65,22,43,4,3,1,33,28,3,25,5,1,4,35,33,9,24,2,1,1,66,62,20,42,4,1,3,13,12,7,5,1,1,0
S01011504,255,228,61,167,27,7,20,2,2,0,2,0,0,0,21,21,3,18,0,0,0,24,17,1,16,7,0,7,55,50,21,29,5,0,5,44,39,5,34,5,2,3,27,22,5,17,5,4,1,73,71,24,47,2,1,1,9,6,2,4,3,0,3
S01011505,300,281,78,203,19,5,14,6,6,1,5,0,0,0,42,41,4,37,1,0,1,17,14,1,13,3,1,2,83,76,25,51,7,1,6,28,25,3,22,3,1,2,46,43,12,31,3,2,1,69,67,27,40,2,0,2,9,9,5,4,0,0,0
S01011506,220,203,63,140,17,8,9,5,5,1,4,0,0,0,28,26,0,26,2,1,1,21,17,0,17,4,2,2,38,35,18,17,3,1,2,22,20,2,18,2,0,2,28,25,15,10,3,1,2,68,68,24,44,0,0,0,10,7,3,4,3,3,0
S01011507,278,258,70,188,20,6,14,6,5,1,4,1,0,1,31,31,4,27,0,0,0,32,28,3,25,4,1,3,74,71,32,39,3,1,2,19,13,1,12,6,2,4,28,26,7,19,2,1,1,81,78,22,56,3,1,2,7,6,0,6,1,0,1
S01011508,528,496,110,386,32,10,22,8,8,2,6,0,0,0,65,61,2,59,4,0,4,36,31,1,30,5,1,4,113,108,38,70,5,1,4,68,59,12,47,9,3,6,69,66,12,54,3,2,1,136,135,30,105,1,1,0,33,28,13,15,5,2,3
S01011509,320,293,66,227,27,8,19,9,9,1,8,0,0,0,50,45,5,40,5,0,5,25,21,0,21,4,1,3,58,56,16,40,2,0,2,38,33,5,28,5,2,3,43,41,8,33,2,1,1,79,77,28,49,2,2,0,18,11,3,8,7,2,5
S01011510,431,408,103,305,23,7,16,8,8,3,5,0,0,0,67,66,7,59,1,1,0,34,27,2,25,7,2,5,98,98,27,71,0,0,0,45,36,7,29,9,1,8,54,53,18,35,1,0,1,109,106,36,70,3,1,2,16,14,3,11,2,2,0
S01011511,211,198,57,141,13,5,8,4,4,1,3,0,0,0,32,32,3,29,0,0,0,14,9,2,7,5,0,5,54,52,22,30,2,2,0,22,20,5,15,2,1,1,23,20,7,13,3,2,1,53,53,14,39,0,0,0,9,8,3,5,1,0,1
S01011512,310,292,79,213,18,3,15,3,3,1,2,0,0,0,49,48,4,44,1,0,1,23,21,3,18,2,1,1,85,81,32,49,4,1,3,31,27,2,25,4,0,4,37,37,14,23,0,0,0,72,69,21,48,3,0,3,10,6,2,4,4,1,3
S01011513,305,292,92,200,13,2,11,7,7,0,7,0,0,0,41,41,5,36,0,0,0,22,21,3,18,1,0,1,75,73,36,37,2,0,2,38,32,9,23,6,0,6,30,28,8,20,2,1,1,72,71,25,46,1,1,0,20,19,6,13,1,0,1
S01011514,396,369,121,248,27,12,15,11,11,2,9,0,0,0,49,49,10,39,0,0,0,34,27,0,27,7,1,6,109,103,42,61,6,3,3,47,39,4,35,8,3,5,52,49,21,28,3,2,1,78,77,33,44,1,1,0,16,14,9,5,2,2,0
S01011515,312,287,69,218,25,8,17,6,6,0,6,0,0,0,37,36,5,31,1,0,1,24,16,0,16,8,3,5,74,70,28,42,4,0,4,36,31,2,29,5,3,2,43,41,6,35,2,1,1,74,73,21,52,1,0,1,18,14,7,7,4,1,3
S01011516,532,481,98,383,51,14,37,15,15,1,14,0,0,0,59,55,7,48,4,0,4,39,26,1,25,13,2,11,110,101,31,70,9,2,7,49,42,6,36,7,2,5,75,67,18,49,8,2,6,162,157,31,126,5,3,2,23,18,3,15,5,3,2
S01011517,259,238,69,169,21,6,15,5,5,1,4,0,0,0,33,33,3,30,0,0,0,15,8,1,7,7,2,5,58,55,18,37,3,0,3,31,25,7,18,6,1,5,28,28,7,21,0,0,0,71,69,27,42,2,1,1,18,15,5,10,3,2,1
S01011518,242,217,57,160,25,4,21,3,3,0,3,0,0,0,35,35,2,33,0,0,0,35,23,0,23,12,2,10,47,47,22,25,0,0,0,27,22,4,18,5,1,4,22,19,3,16,3,0,3,58,56,20,36,2,1,1,15,12,6,6,3,0,3
S01011519,347,332,91,241,15,7,8,11,11,0,11,0,0,0,56,54,10,44,2,0,2,24,18,2,16,6,2,4,88,87,33,54,1,1,0,43,40,6,34,3,2,1,28,27,11,16,1,1,0,76,75,22,53,1,0,1,21,20,7,13,1,1,0
S01011520,218,206,75,131,12,5,7,4,3,0,3,1,1,0,29,29,1,28,0,0,0,16,12,2,10,4,2,2,73,70,35,35,3,0,3,24,23,8,15,1,0,1,26,25,9,16,1,1,0,35,35,15,20,0,0,0,11,9,5,4,2,1,1
S01011521,386,363,96,267,23,7,16,20,19,6,13,1,0,1,55,55,4,51,0,0,0,25,22,1,21,3,2,1,82,77,29,48,5,1,4,31,25,6,19,6,1,5,58,54,15,39,4,1,3,95,94,30,64,1,1,0,20,17,5,12,3,1,2
S01011522,403,378,101,277,25,3,22,9,8,1,7,1,0,1,43,43,3,40,0,0,0,36,35,2,33,1,0,1,109,104,46,58,5,1,4,37,25,3,22,12,2,10,49,47,11,36,2,0,2,105,104,30,74,1,0,1,15,12,5,7,3,0,3
S01011523,368,339,86,253,29,7,22,11,11,3,8,0,0,0,54,52,2,50,2,0,2,42,33,1,32,9,0,9,82,76,35,41,6,1,5,37,30,6,24,7,5,2,55,51,10,41,4,1,3,72,71,20,51,1,0,1,15,15,9,6,0,0,0
S01011524,529,483,118,365,46,13,33,13,13,3,10,0,0,0,67,66,3,63,1,0,1,50,38,4,34,12,4,8,110,100,34,66,10,2,8,67,60,6,54,7,0,7,79,72,17,55,7,2,5,122,116,42,74,6,5,1,21,18,9,9,3,0,3
S01011525,483,442,123,319,41,13,28,14,14,2,12,0,0,0,57,56,8,48,1,0,1,52,41,2,39,11,0,11,96,88,39,49,8,2,6,58,50,9,41,8,5,3,54,49,8,41,5,4,1,133,130,46,84,3,2,1,19,14,9,5,5,0,5
S01011526,489,457,116,341,32,6,26,8,8,1,7,0,0,0,64,63,5,58,1,0,1,52,42,2,40,10,1,9,110,107,39,68,3,1,2,53,47,6,41,6,0,6,67,62,14,48,5,2,3,117,111,37,74,6,2,4,18,17,12,5,1,0,1
S01011527,337,301,65,236,36,8,28,10,9,0,9,1,0,1,45,45,4,41,0,0,0,30,24,2,22,6,0,6,76,61,31,30,15,2,13,31,28,2,26,3,1,2,59,55,9,46,4,2,2,73,71,16,55,2,1,1,13,8,1,7,5,2,3
S01011528,415,390,111,279,25,9,16,10,10,1,9,0,0,0,55,53,8,45,2,1,1,42,38,2,36,4,0,4,91,87,37,50,4,2,2,35,30,4,26,5,1,4,66,63,16,47,3,2,1,99,97,38,59,2,1,1,17,12,5,7,5,2,3
S01011529,196,181,56,125,15,6,9,3,3,0,3,0,0,0,28,27,5,22,1,0,1,10,7,0,7,3,1,2,59,55,22,33,4,2,2,14,12,2,10,2,1,1,21,20,7,13,1,0,1,53,52,17,35,1,1,0,8,5,3,2,3,1,2
S01011530,435,410,94,316,25,8,17,11,11,1,10,0,0,0,63,61,4,57,2,1,1,36,30,0,30,6,0,6,97,95,36,59,2,2,0,56,51,8,43,5,0,5,64,60,15,45,4,1,3,91,86,23,63,5,3,2,17,16,7,9,1,1,0
S01011531,573,505,106,399,68,18,50,16,16,1,15,0,0,0,52,47,1,46,5,1,4,53,40,1,39,13,2,11,110,92,33,59,18,4,14,51,40,7,33,11,2,9,89,80,8,72,9,4,5,176,169,42,127,7,3,4,26,21,13,8,5,2,3
S01011532,352,299,76,223,53,10,43,8,7,2,5,1,1,0,36,32,4,28,4,1,3,50,34,3,31,16,2,14,59,52,24,28,7,1,6,39,32,7,25,7,0,7,51,43,12,31,8,2,6,94,88,19,69,6,1,5,15,11,5,6,4,2,2
S01011533,239,218,61,157,21,6,15,7,5,0,5,2,0,2,35,35,2,33,0,0,0,21,17,2,15,4,0,4,62,59,30,29,3,1,2,27,26,3,23,1,0,1,31,25,5,20,6,3,3,45,43,15,28,2,1,1,11,8,4,4,3,1,2
S01011534,336,306,81,225,30,10,20,12,12,2,10,0,0,0,32,31,7,24,1,0,1,26,21,1,20,5,1,4,72,67,23,44,5,2,3,41,29,4,25,12,1,11,48,44,9,35,4,3,1,91,89,33,56,2,2,0,14,13,2,11,1,1,0
S01011535,284,260,68,192,24,5,19,13,13,0,13,0,0,0,43,41,5,36,2,1,1,23,18,1,17,5,1,4,57,55,19,36,2,1,1,31,22,7,15,9,0,9,37,33,11,22,4,0,4,63,63,19,44,0,0,0,17,15,6,9,2,2,0
S01011536,397,350,83,267,47,13,34,17,16,1,15,1,0,1,21,19,3,16,2,1,1,27,20,0,20,7,0,7,70,61,26,35,9,1,8,30,20,3,17,10,5,5,65,57,11,46,8,1,7,151,143,37,106,8,4,4,16,14,2,12,2,1,1
S01011537,338,317,50,267,21,3,18,18,18,2,16,0,0,0,35,34,2,32,1,0,1,31,25,0,25,6,0,6,42,40,13,27,2,1,1,38,33,3,30,5,1,4,62,59,10,49,3,0,3,94,92,18,74,2,0,2,18,16,2,14,2,1,1
S01011538,367,336,78,258,31,2,29,8,8,2,6,0,0,0,44,41,4,37,3,1,2,25,19,0,19,6,0,6,70,63,29,34,7,1,6,26,24,2,22,2,0,2,63,54,9,45,9,0,9,123,119,29,90,4,0,4,8,8,3,5,0,0,0
S01011539,309,285,78,207,24,4,20,13,13,3,10,0,0,0,49,49,4,45,0,0,0,22,19,1,18,3,1,2,75,73,25,48,2,0,2,27,17,5,12,10,0,10,48,44,11,33,4,1,3,64,60,25,35,4,2,2,11,10,4,6,1,0,1
S01011540,517,470,122,348,47,16,31,11,10,2,8,1,0,1,68,68,8,60,0,0,0,44,36,2,34,8,0,8,130,123,51,72,7,4,3,58,45,10,35,13,4,9,68,62,12,50,6,2,4,121,113,31,82,8,4,4,17,13,6,7,4,2,2
S01011541,407,371,130,241,36,7,29,15,15,5,10,0,0,0,71,69,14,55,2,0,2,31,21,1,20,10,0,10,110,106,56,50,4,2,2,56,43,9,34,13,3,10,45,42,15,27,3,0,3,68,66,26,40,2,2,0,11,9,4,5,2,0,2
S01011542,413,387,101,286,26,7,19,19,18,4,14,1,1,0,61,61,8,53,0,0,0,43,39,3,36,4,1,3,90,83,32,51,7,3,4,51,43,9,34,8,0,8,54,52,9,43,2,1,1,81,78,29,49,3,1,2,14,13,7,6,1,0,1
S01011543,328,308,93,215,20,1,19,15,14,0,14,1,0,1,53,53,8,45,0,0,0,26,21,1,20,5,0,5,74,70,33,37,4,0,4,47,41,10,31,6,0,6,41,40,13,27,1,0,1,63,61,24,37,2,0,2,9,8,4,4,1,1,0
S01011544,283,263,66,197,20,4,16,6,6,1,5,0,0,0,47,47,9,38,0,0,0,28,17,0,17,11,0,11,67,64,22,42,3,1,2,31,27,7,20,4,2,2,38,36,8,28,2,1,1,59,59,17,42,0,0,0,7,7,2,5,0,0,0
S01011545,262,247,72,175,15,6,9,7,7,1,6,0,0,0,48,48,9,39,0,0,0,19,15,1,14,4,2,2,67,64,29,35,3,2,1,31,26,3,23,5,1,4,30,27,9,18,3,1,2,53,53,16,37,0,0,0,7,7,4,3,0,0,0
S01011546,437,376,113,263,61,14,47,21,19,5,14,2,1,1,41,39,4,35,2,1,1,37,23,5,18,14,0,14,94,78,42,36,16,4,12,38,33,6,27,5,0,5,72,62,17,45,10,2,8,114,108,28,80,6,4,2,20,14,6,8,6,2,4
S01011547,335,301,80,221,34,13,21,4,4,1,3,0,0,0,30,29,3,26,1,0,1,27,21,1,20,6,0,6,68,63,24,39,5,1,4,34,26,6,20,8,4,4,66,62,18,44,4,2,2,98,91,23,68,7,6,1,8,5,4,1,3,0,3
S01011548,339,308,79,229,31,4,27,13,11,4,7,2,0,2,34,32,8,24,2,0,2,26,20,3,17,6,1,5,85,79,32,47,6,1,5,40,34,4,30,6,1,5,44,39,9,30,5,1,4,86,82,17,65,4,0,4,11,11,2,9,0,0,0
S01011549,403,368,101,267,35,8,27,12,12,4,8,0,0,0,34,31,6,25,3,0,3,32,24,3,21,8,0,8,93,88,38,50,5,2,3,41,34,4,30,7,0,7,62,56,12,44,6,2,4,114,111,30,81,3,2,1,15,12,4,8,3,2,1
S01011550,381,337,107,230,44,18,26,11,11,1,10,0,0,0,18,14,3,11,4,3,1,29,23,4,19,6,0,6,74,65,34,31,9,3,6,39,31,6,25,8,3,5,68,59,16,43,9,4,5,124,120,37,83,4,2,2,18,14,6,8,4,3,1
S01011551,259,231,60,171,28,2,26,6,6,1,5,0,0,0,17,15,2,13,2,0,2,22,15,1,14,7,0,7,66,62,28,34,4,0,4,29,23,1,22,6,1,5,38,34,8,26,4,1,3,71,68,17,51,3,0,3,10,8,2,6,2,0,2
S01011552,393,355,108,247,38,10,28,15,12,2,10,3,0,3,42,40,8,32,2,1,1,28,24,0,24,4,0,4,75,71,40,31,4,2,2,45,37,3,34,8,0,8,54,44,14,30,10,6,4,114,112,35,77,2,0,2,20,15,6,9,5,1,4
S01011553,475,407,104,303,68,9,59,4,4,0,4,0,0,0,35,30,3,27,5,1,4,57,41,2,39,16,0,16,95,70,38,32,25,2,23,34,30,1,29,4,1,3,70,63,12,51,7,2,5,164,161,46,115,3,0,3,16,8,2,6,8,3,5
S01011554,388,357,105,252,31,6,25,9,9,1,8,0,0,0,37,36,3,33,1,0,1,65,54,2,52,11,1,10,74,71,30,41,3,0,3,36,31,6,25,5,1,4,42,37,9,28,5,3,2,105,103,43,60,2,0,2,20,16,11,5,4,1,3
S01011555,269,254,89,165,15,3,12,16,16,2,14,0,0,0,22,22,3,19,0,0,0,29,24,2,22,5,0,5,77,76,50,26,1,0,1,28,21,2,19,7,2,5,38,38,8,30,0,0,0,52,52,19,33,0,0,0,7,5,3,2,2,1,1
S01011556,212,187,54,133,25,5,20,6,6,1,5,0,0,0,22,22,1,21,0,0,0,20,13,0,13,7,0,7,47,41,20,21,6,2,4,22,19,2,17,3,1,2,32,29,8,21,3,0,3,47,45,16,29,2,0,2,16,12,6,6,4,2,2
S01011557,350,326,88,238,24,6,18,10,10,1,9,0,0,0,44,42,4,38,2,1,1,31,27,2,25,4,0,4,80,77,28,49,3,1,2,34,25,6,19,9,1,8,48,47,11,36,1,1,0,80,78,27,51,2,1,1,23,20,9,11,3,1,2
S01011558,273,249,81,168,24,8,16,6,6,1,5,0,0,0,26,26,1,25,0,0,0,30,22,2,20,8,2,6,66,65,21,44,1,0,1,30,25,8,17,5,2,3,37,36,14,22,1,1,0,56,52,26,26,4,1,3,22,17,8,9,5,2,3
S01011559,252,236,65,171,16,2,14,5,5,1,4,0,0,0,27,26,3,23,1,0,1,35,29,0,29,6,0,6,51,51,19,32,0,0,0,25,19,2,17,6,0,6,37,35,7,28,2,1,1,58,57,28,29,1,1,0,14,14,5,9,0,0,0
S01011560,343,327,83,244,16,5,11,6,6,2,4,0,0,0,38,36,3,33,2,0,2,23,20,1,19,3,1,2,92,90,32,58,2,0,2,40,37,4,33,3,1,2,33,33,5,28,0,0,0,91,91,31,60,0,0,0,20,14,5,9,6,3,3
S01011561,325,312,102,210,13,0,13,20,20,1,19,0,0,0,26,26,4,22,0,0,0,28,23,1,22,5,0,5,75,73,44,29,2,0,2,33,29,9,20,4,0,4,35,34,9,25,1,0,1,84,84,22,62,0,0,0,24,23,12,11,1,0,1
S01011562,263,243,91,152,20,7,13,4,4,1,3,0,0,0,18,18,8,10,0,0,0,39,32,1,31,7,1,6,63,59,36,23,4,0,4,21,18,5,13,3,2,1,39,36,13,23,3,2,1,74,72,24,48,2,1,1,5,4,3,1,1,1,0
S01011563,304,279,104,175,25,6,19,3,3,0,3,0,0,0,25,24,2,22,1,1,0,29,21,1,20,8,1,7,88,84,48,36,4,0,4,27,21,6,15,6,1,5,34,33,8,25,1,0,1,84,82,36,46,2,1,1,14,11,3,8,3,2,1
S01011564,483,445,120,325,38,10,28,14,12,1,11,2,0,2,39,39,2,37,0,0,0,59,43,2,41,16,3,13,101,100,49,51,1,0,1,42,36,4,32,6,0,6,69,64,16,48,5,3,2,137,131,40,91,6,4,2,22,20,6,14,2,0,2
S01011565,467,439,118,321,28,6,22,6,6,3,3,0,0,0,39,39,2,37,0,0,0,59,52,3,49,7,2,5,97,92,35,57,5,0,5,48,36,4,32,12,3,9,64,62,13,49,2,0,2,126,125,47,78,1,0,1,28,27,11,16,1,1,0
S01011566,384,357,101,256,27,10,17,13,13,1,12,0,0,0,42,41,6,35,1,0,1,39,33,3,30,6,2,4,100,95,40,55,5,2,3,39,36,5,31,3,1,2,60,54,17,37,6,2,4,72,72,26,46,0,0,0,19,13,3,10,6,3,3
S01011567,404,370,113,257,34,10,24,12,11,1,10,1,0,1,37,35,3,32,2,1,1,35,25,0,25,10,2,8,112,106,55,51,6,2,4,42,34,9,25,8,3,5,56,52,16,36,4,1,3,95,95,23,72,0,0,0,15,12,6,6,3,1,2
S01011568,403,370,102,268,33,8,25,9,9,0,9,0,0,0,35,35,3,32,0,0,0,40,29,0,29,11,1,10,84,81,33,48,3,2,1,30,23,5,18,7,0,7,56,52,14,38,4,2,2,134,129,44,85,5,1,4,15,12,3,9,3,2,1
S01011569,445,417,101,316,28,9,19,11,10,0,10,1,1,0,54,53,5,48,1,0,1,43,34,3,31,9,3,6,92,91,30,61,1,0,1,28,22,4,18,6,0,6,61,57,11,46,4,2,2,140,137,42,95,3,1,2,16,13,6,7,3,2,1
S01011570,308,290,89,201,18,4,14,4,4,0,4,0,0,0,35,34,4,30,1,0,1,31,26,0,26,5,0,5,73,71,40,31,2,0,2,39,33,5,28,6,1,5,30,28,12,16,2,1,1,88,87,27,60,1,1,0,8,7,1,6,1,1,0
S01011571,280,263,69,194,17,6,11,2,2,0,2,0,0,0,31,31,1,30,0,0,0,28,22,0,22,6,0,6,63,63,26,37,0,0,0,31,24,5,19,7,4,3,41,39,6,33,2,1,1,69,69,26,43,0,0,0,15,13,5,8,2,1,1
S01011572,273,247,52,195,26,10,16,11,11,2,9,0,0,0,42,41,1,40,1,0,1,25,16,1,15,9,2,7,44,43,14,29,1,0,1,24,19,4,15,5,1,4,45,39,7,32,6,5,1,63,63,15,48,0,0,0,19,15,8,7,4,2,2
S01011573,557,500,121,379,57,13,44,12,11,0,11,1,0,1,44,43,4,39,1,0,1,59,42,3,39,17,0,17,101,94,35,59,7,1,6,62,52,7,45,10,2,8,89,80,20,60,9,2,7,165,163,45,118,2,1,1,25,15,7,8,10,7,3
S01011574,402,362,99,263,40,8,32,8,8,1,7,0,0,0,31,29,2,27,2,0,2,51,40,3,37,11,0,11,83,83,33,50,0,0,0,38,25,5,20,13,1,12,64,57,13,44,7,3,4,113,110,36,74,3,1,2,14,10,6,4,4,3,1
S01011575,216,199,50,149,17,3,14,4,4,0,4,0,0,0,17,17,1,16,0,0,0,18,15,0,15,3,1,2,51,50,18,32,1,0,1,22,17,1,16,5,0,5,35,31,8,23,4,0,4,63,61,20,41,2,1,1,6,4,2,2,2,1,1
S01011576,256,241,83,158,15,6,9,6,6,0,6,0,0,0,34,33,2,31,1,0,1,23,19,0,19,4,1,3,63,61,36,25,2,1,1,18,14,5,9,4,3,1,30,27,13,14,3,1,2,64,63,17,46,1,0,1,18,18,10,8,0,0,0
S01011577,351,321,89,232,30,6,24,13,13,2,11,0,0,0,31,28,2,26,3,1,2,34,27,1,26,7,1,6,71,64,31,33,7,2,5,24,20,1,19,4,0,4,54,48,9,39,6,1,5,109,106,34,72,3,1,2,15,15,9,6,0,0,0
S01011578,380,360,118,242,20,4,16,12,12,2,10,0,0,0,33,33,1,32,0,0,0,39,33,3,30,6,0,6,94,89,48,41,5,1,4,28,23,8,15,5,1,4,60,59,21,38,1,0,1,103,103,32,71,0,0,0,11,8,3,5,3,2,1
S01011579,560,481,130,351,79,15,64,11,9,2,7,2,0,2,37,31,2,29,6,0,6,61,46,5,41,15,0,15,96,78,33,45,18,3,15,31,26,6,20,5,1,4,101,81,18,63,20,5,15,193,185,54,131,8,3,5,30,25,10,15,5,3,2
S01011580,331,301,91,210,30,6,24,15,14,2,12,1,0,1,24,23,4,19,1,0,1,42,37,4,33,5,0,5,74,71,36,35,3,0,3,32,25,7,18,7,1,6,46,41,8,33,5,2,3,85,78,25,53,7,3,4,13,12,5,7,1,0,1
S01011581,287,263,88,175,24,7,17,5,5,1,4,0,0,0,30,29,2,27,1,0,1,16,13,1,12,3,1,2,66,61,23,38,5,2,3,29,24,8,16,5,2,3,42,36,11,25,6,0,6,81,78,32,46,3,1,2,18,17,10,7,1,1,0
S01011582,614,546,135,411,68,22,46,14,12,1,11,2,0,2,51,48,3,45,3,1,2,54,32,3,29,22,6,16,112,99,39,60,13,4,9,40,34,6,28,6,2,4,92,84,13,71,8,4,4,222,215,63,152,7,2,5,29,22,7,15,7,3,4
S01011583,335,316,81,235,19,5,14,9,9,2,7,0,0,0,37,36,6,30,1,0,1,33,28,3,25,5,0,5,56,56,27,29,0,0,0,22,18,2,16,4,1,3,44,41,7,34,3,2,1,118,115,29,86,3,0,3,16,13,5,8,3,2,1
S01011584,324,313,85,228,11,1,10,9,9,2,7,0,0,0,40,40,4,36,0,0,0,40,35,2,33,5,0,5,60,60,27,33,0,0,0,23,20,1,19,3,1,2,46,44,13,31,2,0,2,98,98,33,65,0,0,0,8,7,3,4,1,0,1
S01011585,323,300,86,214,23,8,15,9,9,1,8,0,0,0,38,37,1,36,1,0,1,39,33,0,33,6,0,6,71,68,31,37,3,1,2,29,24,5,19,5,2,3,41,37,14,23,4,4,0,75,73,22,51,2,0,2,21,19,12,7,2,1,1
S01011586,257,246,65,181,11,0,11,3,3,0,3,0,0,0,32,32,1,31,0,0,0,31,30,0,30,1,0,1,46,44,19,25,2,0,2,25,22,8,14,3,0,3,36,33,7,26,3,0,3,72,71,24,47,1,0,1,12,11,6,5,1,0,1
S01011587,248,237,78,159,11,3,8,7,7,0,7,0,0,0,23,23,4,19,0,0,0,22,19,1,18,3,0,3,62,59,26,33,3,2,1,27,23,4,19,4,1,3,30,29,12,17,1,0,1,65,65,27,38,0,0,0,12,12,4,8,0,0,0
S01011588,330,299,80,219,31,10,21,15,15,2,13,0,0,0,39,37,2,35,2,0,2,32,26,1,25,6,1,5,87,83,31,52,4,1,3,38,24,8,16,14,6,8,30,27,9,18,3,1,2,78,77,23,54,1,0,1,11,10,4,6,1,1,0
S01011589,389,363,106,257,26,4,22,7,7,3,4,0,0,0,39,39,2,37,0,0,0,49,41,2,39,8,0,8,88,83,35,48,5,1,4,36,31,4,27,5,1,4,48,45,14,31,3,1,2,108,105,40,65,3,1,2,14,12,6,6,2,0,2
S01011590,296,279,72,207,17,2,15,7,7,0,7,0,0,0,29,28,2,26,1,1,0,39,32,0,32,7,0,7,69,66,32,34,3,1,2,27,22,2,20,5,0,5,31,31,6,25,0,0,0,77,76,24,52,1,0,1,17,17,6,11,0,0,0
S01011591,247,227,52,175,20,6,14,5,5,0,5,0,0,0,27,26,1,25,1,0,1,35,32,1,31,3,0,3,55,52,20,32,3,0,3,38,31,5,26,7,3,4,28,25,5,20,3,2,1,47,46,16,30,1,1,0,12,10,4,6,2,0,2
S01011592,279,260,77,183,19,3,16,8,8,1,7,0,0,0,28,28,6,22,0,0,0,24,20,0,20,4,0,4,81,77,37,40,4,1,3,23,19,6,13,4,0,4,45,40,7,33,5,2,3,61,60,19,41,1,0,1,9,8,1,7,1,0,1
S01011593,339,311,82,229,28,4,24,5,5,0,5,0,0,0,39,38,4,34,1,0,1,27,23,0,23,4,0,4,64,58,27,31,6,1,5,25,18,1,17,7,1,6,53,47,6,41,6,2,4,107,105,40,65,2,0,2,19,17,4,13,2,0,2
S01011594,212,192,53,139,20,5,15,8,6,0,6,2,0,2,16,15,1,14,1,0,1,16,12,0,12,4,1,3,60,56,25,31,4,1,3,18,14,2,12,4,0,4,23,22,2,20,1,1,0,67,65,22,43,2,2,0,4,2,1,1,2,0,2
S01011595,344,300,52,248,44,10,34,10,10,0,10,0,0,0,17,16,0,16,1,0,1,43,27,2,25,16,2,14,48,43,12,31,5,0,5,24,22,4,18,2,0,2,69,57,5,52,12,5,7,115,110,25,85,5,3,2,18,15,4,11,3,0,3
S01011596,514,478,112,366,36,7,29,10,10,2,8,0,0,0,40,39,2,37,1,0,1,46,35,1,34,11,1,10,98,95,39,56,3,1,2,45,42,5,37,3,1,2,82,72,7,65,10,1,9,152,148,42,106,4,2,2,41,37,14,23,4,1,3
S01011597,323,300,67,233,23,7,16,5,5,1,4,0,0,0,26,25,0,25,1,0,1,19,15,1,14,4,1,3,54,49,20,29,5,0,5,29,25,1,24,4,1,3,64,61,11,50,3,1,2,110,108,29,79,2,0,2,16,12,4,8,4,4,0
S01011598,265,244,71,173,21,5,16,3,3,0,3,0,0,0,36,35,4,31,1,1,0,22,19,0,19,3,0,3,82,79,31,48,3,0,3,23,18,4,14,5,1,4,35,33,13,20,2,0,2,51,49,18,31,2,1,1,13,8,1,7,5,2,3
S01011599,360,340,88,252,20,3,17,8,8,0,8,0,0,0,34,33,1,32,1,1,0,36,32,3,29,4,0,4,79,76,33,43,3,1,2,40,34,8,26,6,0,6,50,47,13,34,3,0,3,100,97,25,72,3,1,2,13,13,5,8,0,0,0
S01011600,334,311,63,248,23,4,19,8,8,0,8,0,0,0,31,31,2,29,0,0,0,37,29,0,29,8,1,7,66,65,27,38,1,0,1,39,31,5,26,8,1,7,39,38,7,31,1,0,1,92,89,16,73,3,1,2,22,20,6,14,2,1,1
S01011601,494,453,135,318,41,4,37,21,20,0,20,1,1,0,38,36,5,31,2,0,2,44,31,1,30,13,1,12,101,91,44,47,10,1,9,41,38,11,27,3,0,3,66,62,19,43,4,0,4,160,154,46,108,6,0,6,23,21,9,12,2,1,1
S01011602,263,242,56,186,21,2,19,4,4,0,4,0,0,0,47,45,1,44,2,0,2,27,22,0,22,5,0,5,49,43,19,24,6,1,5,23,21,4,17,2,0,2,26,23,6,17,3,1,2,77,76,22,54,1,0,1,10,8,4,4,2,0,2
S01011603,284,263,68,195,21,6,15,5,5,1,4,0,0,0,28,27,2,25,1,0,1,20,14,1,13,6,2,4,67,65,25,40,2,0,2,35,28,4,24,7,2,5,37,35,12,23,2,0,2,78,76,15,61,2,1,1,14,13,8,5,1,1,0
S01011604,263,246,82,164,17,9,8,6,6,1,5,0,0,0,27,26,3,23,1,0,1,38,32,0,32,6,3,3,56,53,28,25,3,2,1,26,22,5,17,4,2,2,34,33,10,23,1,1,0,63,62,28,34,1,1,0,13,12,7,5,1,0,1
S01011605,373,333,94,239,40,10,30,8,8,1,7,0,0,0,43,40,1,39,3,1,2,42,29,0,29,13,1,12,98,93,47,46,5,1,4,29,20,5,15,9,3,6,46,40,10,30,6,2,4,93,92,25,67,1,1,0,14,11,5,6,3,1,2
S01011606,602,558,133,425,44,10,34,15,15,1,14,0,0,0,58,55,6,49,3,2,1,70,58,5,53,12,2,10,117,108,47,61,9,2,7,53,45,6,39,8,0,8,98,94,20,74,4,1,3,168,166,41,125,2,1,1,23,17,7,10,6,2,4
S01011607,336,307,65,242,29,8,21,7,7,0,7,0,0,0,39,36,1,35,3,0,3,40,33,1,32,7,1,6,63,57,25,32,6,1,5,32,27,2,25,5,0,5,51,49,6,43,2,1,1,92,89,25,64,3,3,0,12,9,5,4,3,2,1
S01011608,567,507,117,390,60,10,50,17,16,2,14,1,0,1,51,45,6,39,6,1,5,62,44,2,42,18,2,16,119,106,37,69,13,2,11,45,37,9,28,8,0,8,81,80,16,64,1,0,1,170,162,40,122,8,4,4,22,17,5,12,5,1,4
S01011609,356,330,109,221,26,7,19,7,7,0,7,0,0,0,35,34,4,30,1,0,1,43,35,6,29,8,0,8,102,97,37,60,5,3,2,36,30,6,24,6,0,6,53,51,20,31,2,0,2,64,63,32,31,1,1,0,16,13,4,9,3,3,0
S01011610,340,319,103,216,21,8,13,8,8,0,8,0,0,0,33,32,5,27,1,1,0,34,30,2,28,4,0,4,89,85,45,40,4,2,2,30,26,3,23,4,1,3,50,48,20,28,2,1,1,84,80,24,56,4,2,2,12,10,4,6,2,1,1
S01011611,357,328,99,229,29,8,21,6,6,0,6,0,0,0,32,32,1,31,0,0,0,34,27,1,26,7,2,5,83,77,38,39,6,1,5,38,29,2,27,9,3,6,46,44,15,29,2,1,1,106,103,37,66,3,1,2,12,10,5,5,2,0,2
S01011612,393,350,66,284,43,8,35,5,5,1,4,0,0,0,23,22,2,20,1,0,1,50,36,2,34,14,2,12,72,64,17,47,8,2,6,34,27,1,26,7,0,7,68,63,16,47,5,0,5,127,122,25,97,5,2,3,14,11,2,9,3,2,1
S01011613,488,426,122,304,62,20,42,10,7,1,6,3,0,3,47,44,4,40,3,1,2,38,30,1,29,8,1,7,91,81,27,54,10,1,9,51,32,10,22,19,4,15,69,60,16,44,9,5,4,163,158,54,104,5,4,1,19,14,9,5,5,4,1
S01011614,238,216,51,165,22,2,20,5,5,0,5,0,0,0,28,27,1,26,1,0,1,25,18,2,16,7,0,7,48,44,17,27,4,1,3,18,14,3,11,4,1,3,35,32,5,27,3,0,3,69,67,19,48,2,0,2,10,9,4,5,1,0,1
S01011615,291,265,68,197,26,8,18,7,7,1,6,0,0,0,35,34,3,31,1,1,0,29,23,0,23,6,1,5,59,58,19,39,1,1,0,25,17,4,13,8,3,5,39,33,8,25,6,1,5,85,81,28,53,4,1,3,12,12,5,7,0,0,0
S01011616,149,135,26,109,14,4,10,5,5,1,4,0,0,0,19,17,1,16,2,0,2,15,11,0,11,4,1,3,25,22,7,15,3,1,2,19,17,1,16,2,0,2,12,12,0,12,0,0,0,51,48,14,34,3,2,1,3,3,2,1,0,0,0
S01011617,365,339,88,251,26,7,19,4,4,0,4,0,0,0,46,44,2,42,2,0,2,31,26,2,24,5,1,4,85,83,32,51,2,0,2,50,45,8,37,5,1,4,47,45,12,33,2,0,2,88,81,25,56,7,3,4,14,11,7,4,3,2,1
S01011618,259,245,68,177,14,2,12,4,4,0,4,0,0,0,29,28,7,21,1,0,1,31,27,0,27,4,0,4,54,51,23,28,3,1,2,33,29,3,26,4,0,4,28,28,5,23,0,0,0,72,70,25,45,2,1,1,8,8,5,3,0,0,0
S01011619,601,562,111,451,39,6,33,15,15,2,13,0,0,0,51,49,3,46,2,0,2,67,57,3,54,10,1,9,109,103,25,78,6,0,6,64,58,9,49,6,1,5,82,76,20,56,6,3,3,196,189,42,147,7,1,6,17,15,7,8,2,0,2
S01011620,664,601,110,491,63,12,51,13,12,0,12,1,0,1,68,68,1,67,0,0,0,61,52,3,49,9,0,9,140,123,36,87,17,3,14,60,49,5,44,11,1,10,92,82,12,70,10,5,5,211,201,46,155,10,3,7,19,14,7,7,5,0,5
S01011621,379,350,88,262,29,5,24,11,11,0,11,0,0,0,41,39,4,35,2,0,2,40,34,3,31,6,0,6,77,73,31,42,4,1,3,40,34,2,32,6,1,5,61,54,13,41,7,2,5,102,99,31,68,3,0,3,7,6,4,2,1,1,0
S01011622,363,308,56,252,55,11,44,7,7,0,7,0,0,0,39,37,2,35,2,0,2,40,29,4,25,11,0,11,66,55,8,47,11,3,8,36,26,2,24,10,0,10,65,54,16,38,11,3,8,100,93,22,71,7,2,5,10,7,2,5,3,3,0
S01011623,298,265,69,196,33,10,23,7,7,0,7,0,0,0,22,21,1,20,1,0,1,38,33,3,30,5,1,4,68,55,22,33,13,4,9,37,32,10,22,5,0,5,37,33,9,24,4,2,2,78,75,21,54,3,1,2,11,9,3,6,2,2,0
S01011624,378,340,76,264,38,8,30,12,12,4,8,0,0,0,37,36,3,33,1,0,1,32,22,1,21,10,2,8,70,64,22,42,6,0,6,38,31,9,22,7,1,6,64,59,10,49,5,2,3,112,107,25,82,5,1,4,13,9,2,7,4,2,2
S01011625,267,250,61,189,17,4,13,9,9,2,7,0,0,0,36,34,2,32,2,0,2,20,14,0,14,6,3,3,51,51,17,34,0,0,0,26,19,1,18,7,0,7,44,44,13,31,0,0,0,72,70,22,48,2,1,1,9,9,4,5,0,0,0
S01011626,484,433,114,319,51,13,38,12,12,2,10,0,0,0,37,36,0,36,1,1,0,44,29,2,27,15,5,10,88,77,32,45,11,1,10,43,33,6,27,10,2,8,88,84,15,69,4,1,3,152,145,48,97,7,2,5,20,17,9,8,3,1,2
S01011627,430,395,93,302,35,12,23,5,5,0,5,0,0,0,47,45,3,42,2,0,2,54,43,1,42,11,2,9,69,61,25,36,8,3,5,38,33,5,28,5,0,5,73,70,21,49,3,3,0,135,132,35,97,3,2,1,9,6,3,3,3,2,1
S01011628,555,506,135,371,49,8,41,16,16,2,14,0,0,0,43,42,0,42,1,0,1,53,35,3,32,18,3,15,113,104,43,61,9,0,9,52,40,8,32,12,1,11,76,73,19,54,3,1,2,177,174,55,119,3,1,2,25,22,5,17,3,2,1
S01011629,250,232,70,162,18,4,14,6,6,1,5,0,0,0,29,28,5,23,1,1,0,21,16,1,15,5,1,4,58,53,25,28,5,1,4,29,26,4,22,3,1,2,41,40,15,25,1,0,1,53,51,14,37,2,0,2,13,12,5,7,1,0,1
S01011630,275,250,75,175,25,7,18,11,9,0,9,2,0,2,25,25,1,24,0,0,0,45,34,0,34,11,0,11,57,52,28,24,5,3,2,24,22,5,17,2,1,1,36,34,14,20,2,0,2,66,65,25,40,1,1,0,11,9,2,7,2,2,0
S01011631,225,212,61,151,13,3,10,5,5,0,5,0,0,0,29,29,2,27,0,0,0,23,20,1,19,3,0,3,77,73,34,39,4,2,2,26,22,1,21,4,0,4,26,26,9,17,0,0,0,33,32,11,21,1,1,0,6,5,3,2,1,0,1
S01011632,333,302,83,219,31,7,24,5,5,0,5,0,0,0,45,44,3,41,1,0,1,34,25,3,22,9,0,9,73,66,24,42,7,1,6,32,28,5,23,4,1,3,37,34,10,24,3,0,3,87,84,32,52,3,3,0,20,16,6,10,4,2,2
S01011633,279,260,71,189,19,9,10,6,6,1,5,0,0,0,24,24,0,24,0,0,0,40,33,1,32,7,2,5,51,50,25,25,1,0,1,26,23,3,20,3,1,2,50,47,15,32,3,2,1,70,68,24,44,2,2,0,12,9,2,7,3,2,1
S01011634,212,201,56,145,11,2,9,3,3,0,3,0,0,0,26,26,1,25,0,0,0,21,19,1,18,2,0,2,53,50,23,27,3,1,2,21,18,1,17,3,0,3,34,34,9,25,0,0,0,51,48,19,29,3,1,2,3,3,2,1,0,0,0
S01011635,282,263,73,190,19,3,16,4,4,0,4,0,0,0,43,42,3,39,1,0,1,33,25,2,23,8,0,8,62,60,20,40,2,0,2,26,20,3,17,6,2,4,33,32,9,23,1,0,1,70,70,30,40,0,0,0,11,10,6,4,1,1,0
S01011636,279,261,75,186,18,5,13,10,10,0,10,0,0,0,31,31,2,29,0,0,0,31,26,0,26,5,0,5,68,65,30,35,3,0,3,23,18,3,15,5,2,3,40,37,11,26,3,3,0,62,62,23,39,0,0,0,14,12,6,6,2,0,2
S01011637,291,267,70,197,24,8,16,5,5,0,5,0,0,0,29,29,1,28,0,0,0,37,32,3,29,5,1,4,71,65,26,39,6,2,4,22,16,2,14,6,2,4,35,33,7,26,2,1,1,78,77,27,50,1,0,1,14,10,4,6,4,2,2
S01011638,223,208,50,158,15,2,13,1,1,1,0,0,0,0,27,26,3,23,1,0,1,13,11,2,9,2,0,2,38,35,15,20,3,1,2,29,27,3,24,2,0,2,35,31,5,26,4,0,4,72,69,18,51,3,1,2,8,8,3,5,0,0,0
S01011639,227,221,68,153,6,3,3,9,9,0,9,0,0,0,17,17,1,16,0,0,0,25,22,0,22,3,1,2,48,48,23,25,0,0,0,16,15,2,13,1,0,1,42,42,13,29,0,0,0,64,63,29,34,1,1,0,6,5,0,5,1,1,0
S01011640,288,272,74,198,16,4,12,10,10,0,10,0,0,0,25,25,2,23,0,0,0,29,27,1,26,2,1,1,84,78,28,50,6,1,5,28,23,2,21,5,1,4,32,30,9,21,2,1,1,72,71,28,43,1,0,1,8,8,4,4,0,0,0
S01011641,249,224,68,156,25,6,19,5,4,1,3,1,0,1,18,17,1,16,1,1,0,22,19,2,17,3,0,3,38,31,18,13,7,3,4,28,21,2,19,7,1,6,39,36,11,25,3,0,3,84,81,31,50,3,1,2,15,15,2,13,0,0,0
S01011642,402,361,100,261,41,8,33,6,6,0,6,0,0,0,41,39,4,35,2,1,1,43,30,0,30,13,1,12,80,71,30,41,9,2,7,23,20,3,17,3,1,2,71,65,15,50,6,2,4,126,121,41,80,5,1,4,12,9,7,2,3,0,3
S01011643,307,265,73,192,42,10,32,7,7,1,6,0,0,0,36,34,0,34,2,0,2,26,17,1,16,9,0,9,44,36,18,18,8,0,8,30,22,3,19,8,2,6,47,44,5,39,3,3,0,102,94,41,53,8,2,6,15,11,4,7,4,3,1
S01011644,319,288,70,218,31,7,24,4,4,0,4,0,0,0,33,31,1,30,2,0,2,25,20,2,18,5,0,5,61,54,23,31,7,1,6,24,22,4,18,2,0,2,47,44,9,35,3,0,3,109,103,29,74,6,3,3,16,10,2,8,6,3,3
S01011645,228,206,63,143,22,9,13,5,5,0,5,0,0,0,11,11,1,10,0,0,0,20,14,1,13,6,1,5,35,31,14,17,4,2,2,30,23,7,16,7,3,4,23,21,5,16,2,2,0,95,93,31,62,2,0,2,9,8,4,4,1,1,0
S01011646,352,317,86,231,35,9,26,3,3,0,3,0,0,0,28,27,1,26,1,0,1,31,27,1,26,4,1,3,69,62,25,37,7,1,6,31,24,5,19,7,2,5,58,48,13,35,10,2,8,122,117,37,80,5,2,3,10,9,4,5,1,1,0
S01011647,496,464,105,359,32,4,28,8,8,1,7,0,0,0,41,38,3,35,3,0,3,42,31,4,27,11,3,8,76,73,33,40,3,0,3,44,39,2,37,5,0,5,75,75,15,60,0,0,0,187,184,38,146,3,1,2,23,16,9,7,7,0,7
S01011648,365,334,63,271,31,6,25,7,7,2,5,0,0,0,34,34,0,34,0,0,0,30,20,0,20,10,0,10,67,59,18,41,8,3,5,41,37,3,34,4,1,3,52,48,6,42,4,1,3,124,120,33,87,4,1,3,10,9,1,8,1,0,1
S01011649,237,222,45,177,15,5,10,5,5,1,4,0,0,0,17,17,0,17,0,0,0,26,21,0,21,5,0,5,51,48,13,35,3,1,2,28,24,3,21,4,2,2,33,33,6,27,0,0,0,67,66,18,48,1,1,0,10,8,4,4,2,1,1
S01011650,331,292,60,232,39,8,31,4,2,1,1,2,0,2,22,22,1,21,0,0,0,26,18,1,17,8,1,7,61,57,19,38,4,0,4,25,19,2,17,6,3,3,61,51,7,44,10,0,10,111,109,26,83,2,0,2,21,14,3,11,7,4,3
S01011651,442,409,93,316,33,9,24,5,5,0,5,0,0,0,52,48,2,46,4,0,4,40,36,0,36,4,0,4,88,80,30,50,8,2,6,25,21,5,16,4,1,3,72,68,13,55,4,0,4,140,136,39,97,4,3,1,20,15,4,11,5,3,2
S01011652,419,385,96,289,34,10,24,7,7,0,7,0,0,0,36,33,0,33,3,1,2,42,32,2,30,10,2,8,86,83,42,41,3,2,1,32,26,5,21,6,2,4,53,46,9,37,7,2,5,146,143,32,111,3,1,2,17,15,6,9,2,0,2
S01011653,373,345,99,246,28,6,22,10,8,0,8,2,0,2,44,42,6,36,2,1,1,41,33,3,30,8,1,7,73,71,36,35,2,0,2,37,33,5,28,4,1,3,54,50,15,35,4,1,3,104,99,33,66,5,2,3,10,9,1,8,1,0,1
S01011654,401,349,73,276,52,8,44,4,4,0,4,0,0,0,39,36,3,33,3,0,3,39,32,4,28,7,0,7,72,61,21,40,11,0,11,32,20,4,16,12,3,9,65,58,7,51,7,2,5,134,123,28,95,11,2,9,16,15,6,9,1,1,0
S01011655,341,317,93,224,24,7,17,8,8,0,8,0,0,0,36,34,2,32,2,0,2,44,40,1,39,4,0,4,74,72,33,39,2,1,1,40,27,7,20,13,4,9,45,44,12,32,1,1,0,88,87,36,51,1,1,0,6,5,2,3,1,0,1
S01011656,232,220,70,150,12,6,6,6,6,0,6,0,0,0,20,19,4,15,1,1,0,26,22,1,21,4,0,4,56,54,26,28,2,2,0,18,14,5,9,4,2,2,33,33,9,24,0,0,0,64,63,20,43,1,1,0,9,9,5,4,0,0,0
S01011657,204,188,53,135,16,4,12,5,5,0,5,0,0,0,16,16,1,15,0,0,0,19,15,0,15,4,0,4,40,36,19,17,4,1,3,21,15,2,13,6,1,5,29,29,8,21,0,0,0,69,68,22,46,1,1,0,5,4,1,3,1,1,0
S01011658,297,263,64,199,34,8,26,11,11,2,9,0,0,0,33,29,3,26,4,1,3,44,35,1,34,9,1,8,62,59,21,38,3,0,3,33,22,5,17,11,1,10,38,35,11,24,3,1,2,66,66,19,47,0,0,0,10,6,2,4,4,4,0
S01011659,321,294,82,212,27,12,15,11,9,0,9,2,0,2,34,33,1,32,1,0,1,37,29,1,28,8,1,7,67,62,27,35,5,2,3,25,24,2,22,1,1,0,51,44,18,26,7,6,1,85,84,31,53,1,1,0,11,9,2,7,2,1,1
S01011660,483,442,126,316,41,7,34,12,12,4,8,0,0,0,52,49,1,48,3,1,2,47,40,3,37,7,0,7,98,90,37,53,8,3,5,39,28,3,25,11,1,10,78,72,20,52,6,1,5,140,137,51,86,3,1,2,17,14,7,7,3,0,3
S01011661,237,210,57,153,27,5,22,5,4,0,4,1,0,1,16,16,1,15,0,0,0,36,29,1,28,7,0,7,44,42,15,27,2,0,2,37,22,6,16,15,4,11,32,31,7,24,1,0,1,58,58,23,35,0,0,0,9,8,4,4,1,1,0
S01011662,367,332,87,245,35,3,32,7,7,0,7,0,0,0,33,31,3,28,2,0,2,50,37,4,33,13,1,12,59,55,21,34,4,1,3,22,16,2,14,6,0,6,63,60,12,48,3,1,2,124,119,43,76,5,0,5,9,7,2,5,2,0,2
S01011663,405,379,118,261,26,6,20,10,9,0,9,1,0,1,46,46,7,39,0,0,0,41,31,6,25,10,1,9,102,94,38,56,8,2,6,36,33,7,26,3,0,3,57,56,11,45,1,1,0,102,101,44,57,1,1,0,11,9,5,4,2,1,1
S01011664,375,344,89,255,31,5,26,16,16,1,15,0,0,0,40,40,3,37,0,0,0,57,43,3,40,14,0,14,63,59,22,37,4,1,3,24,17,5,12,7,1,6,53,51,16,35,2,2,0,110,108,35,73,2,1,1,12,10,4,6,2,0,2
S01011665,354,334,86,248,20,8,12,9,8,1,7,1,0,1,41,40,2,38,1,0,1,36,33,0,33,3,0,3,63,58,28,30,5,2,3,27,22,6,16,5,1,4,55,52,8,44,3,3,0,111,110,37,73,1,1,0,12,11,4,7,1,1,0
S01011666,313,296,83,213,17,5,12,7,7,2,5,0,0,0,31,31,1,30,0,0,0,20,15,1,14,5,0,5,80,72,28,44,8,3,5,25,25,4,21,0,0,0,55,53,17,36,2,1,1,82,81,24,57,1,0,1,13,12,6,6,1,1,0
S01011667,326,288,72,216,38,10,28,8,6,0,6,2,0,2,25,24,1,23,1,1,0,30,23,3,20,7,0,7,67,62,19,43,5,2,3,39,31,6,25,8,3,5,58,53,15,38,5,2,3,84,79,24,55,5,2,3,15,10,4,6,5,0,5
S01011668,406,392,126,266,14,4,10,10,9,1,8,1,0,1,41,41,4,37,0,0,0,64,61,6,55,3,1,2,87,83,41,42,4,0,4,39,37,6,31,2,1,1,53,52,16,36,1,0,1,93,92,41,51,1,1,0,19,17,11,6,2,1,1
S01011669,285,243,79,164,42,9,33,3,3,0,3,0,0,0,18,15,3,12,3,0,3,25,17,1,16,8,1,7,63,55,26,29,8,0,8,28,24,4,20,4,2,2,42,28,11,17,14,5,9,93,90,27,63,3,0,3,13,11,7,4,2,1,1
S01011670,239,221,68,153,18,4,14,2,2,0,2,0,0,0,30,30,4,26,0,0,0,28,22,1,21,6,1,5,54,50,26,24,4,1,3,28,24,5,19,4,0,4,33,33,10,23,0,0,0,58,55,20,35,3,1,2,6,5,2,3,1,1,0
S01011671,305,268,62,206,37,11,26,3,2,0,2,1,0,1,27,25,0,25,2,2,0,32,22,2,20,10,1,9,53,50,17,33,3,0,3,30,26,0,26,4,3,1,47,40,8,32,7,1,6,84,78,21,57,6,4,2,29,25,14,11,4,0,4
S01011672,235,216,59,157,19,2,17,5,5,0,5,0,0,0,32,30,2,28,2,0,2,21,14,1,13,7,1,6,53,51,25,26,2,1,1,21,17,4,13,4,0,4,25,23,6,17,2,0,2,67,66,16,50,1,0,1,11,10,5,5,1,0,1
S01011673,298,271,96,175,27,11,16,4,4,0,4,0,0,0,33,32,6,26,1,1,0,37,30,1,29,7,0,7,65,59,26,33,6,3,3,30,23,8,15,7,3,4,47,43,12,31,4,4,0,76,74,38,36,2,0,2,6,6,5,1,0,0,0
S01011674,496,472,100,372,24,5,19,11,10,0,10,1,0,1,49,49,2,47,0,0,0,58,50,2,48,8,0,8,95,91,28,63,4,1,3,38,34,7,27,4,1,3,76,75,17,58,1,0,1,156,152,40,112,4,1,3,13,11,4,7,2,2,0
S01011675,389,358,93,265,31,5,26,13,13,2,11,0,0,0,36,34,1,33,2,0,2,44,37,1,36,7,1,6,84,82,32,50,2,0,2,45,38,5,33,7,0,7,50,46,14,32,4,2,2,104,98,34,64,6,2,4,13,10,4,6,3,0,3
S01011676,271,255,72,183,16,8,8,9,9,2,7,0,0,0,25,24,4,20,1,1,0,47,44,0,44,3,1,2,53,52,20,32,1,0,1,24,20,4,16,4,2,2,27,23,8,15,4,2,2,77,75,30,45,2,1,1,9,8,4,4,1,1,0
S01011677,306,275,63,212,31,11,20,11,11,1,10,0,0,0,39,36,3,33,3,0,3,24,16,0,16,8,2,6,63,57,19,38,6,1,5,34,28,7,21,6,4,2,34,30,9,21,4,3,1,94,92,22,70,2,1,1,7,5,2,3,2,0,2
S01011678,168,148,52,96,20,6,14,4,3,1,2,1,0,1,18,18,5,13,0,0,0,27,22,2,20,5,1,4,41,34,20,14,7,3,4,11,6,2,4,5,1,4,19,19,5,14,0,0,0,42,40,17,23,2,1,1,6,6,0,6,0,0,0
S01011679,324,300,65,235,24,6,18,11,11,0,11,0,0,0,28,27,4,23,1,0,1,38,32,0,32,6,0,6,61,57,16,41,4,0,4,24,22,4,18,2,0,2,52,45,9,36,7,4,3,97,94,29,65,3,2,1,13,12,3,9,1,0,1
S01011680,413,377,92,285,36,11,25,10,10,0,10,0,0,0,40,39,5,34,1,1,0,72,62,2,60,10,4,6,72,64,28,36,8,2,6,41,35,6,29,6,0,6,52,50,6,44,2,1,1,115,108,42,66,7,2,5,11,9,3,6,2,1,1
S01011681,392,360,86,274,32,4,28,12,8,1,7,4,0,4,48,48,3,45,0,0,0,50,43,2,41,7,0,7,69,64,28,36,5,1,4,39,28,3,25,11,0,11,52,51,16,35,1,1,0,114,112,31,81,2,1,1,8,6,2,4,2,1,1
S01011682,223,165,34,131,58,13,45,27,13,0,13,14,3,11,16,14,0,14,2,0,2,32,16,2,14,16,4,12,32,25,5,20,7,2,5,21,13,3,10,8,0,8,26,25,4,21,1,0,1,60,55,18,37,5,1,4,9,4,2,2,5,3,2
S01011683,356,301,79,222,55,8,47,20,13,3,10,7,3,4,25,23,1,22,2,0,2,70,48,1,47,22,2,20,73,64,29,35,9,1,8,24,24,2,22,0,0,0,41,35,9,26,6,0,6,85,83,29,54,2,0,2,18,11,5,6,7,2,5
S01011684,241,212,61,151,29,3,26,10,10,1,9,0,0,0,21,20,2,18,1,0,1,54,43,7,36,11,0,11,45,42,22,20,3,1,2,18,16,2,14,2,0,2,30,22,5,17,8,2,6,58,56,20,36,2,0,2,5,3,2,1,2,0,2
S01011685,471,409,98,311,62,14,48,16,11,2,9,5,0,5,42,41,4,37,1,0,1,49,35,2,33,14,0,14,98,88,41,47,10,1,9,30,23,3,20,7,1,6,74,60,8,52,14,7,7,140,133,28,105,7,2,5,22,18,10,8,4,3,1
S01011686,472,418,95,323,54,11,43,11,11,0,11,0,0,0,51,49,3,46,2,1,1,50,38,1,37,12,2,10,85,72,31,41,13,1,12,48,39,6,33,9,2,7,69,58,14,44,11,3,8,148,143,38,105,5,1,4,10,8,2,6,2,1,1
S01011687,382,353,83,270,29,6,23,16,15,2,13,1,0,1,38,37,3,34,1,0,1,56,45,0,45,11,0,11,72,70,27,43,2,1,1,39,35,8,27,4,1,3,49,44,7,37,5,1,4,94,92,29,63,2,0,2,18,15,7,8,3,3,0
S01011688,425,352,86,266,73,12,61,16,8,0,8,8,0,8,38,36,3,33,2,1,1,65,54,6,48,11,2,9,89,71,31,40,18,5,13,31,22,2,20,9,3,6,57,45,16,29,12,0,12,112,105,27,78,7,1,6,17,11,1,10,6,0,6
S01011689,374,317,76,241,57,15,42,17,9,1,8,8,2,6,32,28,3,25,4,1,3,41,31,1,30,10,1,9,79,68,28,40,11,4,7,31,24,1,23,7,2,5,58,49,8,41,9,0,9,100,96,29,67,4,2,2,16,12,5,7,4,3,1
S01011690,523,452,101,351,71,14,57,20,17,4,13,3,0,3,37,37,4,33,0,0,0,65,49,3,46,16,2,14,91,75,25,50,16,1,15,50,32,4,28,18,2,16,88,81,20,61,7,2,5,158,149,35,114,9,7,2,14,12,6,6,2,0,2
S01011691,315,287,74,213,28,5,23,9,9,2,7,0,0,0,20,20,0,20,0,0,0,45,36,2,34,9,1,8,55,53,16,37,2,1,1,37,31,5,26,6,1,5,47,43,9,34,4,0,4,86,83,35,48,3,1,2,16,12,5,7,4,1,3
S01011692,442,417,110,307,25,6,19,11,11,0,11,0,0,0,41,41,2,39,0,0,0,59,55,1,54,4,0,4,119,111,48,63,8,1,7,41,32,5,27,9,3,6,43,42,6,36,1,0,1,118,117,46,71,1,1,0,10,8,2,6,2,1,1
S01011693,442,397,86,311,45,8,37,12,12,2,10,0,0,0,22,20,2,18,2,1,1,51,42,2,40,9,1,8,77,70,26,44,7,3,4,44,33,6,27,11,0,11,60,52,7,45,8,2,6,162,158,37,121,4,1,3,14,10,4,6,4,0,4
S01011694,300,271,57,214,29,10,19,11,10,2,8,1,0,1,27,24,1,23,3,0,3,29,22,2,20,7,2,5,48,45,18,27,3,1,2,33,29,3,26,4,2,2,63,60,13,47,3,2,1,77,72,16,56,5,1,4,12,9,2,7,3,2,1
S01011695,528,458,117,341,70,13,57,22,12,2,10,10,3,7,43,41,3,38,2,0,2,67,54,4,50,13,0,13,74,63,25,38,11,1,10,64,50,7,43,14,5,9,83,74,21,53,9,2,7,151,147,48,99,4,1,3,24,17,7,10,7,1,6
S01011696,607,527,111,416,80,23,57,8,6,0,6,2,1,1,28,25,2,23,3,0,3,58,48,6,42,10,1,9,121,99,36,63,22,8,14,56,44,7,37,12,2,10,129,112,19,93,17,2,15,182,173,34,139,9,6,3,25,20,7,13,5,3,2
S01011697,537,478,97,381,59,7,52,15,13,0,13,2,0,2,28,27,2,25,1,0,1,57,38,2,36,19,1,18,100,92,33,59,8,3,5,38,28,2,26,10,0,10,122,109,23,86,13,2,11,161,157,35,122,4,1,3,16,14,0,14,2,0,2
S01011698,303,273,76,197,30,10,20,8,7,0,7,1,0,1,17,17,4,13,0,0,0,46,37,3,34,9,0,9,71,65,24,41,6,2,4,31,27,6,21,4,2,2,43,38,6,32,5,3,2,79,74,29,45,5,3,2,8,8,4,4,0,0,0
S01011699,480,425,118,307,55,7,48,10,9,0,9,1,0,1,24,23,3,20,1,0,1,43,30,2,28,13,0,13,101,91,43,48,10,1,9,35,28,9,19,7,0,7,105,90,21,69,15,5,10,140,137,31,106,3,1,2,22,17,9,8,5,0,5
S01011700,352,317,91,226,35,7,28,3,3,0,3,0,0,0,15,15,0,15,0,0,0,38,25,3,22,13,3,10,74,66,33,33,8,1,7,29,26,3,23,3,1,2,58,54,14,40,4,1,3,117,115,33,82,2,0,2,18,13,5,8,5,1,4
S01011701,550,466,123,343,84,23,61,11,10,1,9,1,0,1,40,32,1,31,8,3,5,43,33,4,29,10,0,10,89,70,36,34,19,3,16,49,38,8,30,11,1,10,101,87,20,67,14,5,9,177,167,43,124,10,4,6,40,29,10,19,11,7,4
S01011702,340,296,78,218,44,16,28,4,3,0,3,1,0,1,26,26,5,21,0,0,0,24,18,0,18,6,1,5,58,51,31,20,7,1,6,29,19,3,16,10,3,7,70,60,11,49,10,5,5,118,109,24,85,9,5,4,11,10,4,6,1,1,0
S01011703,323,259,73,186,64,18,46,7,3,0,3,4,1,3,28,24,1,23,4,2,2,29,17,0,17,12,0,12,67,49,27,22,18,2,16,22,18,3,15,4,3,1,54,40,6,34,14,6,8,99,97,32,65,2,1,1,17,11,4,7,6,3,3
S01011704,400,358,86,272,42,7,35,12,11,3,8,1,0,1,25,21,0,21,4,0,4,38,26,1,25,12,0,12,69,63,23,40,6,1,5,26,22,6,16,4,0,4,75,66,9,57,9,2,7,142,138,40,98,4,2,2,13,11,4,7,2,2,0
S01011705,343,303,84,219,40,8,32,10,10,0,10,0,0,0,29,26,2,24,3,0,3,41,29,3,26,12,1,11,72,66,24,42,6,0,6,26,21,4,17,5,1,4,51,47,11,36,4,1,3,99,95,34,61,4,2,2,15,9,6,3,6,3,3
S01011706,462,413,106,307,49,13,36,12,11,2,9,1,1,0,33,32,4,28,1,0,1,58,43,5,38,15,1,14,111,99,45,54,12,3,9,36,27,4,23,9,2,7,64,59,11,48,5,3,2,130,127,29,98,3,0,3,18,15,6,9,3,3,0
S01011707,345,302,89,213,43,16,27,4,4,0,4,0,0,0,22,22,1,21,0,0,0,33,24,5,19,9,3,6,58,53,23,30,5,2,3,20,20,2,18,0,0,0,58,41,13,28,17,6,11,125,122,38,84,3,3,0,25,16,7,9,9,2,7
S01011708,416,379,112,267,37,11,26,9,9,3,6,0,0,0,23,21,2,19,2,1,1,34,28,1,27,6,1,5,107,101,56,45,6,2,4,40,34,2,32,6,2,4,63,55,7,48,8,1,7,119,115,36,79,4,1,3,21,16,5,11,5,3,2
S01011709,456,401,126,275,55,7,48,11,10,3,7,1,1,0,35,33,4,29,2,0,2,50,40,3,37,10,1,9,91,81,44,37,10,2,8,32,22,7,15,10,0,10,82,73,17,56,9,1,8,138,130,43,87,8,1,7,17,12,5,7,5,1,4
S01011710,263,245,84,161,18,6,12,4,4,2,2,0,0,0,32,32,5,27,0,0,0,36,28,2,26,8,2,6,69,67,35,32,2,1,1,21,17,2,15,4,2,2,29,28,8,20,1,0,1,59,57,25,32,2,0,2,13,12,5,7,1,1,0
S01011711,267,246,73,173,21,4,17,6,6,1,5,0,0,0,23,23,2,21,0,0,0,33,29,1,28,4,0,4,68,65,37,28,3,0,3,28,20,5,15,8,3,5,45,42,10,32,3,0,3,52,52,16,36,0,0,0,12,9,1,8,3,1,2
S01011712,280,263,65,198,17,4,13,7,6,1,5,1,0,1,21,19,0,19,2,1,1,28,25,2,23,3,0,3,65,63,33,30,2,0,2,27,21,2,19,6,1,5,39,38,8,30,1,0,1,82,81,15,66,1,1,0,11,10,4,6,1,1,0
S01011713,456,412,99,313,44,11,33,13,13,0,13,0,0,0,42,41,2,39,1,1,0,42,32,0,32,10,1,9,91,85,27,58,6,0,6,40,26,4,22,14,4,10,64,60,12,48,4,1,3,149,144,52,92,5,2,3,15,11,2,9,4,2,2
S01011714,331,295,74,221,36,7,29,9,9,2,7,0,0,0,20,18,0,18,2,0,2,41,29,0,29,12,0,12,60,58,26,32,2,0,2,36,29,6,23,7,2,5,52,46,15,31,6,3,3,98,94,19,75,4,1,3,15,12,6,6,3,1,2
S01011715,259,244,65,179,15,5,10,9,8,3,5,1,0,1,24,23,0,23,1,0,1,34,29,1,28,5,0,5,65,63,26,37,2,2,0,20,19,2,17,1,1,0,32,32,8,24,0,0,0,65,63,22,41,2,2,0,10,7,3,4,3,0,3
S01011716,514,459,109,350,55,5,50,10,10,0,10,0,0,0,35,34,1,33,1,0,1,64,42,0,42,22,0,22,108,103,48,55,5,0,5,49,35,8,27,14,0,14,72,66,17,49,6,3,3,160,157,31,126,3,1,2,16,12,4,8,4,1,3
S01011717,384,346,98,248,38,9,29,6,5,0,5,1,0,1,26,23,1,22,3,0,3,42,32,1,31,10,1,9,75,71,28,43,4,1,3,31,25,3,22,6,1,5,64,55,13,42,9,3,6,133,129,51,78,4,2,2,7,6,1,5,1,1,0
S01011718,473,419,83,336,54,6,48,14,13,1,12,1,0,1,31,30,1,29,1,0,1,58,39,2,37,19,3,16,79,72,19,53,7,0,7,41,33,1,32,8,1,7,81,73,13,60,8,1,7,153,149,43,106,4,1,3,16,10,3,7,6,0,6
S01011719,431,381,91,290,50,10,40,15,15,1,14,0,0,0,32,29,0,29,3,0,3,43,29,1,28,14,2,12,91,87,33,54,4,0,4,32,22,6,16,10,0,10,60,51,9,42,9,4,5,146,137,37,100,9,4,5,12,11,4,7,1,0,1
S01011720,299,269,66,203,30,3,27,6,6,1,5,0,0,0,21,20,2,18,1,0,1,39,28,3,25,11,0,11,53,47,22,25,6,0,6,25,21,5,16,4,0,4,37,35,7,28,2,1,1,110,107,24,83,3,1,2,8,5,2,3,3,1,2
S01011721,324,307,83,224,17,2,15,8,7,0,7,1,0,1,28,27,4,23,1,0,1,22,15,1,14,7,0,7,69,68,30,38,1,1,0,40,37,5,32,3,0,3,45,43,8,35,2,1,1,92,92,28,64,0,0,0,20,18,7,11,2,0,2
S01011722,289,262,70,192,27,2,25,8,7,1,6,1,0,1,26,25,1,24,1,0,1,36,24,3,21,12,0,12,57,53,26,27,4,1,3,27,23,1,22,4,0,4,41,40,9,31,1,0,1,83,80,24,56,3,1,2,11,10,5,5,1,0,1
S01011723,451,410,91,319,41,13,28,18,18,2,16,0,0,0,49,47,3,44,2,0,2,44,36,1,35,8,0,8,70,68,22,46,2,1,1,52,39,2,37,13,3,10,73,64,13,51,9,3,6,128,125,44,81,3,3,0,17,13,4,9,4,3,1
S01011724,393,355,86,269,38,7,31,11,11,2,9,0,0,0,35,33,2,31,2,0,2,30,18,1,17,12,0,12,108,99,38,61,9,2,7,35,32,4,28,3,1,2,51,47,15,32,4,1,3,107,100,20,80,7,3,4,16,15,4,11,1,0,1
S01011725,404,355,83,272,49,8,41,6,6,0,6,0,0,0,30,29,3,26,1,0,1,48,34,1,33,14,3,11,77,68,25,43,9,0,9,45,36,5,31,9,2,7,65,55,8,47,10,1,9,115,111,34,77,4,2,2,18,16,7,9,2,0,2
S01011726,328,297,71,226,31,7,24,5,5,2,3,0,0,0,35,34,0,34,1,0,1,27,18,2,16,9,1,8,51,51,20,31,0,0,0,37,29,2,27,8,1,7,59,54,13,41,5,2,3,102,100,28,72,2,1,1,12,6,4,2,6,2,4
S01011727,456,382,93,289,74,17,57,11,11,2,9,0,0,0,32,31,4,27,1,0,1,58,37,1,36,21,5,16,81,72,30,42,9,1,8,37,26,2,24,11,2,9,93,73,15,58,20,5,15,128,119,32,87,9,3,6,16,13,7,6,3,1,2
S01011728,492,443,126,317,49,8,41,9,9,0,9,0,0,0,39,38,1,37,1,0,1,45,32,1,31,13,0,13,132,125,58,67,7,2,5,58,42,11,31,16,2,14,57,55,12,43,2,1,1,128,122,32,90,6,2,4,24,20,11,9,4,1,3
S01011729,285,261,69,192,24,7,17,4,4,1,3,0,0,0,26,25,5,20,1,0,1,28,24,0,24,4,0,4,74,66,27,39,8,6,2,24,19,3,16,5,1,4,37,36,8,28,1,0,1,83,80,21,59,3,0,3,9,7,4,3,2,0,2
S01011730,459,409,88,321,50,15,35,12,12,2,10,0,0,0,48,45,2,43,3,0,3,47,32,3,29,15,2,13,76,68,28,40,8,4,4,40,34,5,29,6,2,4,60,53,8,45,7,3,4,155,152,35,117,3,1,2,21,13,5,8,8,3,5
S01011731,404,369,117,252,35,12,23,12,12,4,8,0,0,0,57,56,6,50,1,0,1,30,19,0,19,11,3,8,79,74,35,39,5,3,2,37,30,1,29,7,1,6,38,34,12,22,4,1,3,134,131,52,79,3,3,0,17,13,7,6,4,1,3
S01011732,454,406,97,309,48,9,39,9,8,0,8,1,1,0,39,34,0,34,5,0,5,51,39,2,37,12,2,10,82,76,35,41,6,2,4,46,33,6,27,13,1,12,64,59,11,48,5,2,3,147,142,38,104,5,1,4,16,15,5,10,1,0,1
S01011733,409,370,112,258,39,13,26,7,7,0,7,0,0,0,31,29,1,28,2,0,2,50,38,3,35,12,4,8,88,82,36,46,6,3,3,28,22,2,20,6,2,4,42,36,11,25,6,3,3,144,139,51,88,5,1,4,19,17,8,9,2,0,2
S01011734,380,338,89,249,42,14,28,13,13,2,11,0,0,0,35,30,3,27,5,3,2,27,19,0,19,8,2,6,70,69,35,34,1,0,1,32,26,3,23,6,1,5,51,46,14,32,5,2,3,133,124,27,97,9,3,6,19,11,5,6,8,3,5
S01011735,359,310,94,216,49,8,41,7,6,1,5,1,0,1,29,26,0,26,3,1,2,42,25,4,21,17,1,16,58,56,29,27,2,1,1,29,22,4,18,7,1,6,49,40,9,31,9,3,6,127,121,41,80,6,1,5,18,14,6,8,4,0,4
S01011736,368,340,104,236,28,7,21,11,11,2,9,0,0,0,27,26,1,25,1,1,0,32,20,1,19,12,1,11,78,76,33,43,2,0,2,35,33,7,26,2,0,2,51,47,14,33,4,2,2,111,107,37,70,4,1,3,23,20,9,11,3,2,1
S01011737,283,256,73,183,27,6,21,7,7,0,7,0,0,0,22,22,0,22,0,0,0,29,23,1,22,6,1,5,59,54,25,29,5,0,5,27,21,6,15,6,1,5,44,41,8,33,3,2,1,84,80,30,50,4,2,2,11,8,3,5,3,0,3
S01011738,476,424,101,323,52,8,44,14,13,0,13,1,0,1,60,57,3,54,3,0,3,38,23,2,21,15,2,13,103,96,40,56,7,0,7,40,33,4,29,7,2,5,65,58,13,45,7,1,6,124,120,31,89,4,0,4,32,24,8,16,8,3,5
S01011739,238,225,65,160,13,5,8,6,5,0,5,1,0,1,22,22,2,20,0,0,0,19,16,2,14,3,0,3,61,59,25,34,2,0,2,19,17,2,15,2,2,0,29,29,8,21,0,0,0,71,66,24,42,5,3,2,11,11,2,9,0,0,0
S01011740,283,266,83,183,17,7,10,6,6,2,4,0,0,0,32,30,1,29,2,0,2,18,15,1,14,3,2,1,78,75,37,38,3,1,2,19,17,1,16,2,1,1,37,37,14,23,0,0,0,81,78,27,51,3,1,2,12,8,0,8,4,2,2
S01011741,292,275,77,198,17,2,15,11,11,1,10,0,0,0,31,31,3,28,0,0,0,26,21,3,18,5,1,4,72,68,27,41,4,1,3,24,22,3,19,2,0,2,42,40,7,33,2,0,2,74,72,27,45,2,0,2,12,10,6,4,2,0,2
S01011742,347,319,92,227,28,8,20,9,9,0,9,0,0,0,31,30,3,27,1,0,1,26,19,2,17,7,3,4,90,88,43,45,2,0,2,31,26,0,26,5,0,5,52,47,11,36,5,4,1,88,82,31,51,6,1,5,20,18,2,16,2,0,2
S01011743,397,373,95,278,24,3,21,10,10,0,10,0,0,0,39,39,3,36,0,0,0,39,30,0,30,9,0,9,73,70,28,42,3,0,3,44,39,12,27,5,1,4,39,39,9,30,0,0,0,131,126,34,92,5,1,4,22,20,9,11,2,1,1
S01011744,364,332,83,249,32,6,26,6,6,2,4,0,0,0,31,30,1,29,1,0,1,34,21,1,20,13,2,11,85,82,34,48,3,0,3,36,30,2,28,6,0,6,58,55,11,44,3,0,3,102,98,27,71,4,3,1,12,10,5,5,2,1,1
S01011745,270,252,69,183,18,4,14,9,9,2,7,0,0,0,18,18,1,17,0,0,0,26,18,5,13,8,1,7,67,66,25,41,1,0,1,18,17,1,16,1,0,1,33,30,5,25,3,1,2,84,82,26,56,2,1,1,15,12,4,8,3,1,2
S01011746,230,217,70,147,13,3,10,7,7,0,7,0,0,0,26,26,2,24,0,0,0,12,9,0,9,3,0,3,67,64,33,31,3,1,2,17,14,3,11,3,0,3,28,28,11,17,0,0,0,60,58,16,42,2,1,1,13,11,5,6,2,1,1
S01011747,374,351,109,242,23,5,18,3,3,1,2,0,0,0,37,37,3,34,0,0,0,25,21,0,21,4,0,4,104,101,46,55,3,0,3,28,24,2,22,4,1,3,60,56,20,36,4,2,2,100,92,28,64,8,2,6,17,17,9,8,0,0,0
S01011748,370,351,107,244,19,3,16,9,9,3,6,0,0,0,31,30,2,28,1,0,1,33,31,3,28,2,0,2,106,103,49,54,3,1,2,35,34,5,29,1,0,1,46,45,7,38,1,0,1,91,84,32,52,7,2,5,19,15,6,9,4,0,4
S01011749,295,278,70,208,17,2,15,4,4,1,3,0,0,0,30,27,0,27,3,0,3,23,21,0,21,2,0,2,91,90,38,52,1,0,1,24,18,0,18,6,1,5,51,49,9,40,2,0,2,52,51,11,40,1,1,0,20,18,11,7,2,0,2
S01011750,369,336,86,250,33,12,21,13,12,1,11,1,0,1,37,36,3,33,1,1,0,23,13,2,11,10,2,8,98,96,30,66,2,1,1,33,29,2,27,4,2,2,39,36,10,26,3,2,1,104,102,34,68,2,0,2,22,12,4,8,10,4,6
S01011751,454,431,123,308,23,4,19,18,18,2,16,0,0,0,37,37,1,36,0,0,0,30,25,1,24,5,0,5,122,118,54,64,4,1,3,51,47,3,44,4,2,2,54,51,18,33,3,0,3,115,113,37,76,2,1,1,27,22,7,15,5,0,5
S01011752,486,455,111,344,31,9,22,17,17,2,15,0,0,0,55,53,5,48,2,0,2,40,30,1,29,10,2,8,109,104,33,71,5,3,2,45,40,6,34,5,0,5,50,48,13,35,2,0,2,141,137,39,98,4,2,2,29,26,12,14,3,2,1
S01011753,372,340,77,263,32,9,23,12,12,2,10,0,0,0,37,34,4,30,3,0,3,16,9,0,9,7,0,7,77,69,25,44,8,2,6,26,25,7,18,1,0,1,51,44,6,38,7,3,4,135,132,31,101,3,2,1,18,15,2,13,3,2,1
S01011754,330,306,98,208,24,7,17,8,8,2,6,0,0,0,35,33,3,30,2,0,2,26,23,2,21,3,0,3,83,80,38,42,3,1,2,26,24,3,21,2,0,2,43,39,14,25,4,1,3,95,88,31,57,7,2,5,14,11,5,6,3,3,0
S01011755,481,449,112,337,32,5,27,11,10,3,7,1,1,0,50,47,6,41,3,1,2,36,30,0,30,6,1,5,98,94,43,51,4,0,4,59,49,4,45,10,1,9,50,46,6,40,4,1,3,147,144,44,100,3,0,3,30,29,6,23,1,0,1
S01011756,467,437,117,320,30,10,20,9,9,1,8,0,0,0,38,38,4,34,0,0,0,38,30,0,30,8,1,7,121,117,51,66,4,1,3,48,43,11,32,5,3,2,68,66,6,60,2,0,2,127,120,37,83,7,2,5,18,14,7,7,4,3,1
S01011757,315,291,85,206,24,3,21,5,5,0,5,0,0,0,36,35,3,32,1,0,1,29,23,0,23,6,0,6,75,74,24,50,1,0,1,30,21,2,19,9,2,7,43,42,13,29,1,0,1,86,83,39,44,3,0,3,11,8,4,4,3,1,2
S01011758,313,294,84,210,19,4,15,8,8,0,8,0,0,0,31,31,2,29,0,0,0,22,20,2,18,2,0,2,88,84,27,57,4,1,3,26,24,5,19,2,0,2,43,38,11,27,5,1,4,78,77,32,45,1,0,1,17,12,5,7,5,2,3
S01011759,368,342,108,234,26,8,18,9,9,0,9,0,0,0,39,39,2,37,0,0,0,31,22,1,21,9,1,8,85,84,38,46,1,0,1,39,32,6,26,7,2,5,34,31,11,20,3,2,1,122,120,49,71,2,1,1,9,5,1,4,4,2,2
S01011760,428,397,98,299,31,4,27,9,9,3,6,0,0,0,35,35,2,33,0,0,0,41,32,1,31,9,0,9,118,114,39,75,4,0,4,38,33,5,28,5,1,4,68,61,10,51,7,1,6,101,100,32,68,1,1,0,18,13,6,7,5,1,4
S01011761,317,291,77,214,26,3,23,3,3,0,3,0,0,0,24,24,0,24,0,0,0,28,21,0,21,7,0,7,75,70,28,42,5,2,3,39,35,4,31,4,0,4,44,40,12,28,4,0,4,90,87,30,57,3,1,2,14,11,3,8,3,0,3
S01011762,294,271,73,198,23,8,15,12,12,0,12,0,0,0,22,20,1,19,2,0,2,25,19,1,18,6,1,5,81,79,31,48,2,1,1,24,19,4,15,5,1,4,44,43,7,36,1,1,0,73,68,25,43,5,2,3,13,11,4,7,2,2,0
S01011763,386,354,102,252,32,8,24,10,10,4,6,0,0,0,42,40,4,36,2,0,2,17,14,1,13,3,0,3,96,90,44,46,6,1,5,48,41,3,38,7,1,6,43,40,8,32,3,0,3,109,103,33,70,6,2,4,21,16,5,11,5,4,1
S01011764,206,192,58,134,14,1,13,4,4,1,3,0,0,0,32,32,3,29,0,0,0,8,7,0,7,1,0,1,54,52,19,33,2,0,2,26,21,2,19,5,0,5,24,24,6,18,0,0,0,51,47,23,24,4,1,3,7,5,4,1,2,0,2
S01011765,597,543,148,395,54,12,42,15,15,0,15,0,0,0,42,41,1,40,1,0,1,55,42,4,38,13,3,10,118,107,43,64,11,2,9,43,35,10,25,8,0,8,105,97,19,78,8,5,3,188,182,57,125,6,2,4,31,24,14,10,7,0,7
S01011766,282,248,67,181,34,4,30,4,4,0,4,0,0,0,37,33,5,28,4,0,4,30,19,0,19,11,0,11,55,48,22,26,7,0,7,26,20,4,16,6,2,4,35,31,8,23,4,0,4,85,85,25,60,0,0,0,10,8,3,5,2,2,0
S01011767,391,350,94,256,41,10,31,6,6,0,6,0,0,0,24,21,0,21,3,2,1,40,27,1,26,13,2,11,92,85,36,49,7,2,5,38,28,5,23,10,2,8,51,46,12,34,5,1,4,127,124,31,93,3,1,2,13,13,9,4,0,0,0
S01011768,334,316,97,219,18,4,14,8,8,1,7,0,0,0,34,33,3,30,1,0,1,21,16,0,16,5,1,4,89,87,36,51,2,1,1,33,29,2,27,4,0,4,40,39,15,24,1,0,1,98,96,37,59,2,2,0,11,8,3,5,3,0,3
S01011769,266,238,58,180,28,5,23,2,2,0,2,0,0,0,27,25,0,25,2,1,1,18,15,0,15,3,0,3,56,52,26,26,4,1,3,34,25,2,23,9,0,9,39,34,10,24,5,2,3,72,70,17,53,2,0,2,18,15,3,12,3,1,2
S01011770,357,332,80,252,25,8,17,14,14,2,12,0,0,0,33,31,4,27,2,0,2,28,23,0,23,5,1,4,70,67,31,36,3,1,2,44,42,6,36,2,0,2,53,50,6,44,3,2,1,93,88,27,61,5,3,2,22,17,4,13,5,1,4
S01011771,401,358,92,266,43,13,30,6,6,2,4,0,0,0,27,25,3,22,2,0,2,35,26,0,26,9,4,5,94,86,32,54,8,0,8,29,22,4,18,7,1,6,75,68,15,53,7,2,5,117,112,26,86,5,3,2,18,13,10,3,5,3,2
S01011772,587,479,134,345,108,25,83,11,11,1,10,0,0,0,64,54,6,48,10,4,6,37,26,3,23,11,0,11,118,91,49,42,27,5,22,41,30,6,24,11,2,9,110,88,17,71,22,8,14,180,162,41,121,18,4,14,26,17,11,6,9,2,7
S01011773,371,336,87,249,35,6,29,15,15,3,12,0,0,0,36,35,0,35,1,0,1,35,24,1,23,11,0,11,56,55,24,31,1,0,1,30,25,4,21,5,1,4,60,54,15,39,6,3,3,125,116,37,79,9,1,8,14,12,3,9,2,1,1
S01011774,492,435,119,316,57,13,44,13,13,1,12,0,0,0,40,38,3,35,2,1,1,51,35,1,34,16,1,15,96,88,43,45,8,2,6,50,38,5,33,12,2,10,81,74,12,62,7,3,4,136,129,46,83,7,1,6,25,20,8,12,5,3,2
S01011775,383,336,79,257,47,13,34,13,12,3,9,1,0,1,34,32,4,28,2,0,2,29,21,2,19,8,1,7,68,61,27,34,7,3,4,33,24,2,22,9,2,7,73,67,13,54,6,2,4,115,105,26,79,10,1,9,18,14,2,12,4,4,0
S01011776,588,501,122,379,87,16,71,22,22,5,17,0,0,0,32,29,0,29,3,0,3,53,39,5,34,14,2,12,99,77,30,47,22,7,15,42,32,6,26,10,2,8,113,90,12,78,23,2,21,212,203,59,144,9,1,8,15,9,5,4,6,2,4
S01011777,349,317,70,247,32,10,22,7,6,1,5,1,0,1,27,24,2,22,3,1,2,24,17,3,14,7,1,6,52,49,16,33,3,0,3,36,29,6,23,7,2,5,67,60,7,53,7,2,5,123,121,31,90,2,2,0,13,11,4,7,2,2,0
S01011778,363,321,77,244,42,12,30,8,8,0,8,0,0,0,23,21,1,20,2,0,2,26,17,1,16,9,1,8,76,69,28,41,7,1,6,29,25,4,21,4,0,4,51,42,6,36,9,4,5,129,121,28,93,8,4,4,21,18,9,9,3,2,1
S01011779,417,373,97,276,44,14,30,4,4,1,3,0,0,0,26,23,0,23,3,2,1,47,32,3,29,15,2,13,82,76,31,45,6,0,6,32,26,5,21,6,2,4,69,65,18,47,4,1,3,147,140,36,104,7,4,3,10,7,3,4,3,3,0
S01011780,520,438,130,308,82,18,64,9,9,3,6,0,0,0,34,31,3,28,3,1,2,40,25,3,22,15,3,12,116,100,52,48,16,2,14,37,27,8,19,10,2,8,99,77,11,66,22,3,19,172,163,48,115,9,3,6,13,6,2,4,7,4,3
S01011781,308,275,85,190,33,8,25,4,3,0,3,1,0,1,26,25,5,20,1,0,1,26,16,4,12,10,2,8,62,57,27,30,5,1,4,20,15,3,12,5,1,4,47,40,10,30,7,1,6,113,110,31,79,3,2,1,10,9,5,4,1,1,0
S01011782,382,337,100,237,45,11,34,8,7,1,6,1,0,1,24,24,1,23,0,0,0,40,27,2,25,13,2,11,86,78,41,37,8,0,8,35,28,5,23,7,2,5,58,52,14,38,6,2,4,112,106,30,76,6,3,3,19,15,6,9,4,2,2
S01011783,321,282,79,203,39,8,31,5,5,1,4,0,0,0,35,35,6,29,0,0,0,25,18,1,17,7,0,7,68,57,26,31,11,2,9,30,22,5,17,8,2,6,48,42,13,29,6,3,3,103,96,23,73,7,1,6,7,7,4,3,0,0,0
S01011784,381,352,90,262,29,6,23,15,13,2,11,2,1,1,33,32,1,31,1,1,0,26,22,1,21,4,0,4,85,82,39,43,3,1,2,37,26,5,21,11,1,10,59,56,12,44,3,0,3,107,105,26,79,2,1,1,19,16,4,12,3,1,2
S01011785,421,380,110,270,41,7,34,10,10,2,8,0,0,0,33,30,2,28,3,0,3,33,24,1,23,9,0,9,108,102,44,58,6,0,6,42,35,7,28,7,2,5,58,54,11,43,4,1,3,119,112,41,71,7,3,4,18,13,2,11,5,1,4
S01011786,230,203,54,149,27,4,23,7,7,2,5,0,0,0,15,14,2,12,1,0,1,23,14,1,13,9,0,9,45,39,10,29,6,1,5,16,13,4,9,3,0,3,45,39,8,31,6,2,4,74,73,25,48,1,0,1,5,4,2,2,1,1,0
S01011787,395,350,93,257,45,10,35,12,11,1,10,1,0,1,39,36,4,32,3,1,2,68,43,2,41,25,2,23,90,84,40,44,6,3,3,30,26,1,25,4,2,2,34,33,5,28,1,0,1,108,104,31,73,4,1,3,14,13,9,4,1,1,0
S01011788,361,263,62,201,98,23,75,13,10,1,9,3,0,3,19,14,1,13,5,0,5,37,19,2,17,18,1,17,81,56,20,36,25,7,18,27,21,2,19,6,1,5,85,62,14,48,23,6,17,75,66,18,48,9,3,6,24,15,4,11,9,5,4
S01011789,318,260,69,191,58,18,40,23,16,3,13,7,1,6,35,32,3,29,3,1,2,41,26,6,20,15,4,11,56,46,14,32,10,3,7,28,19,1,18,9,2,7,27,25,5,20,2,1,1,87,79,28,51,8,3,5,21,17,9,8,4,3,1
S01011790,446,372,118,254,74,25,49,14,12,4,8,2,2,0,51,43,1,42,8,2,6,68,44,4,40,24,4,20,98,88,47,41,10,4,6,38,25,4,21,13,3,10,53,45,10,35,8,5,3,110,104,41,63,6,4,2,14,11,7,4,3,1,2
S01011791,319,284,84,200,35,9,26,12,12,2,10,0,0,0,38,38,2,36,0,0,0,53,37,3,34,16,2,14,68,63,31,32,5,3,2,31,26,3,23,5,2,3,30,27,7,20,3,1,2,76,72,31,41,4,0,4,11,9,5,4,2,1,1
S01011792,356,312,67,245,44,8,36,5,5,0,5,0,0,0,31,29,2,27,2,0,2,45,28,1,27,17,2,15,61,52,21,31,9,2,7,28,25,4,21,3,1,2,65,57,8,49,8,0,8,102,99,25,74,3,2,1,19,17,6,11,2,1,1
S01011793,335,286,72,214,49,16,33,10,10,2,8,0,0,0,22,21,2,19,1,0,1,47,31,2,29,16,3,13,60,49,24,25,11,5,6,23,17,1,16,6,1,5,52,45,8,37,7,1,6,97,95,23,72,2,1,1,24,18,10,8,6,5,1
S01011794,380,339,100,239,41,6,35,6,5,0,5,1,0,1,25,24,2,22,1,0,1,59,39,2,37,20,1,19,80,76,34,42,4,0,4,24,17,3,14,7,2,5,49,44,10,34,5,2,3,121,120,42,78,1,0,1,16,14,7,7,2,1,1
S01011795,269,240,58,182,29,5,24,6,6,0,6,0,0,0,28,28,2,26,0,0,0,40,34,1,33,6,0,6,52,51,20,31,1,0,1,27,20,0,20,7,0,7,25,17,4,13,8,3,5,79,75,28,47,4,1,3,12,9,3,6,3,1,2
S01011796,321,293,82,211,28,3,25,10,9,0,9,1,0,1,36,34,4,30,2,1,1,47,37,1,36,10,0,10,76,74,35,39,2,1,1,26,21,3,18,5,0,5,28,26,9,17,2,0,2,82,80,27,53,2,0,2,16,12,3,9,4,1,3
S01011797,573,505,157,348,68,14,54,17,16,3,13,1,0,1,41,40,4,36,1,0,1,75,54,8,46,21,2,19,92,82,46,36,10,1,9,52,42,6,36,10,3,7,89,76,16,60,13,3,10,172,169,59,110,3,3,0,35,26,15,11,9,2,7
S01011798,241,214,60,154,27,1,26,5,4,0,4,1,0,1,28,28,2,26,0,0,0,36,21,0,21,15,0,15,70,63,29,34,7,1,6,12,10,0,10,2,0,2,27,26,3,23,1,0,1,55,55,22,33,0,0,0,8,7,4,3,1,0,1
S01011799,443,397,100,297,46,7,39,22,20,0,20,2,0,2,38,37,2,35,1,1,0,71,50,2,48,21,0,21,93,88,38,50,5,0,5,23,19,4,15,4,2,2,51,49,8,41,2,0,2,125,119,39,80,6,1,5,20,15,7,8,5,3,2
S01011800,254,226,59,167,28,7,21,6,6,0,6,0,0,0,38,37,3,34,1,0,1,49,37,3,34,12,2,10,48,44,22,22,4,1,3,23,18,2,16,5,2,3,33,31,5,26,2,0,2,54,51,24,27,3,1,2,3,2,0,2,1,1,0
S01011801,227,214,76,138,13,2,11,5,5,2,3,0,0,0,23,23,2,21,0,0,0,34,25,3,22,9,0,9,46,46,27,19,0,0,0,19,15,4,11,4,2,2,31,31,8,23,0,0,0,64,64,27,37,0,0,0,5,5,3,2,0,0,0
S01011802,288,258,70,188,30,8,22,8,8,0,8,0,0,0,45,45,2,43,0,0,0,41,27,2,25,14,2,12,43,38,18,20,5,1,4,33,26,1,25,7,2,5,21,20,5,15,1,1,0,82,81,37,44,1,1,0,15,13,5,8,2,1,1
S01011803,259,230,72,158,29,5,24,9,8,0,8,1,0,1,37,34,4,30,3,0,3,35,27,2,25,8,0,8,56,53,31,22,3,0,3,15,9,2,7,6,2,4,33,29,7,22,4,2,2,62,59,21,38,3,1,2,12,11,5,6,1,0,1
S01011804,374,311,92,219,63,15,48,19,12,3,9,7,1,6,26,22,3,19,4,0,4,31,25,3,22,6,1,5,85,71,29,42,14,4,10,56,50,7,43,6,1,5,44,39,15,24,5,3,2,96,85,29,56,11,3,8,17,7,3,4,10,2,8
S01011805,280,215,56,159,65,14,51,15,10,0,10,5,1,4,25,21,5,16,4,0,4,27,16,1,15,11,1,10,59,44,18,26,15,1,14,38,34,4,30,4,1,3,39,30,6,24,9,4,5,64,53,19,34,11,3,8,13,7,3,4,6,3,3
S01011806,377,309,99,210,68,11,57,34,15,0,15,19,0,19,29,23,3,20,6,0,6,32,21,7,14,11,3,8,77,65,32,33,12,2,10,50,45,5,40,5,1,4,40,31,12,19,9,2,7,100,96,34,62,4,2,2,15,13,6,7,2,1,1
S01011807,610,424,134,290,186,40,146,113,28,6,22,85,15,70,38,25,2,23,13,4,9,58,40,3,37,18,4,14,104,73,33,40,31,2,29,60,50,7,43,10,2,8,40,23,9,14,17,9,8,176,167,67,100,9,4,5,21,18,7,11,3,0,3
S01011808,330,284,111,173,46,10,36,22,11,0,11,11,0,11,5,3,2,1,2,2,0,47,37,2,35,10,2,8,76,73,47,26,3,0,3,43,40,7,33,3,1,2,36,28,5,23,8,2,6,94,89,47,42,5,1,4,7,3,1,2,4,2,2
S01011809,402,311,105,206,91,28,63,59,31,3,28,28,4,24,21,13,5,8,8,1,7,39,34,3,31,5,1,4,70,47,24,23,23,8,15,29,23,5,18,6,1,5,47,37,7,30,10,7,3,125,119,54,65,6,3,3,12,7,4,3,5,3,2
S01011810,496,382,107,275,114,33,81,68,23,1,22,45,9,36,24,19,3,16,5,3,2,72,56,2,54,16,3,13,76,64,27,37,12,3,9,41,37,5,32,4,2,2,48,29,7,22,19,6,13,145,140,54,86,5,4,1,22,14,8,6,8,3,5
S01011811,554,403,120,283,151,30,121,92,28,8,20,64,7,57,26,19,1,18,7,2,5,97,66,3,63,31,2,29,78,63,29,34,15,4,11,37,34,5,29,3,1,2,35,20,6,14,15,3,12,167,157,62,95,10,8,2,22,16,6,10,6,3,3
S01011812,349,243,74,169,106,34,72,57,16,2,14,41,11,30,12,10,1,9,2,0,2,40,26,3,23,14,5,9,49,36,19,17,13,5,8,24,20,3,17,4,1,3,45,30,7,23,15,4,11,100,92,35,57,8,7,1,22,13,4,9,9,1,8
S01011813,427,332,87,245,95,19,76,59,22,2,20,37,5,32,16,8,1,7,8,4,4,66,49,3,46,17,4,13,73,58,24,34,15,2,13,45,40,5,35,5,0,5,34,28,6,22,6,1,5,127,121,45,76,6,2,4,7,6,1,5,1,1,0
S01011814,403,301,103,198,102,26,76,78,24,0,24,54,7,47,19,17,5,12,2,0,2,38,26,1,25,12,2,10,50,45,28,17,5,2,3,36,33,4,29,3,0,3,33,19,6,13,14,9,5,140,133,58,75,7,6,1,9,4,1,3,5,0,5
S01011815,441,363,128,235,78,24,54,56,26,1,25,30,4,26,28,25,8,17,3,1,2,42,34,1,33,8,0,8,80,66,32,34,14,6,8,49,44,9,35,5,3,2,42,35,12,23,7,3,4,129,121,57,64,8,6,2,15,12,8,4,3,1,2
S01011816,351,290,95,195,61,13,48,25,18,2,16,7,2,5,13,13,3,10,0,0,0,38,27,4,23,11,1,10,74,48,24,24,26,5,21,39,37,5,32,2,1,1,41,33,6,27,8,1,7,113,106,45,61,7,3,4,8,8,6,2,0,0,0
S01011817,430,345,93,252,85,16,69,44,22,2,20,22,3,19,26,23,3,20,3,0,3,53,42,0,42,11,2,9,95,73,27,46,22,3,19,50,43,4,39,7,1,6,28,22,8,14,6,1,5,118,115,49,66,3,1,2,16,5,0,5,11,5,6
S01011818,607,545,186,359,62,23,39,32,24,2,22,8,2,6,35,29,3,26,6,3,3,62,46,4,42,16,3,13,136,120,73,47,16,4,12,79,79,16,63,0,0,0,52,50,14,36,2,1,1,188,181,69,112,7,4,3,23,16,5,11,7,6,1
S01011819,466,424,120,304,42,13,29,29,25,1,24,4,0,4,30,29,4,25,1,0,1,50,41,0,41,9,1,8,95,91,38,53,4,1,3,48,47,7,40,1,0,1,50,38,20,18,12,7,5,141,139,44,95,2,1,1,23,14,6,8,9,3,6
S01011820,372,318,114,204,54,14,40,14,11,1,10,3,0,3,17,14,1,13,3,0,3,46,33,1,32,13,0,13,82,75,36,39,7,1,6,33,32,10,22,1,0,1,33,25,7,18,8,5,3,124,113,50,63,11,7,4,23,15,8,7,8,1,7
S01011821,220,200,55,145,20,7,13,13,9,1,8,4,1,3,12,12,1,11,0,0,0,23,20,0,20,3,2,1,69,65,25,40,4,1,3,25,24,4,20,1,0,1,17,15,3,12,2,0,2,49,49,18,31,0,0,0,12,6,3,3,6,3,3
S01011822,404,353,116,237,51,18,33,31,23,6,17,8,4,4,22,18,6,12,4,1,3,49,39,4,35,10,2,8,122,111,42,69,11,3,8,29,27,3,24,2,1,1,39,35,12,23,4,2,2,86,85,36,49,1,1,0,26,15,7,8,11,4,7
S01011823,326,291,89,202,35,10,25,18,13,2,11,5,1,4,14,14,3,11,0,0,0,30,25,0,25,5,0,5,85,71,26,45,14,3,11,32,30,0,30,2,0,2,20,19,7,12,1,1,0,111,105,43,62,6,3,3,16,14,8,6,2,2,0
S01011824,379,344,108,236,35,17,18,29,22,1,21,7,1,6,20,19,1,18,1,0,1,51,38,3,35,13,6,7,90,88,36,52,2,2,0,43,42,5,37,1,1,0,36,35,12,23,1,1,0,104,96,48,48,8,6,2,6,4,2,2,2,0,2
S01011825,285,248,71,177,37,8,29,20,12,0,12,8,0,8,10,9,0,9,1,1,0,21,19,2,17,2,0,2,73,62,25,37,11,2,9,28,28,1,27,0,0,0,22,20,4,16,2,0,2,89,83,32,51,6,1,5,22,15,7,8,7,4,3
S01011826,371,327,92,235,44,13,31,16,8,1,7,8,1,7,19,17,3,14,2,0,2,38,30,3,27,8,0,8,88,78,28,50,10,3,7,44,41,5,36,3,3,0,33,29,6,23,4,1,3,124,120,45,75,4,1,3,9,4,1,3,5,4,1
S01011827,217,152,52,100,65,17,48,60,30,1,29,30,5,25,8,6,1,5,2,0,2,14,7,1,6,7,1,6,39,32,13,19,7,1,6,30,23,8,15,7,2,5,18,11,3,8,7,4,3,38,36,24,12,2,2,0,10,7,1,6,3,2,1
S01011828,486,326,118,208,160,48,112,98,35,4,31,63,13,50,19,11,2,9,8,1,7,36,24,0,24,12,3,9,77,57,20,37,20,4,16,56,42,11,31,14,4,10,40,24,9,15,16,5,11,131,120,63,57,11,9,2,29,13,9,4,16,9,7
S01011829,241,183,63,120,58,17,41,30,18,1,17,12,2,10,16,12,2,10,4,1,3,27,19,2,17,8,4,4,34,25,14,11,9,1,8,29,25,9,16,4,0,4,24,14,3,11,10,4,6,66,63,30,33,3,2,1,15,7,2,5,8,3,5
S01011830,287,159,57,102,128,28,100,74,12,4,8,62,8,54,6,3,1,2,3,1,2,36,13,1,12,23,6,17,37,24,13,11,13,3,10,32,29,9,20,3,1,2,25,16,4,12,9,5,4,67,60,24,36,7,1,6,10,2,1,1,8,3,5
S01011831,393,225,109,116,168,41,127,122,28,6,22,94,15,79,11,4,0,4,7,5,2,28,12,3,9,16,6,10,57,30,18,12,27,4,23,29,27,12,15,2,1,1,16,9,6,3,7,4,3,100,93,51,42,7,5,2,30,22,13,9,8,1,7
S01011832,441,271,118,153,170,24,146,124,39,3,36,85,5,80,32,24,9,15,8,0,8,45,22,3,19,23,5,18,71,46,33,13,25,4,21,31,25,7,18,6,2,4,20,10,3,7,10,4,6,103,95,56,39,8,2,6,15,10,4,6,5,2,3
S01011833,459,360,112,248,99,28,71,45,30,5,25,15,2,13,36,27,1,26,9,3,6,46,28,6,22,18,4,14,59,48,21,27,11,5,6,31,25,6,19,6,0,6,61,46,13,33,15,4,11,163,141,53,88,22,8,14,18,15,7,8,3,2,1
S01011834,254,206,55,151,48,16,32,14,9,1,8,5,1,4,13,13,1,12,0,0,0,21,16,0,16,5,1,4,30,25,10,15,5,1,4,17,14,1,13,3,2,1,54,37,8,29,17,5,12,91,82,29,53,9,5,4,14,10,5,5,4,1,3
S01011835,379,296,72,224,83,22,61,31,15,2,13,16,5,11,29,25,4,21,4,0,4,38,22,6,16,16,4,12,64,50,17,33,14,3,11,11,9,2,7,2,1,1,63,50,7,43,13,3,10,120,112,31,81,8,3,5,23,13,3,10,10,3,7
S01011836,379,301,74,227,78,25,53,27,16,0,16,11,1,10,41,32,2,30,9,3,6,33,20,2,18,13,0,13,75,63,20,43,12,5,7,16,14,2,12,2,0,2,50,33,8,25,17,8,9,114,107,38,69,7,4,3,23,16,2,14,7,4,3
S01011837,329,247,67,180,82,21,61,23,12,2,10,11,2,9,28,22,3,19,6,1,5,26,13,2,11,13,2,11,56,42,20,22,14,2,12,23,15,3,12,8,2,6,63,50,7,43,13,3,10,91,83,30,53,8,6,2,19,10,0,10,9,3,6
S01011838,413,349,85,264,64,21,43,18,16,3,13,2,0,2,30,28,0,28,2,2,0,37,26,2,24,11,2,9,89,75,27,48,14,6,8,30,26,7,19,4,0,4,66,53,10,43,13,2,11,120,109,33,76,11,6,5,23,16,3,13,7,3,4
S01011839,494,427,116,311,67,19,48,18,14,2,12,4,1,3,30,27,0,27,3,0,3,49,34,2,32,15,5,10,121,109,47,62,12,5,7,33,24,1,23,9,2,7,69,61,9,52,8,0,8,142,138,48,90,4,1,3,32,20,7,13,12,5,7
S01011840,517,445,125,320,72,17,55,19,17,1,16,2,0,2,46,41,3,38,5,0,5,43,27,2,25,16,2,14,116,105,53,52,11,1,10,39,32,6,26,7,1,6,68,53,11,42,15,5,10,158,146,41,105,12,6,6,28,24,8,16,4,2,2
S01011841,452,384,111,273,68,17,51,22,17,2,15,5,1,4,39,36,0,36,3,0,3,37,25,3,22,12,1,11,97,83,40,43,14,2,12,23,18,1,17,5,1,4,48,37,11,26,11,2,9,162,147,43,104,15,8,7,24,21,11,10,3,2,1
S01011842,446,402,126,276,44,12,32,26,23,2,21,3,0,3,24,23,2,21,1,1,0,48,36,0,36,12,1,11,114,108,45,63,6,2,4,21,18,2,16,3,0,3,68,56,17,39,12,3,9,119,115,49,66,4,2,2,26,23,9,14,3,3,0
S01011843,508,333,87,246,175,49,126,45,21,4,17,24,6,18,39,28,0,28,11,4,7,44,16,0,16,28,2,26,95,66,29,37,29,6,23,26,13,3,10,13,1,12,99,60,12,48,39,11,28,131,113,32,81,18,10,8,29,16,7,9,13,9,4
S01011844,349,273,88,185,76,29,47,29,20,2,18,9,1,8,26,24,2,22,2,0,2,20,14,2,12,6,0,6,71,61,32,29,10,3,7,16,12,1,11,4,3,1,66,42,9,33,24,6,18,102,88,35,53,14,10,4,19,12,5,7,7,6,1
S01011845,412,349,114,235,63,17,46,22,15,4,11,7,0,7,28,28,4,24,0,0,0,37,27,0,27,10,0,10,108,96,43,53,12,3,9,22,15,2,13,7,1,6,68,55,14,41,13,5,8,103,95,39,56,8,4,4,24,18,8,10,6,4,2
S01011846,457,361,97,264,96,23,73,37,25,3,22,12,0,12,42,39,7,32,3,1,2,40,27,5,22,13,1,12,90,77,34,43,13,3,10,24,19,4,15,5,0,5,87,56,16,40,31,9,22,110,99,18,81,11,6,5,27,19,10,9,8,3,5
S01011847,222,162,42,120,60,18,42,26,14,1,13,12,3,9,14,11,1,10,3,0,3,19,16,2,14,3,0,3,39,27,9,18,12,3,9,11,7,0,7,4,1,3,41,25,8,17,16,7,9,57,51,19,32,6,4,2,15,11,2,9,4,0,4
S01011848,384,285,98,187,99,24,75,46,21,5,16,25,5,20,28,22,2,20,6,1,5,30,13,1,12,17,0,17,61,53,28,25,8,2,6,24,19,3,16,5,2,3,65,48,16,32,17,4,13,110,101,39,62,9,5,4,20,8,4,4,12,5,7
S01011849,448,376,83,293,72,19,53,28,23,3,20,5,0,5,43,40,3,37,3,2,1,41,28,4,24,13,1,12,128,112,32,80,16,5,11,25,20,0,20,5,1,4,50,39,6,33,11,1,10,118,102,32,70,16,8,8,15,12,3,9,3,1,2
S01011850,361,276,74,202,85,25,60,49,29,7,22,20,3,17,18,15,2,13,3,1,2,33,19,1,18,14,2,12,111,92,21,71,19,2,17,16,14,3,11,2,0,2,59,41,11,30,18,11,7,65,60,25,35,5,5,0,10,6,4,2,4,1,3
S01011851,442,342,106,236,100,28,72,32,17,0,17,15,1,14,26,23,4,19,3,0,3,54,34,3,31,20,3,17,127,106,39,67,21,5,16,20,15,0,15,5,3,2,47,31,7,24,16,9,7,111,100,47,53,11,5,6,25,16,6,10,9,2,7
S01011852,488,402,112,290,86,16,70,22,18,5,13,4,1,3,31,25,1,24,6,2,4,51,31,2,29,20,1,19,158,130,37,93,28,6,22,23,19,2,17,4,0,4,58,47,10,37,11,2,9,118,112,48,64,6,3,3,27,20,7,13,7,1,6
S01011853,378,316,81,235,62,16,46,11,9,2,7,2,0,2,26,25,2,23,1,1,0,34,22,1,21,12,3,9,120,104,30,74,16,3,13,22,18,1,17,4,0,4,54,41,7,34,13,3,10,90,82,31,51,8,4,4,21,15,7,8,6,2,4
S01011854,377,318,104,214,59,19,40,11,10,2,8,1,0,1,17,14,2,12,3,1,2,35,23,3,20,12,1,11,122,107,41,66,15,6,9,18,16,3,13,2,2,0,47,39,11,28,8,3,5,106,90,32,58,16,4,12,21,19,10,9,2,2,0
S01011855,419,369,118,251,50,11,39,24,24,2,22,0,0,0,16,15,0,15,1,0,1,59,43,4,39,16,0,16,128,118,37,81,10,5,5,19,15,1,14,4,1,3,40,28,11,17,12,4,8,113,108,54,54,5,1,4,20,18,9,9,2,0,2
S01011856,281,208,72,136,73,29,44,10,9,1,8,1,0,1,19,13,2,11,6,1,5,29,16,4,12,13,4,9,68,52,17,35,16,3,13,19,16,4,12,3,1,2,52,31,8,23,21,12,9,68,61,32,29,7,3,4,16,10,4,6,6,5,1
S01011857,346,247,77,170,99,39,60,61,40,9,31,21,8,13,19,14,2,12,5,1,4,39,18,2,16,21,5,16,57,47,18,29,10,3,7,8,7,0,7,1,0,1,48,32,8,24,16,5,11,95,80,33,47,15,11,4,19,9,5,4,10,6,4
S01011858,335,244,100,144,91,30,61,22,17,1,16,5,3,2,14,11,3,8,3,2,1,34,20,4,16,14,2,12,71,55,30,25,16,4,12,14,11,2,9,3,1,2,78,47,20,27,31,9,22,86,75,36,39,11,6,5,16,8,4,4,8,3,5
S01011859,323,251,92,159,72,24,48,20,11,2,9,9,3,6,15,9,0,9,6,2,4,39,27,1,26,12,1,11,75,63,30,33,12,4,8,21,17,5,12,4,0,4,44,30,8,22,14,7,7,90,82,43,39,8,5,3,19,12,3,9,7,2,5
S01011860,392,314,68,246,78,29,49,37,26,1,25,11,3,8,18,12,3,9,6,2,4,30,23,1,22,7,2,5,162,150,31,119,12,3,9,9,8,2,6,1,1,0,48,31,7,24,17,6,11,62,51,19,32,11,7,4,26,13,4,9,13,5,8
S01011861,375,257,77,180,118,25,93,37,17,1,16,20,2,18,7,5,1,4,2,1,1,39,22,0,22,17,3,14,103,78,35,43,25,4,21,15,7,1,6,8,1,7,70,41,10,31,29,7,22,78,69,23,46,9,4,5,26,18,6,12,8,3,5
S01011862,404,337,90,247,67,16,51,19,16,0,16,3,0,3,17,15,3,12,2,0,2,32,23,4,19,9,0,9,108,89,32,57,19,3,16,18,16,1,15,2,0,2,52,43,9,34,9,2,7,138,122,35,87,16,7,9,20,13,6,7,7,4,3
S01011863,339,273,84,189,66,20,46,18,14,3,11,4,2,2,22,14,1,13,8,2,6,21,14,1,13,7,1,6,79,62,22,40,17,2,15,24,21,5,16,3,0,3,54,42,14,28,12,7,5,106,94,32,62,12,5,7,15,12,6,6,3,1,2
S01011864,336,265,90,175,71,20,51,15,14,2,12,1,1,0,19,14,2,12,5,0,5,31,21,3,18,10,2,8,98,77,34,43,21,3,18,22,17,3,14,5,1,4,45,29,7,22,16,6,10,88,83,33,50,5,4,1,18,10,6,4,8,3,5
S01011865,274,225,61,164,49,14,35,10,9,2,7,1,0,1,17,14,1,13,3,1,2,29,21,0,21,8,1,7,62,58,21,37,4,0,4,14,13,1,12,1,0,1,41,29,9,20,12,4,8,79,71,25,46,8,3,5,22,10,2,8,12,5,7
S01011866,381,312,102,210,69,27,42,24,17,1,16,7,1,6,24,19,3,16,5,0,5,43,20,0,20,23,7,16,105,96,48,48,9,4,5,23,18,2,16,5,3,2,35,27,6,21,8,4,4,100,96,38,58,4,2,2,27,19,4,15,8,6,2
S01011867,468,416,132,284,52,13,39,20,19,3,16,1,0,1,23,20,3,17,3,1,2,67,54,3,51,13,2,11,152,143,55,88,9,2,7,17,13,2,11,4,0,4,37,31,15,16,6,4,2,133,124,45,79,9,3,6,19,12,6,6,7,1,6
S01011868,422,349,111,238,73,23,50,18,12,2,10,6,1,5,15,11,1,10,4,2,2,48,31,3,28,17,3,14,132,117,49,68,15,2,13,25,18,4,14,7,1,6,42,31,10,21,11,7,4,117,112,38,74,5,1,4,25,17,4,13,8,6,2
S01011869,430,350,90,260,80,30,50,20,14,1,13,6,1,5,24,19,0,19,5,0,5,52,37,1,36,15,5,10,114,103,38,65,11,5,6,20,15,1,14,5,1,4,44,29,9,20,15,5,10,126,117,35,82,9,6,3,30,16,5,11,14,7,7
S01011870,315,272,82,190,43,9,34,16,15,2,13,1,0,1,27,25,4,21,2,0,2,43,33,4,29,10,0,10,81,76,35,41,5,0,5,17,13,4,9,4,1,3,37,29,9,20,8,3,5,82,77,24,53,5,3,2,12,4,0,4,8,2,6
S01011871,567,421,129,292,146,39,107,67,35,5,30,32,5,27,25,23,2,21,2,1,1,58,30,2,28,28,4,24,117,102,46,56,15,2,13,32,21,4,17,11,2,9,87,62,16,46,25,11,14,142,124,44,80,18,9,9,39,24,10,14,15,5,10
S01011872,476,344,99,245,132,40,92,72,34,5,29,38,10,28,28,22,3,19,6,3,3,33,19,4,15,14,2,12,90,73,22,51,17,6,11,22,15,2,13,7,1,6,62,36,6,30,26,6,20,139,129,50,79,10,6,4,30,16,7,9,14,6,8
S01011873,441,371,94,277,70,21,49,45,39,4,35,6,2,4,22,20,2,18,2,0,2,36,19,3,16,17,3,14,90,76,23,53,14,6,8,25,23,1,22,2,0,2,64,53,12,41,11,5,6,129,119,41,78,10,3,7,30,22,8,14,8,2,6
S01011874,368,310,89,221,58,11,47,34,26,3,23,8,0,8,24,24,2,22,0,0,0,27,11,2,9,16,1,15,86,76,37,39,10,1,9,24,22,1,21,2,0,2,42,30,7,23,12,6,6,114,107,32,75,7,3,4,17,14,5,9,3,0,3
S01011875,297,261,60,201,36,11,25,24,18,3,15,6,0,6,12,11,2,9,1,1,0,36,27,1,26,9,2,7,56,56,17,39,0,0,0,23,19,1,18,4,1,3,47,38,8,30,9,4,5,93,87,28,59,6,2,4,6,5,0,5,1,1,0
S01011876,495,385,120,265,110,28,82,56,28,2,26,28,3,25,31,24,4,20,7,2,5,40,28,5,23,12,2,10,85,68,28,40,17,6,11,27,17,5,12,10,1,9,79,63,20,43,16,8,8,154,144,50,94,10,4,6,23,13,6,7,10,2,8
S01011877,284,232,69,163,52,16,36,37,29,4,25,8,0,8,23,19,4,15,4,1,3,33,25,1,24,8,1,7,57,50,21,29,7,2,5,14,11,2,9,3,3,0,36,25,4,21,11,3,8,67,61,26,35,6,2,4,17,12,7,5,5,4,1
S01011878,517,417,122,295,100,32,68,50,29,6,23,21,3,18,24,17,4,13,7,4,3,31,24,4,20,7,1,6,72,56,22,34,16,2,14,28,23,3,20,5,1,4,80,55,14,41,25,12,13,195,185,55,130,10,2,8,37,28,14,14,9,7,2
S01011879,274,217,62,155,57,13,44,24,13,2,11,11,1,10,27,22,4,18,5,2,3,18,12,0,12,6,1,5,55,43,17,26,12,1,11,18,13,1,12,5,2,3,24,20,3,17,4,1,3,90,83,35,48,7,3,4,18,11,0,11,7,2,5
S01011880,299,233,61,172,66,26,40,53,25,3,22,28,7,21,14,12,1,11,2,2,0,21,13,4,9,8,2,6,49,44,18,26,5,3,2,13,8,2,6,5,2,3,44,36,5,31,8,4,4,83,79,24,55,4,2,2,22,16,4,12,6,4,2
S01011881,417,364,112,252,53,15,38,27,22,4,18,5,0,5,25,22,2,20,3,0,3,34,21,1,20,13,2,11,97,85,31,54,12,3,9,26,24,4,20,2,1,1,50,42,14,28,8,5,3,141,136,51,85,5,3,2,17,12,5,7,5,1,4
S01011882,449,405,139,266,44,10,34,26,26,3,23,0,0,0,23,21,0,21,2,0,2,38,29,5,24,9,2,7,113,101,49,52,12,4,8,25,21,3,18,4,1,3,56,50,13,37,6,0,6,152,146,60,86,6,3,3,16,11,6,5,5,0,5
S01011883,561,477,134,343,84,20,64,34,29,7,22,5,0,5,28,23,2,21,5,0,5,42,33,4,29,9,1,8,94,80,30,50,14,1,13,36,31,5,26,5,2,3,85,63,14,49,22,5,17,213,200,61,139,13,8,5,29,18,11,7,11,3,8
S01011884,233,175,52,123,58,15,43,45,30,8,22,15,1,14,12,9,2,7,3,2,1,21,9,0,9,12,3,9,49,41,15,26,8,2,6,8,5,1,4,3,0,3,29,20,6,14,9,3,6,63,58,18,40,5,3,2,6,3,2,1,3,1,2
S01011885,378,301,79,222,77,23,54,35,27,2,25,8,0,8,12,11,2,9,1,0,1,41,23,2,21,18,3,15,70,60,20,40,10,3,7,24,22,4,18,2,0,2,65,50,6,44,15,8,7,114,102,42,60,12,5,7,17,6,1,5,11,4,7
S01011886,437,374,125,249,63,13,50,24,22,2,20,2,0,2,33,30,6,24,3,2,1,52,38,3,35,14,1,13,91,77,40,37,14,2,12,24,19,1,18,5,0,5,55,45,14,31,10,3,7,134,123,49,74,11,3,8,24,20,10,10,4,2,2
S01011887,289,246,77,169,43,10,33,21,17,0,17,4,1,3,12,12,1,11,0,0,0,43,28,2,26,15,2,13,66,60,33,27,6,2,4,21,18,2,16,3,1,2,25,19,5,14,6,1,5,86,82,27,55,4,1,3,15,10,7,3,5,2,3
S01011888,421,383,154,229,38,9,29,22,21,0,21,1,0,1,20,20,5,15,0,0,0,34,26,2,24,8,0,8,130,122,62,60,8,2,6,29,26,3,23,3,0,3,47,40,15,25,7,1,6,119,111,59,52,8,4,4,20,17,8,9,3,2,1
S01011889,405,348,89,259,57,13,44,29,26,2,24,3,1,2,19,18,2,16,1,0,1,32,21,1,20,11,2,9,83,71,29,42,12,2,10,17,14,3,11,3,0,3,54,42,11,31,12,1,11,143,134,36,98,9,5,4,28,22,5,17,6,2,4
S01011890,376,335,101,234,41,10,31,24,20,2,18,4,1,3,15,13,2,11,2,0,2,23,17,0,17,6,0,6,79,76,33,43,3,0,3,27,21,3,18,6,0,6,52,41,9,32,11,4,7,129,125,44,81,4,2,2,27,22,8,14,5,3,2
S01011891,372,344,102,242,28,16,12,34,33,2,31,1,1,0,12,12,1,11,0,0,0,40,33,4,29,7,3,4,101,96,50,46,5,3,2,22,21,2,19,1,0,1,43,36,12,24,7,5,2,106,102,28,74,4,3,1,14,11,3,8,3,1,2
S01011892,621,563,125,438,58,16,42,57,56,3,53,1,0,1,23,22,2,20,1,1,0,42,32,1,31,10,2,8,140,123,47,76,17,2,15,43,37,9,28,6,3,3,84,77,16,61,7,2,5,195,186,39,147,9,6,3,37,30,8,22,7,0,7
S01011893,504,463,102,361,41,11,30,37,37,4,33,0,0,0,24,21,1,20,3,1,2,45,35,3,32,10,2,8,108,103,46,57,5,1,4,28,23,1,22,5,0,5,74,67,12,55,7,2,5,162,155,26,129,7,3,4,26,22,9,13,4,2,2
S01011894,349,318,92,226,31,7,24,24,22,3,19,2,0,2,16,15,1,14,1,0,1,32,23,3,20,9,2,7,89,83,41,42,6,0,6,24,22,1,21,2,1,1,46,40,12,28,6,2,4,103,100,27,73,3,1,2,15,13,4,9,2,1,1
S01011895,273,214,62,152,59,14,45,12,12,0,12,0,0,0,11,10,1,9,1,1,0,18,10,0,10,8,0,8,49,34,12,22,15,6,9,21,17,1,16,4,1,3,60,37,8,29,23,4,19,91,85,33,52,6,2,4,11,9,7,2,2,0,2
S01011896,430,381,102,279,49,15,34,29,27,2,25,2,1,1,15,13,1,12,2,0,2,30,21,0,21,9,1,8,77,70,28,42,7,2,5,29,26,2,24,3,0,3,75,65,12,53,10,4,6,144,139,51,88,5,3,2,31,20,6,14,11,4,7
S01011897,476,415,114,301,61,18,43,22,22,0,22,0,0,0,22,19,2,17,3,1,2,30,20,5,15,10,0,10,81,66,26,40,15,3,12,31,25,2,23,6,0,6,74,66,14,52,8,4,4,187,174,57,117,13,7,6,29,23,8,15,6,3,3
S01011898,358,300,100,200,58,11,47,10,10,1,9,0,0,0,12,11,1,10,1,1,0,20,13,2,11,7,1,6,71,58,35,23,13,0,13,21,15,2,13,6,1,5,73,59,14,45,14,3,11,133,121,40,81,12,3,9,18,13,5,8,5,2,3
S01011899,379,351,104,247,28,7,21,19,19,1,18,0,0,0,26,23,4,19,3,0,3,28,20,2,18,8,2,6,64,63,33,30,1,0,1,27,24,4,20,3,0,3,62,58,11,47,4,2,2,136,132,44,88,4,0,4,17,12,5,7,5,3,2
S01011900,387,347,104,243,40,19,21,17,16,2,14,1,1,0,18,17,1,16,1,0,1,28,20,2,18,8,2,6,70,68,36,32,2,0,2,29,25,4,21,4,3,1,76,65,5,60,11,7,4,126,119,47,72,7,3,4,23,17,7,10,6,3,3
S01011901,447,377,89,288,70,20,50,32,31,4,27,1,1,0,18,18,0,18,0,0,0,47,36,3,33,11,0,11,85,69,26,43,16,3,13,30,19,4,15,11,0,11,60,49,6,43,11,6,5,141,130,35,95,11,4,7,34,25,11,14,9,6,3
S01011902,516,449,131,318,67,20,47,39,34,5,29,5,2,3,19,17,5,12,2,1,1,41,29,3,26,12,3,9,101,89,45,44,12,4,8,33,24,2,22,9,4,5,81,62,10,52,19,4,15,180,175,52,123,5,1,4,22,19,9,10,3,1,2
S01011903,370,321,92,229,49,18,31,20,20,1,19,0,0,0,14,11,0,11,3,1,2,34,24,1,23,10,2,8,65,52,22,30,13,5,8,21,18,5,13,3,0,3,65,53,14,39,12,4,8,135,133,45,88,2,2,0,16,10,4,6,6,4,2
S01011904,383,340,97,243,43,15,28,17,15,2,13,2,0,2,21,20,1,19,1,0,1,23,20,1,19,3,0,3,80,68,27,41,12,3,9,30,25,1,24,5,1,4,56,51,13,38,5,4,1,136,130,48,82,6,4,2,20,11,4,7,9,3,6
S01011905,421,362,125,237,59,16,43,27,26,5,21,1,0,1,24,22,6,16,2,0,2,25,12,2,10,13,1,12,74,65,38,27,9,1,8,28,23,3,20,5,2,3,79,66,17,49,13,4,9,150,139,52,87,11,6,5,14,9,2,7,5,2,3
S01011906,228,205,55,150,23,7,16,21,21,4,17,0,0,0,17,16,2,14,1,0,1,13,6,0,6,7,1,6,46,40,17,23,6,1,5,16,14,3,11,2,1,1,40,38,8,30,2,1,1,65,62,16,46,3,2,1,10,8,5,3,2,1,1
S01011907,447,412,89,323,35,9,26,42,41,5,36,1,0,1,23,23,0,23,0,0,0,37,27,2,25,10,3,7,97,91,33,58,6,1,5,25,24,2,22,1,0,1,62,55,14,41,7,3,4,142,135,29,106,7,1,6,19,16,4,12,3,1,2
S01011908,227,218,58,160,9,0,9,18,18,0,18,0,0,0,15,15,0,15,0,0,0,16,13,0,13,3,0,3,49,48,20,28,1,0,1,11,9,2,7,2,0,2,32,32,9,23,0,0,0,82,81,26,55,1,0,1,4,2,1,1,2,0,2
S01011909,682,632,145,487,50,13,37,75,75,1,74,0,0,0,28,28,4,24,0,0,0,66,53,2,51,13,0,13,155,145,56,89,10,1,9,41,37,3,34,4,2,2,87,74,13,61,13,6,7,205,200,60,140,5,3,2,25,20,6,14,5,1,4
S01011910,404,374,121,253,30,9,21,33,32,4,28,1,0,1,28,26,2,24,2,0,2,28,18,1,17,10,0,10,122,116,63,53,6,2,4,26,25,3,22,1,0,1,53,49,14,35,4,4,0,86,86,28,58,0,0,0,28,22,6,16,6,3,3
S01011911,317,295,89,206,22,5,17,13,13,1,12,0,0,0,15,15,0,15,0,0,0,33,22,0,22,11,0,11,87,87,36,51,0,0,0,22,19,2,17,3,1,2,45,41,16,25,4,4,0,83,82,28,54,1,0,1,19,16,6,10,3,0,3
S01011912,365,338,95,243,27,9,18,16,15,1,14,1,1,0,20,17,0,17,3,0,3,41,33,1,32,8,2,6,97,92,39,53,5,2,3,28,26,0,26,2,0,2,42,40,15,25,2,1,1,103,100,32,68,3,1,2,18,15,7,8,3,2,1
S01011913,345,320,131,189,25,9,16,22,22,2,20,0,0,0,20,20,4,16,0,0,0,31,22,2,20,9,1,8,103,101,60,41,2,1,1,27,23,3,20,4,2,2,48,44,21,23,4,2,2,69,65,28,37,4,1,3,25,23,11,12,2,2,0
S01011914,377,335,126,209,42,14,28,23,21,10,11,2,0,2,27,25,1,24,2,0,2,41,30,2,28,11,1,10,105,100,51,49,5,1,4,32,28,6,22,4,2,2,42,34,14,20,8,4,4,90,86,39,47,4,2,2,17,11,3,8,6,4,2
S01011915,388,360,121,239,28,3,25,22,19,4,15,3,0,3,27,26,0,26,1,0,1,29,25,1,24,4,0,4,122,118,54,64,4,0,4,33,24,3,21,9,2,7,37,36,9,27,1,0,1,95,91,44,47,4,1,3,23,21,6,15,2,0,2
S01011916,270,250,75,175,20,4,16,19,19,3,16,0,0,0,13,12,0,12,1,1,0,28,21,0,21,7,2,5,69,63,25,38,6,1,5,20,18,3,15,2,0,2,27,24,7,17,3,0,3,80,80,33,47,0,0,0,14,13,4,9,1,0,1
S01011917,247,230,75,155,17,4,13,21,21,4,17,0,0,0,16,14,3,11,2,0,2,24,22,1,21,2,0,2,62,60,30,30,2,0,2,13,11,0,11,2,1,1,29,25,9,16,4,2,2,72,68,23,45,4,1,3,10,9,5,4,1,0,1
S01011918,317,286,98,188,31,11,20,24,24,3,21,0,0,0,18,18,1,17,0,0,0,31,23,1,22,8,1,7,96,95,51,44,1,0,1,21,14,1,13,7,3,4,46,38,15,23,8,5,3,61,60,22,38,1,0,1,20,14,4,10,6,2,4
S01011919,475,443,126,317,32,8,24,27,25,5,20,2,1,1,23,23,3,20,0,0,0,36,27,1,26,9,1,8,148,144,67,77,4,1,3,33,29,3,26,4,0,4,49,47,12,35,2,1,1,130,127,27,100,3,1,2,29,21,8,13,8,3,5
S01011920,325,301,95,206,24,9,15,22,22,1,21,0,0,0,26,26,0,26,0,0,0,34,26,2,24,8,2,6,91,86,41,45,5,2,3,17,15,4,11,2,0,2,26,24,4,20,2,2,0,89,86,35,51,3,2,1,20,16,8,8,4,1,3
S01011921,276,254,74,180,22,7,15,14,14,1,13,0,0,0,22,21,1,20,1,0,1,21,16,0,16,5,1,4,77,69,31,38,8,1,7,21,19,0,19,2,1,1,38,36,15,21,2,1,1,67,65,19,46,2,1,1,16,14,7,7,2,2,0
S01011922,382,361,97,264,21,11,10,33,33,3,30,0,0,0,28,27,0,27,1,0,1,40,36,1,35,4,1,3,112,109,46,63,3,2,1,26,26,3,23,0,0,0,39,32,7,25,7,5,2,89,86,35,51,3,1,2,15,12,2,10,3,2,1
S01011923,405,377,117,260,28,7,21,32,32,3,29,0,0,0,25,25,0,25,0,0,0,44,37,3,34,7,1,6,103,98,43,55,5,1,4,19,17,3,14,2,0,2,56,54,20,34,2,1,1,107,102,41,61,5,3,2,19,12,4,8,7,1,6
S01011924,217,200,61,139,17,7,10,15,15,3,12,0,0,0,17,15,0,15,2,2,0,28,24,2,22,4,0,4,55,52,23,29,3,0,3,21,20,2,18,1,0,1,24,21,9,12,3,2,1,50,49,21,28,1,1,0,7,4,1,3,3,2,1
S01011925,445,387,96,291,58,11,47,35,33,2,31,2,0,2,13,12,0,12,1,0,1,45,36,5,31,9,0,9,116,103,37,66,13,3,10,22,20,0,20,2,0,2,65,52,10,42,13,2,11,115,105,33,72,10,4,6,34,26,9,17,8,2,6
S01011926,326,300,91,209,26,7,19,25,24,6,18,1,0,1,30,29,1,28,1,1,0,30,24,2,22,6,0,6,98,93,46,47,5,1,4,17,16,0,16,1,0,1,44,37,10,27,7,4,3,71,68,25,43,3,0,3,11,9,1,8,2,1,1
S01011927,292,271,89,182,21,2,19,19,18,5,13,1,0,1,17,17,3,14,0,0,0,24,18,2,16,6,0,6,80,80,35,45,0,0,0,25,21,2,19,4,0,4,32,30,11,19,2,0,2,74,69,23,46,5,0,5,21,18,8,10,3,2,1
S01011928,360,327,98,229,33,2,31,19,18,4,14,1,0,1,20,20,5,15,0,0,0,40,28,2,26,12,0,12,87,85,28,57,2,1,1,21,17,6,11,4,0,4,52,48,11,37,4,0,4,96,91,34,57,5,1,4,25,20,8,12,5,0,5
S01011929,354,342,99,243,12,4,8,23,23,2,21,0,0,0,22,22,2,20,0,0,0,37,35,2,33,2,1,1,100,98,47,51,2,0,2,30,28,1,27,2,0,2,36,35,9,26,1,1,0,89,86,31,55,3,1,2,17,15,5,10,2,1,1
S01011930,318,294,94,200,24,7,17,23,22,3,19,1,0,1,16,15,1,14,1,1,0,30,24,1,23,6,1,5,89,87,38,49,2,0,2,26,23,3,20,3,2,1,40,37,15,22,3,0,3,75,72,28,44,3,1,2,19,14,5,9,5,2,3
S01011931,274,251,85,166,23,6,17,18,17,2,15,1,0,1,17,16,2,14,1,0,1,24,18,1,17,6,3,3,81,77,42,35,4,1,3,14,12,1,11,2,0,2,30,27,10,17,3,0,3,69,64,16,48,5,1,4,21,20,11,9,1,1,0
S01011932,373,355,72,283,18,3,15,42,42,4,38,0,0,0,23,22,2,20,1,0,1,25,21,2,19,4,0,4,96,90,28,62,6,0,6,21,20,2,18,1,0,1,54,49,9,40,5,3,2,90,90,20,70,0,0,0,22,21,5,16,1,0,1
S01011933,368,341,77,264,27,9,18,42,41,4,37,1,0,1,23,22,1,21,1,0,1,36,28,3,25,8,2,6,92,86,37,49,6,1,5,15,12,3,9,3,1,2,48,44,7,37,4,2,2,98,97,20,77,1,1,0,14,11,2,9,3,2,1
S01011934,533,473,134,339,60,18,42,46,45,3,42,1,0,1,43,41,0,41,2,1,1,42,27,3,24,15,3,12,132,113,51,62,19,6,13,30,23,5,18,7,1,6,60,52,16,36,8,3,5,146,141,43,98,5,3,2,34,31,13,18,3,1,2
S01011935,502,439,115,324,63,17,46,35,34,3,31,1,0,1,41,36,2,34,5,1,4,30,21,0,21,9,1,8,158,142,62,80,16,2,14,26,22,7,15,4,2,2,59,50,12,38,9,4,5,103,94,20,74,9,4,5,50,40,9,31,10,3,7
S01011936,398,352,91,261,46,14,32,33,32,2,30,1,1,0,26,24,4,20,2,1,1,15,11,0,11,4,1,3,104,94,42,52,10,2,8,15,11,3,8,4,1,3,66,56,8,48,10,5,5,119,108,26,82,11,3,8,20,16,6,10,4,0,4
S01011937,394,360,88,272,34,10,24,35,35,1,34,0,0,0,30,29,1,28,1,1,0,24,18,1,17,6,2,4,117,108,47,61,9,0,9,12,10,3,7,2,1,1,70,62,10,52,8,2,6,88,83,20,63,5,2,3,18,15,5,10,3,2,1
S01011938,385,327,69,258,58,13,45,23,22,1,21,1,0,1,22,18,1,17,4,0,4,31,24,0,24,7,0,7,112,92,33,59,20,4,16,16,12,0,12,4,1,3,55,44,11,33,11,4,7,103,97,18,79,6,2,4,23,18,5,13,5,2,3
S01011939,417,387,102,285,30,7,23,25,25,0,25,0,0,0,20,19,2,17,1,0,1,32,23,3,20,9,2,7,140,136,53,83,4,0,4,20,16,3,13,4,0,4,55,52,13,39,3,0,3,105,99,21,78,6,2,4,20,17,7,10,3,3,0
S01011940,240,225,41,184,15,3,12,21,21,1,20,0,0,0,25,25,1,24,0,0,0,12,9,1,8,3,0,3,70,67,15,52,3,1,2,13,9,2,7,4,0,4,33,31,7,24,2,0,2,44,44,10,34,0,0,0,22,19,4,15,3,2,1
S01011941,472,437,110,327,35,12,23,25,25,3,22,0,0,0,27,27,0,27,0,0,0,20,17,1,16,3,0,3,160,155,63,92,5,2,3,31,22,1,21,9,5,4,68,62,12,50,6,1,5,100,95,24,71,5,0,5,41,34,6,28,7,4,3
S01011942,470,434,120,314,36,7,29,32,32,3,29,0,0,0,34,31,2,29,3,1,2,39,31,4,27,8,1,7,164,157,78,79,7,1,6,22,17,2,15,5,1,4,68,62,17,45,6,2,4,84,81,10,71,3,1,2,27,23,4,19,4,0,4
S01011943,577,533,158,375,44,11,33,30,29,4,25,1,1,0,26,26,2,24,0,0,0,47,35,3,32,12,3,9,209,199,95,104,10,2,8,35,32,2,30,3,0,3,56,52,8,44,4,0,4,138,134,36,98,4,2,2,36,26,8,18,10,3,7
S01011944,207,153,46,107,54,19,35,21,17,2,15,4,0,4,17,9,1,8,8,2,6,13,5,1,4,8,2,6,37,31,14,17,6,2,4,9,6,1,5,3,1,2,29,18,7,11,11,3,8,69,63,19,44,6,4,2,12,4,1,3,8,5,3
S01011945,347,273,89,184,74,14,60,20,18,7,11,2,0,2,26,15,1,14,11,3,8,29,16,2,14,13,0,13,54,41,20,21,13,0,13,12,10,5,5,2,1,1,64,50,13,37,14,6,8,121,109,36,73,12,1,11,21,14,5,9,7,3,4
S01011946,323,280,93,187,43,16,27,26,22,2,20,4,1,3,16,15,0,15,1,1,0,21,17,0,17,4,1,3,89,81,41,40,8,1,7,22,18,1,17,4,2,2,43,33,11,22,10,3,7,88,80,29,51,8,4,4,18,14,9,5,4,3,1
S01011947,216,199,69,130,17,5,12,14,11,1,10,3,0,3,8,8,1,7,0,0,0,11,11,2,9,0,0,0,52,46,22,24,6,2,4,16,15,2,13,1,0,1,25,23,7,16,2,2,0,75,73,28,45,2,1,1,15,12,6,6,3,0,3
S01011948,484,389,115,274,95,21,74,31,27,4,23,4,2,2,25,22,4,18,3,2,1,23,17,1,16,6,0,6,110,83,40,43,27,4,23,28,20,3,17,8,2,6,77,55,9,46,22,4,18,162,150,51,99,12,3,9,28,15,3,12,13,4,9
S01011949,303,257,81,176,46,19,27,23,18,1,17,5,1,4,14,11,1,10,3,1,2,28,18,3,15,10,4,6,54,45,20,25,9,3,6,12,11,2,9,1,0,1,41,33,13,20,8,4,4,120,113,36,77,7,5,2,11,8,5,3,3,1,2
S01011950,307,271,76,195,36,11,25,16,15,2,13,1,0,1,12,8,0,8,4,2,2,31,21,2,19,10,1,9,54,51,21,30,3,1,2,22,20,4,16,2,1,1,49,38,9,29,11,4,7,103,102,30,72,1,1,0,20,16,8,8,4,1,3
S01011951,323,272,83,189,51,16,35,18,15,1,14,3,2,1,23,20,4,16,3,2,1,34,17,2,15,17,2,15,80,77,33,44,3,1,2,20,13,2,11,7,0,7,46,35,11,24,11,6,5,83,80,26,54,3,1,2,19,15,4,11,4,2,2
S01011952,234,203,52,151,31,10,21,23,23,4,19,0,0,0,17,14,2,12,3,2,1,26,18,1,17,8,0,8,35,28,11,17,7,2,5,13,12,1,11,1,0,1,31,27,7,20,4,1,3,74,68,21,47,6,4,2,15,13,5,8,2,1,1
S01011953,360,304,93,211,56,15,41,27,24,6,18,3,1,2,18,16,2,14,2,0,2,30,20,0,20,10,0,10,67,61,34,27,6,1,5,17,13,2,11,4,3,1,55,41,8,33,14,4,10,126,111,34,77,15,4,11,20,18,7,11,2,2,0
S01011954,228,212,66,146,16,6,10,17,16,2,14,1,0,1,11,11,1,10,0,0,0,25,19,3,16,6,1,5,53,51,20,31,2,1,1,12,11,1,10,1,1,0,31,27,10,17,4,2,2,68,67,24,43,1,0,1,11,10,5,5,1,1,0
S01011955,460,390,121,269,70,18,52,28,27,4,23,1,1,0,23,21,1,20,2,0,2,40,24,2,22,16,1,15,115,98,54,44,17,0,17,27,24,1,23,3,1,2,62,47,14,33,15,8,7,141,132,41,91,9,5,4,24,17,4,13,7,2,5
S01011956,528,461,135,326,67,16,51,33,27,6,21,6,1,5,42,38,5,33,4,1,3,50,36,3,33,14,2,12,92,77,34,43,15,3,12,27,24,1,23,3,1,2,87,76,15,61,11,2,9,180,171,67,104,9,4,5,17,12,4,8,5,2,3
S01011957,499,417,89,328,82,12,70,100,91,4,87,9,2,7,20,18,5,13,2,1,1,27,15,1,14,12,2,10,124,94,23,71,30,3,27,12,8,1,7,4,0,4,57,44,7,37,13,1,12,121,113,34,79,8,2,6,38,34,14,20,4,1,3
S01011958,545,412,109,303,133,36,97,73,45,3,42,28,2,26,30,25,2,23,5,2,3,51,26,4,22,25,4,21,114,93,31,62,21,6,15,32,21,4,17,11,3,8,74,56,14,42,18,10,8,148,132,44,88,16,6,10,23,14,7,7,9,3,6
S01011959,428,341,98,243,87,24,63,51,34,6,28,17,5,12,20,18,2,16,2,0,2,34,21,1,20,13,5,8,94,73,37,36,21,5,16,23,16,1,15,7,1,6,71,60,9,51,11,2,9,118,105,34,71,13,6,7,17,14,8,6,3,0,3
S01011960,466,397,103,294,69,23,46,49,40,6,34,9,2,7,25,22,4,18,3,0,3,15,10,0,10,5,1,4,94,81,29,52,13,2,11,21,16,1,15,5,3,2,60,45,10,35,15,6,9,180,169,46,123,11,7,4,22,14,7,7,8,2,6
S01011961,409,372,97,275,37,14,23,15,14,2,12,1,0,1,25,25,1,24,0,0,0,37,26,0,26,11,3,8,93,90,41,49,3,0,3,23,19,1,18,4,1,3,53,47,7,40,6,3,3,150,142,43,99,8,4,4,13,9,2,7,4,3,1
S01011962,366,297,61,236,69,21,48,37,28,6,22,9,2,7,29,25,3,22,4,1,3,30,15,1,14,15,2,13,54,43,17,26,11,2,9,15,12,1,11,3,0,3,56,41,3,38,15,5,10,125,122,25,97,3,1,2,20,11,5,6,9,8,1
S01011963,247,222,49,173,25,10,15,18,18,1,17,0,0,0,18,16,3,13,2,0,2,12,8,0,8,4,2,2,42,40,14,26,2,1,1,10,8,0,8,2,0,2,37,33,8,25,4,2,2,97,94,22,72,3,2,1,13,5,1,4,8,3,5
S01011964,522,470,108,362,52,8,44,41,36,4,32,5,1,4,40,38,3,35,2,0,2,46,36,2,34,10,2,8,107,96,40,56,11,3,8,29,23,2,21,6,0,6,54,48,11,37,6,0,6,182,177,42,135,5,0,5,23,16,4,12,7,2,5
S01011965,327,292,88,204,35,8,27,9,8,0,8,1,0,1,18,18,1,17,0,0,0,20,13,2,11,7,0,7,52,48,24,24,4,0,4,23,19,2,17,4,0,4,51,43,14,29,8,4,4,144,136,41,95,8,4,4,10,7,4,3,3,0,3
S01011966,390,336,99,237,54,14,40,19,12,2,10,7,1,6,23,21,1,20,2,2,0,23,15,2,13,8,3,5,74,63,29,34,11,2,9,24,20,2,18,4,0,4,52,43,8,35,9,3,6,166,157,52,105,9,2,7,9,5,3,2,4,1,3
S01011967,563,432,108,324,131,24,107,44,25,1,24,19,2,17,39,28,5,23,11,1,10,38,21,1,20,17,1,16,103,75,28,47,28,3,25,29,21,2,19,8,1,7,77,54,10,44,23,10,13,212,193,57,136,19,5,14,21,15,4,11,6,1,5
S01011968,509,452,114,338,57,10,47,18,17,4,13,1,0,1,28,25,1,24,3,0,3,36,24,3,21,12,1,11,79,66,33,33,13,1,12,36,30,2,28,6,1,5,59,50,14,36,9,3,6,229,219,47,172,10,3,7,24,21,10,11,3,1,2
S01011969,494,449,116,333,45,14,31,38,32,5,27,6,2,4,71,70,8,62,1,1,0,58,43,2,41,15,4,11,106,103,39,64,3,1,2,28,25,5,20,3,0,3,51,47,14,33,4,1,3,128,118,41,77,10,4,6,14,11,2,9,3,1,2
S01011970,489,439,109,330,50,11,39,34,28,0,28,6,1,5,118,114,11,103,4,1,3,54,37,2,35,17,3,14,105,97,41,56,8,1,7,32,29,5,24,3,0,3,38,30,13,17,8,3,5,94,92,30,62,2,1,1,14,12,7,5,2,1,1
S01011971,278,220,57,163,58,11,47,35,25,3,22,10,2,8,33,27,2,25,6,0,6,28,16,1,15,12,3,9,56,51,19,32,5,2,3,12,9,1,8,3,0,3,22,15,6,9,7,1,6,77,72,24,48,5,2,3,15,5,1,4,10,1,9
S01011972,589,433,120,313,156,42,114,93,44,3,41,49,7,42,38,29,1,28,9,3,6,49,28,1,27,21,2,19,104,85,42,43,19,6,13,29,23,5,18,6,1,5,77,47,14,33,30,15,15,169,153,49,104,16,6,10,30,24,5,19,6,2,4
S01011973,322,260,68,192,62,18,44,40,29,3,26,11,0,11,15,14,0,14,1,0,1,24,14,0,14,10,2,8,65,56,19,37,9,4,5,21,18,1,17,3,2,1,37,25,7,18,12,6,6,102,92,34,58,10,3,7,18,12,4,8,6,1,5
S01011974,411,333,88,245,78,21,57,63,52,5,47,11,1,10,40,33,4,29,7,1,6,31,16,3,13,15,1,14,79,66,25,41,13,3,10,18,13,2,11,5,3,2,46,31,8,23,15,4,11,113,106,33,73,7,6,1,21,16,8,8,5,2,3
S01011975,225,178,46,132,47,12,35,30,21,3,18,9,2,7,8,7,0,7,1,0,1,28,18,1,17,10,3,7,52,43,19,24,9,1,8,8,7,0,7,1,1,0,27,19,4,15,8,1,7,58,55,18,37,3,2,1,14,8,1,7,6,2,4
S01011976,370,300,76,224,70,14,56,18,13,0,13,5,0,5,26,25,1,24,1,0,1,45,29,1,28,16,0,16,84,67,31,36,17,5,12,14,11,2,9,3,1,2,39,26,4,22,13,3,10,120,113,34,79,7,3,4,24,16,3,13,8,2,6
S01011977,548,436,129,307,112,27,85,70,36,3,33,34,7,27,43,39,3,36,4,0,4,52,38,2,36,14,1,13,110,96,48,48,14,2,12,32,27,4,23,5,1,4,65,45,13,32,20,4,16,147,133,48,85,14,7,7,29,22,8,14,7,5,2
S01011978,280,244,72,172,36,16,20,22,16,0,16,6,3,3,18,15,1,14,3,1,2,30,21,1,20,9,2,7,79,68,30,38,11,6,5,12,10,1,9,2,0,2,17,16,4,12,1,1,0,85,82,26,56,3,2,1,17,16,9,7,1,1,0
S01011979,523,413,109,304,110,29,81,73,49,2,47,24,1,23,24,19,1,18,5,3,2,32,15,0,15,17,4,13,108,88,37,51,20,2,18,34,32,5,27,2,0,2,75,52,16,36,23,11,12,159,145,43,102,14,6,8,18,13,5,8,5,2,3
S01011980,206,146,30,116,60,11,49,39,16,0,16,23,2,21,9,6,0,6,3,0,3,18,13,2,11,5,2,3,44,37,13,24,7,3,4,8,4,0,4,4,0,4,31,20,4,16,11,3,8,50,46,9,37,4,1,3,7,4,2,2,3,0,3
S01011981,515,369,101,268,146,41,105,66,39,4,35,27,3,24,18,14,2,12,4,0,4,27,13,0,13,14,4,10,158,116,38,78,42,13,29,23,17,7,10,6,1,5,87,59,17,42,28,9,19,91,75,27,48,16,5,11,45,36,6,30,9,6,3
S01011982,515,366,122,244,149,32,117,92,51,16,35,41,6,35,25,16,1,15,9,0,9,37,20,1,19,17,2,15,120,89,39,50,31,8,23,21,13,1,12,8,1,7,73,52,20,32,21,9,12,109,102,33,69,7,3,4,38,23,11,12,15,3,12
S01011983,363,261,79,182,102,25,77,34,19,2,17,15,3,12,13,12,3,9,1,0,1,33,14,0,14,19,1,18,124,97,30,67,27,10,17,14,11,1,10,3,0,3,59,34,10,24,25,7,18,61,57,27,30,4,1,3,25,17,6,11,8,3,5
S01011984,294,260,78,182,34,10,24,17,14,1,13,3,1,2,31,31,3,28,0,0,0,35,25,3,22,10,2,8,72,61,34,27,11,2,9,14,14,2,12,0,0,0,30,28,5,23,2,2,0,73,71,22,49,2,1,1,22,16,8,8,6,2,4
S01011985,368,285,87,198,83,17,66,18,15,1,14,3,0,3,27,23,4,19,4,0,4,51,30,1,29,21,3,18,95,73,32,41,22,1,21,21,16,3,13,5,2,3,25,14,4,10,11,6,5,114,102,37,65,12,3,9,17,12,5,7,5,2,3
S01011986,277,232,72,160,45,9,36,19,12,1,11,7,2,5,32,31,1,30,1,0,1,30,17,0,17,13,1,12,76,65,29,36,11,1,10,10,7,1,6,3,0,3,32,29,9,20,3,0,3,63,60,27,33,3,3,0,15,11,4,7,4,2,2
S01011987,439,384,132,252,55,22,33,28,21,3,18,7,3,4,36,34,5,29,2,1,1,47,33,1,32,14,2,12,102,93,51,42,9,4,5,25,23,6,17,2,1,1,45,32,14,18,13,6,7,139,134,45,89,5,5,0,17,14,7,7,3,0,3
S01011988,288,232,70,162,56,12,44,15,12,2,10,3,1,2,16,15,2,13,1,0,1,35,22,3,19,13,0,13,78,62,29,33,16,4,12,18,14,3,11,4,0,4,28,20,4,16,8,2,6,87,79,23,56,8,3,5,11,8,4,4,3,2,1
S01011989,416,351,110,241,65,21,44,23,18,2,16,5,0,5,35,30,1,29,5,1,4,38,28,2,26,10,2,8,101,86,45,41,15,4,11,19,16,3,13,3,2,1,61,48,15,33,13,6,7,121,114,39,75,7,2,5,18,11,3,8,7,4,3
S01011990,312,258,78,180,54,18,36,24,21,2,19,3,0,3,21,21,2,19,0,0,0,23,17,0,17,6,0,6,68,55,28,27,13,4,9,22,19,2,17,3,1,2,59,43,13,30,16,3,13,77,69,25,44,8,7,1,18,13,6,7,5,3,2
S01011991,354,304,93,211,50,16,34,19,16,0,16,3,2,1,25,23,2,21,2,0,2,42,34,1,33,8,1,7,96,78,42,36,18,4,14,25,22,4,18,3,2,1,37,28,7,21,9,4,5,99,94,33,61,5,1,4,11,9,4,5,2,2,0
S01011992,434,352,103,249,82,18,64,12,10,0,10,2,1,1,33,29,4,25,4,1,3,39,21,3,18,18,3,15,110,84,31,53,26,3,23,22,18,4,14,4,2,2,49,40,12,28,9,3,6,139,128,42,86,11,4,7,30,22,7,15,8,1,7
S01011993,415,385,106,279,30,13,17,17,15,3,12,2,1,1,45,45,6,39,0,0,0,32,32,1,31,0,0,0,122,112,44,68,10,3,7,22,18,4,14,4,2,2,52,47,12,35,5,2,3,94,89,25,64,5,3,2,31,27,11,16,4,2,2
S01011994,255,187,69,118,68,22,46,13,9,1,8,4,1,3,27,20,0,20,7,4,3,12,4,1,3,8,1,7,51,37,20,17,14,1,13,7,3,2,1,4,2,2,40,24,7,17,16,7,9,91,81,35,46,10,4,6,14,9,3,6,5,2,3
S01011995,453,345,92,253,108,23,85,83,54,11,43,29,3,26,26,20,0,20,6,1,5,36,19,1,18,17,2,15,94,78,28,50,16,3,13,23,16,1,15,7,2,5,58,48,17,31,10,3,7,107,95,32,63,12,4,8,26,15,2,13,11,5,6
S01011996,269,233,68,165,36,16,20,27,24,4,20,3,0,3,9,9,0,9,0,0,0,20,14,0,14,6,0,6,81,72,29,43,9,2,7,19,18,5,13,1,1,0,35,25,6,19,10,6,4,67,64,22,42,3,3,0,11,7,2,5,4,4,0
S01011997,469,405,107,298,64,20,44,45,41,10,31,4,2,2,22,20,2,18,2,1,1,52,32,3,29,20,3,17,109,98,36,62,11,2,9,28,19,2,17,9,3,6,46,40,12,28,6,2,4,142,132,38,94,10,5,5,25,23,4,19,2,2,0
S01011998,246,191,57,134,55,11,44,22,19,3,16,3,0,3,14,11,2,9,3,0,3,22,15,1,14,7,0,7,57,44,18,26,13,5,8,5,4,1,3,1,0,1,55,33,7,26,22,3,19,63,57,21,36,6,3,3,8,8,4,4,0,0,0
S01011999,359,282,87,195,77,24,53,44,30,3,27,14,1,13,22,15,2,13,7,3,4,28,17,1,16,11,4,7,92,75,32,43,17,5,12,22,20,4,16,2,1,1,51,37,14,23,14,4,10,80,73,25,48,7,4,3,20,15,6,9,5,2,3
S01012000,248,211,54,157,37,6,31,21,19,2,17,2,0,2,20,16,1,15,4,1,3,27,14,1,13,13,2,11,52,43,15,28,9,2,7,13,10,4,6,3,0,3,31,28,6,22,3,0,3,70,69,21,48,1,0,1,14,12,4,8,2,1,1
S01012001,335,282,74,208,53,11,42,29,24,4,20,5,1,4,25,23,1,22,2,0,2,50,41,2,39,9,1,8,70,59,26,33,11,3,8,20,16,3,13,4,0,4,43,32,7,25,11,1,10,77,68,22,46,9,5,4,21,19,9,10,2,0,2
S01012002,249,213,59,154,36,7,29,18,17,2,15,1,0,1,12,11,0,11,1,1,0,39,25,0,25,14,1,13,51,43,18,25,8,0,8,14,12,1,11,2,1,1,27,21,7,14,6,3,3,74,72,26,46,2,0,2,14,12,5,7,2,1,1
S01012003,286,254,79,175,32,9,23,17,15,2,13,2,1,1,16,14,2,12,2,2,0,40,28,2,26,12,0,12,68,62,28,34,6,2,4,13,12,1,11,1,0,1,27,24,7,17,3,0,3,93,90,34,56,3,2,1,12,9,3,6,3,2,1
S01012004,427,366,112,254,61,15,46,38,35,3,32,3,1,2,28,26,3,23,2,0,2,39,23,4,19,16,3,13,89,83,43,40,6,0,6,34,26,2,24,8,0,8,39,32,11,21,7,3,4,139,129,40,89,10,3,7,21,12,6,6,9,5,4
S01012005,471,417,122,295,54,11,43,34,33,4,29,1,0,1,22,20,0,20,2,0,2,47,34,2,32,13,0,13,101,95,47,48,6,1,5,29,23,0,23,6,1,5,77,67,20,47,10,3,7,144,133,46,87,11,5,6,17,12,3,9,5,1,4
S01012006,399,303,76,227,96,17,79,56,18,1,17,38,1,37,10,9,1,8,1,0,1,25,12,1,11,13,1,12,77,63,18,45,14,4,10,10,5,2,3,5,1,4,39,26,9,17,13,5,8,169,162,40,122,7,2,5,13,8,4,4,5,3,2
S01012007,386,307,78,229,79,19,60,33,25,3,22,8,1,7,16,14,0,14,2,0,2,21,13,1,12,8,1,7,122,96,29,67,26,7,19,18,14,0,14,4,1,3,50,36,10,26,14,4,10,111,96,33,63,15,5,10,15,13,2,11,2,0,2
S01012008,503,387,112,275,116,37,79,29,19,0,19,10,0,10,25,17,4,13,8,1,7,34,19,2,17,15,6,9,143,117,38,79,26,10,16,27,21,1,20,6,2,4,50,36,12,24,14,5,9,164,137,45,92,27,10,17,31,21,10,11,10,3,7
S01012009,430,333,74,259,97,29,68,35,20,1,19,15,1,14,11,8,2,6,3,0,3,33,18,1,17,15,4,11,114,99,29,70,15,4,11,25,19,1,18,6,3,3,119,97,12,85,22,6,16,68,57,23,34,11,5,6,25,15,5,10,10,6,4
S01012010,609,482,102,380,127,26,101,24,24,3,21,0,0,0,25,21,1,20,4,2,2,39,25,2,23,14,2,12,287,232,50,182,55,8,47,14,9,1,8,5,3,2,53,37,14,23,16,1,15,116,98,21,77,18,9,9,51,36,10,26,15,1,14
S01012011,587,478,140,338,109,22,87,28,22,1,21,6,0,6,25,22,6,16,3,1,2,36,16,1,15,20,2,18,274,241,83,158,33,1,32,29,22,3,19,7,3,4,54,36,3,33,18,5,13,84,76,30,46,8,4,4,57,43,13,30,14,6,8
S01012012,285,211,55,156,74,16,58,28,17,1,16,11,1,10,18,16,1,15,2,1,1,24,12,1,11,12,2,10,98,70,20,50,28,6,22,9,8,2,6,1,0,1,31,20,4,16,11,3,8,58,54,23,31,4,1,3,19,14,3,11,5,2,3
S01012013,397,273,78,195,124,27,97,31,16,3,13,15,0,15,17,9,3,6,8,4,4,45,27,1,26,18,2,16,99,74,30,44,25,5,20,15,10,2,8,5,1,4,81,48,8,40,33,9,24,74,64,27,37,10,5,5,35,25,4,21,10,1,9
S01012014,433,353,109,244,80,22,58,22,17,0,17,5,2,3,22,17,1,16,5,1,4,45,32,3,29,13,1,12,131,110,37,73,21,4,17,9,8,1,7,1,1,0,53,38,13,25,15,7,8,91,82,45,37,9,3,6,60,49,9,40,11,3,8
S01012015,457,369,112,257,88,20,68,54,42,1,41,12,2,10,17,15,2,13,2,0,2,45,32,3,29,13,0,13,138,115,48,67,23,1,22,19,12,6,6,7,2,5,51,38,12,26,13,5,8,94,84,33,51,10,6,4,39,31,7,24,8,4,4
S01012016,480,367,96,271,113,34,79,49,27,3,24,22,4,18,30,25,8,17,5,1,4,33,13,2,11,20,4,16,172,148,32,116,24,5,19,21,15,1,14,6,1,5,68,50,16,34,18,8,10,73,63,27,36,10,6,4,34,26,7,19,8,5,3
S01012017,250,136,44,92,114,34,80,44,19,4,15,25,2,23,5,3,0,3,2,1,1,18,6,1,5,12,1,11,48,25,8,17,23,6,17,10,6,2,4,4,1,3,50,30,6,24,20,11,9,55,39,21,18,16,9,7,20,8,2,6,12,3,9
S01012018,455,326,99,227,129,31,98,60,45,8,37,15,2,13,25,20,7,13,5,2,3,51,26,2,24,25,3,22,115,89,31,58,26,7,19,17,13,2,11,4,1,3,67,40,11,29,27,8,19,85,68,31,37,17,4,13,35,25,7,18,10,4,6
S01012019,432,385,93,292,47,9,38,5,4,0,4,1,1,0,27,25,1,24,2,0,2,35,30,3,27,5,0,5,65,53,20,33,12,3,9,30,26,5,21,4,0,4,77,63,15,48,14,2,12,170,165,41,124,5,2,3,23,19,8,11,4,1,3
S01012020,301,272,87,185,29,7,22,4,3,0,3,1,0,1,25,23,4,19,2,0,2,25,17,1,16,8,0,8,48,45,21,24,3,1,2,26,21,1,20,5,0,5,35,28,9,19,7,4,3,120,117,40,77,3,2,1,18,18,11,7,0,0,0
S01012021,284,246,79,167,38,15,23,4,4,0,4,0,0,0,18,17,0,17,1,0,1,22,20,2,18,2,0,2,58,53,23,30,5,2,3,24,21,3,18,3,1,2,39,26,8,18,13,4,9,104,95,34,61,9,6,3,15,10,9,1,5,2,3
S01012022,343,297,83,214,46,12,34,5,5,1,4,0,0,0,33,31,3,28,2,1,1,33,19,2,17,14,1,13,66,57,27,30,9,1,8,28,27,3,24,1,0,1,39,35,7,28,4,1,3,123,112,37,75,11,6,5,16,11,3,8,5,2,3
S01012023,292,197,54,143,95,21,74,27,3,0,3,24,2,22,28,23,4,19,5,3,2,24,14,4,10,10,0,10,31,21,8,13,10,2,8,24,19,7,12,5,3,2,52,31,6,25,21,3,18,84,70,23,47,14,7,7,22,16,2,14,6,1,5
S01012024,462,401,88,313,61,14,47,18,14,3,11,4,1,3,42,39,2,37,3,0,3,30,23,4,19,7,0,7,53,49,19,30,4,1,3,55,41,5,36,14,3,11,68,58,15,43,10,1,9,174,165,38,127,9,6,3,22,12,2,10,10,2,8
S01012025,359,322,88,234,37,9,28,6,6,0,6,0,0,0,25,23,2,21,2,0,2,25,18,0,18,7,1,6,74,68,32,36,6,1,5,37,30,5,25,7,1,6,50,43,7,36,7,3,4,121,116,32,84,5,1,4,21,18,10,8,3,2,1
S01012026,356,309,88,221,47,12,35,12,10,0,10,2,0,2,22,21,4,17,1,0,1,27,22,5,17,5,0,5,62,50,23,27,12,2,10,38,33,5,28,5,1,4,62,57,15,42,5,3,2,122,109,32,77,13,4,9,11,7,4,3,4,2,2
S01012027,445,368,83,285,77,14,63,21,5,0,5,16,1,15,41,36,2,34,5,0,5,37,28,3,25,9,2,7,78,68,33,35,10,2,8,43,37,4,33,6,1,5,79,63,9,54,16,2,14,128,118,29,89,10,5,5,18,13,3,10,5,1,4
S01012028,462,395,107,288,67,20,47,9,7,0,7,2,0,2,30,28,1,27,2,0,2,20,13,2,11,7,1,6,97,82,37,45,15,1,14,56,46,8,38,10,5,5,97,80,20,60,17,5,12,136,127,35,92,9,5,4,17,12,4,8,5,3,2
S01012029,544,459,130,329,85,16,69,27,16,1,15,11,1,10,39,36,2,34,3,0,3,41,31,1,30,10,1,9,101,92,47,45,9,1,8,64,47,9,38,17,6,11,76,59,13,46,17,2,15,173,161,55,106,12,3,9,23,17,2,15,6,2,4
S01012030,375,290,90,200,85,15,70,35,13,2,11,22,0,22,37,34,3,31,3,0,3,30,15,2,13,15,1,14,62,54,29,25,8,2,6,28,20,3,17,8,0,8,51,33,11,22,18,5,13,107,102,29,73,5,4,1,25,19,11,8,6,3,3
S01012031,256,207,55,152,49,12,37,7,7,0,7,0,0,0,20,16,1,15,4,1,3,28,18,6,12,10,1,9,35,27,14,13,8,3,5,19,15,2,13,4,1,3,53,42,8,34,11,3,8,83,75,24,51,8,3,5,11,7,0,7,4,0,4
S01012032,192,144,46,98,48,8,40,18,3,0,3,15,2,13,19,14,2,12,5,0,5,11,6,0,6,5,0,5,29,26,13,13,3,0,3,11,9,3,6,2,1,1,36,25,5,20,11,2,9,57,53,18,35,4,3,1,11,8,5,3,3,0,3
S01012033,388,352,96,256,36,10,26,4,4,1,3,0,0,0,35,33,2,31,2,0,2,43,33,5,28,10,3,7,76,68,37,31,8,2,6,26,23,7,16,3,1,2,49,40,8,32,9,3,6,142,141,32,109,1,1,0,13,10,4,6,3,0,3
S01012034,383,330,87,243,53,15,38,6,5,0,5,1,1,0,36,33,2,31,3,0,3,29,20,1,19,9,1,8,56,49,24,25,7,2,5,44,39,3,36,5,1,4,66,53,15,38,13,4,9,126,118,41,77,8,2,6,20,13,1,12,7,4,3
S01012035,429,367,98,269,62,23,39,12,9,2,7,3,2,1,29,24,4,20,5,0,5,43,34,1,33,9,1,8,83,73,32,41,10,4,6,35,29,5,24,6,1,5,68,51,7,44,17,9,8,140,133,43,90,7,2,5,19,14,4,10,5,4,1
S01012036,401,360,97,263,41,11,30,12,10,0,10,2,0,2,30,27,1,26,3,0,3,32,24,2,22,8,1,7,68,64,34,30,4,2,2,32,29,5,24,3,1,2,61,52,9,43,9,2,7,149,142,38,104,7,4,3,17,12,8,4,5,1,4
S01012037,377,358,84,274,19,5,14,4,4,0,4,0,0,0,48,48,1,47,0,0,0,19,18,0,18,1,0,1,93,92,37,55,1,0,1,44,36,3,33,8,0,8,45,41,8,33,4,1,3,105,101,31,70,4,3,1,19,18,4,14,1,1,0
S01012038,285,263,99,164,22,8,14,5,5,1,4,0,0,0,33,33,3,30,0,0,0,18,10,1,9,8,1,7,76,75,41,34,1,0,1,26,19,3,16,7,2,5,39,36,12,24,3,3,0,72,71,33,38,1,0,1,16,14,5,9,2,2,0
S01012039,390,358,110,248,32,9,23,5,5,0,5,0,0,0,45,45,3,42,0,0,0,37,28,0,28,9,0,9,75,70,34,36,5,2,3,42,34,7,27,8,2,6,39,35,10,25,4,3,1,123,120,48,72,3,1,2,24,21,8,13,3,1,2
S01012040,364,330,82,248,34,7,27,7,7,1,6,0,0,0,24,24,0,24,0,0,0,40,28,1,27,12,1,11,62,59,27,32,3,0,3,31,24,3,21,7,1,6,51,46,9,37,5,2,3,131,125,35,90,6,3,3,18,17,6,11,1,0,1
S01012041,397,366,101,265,31,9,22,6,5,0,5,1,0,1,41,39,2,37,2,1,1,27,17,1,16,10,0,10,91,88,38,50,3,1,2,34,30,4,26,4,1,3,43,38,9,29,5,2,3,131,128,43,85,3,2,1,24,21,4,17,3,2,1
S01012042,417,376,111,265,41,11,30,10,10,0,10,0,0,0,39,38,7,31,1,0,1,35,25,1,24,10,2,8,96,90,44,46,6,1,5,40,34,3,31,6,0,6,55,49,10,39,6,2,4,125,120,42,78,5,4,1,17,10,4,6,7,2,5
S01012043,363,337,114,223,26,6,20,6,5,0,5,1,0,1,42,40,2,38,2,0,2,22,18,0,18,4,0,4,88,84,46,38,4,1,3,30,26,9,17,4,0,4,42,40,12,28,2,2,0,110,104,34,70,6,2,4,23,20,11,9,3,1,2
S01012044,301,279,76,203,22,6,16,7,7,0,7,0,0,0,29,28,4,24,1,0,1,32,21,0,21,11,2,9,53,52,25,27,1,1,0,28,25,5,20,3,0,3,39,38,9,29,1,0,1,96,93,26,67,3,2,1,17,15,7,8,2,1,1
S01012045,490,453,116,337,37,7,30,10,10,0,10,0,0,0,42,42,3,39,0,0,0,52,43,2,41,9,1,8,123,114,57,57,9,1,8,52,45,9,36,7,4,3,68,63,6,57,5,0,5,115,113,35,78,2,0,2,28,23,4,19,5,1,4
S01012046,244,230,70,160,14,2,12,6,6,0,6,0,0,0,27,27,4,23,0,0,0,10,8,0,8,2,0,2,65,62,27,35,3,0,3,24,22,4,18,2,0,2,21,19,1,18,2,1,1,76,73,26,47,3,0,3,15,13,8,5,2,1,1
S01012047,350,323,91,232,27,7,20,8,7,0,7,1,0,1,38,37,4,33,1,1,0,26,15,3,12,11,1,10,68,64,25,39,4,1,3,44,37,8,29,7,2,5,46,43,10,33,3,2,1,107,107,37,70,0,0,0,13,13,4,9,0,0,0
S01012048,266,250,63,187,16,3,13,10,10,0,10,0,0,0,29,29,0,29,0,0,0,13,10,0,10,3,0,3,56,53,22,31,3,0,3,35,30,6,24,5,2,3,34,30,6,24,4,0,4,76,75,25,50,1,1,0,13,13,4,9,0,0,0
S01012049,333,305,75,230,28,9,19,7,6,1,5,1,0,1,29,27,4,23,2,0,2,25,20,1,19,5,0,5,51,49,26,23,2,1,1,40,30,4,26,10,3,7,51,50,5,45,1,0,1,121,115,31,84,6,4,2,9,8,3,5,1,1,0
S01012050,541,501,129,372,40,7,33,9,8,1,7,1,0,1,61,58,6,52,3,0,3,51,39,0,39,12,1,11,96,92,35,57,4,0,4,53,47,10,37,6,2,4,77,72,15,57,5,1,4,166,163,50,113,3,1,2,28,22,12,10,6,2,4
S01012051,228,199,54,145,29,6,23,5,5,1,4,0,0,0,18,17,4,13,1,0,1,18,11,0,11,7,0,7,36,34,18,16,2,0,2,22,19,4,15,3,0,3,40,34,6,28,6,1,5,76,70,18,52,6,3,3,13,9,3,6,4,2,2
S01012052,424,399,103,296,25,5,20,6,5,0,5,1,0,1,39,36,3,33,3,1,2,31,29,5,24,2,1,1,101,96,41,55,5,0,5,46,39,8,31,7,0,7,62,59,14,45,3,2,1,126,125,29,96,1,1,0,13,10,3,7,3,0,3
S01012053,369,350,87,263,19,8,11,4,4,0,4,0,0,0,33,30,5,25,3,0,3,18,16,3,13,2,0,2,85,81,41,40,4,3,1,40,38,4,34,2,1,1,54,48,4,44,6,3,3,121,119,29,90,2,1,1,14,14,1,13,0,0,0
S01012054,328,305,95,210,23,10,13,9,8,0,8,1,0,1,38,37,3,34,1,0,1,18,13,0,13,5,2,3,93,91,39,52,2,0,2,43,36,9,27,7,4,3,22,19,7,12,3,1,2,89,87,31,56,2,1,1,16,14,6,8,2,2,0
S01012055,359,336,96,240,23,5,18,7,6,0,6,1,1,0,50,47,1,46,3,1,2,26,24,1,23,2,0,2,72,71,34,37,1,0,1,45,36,6,30,9,1,8,45,43,13,30,2,0,2,99,97,37,60,2,2,0,15,12,4,8,3,0,3
S01012056,362,320,85,235,42,12,30,8,8,1,7,0,0,0,33,31,2,29,2,0,2,31,19,1,18,12,2,10,61,55,24,31,6,4,2,25,20,1,19,5,1,4,46,41,11,30,5,0,5,138,130,38,92,8,3,5,20,16,7,9,4,2,2
S01012057,390,359,107,252,31,4,27,13,13,2,11,0,0,0,29,28,2,26,1,0,1,29,23,1,22,6,0,6,72,62,34,28,10,2,8,38,35,2,33,3,0,3,60,54,15,39,6,0,6,134,133,47,86,1,0,1,15,11,4,7,4,2,2
S01012058,361,313,90,223,48,9,39,10,9,1,8,1,0,1,27,26,2,24,1,0,1,30,22,2,20,8,0,8,63,50,28,22,13,0,13,35,28,4,24,7,0,7,59,47,8,39,12,5,7,116,113,38,75,3,2,1,21,18,7,11,3,2,1
S01012059,365,327,116,211,38,12,26,13,13,0,13,0,0,0,33,30,5,25,3,0,3,31,20,3,17,11,0,11,77,74,33,41,3,1,2,31,20,4,16,11,5,6,47,46,18,28,1,1,0,107,102,46,56,5,3,2,26,22,7,15,4,2,2
S01012060,364,331,88,243,33,8,25,8,8,0,8,0,0,0,24,22,1,21,2,0,2,26,22,2,20,4,0,4,77,70,28,42,7,1,6,37,31,3,28,6,2,4,54,48,15,33,6,3,3,114,113,30,83,1,0,1,24,17,9,8,7,2,5
S01012061,480,440,106,334,40,12,28,5,5,0,5,0,0,0,40,38,0,38,2,0,2,43,34,0,34,9,1,8,87,82,34,48,5,0,5,54,48,5,43,6,1,5,72,65,11,54,7,5,2,159,151,52,99,8,4,4,20,17,4,13,3,1,2
S01012062,486,433,122,311,53,11,42,8,8,0,8,0,0,0,45,43,4,39,2,0,2,36,28,1,27,8,1,7,118,109,52,57,9,2,7,49,35,9,26,14,2,12,59,51,13,38,8,1,7,152,146,34,112,6,4,2,19,13,9,4,6,1,5
S01012063,288,258,59,199,30,6,24,2,2,0,2,0,0,0,28,27,0,27,1,0,1,29,19,0,19,10,1,9,65,57,22,35,8,2,6,35,29,4,25,6,2,4,32,30,8,22,2,1,1,88,86,25,61,2,0,2,9,8,0,8,1,0,1
S01012064,194,185,67,118,9,5,4,2,2,1,1,0,0,0,14,14,3,11,0,0,0,15,12,2,10,3,0,3,44,42,20,22,2,2,0,30,28,5,23,2,1,1,31,30,12,18,1,1,0,49,49,21,28,0,0,0,9,8,3,5,1,1,0
S01012065,158,149,75,74,9,2,7,1,1,0,1,0,0,0,7,6,0,6,1,0,1,10,7,2,5,3,0,3,43,43,27,16,0,0,0,15,14,8,6,1,0,1,24,24,9,15,0,0,0,48,46,24,22,2,1,1,10,8,5,3,2,1,1
S01012066,360,339,106,233,21,8,13,6,6,0,6,0,0,0,37,37,2,35,0,0,0,18,17,1,16,1,0,1,104,98,48,50,6,4,2,34,29,2,27,5,0,5,40,37,12,25,3,2,1,104,100,35,65,4,1,3,17,15,6,9,2,1,1
S01012067,180,171,67,104,9,4,5,4,4,1,3,0,0,0,7,7,0,7,0,0,0,15,12,1,11,3,0,3,44,43,22,21,1,1,0,18,16,1,15,2,0,2,35,33,12,21,2,2,0,46,45,26,19,1,1,0,11,11,4,7,0,0,0
S01012068,127,121,55,66,6,3,3,2,2,0,2,0,0,0,11,11,3,8,0,0,0,8,8,0,8,0,0,0,36,36,18,18,0,0,0,17,15,3,12,2,1,1,13,13,6,7,0,0,0,31,30,20,10,1,0,1,9,6,5,1,3,2,1
S01012069,179,164,43,121,15,3,12,3,3,0,3,0,0,0,11,10,0,10,1,0,1,12,7,0,7,5,0,5,47,46,18,28,1,0,1,12,9,2,7,3,0,3,28,24,11,13,4,3,1,56,56,10,46,0,0,0,10,9,2,7,1,0,1
S01012070,250,234,69,165,16,6,10,2,2,0,2,0,0,0,30,30,1,29,0,0,0,16,13,1,12,3,1,2,70,64,30,34,6,1,5,21,17,1,16,4,2,2,43,43,18,25,0,0,0,52,49,14,35,3,2,1,16,16,4,12,0,0,0
S01012071,425,389,117,272,36,9,27,12,12,0,12,0,0,0,44,43,2,41,1,0,1,28,20,1,19,8,1,7,99,92,43,49,7,3,4,40,36,8,28,4,2,2,67,61,12,49,6,1,5,112,108,44,64,4,1,3,23,17,7,10,6,1,5
S01012072,435,401,117,284,34,8,26,3,3,1,2,0,0,0,36,35,5,30,1,1,0,27,21,2,19,6,0,6,92,86,36,50,6,1,5,48,41,7,34,7,1,6,86,79,18,61,7,3,4,119,116,44,72,3,1,2,24,20,4,16,4,1,3
S01012073,380,352,63,289,28,6,22,11,10,0,10,1,0,1,44,44,0,44,0,0,0,37,31,4,27,6,1,5,74,69,25,44,5,0,5,38,34,4,30,4,1,3,55,50,7,43,5,2,3,109,106,22,84,3,0,3,12,8,1,7,4,2,2
S01012074,415,377,86,291,38,4,34,10,9,1,8,1,0,1,32,30,3,27,2,0,2,39,28,2,26,11,1,10,74,68,22,46,6,0,6,35,30,4,26,5,0,5,64,56,12,44,8,2,6,144,144,39,105,0,0,0,17,12,3,9,5,1,4
S01012075,447,400,104,296,47,8,39,13,10,0,10,3,0,3,44,41,4,37,3,0,3,41,29,1,28,12,1,11,65,61,24,37,4,1,3,44,36,9,27,8,1,7,70,61,13,48,9,2,7,152,147,48,99,5,2,3,18,15,5,10,3,1,2
S01012076,363,332,78,254,31,6,25,6,6,1,5,0,0,0,36,31,2,29,5,1,4,29,22,2,20,7,0,7,72,70,23,47,2,0,2,31,20,3,17,11,4,7,49,45,3,42,4,1,3,122,121,35,86,1,0,1,18,17,9,8,1,0,1
S01012077,342,325,85,240,17,4,13,7,7,0,7,0,0,0,23,23,0,23,0,0,0,28,21,0,21,7,1,6,70,67,25,42,3,2,1,32,29,7,22,3,0,3,45,45,18,27,0,0,0,127,125,33,92,2,0,2,10,8,2,6,2,1,1
S01012078,473,439,116,323,34,7,27,10,10,1,9,0,0,0,47,43,11,32,4,0,4,32,28,4,24,4,0,4,94,87,39,48,7,2,5,45,38,1,37,7,0,7,59,56,10,46,3,0,3,165,161,47,114,4,2,2,21,16,3,13,5,3,2
S01012079,384,352,111,241,32,10,22,6,6,1,5,0,0,0,34,31,2,29,3,0,3,30,20,1,19,10,3,7,79,76,32,44,3,1,2,37,31,9,22,6,2,4,43,40,10,30,3,1,2,128,124,48,76,4,3,1,27,24,8,16,3,0,3
S01012080,312,294,108,186,18,4,14,4,4,0,4,0,0,0,27,27,2,25,0,0,0,22,17,3,14,5,0,5,81,80,43,37,1,1,0,32,26,6,20,6,1,5,30,30,9,21,0,0,0,106,101,43,58,5,2,3,10,9,2,7,1,0,1
S01012081,287,266,84,182,21,4,17,7,6,0,6,1,0,1,39,39,1,38,0,0,0,21,15,0,15,6,0,6,69,69,33,36,0,0,0,37,31,6,25,6,1,5,35,32,8,24,3,0,3,69,68,32,36,1,1,0,10,6,4,2,4,2,2
S01012082,242,229,66,163,13,5,8,2,2,0,2,0,0,0,17,16,0,16,1,1,0,23,18,0,18,5,1,4,52,51,20,31,1,1,0,25,21,4,17,4,1,3,31,30,5,25,1,0,1,79,78,30,48,1,1,0,13,13,7,6,0,0,0
S01012083,268,253,58,195,15,4,11,5,5,0,5,0,0,0,19,19,1,18,0,0,0,20,17,1,16,3,1,2,56,54,19,35,2,1,1,30,24,2,22,6,1,5,30,27,6,21,3,1,2,98,98,24,74,0,0,0,10,9,5,4,1,0,1
S01012084,312,286,78,208,26,7,19,6,6,2,4,0,0,0,35,33,2,31,2,0,2,27,22,3,19,5,0,5,56,56,23,33,0,0,0,26,18,2,16,8,1,7,44,38,8,30,6,2,4,99,96,32,64,3,2,1,19,17,6,11,2,2,0
S01012085,363,341,87,254,22,5,17,5,4,0,4,1,1,0,45,44,2,42,1,0,1,36,29,2,27,7,1,6,64,62,30,32,2,0,2,40,37,5,32,3,0,3,52,47,8,39,5,2,3,106,103,33,70,3,1,2,15,15,7,8,0,0,0
S01012086,386,371,105,266,15,3,12,5,5,0,5,0,0,0,39,38,3,35,1,0,1,33,29,0,29,4,1,3,108,103,37,66,5,0,5,37,35,6,29,2,0,2,40,37,8,29,3,2,1,108,108,43,65,0,0,0,16,16,8,8,0,0,0
S01012087,310,295,89,206,15,5,10,8,8,0,8,0,0,0,18,18,1,17,0,0,0,23,19,0,19,4,1,3,73,70,33,37,3,1,2,30,25,7,18,5,1,4,39,37,10,27,2,2,0,108,108,34,74,0,0,0,11,10,4,6,1,0,1
S01012088,389,356,93,263,33,6,27,4,4,0,4,0,0,0,38,35,0,35,3,0,3,38,31,3,28,7,0,7,60,57,27,30,3,0,3,37,28,8,20,9,2,7,55,53,11,42,2,0,2,137,133,40,93,4,3,1,20,15,4,11,5,1,4
S01012089,450,407,94,313,43,12,31,6,6,0,6,0,0,0,37,35,2,33,2,2,0,38,28,1,27,10,1,9,62,55,28,27,7,2,5,36,29,8,21,7,1,6,76,73,18,55,3,1,2,179,171,33,138,8,4,4,16,10,4,6,6,1,5
S01012090,444,378,96,282,66,15,51,8,8,1,7,0,0,0,32,31,2,29,1,0,1,34,27,3,24,7,0,7,74,64,29,35,10,3,7,39,25,6,19,14,2,12,76,60,14,46,16,1,15,165,152,36,116,13,8,5,16,11,5,6,5,1,4
S01012091,311,292,77,215,19,3,16,6,5,0,5,1,0,1,35,32,0,32,3,0,3,26,20,0,20,6,0,6,61,59,31,28,2,1,1,30,27,2,25,3,0,3,32,32,9,23,0,0,0,105,104,33,71,1,1,0,16,13,2,11,3,1,2
S01012092,289,262,70,192,27,7,20,2,2,0,2,0,0,0,29,28,3,25,1,0,1,26,19,0,19,7,2,5,45,44,24,20,1,0,1,23,20,4,16,3,0,3,54,47,11,36,7,2,5,103,98,27,71,5,2,3,7,4,1,3,3,1,2
S01012093,282,254,46,208,28,6,22,9,8,0,8,1,0,1,18,18,2,16,0,0,0,16,9,0,9,7,1,6,47,45,13,32,2,0,2,17,12,2,10,5,1,4,40,38,7,31,2,0,2,116,111,18,93,5,2,3,19,13,4,9,6,2,4
S01012094,396,338,82,256,58,5,53,7,7,1,6,0,0,0,32,30,1,29,2,0,2,27,21,0,21,6,0,6,61,45,24,21,16,1,15,40,35,5,30,5,0,5,61,46,6,40,15,1,14,155,144,40,104,11,1,10,13,10,5,5,3,2,1
S01012095,561,518,160,358,43,12,31,9,9,0,9,0,0,0,46,46,3,43,0,0,0,52,39,3,36,13,2,11,116,110,52,58,6,1,5,53,45,11,34,8,3,5,65,59,14,45,6,1,5,199,194,70,124,5,1,4,21,16,7,9,5,4,1
S01012096,369,340,127,213,29,4,25,8,6,1,5,2,0,2,36,35,2,33,1,0,1,39,28,4,24,11,0,11,93,92,54,38,1,0,1,39,30,4,26,9,1,8,32,29,6,23,3,1,2,111,110,49,61,1,1,0,11,10,7,3,1,1,0
S01012097,300,283,91,192,17,5,12,8,8,0,8,0,0,0,17,15,0,15,2,0,2,26,23,1,22,3,2,1,72,71,31,40,1,0,1,28,24,5,19,4,1,3,26,26,7,19,0,0,0,105,101,44,57,4,0,4,18,15,3,12,3,2,1
S01012098,286,272,79,193,14,6,8,9,7,1,6,2,1,1,37,37,3,34,0,0,0,25,23,0,23,2,2,0,69,68,29,39,1,0,1,27,26,3,23,1,0,1,29,26,5,21,3,1,2,74,72,32,40,2,1,1,16,13,6,7,3,1,2
S01012099,324,315,103,212,9,2,7,6,6,0,6,0,0,0,31,31,3,28,0,0,0,18,14,2,12,4,0,4,80,80,44,36,0,0,0,32,30,5,25,2,0,2,36,36,9,27,0,0,0,105,103,36,67,2,1,1,16,15,4,11,1,1,0
S01012100,455,418,142,276,37,15,22,11,11,1,10,0,0,0,45,40,4,36,5,3,2,39,26,1,25,13,4,9,93,88,43,45,5,2,3,43,37,8,29,6,1,5,53,49,19,30,4,2,2,153,151,59,92,2,2,0,18,16,7,9,2,1,1
S01012101,410,367,117,250,43,14,29,5,5,0,5,0,0,0,26,25,1,24,1,0,1,24,19,0,19,5,0,5,93,86,54,32,7,2,5,38,32,7,25,6,1,5,63,48,6,42,15,6,9,147,141,46,95,6,3,3,14,11,3,8,3,2,1
S01012102,269,256,94,162,13,5,8,4,4,1,3,0,0,0,23,19,2,17,4,1,3,13,13,0,13,0,0,0,79,76,40,36,3,1,2,22,20,3,17,2,1,1,30,28,8,20,2,1,1,85,85,35,50,0,0,0,13,11,5,6,2,1,1
S01012103,517,472,110,362,45,14,31,8,7,0,7,1,0,1,28,28,1,27,0,0,0,53,38,1,37,15,5,10,90,88,35,53,2,0,2,49,39,5,34,10,2,8,86,79,11,68,7,1,6,186,179,53,126,7,5,2,17,14,4,10,3,1,2
S01012104,509,452,108,344,57,19,38,7,6,1,5,1,0,1,44,39,4,35,5,1,4,39,29,1,28,10,3,7,88,77,31,46,11,3,8,39,31,6,25,8,2,6,72,65,14,51,7,1,6,198,193,47,146,5,3,2,22,12,4,8,10,6,4
S01012105,599,535,140,395,64,14,50,11,10,0,10,1,0,1,52,50,0,50,2,1,1,52,33,1,32,19,1,18,97,87,45,42,10,5,5,46,38,8,30,8,2,6,86,78,17,61,8,1,7,218,209,54,155,9,1,8,37,30,15,15,7,3,4
S01012106,618,548,125,423,70,13,57,17,15,0,15,2,0,2,64,63,1,62,1,0,1,51,32,3,29,19,1,18,96,81,39,42,15,5,10,66,57,6,51,9,2,7,97,85,14,71,12,1,11,197,191,49,142,6,2,4,30,24,13,11,6,2,4
S01012107,320,273,69,204,47,10,37,7,4,1,3,3,0,3,24,22,2,20,2,0,2,20,18,3,15,2,0,2,51,40,19,21,11,2,9,30,24,2,22,6,0,6,39,27,2,25,12,4,8,133,126,36,90,7,2,5,16,12,4,8,4,2,2
S01012108,319,295,75,220,24,7,17,11,10,0,10,1,1,0,28,26,1,25,2,0,2,16,15,1,14,1,0,1,73,72,33,39,1,0,1,36,28,4,24,8,1,7,35,31,2,29,4,2,2,109,106,31,75,3,3,0,11,7,3,4,4,0,4
S01012109,425,397,98,299,28,9,19,12,12,0,12,0,0,0,35,34,2,32,1,0,1,39,33,0,33,6,0,6,108,103,49,54,5,3,2,37,33,5,28,4,1,3,59,53,6,47,6,2,4,118,116,30,86,2,2,0,17,13,6,7,4,1,3
S01012110,310,291,72,219,19,8,11,5,5,0,5,0,0,0,24,24,2,22,0,0,0,12,11,1,10,1,0,1,60,56,24,32,4,0,4,21,15,2,13,6,2,4,63,59,10,49,4,3,1,111,109,28,81,2,1,1,14,12,5,7,2,2,0
S01012111,236,218,57,161,18,4,14,2,2,0,2,0,0,0,20,19,1,18,1,0,1,17,13,0,13,4,2,2,62,58,31,27,4,0,4,17,16,2,14,1,0,1,27,25,8,17,2,1,1,80,75,12,63,5,1,4,11,10,3,7,1,0,1
S01012112,306,281,74,207,25,3,22,4,4,0,4,0,0,0,34,32,2,30,2,1,1,29,23,2,21,6,1,5,53,50,24,26,3,0,3,25,20,5,15,5,0,5,41,36,6,30,5,0,5,100,100,27,73,0,0,0,20,16,8,8,4,1,3
S01012113,447,409,101,308,38,11,27,5,4,0,4,1,0,1,35,34,2,32,1,1,0,38,33,2,31,5,0,5,77,70,32,38,7,2,5,50,36,9,27,14,3,11,69,65,10,55,4,1,3,150,147,42,105,3,3,0,23,20,4,16,3,1,2
S01012114,425,365,103,262,60,15,45,13,12,0,12,1,0,1,23,22,3,19,1,0,1,36,27,3,24,9,0,9,77,72,40,32,5,1,4,29,20,2,18,9,2,7,75,57,8,49,18,6,12,146,137,39,98,9,2,7,26,18,8,10,8,4,4
S01012115,235,230,64,166,5,1,4,8,8,0,8,0,0,0,24,24,2,22,0,0,0,14,12,1,11,2,0,2,43,41,19,22,2,1,1,20,19,5,14,1,0,1,33,33,9,24,0,0,0,80,80,24,56,0,0,0,13,13,4,9,0,0,0
S01012116,276,254,62,192,22,7,15,6,6,0,6,0,0,0,26,26,1,25,0,0,0,21,16,1,15,5,1,4,55,50,17,33,5,1,4,20,18,2,16,2,0,2,33,30,5,25,3,2,1,101,95,30,65,6,3,3,14,13,6,7,1,0,1
S01012117,472,431,75,356,41,9,32,17,17,2,15,0,0,0,58,53,1,52,5,1,4,45,37,1,36,8,0,8,67,64,19,45,3,0,3,40,33,5,28,7,0,7,68,62,13,49,6,2,4,153,152,31,121,1,1,0,24,13,3,10,11,5,6
S01012118,380,346,85,261,34,11,23,4,4,0,4,0,0,0,47,43,1,42,4,0,4,30,20,0,20,10,0,10,61,59,23,36,2,0,2,36,32,5,27,4,2,2,50,48,8,40,2,0,2,132,128,43,85,4,3,1,20,12,5,7,8,6,2
S01012119,453,410,130,280,43,9,34,8,6,1,5,2,1,1,41,39,6,33,2,0,2,50,36,2,34,14,0,14,80,75,37,38,5,2,3,40,29,4,25,11,4,7,60,56,16,40,4,0,4,162,158,58,100,4,2,2,12,11,6,5,1,0,1
S01012120,256,241,76,165,15,5,10,5,5,0,5,0,0,0,21,21,0,21,0,0,0,27,24,3,21,3,0,3,58,56,23,33,2,2,0,22,20,3,17,2,1,1,32,26,7,19,6,1,5,87,86,39,47,1,0,1,4,3,1,2,1,1,0
S01012121,370,350,108,242,20,6,14,3,3,1,2,0,0,0,28,28,1,27,0,0,0,32,28,1,27,4,0,4,94,90,45,45,4,1,3,21,16,3,13,5,0,5,52,50,10,40,2,1,1,117,115,37,78,2,2,0,23,20,10,10,3,2,1
S01012122,370,350,116,234,20,3,17,5,5,0,5,0,0,0,31,30,1,29,1,0,1,31,24,1,23,7,1,6,84,82,44,38,2,0,2,37,31,6,25,6,1,5,44,42,13,29,2,0,2,124,123,46,77,1,0,1,14,13,5,8,1,1,0
S01012123,270,238,70,168,32,10,22,5,4,0,4,1,0,1,25,19,1,18,6,1,5,16,14,0,14,2,1,1,74,65,34,31,9,4,5,18,15,2,13,3,0,3,43,38,8,30,5,1,4,73,72,22,50,1,0,1,16,11,3,8,5,3,2
S01012124,302,282,65,217,20,9,11,5,5,0,5,0,0,0,24,24,2,22,0,0,0,28,23,0,23,5,1,4,59,55,27,28,4,3,1,25,22,2,20,3,1,2,39,37,6,31,2,0,2,109,105,23,82,4,3,1,13,11,5,6,2,1,1
S01012125,325,303,76,227,22,5,17,1,1,0,1,0,0,0,28,27,3,24,1,0,1,28,22,2,20,6,0,6,70,67,25,42,3,1,2,29,23,9,14,6,0,6,46,44,0,44,2,0,2,107,106,32,74,1,1,0,16,13,5,8,3,3,0
S01012126,471,424,78,346,47,8,39,4,4,0,4,0,0,0,40,34,1,33,6,2,4,38,32,0,32,6,1,5,98,89,32,57,9,1,8,39,33,2,31,6,1,5,79,73,11,62,6,0,6,150,145,30,115,5,2,3,23,14,2,12,9,1,8
S01012127,421,383,82,301,38,7,31,6,4,0,4,2,0,2,40,38,3,35,2,1,1,38,30,0,30,8,1,7,86,80,33,47,6,2,4,42,37,3,34,5,0,5,72,67,3,64,5,2,3,110,109,34,75,1,0,1,27,18,6,12,9,1,8
S01012128,276,261,49,212,15,4,11,9,9,0,9,0,0,0,11,11,0,11,0,0,0,21,18,1,17,3,0,3,71,70,19,51,1,0,1,24,19,2,17,5,2,3,44,42,3,39,2,0,2,80,80,17,63,0,0,0,16,12,7,5,4,2,2
S01012129,346,319,69,250,27,6,21,5,5,0,5,0,0,0,31,31,2,29,0,0,0,26,19,2,17,7,1,6,58,53,20,33,5,1,4,41,38,5,33,3,0,3,43,41,6,35,2,0,2,120,114,27,87,6,3,3,22,18,7,11,4,1,3
S01012130,433,404,73,331,29,6,23,9,9,0,9,0,0,0,40,39,1,38,1,0,1,40,30,3,27,10,0,10,72,70,22,48,2,1,1,44,39,4,35,5,0,5,71,66,16,50,5,2,3,140,138,23,115,2,1,1,17,13,4,9,4,2,2
S01012131,477,453,134,319,24,7,17,1,1,0,1,0,0,0,49,47,6,41,2,1,1,31,27,3,24,4,0,4,123,116,58,58,7,3,4,53,47,4,43,6,0,6,52,51,10,41,1,0,1,144,140,39,101,4,3,1,24,24,14,10,0,0,0
S01012132,312,285,80,205,27,6,21,6,6,0,6,0,0,0,33,32,4,28,1,0,1,16,11,0,11,5,1,4,82,73,37,36,9,2,7,27,26,2,24,1,1,0,46,40,6,34,6,1,5,79,78,26,52,1,0,1,23,19,5,14,4,1,3
S01012133,416,385,85,300,31,3,28,9,9,0,9,0,0,0,53,51,3,48,2,0,2,25,19,2,17,6,0,6,90,81,38,43,9,1,8,33,30,1,29,3,0,3,59,53,11,42,6,1,5,129,126,25,101,3,1,2,18,16,5,11,2,0,2
S01012134,559,502,127,375,57,14,43,7,7,0,7,0,0,0,46,43,6,37,3,1,2,28,21,2,19,7,1,6,100,92,53,39,8,2,6,51,42,6,36,9,0,9,107,91,16,75,16,6,10,190,182,32,150,8,3,5,30,24,12,12,6,1,5
S01012135,357,338,114,224,19,6,13,3,3,0,3,0,0,0,28,27,1,26,1,0,1,26,23,1,22,3,0,3,103,101,52,49,2,0,2,30,26,5,21,4,0,4,45,41,15,26,4,3,1,109,108,34,74,1,1,0,13,9,6,3,4,2,2
S01012136,394,375,109,266,19,4,15,3,3,0,3,0,0,0,26,24,3,21,2,1,1,19,14,0,14,5,0,5,127,126,59,67,1,1,0,38,35,9,26,3,0,3,54,53,7,46,1,0,1,115,110,27,83,5,1,4,12,10,4,6,2,1,1
S01012137,267,248,74,174,19,6,13,5,3,0,3,2,0,2,16,16,3,13,0,0,0,15,10,0,10,5,0,5,71,66,31,35,5,4,1,38,35,10,25,3,1,2,46,46,9,37,0,0,0,69,68,19,49,1,1,0,7,4,2,2,3,0,3
S01012138,451,410,112,298,41,14,27,5,4,1,3,1,0,1,35,34,1,33,1,0,1,31,26,3,23,5,3,2,73,67,33,34,6,2,4,43,36,2,34,7,1,6,83,73,12,61,10,3,7,158,150,51,99,8,3,5,23,20,9,11,3,2,1
S01012139,427,389,111,278,38,16,22,4,4,0,4,0,0,0,55,53,7,46,2,1,1,36,27,5,22,9,2,7,73,68,34,34,5,0,5,28,21,4,17,7,2,5,67,62,10,52,5,4,1,146,141,45,96,5,5,0,18,13,6,7,5,2,3
S01012140,272,248,60,188,24,5,19,0,0,0,0,0,0,0,17,15,1,14,2,1,1,18,13,0,13,5,1,4,39,35,16,19,4,0,4,15,12,4,8,3,1,2,37,32,4,28,5,0,5,136,133,28,105,3,1,2,10,8,7,1,2,1,1
S01012141,487,441,127,314,46,13,33,7,7,1,6,0,0,0,41,37,3,34,4,0,4,39,29,4,25,10,1,9,70,66,36,30,4,2,2,38,33,5,28,5,2,3,76,68,13,55,8,2,6,196,187,61,126,9,3,6,20,14,4,10,6,3,3
S01012142,438,383,95,288,55,11,44,12,12,1,11,0,0,0,42,35,4,31,7,3,4,39,24,2,22,15,1,14,61,59,27,32,2,1,1,28,21,4,17,7,1,6,69,61,10,51,8,2,6,161,152,41,111,9,1,8,26,19,6,13,7,2,5
S01012143,405,349,97,252,56,10,46,7,7,0,7,0,0,0,36,31,4,27,5,1,4,30,22,3,19,8,1,7,75,61,40,21,14,3,11,28,25,8,17,3,0,3,75,57,11,46,18,4,14,142,138,29,109,4,0,4,12,8,2,6,4,1,3
S01012144,496,442,122,320,54,8,46,16,13,0,13,3,0,3,42,40,2,38,2,0,2,36,23,1,22,13,2,11,73,63,39,24,10,1,9,47,40,7,33,7,0,7,86,77,16,61,9,1,8,173,168,51,117,5,3,2,23,18,6,12,5,1,4
S01012145,490,442,147,295,48,11,37,5,4,1,3,1,0,1,29,27,1,26,2,0,2,32,21,3,18,11,0,11,82,76,44,32,6,0,6,42,37,6,31,5,2,3,75,66,14,52,9,3,6,196,189,66,123,7,2,5,29,22,12,10,7,4,3
S01012146,393,365,90,275,28,8,20,11,11,1,10,0,0,0,47,46,4,42,1,1,0,26,24,0,24,2,0,2,86,78,30,48,8,2,6,39,35,4,31,4,1,3,53,48,9,39,5,0,5,102,100,29,71,2,2,0,29,23,13,10,6,2,4
S01012147,282,263,84,179,19,11,8,1,0,0,0,1,1,0,24,24,1,23,0,0,0,17,11,0,11,6,2,4,80,76,34,42,4,3,1,21,19,3,16,2,1,1,43,41,15,26,2,1,1,78,76,27,49,2,2,0,18,16,4,12,2,1,1
S01012148,264,253,88,165,11,2,9,3,3,0,3,0,0,0,25,25,1,24,0,0,0,10,8,1,7,2,0,2,71,67,30,37,4,2,2,31,27,9,18,4,0,4,25,25,10,15,0,0,0,84,84,32,52,0,0,0,15,14,5,9,1,0,1
S01012149,393,348,99,249,45,6,39,11,9,1,8,2,0,2,32,29,1,28,3,0,3,44,32,2,30,12,0,12,83,82,41,41,1,0,1,35,27,2,25,8,2,6,67,56,14,42,11,2,9,102,99,31,68,3,1,2,19,14,7,7,5,1,4
S01012150,290,273,70,203,17,5,12,2,2,0,2,0,0,0,34,33,1,32,1,0,1,29,21,2,19,8,4,4,59,58,24,34,1,0,1,21,19,3,16,2,0,2,39,38,9,29,1,1,0,85,84,27,57,1,0,1,21,18,4,14,3,0,3
S01012151,293,281,82,199,12,1,11,4,4,0,4,0,0,0,39,37,1,36,2,0,2,20,16,1,15,4,0,4,64,63,23,40,1,0,1,24,22,5,17,2,0,2,49,49,14,35,0,0,0,81,80,34,46,1,1,0,12,10,4,6,2,0,2
S01012152,286,267,88,179,19,2,17,5,5,0,5,0,0,0,23,23,3,20,0,0,0,21,16,2,14,5,0,5,87,86,37,49,1,0,1,25,20,3,17,5,0,5,37,32,6,26,5,1,4,72,70,30,40,2,1,1,16,15,7,8,1,0,1
S01012153,245,230,68,162,15,2,13,5,5,1,4,0,0,0,13,13,4,9,0,0,0,14,12,0,12,2,0,2,58,53,24,29,5,0,5,36,34,4,30,2,1,1,38,35,4,31,3,1,2,67,67,26,41,0,0,0,14,11,5,6,3,0,3
S01012154,336,318,67,251,18,1,17,7,6,0,6,1,0,1,40,40,2,38,0,0,0,27,22,1,21,5,0,5,73,68,30,38,5,1,4,34,32,4,28,2,0,2,47,45,8,37,2,0,2,91,90,21,69,1,0,1,17,15,1,14,2,0,2
S01012155,259,245,60,185,14,5,9,4,4,0,4,0,0,0,18,17,2,15,1,0,1,14,12,1,11,2,1,1,63,58,18,40,5,2,3,25,23,2,21,2,1,1,34,33,9,24,1,0,1,91,89,26,63,2,1,1,10,9,2,7,1,0,1
S01012156,242,222,54,168,20,4,16,9,9,1,8,0,0,0,15,13,0,13,2,0,2,22,19,2,17,3,0,3,65,60,20,40,5,0,5,19,16,4,12,3,1,2,33,31,5,26,2,1,1,68,67,19,48,1,0,1,11,7,3,4,4,2,2
S01012157,492,462,108,354,30,10,20,4,4,0,4,0,0,0,44,41,4,37,3,0,3,52,44,3,41,8,2,6,111,109,38,71,2,2,0,45,42,5,37,3,0,3,80,74,11,63,6,2,4,138,133,43,90,5,2,3,18,15,4,11,3,2,1
S01012158,614,553,123,430,61,16,45,10,8,0,8,2,0,2,47,45,2,43,2,0,2,43,28,2,26,15,2,13,131,120,40,80,11,4,7,64,54,5,49,10,1,9,92,86,19,67,6,3,3,197,189,43,146,8,4,4,30,23,12,11,7,2,5
S01012159,253,234,64,170,19,4,15,4,4,0,4,0,0,0,45,44,3,41,1,0,1,20,12,2,10,8,1,7,36,34,17,17,2,0,2,16,13,3,10,3,1,2,31,27,11,16,4,1,3,88,88,23,65,0,0,0,13,12,5,7,1,1,0
S01012160,355,325,85,240,30,9,21,3,2,0,2,1,0,1,47,43,3,40,4,0,4,27,19,0,19,8,3,5,63,62,27,35,1,1,0,39,33,4,29,6,2,4,47,44,11,33,3,0,3,108,103,32,71,5,2,3,21,19,8,11,2,1,1
S01012161,188,178,67,111,10,2,8,1,1,0,1,0,0,0,12,10,0,10,2,0,2,12,9,0,9,3,1,2,63,62,31,31,1,1,0,16,15,5,10,1,0,1,26,23,7,16,3,0,3,48,48,23,25,0,0,0,10,10,1,9,0,0,0
S01012162,409,385,95,290,24,7,17,7,7,1,6,0,0,0,42,42,1,41,0,0,0,27,23,1,22,4,1,3,114,106,49,57,8,0,8,37,33,3,30,4,2,2,54,53,10,43,1,0,1,110,107,25,82,3,2,1,18,14,5,9,4,2,2
S01012163,350,322,76,246,28,6,22,9,8,0,8,1,0,1,25,25,2,23,0,0,0,28,19,0,19,9,0,9,76,72,23,49,4,1,3,40,33,5,28,7,2,5,52,50,12,38,2,0,2,108,104,29,75,4,3,1,12,11,5,6,1,0,1
S01012164,657,613,139,474,44,7,37,20,20,3,17,0,0,0,61,61,6,55,0,0,0,62,50,4,46,12,2,10,131,125,54,71,6,2,4,68,59,6,53,9,1,8,92,86,15,71,6,1,5,202,195,46,149,7,0,7,21,17,5,12,4,1,3
S01012165,368,345,108,237,23,3,20,4,3,1,2,1,0,1,42,41,2,39,1,0,1,21,18,2,16,3,0,3,101,97,38,59,4,1,3,38,30,6,24,8,0,8,51,48,14,34,3,1,2,97,95,39,56,2,0,2,14,13,6,7,1,1,0
S01012166,313,295,107,188,18,3,15,2,2,0,2,0,0,0,37,34,2,32,3,0,3,29,24,2,22,5,0,5,82,79,50,29,3,1,2,30,25,5,20,5,1,4,35,33,12,21,2,1,1,79,79,29,50,0,0,0,19,19,7,12,0,0,0
S01012167,405,373,87,286,32,9,23,5,5,0,5,0,0,0,33,32,2,30,1,0,1,33,26,0,26,7,0,7,103,98,45,53,5,1,4,40,36,3,33,4,1,3,56,50,11,39,6,1,5,112,109,20,89,3,1,2,23,17,6,11,6,5,1
S01012168,400,367,87,280,33,10,23,13,13,0,13,0,0,0,40,37,2,35,3,0,3,27,25,1,24,2,0,2,69,63,30,33,6,2,4,37,32,5,27,5,0,5,64,58,14,44,6,4,2,134,129,29,100,5,2,3,16,10,6,4,6,2,4
S01012169,369,350,98,252,19,4,15,9,9,0,9,0,0,0,44,43,0,43,1,0,1,28,22,3,19,6,1,5,78,75,39,36,3,0,3,28,27,5,22,1,0,1,41,37,9,28,4,1,3,122,120,36,84,2,2,0,19,17,6,11,2,0,2
S01012170,419,395,117,278,24,10,14,8,7,1,6,1,1,0,52,52,5,47,0,0,0,35,28,3,25,7,2,5,106,100,49,51,6,3,3,38,32,3,29,6,1,5,47,47,10,37,0,0,0,113,111,37,74,2,2,0,20,18,9,9,2,1,1
S01012171,477,465,136,329,12,5,7,5,5,1,4,0,0,0,53,53,6,47,0,0,0,39,37,0,37,2,0,2,133,132,63,69,1,0,1,41,38,5,33,3,2,1,51,48,13,35,3,2,1,135,133,42,91,2,0,2,20,19,6,13,1,1,0
S01012172,317,302,87,215,15,2,13,0,0,0,0,0,0,0,33,32,3,29,1,0,1,17,16,0,16,1,0,1,96,89,38,51,7,0,7,35,30,5,25,5,2,3,43,43,10,33,0,0,0,82,81,26,55,1,0,1,11,11,5,6,0,0,0
S01012173,298,272,87,185,26,7,19,5,4,0,4,1,0,1,31,30,2,28,1,0,1,30,21,3,18,9,3,6,48,44,26,18,4,1,3,18,15,3,12,3,0,3,46,42,11,31,4,0,4,106,106,40,66,0,0,0,14,10,2,8,4,3,1
S01012174,539,490,152,338,49,10,39,8,8,0,8,0,0,0,49,49,5,44,0,0,0,40,35,4,31,5,0,5,127,116,69,47,11,1,10,55,42,7,35,13,1,12,79,69,16,53,10,5,5,156,149,42,107,7,1,6,25,22,9,13,3,2,1
S01012175,473,448,113,335,25,10,15,14,14,1,13,0,0,0,50,50,3,47,0,0,0,29,26,2,24,3,0,3,88,86,42,44,2,1,1,53,43,5,38,10,2,8,58,56,9,47,2,1,1,159,154,45,109,5,5,0,22,19,6,13,3,1,2
S01012176,480,445,118,327,35,9,26,13,12,1,11,1,1,0,59,56,6,50,3,2,1,42,29,1,28,13,1,12,110,103,43,60,7,2,5,29,23,3,20,6,1,5,57,56,11,45,1,0,1,158,157,47,110,1,0,1,12,9,6,3,3,2,1
S01012177,327,291,103,188,36,10,26,5,5,1,4,0,0,0,29,27,3,24,2,1,1,25,14,0,14,11,2,9,83,73,43,30,10,3,7,31,25,2,23,6,2,4,40,36,14,22,4,0,4,104,102,37,65,2,1,1,10,9,3,6,1,1,0
S01012178,291,266,89,177,25,4,21,4,4,0,4,0,0,0,34,32,0,32,2,1,1,29,23,4,19,6,0,6,66,60,33,27,6,0,6,24,21,1,20,3,0,3,41,37,11,26,4,2,2,81,78,37,41,3,0,3,12,11,3,8,1,1,0
S01012179,264,237,78,159,27,12,15,2,2,0,2,0,0,0,22,22,1,21,0,0,0,30,21,4,17,9,4,5,64,61,35,26,3,1,2,17,15,4,11,2,1,1,48,42,10,32,6,1,5,71,66,21,45,5,3,2,10,8,3,5,2,2,0
S01012180,224,202,55,147,22,9,13,4,3,0,3,1,0,1,19,18,0,18,1,0,1,11,8,1,7,3,1,2,59,53,24,29,6,1,5,14,11,2,9,3,2,1,33,31,7,24,2,1,1,80,76,21,55,4,3,1,4,2,0,2,2,1,1
S01012181,330,299,79,220,31,6,25,5,5,0,5,0,0,0,37,35,2,33,2,1,1,32,21,1,20,11,2,9,66,60,26,34,6,0,6,31,29,6,23,2,0,2,40,35,10,25,5,0,5,106,104,29,75,2,1,1,13,10,5,5,3,2,1
S01012182,655,603,152,451,52,11,41,13,13,0,13,0,0,0,69,66,1,65,3,0,3,42,34,2,32,8,1,7,147,137,71,66,10,4,6,64,50,6,44,14,2,12,110,103,19,84,7,1,6,183,179,48,131,4,1,3,27,21,5,16,6,2,4
S01012183,363,338,75,263,25,5,20,1,1,0,1,0,0,0,34,32,3,29,2,0,2,33,26,0,26,7,0,7,94,90,32,58,4,1,3,25,23,2,21,2,0,2,70,66,11,55,4,0,4,84,81,20,61,3,2,1,22,19,7,12,3,2,1
S01012184,332,308,50,258,24,6,18,6,6,0,6,0,0,0,25,25,3,22,0,0,0,27,21,0,21,6,3,3,69,68,24,44,1,0,1,47,42,2,40,5,0,5,40,35,5,30,5,0,5,104,101,13,88,3,2,1,14,10,3,7,4,1,3
S01012185,360,334,57,277,26,3,23,8,8,1,7,0,0,0,45,43,4,39,2,0,2,25,15,0,15,10,0,10,80,77,32,45,3,0,3,48,42,4,38,6,1,5,69,65,5,60,4,2,2,79,78,10,68,1,0,1,6,6,1,5,0,0,0
S01012186,274,256,79,177,18,2,16,2,2,1,1,0,0,0,32,30,1,29,2,0,2,19,12,0,12,7,0,7,68,65,30,35,3,0,3,26,24,3,21,2,0,2,25,24,6,18,1,0,1,81,78,28,50,3,2,1,21,21,10,11,0,0,0
S01012187,296,285,91,194,11,2,9,1,1,0,1,0,0,0,36,36,3,33,0,0,0,16,14,1,13,2,0,2,83,82,36,46,1,1,0,22,17,2,15,5,0,5,44,43,12,31,1,0,1,78,77,32,45,1,0,1,16,15,5,10,1,1,0
S01012188,261,241,62,179,20,4,16,6,4,1,3,2,1,1,19,17,0,17,2,1,1,26,18,0,18,8,1,7,57,56,20,36,1,0,1,25,22,5,17,3,0,3,34,31,5,26,3,1,2,81,80,26,54,1,0,1,13,13,5,8,0,0,0
S01012189,311,291,70,221,20,4,16,3,3,0,3,0,0,0,45,40,2,38,5,0,5,21,18,2,16,3,0,3,56,55,19,36,1,1,0,34,33,6,27,1,0,1,45,41,9,32,4,2,2,90,87,29,58,3,1,2,17,14,3,11,3,0,3
S01012190,322,299,85,214,23,7,16,8,8,1,7,0,0,0,26,26,2,24,0,0,0,24,19,2,17,5,1,4,61,55,28,27,6,2,4,43,38,8,30,5,2,3,49,46,8,38,3,1,2,96,95,31,64,1,1,0,15,12,5,7,3,0,3
S01012191,482,440,117,323,42,8,34,5,5,0,5,0,0,0,59,58,5,53,1,0,1,42,35,5,30,7,1,6,80,76,34,42,4,1,3,41,30,5,25,11,0,11,76,71,15,56,5,1,4,156,149,50,99,7,3,4,23,16,3,13,7,2,5
S01012192,266,236,69,167,30,8,22,5,4,0,4,1,0,1,32,25,1,24,7,2,5,21,17,0,17,4,1,3,59,54,27,27,5,1,4,21,19,3,16,2,0,2,40,35,11,24,5,0,5,76,72,24,48,4,2,2,12,10,3,7,2,2,0
S01012193,354,323,87,236,31,6,25,4,4,0,4,0,0,0,61,59,3,56,2,1,1,27,21,2,19,6,2,4,74,67,37,30,7,1,6,30,26,7,19,4,0,4,50,41,7,34,9,1,8,96,94,28,66,2,1,1,12,11,3,8,1,0,1
S01012194,325,311,86,225,14,0,14,4,4,0,4,0,0,0,27,27,1,26,0,0,0,29,23,1,22,6,0,6,67,66,36,30,1,0,1,22,20,3,17,2,0,2,50,47,8,39,3,0,3,115,113,30,83,2,0,2,11,11,7,4,0,0,0
S01012195,613,575,145,430,38,5,33,11,11,0,11,0,0,0,75,72,4,68,3,0,3,30,25,2,23,5,1,4,99,96,48,48,3,0,3,48,40,7,33,8,2,6,105,97,22,75,8,0,8,211,208,53,155,3,0,3,34,26,9,17,8,2,6
S01012196,338,305,84,221,33,7,26,7,7,0,7,0,0,0,33,33,0,33,0,0,0,20,14,0,14,6,1,5,57,53,30,23,4,0,4,31,25,6,19,6,2,4,55,48,9,39,7,0,7,120,117,35,82,3,1,2,15,8,4,4,7,3,4
S01012197,314,295,77,218,19,4,15,2,2,0,2,0,0,0,40,38,2,36,2,0,2,26,22,2,20,4,0,4,62,59,31,28,3,0,3,26,26,4,22,0,0,0,49,45,9,36,4,2,2,98,94,28,66,4,2,2,11,9,1,8,2,0,2
S01012198,436,403,111,292,33,8,25,10,10,0,10,0,0,0,43,42,3,39,1,0,1,23,17,0,17,6,3,3,86,79,38,41,7,1,6,40,36,6,30,4,1,3,76,66,19,47,10,3,7,135,134,39,95,1,0,1,23,19,6,13,4,0,4
S01012199,351,337,101,236,14,4,10,7,7,1,6,0,0,0,49,48,2,46,1,0,1,31,26,1,25,5,1,4,69,68,42,26,1,1,0,27,24,3,21,3,0,3,51,50,10,40,1,1,0,97,95,33,62,2,0,2,20,19,9,10,1,1,0
S01012200,292,269,91,178,23,5,18,5,5,0,5,0,0,0,22,22,2,20,0,0,0,21,13,0,13,8,1,7,67,63,28,35,4,1,3,32,27,8,19,5,0,5,31,29,9,20,2,1,1,102,99,39,60,3,1,2,12,11,5,6,1,1,0
S01012201,359,336,91,245,23,3,20,10,9,0,9,1,1,0,41,41,4,37,0,0,0,21,18,0,18,3,0,3,85,80,33,47,5,0,5,34,29,5,24,5,0,5,50,47,13,34,3,1,2,101,98,31,67,3,0,3,17,14,5,9,3,1,2
S01012202,297,281,72,209,16,4,12,4,4,0,4,0,0,0,31,31,3,28,0,0,0,14,13,1,12,1,0,1,61,60,28,32,1,0,1,21,20,4,16,1,0,1,50,46,7,39,4,0,4,101,97,28,69,4,2,2,15,10,1,9,5,2,3
S01012203,415,379,109,270,36,10,26,11,9,1,8,2,0,2,57,54,4,50,3,0,3,22,16,1,15,6,3,3,83,70,34,36,13,1,12,23,20,2,18,3,2,1,72,68,13,55,4,1,3,129,127,49,78,2,2,0,18,15,5,10,3,1,2
S01012204,486,444,115,329,42,11,31,8,8,0,8,0,0,0,37,35,3,32,2,1,1,46,35,2,33,11,2,9,95,86,43,43,9,0,9,45,42,2,40,3,0,3,69,64,11,53,5,3,2,164,157,46,111,7,3,4,22,17,8,9,5,2,3
S01012205,402,350,87,263,52,18,34,4,4,0,4,0,0,0,38,34,1,33,4,0,4,22,17,2,15,5,0,5,76,67,32,35,9,0,9,45,35,4,31,10,5,5,56,46,9,37,10,5,5,134,129,34,95,5,3,2,27,18,5,13,9,5,4
S01012206,502,466,144,322,36,5,31,1,1,0,1,0,0,0,58,56,2,54,2,0,2,32,22,2,20,10,0,10,114,109,65,44,5,0,5,44,40,7,33,4,0,4,60,53,10,43,7,0,7,164,163,49,114,1,0,1,29,22,9,13,7,5,2
S01012207,400,373,104,269,27,5,22,5,5,1,4,0,0,0,41,41,6,35,0,0,0,29,22,2,20,7,3,4,81,76,36,40,5,0,5,44,38,5,33,6,0,6,54,49,14,35,5,2,3,126,123,36,87,3,0,3,20,19,4,15,1,0,1
S01012208,465,423,128,295,42,8,34,2,2,0,2,0,0,0,51,49,3,46,2,1,1,38,29,5,24,9,1,8,93,92,42,50,1,0,1,49,36,7,29,13,1,12,72,67,20,47,5,3,2,135,128,44,84,7,0,7,25,20,7,13,5,2,3
S01012209,334,302,79,223,32,10,22,8,8,0,8,0,0,0,38,34,0,34,4,2,2,25,19,2,17,6,0,6,72,66,37,29,6,2,4,27,20,3,17,7,0,7,50,47,13,34,3,1,2,92,89,22,67,3,2,1,22,19,2,17,3,3,0
S01012210,318,302,97,205,16,2,14,5,5,0,5,0,0,0,31,28,1,27,3,1,2,15,13,0,13,2,0,2,71,66,36,30,5,0,5,26,24,3,21,2,0,2,44,41,11,30,3,1,2,114,114,42,72,0,0,0,12,11,4,7,1,0,1
S01012211,439,397,118,279,42,10,32,6,6,0,6,0,0,0,34,34,2,32,0,0,0,34,21,4,17,13,2,11,84,77,36,41,7,1,6,43,38,8,30,5,0,5,56,47,10,37,9,3,6,154,150,48,102,4,3,1,28,24,10,14,4,1,3
S01012212,381,357,91,266,24,5,19,8,8,1,7,0,0,0,31,28,1,27,3,0,3,23,21,1,20,2,0,2,57,52,25,27,5,2,3,32,28,6,22,4,0,4,59,53,15,38,6,2,4,161,157,40,117,4,1,3,10,10,2,8,0,0,0
S01012213,436,402,112,290,34,14,20,5,4,0,4,1,0,1,60,57,0,57,3,1,2,23,18,2,16,5,0,5,75,70,38,32,5,2,3,38,33,6,27,5,1,4,68,63,16,47,5,3,2,145,138,40,98,7,5,2,22,19,10,9,3,2,1
S01012214,329,280,80,200,49,13,36,5,5,0,5,0,0,0,31,29,2,27,2,0,2,29,17,1,16,12,3,9,58,52,27,25,6,0,6,30,25,5,20,5,1,4,60,41,8,33,19,7,12,105,101,32,69,4,2,2,11,10,5,5,1,0,1
S01012215,481,449,127,322,32,7,25,5,5,0,5,0,0,0,40,40,4,36,0,0,0,29,24,1,23,5,2,3,90,84,42,42,6,1,5,39,34,1,33,5,0,5,71,65,17,48,6,2,4,185,180,56,124,5,0,5,22,17,6,11,5,2,3
S01012216,391,351,111,240,40,11,29,6,6,0,6,0,0,0,37,35,3,32,2,1,1,18,14,2,12,4,1,3,71,62,40,22,9,1,8,40,38,6,32,2,1,1,63,51,13,38,12,3,9,134,127,40,87,7,1,6,22,18,7,11,4,3,1
S01012217,227,214,68,146,13,8,5,3,3,0,3,0,0,0,27,27,1,26,0,0,0,11,8,2,6,3,1,2,63,61,28,33,2,0,2,29,25,8,17,4,3,1,28,26,7,19,2,2,0,53,53,18,35,0,0,0,13,11,4,7,2,2,0
S01012218,175,167,58,109,8,3,5,2,2,1,1,0,0,0,14,14,1,13,0,0,0,14,13,1,12,1,0,1,59,59,29,30,0,0,0,22,18,6,12,4,1,3,19,16,4,12,3,2,1,38,38,13,25,0,0,0,7,7,3,4,0,0,0
S01012219,311,294,98,196,17,3,14,4,4,0,4,0,0,0,22,21,4,17,1,0,1,32,27,2,25,5,1,4,78,76,38,38,2,0,2,27,24,6,18,3,0,3,37,34,8,26,3,1,2,96,95,31,64,1,0,1,15,13,9,4,2,1,1
S01012220,233,216,52,164,17,5,12,5,4,2,2,1,0,1,27,27,1,26,0,0,0,14,10,1,9,4,0,4,64,62,24,38,2,1,1,23,20,4,16,3,0,3,28,25,7,18,3,2,1,59,58,12,46,1,1,0,13,10,1,9,3,1,2
S01012221,253,236,64,172,17,2,15,2,2,0,2,0,0,0,21,20,0,20,1,0,1,31,24,1,23,7,1,6,56,56,25,31,0,0,0,23,17,4,13,6,1,5,27,27,6,21,0,0,0,80,78,22,56,2,0,2,13,12,6,6,1,0,1
S01012222,343,323,79,244,20,7,13,2,2,0,2,0,0,0,44,44,4,40,0,0,0,40,32,1,31,8,2,6,80,78,34,44,2,1,1,35,30,2,28,5,2,3,30,30,8,22,0,0,0,99,97,26,71,2,1,1,13,10,4,6,3,1,2
S01012223,284,268,77,191,16,3,13,7,7,0,7,0,0,0,36,36,1,35,0,0,0,21,19,1,18,2,0,2,62,61,30,31,1,0,1,33,28,9,19,5,0,5,30,29,2,27,1,0,1,80,76,30,46,4,2,2,15,12,4,8,3,1,2
S01012224,358,336,89,247,22,6,16,10,9,0,9,1,0,1,39,38,1,37,1,0,1,31,26,0,26,5,2,3,85,84,39,45,1,0,1,32,28,4,24,4,1,3,42,41,6,35,1,0,1,104,101,35,66,3,1,2,15,9,4,5,6,2,4
S01012225,462,430,123,307,32,10,22,11,11,0,11,0,0,0,32,31,2,29,1,0,1,49,43,1,42,6,1,5,118,110,48,62,8,5,3,42,37,8,29,5,1,4,58,54,13,41,4,2,2,129,126,46,80,3,0,3,23,18,5,13,5,1,4
S01012226,352,325,106,219,27,7,20,5,5,0,5,0,0,0,39,38,2,36,1,0,1,25,19,0,19,6,1,5,82,80,42,38,2,0,2,36,30,8,22,6,2,4,37,34,10,24,3,1,2,115,109,41,68,6,1,5,13,10,3,7,3,2,1
S01012227,316,303,94,209,13,0,13,7,7,1,6,0,0,0,35,34,1,33,1,0,1,39,35,0,35,4,0,4,64,62,33,29,2,0,2,32,30,6,24,2,0,2,33,29,6,23,4,0,4,92,92,38,54,0,0,0,14,14,9,5,0,0,0
S01012228,341,324,103,221,17,4,13,8,7,0,7,1,0,1,40,40,1,39,0,0,0,28,24,2,22,4,0,4,86,85,41,44,1,0,1,36,27,4,23,9,3,6,41,40,18,22,1,1,0,85,84,33,51,1,0,1,17,17,4,13,0,0,0
S01012229,398,361,86,275,37,7,30,4,4,0,4,0,0,0,34,33,4,29,1,0,1,24,18,0,18,6,1,5,62,56,25,31,6,0,6,42,37,6,31,5,1,4,70,62,11,51,8,2,6,143,136,32,104,7,2,5,19,15,8,7,4,1,3
S01012230,494,447,116,331,47,11,36,5,5,0,5,0,0,0,44,39,3,36,5,1,4,38,29,2,27,9,1,8,84,76,36,40,8,0,8,46,44,5,39,2,0,2,95,82,20,62,13,2,11,161,157,46,111,4,3,1,21,15,4,11,6,4,2
S01012231,437,372,110,262,65,20,45,7,6,0,6,1,0,1,44,40,1,39,4,0,4,31,24,4,20,7,1,6,83,69,35,34,14,2,12,39,34,6,28,5,1,4,73,62,17,45,11,4,7,137,126,41,85,11,5,6,23,11,6,5,12,7,5
S01012232,451,405,109,296,46,11,35,5,5,0,5,0,0,0,36,36,2,34,0,0,0,29,19,4,15,10,2,8,80,77,36,41,3,1,2,42,39,6,33,3,0,3,89,75,11,64,14,5,9,152,143,44,99,9,3,6,18,11,6,5,7,0,7
S01012233,477,422,117,305,55,14,41,9,8,0,8,1,1,0,48,45,3,42,3,1,2,33,23,3,20,10,1,9,95,87,45,42,8,3,5,39,35,7,28,4,2,2,80,67,15,52,13,1,12,160,150,41,109,10,1,9,13,7,3,4,6,4,2
S01012234,580,506,146,360,74,15,59,17,13,3,10,4,0,4,49,46,4,42,3,1,2,69,58,7,51,11,3,8,96,81,43,38,15,2,13,47,45,9,36,2,0,2,92,75,20,55,17,2,15,179,162,50,112,17,4,13,31,26,10,16,5,3,2
S01012235,207,174,55,119,33,12,21,8,8,1,7,0,0,0,18,16,2,14,2,1,1,23,12,3,9,11,4,7,31,30,17,13,1,0,1,20,16,2,14,4,1,3,40,33,5,28,7,1,6,57,51,22,29,6,3,3,10,8,3,5,2,2,0
S01012236,291,255,67,188,36,13,23,7,5,1,4,2,0,2,20,19,2,17,1,0,1,28,23,1,22,5,1,4,42,39,18,21,3,1,2,22,21,6,15,1,0,1,44,34,5,29,10,4,6,113,102,31,71,11,4,7,15,12,3,9,3,3,0
S01012237,365,300,92,208,65,22,43,3,2,0,2,1,0,1,27,24,3,21,3,1,2,17,9,1,8,8,3,5,58,50,22,28,8,2,6,33,29,6,23,4,2,2,92,66,22,44,26,6,20,125,111,35,76,14,7,7,10,9,3,6,1,1,0
S01012238,279,245,61,184,34,13,21,2,2,0,2,0,0,0,20,20,0,20,0,0,0,25,16,0,16,9,0,9,55,52,23,29,3,1,2,34,23,4,19,11,4,7,40,35,7,28,5,3,2,93,90,25,65,3,3,0,10,7,2,5,3,2,1
S01012239,250,225,71,154,25,6,19,5,5,1,4,0,0,0,29,29,3,26,0,0,0,20,15,1,14,5,0,5,54,50,31,19,4,0,4,26,24,2,22,2,0,2,26,24,8,16,2,0,2,81,71,24,47,10,4,6,9,7,1,6,2,2,0
S01012240,352,316,83,233,36,13,23,9,9,0,9,0,0,0,44,43,3,40,1,0,1,32,23,4,19,9,1,8,76,71,36,35,5,1,4,25,21,2,19,4,2,2,48,39,7,32,9,6,3,102,99,27,72,3,2,1,16,11,4,7,5,1,4
S01012241,256,202,43,159,54,16,38,4,4,0,4,0,0,0,20,15,0,15,5,2,3,21,11,0,11,10,2,8,30,23,6,17,7,3,4,19,19,3,16,0,0,0,59,43,10,33,16,1,15,95,80,23,57,15,8,7,8,7,1,6,1,0,1
S01012242,379,316,86,230,63,23,40,3,2,0,2,1,0,1,29,22,2,20,7,1,6,27,19,1,18,8,3,5,61,50,23,27,11,3,8,33,30,2,28,3,1,2,66,53,11,42,13,5,8,136,124,39,85,12,5,7,24,16,8,8,8,5,3
S01012243,292,248,69,179,44,14,30,2,2,0,2,0,0,0,26,24,4,20,2,1,1,23,17,2,15,6,1,5,51,46,23,23,5,0,5,22,19,3,16,3,1,2,55,40,4,36,15,3,12,101,90,31,59,11,6,5,12,10,2,8,2,2,0
S01012244,500,363,95,268,137,46,91,48,26,8,18,22,3,19,19,16,1,15,3,1,2,29,8,0,8,21,10,11,57,39,19,20,18,2,16,28,20,6,14,8,4,4,134,99,18,81,35,13,22,164,144,38,106,20,11,9,21,11,5,6,10,2,8
S01012245,331,266,94,172,65,21,44,4,4,1,3,0,0,0,9,9,1,8,0,0,0,20,6,0,6,14,2,12,61,55,35,20,6,3,3,22,11,0,11,11,3,8,92,68,18,50,24,9,15,109,102,35,67,7,4,3,14,11,4,7,3,0,3
S01012246,392,309,109,200,83,23,60,9,4,1,3,5,1,4,18,16,1,15,2,1,1,20,12,0,12,8,0,8,60,40,19,21,20,6,14,35,25,7,18,10,0,10,105,87,19,68,18,7,11,127,115,58,57,12,3,9,18,10,4,6,8,5,3
S01012247,395,321,89,232,74,27,47,39,28,7,21,11,3,8,12,9,1,8,3,1,2,19,10,2,8,9,2,7,74,62,23,39,12,4,8,12,11,0,11,1,1,0,85,63,7,56,22,8,14,136,126,46,80,10,3,7,18,12,3,9,6,5,1
S01012248,445,312,95,217,133,35,98,66,34,2,32,32,3,29,25,14,2,12,11,3,8,19,9,1,8,10,3,7,62,46,15,31,16,9,7,23,15,3,12,8,2,6,87,53,12,41,34,7,27,139,129,53,76,10,2,8,24,12,7,5,12,6,6
S01012249,461,315,100,215,146,44,102,71,29,3,26,42,4,38,20,16,0,16,4,2,2,26,15,2,13,11,2,9,64,48,25,23,16,7,9,25,13,3,10,12,1,11,85,52,11,41,33,17,16,120,107,43,64,13,4,9,50,35,13,22,15,7,8
S01012250,380,275,86,189,105,25,80,64,30,4,26,34,7,27,18,13,4,9,5,0,5,28,11,2,9,17,2,15,71,57,18,39,14,2,12,14,12,1,11,2,2,0,61,46,9,37,15,4,11,90,85,39,46,5,2,3,34,21,9,12,13,6,7
S01012251,449,391,123,268,58,18,40,24,21,1,20,3,0,3,26,24,2,22,2,1,1,41,24,2,22,17,3,14,120,114,48,66,6,1,5,23,16,3,13,7,3,4,56,48,9,39,8,3,5,123,115,52,63,8,4,4,36,29,6,23,7,3,4
S01012252,356,302,115,187,54,11,43,15,12,0,12,3,2,1,23,20,4,16,3,1,2,27,11,1,10,16,1,15,97,87,36,51,10,2,8,17,15,3,12,2,0,2,46,38,15,23,8,2,6,111,106,49,57,5,2,3,20,13,7,6,7,1,6
S01012253,441,372,107,265,69,20,49,18,17,0,17,1,0,1,22,17,2,15,5,1,4,38,24,4,20,14,5,9,130,112,42,70,18,4,14,24,22,4,18,2,1,1,60,43,8,35,17,4,13,128,121,41,80,7,3,4,21,16,6,10,5,2,3
S01012254,433,365,98,267,68,17,51,26,23,1,22,3,0,3,15,13,2,11,2,0,2,32,13,1,12,19,1,18,110,97,37,60,13,4,9,19,13,1,12,6,2,4,66,53,8,45,13,3,10,135,126,42,84,9,7,2,30,27,6,21,3,0,3
S01012255,404,333,81,252,71,15,56,16,15,0,15,1,0,1,16,14,0,14,2,0,2,23,13,1,12,10,0,10,138,111,23,88,27,2,25,16,9,3,6,7,3,4,63,50,13,37,13,4,9,103,97,36,61,6,4,2,29,24,5,19,5,2,3
S01012256,431,370,122,248,61,21,40,9,6,0,6,3,1,2,20,17,2,15,3,0,3,31,26,1,25,5,1,4,91,79,40,39,12,5,7,30,24,7,17,6,0,6,86,71,13,58,15,6,9,151,139,55,84,12,8,4,13,8,4,4,5,0,5
S01012257,469,420,137,283,49,22,27,30,27,2,25,3,1,2,21,18,1,17,3,3,0,36,25,0,25,11,0,11,101,97,40,57,4,2,2,27,25,3,22,2,2,0,63,50,16,34,13,8,5,163,152,65,87,11,5,6,28,26,10,16,2,1,1
S01012258,318,267,89,178,51,15,36,11,7,0,7,4,0,4,20,18,2,16,2,2,0,15,7,3,4,8,2,6,41,37,16,21,4,1,3,25,21,3,18,4,0,4,73,55,8,47,18,5,13,116,110,50,60,6,3,3,17,12,7,5,5,2,3
S01012259,257,203,75,128,54,20,34,4,2,0,2,2,0,2,4,2,0,2,2,2,0,16,6,0,6,10,3,7,53,48,22,26,5,2,3,7,6,2,4,1,0,1,51,39,8,31,12,2,10,101,90,40,50,11,8,3,21,10,3,7,11,3,8
S01012260,372,305,94,211,67,14,53,15,15,2,13,0,0,0,18,14,1,13,4,1,3,34,16,2,14,18,0,18,94,82,34,48,12,2,10,21,18,1,17,3,1,2,64,46,8,38,18,4,14,109,104,45,59,5,3,2,17,10,1,9,7,3,4
S01012261,438,376,124,252,62,27,35,11,9,2,7,2,0,2,22,20,3,17,2,1,1,18,15,1,14,3,0,3,80,71,33,38,9,3,6,33,22,5,17,11,5,6,103,83,18,65,20,9,11,151,143,57,86,8,4,4,20,13,5,8,7,5,2
S01012262,431,302,78,224,129,40,89,51,32,6,26,19,5,14,31,20,1,19,11,4,7,24,9,1,8,15,2,13,71,54,19,35,17,5,12,31,17,6,11,14,4,10,79,51,7,44,28,6,22,114,101,31,70,13,6,7,30,18,7,11,12,8,4
S01012263,366,293,90,203,73,20,53,17,10,2,8,7,2,5,31,28,4,24,3,0,3,43,16,0,16,27,4,23,100,89,36,53,11,4,7,16,10,2,8,6,2,4,40,31,8,23,9,2,7,95,92,32,60,3,1,2,24,17,6,11,7,5,2
S01012264,206,172,54,118,34,11,23,7,6,0,6,1,0,1,13,13,2,11,0,0,0,18,8,0,8,10,1,9,51,39,19,20,12,7,5,12,12,0,12,0,0,0,36,30,8,22,6,1,5,63,60,25,35,3,0,3,6,4,0,4,2,2,0
S01012265,363,318,95,223,45,13,32,16,13,2,11,3,1,2,40,33,4,29,7,2,5,40,26,2,24,14,1,13,98,93,29,64,5,2,3,17,16,3,13,1,0,1,31,27,7,20,4,1,3,109,101,44,57,8,5,3,12,9,4,5,3,1,2
S01012266,489,413,122,291,76,21,55,13,12,2,10,1,0,1,28,26,3,23,2,0,2,47,23,0,23,24,2,22,90,80,35,45,10,3,7,31,27,8,19,4,1,3,62,45,8,37,17,8,9,187,175,57,118,12,6,6,31,25,9,16,6,1,5
S01012267,358,278,83,195,80,20,60,11,7,1,6,4,0,4,31,23,1,22,8,4,4,36,20,1,19,16,1,15,65,52,17,35,13,4,9,12,10,3,7,2,0,2,60,43,16,27,17,3,14,117,106,41,65,11,4,7,26,17,3,14,9,4,5
S01012268,341,238,62,176,103,35,68,67,35,4,31,32,7,25,25,18,0,18,7,0,7,21,13,0,13,8,2,6,40,30,11,19,10,4,6,18,12,5,7,6,3,3,50,30,7,23,20,8,12,94,83,31,52,11,6,5,26,17,4,13,9,5,4
S01012269,493,407,131,276,86,17,69,23,15,1,14,8,1,7,27,26,4,22,1,0,1,78,47,7,40,31,2,29,99,79,42,37,20,2,18,26,23,1,22,3,0,3,51,41,13,28,10,6,4,169,161,57,104,8,3,5,20,15,6,9,5,3,2
S01012270,372,320,103,217,52,13,39,23,19,5,14,4,0,4,31,28,2,26,3,0,3,42,28,2,26,14,1,13,71,65,32,33,6,1,5,23,20,7,13,3,0,3,28,22,8,14,6,5,1,138,129,45,84,9,3,6,16,9,2,7,7,3,4
S01012271,573,409,126,283,164,48,116,97,47,7,40,50,8,42,26,17,0,17,9,3,6,43,26,2,24,17,4,13,81,63,25,38,18,3,15,24,16,2,14,8,4,4,104,74,21,53,30,8,22,163,146,63,83,17,10,7,35,20,6,14,15,8,7
S01012272,365,296,91,205,69,21,48,13,9,1,8,4,0,4,19,14,1,13,5,1,4,29,20,1,19,9,2,7,45,39,22,17,6,1,5,38,25,6,19,13,4,9,54,41,6,35,13,7,6,151,139,52,87,12,3,9,16,9,2,7,7,3,4
S01012273,359,300,102,198,59,13,46,25,17,2,15,8,2,6,15,12,3,9,3,1,2,24,15,2,13,9,2,7,68,60,33,27,8,0,8,19,12,0,12,7,1,6,45,32,9,23,13,5,8,149,143,50,93,6,1,5,14,9,3,6,5,1,4
S01012274,513,446,147,299,67,23,44,25,23,3,20,2,0,2,31,28,5,23,3,1,2,44,28,1,27,16,4,12,119,101,42,59,18,5,13,26,21,2,19,5,3,2,61,51,18,33,10,4,6,185,177,69,108,8,4,4,22,17,7,10,5,2,3
S01012275,463,421,146,275,42,7,35,10,10,1,9,0,0,0,37,37,2,35,0,0,0,31,24,1,23,7,0,7,164,148,88,60,16,3,13,36,30,4,26,6,2,4,42,37,7,30,5,0,5,125,120,36,84,5,1,4,18,15,7,8,3,1,2
S01012276,484,429,119,310,55,6,49,21,20,0,20,1,0,1,33,31,1,30,2,1,1,38,19,2,17,19,0,19,110,98,42,56,12,0,12,19,11,4,7,8,1,7,63,56,15,41,7,0,7,185,182,51,131,3,3,0,15,12,4,8,3,1,2
S01012277,546,473,147,326,73,15,58,24,21,2,19,3,0,3,36,30,0,30,6,0,6,43,26,2,24,17,3,14,147,134,63,71,13,0,13,30,21,4,17,9,2,7,61,53,12,41,8,2,6,185,178,61,117,7,4,3,20,10,3,7,10,4,6
S01012278,333,300,92,208,33,4,29,7,6,0,6,1,0,1,30,27,1,26,3,0,3,20,14,1,13,6,1,5,95,85,46,39,10,0,10,19,18,3,15,1,0,1,36,29,9,20,7,2,5,120,116,32,84,4,1,3,6,5,0,5,1,0,1
S01012279,393,367,98,269,26,4,22,15,13,1,12,2,0,2,32,32,0,32,0,0,0,34,26,1,25,8,1,7,103,101,46,55,2,0,2,27,20,5,15,7,2,5,45,43,10,33,2,1,1,122,120,31,89,2,0,2,15,12,4,8,3,0,3
S01012280,467,424,150,274,43,7,36,17,15,2,13,2,0,2,36,35,1,34,1,0,1,42,28,1,27,14,0,14,123,114,56,58,9,3,6,34,32,7,25,2,0,2,44,38,16,22,6,4,2,146,144,58,86,2,0,2,25,18,9,9,7,0,7
S01012281,395,356,103,253,39,11,28,10,9,1,8,1,0,1,25,25,3,22,0,0,0,36,24,1,23,12,1,11,129,124,49,75,5,3,2,22,19,4,15,3,1,2,36,31,7,24,5,3,2,120,113,34,79,7,1,6,17,11,4,7,6,2,4
S01012282,454,390,150,240,64,17,47,16,9,1,8,7,1,6,22,21,3,18,1,1,0,35,17,1,16,18,2,16,132,118,80,38,14,4,10,17,16,4,12,1,0,1,46,35,7,28,11,3,8,177,168,54,114,9,5,4,9,6,0,6,3,1,2
S01012283,434,365,142,223,69,17,52,12,8,2,6,4,0,4,28,25,1,24,3,1,2,29,20,1,19,9,1,8,99,78,52,26,21,6,15,22,17,4,13,5,2,3,70,55,22,33,15,3,12,156,152,57,95,4,1,3,18,10,3,7,8,3,5
S01012284,345,305,93,212,40,8,32,13,11,0,11,2,0,2,22,22,0,22,0,0,0,32,21,0,21,11,1,10,88,80,45,35,8,1,7,20,16,2,14,4,2,2,38,33,5,28,5,1,4,113,111,38,73,2,0,2,19,11,3,8,8,3,5
S01012285,257,226,71,155,31,4,27,12,10,0,10,2,0,2,20,18,3,15,2,1,1,21,16,2,14,5,0,5,39,37,22,15,2,0,2,15,13,1,12,2,0,2,33,26,10,16,7,0,7,107,102,31,71,5,1,4,10,4,2,2,6,2,4
S01012286,459,411,143,268,48,14,34,17,13,0,13,4,1,3,47,47,5,42,0,0,0,29,17,0,17,12,0,12,124,118,58,60,6,2,4,24,19,4,15,5,1,4,48,36,13,23,12,6,6,149,143,53,90,6,3,3,21,18,10,8,3,1,2
S01012287,373,336,114,222,37,17,20,11,9,1,8,2,1,1,57,57,9,48,0,0,0,29,23,0,23,6,0,6,107,101,52,49,6,2,4,23,19,3,16,4,1,3,45,35,13,22,10,9,1,91,85,32,53,6,3,3,10,7,4,3,3,1,2
S01012288,313,284,99,185,29,9,20,9,9,0,9,0,0,0,36,36,4,32,0,0,0,22,16,1,15,6,0,6,94,87,46,41,7,2,5,23,19,2,17,4,1,3,29,26,9,17,3,1,2,84,82,32,50,2,1,1,16,9,5,4,7,4,3
S01012289,357,266,83,183,91,22,69,11,8,0,8,3,1,2,23,22,2,20,1,0,1,19,9,0,9,10,2,8,76,50,21,29,26,5,21,18,10,3,7,8,2,6,52,31,11,20,21,5,16,146,131,46,85,15,6,9,12,5,0,5,7,1,6
S01012290,251,215,63,152,36,14,22,10,10,0,10,0,0,0,7,6,1,5,1,0,1,18,13,0,13,5,0,5,43,35,18,17,8,4,4,10,8,0,8,2,0,2,38,27,3,24,11,6,5,116,112,40,72,4,2,2,9,4,1,3,5,2,3
S01012291,477,410,145,265,67,18,49,13,10,1,9,3,0,3,21,17,3,14,4,1,3,38,26,2,24,12,1,11,96,81,41,40,15,3,12,22,15,1,14,7,3,4,59,47,12,35,12,3,9,206,199,77,122,7,4,3,22,15,8,7,7,3,4
S01012292,297,213,74,139,84,26,58,7,3,0,3,4,2,2,17,13,2,11,4,1,3,14,8,1,7,6,3,3,59,40,21,19,19,4,15,19,10,2,8,9,2,7,49,28,9,19,21,6,15,114,100,36,64,14,6,8,18,11,3,8,7,2,5
S01012293,227,201,52,149,26,3,23,7,6,0,6,1,0,1,13,12,0,12,1,0,1,15,10,0,10,5,0,5,34,27,13,14,7,1,6,18,17,2,15,1,0,1,29,24,6,18,5,1,4,105,102,29,73,3,0,3,6,3,2,1,3,1,2
S01012294,455,414,130,284,41,12,29,11,11,0,11,0,0,0,36,33,7,26,3,1,2,25,16,3,13,9,0,9,118,114,48,66,4,1,3,16,13,1,12,3,2,1,46,34,7,27,12,4,8,193,186,61,125,7,3,4,10,7,3,4,3,1,2
S01012295,399,345,102,243,54,8,46,9,8,2,6,1,0,1,27,24,3,21,3,0,3,29,14,0,14,15,1,14,81,77,33,44,4,0,4,17,13,5,8,4,1,3,52,43,9,34,9,4,5,162,153,47,106,9,1,8,22,13,3,10,9,1,8
S01012296,476,394,110,284,82,23,59,23,18,3,15,5,3,2,29,26,1,25,3,0,3,34,21,1,20,13,3,10,80,63,31,32,17,3,14,28,27,3,24,1,0,1,77,59,11,48,18,5,13,181,160,52,108,21,8,13,24,20,8,12,4,1,3
S01012297,324,200,56,144,124,32,92,56,15,2,13,41,5,36,15,10,3,7,5,1,4,26,12,0,12,14,3,11,56,37,19,18,19,6,13,15,7,0,7,8,3,5,54,35,6,29,19,5,14,90,80,25,55,10,6,4,12,4,1,3,8,3,5
S01012298,416,335,86,249,81,18,63,20,13,1,12,7,1,6,25,20,1,19,5,1,4,52,28,3,25,24,3,21,86,76,27,49,10,1,9,29,21,3,18,8,2,6,50,36,9,27,14,2,12,135,128,36,92,7,3,4,19,13,6,7,6,5,1
S01012299,352,262,61,201,90,20,70,58,26,3,23,32,6,26,11,9,1,8,2,1,1,21,10,1,9,11,2,9,44,36,13,23,8,1,7,21,15,2,13,6,1,5,68,54,9,45,14,4,10,109,100,30,70,9,3,6,20,12,2,10,8,2,6
S01012300,299,231,77,154,68,18,50,25,16,5,11,9,0,9,33,31,5,26,2,0,2,38,23,3,20,15,3,12,64,49,22,27,15,5,10,14,12,4,8,2,0,2,31,23,7,16,8,5,3,78,70,31,39,8,4,4,16,7,0,7,9,1,8
S01012301,477,348,93,255,129,39,90,72,46,6,40,26,5,21,30,21,1,20,9,2,7,41,23,1,22,18,6,12,69,50,19,31,19,7,12,27,18,2,16,9,3,6,74,52,16,36,22,7,15,133,118,43,75,15,6,9,31,20,5,15,11,3,8
S01012302,291,197,50,147,94,38,56,59,32,1,31,27,2,25,27,22,2,20,5,1,4,17,9,0,9,8,3,5,44,31,11,20,13,9,4,10,7,2,5,3,2,1,45,26,8,18,19,10,9,72,60,21,39,12,7,5,17,10,5,5,7,4,3
S01012303,468,318,95,223,150,47,103,99,52,10,42,47,7,40,34,29,4,25,5,1,4,40,20,6,14,20,3,17,44,34,14,20,10,2,8,18,14,2,12,4,1,3,89,60,19,41,29,11,18,119,102,38,64,17,11,6,25,7,2,5,18,11,7
S01012304,489,364,110,254,125,34,91,84,46,11,35,38,9,29,37,26,1,25,11,2,9,64,44,1,43,20,3,17,81,60,22,38,21,7,14,35,27,8,19,8,1,7,51,38,11,27,13,5,8,117,109,50,59,8,4,4,20,14,6,8,6,3,3
S01012305,302,242,66,176,60,13,47,39,29,4,25,10,1,9,26,25,2,23,1,1,0,31,18,1,17,13,0,13,68,56,21,35,12,3,9,10,8,2,6,2,0,2,33,28,5,23,5,1,4,79,68,25,43,11,5,6,16,10,6,4,6,2,4
S01012306,243,211,70,141,32,6,26,28,24,4,20,4,0,4,31,31,6,25,0,0,0,27,18,1,17,9,0,9,60,52,27,25,8,3,5,10,7,1,6,3,0,3,22,20,9,11,2,1,1,57,53,20,33,4,1,3,8,6,2,4,2,1,1
S01012307,291,250,74,176,41,7,34,25,17,3,14,8,0,8,41,40,3,37,1,0,1,32,25,2,23,7,2,5,48,43,23,20,5,0,5,19,17,5,12,2,0,2,41,29,7,22,12,3,9,69,66,29,37,3,2,1,16,13,2,11,3,0,3
S01012308,431,389,106,283,42,8,34,39,31,5,26,8,0,8,58,58,4,54,0,0,0,45,34,1,33,11,1,10,77,71,23,48,6,3,3,20,18,3,15,2,0,2,36,32,5,27,4,1,3,137,133,60,73,4,1,3,19,12,5,7,7,2,5
S01012309,254,202,69,133,52,15,37,26,21,1,20,5,1,4,26,21,5,16,5,0,5,20,9,1,8,11,0,11,51,44,22,22,7,3,4,17,15,3,12,2,0,2,30,20,8,12,10,6,4,71,66,28,38,5,3,2,13,6,1,5,7,2,5
S01012310,450,297,91,206,153,36,117,82,39,3,36,43,10,33,38,34,0,34,4,0,4,28,16,3,13,12,0,12,83,58,31,27,25,7,18,34,19,5,14,15,3,12,52,30,7,23,22,5,17,102,87,38,49,15,7,8,31,14,4,10,17,4,13
S01012311,227,186,56,130,41,14,27,31,24,1,23,7,3,4,18,18,3,15,0,0,0,17,12,1,11,5,1,4,54,44,23,21,10,1,9,11,8,2,6,3,1,2,35,26,6,20,9,4,5,47,42,17,25,5,3,2,14,12,3,9,2,1,1
S01012312,514,349,93,256,165,46,119,112,51,3,48,61,13,48,45,37,5,32,8,3,5,42,22,2,20,20,3,17,89,69,22,47,20,4,16,30,19,4,15,11,3,8,53,34,11,23,19,9,10,116,105,39,66,11,5,6,27,12,7,5,15,6,9
S01012313,396,307,91,216,89,18,71,80,54,5,49,26,4,22,33,28,3,25,5,0,5,28,15,0,15,13,3,10,59,47,19,28,12,2,10,19,17,1,16,2,0,2,56,37,6,31,19,6,13,89,85,47,38,4,0,4,32,24,10,14,8,3,5
S01012314,378,327,135,192,51,12,39,23,20,3,17,3,0,3,72,69,6,63,3,2,1,28,14,0,14,14,0,14,110,98,63,35,12,3,9,9,8,1,7,1,0,1,31,25,12,13,6,2,4,89,83,45,38,6,2,4,16,10,5,5,6,3,3
S01012315,299,237,78,159,62,17,45,15,11,0,11,4,2,2,47,43,3,40,4,2,2,16,9,1,8,7,0,7,84,57,27,30,27,5,22,18,13,3,10,5,3,2,23,17,3,14,6,1,5,80,74,34,40,6,4,2,16,13,7,6,3,0,3
S01012316,263,234,76,158,29,5,24,18,13,0,13,5,0,5,48,46,2,44,2,0,2,32,21,4,17,11,0,11,61,58,28,30,3,3,0,16,13,3,10,3,0,3,21,19,7,12,2,1,1,55,54,27,27,1,1,0,12,10,5,5,2,0,2
S01012317,238,199,69,130,39,11,28,15,12,1,11,3,1,2,27,26,1,25,1,0,1,19,9,0,9,10,1,9,61,48,24,24,13,5,8,19,17,3,14,2,0,2,24,18,4,14,6,2,4,65,63,33,30,2,0,2,8,6,3,3,2,2,0
S01012318,378,341,111,230,37,9,28,34,26,3,23,8,1,7,56,55,3,52,1,0,1,36,23,2,21,13,3,10,120,117,50,67,3,1,2,21,18,2,16,3,1,2,23,21,11,10,2,1,1,76,72,35,37,4,1,3,12,9,5,4,3,1,2
S01012319,414,305,80,225,109,31,78,99,58,7,51,41,8,33,43,41,5,36,2,2,0,30,16,0,16,14,2,12,63,52,17,35,11,3,8,17,11,2,9,6,1,5,51,37,9,28,14,6,8,79,71,33,38,8,4,4,32,19,7,12,13,5,8
S01012320,325,281,86,195,44,10,34,42,37,4,33,5,1,4,66,64,5,59,2,0,2,33,17,2,15,16,2,14,77,69,30,39,8,2,6,9,5,3,2,4,1,3,19,15,7,8,4,2,2,66,65,31,34,1,0,1,13,9,4,5,4,2,2
S01012321,316,260,77,183,56,24,32,36,29,3,26,7,2,5,45,44,5,39,1,1,0,23,11,0,11,12,4,8,82,73,24,49,9,3,6,17,12,5,7,5,1,4,31,24,12,12,7,3,4,62,58,23,35,4,3,1,20,9,5,4,11,7,4
S01012322,479,327,100,227,152,55,97,79,46,5,41,33,9,24,36,29,0,29,7,3,4,31,13,4,9,18,4,14,100,69,28,41,31,10,21,20,14,3,11,6,1,5,72,41,14,27,31,11,20,115,98,39,59,17,12,5,26,17,7,10,9,5,4
S01012323,406,281,97,184,125,22,103,79,47,6,41,32,4,28,38,30,1,29,8,3,5,30,10,4,6,20,1,19,73,54,31,23,19,0,19,14,11,1,10,3,1,2,50,33,10,23,17,3,14,98,85,38,47,13,5,8,24,11,6,5,13,5,8
S01012324,378,250,91,159,128,40,88,63,32,3,29,31,8,23,30,21,1,20,9,1,8,32,15,1,14,17,4,13,82,60,31,29,22,8,14,14,9,1,8,5,0,5,50,29,7,22,21,11,10,89,77,44,33,12,4,8,18,7,3,4,11,4,7
S01012325,197,175,56,119,22,8,14,12,12,1,11,0,0,0,35,32,3,29,3,2,1,13,8,0,8,5,0,5,52,44,18,26,8,4,4,14,14,5,9,0,0,0,17,13,7,6,4,2,2,45,44,18,26,1,0,1,9,8,4,4,1,0,1
S01012326,231,190,58,132,41,9,32,12,12,0,12,0,0,0,28,28,2,26,0,0,0,28,17,1,16,11,1,10,61,52,25,27,9,1,8,11,9,1,8,2,0,2,29,19,7,12,10,4,6,52,46,21,25,6,2,4,10,7,1,6,3,1,2
S01012327,359,304,108,196,55,16,39,20,13,3,10,7,3,4,49,46,4,42,3,0,3,43,31,2,29,12,2,10,89,76,44,32,13,2,11,18,13,1,12,5,2,3,31,25,6,19,6,2,4,94,90,43,47,4,2,2,15,10,5,5,5,3,2
S01012328,210,159,45,114,51,16,35,14,10,2,8,4,1,3,32,31,3,28,1,1,0,20,12,1,11,8,1,7,40,27,12,15,13,3,10,11,9,1,8,2,0,2,30,19,6,13,11,3,8,56,49,19,30,7,4,3,7,2,1,1,5,3,2
S01012329,383,258,88,170,125,36,89,90,36,7,29,54,11,43,21,14,0,14,7,2,5,28,18,2,16,10,2,8,59,45,24,21,14,4,10,21,13,2,11,8,1,7,52,35,15,20,17,9,8,85,80,35,45,5,2,3,27,17,3,14,10,5,5
S01012330,268,219,63,156,49,16,33,11,7,1,6,4,1,3,35,33,0,33,2,0,2,23,15,4,11,8,1,7,56,43,20,23,13,3,10,11,8,2,6,3,1,2,44,35,6,29,9,3,6,75,71,25,46,4,3,1,13,7,5,2,6,4,2
S01012331,341,297,92,205,44,6,38,22,16,3,13,6,0,6,46,39,4,35,7,1,6,25,17,0,17,8,1,7,81,70,29,41,11,1,10,21,21,4,17,0,0,0,33,28,11,17,5,1,4,100,99,39,60,1,0,1,13,7,2,5,6,2,4
S01012332,528,375,121,254,153,40,113,105,59,9,50,46,4,42,41,33,3,30,8,3,5,46,26,4,22,20,3,17,77,61,29,32,16,4,12,16,12,4,8,4,0,4,79,51,16,35,28,12,16,130,113,50,63,17,8,9,34,20,6,14,14,6,8
S01012333,470,333,109,224,137,37,100,77,45,11,34,32,6,26,52,36,2,34,16,5,11,35,15,1,14,20,4,16,101,81,37,44,20,2,18,19,16,3,13,3,1,2,47,32,14,18,15,7,8,110,95,36,59,15,6,9,29,13,5,8,16,6,10
S01012334,369,316,97,219,53,19,34,15,13,2,11,2,0,2,62,59,9,50,3,0,3,48,35,2,33,13,3,10,75,70,32,38,5,3,2,17,14,1,13,3,0,3,34,27,11,16,7,3,4,98,88,38,50,10,4,6,20,10,2,8,10,6,4
S01012335,564,516,158,358,48,11,37,10,8,0,8,2,0,2,95,92,4,88,3,0,3,61,47,2,45,14,1,13,131,122,63,59,9,1,8,22,21,2,19,1,0,1,51,44,12,32,7,2,5,171,165,66,99,6,6,0,23,17,9,8,6,1,5
S01012336,287,258,77,181,29,7,22,17,13,0,13,4,1,3,53,51,6,45,2,1,1,30,23,0,23,7,0,7,61,58,27,31,3,0,3,23,17,2,15,6,2,4,18,18,4,14,0,0,0,76,71,35,36,5,2,3,9,7,3,4,2,1,1
S01012337,354,312,86,226,42,13,29,14,8,0,8,6,0,6,54,51,3,48,3,0,3,34,29,2,27,5,0,5,82,72,28,44,10,1,9,18,17,3,14,1,0,1,29,26,10,16,3,1,2,91,86,36,50,5,4,1,32,23,4,19,9,7,2
S01012338,321,269,73,196,52,17,35,25,20,1,19,5,3,2,45,42,3,39,3,0,3,22,13,2,11,9,1,8,76,60,24,36,16,4,12,8,7,2,5,1,0,1,36,29,6,23,7,5,2,87,82,29,53,5,2,3,22,16,6,10,6,2,4
S01012339,269,234,46,188,35,13,22,9,7,1,6,2,0,2,46,44,2,42,2,1,1,21,17,0,17,4,0,4,62,51,14,37,11,5,6,15,13,1,12,2,0,2,29,21,3,18,8,4,4,72,68,23,45,4,2,2,15,13,2,11,2,1,1
S01012340,451,378,126,252,73,24,49,11,10,1,9,1,0,1,62,57,1,56,5,3,2,45,30,2,28,15,0,15,113,98,52,46,15,5,10,20,16,1,15,4,1,3,62,47,16,31,15,3,12,123,111,48,63,12,9,3,15,9,5,4,6,3,3
S01012341,543,343,112,231,200,34,166,116,42,7,35,74,11,63,51,36,7,29,15,2,13,47,31,5,26,16,0,16,88,57,27,30,31,5,26,17,10,4,6,7,3,4,62,43,15,28,19,5,14,115,102,35,67,13,3,10,47,22,12,10,25,5,20
S01012342,444,335,94,241,109,37,72,43,15,1,14,28,6,22,45,37,2,35,8,3,5,49,31,6,25,18,4,14,72,54,30,24,18,8,10,27,21,1,20,6,1,5,42,34,5,29,8,4,4,135,127,45,82,8,3,5,31,16,4,12,15,8,7
S01012343,510,355,105,250,155,44,111,74,33,5,28,41,6,35,44,29,2,27,15,1,14,40,24,4,20,16,4,12,89,70,26,44,19,8,11,22,15,3,12,7,1,6,81,51,14,37,30,12,18,132,122,47,75,10,5,5,28,11,4,7,17,7,10
S01012344,300,264,74,190,36,7,29,12,10,1,9,2,1,1,25,25,4,21,0,0,0,34,26,0,26,8,1,7,59,51,21,30,8,0,8,19,16,4,12,3,1,2,28,24,5,19,4,1,3,108,105,37,68,3,0,3,15,7,2,5,8,3,5
S01012345,359,305,82,223,54,7,47,18,6,0,6,12,0,12,17,16,1,15,1,0,1,41,32,1,31,9,0,9,90,79,28,51,11,0,11,13,8,1,7,5,1,4,36,25,9,16,11,4,7,132,129,36,93,3,1,2,12,10,6,4,2,1,1
S01012346,409,284,79,205,125,30,95,63,36,8,28,27,2,25,20,16,2,14,4,1,3,33,19,2,17,14,1,13,81,51,20,31,30,7,23,17,10,3,7,7,2,5,62,45,9,36,17,3,14,115,98,32,66,17,11,6,18,9,3,6,9,3,6
S01012347,359,307,91,216,52,9,43,14,7,0,7,7,1,6,24,21,4,17,3,1,2,34,26,2,24,8,1,7,68,60,22,38,8,0,8,16,11,2,9,5,1,4,56,44,10,34,12,2,10,134,130,49,81,4,0,4,13,8,2,6,5,3,2
S01012348,317,256,73,183,61,25,36,14,9,1,8,5,0,5,21,17,1,16,4,1,3,23,15,2,13,8,2,6,45,40,18,22,5,2,3,17,14,3,11,3,1,2,52,39,11,28,13,8,5,129,113,35,78,16,8,8,16,9,2,7,7,3,4
S01012349,430,383,125,258,47,14,33,15,11,1,10,4,1,3,99,97,9,88,2,2,0,58,43,3,40,15,0,15,83,77,46,31,6,0,6,28,23,6,17,5,2,3,35,30,12,18,5,4,1,93,89,41,48,4,2,2,19,13,7,6,6,3,3
S01012350,332,278,99,179,54,18,36,5,4,0,4,1,0,1,65,62,8,54,3,0,3,45,29,4,25,16,1,15,72,61,43,18,11,6,5,21,17,4,13,4,1,3,25,15,2,13,10,5,5,83,80,33,47,3,0,3,16,10,5,5,6,5,1
S01012351,403,355,129,226,48,14,34,9,4,0,4,5,2,3,80,76,11,65,4,2,2,61,44,0,44,17,1,16,79,75,45,30,4,2,2,17,16,4,12,1,0,1,35,28,9,19,7,5,2,104,102,57,45,2,1,1,18,10,3,7,8,1,7
S01012352,342,275,94,181,67,12,55,12,7,0,7,5,0,5,56,51,2,49,5,0,5,47,30,2,28,17,1,16,66,50,34,16,16,1,15,19,17,3,14,2,2,0,38,31,17,14,7,3,4,87,81,33,48,6,2,4,17,8,3,5,9,3,6
S01012353,366,311,91,220,55,16,39,12,11,2,9,1,0,1,54,51,4,47,3,0,3,44,33,0,33,11,2,9,79,58,35,23,21,4,17,16,11,3,8,5,0,5,32,27,12,15,5,3,2,115,109,29,80,6,4,2,14,11,6,5,3,3,0
S01012354,335,260,86,174,75,17,58,17,6,1,5,11,1,10,27,25,2,23,2,1,1,34,22,0,22,12,2,10,102,76,29,47,26,4,22,24,18,8,10,6,0,6,25,18,4,14,7,3,4,81,77,36,41,4,0,4,25,18,6,12,7,6,1
S01012355,487,304,102,202,183,37,146,135,48,10,38,87,6,81,37,27,8,19,10,1,9,29,15,0,15,14,1,13,71,51,20,31,20,6,14,7,2,1,1,5,0,5,56,36,11,25,20,10,10,110,101,43,58,9,4,5,42,24,9,15,18,9,9
S01012356,296,231,71,160,65,17,48,12,9,1,8,3,1,2,37,34,2,32,3,0,3,32,18,2,16,14,2,12,59,43,20,23,16,3,13,15,11,2,9,4,1,3,25,18,6,12,7,1,6,97,90,35,55,7,3,4,19,8,3,5,11,6,5
S01012357,439,288,93,195,151,44,107,61,18,2,16,43,8,35,33,23,5,18,10,1,9,33,15,4,11,18,4,14,73,49,22,27,24,10,14,24,17,3,14,7,2,5,58,34,11,23,24,9,15,126,116,37,79,10,4,6,31,16,9,7,15,6,9
S01012358,389,232,77,155,157,44,113,86,26,5,21,60,7,53,38,27,2,25,11,4,7,27,13,0,13,14,3,11,66,41,19,22,25,6,19,12,9,1,8,3,0,3,50,29,6,23,21,10,11,88,75,38,37,13,8,5,22,12,6,6,10,6,4
S01012359,313,286,102,184,27,10,17,24,23,3,20,1,0,1,60,59,14,45,1,0,1,33,26,3,23,7,1,6,54,51,24,27,3,0,3,21,16,1,15,5,4,1,25,23,10,13,2,1,1,81,78,41,37,3,1,2,15,10,6,4,5,3,2
S01012360,316,286,107,179,30,7,23,22,17,2,15,5,0,5,76,72,19,53,4,0,4,21,15,1,14,6,3,3,80,75,42,33,5,2,3,19,15,3,12,4,2,2,11,11,4,7,0,0,0,77,72,33,39,5,0,5,10,9,3,6,1,0,1
S01012361,237,209,76,133,28,12,16,7,5,1,4,2,0,2,48,46,5,41,2,1,1,23,18,2,16,5,1,4,58,54,28,26,4,2,2,11,9,5,4,2,1,1,23,16,7,9,7,4,3,59,58,27,31,1,0,1,8,3,1,2,5,3,2
S01012362,308,276,102,174,32,12,20,23,18,6,12,5,3,2,68,66,11,55,2,0,2,21,18,0,18,3,1,2,70,65,36,29,5,4,1,23,15,2,13,8,3,5,30,27,11,16,3,0,3,64,62,34,28,2,0,2,9,5,2,3,4,1,3
S01012363,400,343,98,245,57,15,42,22,17,1,16,5,1,4,70,68,10,58,2,0,2,32,23,2,21,9,0,9,92,81,39,42,11,1,10,19,13,3,10,6,2,4,43,35,6,29,8,4,4,101,97,36,61,4,2,2,21,9,1,8,12,5,7
S01012364,318,282,79,203,36,18,18,14,9,1,8,5,2,3,73,70,6,64,3,1,2,31,23,1,22,8,6,2,64,59,31,28,5,3,2,11,9,3,6,2,2,0,26,20,4,16,6,2,4,86,83,32,51,3,1,2,13,9,1,8,4,1,3
S01012365,492,431,127,304,61,13,48,17,13,3,10,4,1,3,97,94,10,84,3,0,3,54,34,3,31,20,1,19,94,83,36,47,11,2,9,18,15,2,13,3,2,1,53,45,18,27,8,4,4,139,135,52,83,4,1,3,20,12,3,9,8,2,6
S01012366,433,379,99,280,54,17,37,12,10,0,10,2,1,1,73,71,11,60,2,0,2,41,28,1,27,13,2,11,117,100,38,62,17,6,11,21,18,3,15,3,1,2,43,37,8,29,6,2,4,102,99,31,68,3,2,1,24,16,7,9,8,3,5
S01012367,442,399,128,271,43,11,32,6,5,0,5,1,1,0,77,72,14,58,5,0,5,40,31,0,31,9,0,9,81,72,37,35,9,3,6,16,14,3,11,2,0,2,44,36,5,31,8,2,6,155,148,62,86,7,3,4,23,21,7,14,2,2,0
S01012368,275,230,84,146,45,13,32,5,4,1,3,1,1,0,44,42,6,36,2,1,1,23,17,2,15,6,1,5,58,43,25,18,15,1,14,9,8,0,8,1,0,1,31,26,8,18,5,1,4,85,80,37,43,5,2,3,20,10,5,5,10,6,4
S01012369,417,342,104,238,75,20,55,16,6,1,5,10,1,9,78,71,14,57,7,2,5,39,21,0,21,18,0,18,62,52,24,28,10,1,9,30,23,3,20,7,4,3,45,34,10,24,11,5,6,120,115,48,67,5,2,3,27,20,4,16,7,5,2
S01012370,445,385,127,258,60,12,48,20,11,3,8,9,0,9,97,95,16,79,2,1,1,52,24,2,22,28,1,27,76,70,38,32,6,1,5,17,17,4,13,0,0,0,29,26,8,18,3,2,1,133,126,52,74,7,3,4,21,16,4,12,5,4,1
S01012371,410,365,114,251,45,17,28,21,18,4,14,3,1,2,67,67,10,57,0,0,0,40,30,3,27,10,1,9,97,85,42,43,12,2,10,14,14,4,10,0,0,0,35,30,9,21,5,1,4,118,109,40,69,9,8,1,18,12,2,10,6,4,2
S01012372,343,293,73,220,50,17,33,8,8,0,8,0,0,0,83,81,3,78,2,0,2,34,23,1,22,11,3,8,84,71,36,35,13,4,9,17,13,2,11,4,2,2,29,21,3,18,8,3,5,74,66,22,44,8,4,4,14,10,6,4,4,1,3
S01012373,460,407,123,284,53,13,40,15,12,2,10,3,0,3,92,87,13,74,5,1,4,33,27,0,27,6,2,4,85,74,43,31,11,2,9,20,14,3,11,6,3,3,58,48,9,39,10,3,7,135,131,49,82,4,1,3,22,14,4,10,8,1,7
S01012374,466,407,138,269,59,19,40,16,15,3,12,1,0,1,97,93,15,78,4,0,4,38,20,3,17,18,3,15,74,67,30,37,7,1,6,21,19,3,16,2,0,2,37,26,9,17,11,5,6,157,149,69,80,8,5,3,26,18,6,12,8,5,3
S01012375,434,398,121,277,36,11,25,18,16,2,14,2,0,2,112,107,20,87,5,2,3,43,35,1,34,8,0,8,89,82,41,41,7,2,5,16,13,0,13,3,1,2,33,28,8,20,5,2,3,110,107,45,62,3,2,1,13,10,4,6,3,2,1
S01012376,499,349,116,233,150,37,113,67,25,4,21,42,4,38,34,25,5,20,9,0,9,35,16,1,15,19,2,17,78,62,29,33,16,6,10,27,24,5,19,3,2,1,64,29,11,18,35,14,21,153,144,52,92,9,6,3,41,24,9,15,17,3,14
S01012377,367,257,79,178,110,36,74,48,16,2,14,32,6,26,20,15,2,13,5,1,4,18,9,0,9,9,3,6,61,50,28,22,11,5,6,12,6,1,5,6,1,5,58,28,6,22,30,11,19,126,118,33,85,8,5,3,24,15,7,8,9,4,5
S01012378,295,201,68,133,94,24,70,51,18,3,15,33,10,23,16,8,1,7,8,4,4,21,13,1,12,8,3,5,58,37,14,23,21,4,17,12,8,2,6,4,0,4,41,33,10,23,8,1,7,79,71,31,40,8,2,6,17,13,6,7,4,0,4
S01012379,241,171,44,127,70,19,51,50,27,3,24,23,3,20,11,8,2,6,3,1,2,14,10,1,9,4,0,4,36,28,11,17,8,2,6,9,3,1,2,6,3,3,36,27,4,23,9,4,5,62,56,18,38,6,4,2,23,12,4,8,11,2,9
S01012380,453,400,112,288,53,18,35,15,12,0,12,3,0,3,50,47,5,42,3,1,2,35,22,0,22,13,3,10,84,74,33,41,10,2,8,23,22,5,17,1,0,1,73,59,16,43,14,6,8,155,150,48,102,5,3,2,18,14,5,9,4,3,1
S01012381,348,303,106,197,45,15,30,12,9,0,9,3,0,3,29,26,1,25,3,1,2,32,25,3,22,7,2,5,89,76,36,40,13,4,9,23,21,7,14,2,1,1,43,35,13,22,8,3,5,106,102,42,60,4,2,2,14,9,4,5,5,2,3
S01012382,503,416,139,277,87,25,62,20,13,2,11,7,4,3,31,25,3,22,6,0,6,51,31,5,26,20,2,18,83,67,34,33,16,3,13,25,19,2,17,6,2,4,62,48,12,36,14,6,8,207,195,71,124,12,6,6,24,18,10,8,6,2,4
S01012383,390,340,103,237,50,16,34,20,16,1,15,4,1,3,28,26,2,24,2,0,2,48,33,3,30,15,3,12,69,64,32,32,5,2,3,28,21,5,16,7,3,4,45,37,8,29,8,3,5,130,126,46,80,4,2,2,22,17,6,11,5,2,3
S01012384,248,210,52,158,38,17,21,10,9,1,8,1,0,1,26,22,0,22,4,2,2,23,16,2,14,7,2,5,44,38,17,21,6,1,5,13,12,4,8,1,0,1,30,21,5,16,9,5,4,83,78,18,60,5,3,2,19,14,5,9,5,4,1
S01012385,397,326,87,239,71,22,49,17,10,2,8,7,2,5,29,25,4,21,4,1,3,28,17,0,17,11,2,9,77,62,26,36,15,1,14,18,16,1,15,2,0,2,69,58,9,49,11,4,7,139,126,40,86,13,7,6,20,12,5,7,8,5,3
S01012386,432,386,126,260,46,15,31,13,10,1,9,3,0,3,47,44,5,39,3,0,3,31,23,1,22,8,0,8,91,81,41,40,10,2,8,32,25,2,23,7,3,4,55,46,11,35,9,6,3,148,146,59,87,2,1,1,15,11,6,5,4,3,1
S01012387,527,449,111,338,78,17,61,45,23,3,20,22,2,20,19,15,2,13,4,2,2,42,31,1,30,11,1,10,97,87,27,60,10,2,8,89,85,8,77,4,1,3,40,30,4,26,10,2,8,167,158,61,97,9,5,4,28,20,5,15,8,2,6
S01012388,407,346,98,248,61,17,44,13,6,0,6,7,1,6,20,14,1,13,6,0,6,41,28,2,26,13,4,9,64,55,25,30,9,2,7,58,48,5,43,10,4,6,45,37,9,28,8,3,5,145,142,54,88,3,1,2,21,16,2,14,5,2,3
S01012389,487,432,131,301,55,17,38,27,17,2,15,10,1,9,33,30,6,24,3,0,3,51,39,1,38,12,1,11,77,67,26,41,10,2,8,56,55,4,51,1,1,0,39,32,10,22,7,4,3,181,176,76,100,5,3,2,23,16,6,10,7,5,2
S01012390,445,406,121,285,39,12,27,26,16,1,15,10,1,9,30,25,2,23,5,2,3,54,46,2,44,8,2,6,82,76,26,50,6,3,3,42,40,8,32,2,0,2,34,29,10,19,5,3,2,159,157,65,92,2,1,1,18,17,7,10,1,0,1
S01012391,595,537,168,369,58,22,36,52,39,4,35,13,3,10,36,34,6,28,2,1,1,49,36,4,32,13,4,9,92,85,42,43,7,5,2,51,47,4,43,4,1,3,57,50,20,30,7,3,4,219,212,74,138,7,3,4,39,34,14,20,5,2,3
S01012392,432,402,128,274,30,9,21,17,15,1,14,2,0,2,21,19,4,15,2,0,2,41,36,2,34,5,2,3,98,91,34,57,7,4,3,45,41,5,36,4,2,2,45,40,17,23,5,0,5,143,140,58,82,3,0,3,22,20,7,13,2,1,1
S01012393,530,467,141,326,63,20,43,24,21,0,21,3,0,3,28,23,4,19,5,1,4,66,52,2,50,14,3,11,94,81,42,39,13,2,11,49,41,6,35,8,4,4,54,45,15,30,9,5,4,182,175,62,113,7,4,3,33,29,10,19,4,1,3
S01012394,342,315,88,227,27,6,21,19,15,1,14,4,0,4,24,24,3,21,0,0,0,37,30,3,27,7,0,7,88,82,29,53,6,1,5,32,28,4,24,4,0,4,36,33,17,16,3,2,1,91,90,30,60,1,1,0,15,13,1,12,2,2,0
S01012395,343,307,97,210,36,12,24,24,20,0,20,4,2,2,10,8,1,7,2,1,1,30,24,1,23,6,1,5,68,59,24,35,9,1,8,35,32,6,26,3,1,2,28,20,9,11,8,4,4,132,130,51,79,2,2,0,16,14,5,9,2,0,2
S01012396,338,306,65,241,32,8,24,19,15,0,15,4,0,4,22,22,6,16,0,0,0,39,33,1,32,6,1,5,55,47,13,34,8,1,7,40,39,3,36,1,0,1,34,28,6,22,6,3,3,113,109,35,74,4,2,2,16,13,1,12,3,1,2
S01012397,455,398,115,283,57,14,43,24,11,1,10,13,4,9,25,22,6,16,3,2,1,43,36,1,35,7,0,7,94,79,27,52,15,2,13,59,53,5,48,6,0,6,28,24,12,12,4,2,2,160,157,58,99,3,1,2,22,16,5,11,6,3,3
S01012398,540,503,111,392,37,6,31,27,24,1,23,3,1,2,40,38,7,31,2,0,2,64,58,1,57,6,0,6,139,130,40,90,9,2,7,45,42,3,39,3,0,3,45,38,4,34,7,1,6,162,159,51,108,3,2,1,18,14,4,10,4,0,4
S01012399,341,329,86,243,12,2,10,21,21,0,21,0,0,0,24,21,1,20,3,0,3,30,27,1,26,3,0,3,69,66,25,41,3,0,3,38,38,3,35,0,0,0,33,30,11,19,3,2,1,119,119,45,74,0,0,0,7,7,0,7,0,0,0
S01012400,359,325,87,238,34,5,29,14,12,0,12,2,1,1,20,20,0,20,0,0,0,56,48,1,47,8,0,8,99,87,34,53,12,3,9,27,24,4,20,3,0,3,32,27,11,16,5,1,4,84,82,31,51,2,0,2,27,25,6,19,2,0,2
S01012401,468,440,116,324,28,5,23,31,25,0,25,6,1,5,29,29,7,22,0,0,0,79,69,1,68,10,3,7,92,87,31,56,5,0,5,42,38,2,36,4,1,3,36,35,9,26,1,0,1,130,130,55,75,0,0,0,29,27,11,16,2,0,2
S01012402,278,243,60,183,35,4,31,27,17,1,16,10,1,9,8,8,1,7,0,0,0,32,22,1,21,10,0,10,49,42,10,32,7,0,7,28,27,0,27,1,1,0,22,18,3,15,4,0,4,90,90,35,55,0,0,0,22,19,9,10,3,2,1
S01012403,650,544,157,387,106,32,74,80,43,1,42,37,4,33,44,35,4,31,9,5,4,77,61,3,58,16,2,14,90,75,33,42,15,6,9,57,52,3,49,5,2,3,47,38,9,29,9,3,6,227,218,97,121,9,5,4,28,22,7,15,6,5,1
S01012404,558,501,122,379,57,22,35,48,39,1,38,9,1,8,49,44,8,36,5,1,4,82,63,2,61,19,4,15,99,92,29,63,7,4,3,55,50,8,42,5,1,4,39,33,10,23,6,5,1,165,161,59,102,4,4,0,21,19,5,14,2,2,0
S01012405,426,367,85,282,59,18,41,37,31,1,30,6,1,5,27,26,3,23,1,0,1,60,44,4,40,16,3,13,61,50,12,38,11,3,8,39,37,4,33,2,0,2,33,24,3,21,9,2,7,150,140,53,87,10,5,5,19,15,5,10,4,4,0
S01012406,338,290,80,210,48,5,43,48,31,1,30,17,1,16,25,23,4,19,2,0,2,33,23,0,23,10,0,10,43,40,18,22,3,0,3,35,33,6,27,2,0,2,38,31,6,25,7,2,5,101,98,43,55,3,1,2,15,11,2,9,4,1,3
S01012407,460,398,121,277,62,13,49,46,32,3,29,14,2,12,32,27,2,25,5,1,4,63,44,2,42,19,2,17,74,70,25,45,4,2,2,44,39,9,30,5,0,5,35,30,10,20,5,1,4,145,142,63,79,3,2,1,21,14,7,7,7,3,4
S01012408,352,287,93,194,65,14,51,46,25,3,22,21,4,17,23,18,6,12,5,1,4,40,30,1,29,10,1,9,51,41,21,20,10,3,7,45,39,8,31,6,1,5,29,22,6,16,7,2,5,108,103,45,58,5,1,4,10,9,3,6,1,1,0
S01012409,377,312,96,216,65,16,49,56,30,0,30,26,8,18,50,43,8,35,7,0,7,36,29,0,29,7,1,6,56,48,24,24,8,2,6,20,17,2,15,3,1,2,24,20,7,13,4,2,2,116,110,49,61,6,0,6,19,15,6,9,4,2,2
S01012410,629,575,155,420,54,10,44,47,39,6,33,8,3,5,30,27,1,26,3,1,2,83,69,0,69,14,0,14,122,106,47,59,16,3,13,103,99,10,89,4,1,3,46,42,12,30,4,1,3,176,172,71,101,4,1,3,22,21,8,13,1,0,1
S01012411,539,498,123,375,41,9,32,56,41,4,37,15,2,13,35,34,2,32,1,0,1,65,59,0,59,6,1,5,88,83,28,55,5,0,5,71,68,9,59,3,2,1,49,47,11,36,2,0,2,155,149,63,86,6,4,2,20,17,6,11,3,0,3
S01012412,364,301,107,194,63,18,45,62,36,1,35,26,9,17,12,10,0,10,2,0,2,48,33,1,32,15,3,12,72,67,40,27,5,0,5,41,35,7,28,6,3,3,23,18,5,13,5,1,4,99,96,51,45,3,1,2,7,6,2,4,1,1,0
S01012413,482,429,125,304,53,6,47,80,62,12,50,18,2,16,38,34,6,28,4,1,3,26,20,0,20,6,0,6,49,43,16,27,6,1,5,87,81,5,76,6,0,6,29,25,7,18,4,0,4,155,150,76,74,5,1,4,18,14,3,11,4,1,3
S01012414,344,286,101,185,58,13,45,62,39,5,34,23,5,18,19,12,1,11,7,2,5,33,25,1,24,8,1,7,46,41,20,21,5,2,3,38,31,5,26,7,2,5,11,6,3,3,5,1,4,118,116,57,59,2,0,2,17,16,9,7,1,0,1
S01012415,274,206,66,140,68,9,59,58,17,3,14,41,3,38,23,18,5,13,5,0,5,12,9,0,9,3,0,3,45,35,13,22,10,3,7,44,39,0,39,5,1,4,10,8,3,5,2,1,1,70,70,38,32,0,0,0,12,10,4,6,2,1,1
S01012416,281,217,76,141,64,11,53,58,22,0,22,36,0,36,24,21,5,16,3,2,1,14,10,0,10,4,1,3,33,27,11,16,6,1,5,43,37,4,33,6,3,3,9,5,1,4,4,1,3,94,90,52,38,4,3,1,6,5,3,2,1,0,1
S01012417,262,200,78,122,62,15,47,41,16,2,14,25,3,22,22,20,0,20,2,1,1,25,15,1,14,10,3,7,60,53,29,24,7,2,5,15,12,7,5,3,1,2,20,12,1,11,8,4,4,70,64,36,28,6,1,5,9,8,2,6,1,0,1
S01012418,373,233,68,165,140,32,108,91,35,7,28,56,7,49,26,19,1,18,7,2,5,43,25,1,24,18,3,15,68,48,18,30,20,4,16,24,13,6,7,11,4,7,37,26,6,20,11,5,6,68,60,28,32,8,3,5,16,7,1,6,9,4,5
S01012419,342,214,73,141,128,28,100,89,32,2,30,57,5,52,31,22,3,19,9,4,5,18,2,0,2,16,3,13,59,42,22,20,17,4,13,15,10,1,9,5,4,1,31,22,9,13,9,2,7,83,74,31,43,9,2,7,16,10,5,5,6,4,2
S01012420,382,332,108,224,50,12,38,35,21,2,19,14,0,14,79,76,10,66,3,0,3,42,35,2,33,7,2,5,77,67,40,27,10,4,6,17,14,2,12,3,0,3,20,15,7,8,5,2,3,96,88,36,52,8,4,4,16,16,9,7,0,0,0
S01012421,351,275,68,207,76,12,64,51,23,4,19,28,3,25,23,20,0,20,3,0,3,25,14,2,12,11,1,10,97,80,23,57,17,3,14,25,23,2,21,2,1,1,23,20,5,15,3,0,3,85,78,30,48,7,3,4,22,17,2,15,5,1,4
S01012422,405,313,96,217,92,27,65,43,17,2,15,26,6,20,34,31,3,28,3,0,3,44,29,4,25,15,2,13,82,64,28,36,18,5,13,25,19,5,14,6,2,4,52,40,18,22,12,4,8,92,85,28,57,7,4,3,33,28,8,20,5,4,1
S01012423,391,309,93,216,82,18,64,45,16,2,14,29,4,25,42,32,1,31,10,0,10,31,24,4,20,7,1,6,78,61,26,35,17,3,14,24,22,6,16,2,0,2,35,28,10,18,7,4,3,116,112,34,78,4,3,1,20,14,10,4,6,3,3
S01012424,423,383,145,238,40,16,24,13,11,1,10,2,0,2,80,78,7,71,2,1,1,39,33,2,31,6,1,5,81,76,43,33,5,2,3,29,23,5,18,6,3,3,31,27,14,13,4,1,3,121,110,57,53,11,4,7,29,25,16,9,4,4,0
S01012425,190,174,63,111,16,2,14,11,7,0,7,4,1,3,29,28,2,26,1,0,1,15,15,0,15,0,0,0,48,44,29,15,4,0,4,11,11,2,9,0,0,0,13,12,4,8,1,0,1,56,51,24,27,5,1,4,7,6,2,4,1,0,1
S01012426,168,153,68,85,15,2,13,11,6,1,5,5,1,4,31,31,4,27,0,0,0,10,8,1,7,2,0,2,45,44,28,16,1,0,1,3,1,0,1,2,0,2,12,12,6,6,0,0,0,50,48,27,21,2,0,2,6,3,1,2,3,1,2
S01012427,248,233,101,132,15,2,13,16,10,1,9,6,0,6,31,31,1,30,0,0,0,23,21,2,19,2,0,2,80,77,44,33,3,0,3,9,9,2,7,0,0,0,13,13,7,6,0,0,0,70,67,42,25,3,1,2,6,5,2,3,1,1,0
S01012428,292,266,99,167,26,6,20,16,12,0,12,4,2,2,51,48,5,43,3,0,3,20,16,0,16,4,2,2,68,58,35,23,10,1,9,20,18,4,14,2,0,2,21,20,10,10,1,0,1,86,85,40,45,1,0,1,10,9,5,4,1,1,0
S01012429,204,183,53,130,21,4,17,5,4,1,3,1,0,1,22,21,1,20,1,0,1,18,12,0,12,6,2,4,50,46,18,28,4,0,4,9,8,1,7,1,0,1,15,12,4,8,3,0,3,76,74,26,48,2,1,1,9,6,2,4,3,1,2
S01012430,249,221,71,150,28,7,21,7,4,0,4,3,1,2,39,38,3,35,1,0,1,17,13,0,13,4,1,3,58,51,31,20,7,1,6,21,19,3,16,2,0,2,19,14,3,11,5,1,4,75,74,27,47,1,0,1,13,8,4,4,5,3,2
S01012431,376,289,101,188,87,18,69,17,8,0,8,9,3,6,37,36,2,34,1,0,1,26,14,1,13,12,1,11,81,62,33,29,19,1,18,23,15,5,10,8,1,7,34,25,8,17,9,2,7,125,112,48,64,13,5,8,33,17,4,13,16,5,11
S01012432,252,223,74,149,29,6,23,10,9,3,6,1,0,1,43,41,2,39,2,1,1,14,12,1,11,2,0,2,65,52,31,21,13,2,11,10,8,1,7,2,0,2,16,15,7,8,1,1,0,76,73,22,51,3,1,2,18,13,7,6,5,1,4
S01012433,235,206,64,142,29,10,19,11,6,0,6,5,1,4,41,38,3,35,3,1,2,15,12,0,12,3,2,1,53,47,25,22,6,0,6,18,15,2,13,3,1,2,20,18,5,13,2,1,1,65,62,28,34,3,1,2,12,8,1,7,4,3,1
S01012434,309,282,82,200,27,12,15,12,9,1,8,3,0,3,32,31,0,31,1,0,1,42,36,2,34,6,2,4,64,58,28,30,6,3,3,19,17,1,16,2,2,0,20,19,5,14,1,0,1,106,101,43,58,5,4,1,14,11,2,9,3,1,2
S01012435,285,253,86,167,32,8,24,14,11,1,10,3,1,2,21,21,3,18,0,0,0,30,23,2,21,7,0,7,80,69,38,31,11,2,9,18,15,2,13,3,0,3,29,25,4,21,4,3,1,78,77,29,48,1,1,0,15,12,7,5,3,1,2
S01012436,299,270,92,178,29,8,21,15,10,2,8,5,0,5,38,36,2,34,2,0,2,29,23,1,22,6,0,6,69,66,32,34,3,1,2,15,12,5,7,3,2,1,28,25,8,17,3,1,2,86,83,36,47,3,1,2,19,15,6,9,4,3,1
S01012437,335,301,93,208,34,7,27,21,15,1,14,6,1,5,45,45,2,43,0,0,0,41,31,1,30,10,0,10,77,74,35,39,3,1,2,15,12,2,10,3,2,1,29,25,9,16,4,3,1,95,90,40,50,5,0,5,12,9,3,6,3,0,3
S01012438,310,263,78,185,47,13,34,26,13,1,12,13,1,12,38,34,2,32,4,1,3,24,21,1,20,3,1,2,67,54,22,32,13,1,12,15,12,3,9,3,2,1,32,28,12,16,4,3,1,96,89,34,55,7,4,3,12,12,3,9,0,0,0
S01012439,299,266,81,185,33,6,27,15,10,1,9,5,1,4,29,27,1,26,2,0,2,25,18,0,18,7,2,5,77,74,32,42,3,1,2,17,10,3,7,7,1,6,31,24,8,16,7,1,6,91,89,30,59,2,0,2,14,14,6,8,0,0,0
S01012440,267,221,62,159,46,15,31,12,8,1,7,4,1,3,29,27,0,27,2,1,1,34,23,2,21,11,1,10,48,39,16,23,9,0,9,20,13,2,11,7,3,4,23,19,6,13,4,2,2,86,82,29,53,4,3,1,15,10,6,4,5,4,1
S01012441,458,339,111,228,119,30,89,75,27,4,23,48,4,44,37,29,3,26,8,1,7,32,26,2,24,6,1,5,71,57,30,27,14,6,8,15,13,0,13,2,0,2,57,33,15,18,24,10,14,151,139,49,90,12,6,6,20,15,8,7,5,2,3
S01012442,484,386,109,277,98,26,72,41,13,0,13,28,3,25,30,27,4,23,3,2,1,29,22,4,18,7,1,6,109,90,40,50,19,2,17,39,33,1,32,6,1,5,57,42,6,36,15,9,6,144,136,44,92,8,4,4,35,23,10,13,12,4,8
S01012443,398,317,94,223,81,15,66,53,28,5,23,25,2,23,19,13,1,12,6,1,5,39,29,0,29,10,1,9,77,65,30,35,12,1,11,35,32,3,29,3,0,3,48,35,8,27,13,6,7,112,106,42,64,6,1,5,15,9,5,4,6,3,3
S01012444,329,274,76,198,55,13,42,16,7,1,6,9,0,9,22,22,2,20,0,0,0,20,11,1,10,9,2,7,65,53,28,25,12,3,9,23,18,2,16,5,3,2,33,28,5,23,5,1,4,130,122,30,92,8,2,6,20,13,7,6,7,2,5
S01012445,262,208,61,147,54,17,37,13,10,1,9,3,2,1,25,23,1,22,2,0,2,18,13,1,12,5,3,2,40,33,14,19,7,3,4,18,15,1,14,3,1,2,58,40,14,26,18,3,15,78,66,26,40,12,4,8,12,8,3,5,4,1,3
S01012446,232,212,67,145,20,5,15,7,6,1,5,1,0,1,21,18,4,14,3,0,3,22,18,0,18,4,0,4,61,56,24,32,5,3,2,10,8,1,7,2,0,2,23,21,10,11,2,0,2,83,81,25,56,2,1,1,5,4,2,2,1,1,0
S01012447,446,388,103,285,58,25,33,19,12,0,12,7,3,4,35,34,1,33,1,1,0,27,20,0,20,7,1,6,118,102,44,58,16,7,9,29,24,4,20,5,2,3,44,36,8,28,8,4,4,147,143,39,104,4,1,3,27,17,7,10,10,6,4
S01012448,440,368,93,275,72,16,56,30,15,4,11,15,0,15,31,26,1,25,5,3,2,22,13,0,13,9,4,5,95,83,35,48,12,1,11,26,24,2,22,2,0,2,45,37,12,25,8,2,6,172,163,38,125,9,3,6,19,7,1,6,12,3,9
S01012449,309,275,67,208,34,4,30,15,13,1,12,2,0,2,22,21,0,21,1,0,1,34,26,1,25,8,0,8,59,50,22,28,9,1,8,29,27,3,24,2,1,1,21,17,2,15,4,1,3,118,113,31,82,5,1,4,11,8,7,1,3,0,3
S01012450,426,330,88,242,96,22,74,35,10,1,9,25,5,20,35,32,2,30,3,0,3,32,20,3,17,12,1,11,84,66,29,37,18,5,13,30,23,1,22,7,1,6,41,30,6,24,11,2,9,144,134,39,95,10,4,6,25,15,7,8,10,4,6
S01012451,311,248,75,173,63,18,45,0,0,0,0,0,0,0,20,18,1,17,2,0,2,16,8,1,7,8,1,7,62,51,25,26,11,3,8,28,23,2,21,5,0,5,64,40,8,32,24,5,19,104,95,29,66,9,8,1,17,13,9,4,4,1,3
S01012452,256,221,66,155,35,13,22,7,6,0,6,1,1,0,23,22,0,22,1,1,0,13,7,2,5,6,1,5,53,47,23,24,6,2,4,15,10,2,8,5,1,4,31,23,5,18,8,3,5,101,94,31,63,7,4,3,13,12,3,9,1,0,1
S01012453,371,297,89,208,74,23,51,7,6,0,6,1,0,1,32,28,7,21,4,1,3,19,13,1,12,6,4,2,73,49,28,21,24,5,19,33,28,4,24,5,0,5,65,43,11,32,22,6,16,125,115,34,81,10,6,4,17,15,4,11,2,1,1
S01012454,269,232,80,152,37,13,24,6,6,1,5,0,0,0,16,12,1,11,4,1,3,20,17,1,16,3,1,2,33,25,13,12,8,2,6,30,29,4,25,1,0,1,37,22,10,12,15,4,11,116,111,46,65,5,4,1,11,10,4,6,1,1,0
S01012455,242,179,62,117,63,16,47,10,7,1,6,3,0,3,15,10,0,10,5,2,3,17,12,3,9,5,0,5,52,36,20,16,16,2,14,29,25,3,22,4,1,3,27,16,3,13,11,5,6,82,67,28,39,15,4,11,10,6,4,2,4,2,2
S01012456,297,249,86,163,48,7,41,6,4,0,4,2,0,2,26,24,1,23,2,0,2,16,14,1,13,2,0,2,49,39,21,18,10,0,10,28,22,4,18,6,1,5,41,26,11,15,15,4,11,120,110,42,68,10,1,9,11,10,6,4,1,1,0
S01012457,315,258,81,177,57,18,39,5,4,0,4,1,0,1,31,28,1,27,3,2,1,15,9,3,6,6,3,3,47,34,17,17,13,2,11,33,28,2,26,5,0,5,41,31,10,21,10,2,8,126,112,38,74,14,7,7,17,12,10,2,5,2,3
S01012458,332,265,77,188,67,20,47,11,10,3,7,1,0,1,20,17,2,15,3,1,2,21,14,0,14,7,2,5,57,45,26,19,12,2,10,30,26,3,23,4,2,2,47,27,4,23,20,4,16,124,110,33,77,14,6,8,22,16,6,10,6,3,3
S01012459,387,346,115,231,41,13,28,11,9,0,9,2,0,2,34,33,1,32,1,1,0,32,23,3,20,9,3,6,72,65,36,29,7,0,7,27,22,5,17,5,0,5,47,36,10,26,11,5,6,150,146,54,92,4,3,1,14,12,6,6,2,1,1
S01012460,233,199,61,138,34,6,28,5,5,1,4,0,0,0,18,16,1,15,2,0,2,16,8,2,6,8,1,7,50,44,20,24,6,3,3,23,17,1,16,6,0,6,23,17,5,12,6,1,5,83,80,24,56,3,0,3,15,12,7,5,3,1,2
S01012461,259,236,79,157,23,3,20,2,2,0,2,0,0,0,19,18,1,17,1,0,1,22,17,0,17,5,1,4,69,64,38,26,5,1,4,22,17,3,14,5,1,4,28,22,8,14,6,0,6,89,88,24,64,1,0,1,8,8,5,3,0,0,0
S01012462,314,290,96,194,24,9,15,8,8,0,8,0,0,0,14,14,1,13,0,0,0,17,11,0,11,6,2,4,104,96,47,49,8,3,5,28,22,5,17,6,2,4,21,19,7,12,2,1,1,109,108,31,77,1,1,0,13,12,5,7,1,0,1
S01012463,255,225,76,149,30,8,22,1,1,0,1,0,0,0,15,15,0,15,0,0,0,20,12,2,10,8,2,6,83,80,39,41,3,0,3,16,10,0,10,6,1,5,18,15,5,10,3,2,1,88,80,25,55,8,2,6,14,12,5,7,2,1,1
S01012464,290,266,101,165,24,6,18,4,4,1,3,0,0,0,21,21,0,21,0,0,0,22,16,1,15,6,0,6,86,83,46,37,3,0,3,19,15,5,10,4,0,4,27,22,10,12,5,3,2,93,89,29,60,4,3,1,18,16,9,7,2,0,2
S01012465,313,287,80,207,26,3,23,4,3,0,3,1,0,1,30,30,2,28,0,0,0,34,25,1,24,9,0,9,90,84,32,52,6,0,6,19,14,1,13,5,0,5,28,26,5,21,2,1,1,95,94,35,59,1,0,1,13,11,4,7,2,2,0
S01012466,332,276,95,181,56,17,39,9,5,0,5,4,2,2,18,16,1,15,2,1,1,24,13,0,13,11,1,10,93,81,40,41,12,2,10,26,19,3,16,7,1,6,31,25,10,15,6,2,4,113,108,34,74,5,4,1,18,9,7,2,9,4,5
S01012467,304,266,83,183,38,14,24,6,6,0,6,0,0,0,30,29,0,29,1,1,0,24,17,1,16,7,2,5,75,67,35,32,8,1,7,14,11,3,8,3,0,3,23,16,4,12,7,4,3,114,109,36,73,5,3,2,18,11,4,7,7,3,4
S01012468,349,309,95,214,40,10,30,8,6,0,6,2,0,2,15,15,1,14,0,0,0,36,27,2,25,9,2,7,82,81,31,50,1,1,0,24,19,2,17,5,0,5,32,29,9,20,3,0,3,126,115,47,68,11,4,7,26,17,3,14,9,3,6
S01012469,344,280,90,190,64,16,48,6,6,0,6,0,0,0,25,19,2,17,6,1,5,19,9,1,8,10,1,9,67,56,23,33,11,2,9,19,16,4,12,3,0,3,47,30,9,21,17,6,11,145,134,44,90,11,5,6,16,10,7,3,6,1,5
S01012470,407,366,108,258,41,15,26,8,7,1,6,1,1,0,27,27,0,27,0,0,0,22,13,0,13,9,4,5,93,90,36,54,3,1,2,29,25,4,21,4,0,4,40,27,7,20,13,4,9,160,156,52,104,4,3,1,28,21,8,13,7,2,5
S01012471,373,280,84,196,93,21,72,11,6,0,6,5,1,4,26,23,1,22,3,1,2,31,16,1,15,15,2,13,80,62,31,31,18,3,15,23,19,1,18,4,0,4,52,34,7,27,18,3,15,126,106,37,69,20,9,11,24,14,6,8,10,2,8
S01012472,281,242,71,171,39,12,27,7,7,2,5,0,0,0,25,21,2,19,4,1,3,15,9,0,9,6,1,5,46,42,24,18,4,0,4,15,14,0,14,1,0,1,43,32,5,27,11,3,8,108,102,28,74,6,3,3,22,15,10,5,7,4,3
S01012473,272,241,69,172,31,7,24,11,8,1,7,3,2,1,24,22,0,22,2,1,1,17,14,2,12,3,0,3,58,53,24,29,5,0,5,23,21,5,16,2,0,2,33,25,6,19,8,1,7,96,92,28,64,4,1,3,10,6,3,3,4,2,2
S01012474,295,264,92,172,31,11,20,6,4,0,4,2,1,1,21,21,1,20,0,0,0,22,14,1,13,8,2,6,66,61,36,25,5,2,3,20,18,3,15,2,0,2,20,14,4,10,6,3,3,119,116,39,77,3,3,0,21,16,8,8,5,0,5
S01012475,270,244,73,171,26,8,18,11,10,2,8,1,0,1,30,29,2,27,1,0,1,11,9,0,9,2,0,2,43,38,17,21,5,2,3,23,19,2,17,4,1,3,21,19,5,14,2,0,2,114,108,38,70,6,3,3,17,12,7,5,5,2,3
S01012476,405,372,122,250,33,10,23,9,8,0,8,1,0,1,23,21,2,19,2,0,2,30,20,0,20,10,3,7,122,117,59,58,5,0,5,30,28,1,27,2,1,1,39,34,8,26,5,3,2,130,127,46,81,3,1,2,22,17,6,11,5,2,3
S01012477,353,326,99,227,27,5,22,6,5,1,4,1,0,1,36,34,6,28,2,0,2,29,18,2,16,11,3,8,69,63,34,29,6,1,5,17,17,0,17,0,0,0,29,27,5,22,2,0,2,152,149,43,106,3,0,3,15,13,8,5,2,1,1
S01012478,409,366,141,225,43,19,24,7,5,1,4,2,0,2,31,30,1,29,1,1,0,31,18,2,16,13,3,10,107,101,56,45,6,3,3,30,27,5,22,3,2,1,40,33,9,24,7,4,3,140,136,56,80,4,3,1,23,16,11,5,7,3,4
S01012479,392,339,106,233,53,19,34,8,7,1,6,1,0,1,36,32,1,31,4,0,4,30,14,0,14,16,5,11,95,91,48,43,4,0,4,30,25,2,23,5,3,2,46,38,10,28,8,4,4,120,114,38,76,6,2,4,27,18,6,12,9,5,4
S01012480,284,250,58,192,34,5,29,10,10,1,9,0,0,0,33,31,1,30,2,1,1,19,16,3,13,3,0,3,64,55,24,31,9,1,8,21,20,4,16,1,0,1,41,32,4,28,9,1,8,75,72,14,58,3,1,2,21,14,7,7,7,1,6
S01012481,411,362,100,262,49,16,33,8,6,0,6,2,2,0,37,35,4,31,2,1,1,20,14,2,12,6,1,5,121,111,46,65,10,2,8,38,30,6,24,8,4,4,45,38,12,26,7,3,4,114,104,20,84,10,3,7,28,24,10,14,4,0,4
S01012482,310,249,70,179,61,15,46,5,4,0,4,1,0,1,26,23,1,22,3,0,3,8,4,0,4,4,1,3,100,73,36,37,27,7,20,22,20,10,10,2,1,1,35,27,3,24,8,1,7,94,82,17,65,12,3,9,20,16,3,13,4,2,2
S01012483,377,338,108,230,39,14,25,10,8,1,7,2,1,1,25,23,5,18,2,0,2,15,13,0,13,2,0,2,144,134,52,82,10,3,7,28,22,2,20,6,2,4,32,28,6,22,4,2,2,98,89,33,56,9,3,6,25,21,9,12,4,3,1
S01012484,348,278,80,198,70,20,50,5,3,0,3,2,0,2,24,21,2,19,3,0,3,17,11,1,10,6,2,4,65,54,31,23,11,3,8,33,29,4,25,4,1,3,69,48,12,36,21,2,19,123,105,28,77,18,9,9,12,7,2,5,5,3,2
S01012485,363,282,77,205,81,18,63,10,8,0,8,2,0,2,28,22,0,22,6,2,4,14,5,0,5,9,1,8,82,62,30,32,20,3,17,35,31,1,30,4,0,4,57,36,10,26,21,5,16,128,112,32,80,16,6,10,9,6,4,2,3,1,2
S01012486,195,150,50,100,45,18,27,2,2,0,2,0,0,0,12,10,1,9,2,1,1,12,10,1,9,2,0,2,39,34,20,14,5,0,5,15,11,1,10,4,0,4,36,20,5,15,16,6,10,69,57,20,37,12,8,4,10,6,2,4,4,3,1
S01012487,303,267,84,183,36,7,29,6,6,0,6,0,0,0,24,22,0,22,2,0,2,23,16,3,13,7,1,6,73,61,28,33,12,3,9,29,24,10,14,5,2,3,33,32,12,20,1,0,1,97,94,27,67,3,1,2,18,12,4,8,6,0,6
S01012488,435,399,116,283,36,4,32,6,5,0,5,1,0,1,44,41,2,39,3,0,3,23,16,6,10,7,1,6,113,103,41,62,10,1,9,34,32,4,28,2,0,2,42,37,9,28,5,0,5,146,142,45,97,4,1,3,27,23,9,14,4,1,3
S01012489,417,385,127,258,32,10,22,10,9,1,8,1,0,1,32,28,2,26,4,3,1,22,17,1,16,5,2,3,142,133,62,71,9,3,6,29,22,1,21,7,0,7,43,41,16,25,2,0,2,108,107,33,74,1,0,1,31,28,11,17,3,2,1
S01012490,416,384,115,269,32,6,26,12,11,1,10,1,1,0,45,44,0,44,1,1,0,25,20,1,19,5,1,4,115,111,46,65,4,0,4,30,26,7,19,4,0,4,41,35,11,24,6,0,6,112,109,32,77,3,2,1,36,28,17,11,8,1,7
S01012491,169,160,58,102,9,3,6,2,1,0,1,1,1,0,13,13,2,11,0,0,0,8,7,0,7,1,1,0,59,57,33,24,2,0,2,17,16,3,13,1,0,1,15,14,5,9,1,1,0,40,39,12,27,1,0,1,15,13,3,10,2,0,2
S01012492,252,229,80,149,23,6,17,5,4,0,4,1,0,1,20,18,0,18,2,0,2,16,12,3,9,4,0,4,99,90,42,48,9,2,7,23,22,7,15,1,0,1,29,27,12,15,2,1,1,49,48,12,36,1,1,0,11,8,4,4,3,2,1
S01012493,210,193,58,135,17,4,13,2,2,0,2,0,0,0,14,14,1,13,0,0,0,12,11,3,8,1,0,1,48,42,25,17,6,2,4,27,25,5,20,2,0,2,22,18,3,15,4,0,4,75,75,20,55,0,0,0,10,6,1,5,4,2,2
S01012494,410,377,150,227,33,13,20,11,11,0,11,0,0,0,25,23,1,22,2,1,1,29,23,1,22,6,1,5,136,129,69,60,7,3,4,27,22,3,19,5,1,4,37,33,14,19,4,2,2,123,116,53,63,7,5,2,22,20,9,11,2,0,2
S01012495,428,399,145,254,29,9,20,12,12,1,11,0,0,0,31,30,3,27,1,0,1,17,13,0,13,4,0,4,139,132,59,73,7,2,5,41,34,7,27,7,4,3,37,34,12,22,3,1,2,126,122,55,67,4,1,3,25,22,8,14,3,1,2
S01012496,321,299,128,171,22,8,14,5,5,1,4,0,0,0,24,23,3,20,1,1,0,24,19,0,19,5,1,4,104,98,55,43,6,1,5,25,24,8,16,1,0,1,34,29,15,14,5,2,3,89,88,39,49,1,0,1,16,13,7,6,3,3,0
S01012497,190,178,75,103,12,2,10,5,3,0,3,2,0,2,20,18,2,16,2,0,2,12,11,1,10,1,1,0,54,51,29,22,3,0,3,15,13,4,9,2,1,1,19,19,12,7,0,0,0,54,54,23,31,0,0,0,11,9,4,5,2,0,2
S01012498,275,262,109,153,13,5,8,7,6,3,3,1,1,0,23,21,0,21,2,1,1,17,16,0,16,1,0,1,95,93,53,40,2,0,2,23,21,6,15,2,0,2,22,18,7,11,4,2,2,75,75,36,39,0,0,0,13,12,4,8,1,1,0
S01012499,277,256,93,163,21,4,17,6,5,1,4,1,0,1,24,23,1,22,1,0,1,18,13,1,12,5,1,4,72,69,37,32,3,0,3,18,16,5,11,2,0,2,25,21,6,15,4,1,3,93,91,36,55,2,1,1,21,18,6,12,3,1,2
S01012500,183,172,71,101,11,1,10,1,1,0,1,0,0,0,12,12,1,11,0,0,0,11,7,0,7,4,1,3,64,61,40,21,3,0,3,17,15,1,14,2,0,2,20,19,8,11,1,0,1,42,42,14,28,0,0,0,16,15,7,8,1,0,1
S01012501,200,199,85,114,1,1,0,4,4,0,4,0,0,0,19,19,3,16,0,0,0,13,13,3,10,0,0,0,70,70,36,34,0,0,0,21,21,6,15,0,0,0,19,18,12,6,1,1,0,51,51,23,28,0,0,0,3,3,2,1,0,0,0
S01012502,258,235,116,119,23,7,16,6,6,3,3,0,0,0,19,18,3,15,1,0,1,15,10,1,9,5,2,3,98,93,51,42,5,0,5,13,11,2,9,2,0,2,15,15,11,4,0,0,0,76,73,39,34,3,2,1,16,9,6,3,7,3,4
S01012503,239,220,97,123,19,7,12,4,4,1,3,0,0,0,17,16,0,16,1,0,1,23,16,0,16,7,3,4,80,75,45,30,5,2,3,15,11,4,7,4,1,3,21,21,10,11,0,0,0,67,67,34,33,0,0,0,12,10,3,7,2,1,1
S01012504,240,223,81,142,17,4,13,2,2,0,2,0,0,0,17,15,1,14,2,0,2,22,17,0,17,5,1,4,67,65,25,40,2,1,1,11,9,3,6,2,1,1,28,27,13,14,1,0,1,76,73,30,43,3,1,2,17,15,9,6,2,0,2
S01012505,431,388,129,259,43,10,33,10,9,0,9,1,0,1,47,47,2,45,0,0,0,35,22,4,18,13,3,10,134,123,64,59,11,3,8,29,26,2,24,3,0,3,32,28,10,18,4,2,2,118,112,41,71,6,1,5,26,21,6,15,5,1,4
S01012506,214,188,57,131,26,4,22,3,3,0,3,0,0,0,22,20,0,20,2,0,2,9,3,0,3,6,0,6,57,49,25,24,8,3,5,20,19,3,16,1,0,1,23,21,6,15,2,0,2,67,63,19,44,4,1,3,13,10,4,6,3,0,3
S01012507,424,388,121,267,36,11,25,11,8,0,8,3,0,3,31,30,1,29,1,0,1,29,19,1,18,10,0,10,107,102,35,67,5,1,4,25,21,2,19,4,2,2,42,34,7,27,8,4,4,160,157,63,94,3,3,0,19,17,12,5,2,1,1
S01012508,369,338,94,244,31,4,27,9,8,0,8,1,0,1,30,28,0,28,2,0,2,24,17,4,13,7,0,7,94,89,44,45,5,0,5,33,28,3,25,5,0,5,36,33,6,27,3,1,2,125,121,34,87,4,2,2,18,14,3,11,4,1,3
S01012509,269,234,85,149,35,8,27,2,1,1,0,1,0,1,18,16,2,14,2,1,1,20,12,2,10,8,1,7,78,68,38,30,10,2,8,25,23,5,18,2,0,2,24,21,7,14,3,0,3,88,82,26,56,6,3,3,14,11,4,7,3,1,2
S01012510,454,423,118,305,31,12,19,12,12,0,12,0,0,0,40,39,0,39,1,0,1,42,30,1,29,12,5,7,94,92,35,57,2,0,2,27,23,3,20,4,0,4,45,40,12,28,5,2,3,181,178,64,114,3,3,0,13,9,3,6,4,2,2
S01012511,343,330,109,221,13,5,8,3,2,0,2,1,0,1,34,34,4,30,0,0,0,19,15,1,14,4,1,3,85,82,48,34,3,1,2,31,30,4,26,1,0,1,36,35,8,27,1,1,0,118,116,38,78,2,2,0,17,16,6,10,1,0,1
S01012512,285,249,80,169,36,14,22,2,2,1,1,0,0,0,21,21,1,20,0,0,0,15,8,0,8,7,1,6,77,73,33,40,4,2,2,28,23,0,23,5,2,3,28,20,5,15,8,4,4,98,90,33,57,8,5,3,16,12,7,5,4,0,4
S01012513,313,291,94,197,22,5,17,4,4,1,3,0,0,0,31,28,1,27,3,0,3,16,13,1,12,3,0,3,76,73,43,30,3,1,2,23,21,1,20,2,0,2,42,37,6,31,5,0,5,110,106,36,70,4,3,1,11,9,5,4,2,1,1
S01012514,590,534,144,390,56,16,40,18,14,0,14,4,0,4,62,62,1,61,0,0,0,37,27,1,26,10,2,8,120,113,49,64,7,1,6,55,51,7,44,4,1,3,70,51,13,38,19,5,14,204,197,67,130,7,3,4,24,19,6,13,5,4,1
S01012515,249,228,83,145,21,2,19,5,4,0,4,1,0,1,19,19,1,18,0,0,0,23,14,1,13,9,0,9,74,69,37,32,5,0,5,16,15,3,12,1,1,0,17,15,3,12,2,0,2,80,78,28,50,2,1,1,15,14,10,4,1,0,1
S01012516,270,246,86,160,24,6,18,5,5,2,3,0,0,0,29,28,2,26,1,0,1,18,10,0,10,8,1,7,66,61,28,33,5,1,4,18,17,1,16,1,0,1,27,21,9,12,6,2,4,94,93,43,50,1,1,0,13,11,1,10,2,1,1
S01012517,411,375,130,245,36,14,22,13,12,0,12,1,0,1,32,31,3,28,1,0,1,22,16,2,14,6,1,5,124,117,62,55,7,3,4,34,28,4,24,6,2,4,45,36,13,23,9,5,4,127,124,39,85,3,3,0,14,11,7,4,3,0,3
S01012518,268,227,69,158,41,6,35,6,4,0,4,2,0,2,22,19,0,19,3,0,3,13,7,1,6,6,1,5,62,49,27,22,13,3,10,13,10,2,8,3,1,2,41,31,8,23,10,1,9,98,97,26,71,1,0,1,13,10,5,5,3,0,3
S01012519,243,199,61,138,44,10,34,3,2,1,1,1,0,1,22,15,1,14,7,1,6,18,11,2,9,7,1,6,64,54,27,27,10,1,9,23,19,2,17,4,0,4,29,23,5,18,6,1,5,69,66,20,46,3,2,1,15,9,3,6,6,4,2
S01012520,364,318,100,218,46,16,30,5,5,0,5,0,0,0,30,27,5,22,3,1,2,13,8,1,7,5,3,2,71,59,26,33,12,3,9,36,31,5,26,5,1,4,56,44,5,39,12,5,7,135,129,49,80,6,1,5,18,15,9,6,3,2,1
S01012521,246,208,47,161,38,9,29,3,3,0,3,0,0,0,27,25,1,24,2,0,2,21,14,0,14,7,4,3,48,37,11,26,11,3,8,22,20,3,17,2,0,2,41,35,11,24,6,1,5,68,64,17,47,4,0,4,16,10,4,6,6,1,5
S01012522,400,318,103,215,82,27,55,4,4,0,4,0,0,0,41,40,5,35,1,0,1,25,9,1,8,16,2,14,99,73,40,33,26,12,14,36,32,1,31,4,3,1,61,41,8,33,20,6,14,119,109,43,66,10,3,7,15,10,5,5,5,1,4
S01012523,423,380,127,253,43,11,32,11,10,2,8,1,0,1,41,39,2,37,2,0,2,19,13,1,12,6,2,4,78,64,37,27,14,3,11,42,40,4,36,2,0,2,47,36,11,25,11,3,8,164,160,62,98,4,1,3,21,18,8,10,3,2,1
S01012524,383,334,92,242,49,9,40,3,3,0,3,0,0,0,39,38,7,31,1,0,1,25,15,1,14,10,1,9,72,59,25,34,13,2,11,39,35,6,29,4,2,2,55,44,11,33,11,2,9,131,129,37,92,2,0,2,19,11,5,6,8,2,6
S01012525,383,341,87,254,42,12,30,9,7,0,7,2,0,2,45,44,5,39,1,0,1,23,11,1,10,12,3,9,74,67,24,43,7,2,5,33,30,3,27,3,0,3,43,35,7,28,8,3,5,141,137,40,97,4,3,1,15,10,7,3,5,1,4
S01012526,350,301,95,206,49,10,39,7,6,1,5,1,1,0,27,26,1,25,1,0,1,22,15,3,12,7,1,6,64,51,29,22,13,2,11,34,32,2,30,2,0,2,47,36,16,20,11,2,9,130,122,35,87,8,3,5,19,13,8,5,6,1,5
S01012527,279,242,77,165,37,14,23,7,5,0,5,2,1,1,27,25,2,23,2,1,1,24,11,1,10,13,2,11,63,59,26,33,4,2,2,19,14,3,11,5,2,3,29,26,5,21,3,1,2,96,93,36,57,3,2,1,14,9,4,5,5,3,2
S01012528,404,372,134,238,32,6,26,8,6,1,5,2,1,1,40,39,2,37,1,0,1,29,24,2,22,5,0,5,113,108,56,52,5,2,3,36,28,6,22,8,0,8,35,31,9,22,4,0,4,119,115,49,66,4,1,3,24,21,9,12,3,2,1
S01012529,343,310,113,197,33,8,25,2,2,0,2,0,0,0,27,23,1,22,4,1,3,24,13,0,13,11,1,10,86,83,46,37,3,1,2,28,25,6,19,3,0,3,40,33,12,21,7,3,4,114,111,42,69,3,2,1,22,20,6,14,2,0,2
S01012530,385,352,106,246,33,9,24,8,8,2,6,0,0,0,51,49,5,44,2,0,2,28,18,2,16,10,2,8,76,71,31,40,5,1,4,30,28,4,24,2,1,1,49,43,10,33,6,1,5,131,126,48,78,5,4,1,12,9,4,5,3,0,3
S01012531,378,323,83,240,55,26,29,11,8,0,8,3,2,1,39,36,3,33,3,2,1,27,17,2,15,10,1,9,87,76,28,48,11,5,6,31,30,2,28,1,1,0,44,32,6,26,12,8,4,119,106,33,73,13,7,6,20,18,9,9,2,0,2
S01012532,383,318,92,226,65,22,43,28,15,2,13,13,3,10,44,43,3,40,1,1,0,24,9,2,7,15,4,11,81,66,25,41,15,6,9,30,26,5,21,4,1,3,31,26,8,18,5,1,4,130,122,43,79,8,6,2,15,11,4,7,4,0,4
S01012533,273,246,56,190,27,8,19,4,3,0,3,1,0,1,35,35,3,32,0,0,0,19,10,0,10,9,0,9,69,61,25,36,8,3,5,22,19,2,17,3,1,2,30,28,4,24,2,1,1,83,81,19,62,2,1,1,11,9,3,6,2,2,0
S01012534,266,245,64,181,21,8,13,2,2,0,2,0,0,0,33,31,3,28,2,1,1,18,15,0,15,3,0,3,74,67,38,29,7,3,4,20,17,1,16,3,1,2,31,29,3,26,2,1,1,82,80,19,61,2,1,1,6,4,0,4,2,1,1
S01012535,400,365,118,247,35,5,30,11,9,2,7,2,1,1,34,33,1,32,1,0,1,39,26,2,24,13,1,12,111,106,48,58,5,0,5,26,18,2,16,8,1,7,39,38,15,23,1,0,1,122,121,44,77,1,0,1,18,14,4,10,4,2,2
S01012536,358,310,113,197,48,17,31,15,11,2,9,4,0,4,23,21,1,20,2,1,1,37,27,2,25,10,1,9,93,91,44,47,2,0,2,27,21,5,16,6,1,5,38,29,9,20,9,4,5,96,89,41,48,7,4,3,29,21,9,12,8,6,2
S01012537,329,298,103,195,31,15,16,22,19,7,12,3,2,1,29,28,2,26,1,0,1,37,29,0,29,8,2,6,92,88,35,53,4,3,1,24,22,5,17,2,1,1,25,22,13,9,3,3,0,71,71,29,42,0,0,0,29,19,12,7,10,4,6
S01012538,466,421,132,289,45,9,36,28,21,1,20,7,1,6,34,33,2,31,1,0,1,34,22,1,21,12,3,9,125,118,52,66,7,0,7,28,24,3,21,4,1,3,43,38,7,31,5,2,3,157,151,58,93,6,1,5,17,14,8,6,3,1,2
S01012539,340,266,77,189,74,17,57,38,17,2,15,21,2,19,26,20,1,19,6,3,3,40,28,5,23,12,0,12,90,79,33,46,11,3,8,22,15,2,13,7,1,6,26,18,3,15,8,4,4,85,82,29,53,3,1,2,13,7,2,5,6,3,3
S01012540,286,254,77,177,32,14,18,8,6,0,6,2,1,1,27,27,0,27,0,0,0,37,28,2,26,9,2,7,83,78,38,40,5,3,2,23,21,3,18,2,1,1,17,9,4,5,8,3,5,78,75,25,50,3,1,2,13,10,5,5,3,3,0
S01012541,557,418,156,262,139,29,110,98,38,5,33,60,3,57,50,46,3,43,4,0,4,41,24,1,23,17,5,12,109,98,56,42,11,3,8,29,21,6,15,8,1,7,54,36,16,20,18,9,9,152,143,64,79,9,3,6,24,12,5,7,12,5,7
S01012542,390,335,100,235,55,11,44,18,13,3,10,5,1,4,39,33,3,30,6,2,4,28,19,0,19,9,0,9,92,76,38,38,16,3,13,23,21,1,20,2,0,2,45,34,11,23,11,4,7,127,121,37,84,6,1,5,18,18,7,11,0,0,0
S01012543,352,281,79,202,71,21,50,25,10,1,9,15,3,12,29,26,3,23,3,1,2,28,16,4,12,12,0,12,72,63,26,37,9,1,8,22,19,2,17,3,1,2,54,45,12,33,9,6,3,100,92,24,68,8,1,7,22,10,7,3,12,8,4
S01012544,373,317,99,218,56,19,37,22,9,0,9,13,2,11,43,38,3,35,5,3,2,30,22,1,21,8,1,7,81,76,40,36,5,0,5,20,18,3,15,2,0,2,42,31,9,22,11,4,7,114,106,35,71,8,6,2,21,17,8,9,4,3,1
S01012545,213,187,64,123,26,7,19,6,6,0,6,0,0,0,25,24,3,21,1,0,1,24,18,0,18,6,0,6,55,48,23,25,7,3,4,16,13,4,9,3,1,2,22,17,5,12,5,2,3,54,51,25,26,3,0,3,11,10,4,6,1,1,0
S01012546,375,316,97,219,59,16,43,25,17,2,15,8,1,7,36,34,4,30,2,0,2,34,19,2,17,15,3,12,99,91,40,51,8,1,7,22,21,2,19,1,0,1,29,20,7,13,9,1,8,106,98,35,63,8,6,2,24,16,5,11,8,4,4
S01012547,301,255,75,180,46,18,28,14,9,0,9,5,1,4,19,19,1,18,0,0,0,16,12,2,10,4,0,4,61,54,26,28,7,1,6,25,23,4,19,2,2,0,31,19,4,15,12,5,7,120,107,34,73,13,8,5,15,12,4,8,3,1,2
S01012548,371,322,83,239,49,8,41,17,12,2,10,5,0,5,41,39,2,37,2,1,1,22,15,2,13,7,1,6,78,71,29,42,7,0,7,35,29,4,25,6,1,5,45,38,7,31,7,1,6,116,108,33,75,8,2,6,17,10,4,6,7,2,5
S01012549,243,226,73,153,17,4,13,3,3,0,3,0,0,0,16,16,0,16,0,0,0,19,13,2,11,6,0,6,76,74,30,44,2,1,1,25,23,2,21,2,1,1,26,23,5,18,3,0,3,66,62,26,36,4,2,2,12,12,8,4,0,0,0
S01012550,377,332,113,219,45,19,26,10,6,0,6,4,1,3,27,24,1,23,3,2,1,22,17,1,16,5,2,3,94,91,54,37,3,1,2,35,27,2,25,8,4,4,35,25,5,20,10,3,7,132,126,40,86,6,4,2,22,16,10,6,6,2,4
S01012551,452,400,126,274,52,19,33,10,9,0,9,1,0,1,36,34,3,31,2,2,0,23,12,0,12,11,3,8,93,91,46,45,2,1,1,41,29,6,23,12,2,10,45,38,10,28,7,2,5,172,164,51,113,8,4,4,32,23,10,13,9,5,4
S01012552,460,395,109,286,65,28,37,12,11,1,10,1,0,1,53,47,3,44,6,2,4,26,15,4,11,11,2,9,88,78,42,36,10,5,5,33,27,1,26,6,2,4,67,49,11,38,18,10,8,168,158,43,115,10,4,6,13,10,4,6,3,3,0
S01012553,464,415,115,300,49,18,31,7,4,0,4,3,1,2,47,42,4,38,5,0,5,25,20,0,20,5,2,3,99,91,39,52,8,2,6,47,44,9,35,3,2,1,68,56,13,43,12,5,7,156,146,45,101,10,5,5,15,12,5,7,3,1,2
S01012554,234,208,70,138,26,6,20,6,6,0,6,0,0,0,19,16,1,15,3,0,3,19,9,2,7,10,0,10,64,60,36,24,4,1,3,16,16,5,11,0,0,0,29,25,3,22,4,1,3,76,72,19,53,4,4,0,5,4,4,0,1,0,1
S01012555,277,252,76,176,25,4,21,1,0,0,0,1,0,1,35,33,0,33,2,0,2,10,7,1,6,3,0,3,65,62,27,35,3,0,3,13,11,4,7,2,0,2,42,35,10,25,7,1,6,94,89,28,61,5,2,3,17,15,6,9,2,1,1
S01012556,280,242,67,175,38,13,25,8,8,0,8,0,0,0,28,27,1,26,1,0,1,6,3,1,2,3,0,3,56,54,32,22,2,0,2,15,14,0,14,1,1,0,38,25,4,21,13,2,11,108,97,21,76,11,8,3,21,14,8,6,7,2,5
S01012557,262,222,67,155,40,9,31,5,3,0,3,2,1,1,29,27,3,24,2,0,2,13,10,1,9,3,1,2,47,38,24,14,9,1,8,24,19,3,16,5,1,4,33,23,7,16,10,2,8,96,88,25,63,8,3,5,15,14,4,10,1,0,1
S01012558,277,257,86,171,20,8,12,4,4,1,3,0,0,0,19,19,1,18,0,0,0,14,10,0,10,4,1,3,94,90,40,50,4,0,4,20,18,6,12,2,1,1,20,16,5,11,4,2,2,88,86,28,58,2,2,0,18,14,5,9,4,2,2
S01012559,292,256,69,187,36,10,26,5,4,1,3,1,0,1,23,21,0,21,2,0,2,15,13,1,12,2,1,1,83,70,27,43,13,4,9,23,19,3,16,4,0,4,36,31,3,28,5,1,4,86,83,30,53,3,2,1,21,15,4,11,6,2,4
S01012560,214,195,59,136,19,6,13,5,5,0,5,0,0,0,18,17,1,16,1,0,1,11,10,1,9,1,0,1,50,50,26,24,0,0,0,15,12,2,10,3,1,2,33,26,5,21,7,2,5,75,69,21,48,6,3,3,7,6,3,3,1,0,1
S01012561,317,293,82,211,24,6,18,4,4,0,4,0,0,0,32,31,4,27,1,0,1,13,9,1,8,4,1,3,72,71,32,39,1,0,1,36,30,4,26,6,0,6,48,41,9,32,7,2,5,101,97,28,69,4,2,2,11,10,4,6,1,1,0
S01012562,336,304,80,224,32,12,20,8,7,0,7,1,0,1,29,29,0,29,0,0,0,19,13,0,13,6,0,6,87,84,40,44,3,0,3,30,27,2,25,3,1,2,44,36,4,32,8,4,4,100,97,31,66,3,2,1,19,11,3,8,8,5,3
S01012563,247,206,64,142,41,7,34,5,4,0,4,1,0,1,23,21,1,20,2,0,2,25,14,5,9,11,1,10,40,31,19,12,9,3,6,21,17,2,15,4,1,3,32,25,4,21,7,1,6,90,84,28,56,6,0,6,11,10,5,5,1,1,0
S01012564,354,281,93,188,73,26,47,6,6,1,5,0,0,0,31,26,1,25,5,0,5,18,11,1,10,7,1,6,67,55,37,18,12,4,8,32,23,3,20,9,4,5,56,43,10,33,13,7,6,124,108,35,73,16,6,10,20,9,5,4,11,4,7
S01012565,320,263,85,178,57,19,38,7,6,0,6,1,0,1,27,25,2,23,2,1,1,25,15,0,15,10,3,7,64,51,31,20,13,3,10,22,19,3,16,3,1,2,56,45,11,34,11,2,9,97,88,31,57,9,4,5,22,14,7,7,8,5,3
S01012566,349,291,70,221,58,10,48,5,3,0,3,2,0,2,28,23,0,23,5,2,3,19,9,1,8,10,1,9,82,72,30,42,10,1,9,39,32,7,25,7,2,5,39,29,2,27,10,1,9,113,107,24,83,6,2,4,24,16,6,10,8,1,7
S01012567,471,409,121,288,62,19,43,7,7,0,7,0,0,0,49,46,1,45,3,2,1,26,17,2,15,9,0,9,117,104,50,54,13,2,11,39,30,4,26,9,3,6,47,34,5,29,13,6,7,158,151,54,97,7,3,4,28,20,5,15,8,3,5
S01012568,233,183,44,139,50,16,34,6,2,1,1,4,0,4,25,21,0,21,4,0,4,8,5,0,5,3,0,3,46,34,18,16,12,2,10,24,18,2,16,6,2,4,25,19,3,16,6,3,3,93,80,19,61,13,8,5,6,4,1,3,2,1,1
S01012569,323,235,87,148,88,25,63,5,2,0,2,3,0,3,25,20,3,17,5,2,3,18,11,2,9,7,0,7,71,50,32,18,21,5,16,22,17,0,17,5,0,5,65,38,12,26,27,8,19,100,88,30,58,12,6,6,17,9,8,1,8,4,4
S01012570,240,192,57,135,48,9,39,28,13,3,10,15,3,12,10,7,2,5,3,0,3,33,27,2,25,6,0,6,54,47,23,24,7,0,7,19,15,1,14,4,2,2,30,24,3,21,6,2,4,58,53,21,32,5,1,4,8,6,2,4,2,1,1
S01012571,403,301,76,225,102,27,75,56,33,2,31,23,2,21,21,18,0,18,3,0,3,52,32,5,27,20,2,18,61,45,22,23,16,8,8,45,35,9,26,10,1,9,42,28,5,23,14,5,9,103,95,30,65,8,5,3,23,15,3,12,8,4,4
S01012572,264,204,53,151,60,11,49,44,28,5,23,16,1,15,22,16,1,15,6,0,6,31,18,2,16,13,2,11,54,47,20,27,7,1,6,15,13,2,11,2,1,1,29,19,4,15,10,4,6,59,57,16,41,2,0,2,10,6,3,3,4,2,2
S01012573,442,333,80,253,109,20,89,52,25,5,20,27,2,25,29,22,3,19,7,0,7,30,17,1,16,13,1,12,78,62,21,41,16,6,10,28,21,3,18,7,2,5,82,59,8,51,23,5,18,118,111,34,77,7,3,4,25,16,5,11,9,1,8
S01012574,449,355,89,266,94,25,69,37,18,5,13,19,0,19,30,28,3,25,2,0,2,40,24,2,22,16,3,13,80,67,24,43,13,4,9,26,18,1,17,8,2,6,68,52,13,39,16,5,11,147,135,37,98,12,7,5,21,13,4,9,8,4,4
S01012575,330,266,87,179,64,18,46,24,16,3,13,8,0,8,27,23,3,20,4,1,3,27,18,1,17,9,1,8,63,50,28,22,13,1,12,13,12,3,9,1,1,0,53,43,5,38,10,3,7,104,95,39,56,9,6,3,19,9,5,4,10,5,5
S01012576,383,305,76,229,78,21,57,17,8,1,7,9,4,5,46,44,2,42,2,0,2,37,21,1,20,16,1,15,76,53,19,34,23,6,17,18,15,4,11,3,0,3,57,45,11,34,12,3,9,111,108,31,77,3,1,2,21,11,7,4,10,6,4
S01012577,404,317,94,223,87,16,71,51,18,2,16,33,4,29,25,23,2,21,2,0,2,38,24,1,23,14,4,10,74,59,27,32,15,3,12,26,23,4,19,3,0,3,50,39,8,31,11,1,10,116,115,41,74,1,1,0,24,16,9,7,8,3,5
S01012578,411,336,96,240,75,21,54,28,14,3,11,14,1,13,23,21,2,19,2,0,2,38,27,0,27,11,1,10,88,73,38,35,15,5,10,21,19,1,18,2,0,2,62,48,11,37,14,7,7,126,117,34,83,9,3,6,25,17,7,10,8,4,4
S01012579,342,275,82,193,67,16,51,37,14,1,13,23,5,18,25,21,3,18,4,0,4,28,21,1,20,7,0,7,54,51,24,27,3,0,3,21,13,3,10,8,2,6,57,47,16,31,10,5,5,98,95,28,67,3,2,1,22,13,6,7,9,2,7
S01012580,418,303,70,233,115,29,86,52,20,2,18,32,3,29,28,20,2,18,8,2,6,32,16,1,15,16,4,12,48,39,15,24,9,3,6,29,23,4,19,6,0,6,76,58,5,53,18,7,11,135,120,39,81,15,8,7,18,7,2,5,11,2,9
S01012581,321,287,70,217,34,10,24,17,12,1,11,5,0,5,18,17,1,16,1,0,1,32,28,2,26,4,1,3,42,37,16,21,5,2,3,49,44,5,39,5,2,3,31,26,7,19,5,3,2,119,113,36,77,6,1,5,13,10,2,8,3,1,2
S01012582,494,405,119,286,89,12,77,46,19,1,18,27,0,27,35,31,7,24,4,0,4,35,22,0,22,13,0,13,94,84,34,50,10,1,9,36,32,2,30,4,1,3,70,54,17,37,16,7,9,155,148,52,96,7,1,6,23,15,6,9,8,2,6
S01012583,348,323,83,240,25,5,20,21,21,2,19,0,0,0,21,21,0,21,0,0,0,36,28,1,27,8,1,7,68,60,27,33,8,2,6,40,37,5,32,3,0,3,35,35,12,23,0,0,0,110,108,31,77,2,1,1,17,13,5,8,4,1,3
S01012584,368,299,81,218,69,19,50,16,8,0,8,8,2,6,27,23,3,20,4,1,3,40,25,3,22,15,2,13,70,62,30,32,8,1,7,41,25,5,20,16,5,11,41,34,7,27,7,2,5,117,111,32,79,6,4,2,16,11,1,10,5,2,3
S01012585,390,346,90,256,44,9,35,22,18,3,15,4,0,4,38,35,5,30,3,1,2,34,22,1,21,12,0,12,74,63,22,41,11,3,8,45,43,5,38,2,0,2,44,38,7,31,6,3,3,115,110,40,70,5,1,4,18,17,7,10,1,1,0
S01012586,458,373,88,285,85,21,64,38,15,2,13,23,3,20,24,22,0,22,2,1,1,39,29,3,26,10,1,9,75,61,25,36,14,2,12,46,40,8,32,6,1,5,74,55,11,44,19,5,14,145,136,35,101,9,6,3,17,15,4,11,2,2,0
S01012587,461,363,97,266,98,20,78,63,31,5,26,32,2,30,35,29,1,28,6,2,4,52,29,3,26,23,3,20,68,61,28,33,7,2,5,39,31,4,27,8,2,6,56,49,12,37,7,2,5,127,118,37,81,9,4,5,21,15,7,8,6,3,3
S01012588,338,269,58,211,69,13,56,29,14,2,12,15,1,14,28,19,0,19,9,0,9,33,22,2,20,11,2,9,53,41,9,32,12,3,9,28,22,2,20,6,2,4,58,44,7,37,14,5,9,91,90,28,62,1,0,1,18,17,8,9,1,0,1
S01012589,337,314,78,236,23,4,19,20,17,0,17,3,0,3,40,39,3,36,1,0,1,30,25,0,25,5,0,5,74,71,31,40,3,1,2,38,34,9,25,4,1,3,46,42,8,34,4,2,2,79,78,25,53,1,0,1,10,8,2,6,2,0,2
S01012590,342,310,82,228,32,4,28,13,13,1,12,0,0,0,41,36,2,34,5,2,3,34,25,1,24,9,0,9,69,61,34,27,8,1,7,46,46,11,35,0,0,0,49,43,9,34,6,0,6,85,83,22,61,2,1,1,5,3,2,1,2,0,2
S01012591,273,258,69,189,15,5,10,20,20,2,18,0,0,0,32,31,0,31,1,1,0,25,20,1,19,5,0,5,61,58,25,33,3,1,2,29,27,3,24,2,2,0,34,33,12,21,1,0,1,64,62,23,39,2,1,1,8,7,3,4,1,0,1
S01012592,298,246,62,184,52,9,43,23,11,2,9,12,1,11,25,21,3,18,4,0,4,17,9,1,8,8,1,7,72,62,28,34,10,1,9,17,15,3,12,2,1,1,49,44,6,38,5,3,2,81,76,17,59,5,0,5,14,8,2,6,6,2,4
S01012593,471,437,97,340,34,7,27,20,18,2,16,2,0,2,32,31,2,29,1,0,1,36,27,2,25,9,3,6,86,77,24,53,9,3,6,42,38,5,33,4,0,4,48,42,6,36,6,1,5,192,190,50,140,2,0,2,15,14,6,8,1,0,1
S01012594,212,199,53,146,13,2,11,6,6,0,6,0,0,0,18,17,0,17,1,0,1,16,15,3,12,1,0,1,46,43,16,27,3,1,2,17,15,3,12,2,0,2,25,23,5,18,2,0,2,75,72,24,48,3,1,2,9,8,2,6,1,0,1
S01012595,297,266,64,202,31,6,25,11,10,1,9,1,0,1,20,18,2,16,2,1,1,34,26,0,26,8,1,7,54,49,19,30,5,1,4,33,31,2,29,2,0,2,32,29,8,21,3,1,2,100,92,27,65,8,1,7,13,11,5,6,2,1,1
S01012596,336,308,95,213,28,11,17,11,11,0,11,0,0,0,16,16,1,15,0,0,0,35,26,0,26,9,2,7,60,53,16,37,7,4,3,43,41,13,28,2,0,2,38,36,14,22,2,1,1,117,115,48,67,2,0,2,16,10,3,7,6,4,2
S01012597,250,230,49,181,20,3,17,4,4,0,4,0,0,0,23,22,1,21,1,0,1,27,20,1,19,7,2,5,46,43,10,33,3,0,3,18,17,3,14,1,0,1,39,34,7,27,5,0,5,82,82,22,60,0,0,0,11,8,5,3,3,1,2
S01012598,388,354,74,280,34,10,24,16,14,0,14,2,0,2,27,25,3,22,2,0,2,34,28,2,26,6,0,6,60,52,25,27,8,3,5,26,23,3,20,3,0,3,62,57,7,50,5,1,4,147,142,29,113,5,3,2,16,13,5,8,3,3,0
S01012599,317,281,61,220,36,11,25,9,7,1,6,2,0,2,32,29,3,26,3,1,2,31,26,0,26,5,1,4,57,50,23,27,7,3,4,21,19,3,16,2,0,2,53,45,7,38,8,2,6,106,101,22,79,5,2,3,8,4,2,2,4,2,2
S01012600,398,365,101,264,33,11,22,10,9,1,8,1,0,1,28,24,1,23,4,0,4,24,19,1,18,5,1,4,63,58,30,28,5,0,5,18,17,0,17,1,0,1,70,63,16,47,7,5,2,167,159,48,111,8,4,4,18,16,4,12,2,1,1
S01012601,520,470,121,349,50,7,43,11,10,1,9,1,0,1,37,35,5,30,2,1,1,26,21,0,21,5,0,5,91,78,42,36,13,1,12,42,39,7,32,3,0,3,80,68,11,57,12,2,10,205,197,44,153,8,2,6,28,22,11,11,6,1,5
S01012602,244,231,40,191,13,3,10,7,7,0,7,0,0,0,18,18,1,17,0,0,0,22,19,1,18,3,1,2,53,49,11,38,4,0,4,23,20,3,17,3,1,2,36,35,4,31,1,1,0,73,71,12,59,2,0,2,12,12,8,4,0,0,0
S01012603,300,272,70,202,28,5,23,12,9,0,9,3,0,3,21,20,2,18,1,0,1,32,24,0,24,8,0,8,51,46,23,23,5,2,3,23,18,5,13,5,1,4,31,27,7,20,4,0,4,113,112,27,85,1,1,0,17,16,6,10,1,1,0
S01012604,296,279,79,200,17,3,14,6,4,0,4,2,0,2,19,19,1,18,0,0,0,16,13,1,12,3,0,3,87,80,30,50,7,2,5,20,19,4,15,1,1,0,30,29,8,21,1,0,1,108,106,32,74,2,0,2,10,9,3,6,1,0,1
S01012605,211,196,59,137,15,5,10,4,4,2,2,0,0,0,19,17,2,15,2,0,2,15,11,0,11,4,1,3,50,47,26,21,3,0,3,9,8,1,7,1,1,0,21,19,3,16,2,1,1,80,77,20,57,3,2,1,13,13,5,8,0,0,0
S01012606,485,453,100,353,32,10,22,23,22,3,19,1,0,1,38,37,1,36,1,0,1,45,41,2,39,4,0,4,82,75,30,45,7,3,4,30,28,2,26,2,0,2,81,76,12,64,5,0,5,166,160,44,116,6,3,3,20,14,6,8,6,4,2
S01012607,386,340,91,249,46,15,31,6,6,1,5,0,0,0,29,28,1,27,1,1,0,39,26,0,26,13,0,13,84,74,34,40,10,3,7,37,33,4,29,4,1,3,53,46,11,35,7,3,4,121,115,32,83,6,3,3,17,12,8,4,5,4,1
S01012608,390,358,103,255,32,4,28,11,7,0,7,4,1,3,36,36,3,33,0,0,0,31,27,2,25,4,0,4,68,61,20,41,7,1,6,39,34,9,25,5,0,5,58,52,17,35,6,0,6,127,125,45,80,2,1,1,20,16,7,9,4,1,3
S01012609,360,337,101,236,23,11,12,17,17,2,15,0,0,0,37,34,6,28,3,1,2,35,29,2,27,6,2,4,73,70,25,45,3,2,1,35,30,6,24,5,2,3,42,40,17,23,2,1,1,111,108,39,69,3,3,0,10,9,4,5,1,0,1
S01012610,385,358,106,252,27,7,20,7,7,0,7,0,0,0,34,33,4,29,1,0,1,33,22,4,18,11,3,8,85,79,33,46,6,2,4,26,24,6,18,2,1,1,52,51,13,38,1,0,1,132,126,35,91,6,1,5,16,16,11,5,0,0,0
S01012611,405,365,96,269,40,10,30,10,8,1,7,2,1,1,27,24,2,22,3,0,3,32,23,2,21,9,1,8,83,79,31,48,4,1,3,33,30,7,23,3,0,3,54,46,13,33,8,3,5,141,136,33,103,5,1,4,25,19,7,12,6,3,3
S01012612,296,271,73,198,25,6,19,6,5,0,5,1,0,1,24,21,3,18,3,1,2,25,19,2,17,6,1,5,69,63,31,32,6,2,4,28,27,7,20,1,0,1,38,34,9,25,4,2,2,93,90,18,72,3,0,3,13,12,3,9,1,0,1
S01012613,322,301,85,216,21,4,17,7,6,2,4,1,0,1,28,27,3,24,1,0,1,36,30,3,27,6,1,5,62,58,22,36,4,1,3,30,28,8,20,2,0,2,48,44,14,30,4,1,3,92,91,30,61,1,1,0,19,17,3,14,2,0,2
S01012614,494,457,124,333,37,9,28,8,7,1,6,1,0,1,44,40,9,31,4,1,3,45,37,0,37,8,0,8,94,86,46,40,8,2,6,35,28,6,22,7,0,7,58,57,11,46,1,1,0,186,180,43,137,6,4,2,24,22,8,14,2,1,1
S01012615,333,265,79,186,68,18,50,12,10,0,10,2,1,1,24,20,2,18,4,0,4,33,24,3,21,9,1,8,75,62,24,38,13,3,10,22,18,7,11,4,0,4,65,38,11,27,27,6,21,87,83,28,55,4,2,2,15,10,4,6,5,5,0
S01012616,452,363,108,255,89,21,68,22,12,0,12,10,3,7,31,29,2,27,2,0,2,60,38,6,32,22,2,20,72,61,31,30,11,1,10,34,27,5,22,7,2,5,66,52,9,43,14,3,11,145,131,47,84,14,5,9,22,13,8,5,9,5,4
S01012617,227,185,45,140,42,6,36,15,5,0,5,10,2,8,17,15,1,14,2,0,2,25,18,2,16,7,0,7,40,30,15,15,10,1,9,15,15,3,12,0,0,0,33,27,2,25,6,1,5,74,69,20,49,5,1,4,8,6,2,4,2,1,1
S01012618,292,253,59,194,39,7,32,20,11,0,11,9,0,9,29,27,2,25,2,1,1,28,22,0,22,6,0,6,49,39,15,24,10,1,9,22,20,3,17,2,1,1,27,25,8,17,2,1,1,100,98,26,72,2,0,2,17,11,5,6,6,3,3
S01012619,225,199,54,145,26,3,23,12,10,0,10,2,0,2,12,12,0,12,0,0,0,16,11,0,11,5,0,5,62,56,24,32,6,1,5,15,14,7,7,1,0,1,33,25,6,19,8,0,8,62,61,15,46,1,1,0,13,10,2,8,3,1,2
S01012620,369,307,92,215,62,20,42,6,2,0,2,4,0,4,17,15,2,13,2,1,1,35,23,0,23,12,0,12,66,55,28,27,11,2,9,19,16,3,13,3,1,2,64,50,10,40,14,5,9,135,125,38,87,10,6,4,27,21,11,10,6,5,1
S01012621,257,224,55,169,33,13,20,6,5,1,4,1,1,0,19,15,0,15,4,2,2,18,11,1,10,7,1,6,48,44,18,26,4,2,2,12,10,0,10,2,1,1,46,39,6,33,7,3,4,96,92,24,68,4,1,3,12,8,5,3,4,2,2
S01012622,345,304,87,217,41,8,33,7,6,1,5,1,0,1,16,16,0,16,0,0,0,36,23,2,21,13,1,12,69,64,25,39,5,0,5,39,34,5,29,5,1,4,36,31,7,24,5,1,4,121,113,40,73,8,5,3,21,17,7,10,4,0,4
S01012623,301,274,85,189,27,8,19,9,9,2,7,0,0,0,18,18,1,17,0,0,0,31,21,1,20,10,1,9,50,47,26,21,3,0,3,23,21,4,17,2,0,2,45,40,8,32,5,2,3,107,104,37,67,3,3,0,18,14,6,8,4,2,2
S01012624,331,301,75,226,30,6,24,9,7,0,7,2,0,2,23,20,0,20,3,1,2,36,24,1,23,12,1,11,88,81,33,48,7,2,5,32,29,4,25,3,2,1,41,39,7,32,2,0,2,92,92,27,65,0,0,0,10,9,3,6,1,0,1
S01012625,259,238,69,169,21,6,15,6,5,0,5,1,0,1,25,25,0,25,0,0,0,28,19,2,17,9,2,7,63,61,31,30,2,0,2,22,22,5,17,0,0,0,24,21,6,15,3,1,2,82,79,21,58,3,2,1,9,6,4,2,3,1,2
S01012626,249,225,66,159,24,7,17,5,5,0,5,0,0,0,19,18,1,17,1,0,1,24,18,2,16,6,0,6,41,40,26,14,1,0,1,14,12,2,10,2,1,1,40,34,8,26,6,2,4,93,89,23,66,4,1,3,13,9,4,5,4,3,1
S01012627,238,208,67,141,30,6,24,4,3,0,3,1,0,1,6,6,0,6,0,0,0,20,13,0,13,7,0,7,51,43,25,18,8,3,5,19,18,3,15,1,0,1,38,29,9,20,9,1,8,75,73,18,55,2,2,0,25,23,12,11,2,0,2
S01012628,480,411,92,319,69,23,46,12,10,3,7,2,0,2,32,29,1,28,3,1,2,36,28,1,27,8,1,7,78,66,19,47,12,5,7,32,28,2,26,4,1,3,88,71,15,56,17,5,12,172,162,46,116,10,4,6,30,17,5,12,13,6,7
S01012629,250,212,55,157,38,9,29,4,4,0,4,0,0,0,21,19,2,17,2,1,1,13,10,0,10,3,0,3,43,32,13,19,11,2,9,16,13,4,9,3,2,1,43,37,5,32,6,2,4,98,90,28,62,8,2,6,12,7,3,4,5,0,5
S01012630,354,302,65,237,52,17,35,12,10,0,10,2,0,2,27,24,4,20,3,0,3,26,19,0,19,7,2,5,75,70,26,44,5,2,3,31,26,5,21,5,1,4,52,39,4,35,13,1,12,103,95,23,72,8,4,4,28,19,3,16,9,7,2
S01012631,426,392,116,276,34,10,24,8,7,0,7,1,1,0,24,21,0,21,3,0,3,36,31,1,30,5,1,4,115,106,53,53,9,2,7,35,32,5,27,3,0,3,44,42,7,35,2,0,2,143,136,41,95,7,4,3,21,17,9,8,4,2,2
S01012632,375,281,77,204,94,12,82,31,7,2,5,24,4,20,26,18,3,15,8,0,8,41,25,2,23,16,4,12,56,41,13,28,15,0,15,31,25,1,24,6,0,6,51,42,8,34,9,1,8,115,108,41,67,7,2,5,24,15,7,8,9,1,8
S01012633,336,242,66,176,94,27,67,37,13,4,9,24,3,21,31,24,2,22,7,2,5,20,8,0,8,12,3,9,54,41,17,24,13,4,9,18,14,2,12,4,1,3,63,45,9,36,18,8,10,95,84,27,57,11,4,7,18,13,5,8,5,2,3
S01012634,299,257,76,181,42,10,32,10,9,0,9,1,0,1,21,18,3,15,3,0,3,40,33,4,29,7,1,6,70,57,31,26,13,2,11,21,18,3,15,3,3,0,33,28,5,23,5,1,4,88,84,25,59,4,2,2,16,10,5,5,6,1,5
S01012635,537,453,103,350,84,25,59,23,12,1,11,11,1,10,37,35,5,30,2,0,2,51,38,7,31,13,1,12,91,79,29,50,12,5,7,47,39,8,31,8,4,4,89,70,13,57,19,6,13,170,160,36,124,10,4,6,29,20,4,16,9,4,5
S01012636,346,260,76,184,86,31,55,29,11,0,11,18,3,15,26,20,2,18,6,1,5,27,17,2,15,10,2,8,56,47,26,21,9,3,6,21,17,1,16,4,0,4,55,33,5,28,22,9,13,111,103,36,67,8,6,2,21,12,4,8,9,7,2
S01012637,339,318,95,223,21,9,12,19,18,1,17,1,1,0,31,31,2,29,0,0,0,27,26,3,23,1,0,1,73,68,32,36,5,3,2,51,43,6,37,8,1,7,40,39,10,29,1,1,0,89,85,36,49,4,2,2,9,8,5,3,1,1,0
S01012638,373,328,74,254,45,11,34,31,28,4,24,3,0,3,29,28,2,26,1,0,1,30,23,0,23,7,1,6,69,59,25,34,10,0,10,43,38,3,35,5,1,4,53,40,9,31,13,6,7,101,98,26,72,3,2,1,17,14,5,9,3,1,2
S01012639,385,344,93,251,41,12,29,28,24,0,24,4,0,4,33,31,4,27,2,1,1,65,44,1,43,21,3,18,63,59,33,26,4,2,2,24,22,5,17,2,2,0,34,29,8,21,5,1,4,118,117,34,83,1,1,0,20,18,8,10,2,2,0
S01012640,331,278,87,191,53,11,42,35,27,2,25,8,2,6,22,20,0,20,2,0,2,41,26,2,24,15,2,13,65,57,28,29,8,0,8,32,27,3,24,5,0,5,34,30,10,20,4,1,3,86,80,37,43,6,2,4,16,11,5,6,5,4,1
S01012641,398,355,100,255,43,9,34,27,22,2,20,5,1,4,26,24,0,24,2,0,2,55,43,5,38,12,1,11,66,61,33,28,5,0,5,29,23,1,22,6,1,5,47,40,12,28,7,2,5,122,121,40,81,1,0,1,26,21,7,14,5,4,1
S01012642,294,276,77,199,18,5,13,16,14,1,13,2,0,2,26,26,1,25,0,0,0,49,42,3,39,7,0,7,53,53,26,27,0,0,0,21,19,5,14,2,0,2,30,26,13,13,4,2,2,91,89,25,64,2,2,0,8,7,3,4,1,1,0
S01012643,203,189,50,139,14,6,8,6,6,0,6,0,0,0,11,11,0,11,0,0,0,38,34,0,34,4,0,4,34,33,11,22,1,0,1,14,13,4,9,1,0,1,27,24,10,14,3,3,0,61,60,22,38,1,1,0,12,8,3,5,4,2,2
S01012644,291,266,81,185,25,5,20,10,9,1,8,1,0,1,24,23,2,21,1,1,0,40,31,3,28,9,0,9,48,44,22,22,4,0,4,20,18,4,14,2,2,0,30,26,7,19,4,0,4,105,103,35,68,2,2,0,14,12,7,5,2,0,2
S01012645,380,322,86,236,58,10,48,18,15,1,14,3,1,2,21,20,1,19,1,0,1,61,39,3,36,22,3,19,63,54,25,29,9,1,8,31,28,7,21,3,0,3,46,34,11,23,12,3,9,117,111,33,78,6,1,5,23,21,5,16,2,1,1
S01012646,497,427,100,327,70,20,50,22,19,3,16,3,0,3,38,34,2,32,4,0,4,63,38,1,37,25,4,21,94,85,33,52,9,1,8,33,29,3,26,4,1,3,70,58,10,48,12,5,7,163,158,45,113,5,3,2,14,6,3,3,8,6,2
S01012647,422,390,69,321,32,8,24,19,17,1,16,2,0,2,30,28,0,28,2,1,1,55,41,4,37,14,2,12,72,69,22,47,3,0,3,41,37,1,36,4,1,3,55,54,10,44,1,0,1,134,131,25,106,3,2,1,16,13,6,7,3,2,1
S01012648,231,214,60,154,17,2,15,5,4,0,4,1,1,0,20,19,1,18,1,0,1,33,24,1,23,9,0,9,62,58,25,33,4,0,4,20,20,3,17,0,0,0,24,23,6,17,1,1,0,52,52,19,33,0,0,0,15,14,5,9,1,0,1
S01012649,306,274,89,185,32,7,25,10,10,0,10,0,0,0,23,22,4,18,1,0,1,34,23,1,22,11,1,10,70,62,36,26,8,2,6,20,17,3,14,3,1,2,39,33,5,28,6,2,4,92,90,33,57,2,0,2,18,17,7,10,1,1,0
S01012650,303,259,62,197,44,9,35,9,8,1,7,1,0,1,32,28,0,28,4,0,4,39,28,5,23,11,1,10,54,46,12,34,8,3,5,27,22,4,18,5,0,5,42,33,6,27,9,2,7,85,80,27,53,5,2,3,15,14,7,7,1,1,0
S01012651,262,249,86,163,13,4,9,12,12,2,10,0,0,0,23,22,3,19,1,0,1,45,41,3,38,4,0,4,58,56,37,19,2,1,1,15,13,1,12,2,1,1,22,21,8,13,1,0,1,77,75,27,48,2,2,0,10,9,5,4,1,0,1
S01012652,577,522,143,379,55,16,39,16,15,0,15,1,0,1,56,54,4,50,2,0,2,58,40,2,38,18,2,16,119,109,46,63,10,1,9,45,41,3,38,4,1,3,61,55,13,42,6,2,4,183,173,61,112,10,7,3,39,35,14,21,4,3,1
S01012653,407,352,96,256,55,8,47,30,17,3,14,13,0,13,31,29,2,27,2,0,2,65,50,5,45,15,2,13,89,81,35,46,8,2,6,17,12,3,9,5,0,5,39,34,4,30,5,0,5,110,105,29,76,5,3,2,26,24,15,9,2,1,1
S01012654,404,334,84,250,70,20,50,26,19,3,16,7,0,7,40,33,2,31,7,2,5,39,31,2,29,8,0,8,86,69,29,40,17,5,12,24,17,0,17,7,2,5,55,45,15,30,10,4,6,114,107,28,79,7,4,3,20,13,5,8,7,3,4
S01012655,493,429,110,319,64,12,52,17,16,6,10,1,0,1,54,45,5,40,9,0,9,72,53,6,47,19,3,16,96,82,34,48,14,4,10,33,29,3,26,4,0,4,57,48,9,39,9,1,8,138,136,36,100,2,2,0,26,20,11,9,6,2,4
S01012656,346,316,84,232,30,6,24,8,8,0,8,0,0,0,34,34,4,30,0,0,0,42,30,1,29,12,2,10,77,71,40,31,6,1,5,36,30,1,29,6,1,5,31,29,6,23,2,1,1,104,101,29,72,3,1,2,14,13,3,10,1,0,1
S01012657,235,218,64,154,17,5,12,8,8,1,7,0,0,0,11,11,0,11,0,0,0,26,18,4,14,8,2,6,45,44,17,27,1,0,1,25,21,3,18,4,1,3,34,31,9,22,3,1,2,75,74,22,52,1,1,0,11,11,8,3,0,0,0
S01012658,485,430,100,330,55,18,37,11,10,0,10,1,0,1,40,38,3,35,2,1,1,66,48,1,47,18,3,15,99,93,31,62,6,1,5,38,30,1,29,8,2,6,65,58,10,48,7,2,5,142,136,48,88,6,5,1,24,17,6,11,7,4,3
S01012659,590,538,154,384,52,8,44,15,14,4,10,1,0,1,45,45,4,41,0,0,0,47,40,4,36,7,1,6,113,99,41,58,14,0,14,47,41,5,36,6,2,4,99,87,23,64,12,1,11,203,195,66,129,8,3,5,21,17,7,10,4,1,3
S01012660,329,297,72,225,32,5,27,16,16,0,16,0,0,0,28,26,0,26,2,1,1,45,32,4,28,13,0,13,67,65,23,42,2,0,2,21,18,2,16,3,1,2,42,37,9,28,5,0,5,100,94,30,64,6,2,4,10,9,4,5,1,1,0
S01012661,407,349,85,264,58,11,47,14,14,1,13,0,0,0,36,28,1,27,8,4,4,53,35,1,34,18,1,17,84,75,38,37,9,2,7,30,25,2,23,5,1,4,58,50,2,48,8,1,7,105,100,29,71,5,0,5,27,22,11,11,5,2,3
S01012662,312,281,72,209,31,3,28,5,4,0,4,1,0,1,47,45,0,45,2,0,2,37,23,0,23,14,1,13,57,54,26,28,3,0,3,23,20,3,17,3,1,2,44,40,10,30,4,1,3,90,88,30,58,2,0,2,9,7,3,4,2,0,2
S01012663,335,292,71,221,43,10,33,10,10,0,10,0,0,0,29,26,1,25,3,0,3,43,29,1,28,14,2,12,63,59,22,37,4,1,3,23,17,4,13,6,1,5,54,49,15,34,5,1,4,101,94,22,72,7,3,4,12,8,6,2,4,2,2
S01012664,474,403,113,290,71,18,53,14,12,0,12,2,0,2,48,47,6,41,1,0,1,63,44,3,41,19,3,16,88,78,42,36,10,2,8,59,45,11,34,14,5,9,47,40,12,28,7,1,6,130,119,31,88,11,6,5,25,18,8,10,7,1,6
S01012665,262,237,75,162,25,7,18,7,7,0,7,0,0,0,30,29,3,26,1,1,0,33,25,4,21,8,2,6,57,55,30,25,2,1,1,26,21,1,20,5,1,4,33,30,8,22,3,0,3,64,60,24,36,4,1,3,12,10,5,5,2,1,1
S01012666,253,227,62,165,26,4,22,10,7,1,6,3,0,3,23,22,2,20,1,0,1,38,26,2,24,12,0,12,52,47,22,25,5,1,4,19,18,1,17,1,0,1,25,24,7,17,1,1,0,74,73,24,49,1,0,1,12,10,3,7,2,2,0
S01012667,222,196,59,137,26,2,24,7,7,1,6,0,0,0,23,19,1,18,4,0,4,29,18,1,17,11,1,10,51,45,17,28,6,1,5,12,8,3,5,4,0,4,27,27,8,19,0,0,0,62,61,25,36,1,0,1,11,11,3,8,0,0,0
S01012668,315,280,78,202,35,11,24,12,12,3,9,0,0,0,29,27,4,23,2,0,2,37,29,2,27,8,2,6,65,58,29,29,7,2,5,33,25,2,23,8,1,7,34,30,7,23,4,2,2,91,88,23,65,3,1,2,14,11,8,3,3,3,0
S01012669,364,353,80,273,11,4,7,11,11,0,11,0,0,0,45,44,2,42,1,1,0,35,31,3,28,4,0,4,64,62,24,38,2,0,2,17,14,3,11,3,2,1,49,48,7,41,1,1,0,131,131,35,96,0,0,0,12,12,6,6,0,0,0
S01012670,342,308,94,214,34,8,26,7,6,1,5,1,0,1,35,33,3,30,2,0,2,31,22,1,21,9,1,8,65,61,32,29,4,1,3,32,30,2,28,2,0,2,45,36,11,25,9,1,8,110,108,40,68,2,0,2,17,12,4,8,5,5,0
S01012671,438,395,117,278,43,7,36,22,21,1,20,1,0,1,31,31,5,26,0,0,0,65,42,3,39,23,1,22,88,82,38,44,6,0,6,44,38,9,29,6,1,5,55,52,9,43,3,2,1,108,107,41,66,1,0,1,25,22,11,11,3,3,0
S01012672,247,227,66,161,20,3,17,7,7,1,6,0,0,0,28,28,4,24,0,0,0,32,22,0,22,10,0,10,57,54,25,29,3,1,2,27,26,4,22,1,0,1,21,17,4,13,4,1,3,67,65,25,40,2,1,1,8,8,3,5,0,0,0
S01012673,248,235,78,157,13,4,9,8,8,1,7,0,0,0,28,28,4,24,0,0,0,36,29,2,27,7,0,7,55,55,26,29,0,0,0,16,13,2,11,3,2,1,19,18,8,10,1,1,0,63,62,23,39,1,0,1,23,22,12,10,1,1,0
S01012674,190,178,67,111,12,4,8,2,2,0,2,0,0,0,18,18,2,16,0,0,0,20,15,1,14,5,1,4,45,44,24,20,1,1,0,20,18,3,15,2,0,2,17,16,4,12,1,0,1,58,57,29,28,1,1,0,10,8,4,4,2,1,1
S01012675,330,298,77,221,32,11,21,9,9,0,9,0,0,0,31,28,4,24,3,3,0,42,35,3,32,7,1,6,71,68,23,45,3,0,3,38,29,4,25,9,2,7,25,22,6,16,3,0,3,100,95,31,64,5,4,1,14,12,6,6,2,1,1
S01012676,395,358,101,257,37,11,26,17,15,1,14,2,0,2,27,27,1,26,0,0,0,53,39,4,35,14,2,12,86,82,27,55,4,1,3,33,27,5,22,6,2,4,35,30,7,23,5,2,3,125,121,46,75,4,2,2,19,17,10,7,2,2,0
S01012677,243,219,66,153,24,5,19,8,8,0,8,0,0,0,18,16,3,13,2,0,2,39,31,1,30,8,0,8,55,49,21,28,6,1,5,18,17,3,14,1,0,1,21,18,2,16,3,1,2,72,72,33,39,0,0,0,12,8,3,5,4,3,1
S01012678,416,376,108,268,40,11,29,13,12,0,12,1,0,1,26,26,5,21,0,0,0,48,41,1,40,7,0,7,85,73,34,39,12,2,10,21,21,1,20,0,0,0,54,49,13,36,5,1,4,145,135,43,92,10,6,4,24,19,11,8,5,2,3
S01012679,370,328,89,239,42,11,31,13,10,1,9,3,1,2,39,37,4,33,2,1,1,46,33,2,31,13,2,11,66,61,28,33,5,2,3,33,27,2,25,6,0,6,33,26,6,20,7,2,5,121,118,38,80,3,1,2,19,16,8,8,3,2,1
S01012680,309,278,71,207,31,8,23,4,4,0,4,0,0,0,29,27,5,22,2,0,2,38,27,3,24,11,2,9,53,50,25,25,3,2,1,34,28,2,26,6,0,6,46,44,7,37,2,1,1,90,86,23,63,4,2,2,15,12,6,6,3,1,2
S01012681,329,271,71,200,58,12,46,28,8,2,6,20,2,18,29,27,2,25,2,0,2,41,32,1,31,9,1,8,54,45,21,24,9,1,8,29,25,3,22,4,0,4,45,41,6,35,4,3,1,82,80,30,50,2,2,0,21,13,6,7,8,3,5
S01012682,337,291,81,210,46,6,40,6,5,1,4,1,0,1,28,26,1,25,2,0,2,47,31,0,31,16,0,16,76,70,26,44,6,2,4,20,15,4,11,5,2,3,44,34,8,26,10,2,8,103,98,37,61,5,0,5,13,12,4,8,1,0,1
S01012683,356,327,111,216,29,7,22,11,7,2,5,4,1,3,28,27,1,26,1,1,0,53,37,4,33,16,0,16,72,72,38,34,0,0,0,23,21,5,16,2,0,2,43,40,9,31,3,3,0,111,110,48,62,1,1,0,15,13,4,9,2,1,1
S01012684,270,233,62,171,37,5,32,7,5,2,3,2,1,1,17,15,0,15,2,0,2,35,19,0,19,16,2,14,47,41,17,24,6,0,6,16,13,3,10,3,0,3,47,44,8,36,3,1,2,89,85,28,57,4,1,3,12,11,4,7,1,0,1
S01012685,371,333,94,239,38,8,30,14,14,1,13,0,0,0,31,30,4,26,1,0,1,55,34,3,31,21,3,18,71,68,30,38,3,0,3,22,17,4,13,5,1,4,46,45,10,35,1,0,1,118,114,39,75,4,3,1,14,11,3,8,3,1,2
S01012686,497,417,108,309,80,20,60,12,10,0,10,2,0,2,39,34,3,31,5,0,5,49,31,1,30,18,4,14,83,72,29,43,11,3,8,43,31,2,29,12,4,8,87,65,12,53,22,5,17,161,154,56,98,7,4,3,23,20,5,15,3,0,3
S01012687,211,166,57,109,45,18,27,18,10,1,9,8,1,7,14,12,2,10,2,1,1,11,8,2,6,3,0,3,27,21,11,10,6,3,3,16,12,0,12,4,2,2,31,24,4,20,7,2,5,81,71,32,39,10,4,6,13,8,5,3,5,5,0
S01012688,374,328,56,272,46,16,30,12,9,0,9,3,0,3,34,31,2,29,3,2,1,37,27,0,27,10,3,7,51,48,12,36,3,0,3,27,24,2,22,3,1,2,82,66,10,56,16,6,10,103,101,26,75,2,1,1,28,22,4,18,6,3,3
S01012689,233,195,65,130,38,11,27,4,4,1,3,0,0,0,22,20,1,19,2,1,1,21,13,1,12,8,1,7,50,40,18,22,10,3,7,12,10,3,7,2,0,2,31,21,8,13,10,3,7,82,77,29,48,5,3,2,11,10,4,6,1,0,1
S01012690,261,231,65,166,30,11,19,7,6,1,5,1,0,1,22,22,3,19,0,0,0,23,17,1,16,6,0,6,47,43,24,19,4,2,2,10,9,1,8,1,1,0,39,33,7,26,6,2,4,91,87,22,65,4,3,1,22,14,6,8,8,3,5
S01012691,360,311,89,222,49,12,37,16,14,1,13,2,0,2,35,33,1,32,2,1,1,30,23,1,22,7,0,7,59,50,26,24,9,1,8,25,21,2,19,4,0,4,62,48,10,38,14,6,8,124,117,44,73,7,3,4,9,5,4,1,4,1,3
S01012692,339,296,76,220,43,10,33,8,7,0,7,1,0,1,23,20,1,19,3,2,1,37,26,1,25,11,1,10,73,64,25,39,9,0,9,14,12,1,11,2,0,2,31,25,4,21,6,2,4,136,129,37,92,7,4,3,17,13,7,6,4,1,3
S01012693,473,405,120,285,68,16,52,15,14,0,14,1,0,1,35,33,3,30,2,1,1,46,39,5,34,7,0,7,88,74,38,36,14,4,10,23,19,3,16,4,0,4,103,79,13,66,24,4,20,142,131,50,81,11,4,7,21,16,8,8,5,3,2
S01012694,228,208,62,146,20,6,14,4,4,1,3,0,0,0,21,20,1,19,1,0,1,19,14,0,14,5,0,5,51,49,22,27,2,0,2,6,5,1,4,1,0,1,36,28,7,21,8,5,3,80,77,21,56,3,1,2,11,11,9,2,0,0,0
S01012695,412,301,94,207,111,16,95,55,21,4,17,34,1,33,28,27,1,26,1,1,0,50,32,3,29,18,3,15,75,59,25,34,16,2,14,29,20,3,17,9,1,8,37,22,6,16,15,3,12,119,106,46,60,13,5,8,19,14,6,8,5,0,5
S01012696,415,293,88,205,122,25,97,64,14,3,11,50,9,41,33,27,6,21,6,2,4,45,29,3,26,16,3,13,66,56,27,29,10,2,8,24,18,3,15,6,0,6,55,37,8,29,18,4,14,107,98,29,69,9,3,6,21,14,9,5,7,2,5
S01012697,265,189,52,137,76,14,62,46,12,1,11,34,2,32,20,14,1,13,6,1,5,16,12,1,11,4,0,4,31,27,11,16,4,0,4,17,10,0,10,7,2,5,32,23,3,20,9,2,7,90,85,33,52,5,5,0,13,6,2,4,7,2,5
S01012698,397,318,106,212,79,13,66,28,14,1,13,14,0,14,37,28,4,24,9,2,7,37,24,2,22,13,0,13,65,58,25,33,7,1,6,32,24,5,19,8,2,6,46,34,8,26,12,4,8,132,121,50,71,11,2,9,20,15,11,4,5,2,3
S01012699,548,423,122,301,125,20,105,59,21,1,20,38,1,37,46,40,4,36,6,2,4,56,38,3,35,18,2,16,85,73,31,42,12,1,11,30,23,5,18,7,0,7,81,57,17,40,24,8,16,168,153,55,98,15,5,10,23,18,6,12,5,1,4
S01012700,403,330,98,232,73,13,60,23,11,2,9,12,2,10,35,30,4,26,5,0,5,44,32,2,30,12,2,10,84,70,36,34,14,2,12,29,26,1,25,3,1,2,50,37,9,28,13,1,12,116,107,36,71,9,4,5,22,17,8,9,5,1,4
S01012701,264,231,69,162,33,10,23,17,9,3,6,8,2,6,17,17,2,15,0,0,0,25,19,2,17,6,1,5,48,45,18,27,3,0,3,16,9,0,9,7,1,6,48,47,13,34,1,0,1,81,76,26,50,5,4,1,12,9,5,4,3,2,1
S01012702,315,273,59,214,42,6,36,6,6,0,6,0,0,0,20,19,0,19,1,0,1,29,22,1,21,7,0,7,63,49,23,26,14,2,12,28,25,5,20,3,0,3,59,48,7,41,11,1,10,99,95,19,76,4,1,3,11,9,4,5,2,2,0
S01012703,361,327,96,231,34,6,28,19,18,1,17,1,0,1,46,42,2,40,4,0,4,27,18,1,17,9,0,9,76,74,40,34,2,0,2,26,22,3,19,4,1,3,47,39,5,34,8,2,6,108,104,38,66,4,2,2,12,10,6,4,2,1,1
S01012704,338,308,83,225,30,13,17,15,15,3,12,0,0,0,39,37,1,36,2,1,1,32,25,0,25,7,1,6,69,66,32,34,3,2,1,38,28,7,21,10,4,6,48,45,11,34,3,1,2,85,82,22,60,3,2,1,12,10,7,3,2,2,0
S01012705,458,412,113,299,46,11,35,12,12,2,10,0,0,0,42,41,1,40,1,0,1,33,21,1,20,12,1,11,108,96,43,53,12,2,10,27,20,5,15,7,1,6,59,55,11,44,4,1,3,158,155,47,108,3,2,1,19,12,3,9,7,4,3
S01012706,308,283,88,195,25,7,18,15,15,1,14,0,0,0,33,32,4,28,1,0,1,39,27,1,26,12,2,10,69,67,39,28,2,0,2,21,17,4,13,4,2,2,33,30,5,25,3,1,2,85,83,31,52,2,2,0,13,12,3,9,1,0,1
S01012707,514,457,139,318,57,19,38,13,12,2,10,1,0,1,36,34,3,31,2,0,2,46,34,1,33,12,3,9,108,95,53,42,13,3,10,37,31,8,23,6,3,3,60,54,15,39,6,2,4,191,184,50,134,7,3,4,23,13,7,6,10,5,5
S01012708,299,274,72,202,25,3,22,9,9,1,8,0,0,0,33,30,5,25,3,0,3,29,23,1,22,6,0,6,75,72,29,43,3,1,2,29,22,0,22,7,1,6,49,46,14,32,3,0,3,72,70,21,49,2,1,1,3,2,1,1,1,0,1
S01012709,217,202,64,138,15,2,13,9,9,1,8,0,0,0,17,16,1,15,1,0,1,17,10,0,10,7,0,7,43,42,25,17,1,1,0,18,13,3,10,5,1,4,39,38,12,26,1,0,1,70,70,20,50,0,0,0,4,4,2,2,0,0,0
S01012710,336,304,84,220,32,5,27,9,9,1,8,0,0,0,48,44,3,41,4,1,3,39,30,2,28,9,1,8,76,69,35,34,7,0,7,21,15,3,12,6,1,5,39,38,9,29,1,0,1,89,86,26,60,3,1,2,15,13,5,8,2,1,1
S01012711,332,307,92,215,25,12,13,12,12,1,11,0,0,0,34,31,1,30,3,1,2,35,25,3,22,10,3,7,68,66,30,36,2,0,2,21,18,4,14,3,2,1,41,40,10,30,1,1,0,102,99,36,63,3,3,0,19,16,7,9,3,2,1
S01012712,367,328,93,235,39,7,32,13,12,2,10,1,0,1,24,21,4,17,3,0,3,40,30,4,26,10,0,10,57,52,27,25,5,1,4,22,19,3,16,3,0,3,49,41,9,32,8,1,7,145,139,39,100,6,4,2,17,14,5,9,3,1,2
S01012713,327,293,70,223,34,11,23,16,15,1,14,1,0,1,21,21,0,21,0,0,0,24,17,1,16,7,2,5,57,48,21,27,9,2,7,25,22,0,22,3,1,2,55,49,7,42,6,2,4,120,115,37,78,5,3,2,9,6,3,3,3,1,2
S01012714,267,234,67,167,33,6,27,6,6,0,6,0,0,0,27,24,3,21,3,0,3,17,13,0,13,4,0,4,53,45,19,26,8,2,6,16,14,3,11,2,0,2,44,32,8,24,12,3,9,94,91,31,60,3,0,3,10,9,3,6,1,1,0
S01012715,333,306,69,237,27,8,19,7,5,0,5,2,0,2,33,33,2,31,0,0,0,27,19,0,19,8,0,8,58,56,29,27,2,0,2,22,17,4,13,5,3,2,54,50,7,43,4,3,1,114,110,22,88,4,1,3,18,16,5,11,2,1,1
S01012716,371,301,84,217,70,16,54,10,10,3,7,0,0,0,30,25,6,19,5,1,4,33,25,5,20,8,0,8,71,59,29,30,12,1,11,21,17,2,15,4,1,3,78,58,13,45,20,7,13,112,99,23,76,13,3,10,16,8,3,5,8,3,5
S01012717,433,387,77,310,46,13,33,9,8,2,6,1,0,1,46,45,3,42,1,0,1,41,33,0,33,8,0,8,88,78,25,53,10,3,7,39,30,6,24,9,3,6,72,63,10,53,9,3,6,121,116,27,89,5,2,3,17,14,4,10,3,2,1
S01012718,469,409,85,324,60,18,42,12,12,0,12,0,0,0,44,43,4,39,1,0,1,31,24,2,22,7,0,7,92,75,22,53,17,5,12,36,30,2,28,6,1,5,92,76,16,60,16,5,11,138,130,31,99,8,3,5,24,19,8,11,5,4,1
S01012719,407,362,74,288,45,7,38,11,10,0,10,1,0,1,30,27,3,24,3,0,3,45,34,3,31,11,0,11,86,81,33,48,5,2,3,27,23,4,19,4,0,4,62,54,6,48,8,2,6,124,114,21,93,10,3,7,22,19,4,15,3,0,3
S01012720,318,283,51,232,35,7,28,10,10,0,10,0,0,0,21,20,2,18,1,0,1,33,25,0,25,8,1,7,57,49,18,31,8,1,7,27,25,1,24,2,1,1,57,48,10,38,9,1,8,95,93,15,78,2,1,1,18,13,5,8,5,2,3
S01012721,306,278,71,207,28,7,21,5,5,0,5,0,0,0,28,25,3,22,3,0,3,29,18,1,17,11,0,11,67,60,22,38,7,3,4,24,23,5,18,1,0,1,46,42,9,33,4,2,2,95,94,29,65,1,1,0,12,11,2,9,1,1,0
S01012722,275,257,63,194,18,3,15,3,3,0,3,0,0,0,32,32,3,29,0,0,0,33,28,1,27,5,0,5,57,54,21,33,3,1,2,22,19,0,19,3,0,3,30,29,7,22,1,1,0,83,79,26,53,4,1,3,15,13,5,8,2,0,2
S01012723,290,249,75,174,41,15,26,9,9,2,7,0,0,0,33,32,4,28,1,1,0,33,23,5,18,10,0,10,76,68,31,37,8,2,6,23,15,1,14,8,2,6,36,30,9,21,6,3,3,67,65,20,45,2,2,0,13,7,3,4,6,5,1
S01012724,359,317,74,243,42,11,31,10,10,0,10,0,0,0,34,32,3,29,2,0,2,45,33,4,29,12,2,10,67,64,27,37,3,0,3,30,28,4,24,2,1,1,57,50,11,39,7,0,7,98,85,17,68,13,6,7,18,15,8,7,3,2,1
S01012725,473,428,97,331,45,10,35,13,13,4,9,0,0,0,34,33,5,28,1,0,1,44,29,1,28,15,2,13,90,83,34,49,7,0,7,35,28,2,26,7,4,3,87,78,12,66,9,0,9,153,150,36,114,3,2,1,17,14,3,11,3,2,1
S01012726,249,223,55,168,26,7,19,6,5,0,5,1,0,1,30,29,1,28,1,0,1,26,21,1,20,5,0,5,55,50,22,28,5,2,3,23,18,4,14,5,1,4,40,36,5,31,4,2,2,60,59,20,39,1,0,1,9,5,2,3,4,2,2
S01012727,272,247,76,171,25,7,18,8,8,1,7,0,0,0,24,24,8,16,0,0,0,31,24,1,23,7,1,6,74,70,29,41,4,1,3,31,26,5,21,5,1,4,22,18,8,10,4,2,2,64,62,14,48,2,0,2,18,15,10,5,3,2,1
S01012728,285,263,91,172,22,6,16,6,6,0,6,0,0,0,29,27,3,24,2,1,1,24,17,0,17,7,0,7,79,72,39,33,7,2,5,22,21,5,16,1,0,1,40,37,15,22,3,1,2,71,71,26,45,0,0,0,14,12,3,9,2,2,0
S01012729,433,391,96,295,42,10,32,12,12,0,12,0,0,0,56,52,3,49,4,0,4,36,24,1,23,12,2,10,94,87,38,49,7,0,7,29,23,2,21,6,1,5,47,43,8,35,4,1,3,144,139,37,102,5,3,2,15,11,7,4,4,3,1
S01012730,256,239,65,174,17,5,12,9,8,0,8,1,0,1,33,33,2,31,0,0,0,22,19,1,18,3,1,2,62,58,26,32,4,1,3,38,34,6,28,4,1,3,26,24,7,17,2,1,1,54,53,16,37,1,0,1,12,10,7,3,2,1,1
S01012731,348,324,88,236,24,11,13,11,10,1,9,1,0,1,44,44,3,41,0,0,0,31,24,1,23,7,2,5,74,73,38,35,1,0,1,28,23,5,18,5,2,3,47,42,9,33,5,3,2,101,98,27,71,3,3,0,12,10,4,6,2,1,1
S01012732,310,289,86,203,21,6,15,7,7,2,5,0,0,0,35,35,4,31,0,0,0,36,26,0,26,10,1,9,67,65,35,30,2,1,1,25,23,6,17,2,0,2,40,39,7,32,1,1,0,84,81,25,56,3,1,2,16,13,7,6,3,2,1
S01012733,631,547,116,431,84,14,70,27,20,1,19,7,2,5,57,55,2,53,2,0,2,66,48,3,45,18,0,18,108,93,34,59,15,0,15,50,37,6,31,13,3,10,119,108,18,90,11,2,9,175,169,45,124,6,3,3,29,17,7,10,12,4,8
S01012734,343,303,66,237,40,2,38,11,10,2,8,1,0,1,41,41,1,40,0,0,0,31,20,0,20,11,1,10,52,47,14,33,5,0,5,21,18,2,16,3,0,3,79,70,15,55,9,0,9,94,88,29,59,6,0,6,14,9,3,6,5,1,4
S01012735,208,198,45,153,10,1,9,4,4,1,3,0,0,0,29,29,2,27,0,0,0,24,18,2,16,6,0,6,39,39,16,23,0,0,0,19,17,1,16,2,0,2,27,27,1,26,0,0,0,50,48,16,32,2,1,1,16,16,6,10,0,0,0
S01012736,485,454,100,354,31,11,20,13,13,3,10,0,0,0,62,59,6,53,3,1,2,33,26,1,25,7,1,6,107,106,42,64,1,0,1,35,27,3,24,8,2,6,50,45,10,35,5,4,1,154,151,24,127,3,2,1,31,27,11,16,4,1,3
S01012737,449,403,77,326,46,9,37,12,12,3,9,0,0,0,42,39,1,38,3,3,0,32,27,2,25,5,0,5,97,85,25,60,12,3,9,42,35,2,33,7,1,6,67,53,13,40,14,1,13,144,142,26,116,2,0,2,13,10,5,5,3,1,2
S01012738,296,267,76,191,29,8,21,6,6,1,5,0,0,0,40,40,6,34,0,0,0,22,16,1,15,6,0,6,67,60,24,36,7,2,5,31,24,2,22,7,1,6,38,35,13,22,3,3,0,78,77,24,53,1,1,0,14,9,5,4,5,1,4
S01012739,501,429,103,326,72,12,60,15,14,3,11,1,0,1,37,36,4,32,1,0,1,50,35,3,32,15,2,13,95,74,32,42,21,3,18,43,36,2,34,7,0,7,98,85,15,70,13,3,10,146,140,38,102,6,3,3,17,9,6,3,8,1,7
S01012740,501,430,90,340,71,13,58,10,10,1,9,0,0,0,42,38,5,33,4,0,4,38,29,3,26,9,0,9,108,88,31,57,20,5,15,56,51,2,49,5,1,4,107,90,17,73,17,2,15,130,119,29,90,11,3,8,10,5,2,3,5,2,3
S01012741,370,334,67,267,36,4,32,3,2,0,2,1,0,1,54,52,3,49,2,0,2,46,32,2,30,14,1,13,62,58,16,42,4,0,4,23,20,4,16,3,0,3,64,61,12,49,3,0,3,103,100,26,74,3,0,3,15,9,4,5,6,3,3
S01012742,387,347,89,258,40,12,28,6,6,1,5,0,0,0,39,36,1,35,3,1,2,27,19,2,17,8,0,8,59,54,26,28,5,1,4,21,19,2,17,2,0,2,67,57,11,46,10,4,6,145,139,43,96,6,5,1,23,17,3,14,6,1,5
S01012743,321,289,84,205,32,11,21,17,15,2,13,2,1,1,20,19,2,17,1,0,1,21,15,0,15,6,2,4,72,64,29,35,8,2,6,27,22,7,15,5,0,5,37,34,7,27,3,2,1,108,105,29,76,3,2,1,19,15,8,7,4,2,2
S01012744,428,393,85,308,35,7,28,8,8,3,5,0,0,0,44,41,1,40,3,0,3,42,33,2,31,9,3,6,75,67,22,45,8,0,8,28,25,4,21,3,1,2,65,56,12,44,9,2,7,152,150,33,117,2,0,2,14,13,8,5,1,1,0
S01012745,356,319,74,245,37,5,32,9,9,0,9,0,0,0,37,35,2,33,2,0,2,28,19,1,18,9,0,9,60,52,23,29,8,0,8,29,23,4,19,6,1,5,66,61,12,49,5,1,4,116,113,30,83,3,0,3,11,7,2,5,4,3,1
S01012746,450,406,93,313,44,9,35,6,6,1,5,0,0,0,41,38,2,36,3,1,2,31,22,0,22,9,0,9,91,85,27,58,6,1,5,50,35,3,32,15,4,11,81,75,23,52,6,2,4,131,126,30,96,5,1,4,19,19,7,12,0,0,0
S01012747,379,346,89,257,33,9,24,10,10,0,10,0,0,0,45,43,5,38,2,0,2,28,19,2,17,9,2,7,88,83,35,48,5,0,5,28,22,0,22,6,0,6,48,43,16,27,5,4,1,114,110,27,83,4,3,1,18,16,4,12,2,0,2
S01012748,313,283,98,185,30,8,22,6,6,0,6,0,0,0,36,36,2,34,0,0,0,26,19,4,15,7,1,6,79,75,37,38,4,1,3,42,32,4,28,10,4,6,44,36,11,25,8,2,6,65,65,32,33,0,0,0,15,14,8,6,1,0,1
S01012749,345,306,86,220,39,12,27,13,13,0,13,0,0,0,48,47,3,44,1,0,1,35,19,0,19,16,3,13,88,86,39,47,2,1,1,21,10,2,8,11,3,8,50,43,11,32,7,4,3,66,64,19,45,2,1,1,24,24,12,12,0,0,0
S01012750,338,315,113,202,23,7,16,7,7,2,5,0,0,0,58,57,3,54,1,1,0,31,20,4,16,11,2,9,86,84,48,36,2,0,2,22,19,6,13,3,0,3,44,42,12,30,2,1,1,73,70,29,41,3,3,0,17,16,9,7,1,0,1
S01012751,332,305,79,226,27,11,16,10,9,0,9,1,1,0,44,43,1,42,1,0,1,29,20,2,18,9,1,8,81,79,30,49,2,1,1,22,19,3,16,3,1,2,48,43,16,27,5,3,2,82,78,24,54,4,4,0,16,14,3,11,2,0,2
S01012752,404,367,95,272,37,5,32,12,10,1,9,2,0,2,40,38,2,36,2,0,2,38,33,1,32,5,1,4,94,88,34,54,6,1,5,31,22,5,17,9,1,8,49,46,13,33,3,0,3,122,118,35,83,4,1,3,18,12,4,8,6,1,5
S01012753,196,181,62,119,15,5,10,6,4,0,4,2,0,2,23,22,3,19,1,0,1,13,11,1,10,2,0,2,54,52,23,29,2,0,2,11,7,1,6,4,2,2,30,28,10,18,2,1,1,45,45,20,25,0,0,0,14,12,4,8,2,2,0
S01012754,243,219,51,168,24,9,15,9,8,2,6,1,1,0,34,32,2,30,2,2,0,28,25,2,23,3,0,3,51,49,22,27,2,0,2,23,13,2,11,10,3,7,30,28,3,25,2,2,0,58,55,12,43,3,1,2,10,9,6,3,1,0,1
S01012755,172,163,53,110,9,4,5,2,2,0,2,0,0,0,23,21,1,20,2,1,1,8,8,1,7,0,0,0,46,45,26,19,1,0,1,12,12,2,10,0,0,0,24,22,7,15,2,1,1,50,48,13,35,2,2,0,7,5,3,2,2,0,2
S01012756,202,181,41,140,21,2,19,1,1,0,1,0,0,0,32,30,4,26,2,0,2,16,12,1,11,4,1,3,51,46,8,38,5,0,5,14,10,2,8,4,0,4,23,23,5,18,0,0,0,56,54,20,34,2,1,1,9,5,1,4,4,0,4
S01012757,210,193,56,137,17,3,14,5,5,0,5,0,0,0,29,28,2,26,1,0,1,19,10,0,10,9,0,9,39,37,23,14,2,0,2,16,13,1,12,3,1,2,25,25,6,19,0,0,0,65,65,21,44,0,0,0,12,10,3,7,2,2,0
S01012758,265,237,65,172,28,5,23,11,9,2,7,2,1,1,20,20,3,17,0,0,0,27,18,2,16,9,1,8,48,44,19,25,4,0,4,22,20,2,18,2,0,2,42,35,12,23,7,1,6,88,86,22,64,2,0,2,7,5,3,2,2,2,0
S01012759,302,278,88,190,24,6,18,9,9,3,6,0,0,0,32,30,4,26,2,0,2,25,21,0,21,4,1,3,69,66,32,34,3,1,2,32,26,3,23,6,1,5,33,29,8,21,4,0,4,78,77,31,46,1,1,0,24,20,7,13,4,2,2
S01012760,364,339,102,237,25,7,18,10,10,2,8,0,0,0,45,44,2,42,1,0,1,26,21,1,20,5,0,5,78,77,36,41,1,0,1,32,25,3,22,7,2,5,53,48,13,35,5,0,5,103,101,36,65,2,2,0,17,13,9,4,4,3,1
S01012761,375,341,86,255,34,9,25,11,11,2,9,0,0,0,47,45,3,42,2,0,2,38,27,2,25,11,1,10,73,68,31,37,5,1,4,30,23,3,20,7,1,6,54,50,8,42,4,3,1,112,109,34,75,3,1,2,10,8,3,5,2,2,0
S01012762,353,325,82,243,28,7,21,4,4,0,4,0,0,0,41,40,2,38,1,0,1,28,21,0,21,7,0,7,80,75,30,45,5,1,4,30,24,2,22,6,2,4,51,48,11,37,3,0,3,100,96,32,64,4,2,2,19,17,5,12,2,2,0
S01012763,194,183,50,133,11,2,9,1,1,0,1,0,0,0,24,21,2,19,3,1,2,22,21,2,19,1,0,1,50,50,25,25,0,0,0,18,14,0,14,4,0,4,16,15,2,13,1,0,1,51,50,15,35,1,1,0,12,11,4,7,1,0,1
S01012764,330,304,77,227,26,6,20,12,11,0,11,1,0,1,37,36,4,32,1,0,1,34,24,2,22,10,1,9,69,66,27,39,3,1,2,26,21,3,18,5,0,5,41,36,6,30,5,3,2,92,91,29,62,1,1,0,19,19,6,13,0,0,0
S01012765,345,318,90,228,27,5,22,12,10,1,9,2,0,2,52,49,3,46,3,0,3,26,22,0,22,4,1,3,72,70,35,35,2,0,2,23,18,3,15,5,1,4,38,36,8,28,2,1,1,105,100,33,67,5,2,3,17,13,7,6,4,0,4
S01012766,430,393,107,286,37,11,26,15,15,0,15,0,0,0,44,44,3,41,0,0,0,33,23,1,22,10,1,9,106,103,47,56,3,1,2,38,27,6,21,11,3,8,59,54,5,49,5,2,3,118,112,37,75,6,3,3,17,15,8,7,2,1,1
S01012767,309,279,69,210,30,8,22,4,4,0,4,0,0,0,35,35,2,33,0,0,0,44,30,1,29,14,4,10,53,51,23,28,2,1,1,25,17,1,16,8,1,7,37,36,6,30,1,0,1,99,96,34,62,3,2,1,12,10,2,8,2,0,2
S01012768,415,382,105,277,33,6,27,10,9,2,7,1,0,1,38,35,0,35,3,1,2,46,33,0,33,13,1,12,90,84,40,44,6,1,5,32,27,4,23,5,1,4,43,42,9,33,1,0,1,143,142,45,97,1,1,0,13,10,5,5,3,1,2
S01012769,245,209,47,162,36,8,28,4,3,0,3,1,0,1,31,28,1,27,3,0,3,38,28,3,25,10,2,8,47,39,13,26,8,1,7,21,19,1,18,2,1,1,39,33,8,25,6,1,5,53,49,16,33,4,2,2,12,10,5,5,2,1,1
S01012770,393,354,85,269,39,7,32,7,6,2,4,1,0,1,45,39,3,36,6,0,6,38,29,2,27,9,0,9,79,78,34,44,1,0,1,29,22,3,19,7,3,4,67,61,11,50,6,3,3,114,108,27,81,6,1,5,14,11,3,8,3,0,3
S01012771,335,305,79,226,30,10,20,14,13,3,10,1,0,1,31,30,4,26,1,1,0,23,18,3,15,5,1,4,64,58,27,31,6,3,3,38,31,2,29,7,2,5,54,50,14,36,4,1,3,93,89,19,70,4,1,3,18,16,7,9,2,1,1
S01012772,293,270,100,170,23,6,17,13,12,2,10,1,0,1,29,27,2,25,2,1,1,19,16,2,14,3,0,3,88,84,48,36,4,1,3,33,24,9,15,9,2,7,33,33,11,22,0,0,0,68,65,22,43,3,1,2,10,9,4,5,1,1,0
S01012773,394,358,72,286,36,9,27,9,7,2,5,2,0,2,42,40,1,39,2,0,2,42,32,0,32,10,1,9,79,76,26,50,3,2,1,37,29,2,27,8,3,5,44,40,8,32,4,0,4,117,110,25,85,7,3,4,24,24,8,16,0,0,0
S01012774,459,426,94,332,33,3,30,11,11,1,10,0,0,0,57,56,3,53,1,0,1,45,38,0,38,7,0,7,91,85,27,58,6,1,5,37,26,3,23,11,1,10,68,65,17,48,3,0,3,123,120,30,90,3,1,2,27,25,13,12,2,0,2
S01012775,201,178,39,139,23,3,20,3,3,0,3,0,0,0,16,16,0,16,0,0,0,31,23,0,23,8,1,7,40,39,18,21,1,0,1,23,13,2,11,10,1,9,27,25,6,19,2,0,2,55,53,12,41,2,1,1,6,6,1,5,0,0,0
S01012776,348,325,104,221,23,5,18,20,18,3,15,2,0,2,51,49,5,44,2,1,1,32,24,1,23,8,0,8,84,81,40,41,3,0,3,28,26,3,23,2,0,2,32,31,16,15,1,1,0,91,88,35,53,3,2,1,10,8,1,7,2,1,1
S01012777,536,485,105,380,51,10,41,15,14,1,13,1,0,1,54,51,3,48,3,0,3,46,36,2,34,10,2,8,135,124,43,81,11,0,11,41,32,4,28,9,1,8,89,82,15,67,7,1,6,138,134,33,101,4,1,3,18,12,4,8,6,5,1
S01012778,335,311,73,238,24,8,16,9,9,2,7,0,0,0,30,30,4,26,0,0,0,28,24,1,23,4,0,4,57,53,17,36,4,1,3,34,25,4,21,9,4,5,55,52,14,38,3,1,2,108,106,26,80,2,0,2,14,12,5,7,2,2,0
S01012779,209,188,60,128,21,7,14,7,7,1,6,0,0,0,21,21,2,19,0,0,0,26,19,3,16,7,0,7,50,49,22,27,1,0,1,20,13,5,8,7,3,4,26,23,8,15,3,2,1,53,51,16,35,2,1,1,6,5,3,2,1,1,0
S01012780,286,267,79,188,19,8,11,5,5,1,4,0,0,0,34,33,1,32,1,1,0,21,18,3,15,3,0,3,80,78,47,31,2,1,1,17,17,1,16,0,0,0,43,38,6,32,5,2,3,70,67,16,51,3,2,1,16,11,4,7,5,2,3
S01012781,337,300,67,233,37,13,24,10,9,0,9,1,0,1,41,38,3,35,3,0,3,31,23,1,22,8,3,5,75,68,26,42,7,1,6,20,15,4,11,5,2,3,42,34,4,30,8,4,4,105,102,24,78,3,1,2,13,11,5,6,2,2,0
S01012782,247,231,73,158,16,5,11,2,2,1,1,0,0,0,36,35,3,32,1,1,0,14,9,0,9,5,0,5,75,74,36,38,1,0,1,17,11,2,9,6,2,4,26,26,6,20,0,0,0,62,61,20,41,1,1,0,15,13,5,8,2,1,1
S01012783,290,268,95,173,22,6,16,6,6,0,6,0,0,0,33,32,5,27,1,0,1,21,13,1,12,8,2,6,78,76,40,36,2,0,2,24,18,4,14,6,1,5,38,36,13,23,2,1,1,70,69,26,43,1,0,1,20,18,6,12,2,2,0
S01012784,361,344,69,275,17,2,15,18,18,4,14,0,0,0,48,46,1,45,2,1,1,26,21,3,18,5,0,5,75,73,23,50,2,0,2,23,18,1,17,5,0,5,57,55,10,45,2,0,2,101,100,24,76,1,1,0,13,13,3,10,0,0,0
S01012785,280,260,66,194,20,7,13,4,4,0,4,0,0,0,46,45,3,42,1,0,1,14,12,1,11,2,2,0,52,48,21,27,4,2,2,26,19,2,17,7,0,7,48,46,11,35,2,2,0,71,69,21,48,2,1,1,19,17,7,10,2,0,2
S01012786,257,242,69,173,15,3,12,8,8,0,8,0,0,0,46,46,3,43,0,0,0,21,12,0,12,9,1,8,63,61,22,39,2,1,1,14,13,3,10,1,0,1,36,35,13,22,1,1,0,58,57,27,30,1,0,1,11,10,1,9,1,0,1
S01012787,317,293,64,229,24,6,18,10,9,2,7,1,0,1,28,28,2,26,0,0,0,23,16,1,15,7,0,7,67,64,27,37,3,0,3,32,25,1,24,7,2,5,57,56,11,45,1,0,1,88,87,19,68,1,1,0,12,8,1,7,4,3,1
S01012788,247,227,60,167,20,1,19,10,10,1,9,0,0,0,30,30,6,24,0,0,0,28,21,1,20,7,0,7,50,47,16,31,3,1,2,34,28,6,22,6,0,6,31,30,15,15,1,0,1,51,49,10,39,2,0,2,13,12,5,7,1,0,1
S01012789,354,314,97,217,40,11,29,13,13,1,12,0,0,0,27,27,2,25,0,0,0,29,19,2,17,10,2,8,78,68,36,32,10,1,9,29,24,4,20,5,1,4,54,51,14,37,3,0,3,103,94,32,62,9,6,3,21,18,6,12,3,1,2
S01012790,356,319,77,242,37,5,32,18,17,2,15,1,0,1,27,26,0,26,1,0,1,23,18,3,15,5,0,5,51,48,24,24,3,0,3,32,27,3,24,5,0,5,74,65,15,50,9,1,8,115,105,24,81,10,2,8,16,13,6,7,3,2,1
S01012791,317,281,75,206,36,4,32,3,3,0,3,0,0,0,30,26,1,25,4,0,4,20,15,1,14,5,0,5,60,55,25,30,5,1,4,26,24,5,19,2,1,1,57,47,12,35,10,1,9,112,106,27,79,6,1,5,9,5,4,1,4,0,4
S01012792,424,387,96,291,37,7,30,7,7,0,7,0,0,0,41,39,3,36,2,1,1,34,27,4,23,7,0,7,71,62,25,37,9,2,7,31,25,4,21,6,0,6,58,53,9,44,5,1,4,158,153,37,116,5,2,3,24,21,14,7,3,1,2
S01012793,287,264,64,200,23,6,17,12,12,0,12,0,0,0,44,42,4,38,2,1,1,20,15,1,14,5,3,2,67,64,31,33,3,1,2,15,12,0,12,3,0,3,48,42,10,32,6,0,6,64,62,11,51,2,1,1,17,15,7,8,2,0,2
S01012794,337,298,41,257,39,3,36,4,4,0,4,0,0,0,29,28,0,28,1,0,1,25,21,3,18,4,2,2,64,53,7,46,11,0,11,28,23,1,22,5,0,5,71,59,10,49,12,0,12,92,91,13,78,1,0,1,24,19,7,12,5,1,4
S01012795,418,377,115,262,41,10,31,14,13,2,11,1,0,1,51,50,3,47,1,0,1,32,19,2,17,13,1,12,111,107,49,58,4,0,4,30,22,2,20,8,2,6,44,39,15,24,5,2,3,111,108,35,73,3,1,2,25,19,7,12,6,4,2
S01012796,402,365,88,277,37,11,26,9,9,0,9,0,0,0,39,39,3,36,0,0,0,54,43,1,42,11,1,10,85,77,34,43,8,5,3,33,26,3,23,7,1,6,68,63,12,51,5,2,3,94,89,24,65,5,1,4,20,19,11,8,1,1,0
S01012797,334,316,80,236,18,2,16,12,12,0,12,0,0,0,42,42,5,37,0,0,0,29,23,1,22,6,0,6,71,68,28,40,3,0,3,31,24,1,23,7,1,6,41,40,16,24,1,1,0,95,95,24,71,0,0,0,13,12,5,7,1,0,1
S01012798,340,274,66,208,66,17,49,10,10,2,8,0,0,0,21,18,1,17,3,1,2,27,18,0,18,9,0,9,73,61,21,40,12,1,11,28,23,4,19,5,3,2,83,64,16,48,19,2,17,84,72,20,52,12,7,5,14,8,2,6,6,3,3
S01012799,373,292,73,219,81,18,63,14,13,6,7,1,0,1,23,21,4,17,2,0,2,24,16,3,13,8,3,5,76,54,16,38,22,6,16,27,23,2,21,4,0,4,66,43,9,34,23,5,18,125,111,29,82,14,3,11,18,11,4,7,7,1,6
S01012800,449,350,91,259,99,23,76,10,9,2,7,1,0,1,40,28,6,22,12,1,11,37,24,2,22,13,4,9,97,82,34,48,15,3,12,28,21,3,18,7,3,4,96,66,13,53,30,8,22,116,105,26,79,11,1,10,25,15,5,10,10,3,7
S01012801,185,148,31,117,37,6,31,2,1,0,1,1,0,1,20,16,1,15,4,0,4,7,6,1,5,1,0,1,41,37,8,29,4,2,2,12,11,1,10,1,1,0,38,30,7,23,8,1,7,55,42,10,32,13,1,12,10,5,3,2,5,1,4
S01012802,314,240,80,160,74,11,63,11,11,2,9,0,0,0,29,25,4,21,4,1,3,22,12,2,10,10,1,9,81,57,28,29,24,2,22,12,8,0,8,4,0,4,49,36,9,27,13,3,10,98,81,31,50,17,4,13,12,10,4,6,2,0,2
S01012803,366,333,89,244,33,8,25,17,16,8,8,1,0,1,21,21,0,21,0,0,0,28,16,1,15,12,1,11,68,62,31,31,6,1,5,29,26,7,19,3,1,2,62,58,14,44,4,1,3,130,125,26,99,5,2,3,11,9,2,7,2,2,0
S01012804,354,308,92,216,46,19,27,10,10,1,9,0,0,0,31,29,4,25,2,0,2,24,18,3,15,6,2,4,92,81,35,46,11,6,5,31,22,2,20,9,2,7,40,37,5,32,3,1,2,108,96,35,61,12,6,6,18,15,7,8,3,2,1
S01012805,426,394,108,286,32,9,23,18,18,3,15,0,0,0,52,51,3,48,1,0,1,33,23,1,22,10,0,10,106,99,48,51,7,4,3,25,23,1,22,2,1,1,57,50,13,37,7,1,6,116,112,36,76,4,2,2,19,18,3,15,1,1,0
S01012806,349,309,77,232,40,9,31,19,19,3,16,0,0,0,28,28,0,28,0,0,0,34,26,1,25,8,1,7,60,53,19,34,7,2,5,31,25,4,21,6,1,5,50,42,15,27,8,2,6,110,100,27,73,10,2,8,17,16,8,8,1,1,0
S01012807,319,252,82,170,67,18,49,10,8,3,5,2,1,1,28,22,3,19,6,0,6,20,16,2,14,4,2,2,71,53,21,32,18,4,14,27,21,5,16,6,1,5,65,50,15,35,15,6,9,87,75,29,46,12,3,9,11,7,4,3,4,1,3
S01012808,506,423,101,322,83,18,65,20,19,3,16,1,0,1,47,43,5,38,4,0,4,45,32,4,28,13,1,12,98,83,33,50,15,6,9,31,23,2,21,8,1,7,109,84,15,69,25,4,21,142,128,36,92,14,5,9,14,11,3,8,3,1,2
S01012809,322,291,64,227,31,5,26,14,14,2,12,0,0,0,18,17,0,17,1,0,1,25,24,0,24,1,0,1,57,47,25,22,10,0,10,34,32,1,31,2,0,2,62,52,9,43,10,2,8,95,93,24,69,2,1,1,17,12,3,9,5,2,3
S01012810,374,337,75,262,37,11,26,14,14,0,14,0,0,0,48,46,4,42,2,1,1,40,32,0,32,8,1,7,71,64,26,38,7,2,5,41,34,8,26,7,1,6,54,49,10,39,5,2,3,92,89,24,65,3,1,2,14,9,3,6,5,3,2
S01012811,354,318,72,246,36,12,24,11,11,1,10,0,0,0,49,47,7,40,2,1,1,40,32,1,31,8,2,6,67,63,24,39,4,0,4,17,15,1,14,2,2,0,66,57,10,47,9,1,8,92,84,24,60,8,3,5,12,9,4,5,3,3,0
S01012812,382,341,85,256,41,11,30,21,21,1,20,0,0,0,39,36,4,32,3,1,2,33,22,1,21,11,2,9,59,53,26,27,6,1,5,29,24,2,22,5,2,3,58,57,9,48,1,1,0,122,110,32,78,12,2,10,21,18,10,8,3,2,1
S01012813,437,374,98,276,63,12,51,19,19,7,12,0,0,0,39,35,3,32,4,0,4,33,25,1,24,8,0,8,76,63,29,34,13,3,10,22,15,3,12,7,0,7,78,66,15,51,12,1,11,157,140,36,104,17,6,11,13,11,4,7,2,2,0
S01012814,487,437,98,339,50,10,40,13,12,0,12,1,0,1,34,33,4,29,1,1,0,43,34,2,32,9,1,8,87,80,38,42,7,1,6,61,50,4,46,11,2,9,80,73,13,60,7,0,7,141,135,31,104,6,1,5,28,20,6,14,8,4,4
S01012815,515,467,104,363,48,11,37,13,12,2,10,1,1,0,39,39,0,39,0,0,0,59,46,1,45,13,1,12,77,73,24,49,4,1,3,44,32,4,28,12,3,9,94,87,20,67,7,3,4,166,160,46,114,6,1,5,23,18,7,11,5,1,4
S01012816,315,274,70,204,41,5,36,5,5,2,3,0,0,0,19,19,1,18,0,0,0,41,31,0,31,10,0,10,59,48,18,30,11,2,9,30,20,3,17,10,2,8,59,55,16,39,4,0,4,85,84,23,61,1,0,1,17,12,7,5,5,1,4
S01012817,324,290,78,212,34,8,26,8,8,1,7,0,0,0,22,19,0,19,3,0,3,17,11,0,11,6,0,6,46,41,21,20,5,0,5,31,29,4,25,2,1,1,66,64,15,49,2,1,1,115,109,36,73,6,3,3,19,9,1,8,10,3,7
S01012818,446,401,94,307,45,12,33,13,11,1,10,2,1,1,34,32,2,30,2,0,2,40,30,1,29,10,2,8,86,79,37,42,7,1,6,40,34,5,29,6,2,4,76,71,15,56,5,1,4,144,136,30,106,8,4,4,13,8,3,5,5,1,4
S01012819,274,258,55,203,16,1,15,8,8,0,8,0,0,0,29,28,2,26,1,0,1,26,22,0,22,4,0,4,65,64,20,44,1,0,1,12,9,1,8,3,1,2,48,47,10,37,1,0,1,74,71,20,51,3,0,3,12,9,2,7,3,0,3
S01012820,620,549,120,429,71,24,47,8,7,1,6,1,0,1,42,42,3,39,0,0,0,53,37,2,35,16,2,14,129,113,40,73,16,7,9,75,58,9,49,17,6,11,121,116,25,91,5,1,4,169,159,33,126,10,4,6,23,17,7,10,6,4,2
S01012821,423,367,75,292,56,19,37,8,8,2,6,0,0,0,26,23,1,22,3,2,1,52,40,0,40,12,1,11,77,67,30,37,10,4,6,46,32,8,24,14,3,11,71,69,13,56,2,1,1,122,115,18,97,7,3,4,21,13,3,10,8,5,3
S01012822,169,158,50,108,11,3,8,4,4,0,4,0,0,0,17,17,0,17,0,0,0,4,3,1,2,1,0,1,37,36,17,19,1,0,1,23,20,4,16,3,0,3,37,33,8,25,4,2,2,36,36,17,19,0,0,0,11,9,3,6,2,1,1
S01012823,493,447,115,332,46,14,32,6,6,0,6,0,0,0,42,42,6,36,0,0,0,47,40,2,38,7,2,5,100,90,41,49,10,5,5,54,41,6,35,13,4,9,83,75,16,59,8,2,6,144,139,37,102,5,1,4,17,14,7,7,3,0,3
S01012824,346,316,72,244,30,8,22,5,5,0,5,0,0,0,31,30,0,30,1,0,1,27,25,0,25,2,0,2,73,64,26,38,9,1,8,28,21,3,18,7,4,3,57,51,9,42,6,1,5,102,99,29,70,3,1,2,23,21,5,16,2,1,1
S01012825,212,202,43,159,10,0,10,7,7,0,7,0,0,0,21,21,2,19,0,0,0,25,22,2,20,3,0,3,42,42,12,30,0,0,0,14,9,3,6,5,0,5,33,32,4,28,1,0,1,58,58,16,42,0,0,0,12,11,4,7,1,0,1
S01012826,222,206,82,124,16,4,12,11,11,0,11,0,0,0,23,22,11,11,1,0,1,20,18,1,17,2,0,2,50,48,28,20,2,0,2,15,10,3,7,5,1,4,33,32,10,22,1,1,0,60,58,24,34,2,0,2,10,7,5,2,3,2,1
S01012827,384,347,76,271,37,9,28,22,20,1,19,2,0,2,31,29,3,26,2,0,2,39,29,2,27,10,1,9,67,59,17,42,8,2,6,35,33,5,28,2,1,1,73,71,19,52,2,0,2,98,93,26,67,5,3,2,19,13,3,10,6,2,4
S01012828,388,354,56,298,34,13,21,11,10,1,9,1,0,1,32,29,1,28,3,0,3,43,31,4,27,12,3,9,53,50,16,34,3,3,0,37,32,5,27,5,1,4,66,65,3,62,1,0,1,122,118,20,98,4,1,3,24,19,6,13,5,5,0
S01012829,336,305,94,211,31,12,19,8,8,2,6,0,0,0,27,26,2,24,1,0,1,38,28,1,27,10,3,7,86,84,41,43,2,1,1,31,21,4,17,10,5,5,51,47,9,38,4,2,2,73,72,27,45,1,1,0,22,19,8,11,3,0,3
S01012830,301,261,69,192,40,11,29,7,7,0,7,0,0,0,31,28,1,27,3,1,2,36,25,2,23,11,2,9,67,57,22,35,10,3,7,22,20,4,16,2,0,2,45,40,12,28,5,0,5,77,71,21,50,6,3,3,16,13,7,6,3,2,1
S01012831,234,211,55,156,23,6,17,8,8,1,7,0,0,0,12,11,0,11,1,0,1,34,26,0,26,8,2,6,42,37,18,19,5,1,4,24,19,6,13,5,0,5,42,40,10,30,2,1,1,61,60,14,46,1,1,0,11,10,6,4,1,1,0
S01012832,259,227,64,163,32,15,17,5,5,1,4,0,0,0,28,26,3,23,2,1,1,18,16,1,15,2,0,2,56,50,22,28,6,2,4,18,14,1,13,4,1,3,43,36,7,29,7,3,4,77,68,22,46,9,6,3,14,12,7,5,2,2,0
S01012833,260,247,78,169,13,5,8,4,4,1,3,0,0,0,20,20,0,20,0,0,0,28,24,2,22,4,1,3,65,64,32,32,1,0,1,17,14,1,13,3,1,2,38,37,7,30,1,1,0,71,70,27,43,1,1,0,17,14,8,6,3,1,2
S01012834,284,246,67,179,38,10,28,3,3,0,3,0,0,0,31,29,5,24,2,1,1,18,11,1,10,7,2,5,66,62,26,36,4,0,4,33,25,4,21,8,0,8,46,40,8,32,6,2,4,68,66,20,46,2,2,0,19,10,3,7,9,3,6
S01012835,394,355,65,290,39,10,29,9,9,0,9,0,0,0,42,38,3,35,4,1,3,32,27,0,27,5,1,4,67,66,26,40,1,0,1,35,21,1,20,14,3,11,69,64,8,56,5,1,4,126,121,25,96,5,3,2,14,9,2,7,5,1,4
S01012836,393,339,86,253,54,5,49,12,9,0,9,3,0,3,19,17,1,16,2,0,2,46,38,4,34,8,0,8,86,66,34,32,20,2,18,30,23,1,22,7,0,7,74,67,12,55,7,1,6,106,103,32,71,3,1,2,20,16,2,14,4,1,3
S01012837,256,236,78,158,20,8,12,2,2,0,2,0,0,0,25,24,6,18,1,0,1,19,15,1,14,4,0,4,73,70,33,37,3,2,1,24,19,4,15,5,1,4,41,41,9,32,0,0,0,60,58,20,38,2,2,0,12,7,5,2,5,3,2
S01012838,301,284,81,203,17,7,10,5,5,0,5,0,0,0,29,29,4,25,0,0,0,23,17,0,17,6,0,6,88,84,38,46,4,3,1,22,21,3,18,1,0,1,42,39,8,31,3,2,1,76,74,22,52,2,1,1,16,15,6,9,1,1,0
S01012839,408,359,94,265,49,15,34,12,10,1,9,2,0,2,30,29,1,28,1,1,0,32,21,1,20,11,0,11,90,85,30,55,5,2,3,37,23,0,23,14,5,9,72,61,22,39,11,5,6,123,120,35,85,3,2,1,12,10,4,6,2,0,2
S01012840,461,409,102,307,52,7,45,12,12,0,12,0,0,0,40,39,5,34,1,0,1,52,35,10,25,17,0,17,90,79,27,52,11,1,10,34,31,1,30,3,2,1,87,77,12,65,10,2,8,133,127,45,82,6,1,5,13,9,2,7,4,1,3
S01012841,338,299,73,226,39,6,33,5,4,1,3,1,0,1,28,27,3,24,1,0,1,37,30,1,29,7,0,7,59,51,21,30,8,3,5,33,23,2,21,10,1,9,58,53,12,41,5,0,5,108,105,29,76,3,0,3,10,6,4,2,4,2,2
S01012842,300,271,70,201,29,7,22,3,3,0,3,0,0,0,31,30,2,28,1,0,1,24,16,1,15,8,0,8,68,64,26,38,4,2,2,20,19,3,16,1,0,1,48,43,9,34,5,0,5,87,80,22,58,7,2,5,19,16,7,9,3,3,0
S01012843,491,419,113,306,72,16,56,7,6,1,5,1,0,1,35,35,4,31,0,0,0,29,18,2,16,11,0,11,80,66,26,40,14,3,11,39,29,8,21,10,0,10,91,78,19,59,13,1,12,179,167,42,125,12,6,6,31,20,11,9,11,6,5
S01012844,371,301,77,224,70,13,57,6,6,0,6,0,0,0,21,20,1,19,1,0,1,29,18,2,16,11,2,9,66,50,15,35,16,2,14,31,27,4,23,4,0,4,68,49,12,37,19,5,14,130,118,38,80,12,3,9,20,13,5,8,7,1,6
S01012845,331,269,75,194,62,20,42,4,4,1,3,0,0,0,24,23,2,21,1,0,1,26,17,1,16,9,0,9,56,40,21,19,16,4,12,24,17,1,16,7,1,6,72,59,13,46,13,7,6,109,97,30,67,12,4,8,16,12,6,6,4,4,0
S01012846,359,323,72,251,36,10,26,5,5,0,5,0,0,0,30,29,1,28,1,1,0,29,24,0,24,5,2,3,68,62,26,36,6,1,5,38,29,4,25,9,1,8,69,63,11,52,6,0,6,101,101,28,73,0,0,0,19,10,2,8,9,5,4
S01012847,265,232,65,167,33,8,25,3,3,0,3,0,0,0,29,27,1,26,2,0,2,31,20,1,19,11,2,9,50,43,23,20,7,2,5,16,15,1,14,1,0,1,45,39,12,27,6,3,3,76,72,24,48,4,0,4,15,13,3,10,2,1,1
S01012848,383,333,93,240,50,13,37,22,19,4,15,3,1,2,33,31,2,29,2,0,2,34,21,2,19,13,2,11,74,64,27,37,10,2,8,36,26,5,21,10,3,7,60,55,9,46,5,1,4,114,110,40,70,4,2,2,10,7,4,3,3,2,1
S01012849,351,333,82,251,18,5,13,9,9,1,8,0,0,0,29,29,1,28,0,0,0,37,29,1,28,8,2,6,68,68,24,44,0,0,0,34,31,4,27,3,0,3,68,64,16,48,4,2,2,90,87,26,61,3,1,2,16,16,9,7,0,0,0
S01012850,305,282,75,207,23,5,18,8,8,0,8,0,0,0,28,27,3,24,1,1,0,31,22,1,21,9,0,9,67,64,23,41,3,1,2,21,18,2,16,3,1,2,47,43,13,30,4,1,3,87,86,28,58,1,0,1,16,14,5,9,2,1,1
S01012851,366,327,99,228,39,11,28,4,4,0,4,0,0,0,25,19,3,16,6,0,6,33,23,3,20,10,3,7,77,73,38,35,4,0,4,37,32,4,28,5,0,5,55,48,10,38,7,3,4,121,120,38,82,1,1,0,14,8,3,5,6,4,2
S01012852,360,321,90,231,39,11,28,6,5,1,4,1,0,1,22,19,1,18,3,1,2,23,17,1,16,6,0,6,62,58,34,24,4,3,1,35,24,6,18,11,3,8,69,60,11,49,9,0,9,135,132,35,97,3,3,0,8,6,1,5,2,1,1
S01012853,382,337,107,230,45,14,31,9,9,1,8,0,0,0,26,24,2,22,2,0,2,38,31,1,30,7,2,5,72,67,30,37,5,0,5,35,22,4,18,13,3,10,48,40,12,28,8,3,5,137,131,51,80,6,4,2,17,13,6,7,4,2,2
S01012854,489,441,98,343,48,11,37,13,12,0,12,1,0,1,31,26,1,25,5,2,3,29,21,0,21,8,2,6,89,81,32,49,8,1,7,30,26,4,22,4,1,3,88,79,17,62,9,4,5,183,177,38,139,6,0,6,26,19,6,13,7,1,6
S01012855,396,359,75,284,37,8,29,8,8,1,7,0,0,0,34,32,2,30,2,0,2,25,19,1,18,6,1,5,62,55,24,31,7,1,6,28,24,1,23,4,0,4,83,80,10,70,3,0,3,136,126,32,94,10,3,7,20,15,4,11,5,3,2
S01012856,296,270,56,214,26,0,26,13,13,1,12,0,0,0,32,28,4,24,4,0,4,33,25,1,24,8,0,8,47,45,24,21,2,0,2,24,19,1,18,5,0,5,49,49,4,45,0,0,0,82,81,17,64,1,0,1,16,10,4,6,6,0,6
S01012857,306,288,58,230,18,4,14,11,10,0,10,1,1,0,24,21,0,21,3,0,3,25,20,0,20,5,1,4,60,58,15,43,2,0,2,33,27,1,26,6,1,5,53,52,10,42,1,1,0,89,89,30,59,0,0,0,11,11,2,9,0,0,0
S01012858,335,309,68,241,26,6,20,7,6,3,3,1,0,1,27,24,0,24,3,0,3,25,18,0,18,7,0,7,74,70,29,41,4,1,3,33,27,3,24,6,2,4,58,58,4,54,0,0,0,95,95,25,70,0,0,0,16,11,4,7,5,3,2
S01012859,501,443,93,350,58,5,53,10,10,0,10,0,0,0,38,36,1,35,2,0,2,53,35,2,33,18,1,17,117,106,37,69,11,2,9,43,33,3,30,10,2,8,75,71,6,65,4,0,4,133,128,36,92,5,0,5,32,24,8,16,8,0,8
S01012860,380,330,97,233,50,16,34,7,7,3,4,0,0,0,19,17,3,14,2,0,2,42,29,3,26,13,0,13,81,74,35,39,7,1,6,34,26,3,23,8,3,5,46,38,11,27,8,3,5,138,131,33,98,7,5,2,13,8,6,2,5,4,1
S01012861,375,327,78,249,48,10,38,9,9,0,9,0,0,0,21,21,0,21,0,0,0,34,21,1,20,13,4,9,70,60,26,34,10,2,8,34,22,4,18,12,1,11,66,62,15,47,4,0,4,124,118,26,92,6,2,4,17,14,6,8,3,1,2
S01012862,241,225,56,169,16,3,13,1,1,0,1,0,0,0,21,20,2,18,1,0,1,24,21,0,21,3,0,3,60,57,30,27,3,1,2,21,17,2,15,4,0,4,35,33,5,28,2,0,2,68,67,13,54,1,1,0,11,9,4,5,2,1,1
S01012863,290,280,63,217,10,1,9,4,4,0,4,0,0,0,19,19,2,17,0,0,0,17,10,0,10,7,1,6,74,74,28,46,0,0,0,24,24,3,21,0,0,0,56,56,11,45,0,0,0,80,78,15,63,2,0,2,16,15,4,11,1,0,1
S01012864,347,319,76,243,28,4,24,5,5,1,4,0,0,0,18,17,1,16,1,0,1,46,33,2,31,13,2,11,73,71,29,42,2,0,2,29,25,4,21,4,1,3,61,58,8,50,3,0,3,88,85,20,65,3,0,3,27,25,11,14,2,1,1
S01012865,325,290,82,208,35,9,26,5,5,0,5,0,0,0,26,25,3,22,1,0,1,23,13,2,11,10,1,9,59,57,30,27,2,1,1,35,25,5,20,10,4,6,60,51,12,39,9,2,7,100,97,25,72,3,1,2,17,17,5,12,0,0,0
S01012866,367,339,92,247,28,6,22,11,11,2,9,0,0,0,30,29,4,25,1,0,1,38,31,3,28,7,1,6,69,65,30,35,4,0,4,27,21,3,18,6,2,4,62,59,11,48,3,1,2,112,108,34,74,4,1,3,18,15,5,10,3,1,2
S01012867,260,245,60,185,15,5,10,7,7,0,7,0,0,0,24,24,3,21,0,0,0,31,26,3,23,5,2,3,54,53,18,35,1,0,1,19,16,2,14,3,0,3,27,24,7,17,3,3,0,87,85,25,60,2,0,2,11,10,2,8,1,0,1
S01012868,251,232,63,169,19,2,17,7,7,0,7,0,0,0,21,19,3,16,2,0,2,23,18,1,17,5,0,5,69,66,27,39,3,0,3,18,16,2,14,2,1,1,22,20,4,16,2,0,2,78,75,20,55,3,1,2,13,11,6,5,2,0,2
S01012869,195,185,64,121,10,3,7,4,3,1,2,1,0,1,8,8,1,7,0,0,0,19,15,1,14,4,0,4,71,68,33,35,3,2,1,16,15,2,13,1,0,1,31,30,9,21,1,1,0,39,39,12,27,0,0,0,7,7,5,2,0,0,0
S01012870,444,396,112,284,48,12,36,16,16,1,15,0,0,0,28,27,1,26,1,0,1,45,29,1,28,16,3,13,90,86,39,47,4,1,3,44,31,5,26,13,1,12,61,54,15,39,7,2,5,140,137,43,94,3,2,1,20,16,7,9,4,3,1
S01012871,394,352,98,254,42,9,33,10,10,2,8,0,0,0,22,19,0,19,3,1,2,36,27,5,22,9,2,7,70,68,28,40,2,0,2,40,27,6,21,13,1,12,61,57,14,43,4,1,3,130,126,37,89,4,2,2,25,18,6,12,7,2,5
S01012872,380,353,99,254,27,5,22,12,12,1,11,0,0,0,21,21,4,17,0,0,0,38,27,1,26,11,2,9,93,90,34,56,3,1,2,27,21,2,19,6,0,6,67,63,16,47,4,2,2,110,107,37,70,3,0,3,12,12,4,8,0,0,0
S01012873,434,398,110,288,36,6,30,12,10,0,10,2,1,1,19,17,1,16,2,0,2,47,38,3,35,9,0,9,76,73,38,35,3,0,3,48,40,5,35,8,3,5,80,78,18,60,2,1,1,129,125,40,85,4,0,4,23,17,5,12,6,1,5
S01012874,327,297,88,209,30,5,25,7,7,2,5,0,0,0,21,20,2,18,1,0,1,22,19,3,16,3,0,3,76,74,36,38,2,0,2,34,24,2,22,10,0,10,42,38,7,31,4,1,3,100,95,34,61,5,4,1,25,20,2,18,5,0,5
S01012875,270,244,52,192,26,5,21,8,7,0,7,1,0,1,22,22,1,21,0,0,0,25,17,0,17,8,2,6,76,73,24,49,3,1,2,24,20,3,17,4,0,4,36,30,8,22,6,1,5,66,66,14,52,0,0,0,13,9,2,7,4,1,3
S01012876,316,295,93,202,21,5,16,6,6,1,5,0,0,0,28,28,4,24,0,0,0,30,20,0,20,10,1,9,79,76,37,39,3,0,3,19,15,2,13,4,2,2,32,30,5,25,2,1,1,96,94,33,61,2,1,1,26,26,11,15,0,0,0
S01012877,318,295,90,205,23,10,13,8,8,0,8,0,0,0,18,17,2,15,1,0,1,35,30,2,28,5,1,4,74,68,30,38,6,2,4,31,24,4,20,7,3,4,43,40,11,29,3,3,0,95,95,38,57,0,0,0,14,13,3,10,1,1,0
S01012878,522,458,127,331,64,15,49,12,12,1,11,0,0,0,41,36,3,33,5,2,3,54,39,2,37,15,2,13,97,86,45,41,11,2,9,48,40,6,34,8,0,8,103,89,20,69,14,1,13,151,144,44,100,7,6,1,16,12,6,6,4,2,2
S01012879,354,318,79,239,36,11,25,11,10,0,10,1,1,0,21,20,0,20,1,1,0,27,22,0,22,5,0,5,63,54,22,32,9,5,4,25,23,3,20,2,0,2,66,54,12,42,12,1,11,126,121,36,85,5,2,3,15,14,6,8,1,1,0
S01012880,443,383,116,267,60,17,43,9,9,0,9,0,0,0,31,27,3,24,4,1,3,28,21,2,19,7,2,5,69,65,37,28,4,1,3,33,28,2,26,5,1,4,96,73,29,44,23,6,17,152,139,32,107,13,6,7,25,21,11,10,4,0,4
S01012881,380,323,87,236,57,17,40,3,3,0,3,0,0,0,25,23,1,22,2,0,2,23,12,0,12,11,1,10,75,66,33,33,9,1,8,28,22,2,20,6,3,3,67,53,12,41,14,4,10,139,128,29,99,11,5,6,20,16,10,6,4,3,1
S01012882,252,230,84,146,22,10,12,3,3,1,2,0,0,0,23,22,2,20,1,0,1,28,25,1,24,3,0,3,70,68,37,31,2,0,2,23,18,5,13,5,2,3,32,27,11,16,5,3,2,58,56,23,33,2,2,0,15,11,4,7,4,3,1
S01012883,185,164,47,117,21,13,8,4,4,1,3,0,0,0,11,10,1,9,1,1,0,17,10,0,10,7,2,5,38,38,11,27,0,0,0,21,18,5,13,3,2,1,30,23,10,13,7,5,2,50,49,13,36,1,1,0,14,12,6,6,2,2,0
S01012884,199,172,47,125,27,7,20,3,2,0,2,1,0,1,9,8,0,8,1,0,1,20,13,0,13,7,1,6,34,32,18,14,2,1,1,17,13,1,12,4,0,4,39,34,5,29,5,2,3,63,60,20,40,3,1,2,14,10,3,7,4,2,2
S01012885,195,178,44,134,17,7,10,5,5,0,5,0,0,0,21,20,1,19,1,0,1,21,17,2,15,4,0,4,56,53,23,30,3,2,1,11,9,2,7,2,1,1,27,25,3,22,2,2,0,47,45,12,33,2,1,1,7,4,1,3,3,1,2
S01012886,390,345,92,253,45,15,30,10,9,2,7,1,0,1,25,25,2,23,0,0,0,27,21,2,19,6,1,5,59,50,23,27,9,1,8,25,19,1,18,6,1,5,89,78,14,64,11,3,8,135,131,42,89,4,3,1,20,12,6,6,8,6,2
S01012887,358,322,80,242,36,9,27,10,9,0,9,1,0,1,15,15,3,12,0,0,0,29,20,2,18,9,1,8,58,56,26,30,2,1,1,32,29,4,25,3,1,2,81,67,19,48,14,5,9,124,117,22,95,7,1,6,9,9,4,5,0,0,0
S01012888,374,316,85,231,58,17,41,6,4,2,2,2,1,1,22,20,1,19,2,0,2,35,23,1,22,12,3,9,50,44,28,16,6,3,3,27,21,3,18,6,1,5,73,62,7,55,11,3,8,144,130,42,88,14,5,9,17,12,1,11,5,1,4
S01012889,487,430,98,332,57,12,45,13,12,2,10,1,0,1,35,33,2,31,2,0,2,39,29,2,27,10,1,9,96,81,31,50,15,3,12,40,32,5,27,8,1,7,103,89,18,71,14,4,10,147,143,36,107,4,0,4,14,11,2,9,3,3,0
S01012890,278,254,65,189,24,7,17,7,7,0,7,0,0,0,19,18,2,16,1,0,1,23,19,1,18,4,0,4,73,68,25,43,5,1,4,23,18,2,16,5,1,4,31,27,6,21,4,1,3,82,80,27,53,2,2,0,20,17,2,15,3,2,1
S01012891,243,210,58,152,33,11,22,5,5,1,4,0,0,0,17,17,3,14,0,0,0,31,19,3,16,12,3,9,54,48,17,31,6,2,4,19,17,3,14,2,1,1,32,29,9,20,3,1,2,74,68,21,47,6,3,3,11,7,1,6,4,1,3
S01012892,440,409,113,296,31,8,23,16,13,0,13,3,1,2,34,34,3,31,0,0,0,36,28,2,26,8,1,7,121,116,55,61,5,2,3,31,25,2,23,6,0,6,64,59,13,46,5,1,4,117,117,28,89,0,0,0,21,17,10,7,4,3,1
S01012893,287,273,90,183,14,5,9,2,2,0,2,0,0,0,19,19,2,17,0,0,0,21,16,2,14,5,0,5,79,78,32,46,1,1,0,36,30,6,24,6,4,2,33,33,7,26,0,0,0,80,80,31,49,0,0,0,17,15,10,5,2,0,2
S01012894,418,364,108,256,54,11,43,12,9,3,6,3,0,3,35,30,0,30,5,0,5,49,33,3,30,16,2,14,99,91,39,52,8,2,6,31,27,7,20,4,0,4,71,65,15,50,6,2,4,109,102,38,64,7,4,3,12,7,3,4,5,1,4
S01012895,305,256,71,185,49,5,44,27,12,1,11,15,1,14,22,19,3,16,3,0,3,29,19,3,16,10,0,10,50,46,17,29,4,0,4,26,22,0,22,4,1,3,41,35,10,25,6,1,5,95,91,33,58,4,1,3,15,12,4,8,3,1,2
S01012896,367,332,90,242,35,13,22,5,5,1,4,0,0,0,45,41,1,40,4,1,3,14,9,1,8,5,1,4,66,64,33,31,2,0,2,39,27,2,25,12,5,7,56,53,9,44,3,2,1,124,121,37,84,3,1,2,18,12,6,6,6,3,3
S01012897,337,297,71,226,40,10,30,14,13,1,12,1,0,1,26,25,1,24,1,0,1,27,19,0,19,8,1,7,77,72,25,47,5,1,4,24,18,3,15,6,2,4,53,44,14,30,9,2,7,100,96,25,71,4,3,1,16,10,2,8,6,1,5
S01012898,333,295,71,224,38,10,28,11,11,3,8,0,0,0,34,31,2,29,3,1,2,24,16,1,15,8,3,5,72,66,27,39,6,1,5,28,27,4,23,1,0,1,68,56,10,46,12,3,9,80,75,19,56,5,2,3,16,13,5,8,3,0,3
S01012899,242,224,65,159,18,6,12,16,16,6,10,0,0,0,21,21,0,21,0,0,0,20,14,0,14,6,3,3,59,58,24,34,1,0,1,20,15,2,13,5,1,4,31,30,7,23,1,0,1,66,62,25,37,4,2,2,9,8,1,7,1,0,1
S01012900,303,249,68,181,54,12,42,14,4,0,4,10,2,8,24,20,0,20,4,0,4,34,28,4,24,6,0,6,64,52,22,30,12,1,11,23,21,5,16,2,1,1,52,43,12,31,9,3,6,77,72,21,51,5,1,4,15,9,4,5,6,4,2
S01012901,341,307,72,235,34,13,21,8,8,2,6,0,0,0,29,27,2,25,2,0,2,18,12,0,12,6,2,4,88,87,27,60,1,0,1,25,17,1,16,8,4,4,49,43,8,35,6,3,3,103,99,26,73,4,1,3,21,14,6,8,7,3,4
S01012902,380,345,75,270,35,6,29,6,6,1,5,0,0,0,43,40,1,39,3,1,2,19,14,3,11,5,0,5,77,73,29,44,4,1,3,44,34,6,28,10,0,10,66,60,11,49,6,2,4,106,102,21,81,4,1,3,19,16,3,13,3,1,2
S01012903,399,367,97,270,32,8,24,9,9,1,8,0,0,0,37,36,1,35,1,1,0,27,18,0,18,9,2,7,105,101,47,54,4,0,4,41,32,4,28,9,1,8,38,38,8,30,0,0,0,124,118,31,87,6,2,4,18,15,5,10,3,2,1
S01012904,373,337,90,247,36,14,22,11,11,1,10,0,0,0,33,32,2,30,1,0,1,29,22,2,20,7,3,4,83,77,29,48,6,2,4,28,21,4,17,7,2,5,45,44,15,29,1,1,0,121,118,33,85,3,3,0,23,12,4,8,11,3,8
S01012905,291,267,76,191,24,10,14,11,11,1,10,0,0,0,31,29,3,26,2,1,1,16,14,2,12,2,0,2,79,75,38,37,4,2,2,27,22,6,16,5,1,4,37,33,8,25,4,3,1,78,76,15,61,2,1,1,12,7,3,4,5,2,3
S01012906,496,456,97,359,40,5,35,9,9,0,9,0,0,0,73,69,3,66,4,0,4,36,24,1,23,12,0,12,96,90,38,52,6,0,6,36,27,4,23,9,1,8,75,70,11,59,5,1,4,146,146,32,114,0,0,0,25,21,8,13,4,3,1
S01012907,392,360,86,274,32,8,24,7,6,0,6,1,0,1,49,48,0,48,1,0,1,29,23,1,22,6,2,4,90,86,36,50,4,1,3,37,29,2,27,8,1,7,43,40,11,29,3,0,3,112,109,29,80,3,1,2,25,19,7,12,6,3,3
S01012908,298,278,82,196,20,6,14,3,3,0,3,0,0,0,29,25,1,24,4,1,3,23,18,1,17,5,1,4,81,80,34,46,1,0,1,19,16,3,13,3,0,3,33,31,10,21,2,2,0,98,96,28,68,2,1,1,12,9,5,4,3,1,2
S01012909,262,246,52,194,16,2,14,7,7,0,7,0,0,0,26,25,0,25,1,0,1,19,14,2,12,5,0,5,53,51,16,35,2,0,2,28,27,3,24,1,0,1,42,41,9,32,1,0,1,79,77,22,55,2,0,2,8,4,0,4,4,2,2
S01012910,364,324,86,238,40,10,30,4,4,1,3,0,0,0,38,37,3,34,1,0,1,22,9,1,8,13,2,11,85,77,29,48,8,3,5,32,27,7,20,5,0,5,55,51,10,41,4,1,3,112,109,30,79,3,1,2,16,10,5,5,6,3,3
S01012911,342,315,96,219,27,4,23,3,3,0,3,0,0,0,36,35,0,35,1,0,1,20,17,2,15,3,1,2,57,53,35,18,4,0,4,29,23,3,20,6,1,5,56,49,6,43,7,1,6,119,114,41,73,5,1,4,22,21,9,12,1,0,1
S01012912,288,263,69,194,25,6,19,7,7,1,6,0,0,0,32,29,4,25,3,0,3,23,15,0,15,8,1,7,70,69,30,39,1,0,1,16,11,1,10,5,0,5,30,26,4,22,4,2,2,97,95,25,70,2,2,0,13,11,4,7,2,1,1
S01012913,405,376,107,269,29,7,22,5,5,1,4,0,0,0,51,50,2,48,1,1,0,45,38,1,37,7,1,6,71,67,30,37,4,1,3,26,23,5,18,3,0,3,56,50,15,35,6,2,4,133,125,43,82,8,2,6,18,18,10,8,0,0,0
S01012914,417,377,86,291,40,13,27,14,12,0,12,2,1,1,45,45,3,42,0,0,0,30,26,0,26,4,2,2,85,78,32,46,7,0,7,32,28,5,23,4,0,4,64,56,13,43,8,3,5,128,121,28,93,7,5,2,19,11,5,6,8,2,6
S01012915,556,507,130,377,49,18,31,13,13,1,12,0,0,0,60,59,6,53,1,1,0,42,31,1,30,11,1,10,125,114,39,75,11,4,7,33,25,4,21,8,4,4,85,77,21,56,8,2,6,172,167,50,117,5,2,3,26,21,8,13,5,4,1
S01012916,300,278,75,203,22,3,19,6,5,1,4,1,0,1,32,31,1,30,1,0,1,24,17,1,16,7,2,5,66,61,29,32,5,0,5,23,19,2,17,4,0,4,41,39,9,30,2,0,2,98,96,29,67,2,1,1,10,10,3,7,0,0,0
S01012917,374,327,114,213,47,15,32,10,10,2,8,0,0,0,39,33,4,29,6,1,5,37,24,2,22,13,3,10,70,64,33,31,6,1,5,23,18,4,14,5,1,4,59,47,16,31,12,6,6,119,117,48,69,2,1,1,17,14,5,9,3,2,1
S01012918,259,241,71,170,18,7,11,5,5,0,5,0,0,0,22,20,1,19,2,1,1,24,21,0,21,3,0,3,50,50,17,33,0,0,0,26,20,3,17,6,0,6,30,28,8,20,2,2,0,90,87,40,47,3,3,0,12,10,2,8,2,1,1
S01012919,202,187,50,137,15,5,10,4,4,1,3,0,0,0,29,29,4,25,0,0,0,12,9,1,8,3,1,2,33,32,12,20,1,0,1,19,15,2,13,4,2,2,31,29,6,23,2,2,0,64,62,20,42,2,0,2,10,7,4,3,3,0,3
S01012920,263,220,56,164,43,13,30,3,2,0,2,1,0,1,23,19,0,19,4,0,4,12,8,1,7,4,0,4,59,49,21,28,10,3,7,17,11,2,9,6,1,5,32,23,2,21,9,5,4,106,100,26,74,6,4,2,11,8,4,4,3,0,3
S01012921,336,316,95,221,20,10,10,6,4,0,4,2,1,1,46,45,3,42,1,1,0,26,20,4,16,6,1,5,67,67,33,34,0,0,0,23,20,2,18,3,0,3,51,45,14,31,6,5,1,99,97,29,68,2,2,0,18,18,10,8,0,0,0
S01012922,499,467,141,326,32,2,30,11,10,1,9,1,0,1,49,49,5,44,0,0,0,37,27,2,25,10,0,10,97,93,45,48,4,0,4,45,41,5,36,4,0,4,74,68,17,51,6,0,6,160,157,59,98,3,1,2,26,22,7,15,4,1,3
S01012923,368,335,105,230,33,10,23,6,5,0,5,1,0,1,47,47,4,43,0,0,0,27,21,3,18,6,0,6,71,66,36,30,5,2,3,25,19,3,16,6,2,4,47,44,9,35,3,1,2,124,119,42,77,5,0,5,21,14,8,6,7,5,2
S01012924,268,236,63,173,32,13,19,4,4,0,4,0,0,0,31,30,3,27,1,0,1,19,11,0,11,8,1,7,64,55,22,33,9,7,2,25,20,2,18,5,1,4,29,27,8,19,2,0,2,83,79,21,58,4,2,2,13,10,7,3,3,2,1
S01012925,258,235,67,168,23,7,16,7,7,1,6,0,0,0,20,20,1,19,0,0,0,20,14,0,14,6,0,6,50,46,17,29,4,0,4,16,13,3,10,3,1,2,39,35,9,26,4,2,2,99,94,32,62,5,3,2,7,6,4,2,1,1,0
S01012926,387,343,89,254,44,14,30,10,9,1,8,1,0,1,54,51,5,46,3,1,2,28,20,1,19,8,1,7,68,63,30,33,5,0,5,31,21,5,16,10,3,7,52,42,3,39,10,6,4,121,119,34,85,2,0,2,23,18,10,8,5,3,2
S01012927,376,340,97,243,36,8,28,8,8,0,8,0,0,0,48,46,2,44,2,0,2,32,23,2,21,9,0,9,83,78,36,42,5,0,5,24,19,2,17,5,2,3,46,40,15,25,6,3,3,123,116,35,81,7,3,4,12,10,5,5,2,0,2
S01012928,408,371,124,247,37,10,27,14,12,1,11,2,0,2,48,44,7,37,4,1,3,26,22,3,19,4,0,4,83,76,41,35,7,3,4,35,29,7,22,6,0,6,56,48,10,38,8,2,6,124,119,46,73,5,4,1,22,21,9,12,1,0,1
S01012929,347,324,113,211,23,7,16,17,17,6,11,0,0,0,32,31,4,27,1,0,1,22,14,0,14,8,2,6,78,75,34,41,3,2,1,30,24,4,20,6,0,6,36,33,8,25,3,1,2,113,112,47,65,1,1,0,19,18,10,8,1,1,0
S01012930,376,333,70,263,43,13,30,2,2,0,2,0,0,0,35,33,0,33,2,0,2,22,12,1,11,10,2,8,86,74,25,49,12,4,8,31,25,6,19,6,1,5,62,57,10,47,5,2,3,117,116,23,93,1,1,0,21,14,5,9,7,3,4
S01012931,416,380,106,274,36,12,24,7,7,1,6,0,0,0,33,31,1,30,2,0,2,36,32,1,31,4,2,2,96,88,40,48,8,2,6,27,22,3,19,5,0,5,61,53,15,38,8,4,4,131,127,38,89,4,3,1,25,20,7,13,5,1,4
S01012932,263,217,69,148,46,11,35,7,7,0,7,0,0,0,23,18,1,17,5,1,4,23,15,0,15,8,1,7,44,37,21,16,7,2,5,32,19,5,14,13,2,11,45,36,10,26,9,2,7,80,79,31,48,1,1,0,9,6,1,5,3,2,1
S01012933,397,363,91,272,34,8,26,6,5,0,5,1,1,0,38,37,2,35,1,0,1,33,23,1,22,10,1,9,82,81,28,53,1,0,1,34,27,4,23,7,1,6,59,51,18,33,8,3,5,122,120,35,85,2,0,2,23,19,3,16,4,2,2
S01012934,295,260,66,194,35,12,23,8,8,2,6,0,0,0,22,19,1,18,3,0,3,23,19,1,18,4,1,3,65,58,23,35,7,2,5,22,20,3,17,2,0,2,43,37,9,28,6,4,2,97,88,25,63,9,4,5,15,11,2,9,4,1,3
S01012935,425,394,136,258,31,9,22,5,5,0,5,0,0,0,44,41,3,38,3,1,2,26,20,1,19,6,1,5,89,86,48,38,3,0,3,40,32,2,30,8,0,8,56,50,14,36,6,3,3,150,147,61,86,3,3,0,15,13,7,6,2,1,1
S01012936,356,318,81,237,38,13,25,9,9,1,8,0,0,0,35,34,1,33,1,0,1,34,25,1,24,9,4,5,73,68,31,37,5,1,4,31,22,5,17,9,2,7,52,45,9,36,7,3,4,108,103,28,75,5,2,3,14,12,5,7,2,1,1
S01012937,346,323,85,238,23,9,14,7,6,1,5,1,0,1,40,39,4,35,1,1,0,27,21,1,20,6,2,4,68,65,28,37,3,1,2,30,28,4,24,2,1,1,48,43,13,30,5,0,5,102,100,26,74,2,2,0,24,21,8,13,3,2,1
S01012938,319,275,82,193,44,8,36,5,5,1,4,0,0,0,27,23,1,22,4,1,3,20,13,0,13,7,0,7,63,55,33,22,8,3,5,32,30,2,28,2,0,2,48,38,10,28,10,0,10,110,101,32,69,9,2,7,14,10,3,7,4,2,2
S01012939,341,304,100,204,37,12,25,8,7,0,7,1,0,1,32,30,4,26,2,1,1,28,17,0,17,11,1,10,75,70,42,28,5,1,4,28,24,2,22,4,2,2,65,60,14,46,5,2,3,97,90,35,55,7,5,2,8,6,3,3,2,0,2
S01012940,421,360,101,259,61,17,44,5,4,0,4,1,0,1,34,33,4,29,1,0,1,37,22,3,19,15,4,11,82,69,37,32,13,4,9,23,19,2,17,4,1,3,67,56,10,46,11,1,10,161,147,42,105,14,6,8,12,10,3,7,2,1,1
S01012941,440,382,102,280,58,17,41,16,15,1,14,1,0,1,32,30,0,30,2,1,1,24,18,2,16,6,0,6,79,70,32,38,9,3,6,29,24,2,22,5,1,4,94,75,15,60,19,4,15,145,137,45,92,8,4,4,21,13,5,8,8,4,4
S01012942,346,324,89,235,22,7,15,9,8,0,8,1,0,1,41,39,2,37,2,1,1,23,18,1,17,5,0,5,89,88,48,40,1,1,0,20,17,0,17,3,0,3,49,46,11,35,3,2,1,99,95,24,71,4,2,2,16,13,3,10,3,1,2
S01012943,391,359,104,255,32,12,20,5,4,0,4,1,0,1,41,39,0,39,2,0,2,19,13,0,13,6,2,4,100,91,41,50,9,3,6,24,23,5,18,1,1,0,47,42,10,32,5,2,3,142,139,44,95,3,1,2,13,8,4,4,5,3,2
S01012944,250,222,64,158,28,9,19,2,2,0,2,0,0,0,27,26,2,24,1,0,1,17,11,0,11,6,1,5,40,36,15,21,4,0,4,7,5,1,4,2,0,2,48,41,10,31,7,3,4,96,93,33,60,3,2,1,13,8,3,5,5,3,2
S01012945,402,346,94,252,56,15,41,15,11,1,10,4,2,2,41,38,2,36,3,2,1,26,17,1,16,9,1,8,86,74,36,38,12,3,9,25,20,3,17,5,1,4,81,68,12,56,13,1,12,119,112,37,75,7,3,4,9,6,2,4,3,2,1
S01012946,501,450,114,336,51,16,35,6,5,1,4,1,1,0,54,52,4,48,2,0,2,37,30,2,28,7,0,7,110,99,36,63,11,2,9,38,29,3,26,9,3,6,75,64,14,50,11,4,7,160,155,48,107,5,3,2,21,16,6,10,5,3,2
S01012947,261,212,66,146,49,16,33,5,5,0,5,0,0,0,24,21,1,20,3,1,2,19,16,3,13,3,1,2,69,51,27,24,18,7,11,19,15,1,14,4,1,3,47,36,14,22,11,3,8,72,63,17,46,9,3,6,6,5,3,2,1,0,1
S01012948,402,352,122,230,50,16,34,10,9,0,9,1,0,1,38,37,2,35,1,0,1,31,17,0,17,14,2,12,82,78,49,29,4,1,3,36,24,2,22,12,3,9,48,43,14,29,5,4,1,140,133,50,83,7,4,3,17,11,5,6,6,2,4
S01012949,408,361,103,258,47,10,37,9,8,0,8,1,1,0,44,39,1,38,5,1,4,33,27,1,26,6,2,4,81,75,35,40,6,0,6,32,21,4,17,11,0,11,61,52,15,37,9,1,8,130,124,40,84,6,3,3,18,15,7,8,3,2,1
S01012950,517,460,136,324,57,12,45,12,11,4,7,1,0,1,51,46,2,44,5,2,3,36,30,4,26,6,0,6,91,83,44,39,8,1,7,40,35,5,30,5,0,5,91,78,20,58,13,1,12,178,162,51,111,16,6,10,18,15,6,9,3,2,1
S01012951,543,471,111,360,72,15,57,15,15,2,13,0,0,0,48,42,6,36,6,1,5,48,37,2,35,11,1,10,97,86,38,48,11,2,9,42,32,6,26,10,1,9,115,98,14,84,17,1,16,154,143,33,110,11,5,6,24,18,10,8,6,4,2
S01012952,290,186,51,135,104,23,81,12,4,0,4,8,1,7,25,22,5,17,3,0,3,29,17,4,13,12,1,11,84,53,19,34,31,7,24,15,9,2,7,6,1,5,60,33,9,24,27,6,21,53,40,11,29,13,6,7,12,8,1,7,4,1,3
S01012953,401,367,105,262,34,8,26,12,12,2,10,0,0,0,31,29,2,27,2,1,1,31,22,1,21,9,1,8,74,67,29,38,7,0,7,36,31,6,25,5,0,5,62,59,17,42,3,2,1,136,133,41,92,3,0,3,19,14,7,7,5,4,1
S01012954,285,259,74,185,26,9,17,9,9,1,8,0,0,0,39,37,2,35,2,1,1,19,12,1,11,7,1,6,53,51,24,27,2,1,1,22,16,4,12,6,0,6,32,29,6,23,3,1,2,98,96,32,64,2,1,1,13,9,4,5,4,4,0
S01012955,502,454,107,347,48,5,43,17,17,1,16,0,0,0,48,46,3,43,2,1,1,46,39,3,36,7,0,7,79,66,34,32,13,1,12,36,28,7,21,8,1,7,96,82,15,67,14,1,13,166,165,40,125,1,0,1,14,11,4,7,3,1,2
S01012956,390,356,116,240,34,15,19,10,10,2,8,0,0,0,41,37,4,33,4,2,2,30,23,3,20,7,0,7,90,88,47,41,2,1,1,27,22,4,18,5,0,5,66,60,15,45,6,5,1,105,99,34,65,6,4,2,21,17,7,10,4,3,1
S01012957,306,277,74,203,29,5,24,6,6,0,6,0,0,0,34,33,1,32,1,0,1,25,17,1,16,8,2,6,65,62,25,37,3,0,3,33,25,4,21,8,1,7,44,39,8,31,5,1,4,89,87,30,57,2,0,2,10,8,5,3,2,1,1
S01012958,294,263,71,192,31,9,22,10,10,0,10,0,0,0,24,24,3,21,0,0,0,21,10,0,10,11,2,9,66,61,25,36,5,2,3,27,22,2,20,5,1,4,33,28,5,23,5,1,4,100,97,33,64,3,1,2,13,11,3,8,2,2,0
S01012959,353,320,92,228,33,5,28,7,7,2,5,0,0,0,38,36,1,35,2,1,1,22,17,3,14,5,0,5,77,72,36,36,5,1,4,31,19,3,16,12,1,11,47,41,11,30,6,1,5,118,116,33,83,2,1,1,13,12,3,9,1,0,1
S01012960,310,283,89,194,27,7,20,6,5,1,4,1,0,1,24,24,0,24,0,0,0,15,13,1,12,2,0,2,81,69,38,31,12,2,10,21,17,1,16,4,2,2,54,49,10,39,5,2,3,98,95,35,60,3,1,2,11,11,3,8,0,0,0
S01012961,300,260,75,185,40,11,29,12,11,1,10,1,0,1,27,25,0,25,2,0,2,21,14,2,12,7,2,5,85,74,34,40,11,3,8,23,16,2,14,7,1,6,32,28,7,21,4,1,3,93,86,27,59,7,4,3,7,6,2,4,1,0,1
S01012962,375,339,111,228,36,7,29,6,6,2,4,0,0,0,34,32,0,32,2,0,2,33,25,2,23,8,2,6,75,69,37,32,6,1,5,26,21,3,18,5,0,5,63,57,12,45,6,2,4,122,115,48,67,7,1,6,16,14,7,7,2,1,1
S01012963,464,416,118,298,48,13,35,14,12,2,10,2,0,2,45,45,6,39,0,0,0,26,20,1,19,6,0,6,86,75,34,41,11,3,8,42,37,4,33,5,0,5,81,71,12,59,10,4,6,146,139,53,86,7,4,3,24,17,6,11,7,2,5
S01012964,365,322,90,232,43,8,35,13,13,3,10,0,0,0,32,30,2,28,2,0,2,38,30,2,28,8,0,8,79,69,37,32,10,2,8,33,25,5,20,8,0,8,53,47,6,41,6,2,4,107,102,34,68,5,1,4,10,6,1,5,4,3,1
S01012965,324,295,78,217,29,9,20,8,7,1,6,1,0,1,32,31,2,29,1,1,0,29,23,6,17,6,1,5,82,75,27,48,7,1,6,25,23,2,21,2,0,2,47,39,7,32,8,3,5,87,86,29,57,1,1,0,14,11,4,7,3,2,1
S01012966,395,350,93,257,45,16,29,14,13,2,11,1,1,0,38,37,5,32,1,0,1,37,25,1,24,12,2,10,88,82,40,42,6,3,3,34,27,2,25,7,3,4,50,41,7,34,9,4,5,118,113,31,82,5,1,4,16,12,5,7,4,2,2
S01012967,263,241,67,174,22,7,15,6,6,0,6,0,0,0,25,24,1,23,1,0,1,18,16,1,15,2,1,1,70,70,37,33,0,0,0,20,16,1,15,4,1,3,43,39,11,28,4,2,2,64,55,13,42,9,2,7,17,15,3,12,2,1,1
S01012968,332,301,92,209,31,4,27,7,5,1,4,2,0,2,38,35,2,33,3,1,2,17,14,1,13,3,0,3,92,86,37,49,6,0,6,43,30,7,23,13,1,12,32,31,6,25,1,0,1,91,90,33,57,1,1,0,12,10,5,5,2,1,1
S01012969,322,296,87,209,26,7,19,8,8,1,7,0,0,0,30,29,1,28,1,0,1,23,20,0,20,3,0,3,69,64,26,38,5,3,2,34,26,2,24,8,0,8,50,48,18,30,2,1,1,96,92,33,59,4,1,3,12,9,6,3,3,2,1
S01012970,309,279,70,209,30,7,23,8,8,3,5,0,0,0,27,27,0,27,0,0,0,31,18,1,17,13,2,11,84,82,31,51,2,0,2,22,19,2,17,3,0,3,42,37,11,26,5,1,4,83,79,20,59,4,1,3,12,9,2,7,3,3,0
S01012971,376,348,107,241,28,6,22,7,7,1,6,0,0,0,35,34,2,32,1,1,0,24,20,1,19,4,0,4,102,97,41,56,5,0,5,30,24,2,22,6,0,6,63,60,23,37,3,0,3,89,87,29,58,2,0,2,26,19,8,11,7,5,2
S01012972,364,331,105,226,33,10,23,13,12,1,11,1,0,1,34,33,4,29,1,0,1,30,21,0,21,9,3,6,98,93,49,44,5,3,2,38,31,3,28,7,1,6,35,31,12,19,4,2,2,98,93,33,60,5,0,5,18,17,3,14,1,1,0
S01012973,389,364,108,256,25,5,20,15,15,1,14,0,0,0,40,38,3,35,2,1,1,24,21,2,19,3,1,2,77,72,29,43,5,1,4,36,27,3,24,9,1,8,59,56,15,41,3,1,2,119,117,47,70,2,0,2,19,18,8,10,1,0,1
S01012974,403,365,101,264,38,11,27,12,11,2,9,1,0,1,43,42,2,40,1,0,1,30,18,1,17,12,0,12,78,76,34,42,2,0,2,44,33,4,29,11,3,8,51,45,14,31,6,3,3,126,125,38,87,1,1,0,19,15,6,9,4,4,0
S01012975,268,253,66,187,15,4,11,6,6,2,4,0,0,0,35,32,1,31,3,1,2,27,24,2,22,3,0,3,63,62,23,39,1,0,1,28,25,2,23,3,0,3,36,35,9,26,1,0,1,64,64,24,40,0,0,0,9,5,3,2,4,3,1
S01012976,238,222,67,155,16,1,15,3,2,0,2,1,0,1,24,24,0,24,0,0,0,15,11,0,11,4,0,4,63,60,25,35,3,0,3,22,18,6,12,4,0,4,31,30,6,24,1,0,1,66,65,24,41,1,0,1,14,12,6,6,2,1,1
S01012977,349,322,98,224,27,11,16,7,7,0,7,0,0,0,32,31,1,30,1,0,1,28,22,3,19,6,1,5,86,82,37,45,4,1,3,25,22,3,19,3,0,3,33,28,9,19,5,4,1,118,114,39,75,4,2,2,20,16,6,10,4,3,1
S01012978,372,339,100,239,33,9,24,10,10,1,9,0,0,0,32,31,1,30,1,0,1,34,22,1,21,12,2,10,85,82,31,51,3,0,3,31,23,2,21,8,0,8,38,36,11,25,2,1,1,116,113,39,74,3,3,0,26,22,14,8,4,3,1
S01012979,332,302,89,213,30,8,22,10,10,1,9,0,0,0,23,23,1,22,0,0,0,25,20,1,19,5,1,4,97,87,31,56,10,2,8,35,27,4,23,8,2,6,40,37,13,24,3,0,3,86,83,33,50,3,2,1,16,15,5,10,1,1,0
S01012980,329,306,83,223,23,6,17,6,6,1,5,0,0,0,44,44,3,41,0,0,0,16,14,0,14,2,0,2,90,85,37,48,5,1,4,21,17,5,12,4,0,4,50,43,8,35,7,3,4,91,90,28,62,1,0,1,11,7,1,6,4,2,2
S01012981,406,377,106,271,29,8,21,12,11,2,9,1,0,1,35,35,4,31,0,0,0,29,22,2,20,7,0,7,99,92,38,54,7,3,4,31,26,2,24,5,0,5,59,56,14,42,3,2,1,118,114,33,81,4,3,1,23,21,11,10,2,0,2
S01012982,421,401,103,298,20,7,13,8,8,2,6,0,0,0,53,51,2,49,2,0,2,28,25,1,24,3,0,3,104,102,38,64,2,0,2,24,20,3,17,4,0,4,58,54,9,45,4,3,1,129,126,40,86,3,2,1,17,15,8,7,2,2,0
S01012983,367,334,99,235,33,7,26,12,11,2,9,1,0,1,35,34,2,32,1,0,1,26,13,1,12,13,2,11,61,61,32,29,0,0,0,28,23,3,20,5,0,5,58,53,10,43,5,0,5,135,130,45,85,5,3,2,12,9,4,5,3,2,1
S01012984,342,316,74,242,26,6,20,4,4,0,4,0,0,0,42,42,1,41,0,0,0,30,24,2,22,6,0,6,73,70,29,41,3,1,2,32,27,1,26,5,2,3,43,40,9,31,3,0,3,106,100,28,72,6,3,3,12,9,4,5,3,0,3
S01012985,394,360,98,262,34,10,24,8,8,2,6,0,0,0,53,49,3,46,4,1,3,35,28,2,26,7,1,6,82,77,36,41,5,1,4,31,23,1,22,8,1,7,46,44,7,37,2,1,1,126,119,42,77,7,4,3,13,12,5,7,1,1,0
S01012986,369,344,71,273,25,5,20,8,8,1,7,0,0,0,34,32,1,31,2,0,2,31,23,3,20,8,2,6,86,86,30,56,0,0,0,34,29,1,28,5,0,5,50,47,10,37,3,0,3,117,111,24,87,6,2,4,9,8,1,7,1,1,0
S01012987,352,314,88,226,38,11,27,5,5,0,5,0,0,0,35,32,1,31,3,1,2,22,14,1,13,8,2,6,83,73,32,41,10,2,8,27,19,2,17,8,3,5,54,52,20,32,2,1,1,110,106,28,78,4,1,3,16,13,4,9,3,1,2
S01012988,388,357,96,261,31,11,20,10,10,2,8,0,0,0,51,50,4,46,1,0,1,22,12,0,12,10,3,7,80,75,33,42,5,2,3,35,29,3,26,6,1,5,36,35,6,29,1,0,1,140,136,45,91,4,2,2,14,10,3,7,4,3,1
S01012989,445,414,104,310,31,10,21,8,7,0,7,1,0,1,45,43,5,38,2,0,2,36,25,0,25,11,2,9,100,96,42,54,4,1,3,41,37,3,34,4,1,3,50,46,12,34,4,3,1,147,143,36,107,4,2,2,18,17,6,11,1,1,0
S01012990,279,262,79,183,17,2,15,7,4,0,4,3,0,3,29,29,1,28,0,0,0,17,14,0,14,3,0,3,61,60,30,30,1,1,0,24,22,4,18,2,0,2,34,30,5,25,4,1,3,88,85,29,56,3,0,3,19,18,10,8,1,0,1
S01012991,365,329,116,213,36,9,27,8,7,1,6,1,1,0,31,30,3,27,1,0,1,28,20,2,18,8,0,8,91,90,51,39,1,0,1,33,24,4,20,9,2,7,47,41,13,28,6,2,4,112,107,41,66,5,2,3,15,10,1,9,5,2,3
S01012992,358,332,91,241,26,8,18,8,8,0,8,0,0,0,30,29,1,28,1,0,1,18,12,2,10,6,2,4,98,94,46,48,4,1,3,23,18,1,17,5,2,3,36,35,4,31,1,0,1,132,125,32,93,7,1,6,13,11,5,6,2,2,0
S01012993,302,282,75,207,20,4,16,7,7,1,6,0,0,0,36,36,3,33,0,0,0,20,15,1,14,5,1,4,77,71,36,35,6,1,5,13,9,0,9,4,1,3,39,37,10,27,2,0,2,103,101,22,79,2,1,1,7,6,2,4,1,0,1
S01012994,417,380,110,270,37,8,29,10,9,3,6,1,1,0,42,40,1,39,2,0,2,22,19,0,19,3,0,3,106,98,41,57,8,2,6,31,25,1,24,6,0,6,79,68,22,46,11,3,8,113,108,39,69,5,2,3,14,13,3,10,1,0,1
S01012995,471,437,104,333,34,5,29,9,9,0,9,0,0,0,54,52,2,50,2,0,2,36,27,2,25,9,1,8,82,77,30,47,5,1,4,32,28,1,27,4,0,4,69,64,12,52,5,1,4,168,161,51,110,7,1,6,21,19,6,13,2,1,1
S01012996,388,352,109,243,36,9,27,10,9,0,9,1,0,1,49,48,4,44,1,0,1,33,15,3,12,18,3,15,95,92,42,50,3,0,3,22,20,4,16,2,0,2,46,40,12,28,6,3,3,115,113,40,73,2,2,0,18,15,4,11,3,1,2
S01012997,207,199,54,145,8,1,7,2,2,0,2,0,0,0,28,27,3,24,1,0,1,12,11,1,10,1,0,1,50,45,24,21,5,1,4,15,14,0,14,1,0,1,23,23,5,18,0,0,0,73,73,20,53,0,0,0,4,4,1,3,0,0,0
S01012998,561,507,149,358,54,11,43,14,13,1,12,1,0,1,77,75,6,69,2,0,2,44,32,4,28,12,3,9,115,107,53,54,8,1,7,49,38,7,31,11,1,10,84,69,13,56,15,4,11,160,157,59,98,3,1,2,18,16,6,10,2,1,1
S01012999,237,219,60,159,18,7,11,5,3,1,2,2,1,1,22,21,1,20,1,0,1,24,21,2,19,3,0,3,62,61,26,35,1,1,0,15,13,5,8,2,0,2,34,31,3,28,3,0,3,67,63,20,43,4,3,1,8,6,2,4,2,2,0
S01013000,313,289,78,211,24,3,21,6,4,0,4,2,1,1,49,47,3,44,2,1,1,27,20,1,19,7,1,6,67,66,34,32,1,0,1,25,18,2,16,7,0,7,39,38,8,30,1,0,1,86,85,26,59,1,0,1,14,11,4,7,3,0,3
S01013001,196,133,37,96,63,20,43,10,5,0,5,5,2,3,13,8,1,7,5,1,4,15,8,2,6,7,1,6,37,27,11,16,10,4,6,10,8,1,7,2,0,2,36,19,3,16,17,6,11,54,45,14,31,9,5,4,21,13,5,8,8,1,7
S01013002,252,177,42,135,75,17,58,28,21,3,18,7,0,7,16,10,0,10,6,1,5,19,9,1,8,10,0,10,43,30,11,19,13,1,12,17,11,3,8,6,0,6,49,30,6,24,19,7,12,56,50,15,35,6,2,4,24,16,3,13,8,6,2
S01013003,287,234,77,157,53,19,34,5,4,0,4,1,0,1,25,21,5,16,4,1,3,14,11,0,11,3,0,3,48,44,26,18,4,0,4,14,11,1,10,3,2,1,69,50,8,42,19,9,10,97,84,31,53,13,4,9,15,9,6,3,6,3,3
S01013004,322,251,74,177,71,18,53,7,4,1,3,3,0,3,15,12,2,10,3,1,2,23,13,1,12,10,3,7,52,37,19,18,15,3,12,24,21,2,19,3,0,3,58,34,8,26,24,7,17,134,124,37,87,10,3,7,9,6,4,2,3,1,2
S01013005,336,244,65,179,92,34,58,17,9,1,8,8,2,6,27,21,0,21,6,2,4,30,20,3,17,10,2,8,50,39,13,26,11,3,8,19,11,5,6,8,4,4,67,36,9,27,31,10,21,110,101,32,69,9,6,3,16,7,2,5,9,5,4
S01013006,307,231,72,159,76,18,58,4,2,0,2,2,1,1,19,18,6,12,1,1,0,20,16,5,11,4,0,4,43,32,16,16,11,1,10,23,21,1,20,2,0,2,69,39,14,25,30,4,26,97,83,26,57,14,8,6,32,20,4,16,12,3,9
S01013007,399,329,100,229,70,25,45,7,7,0,7,0,0,0,26,23,2,21,3,1,2,27,17,3,14,10,2,8,51,40,22,18,11,0,11,23,16,1,15,7,1,6,82,67,16,51,15,9,6,155,139,47,92,16,7,9,28,20,9,11,8,5,3
S01013008,339,270,81,189,69,23,46,7,6,0,6,1,0,1,18,15,3,12,3,2,1,35,20,2,18,15,5,10,59,48,19,29,11,2,9,21,17,2,15,4,1,3,61,44,10,34,17,3,14,124,111,40,71,13,8,5,14,9,5,4,5,2,3
S01013009,272,227,61,166,45,18,27,10,9,0,9,1,0,1,13,12,3,9,1,1,0,17,11,0,11,6,3,3,64,54,21,33,10,3,7,17,15,3,12,2,0,2,50,39,8,31,11,3,8,85,77,25,52,8,4,4,16,10,1,9,6,4,2
S01013010,312,209,55,154,103,24,79,22,10,2,8,12,4,8,30,19,2,17,11,1,10,24,12,1,11,12,1,11,73,50,20,30,23,6,17,29,18,4,14,11,0,11,46,26,3,23,20,6,14,81,69,22,47,12,6,6,7,5,1,4,2,0,2
S01013011,344,267,67,200,77,26,51,9,3,1,2,6,0,6,27,24,0,24,3,1,2,26,13,1,12,13,2,11,55,43,17,26,12,4,8,24,17,5,12,7,3,4,60,42,6,36,18,7,11,124,115,34,81,9,4,5,19,10,3,7,9,5,4
S01013012,305,257,72,185,48,19,29,11,8,1,7,3,0,3,11,10,1,9,1,0,1,27,20,2,18,7,2,5,66,58,27,31,8,3,5,19,14,1,13,5,1,4,45,34,5,29,11,6,5,102,96,30,66,6,3,3,24,17,5,12,7,4,3
S01013013,360,274,87,187,86,31,55,22,8,0,8,14,4,10,18,15,1,14,3,0,3,34,17,2,15,17,3,14,62,45,26,19,17,11,6,23,20,4,16,3,2,1,62,49,10,39,13,4,9,120,111,40,71,9,2,7,19,9,4,5,10,5,5
S01013014,336,251,68,183,85,23,62,31,15,3,12,16,0,16,19,15,2,13,4,1,3,38,20,3,17,18,4,14,72,55,23,32,17,5,12,17,14,1,13,3,1,2,43,32,6,26,11,5,6,99,90,26,64,9,3,6,17,10,4,6,7,4,3
S01013015,392,283,86,197,109,24,85,44,8,0,8,36,5,31,29,21,2,19,8,3,5,34,19,2,17,15,3,12,71,59,34,25,12,1,11,20,16,2,14,4,0,4,49,35,10,25,14,2,12,115,106,31,75,9,7,2,30,19,5,14,11,3,8
S01013016,324,217,74,143,107,19,88,45,12,1,11,33,2,31,21,15,1,14,6,2,4,16,10,1,9,6,0,6,41,30,16,14,11,1,10,28,15,4,11,13,2,11,64,43,11,32,21,4,17,95,84,36,48,11,4,7,14,8,4,4,6,4,2
S01013017,377,300,95,205,77,28,49,7,7,0,7,0,0,0,25,20,0,20,5,0,5,27,20,0,20,7,0,7,77,61,26,35,16,4,12,30,24,3,21,6,3,3,49,37,12,25,12,5,7,134,111,47,64,23,11,12,28,20,7,13,8,5,3
S01013018,468,360,123,237,108,29,79,31,13,3,10,18,3,15,36,28,4,24,8,2,6,36,18,4,14,18,1,17,82,66,33,33,16,4,12,28,25,5,20,3,2,1,89,63,16,47,26,6,20,141,131,53,78,10,5,5,25,16,5,11,9,6,3
S01013019,460,385,87,298,75,16,59,33,17,2,15,16,3,13,22,22,3,19,0,0,0,33,29,5,24,4,0,4,63,56,19,37,7,1,6,22,18,2,16,4,1,3,97,74,14,60,23,6,17,153,140,37,103,13,3,10,37,29,5,24,8,2,6
S01013020,238,218,63,155,20,6,14,3,2,0,2,1,1,0,11,10,0,10,1,0,1,27,22,2,20,5,0,5,49,43,22,21,6,4,2,16,15,2,13,1,0,1,49,47,15,32,2,0,2,74,72,19,53,2,1,1,9,7,3,4,2,0,2
S01013021,243,217,62,155,26,9,17,3,3,0,3,0,0,0,17,15,2,13,2,0,2,34,26,1,25,8,2,6,52,51,18,33,1,0,1,17,12,4,8,5,1,4,30,28,6,22,2,2,0,81,75,27,48,6,3,3,9,7,4,3,2,1,1
S01013022,210,191,61,130,19,7,12,7,6,0,6,1,1,0,15,15,1,14,0,0,0,18,15,1,14,3,0,3,45,42,24,18,3,2,1,16,15,0,15,1,0,1,36,29,6,23,7,1,6,68,65,28,37,3,2,1,5,4,1,3,1,1,0
S01013023,401,347,105,242,54,12,42,9,7,1,6,2,0,2,29,24,1,23,5,1,4,29,25,1,24,4,1,3,72,65,27,38,7,1,6,33,26,6,20,7,1,6,61,50,11,39,11,3,8,150,138,51,87,12,2,10,18,12,7,5,6,3,3
S01013024,241,206,52,154,35,9,26,8,8,0,8,0,0,0,24,21,2,19,3,0,3,19,10,3,7,9,1,8,36,33,15,18,3,0,3,7,6,1,5,1,0,1,37,32,7,25,5,2,3,99,89,20,69,10,4,6,11,7,4,3,4,2,2
S01013025,282,182,50,132,100,22,78,38,15,0,15,23,1,22,17,14,2,12,3,1,2,28,15,1,14,13,1,12,47,29,19,10,18,5,13,11,8,1,7,3,0,3,47,28,6,22,19,6,13,81,68,20,48,13,6,7,13,5,1,4,8,2,6
S01013026,506,471,109,362,35,10,25,22,20,0,20,2,0,2,34,32,2,30,2,0,2,65,51,3,48,14,3,11,88,85,33,52,3,2,1,39,37,3,34,2,0,2,65,60,15,45,5,2,3,178,172,47,125,6,2,4,15,14,6,8,1,1,0
S01013027,390,362,124,238,28,11,17,9,8,3,5,1,0,1,41,40,4,36,1,0,1,54,50,0,50,4,2,2,86,80,41,39,6,2,4,19,13,2,11,6,1,5,51,44,21,23,7,4,3,123,120,50,70,3,2,1,7,7,3,4,0,0,0
S01013028,266,217,54,163,49,11,38,40,19,3,16,21,1,20,28,28,2,26,0,0,0,30,24,3,21,6,2,4,41,40,24,16,1,0,1,12,11,0,11,1,0,1,45,36,8,28,9,3,6,61,56,14,42,5,4,1,9,3,0,3,6,1,5
S01013029,251,241,75,166,10,2,8,13,11,0,11,2,0,2,32,31,0,31,1,0,1,26,23,2,21,3,1,2,47,47,23,24,0,0,0,17,16,4,12,1,0,1,33,31,14,17,2,1,1,73,72,30,42,1,0,1,10,10,2,8,0,0,0
S01013030,273,246,78,168,27,9,18,7,6,0,6,1,1,0,27,27,2,25,0,0,0,44,35,3,32,9,1,8,60,54,29,25,6,1,5,16,11,1,10,5,3,2,23,21,10,11,2,1,1,87,83,31,52,4,2,2,9,9,2,7,0,0,0
S01013031,300,281,89,192,19,5,14,7,7,2,5,0,0,0,29,29,2,27,0,0,0,46,39,0,39,7,0,7,96,91,44,47,5,2,3,16,13,0,13,3,2,1,28,27,12,15,1,0,1,68,67,24,43,1,0,1,10,8,5,3,2,1,1
S01013032,461,409,100,309,52,8,44,15,14,0,14,1,0,1,48,43,1,42,5,1,4,49,34,1,33,15,0,15,102,93,41,52,9,1,8,31,27,1,26,4,0,4,80,71,19,52,9,4,5,118,111,33,78,7,2,5,18,16,4,12,2,0,2
S01013033,373,340,87,253,33,10,23,10,9,2,7,1,0,1,31,30,3,27,1,0,1,57,44,1,43,13,2,11,94,88,32,56,6,1,5,22,17,1,16,5,1,4,36,34,12,22,2,2,0,107,105,31,74,2,1,1,16,13,5,8,3,3,0
S01013034,335,316,102,214,19,8,11,12,12,2,10,0,0,0,29,28,2,26,1,1,0,43,36,2,34,7,2,5,89,84,41,43,5,2,3,24,21,7,14,3,1,2,37,34,7,27,3,2,1,88,88,35,53,0,0,0,13,13,6,7,0,0,0
S01013035,293,277,107,170,16,5,11,19,16,3,13,3,0,3,24,24,0,24,0,0,0,37,32,1,31,5,1,4,91,89,51,38,2,1,1,16,14,4,10,2,1,1,32,30,13,17,2,1,1,62,61,27,34,1,1,0,12,11,8,3,1,0,1
S01013036,344,317,108,209,27,10,17,16,14,0,14,2,1,1,26,25,1,24,1,0,1,47,40,1,39,7,1,6,97,97,43,54,0,0,0,22,17,4,13,5,1,4,39,35,16,19,4,1,3,76,73,36,37,3,2,1,21,16,7,9,5,4,1
S01013037,397,353,80,273,44,12,32,13,13,1,12,0,0,0,32,32,2,30,0,0,0,38,25,2,23,13,2,11,75,70,24,46,5,2,3,21,16,0,16,5,2,3,72,63,14,49,9,2,7,126,117,29,88,9,3,6,20,17,8,9,3,1,2
S01013038,460,425,107,318,35,9,26,8,7,1,6,1,0,1,44,43,4,39,1,0,1,37,24,1,23,13,0,13,99,94,41,53,5,2,3,33,30,2,28,3,1,2,65,59,10,49,6,4,2,151,147,40,107,4,2,2,23,21,8,13,2,0,2
S01013039,324,299,87,212,25,8,17,8,7,0,7,1,0,1,21,21,3,18,0,0,0,36,29,2,27,7,0,7,65,64,39,25,1,1,0,22,20,4,16,2,0,2,53,48,5,43,5,2,3,110,103,30,73,7,4,3,9,7,4,3,2,1,1
S01013040,287,255,70,185,32,7,25,4,4,0,4,0,0,0,25,24,2,22,1,0,1,40,29,2,27,11,1,10,62,56,26,30,6,2,4,20,18,1,17,2,0,2,44,39,6,33,5,3,2,79,75,30,45,4,1,3,13,10,3,7,3,0,3
S01013041,326,297,75,222,29,7,22,9,9,1,8,0,0,0,32,30,3,27,2,0,2,41,37,0,37,4,0,4,74,65,32,33,9,3,6,17,12,2,10,5,0,5,42,40,8,32,2,0,2,98,94,26,68,4,3,1,13,10,3,7,3,1,2
S01013042,448,391,109,282,57,16,41,16,9,1,8,7,3,4,37,37,4,33,0,0,0,62,44,1,43,18,2,16,100,87,41,46,13,3,10,24,22,3,19,2,2,0,58,51,14,37,7,3,4,133,129,42,87,4,0,4,18,12,3,9,6,3,3
S01013043,295,268,80,188,27,9,18,7,7,0,7,0,0,0,24,24,2,22,0,0,0,34,32,0,32,2,1,1,70,66,29,37,4,1,3,16,11,1,10,5,1,4,37,31,9,22,6,2,4,85,80,33,47,5,1,4,22,17,6,11,5,3,2
S01013044,362,336,100,236,26,8,18,10,8,0,8,2,0,2,28,27,3,24,1,0,1,42,32,0,32,10,1,9,101,100,43,57,1,1,0,26,19,4,15,7,3,4,34,30,9,21,4,3,1,111,111,36,75,0,0,0,10,9,5,4,1,0,1
S01013045,346,314,76,238,32,7,25,10,9,1,8,1,0,1,26,24,2,22,2,1,1,47,33,1,32,14,0,14,60,54,27,27,6,3,3,26,23,1,22,3,0,3,59,55,11,44,4,2,2,98,97,24,73,1,1,0,20,19,9,10,1,0,1
S01013046,234,220,77,143,14,3,11,5,5,0,5,0,0,0,14,14,1,13,0,0,0,28,24,1,23,4,0,4,54,53,28,25,1,0,1,16,14,5,9,2,0,2,33,30,12,18,3,2,1,66,65,25,40,1,0,1,18,15,5,10,3,1,2
S01013047,538,484,127,357,54,19,35,6,5,0,5,1,1,0,47,46,1,45,1,0,1,48,36,0,36,12,0,12,107,96,43,53,11,4,7,35,32,3,29,3,3,0,98,84,27,57,14,6,8,176,169,46,123,7,2,5,21,16,7,9,5,3,2
S01013048,510,485,94,391,25,8,17,13,13,2,11,0,0,0,30,30,0,30,0,0,0,37,35,1,34,2,0,2,123,118,36,82,5,0,5,45,39,6,33,6,1,5,84,77,14,63,7,4,3,150,149,30,119,1,0,1,28,24,5,19,4,3,1
S01013049,440,399,87,312,41,12,29,13,11,0,11,2,0,2,34,28,0,28,6,0,6,41,31,2,29,10,1,9,91,89,29,60,2,0,2,21,19,0,19,2,1,1,64,56,10,46,8,4,4,156,152,43,109,4,2,2,20,13,3,10,7,4,3
S01013050,328,293,65,228,35,15,20,5,5,1,4,0,0,0,24,22,1,21,2,0,2,27,23,1,22,4,0,4,90,86,32,54,4,2,2,27,19,3,16,8,4,4,37,33,4,29,4,2,2,99,95,22,73,4,3,1,19,10,1,9,9,4,5
S01013051,416,383,109,274,33,6,27,12,11,0,11,1,0,1,25,23,2,21,2,0,2,56,47,4,43,9,1,8,103,96,42,54,7,1,6,30,23,6,17,7,1,6,56,52,9,43,4,1,3,113,112,39,73,1,1,0,21,19,7,12,2,1,1
S01013052,320,297,87,210,23,5,18,3,3,0,3,0,0,0,24,23,0,23,1,1,0,39,29,1,28,10,2,8,91,86,42,44,5,0,5,19,17,3,14,2,1,1,42,41,9,32,1,0,1,92,89,26,63,3,1,2,10,9,6,3,1,0,1
S01013053,261,230,63,167,31,7,24,12,10,0,10,2,0,2,15,13,0,13,2,0,2,26,19,1,18,7,2,5,65,63,28,35,2,0,2,14,8,1,7,6,1,5,30,27,9,18,3,1,2,83,79,21,58,4,0,4,16,11,3,8,5,3,2
S01013054,332,300,80,220,32,7,25,11,9,1,8,2,0,2,36,32,2,30,4,0,4,35,28,3,25,7,0,7,66,61,20,41,5,0,5,23,20,3,17,3,0,3,44,37,12,25,7,5,2,109,106,38,68,3,1,2,8,7,1,6,1,1,0
S01013055,306,268,75,193,38,10,28,5,5,1,4,0,0,0,21,21,1,20,0,0,0,36,20,0,20,16,2,14,77,69,31,38,8,1,7,23,20,2,18,3,0,3,36,31,5,26,5,3,2,90,87,32,55,3,1,2,18,15,3,12,3,3,0
S01013056,421,367,115,252,54,11,43,20,14,2,12,6,1,5,19,16,0,16,3,1,2,39,24,0,24,15,1,14,125,113,52,61,12,3,9,27,23,4,19,4,0,4,39,34,9,25,5,0,5,127,121,41,80,6,3,3,25,22,7,15,3,2,1
S01013057,313,282,95,187,31,11,20,8,7,0,7,1,0,1,16,16,0,16,0,0,0,29,23,4,19,6,0,6,97,91,46,45,6,1,5,12,11,1,10,1,1,0,36,31,8,23,5,2,3,101,94,34,60,7,4,3,14,9,2,7,5,3,2
S01013058,338,305,74,231,33,12,21,11,11,1,10,0,0,0,32,29,2,27,3,1,2,31,27,2,25,4,0,4,49,47,19,28,2,1,1,20,19,2,17,1,0,1,63,48,6,42,15,7,8,120,115,39,76,5,2,3,12,9,3,6,3,1,2
S01013059,307,266,61,205,41,8,33,11,10,0,10,1,0,1,18,16,0,16,2,0,2,21,12,1,11,9,0,9,49,42,13,29,7,2,5,18,16,1,15,2,0,2,53,44,6,38,9,1,8,120,115,36,79,5,2,3,17,11,4,7,6,3,3
S01013060,236,195,62,133,41,11,30,8,6,0,6,2,1,1,14,13,1,12,1,0,1,11,9,1,8,2,0,2,39,34,18,16,5,1,4,10,5,0,5,5,0,5,44,32,6,26,12,3,9,95,85,29,56,10,5,5,15,11,7,4,4,1,3
S01013061,339,300,85,215,39,11,28,8,7,1,6,1,0,1,19,17,0,17,2,0,2,21,12,1,11,9,0,9,51,49,23,26,2,1,1,15,14,3,11,1,0,1,73,64,14,50,9,4,5,138,127,38,89,11,6,5,14,10,5,5,4,0,4
S01013062,374,297,76,221,77,28,49,7,6,0,6,1,0,1,35,29,2,27,6,2,4,18,11,0,11,7,1,6,45,36,20,16,9,0,9,22,15,3,12,7,3,4,65,43,7,36,22,4,18,155,143,39,104,12,8,4,27,14,5,9,13,10,3
S01013063,367,292,83,209,75,20,55,11,10,1,9,1,0,1,22,21,1,20,1,0,1,22,13,1,12,9,0,9,61,46,27,19,15,3,12,17,13,1,12,4,1,3,87,63,18,45,24,8,16,130,114,25,89,16,7,9,17,12,9,3,5,1,4
S01013064,379,340,90,250,39,11,28,7,6,0,6,1,0,1,25,23,0,23,2,1,1,44,32,2,30,12,3,9,105,103,43,60,2,0,2,27,21,4,17,6,0,6,47,45,11,34,2,1,1,102,95,24,71,7,2,5,22,15,6,9,7,4,3
S01013065,391,358,114,244,33,13,20,9,9,1,8,0,0,0,17,17,1,16,0,0,0,24,16,0,16,8,2,6,118,116,60,56,2,0,2,29,22,2,20,7,1,6,55,54,10,44,1,1,0,113,106,33,73,7,2,5,26,18,7,11,8,7,1
S01013066,365,322,84,238,43,13,30,10,7,1,6,3,1,2,21,21,1,20,0,0,0,28,23,1,22,5,1,4,97,85,39,46,12,2,10,18,12,0,12,6,4,2,55,46,6,40,9,3,6,116,114,29,85,2,1,1,20,14,7,7,6,1,5
S01013067,424,392,178,214,32,9,23,11,11,1,10,0,0,0,14,14,1,13,0,0,0,19,12,1,11,7,0,7,197,194,117,77,3,0,3,24,18,6,12,6,1,5,49,40,10,30,9,4,5,78,75,20,55,3,3,0,32,28,22,6,4,1,3
S01013068,338,309,121,188,29,10,19,4,2,0,2,2,0,2,16,15,0,15,1,0,1,16,8,2,6,8,3,5,117,112,71,41,5,1,4,16,13,1,12,3,2,1,43,39,14,25,4,2,2,100,97,26,71,3,1,2,26,23,7,16,3,1,2
S01013069,356,328,154,174,28,10,18,7,5,0,5,2,0,2,19,18,2,16,1,0,1,13,13,3,10,0,0,0,142,135,98,37,7,4,3,15,14,5,9,1,0,1,41,34,11,23,7,2,5,86,79,21,58,7,2,5,33,30,14,16,3,2,1
S01013070,264,248,126,122,16,6,10,2,2,0,2,0,0,0,12,11,0,11,1,0,1,18,11,0,11,7,2,5,97,96,64,32,1,0,1,10,9,5,4,1,1,0,36,36,14,22,0,0,0,59,57,25,32,2,1,1,30,26,18,8,4,2,2
S01013071,468,446,253,193,22,9,13,5,5,2,3,0,0,0,29,27,2,25,2,0,2,17,12,1,11,5,1,4,204,200,159,41,4,1,3,24,21,9,12,3,2,1,39,38,18,20,1,0,1,119,116,43,73,3,2,1,31,27,19,8,4,3,1
S01013072,204,195,67,128,9,2,7,8,8,0,8,0,0,0,11,11,0,11,0,0,0,34,30,1,29,4,0,4,60,60,29,31,0,0,0,5,4,0,4,1,0,1,24,23,13,10,1,1,0,51,49,22,27,2,1,1,11,10,2,8,1,0,1
S01013073,344,326,96,230,18,3,15,1,1,0,1,0,0,0,17,17,0,17,0,0,0,30,29,2,27,1,0,1,98,96,41,55,2,0,2,19,13,4,9,6,0,6,55,54,13,41,1,1,0,102,99,29,70,3,0,3,22,17,7,10,5,2,3
S01013074,248,215,96,119,33,8,25,3,3,0,3,0,0,0,13,12,3,9,1,0,1,45,30,1,29,15,1,14,74,71,46,25,3,0,3,15,12,3,9,3,2,1,40,37,18,19,3,2,1,43,37,20,17,6,2,4,15,13,5,8,2,1,1
S01013075,294,259,84,175,35,9,26,6,6,1,5,0,0,0,14,14,0,14,0,0,0,26,19,3,16,7,0,7,86,80,40,40,6,1,5,33,20,0,20,13,4,9,42,40,10,30,2,1,1,76,69,26,43,7,3,4,11,11,4,7,0,0,0
S01013076,321,281,135,146,40,14,26,14,13,0,13,1,0,1,22,20,3,17,2,2,0,30,18,4,14,12,4,8,103,97,77,20,6,1,5,16,15,7,8,1,0,1,34,28,9,19,6,1,5,81,74,24,50,7,4,3,21,16,11,5,5,2,3
S01013077,260,249,84,165,11,2,9,6,6,2,4,0,0,0,22,22,1,21,0,0,0,22,18,0,18,4,0,4,74,73,30,43,1,1,0,9,7,1,6,2,0,2,41,39,15,24,2,0,2,66,65,24,41,1,1,0,20,19,11,8,1,0,1
S01013078,221,203,74,129,18,6,12,4,4,0,4,0,0,0,13,13,2,11,0,0,0,25,20,3,17,5,2,3,74,69,35,34,5,1,4,12,9,1,8,3,0,3,28,28,7,21,0,0,0,53,49,24,25,4,2,2,12,11,2,9,1,1,0
S01013079,599,524,154,370,75,20,55,21,20,1,19,1,0,1,36,31,0,31,5,1,4,46,33,5,28,13,0,13,109,98,54,44,11,4,7,36,26,5,21,10,2,8,116,102,21,81,14,3,11,194,181,53,128,13,7,6,41,33,15,18,8,3,5
S01013080,407,343,103,240,64,23,41,8,8,0,8,0,0,0,32,28,0,28,4,2,2,22,12,2,10,10,0,10,85,72,42,30,13,2,11,20,16,1,15,4,0,4,83,68,11,57,15,8,7,123,112,33,79,11,7,4,34,27,14,13,7,4,3
S01013081,326,280,64,216,46,11,35,10,5,1,4,5,1,4,28,27,1,26,1,0,1,24,18,1,17,6,2,4,71,63,22,41,8,1,7,15,12,4,8,3,0,3,53,38,7,31,15,5,10,117,110,25,85,7,2,5,8,7,3,4,1,0,1
S01013082,434,389,101,288,45,10,35,9,6,1,5,3,0,3,41,38,2,36,3,1,2,35,26,1,25,9,3,6,71,64,31,33,7,1,6,20,18,3,15,2,0,2,86,76,15,61,10,2,8,148,144,39,105,4,2,2,24,17,9,8,7,1,6
S01013083,725,685,529,156,40,12,28,9,8,5,3,1,1,0,20,19,3,16,1,0,1,20,12,3,9,8,0,8,384,379,354,25,5,1,4,34,26,11,15,8,4,4,46,42,20,22,4,1,3,145,138,77,61,7,5,2,67,61,56,5,6,0,6
S01013084,352,296,96,200,56,17,39,7,4,0,4,3,1,2,23,19,3,16,4,0,4,33,26,2,24,7,0,7,62,52,26,26,10,4,6,19,13,3,10,6,2,4,47,37,14,23,10,5,5,137,128,41,87,9,3,6,24,17,7,10,7,2,5
S01013085,204,176,42,134,28,14,14,7,7,0,7,0,0,0,22,22,0,22,0,0,0,15,9,0,9,6,2,4,49,45,25,20,4,3,1,7,5,0,5,2,1,1,32,25,6,19,7,3,4,59,54,9,45,5,2,3,13,9,2,7,4,3,1
S01013086,444,381,100,281,63,21,42,7,7,1,6,0,0,0,41,38,1,37,3,0,3,20,15,1,14,5,0,5,96,81,44,37,15,5,10,19,14,1,13,5,0,5,78,60,11,49,18,8,10,146,137,29,108,9,3,6,37,29,12,17,8,5,3
S01013087,349,257,69,188,92,37,55,11,10,2,8,1,0,1,23,15,3,12,8,4,4,23,14,4,10,9,2,7,49,32,17,15,17,5,12,17,13,3,10,4,2,2,78,47,5,42,31,12,19,129,111,29,82,18,9,9,19,15,6,9,4,3,1
S01013088,425,326,92,234,99,26,73,22,16,1,15,6,0,6,43,35,2,33,8,1,7,24,14,2,12,10,0,10,61,42,17,25,19,6,13,25,18,4,14,7,1,6,97,66,21,45,31,10,21,132,123,38,85,9,3,6,21,12,7,5,9,5,4
S01013089,338,306,76,230,32,9,23,5,3,0,3,2,0,2,27,27,0,27,0,0,0,33,23,3,20,10,1,9,81,75,29,46,6,3,3,12,11,1,10,1,0,1,42,39,9,30,3,2,1,119,113,28,85,6,1,5,19,15,6,9,4,2,2
S01013090,426,376,137,239,50,19,31,5,4,0,4,1,0,1,25,23,3,20,2,2,0,20,14,0,14,6,0,6,90,84,46,38,6,1,5,24,22,4,18,2,2,0,76,66,15,51,10,7,3,145,135,53,82,10,4,6,41,28,16,12,13,3,10
S01013091,285,263,80,183,22,7,15,9,9,0,9,0,0,0,12,10,2,8,2,0,2,20,13,1,12,7,1,6,92,88,47,41,4,1,3,10,9,1,8,1,0,1,45,43,4,39,2,1,1,81,78,18,60,3,2,1,16,13,7,6,3,2,1
S01013092,441,389,106,283,52,12,40,4,4,1,3,0,0,0,26,23,0,23,3,0,3,30,21,2,19,9,1,8,87,80,33,47,7,0,7,34,27,3,24,7,2,5,74,65,11,54,9,2,7,161,147,48,99,14,5,9,25,22,8,14,3,2,1
S01013093,229,166,42,124,63,22,41,14,8,0,8,6,2,4,17,12,2,10,5,2,3,20,13,3,10,7,2,5,36,23,11,12,13,4,9,12,11,1,10,1,0,1,38,23,8,15,15,5,10,82,69,15,54,13,7,6,10,7,2,5,3,0,3
S01013094,274,236,71,165,38,13,25,8,8,1,7,0,0,0,18,14,3,11,4,1,3,8,7,2,5,1,0,1,50,44,19,25,6,2,4,21,19,2,17,2,0,2,50,39,8,31,11,2,9,102,91,28,63,11,5,6,17,14,8,6,3,3,0
S01013095,415,358,101,257,57,14,43,18,15,4,11,3,0,3,30,28,1,27,2,0,2,18,15,1,14,3,1,2,61,46,23,23,15,2,13,29,25,3,22,4,1,3,96,77,8,69,19,4,15,156,146,61,85,10,6,4,7,6,0,6,1,0,1
S01013096,240,219,67,152,21,7,14,2,2,0,2,0,0,0,15,11,0,11,4,0,4,18,14,3,11,4,0,4,47,46,20,26,1,1,0,9,8,0,8,1,0,1,31,26,11,15,5,2,3,106,105,31,74,1,1,0,12,7,2,5,5,3,2
S01013097,342,258,61,197,84,24,60,25,10,3,7,15,1,14,22,18,2,16,4,1,3,16,14,2,12,2,1,1,49,38,17,21,11,3,8,24,17,2,15,7,3,4,61,35,7,28,26,7,19,125,113,26,87,12,4,8,20,13,2,11,7,4,3
S01013098,323,281,88,193,42,13,29,10,8,0,8,2,1,1,30,27,3,24,3,1,2,20,18,4,14,2,0,2,45,39,21,18,6,2,4,23,22,2,20,1,0,1,90,76,18,58,14,2,12,97,85,39,46,12,6,6,8,6,1,5,2,1,1
S01013099,419,348,82,266,71,22,49,11,8,0,8,3,0,3,19,12,3,9,7,3,4,16,9,1,8,7,1,6,81,75,26,49,6,0,6,25,19,2,17,6,2,4,53,40,7,33,13,7,6,165,151,35,116,14,5,9,49,34,8,26,15,4,11
S01013100,235,181,50,131,54,19,35,8,6,1,5,2,1,1,26,22,3,19,4,0,4,12,8,1,7,4,1,3,25,21,6,15,4,1,3,13,11,1,10,2,1,1,53,35,9,26,18,8,10,85,73,24,49,12,4,8,13,5,5,0,8,3,5
S01013101,427,375,87,288,52,19,33,11,8,0,8,3,0,3,15,14,1,13,1,0,1,36,23,2,21,13,1,12,88,84,39,45,4,3,1,31,29,3,26,2,1,1,79,65,8,57,14,6,8,136,130,27,103,6,4,2,31,22,7,15,9,4,5
S01013102,255,228,60,168,27,15,12,11,8,0,8,3,2,1,17,17,1,16,0,0,0,12,8,0,8,4,1,3,46,45,17,28,1,1,0,13,13,1,12,0,0,0,36,28,3,25,8,3,5,106,98,34,64,8,5,3,14,11,4,7,3,3,0
S01013103,432,376,110,266,56,13,43,9,8,0,8,1,1,0,24,22,2,20,2,1,1,30,24,1,23,6,1,5,84,67,30,37,17,3,14,23,20,1,19,3,0,3,71,59,14,45,12,3,9,169,159,55,104,10,3,7,22,17,7,10,5,1,4
S01013104,474,399,106,293,75,27,48,6,5,1,4,1,0,1,22,19,0,19,3,1,2,41,28,3,25,13,2,11,89,77,32,45,12,0,12,28,26,2,24,2,0,2,88,69,12,57,19,8,11,177,161,48,113,16,10,6,23,14,8,6,9,6,3
S01013105,418,344,92,252,74,27,47,11,9,1,8,2,0,2,22,19,2,17,3,2,1,25,19,1,18,6,2,4,71,61,24,37,10,3,7,34,25,7,18,9,6,3,96,75,15,60,21,2,19,134,119,34,85,15,7,8,25,17,8,9,8,5,3
S01013106,406,332,96,236,74,16,58,11,8,0,8,3,0,3,15,15,0,15,0,0,0,57,35,0,35,22,0,22,94,79,43,36,15,3,12,20,15,1,14,5,0,5,48,38,9,29,10,3,7,137,127,39,88,10,5,5,24,15,4,11,9,5,4
S01013107,337,259,75,184,78,18,60,20,9,0,9,11,1,10,13,13,2,11,0,0,0,37,23,4,19,14,2,12,53,38,19,19,15,5,10,24,14,3,11,10,2,8,75,63,12,51,12,3,9,99,90,29,61,9,4,5,16,9,6,3,7,1,6
S01013108,256,212,56,156,44,11,33,16,10,1,9,6,1,5,18,15,1,14,3,0,3,24,21,4,17,3,0,3,55,48,19,29,7,2,5,12,9,1,8,3,0,3,44,31,6,25,13,4,9,75,69,20,49,6,4,2,12,9,4,5,3,0,3
S01013109,572,423,114,309,149,34,115,64,33,1,32,31,4,27,36,24,2,22,12,1,11,47,26,4,22,21,4,17,93,70,26,44,23,10,13,40,26,3,23,14,1,13,73,50,13,37,23,4,19,187,172,60,112,15,9,6,32,22,5,17,10,1,9
S01013110,299,196,64,132,103,19,84,40,16,1,15,24,1,23,11,4,0,4,7,1,6,27,11,3,8,16,2,14,68,48,20,28,20,5,15,17,13,3,10,4,0,4,44,25,6,19,19,5,14,76,69,25,44,7,3,4,16,10,6,4,6,2,4
S01013111,225,153,47,106,72,24,48,16,8,1,7,8,1,7,10,7,0,7,3,1,2,12,5,2,3,7,2,5,43,32,15,17,11,1,10,12,6,2,4,6,5,1,37,18,5,13,19,7,12,70,60,18,42,10,6,4,25,17,4,13,8,1,7
S01013112,310,264,79,185,46,17,29,17,13,2,11,4,1,3,20,20,0,20,0,0,0,37,30,2,28,7,1,6,66,52,24,28,14,4,10,16,13,3,10,3,1,2,46,35,7,28,11,5,6,92,88,33,55,4,4,0,16,13,8,5,3,1,2
S01013113,348,291,107,184,57,8,49,23,21,2,19,2,0,2,15,13,0,13,2,0,2,39,21,2,19,18,2,16,112,96,50,46,16,0,16,19,16,0,16,3,0,3,33,25,5,20,8,2,6,89,87,45,42,2,1,1,18,12,3,9,6,3,3
S01013114,417,319,84,235,98,25,73,31,16,1,15,15,0,15,21,19,1,18,2,0,2,26,11,0,11,15,2,13,121,97,27,70,24,6,18,25,15,2,13,10,4,6,53,38,10,28,15,5,10,116,108,39,69,8,6,2,24,15,4,11,9,2,7
S01013115,306,241,71,170,65,17,48,12,10,2,8,2,1,1,14,13,0,13,1,0,1,33,24,2,22,9,1,8,108,76,35,41,32,4,28,14,11,2,9,3,2,1,28,17,7,10,11,5,6,80,76,17,59,4,3,1,17,14,6,8,3,1,2
S01013116,339,259,75,184,80,22,58,15,12,1,11,3,1,2,22,19,2,17,3,1,2,24,14,2,12,10,2,8,78,57,25,32,21,2,19,23,13,4,9,10,3,7,57,41,11,30,16,5,11,105,94,30,64,11,6,5,15,9,0,9,6,2,4
S01013117,358,297,86,211,61,22,39,18,12,2,10,6,2,4,14,14,0,14,0,0,0,32,16,1,15,16,5,11,122,114,41,73,8,2,6,21,17,7,10,4,0,4,43,28,9,19,15,7,8,79,73,19,54,6,3,3,29,23,7,16,6,3,3
S01013118,313,239,45,194,74,27,47,15,6,0,6,9,2,7,11,8,0,8,3,1,2,18,7,2,5,11,2,9,122,106,20,86,16,5,11,19,14,1,13,5,3,2,40,23,5,18,17,10,7,76,68,14,54,8,2,6,12,7,3,4,5,2,3
S01013119,393,245,67,178,148,34,114,33,16,3,13,17,2,15,16,12,2,10,4,2,2,30,17,3,14,13,2,11,145,87,29,58,58,8,50,23,15,2,13,8,1,7,51,26,7,19,25,7,18,75,62,19,43,13,7,6,20,10,2,8,10,5,5
S01013120,531,388,128,260,143,21,122,46,23,4,19,23,4,19,14,10,1,9,4,1,3,58,46,5,41,12,1,11,174,119,50,69,55,5,50,27,20,4,16,7,2,5,63,40,16,24,23,2,21,117,108,44,64,9,2,7,32,22,4,18,10,4,6
S01013121,226,162,35,127,64,9,55,10,5,1,4,5,0,5,5,1,0,1,4,3,1,14,7,1,6,7,1,6,128,93,15,78,35,3,32,8,6,3,3,2,0,2,21,15,2,13,6,1,5,36,32,12,20,4,1,3,4,3,1,2,1,0,1
S01013122,218,206,71,135,12,5,7,4,4,0,4,0,0,0,21,21,4,17,0,0,0,14,10,1,9,4,0,4,60,60,33,27,0,0,0,30,27,4,23,3,2,1,30,26,6,20,4,2,2,47,47,20,27,0,0,0,12,11,3,8,1,1,0
S01013123,331,314,92,222,17,2,15,9,9,1,8,0,0,0,36,34,2,32,2,0,2,25,19,2,17,6,0,6,60,58,27,31,2,0,2,25,24,4,20,1,0,1,51,50,10,40,1,0,1,112,108,43,65,4,2,2,13,12,3,9,1,0,1
S01013124,332,315,80,235,17,3,14,6,6,0,6,0,0,0,27,26,2,24,1,0,1,24,18,1,17,6,1,5,56,55,18,37,1,0,1,27,24,4,20,3,1,2,39,38,8,30,1,0,1,143,139,43,96,4,1,3,10,9,4,5,1,0,1
S01013125,321,280,79,201,41,7,34,8,8,1,7,0,0,0,23,21,0,21,2,1,1,30,16,1,15,14,1,13,57,53,23,30,4,1,3,20,13,0,13,7,3,4,47,45,14,31,2,0,2,117,113,36,77,4,0,4,19,11,4,7,8,1,7
S01013126,264,247,80,167,17,5,12,7,7,0,7,0,0,0,21,21,2,19,0,0,0,19,14,0,14,5,1,4,67,65,32,33,2,0,2,18,17,1,16,1,0,1,44,42,12,30,2,0,2,73,72,27,45,1,1,0,15,9,6,3,6,3,3
S01013127,270,251,88,163,19,8,11,4,4,0,4,0,0,0,31,28,2,26,3,1,2,16,13,2,11,3,0,3,69,66,35,31,3,2,1,21,17,2,15,4,1,3,27,24,8,16,3,2,1,90,90,35,55,0,0,0,12,9,4,5,3,2,1
S01013128,321,312,67,245,9,1,8,8,8,0,8,0,0,0,24,24,0,24,0,0,0,18,13,0,13,5,1,4,63,63,25,38,0,0,0,26,25,3,22,1,0,1,56,56,6,50,0,0,0,107,107,30,77,0,0,0,19,16,3,13,3,0,3
S01013129,514,482,121,361,32,8,24,9,9,0,9,0,0,0,44,43,1,42,1,0,1,40,32,2,30,8,1,7,117,108,54,54,9,2,7,31,26,4,22,5,1,4,87,82,11,71,5,2,3,162,159,38,121,3,2,1,24,23,11,12,1,0,1
S01013130,269,248,77,171,21,2,19,4,4,0,4,0,0,0,24,24,1,23,0,0,0,17,13,1,12,4,0,4,60,57,37,20,3,0,3,25,22,1,21,3,1,2,34,31,5,26,3,0,3,91,86,28,58,5,1,4,14,11,4,7,3,0,3
S01013131,304,290,96,194,14,2,12,1,1,0,1,0,0,0,24,24,3,21,0,0,0,25,23,0,23,2,0,2,86,81,44,37,5,0,5,23,20,5,15,3,1,2,43,41,14,27,2,1,1,88,88,28,60,0,0,0,14,12,2,10,2,0,2
S01013132,239,218,70,148,21,8,13,3,3,0,3,0,0,0,20,18,1,17,2,1,1,16,12,0,12,4,1,3,60,60,34,26,0,0,0,14,8,2,6,6,2,4,37,32,9,23,5,2,3,75,74,20,54,1,0,1,14,11,4,7,3,2,1
S01013133,329,310,77,233,19,5,14,5,5,1,4,0,0,0,32,31,2,29,1,0,1,24,19,2,17,5,0,5,66,65,24,41,1,0,1,24,18,2,16,6,1,5,48,45,9,36,3,3,0,110,109,30,79,1,0,1,20,18,7,11,2,1,1
S01013134,382,339,103,236,43,11,32,6,6,1,5,0,0,0,22,21,3,18,1,0,1,32,19,1,18,13,1,12,87,79,39,40,8,2,6,22,17,2,15,5,1,4,51,44,12,32,7,4,3,144,139,38,101,5,2,3,18,14,7,7,4,1,3
S01013135,289,269,112,157,20,5,15,3,3,0,3,0,0,0,17,17,5,12,0,0,0,24,15,3,12,9,0,9,73,72,42,30,1,1,0,24,19,3,16,5,1,4,43,41,18,23,2,0,2,93,91,38,53,2,2,0,12,11,3,8,1,1,0
S01013136,389,367,113,254,22,6,16,5,5,1,4,0,0,0,43,41,2,39,2,1,1,35,29,0,29,6,1,5,110,108,53,55,2,0,2,23,18,6,12,5,0,5,46,45,10,35,1,0,1,112,109,40,69,3,2,1,15,12,1,11,3,2,1
S01013137,303,280,88,192,23,5,18,6,6,0,6,0,0,0,32,30,3,27,2,1,1,32,21,5,16,11,2,9,66,64,20,44,2,1,1,20,17,1,16,3,0,3,44,40,16,24,4,1,3,90,89,36,53,1,0,1,13,13,7,6,0,0,0
S01013138,250,233,84,149,17,5,12,1,1,0,1,0,0,0,12,11,1,10,1,0,1,21,18,0,18,3,0,3,72,70,41,29,2,1,1,22,18,4,14,4,0,4,35,34,11,23,1,1,0,76,74,26,48,2,0,2,11,7,1,6,4,3,1
S01013139,300,279,89,190,21,10,11,8,8,0,8,0,0,0,21,20,3,17,1,0,1,27,20,1,19,7,3,4,61,58,31,27,3,1,2,27,22,5,17,5,2,3,40,38,8,30,2,2,0,104,104,38,66,0,0,0,12,9,3,6,3,2,1
S01013140,300,276,90,186,24,4,20,4,4,0,4,0,0,0,13,12,0,12,1,1,0,23,18,3,15,5,0,5,69,68,34,34,1,0,1,29,26,3,23,3,1,2,35,31,10,21,4,1,3,110,104,31,73,6,1,5,17,13,9,4,4,0,4
S01013141,249,232,67,165,17,4,13,3,3,0,3,0,0,0,11,11,0,11,0,0,0,36,27,1,26,9,0,9,63,63,31,32,0,0,0,17,15,2,13,2,1,1,40,38,4,34,2,2,0,74,70,28,42,4,1,3,5,5,1,4,0,0,0
S01013142,256,235,69,166,21,3,18,5,5,0,5,0,0,0,10,10,0,10,0,0,0,22,17,0,17,5,1,4,74,69,36,33,5,1,4,24,18,3,15,6,0,6,35,34,3,31,1,0,1,72,70,24,46,2,1,1,14,12,3,9,2,0,2
S01013143,384,357,102,255,27,8,19,3,3,0,3,0,0,0,30,30,0,30,0,0,0,36,32,3,29,4,0,4,71,67,27,40,4,0,4,21,19,2,17,2,2,0,64,56,12,44,8,2,6,132,129,51,78,3,2,1,27,21,7,14,6,2,4
S01013144,377,352,111,241,25,6,19,2,2,0,2,0,0,0,32,30,2,28,2,1,1,40,30,0,30,10,2,8,71,70,36,34,1,0,1,31,25,6,19,6,1,5,43,41,8,33,2,0,2,142,140,50,90,2,1,1,16,14,9,5,2,1,1
S01013145,297,275,92,183,22,6,16,6,6,0,6,0,0,0,29,27,0,27,2,0,2,24,18,2,16,6,0,6,68,64,38,26,4,3,1,18,15,3,12,3,1,2,44,44,11,33,0,0,0,94,93,32,61,1,0,1,14,8,6,2,6,2,4
S01013146,190,168,46,122,22,5,17,9,9,1,8,0,0,0,9,9,1,8,0,0,0,30,18,1,17,12,2,10,30,29,19,10,1,0,1,8,4,2,2,4,0,4,30,29,4,25,1,0,1,69,66,16,50,3,2,1,5,4,2,2,1,1,0
S01013147,337,301,107,194,36,12,24,7,7,1,6,0,0,0,15,15,0,15,0,0,0,38,27,1,26,11,3,8,58,53,32,21,5,1,4,30,24,3,21,6,1,5,42,35,10,25,7,2,5,130,124,51,73,6,4,2,17,16,9,7,1,1,0
S01013148,384,358,76,282,26,4,22,7,7,0,7,0,0,0,37,35,2,33,2,1,1,30,22,1,21,8,0,8,63,62,26,36,1,0,1,37,31,5,26,6,0,6,51,48,5,43,3,2,1,143,139,33,106,4,1,3,16,14,4,10,2,0,2
S01013149,414,394,91,303,20,4,16,7,7,0,7,0,0,0,48,46,3,43,2,1,1,33,27,5,22,6,1,5,64,61,24,37,3,0,3,31,28,9,19,3,0,3,53,53,5,48,0,0,0,160,156,42,114,4,1,3,18,16,3,13,2,1,1
S01013150,377,351,112,239,26,9,17,4,4,0,4,0,0,0,34,33,3,30,1,0,1,29,24,2,22,5,1,4,75,71,37,34,4,1,3,26,22,5,17,4,0,4,50,48,6,42,2,0,2,147,140,56,84,7,4,3,12,9,3,6,3,3,0
S01013151,299,268,61,207,31,10,21,9,9,1,8,0,0,0,27,24,3,21,3,0,3,24,16,1,15,8,2,6,55,49,16,33,6,1,5,19,14,1,13,5,1,4,58,52,13,39,6,3,3,96,95,25,70,1,1,0,11,9,1,8,2,2,0
S01013152,424,384,117,267,40,8,32,5,3,0,3,2,0,2,38,37,4,33,1,1,0,52,35,1,34,17,0,17,80,76,35,41,4,3,1,26,23,7,16,3,1,2,57,52,12,40,5,1,4,144,138,50,88,6,2,4,22,20,8,12,2,0,2
S01013153,311,289,88,201,22,8,14,9,9,1,8,0,0,0,23,23,1,22,0,0,0,26,20,0,20,6,1,5,80,78,41,37,2,1,1,21,18,6,12,3,1,2,41,37,8,29,4,3,1,92,89,24,65,3,2,1,19,15,7,8,4,0,4
S01013154,428,408,155,253,20,3,17,16,14,3,11,2,0,2,35,34,7,27,1,0,1,31,24,1,23,7,0,7,108,105,67,38,3,1,2,25,21,4,17,4,1,3,65,64,12,52,1,0,1,125,123,53,70,2,1,1,23,23,8,15,0,0,0
S01013155,362,340,122,218,22,5,17,2,2,0,2,0,0,0,24,23,4,19,1,0,1,21,16,3,13,5,0,5,92,89,46,43,3,0,3,26,20,4,16,6,3,3,59,56,15,41,3,0,3,113,112,42,70,1,1,0,25,22,8,14,3,1,2
S01013156,336,323,121,202,13,3,10,6,5,0,5,1,0,1,24,22,2,20,2,0,2,21,17,2,15,4,0,4,90,89,48,41,1,1,0,26,24,4,20,2,0,2,48,45,13,32,3,2,1,100,100,46,54,0,0,0,21,21,6,15,0,0,0
S01013157,372,353,111,242,19,6,13,6,5,1,4,1,0,1,31,31,1,30,0,0,0,28,22,1,21,6,1,5,90,87,37,50,3,0,3,21,20,6,14,1,1,0,50,46,14,32,4,1,3,123,120,41,79,3,3,0,23,22,10,12,1,0,1
S01013158,293,253,72,181,40,10,30,8,5,0,5,3,0,3,25,22,1,21,3,0,3,24,14,1,13,10,1,9,49,46,24,22,3,1,2,21,19,2,17,2,0,2,42,34,11,23,8,3,5,107,102,30,72,5,3,2,17,11,3,8,6,2,4
S01013159,367,330,105,225,37,10,27,5,5,0,5,0,0,0,34,34,0,34,0,0,0,32,26,3,23,6,0,6,74,67,33,34,7,3,4,37,26,8,18,11,3,8,57,48,13,35,9,1,8,109,107,38,69,2,2,0,19,17,10,7,2,1,1
S01013160,396,350,122,228,46,9,37,5,5,0,5,0,0,0,38,35,1,34,3,0,3,42,26,4,22,16,1,15,74,64,36,28,10,1,9,23,18,4,14,5,1,4,54,50,18,32,4,2,2,145,142,56,86,3,2,1,15,10,3,7,5,2,3
S01013161,506,469,127,342,37,12,25,8,8,0,8,0,0,0,42,41,2,39,1,0,1,56,45,6,39,11,3,8,95,91,31,60,4,1,3,44,37,5,32,7,2,5,69,64,14,50,5,2,3,156,152,55,97,4,3,1,36,31,14,17,5,1,4
S01013162,339,307,83,224,32,8,24,5,5,0,5,0,0,0,27,27,0,27,0,0,0,41,27,4,23,14,1,13,53,52,25,27,1,0,1,24,19,3,16,5,1,4,52,49,12,37,3,2,1,119,116,33,83,3,2,1,18,12,6,6,6,2,4
S01013163,401,375,99,276,26,4,22,6,5,0,5,1,0,1,44,41,1,40,3,0,3,38,27,4,23,11,1,10,70,69,29,40,1,0,1,19,17,1,16,2,0,2,63,57,14,43,6,2,4,149,148,47,101,1,0,1,12,11,3,8,1,1,0
S01013164,448,387,115,272,61,16,45,17,14,1,13,3,0,3,39,35,1,34,4,1,3,45,32,3,29,13,3,10,76,66,35,31,10,1,9,40,30,8,22,10,5,5,58,48,16,32,10,4,6,150,142,43,99,8,1,7,23,20,8,12,3,1,2
S01013165,405,361,113,248,44,9,35,7,6,0,6,1,0,1,28,25,2,23,3,1,2,42,27,1,26,15,2,13,75,70,35,35,5,3,2,30,25,4,21,5,0,5,62,58,15,43,4,1,3,135,131,48,83,4,1,3,26,19,8,11,7,1,6
S01013166,246,229,72,157,17,4,13,2,2,0,2,0,0,0,22,22,2,20,0,0,0,23,16,1,15,7,1,6,71,71,36,35,0,0,0,14,12,0,12,2,0,2,34,31,6,25,3,2,1,67,64,21,43,3,1,2,13,11,6,5,2,0,2
S01013167,253,234,67,167,19,6,13,4,4,0,4,0,0,0,29,27,1,26,2,1,1,29,23,1,22,6,0,6,56,50,29,21,6,2,4,15,15,2,13,0,0,0,39,38,7,31,1,1,0,69,67,23,44,2,2,0,12,10,4,6,2,0,2
S01013168,344,323,103,220,21,10,11,3,3,0,3,0,0,0,31,30,1,29,1,1,0,26,23,1,22,3,1,2,88,86,43,43,2,2,0,26,20,2,18,6,2,4,50,46,12,34,4,2,2,102,100,38,62,2,1,1,18,15,6,9,3,1,2
S01013169,321,290,91,199,31,8,23,3,3,0,3,0,0,0,25,23,2,21,2,0,2,29,20,2,18,9,1,8,65,60,30,30,5,2,3,24,20,3,17,4,1,3,47,45,10,35,2,0,2,113,111,41,70,2,1,1,15,8,3,5,7,3,4
S01013170,199,184,56,128,15,0,15,5,5,0,5,0,0,0,16,15,2,13,1,0,1,21,17,1,16,4,0,4,44,42,17,25,2,0,2,15,10,1,9,5,0,5,21,20,5,15,1,0,1,61,61,26,35,0,0,0,16,14,4,10,2,0,2
S01013171,334,304,87,217,30,7,23,10,7,0,7,3,0,3,32,30,2,28,2,0,2,26,21,1,20,5,1,4,58,55,31,24,3,0,3,23,19,1,18,4,0,4,52,48,11,37,4,1,3,119,114,37,77,5,2,3,14,10,4,6,4,3,1
S01013172,348,331,96,235,17,4,13,8,8,0,8,0,0,0,32,30,2,28,2,1,1,22,16,2,14,6,0,6,61,59,26,33,2,0,2,34,29,2,27,5,2,3,59,59,19,40,0,0,0,114,114,39,75,0,0,0,18,16,6,10,2,1,1
S01013173,436,411,107,304,25,6,19,5,4,0,4,1,1,0,49,47,3,44,2,0,2,35,30,3,27,5,0,5,61,58,31,27,3,2,1,47,40,8,32,7,2,5,73,70,14,56,3,1,2,149,147,43,104,2,0,2,17,15,5,10,2,0,2
S01013174,458,418,108,310,40,14,26,11,8,0,8,3,1,2,40,37,2,35,3,0,3,38,32,1,31,6,1,5,60,55,27,28,5,1,4,33,27,3,24,6,2,4,72,63,12,51,9,4,5,189,185,60,125,4,2,2,15,11,3,8,4,3,1
S01013175,452,419,95,324,33,4,29,8,8,1,7,0,0,0,37,37,5,32,0,0,0,28,21,0,21,7,0,7,86,78,25,53,8,0,8,33,30,4,26,3,1,2,70,62,13,49,8,3,5,168,163,45,118,5,0,5,22,20,2,18,2,0,2
S01013176,371,339,78,261,32,7,25,11,10,0,10,1,1,0,31,28,2,26,3,0,3,29,25,4,21,4,1,3,55,51,24,27,4,0,4,24,19,2,17,5,0,5,73,67,10,57,6,1,5,126,122,33,89,4,2,2,22,17,3,14,5,2,3
S01013177,336,313,62,251,23,5,18,11,9,1,8,2,0,2,22,22,2,20,0,0,0,29,24,1,23,5,0,5,49,44,15,29,5,2,3,38,33,3,30,5,1,4,60,58,10,48,2,0,2,117,116,29,87,1,1,0,10,7,1,6,3,1,2
S01013178,380,351,93,258,29,4,25,11,10,0,10,1,0,1,34,30,2,28,4,0,4,25,16,1,15,9,0,9,45,43,21,22,2,0,2,26,25,1,24,1,0,1,70,63,18,45,7,2,5,151,147,43,104,4,2,2,18,17,7,10,1,0,1
S01013179,409,361,98,263,48,11,37,11,9,0,9,2,0,2,37,31,5,26,6,2,4,32,23,2,21,9,1,8,87,76,38,38,11,3,8,30,27,6,21,3,0,3,57,51,7,44,6,2,4,136,132,37,95,4,1,3,19,12,3,9,7,2,5
S01013180,253,233,68,165,20,6,14,5,4,0,4,1,0,1,24,24,1,23,0,0,0,17,12,3,9,5,0,5,53,49,22,27,4,1,3,15,14,3,11,1,0,1,33,29,6,23,4,1,3,95,92,31,61,3,2,1,11,9,2,7,2,2,0
S01013181,363,339,84,255,24,7,17,4,4,0,4,0,0,0,43,40,1,39,3,1,2,36,28,2,26,8,0,8,48,46,27,19,2,0,2,31,25,4,21,6,3,3,46,45,9,36,1,0,1,139,137,37,100,2,1,1,16,14,4,10,2,2,0
S01013182,310,293,82,211,17,3,14,5,5,1,4,0,0,0,30,30,0,30,0,0,0,27,17,2,15,10,1,9,61,61,28,33,0,0,0,26,22,1,21,4,0,4,27,26,5,21,1,0,1,118,118,41,77,0,0,0,16,14,4,10,2,2,0
S01013183,458,427,110,317,31,9,22,13,13,0,13,0,0,0,41,39,3,36,2,1,1,38,23,3,20,15,3,12,79,76,38,38,3,1,2,31,28,1,27,3,1,2,48,44,7,37,4,1,3,193,191,50,141,2,1,1,15,13,8,5,2,1,1
S01013184,213,201,68,133,12,3,9,4,4,0,4,0,0,0,16,14,1,13,2,0,2,17,15,1,14,2,0,2,45,44,21,23,1,0,1,8,7,2,5,1,0,1,31,30,8,22,1,0,1,79,77,33,44,2,1,1,13,10,2,8,3,2,1
S01013185,323,308,94,214,15,11,4,10,10,0,10,0,0,0,22,19,1,18,3,1,2,20,18,0,18,2,2,0,67,66,35,31,1,1,0,30,26,0,26,4,3,1,43,41,5,36,2,2,0,111,109,47,62,2,1,1,20,19,6,13,1,1,0
S01013186,293,276,87,189,17,4,13,3,3,0,3,0,0,0,40,38,4,34,2,0,2,23,19,1,18,4,0,4,74,74,40,34,0,0,0,22,17,3,14,5,0,5,34,32,4,28,2,0,2,81,78,31,47,3,3,0,16,15,4,11,1,1,0
S01013187,352,332,93,239,20,7,13,8,8,1,7,0,0,0,38,36,6,30,2,1,1,19,15,0,15,4,1,3,84,82,33,49,2,1,1,23,20,5,15,3,0,3,36,35,5,30,1,0,1,127,124,38,86,3,3,0,17,12,5,7,5,1,4
S01013188,469,444,117,327,25,9,16,9,9,0,9,0,0,0,39,38,1,37,1,0,1,40,30,2,28,10,2,8,80,78,36,42,2,1,1,30,27,6,21,3,2,1,68,64,13,51,4,2,2,184,180,51,129,4,2,2,19,18,8,10,1,0,1
S01013189,318,292,91,201,26,2,24,14,11,0,11,3,1,2,27,26,1,25,1,0,1,20,12,1,11,8,0,8,74,67,41,26,7,1,6,7,6,1,5,1,0,1,38,35,7,28,3,0,3,122,120,37,83,2,0,2,16,15,3,12,1,0,1
S01013190,378,353,109,244,25,7,18,7,7,2,5,0,0,0,32,31,3,28,1,0,1,33,21,2,19,12,1,11,62,58,33,25,4,2,2,29,26,2,24,3,0,3,57,54,14,40,3,3,0,139,139,43,96,0,0,0,19,17,10,7,2,1,1
S01013191,587,541,141,400,46,9,37,16,16,0,16,0,0,0,66,65,5,60,1,0,1,48,35,1,34,13,2,11,86,77,49,28,9,2,7,45,40,4,36,5,0,5,79,74,17,57,5,2,3,226,218,59,159,8,1,7,21,16,6,10,5,2,3
S01013192,447,413,104,309,34,14,20,8,8,2,6,0,0,0,32,31,2,29,1,1,0,37,25,2,23,12,1,11,73,69,38,31,4,3,1,24,22,5,17,2,0,2,65,64,7,57,1,0,1,192,185,44,141,7,4,3,16,9,4,5,7,5,2
S01013193,362,333,73,260,29,6,23,7,6,1,5,1,0,1,34,33,1,32,1,0,1,25,19,0,19,6,1,5,44,43,14,29,1,1,0,22,18,1,17,4,0,4,62,56,10,46,6,0,6,147,140,37,103,7,3,4,21,18,9,9,3,1,2
S01013194,328,301,79,222,27,7,20,5,5,0,5,0,0,0,35,31,3,28,4,0,4,25,19,1,18,6,1,5,63,57,26,31,6,2,4,20,17,3,14,3,1,2,43,39,9,30,4,1,3,114,113,30,83,1,0,1,23,20,7,13,3,2,1
S01013195,525,487,91,396,38,9,29,13,13,0,13,0,0,0,50,45,3,42,5,0,5,32,28,2,26,4,0,4,104,97,38,59,7,4,3,52,49,3,46,3,0,3,89,85,12,73,4,1,3,156,152,29,123,4,2,2,29,18,4,14,11,2,9
S01013196,389,361,74,287,28,9,19,4,4,0,4,0,0,0,44,41,3,38,3,0,3,26,19,2,17,7,1,6,60,56,22,34,4,1,3,35,30,6,24,5,3,2,49,44,7,37,5,2,3,147,147,27,120,0,0,0,24,20,7,13,4,2,2
S01013197,255,231,67,164,24,6,18,1,1,1,0,0,0,0,30,29,2,27,1,0,1,14,11,0,11,3,1,2,45,41,20,21,4,0,4,18,14,2,12,4,1,3,32,28,7,21,4,1,3,100,96,31,65,4,2,2,15,11,4,7,4,1,3
S01013198,340,299,74,225,41,8,33,4,4,0,4,0,0,0,31,29,2,27,2,0,2,36,20,2,18,16,1,15,57,53,26,27,4,1,3,30,24,3,21,6,3,3,49,42,10,32,7,1,6,118,117,29,88,1,0,1,15,10,2,8,5,2,3
S01013199,403,340,69,271,63,16,47,4,3,0,3,1,0,1,37,33,2,31,4,0,4,35,20,0,20,15,2,13,57,49,24,25,8,3,5,24,14,3,11,10,4,6,62,52,8,44,10,2,8,163,156,28,128,7,3,4,21,13,4,9,8,2,6
S01013200,306,278,82,196,28,7,21,4,4,0,4,0,0,0,23,20,2,18,3,1,2,17,15,0,15,2,0,2,54,49,28,21,5,3,2,16,12,2,10,4,0,4,50,44,7,37,6,2,4,130,126,39,87,4,1,3,12,8,4,4,4,0,4
S01013201,262,246,72,174,16,3,13,4,4,0,4,0,0,0,16,16,2,14,0,0,0,20,14,0,14,6,0,6,59,58,34,24,1,1,0,17,12,1,11,5,0,5,31,28,3,25,3,1,2,103,102,29,73,1,1,0,12,12,3,9,0,0,0
S01013202,205,193,60,133,12,4,8,3,3,1,2,0,0,0,12,12,2,10,0,0,0,13,10,0,10,3,0,3,50,48,25,23,2,2,0,11,8,0,8,3,0,3,25,23,2,21,2,1,1,77,76,26,50,1,0,1,14,13,4,9,1,1,0
S01013203,299,283,71,212,16,5,11,9,9,0,9,0,0,0,19,18,1,17,1,0,1,24,20,0,20,4,1,3,65,62,31,31,3,1,2,17,14,1,13,3,2,1,35,34,4,30,1,1,0,110,107,26,81,3,0,3,20,19,8,11,1,0,1
S01013204,422,403,93,310,19,6,13,8,8,1,7,0,0,0,25,24,0,24,1,1,0,38,30,0,30,8,3,5,64,63,32,31,1,0,1,41,40,3,37,1,0,1,49,48,10,38,1,0,1,179,177,43,134,2,1,1,18,13,4,9,5,1,4
S01013205,216,204,65,139,12,1,11,8,8,0,8,0,0,0,25,25,1,24,0,0,0,14,10,0,10,4,0,4,47,47,27,20,0,0,0,20,16,3,13,4,1,3,16,15,4,11,1,0,1,75,74,26,48,1,0,1,11,9,4,5,2,0,2
S01013206,255,242,76,166,13,3,10,2,2,0,2,0,0,0,15,15,3,12,0,0,0,20,16,3,13,4,1,3,58,56,21,35,2,0,2,25,22,4,18,3,1,2,27,24,5,19,3,0,3,90,90,31,59,0,0,0,18,17,9,8,1,1,0
S01013207,350,303,97,206,47,9,38,14,9,0,9,5,0,5,32,31,4,27,1,0,1,22,16,1,15,6,1,5,78,66,37,29,12,2,10,27,17,2,15,10,2,8,42,38,9,29,4,1,3,112,108,33,75,4,1,3,23,18,11,7,5,2,3
S01013208,389,362,107,255,27,6,21,14,14,0,14,0,0,0,29,29,4,25,0,0,0,39,31,4,27,8,0,8,92,88,44,44,4,0,4,25,17,4,13,8,3,5,41,40,11,29,1,1,0,134,132,37,95,2,1,1,15,11,3,8,4,1,3
S01013209,384,348,93,255,36,6,30,5,5,0,5,0,0,0,36,34,0,34,2,0,2,31,20,1,19,11,3,8,75,74,36,38,1,0,1,24,18,0,18,6,0,6,48,45,8,37,3,0,3,137,134,41,93,3,0,3,28,18,7,11,10,3,7
S01013210,317,279,81,198,38,8,30,5,3,0,3,2,1,1,37,34,1,33,3,0,3,27,19,1,18,8,1,7,53,45,27,18,8,1,7,16,12,0,12,4,1,3,47,41,8,33,6,1,5,112,108,38,70,4,3,1,20,17,6,11,3,0,3
S01013211,461,432,100,332,29,8,21,8,8,0,8,0,0,0,56,55,2,53,1,0,1,34,29,3,26,5,0,5,103,98,40,58,5,0,5,31,30,3,27,1,0,1,46,40,4,36,6,1,5,152,151,41,110,1,1,0,31,21,7,14,10,6,4
S01013212,380,349,88,261,31,6,25,11,10,0,10,1,0,1,32,29,0,29,3,0,3,32,24,0,24,8,2,6,67,66,31,35,1,0,1,29,20,3,17,9,1,8,52,47,9,38,5,2,3,147,145,43,102,2,1,1,10,8,2,6,2,0,2
S01013213,338,294,84,210,44,9,35,8,7,1,6,1,0,1,30,28,3,25,2,0,2,33,16,0,16,17,1,16,60,56,33,23,4,2,2,22,13,2,11,9,1,8,42,38,7,31,4,1,3,134,128,34,94,6,4,2,9,8,4,4,1,0,1
S01013214,273,250,53,197,23,5,18,4,3,0,3,1,0,1,22,20,0,20,2,0,2,23,16,1,15,7,1,6,52,50,19,31,2,0,2,25,21,3,18,4,0,4,32,29,2,27,3,1,2,106,104,26,78,2,2,0,9,7,2,5,2,1,1
S01013215,439,413,91,322,26,6,20,15,15,0,15,0,0,0,40,37,1,36,3,0,3,22,16,0,16,6,1,5,97,90,31,59,7,0,7,28,23,1,22,5,3,2,50,50,13,37,0,0,0,166,165,41,124,1,1,0,21,17,4,13,4,1,3
S01013216,265,249,77,172,16,5,11,5,5,0,5,0,0,0,19,16,1,15,3,1,2,26,22,2,20,4,2,2,71,67,33,34,4,0,4,18,17,2,15,1,0,1,30,29,6,23,1,0,1,80,79,30,49,1,0,1,16,14,3,11,2,2,0
S01013217,333,315,91,224,18,3,15,11,11,1,10,0,0,0,34,32,3,29,2,0,2,18,16,0,16,2,1,1,69,68,38,30,1,0,1,31,22,3,19,9,1,8,43,42,10,32,1,0,1,111,108,30,78,3,1,2,16,16,6,10,0,0,0
S01013218,239,221,70,151,18,7,11,7,7,0,7,0,0,0,19,18,0,18,1,0,1,10,8,1,7,2,0,2,70,67,36,31,3,2,1,22,19,5,14,3,0,3,28,24,2,22,4,3,1,69,66,23,43,3,1,2,14,12,3,9,2,1,1
S01013219,230,218,80,138,12,3,9,6,6,1,5,0,0,0,18,18,1,17,0,0,0,12,11,0,11,1,1,0,68,66,44,22,2,0,2,20,14,2,12,6,0,6,30,27,2,25,3,2,1,67,67,26,41,0,0,0,9,9,4,5,0,0,0
S01013220,248,230,76,154,18,6,12,8,7,0,7,1,1,0,27,26,2,24,1,0,1,23,19,0,19,4,1,3,57,56,27,29,1,0,1,14,11,1,10,3,1,2,32,28,7,21,4,1,3,76,75,37,38,1,0,1,11,8,2,6,3,2,1
S01013221,395,351,115,236,44,8,36,9,2,0,2,7,0,7,41,40,2,38,1,0,1,30,19,0,19,11,4,7,78,76,42,34,2,0,2,29,19,5,14,10,1,9,58,53,9,44,5,2,3,125,122,47,75,3,1,2,25,20,10,10,5,0,5
S01013222,216,198,64,134,18,6,12,1,1,0,1,0,0,0,13,11,0,11,2,0,2,25,22,0,22,3,1,2,52,50,29,21,2,1,1,16,11,2,9,5,1,4,26,25,7,18,1,1,0,68,66,21,45,2,2,0,15,12,5,7,3,0,3
S01013223,443,398,98,300,45,9,36,10,10,1,9,0,0,0,41,40,5,35,1,1,0,28,20,2,18,8,0,8,103,88,41,47,15,2,13,33,24,0,24,9,3,6,63,57,8,49,6,1,5,148,143,34,109,5,1,4,17,16,7,9,1,1,0
S01013224,415,382,99,283,33,8,25,12,11,0,11,1,0,1,40,33,1,32,7,0,7,32,24,0,24,8,1,7,86,83,40,43,3,1,2,25,24,3,21,1,0,1,58,53,9,44,5,2,3,134,130,40,90,4,1,3,28,24,6,18,4,3,1
S01013225,328,308,90,218,20,9,11,10,10,0,10,0,0,0,19,18,2,16,1,0,1,28,25,1,24,3,2,1,75,73,32,41,2,0,2,18,15,2,13,3,1,2,36,34,8,26,2,1,1,117,110,34,76,7,3,4,25,23,11,12,2,2,0
S01013226,287,265,67,198,22,4,18,10,10,1,9,0,0,0,26,26,0,26,0,0,0,16,10,1,9,6,0,6,47,44,23,21,3,0,3,25,20,1,19,5,1,4,47,45,10,35,2,0,2,104,101,29,72,3,2,1,12,9,2,7,3,1,2
S01013227,258,241,63,178,17,8,9,9,9,0,9,0,0,0,19,18,3,15,1,0,1,21,19,0,19,2,0,2,65,57,25,32,8,3,5,18,17,5,12,1,1,0,25,22,3,19,3,2,1,89,88,25,63,1,1,0,12,11,2,9,1,1,0
S01013228,357,318,79,239,39,13,26,5,5,0,5,0,0,0,30,29,3,26,1,0,1,24,13,0,13,11,1,10,66,60,27,33,6,2,4,27,22,5,17,5,1,4,57,57,8,49,0,0,0,125,114,29,85,11,7,4,23,18,7,11,5,2,3
S01013229,337,322,107,215,15,4,11,6,6,0,6,0,0,0,29,28,4,24,1,0,1,21,18,0,18,3,1,2,75,71,39,32,4,0,4,21,19,2,17,2,0,2,37,35,8,27,2,1,1,129,127,46,81,2,2,0,19,18,8,10,1,0,1
S01013230,282,269,72,197,13,2,11,4,2,0,2,2,0,2,27,26,2,24,1,0,1,25,19,0,19,6,1,5,53,52,20,32,1,1,0,17,16,3,13,1,0,1,34,32,4,28,2,0,2,118,118,39,79,0,0,0,4,4,4,0,0,0,0
S01013231,350,331,96,235,19,2,17,5,4,0,4,1,0,1,32,32,2,30,0,0,0,18,16,3,13,2,0,2,71,67,37,30,4,0,4,23,17,4,13,6,0,6,52,52,7,45,0,0,0,134,131,41,90,3,2,1,15,12,2,10,3,0,3
S01013232,295,275,71,204,20,4,16,8,8,1,7,0,0,0,29,28,1,27,1,0,1,25,20,1,19,5,0,5,56,55,32,23,1,0,1,16,12,2,10,4,1,3,45,42,6,36,3,1,2,102,98,24,74,4,1,3,14,12,4,8,2,1,1
S01013233,292,267,75,192,25,8,17,5,5,0,5,0,0,0,19,19,1,18,0,0,0,18,14,0,14,4,1,3,68,60,25,35,8,2,6,28,19,1,18,9,2,7,28,26,2,24,2,1,1,114,113,41,72,1,1,0,12,11,5,6,1,1,0
S01013234,235,208,66,142,27,3,24,2,0,0,0,2,1,1,14,11,0,11,3,0,3,18,13,0,13,5,2,3,53,45,24,21,8,0,8,15,14,2,12,1,0,1,33,29,4,25,4,0,4,91,90,32,58,1,0,1,9,6,4,2,3,0,3
S01013235,396,358,74,284,38,11,27,11,11,1,10,0,0,0,52,48,2,46,4,2,2,27,22,2,20,5,1,4,66,58,26,32,8,2,6,25,19,4,15,6,1,5,63,56,6,50,7,1,6,130,127,30,97,3,1,2,22,17,3,14,5,3,2
S01013236,396,332,109,223,64,12,52,15,11,1,10,4,0,4,30,26,2,24,4,1,3,29,19,2,17,10,0,10,87,68,36,32,19,3,16,25,20,1,19,5,0,5,43,36,9,27,7,3,4,133,130,50,80,3,1,2,34,22,8,14,12,4,8
S01013237,429,389,95,294,40,12,28,11,8,2,6,3,1,2,41,40,1,39,1,0,1,35,24,0,24,11,3,8,80,69,37,32,11,1,10,21,19,0,19,2,1,1,69,68,11,57,1,0,1,148,142,37,105,6,4,2,24,19,7,12,5,2,3
S01013238,258,240,82,158,18,2,16,2,1,0,1,1,0,1,26,25,3,22,1,0,1,19,15,1,14,4,0,4,78,74,37,37,4,0,4,11,9,2,7,2,0,2,26,23,7,16,3,1,2,88,86,27,59,2,1,1,8,7,5,2,1,0,1
S01013239,336,320,110,210,16,5,11,10,10,1,9,0,0,0,25,25,3,22,0,0,0,17,15,2,13,2,0,2,77,72,38,34,5,1,4,22,17,5,12,5,2,3,46,45,17,28,1,1,0,120,118,40,78,2,1,1,19,18,4,14,1,0,1
S01013240,204,189,70,119,15,5,10,4,4,0,4,0,0,0,7,7,1,6,0,0,0,7,6,0,6,1,0,1,70,68,30,38,2,0,2,17,11,3,8,6,2,4,30,27,9,18,3,1,2,63,60,25,35,3,2,1,6,6,2,4,0,0,0
S01013241,455,407,104,303,48,12,36,15,12,1,11,3,0,3,34,33,1,32,1,0,1,32,25,3,22,7,1,6,75,69,33,36,6,1,5,28,24,3,21,4,1,3,56,45,6,39,11,3,8,191,182,54,128,9,3,6,24,17,3,14,7,3,4
S01013242,299,212,70,142,87,20,67,20,8,0,8,12,0,12,16,12,3,9,4,1,3,28,13,3,10,15,3,12,75,54,25,29,21,2,19,19,14,5,9,5,0,5,43,26,5,21,17,8,9,86,78,26,52,8,3,5,12,7,3,4,5,3,2
S01013243,329,296,75,221,33,5,28,11,11,0,11,0,0,0,51,50,4,46,1,0,1,30,17,2,15,13,0,13,69,67,23,44,2,1,1,26,23,3,20,3,1,2,45,38,4,34,7,0,7,81,79,32,47,2,0,2,16,11,7,4,5,3,2
S01013244,284,255,60,195,29,10,19,4,3,0,3,1,0,1,34,32,1,31,2,1,1,29,22,2,20,7,0,7,49,42,17,25,7,3,4,42,37,7,30,5,2,3,20,17,2,15,3,2,1,91,88,28,60,3,2,1,15,14,3,11,1,0,1
S01013245,505,449,123,326,56,12,44,11,11,1,10,0,0,0,73,71,7,64,2,0,2,46,34,0,34,12,1,11,100,87,38,49,13,3,10,54,46,7,39,8,2,6,75,62,18,44,13,2,11,128,124,48,76,4,2,2,18,14,4,10,4,2,2
S01013246,240,211,42,169,29,10,19,5,4,0,4,1,1,0,54,48,2,46,6,2,4,27,17,1,16,10,1,9,40,38,14,24,2,1,1,17,15,2,13,2,0,2,38,34,4,30,4,1,3,53,52,17,35,1,1,0,6,3,2,1,3,3,0
S01013247,318,290,80,210,28,4,24,8,8,0,8,0,0,0,47,46,3,43,1,0,1,38,23,1,22,15,0,15,70,65,28,37,5,1,4,31,31,8,23,0,0,0,27,25,3,22,2,0,2,81,80,33,47,1,1,0,16,12,4,8,4,2,2
S01013248,265,249,76,173,16,3,13,2,2,0,2,0,0,0,50,50,3,47,0,0,0,27,18,1,17,9,1,8,66,63,32,31,3,1,2,19,19,6,13,0,0,0,33,31,9,22,2,1,1,58,57,22,35,1,0,1,10,9,3,6,1,0,1
S01013249,225,208,48,160,17,4,13,4,4,0,4,0,0,0,39,39,1,38,0,0,0,19,12,0,12,7,0,7,32,31,16,15,1,1,0,32,27,7,20,5,2,3,32,31,6,25,1,0,1,58,56,14,42,2,1,1,9,8,4,4,1,0,1
S01013250,471,359,93,266,112,30,82,42,11,1,10,31,5,26,44,38,4,34,6,2,4,36,25,4,21,11,1,10,77,67,31,36,10,2,8,47,33,7,26,14,2,12,73,56,10,46,17,3,14,123,113,29,84,10,9,1,29,16,7,9,13,6,7
S01013251,291,272,78,194,19,8,11,6,6,0,6,0,0,0,41,41,8,33,0,0,0,39,34,0,34,5,1,4,55,53,24,29,2,1,1,30,26,4,22,4,1,3,44,39,9,30,5,3,2,68,67,30,37,1,1,0,8,6,3,3,2,1,1
S01013252,314,277,75,202,37,9,28,6,5,1,4,1,0,1,41,41,2,39,0,0,0,31,17,0,17,14,3,11,81,76,32,44,5,2,3,31,26,4,22,5,0,5,45,40,10,30,5,2,3,67,64,24,40,3,1,2,12,8,2,6,4,1,3
S01013253,342,314,71,243,28,6,22,10,9,0,9,1,0,1,49,48,2,46,1,0,1,34,23,1,22,11,1,10,78,74,25,49,4,1,3,31,29,3,26,2,0,2,43,39,6,33,4,3,1,82,80,31,49,2,0,2,15,12,3,9,3,1,2
S01013254,263,237,63,174,26,11,15,4,4,0,4,0,0,0,40,40,0,40,0,0,0,28,22,3,19,6,1,5,67,63,26,37,4,1,3,32,27,4,23,5,2,3,30,28,5,23,2,0,2,50,48,21,27,2,2,0,12,5,4,1,7,5,2
S01013255,453,402,111,291,51,12,39,13,8,1,7,5,0,5,62,61,10,51,1,0,1,56,44,1,43,12,3,9,106,95,39,56,11,1,10,46,40,9,31,6,2,4,55,47,10,37,8,0,8,97,94,33,61,3,2,1,18,13,8,5,5,4,1
S01013256,349,302,73,229,47,12,35,3,2,0,2,1,0,1,41,38,0,38,3,1,2,28,19,1,18,9,1,8,59,48,20,28,11,3,8,40,34,7,27,6,1,5,69,61,14,47,8,3,5,93,90,25,65,3,0,3,16,10,6,4,6,3,3
S01013257,362,322,79,243,40,8,32,7,6,0,6,1,0,1,37,36,4,32,1,0,1,41,31,4,27,10,1,9,79,69,26,43,10,0,10,29,25,6,19,4,2,2,48,45,8,37,3,0,3,102,96,27,69,6,2,4,19,14,4,10,5,3,2
S01013258,391,348,99,249,43,7,36,7,6,0,6,1,0,1,45,40,3,37,5,0,5,31,19,0,19,12,1,11,73,69,36,33,4,1,3,40,34,10,24,6,2,4,61,54,12,42,7,3,4,117,113,31,82,4,0,4,17,13,7,6,4,0,4
S01013259,398,363,109,254,35,8,27,5,5,0,5,0,0,0,40,38,4,34,2,2,0,34,22,2,20,12,1,11,80,74,35,39,6,2,4,48,44,9,35,4,0,4,56,51,10,41,5,1,4,109,105,38,67,4,1,3,26,24,11,13,2,1,1
S01013260,385,368,88,280,17,4,13,9,9,2,7,0,0,0,55,55,5,50,0,0,0,41,34,4,30,7,1,6,79,77,33,44,2,1,1,38,36,5,31,2,1,1,57,56,16,40,1,0,1,91,89,19,70,2,0,2,15,12,4,8,3,1,2
S01013261,355,330,86,244,25,8,17,5,4,0,4,1,0,1,60,58,6,52,2,1,1,40,28,1,27,12,1,11,84,80,26,54,4,3,1,29,27,8,19,2,1,1,41,39,7,32,2,2,0,82,80,32,48,2,0,2,14,14,6,8,0,0,0
S01013262,289,256,68,188,33,9,24,6,6,0,6,0,0,0,41,41,2,39,0,0,0,33,22,1,21,11,1,10,72,66,28,38,6,2,4,29,19,1,18,10,3,7,37,35,8,27,2,1,1,62,59,26,33,3,2,1,9,8,2,6,1,0,1
S01013263,283,243,63,180,40,15,25,5,5,0,5,0,0,0,29,27,3,24,2,0,2,22,17,2,15,5,1,4,41,32,12,20,9,2,7,17,14,0,14,3,0,3,76,70,16,54,6,3,3,77,69,27,42,8,3,5,16,9,3,6,7,6,1
S01013264,292,263,89,174,29,11,18,5,5,0,5,0,0,0,28,26,2,24,2,0,2,19,15,1,14,4,2,2,55,49,35,14,6,1,5,23,18,3,15,5,1,4,66,58,12,46,8,4,4,87,84,31,53,3,3,0,9,8,5,3,1,0,1
S01013265,381,326,77,249,55,15,40,9,8,0,8,1,0,1,28,26,1,25,2,0,2,31,24,5,19,7,1,6,70,61,26,35,9,1,8,40,33,2,31,7,3,4,105,87,14,73,18,4,14,86,76,25,51,10,5,5,12,11,4,7,1,1,0
S01013266,333,298,73,225,35,7,28,5,4,0,4,1,0,1,45,43,9,34,2,0,2,16,12,1,11,4,0,4,56,53,22,31,3,2,1,42,37,10,27,5,0,5,71,56,11,45,15,3,12,89,87,19,68,2,0,2,9,6,1,5,3,2,1
S01013267,245,221,66,155,24,11,13,6,6,1,5,0,0,0,32,30,2,28,2,1,1,7,5,1,4,2,1,1,64,60,30,30,4,1,3,20,18,2,16,2,0,2,41,32,6,26,9,5,4,59,57,19,38,2,2,0,16,13,5,8,3,1,2
S01013268,423,389,110,279,34,13,21,9,9,0,9,0,0,0,39,39,8,31,0,0,0,34,27,1,26,7,0,7,89,86,42,44,3,1,2,49,43,6,37,6,2,4,76,70,12,58,6,2,4,110,100,38,62,10,6,4,17,15,3,12,2,2,0
S01013269,570,511,121,390,59,21,38,11,7,0,7,4,1,3,47,44,0,44,3,1,2,37,29,2,27,8,1,7,112,103,40,63,9,4,5,88,77,11,66,11,4,7,101,89,20,69,12,5,7,156,150,45,105,6,1,5,18,12,3,9,6,4,2
S01013270,468,411,98,313,57,11,46,9,9,0,9,0,0,0,48,42,2,40,6,0,6,44,31,3,28,13,2,11,63,58,20,38,5,2,3,50,43,6,37,7,0,7,118,104,14,90,14,2,12,126,118,51,67,8,3,5,10,6,2,4,4,2,2
S01013271,293,245,50,195,48,18,30,6,6,0,6,0,0,0,26,26,2,24,0,0,0,15,11,1,10,4,1,3,34,30,12,18,4,1,3,28,21,2,19,7,3,4,82,61,8,53,21,7,14,88,81,22,59,7,2,5,14,9,3,6,5,4,1
S01013272,421,375,93,282,46,9,37,1,1,0,1,0,0,0,47,44,4,40,3,1,2,22,16,1,15,6,0,6,71,64,27,37,7,0,7,37,33,3,30,4,0,4,110,92,14,78,18,4,14,118,114,40,74,4,1,3,15,11,4,7,4,3,1
S01013273,536,462,123,339,74,16,58,7,7,0,7,0,0,0,49,44,5,39,5,1,4,27,21,2,19,6,0,6,110,89,42,47,21,7,14,50,38,7,31,12,3,9,140,121,18,103,19,1,18,134,127,42,85,7,1,6,19,15,7,8,4,3,1
S01013274,449,408,69,339,41,9,32,9,9,0,9,0,0,0,35,32,0,32,3,1,2,33,27,0,27,6,2,4,90,82,25,57,8,1,7,58,50,6,44,8,1,7,82,72,12,60,10,3,7,129,126,26,100,3,1,2,13,10,0,10,3,0,3
S01013275,369,309,84,225,60,18,42,2,2,1,1,0,0,0,38,33,2,31,5,1,4,23,17,3,14,6,1,5,99,84,40,44,15,4,11,37,27,3,24,10,4,6,67,57,10,47,10,5,5,97,85,23,62,12,3,9,6,4,2,2,2,0,2
S01013276,378,347,77,270,31,10,21,6,6,0,6,0,0,0,34,33,3,30,1,1,0,36,25,2,23,11,1,10,84,80,31,49,4,2,2,34,29,1,28,5,1,4,77,72,13,59,5,3,2,97,95,25,70,2,0,2,10,7,2,5,3,2,1
S01013277,451,425,116,309,26,8,18,9,8,0,8,1,0,1,47,47,4,43,0,0,0,41,33,0,33,8,1,7,124,120,47,73,4,0,4,49,45,7,38,4,2,2,59,58,16,42,1,1,0,105,99,39,60,6,3,3,17,15,3,12,2,1,1
S01013278,352,323,103,220,29,7,22,3,3,0,3,0,0,0,47,45,2,43,2,1,1,23,15,1,14,8,1,7,104,104,57,47,0,0,0,40,31,10,21,9,1,8,48,47,12,35,1,1,0,76,70,17,53,6,2,4,11,8,4,4,3,1,2
S01013279,311,294,95,199,17,4,13,2,2,0,2,0,0,0,36,35,3,32,1,0,1,19,14,1,13,5,0,5,88,88,44,44,0,0,0,42,38,7,31,4,0,4,48,45,16,29,3,3,0,65,64,23,41,1,0,1,11,8,1,7,3,1,2
S01013280,272,251,64,187,21,12,9,7,7,0,7,0,0,0,28,28,0,28,0,0,0,17,13,0,13,4,1,3,64,59,26,33,5,3,2,35,32,8,24,3,1,2,42,38,8,30,4,3,1,70,66,22,44,4,3,1,9,8,0,8,1,1,0
S01013281,417,383,122,261,34,11,23,8,8,0,8,0,0,0,55,52,6,46,3,0,3,22,17,0,17,5,0,5,104,100,54,46,4,1,3,42,34,7,27,8,2,6,73,65,15,50,8,5,3,104,101,36,65,3,1,2,9,6,4,2,3,2,1
S01013282,384,367,104,263,17,6,11,10,10,0,10,0,0,0,34,33,4,29,1,1,0,24,22,1,21,2,0,2,111,110,43,67,1,0,1,47,42,5,37,5,0,5,42,41,10,31,1,1,0,97,91,31,60,6,3,3,19,18,10,8,1,1,0
S01013283,386,363,67,296,23,7,16,12,12,0,12,0,0,0,41,40,3,37,1,0,1,19,16,0,16,3,2,1,106,99,35,64,7,2,5,73,63,5,58,10,3,7,61,61,9,52,0,0,0,65,63,14,49,2,0,2,9,9,1,8,0,0,0
S01013284,419,386,79,307,33,11,22,7,7,0,7,0,0,0,31,31,4,27,0,0,0,20,17,0,17,3,0,3,70,65,25,40,5,0,5,55,49,6,43,6,2,4,82,75,8,67,7,3,4,140,134,35,99,6,3,3,14,8,1,7,6,3,3
S01013285,395,377,103,274,18,4,14,8,6,0,6,2,0,2,31,31,8,23,0,0,0,22,20,0,20,2,1,1,83,78,31,47,5,0,5,52,47,10,37,5,2,3,74,72,19,53,2,1,1,117,116,34,82,1,0,1,8,7,1,6,1,0,1
S01013286,408,373,90,283,35,10,25,7,7,0,7,0,0,0,38,37,5,32,1,0,1,33,22,0,22,11,3,8,77,73,33,40,4,0,4,40,35,4,31,5,2,3,66,61,12,49,5,1,4,132,129,34,95,3,1,2,15,9,2,7,6,3,3
S01013287,492,441,121,320,51,11,40,9,9,0,9,0,0,0,41,39,5,34,2,0,2,23,19,1,18,4,0,4,85,81,42,39,4,0,4,56,43,6,37,13,0,13,109,93,20,73,16,6,10,156,146,44,102,10,5,5,13,11,3,8,2,0,2
S01013288,309,271,57,214,38,15,23,7,5,0,5,2,1,1,26,26,1,25,0,0,0,20,14,2,12,6,2,4,68,57,20,37,11,2,9,32,32,5,27,0,0,0,56,47,5,42,9,3,6,91,82,22,60,9,6,3,9,8,2,6,1,1,0
S01013289,395,312,91,221,83,16,67,25,16,1,15,9,1,8,19,18,2,16,1,0,1,39,28,6,22,11,2,9,55,38,14,24,17,5,12,29,22,7,15,7,0,7,82,64,16,48,18,2,16,124,111,42,69,13,5,8,22,15,3,12,7,1,6
S01013290,491,447,125,322,44,12,32,11,11,2,9,0,0,0,30,27,2,25,3,0,3,26,18,1,17,8,1,7,97,89,40,49,8,2,6,34,34,4,30,0,0,0,95,85,25,60,10,1,9,168,158,45,113,10,4,6,30,25,6,19,5,4,1
S01013291,419,372,87,285,47,20,27,10,9,0,9,1,1,0,23,22,1,21,1,0,1,25,17,0,17,8,1,7,80,74,30,44,6,0,6,42,35,4,31,7,3,4,112,101,18,83,11,4,7,112,104,33,71,8,6,2,15,10,1,9,5,5,0
S01013292,438,402,111,291,36,10,26,4,3,0,3,1,0,1,38,37,2,35,1,0,1,24,17,0,17,7,2,5,103,89,43,46,14,1,13,54,51,9,42,3,1,2,74,70,9,61,4,2,2,120,116,36,80,4,3,1,21,19,12,7,2,1,1
S01013293,411,360,83,277,51,12,39,7,5,0,5,2,1,1,20,19,0,19,1,0,1,38,32,3,29,6,0,6,78,68,22,46,10,2,8,38,27,3,24,11,1,10,88,76,16,60,12,3,9,129,126,36,90,3,2,1,13,7,3,4,6,3,3
S01013294,418,382,105,277,36,13,23,10,10,0,10,0,0,0,34,30,1,29,4,0,4,23,17,1,16,6,3,3,85,79,30,49,6,3,3,42,40,9,31,2,1,1,70,64,15,49,6,1,5,134,127,42,85,7,4,3,20,15,7,8,5,1,4
S01013295,460,418,109,309,42,11,31,8,8,0,8,0,0,0,35,34,3,31,1,0,1,34,27,1,26,7,2,5,101,86,37,49,15,3,12,46,39,4,35,7,1,6,98,93,19,74,5,2,3,116,112,41,71,4,2,2,22,19,4,15,3,1,2
S01013296,318,293,83,210,25,8,17,13,12,1,11,1,1,0,26,25,4,21,1,0,1,27,17,1,16,10,2,8,73,70,29,41,3,1,2,35,33,6,27,2,1,1,49,46,8,38,3,0,3,82,81,31,50,1,0,1,13,9,3,6,4,3,1
S01013297,348,313,96,217,35,6,29,13,12,0,12,1,1,0,28,25,2,23,3,0,3,26,17,1,16,9,1,8,71,68,35,33,3,0,3,43,33,9,24,10,0,10,60,57,14,43,3,0,3,90,88,30,58,2,1,1,17,13,5,8,4,3,1
S01013298,323,273,79,194,50,17,33,8,5,0,5,3,1,2,25,23,3,20,2,1,1,27,22,0,22,5,0,5,69,54,20,34,15,5,10,36,31,8,23,5,1,4,59,53,17,36,6,2,4,80,71,25,46,9,4,5,19,14,6,8,5,3,2
S01013299,520,482,127,355,38,14,24,10,10,0,10,0,0,0,50,50,3,47,0,0,0,38,32,3,29,6,2,4,116,107,45,62,9,1,8,65,60,10,50,5,1,4,69,66,11,55,3,3,0,144,137,45,92,7,3,4,28,20,10,10,8,4,4
S01013300,269,243,55,188,26,3,23,9,8,1,7,1,0,1,34,32,1,31,2,1,1,27,24,3,21,3,1,2,64,59,21,38,5,1,4,34,28,5,23,6,0,6,36,32,4,28,4,0,4,57,55,18,37,2,0,2,8,5,2,3,3,0,3
S01013301,235,213,50,163,22,5,17,5,5,1,4,0,0,0,29,28,1,27,1,0,1,20,15,1,14,5,1,4,56,52,15,37,4,1,3,22,17,3,14,5,1,4,33,29,3,26,4,1,3,51,51,18,33,0,0,0,19,16,8,8,3,1,2
S01013302,333,284,56,228,49,17,32,6,5,0,5,1,1,0,39,37,1,36,2,0,2,34,22,2,20,12,1,11,63,54,21,33,9,3,6,39,31,4,27,8,3,5,53,47,8,39,6,5,1,79,76,18,58,3,2,1,20,12,2,10,8,2,6
S01013303,428,392,102,290,36,8,28,6,6,0,6,0,0,0,50,48,5,43,2,1,1,25,17,1,16,8,2,6,96,93,33,60,3,0,3,59,54,8,46,5,0,5,60,55,12,43,5,0,5,115,105,38,67,10,4,6,17,14,5,9,3,1,2
S01013304,434,413,115,298,21,5,16,10,10,0,10,0,0,0,74,72,8,64,2,2,0,30,23,1,22,7,0,7,117,115,54,61,2,1,1,48,48,7,41,0,0,0,52,49,7,42,3,1,2,87,86,35,51,1,0,1,16,10,3,7,6,1,5
S01013305,474,450,130,320,24,2,22,7,7,0,7,0,0,0,97,96,7,89,1,0,1,26,19,1,18,7,0,7,131,127,46,81,4,0,4,54,50,14,36,4,1,3,55,53,16,37,2,0,2,92,88,41,47,4,1,3,12,10,5,5,2,0,2
S01013306,377,357,104,253,20,5,15,7,7,1,6,0,0,0,44,44,2,42,0,0,0,26,24,1,23,2,0,2,109,107,47,60,2,0,2,52,46,8,38,6,2,4,57,52,17,35,5,1,4,69,65,23,42,4,2,2,13,12,5,7,1,0,1
S01013307,460,433,118,315,27,6,21,7,7,1,6,0,0,0,87,87,9,78,0,0,0,21,16,1,15,5,1,4,105,100,38,62,5,0,5,62,58,14,44,4,1,3,86,80,27,53,6,2,4,79,75,25,50,4,1,3,13,10,3,7,3,1,2
S01013308,367,347,123,224,20,7,13,9,9,0,9,0,0,0,37,37,0,37,0,0,0,24,17,2,15,7,1,6,110,108,60,48,2,1,1,57,55,11,44,2,0,2,51,48,17,31,3,2,1,70,67,31,36,3,2,1,9,6,2,4,3,1,2
S01013309,349,318,79,239,31,9,22,7,7,0,7,0,0,0,34,32,1,31,2,0,2,15,10,0,10,5,0,5,72,68,28,40,4,1,3,40,39,5,34,1,1,0,65,55,17,38,10,3,7,104,98,25,73,6,3,3,12,9,3,6,3,1,2
S01013310,317,300,68,232,17,6,11,7,7,1,6,0,0,0,43,42,2,40,1,0,1,26,24,1,23,2,0,2,80,78,28,50,2,0,2,26,24,4,20,2,0,2,41,39,9,30,2,1,1,79,73,18,55,6,4,2,15,13,5,8,2,1,1
S01013311,372,343,95,248,29,8,21,8,8,0,8,0,0,0,44,43,2,41,1,0,1,18,10,0,10,8,0,8,108,105,39,66,3,2,1,39,36,8,28,3,0,3,52,48,10,38,4,2,2,89,84,33,51,5,1,4,14,9,3,6,5,3,2
S01013312,471,431,101,330,40,7,33,7,7,0,7,0,0,0,63,62,2,60,1,1,0,39,28,2,26,11,2,9,112,107,42,65,5,0,5,44,33,2,31,11,2,9,75,72,17,55,3,1,2,118,109,29,80,9,1,8,13,13,7,6,0,0,0
S01013313,307,287,81,206,20,8,12,5,5,0,5,0,0,0,59,58,3,55,1,0,1,22,20,0,20,2,0,2,64,61,31,30,3,0,3,34,29,6,23,5,2,3,35,32,8,24,3,0,3,74,71,26,45,3,3,0,14,11,7,4,3,3,0
S01013314,307,286,86,200,21,7,14,4,4,0,4,0,0,0,33,31,1,30,2,0,2,22,19,1,18,3,0,3,85,83,37,46,2,2,0,42,39,12,27,3,1,2,56,49,16,33,7,2,5,60,56,17,39,4,2,2,5,5,2,3,0,0,0
S01013315,309,270,62,208,39,7,32,11,9,0,9,2,0,2,30,30,4,26,0,0,0,22,17,1,16,5,0,5,50,46,16,30,4,1,3,37,31,6,25,6,0,6,68,57,8,49,11,3,8,81,73,25,48,8,2,6,10,7,2,5,3,1,2
S01013316,319,279,69,210,40,11,29,3,3,1,2,0,0,0,27,27,1,26,0,0,0,30,22,4,18,8,1,7,54,48,22,26,6,2,4,37,31,5,26,6,2,4,52,47,11,36,5,1,4,98,90,22,68,8,3,5,18,11,3,8,7,2,5
S01013317,298,273,64,209,25,8,17,3,3,0,3,0,0,0,33,30,0,30,3,0,3,16,15,1,14,1,0,1,58,53,23,30,5,3,2,32,32,3,29,0,0,0,54,48,11,37,6,1,5,89,84,23,61,5,2,3,13,8,3,5,5,2,3
S01013318,356,334,73,261,22,6,16,5,5,0,5,0,0,0,38,38,4,34,0,0,0,24,19,1,18,5,0,5,64,58,22,36,6,2,4,53,48,8,40,5,1,4,77,75,11,64,2,0,2,85,83,25,58,2,2,0,10,8,2,6,2,1,1
S01013319,310,281,65,216,29,5,24,8,6,0,6,2,0,2,34,33,3,30,1,0,1,14,10,1,9,4,0,4,55,54,20,34,1,0,1,35,30,4,26,5,0,5,66,60,12,48,6,0,6,89,83,24,59,6,3,3,9,5,1,4,4,2,2
S01013320,604,551,117,434,53,15,38,8,8,0,8,0,0,0,65,58,4,54,7,0,7,35,27,3,24,8,1,7,105,101,37,64,4,1,3,72,66,5,61,6,2,4,135,125,23,102,10,4,6,167,157,40,117,10,5,5,17,9,5,4,8,2,6
S01013321,203,193,38,155,10,6,4,7,7,0,7,0,0,0,19,19,1,18,0,0,0,8,6,0,6,2,1,1,54,52,14,38,2,0,2,21,18,0,18,3,2,1,35,35,4,31,0,0,0,53,50,18,32,3,3,0,6,6,1,5,0,0,0
S01013322,388,362,114,248,26,10,16,4,4,1,3,0,0,0,36,36,5,31,0,0,0,14,10,0,10,4,0,4,93,92,42,50,1,0,1,63,53,13,40,10,4,6,54,53,13,40,1,1,0,115,105,36,69,10,5,5,9,9,4,5,0,0,0
S01013323,457,426,127,299,31,9,22,6,6,2,4,0,0,0,63,61,3,58,2,1,1,30,27,2,25,3,0,3,118,114,52,62,4,2,2,56,49,13,36,7,3,4,60,57,14,43,3,1,2,110,101,34,67,9,2,7,14,11,7,4,3,0,3
S01013324,280,263,79,184,17,5,12,5,5,0,5,0,0,0,37,36,1,35,1,0,1,21,21,1,20,0,0,0,78,75,31,44,3,0,3,28,22,6,16,6,1,5,36,33,9,24,3,1,2,63,62,29,33,1,1,0,12,9,2,7,3,2,1
S01013325,344,320,105,215,24,12,12,7,7,0,7,0,0,0,41,41,3,38,0,0,0,27,20,1,19,7,1,6,78,78,41,37,0,0,0,58,50,20,30,8,4,4,47,44,11,33,3,2,1,76,74,26,48,2,2,0,10,6,3,3,4,3,1
S01013326,240,223,60,163,17,5,12,2,2,0,2,0,0,0,31,31,3,28,0,0,0,14,10,1,9,4,0,4,58,55,25,30,3,1,2,51,47,6,41,4,0,4,29,27,8,19,2,2,0,47,45,17,28,2,0,2,8,6,0,6,2,2,0
S01013327,329,299,104,195,30,8,22,2,2,0,2,0,0,0,26,24,2,22,2,1,1,21,15,3,12,6,1,5,108,103,44,59,5,0,5,50,42,10,32,8,2,6,34,32,8,24,2,0,2,75,70,34,36,5,2,3,13,11,3,8,2,2,0
S01013328,287,269,88,181,18,5,13,8,8,1,7,0,0,0,27,26,3,23,1,0,1,19,18,1,17,1,0,1,84,81,37,44,3,1,2,38,34,9,25,4,1,3,37,31,9,22,6,2,4,68,66,24,42,2,1,1,6,5,4,1,1,0,1
S01013329,243,229,70,159,14,3,11,0,0,0,0,0,0,0,30,29,2,27,1,1,0,11,7,2,5,4,0,4,62,60,29,31,2,0,2,36,34,5,29,2,1,1,34,34,10,24,0,0,0,60,56,20,36,4,1,3,10,9,2,7,1,0,1
S01013330,664,620,127,493,44,12,32,8,8,0,8,0,0,0,61,60,6,54,1,1,0,49,41,4,37,8,0,8,148,139,53,86,9,1,8,91,84,11,73,7,1,6,126,115,16,99,11,5,6,161,155,34,121,6,4,2,20,18,3,15,2,0,2
S01013331,374,340,72,268,34,7,27,9,9,2,7,0,0,0,35,35,1,34,0,0,0,16,11,1,10,5,0,5,92,85,29,56,7,0,7,54,47,8,39,7,1,6,75,70,8,62,5,1,4,80,71,18,53,9,5,4,13,12,5,7,1,0,1
S01013332,328,301,93,208,27,14,13,5,5,0,5,0,0,0,39,38,1,37,1,0,1,22,16,0,16,6,1,5,89,86,44,42,3,2,1,43,37,6,31,6,3,3,33,29,5,24,4,2,2,87,82,35,47,5,4,1,10,8,2,6,2,2,0
S01013333,445,409,100,309,36,9,27,12,12,2,10,0,0,0,39,37,2,35,2,1,1,26,20,1,19,6,1,5,95,91,33,58,4,0,4,75,61,11,50,14,4,10,77,73,19,54,4,0,4,104,101,27,74,3,2,1,17,14,5,9,3,1,2
S01013334,350,324,95,229,26,9,17,9,9,2,7,0,0,0,42,41,3,38,1,1,0,26,18,2,16,8,0,8,70,68,27,41,2,1,1,43,38,7,31,5,2,3,45,43,16,27,2,1,1,100,97,32,65,3,1,2,15,10,6,4,5,3,2
S01013335,318,293,92,201,25,7,18,6,5,0,5,1,0,1,31,29,4,25,2,1,1,26,19,2,17,7,0,7,94,89,40,49,5,1,4,46,44,8,36,2,1,1,33,31,12,19,2,2,0,71,66,22,44,5,2,3,11,10,4,6,1,0,1
S01013336,372,342,94,248,30,2,28,8,7,1,6,1,0,1,45,42,5,37,3,0,3,31,25,1,24,6,0,6,101,96,40,56,5,0,5,46,37,2,35,9,0,9,48,47,16,31,1,0,1,83,80,25,55,3,1,2,10,8,4,4,2,1,1
S01013337,495,446,114,332,49,10,39,10,10,0,10,0,0,0,56,52,5,47,4,1,3,34,26,1,25,8,0,8,122,114,38,76,8,1,7,59,50,7,43,9,2,7,75,65,12,53,10,2,8,122,118,47,71,4,1,3,17,11,4,7,6,3,3
S01013338,298,262,71,191,36,5,31,3,2,1,1,1,0,1,26,24,1,23,2,0,2,18,18,1,17,0,0,0,68,56,19,37,12,2,10,24,18,2,16,6,2,4,62,52,11,41,10,1,9,88,85,32,53,3,0,3,9,7,4,3,2,0,2
S01013339,330,300,70,230,30,9,21,5,5,0,5,0,0,0,35,35,3,32,0,0,0,21,11,1,10,10,0,10,72,65,21,44,7,2,5,41,39,10,29,2,0,2,50,49,7,42,1,1,0,96,92,27,65,4,1,3,10,4,1,3,6,5,1
S01013340,450,399,92,307,51,14,37,7,7,0,7,0,0,0,54,50,7,43,4,0,4,27,20,2,18,7,3,4,85,80,35,45,5,1,4,46,38,4,34,8,0,8,84,69,12,57,15,6,9,132,124,30,94,8,1,7,15,11,2,9,4,3,1
S01013341,516,449,84,365,67,15,52,14,13,1,12,1,0,1,52,52,3,49,0,0,0,35,30,3,27,5,0,5,112,95,26,69,17,3,14,59,51,2,49,8,1,7,127,110,14,96,17,3,14,97,89,32,57,8,4,4,20,9,3,6,11,4,7
S01013342,294,281,85,196,13,3,10,11,11,1,10,0,0,0,40,40,4,36,0,0,0,19,17,1,16,2,0,2,76,75,28,47,1,0,1,28,25,9,16,3,0,3,29,29,6,23,0,0,0,75,73,28,45,2,1,1,16,11,8,3,5,2,3
S01013343,348,326,76,250,22,7,15,6,6,0,6,0,0,0,27,26,1,25,1,0,1,24,20,0,20,4,1,3,90,89,25,64,1,0,1,48,46,8,38,2,0,2,47,43,6,37,4,2,2,92,84,34,50,8,3,5,14,12,2,10,2,1,1
S01013344,311,289,74,215,22,6,16,11,11,0,11,0,0,0,26,26,1,25,0,0,0,23,17,1,16,6,0,6,73,73,29,44,0,0,0,38,32,10,22,6,1,5,50,47,8,39,3,1,2,79,76,25,51,3,1,2,11,7,0,7,4,3,1
S01013345,365,348,92,256,17,7,10,13,13,0,13,0,0,0,46,46,3,43,0,0,0,20,17,3,14,3,1,2,95,95,30,65,0,0,0,51,44,8,36,7,2,5,53,51,19,32,2,1,1,66,66,22,44,0,0,0,21,16,7,9,5,3,2
S01013346,471,440,128,312,31,4,27,7,7,0,7,0,0,0,53,52,5,47,1,1,0,24,21,1,20,3,0,3,90,84,43,41,6,1,5,46,39,5,34,7,1,6,100,92,19,73,8,1,7,143,139,52,87,4,0,4,8,6,3,3,2,0,2
S01013347,421,390,85,305,31,7,24,4,4,0,4,0,0,0,48,48,1,47,0,0,0,23,14,1,13,9,1,8,97,94,28,66,3,1,2,59,52,9,43,7,0,7,67,61,15,46,6,4,2,113,111,29,82,2,0,2,10,6,2,4,4,1,3
S01013348,274,241,56,185,33,7,26,10,7,0,7,3,2,1,25,25,2,23,0,0,0,18,11,0,11,7,0,7,42,35,17,18,7,1,6,36,30,3,27,6,0,6,62,61,15,46,1,0,1,66,65,16,49,1,1,0,15,7,3,4,8,3,5
S01013349,475,450,72,378,25,7,18,9,9,0,9,0,0,0,40,40,1,39,0,0,0,33,31,5,26,2,0,2,102,96,32,64,6,2,4,85,79,6,73,6,2,4,107,101,7,94,6,2,4,81,79,14,65,2,1,1,18,15,7,8,3,0,3
S01013350,355,327,79,248,28,12,16,7,6,0,6,1,0,1,42,42,2,40,0,0,0,32,27,0,27,5,2,3,98,93,29,64,5,2,3,46,42,6,36,4,1,3,48,41,9,32,7,2,5,68,63,26,37,5,4,1,14,13,7,6,1,1,0
S01013351,415,391,93,298,24,8,16,3,3,1,2,0,0,0,44,44,1,43,0,0,0,20,16,1,15,4,1,3,96,92,33,59,4,0,4,56,54,8,46,2,0,2,69,60,8,52,9,5,4,114,110,33,77,4,2,2,13,12,8,4,1,0,1
S01013352,466,431,114,317,35,13,22,7,7,0,7,0,0,0,47,45,2,43,2,1,1,30,26,1,25,4,2,2,130,124,43,81,6,1,5,57,49,10,39,8,1,7,66,63,17,46,3,2,1,116,108,36,72,8,4,4,13,9,5,4,4,2,2
S01013353,311,281,68,213,30,6,24,6,6,0,6,0,0,0,38,36,4,32,2,0,2,27,23,1,22,4,0,4,73,71,29,42,2,0,2,45,37,9,28,8,1,7,35,31,4,27,4,0,4,75,70,20,50,5,2,3,12,7,1,6,5,3,2
S01013354,400,364,81,283,36,7,29,7,7,0,7,0,0,0,38,38,3,35,0,0,0,60,48,7,41,12,0,12,67,62,19,43,5,0,5,42,33,9,24,9,4,5,48,45,9,36,3,0,3,130,124,29,95,6,2,4,8,7,5,2,1,1,0
S01013355,319,284,63,221,35,14,21,12,10,0,10,2,0,2,40,35,2,33,5,1,4,43,34,2,32,9,4,5,54,50,19,31,4,0,4,32,30,3,27,2,1,1,45,40,8,32,5,2,3,75,72,22,50,3,2,1,18,13,7,6,5,4,1
S01013356,326,294,93,201,32,5,27,11,10,0,10,1,0,1,41,41,5,36,0,0,0,31,23,1,22,8,1,7,85,75,32,43,10,1,9,33,24,7,17,9,2,7,54,53,20,33,1,1,0,64,61,24,37,3,0,3,7,7,4,3,0,0,0
S01013357,426,388,96,292,38,8,30,21,14,0,14,7,0,7,43,42,3,39,1,1,0,35,25,1,24,10,1,9,91,86,32,54,5,1,4,50,48,10,38,2,0,2,61,53,11,42,8,3,5,111,109,35,74,2,0,2,14,11,4,7,3,2,1
S01013358,397,358,81,277,39,11,28,16,14,1,13,2,1,1,62,61,6,55,1,1,0,36,25,4,21,11,2,9,72,66,26,40,6,2,4,47,38,13,25,9,2,7,44,41,6,35,3,0,3,103,100,25,75,3,1,2,17,13,0,13,4,2,2
S01013359,267,241,71,170,26,7,19,8,7,0,7,1,0,1,31,29,4,25,2,1,1,28,21,1,20,7,2,5,82,74,31,43,8,1,7,28,24,5,19,4,1,3,31,29,3,26,2,1,1,49,48,21,27,1,0,1,10,9,6,3,1,1,0
S01013360,294,271,75,196,23,5,18,8,8,1,7,0,0,0,33,31,3,28,2,0,2,29,21,1,20,8,0,8,73,70,32,38,3,0,3,35,31,5,26,4,3,1,40,39,9,30,1,0,1,64,61,20,41,3,1,2,12,10,4,6,2,1,1
S01013361,255,245,59,186,10,3,7,5,5,0,5,0,0,0,36,36,2,34,0,0,0,31,26,1,25,5,1,4,56,56,22,34,0,0,0,27,25,3,22,2,0,2,27,25,4,21,2,1,1,64,63,22,41,1,1,0,9,9,5,4,0,0,0
S01013362,199,184,42,142,15,4,11,4,4,0,4,0,0,0,35,33,3,30,2,1,1,20,16,0,16,4,0,4,45,42,12,30,3,1,2,14,14,1,13,0,0,0,30,29,7,22,1,0,1,43,41,17,24,2,1,1,8,5,2,3,3,1,2
S01013363,297,277,74,203,20,10,10,7,7,0,7,0,0,0,37,36,0,36,1,1,0,25,22,3,19,3,0,3,81,74,25,49,7,5,2,37,37,10,27,0,0,0,43,38,11,27,5,2,3,54,51,19,32,3,2,1,13,12,6,6,1,0,1
S01013364,460,424,89,335,36,9,27,10,10,0,10,0,0,0,74,71,6,65,3,0,3,41,34,3,31,7,1,6,90,83,30,53,7,3,4,51,46,4,42,5,0,5,59,58,10,48,1,0,1,115,107,31,76,8,2,6,20,15,5,10,5,3,2
S01013365,449,391,95,296,58,11,47,20,15,0,15,5,0,5,46,43,3,40,3,0,3,46,34,2,32,12,3,9,97,84,29,55,13,2,11,44,38,4,34,6,0,6,66,57,20,37,9,4,5,114,112,35,77,2,1,1,16,8,2,6,8,1,7
S01013366,507,462,131,331,45,15,30,9,9,0,9,0,0,0,62,61,2,59,1,1,0,47,38,1,37,9,3,6,80,74,39,35,6,0,6,49,40,9,31,9,2,7,83,74,17,57,9,3,6,154,148,55,93,6,3,3,23,18,8,10,5,3,2
S01013367,348,305,70,235,43,13,30,11,9,1,8,2,0,2,46,45,1,44,1,0,1,33,20,1,19,13,3,10,66,58,23,35,8,0,8,29,27,3,24,2,1,1,52,46,8,38,6,5,1,91,90,27,63,1,1,0,20,10,6,4,10,3,7
S01013368,368,316,79,237,52,18,34,2,2,0,2,0,0,0,39,39,4,35,0,0,0,40,30,2,28,10,2,8,84,73,29,44,11,4,7,43,40,4,36,3,1,2,64,43,7,36,21,5,16,79,76,27,49,3,2,1,17,13,6,7,4,4,0
S01013369,346,325,89,236,21,8,13,6,6,2,4,0,0,0,45,44,3,41,1,0,1,34,27,3,24,7,1,6,80,74,29,45,6,2,4,36,36,6,30,0,0,0,43,40,7,33,3,2,1,89,85,35,50,4,3,1,13,13,4,9,0,0,0
S01013370,231,218,63,155,13,4,9,5,4,0,4,1,0,1,30,28,4,24,2,2,0,23,19,2,17,4,0,4,48,47,14,33,1,1,0,23,22,6,16,1,0,1,35,34,8,26,1,0,1,57,55,22,33,2,0,2,10,9,7,2,1,1,0
S01013371,246,227,66,161,19,6,13,2,2,0,2,0,0,0,40,38,1,37,2,0,2,24,19,1,18,5,0,5,56,52,25,27,4,1,3,30,29,8,21,1,0,1,24,22,8,14,2,0,2,57,56,19,37,1,1,0,13,9,4,5,4,4,0
S01013372,416,393,135,258,23,9,14,7,6,0,6,1,1,0,71,71,3,68,0,0,0,37,31,3,28,6,1,5,105,101,54,47,4,2,2,47,41,11,30,6,2,4,43,39,11,28,4,2,2,95,94,46,48,1,0,1,11,10,7,3,1,1,0
S01013373,379,349,87,262,30,10,20,7,7,0,7,0,0,0,57,55,6,49,2,1,1,32,26,1,25,6,0,6,84,78,25,53,6,1,5,36,33,5,28,3,1,2,49,42,8,34,7,3,4,96,93,38,55,3,2,1,18,15,4,11,3,2,1
S01013374,332,308,104,204,24,4,20,6,5,1,4,1,0,1,56,56,7,49,0,0,0,30,21,2,19,9,0,9,91,86,39,47,5,0,5,32,29,6,23,3,0,3,34,33,10,23,1,1,0,71,68,33,35,3,1,2,12,10,6,4,2,2,0
S01013375,263,248,72,176,15,5,10,12,12,0,12,0,0,0,55,54,4,50,1,0,1,17,13,0,13,4,0,4,52,48,25,23,4,2,2,24,19,6,13,5,2,3,36,35,7,28,1,1,0,54,54,25,29,0,0,0,13,13,5,8,0,0,0
S01013376,248,228,72,156,20,2,18,3,3,0,3,0,0,0,27,26,2,24,1,0,1,29,24,3,21,5,1,4,53,50,22,28,3,0,3,43,37,9,28,6,0,6,29,26,11,15,3,1,2,59,58,23,35,1,0,1,5,4,2,2,1,0,1
S01013377,308,291,67,224,17,6,11,6,6,0,6,0,0,0,51,49,2,47,2,0,2,33,31,0,31,2,0,2,59,56,20,36,3,0,3,35,33,9,24,2,0,2,36,33,7,26,3,1,2,69,65,23,42,4,4,0,19,18,6,12,1,1,0
S01013378,461,428,111,317,33,8,25,8,8,0,8,0,0,0,68,67,3,64,1,0,1,39,33,2,31,6,1,5,114,105,43,62,9,1,8,59,51,9,42,8,3,5,49,49,17,32,0,0,0,110,105,32,73,5,1,4,14,10,5,5,4,2,2
S01013379,433,399,99,300,34,7,27,9,9,0,9,0,0,0,60,57,0,57,3,2,1,34,26,2,24,8,1,7,95,87,36,51,8,0,8,57,53,12,41,4,0,4,56,52,12,40,4,1,3,106,103,29,74,3,1,2,16,12,8,4,4,2,2
S01013380,53,38,7,31,15,3,12,8,2,0,2,6,0,6,9,8,0,8,1,0,1,3,3,0,3,0,0,0,12,8,5,3,4,2,2,3,3,0,3,0,0,0,5,2,0,2,3,1,2,13,12,2,10,1,0,1,0,0,0,0,0,0,0
S01013381,226,196,41,155,30,12,18,1,1,0,1,0,0,0,29,29,1,28,0,0,0,27,22,2,20,5,1,4,58,51,16,35,7,0,7,29,24,3,21,5,2,3,20,13,4,9,7,3,4,47,45,12,33,2,2,0,15,11,3,8,4,4,0
S01013382,304,273,56,217,31,13,18,16,16,0,16,0,0,0,43,43,3,40,0,0,0,30,27,1,26,3,1,2,80,65,22,43,15,5,10,30,27,1,26,3,2,1,41,37,7,30,4,1,3,54,50,16,34,4,2,2,10,8,6,2,2,2,0
S01013383,282,265,67,198,17,5,12,6,6,0,6,0,0,0,37,37,0,37,0,0,0,29,20,0,20,9,1,8,65,64,23,41,1,1,0,25,24,6,18,1,0,1,35,33,7,26,2,2,0,73,71,26,45,2,0,2,12,10,5,5,2,1,1
S01013384,330,300,66,234,30,12,18,5,4,0,4,1,1,0,50,48,6,42,2,1,1,44,32,1,31,12,5,7,72,67,24,43,5,1,4,34,33,1,32,1,1,0,37,32,7,25,5,1,4,83,79,25,54,4,2,2,5,5,2,3,0,0,0
S01013385,260,240,47,193,20,7,13,7,5,1,4,2,1,1,31,30,1,29,1,0,1,33,27,0,27,6,1,5,42,38,10,28,4,0,4,17,17,0,17,0,0,0,41,39,8,31,2,1,1,82,79,24,55,3,3,0,7,5,3,2,2,1,1
S01013386,464,422,96,326,42,8,34,7,7,1,6,0,0,0,60,57,2,55,3,0,3,35,22,1,21,13,0,13,90,82,33,49,8,2,6,35,32,2,30,3,1,2,84,80,21,59,4,0,4,135,129,33,96,6,2,4,18,13,3,10,5,3,2
S01013387,234,221,55,166,13,1,12,6,5,0,5,1,0,1,22,21,0,21,1,0,1,24,19,2,17,5,0,5,66,65,18,47,1,0,1,18,15,3,12,3,0,3,30,28,3,25,2,1,1,55,55,21,34,0,0,0,13,13,8,5,0,0,0
S01013388,319,284,78,206,35,5,30,7,6,2,4,1,1,0,40,37,3,34,3,1,2,29,17,2,15,12,0,12,65,58,21,37,7,1,6,50,46,10,36,4,0,4,37,34,9,25,3,0,3,80,78,27,51,2,2,0,11,8,4,4,3,0,3
S01013389,411,384,94,290,27,10,17,6,6,0,6,0,0,0,48,48,1,47,0,0,0,39,31,3,28,8,1,7,82,76,31,45,6,3,3,50,46,11,35,4,1,3,45,44,9,35,1,0,1,122,118,33,85,4,3,1,19,15,6,9,4,2,2
S01013390,228,209,47,162,19,1,18,6,6,1,5,0,0,0,34,34,4,30,0,0,0,30,21,0,21,9,1,8,44,43,18,25,1,0,1,31,26,2,24,5,0,5,30,28,5,23,2,0,2,45,43,11,32,2,0,2,8,8,6,2,0,0,0
S01013391,212,179,53,126,33,7,26,5,2,1,1,3,0,3,27,24,2,22,3,1,2,25,14,0,14,11,0,11,38,37,14,23,1,0,1,16,14,5,9,2,0,2,45,36,8,28,9,3,6,49,48,22,26,1,0,1,7,4,1,3,3,3,0
S01013392,475,425,79,346,50,13,37,18,15,1,14,3,1,2,47,47,4,43,0,0,0,44,31,1,30,13,0,13,82,76,21,55,6,1,5,43,37,7,30,6,1,5,101,93,16,77,8,3,5,125,121,28,93,4,1,3,15,5,1,4,10,6,4
S01013393,306,274,65,209,32,7,25,5,5,0,5,0,0,0,31,30,4,26,1,0,1,40,30,1,29,10,0,10,66,64,24,40,2,0,2,32,31,1,30,1,0,1,40,34,10,24,6,2,4,75,67,22,45,8,4,4,17,13,3,10,4,1,3
S01013394,278,255,65,190,23,7,16,8,8,0,8,0,0,0,32,32,4,28,0,0,0,34,25,2,23,9,0,9,52,49,17,32,3,2,1,19,18,4,14,1,1,0,37,36,9,27,1,1,0,83,78,25,53,5,1,4,13,9,4,5,4,2,2
S01013395,238,221,67,154,17,3,14,5,4,0,4,1,0,1,34,34,4,30,0,0,0,21,16,2,14,5,0,5,72,71,34,37,1,0,1,21,21,5,16,0,0,0,34,28,11,17,6,1,5,42,40,8,32,2,1,1,9,7,3,4,2,1,1
S01013396,439,386,66,320,53,9,44,13,13,1,12,0,0,0,39,37,2,35,2,1,1,42,29,3,26,13,1,12,83,78,18,60,5,1,4,54,47,6,41,7,1,6,71,62,7,55,9,1,8,117,107,25,82,10,2,8,20,13,4,9,7,2,5
S01013397,443,396,82,314,47,12,35,7,7,1,6,0,0,0,71,68,1,67,3,2,1,53,33,0,33,20,3,17,73,66,15,51,7,2,5,46,42,7,35,4,0,4,58,53,17,36,5,0,5,116,111,36,75,5,4,1,19,16,5,11,3,1,2
S01013398,350,326,68,258,24,5,19,10,10,1,9,0,0,0,41,40,5,35,1,0,1,37,31,1,30,6,0,6,63,59,24,35,4,1,3,36,35,1,34,1,0,1,63,59,7,52,4,2,2,88,84,25,59,4,1,3,12,8,4,4,4,1,3
S01013399,598,560,113,447,38,13,25,15,15,2,13,0,0,0,69,69,8,61,0,0,0,40,27,0,27,13,2,11,121,116,35,81,5,2,3,57,53,5,48,4,0,4,116,109,17,92,7,4,3,155,150,38,112,5,2,3,25,21,8,13,4,3,1
S01013400,345,318,67,251,27,6,21,6,6,0,6,0,0,0,41,40,6,34,1,0,1,47,35,1,34,12,1,11,55,52,16,36,3,1,2,41,38,4,34,3,0,3,51,48,7,41,3,1,2,91,89,30,59,2,1,1,13,10,3,7,3,2,1
S01013401,504,455,77,378,49,10,39,17,14,0,14,3,0,3,40,38,4,34,2,1,1,33,28,2,26,5,0,5,85,78,24,54,7,1,6,75,64,8,56,11,3,8,102,91,14,77,11,1,10,137,129,24,105,8,4,4,15,13,1,12,2,0,2
S01013402,668,625,98,527,43,12,31,12,12,3,9,0,0,0,69,68,1,67,1,0,1,42,33,1,32,9,0,9,94,91,20,71,3,0,3,74,68,5,63,6,2,4,164,151,24,127,13,4,9,187,180,37,143,7,4,3,26,22,7,15,4,2,2
S01013403,525,490,90,400,35,9,26,16,16,0,16,0,0,0,55,51,1,50,4,1,3,37,27,6,21,10,0,10,83,73,24,49,10,2,8,58,55,8,47,3,0,3,126,123,22,101,3,1,2,134,130,26,104,4,4,0,16,15,3,12,1,1,0
S01013404,317,297,59,238,20,5,15,4,4,1,3,0,0,0,38,38,2,36,0,0,0,20,18,0,18,2,0,2,66,61,25,36,5,3,2,26,23,5,18,3,0,3,72,66,10,56,6,0,6,81,77,15,62,4,2,2,10,10,1,9,0,0,0
S01013405,301,277,68,209,24,7,17,11,11,3,8,0,0,0,39,37,2,35,2,0,2,20,14,1,13,6,2,4,72,68,25,43,4,1,3,33,30,5,25,3,1,2,38,33,6,27,5,3,2,78,75,22,53,3,0,3,10,9,4,5,1,0,1
S01013406,267,254,67,187,13,5,8,6,5,0,5,1,1,0,35,35,1,34,0,0,0,21,18,3,15,3,1,2,72,69,23,46,3,1,2,20,18,1,17,2,1,1,44,40,14,26,4,1,3,62,62,23,39,0,0,0,7,7,2,5,0,0,0
S01013407,241,226,50,176,15,2,13,5,5,0,5,0,0,0,37,35,2,33,2,0,2,20,14,0,14,6,1,5,57,55,19,36,2,0,2,38,37,6,31,1,0,1,30,30,8,22,0,0,0,47,45,13,32,2,1,1,7,5,2,3,2,0,2
S01013408,259,241,71,170,18,4,14,3,3,1,2,0,0,0,28,26,1,25,2,2,0,22,16,0,16,6,1,5,85,85,34,51,0,0,0,35,28,7,21,7,0,7,33,33,9,24,0,0,0,42,41,18,23,1,0,1,11,9,1,8,2,1,1
S01013409,553,489,129,360,64,17,47,13,12,2,10,1,0,1,46,40,3,37,6,2,4,35,25,1,24,10,1,9,152,135,52,83,17,6,11,59,54,8,46,5,0,5,91,79,22,57,12,1,11,138,131,37,94,7,3,4,19,13,4,9,6,4,2
S01013410,275,260,83,177,15,4,11,7,7,1,6,0,0,0,33,32,5,27,1,0,1,18,15,0,15,3,1,2,77,74,36,38,3,0,3,34,32,7,25,2,0,2,37,36,9,27,1,0,1,58,54,21,33,4,2,2,11,10,4,6,1,1,0
S01013411,392,354,82,272,38,6,32,11,9,0,9,2,0,2,46,44,3,41,2,0,2,29,21,0,21,8,0,8,90,82,28,54,8,2,6,35,31,3,28,4,0,4,57,53,11,42,4,1,3,114,106,32,74,8,3,5,10,8,5,3,2,0,2
S01013412,395,366,95,271,29,4,25,5,5,0,5,0,0,0,46,44,4,40,2,1,1,31,21,1,20,10,1,9,93,92,42,50,1,0,1,39,36,4,32,3,0,3,50,45,8,37,5,0,5,112,109,29,80,3,0,3,19,14,7,7,5,2,3
S01013413,390,356,76,280,34,13,21,7,6,1,5,1,1,0,46,45,2,43,1,1,0,34,27,1,26,7,1,6,67,62,23,39,5,0,5,32,30,3,27,2,0,2,71,66,16,50,5,3,2,120,110,24,86,10,4,6,13,10,6,4,3,3,0
S01013414,376,343,59,284,33,5,28,7,6,1,5,1,0,1,58,55,4,51,3,1,2,40,29,2,27,11,1,10,83,78,19,59,5,0,5,30,28,5,23,2,1,1,53,49,9,40,4,2,2,93,90,18,72,3,0,3,12,8,1,7,4,0,4
S01013415,247,222,54,168,25,9,16,7,6,0,6,1,0,1,16,16,2,14,0,0,0,23,13,2,11,10,3,7,54,50,18,32,4,2,2,39,37,8,29,2,1,1,37,35,9,26,2,0,2,56,55,11,44,1,0,1,15,10,4,6,5,3,2
S01013416,268,246,52,194,22,9,13,5,4,0,4,1,0,1,34,34,0,34,0,0,0,35,31,0,31,4,2,2,58,53,26,27,5,2,3,23,21,1,20,2,0,2,36,32,8,24,4,2,2,67,63,14,49,4,2,2,10,8,3,5,2,1,1
S01013417,430,404,77,327,26,9,17,10,9,0,9,1,0,1,54,52,4,48,2,1,1,40,34,1,33,6,1,5,102,97,25,72,5,2,3,46,43,10,33,3,2,1,52,47,3,44,5,1,4,106,103,26,77,3,2,1,20,19,8,11,1,0,1
S01013418,313,276,58,218,37,8,29,6,6,0,6,0,0,0,28,27,0,27,1,0,1,26,19,0,19,7,0,7,62,58,25,33,4,1,3,34,31,3,28,3,0,3,53,48,4,44,5,0,5,79,69,15,54,10,3,7,25,18,11,7,7,4,3
S01013419,255,230,56,174,25,5,20,4,3,0,3,1,0,1,28,28,4,24,0,0,0,22,17,0,17,5,0,5,53,44,17,27,9,3,6,13,12,1,11,1,0,1,38,34,7,27,4,2,2,87,84,25,59,3,0,3,10,8,2,6,2,0,2
S01013420,311,296,54,242,15,2,13,6,6,0,6,0,0,0,40,40,0,40,0,0,0,15,11,1,10,4,0,4,71,67,30,37,4,0,4,38,37,5,32,1,0,1,41,39,4,35,2,0,2,88,85,10,75,3,1,2,12,11,4,7,1,1,0
S01013421,463,425,97,328,38,7,31,11,10,1,9,1,0,1,66,64,2,62,2,1,1,42,30,2,28,12,2,10,72,64,22,42,8,1,7,39,37,5,32,2,0,2,92,86,16,70,6,0,6,124,119,43,76,5,2,3,17,15,6,9,2,1,1
S01013422,367,337,109,228,30,13,17,3,3,0,3,0,0,0,32,31,4,27,1,0,1,35,24,0,24,11,2,9,89,84,40,44,5,3,2,33,32,8,24,1,0,1,52,48,13,35,4,2,2,108,105,40,65,3,3,0,15,10,4,6,5,3,2
S01013423,422,384,112,272,38,8,30,10,10,1,9,0,0,0,45,42,0,42,3,0,3,35,29,4,25,6,0,6,81,74,34,40,7,2,5,46,42,11,31,4,0,4,79,70,18,52,9,3,6,106,100,34,66,6,2,4,20,17,10,7,3,1,2
S01013424,274,248,70,178,26,7,19,8,8,0,8,0,0,0,25,25,2,23,0,0,0,27,17,3,14,10,1,9,59,54,29,25,5,1,4,24,21,6,15,3,1,2,38,33,4,29,5,2,3,86,85,23,62,1,1,0,7,5,3,2,2,1,1
S01013425,217,196,40,156,21,5,16,4,4,0,4,0,0,0,26,23,2,21,3,0,3,20,16,1,15,4,1,3,39,39,11,28,0,0,0,25,23,4,19,2,1,1,28,19,2,17,9,2,7,63,61,17,44,2,0,2,12,11,3,8,1,1,0
S01013426,363,331,98,233,32,8,24,9,9,1,8,0,0,0,50,49,5,44,1,0,1,40,31,3,28,9,4,5,71,69,31,38,2,1,1,30,25,6,19,5,1,4,53,47,14,33,6,0,6,91,86,32,54,5,2,3,19,15,6,9,4,0,4
S01013427,273,234,48,186,39,10,29,10,8,0,8,2,0,2,17,15,0,15,2,0,2,35,28,3,25,7,2,5,40,34,11,23,6,2,4,26,22,3,19,4,0,4,57,50,3,47,7,1,6,76,69,22,47,7,4,3,12,8,6,2,4,1,3
S01013428,428,389,93,296,39,10,29,13,13,1,12,0,0,0,41,39,1,38,2,0,2,39,29,1,28,10,1,9,102,97,33,64,5,2,3,54,47,7,40,7,2,5,74,64,11,53,10,4,6,84,81,31,50,3,1,2,21,19,8,11,2,0,2
S01013429,351,316,64,252,35,5,30,4,4,0,4,0,0,0,54,52,5,47,2,1,1,33,26,2,24,7,1,6,74,70,27,43,4,0,4,36,31,4,27,5,0,5,48,40,4,36,8,1,7,88,84,20,64,4,2,2,14,9,2,7,5,0,5
S01013430,370,329,73,256,41,7,34,13,9,0,9,4,0,4,43,38,6,32,5,1,4,30,20,2,18,10,1,9,81,75,21,54,6,0,6,39,34,4,30,5,0,5,57,55,6,49,2,1,1,99,94,32,62,5,2,3,8,4,2,2,4,2,2
S01013431,314,272,65,207,42,10,32,10,6,0,6,4,0,4,44,44,3,41,0,0,0,28,18,0,18,10,2,8,70,63,21,42,7,0,7,28,24,2,22,4,0,4,50,43,11,32,7,3,4,71,67,23,44,4,2,2,13,7,5,2,6,3,3
S01013432,365,306,70,236,59,15,44,21,11,1,10,10,0,10,42,39,6,33,3,1,2,27,18,2,16,9,0,9,67,58,22,36,9,2,7,47,38,5,33,9,3,6,46,36,9,27,10,4,6,94,89,19,70,5,3,2,21,17,6,11,4,2,2
S01013433,375,319,82,237,56,13,43,17,13,2,11,4,0,4,32,29,6,23,3,0,3,31,24,4,20,7,4,3,58,49,24,25,9,1,8,20,19,3,16,1,0,1,84,67,11,56,17,4,13,115,105,27,78,10,2,8,18,13,5,8,5,2,3
S01013434,297,212,60,152,85,19,66,33,12,2,10,21,2,19,17,16,2,14,1,0,1,17,8,0,8,9,1,8,55,35,13,22,20,7,13,12,11,1,10,1,0,1,61,44,10,34,17,3,14,88,76,27,49,12,4,8,14,10,5,5,4,2,2
S01013435,368,316,103,213,52,22,30,8,8,2,6,0,0,0,30,26,5,21,4,2,2,18,12,2,10,6,2,4,40,35,24,11,5,1,4,31,28,3,25,3,0,3,95,78,19,59,17,6,11,132,117,43,74,15,9,6,14,12,5,7,2,2,0
S01013436,432,391,129,262,41,11,30,15,12,0,12,3,0,3,31,31,3,28,0,0,0,29,20,0,20,9,1,8,92,86,44,42,6,0,6,30,27,3,24,3,1,2,79,69,16,53,10,3,7,138,132,56,76,6,4,2,18,14,7,7,4,2,2
S01013437,373,342,84,258,31,9,22,7,7,0,7,0,0,0,24,21,0,21,3,1,2,34,28,1,27,6,2,4,69,65,31,34,4,0,4,37,34,3,31,3,1,2,78,69,8,61,9,4,5,107,106,37,69,1,0,1,17,12,4,8,5,1,4
S01013438,260,224,73,151,36,11,25,10,9,1,8,1,1,0,23,18,1,17,5,2,3,19,14,0,14,5,0,5,57,53,30,23,4,1,3,26,22,2,20,4,0,4,49,39,6,33,10,4,6,58,54,26,28,4,1,3,18,15,7,8,3,2,1
S01013439,416,363,113,250,53,27,26,6,5,0,5,1,0,1,28,25,4,21,3,2,1,24,22,2,20,2,1,1,63,49,27,22,14,6,8,29,24,4,20,5,3,2,88,72,14,58,16,7,9,164,154,55,99,10,6,4,14,12,7,5,2,2,0
S01013440,486,426,128,298,60,20,40,14,11,0,11,3,0,3,38,35,3,32,3,1,2,21,15,4,11,6,0,6,50,46,26,20,4,1,3,37,31,1,30,6,3,3,130,106,21,85,24,9,15,176,165,68,97,11,5,6,20,17,5,12,3,1,2
S01013441,389,330,82,248,59,22,37,8,6,0,6,2,0,2,28,23,4,19,5,2,3,17,12,1,11,5,0,5,51,42,17,25,9,4,5,37,31,4,27,6,2,4,110,89,11,78,21,9,12,121,113,40,73,8,3,5,17,14,5,9,3,2,1
S01013442,438,392,105,287,46,13,33,10,10,2,8,0,0,0,39,35,6,29,4,0,4,36,26,3,23,10,0,10,65,61,29,32,4,0,4,43,39,3,36,4,1,3,78,67,15,52,11,3,8,147,140,42,98,7,6,1,20,14,5,9,6,3,3
S01013443,323,282,71,211,41,11,30,11,10,1,9,1,0,1,29,28,2,26,1,0,1,19,16,3,13,3,0,3,59,46,20,26,13,3,10,21,18,1,17,3,1,2,71,58,10,48,13,4,9,97,93,28,65,4,2,2,16,13,6,7,3,1,2
S01013444,469,400,102,298,69,10,59,4,3,0,3,1,0,1,29,27,3,24,2,0,2,26,17,0,17,9,2,7,105,94,40,54,11,1,10,43,33,3,30,10,0,10,98,81,13,68,17,4,13,136,127,39,88,9,2,7,28,18,4,14,10,1,9
S01013445,288,247,72,175,41,9,32,9,7,0,7,2,0,2,19,18,2,16,1,0,1,18,14,2,12,4,0,4,50,41,14,27,9,1,8,12,12,0,12,0,0,0,74,64,16,48,10,6,4,97,85,35,50,12,1,11,9,6,3,3,3,1,2
S01013446,330,303,90,213,27,9,18,8,8,1,7,0,0,0,33,31,1,30,2,1,1,27,18,3,15,9,2,7,75,72,27,45,3,0,3,28,24,4,20,4,1,3,59,54,17,37,5,2,3,91,90,34,56,1,1,0,9,6,3,3,3,2,1
S01013447,340,302,91,211,38,8,30,5,3,0,3,2,0,2,21,20,1,19,1,0,1,15,13,2,11,2,1,1,54,50,22,28,4,1,3,33,29,2,27,4,0,4,108,90,21,69,18,3,15,99,93,43,50,6,3,3,5,4,0,4,1,0,1
S01013448,368,318,74,244,50,20,30,9,9,0,9,0,0,0,25,24,1,23,1,1,0,21,15,1,14,6,1,5,50,47,16,31,3,1,2,37,32,6,26,5,1,4,81,63,9,54,18,6,12,127,117,35,82,10,4,6,18,11,6,5,7,6,1
S01013449,373,334,107,227,39,16,23,5,5,0,5,0,0,0,29,28,4,24,1,0,1,16,12,0,12,4,0,4,61,53,32,21,8,3,5,31,30,7,23,1,0,1,84,72,16,56,12,6,6,128,120,41,79,8,5,3,19,14,7,7,5,2,3
S01013450,347,324,88,236,23,9,14,9,9,0,9,0,0,0,19,18,0,18,1,0,1,11,9,0,9,2,1,1,61,58,27,31,3,1,2,25,23,5,18,2,1,1,77,71,9,62,6,1,5,129,124,42,82,5,3,2,16,12,5,7,4,2,2
S01013451,499,446,145,301,53,16,37,5,5,0,5,0,0,0,42,39,1,38,3,1,2,23,18,2,16,5,0,5,71,65,41,24,6,1,5,43,36,4,32,7,0,7,120,107,27,80,13,6,7,172,158,62,96,14,5,9,23,18,8,10,5,3,2
S01013452,417,360,92,268,57,19,38,12,8,0,8,4,2,2,38,37,2,35,1,0,1,27,20,1,19,7,1,6,59,51,26,25,8,2,6,29,21,5,16,8,3,5,107,90,14,76,17,6,11,130,121,39,82,9,5,4,15,12,5,7,3,0,3
S01013453,318,294,79,215,24,9,15,6,6,2,4,0,0,0,28,28,0,28,0,0,0,35,28,1,27,7,1,6,80,74,25,49,6,3,3,35,33,7,26,2,0,2,53,49,13,36,4,1,3,63,61,25,36,2,1,1,18,15,6,9,3,3,0
S01013454,410,350,75,275,60,15,45,16,12,0,12,4,1,3,46,44,2,42,2,1,1,30,21,2,19,9,2,7,71,57,21,36,14,3,11,28,24,2,22,4,0,4,92,80,15,65,12,3,9,109,100,30,70,9,3,6,18,12,3,9,6,2,4
S01013455,286,242,45,197,44,15,29,15,10,1,9,5,0,5,15,11,0,11,4,2,2,27,19,0,19,8,1,7,52,45,9,36,7,2,5,25,23,1,22,2,1,1,60,49,11,38,11,6,5,76,73,21,52,3,2,1,16,12,2,10,4,1,3
S01013456,365,336,72,264,29,5,24,10,8,0,8,2,0,2,29,29,4,25,0,0,0,36,27,1,26,9,1,8,87,82,29,53,5,1,4,36,34,3,31,2,0,2,64,59,11,48,5,2,3,83,81,23,58,2,0,2,20,16,1,15,4,1,3
S01013457,404,379,107,272,25,4,21,14,11,1,10,3,2,1,59,58,8,50,1,0,1,24,14,2,12,10,0,10,108,108,44,64,0,0,0,33,32,7,25,1,0,1,72,67,12,55,5,2,3,76,72,26,46,4,0,4,18,17,7,10,1,0,1
S01013458,380,335,74,261,45,8,37,12,11,0,11,1,1,0,44,41,5,36,3,1,2,27,20,1,19,7,0,7,81,69,27,42,12,2,10,44,38,0,38,6,0,6,63,53,12,41,10,3,7,90,88,27,61,2,1,1,19,15,2,13,4,0,4
S01013459,393,358,86,272,35,10,25,10,9,2,7,1,0,1,67,64,4,60,3,1,2,24,11,0,11,13,1,12,88,84,38,46,4,1,3,43,38,6,32,5,1,4,64,62,12,50,2,1,1,82,77,21,56,5,3,2,15,13,3,10,2,2,0
S01013460,375,342,93,249,33,5,28,10,10,1,9,0,0,0,40,37,4,33,3,0,3,35,31,4,27,4,0,4,87,85,27,58,2,0,2,34,26,9,17,8,0,8,57,48,15,33,9,1,8,96,90,27,63,6,3,3,16,15,6,9,1,1,0
S01013461,571,531,138,393,40,10,30,8,8,0,8,0,0,0,71,70,7,63,1,0,1,42,31,0,31,11,1,10,143,134,50,84,9,1,8,42,37,6,31,5,1,4,111,101,23,78,10,5,5,138,136,47,89,2,2,0,16,14,5,9,2,0,2
S01013462,515,473,94,379,42,11,31,23,21,3,18,2,1,1,53,50,2,48,3,1,2,35,27,0,27,8,1,7,99,93,32,61,6,1,5,60,54,8,46,6,2,4,91,81,14,67,10,3,7,129,126,28,98,3,2,1,25,21,7,14,4,0,4
S01013463,273,253,70,183,20,6,14,8,7,0,7,1,0,1,32,31,3,28,1,0,1,13,10,0,10,3,0,3,74,71,32,39,3,0,3,17,15,0,15,2,0,2,43,38,3,35,5,3,2,76,73,29,44,3,1,2,10,8,3,5,2,2,0
S01013464,362,326,74,252,36,12,24,11,8,1,7,3,1,2,27,27,2,25,0,0,0,28,24,0,24,4,0,4,63,58,23,35,5,2,3,39,36,5,31,3,2,1,60,50,10,40,10,2,8,113,109,29,80,4,2,2,21,14,4,10,7,3,4
S01013465,316,288,69,219,28,9,19,7,7,1,6,0,0,0,39,36,0,36,3,0,3,18,16,1,15,2,0,2,68,60,18,42,8,2,6,31,22,4,18,9,3,6,57,53,6,47,4,2,2,79,78,25,53,1,1,0,17,16,14,2,1,1,0
S01013466,174,140,44,96,34,7,27,37,24,10,14,13,4,9,16,12,2,10,4,0,4,6,4,2,2,2,0,2,23,18,8,10,5,1,4,12,11,1,10,1,0,1,25,21,5,16,4,0,4,41,39,13,26,2,1,1,14,11,3,8,3,1,2
S01013467,505,462,102,360,43,13,30,14,11,1,10,3,0,3,60,58,4,54,2,1,1,30,25,2,23,5,0,5,76,72,27,45,4,2,2,45,38,1,37,7,1,6,124,114,27,87,10,2,8,143,137,37,100,6,4,2,13,7,3,4,6,3,3
S01013468,308,274,76,198,34,8,26,5,4,1,3,1,0,1,33,31,4,27,2,0,2,26,13,2,11,13,2,11,53,49,25,24,4,1,3,26,22,3,19,4,3,1,56,50,4,46,6,1,5,97,96,33,63,1,0,1,12,9,4,5,3,1,2
S01013469,387,340,104,236,47,13,34,2,2,0,2,0,0,0,46,42,5,37,4,1,3,24,16,0,16,8,1,7,68,64,25,39,4,2,2,38,30,5,25,8,1,7,63,48,15,33,15,5,10,124,118,45,73,6,2,4,22,20,9,11,2,1,1
S01013470,342,317,78,239,25,12,13,10,9,1,8,1,1,0,44,44,1,43,0,0,0,27,20,2,18,7,1,6,88,84,21,63,4,1,3,39,35,8,27,4,2,2,48,45,12,33,3,3,0,73,69,27,42,4,2,2,13,11,6,5,2,2,0
S01013471,455,423,121,302,32,9,23,15,13,3,10,2,1,1,68,66,6,60,2,0,2,36,31,1,30,5,0,5,107,104,40,64,3,1,2,41,33,8,25,8,4,4,62,59,12,47,3,1,2,110,104,42,62,6,2,4,16,13,9,4,3,0,3
S01013472,356,313,80,233,43,10,33,4,3,0,3,1,0,1,34,30,3,27,4,1,3,17,13,2,11,4,1,3,71,60,22,38,11,4,7,38,30,6,24,8,1,7,95,87,15,72,8,2,6,85,81,26,55,4,1,3,12,9,6,3,3,0,3
S01013473,381,343,91,252,38,5,33,7,7,1,6,0,0,0,29,27,3,24,2,0,2,20,15,4,11,5,1,4,70,58,28,30,12,1,11,27,21,2,19,6,0,6,110,102,17,85,8,2,6,107,103,33,70,4,1,3,11,10,3,7,1,0,1
S01013474,349,314,73,241,35,8,27,6,6,1,5,0,0,0,28,27,4,23,1,0,1,22,16,1,15,6,0,6,64,60,23,37,4,0,4,42,38,4,34,4,1,3,81,72,13,59,9,4,5,94,87,24,63,7,1,6,12,8,3,5,4,2,2
S01013475,323,286,90,196,37,9,28,3,3,0,3,0,0,0,35,33,2,31,2,0,2,28,19,3,16,9,1,8,75,69,35,34,6,1,5,32,29,6,23,3,1,2,43,38,12,26,5,2,3,80,76,23,53,4,1,3,27,19,9,10,8,3,5
S01013476,318,294,78,216,24,1,23,6,5,0,5,1,0,1,48,47,1,46,1,0,1,18,13,1,12,5,0,5,72,65,31,34,7,0,7,28,22,3,19,6,0,6,52,51,9,42,1,0,1,79,77,28,49,2,1,1,15,14,5,9,1,0,1
S01013477,286,257,55,202,29,6,23,8,8,0,8,0,0,0,55,52,5,47,3,0,3,23,16,0,16,7,0,7,56,51,25,26,5,0,5,22,19,3,16,3,1,2,49,44,8,36,5,1,4,59,59,13,46,0,0,0,14,8,1,7,6,4,2
S01013478,459,414,112,302,45,11,34,5,5,1,4,0,0,0,50,50,4,46,0,0,0,38,25,3,22,13,3,10,107,103,40,63,4,1,3,42,33,4,29,9,0,9,84,74,14,60,10,2,8,120,115,42,73,5,2,3,13,9,4,5,4,3,1
S01013479,364,337,65,272,27,8,19,7,7,0,7,0,0,0,69,67,2,65,2,0,2,19,16,1,15,3,1,2,103,96,28,68,7,2,5,34,29,3,26,5,1,4,52,51,12,39,1,0,1,63,57,15,42,6,4,2,17,14,4,10,3,0,3
S01013480,294,273,65,208,21,5,16,3,3,1,2,0,0,0,74,74,1,73,0,0,0,22,16,0,16,6,0,6,70,65,28,37,5,1,4,26,23,3,20,3,1,2,37,35,11,24,2,0,2,48,45,16,29,3,2,1,14,12,5,7,2,1,1
S01013481,222,192,36,156,30,6,24,10,5,0,5,5,0,5,38,37,2,35,1,0,1,27,23,3,20,4,0,4,42,36,9,27,6,2,4,12,10,1,9,2,0,2,26,22,5,17,4,2,2,55,50,12,38,5,2,3,12,9,4,5,3,0,3
