,All people,Lives in a household,Lives in a communal establishment
S92000003,5295403,5196386,99017
S01006506,872,852,20
S01006507,836,836,0
S01006508,643,643,0
S01006509,580,580,0
S01006510,644,577,67
S01006511,751,749,2
S01006512,519,496,23
S01006513,648,568,80
S01006514,1043,940,103
S01006515,762,762,0
S01006516,540,467,73
S01006517,1014,1014,0
S01006518,627,627,0
S01006519,865,807,58
S01006520,729,729,0
S01006521,664,663,1
S01006522,574,574,0
S01006523,941,941,0
S01006524,914,711,203
S01006525,798,798,0
S01006526,902,902,0
S01006527,683,674,9
S01006528,1034,981,53
S01006529,896,892,4
S01006530,755,748,7
S01006531,959,955,4
S01006532,744,703,41
S01006533,712,694,18
S01006534,910,910,0
S01006535,1038,1038,0
S01006536,1015,1013,2
S01006537,754,754,0
S01006538,569,569,0
S01006539,747,713,34
S01006540,960,960,0
S01006541,801,801,0
S01006542,1001,1000,1
S01006543,797,797,0
S01006544,1071,1020,51
S01006545,1065,1065,0
S01006546,630,626,4
S01006547,907,907,0
S01006548,721,721,0
S01006549,811,811,0
S01006550,947,909,38
S01006551,690,690,0
S01006552,870,870,0
S01006553,846,826,20
S01006554,712,692,20
S01006555,814,763,51
S01006556,838,838,0
S01006557,701,701,0
S01006558,622,622,0
S01006559,607,607,0
S01006560,1033,985,48
S01006561,766,766,0
S01006562,718,703,15
S01006563,826,824,2
S01006564,983,980,3
S01006565,988,850,138
S01006566,757,748,9
S01006567,835,835,0
S01006568,923,923,0
S01006569,566,566,0
S01006570,791,783,8
S01006571,888,886,2
S01006572,905,901,4
S01006573,724,724,0
S01006574,1001,977,24
S01006575,951,909,42
S01006576,716,714,2
S01006577,769,769,0
S01006578,1096,1032,64
S01006579,964,964,0
S01006580,717,712,5
S01006581,889,889,0
S01006582,871,797,74
S01006583,712,712,0
S01006584,628,628,0
S01006585,795,795,0
S01006586,1019,1017,2
S01006587,539,535,4
S01006588,587,586,1
S01006589,682,682,0
S01006590,701,633,68
S01006591,735,705,30
S01006592,680,680,0
S01006593,768,742,26
S01006594,539,539,0
S01006595,934,916,18
S01006596,725,678,47
S01006597,520,513,7
S01006598,957,957,0
S01006599,807,805,2
S01006600,1100,1058,42
S01006601,1002,1002,0
S01006602,879,851,28
S01006603,849,820,29
S01006604,678,675,3
S01006605,802,802,0
S01006606,831,818,13
S01006607,934,932,2
S01006608,732,732,0
S01006609,1063,1063,0
S01006610,449,449,0
S01006611,919,919,0
S01006612,861,861,0
S01006613,612,612,0
S01006614,678,678,0
S01006615,796,796,0
S01006616,788,788,0
S01006617,681,681,0
S01006618,514,514,0
S01006619,881,881,0
S01006620,848,848,0
S01006621,520,520,0
S01006622,669,669,0
S01006623,765,705,60
S01006624,959,806,153
S01006625,623,623,0
S01006626,718,718,0
S01006627,859,843,16
S01006628,1097,1097,0
S01006629,803,724,79
S01006630,627,627,0
S01006631,933,904,29
S01006632,812,812,0
S01006633,699,699,0
S01006634,634,634,0
S01006635,658,658,0
S01006636,870,870,0
S01006637,753,706,47
S01006638,834,834,0
S01006639,945,945,0
S01006640,723,723,0
S01006641,1042,1000,42
S01006642,1373,830,543
S01006643,730,730,0
S01006644,963,963,0
S01006645,687,687,0
S01006646,1005,550,455
S01006647,648,648,0
S01006648,1804,1078,726
S01006649,961,961,0
S01006650,859,859,0
S01006651,635,635,0
S01006652,545,545,0
S01006653,564,564,0
S01006654,914,904,10
S01006655,724,624,100
S01006656,967,954,13
S01006657,536,536,0
S01006658,1031,1019,12
S01006659,632,632,0
S01006660,527,527,0
S01006661,622,622,0
S01006662,835,600,235
S01006663,562,562,0
S01006664,511,503,8
S01006665,712,584,128
S01006666,877,877,0
S01006667,741,737,4
S01006668,908,723,185
S01006669,1219,730,489
S01006670,929,530,399
S01006671,2421,465,1956
S01006672,810,752,58
S01006673,862,719,143
S01006674,928,928,0
S01006675,712,712,0
S01006676,747,747,0
S01006677,723,723,0
S01006678,1148,1148,0
S01006679,654,654,0
S01006680,851,851,0
S01006681,840,734,106
S01006682,853,853,0
S01006683,872,872,0
S01006684,684,684,0
S01006685,740,740,0
S01006686,622,622,0
S01006687,833,833,0
S01006688,950,948,2
S01006689,629,629,0
S01006690,594,594,0
S01006691,559,559,0
S01006692,742,737,5
S01006693,1015,1001,14
S01006694,865,865,0
S01006695,712,712,0
S01006696,849,849,0
S01006697,926,926,0
S01006698,691,691,0
S01006699,471,471,0
S01006700,830,830,0
S01006701,728,728,0
S01006702,761,761,0
S01006703,675,675,0
S01006704,605,605,0
S01006705,739,739,0
S01006706,619,619,0
S01006707,685,685,0
S01006708,790,790,0
S01006709,878,878,0
S01006710,853,853,0
S01006711,927,927,0
S01006712,524,524,0
S01006713,945,937,8
S01006714,701,682,19
S01006715,623,623,0
S01006716,606,606,0
S01006717,975,974,1
S01006718,627,627,0
S01006719,916,916,0
S01006720,587,587,0
S01006721,888,888,0
S01006722,774,774,0
S01006723,663,645,18
S01006724,1005,1005,0
S01006725,674,664,10
S01006726,1391,1391,0
S01006727,1015,956,59
S01006728,754,754,0
S01006729,831,831,0
S01006730,704,704,0
S01006731,577,577,0
S01006732,1058,933,125
S01006733,900,900,0
S01006734,976,910,66
S01006735,618,618,0
S01006736,1079,1079,0
S01006737,673,669,4
S01006738,829,827,2
S01006739,607,607,0
S01006740,737,737,0
S01006741,666,666,0
S01006742,460,460,0
S01006743,531,531,0
S01006744,608,608,0
S01006745,822,822,0
S01006746,846,806,40
S01006747,816,816,0
S01006748,917,906,11
S01006749,909,909,0
S01006750,720,641,79
S01006751,509,509,0
S01006752,712,712,0
S01006753,913,913,0
S01006754,900,892,8
S01006755,739,731,8
S01006756,739,658,81
S01006757,837,737,100
S01006758,694,694,0
S01006759,595,595,0
S01006760,493,493,0
S01006761,697,697,0
S01006762,805,805,0
S01006763,865,865,0
S01006764,790,790,0
S01006765,586,586,0
S01006766,608,608,0
S01006767,689,689,0
S01006768,599,599,0
S01006769,959,959,0
S01006770,655,655,0
S01006771,465,465,0
S01006772,839,839,0
S01006773,734,672,62
S01006774,651,651,0
S01006775,618,618,0
S01006776,496,496,0
S01006777,649,649,0
S01006778,634,634,0
S01006779,615,615,0
S01006780,576,576,0
S01006781,691,691,0
S01006782,744,744,0
S01006783,672,672,0
S01006784,608,599,9
S01006785,611,611,0
S01006786,832,832,0
S01006787,650,650,0
S01006788,820,746,74
S01006789,632,596,36
S01006790,901,889,12
S01006791,536,529,7
S01006792,491,482,9
S01006793,554,506,48
S01006794,560,560,0
S01006795,745,733,12
S01006796,575,575,0
S01006797,628,613,15
S01006798,630,625,5
S01006799,903,875,28
S01006800,853,853,0
S01006801,956,875,81
S01006802,675,675,0
S01006803,687,687,0
S01006804,748,748,0
S01006805,1122,1122,0
S01006806,1031,1031,0
S01006807,620,620,0
S01006808,628,626,2
S01006809,816,813,3
S01006810,877,877,0
S01006811,1090,1090,0
S01006812,750,735,15
S01006813,789,789,0
S01006814,786,782,4
S01006815,577,577,0
S01006816,723,703,20
S01006817,650,650,0
S01006818,719,719,0
S01006819,838,836,2
S01006820,444,444,0
S01006821,583,582,1
S01006822,759,759,0
S01006823,732,676,56
S01006824,822,813,9
S01006825,807,807,0
S01006826,951,884,67
S01006827,888,884,4
S01006828,916,914,2
S01006829,428,428,0
S01006830,729,729,0
S01006831,538,538,0
S01006832,1029,1003,26
S01006833,455,438,17
S01006834,532,532,0
S01006835,843,841,2
S01006836,514,514,0
S01006837,599,599,0
S01006838,648,648,0
S01006839,1040,1040,0
S01006840,1020,1020,0
S01006841,922,922,0
S01006842,811,809,2
S01006843,835,835,0
S01006844,671,671,0
S01006845,946,942,4
S01006846,551,551,0
S01006847,712,659,53
S01006848,976,916,60
S01006849,971,971,0
S01006850,959,959,0
S01006851,805,805,0
S01006852,595,595,0
S01006853,852,842,10
S01006854,853,853,0
S01006855,790,790,0
S01006856,678,678,0
S01006857,997,997,0
S01006858,642,642,0
S01006859,1088,1084,4
S01006860,542,542,0
S01006861,604,604,0
S01006862,681,681,0
S01006863,687,687,0
S01006864,447,447,0
S01006865,938,902,36
S01006866,549,549,0
S01006867,731,723,8
S01006868,879,879,0
S01006869,495,490,5
S01006870,486,483,3
S01006871,750,711,39
S01006872,719,714,5
S01006873,1007,955,52
S01006874,584,566,18
S01006875,698,694,4
S01006876,992,992,0
S01006877,955,928,27
S01006878,706,704,2
S01006879,789,740,49
S01006880,600,600,0
S01006881,578,578,0
S01006882,398,398,0
S01006883,458,458,0
S01006884,888,888,0
S01006885,529,518,11
S01006886,733,733,0
S01006887,587,587,0
S01006888,800,800,0
S01006889,826,826,0
S01006890,667,665,2
S01006891,951,913,38
S01006892,612,612,0
S01006893,543,543,0
S01006894,938,934,4
S01006895,534,534,0
S01006896,787,768,19
S01006897,708,708,0
S01006898,751,751,0
S01006899,609,609,0
S01006900,579,579,0
S01006901,595,595,0
S01006902,693,693,0
S01006903,822,778,44
S01006904,726,694,32
S01006905,891,878,13
S01006906,843,843,0
S01006907,598,594,4
S01006908,803,803,0
S01006909,768,768,0
S01006910,852,852,0
S01006911,671,671,0
S01006912,432,423,9
S01006913,546,546,0
S01006914,748,743,5
S01006915,826,826,0
S01006916,564,562,2
S01006917,996,996,0
S01006918,493,493,0
S01006919,485,485,0
S01006920,502,502,0
S01006921,829,829,0
S01006922,506,506,0
S01006923,792,775,17
S01006924,556,556,0
S01006925,499,499,0
S01006926,737,737,0
S01006927,1002,1002,0
S01006928,1033,1033,0
S01006929,836,836,0
S01006930,889,889,0
S01006931,392,392,0
S01006932,614,614,0
S01006933,580,580,0
S01006934,620,558,62
S01006935,699,699,0
S01006936,643,643,0
S01006937,730,730,0
S01006938,537,537,0
S01006939,615,615,0
S01006940,939,939,0
S01006941,626,626,0
S01006942,1082,1082,0
S01006943,682,682,0
S01006944,874,874,0
S01006945,508,508,0
S01006946,800,800,0
S01006947,861,861,0
S01006948,871,871,0
S01006949,655,655,0
S01006950,548,548,0
S01006951,470,470,0
S01006952,827,827,0
S01006953,793,793,0
S01006954,829,829,0
S01006955,622,622,0
S01006956,1105,1105,0
S01006957,1083,1053,30
S01006958,881,876,5
S01006959,722,680,42
S01006960,982,976,6
S01006961,984,984,0
S01006962,871,871,0
S01006963,666,663,3
S01006964,743,741,2
S01006965,501,488,13
S01006966,602,602,0
S01006967,629,629,0
S01006968,514,514,0
S01006969,947,889,58
S01006970,716,712,4
S01006971,510,510,0
S01006972,522,522,0
S01006973,525,522,3
S01006974,1040,1037,3
S01006975,951,951,0
S01006976,446,446,0
S01006977,823,823,0
S01006978,855,855,0
S01006979,842,842,0
S01006980,843,843,0
S01006981,798,798,0
S01006982,910,910,0
S01006983,743,743,0
S01006984,702,702,0
S01006985,1008,1006,2
S01006986,674,646,28
S01006987,665,665,0
S01006988,615,612,3
S01006989,1026,1026,0
S01006990,908,905,3
S01006991,443,443,0
S01006992,608,608,0
S01006993,535,535,0
S01006994,573,559,14
S01006995,859,859,0
S01006996,782,782,0
S01006997,786,786,0
S01006998,1091,1091,0
S01006999,872,848,24
S01007000,927,927,0
S01007001,947,906,41
S01007002,608,605,3
S01007003,524,524,0
S01007004,718,718,0
S01007005,904,904,0
S01007006,900,898,2
S01007007,848,848,0
S01007008,1034,991,43
S01007009,1013,1011,2
S01007010,819,781,38
S01007011,865,857,8
S01007012,707,707,0
S01007013,565,565,0
S01007014,1024,996,28
S01007015,625,625,0
S01007016,592,592,0
S01007017,995,986,9
S01007018,990,990,0
S01007019,665,665,0
S01007020,770,768,2
S01007021,923,879,44
S01007022,498,498,0
S01007023,494,494,0
S01007024,1047,1014,33
S01007025,860,854,6
S01007026,892,860,32
S01007027,1085,1085,0
S01007028,734,734,0
S01007029,560,560,0
S01007030,820,820,0
S01007031,630,630,0
S01007032,990,966,24
S01007033,740,740,0
S01007034,592,592,0
S01007035,786,786,0
S01007036,974,919,55
S01007037,1020,1020,0
S01007038,755,755,0
S01007039,860,860,0
S01007040,647,647,0
S01007041,727,713,14
S01007042,737,737,0
S01007043,1000,964,36
S01007044,667,667,0
S01007045,805,799,6
S01007046,574,574,0
S01007047,665,665,0
S01007048,889,879,10
S01007049,945,945,0
S01007050,641,641,0
S01007051,768,768,0
S01007052,573,573,0
S01007053,494,494,0
S01007054,963,957,6
S01007055,515,515,0
S01007056,638,614,24
S01007057,520,520,0
S01007058,577,576,1
S01007059,1020,1020,0
S01007060,604,604,0
S01007061,930,930,0
S01007062,665,665,0
S01007063,670,670,0
S01007064,627,627,0
S01007065,578,578,0
S01007066,648,648,0
S01007067,553,553,0
S01007068,740,708,32
S01007069,847,845,2
S01007070,500,500,0
S01007071,821,821,0
S01007072,641,641,0
S01007073,1064,913,151
S01007074,661,661,0
S01007075,727,727,0
S01007076,759,759,0
S01007077,674,674,0
S01007078,847,843,4
S01007079,983,978,5
S01007080,790,790,0
S01007081,951,951,0
S01007082,551,551,0
S01007083,937,904,33
S01007084,621,559,62
S01007085,805,770,35
S01007086,1132,1118,14
S01007087,896,868,28
S01007088,539,535,4
S01007089,529,529,0
S01007090,540,540,0
S01007091,829,829,0
S01007092,624,624,0
S01007093,987,952,35
S01007094,903,893,10
S01007095,551,551,0
S01007096,837,837,0
S01007097,488,484,4
S01007098,821,807,14
S01007099,883,883,0
S01007100,727,722,5
S01007101,851,800,51
S01007102,706,697,9
S01007103,832,832,0
S01007104,486,486,0
S01007105,543,543,0
S01007106,715,713,2
S01007107,685,685,0
S01007108,577,577,0
S01007109,824,824,0
S01007110,796,796,0
S01007111,526,525,1
S01007112,540,540,0
S01007113,547,496,51
S01007114,888,888,0
S01007115,692,641,51
S01007116,1006,1006,0
S01007117,471,471,0
S01007118,679,679,0
S01007119,812,812,0
S01007120,1086,1078,8
S01007121,533,533,0
S01007122,594,594,0
S01007123,668,644,24
S01007124,913,913,0
S01007125,867,867,0
S01007126,927,919,8
S01007127,1030,1007,23
S01007128,847,847,0
S01007129,956,956,0
S01007130,612,612,0
S01007131,775,775,0
S01007132,700,700,0
S01007133,674,674,0
S01007134,743,743,0
S01007135,558,558,0
S01007136,533,533,0
S01007137,751,751,0
S01007138,597,597,0
S01007139,776,776,0
S01007140,1022,1022,0
S01007141,684,684,0
S01007142,647,566,81
S01007143,671,671,0
S01007144,716,589,127
S01007145,892,892,0
S01007146,759,759,0
S01007147,711,711,0
S01007148,538,538,0
S01007149,542,542,0
S01007150,750,700,50
S01007151,884,859,25
S01007152,567,543,24
S01007153,633,633,0
S01007154,803,776,27
S01007155,640,640,0
S01007156,722,722,0
S01007157,648,648,0
S01007158,939,939,0
S01007159,840,840,0
S01007160,826,826,0
S01007161,701,701,0
S01007162,523,523,0
S01007163,875,865,10
S01007164,576,558,18
S01007165,846,788,58
S01007166,709,707,2
S01007167,795,795,0
S01007168,965,965,0
S01007169,758,758,0
S01007170,648,648,0
S01007171,852,799,53
S01007172,821,792,29
S01007173,881,881,0
S01007174,911,851,60
S01007175,665,665,0
S01007176,708,708,0
S01007177,631,631,0
S01007178,1051,1047,4
S01007179,976,914,62
S01007180,752,750,2
S01007181,813,739,74
S01007182,1047,1024,23
S01007183,1082,1078,4
S01007184,1039,1039,0
S01007185,860,820,40
S01007186,593,593,0
S01007187,804,804,0
S01007188,602,602,0
S01007189,809,768,41
S01007190,815,815,0
S01007191,616,616,0
S01007192,612,612,0
S01007193,769,769,0
S01007194,641,641,0
S01007195,580,580,0
S01007196,768,768,0
S01007197,637,637,0
S01007198,532,532,0
S01007199,804,804,0
S01007200,849,849,0
S01007201,738,738,0
S01007202,735,735,0
S01007203,643,643,0
S01007204,980,956,24
S01007205,688,672,16
S01007206,392,392,0
S01007207,901,898,3
S01007208,990,990,0
S01007209,768,702,66
S01007210,779,779,0
S01007211,967,967,0
S01007212,546,546,0
S01007213,912,873,39
S01007214,740,726,14
S01007215,770,770,0
S01007216,722,694,28
S01007217,943,943,0
S01007218,876,876,0
S01007219,808,808,0
S01007220,701,701,0
S01007221,703,699,4
S01007222,806,806,0
S01007223,531,516,15
S01007224,615,615,0
S01007225,880,873,7
S01007226,797,797,0
S01007227,962,962,0
S01007228,648,648,0
S01007229,1102,1102,0
S01007230,750,742,8
S01007231,701,701,0
S01007232,726,726,0
S01007233,788,788,0
S01007234,630,613,17
S01007235,774,774,0
S01007236,620,619,1
S01007237,719,719,0
S01007238,915,915,0
S01007239,858,810,48
S01007240,539,539,0
S01007241,614,614,0
S01007242,999,999,0
S01007243,587,585,2
S01007244,721,717,4
S01007245,669,669,0
S01007246,564,564,0
S01007247,641,641,0
S01007248,763,763,0
S01007249,433,377,56
S01007250,822,822,0
S01007251,523,523,0
S01007252,811,798,13
S01007253,798,798,0
S01007254,816,793,23
S01007255,792,792,0
S01007256,799,799,0
S01007257,606,606,0
S01007258,886,870,16
S01007259,856,840,16
S01007260,896,884,12
S01007261,782,782,0
S01007262,712,712,0
S01007263,777,777,0
S01007264,774,744,30
S01007265,1109,1059,50
S01007266,678,678,0
S01007267,521,521,0
S01007268,596,594,2
S01007269,528,528,0
S01007270,457,457,0
S01007271,987,957,30
S01007272,864,864,0
S01007273,669,668,1
S01007274,827,826,1
S01007275,590,551,39
S01007276,850,850,0
S01007277,756,756,0
S01007278,542,542,0
S01007279,565,558,7
S01007280,570,568,2
S01007281,979,885,94
S01007282,538,538,0
S01007283,1023,992,31
S01007284,848,841,7
S01007285,872,833,39
S01007286,954,939,15
S01007287,616,562,54
S01007288,554,534,20
S01007289,798,792,6
S01007290,786,786,0
S01007291,690,643,47
S01007292,771,771,0
S01007293,786,786,0
S01007294,916,865,51
S01007295,520,520,0
S01007296,563,544,19
S01007297,911,880,31
S01007298,532,532,0
S01007299,854,785,69
S01007300,502,464,38
S01007301,739,723,16
S01007302,625,625,0
S01007303,925,868,57
S01007304,693,684,9
S01007305,736,736,0
S01007306,756,756,0
S01007307,786,782,4
S01007308,806,749,57
S01007309,645,609,36
S01007310,808,808,0
S01007311,769,734,35
S01007312,770,770,0
S01007313,972,965,7
S01007314,635,635,0
S01007315,940,937,3
S01007316,861,861,0
S01007317,675,639,36
S01007318,607,607,0
S01007319,742,725,17
S01007320,747,743,4
S01007321,595,586,9
S01007322,730,730,0
S01007323,449,448,1
S01007324,328,323,5
S01007325,833,828,5
S01007326,765,762,3
S01007327,784,763,21
S01007328,846,846,0
S01007329,702,702,0
S01007330,778,766,12
S01007331,986,986,0
S01007332,505,505,0
S01007333,806,781,25
S01007334,750,750,0
S01007335,810,810,0
S01007336,535,500,35
S01007337,658,654,4
S01007338,752,752,0
S01007339,621,610,11
S01007340,470,470,0
S01007341,740,730,10
S01007342,826,797,29
S01007343,651,649,2
S01007344,443,438,5
S01007345,595,595,0
S01007346,543,533,10
S01007347,601,601,0
S01007348,610,600,10
S01007349,457,457,0
S01007350,562,553,9
S01007351,658,650,8
S01007352,498,488,10
S01007353,642,642,0
S01007354,786,786,0
S01007355,947,916,31
S01007356,714,714,0
S01007357,803,793,10
S01007358,912,843,69
S01007359,823,823,0
S01007360,534,494,40
S01007361,1043,983,60
S01007362,787,729,58
S01007363,687,679,8
S01007364,897,897,0
S01007365,478,467,11
S01007366,465,465,0
S01007367,562,556,6
S01007368,541,541,0
S01007369,786,786,0
S01007370,740,738,2
S01007371,716,716,0
S01007372,901,814,87
S01007373,606,605,1
S01007374,531,531,0
S01007375,464,464,0
S01007376,849,844,5
S01007377,664,664,0
S01007378,1457,548,909
S01007379,484,484,0
S01007380,581,581,0
S01007381,512,470,42
S01007382,656,650,6
S01007383,749,749,0
S01007384,793,793,0
S01007385,826,826,0
S01007386,806,806,0
S01007387,803,778,25
S01007388,680,680,0
S01007389,585,585,0
S01007390,571,571,0
S01007391,572,572,0
S01007392,466,450,16
S01007393,810,653,157
S01007394,640,640,0
S01007395,787,785,2
S01007396,783,783,0
S01007397,943,937,6
S01007398,703,703,0
S01007399,642,642,0
S01007400,699,699,0
S01007401,676,676,0
S01007402,610,610,0
S01007403,825,825,0
S01007404,428,426,2
S01007405,665,665,0
S01007406,621,603,18
S01007407,722,722,0
S01007408,596,596,0
S01007409,716,669,47
S01007410,703,703,0
S01007411,895,895,0
S01007412,478,478,0
S01007413,910,910,0
S01007414,694,694,0
S01007415,853,853,0
S01007416,595,595,0
S01007417,992,992,0
S01007418,654,654,0
S01007419,865,865,0
S01007420,1451,794,657
S01007421,663,663,0
S01007422,590,550,40
S01007423,764,764,0
S01007424,787,787,0
S01007425,872,872,0
S01007426,661,658,3
S01007427,642,642,0
S01007428,887,887,0
S01007429,715,715,0
S01007430,442,442,0
S01007431,554,554,0
S01007432,818,782,36
S01007433,798,798,0
S01007434,496,496,0
S01007435,681,668,13
S01007436,675,674,1
S01007437,440,440,0
S01007438,673,671,2
S01007439,686,686,0
S01007440,649,645,4
S01007441,551,551,0
S01007442,480,478,2
S01007443,924,856,68
S01007444,945,936,9
S01007445,625,625,0
S01007446,541,541,0
S01007447,485,485,0
S01007448,867,867,0
S01007449,980,980,0
S01007450,774,774,0
S01007451,623,623,0
S01007452,529,523,6
S01007453,635,635,0
S01007454,512,512,0
S01007455,846,846,0
S01007456,891,853,38
S01007457,1080,1033,47
S01007458,523,523,0
S01007459,643,643,0
S01007460,725,717,8
S01007461,680,680,0
S01007462,787,774,13
S01007463,988,988,0
S01007464,686,686,0
S01007465,785,785,0
S01007466,984,984,0
S01007467,974,974,0
S01007468,714,714,0
S01007469,611,611,0
S01007470,699,699,0
S01007471,479,479,0
S01007472,554,554,0
S01007473,438,438,0
S01007474,535,535,0
S01007475,594,594,0
S01007476,651,651,0
S01007477,540,540,0
S01007478,910,901,9
S01007479,579,579,0
S01007480,776,776,0
S01007481,830,830,0
S01007482,478,478,0
S01007483,783,783,0
S01007484,558,548,10
S01007485,481,481,0
S01007486,540,540,0
S01007487,903,893,10
S01007488,1032,1032,0
S01007489,856,856,0
S01007490,913,883,30
S01007491,1184,1127,57
S01007492,685,679,6
S01007493,824,824,0
S01007494,534,533,1
S01007495,844,844,0
S01007496,1011,1011,0
S01007497,596,596,0
S01007498,840,836,4
S01007499,842,842,0
S01007500,605,603,2
S01007501,680,678,2
S01007502,524,521,3
S01007503,1046,1044,2
S01007504,677,677,0
S01007505,429,429,0
S01007506,514,514,0
S01007507,921,921,0
S01007508,696,696,0
S01007509,627,626,1
S01007510,1014,997,17
S01007511,829,829,0
S01007512,526,526,0
S01007513,1052,1045,7
S01007514,519,518,1
S01007515,605,563,42
S01007516,620,620,0
S01007517,462,423,39
S01007518,834,832,2
S01007519,435,433,2
S01007520,980,978,2
S01007521,450,443,7
S01007522,986,940,46
S01007523,542,540,2
S01007524,951,897,54
S01007525,536,504,32
S01007526,734,734,0
S01007527,787,787,0
S01007528,751,735,16
S01007529,666,663,3
S01007530,524,524,0
S01007531,692,690,2
S01007532,597,597,0
S01007533,551,533,18
S01007534,939,939,0
S01007535,1068,1058,10
S01007536,936,934,2
S01007537,1053,1010,43
S01007538,937,892,45
S01007539,667,667,0
S01007540,838,837,1
S01007541,778,724,54
S01007542,866,866,0
S01007543,1078,1078,0
S01007544,1053,1047,6
S01007545,813,808,5
S01007546,565,565,0
S01007547,551,549,2
S01007548,703,703,0
S01007549,620,620,0
S01007550,923,915,8
S01007551,867,856,11
S01007552,913,913,0
S01007553,885,885,0
S01007554,435,435,0
S01007555,515,509,6
S01007556,502,456,46
S01007557,1131,1131,0
S01007558,429,427,2
S01007559,736,734,2
S01007560,957,940,17
S01007561,717,687,30
S01007562,854,851,3
S01007563,890,889,1
S01007564,772,772,0
S01007565,954,943,11
S01007566,736,719,17
S01007567,588,588,0
S01007568,657,657,0
S01007569,818,781,37
S01007570,682,680,2
S01007571,539,539,0
S01007572,967,882,85
S01007573,895,895,0
S01007574,1023,1023,0
S01007575,860,854,6
S01007576,718,718,0
S01007577,688,688,0
S01007578,692,692,0
S01007579,663,663,0
S01007580,838,809,29
S01007581,509,509,0
S01007582,660,660,0
S01007583,1056,1048,8
S01007584,624,624,0
S01007585,906,906,0
S01007586,858,858,0
S01007587,819,623,196
S01007588,844,844,0
S01007589,756,751,5
S01007590,661,661,0
S01007591,576,574,2
S01007592,694,694,0
S01007593,1095,1047,48
S01007594,843,799,44
S01007595,1056,977,79
S01007596,551,550,1
S01007597,647,646,1
S01007598,637,627,10
S01007599,840,808,32
S01007600,1122,1037,85
S01007601,631,631,0
S01007602,650,650,0
S01007603,778,778,0
S01007604,891,891,0
S01007605,828,828,0
S01007606,614,614,0
S01007607,702,702,0
S01007608,744,731,13
S01007609,917,917,0
S01007610,515,456,59
S01007611,917,917,0
S01007612,1044,1037,7
S01007613,772,736,36
S01007614,844,843,1
S01007615,1084,1074,10
S01007616,736,736,0
S01007617,519,519,0
S01007618,638,638,0
S01007619,630,629,1
S01007620,579,579,0
S01007621,656,656,0
S01007622,582,582,0
S01007623,608,608,0
S01007624,664,664,0
S01007625,505,505,0
S01007626,650,650,0
S01007627,547,547,0
S01007628,717,713,4
S01007629,699,696,3
S01007630,813,809,4
S01007631,631,625,6
S01007632,965,960,5
S01007633,977,977,0
S01007634,570,570,0
S01007635,717,671,46
S01007636,858,819,39
S01007637,857,857,0
S01007638,768,768,0
S01007639,1087,1087,0
S01007640,724,722,2
S01007641,856,854,2
S01007642,835,794,41
S01007643,903,897,6
S01007644,844,844,0
S01007645,524,524,0
S01007646,627,576,51
S01007647,717,717,0
S01007648,873,873,0
S01007649,741,729,12
S01007650,956,949,7
S01007651,588,585,3
S01007652,611,588,23
S01007653,886,886,0
S01007654,1104,1050,54
S01007655,781,780,1
S01007656,851,848,3
S01007657,435,428,7
S01007658,507,505,2
S01007659,820,820,0
S01007660,851,851,0
S01007661,660,652,8
S01007662,908,908,0
S01007663,843,841,2
S01007664,578,578,0
S01007665,660,660,0
S01007666,510,502,8
S01007667,717,717,0
S01007668,1086,1041,45
S01007669,642,642,0
S01007670,729,729,0
S01007671,736,711,25
S01007672,874,874,0
S01007673,700,697,3
S01007674,797,797,0
S01007675,627,627,0
S01007676,686,681,5
S01007677,516,511,5
S01007678,788,788,0
S01007679,843,843,0
S01007680,922,916,6
S01007681,405,389,16
S01007682,882,882,0
S01007683,701,701,0
S01007684,801,781,20
S01007685,906,638,268
S01007686,673,665,8
S01007687,885,869,16
S01007688,1015,1015,0
S01007689,613,579,34
S01007690,875,835,40
S01007691,2901,1013,1888
S01007692,939,939,0
S01007693,974,563,411
S01007694,1115,1015,100
S01007695,963,963,0
S01007696,800,800,0
S01007697,948,948,0
S01007698,1093,1056,37
S01007699,808,808,0
S01007700,990,971,19
S01007701,535,535,0
S01007702,1026,560,466
S01007703,783,762,21
S01007704,907,907,0
S01007705,749,541,208
S01007706,781,775,6
S01007707,862,862,0
S01007708,644,644,0
S01007709,582,539,43
S01007710,817,803,14
S01007711,1050,961,89
S01007712,687,644,43
S01007713,484,472,12
S01007714,643,637,6
S01007715,516,516,0
S01007716,1041,967,74
S01007717,1003,997,6
S01007718,689,689,0
S01007719,960,960,0
S01007720,705,705,0
S01007721,730,730,0
S01007722,840,840,0
S01007723,952,952,0
S01007724,648,643,5
S01007725,773,773,0
S01007726,786,786,0
S01007727,1023,1007,16
S01007728,773,694,79
S01007729,772,772,0
S01007730,764,764,0
S01007731,729,729,0
S01007732,677,677,0
S01007733,853,853,0
S01007734,821,821,0
S01007735,827,827,0
S01007736,723,723,0
S01007737,1062,1062,0
S01007738,732,730,2
S01007739,591,591,0
S01007740,575,541,34
S01007741,753,753,0
S01007742,624,624,0
S01007743,895,895,0
S01007744,766,766,0
S01007745,694,667,27
S01007746,889,889,0
S01007747,505,505,0
S01007748,704,704,0
S01007749,709,709,0
S01007750,815,794,21
S01007751,790,737,53
S01007752,747,689,58
S01007753,535,535,0
S01007754,884,884,0
S01007755,877,877,0
S01007756,629,629,0
S01007757,840,840,0
S01007758,899,899,0
S01007759,964,951,13
S01007760,618,588,30
S01007761,853,849,4
S01007762,814,761,53
S01007763,545,545,0
S01007764,756,756,0
S01007765,683,683,0
S01007766,914,914,0
S01007767,884,884,0
S01007768,649,649,0
S01007769,733,708,25
S01007770,738,738,0
S01007771,532,532,0
S01007772,964,964,0
S01007773,734,734,0
S01007774,954,954,0
S01007775,926,825,101
S01007776,727,727,0
S01007777,962,962,0
S01007778,492,446,46
S01007779,701,701,0
S01007780,795,795,0
S01007781,899,899,0
S01007782,499,499,0
S01007783,782,782,0
S01007784,711,711,0
S01007785,603,603,0
S01007786,763,763,0
S01007787,676,676,0
S01007788,708,708,0
S01007789,624,624,0
S01007790,895,895,0
S01007791,503,468,35
S01007792,879,879,0
S01007793,959,959,0
S01007794,567,567,0
S01007795,606,606,0
S01007796,724,724,0
S01007797,522,522,0
S01007798,665,665,0
S01007799,622,622,0
S01007800,956,913,43
S01007801,973,833,140
S01007802,547,547,0
S01007803,1087,1087,0
S01007804,627,627,0
S01007805,520,520,0
S01007806,634,634,0
S01007807,707,707,0
S01007808,848,848,0
S01007809,919,919,0
S01007810,883,883,0
S01007811,871,871,0
S01007812,850,850,0
S01007813,799,799,0
S01007814,565,565,0
S01007815,916,856,60
S01007816,669,669,0
S01007817,449,449,0
S01007818,753,753,0
S01007819,803,803,0
S01007820,980,954,26
S01007821,552,552,0
S01007822,734,734,0
S01007823,696,696,0
S01007824,727,727,0
S01007825,1013,1013,0
S01007826,598,573,25
S01007827,583,583,0
S01007828,977,924,53
S01007829,579,579,0
S01007830,928,928,0
S01007831,888,883,5
S01007832,629,629,0
S01007833,792,792,0
S01007834,742,742,0
S01007835,695,695,0
S01007836,522,522,0
S01007837,778,778,0
S01007838,845,845,0
S01007839,702,528,174
S01007840,762,762,0
S01007841,711,711,0
S01007842,770,770,0
S01007843,705,705,0
S01007844,935,935,0
S01007845,903,903,0
S01007846,744,744,0
S01007847,917,917,0
S01007848,819,819,0
S01007849,934,934,0
S01007850,754,754,0
S01007851,940,939,1
S01007852,667,667,0
S01007853,660,660,0
S01007854,1125,1075,50
S01007855,501,501,0
S01007856,857,843,14
S01007857,492,492,0
S01007858,1052,1019,33
S01007859,528,528,0
S01007860,637,637,0
S01007861,674,674,0
S01007862,701,701,0
S01007863,895,895,0
S01007864,938,938,0
S01007865,693,693,0
S01007866,586,586,0
S01007867,519,456,63
S01007868,861,861,0
S01007869,955,906,49
S01007870,537,505,32
S01007871,669,669,0
S01007872,705,705,0
S01007873,688,639,49
S01007874,723,723,0
S01007875,526,526,0
S01007876,1009,1009,0
S01007877,773,773,0
S01007878,669,598,71
S01007879,764,764,0
S01007880,382,382,0
S01007881,557,557,0
S01007882,737,730,7
S01007883,1046,1046,0
S01007884,639,639,0
S01007885,730,730,0
S01007886,867,867,0
S01007887,578,578,0
S01007888,1070,1070,0
S01007889,533,533,0
S01007890,736,736,0
S01007891,866,866,0
S01007892,738,738,0
S01007893,1036,1019,17
S01007894,916,916,0
S01007895,542,542,0
S01007896,867,867,0
S01007897,439,439,0
S01007898,446,446,0
S01007899,349,349,0
S01007900,549,549,0
S01007901,711,711,0
S01007902,883,883,0
S01007903,645,645,0
S01007904,849,787,62
S01007905,687,687,0
S01007906,724,724,0
S01007907,536,536,0
S01007908,913,913,0
S01007909,543,543,0
S01007910,916,916,0
S01007911,777,777,0
S01007912,757,757,0
S01007913,616,616,0
S01007914,628,628,0
S01007915,835,835,0
S01007916,810,810,0
S01007917,847,811,36
S01007918,922,902,20
S01007919,773,773,0
S01007920,615,615,0
S01007921,932,922,10
S01007922,867,867,0
S01007923,983,968,15
S01007924,1037,984,53
S01007925,465,465,0
S01007926,478,464,14
S01007927,617,617,0
S01007928,1038,998,40
S01007929,738,738,0
S01007930,600,595,5
S01007931,1127,1124,3
S01007932,831,831,0
S01007933,874,874,0
S01007934,720,720,0
S01007935,805,803,2
S01007936,1008,1008,0
S01007937,1059,1059,0
S01007938,740,740,0
S01007939,896,896,0
S01007940,1056,1056,0
S01007941,631,631,0
S01007942,508,508,0
S01007943,660,660,0
S01007944,915,915,0
S01007945,850,850,0
S01007946,787,780,7
S01007947,756,756,0
S01007948,660,660,0
S01007949,751,751,0
S01007950,881,881,0
S01007951,755,755,0
S01007952,617,617,0
S01007953,938,938,0
S01007954,728,728,0
S01007955,833,833,0
S01007956,745,745,0
S01007957,928,928,0
S01007958,883,809,74
S01007959,761,761,0
S01007960,696,696,0
S01007961,1212,703,509
S01007962,597,597,0
S01007963,1003,1003,0
S01007964,791,791,0
S01007965,576,576,0
S01007966,977,977,0
S01007967,639,639,0
S01007968,869,869,0
S01007969,840,840,0
S01007970,874,874,0
S01007971,927,927,0
S01007972,828,828,0
S01007973,816,816,0
S01007974,807,784,23
S01007975,655,655,0
S01007976,703,703,0
S01007977,645,645,0
S01007978,559,559,0
S01007979,830,829,1
S01007980,701,701,0
S01007981,547,547,0
S01007982,514,514,0
S01007983,777,777,0
S01007984,825,825,0
S01007985,923,923,0
S01007986,576,576,0
S01007987,759,759,0
S01007988,817,817,0
S01007989,722,722,0
S01007990,928,928,0
S01007991,958,958,0
S01007992,657,657,0
S01007993,818,818,0
S01007994,853,853,0
S01007995,887,887,0
S01007996,468,468,0
S01007997,669,669,0
S01007998,522,506,16
S01007999,656,656,0
S01008000,913,868,45
S01008001,858,858,0
S01008002,781,781,0
S01008003,666,596,70
S01008004,673,673,0
S01008005,565,565,0
S01008006,579,579,0
S01008007,430,430,0
S01008008,645,645,0
S01008009,785,785,0
S01008010,862,858,4
S01008011,657,657,0
S01008012,772,760,12
S01008013,697,605,92
S01008014,622,622,0
S01008015,776,776,0
S01008016,781,781,0
S01008017,900,879,21
S01008018,634,634,0
S01008019,741,695,46
S01008020,587,587,0
S01008021,571,571,0
S01008022,728,728,0
S01008023,734,734,0
S01008024,689,685,4
S01008025,685,685,0
S01008026,1026,1026,0
S01008027,565,563,2
S01008028,585,585,0
S01008029,875,784,91
S01008030,1054,1054,0
S01008031,881,881,0
S01008032,898,890,8
S01008033,810,810,0
S01008034,790,790,0
S01008035,627,627,0
S01008036,669,669,0
S01008037,1014,1014,0
S01008038,761,761,0
S01008039,898,898,0
S01008040,814,814,0
S01008041,707,707,0
S01008042,597,597,0
S01008043,962,962,0
S01008044,962,959,3
S01008045,977,977,0
S01008046,847,847,0
S01008047,697,697,0
S01008048,575,575,0
S01008049,858,858,0
S01008050,618,618,0
S01008051,884,884,0
S01008052,829,829,0
S01008053,610,610,0
S01008054,778,769,9
S01008055,1049,1049,0
S01008056,755,755,0
S01008057,936,936,0
S01008058,895,895,0
S01008059,678,678,0
S01008060,903,903,0
S01008061,801,704,97
S01008062,872,872,0
S01008063,936,936,0
S01008064,701,701,0
S01008065,993,993,0
S01008066,937,937,0
S01008067,629,629,0
S01008068,914,914,0
S01008069,932,932,0
S01008070,878,878,0
S01008071,702,702,0
S01008072,850,769,81
S01008073,471,471,0
S01008074,976,972,4
S01008075,613,613,0
S01008076,656,624,32
S01008077,831,831,0
S01008078,860,860,0
S01008079,905,905,0
S01008080,699,699,0
S01008081,599,599,0
S01008082,820,820,0
S01008083,727,727,0
S01008084,853,853,0
S01008085,973,973,0
S01008086,1091,1091,0
S01008087,856,856,0
S01008088,917,917,0
S01008089,653,653,0
S01008090,771,771,0
S01008091,385,385,0
S01008092,908,908,0
S01008093,809,809,0
S01008094,667,667,0
S01008095,744,744,0
S01008096,790,790,0
S01008097,628,628,0
S01008098,750,750,0
S01008099,540,521,19
S01008100,946,946,0
S01008101,795,790,5
S01008102,819,749,70
S01008103,610,610,0
S01008104,864,864,0
S01008105,1072,1072,0
S01008106,785,785,0
S01008107,909,909,0
S01008108,655,655,0
S01008109,940,940,0
S01008110,881,881,0
S01008111,869,869,0
S01008112,816,816,0
S01008113,891,891,0
S01008114,685,685,0
S01008115,915,913,2
S01008116,933,933,0
S01008117,800,800,0
S01008118,882,882,0
S01008119,665,665,0
S01008120,635,635,0
S01008121,662,662,0
S01008122,759,752,7
S01008123,904,904,0
S01008124,835,835,0
S01008125,881,881,0
S01008126,812,812,0
S01008127,489,489,0
S01008128,886,880,6
S01008129,891,891,0
S01008130,961,955,6
S01008131,766,766,0
S01008132,1029,1025,4
S01008133,630,630,0
S01008134,602,602,0
S01008135,1175,1105,70
S01008136,875,875,0
S01008137,911,900,11
S01008138,852,852,0
S01008139,875,875,0
S01008140,522,522,0
S01008141,840,840,0
S01008142,802,802,0
S01008143,913,899,14
S01008144,614,614,0
S01008145,808,808,0
S01008146,499,499,0
S01008147,788,788,0
S01008148,747,747,0
S01008149,707,707,0
S01008150,941,941,0
S01008151,704,704,0
S01008152,1057,1057,0
S01008153,892,795,97
S01008154,828,828,0
S01008155,670,670,0
S01008156,919,919,0
S01008157,746,746,0
S01008158,715,715,0
S01008159,989,987,2
S01008160,995,942,53
S01008161,1035,1035,0
S01008162,996,993,3
S01008163,758,758,0
S01008164,1450,650,800
S01008165,788,763,25
S01008166,559,559,0
S01008167,724,724,0
S01008168,849,816,33
S01008169,711,711,0
S01008170,597,575,22
S01008171,733,733,0
S01008172,557,557,0
S01008173,664,664,0
S01008174,532,532,0
S01008175,750,750,0
S01008176,727,727,0
S01008177,776,776,0
S01008178,640,640,0
S01008179,512,512,0
S01008180,473,473,0
S01008181,678,678,0
S01008182,924,924,0
S01008183,642,642,0
S01008184,798,798,0
S01008185,1012,1012,0
S01008186,851,628,223
S01008187,617,617,0
S01008188,920,920,0
S01008189,565,565,0
S01008190,877,877,0
S01008191,482,478,4
S01008192,784,773,11
S01008193,826,790,36
S01008194,630,584,46
S01008195,796,796,0
S01008196,796,796,0
S01008197,940,940,0
S01008198,693,693,0
S01008199,776,776,0
S01008200,628,628,0
S01008201,797,797,0
S01008202,567,567,0
S01008203,556,556,0
S01008204,875,875,0
S01008205,680,680,0
S01008206,654,654,0
S01008207,618,618,0
S01008208,793,793,0
S01008209,563,563,0
S01008210,935,935,0
S01008211,887,887,0
S01008212,583,583,0
S01008213,1029,1029,0
S01008214,710,704,6
S01008215,735,735,0
S01008216,515,515,0
S01008217,573,557,16
S01008218,1084,1077,7
S01008219,1009,933,76
S01008220,644,644,0
S01008221,718,718,0
S01008222,641,641,0
S01008223,597,597,0
S01008224,907,907,0
S01008225,714,714,0
S01008226,755,755,0
S01008227,819,819,0
S01008228,640,639,1
S01008229,686,686,0
S01008230,811,811,0
S01008231,794,794,0
S01008232,686,686,0
S01008233,467,467,0
S01008234,387,387,0
S01008235,829,829,0
S01008236,845,845,0
S01008237,864,864,0
S01008238,756,756,0
S01008239,762,760,2
S01008240,885,885,0
S01008241,648,648,0
S01008242,900,900,0
S01008243,936,936,0
S01008244,578,574,4
S01008245,992,992,0
S01008246,989,933,56
S01008247,789,789,0
S01008248,936,936,0
S01008249,903,883,20
S01008250,1024,1024,0
S01008251,754,754,0
S01008252,835,825,10
S01008253,766,755,11
S01008254,996,973,23
S01008255,737,725,12
S01008256,838,838,0
S01008257,672,642,30
S01008258,809,809,0
S01008259,777,777,0
S01008260,780,780,0
S01008261,901,901,0
S01008262,612,612,0
S01008263,601,560,41
S01008264,751,751,0
S01008265,706,706,0
S01008266,678,678,0
S01008267,818,808,10
S01008268,878,827,51
S01008269,868,808,60
S01008270,819,785,34
S01008271,669,664,5
S01008272,1002,1002,0
S01008273,841,841,0
S01008274,729,729,0
S01008275,558,558,0
S01008276,557,557,0
S01008277,502,502,0
S01008278,774,774,0
S01008279,733,733,0
S01008280,946,939,7
S01008281,726,726,0
S01008282,709,686,23
S01008283,504,504,0
S01008284,892,892,0
S01008285,754,754,0
S01008286,747,724,23
S01008287,852,737,115
S01008288,901,899,2
S01008289,617,617,0
S01008290,915,864,51
S01008291,719,717,2
S01008292,831,831,0
S01008293,606,606,0
S01008294,937,937,0
S01008295,957,957,0
S01008296,687,687,0
S01008297,789,789,0
S01008298,745,745,0
S01008299,813,813,0
S01008300,846,846,0
S01008301,832,832,0
S01008302,745,745,0
S01008303,558,558,0
S01008304,476,476,0
S01008305,791,791,0
S01008306,611,611,0
S01008307,640,589,51
S01008308,566,566,0
S01008309,727,706,21
S01008310,949,949,0
S01008311,384,384,0
S01008312,413,413,0
S01008313,877,834,43
S01008314,566,566,0
S01008315,748,748,0
S01008316,598,598,0
S01008317,738,738,0
S01008318,973,923,50
S01008319,739,739,0
S01008320,633,633,0
S01008321,546,546,0
S01008322,1055,1055,0
S01008323,799,799,0
S01008324,651,651,0
S01008325,764,764,0
S01008326,990,990,0
S01008327,857,857,0
S01008328,699,699,0
S01008329,883,883,0
S01008330,871,871,0
S01008331,602,602,0
S01008332,953,884,69
S01008333,990,943,47
S01008334,731,731,0
S01008335,763,763,0
S01008336,662,662,0
S01008337,906,906,0
S01008338,915,876,39
S01008339,629,629,0
S01008340,822,822,0
S01008341,700,700,0
S01008342,853,853,0
S01008343,848,848,0
S01008344,872,872,0
S01008345,916,916,0
S01008346,1023,1023,0
S01008347,980,980,0
S01008348,734,734,0
S01008349,934,890,44
S01008350,589,589,0
S01008351,900,893,7
S01008352,674,674,0
S01008353,525,525,0
S01008354,698,698,0
S01008355,658,658,0
S01008356,587,587,0
S01008357,706,706,0
S01008358,697,697,0
S01008359,639,639,0
S01008360,844,844,0
S01008361,516,516,0
S01008362,956,956,0
S01008363,739,739,0
S01008364,761,761,0
S01008365,674,674,0
S01008366,926,897,29
S01008367,727,727,0
S01008368,657,657,0
S01008369,529,529,0
S01008370,692,692,0
S01008371,808,808,0
S01008372,790,790,0
S01008373,795,795,0
S01008374,705,705,0
S01008375,789,789,0
S01008376,550,550,0
S01008377,746,746,0
S01008378,1015,1015,0
S01008379,530,530,0
S01008380,649,649,0
S01008381,649,649,0
S01008382,650,650,0
S01008383,480,480,0
S01008384,976,968,8
S01008385,674,674,0
S01008386,795,795,0
S01008387,609,609,0
S01008388,637,637,0
S01008389,652,621,31
S01008390,619,619,0
S01008391,785,785,0
S01008392,916,906,10
S01008393,836,836,0
S01008394,832,832,0
S01008395,531,531,0
S01008396,626,626,0
S01008397,935,935,0
S01008398,587,587,0
S01008399,539,536,3
S01008400,690,690,0
S01008401,968,968,0
S01008402,1092,1092,0
S01008403,610,610,0
S01008404,967,886,81
S01008405,771,771,0
S01008406,978,966,12
S01008407,522,522,0
S01008408,673,667,6
S01008409,867,832,35
S01008410,589,589,0
S01008411,604,604,0
S01008412,706,706,0
S01008413,549,549,0
S01008414,458,458,0
S01008415,841,841,0
S01008416,941,941,0
S01008417,726,726,0
S01008418,692,692,0
S01008419,525,500,25
S01008420,476,476,0
S01008421,858,858,0
S01008422,621,621,0
S01008423,1063,1063,0
S01008424,835,835,0
S01008425,2465,955,1510
S01008426,573,573,0
S01008427,1068,1068,0
S01008428,676,676,0
S01008429,841,841,0
S01008430,666,666,0
S01008431,842,842,0
S01008432,701,701,0
S01008433,807,807,0
S01008434,801,801,0
S01008435,766,766,0
S01008436,870,836,34
S01008437,710,708,2
S01008438,443,437,6
S01008439,1120,1112,8
S01008440,997,997,0
S01008441,465,465,0
S01008442,688,680,8
S01008443,582,582,0
S01008444,634,623,11
S01008445,920,909,11
S01008446,1128,781,347
S01008447,675,675,0
S01008448,755,755,0
S01008449,795,795,0
S01008450,592,555,37
S01008451,699,699,0
S01008452,631,631,0
S01008453,506,506,0
S01008454,951,951,0
S01008455,1000,1000,0
S01008456,973,973,0
S01008457,616,616,0
S01008458,994,994,0
S01008459,741,741,0
S01008460,805,805,0
S01008461,914,914,0
S01008462,564,564,0
S01008463,670,670,0
S01008464,850,850,0
S01008465,742,742,0
S01008466,744,744,0
S01008467,785,785,0
S01008468,678,615,63
S01008469,577,577,0
S01008470,728,728,0
S01008471,858,858,0
S01008472,714,714,0
S01008473,700,700,0
S01008474,779,779,0
S01008475,610,610,0
S01008476,699,699,0
S01008477,773,773,0
S01008478,840,803,37
S01008479,762,755,7
S01008480,607,607,0
S01008481,1615,983,632
S01008482,614,607,7
S01008483,598,598,0
S01008484,754,754,0
S01008485,1015,1015,0
S01008486,867,867,0
S01008487,759,759,0
S01008488,764,764,0
S01008489,620,620,0
S01008490,893,893,0
S01008491,914,914,0
S01008492,944,944,0
S01008493,793,793,0
S01008494,688,688,0
S01008495,891,891,0
S01008496,956,956,0
S01008497,786,786,0
S01008498,772,764,8
S01008499,996,996,0
S01008500,402,402,0
S01008501,607,607,0
S01008502,635,635,0
S01008503,833,833,0
S01008504,1112,1107,5
S01008505,711,711,0
S01008506,854,788,66
S01008507,897,755,142
S01008508,851,847,4
S01008509,994,994,0
S01008510,906,904,2
S01008511,881,879,2
S01008512,505,505,0
S01008513,706,669,37
S01008514,934,877,57
S01008515,747,747,0
S01008516,901,901,0
S01008517,860,860,0
S01008518,905,905,0
S01008519,809,809,0
S01008520,1076,1076,0
S01008521,907,902,5
S01008522,532,532,0
S01008523,967,967,0
S01008524,867,863,4
S01008525,775,775,0
S01008526,850,846,4
S01008527,726,726,0
S01008528,720,720,0
S01008529,724,724,0
S01008530,724,724,0
S01008531,748,748,0
S01008532,443,443,0
S01008533,549,541,8
S01008534,723,723,0
S01008535,709,709,0
S01008536,569,569,0
S01008537,673,673,0
S01008538,542,542,0
S01008539,837,833,4
S01008540,861,861,0
S01008541,886,886,0
S01008542,942,942,0
S01008543,740,740,0
S01008544,653,653,0
S01008545,898,898,0
S01008546,806,806,0
S01008547,1010,1010,0
S01008548,835,835,0
S01008549,952,948,4
S01008550,798,798,0
S01008551,984,969,15
S01008552,876,876,0
S01008553,528,523,5
S01008554,1090,1090,0
S01008555,1036,1027,9
S01008556,778,778,0
S01008557,928,914,14
S01008558,912,912,0
S01008559,715,715,0
S01008560,699,699,0
S01008561,674,674,0
S01008562,675,675,0
S01008563,830,805,25
S01008564,587,587,0
S01008565,930,928,2
S01008566,1066,1064,2
S01008567,744,744,0
S01008568,793,793,0
S01008569,640,640,0
S01008570,961,961,0
S01008571,679,672,7
S01008572,888,817,71
S01008573,892,819,73
S01008574,757,727,30
S01008575,802,801,1
S01008576,823,820,3
S01008577,903,792,111
S01008578,806,741,65
S01008579,753,639,114
S01008580,542,542,0
S01008581,894,894,0
S01008582,1020,1020,0
S01008583,713,713,0
S01008584,859,857,2
S01008585,598,598,0
S01008586,811,811,0
S01008587,914,754,160
S01008588,775,775,0
S01008589,390,390,0
S01008590,759,759,0
S01008591,824,807,17
S01008592,760,760,0
S01008593,780,776,4
S01008594,1038,961,77
S01008595,905,842,63
S01008596,852,852,0
S01008597,880,880,0
S01008598,837,812,25
S01008599,919,896,23
S01008600,847,797,50
S01008601,2533,752,1781
S01008602,650,557,93
S01008603,1121,1121,0
S01008604,933,863,70
S01008605,702,702,0
S01008606,767,763,4
S01008607,630,628,2
S01008608,751,706,45
S01008609,977,900,77
S01008610,848,848,0
S01008611,1421,1111,310
S01008612,779,779,0
S01008613,798,798,0
S01008614,677,677,0
S01008615,869,846,23
S01008616,733,733,0
S01008617,829,829,0
S01008618,739,739,0
S01008619,520,520,0
S01008620,815,815,0
S01008621,770,770,0
S01008622,517,517,0
S01008623,954,869,85
S01008624,781,683,98
S01008625,573,566,7
S01008626,919,919,0
S01008627,759,695,64
S01008628,630,581,49
S01008629,571,571,0
S01008630,556,556,0
S01008631,786,786,0
S01008632,918,711,207
S01008633,952,928,24
S01008634,727,727,0
S01008635,850,824,26
S01008636,861,861,0
S01008637,710,679,31
S01008638,854,798,56
S01008639,888,866,22
S01008640,776,776,0
S01008641,825,825,0
S01008642,932,932,0
S01008643,712,702,10
S01008644,771,769,2
S01008645,825,825,0
S01008646,812,812,0
S01008647,589,589,0
S01008648,610,610,0
S01008649,901,841,60
S01008650,731,731,0
S01008651,965,686,279
S01008652,567,567,0
S01008653,684,684,0
S01008654,937,937,0
S01008655,796,796,0
S01008656,644,644,0
S01008657,758,664,94
S01008658,1111,900,211
S01008659,825,825,0
S01008660,936,936,0
S01008661,990,754,236
S01008662,745,512,233
S01008663,846,829,17
S01008664,705,705,0
S01008665,1186,941,245
S01008666,994,770,224
S01008667,984,725,259
S01008668,620,557,63
S01008669,578,578,0
S01008670,879,757,122
S01008671,751,751,0
S01008672,686,686,0
S01008673,1064,1064,0
S01008674,955,784,171
S01008675,732,705,27
S01008676,779,690,89
S01008677,821,731,90
S01008678,1200,721,479
S01008679,1164,877,287
S01008680,631,597,34
S01008681,971,971,0
S01008682,783,783,0
S01008683,1511,1074,437
S01008684,994,923,71
S01008685,1025,777,248
S01008686,963,955,8
S01008687,648,648,0
S01008688,896,807,89
S01008689,860,860,0
S01008690,990,990,0
S01008691,1050,1050,0
S01008692,685,627,58
S01008693,487,487,0
S01008694,1000,1000,0
S01008695,703,703,0
S01008696,675,675,0
S01008697,1059,1055,4
S01008698,492,492,0
S01008699,909,905,4
S01008700,569,569,0
S01008701,396,396,0
S01008702,584,584,0
S01008703,972,961,11
S01008704,709,700,9
S01008705,500,494,6
S01008706,577,577,0
S01008707,862,862,0
S01008708,928,859,69
S01008709,763,763,0
S01008710,494,494,0
S01008711,706,706,0
S01008712,1143,1038,105
S01008713,635,635,0
S01008714,568,554,14
S01008715,763,763,0
S01008716,545,545,0
S01008717,440,440,0
S01008718,510,510,0
S01008719,1003,1003,0
S01008720,508,508,0
S01008721,809,809,0
S01008722,1058,1057,1
S01008723,677,625,52
S01008724,968,934,34
S01008725,752,749,3
S01008726,579,576,3
S01008727,1102,1034,68
S01008728,552,552,0
S01008729,740,740,0
S01008730,801,794,7
S01008731,430,430,0
S01008732,610,610,0
S01008733,793,793,0
S01008734,564,564,0
S01008735,996,996,0
S01008736,738,734,4
S01008737,801,801,0
S01008738,782,754,28
S01008739,559,559,0
S01008740,553,553,0
S01008741,953,953,0
S01008742,484,484,0
S01008743,926,914,12
S01008744,1058,1058,0
S01008745,466,466,0
S01008746,1062,1062,0
S01008747,501,501,0
S01008748,667,667,0
S01008749,983,983,0
S01008750,704,703,1
S01008751,622,622,0
S01008752,787,787,0
S01008753,536,536,0
S01008754,590,590,0
S01008755,941,941,0
S01008756,708,708,0
S01008757,638,638,0
S01008758,823,823,0
S01008759,564,564,0
S01008760,949,941,8
S01008761,738,690,48
S01008762,608,608,0
S01008763,925,925,0
S01008764,714,714,0
S01008765,852,850,2
S01008766,1057,1013,44
S01008767,542,542,0
S01008768,537,490,47
S01008769,666,666,0
S01008770,855,855,0
S01008771,779,778,1
S01008772,785,767,18
S01008773,1025,1019,6
S01008774,901,897,4
S01008775,477,471,6
S01008776,863,799,64
S01008777,1014,991,23
S01008778,1086,1086,0
S01008779,718,718,0
S01008780,583,583,0
S01008781,891,891,0
S01008782,792,749,43
S01008783,417,417,0
S01008784,442,442,0
S01008785,867,867,0
S01008786,925,894,31
S01008787,374,374,0
S01008788,690,690,0
S01008789,654,654,0
S01008790,638,624,14
S01008791,877,877,0
S01008792,782,774,8
S01008793,427,427,0
S01008794,865,857,8
S01008795,1122,1122,0
S01008796,1117,1117,0
S01008797,947,947,0
S01008798,787,783,4
S01008799,665,665,0
S01008800,1035,1035,0
S01008801,936,936,0
S01008802,958,958,0
S01008803,952,952,0
S01008804,652,535,117
S01008805,623,623,0
S01008806,1019,1019,0
S01008807,792,792,0
S01008808,663,663,0
S01008809,642,636,6
S01008810,733,733,0
S01008811,844,829,15
S01008812,471,471,0
S01008813,970,955,15
S01008814,842,841,1
S01008815,908,908,0
S01008816,523,523,0
S01008817,764,764,0
S01008818,775,775,0
S01008819,756,705,51
S01008820,1119,1113,6
S01008821,712,712,0
S01008822,734,726,8
S01008823,675,626,49
S01008824,961,961,0
S01008825,619,610,9
S01008826,664,650,14
S01008827,732,698,34
S01008828,884,882,2
S01008829,715,715,0
S01008830,692,689,3
S01008831,774,774,0
S01008832,755,697,58
S01008833,989,985,4
S01008834,1130,1078,52
S01008835,813,813,0
S01008836,675,675,0
S01008837,1015,1015,0
S01008838,1009,1009,0
S01008839,1027,1024,3
S01008840,1074,1073,1
S01008841,568,568,0
S01008842,882,882,0
S01008843,991,881,110
S01008844,695,695,0
S01008845,853,851,2
S01008846,821,807,14
S01008847,585,573,12
S01008848,772,765,7
S01008849,727,727,0
S01008850,818,818,0
S01008851,1022,1021,1
S01008852,1002,992,10
S01008853,680,680,0
S01008854,910,908,2
S01008855,1060,1056,4
S01008856,562,562,0
S01008857,764,764,0
S01008858,552,552,0
S01008859,1113,1103,10
S01008860,882,882,0
S01008861,765,760,5
S01008862,877,877,0
S01008863,733,733,0
S01008864,1166,721,445
S01008865,850,850,0
S01008866,798,798,0
S01008867,800,800,0
S01008868,771,726,45
S01008869,998,998,0
S01008870,780,757,23
S01008871,1079,1031,48
S01008872,853,851,2
S01008873,692,688,4
S01008874,848,848,0
S01008875,820,820,0
S01008876,587,587,0
S01008877,548,548,0
S01008878,907,907,0
S01008879,817,817,0
S01008880,626,595,31
S01008881,581,520,61
S01008882,1075,976,99
S01008883,965,869,96
S01008884,706,706,0
S01008885,888,888,0
S01008886,843,804,39
S01008887,770,766,4
S01008888,592,592,0
S01008889,542,542,0
S01008890,717,716,1
S01008891,763,763,0
S01008892,971,971,0
S01008893,910,899,11
S01008894,868,868,0
S01008895,800,715,85
S01008896,566,566,0
S01008897,689,689,0
S01008898,870,870,0
S01008899,843,843,0
S01008900,948,948,0
S01008901,846,846,0
S01008902,1019,1012,7
S01008903,962,962,0
S01008904,1073,1073,0
S01008905,1116,1104,12
S01008906,813,813,0
S01008907,692,692,0
S01008908,929,929,0
S01008909,797,797,0
S01008910,476,476,0
S01008911,918,861,57
S01008912,792,792,0
S01008913,684,684,0
S01008914,868,868,0
S01008915,569,569,0
S01008916,1094,1085,9
S01008917,690,681,9
S01008918,584,584,0
S01008919,544,544,0
S01008920,1075,1075,0
S01008921,755,755,0
S01008922,785,785,0
S01008923,749,749,0
S01008924,982,982,0
S01008925,691,691,0
S01008926,607,607,0
S01008927,799,799,0
S01008928,709,609,100
S01008929,762,762,0
S01008930,913,913,0
S01008931,776,776,0
S01008932,885,885,0
S01008933,686,686,0
S01008934,792,792,0
S01008935,893,893,0
S01008936,397,397,0
S01008937,831,831,0
S01008938,750,750,0
S01008939,781,781,0
S01008940,636,636,0
S01008941,881,881,0
S01008942,727,727,0
S01008943,884,826,58
S01008944,1013,1013,0
S01008945,782,782,0
S01008946,912,912,0
S01008947,1063,1063,0
S01008948,704,699,5
S01008949,924,924,0
S01008950,935,935,0
S01008951,822,822,0
S01008952,803,803,0
S01008953,903,903,0
S01008954,880,839,41
S01008955,637,637,0
S01008956,878,878,0
S01008957,1010,1010,0
S01008958,722,722,0
S01008959,859,859,0
S01008960,916,916,0
S01008961,715,715,0
S01008962,616,616,0
S01008963,783,783,0
S01008964,525,525,0
S01008965,742,742,0
S01008966,590,590,0
S01008967,1045,1045,0
S01008968,997,997,0
S01008969,1088,1088,0
S01008970,1014,1014,0
S01008971,697,697,0
S01008972,793,765,28
S01008973,812,708,104
S01008974,803,803,0
S01008975,728,728,0
S01008976,525,525,0
S01008977,605,605,0
S01008978,580,580,0
S01008979,743,743,0
S01008980,834,834,0
S01008981,708,708,0
S01008982,789,789,0
S01008983,650,650,0
S01008984,518,518,0
S01008985,679,679,0
S01008986,802,802,0
S01008987,822,822,0
S01008988,1058,941,117
S01008989,653,653,0
S01008990,737,737,0
S01008991,935,935,0
S01008992,562,562,0
S01008993,1068,1068,0
S01008994,773,773,0
S01008995,861,861,0
S01008996,562,562,0
S01008997,984,984,0
S01008998,628,628,0
S01008999,854,854,0
S01009000,911,911,0
S01009001,888,880,8
S01009002,827,807,20
S01009003,961,960,1
S01009004,680,680,0
S01009005,730,730,0
S01009006,766,766,0
S01009007,701,701,0
S01009008,916,916,0
S01009009,476,476,0
S01009010,1021,1021,0
S01009011,870,869,1
S01009012,752,752,0
S01009013,893,893,0
S01009014,621,609,12
S01009015,643,637,6
S01009016,530,528,2
S01009017,622,604,18
S01009018,745,743,2
S01009019,519,517,2
S01009020,811,807,4
S01009021,731,731,0
S01009022,888,873,15
S01009023,936,908,28
S01009024,980,959,21
S01009025,918,918,0
S01009026,892,892,0
S01009027,773,768,5
S01009028,496,494,2
S01009029,621,617,4
S01009030,733,733,0
S01009031,761,761,0
S01009032,660,656,4
S01009033,795,795,0
S01009034,709,709,0
S01009035,930,927,3
S01009036,1074,1074,0
S01009037,893,893,0
S01009038,1090,1081,9
S01009039,661,656,5
S01009040,653,620,33
S01009041,872,846,26
S01009042,849,808,41
S01009043,625,600,25
S01009044,869,801,68
S01009045,654,630,24
S01009046,872,868,4
S01009047,805,802,3
S01009048,837,837,0
S01009049,616,616,0
S01009050,792,775,17
S01009051,761,761,0
S01009052,598,598,0
S01009053,532,532,0
S01009054,583,583,0
S01009055,807,807,0
S01009056,554,554,0
S01009057,555,554,1
S01009058,786,786,0
S01009059,901,881,20
S01009060,560,560,0
S01009061,810,810,0
S01009062,647,647,0
S01009063,733,733,0
S01009064,583,583,0
S01009065,686,686,0
S01009066,693,693,0
S01009067,863,863,0
S01009068,895,895,0
S01009069,631,631,0
S01009070,627,627,0
S01009071,508,508,0
S01009072,534,528,6
S01009073,651,585,66
S01009074,721,721,0
S01009075,536,536,0
S01009076,918,918,0
S01009077,626,626,0
S01009078,821,821,0
S01009079,890,837,53
S01009080,934,934,0
S01009081,654,654,0
S01009082,1006,974,32
S01009083,774,774,0
S01009084,521,490,31
S01009085,834,834,0
S01009086,715,715,0
S01009087,571,571,0
S01009088,1024,1012,12
S01009089,977,977,0
S01009090,821,764,57
S01009091,711,711,0
S01009092,1047,1047,0
S01009093,775,775,0
S01009094,682,682,0
S01009095,787,763,24
S01009096,1017,942,75
S01009097,900,900,0
S01009098,527,509,18
S01009099,755,755,0
S01009100,781,745,36
S01009101,935,935,0
S01009102,819,819,0
S01009103,570,570,0
S01009104,775,775,0
S01009105,796,796,0
S01009106,551,551,0
S01009107,845,845,0
S01009108,714,714,0
S01009109,670,670,0
S01009110,607,607,0
S01009111,848,848,0
S01009112,560,560,0
S01009113,927,852,75
S01009114,786,786,0
S01009115,582,582,0
S01009116,464,464,0
S01009117,857,857,0
S01009118,632,632,0
S01009119,752,752,0
S01009120,530,530,0
S01009121,811,811,0
S01009122,926,919,7
S01009123,574,574,0
S01009124,584,584,0
S01009125,713,659,54
S01009126,592,579,13
S01009127,626,626,0
S01009128,806,806,0
S01009129,486,486,0
S01009130,661,661,0
S01009131,482,482,0
S01009132,822,822,0
S01009133,567,567,0
S01009134,920,920,0
S01009135,565,565,0
S01009136,778,691,87
S01009137,616,616,0
S01009138,861,861,0
S01009139,406,406,0
S01009140,700,700,0
S01009141,824,780,44
S01009142,600,600,0
S01009143,600,600,0
S01009144,668,668,0
S01009145,1056,1056,0
S01009146,911,904,7
S01009147,832,832,0
S01009148,694,694,0
S01009149,799,799,0
S01009150,747,747,0
S01009151,890,890,0
S01009152,667,667,0
S01009153,472,472,0
S01009154,972,899,73
S01009155,567,550,17
S01009156,548,548,0
S01009157,838,838,0
S01009158,558,558,0
S01009159,511,511,0
S01009160,674,618,56
S01009161,647,647,0
S01009162,709,709,0
S01009163,488,465,23
S01009164,750,750,0
S01009165,720,720,0
S01009166,839,839,0
S01009167,548,548,0
S01009168,634,634,0
S01009169,761,746,15
S01009170,677,677,0
S01009171,664,664,0
S01009172,656,656,0
S01009173,768,768,0
S01009174,487,487,0
S01009175,848,848,0
S01009176,992,984,8
S01009177,817,817,0
S01009178,743,743,0
S01009179,683,683,0
S01009180,984,984,0
S01009181,855,855,0
S01009182,1002,1002,0
S01009183,737,737,0
S01009184,871,858,13
S01009185,892,888,4
S01009186,810,810,0
S01009187,512,512,0
S01009188,892,890,2
S01009189,776,776,0
S01009190,810,796,14
S01009191,746,746,0
S01009192,1108,625,483
S01009193,309,309,0
S01009194,788,788,0
S01009195,877,860,17
S01009196,693,693,0
S01009197,1027,1027,0
S01009198,730,730,0
S01009199,616,616,0
S01009200,1156,1121,35
S01009201,630,630,0
S01009202,525,525,0
S01009203,633,633,0
S01009204,895,895,0
S01009205,702,702,0
S01009206,807,807,0
S01009207,760,760,0
S01009208,631,631,0
S01009209,656,597,59
S01009210,572,569,3
S01009211,628,628,0
S01009212,829,829,0
S01009213,894,836,58
S01009214,1010,972,38
S01009215,926,926,0
S01009216,886,886,0
S01009217,623,623,0
S01009218,821,821,0
S01009219,630,630,0
S01009220,550,550,0
S01009221,574,574,0
S01009222,538,538,0
S01009223,556,556,0
S01009224,627,627,0
S01009225,536,536,0
S01009226,909,909,0
S01009227,589,589,0
S01009228,602,602,0
S01009229,583,579,4
S01009230,566,558,8
S01009231,958,958,0
S01009232,581,581,0
S01009233,568,567,1
S01009234,1021,1021,0
S01009235,921,921,0
S01009236,483,483,0
S01009237,869,847,22
S01009238,742,726,16
S01009239,867,866,1
S01009240,672,672,0
S01009241,895,895,0
S01009242,725,725,0
S01009243,1003,1003,0
S01009244,814,809,5
S01009245,830,830,0
S01009246,813,803,10
S01009247,1010,1010,0
S01009248,688,688,0
S01009249,810,810,0
S01009250,638,638,0
S01009251,553,553,0
S01009252,478,478,0
S01009253,476,476,0
S01009254,822,822,0
S01009255,633,633,0
S01009256,478,478,0
S01009257,684,640,44
S01009258,639,633,6
S01009259,942,942,0
S01009260,1149,1121,28
S01009261,738,738,0
S01009262,604,604,0
S01009263,817,817,0
S01009264,517,517,0
S01009265,791,791,0
S01009266,853,853,0
S01009267,840,790,50
S01009268,1002,1002,0
S01009269,892,892,0
S01009270,595,595,0
S01009271,885,885,0
S01009272,704,704,0
S01009273,466,466,0
S01009274,631,631,0
S01009275,665,579,86
S01009276,889,889,0
S01009277,527,527,0
S01009278,559,559,0
S01009279,584,584,0
S01009280,898,898,0
S01009281,826,826,0
S01009282,737,737,0
S01009283,444,444,0
S01009284,822,822,0
S01009285,906,906,0
S01009286,737,737,0
S01009287,754,754,0
S01009288,829,829,0
S01009289,871,871,0
S01009290,646,646,0
S01009291,979,979,0
S01009292,511,511,0
S01009293,723,723,0
S01009294,506,506,0
S01009295,611,611,0
S01009296,506,506,0
S01009297,826,826,0
S01009298,971,971,0
S01009299,986,972,14
S01009300,510,510,0
S01009301,967,921,46
S01009302,845,845,0
S01009303,787,717,70
S01009304,964,964,0
S01009305,736,736,0
S01009306,1094,1094,0
S01009307,1018,979,39
S01009308,513,513,0
S01009309,734,726,8
S01009310,932,891,41
S01009311,753,753,0
S01009312,650,650,0
S01009313,542,542,0
S01009314,650,650,0
S01009315,646,616,30
S01009316,756,749,7
S01009317,847,847,0
S01009318,619,619,0
S01009319,903,903,0
S01009320,713,704,9
S01009321,676,676,0
S01009322,801,798,3
S01009323,634,622,12
S01009324,528,528,0
S01009325,801,730,71
S01009326,640,602,38
S01009327,579,579,0
S01009328,683,683,0
S01009329,442,442,0
S01009330,503,503,0
S01009331,573,573,0
S01009332,922,867,55
S01009333,738,738,0
S01009334,636,636,0
S01009335,772,772,0
S01009336,658,655,3
S01009337,743,743,0
S01009338,725,725,0
S01009339,853,853,0
S01009340,596,596,0
S01009341,583,583,0
S01009342,742,742,0
S01009343,574,574,0
S01009344,630,630,0
S01009345,942,942,0
S01009346,719,719,0
S01009347,691,691,0
S01009348,510,510,0
S01009349,830,830,0
S01009350,622,622,0
S01009351,527,527,0
S01009352,797,797,0
S01009353,403,403,0
S01009354,925,925,0
S01009355,866,866,0
S01009356,963,963,0
S01009357,485,485,0
S01009358,725,725,0
S01009359,774,774,0
S01009360,835,835,0
S01009361,768,768,0
S01009362,1015,1015,0
S01009363,833,833,0
S01009364,860,860,0
S01009365,565,565,0
S01009366,760,758,2
S01009367,628,628,0
S01009368,581,581,0
S01009369,598,598,0
S01009370,838,828,10
S01009371,526,526,0
S01009372,521,521,0
S01009373,799,799,0
S01009374,853,846,7
S01009375,797,797,0
S01009376,577,577,0
S01009377,1284,971,313
S01009378,994,994,0
S01009379,981,981,0
S01009380,585,554,31
S01009381,632,632,0
S01009382,783,782,1
S01009383,816,811,5
S01009384,564,560,4
S01009385,512,512,0
S01009386,670,670,0
S01009387,604,604,0
S01009388,929,929,0
S01009389,908,902,6
S01009390,777,777,0
S01009391,695,695,0
S01009392,581,581,0
S01009393,686,686,0
S01009394,943,891,52
S01009395,677,677,0
S01009396,736,736,0
S01009397,703,703,0
S01009398,688,688,0
S01009399,705,705,0
S01009400,519,519,0
S01009401,681,681,0
S01009402,944,944,0
S01009403,539,539,0
S01009404,546,546,0
S01009405,401,401,0
S01009406,974,904,70
S01009407,508,502,6
S01009408,742,739,3
S01009409,665,665,0
S01009410,877,877,0
S01009411,875,875,0
S01009412,848,848,0
S01009413,988,988,0
S01009414,682,682,0
S01009415,814,791,23
S01009416,528,528,0
S01009417,304,304,0
S01009418,1080,1078,2
S01009419,574,574,0
S01009420,632,632,0
S01009421,722,722,0
S01009422,810,810,0
S01009423,932,932,0
S01009424,591,551,40
S01009425,739,739,0
S01009426,776,776,0
S01009427,608,608,0
S01009428,666,588,78
S01009429,704,704,0
S01009430,737,737,0
S01009431,672,672,0
S01009432,817,809,8
S01009433,826,824,2
S01009434,543,543,0
S01009435,774,774,0
S01009436,701,701,0
S01009437,678,678,0
S01009438,872,872,0
S01009439,923,923,0
S01009440,672,638,34
S01009441,836,836,0
S01009442,563,563,0
S01009443,686,666,20
S01009444,846,846,0
S01009445,778,778,0
S01009446,904,878,26
S01009447,486,486,0
S01009448,812,808,4
S01009449,528,528,0
S01009450,601,596,5
S01009451,1020,1014,6
S01009452,503,503,0
S01009453,1023,981,42
S01009454,912,878,34
S01009455,848,847,1
S01009456,665,664,1
S01009457,627,587,40
S01009458,687,661,26
S01009459,865,865,0
S01009460,856,854,2
S01009461,576,576,0
S01009462,709,694,15
S01009463,667,667,0
S01009464,842,842,0
S01009465,609,609,0
S01009466,572,569,3
S01009467,793,770,23
S01009468,748,748,0
S01009469,812,791,21
S01009470,473,473,0
S01009471,659,659,0
S01009472,939,932,7
S01009473,902,902,0
S01009474,900,900,0
S01009475,585,585,0
S01009476,485,479,6
S01009477,744,701,43
S01009478,832,832,0
S01009479,846,777,69
S01009480,822,822,0
S01009481,922,895,27
S01009482,642,584,58
S01009483,724,724,0
S01009484,776,739,37
S01009485,786,786,0
S01009486,650,650,0
S01009487,789,789,0
S01009488,705,705,0
S01009489,816,775,41
S01009490,853,853,0
S01009491,698,677,21
S01009492,740,740,0
S01009493,847,821,26
S01009494,947,947,0
S01009495,871,871,0
S01009496,785,785,0
S01009497,975,955,20
S01009498,643,643,0
S01009499,796,796,0
S01009500,778,778,0
S01009501,677,654,23
S01009502,823,823,0
S01009503,729,729,0
S01009504,695,695,0
S01009505,817,817,0
S01009506,735,735,0
S01009507,889,889,0
S01009508,876,876,0
S01009509,1015,1006,9
S01009510,700,700,0
S01009511,597,597,0
S01009512,771,771,0
S01009513,575,575,0
S01009514,706,706,0
S01009515,738,738,0
S01009516,883,839,44
S01009517,982,982,0
S01009518,936,936,0
S01009519,487,487,0
S01009520,837,837,0
S01009521,888,873,15
S01009522,1042,1013,29
S01009523,584,581,3
S01009524,675,668,7
S01009525,532,532,0
S01009526,650,650,0
S01009527,639,639,0
S01009528,520,520,0
S01009529,578,535,43
S01009530,576,575,1
S01009531,806,795,11
S01009532,779,779,0
S01009533,783,783,0
S01009534,856,856,0
S01009535,630,629,1
S01009536,559,548,11
S01009537,539,539,0
S01009538,785,708,77
S01009539,866,865,1
S01009540,815,815,0
S01009541,758,725,33
S01009542,753,753,0
S01009543,523,523,0
S01009544,857,855,2
S01009545,789,789,0
S01009546,985,967,18
S01009547,744,744,0
S01009548,694,694,0
S01009549,782,778,4
S01009550,515,515,0
S01009551,533,533,0
S01009552,897,862,35
S01009553,852,852,0
S01009554,652,651,1
S01009555,735,735,0
S01009556,767,767,0
S01009557,675,675,0
S01009558,673,673,0
S01009559,857,857,0
S01009560,748,748,0
S01009561,536,536,0
S01009562,743,715,28
S01009563,793,793,0
S01009564,681,681,0
S01009565,588,588,0
S01009566,1070,1070,0
S01009567,882,882,0
S01009568,736,736,0
S01009569,812,812,0
S01009570,563,559,4
S01009571,686,686,0
S01009572,1030,1030,0
S01009573,743,743,0
S01009574,1030,970,60
S01009575,523,523,0
S01009576,516,516,0
S01009577,697,660,37
S01009578,771,771,0
S01009579,1029,1029,0
S01009580,970,970,0
S01009581,553,553,0
S01009582,533,533,0
S01009583,812,812,0
S01009584,537,537,0
S01009585,969,969,0
S01009586,681,647,34
S01009587,715,684,31
S01009588,1062,977,85
S01009589,954,954,0
S01009590,728,718,10
S01009591,643,643,0
S01009592,554,554,0
S01009593,592,592,0
S01009594,675,675,0
S01009595,514,514,0
S01009596,783,783,0
S01009597,875,875,0
S01009598,664,664,0
S01009599,892,888,4
S01009600,634,634,0
S01009601,672,672,0
S01009602,770,770,0
S01009603,560,560,0
S01009604,857,857,0
S01009605,765,765,0
S01009606,588,545,43
S01009607,528,528,0
S01009608,606,606,0
S01009609,810,808,2
S01009610,982,982,0
S01009611,520,520,0
S01009612,597,597,0
S01009613,462,462,0
S01009614,510,506,4
S01009615,398,398,0
S01009616,728,725,3
S01009617,724,724,0
S01009618,682,682,0
S01009619,623,609,14
S01009620,797,797,0
S01009621,777,768,9
S01009622,729,729,0
S01009623,495,495,0
S01009624,876,876,0
S01009625,868,868,0
S01009626,601,601,0
S01009627,825,825,0
S01009628,518,495,23
S01009629,1082,1082,0
S01009630,811,811,0
S01009631,677,677,0
S01009632,558,558,0
S01009633,756,755,1
S01009634,532,485,47
S01009635,842,842,0
S01009636,904,904,0
S01009637,736,705,31
S01009638,781,781,0
S01009639,815,755,60
S01009640,586,586,0
S01009641,770,770,0
S01009642,912,910,2
S01009643,584,584,0
S01009644,815,815,0
S01009645,649,649,0
S01009646,596,592,4
S01009647,595,562,33
S01009648,872,872,0
S01009649,1037,1037,0
S01009650,773,755,18
S01009651,918,913,5
S01009652,787,760,27
S01009653,530,530,0
S01009654,583,583,0
S01009655,846,846,0
S01009656,728,728,0
S01009657,763,763,0
S01009658,738,738,0
S01009659,480,480,0
S01009660,1085,1085,0
S01009661,832,774,58
S01009662,708,708,0
S01009663,641,641,0
S01009664,895,889,6
S01009665,662,662,0
S01009666,758,758,0
S01009667,523,523,0
S01009668,589,586,3
S01009669,502,502,0
S01009670,777,777,0
S01009671,626,607,19
S01009672,807,807,0
S01009673,810,779,31
S01009674,875,875,0
S01009675,882,882,0
S01009676,833,833,0
S01009677,592,592,0
S01009678,591,591,0
S01009679,899,875,24
S01009680,817,817,0
S01009681,681,558,123
S01009682,624,624,0
S01009683,865,765,100
S01009684,1085,1085,0
S01009685,644,608,36
S01009686,1123,1123,0
S01009687,723,723,0
S01009688,904,904,0
S01009689,605,605,0
S01009690,708,701,7
S01009691,611,611,0
S01009692,1062,1034,28
S01009693,632,632,0
S01009694,1002,962,40
S01009695,623,623,0
S01009696,953,945,8
S01009697,702,702,0
S01009698,572,564,8
S01009699,468,468,0
S01009700,649,649,0
S01009701,448,426,22
S01009702,631,631,0
S01009703,569,569,0
S01009704,917,917,0
S01009705,732,732,0
S01009706,625,625,0
S01009707,477,477,0
S01009708,609,573,36
S01009709,796,794,2
S01009710,567,567,0
S01009711,789,760,29
S01009712,593,593,0
S01009713,890,887,3
S01009714,922,915,7
S01009715,638,638,0
S01009716,726,726,0
S01009717,1009,701,308
S01009718,731,731,0
S01009719,745,745,0
S01009720,797,797,0
S01009721,580,580,0
S01009722,1134,831,303
S01009723,772,638,134
S01009724,980,959,21
S01009725,680,680,0
S01009726,1042,557,485
S01009727,860,853,7
S01009728,727,727,0
S01009729,620,620,0
S01009730,578,522,56
S01009731,585,585,0
S01009732,799,798,1
S01009733,490,485,5
S01009734,885,875,10
S01009735,1232,741,491
S01009736,2672,710,1962
S01009737,782,782,0
S01009738,420,420,0
S01009739,764,761,3
S01009740,541,541,0
S01009741,946,583,363
S01009742,495,495,0
S01009743,946,946,0
S01009744,698,698,0
S01009745,1078,1078,0
S01009746,557,557,0
S01009747,656,656,0
S01009748,703,703,0
S01009749,954,954,0
S01009750,679,679,0
S01009751,823,778,45
S01009752,598,596,2
S01009753,715,694,21
S01009754,852,804,48
S01009755,673,660,13
S01009756,740,740,0
S01009757,665,665,0
S01009758,598,547,51
S01009759,934,927,7
S01009760,893,893,0
S01009761,910,910,0
S01009762,926,921,5
S01009763,772,772,0
S01009764,674,674,0
S01009765,1019,970,49
S01009766,563,563,0
S01009767,557,509,48
S01009768,610,610,0
S01009769,705,606,99
S01009770,711,711,0
S01009771,888,888,0
S01009772,635,635,0
S01009773,629,629,0
S01009774,563,563,0
S01009775,802,797,5
S01009776,720,659,61
S01009777,482,482,0
S01009778,822,822,0
S01009779,557,551,6
S01009780,608,608,0
S01009781,548,548,0
S01009782,556,556,0
S01009783,741,741,0
S01009784,756,749,7
S01009785,801,801,0
S01009786,963,925,38
S01009787,867,867,0
S01009788,833,832,1
S01009789,896,896,0
S01009790,629,629,0
S01009791,664,661,3
S01009792,958,958,0
S01009793,885,885,0
S01009794,516,516,0
S01009795,842,842,0
S01009796,768,768,0
S01009797,776,776,0
S01009798,722,722,0
S01009799,848,834,14
S01009800,1107,1107,0
S01009801,894,894,0
S01009802,1022,1022,0
S01009803,801,801,0
S01009804,511,385,126
S01009805,962,956,6
S01009806,901,828,73
S01009807,1008,1008,0
S01009808,918,889,29
S01009809,685,685,0
S01009810,855,855,0
S01009811,1063,1048,15
S01009812,744,744,0
S01009813,769,769,0
S01009814,840,840,0
S01009815,710,710,0
S01009816,705,705,0
S01009817,690,690,0
S01009818,926,926,0
S01009819,664,619,45
S01009820,958,958,0
S01009821,662,662,0
S01009822,479,479,0
S01009823,728,680,48
S01009824,893,893,0
S01009825,1006,1006,0
S01009826,582,582,0
S01009827,854,854,0
S01009828,767,767,0
S01009829,967,967,0
S01009830,770,770,0
S01009831,779,779,0
S01009832,1003,1003,0
S01009833,555,525,30
S01009834,841,841,0
S01009835,526,526,0
S01009836,961,951,10
S01009837,689,652,37
S01009838,757,757,0
S01009839,974,974,0
S01009840,965,965,0
S01009841,814,759,55
S01009842,671,662,9
S01009843,640,640,0
S01009844,573,573,0
S01009845,744,744,0
S01009846,862,862,0
S01009847,595,582,13
S01009848,866,866,0
S01009849,734,734,0
S01009850,879,879,0
S01009851,824,824,0
S01009852,608,599,9
S01009853,876,876,0
S01009854,896,896,0
S01009855,572,572,0
S01009856,635,635,0
S01009857,907,907,0
S01009858,746,746,0
S01009859,1038,1038,0
S01009860,920,920,0
S01009861,1103,1024,79
S01009862,1109,1007,102
S01009863,796,790,6
S01009864,594,594,0
S01009865,449,448,1
S01009866,882,882,0
S01009867,1014,994,20
S01009868,711,644,67
S01009869,530,530,0
S01009870,605,599,6
S01009871,984,984,0
S01009872,724,724,0
S01009873,913,913,0
S01009874,1048,1044,4
S01009875,707,707,0
S01009876,729,729,0
S01009877,896,876,20
S01009878,705,705,0
S01009879,910,892,18
S01009880,797,788,9
S01009881,528,528,0
S01009882,1089,1089,0
S01009883,824,824,0
S01009884,815,815,0
S01009885,899,870,29
S01009886,813,813,0
S01009887,976,976,0
S01009888,719,719,0
S01009889,814,805,9
S01009890,553,535,18
S01009891,734,733,1
S01009892,796,781,15
S01009893,837,837,0
S01009894,823,823,0
S01009895,724,717,7
S01009896,968,959,9
S01009897,940,940,0
S01009898,626,611,15
S01009899,776,776,0
S01009900,829,829,0
S01009901,864,864,0
S01009902,914,908,6
S01009903,823,813,10
S01009904,784,784,0
S01009905,749,749,0
S01009906,667,667,0
S01009907,779,779,0
S01009908,1027,1027,0
S01009909,849,821,28
S01009910,532,532,0
S01009911,1014,945,69
S01009912,962,873,89
S01009913,719,719,0
S01009914,984,978,6
S01009915,861,861,0
S01009916,985,985,0
S01009917,709,709,0
S01009918,709,709,0
S01009919,1099,1099,0
S01009920,831,831,0
S01009921,627,627,0
S01009922,1016,1016,0
S01009923,855,855,0
S01009924,1007,1007,0
S01009925,658,658,0
S01009926,773,773,0
S01009927,511,511,0
S01009928,856,797,59
S01009929,499,499,0
S01009930,850,850,0
S01009931,751,751,0
S01009932,619,619,0
S01009933,909,909,0
S01009934,924,924,0
S01009935,544,544,0
S01009936,641,627,14
S01009937,531,531,0
S01009938,938,938,0
S01009939,901,901,0
S01009940,837,837,0
S01009941,1033,1033,0
S01009942,1022,1022,0
S01009943,841,841,0
S01009944,799,799,0
S01009945,963,963,0
S01009946,815,815,0
S01009947,567,567,0
S01009948,812,812,0
S01009949,821,821,0
S01009950,727,727,0
S01009951,769,769,0
S01009952,733,733,0
S01009953,889,889,0
S01009954,636,632,4
S01009955,1010,948,62
S01009956,750,750,0
S01009957,760,760,0
S01009958,915,915,0
S01009959,657,657,0
S01009960,902,902,0
S01009961,674,674,0
S01009962,991,991,0
S01009963,802,802,0
S01009964,925,925,0
S01009965,718,718,0
S01009966,776,776,0
S01009967,801,801,0
S01009968,608,608,0
S01009969,857,857,0
S01009970,946,946,0
S01009971,1093,1093,0
S01009972,848,814,34
S01009973,725,725,0
S01009974,615,615,0
S01009975,800,800,0
S01009976,490,490,0
S01009977,926,926,0
S01009978,1019,1019,0
S01009979,584,481,103
S01009980,645,567,78
S01009981,694,694,0
S01009982,1030,1030,0
S01009983,579,579,0
S01009984,756,750,6
S01009985,615,611,4
S01009986,552,552,0
S01009987,880,880,0
S01009988,497,497,0
S01009989,808,803,5
S01009990,673,673,0
S01009991,800,800,0
S01009992,695,695,0
S01009993,826,826,0
S01009994,725,725,0
S01009995,653,653,0
S01009996,744,744,0
S01009997,575,575,0
S01009998,634,634,0
S01009999,733,733,0
S01010000,616,616,0
S01010001,798,798,0
S01010002,779,779,0
S01010003,712,712,0
S01010004,730,730,0
S01010005,748,748,0
S01010006,874,874,0
S01010007,959,959,0
S01010008,618,618,0
S01010009,556,555,1
S01010010,1043,1043,0
S01010011,730,730,0
S01010012,843,843,0
S01010013,781,781,0
S01010014,1003,1003,0
S01010015,815,790,25
S01010016,724,723,1
S01010017,748,748,0
S01010018,945,945,0
S01010019,725,725,0
S01010020,742,742,0
S01010021,806,806,0
S01010022,956,956,0
S01010023,640,640,0
S01010024,734,718,16
S01010025,548,534,14
S01010026,876,876,0
S01010027,904,904,0
S01010028,639,639,0
S01010029,668,668,0
S01010030,815,815,0
S01010031,756,692,64
S01010032,840,518,322
S01010033,923,905,18
S01010034,999,852,147
S01010035,687,686,1
S01010036,796,796,0
S01010037,642,642,0
S01010038,990,990,0
S01010039,964,945,19
S01010040,741,725,16
S01010041,650,649,1
S01010042,1095,1095,0
S01010043,770,770,0
S01010044,1137,1100,37
S01010045,550,550,0
S01010046,747,747,0
S01010047,828,828,0
S01010048,954,950,4
S01010049,807,807,0
S01010050,993,979,14
S01010051,703,699,4
S01010052,648,627,21
S01010053,859,859,0
S01010054,573,573,0
S01010055,1126,948,178
S01010056,451,451,0
S01010057,407,407,0
S01010058,781,781,0
S01010059,619,604,15
S01010060,908,901,7
S01010061,510,510,0
S01010062,750,750,0
S01010063,984,925,59
S01010064,552,544,8
S01010065,839,839,0
S01010066,753,753,0
S01010067,608,608,0
S01010068,641,641,0
S01010069,840,829,11
S01010070,665,665,0
S01010071,806,793,13
S01010072,796,796,0
S01010073,780,780,0
S01010074,777,711,66
S01010075,624,624,0
S01010076,686,686,0
S01010077,614,614,0
S01010078,631,631,0
S01010079,923,923,0
S01010080,651,651,0
S01010081,701,701,0
S01010082,860,854,6
S01010083,716,716,0
S01010084,878,878,0
S01010085,760,760,0
S01010086,915,915,0
S01010087,573,573,0
S01010088,825,821,4
S01010089,683,683,0
S01010090,1087,1054,33
S01010091,866,866,0
S01010092,983,958,25
S01010093,869,869,0
S01010094,687,687,0
S01010095,696,696,0
S01010096,752,752,0
S01010097,735,731,4
S01010098,727,727,0
S01010099,699,699,0
S01010100,886,886,0
S01010101,744,719,25
S01010102,939,939,0
S01010103,974,974,0
S01010104,755,755,0
S01010105,406,406,0
S01010106,442,442,0
S01010107,793,793,0
S01010108,733,733,0
S01010109,809,731,78
S01010110,805,805,0
S01010111,986,986,0
S01010112,949,949,0
S01010113,551,551,0
S01010114,777,777,0
S01010115,632,632,0
S01010116,1020,1020,0
S01010117,653,653,0
S01010118,678,678,0
S01010119,543,543,0
S01010120,1045,1045,0
S01010121,675,675,0
S01010122,464,425,39
S01010123,733,733,0
S01010124,646,646,0
S01010125,548,548,0
S01010126,730,730,0
S01010127,620,620,0
S01010128,492,492,0
S01010129,719,719,0
S01010130,416,416,0
S01010131,974,908,66
S01010132,969,969,0
S01010133,713,713,0
S01010134,995,995,0
S01010135,768,768,0
S01010136,809,809,0
S01010137,967,967,0
S01010138,941,941,0
S01010139,1024,1024,0
S01010140,753,753,0
S01010141,807,807,0
S01010142,572,572,0
S01010143,739,739,0
S01010144,700,700,0
S01010145,778,778,0
S01010146,765,765,0
S01010147,953,953,0
S01010148,784,784,0
S01010149,599,499,100
S01010150,612,604,8
S01010151,625,625,0
S01010152,851,851,0
S01010153,941,908,33
S01010154,883,832,51
S01010155,744,700,44
S01010156,565,565,0
S01010157,569,569,0
S01010158,913,913,0
S01010159,735,723,12
S01010160,605,605,0
S01010161,636,636,0
S01010162,846,769,77
S01010163,597,597,0
S01010164,799,749,50
S01010165,627,627,0
S01010166,714,714,0
S01010167,792,792,0
S01010168,506,506,0
S01010169,890,842,48
S01010170,533,533,0
S01010171,1038,1038,0
S01010172,696,696,0
S01010173,764,764,0
S01010174,1407,583,824
S01010175,480,480,0
S01010176,705,705,0
S01010177,776,776,0
S01010178,1033,1033,0
S01010179,837,837,0
S01010180,560,560,0
S01010181,631,631,0
S01010182,667,667,0
S01010183,463,463,0
S01010184,630,624,6
S01010185,633,633,0
S01010186,647,647,0
S01010187,635,635,0
S01010188,714,681,33
S01010189,976,976,0
S01010190,740,740,0
S01010191,736,736,0
S01010192,869,869,0
S01010193,808,739,69
S01010194,628,628,0
S01010195,531,531,0
S01010196,739,690,49
S01010197,660,660,0
S01010198,1027,949,78
S01010199,521,521,0
S01010200,690,690,0
S01010201,643,643,0
S01010202,783,783,0
S01010203,671,671,0
S01010204,800,800,0
S01010205,658,658,0
S01010206,497,497,0
S01010207,778,778,0
S01010208,903,903,0
S01010209,966,880,86
S01010210,885,885,0
S01010211,858,858,0
S01010212,1083,1030,53
S01010213,924,924,0
S01010214,967,967,0
S01010215,850,842,8
S01010216,621,621,0
S01010217,817,817,0
S01010218,1018,1018,0
S01010219,503,503,0
S01010220,476,476,0
S01010221,546,465,81
S01010222,492,492,0
S01010223,556,552,4
S01010224,1036,989,47
S01010225,812,812,0
S01010226,816,816,0
S01010227,692,692,0
S01010228,695,642,53
S01010229,1016,1016,0
S01010230,1005,1005,0
S01010231,1013,1013,0
S01010232,1074,1074,0
S01010233,970,970,0
S01010234,940,940,0
S01010235,884,782,102
S01010236,736,725,11
S01010237,644,644,0
S01010238,826,826,0
S01010239,790,790,0
S01010240,691,691,0
S01010241,1019,980,39
S01010242,793,793,0
S01010243,1019,1019,0
S01010244,735,735,0
S01010245,952,952,0
S01010246,841,841,0
S01010247,728,728,0
S01010248,834,834,0
S01010249,668,668,0
S01010250,771,771,0
S01010251,665,665,0
S01010252,626,614,12
S01010253,631,631,0
S01010254,1054,1054,0
S01010255,718,718,0
S01010256,859,859,0
S01010257,810,773,37
S01010258,1485,728,757
S01010259,1269,766,503
S01010260,1873,1012,861
S01010261,2551,905,1646
S01010262,845,844,1
S01010263,740,651,89
S01010264,823,762,61
S01010265,1038,860,178
S01010266,555,521,34
S01010267,610,608,2
S01010268,831,728,103
S01010269,534,528,6
S01010270,1153,1100,53
S01010271,770,723,47
S01010272,1013,1013,0
S01010273,659,655,4
S01010274,560,536,24
S01010275,600,592,8
S01010276,993,993,0
S01010277,610,610,0
S01010278,650,650,0
S01010279,605,605,0
S01010280,783,782,1
S01010281,779,779,0
S01010282,976,976,0
S01010283,539,539,0
S01010284,1411,1002,409
S01010285,838,838,0
S01010286,1525,736,789
S01010287,880,874,6
S01010288,816,810,6
S01010289,771,717,54
S01010290,546,546,0
S01010291,1075,1003,72
S01010292,890,890,0
S01010293,839,839,0
S01010294,690,690,0
S01010295,974,974,0
S01010296,664,664,0
S01010297,1066,1066,0
S01010298,880,843,37
S01010299,536,536,0
S01010300,934,889,45
S01010301,522,516,6
S01010302,669,658,11
S01010303,579,579,0
S01010304,542,542,0
S01010305,807,797,10
S01010306,752,752,0
S01010307,821,821,0
S01010308,975,959,16
S01010309,419,419,0
S01010310,706,706,0
S01010311,721,714,7
S01010312,868,857,11
S01010313,654,636,18
S01010314,1248,955,293
S01010315,911,911,0
S01010316,512,512,0
S01010317,725,725,0
S01010318,1588,505,1083
S01010319,711,711,0
S01010320,675,670,5
S01010321,837,695,142
S01010322,1028,1028,0
S01010323,603,603,0
S01010324,759,759,0
S01010325,939,939,0
S01010326,987,986,1
S01010327,982,865,117
S01010328,969,969,0
S01010329,573,573,0
S01010330,663,663,0
S01010331,923,923,0
S01010332,715,708,7
S01010333,962,962,0
S01010334,927,927,0
S01010335,831,793,38
S01010336,657,657,0
S01010337,623,623,0
S01010338,751,751,0
S01010339,692,692,0
S01010340,752,752,0
S01010341,591,591,0
S01010342,633,633,0
S01010343,938,938,0
S01010344,690,690,0
S01010345,489,489,0
S01010346,1043,981,62
S01010347,1125,919,206
S01010348,980,980,0
S01010349,883,883,0
S01010350,950,950,0
S01010351,878,878,0
S01010352,506,506,0
S01010353,961,961,0
S01010354,733,733,0
S01010355,742,742,0
S01010356,682,682,0
S01010357,585,585,0
S01010358,842,842,0
S01010359,816,816,0
S01010360,567,567,0
S01010361,611,611,0
S01010362,783,783,0
S01010363,758,758,0
S01010364,915,915,0
S01010365,1013,976,37
S01010366,1025,1025,0
S01010367,1639,1021,618
S01010368,729,676,53
S01010369,767,767,0
S01010370,725,725,0
S01010371,1013,992,21
S01010372,529,529,0
S01010373,761,761,0
S01010374,950,950,0
S01010375,531,531,0
S01010376,708,708,0
S01010377,936,858,78
S01010378,730,730,0
S01010379,1127,997,130
S01010380,964,958,6
S01010381,605,605,0
S01010382,850,850,0
S01010383,656,656,0
S01010384,815,812,3
S01010385,844,844,0
S01010386,905,889,16
S01010387,1040,1040,0
S01010388,1016,1008,8
S01010389,1022,1022,0
S01010390,1076,1076,0
S01010391,793,793,0
S01010392,695,695,0
S01010393,999,984,15
S01010394,807,807,0
S01010395,1006,1006,0
S01010396,1033,1033,0
S01010397,542,542,0
S01010398,1090,1052,38
S01010399,1036,1036,0
S01010400,1101,1101,0
S01010401,717,717,0
S01010402,1031,1031,0
S01010403,1036,990,46
S01010404,786,783,3
S01010405,789,789,0
S01010406,830,822,8
S01010407,897,897,0
S01010408,547,547,0
S01010409,706,706,0
S01010410,595,595,0
S01010411,1104,1104,0
S01010412,845,759,86
S01010413,714,714,0
S01010414,1066,1066,0
S01010415,1019,1004,15
S01010416,684,684,0
S01010417,580,580,0
S01010418,1072,1056,16
S01010419,993,993,0
S01010420,717,717,0
S01010421,889,882,7
S01010422,1088,1085,3
S01010423,831,831,0
S01010424,834,834,0
S01010425,1032,1032,0
S01010426,708,708,0
S01010427,1053,1053,0
S01010428,736,730,6
S01010429,978,967,11
S01010430,854,854,0
S01010431,700,700,0
S01010432,880,880,0
S01010433,803,803,0
S01010434,623,623,0
S01010435,634,634,0
S01010436,778,778,0
S01010437,557,557,0
S01010438,854,854,0
S01010439,986,973,13
S01010440,650,650,0
S01010441,783,783,0
S01010442,741,741,0
S01010443,550,550,0
S01010444,685,685,0
S01010445,957,777,180
S01010446,838,838,0
S01010447,1028,1028,0
S01010448,859,859,0
S01010449,779,779,0
S01010450,783,783,0
S01010451,864,829,35
S01010452,813,813,0
S01010453,666,664,2
S01010454,851,789,62
S01010455,942,942,0
S01010456,565,565,0
S01010457,642,642,0
S01010458,771,771,0
S01010459,539,539,0
S01010460,741,741,0
S01010461,732,732,0
S01010462,899,899,0
S01010463,796,796,0
S01010464,524,524,0
S01010465,947,947,0
S01010466,879,879,0
S01010467,883,837,46
S01010468,949,949,0
S01010469,559,559,0
S01010470,783,718,65
S01010471,666,666,0
S01010472,521,514,7
S01010473,756,756,0
S01010474,820,820,0
S01010475,677,677,0
S01010476,1048,1015,33
S01010477,724,724,0
S01010478,991,991,0
S01010479,1022,1022,0
S01010480,623,616,7
S01010481,667,667,0
S01010482,794,794,0
S01010483,1036,1036,0
S01010484,550,550,0
S01010485,986,986,0
S01010486,930,930,0
S01010487,1010,1010,0
S01010488,822,822,0
S01010489,1052,932,120
S01010490,749,749,0
S01010491,906,906,0
S01010492,575,575,0
S01010493,719,719,0
S01010494,628,628,0
S01010495,858,858,0
S01010496,843,812,31
S01010497,749,749,0
S01010498,839,839,0
S01010499,856,804,52
S01010500,1078,1078,0
S01010501,928,928,0
S01010502,803,803,0
S01010503,655,655,0
S01010504,531,531,0
S01010505,558,558,0
S01010506,837,828,9
S01010507,806,794,12
S01010508,989,962,27
S01010509,946,922,24
S01010510,820,777,43
S01010511,870,870,0
S01010512,611,611,0
S01010513,767,757,10
S01010514,709,709,0
S01010515,799,799,0
S01010516,614,557,57
S01010517,868,858,10
S01010518,656,656,0
S01010519,748,748,0
S01010520,945,945,0
S01010521,769,750,19
S01010522,617,581,36
S01010523,644,644,0
S01010524,519,504,15
S01010525,660,624,36
S01010526,814,787,27
S01010527,896,889,7
S01010528,618,611,7
S01010529,711,698,13
S01010530,665,645,20
S01010531,1094,1067,27
S01010532,557,545,12
S01010533,591,561,30
S01010534,885,882,3
S01010535,715,699,16
S01010536,848,840,8
S01010537,771,668,103
S01010538,855,849,6
S01010539,1108,1005,103
S01010540,628,626,2
S01010541,840,819,21
S01010542,905,880,25
S01010543,606,600,6
S01010544,878,864,14
S01010545,738,727,11
S01010546,812,733,79
S01010547,757,754,3
S01010548,679,677,2
S01010549,948,941,7
S01010550,535,535,0
S01010551,685,685,0
S01010552,783,783,0
S01010553,621,621,0
S01010554,776,776,0
S01010555,935,924,11
S01010556,1032,926,106
S01010557,641,641,0
S01010558,800,800,0
S01010559,791,728,63
S01010560,663,663,0
S01010561,724,697,27
S01010562,731,731,0
S01010563,519,519,0
S01010564,500,500,0
S01010565,654,654,0
S01010566,1090,1088,2
S01010567,1074,983,91
S01010568,996,977,19
S01010569,831,712,119
S01010570,1089,1089,0
S01010571,776,776,0
S01010572,765,765,0
S01010573,534,534,0
S01010574,609,609,0
S01010575,686,686,0
S01010576,822,822,0
S01010577,901,901,0
S01010578,576,576,0
S01010579,736,736,0
S01010580,513,513,0
S01010581,522,522,0
S01010582,496,451,45
S01010583,986,986,0
S01010584,819,819,0
S01010585,844,844,0
S01010586,783,783,0
S01010587,687,687,0
S01010588,649,649,0
S01010589,620,620,0
S01010590,889,889,0
S01010591,767,767,0
S01010592,509,509,0
S01010593,657,651,6
S01010594,668,668,0
S01010595,837,837,0
S01010596,834,834,0
S01010597,644,644,0
S01010598,1041,1041,0
S01010599,607,607,0
S01010600,911,911,0
S01010601,708,676,32
S01010602,522,522,0
S01010603,809,809,0
S01010604,494,494,0
S01010605,891,891,0
S01010606,816,816,0
S01010607,846,846,0
S01010608,673,673,0
S01010609,570,570,0
S01010610,690,639,51
S01010611,925,925,0
S01010612,781,781,0
S01010613,698,698,0
S01010614,542,542,0
S01010615,824,824,0
S01010616,856,856,0
S01010617,904,904,0
S01010618,756,756,0
S01010619,622,619,3
S01010620,631,614,17
S01010621,944,904,40
S01010622,648,648,0
S01010623,867,867,0
S01010624,666,546,120
S01010625,786,761,25
S01010626,908,818,90
S01010627,842,778,64
S01010628,1011,904,107
S01010629,977,914,63
S01010630,586,551,35
S01010631,616,588,28
S01010632,958,956,2
S01010633,1035,1035,0
S01010634,665,665,0
S01010635,803,803,0
S01010636,817,808,9
S01010637,537,519,18
S01010638,836,785,51
S01010639,1140,1121,19
S01010640,816,792,24
S01010641,1015,1015,0
S01010642,978,978,0
S01010643,741,741,0
S01010644,672,665,7
S01010645,534,534,0
S01010646,669,669,0
S01010647,696,616,80
S01010648,651,651,0
S01010649,593,556,37
S01010650,498,452,46
S01010651,674,665,9
S01010652,736,718,18
S01010653,584,584,0
S01010654,763,763,0
S01010655,916,909,7
S01010656,475,475,0
S01010657,639,639,0
S01010658,732,732,0
S01010659,648,648,0
S01010660,608,606,2
S01010661,578,568,10
S01010662,758,758,0
S01010663,953,953,0
S01010664,819,819,0
S01010665,954,952,2
S01010666,946,941,5
S01010667,700,695,5
S01010668,1105,1082,23
S01010669,608,602,6
S01010670,692,683,9
S01010671,760,723,37
S01010672,649,648,1
S01010673,912,880,32
S01010674,957,951,6
S01010675,628,627,1
S01010676,913,846,67
S01010677,501,499,2
S01010678,626,610,16
S01010679,582,552,30
S01010680,633,621,12
S01010681,1103,1067,36
S01010682,967,963,4
S01010683,975,956,19
S01010684,771,756,15
S01010685,609,609,0
S01010686,701,690,11
S01010687,838,805,33
S01010688,712,692,20
S01010689,757,754,3
S01010690,681,651,30
S01010691,745,743,2
S01010692,749,711,38
S01010693,474,472,2
S01010694,577,554,23
S01010695,727,707,20
S01010696,1036,970,66
S01010697,1122,1072,50
S01010698,764,757,7
S01010699,605,605,0
S01010700,611,611,0
S01010701,1063,1063,0
S01010702,999,957,42
S01010703,827,824,3
S01010704,658,658,0
S01010705,1121,1121,0
S01010706,699,671,28
S01010707,688,676,12
S01010708,547,546,1
S01010709,745,745,0
S01010710,766,766,0
S01010711,778,778,0
S01010712,727,723,4
S01010713,799,799,0
S01010714,748,748,0
S01010715,701,701,0
S01010716,888,834,54
S01010717,621,621,0
S01010718,945,945,0
S01010719,680,634,46
S01010720,734,731,3
S01010721,633,630,3
S01010722,867,867,0
S01010723,901,901,0
S01010724,887,887,0
S01010725,691,691,0
S01010726,921,921,0
S01010727,645,645,0
S01010728,521,521,0
S01010729,723,723,0
S01010730,845,845,0
S01010731,906,891,15
S01010732,840,840,0
S01010733,580,580,0
S01010734,937,894,43
S01010735,644,644,0
S01010736,500,500,0
S01010737,1038,1012,26
S01010738,548,548,0
S01010739,870,870,0
S01010740,507,507,0
S01010741,610,573,37
S01010742,731,730,1
S01010743,761,761,0
S01010744,1088,1041,47
S01010745,612,612,0
S01010746,1016,1016,0
S01010747,827,827,0
S01010748,631,631,0
S01010749,614,614,0
S01010750,626,624,2
S01010751,745,745,0
S01010752,758,756,2
S01010753,1047,1047,0
S01010754,695,695,0
S01010755,646,626,20
S01010756,661,659,2
S01010757,747,743,4
S01010758,702,677,25
S01010759,606,606,0
S01010760,608,566,42
S01010761,536,527,9
S01010762,598,598,0
S01010763,686,681,5
S01010764,576,576,0
S01010765,1009,1005,4
S01010766,784,779,5
S01010767,706,706,0
S01010768,576,576,0
S01010769,483,483,0
S01010770,877,862,15
S01010771,864,864,0
S01010772,762,737,25
S01010773,785,785,0
S01010774,721,721,0
S01010775,643,643,0
S01010776,544,540,4
S01010777,512,494,18
S01010778,491,491,0
S01010779,772,769,3
S01010780,569,561,8
S01010781,779,777,2
S01010782,623,590,33
S01010783,550,550,0
S01010784,743,743,0
S01010785,683,683,0
S01010786,688,654,34
S01010787,913,913,0
S01010788,622,622,0
S01010789,729,729,0
S01010790,672,668,4
S01010791,837,835,2
S01010792,620,620,0
S01010793,649,649,0
S01010794,550,550,0
S01010795,982,982,0
S01010796,829,829,0
S01010797,762,762,0
S01010798,694,667,27
S01010799,896,891,5
S01010800,731,731,0
S01010801,708,708,0
S01010802,565,565,0
S01010803,611,589,22
S01010804,588,588,0
S01010805,853,853,0
S01010806,916,916,0
S01010807,570,570,0
S01010808,553,553,0
S01010809,771,724,47
S01010810,490,480,10
S01010811,854,847,7
S01010812,522,515,7
S01010813,539,534,5
S01010814,631,620,11
S01010815,450,442,8
S01010816,634,634,0
S01010817,905,905,0
S01010818,1014,1014,0
S01010819,805,805,0
S01010820,537,526,11
S01010821,597,597,0
S01010822,772,663,109
S01010823,493,435,58
S01010824,758,758,0
S01010825,362,355,7
S01010826,755,755,0
S01010827,598,598,0
S01010828,1239,1239,0
S01010829,900,900,0
S01010830,556,556,0
S01010831,598,598,0
S01010832,730,730,0
S01010833,902,902,0
S01010834,916,916,0
S01010835,645,645,0
S01010836,798,771,27
S01010837,660,660,0
S01010838,842,842,0
S01010839,729,729,0
S01010840,490,490,0
S01010841,748,748,0
S01010842,899,899,0
S01010843,643,643,0
S01010844,668,668,0
S01010845,619,619,0
S01010846,765,765,0
S01010847,649,649,0
S01010848,665,665,0
S01010849,951,951,0
S01010850,872,801,71
S01010851,814,814,0
S01010852,722,722,0
S01010853,882,882,0
S01010854,923,923,0
S01010855,560,560,0
S01010856,908,869,39
S01010857,842,842,0
S01010858,725,725,0
S01010859,734,734,0
S01010860,626,626,0
S01010861,649,649,0
S01010862,540,540,0
S01010863,800,747,53
S01010864,560,560,0
S01010865,706,699,7
S01010866,749,657,92
S01010867,674,632,42
S01010868,839,702,137
S01010869,756,756,0
S01010870,775,771,4
S01010871,898,853,45
S01010872,715,715,0
S01010873,547,547,0
S01010874,771,771,0
S01010875,517,517,0
S01010876,740,740,0
S01010877,958,958,0
S01010878,1189,977,212
S01010879,829,829,0
S01010880,549,549,0
S01010881,621,621,0
S01010882,557,557,0
S01010883,871,839,32
S01010884,723,723,0
S01010885,958,946,12
S01010886,448,448,0
S01010887,821,821,0
S01010888,768,768,0
S01010889,524,524,0
S01010890,769,769,0
S01010891,425,397,28
S01010892,834,819,15
S01010893,520,511,9
S01010894,688,596,92
S01010895,411,411,0
S01010896,667,667,0
S01010897,836,836,0
S01010898,596,596,0
S01010899,584,584,0
S01010900,688,688,0
S01010901,465,465,0
S01010902,957,957,0
S01010903,793,793,0
S01010904,538,528,10
S01010905,638,635,3
S01010906,966,956,10
S01010907,526,526,0
S01010908,610,610,0
S01010909,714,668,46
S01010910,500,500,0
S01010911,541,541,0
S01010912,674,674,0
S01010913,642,642,0
S01010914,660,660,0
S01010915,736,736,0
S01010916,576,576,0
S01010917,712,712,0
S01010918,737,728,9
S01010919,789,789,0
S01010920,591,591,0
S01010921,630,630,0
S01010922,865,821,44
S01010923,879,879,0
S01010924,607,607,0
S01010925,858,858,0
S01010926,785,785,0
S01010927,577,577,0
S01010928,739,739,0
S01010929,660,660,0
S01010930,900,887,13
S01010931,430,428,2
S01010932,560,548,12
S01010933,759,753,6
S01010934,1039,1031,8
S01010935,656,655,1
S01010936,682,675,7
S01010937,728,728,0
S01010938,809,809,0
S01010939,514,514,0
S01010940,683,683,0
S01010941,860,860,0
S01010942,646,646,0
S01010943,623,623,0
S01010944,633,588,45
S01010945,540,540,0
S01010946,820,811,9
S01010947,536,536,0
S01010948,673,673,0
S01010949,995,927,68
S01010950,846,846,0
S01010951,626,626,0
S01010952,540,540,0
S01010953,561,561,0
S01010954,609,512,97
S01010955,1023,1023,0
S01010956,691,691,0
S01010957,581,581,0
S01010958,482,482,0
S01010959,579,579,0
S01010960,1102,1093,9
S01010961,566,566,0
S01010962,530,530,0
S01010963,949,949,0
S01010964,523,523,0
S01010965,517,517,0
S01010966,690,684,6
S01010967,697,697,0
S01010968,715,715,0
S01010969,611,538,73
S01010970,955,955,0
S01010971,1056,1056,0
S01010972,846,846,0
S01010973,490,490,0
S01010974,696,696,0
S01010975,490,490,0
S01010976,556,498,58
S01010977,728,721,7
S01010978,739,739,0
S01010979,825,825,0
S01010980,727,727,0
S01010981,739,739,0
S01010982,1214,1048,166
S01010983,780,780,0
S01010984,668,663,5
S01010985,638,638,0
S01010986,537,537,0
S01010987,658,658,0
S01010988,627,627,0
S01010989,917,917,0
S01010990,798,798,0
S01010991,523,523,0
S01010992,583,583,0
S01010993,632,632,0
S01010994,1102,992,110
S01010995,719,719,0
S01010996,605,553,52
S01010997,637,637,0
S01010998,615,578,37
S01010999,903,886,17
S01011000,842,842,0
S01011001,652,643,9
S01011002,707,707,0
S01011003,688,688,0
S01011004,624,624,0
S01011005,660,660,0
S01011006,1002,1002,0
S01011007,684,684,0
S01011008,783,783,0
S01011009,508,508,0
S01011010,569,558,11
S01011011,768,753,15
S01011012,722,722,0
S01011013,802,802,0
S01011014,811,811,0
S01011015,443,443,0
S01011016,846,846,0
S01011017,824,822,2
S01011018,860,860,0
S01011019,1031,1031,0
S01011020,472,471,1
S01011021,882,882,0
S01011022,581,581,0
S01011023,812,812,0
S01011024,782,782,0
S01011025,680,680,0
S01011026,540,540,0
S01011027,928,928,0
S01011028,987,987,0
S01011029,621,615,6
S01011030,969,969,0
S01011031,734,734,0
S01011032,782,778,4
S01011033,633,633,0
S01011034,669,664,5
S01011035,662,662,0
S01011036,646,646,0
S01011037,963,963,0
S01011038,885,885,0
S01011039,782,782,0
S01011040,752,752,0
S01011041,851,789,62
S01011042,818,813,5
S01011043,709,707,2
S01011044,694,694,0
S01011045,819,815,4
S01011046,854,854,0
S01011047,988,988,0
S01011048,985,975,10
S01011049,682,680,2
S01011050,802,800,2
S01011051,938,937,1
S01011052,856,812,44
S01011053,660,656,4
S01011054,536,536,0
S01011055,568,566,2
S01011056,699,699,0
S01011057,579,579,0
S01011058,638,638,0
S01011059,635,635,0
S01011060,907,833,74
S01011061,845,843,2
S01011062,917,916,1
S01011063,1036,1036,0
S01011064,1029,1025,4
S01011065,729,706,23
S01011066,509,504,5
S01011067,579,575,4
S01011068,537,535,2
S01011069,578,578,0
S01011070,631,625,6
S01011071,843,843,0
S01011072,1000,1000,0
S01011073,699,682,17
S01011074,607,607,0
S01011075,718,714,4
S01011076,742,740,2
S01011077,777,777,0
S01011078,1149,1104,45
S01011079,1054,1046,8
S01011080,980,967,13
S01011081,824,824,0
S01011082,527,495,32
S01011083,787,787,0
S01011084,774,774,0
S01011085,889,888,1
S01011086,641,641,0
S01011087,584,584,0
S01011088,983,981,2
S01011089,655,650,5
S01011090,717,715,2
S01011091,621,621,0
S01011092,465,465,0
S01011093,612,612,0
S01011094,546,486,60
S01011095,786,783,3
S01011096,583,557,26
S01011097,715,715,0
S01011098,749,749,0
S01011099,819,819,0
S01011100,458,458,0
S01011101,626,626,0
S01011102,642,642,0
S01011103,574,568,6
S01011104,704,583,121
S01011105,799,796,3
S01011106,988,988,0
S01011107,935,935,0
S01011108,547,543,4
S01011109,807,807,0
S01011110,702,702,0
S01011111,880,880,0
S01011112,874,874,0
S01011113,925,925,0
S01011114,713,713,0
S01011115,902,902,0
S01011116,665,661,4
S01011117,744,730,14
S01011118,886,880,6
S01011119,931,928,3
S01011120,674,669,5
S01011121,520,520,0
S01011122,647,647,0
S01011123,1121,1121,0
S01011124,661,661,0
S01011125,492,492,0
S01011126,502,502,0
S01011127,536,536,0
S01011128,718,709,9
S01011129,1023,973,50
S01011130,597,597,0
S01011131,637,637,0
S01011132,898,898,0
S01011133,445,445,0
S01011134,746,744,2
S01011135,748,740,8
S01011136,658,644,14
S01011137,502,502,0
S01011138,641,635,6
S01011139,1335,764,571
S01011140,537,537,0
S01011141,558,558,0
S01011142,1277,839,438
S01011143,955,950,5
S01011144,769,769,0
S01011145,653,653,0
S01011146,759,759,0
S01011147,1005,995,10
S01011148,787,763,24
S01011149,871,679,192
S01011150,474,474,0
S01011151,578,578,0
S01011152,700,695,5
S01011153,868,848,20
S01011154,561,559,2
S01011155,643,643,0
S01011156,565,565,0
S01011157,576,575,1
S01011158,508,505,3
S01011159,545,545,0
S01011160,909,909,0
S01011161,637,636,1
S01011162,497,497,0
S01011163,786,786,0
S01011164,771,718,53
S01011165,764,748,16
S01011166,513,513,0
S01011167,725,640,85
S01011168,845,845,0
S01011169,963,963,0
S01011170,911,910,1
S01011171,905,876,29
S01011172,752,721,31
S01011173,601,516,85
S01011174,459,434,25
S01011175,532,532,0
S01011176,539,531,8
S01011177,872,838,34
S01011178,514,514,0
S01011179,589,589,0
S01011180,670,670,0
S01011181,455,453,2
S01011182,398,395,3
S01011183,571,571,0
S01011184,820,820,0
S01011185,680,680,0
S01011186,913,913,0
S01011187,665,665,0
S01011188,951,951,0
S01011189,820,767,53
S01011190,637,633,4
S01011191,546,546,0
S01011192,697,697,0
S01011193,703,703,0
S01011194,727,727,0
S01011195,781,781,0
S01011196,903,903,0
S01011197,871,871,0
S01011198,624,624,0
S01011199,781,781,0
S01011200,740,740,0
S01011201,586,586,0
S01011202,844,844,0
S01011203,806,806,0
S01011204,555,555,0
S01011205,716,716,0
S01011206,734,734,0
S01011207,757,757,0
S01011208,907,907,0
S01011209,633,633,0
S01011210,733,733,0
S01011211,702,702,0
S01011212,548,548,0
S01011213,1068,1048,20
S01011214,933,852,81
S01011215,596,596,0
S01011216,482,482,0
S01011217,799,799,0
S01011218,700,696,4
S01011219,782,782,0
S01011220,889,889,0
S01011221,947,947,0
S01011222,662,662,0
S01011223,796,796,0
S01011224,681,681,0
S01011225,697,697,0
S01011226,1003,971,32
S01011227,709,709,0
S01011228,768,768,0
S01011229,535,510,25
S01011230,980,886,94
S01011231,604,604,0
S01011232,915,874,41
S01011233,377,365,12
S01011234,1031,1031,0
S01011235,384,384,0
S01011236,557,542,15
S01011237,770,763,7
S01011238,644,644,0
S01011239,717,689,28
S01011240,690,684,6
S01011241,1042,997,45
S01011242,775,737,38
S01011243,881,862,19
S01011244,666,666,0
S01011245,848,846,2
S01011246,842,842,0
S01011247,826,790,36
S01011248,739,739,0
S01011249,723,723,0
S01011250,1083,1083,0
S01011251,871,871,0
S01011252,825,825,0
S01011253,855,855,0
S01011254,955,955,0
S01011255,780,780,0
S01011256,497,497,0
S01011257,408,408,0
S01011258,576,565,11
S01011259,763,763,0
S01011260,718,718,0
S01011261,809,809,0
S01011262,495,495,0
S01011263,1182,1063,119
S01011264,688,688,0
S01011265,1077,1077,0
S01011266,908,908,0
S01011267,585,585,0
S01011268,375,375,0
S01011269,514,514,0
S01011270,680,680,0
S01011271,821,760,61
S01011272,728,728,0
S01011273,901,901,0
S01011274,888,888,0
S01011275,711,711,0
S01011276,978,978,0
S01011277,654,654,0
S01011278,494,494,0
S01011279,651,651,0
S01011280,590,590,0
S01011281,645,645,0
S01011282,918,918,0
S01011283,737,737,0
S01011284,615,615,0
S01011285,729,729,0
S01011286,720,720,0
S01011287,807,807,0
S01011288,757,757,0
S01011289,934,934,0
S01011290,1166,1054,112
S01011291,815,815,0
S01011292,697,692,5
S01011293,736,736,0
S01011294,863,833,30
S01011295,946,946,0
S01011296,556,556,0
S01011297,839,839,0
S01011298,642,642,0
S01011299,494,489,5
S01011300,944,944,0
S01011301,705,705,0
S01011302,856,856,0
S01011303,1025,1004,21
S01011304,708,708,0
S01011305,829,829,0
S01011306,590,590,0
S01011307,472,470,2
S01011308,432,432,0
S01011309,718,712,6
S01011310,706,706,0
S01011311,690,666,24
S01011312,1103,1103,0
S01011313,735,735,0
S01011314,1097,1097,0
S01011315,410,410,0
S01011316,748,748,0
S01011317,827,752,75
S01011318,964,919,45
S01011319,867,856,11
S01011320,522,522,0
S01011321,596,596,0
S01011322,634,634,0
S01011323,951,917,34
S01011324,449,449,0
S01011325,737,737,0
S01011326,747,747,0
S01011327,678,648,30
S01011328,698,697,1
S01011329,914,914,0
S01011330,754,754,0
S01011331,745,745,0
S01011332,900,863,37
S01011333,733,733,0
S01011334,708,706,2
S01011335,935,934,1
S01011336,617,617,0
S01011337,682,682,0
S01011338,660,660,0
S01011339,582,560,22
S01011340,694,694,0
S01011341,721,721,0
S01011342,702,702,0
S01011343,826,826,0
S01011344,883,883,0
S01011345,794,794,0
S01011346,678,678,0
S01011347,1043,1043,0
S01011348,921,921,0
S01011349,923,923,0
S01011350,669,658,11
S01011351,696,696,0
S01011352,651,635,16
S01011353,650,610,40
S01011354,730,730,0
S01011355,964,927,37
S01011356,962,962,0
S01011357,852,852,0
S01011358,547,547,0
S01011359,737,737,0
S01011360,756,756,0
S01011361,537,537,0
S01011362,555,555,0
S01011363,892,870,22
S01011364,659,659,0
S01011365,648,648,0
S01011366,498,433,65
S01011367,840,840,0
S01011368,843,843,0
S01011369,811,811,0
S01011370,811,811,0
S01011371,925,925,0
S01011372,667,667,0
S01011373,674,674,0
S01011374,694,694,0
S01011375,645,645,0
S01011376,475,475,0
S01011377,594,594,0
S01011378,793,793,0
S01011379,902,902,0
S01011380,670,665,5
S01011381,617,617,0
S01011382,531,531,0
S01011383,686,686,0
S01011384,734,734,0
S01011385,957,957,0
S01011386,648,588,60
S01011387,834,810,24
S01011388,1083,1083,0
S01011389,761,761,0
S01011390,815,815,0
S01011391,645,645,0
S01011392,680,680,0
S01011393,841,823,18
S01011394,613,613,0
S01011395,737,737,0
S01011396,779,762,17
S01011397,823,736,87
S01011398,779,775,4
S01011399,508,508,0
S01011400,668,668,0
S01011401,647,614,33
S01011402,954,954,0
S01011403,534,534,0
S01011404,924,924,0
S01011405,635,635,0
S01011406,643,643,0
S01011407,1105,1105,0
S01011408,827,827,0
S01011409,839,839,0
S01011410,628,628,0
S01011411,678,678,0
S01011412,860,860,0
S01011413,560,560,0
S01011414,827,827,0
S01011415,872,866,6
S01011416,626,626,0
S01011417,820,818,2
S01011418,552,552,0
S01011419,558,558,0
S01011420,491,491,0
S01011421,633,615,18
S01011422,660,660,0
S01011423,570,570,0
S01011424,560,560,0
S01011425,901,901,0
S01011426,1053,993,60
S01011427,679,679,0
S01011428,506,506,0
S01011429,1161,626,535
S01011430,922,880,42
S01011431,1063,1063,0
S01011432,1025,1025,0
S01011433,909,909,0
S01011434,562,562,0
S01011435,927,927,0
S01011436,718,718,0
S01011437,731,731,0
S01011438,544,544,0
S01011439,889,889,0
S01011440,597,597,0
S01011441,763,763,0
S01011442,683,683,0
S01011443,622,622,0
S01011444,764,764,0
S01011445,548,548,0
S01011446,526,522,4
S01011447,924,924,0
S01011448,900,884,16
S01011449,530,530,0
S01011450,652,652,0
S01011451,750,727,23
S01011452,947,947,0
S01011453,728,728,0
S01011454,802,802,0
S01011455,746,746,0
S01011456,814,814,0
S01011457,917,917,0
S01011458,1114,1114,0
S01011459,1053,1053,0
S01011460,756,756,0
S01011461,722,722,0
S01011462,897,897,0
S01011463,670,670,0
S01011464,571,571,0
S01011465,547,547,0
S01011466,592,592,0
S01011467,539,539,0
S01011468,915,915,0
S01011469,859,859,0
S01011470,1099,1099,0
S01011471,869,869,0
S01011472,880,880,0
S01011473,666,662,4
S01011474,798,798,0
S01011475,605,605,0
S01011476,487,487,0
S01011477,851,851,0
S01011478,1060,1060,0
S01011479,783,783,0
S01011480,1030,1019,11
S01011481,812,812,0
S01011482,895,895,0
S01011483,531,531,0
S01011484,865,865,0
S01011485,965,965,0
S01011486,569,562,7
S01011487,1137,1090,47
S01011488,697,697,0
S01011489,750,750,0
S01011490,1028,956,72
S01011491,514,514,0
S01011492,760,760,0
S01011493,545,545,0
S01011494,729,729,0
S01011495,812,812,0
S01011496,649,649,0
S01011497,617,617,0
S01011498,672,672,0
S01011499,806,806,0
S01011500,512,512,0
S01011501,673,673,0
S01011502,755,755,0
S01011503,641,641,0
S01011504,578,578,0
S01011505,698,698,0
S01011506,503,503,0
S01011507,612,612,0
S01011508,962,962,0
S01011509,610,610,0
S01011510,1122,1122,0
S01011511,524,524,0
S01011512,951,951,0
S01011513,774,774,0
S01011514,954,954,0
S01011515,522,522,0
S01011516,887,887,0
S01011517,565,565,0
S01011518,661,661,0
S01011519,781,781,0
S01011520,596,596,0
S01011521,967,967,0
S01011522,891,891,0
S01011523,741,741,0
S01011524,890,890,0
S01011525,975,873,102
S01011526,1018,1018,0
S01011527,704,704,0
S01011528,974,974,0
S01011529,529,529,0
S01011530,947,947,0
S01011531,1100,1100,0
S01011532,652,652,0
S01011533,683,626,57
S01011534,766,766,0
S01011535,940,862,78
S01011536,674,674,0
S01011537,530,530,0
S01011538,655,655,0
S01011539,738,738,0
S01011540,1052,1052,0
S01011541,937,937,0
S01011542,929,929,0
S01011543,810,810,0
S01011544,673,673,0
S01011545,572,572,0
S01011546,747,747,0
S01011547,609,609,0
S01011548,746,746,0
S01011549,801,801,0
S01011550,714,714,0
S01011551,548,548,0
S01011552,703,703,0
S01011553,857,857,0
S01011554,872,855,17
S01011555,552,552,0
S01011556,509,507,2
S01011557,750,750,0
S01011558,577,577,0
S01011559,620,620,0
S01011560,757,757,0
S01011561,834,834,0
S01011562,647,647,0
S01011563,762,762,0
S01011564,966,966,0
S01011565,952,952,0
S01011566,917,917,0
S01011567,965,965,0
S01011568,847,847,0
S01011569,958,958,0
S01011570,726,690,36
S01011571,649,649,0
S01011572,588,588,0
S01011573,1084,1084,0
S01011574,795,795,0
S01011575,533,533,0
S01011576,897,779,118
S01011577,702,702,0
S01011578,845,826,19
S01011579,1089,1089,0
S01011580,766,766,0
S01011581,802,789,13
S01011582,1104,1072,32
S01011583,672,672,0
S01011584,708,708,0
S01011585,719,719,0
S01011586,578,556,22
S01011587,575,575,0
S01011588,792,792,0
S01011589,868,868,0
S01011590,689,689,0
S01011591,597,597,0
S01011592,705,705,0
S01011593,717,717,0
S01011594,438,438,0
S01011595,596,596,0
S01011596,997,980,17
S01011597,611,525,86
S01011598,785,785,0
S01011599,823,823,0
S01011600,737,737,0
S01011601,848,848,0
S01011602,614,614,0
S01011603,791,791,0
S01011604,690,690,0
S01011605,844,844,0
S01011606,1001,1001,0
S01011607,569,569,0
S01011608,945,945,0
S01011609,970,970,0
S01011610,833,833,0
S01011611,694,626,68
S01011612,628,628,0
S01011613,940,940,0
S01011614,447,447,0
S01011615,728,728,0
S01011616,423,423,0
S01011617,840,840,0
S01011618,654,654,0
S01011619,1050,1050,0
S01011620,1097,1097,0
S01011621,781,781,0
S01011622,649,649,0
S01011623,703,703,0
S01011624,722,722,0
S01011625,548,548,0
S01011626,811,811,0
S01011627,733,733,0
S01011628,1076,1063,13
S01011629,629,629,0
S01011630,639,639,0
S01011631,628,628,0
S01011632,754,754,0
S01011633,736,736,0
S01011634,565,565,0
S01011635,683,683,0
S01011636,720,720,0
S01011637,686,686,0
S01011638,483,483,0
S01011639,590,590,0
S01011640,674,674,0
S01011641,476,476,0
S01011642,790,790,0
S01011643,590,586,4
S01011644,717,717,0
S01011645,537,537,0
S01011646,696,696,0
S01011647,878,878,0
S01011648,694,694,0
S01011649,502,502,0
S01011650,721,721,0
S01011651,926,926,0
S01011652,760,747,13
S01011653,899,899,0
S01011654,983,983,0
S01011655,846,846,0
S01011656,608,608,0
S01011657,514,514,0
S01011658,655,655,0
S01011659,808,787,21
S01011660,906,906,0
S01011661,516,516,0
S01011662,642,642,0
S01011663,961,961,0
S01011664,1044,1044,0
S01011665,850,850,0
S01011666,853,853,0
S01011667,797,723,74
S01011668,1042,1042,0
S01011669,630,628,2
S01011670,536,536,0
S01011671,680,659,21
S01011672,604,591,13
S01011673,661,661,0
S01011674,1023,1002,21
S01011675,911,896,15
S01011676,699,699,0
S01011677,622,622,0
S01011678,464,464,0
S01011679,563,563,0
S01011680,1100,1100,0
S01011681,847,847,0
S01011682,508,435,73
S01011683,745,745,0
S01011684,543,543,0
S01011685,802,802,0
S01011686,828,828,0
S01011687,864,864,0
S01011688,820,820,0
S01011689,667,667,0
S01011690,983,983,0
S01011691,624,624,0
S01011692,1074,1074,0
S01011693,807,807,0
S01011694,535,535,0
S01011695,931,931,0
S01011696,1068,1068,0
S01011697,1029,1029,0
S01011698,643,643,0
S01011699,911,911,0
S01011700,759,759,0
S01011701,1016,1016,0
S01011702,733,733,0
S01011703,631,631,0
S01011704,747,747,0
S01011705,759,759,0
S01011706,1028,987,41
S01011707,713,713,0
S01011708,919,919,0
S01011709,954,954,0
S01011710,647,647,0
S01011711,683,683,0
S01011712,530,530,0
S01011713,851,851,0
S01011714,566,566,0
S01011715,633,633,0
S01011716,917,917,0
S01011717,710,710,0
S01011718,800,800,0
S01011719,634,634,0
S01011720,529,529,0
S01011721,716,716,0
S01011722,721,721,0
S01011723,941,941,0
S01011724,733,733,0
S01011725,634,634,0
S01011726,552,552,0
S01011727,774,774,0
S01011728,929,929,0
S01011729,710,710,0
S01011730,844,844,0
S01011731,866,824,42
S01011732,785,785,0
S01011733,851,851,0
S01011734,751,751,0
S01011735,736,736,0
S01011736,770,770,0
S01011737,727,727,0
S01011738,1055,1016,39
S01011739,502,502,0
S01011740,783,783,0
S01011741,657,657,0
S01011742,758,758,0
S01011743,797,797,0
S01011744,849,849,0
S01011745,711,711,0
S01011746,539,539,0
S01011747,992,992,0
S01011748,878,878,0
S01011749,769,769,0
S01011750,876,876,0
S01011751,972,972,0
S01011752,921,921,0
S01011753,777,777,0
S01011754,764,764,0
S01011755,939,939,0
S01011756,990,990,0
S01011757,731,730,1
S01011758,624,624,0
S01011759,836,836,0
S01011760,884,884,0
S01011761,720,720,0
S01011762,656,656,0
S01011763,773,773,0
S01011764,403,403,0
S01011765,974,974,0
S01011766,513,513,0
S01011767,848,848,0
S01011768,738,694,44
S01011769,639,607,32
S01011770,808,808,0
S01011771,667,667,0
S01011772,1102,1102,0
S01011773,596,596,0
S01011774,941,941,0
S01011775,667,667,0
S01011776,1153,1097,56
S01011777,645,645,0
S01011778,634,634,0
S01011779,793,793,0
S01011780,939,939,0
S01011781,584,584,0
S01011782,683,683,0
S01011783,575,575,0
S01011784,793,793,0
S01011785,873,873,0
S01011786,431,431,0
S01011787,1026,1026,0
S01011788,697,697,0
S01011789,660,660,0
S01011790,998,998,0
S01011791,735,735,0
S01011792,888,888,0
S01011793,685,660,25
S01011794,884,884,0
S01011795,627,627,0
S01011796,774,774,0
S01011797,1023,1012,11
S01011798,550,550,0
S01011799,918,918,0
S01011800,519,519,0
S01011801,608,608,0
S01011802,731,731,0
S01011803,593,593,0
S01011804,752,724,28
S01011805,535,534,1
S01011806,768,768,0
S01011807,1091,1063,28
S01011808,623,623,0
S01011809,719,715,4
S01011810,942,940,2
S01011811,1056,1052,4
S01011812,669,669,0
S01011813,760,748,12
S01011814,721,721,0
S01011815,816,814,2
S01011816,638,628,10
S01011817,728,724,4
S01011818,1100,1091,9
S01011819,836,835,1
S01011820,768,720,48
S01011821,435,430,5
S01011822,712,712,0
S01011823,608,608,0
S01011824,703,703,0
S01011825,535,535,0
S01011826,654,652,2
S01011827,527,527,0
S01011828,909,904,5
S01011829,409,409,0
S01011830,578,572,6
S01011831,919,896,23
S01011832,838,834,4
S01011833,1016,959,57
S01011834,503,496,7
S01011835,685,685,0
S01011836,760,756,4
S01011837,666,620,46
S01011838,819,805,14
S01011839,962,962,0
S01011840,1001,1001,0
S01011841,950,950,0
S01011842,966,965,1
S01011843,988,980,8
S01011844,786,753,33
S01011845,857,857,0
S01011846,869,869,0
S01011847,429,429,0
S01011848,727,727,0
S01011849,813,813,0
S01011850,695,672,23
S01011851,898,870,28
S01011852,1012,976,36
S01011853,708,708,0
S01011854,810,745,65
S01011855,848,848,0
S01011856,691,691,0
S01011857,690,689,1
S01011858,877,859,18
S01011859,839,839,0
S01011860,627,506,121
S01011861,755,732,23
S01011862,1066,947,119
S01011863,833,734,99
S01011864,722,716,6
S01011865,613,601,12
S01011866,817,817,0
S01011867,961,961,0
S01011868,887,869,18
S01011869,773,758,15
S01011870,696,692,4
S01011871,1089,1087,2
S01011872,914,914,0
S01011873,812,812,0
S01011874,657,657,0
S01011875,672,672,0
S01011876,958,939,19
S01011877,546,546,0
S01011878,1335,947,388
S01011879,550,547,3
S01011880,593,593,0
S01011881,843,817,26
S01011882,941,941,0
S01011883,1171,1026,145
S01011884,414,412,2
S01011885,689,689,0
S01011886,875,875,0
S01011887,594,594,0
S01011888,875,871,4
S01011889,929,892,37
S01011890,708,708,0
S01011891,1260,741,519
S01011892,981,981,0
S01011893,929,929,0
S01011894,636,635,1
S01011895,664,632,32
S01011896,866,866,0
S01011897,1027,1027,0
S01011898,677,675,2
S01011899,779,779,0
S01011900,735,735,0
S01011901,901,899,2
S01011902,1064,1056,8
S01011903,798,798,0
S01011904,819,744,75
S01011905,804,775,29
S01011906,425,425,0
S01011907,745,745,0
S01011908,376,376,0
S01011909,1036,1036,0
S01011910,910,910,0
S01011911,641,641,0
S01011912,727,727,0
S01011913,739,739,0
S01011914,878,865,13
S01011915,811,811,0
S01011916,592,592,0
S01011917,510,510,0
S01011918,786,786,0
S01011919,890,809,81
S01011920,622,622,0
S01011921,594,594,0
S01011922,768,768,0
S01011923,938,880,58
S01011924,454,454,0
S01011925,758,758,0
S01011926,656,656,0
S01011927,613,613,0
S01011928,704,702,2
S01011929,692,692,0
S01011930,638,638,0
S01011931,625,625,0
S01011932,621,621,0
S01011933,631,631,0
S01011934,1124,1091,33
S01011935,823,793,30
S01011936,766,679,87
S01011937,667,667,0
S01011938,682,670,12
S01011939,737,710,27
S01011940,441,441,0
S01011941,709,682,27
S01011942,849,849,0
S01011943,1166,1112,54
S01011944,444,444,0
S01011945,827,767,60
S01011946,804,789,15
S01011947,490,490,0
S01011948,1159,1042,117
S01011949,825,825,0
S01011950,776,738,38
S01011951,678,678,0
S01011952,498,498,0
S01011953,754,754,0
S01011954,492,492,0
S01011955,975,959,16
S01011956,1033,1033,0
S01011957,900,742,158
S01011958,1068,1060,8
S01011959,893,854,39
S01011960,802,798,4
S01011961,734,734,0
S01011962,688,688,0
S01011963,522,522,0
S01011964,983,980,3
S01011965,797,797,0
S01011966,842,840,2
S01011967,1155,997,158
S01011968,996,996,0
S01011969,1045,1045,0
S01011970,990,990,0
S01011971,577,576,1
S01011972,1115,1115,0
S01011973,656,621,35
S01011974,762,738,24
S01011975,452,452,0
S01011976,780,779,1
S01011977,1129,1111,18
S01011978,693,693,0
S01011979,1014,947,67
S01011980,401,401,0
S01011981,945,890,55
S01011982,943,940,3
S01011983,731,695,36
S01011984,678,676,2
S01011985,718,662,56
S01011986,666,664,2
S01011987,948,948,0
S01011988,665,620,45
S01011989,866,866,0
S01011990,750,750,0
S01011991,710,703,7
S01011992,991,962,29
S01011993,839,838,1
S01011994,712,676,36
S01011995,818,806,12
S01011996,557,555,2
S01011997,886,886,0
S01011998,545,545,0
S01011999,621,621,0
S01012000,454,454,0
S01012001,635,635,0
S01012002,561,539,22
S01012003,533,533,0
S01012004,880,846,34
S01012005,877,877,0
S01012006,1002,624,378
S01012007,813,790,23
S01012008,973,901,72
S01012009,725,642,83
S01012010,1222,1079,143
S01012011,1122,1068,54
S01012012,647,626,21
S01012013,742,738,4
S01012014,846,813,33
S01012015,984,980,4
S01012016,852,780,72
S01012017,506,495,11
S01012018,876,843,33
S01012019,846,846,0
S01012020,698,698,0
S01012021,565,565,0
S01012022,660,660,0
S01012023,539,531,8
S01012024,868,868,0
S01012025,690,687,3
S01012026,648,648,0
S01012027,1023,823,200
S01012028,932,932,0
S01012029,1226,967,259
S01012030,658,641,17
S01012031,553,553,0
S01012032,353,347,6
S01012033,800,800,0
S01012034,825,825,0
S01012035,923,919,4
S01012036,846,846,0
S01012037,996,989,7
S01012038,932,932,0
S01012039,956,956,0
S01012040,696,691,5
S01012041,914,914,0
S01012042,917,917,0
S01012043,926,926,0
S01012044,892,892,0
S01012045,1069,1060,9
S01012046,686,686,0
S01012047,932,932,0
S01012048,769,740,29
S01012049,660,660,0
S01012050,1019,1019,0
S01012051,497,497,0
S01012052,866,866,0
S01012053,903,903,0
S01012054,829,829,0
S01012055,877,877,0
S01012056,785,776,9
S01012057,773,743,30
S01012058,728,728,0
S01012059,870,870,0
S01012060,865,857,8
S01012061,978,963,15
S01012062,846,846,0
S01012063,547,547,0
S01012064,653,653,0
S01012065,624,624,0
S01012066,852,852,0
S01012067,534,534,0
S01012068,538,538,0
S01012069,479,479,0
S01012070,710,710,0
S01012071,1057,1057,0
S01012072,1107,1107,0
S01012073,705,695,10
S01012074,715,715,0
S01012075,724,724,0
S01012076,722,722,0
S01012077,751,751,0
S01012078,977,871,106
S01012079,917,917,0
S01012080,809,809,0
S01012081,737,737,0
S01012082,620,620,0
S01012083,749,690,59
S01012084,577,577,0
S01012085,677,677,0
S01012086,918,918,0
S01012087,720,720,0
S01012088,740,740,0
S01012089,842,842,0
S01012090,902,884,18
S01012091,537,537,0
S01012092,506,506,0
S01012093,535,535,0
S01012094,788,751,37
S01012095,1108,1061,47
S01012096,871,871,0
S01012097,695,695,0
S01012098,628,628,0
S01012099,882,787,95
S01012100,1089,1089,0
S01012101,786,785,1
S01012102,670,670,0
S01012103,925,925,0
S01012104,924,924,0
S01012105,1126,1115,11
S01012106,1101,1101,0
S01012107,692,646,46
S01012108,908,908,0
S01012109,922,922,0
S01012110,700,700,0
S01012111,558,558,0
S01012112,731,731,0
S01012113,990,990,0
S01012114,982,820,162
S01012115,517,517,0
S01012116,591,591,0
S01012117,807,807,0
S01012118,661,661,0
S01012119,900,900,0
S01012120,583,583,0
S01012121,953,903,50
S01012122,772,764,8
S01012123,518,510,8
S01012124,503,503,0
S01012125,782,782,0
S01012126,792,753,39
S01012127,850,849,1
S01012128,510,510,0
S01012129,669,669,0
S01012130,1068,1002,66
S01012131,1106,962,144
S01012132,686,684,2
S01012133,903,750,153
S01012134,1183,1090,93
S01012135,878,878,0
S01012136,835,835,0
S01012137,671,671,0
S01012138,904,904,0
S01012139,940,940,0
S01012140,519,519,0
S01012141,1014,1014,0
S01012142,952,952,0
S01012143,869,869,0
S01012144,1046,1046,0
S01012145,1023,1019,4
S01012146,979,979,0
S01012147,753,753,0
S01012148,756,756,0
S01012149,855,800,55
S01012150,778,778,0
S01012151,760,760,0
S01012152,744,744,0
S01012153,538,538,0
S01012154,777,777,0
S01012155,546,546,0
S01012156,606,605,1
S01012157,989,989,0
S01012158,1147,1068,79
S01012159,503,503,0
S01012160,662,662,0
S01012161,457,457,0
S01012162,956,870,86
S01012163,761,761,0
S01012164,1098,1098,0
S01012165,921,921,0
S01012166,604,604,0
S01012167,788,781,7
S01012168,848,848,0
S01012169,851,851,0
S01012170,975,975,0
S01012171,1000,1000,0
S01012172,744,744,0
S01012173,710,647,63
S01012174,894,894,0
S01012175,818,818,0
S01012176,841,841,0
S01012177,617,617,0
S01012178,519,519,0
S01012179,607,604,3
S01012180,573,573,0
S01012181,757,757,0
S01012182,1049,1049,0
S01012183,720,720,0
S01012184,502,502,0
S01012185,704,704,0
S01012186,706,694,12
S01012187,669,669,0
S01012188,565,523,42
S01012189,581,581,0
S01012190,556,556,0
S01012191,872,872,0
S01012192,505,505,0
S01012193,562,562,0
S01012194,561,561,0
S01012195,1118,1118,0
S01012196,573,573,0
S01012197,726,726,0
S01012198,933,859,74
S01012199,730,730,0
S01012200,647,647,0
S01012201,770,770,0
S01012202,598,598,0
S01012203,772,772,0
S01012204,789,789,0
S01012205,675,675,0
S01012206,846,846,0
S01012207,926,926,0
S01012208,1057,1057,0
S01012209,737,737,0
S01012210,790,790,0
S01012211,905,905,0
S01012212,762,762,0
S01012213,808,808,0
S01012214,681,681,0
S01012215,843,843,0
S01012216,709,709,0
S01012217,560,560,0
S01012218,487,487,0
S01012219,846,846,0
S01012220,629,629,0
S01012221,628,628,0
S01012222,789,789,0
S01012223,722,722,0
S01012224,767,767,0
S01012225,1070,1070,0
S01012226,731,731,0
S01012227,669,669,0
S01012228,693,693,0
S01012229,684,684,0
S01012230,911,911,0
S01012231,831,831,0
S01012232,868,868,0
S01012233,953,953,0
S01012234,1082,1082,0
S01012235,457,457,0
S01012236,610,610,0
S01012237,801,801,0
S01012238,604,604,0
S01012239,586,586,0
S01012240,842,842,0
S01012241,569,569,0
S01012242,800,800,0
S01012243,644,644,0
S01012244,961,911,50
S01012245,734,734,0
S01012246,813,813,0
S01012247,742,713,29
S01012248,821,818,3
S01012249,863,863,0
S01012250,681,671,10
S01012251,959,957,2
S01012252,716,713,3
S01012253,874,871,3
S01012254,858,858,0
S01012255,924,859,65
S01012256,867,867,0
S01012257,929,926,3
S01012258,759,759,0
S01012259,606,606,0
S01012260,884,857,27
S01012261,883,883,0
S01012262,797,792,5
S01012263,700,699,1
S01012264,472,472,0
S01012265,788,788,0
S01012266,1060,1058,2
S01012267,711,682,29
S01012268,627,627,0
S01012269,1002,999,3
S01012270,777,775,2
S01012271,1023,1023,0
S01012272,718,718,0
S01012273,697,697,0
S01012274,916,916,0
S01012275,807,800,7
S01012276,953,915,38
S01012277,1054,1045,9
S01012278,719,687,32
S01012279,774,774,0
S01012280,933,933,0
S01012281,704,704,0
S01012282,1119,936,183
S01012283,874,848,26
S01012284,779,774,5
S01012285,537,537,0
S01012286,1049,1049,0
S01012287,980,980,0
S01012288,769,769,0
S01012289,858,837,21
S01012290,586,585,1
S01012291,964,961,3
S01012292,757,717,40
S01012293,477,477,0
S01012294,870,870,0
S01012295,754,731,23
S01012296,888,888,0
S01012297,589,589,0
S01012298,811,810,1
S01012299,621,620,1
S01012300,653,648,5
S01012301,951,949,2
S01012302,584,556,28
S01012303,896,896,0
S01012304,983,983,0
S01012305,698,697,1
S01012306,594,594,0
S01012307,619,612,7
S01012308,842,842,0
S01012309,535,535,0
S01012310,891,879,12
S01012311,563,561,2
S01012312,1008,997,11
S01012313,761,758,3
S01012314,851,851,0
S01012315,733,699,34
S01012316,612,612,0
S01012317,558,558,0
S01012318,792,792,0
S01012319,767,767,0
S01012320,687,687,0
S01012321,772,772,0
S01012322,985,985,0
S01012323,868,866,2
S01012324,806,789,17
S01012325,590,590,0
S01012326,554,540,14
S01012327,802,802,0
S01012328,546,544,2
S01012329,831,831,0
S01012330,582,582,0
S01012331,638,638,0
S01012332,988,988,0
S01012333,993,993,0
S01012334,849,816,33
S01012335,989,989,0
S01012336,603,603,0
S01012337,867,844,23
S01012338,715,695,20
S01012339,584,581,3
S01012340,1032,1032,0
S01012341,949,941,8
S01012342,929,884,45
S01012343,977,977,0
S01012344,579,579,0
S01012345,700,700,0
S01012346,831,777,54
S01012347,774,774,0
S01012348,720,719,1
S01012349,899,899,0
S01012350,775,773,2
S01012351,850,850,0
S01012352,756,734,22
S01012353,750,744,6
S01012354,768,763,5
S01012355,888,849,39
S01012356,653,653,0
S01012357,840,812,28
S01012358,774,764,10
S01012359,785,785,0
S01012360,808,808,0
S01012361,641,641,0
S01012362,834,834,0
S01012363,962,962,0
S01012364,666,666,0
S01012365,923,923,0
S01012366,864,862,2
S01012367,918,916,2
S01012368,605,574,31
S01012369,875,872,3
S01012370,951,944,7
S01012371,941,881,60
S01012372,740,738,2
S01012373,992,981,11
S01012374,920,920,0
S01012375,928,928,0
S01012376,963,960,3
S01012377,705,690,15
S01012378,570,567,3
S01012379,523,520,3
S01012380,892,892,0
S01012381,846,844,2
S01012382,969,969,0
S01012383,847,825,22
S01012384,515,515,0
S01012385,694,689,5
S01012386,1021,977,44
S01012387,936,930,6
S01012388,704,691,13
S01012389,882,882,0
S01012390,769,769,0
S01012391,1114,1114,0
S01012392,791,791,0
S01012393,899,899,0
S01012394,671,638,33
S01012395,618,607,11
S01012396,647,638,9
S01012397,845,833,12
S01012398,877,849,28
S01012399,621,621,0
S01012400,587,587,0
S01012401,770,770,0
S01012402,460,460,0
S01012403,1025,1025,0
S01012404,984,968,16
S01012405,726,726,0
S01012406,624,624,0
S01012407,813,813,0
S01012408,652,652,0
S01012409,700,688,12
S01012410,1055,1037,18
S01012411,957,957,0
S01012412,646,643,3
S01012413,966,960,6
S01012414,693,684,9
S01012415,576,566,10
S01012416,559,559,0
S01012417,636,631,5
S01012418,788,768,20
S01012419,815,769,46
S01012420,851,850,1
S01012421,727,712,15
S01012422,869,863,6
S01012423,815,814,1
S01012424,950,950,0
S01012425,626,626,0
S01012426,493,493,0
S01012427,674,674,0
S01012428,662,662,0
S01012429,558,558,0
S01012430,551,551,0
S01012431,921,899,22
S01012432,713,712,1
S01012433,503,501,2
S01012434,709,709,0
S01012435,637,637,0
S01012436,748,748,0
S01012437,733,733,0
S01012438,700,693,7
S01012439,795,765,30
S01012440,524,524,0
S01012441,890,890,0
S01012442,1000,964,36
S01012443,746,746,0
S01012444,817,686,131
S01012445,548,548,0
S01012446,501,491,10
S01012447,860,860,0
S01012448,927,925,2
S01012449,571,571,0
S01012450,850,830,20
S01012451,916,868,48
S01012452,589,589,0
S01012453,858,821,37
S01012454,662,662,0
S01012455,612,612,0
S01012456,785,751,34
S01012457,840,840,0
S01012458,813,813,0
S01012459,735,735,0
S01012460,546,546,0
S01012461,545,545,0
S01012462,757,757,0
S01012463,578,578,0
S01012464,625,625,0
S01012465,701,701,0
S01012466,782,782,0
S01012467,699,699,0
S01012468,757,757,0
S01012469,799,769,30
S01012470,962,962,0
S01012471,835,805,30
S01012472,719,719,0
S01012473,554,554,0
S01012474,714,714,0
S01012475,630,630,0
S01012476,941,941,0
S01012477,674,674,0
S01012478,840,840,0
S01012479,688,688,0
S01012480,515,515,0
S01012481,803,775,28
S01012482,816,762,54
S01012483,881,881,0
S01012484,820,780,40
S01012485,869,790,79
S01012486,655,532,123
S01012487,612,612,0
S01012488,903,903,0
S01012489,1052,1023,29
S01012490,978,978,0
S01012491,440,440,0
S01012492,772,772,0
S01012493,654,651,3
S01012494,949,861,88
S01012495,1024,1024,0
S01012496,765,765,0
S01012497,487,487,0
S01012498,857,857,0
S01012499,775,700,75
S01012500,468,468,0
S01012501,619,619,0
S01012502,832,832,0
S01012503,637,637,0
S01012504,636,636,0
S01012505,1019,1014,5
S01012506,493,478,15
S01012507,946,946,0
S01012508,762,762,0
S01012509,541,541,0
S01012510,877,877,0
S01012511,628,628,0
S01012512,677,677,0
S01012513,550,550,0
S01012514,986,986,0
S01012515,612,612,0
S01012516,668,668,0
S01012517,860,860,0
S01012518,563,559,4
S01012519,516,516,0
S01012520,826,783,43
S01012521,515,515,0
S01012522,860,860,0
S01012523,865,864,1
S01012524,872,864,8
S01012525,714,714,0
S01012526,775,775,0
S01012527,625,625,0
S01012528,823,823,0
S01012529,734,712,22
S01012530,874,874,0
S01012531,759,754,5
S01012532,792,788,4
S01012533,532,532,0
S01012534,627,569,58
S01012535,818,818,0
S01012536,750,750,0
S01012537,782,727,55
S01012538,1128,1081,47
S01012539,701,701,0
S01012540,717,717,0
S01012541,1066,1066,0
S01012542,943,870,73
S01012543,686,686,0
S01012544,856,810,46
S01012545,473,473,0
S01012546,807,807,0
S01012547,746,746,0
S01012548,830,830,0
S01012549,545,545,0
S01012550,824,824,0
S01012551,815,815,0
S01012552,905,905,0
S01012553,839,839,0
S01012554,458,458,0
S01012555,541,541,0
S01012556,545,545,0
S01012557,636,636,0
S01012558,577,577,0
S01012559,767,767,0
S01012560,562,562,0
S01012561,757,757,0
S01012562,747,747,0
S01012563,630,630,0
S01012564,824,824,0
S01012565,779,779,0
S01012566,716,716,0
S01012567,1032,1010,22
S01012568,617,617,0
S01012569,806,738,68
S01012570,456,454,2
S01012571,809,807,2
S01012572,520,514,6
S01012573,838,821,17
S01012574,886,886,0
S01012575,657,655,2
S01012576,774,751,23
S01012577,770,768,2
S01012578,994,936,58
S01012579,718,718,0
S01012580,753,753,0
S01012581,747,747,0
S01012582,923,919,4
S01012583,689,689,0
S01012584,739,737,2
S01012585,833,833,0
S01012586,941,808,133
S01012587,862,862,0
S01012588,637,637,0
S01012589,688,688,0
S01012590,777,777,0
S01012591,792,792,0
S01012592,568,568,0
S01012593,823,823,0
S01012594,470,470,0
S01012595,616,616,0
S01012596,788,788,0
S01012597,472,472,0
S01012598,669,661,8
S01012599,660,660,0
S01012600,692,692,0
S01012601,889,889,0
S01012602,588,558,30
S01012603,650,650,0
S01012604,664,664,0
S01012605,515,515,0
S01012606,782,782,0
S01012607,737,737,0
S01012608,801,801,0
S01012609,834,834,0
S01012610,949,920,29
S01012611,804,804,0
S01012612,756,756,0
S01012613,668,668,0
S01012614,1032,1001,31
S01012615,674,674,0
S01012616,964,928,36
S01012617,409,384,25
S01012618,529,529,0
S01012619,546,513,33
S01012620,746,746,0
S01012621,578,563,15
S01012622,732,732,0
S01012623,649,649,0
S01012624,715,715,0
S01012625,524,524,0
S01012626,478,478,0
S01012627,526,524,2
S01012628,1014,925,89
S01012629,485,470,15
S01012630,823,823,0
S01012631,931,931,0
S01012632,726,726,0
S01012633,679,679,0
S01012634,685,685,0
S01012635,1085,1077,8
S01012636,613,613,0
S01012637,848,848,0
S01012638,872,865,7
S01012639,844,844,0
S01012640,944,942,2
S01012641,1105,987,118
S01012642,804,804,0
S01012643,470,470,0
S01012644,708,708,0
S01012645,826,781,45
S01012646,972,972,0
S01012647,733,733,0
S01012648,554,554,0
S01012649,674,641,33
S01012650,587,587,0
S01012651,649,649,0
S01012652,1045,1045,0
S01012653,885,885,0
S01012654,767,767,0
S01012655,1132,1032,100
S01012656,821,821,0
S01012657,542,542,0
S01012658,938,938,0
S01012659,1066,1066,0
S01012660,715,715,0
S01012661,739,739,0
S01012662,732,732,0
S01012663,691,691,0
S01012664,946,900,46
S01012665,717,717,0
S01012666,650,650,0
S01012667,580,580,0
S01012668,761,761,0
S01012669,722,722,0
S01012670,696,696,0
S01012671,931,898,33
S01012672,722,722,0
S01012673,582,582,0
S01012674,582,582,0
S01012675,766,766,0
S01012676,835,835,0
S01012677,583,583,0
S01012678,727,711,16
S01012679,791,791,0
S01012680,557,557,0
S01012681,705,705,0
S01012682,766,691,75
S01012683,749,749,0
S01012684,573,528,45
S01012685,779,779,0
S01012686,949,941,8
S01012687,538,538,0
S01012688,791,791,0
S01012689,487,481,6
S01012690,532,532,0
S01012691,766,766,0
S01012692,754,736,18
S01012693,905,905,0
S01012694,476,476,0
S01012695,830,830,0
S01012696,861,689,172
S01012697,509,509,0
S01012698,748,748,0
S01012699,1045,1045,0
S01012700,834,818,16
S01012701,551,551,0
S01012702,588,588,0
S01012703,606,606,0
S01012704,772,772,0
S01012705,780,780,0
S01012706,687,687,0
S01012707,898,898,0
S01012708,723,723,0
S01012709,506,506,0
S01012710,701,697,4
S01012711,821,768,53
S01012712,857,857,0
S01012713,727,727,0
S01012714,598,598,0
S01012715,696,696,0
S01012716,842,802,40
S01012717,945,945,0
S01012718,989,942,47
S01012719,778,771,7
S01012720,506,506,0
S01012721,644,644,0
S01012722,742,742,0
S01012723,688,688,0
S01012724,728,728,0
S01012725,881,881,0
S01012726,641,641,0
S01012727,708,708,0
S01012728,814,814,0
S01012729,837,837,0
S01012730,556,556,0
S01012731,797,797,0
S01012732,678,678,0
S01012733,1087,1087,0
S01012734,640,640,0
S01012735,476,476,0
S01012736,959,959,0
S01012737,800,800,0
S01012738,612,612,0
S01012739,841,841,0
S01012740,890,890,0
S01012741,555,555,0
S01012742,689,689,0
S01012743,581,581,0
S01012744,675,675,0
S01012745,704,704,0
S01012746,772,772,0
S01012747,831,831,0
S01012748,829,829,0
S01012749,876,876,0
S01012750,788,788,0
S01012751,817,817,0
S01012752,832,832,0
S01012753,496,496,0
S01012754,538,538,0
S01012755,524,499,25
S01012756,496,496,0
S01012757,461,461,0
S01012758,608,608,0
S01012759,722,722,0
S01012760,1008,959,49
S01012761,754,754,0
S01012762,708,708,0
S01012763,402,402,0
S01012764,764,764,0
S01012765,720,717,3
S01012766,904,904,0
S01012767,568,568,0
S01012768,726,726,0
S01012769,470,442,28
S01012770,839,839,0
S01012771,705,705,0
S01012772,685,685,0
S01012773,853,853,0
S01012774,859,825,34
S01012775,409,409,0
S01012776,738,738,0
S01012777,969,969,0
S01012778,732,732,0
S01012779,458,458,0
S01012780,731,731,0
S01012781,655,648,7
S01012782,614,614,0
S01012783,698,698,0
S01012784,745,745,0
S01012785,733,711,22
S01012786,692,692,0
S01012787,550,550,0
S01012788,615,615,0
S01012789,740,740,0
S01012790,609,587,22
S01012791,720,720,0
S01012792,957,842,115
S01012793,767,635,132
S01012794,590,590,0
S01012795,1052,1029,23
S01012796,787,787,0
S01012797,690,690,0
S01012798,720,720,0
S01012799,778,778,0
S01012800,894,894,0
S01012801,426,426,0
S01012802,612,612,0
S01012803,675,675,0
S01012804,764,764,0
S01012805,912,912,0
S01012806,734,715,19
S01012807,587,587,0
S01012808,1059,1059,0
S01012809,618,612,6
S01012810,898,836,62
S01012811,770,770,0
S01012812,666,666,0
S01012813,884,884,0
S01012814,836,836,0
S01012815,875,875,0
S01012816,583,583,0
S01012817,563,563,0
S01012818,840,840,0
S01012819,735,735,0
S01012820,1027,1027,0
S01012821,772,772,0
S01012822,474,474,0
S01012823,860,847,13
S01012824,664,664,0
S01012825,483,475,8
S01012826,599,599,0
S01012827,702,702,0
S01012828,583,583,0
S01012829,865,865,0
S01012830,690,690,0
S01012831,630,630,0
S01012832,544,544,0
S01012833,714,714,0
S01012834,675,616,59
S01012835,879,804,75
S01012836,713,673,40
S01012837,735,735,0
S01012838,917,917,0
S01012839,666,666,0
S01012840,786,786,0
S01012841,589,589,0
S01012842,475,475,0
S01012843,979,979,0
S01012844,697,697,0
S01012845,685,685,0
S01012846,926,926,0
S01012847,547,547,0
S01012848,773,773,0
S01012849,683,683,0
S01012850,710,710,0
S01012851,803,803,0
S01012852,696,696,0
S01012853,772,772,0
S01012854,797,797,0
S01012855,642,642,0
S01012856,667,667,0
S01012857,859,807,52
S01012858,696,689,7
S01012859,1014,1014,0
S01012860,1067,808,259
S01012861,687,687,0
S01012862,588,588,0
S01012863,621,621,0
S01012864,775,775,0
S01012865,779,779,0
S01012866,749,749,0
S01012867,720,720,0
S01012868,554,554,0
S01012869,546,546,0
S01012870,915,915,0
S01012871,815,815,0
S01012872,726,726,0
S01012873,801,801,0
S01012874,778,777,1
S01012875,573,573,0
S01012876,801,801,0
S01012877,726,726,0
S01012878,927,925,2
S01012879,729,729,0
S01012880,892,892,0
S01012881,864,832,32
S01012882,603,603,0
S01012883,634,634,0
S01012884,531,531,0
S01012885,446,446,0
S01012886,766,766,0
S01012887,734,734,0
S01012888,826,808,18
S01012889,875,875,0
S01012890,717,717,0
S01012891,548,548,0
S01012892,1107,1107,0
S01012893,746,746,0
S01012894,814,814,0
S01012895,522,522,0
S01012896,840,840,0
S01012897,607,607,0
S01012898,567,567,0
S01012899,529,529,0
S01012900,732,573,159
S01012901,689,689,0
S01012902,748,748,0
S01012903,811,811,0
S01012904,816,816,0
S01012905,622,622,0
S01012906,900,900,0
S01012907,858,858,0
S01012908,699,699,0
S01012909,610,610,0
S01012910,879,834,45
S01012911,728,728,0
S01012912,673,673,0
S01012913,882,882,0
S01012914,848,848,0
S01012915,1060,1055,5
S01012916,658,651,7
S01012917,717,717,0
S01012918,490,490,0
S01012919,455,455,0
S01012920,571,571,0
S01012921,705,705,0
S01012922,1012,1011,1
S01012923,706,706,0
S01012924,500,500,0
S01012925,482,482,0
S01012926,697,697,0
S01012927,772,772,0
S01012928,810,810,0
S01012929,749,749,0
S01012930,863,823,40
S01012931,883,883,0
S01012932,512,512,0
S01012933,803,803,0
S01012934,708,708,0
S01012935,887,887,0
S01012936,726,726,0
S01012937,692,692,0
S01012938,691,691,0
S01012939,651,651,0
S01012940,698,698,0
S01012941,789,789,0
S01012942,788,788,0
S01012943,751,751,0
S01012944,525,525,0
S01012945,749,724,25
S01012946,861,861,0
S01012947,453,453,0
S01012948,681,681,0
S01012949,667,667,0
S01012950,865,865,0
S01012951,914,914,0
S01012952,640,640,0
S01012953,685,685,0
S01012954,485,485,0
S01012955,941,899,42
S01012956,994,926,68
S01012957,633,633,0
S01012958,502,502,0
S01012959,572,572,0
S01012960,602,602,0
S01012961,521,521,0
S01012962,649,649,0
S01012963,812,812,0
S01012964,644,644,0
S01012965,742,645,97
S01012966,754,690,64
S01012967,493,493,0
S01012968,660,660,0
S01012969,688,688,0
S01012970,579,579,0
S01012971,833,833,0
S01012972,797,797,0
S01012973,790,790,0
S01012974,1022,919,103
S01012975,618,618,0
S01012976,522,522,0
S01012977,719,719,0
S01012978,808,808,0
S01012979,669,640,29
S01012980,668,668,0
S01012981,748,748,0
S01012982,820,820,0
S01012983,745,745,0
S01012984,628,628,0
S01012985,783,783,0
S01012986,746,746,0
S01012987,733,733,0
S01012988,883,883,0
S01012989,962,920,42
S01012990,602,602,0
S01012991,836,811,25
S01012992,786,786,0
S01012993,689,689,0
S01012994,871,871,0
S01012995,795,795,0
S01012996,651,651,0
S01012997,487,487,0
S01012998,1055,1054,1
S01012999,479,479,0
S01013000,642,642,0
S01013001,382,381,1
S01013002,495,492,3
S01013003,641,641,0
S01013004,678,671,7
S01013005,743,711,32
S01013006,614,611,3
S01013007,950,910,40
S01013008,778,777,1
S01013009,634,634,0
S01013010,595,592,3
S01013011,705,705,0
S01013012,663,654,9
S01013013,731,731,0
S01013014,732,732,0
S01013015,761,760,1
S01013016,609,604,5
S01013017,846,846,0
S01013018,953,953,0
S01013019,898,898,0
S01013020,466,466,0
S01013021,464,464,0
S01013022,430,430,0
S01013023,857,854,3
S01013024,527,527,0
S01013025,545,498,47
S01013026,1001,956,45
S01013027,1026,1026,0
S01013028,457,457,0
S01013029,577,577,0
S01013030,627,627,0
S01013031,635,635,0
S01013032,810,810,0
S01013033,669,669,0
S01013034,717,717,0
S01013035,676,676,0
S01013036,770,770,0
S01013037,772,714,58
S01013038,980,970,10
S01013039,527,527,0
S01013040,628,628,0
S01013041,587,587,0
S01013042,795,795,0
S01013043,704,704,0
S01013044,832,827,5
S01013045,713,713,0
S01013046,506,499,7
S01013047,931,931,0
S01013048,791,791,0
S01013049,803,803,0
S01013050,729,709,20
S01013051,931,931,0
S01013052,738,738,0
S01013053,618,615,3
S01013054,664,658,6
S01013055,688,688,0
S01013056,904,904,0
S01013057,870,870,0
S01013058,625,625,0
S01013059,779,779,0
S01013060,515,491,24
S01013061,794,794,0
S01013062,878,824,54
S01013063,818,805,13
S01013064,866,866,0
S01013065,864,864,0
S01013066,728,690,38
S01013067,836,808,28
S01013068,781,776,5
S01013069,735,733,2
S01013070,624,560,64
S01013071,962,750,212
S01013072,517,517,0
S01013073,795,747,48
S01013074,715,711,4
S01013075,868,866,2
S01013076,754,467,287
S01013077,717,717,0
S01013078,572,572,0
S01013079,1354,1052,302
S01013080,871,856,15
S01013081,643,643,0
S01013082,830,830,0
S01013083,2302,469,1833
S01013084,759,759,0
S01013085,704,527,177
S01013086,865,854,11
S01013087,841,771,70
S01013088,927,927,0
S01013089,749,749,0
S01013090,789,789,0
S01013091,496,461,35
S01013092,893,893,0
S01013093,472,470,2
S01013094,602,602,0
S01013095,889,889,0
S01013096,730,469,261
S01013097,622,620,2
S01013098,708,708,0
S01013099,908,854,54
S01013100,630,620,10
S01013101,993,993,0
S01013102,603,603,0
S01013103,863,863,0
S01013104,984,984,0
S01013105,901,889,12
S01013106,814,811,3
S01013107,663,661,2
S01013108,596,596,0
S01013109,1090,1037,53
S01013110,598,597,1
S01013111,457,447,10
S01013112,652,648,4
S01013113,815,812,3
S01013114,814,776,38
S01013115,624,563,61
S01013116,761,717,44
S01013117,636,602,34
S01013118,526,444,82
S01013119,785,744,41
S01013120,970,909,61
S01013121,402,340,62
S01013122,598,598,0
S01013123,774,767,7
S01013124,719,719,0
S01013125,798,762,36
S01013126,743,743,0
S01013127,853,853,0
S01013128,624,624,0
S01013129,1173,1100,73
S01013130,710,710,0
S01013131,653,653,0
S01013132,587,587,0
S01013133,894,756,138
S01013134,840,840,0
S01013135,771,771,0
S01013136,928,928,0
S01013137,745,745,0
S01013138,704,704,0
S01013139,878,878,0
S01013140,816,816,0
S01013141,647,647,0
S01013142,863,863,0
S01013143,853,853,0
S01013144,894,894,0
S01013145,704,704,0
S01013146,455,455,0
S01013147,726,726,0
S01013148,757,757,0
S01013149,824,824,0
S01013150,846,846,0
S01013151,569,566,3
S01013152,910,910,0
S01013153,890,890,0
S01013154,979,979,0
S01013155,908,908,0
S01013156,865,865,0
S01013157,983,983,0
S01013158,600,555,45
S01013159,701,701,0
S01013160,728,728,0
S01013161,1021,1021,0
S01013162,815,815,0
S01013163,702,702,0
S01013164,1064,1064,0
S01013165,911,883,28
S01013166,642,642,0
S01013167,655,655,0
S01013168,922,891,31
S01013169,853,853,0
S01013170,528,528,0
S01013171,679,679,0
S01013172,749,749,0
S01013173,799,799,0
S01013174,793,793,0
S01013175,867,867,0
S01013176,777,745,32
S01013177,617,617,0
S01013178,719,719,0
S01013179,789,781,8
S01013180,434,434,0
S01013181,718,718,0
S01013182,743,743,0
S01013183,834,834,0
S01013184,572,572,0
S01013185,810,810,0
S01013186,673,673,0
S01013187,825,825,0
S01013188,885,885,0
S01013189,618,618,0
S01013190,805,805,0
S01013191,1055,1055,0
S01013192,952,895,57
S01013193,649,649,0
S01013194,568,568,0
S01013195,991,977,14
S01013196,626,626,0
S01013197,577,555,22
S01013198,803,768,35
S01013199,907,897,10
S01013200,727,695,32
S01013201,741,741,0
S01013202,574,552,22
S01013203,717,717,0
S01013204,793,793,0
S01013205,629,629,0
S01013206,627,627,0
S01013207,787,766,21
S01013208,919,919,0
S01013209,819,819,0
S01013210,588,588,0
S01013211,859,859,0
S01013212,590,590,0
S01013213,555,555,0
S01013214,438,438,0
S01013215,762,762,0
S01013216,588,579,9
S01013217,676,676,0
S01013218,609,609,0
S01013219,527,527,0
S01013220,696,696,0
S01013221,907,907,0
S01013222,595,595,0
S01013223,1123,1113,10
S01013224,814,814,0
S01013225,812,812,0
S01013226,514,512,2
S01013227,703,703,0
S01013228,702,693,9
S01013229,772,772,0
S01013230,654,654,0
S01013231,732,732,0
S01013232,691,691,0
S01013233,579,579,0
S01013234,383,383,0
S01013235,760,751,9
S01013236,872,864,8
S01013237,819,813,6
S01013238,767,767,0
S01013239,885,885,0
S01013240,534,534,0
S01013241,821,809,12
S01013242,603,590,13
S01013243,735,735,0
S01013244,752,752,0
S01013245,1009,1009,0
S01013246,467,467,0
S01013247,791,741,50
S01013248,629,629,0
S01013249,460,460,0
S01013250,864,864,0
S01013251,780,780,0
S01013252,680,680,0
S01013253,708,708,0
S01013254,633,633,0
S01013255,1356,840,516
S01013256,754,710,44
S01013257,803,803,0
S01013258,766,759,7
S01013259,841,841,0
S01013260,887,887,0
S01013261,812,812,0
S01013262,642,642,0
S01013263,557,557,0
S01013264,524,524,0
S01013265,675,675,0
S01013266,566,566,0
S01013267,576,544,32
S01013268,839,839,0
S01013269,949,949,0
S01013270,829,829,0
S01013271,597,597,0
S01013272,777,777,0
S01013273,939,939,0
S01013274,793,793,0
S01013275,727,671,56
S01013276,611,611,0
S01013277,889,889,0
S01013278,879,781,98
S01013279,740,740,0
S01013280,585,585,0
S01013281,963,963,0
S01013282,827,827,0
S01013283,642,642,0
S01013284,651,651,0
S01013285,656,656,0
S01013286,667,667,0
S01013287,784,784,0
S01013288,660,660,0
S01013289,762,760,2
S01013290,911,911,0
S01013291,724,724,0
S01013292,726,723,3
S01013293,714,714,0
S01013294,729,729,0
S01013295,746,746,0
S01013296,712,712,0
S01013297,688,688,0
S01013298,684,668,16
S01013299,1019,1019,0
S01013300,552,552,0
S01013301,486,481,5
S01013302,614,614,0
S01013303,881,881,0
S01013304,932,929,3
S01013305,952,952,0
S01013306,931,920,11
S01013307,1047,1047,0
S01013308,995,943,52
S01013309,636,618,18
S01013310,649,649,0
S01013311,804,801,3
S01013312,1042,1042,0
S01013313,692,692,0
S01013314,670,670,0
S01013315,567,567,0
S01013316,663,663,0
S01013317,521,521,0
S01013318,612,612,0
S01013319,574,570,4
S01013320,1040,1040,0
S01013321,423,423,0
S01013322,801,724,77
S01013323,947,947,0
S01013324,649,649,0
S01013325,915,905,10
S01013326,541,541,0
S01013327,697,697,0
S01013328,652,652,0
S01013329,538,538,0
S01013330,1055,1051,4
S01013331,647,647,0
S01013332,673,673,0
S01013333,826,826,0
S01013334,784,784,0
S01013335,825,825,0
S01013336,863,863,0
S01013337,950,950,0
S01013338,588,588,0
S01013339,584,584,0
S01013340,805,805,0
S01013341,898,898,0
S01013342,644,644,0
S01013343,673,673,0
S01013344,802,792,10
S01013345,762,762,0
S01013346,881,881,0
S01013347,700,700,0
S01013348,470,470,0
S01013349,785,785,0
S01013350,662,662,0
S01013351,784,784,0
S01013352,897,897,0
S01013353,669,669,0
S01013354,727,727,0
S01013355,653,653,0
S01013356,754,754,0
S01013357,827,827,0
S01013358,811,811,0
S01013359,621,621,0
S01013360,687,687,0
S01013361,550,545,5
S01013362,494,494,0
S01013363,753,753,0
S01013364,903,903,0
S01013365,779,779,0
S01013366,888,888,0
S01013367,584,584,0
S01013368,766,719,47
S01013369,911,911,0
S01013370,615,582,33
S01013371,661,661,0
S01013372,1094,1094,0
S01013373,925,925,0
S01013374,959,959,0
S01013375,574,574,0
S01013376,594,594,0
S01013377,772,772,0
S01013378,979,973,6
S01013379,826,826,0
S01013380,147,108,39
S01013381,489,489,0
S01013382,553,553,0
S01013383,679,679,0
S01013384,748,745,3
S01013385,485,480,5
S01013386,860,855,5
S01013387,612,612,0
S01013388,759,737,22
S01013389,757,757,0
S01013390,459,459,0
S01013391,435,435,0
S01013392,761,761,0
S01013393,713,713,0
S01013394,680,680,0
S01013395,728,728,0
S01013396,689,689,0
S01013397,858,858,0
S01013398,612,612,0
S01013399,1094,1032,62
S01013400,637,637,0
S01013401,805,805,0
S01013402,1057,1057,0
S01013403,889,889,0
S01013404,595,595,0
S01013405,663,663,0
S01013406,612,612,0
S01013407,534,534,0
S01013408,658,658,0
S01013409,1067,1052,15
S01013410,687,687,0
S01013411,723,723,0
S01013412,797,797,0
S01013413,776,776,0
S01013414,878,825,53
S01013415,649,649,0
S01013416,576,576,0
S01013417,821,812,9
S01013418,642,642,0
S01013419,468,468,0
S01013420,565,565,0
S01013421,804,804,0
S01013422,724,724,0
S01013423,820,820,0
S01013424,494,494,0
S01013425,429,429,0
S01013426,830,826,4
S01013427,452,452,0
S01013428,944,944,0
S01013429,681,681,0
S01013430,693,693,0
S01013431,683,683,0
S01013432,728,703,25
S01013433,746,746,0
S01013434,534,534,0
S01013435,664,664,0
S01013436,884,884,0
S01013437,645,645,0
S01013438,575,575,0
S01013439,899,899,0
S01013440,1024,1012,12
S01013441,771,745,26
S01013442,785,785,0
S01013443,635,635,0
S01013444,928,928,0
S01013445,717,624,93
S01013446,713,713,0
S01013447,645,645,0
S01013448,798,798,0
S01013449,640,640,0
S01013450,588,588,0
S01013451,871,871,0
S01013452,779,779,0
S01013453,772,772,0
S01013454,753,753,0
S01013455,560,560,0
S01013456,772,772,0
S01013457,909,909,0
S01013458,711,711,0
S01013459,837,797,40
S01013460,849,849,0
S01013461,1098,1098,0
S01013462,830,830,0
S01013463,590,590,0
S01013464,706,698,8
S01013465,669,669,0
S01013466,459,295,164
S01013467,950,950,0
S01013468,668,597,71
S01013469,744,744,0
S01013470,742,742,0
S01013471,935,935,0
S01013472,648,624,24
S01013473,682,682,0
S01013474,639,639,0
S01013475,613,613,0
S01013476,626,626,0
S01013477,605,605,0
S01013478,860,851,9
S01013479,786,781,5
S01013480,671,671,0
S01013481,451,451,0
