,All people,Males,Females
S92000003,5295403,2567444,2727959
S01006506,872,416,456
S01006507,836,398,438
S01006508,643,329,314
S01006509,580,274,306
S01006510,644,306,338
S01006511,751,374,377
S01006512,519,266,253
S01006513,648,308,340
S01006514,1043,510,533
S01006515,762,381,381
S01006516,540,268,272
S01006517,1014,497,517
S01006518,627,311,316
S01006519,865,425,440
S01006520,729,367,362
S01006521,664,320,344
S01006522,574,277,297
S01006523,941,443,498
S01006524,914,431,483
S01006525,798,401,397
S01006526,902,426,476
S01006527,683,327,356
S01006528,1034,478,556
S01006529,896,446,450
S01006530,755,358,397
S01006531,959,469,490
S01006532,744,371,373
S01006533,712,339,373
S01006534,910,439,471
S01006535,1038,536,502
S01006536,1015,512,503
S01006537,754,355,399
S01006538,569,266,303
S01006539,747,338,409
S01006540,960,471,489
S01006541,801,365,436
S01006542,1001,473,528
S01006543,797,364,433
S01006544,1071,546,525
S01006545,1065,515,550
S01006546,630,301,329
S01006547,907,417,490
S01006548,721,342,379
S01006549,811,402,409
S01006550,947,459,488
S01006551,690,343,347
S01006552,870,428,442
S01006553,846,379,467
S01006554,712,344,368
S01006555,814,401,413
S01006556,838,398,440
S01006557,701,338,363
S01006558,622,315,307
S01006559,607,303,304
S01006560,1033,477,556
S01006561,766,367,399
S01006562,718,363,355
S01006563,826,413,413
S01006564,983,480,503
S01006565,988,518,470
S01006566,757,364,393
S01006567,835,426,409
S01006568,923,467,456
S01006569,566,274,292
S01006570,791,394,397
S01006571,888,453,435
S01006572,905,446,459
S01006573,724,351,373
S01006574,1001,497,504
S01006575,951,504,447
S01006576,716,367,349
S01006577,769,388,381
S01006578,1096,571,525
S01006579,964,530,434
S01006580,717,370,347
S01006581,889,462,427
S01006582,871,506,365
S01006583,712,367,345
S01006584,628,308,320
S01006585,795,418,377
S01006586,1019,544,475
S01006587,539,287,252
S01006588,587,319,268
S01006589,682,391,291
S01006590,701,404,297
S01006591,735,372,363
S01006592,680,395,285
S01006593,768,436,332
S01006594,539,250,289
S01006595,934,481,453
S01006596,725,369,356
S01006597,520,282,238
S01006598,957,501,456
S01006599,807,397,410
S01006600,1100,521,579
S01006601,1002,518,484
S01006602,879,417,462
S01006603,849,396,453
S01006604,678,320,358
S01006605,802,357,445
S01006606,831,403,428
S01006607,934,427,507
S01006608,732,370,362
S01006609,1063,496,567
S01006610,449,208,241
S01006611,919,417,502
S01006612,861,432,429
S01006613,612,307,305
S01006614,678,349,329
S01006615,796,403,393
S01006616,788,382,406
S01006617,681,342,339
S01006618,514,247,267
S01006619,881,426,455
S01006620,848,394,454
S01006621,520,252,268
S01006622,669,320,349
S01006623,765,386,379
S01006624,959,578,381
S01006625,623,301,322
S01006626,718,334,384
S01006627,859,444,415
S01006628,1097,618,479
S01006629,803,377,426
S01006630,627,298,329
S01006631,933,445,488
S01006632,812,377,435
S01006633,699,344,355
S01006634,634,306,328
S01006635,658,333,325
S01006636,870,410,460
S01006637,753,392,361
S01006638,834,432,402
S01006639,945,481,464
S01006640,723,401,322
S01006641,1042,559,483
S01006642,1373,706,667
S01006643,730,350,380
S01006644,963,479,484
S01006645,687,327,360
S01006646,1005,543,462
S01006647,648,320,328
S01006648,1804,843,961
S01006649,961,508,453
S01006650,859,480,379
S01006651,635,374,261
S01006652,545,307,238
S01006653,564,286,278
S01006654,914,429,485
S01006655,724,384,340
S01006656,967,495,472
S01006657,536,283,253
S01006658,1031,560,471
S01006659,632,314,318
S01006660,527,287,240
S01006661,622,316,306
S01006662,835,442,393
S01006663,562,283,279
S01006664,511,264,247
S01006665,712,343,369
S01006666,877,440,437
S01006667,741,403,338
S01006668,908,431,477
S01006669,1219,642,577
S01006670,929,399,530
S01006671,2421,1085,1336
S01006672,810,397,413
S01006673,862,432,430
S01006674,928,453,475
S01006675,712,358,354
S01006676,747,376,371
S01006677,723,376,347
S01006678,1148,587,561
S01006679,654,322,332
S01006680,851,450,401
S01006681,840,388,452
S01006682,853,423,430
S01006683,872,459,413
S01006684,684,388,296
S01006685,740,367,373
S01006686,622,297,325
S01006687,833,383,450
S01006688,950,441,509
S01006689,629,327,302
S01006690,594,286,308
S01006691,559,284,275
S01006692,742,368,374
S01006693,1015,511,504
S01006694,865,387,478
S01006695,712,349,363
S01006696,849,408,441
S01006697,926,430,496
S01006698,691,320,371
S01006699,471,222,249
S01006700,830,389,441
S01006701,728,341,387
S01006702,761,356,405
S01006703,675,314,361
S01006704,605,297,308
S01006705,739,343,396
S01006706,619,296,323
S01006707,685,319,366
S01006708,790,368,422
S01006709,878,422,456
S01006710,853,393,460
S01006711,927,429,498
S01006712,524,248,276
S01006713,945,460,485
S01006714,701,337,364
S01006715,623,304,319
S01006716,606,295,311
S01006717,975,440,535
S01006718,627,310,317
S01006719,916,437,479
S01006720,587,296,291
S01006721,888,420,468
S01006722,774,375,399
S01006723,663,327,336
S01006724,1005,464,541
S01006725,674,320,354
S01006726,1391,697,694
S01006727,1015,505,510
S01006728,754,340,414
S01006729,831,400,431
S01006730,704,354,350
S01006731,577,286,291
S01006732,1058,505,553
S01006733,900,428,472
S01006734,976,475,501
S01006735,618,292,326
S01006736,1079,526,553
S01006737,673,340,333
S01006738,829,451,378
S01006739,607,319,288
S01006740,737,370,367
S01006741,666,317,349
S01006742,460,218,242
S01006743,531,262,269
S01006744,608,297,311
S01006745,822,379,443
S01006746,846,390,456
S01006747,816,395,421
S01006748,917,472,445
S01006749,909,440,469
S01006750,720,351,369
S01006751,509,232,277
S01006752,712,335,377
S01006753,913,466,447
S01006754,900,449,451
S01006755,739,356,383
S01006756,739,372,367
S01006757,837,406,431
S01006758,694,348,346
S01006759,595,275,320
S01006760,493,236,257
S01006761,697,346,351
S01006762,805,362,443
S01006763,865,401,464
S01006764,790,404,386
S01006765,586,304,282
S01006766,608,304,304
S01006767,689,335,354
S01006768,599,303,296
S01006769,959,491,468
S01006770,655,329,326
S01006771,465,234,231
S01006772,839,444,395
S01006773,734,368,366
S01006774,651,329,322
S01006775,618,308,310
S01006776,496,223,273
S01006777,649,323,326
S01006778,634,318,316
S01006779,615,267,348
S01006780,576,298,278
S01006781,691,339,352
S01006782,744,383,361
S01006783,672,325,347
S01006784,608,311,297
S01006785,611,292,319
S01006786,832,433,399
S01006787,650,328,322
S01006788,820,429,391
S01006789,632,301,331
S01006790,901,417,484
S01006791,536,288,248
S01006792,491,254,237
S01006793,554,282,272
S01006794,560,258,302
S01006795,745,341,404
S01006796,575,275,300
S01006797,628,325,303
S01006798,630,311,319
S01006799,903,440,463
S01006800,853,433,420
S01006801,956,474,482
S01006802,675,336,339
S01006803,687,326,361
S01006804,748,386,362
S01006805,1122,532,590
S01006806,1031,522,509
S01006807,620,322,298
S01006808,628,301,327
S01006809,816,426,390
S01006810,877,451,426
S01006811,1090,544,546
S01006812,750,397,353
S01006813,789,405,384
S01006814,786,377,409
S01006815,577,273,304
S01006816,723,349,374
S01006817,650,335,315
S01006818,719,360,359
S01006819,838,420,418
S01006820,444,220,224
S01006821,583,290,293
S01006822,759,387,372
S01006823,732,354,378
S01006824,822,396,426
S01006825,807,392,415
S01006826,951,473,478
S01006827,888,398,490
S01006828,916,465,451
S01006829,428,200,228
S01006830,729,350,379
S01006831,538,270,268
S01006832,1029,491,538
S01006833,455,222,233
S01006834,532,271,261
S01006835,843,405,438
S01006836,514,263,251
S01006837,599,297,302
S01006838,648,316,332
S01006839,1040,513,527
S01006840,1020,500,520
S01006841,922,453,469
S01006842,811,409,402
S01006843,835,404,431
S01006844,671,344,327
S01006845,946,471,475
S01006846,551,285,266
S01006847,712,346,366
S01006848,976,516,460
S01006849,971,475,496
S01006850,959,446,513
S01006851,805,389,416
S01006852,595,298,297
S01006853,852,424,428
S01006854,853,425,428
S01006855,790,381,409
S01006856,678,330,348
S01006857,997,499,498
S01006858,642,325,317
S01006859,1088,527,561
S01006860,542,248,294
S01006861,604,305,299
S01006862,681,332,349
S01006863,687,336,351
S01006864,447,216,231
S01006865,938,473,465
S01006866,549,276,273
S01006867,731,360,371
S01006868,879,434,445
S01006869,495,262,233
S01006870,486,237,249
S01006871,750,367,383
S01006872,719,365,354
S01006873,1007,470,537
S01006874,584,301,283
S01006875,698,334,364
S01006876,992,502,490
S01006877,955,481,474
S01006878,706,350,356
S01006879,789,415,374
S01006880,600,300,300
S01006881,578,295,283
S01006882,398,171,227
S01006883,458,244,214
S01006884,888,449,439
S01006885,529,264,265
S01006886,733,359,374
S01006887,587,291,296
S01006888,800,400,400
S01006889,826,392,434
S01006890,667,331,336
S01006891,951,469,482
S01006892,612,294,318
S01006893,543,263,280
S01006894,938,455,483
S01006895,534,272,262
S01006896,787,386,401
S01006897,708,368,340
S01006898,751,372,379
S01006899,609,289,320
S01006900,579,295,284
S01006901,595,289,306
S01006902,693,350,343
S01006903,822,389,433
S01006904,726,339,387
S01006905,891,427,464
S01006906,843,383,460
S01006907,598,286,312
S01006908,803,381,422
S01006909,768,390,378
S01006910,852,447,405
S01006911,671,323,348
S01006912,432,227,205
S01006913,546,294,252
S01006914,748,379,369
S01006915,826,432,394
S01006916,564,270,294
S01006917,996,496,500
S01006918,493,235,258
S01006919,485,244,241
S01006920,502,241,261
S01006921,829,413,416
S01006922,506,262,244
S01006923,792,374,418
S01006924,556,285,271
S01006925,499,256,243
S01006926,737,371,366
S01006927,1002,516,486
S01006928,1033,525,508
S01006929,836,430,406
S01006930,889,439,450
S01006931,392,195,197
S01006932,614,301,313
S01006933,580,288,292
S01006934,620,287,333
S01006935,699,343,356
S01006936,643,293,350
S01006937,730,349,381
S01006938,537,244,293
S01006939,615,308,307
S01006940,939,461,478
S01006941,626,305,321
S01006942,1082,524,558
S01006943,682,323,359
S01006944,874,427,447
S01006945,508,250,258
S01006946,800,388,412
S01006947,861,427,434
S01006948,871,418,453
S01006949,655,322,333
S01006950,548,260,288
S01006951,470,236,234
S01006952,827,426,401
S01006953,793,402,391
S01006954,829,438,391
S01006955,622,309,313
S01006956,1105,561,544
S01006957,1083,545,538
S01006958,881,423,458
S01006959,722,330,392
S01006960,982,484,498
S01006961,984,488,496
S01006962,871,424,447
S01006963,666,332,334
S01006964,743,393,350
S01006965,501,251,250
S01006966,602,269,333
S01006967,629,318,311
S01006968,514,243,271
S01006969,947,463,484
S01006970,716,350,366
S01006971,510,221,289
S01006972,522,269,253
S01006973,525,278,247
S01006974,1040,512,528
S01006975,951,498,453
S01006976,446,239,207
S01006977,823,420,403
S01006978,855,441,414
S01006979,842,410,432
S01006980,843,419,424
S01006981,798,407,391
S01006982,910,440,470
S01006983,743,383,360
S01006984,702,355,347
S01006985,1008,505,503
S01006986,674,321,353
S01006987,665,324,341
S01006988,615,302,313
S01006989,1026,518,508
S01006990,908,467,441
S01006991,443,199,244
S01006992,608,318,290
S01006993,535,274,261
S01006994,573,314,259
S01006995,859,429,430
S01006996,782,393,389
S01006997,786,411,375
S01006998,1091,559,532
S01006999,872,449,423
S01007000,927,450,477
S01007001,947,443,504
S01007002,608,302,306
S01007003,524,272,252
S01007004,718,368,350
S01007005,904,480,424
S01007006,900,463,437
S01007007,848,435,413
S01007008,1034,488,546
S01007009,1013,491,522
S01007010,819,374,445
S01007011,865,419,446
S01007012,707,336,371
S01007013,565,285,280
S01007014,1024,529,495
S01007015,625,312,313
S01007016,592,301,291
S01007017,995,474,521
S01007018,990,484,506
S01007019,665,319,346
S01007020,770,357,413
S01007021,923,434,489
S01007022,498,235,263
S01007023,494,252,242
S01007024,1047,524,523
S01007025,860,420,440
S01007026,892,427,465
S01007027,1085,530,555
S01007028,734,385,349
S01007029,560,284,276
S01007030,820,408,412
S01007031,630,318,312
S01007032,990,503,487
S01007033,740,349,391
S01007034,592,289,303
S01007035,786,355,431
S01007036,974,469,505
S01007037,1020,491,529
S01007038,755,388,367
S01007039,860,431,429
S01007040,647,306,341
S01007041,727,368,359
S01007042,737,363,374
S01007043,1000,524,476
S01007044,667,317,350
S01007045,805,399,406
S01007046,574,301,273
S01007047,665,318,347
S01007048,889,478,411
S01007049,945,471,474
S01007050,641,317,324
S01007051,768,379,389
S01007052,573,285,288
S01007053,494,250,244
S01007054,963,476,487
S01007055,515,278,237
S01007056,638,332,306
S01007057,520,244,276
S01007058,577,271,306
S01007059,1020,500,520
S01007060,604,291,313
S01007061,930,480,450
S01007062,665,350,315
S01007063,670,310,360
S01007064,627,318,309
S01007065,578,282,296
S01007066,648,341,307
S01007067,553,284,269
S01007068,740,343,397
S01007069,847,433,414
S01007070,500,252,248
S01007071,821,407,414
S01007072,641,328,313
S01007073,1064,605,459
S01007074,661,313,348
S01007075,727,336,391
S01007076,759,388,371
S01007077,674,308,366
S01007078,847,399,448
S01007079,983,470,513
S01007080,790,398,392
S01007081,951,469,482
S01007082,551,272,279
S01007083,937,481,456
S01007084,621,278,343
S01007085,805,418,387
S01007086,1132,589,543
S01007087,896,456,440
S01007088,539,259,280
S01007089,529,276,253
S01007090,540,288,252
S01007091,829,383,446
S01007092,624,281,343
S01007093,987,489,498
S01007094,903,455,448
S01007095,551,286,265
S01007096,837,417,420
S01007097,488,246,242
S01007098,821,403,418
S01007099,883,456,427
S01007100,727,370,357
S01007101,851,405,446
S01007102,706,361,345
S01007103,832,400,432
S01007104,486,242,244
S01007105,543,258,285
S01007106,715,347,368
S01007107,685,339,346
S01007108,577,296,281
S01007109,824,421,403
S01007110,796,379,417
S01007111,526,256,270
S01007112,540,276,264
S01007113,547,271,276
S01007114,888,441,447
S01007115,692,344,348
S01007116,1006,517,489
S01007117,471,230,241
S01007118,679,320,359
S01007119,812,401,411
S01007120,1086,525,561
S01007121,533,253,280
S01007122,594,283,311
S01007123,668,322,346
S01007124,913,437,476
S01007125,867,438,429
S01007126,927,450,477
S01007127,1030,529,501
S01007128,847,399,448
S01007129,956,468,488
S01007130,612,290,322
S01007131,775,366,409
S01007132,700,336,364
S01007133,674,330,344
S01007134,743,367,376
S01007135,558,286,272
S01007136,533,261,272
S01007137,751,393,358
S01007138,597,298,299
S01007139,776,392,384
S01007140,1022,491,531
S01007141,684,338,346
S01007142,647,315,332
S01007143,671,329,342
S01007144,716,357,359
S01007145,892,415,477
S01007146,759,376,383
S01007147,711,353,358
S01007148,538,266,272
S01007149,542,260,282
S01007150,750,346,404
S01007151,884,432,452
S01007152,567,263,304
S01007153,633,298,335
S01007154,803,347,456
S01007155,640,304,336
S01007156,722,350,372
S01007157,648,313,335
S01007158,939,464,475
S01007159,840,389,451
S01007160,826,377,449
S01007161,701,337,364
S01007162,523,245,278
S01007163,875,399,476
S01007164,576,265,311
S01007165,846,393,453
S01007166,709,341,368
S01007167,795,377,418
S01007168,965,464,501
S01007169,758,356,402
S01007170,648,335,313
S01007171,852,468,384
S01007172,821,409,412
S01007173,881,443,438
S01007174,911,443,468
S01007175,665,328,337
S01007176,708,342,366
S01007177,631,307,324
S01007178,1051,513,538
S01007179,976,462,514
S01007180,752,361,391
S01007181,813,392,421
S01007182,1047,482,565
S01007183,1082,503,579
S01007184,1039,492,547
S01007185,860,406,454
S01007186,593,282,311
S01007187,804,409,395
S01007188,602,299,303
S01007189,809,344,465
S01007190,815,396,419
S01007191,616,287,329
S01007192,612,283,329
S01007193,769,367,402
S01007194,641,297,344
S01007195,580,270,310
S01007196,768,358,410
S01007197,637,305,332
S01007198,532,249,283
S01007199,804,413,391
S01007200,849,415,434
S01007201,738,351,387
S01007202,735,354,381
S01007203,643,297,346
S01007204,980,472,508
S01007205,688,348,340
S01007206,392,191,201
S01007207,901,453,448
S01007208,990,486,504
S01007209,768,352,416
S01007210,779,361,418
S01007211,967,495,472
S01007212,546,265,281
S01007213,912,434,478
S01007214,740,339,401
S01007215,770,365,405
S01007216,722,347,375
S01007217,943,462,481
S01007218,876,437,439
S01007219,808,397,411
S01007220,701,359,342
S01007221,703,344,359
S01007222,806,401,405
S01007223,531,266,265
S01007224,615,291,324
S01007225,880,446,434
S01007226,797,396,401
S01007227,962,481,481
S01007228,648,337,311
S01007229,1102,557,545
S01007230,750,362,388
S01007231,701,326,375
S01007232,726,353,373
S01007233,788,388,400
S01007234,630,314,316
S01007235,774,384,390
S01007236,620,308,312
S01007237,719,339,380
S01007238,915,435,480
S01007239,858,399,459
S01007240,539,277,262
S01007241,614,312,302
S01007242,999,456,543
S01007243,587,291,296
S01007244,721,368,353
S01007245,669,330,339
S01007246,564,287,277
S01007247,641,318,323
S01007248,763,371,392
S01007249,433,206,227
S01007250,822,400,422
S01007251,523,242,281
S01007252,811,400,411
S01007253,798,388,410
S01007254,816,385,431
S01007255,792,380,412
S01007256,799,390,409
S01007257,606,298,308
S01007258,886,423,463
S01007259,856,384,472
S01007260,896,424,472
S01007261,782,377,405
S01007262,712,353,359
S01007263,777,362,415
S01007264,774,367,407
S01007265,1109,527,582
S01007266,678,325,353
S01007267,521,269,252
S01007268,596,310,286
S01007269,528,268,260
S01007270,457,231,226
S01007271,987,480,507
S01007272,864,401,463
S01007273,669,322,347
S01007274,827,410,417
S01007275,590,270,320
S01007276,850,408,442
S01007277,756,363,393
S01007278,542,259,283
S01007279,565,293,272
S01007280,570,292,278
S01007281,979,541,438
S01007282,538,279,259
S01007283,1023,470,553
S01007284,848,392,456
S01007285,872,409,463
S01007286,954,459,495
S01007287,616,268,348
S01007288,554,272,282
S01007289,798,403,395
S01007290,786,374,412
S01007291,690,319,371
S01007292,771,383,388
S01007293,786,364,422
S01007294,916,453,463
S01007295,520,244,276
S01007296,563,287,276
S01007297,911,469,442
S01007298,532,249,283
S01007299,854,415,439
S01007300,502,251,251
S01007301,739,358,381
S01007302,625,308,317
S01007303,925,441,484
S01007304,693,336,357
S01007305,736,360,376
S01007306,756,350,406
S01007307,786,404,382
S01007308,806,404,402
S01007309,645,330,315
S01007310,808,391,417
S01007311,769,394,375
S01007312,770,367,403
S01007313,972,482,490
S01007314,635,316,319
S01007315,940,462,478
S01007316,861,408,453
S01007317,675,335,340
S01007318,607,296,311
S01007319,742,376,366
S01007320,747,359,388
S01007321,595,305,290
S01007322,730,360,370
S01007323,449,221,228
S01007324,328,142,186
S01007325,833,408,425
S01007326,765,392,373
S01007327,784,369,415
S01007328,846,413,433
S01007329,702,343,359
S01007330,778,379,399
S01007331,986,501,485
S01007332,505,259,246
S01007333,806,386,420
S01007334,750,347,403
S01007335,810,379,431
S01007336,535,295,240
S01007337,658,296,362
S01007338,752,369,383
S01007339,621,290,331
S01007340,470,226,244
S01007341,740,350,390
S01007342,826,376,450
S01007343,651,326,325
S01007344,443,201,242
S01007345,595,270,325
S01007346,543,267,276
S01007347,601,290,311
S01007348,610,280,330
S01007349,457,222,235
S01007350,562,275,287
S01007351,658,334,324
S01007352,498,262,236
S01007353,642,296,346
S01007354,786,376,410
S01007355,947,488,459
S01007356,714,329,385
S01007357,803,378,425
S01007358,912,457,455
S01007359,823,383,440
S01007360,534,258,276
S01007361,1043,508,535
S01007362,787,361,426
S01007363,687,315,372
S01007364,897,409,488
S01007365,478,231,247
S01007366,465,220,245
S01007367,562,263,299
S01007368,541,260,281
S01007369,786,394,392
S01007370,740,353,387
S01007371,716,348,368
S01007372,901,443,458
S01007373,606,306,300
S01007374,531,265,266
S01007375,464,238,226
S01007376,849,396,453
S01007377,664,327,337
S01007378,1457,1138,319
S01007379,484,224,260
S01007380,581,285,296
S01007381,512,233,279
S01007382,656,323,333
S01007383,749,368,381
S01007384,793,398,395
S01007385,826,376,450
S01007386,806,390,416
S01007387,803,398,405
S01007388,680,340,340
S01007389,585,288,297
S01007390,571,269,302
S01007391,572,273,299
S01007392,466,219,247
S01007393,810,354,456
S01007394,640,287,353
S01007395,787,400,387
S01007396,783,349,434
S01007397,943,479,464
S01007398,703,339,364
S01007399,642,327,315
S01007400,699,332,367
S01007401,676,321,355
S01007402,610,282,328
S01007403,825,416,409
S01007404,428,225,203
S01007405,665,338,327
S01007406,621,303,318
S01007407,722,362,360
S01007408,596,281,315
S01007409,716,346,370
S01007410,703,330,373
S01007411,895,429,466
S01007412,478,224,254
S01007413,910,446,464
S01007414,694,345,349
S01007415,853,405,448
S01007416,595,286,309
S01007417,992,459,533
S01007418,654,298,356
S01007419,865,409,456
S01007420,1451,1060,391
S01007421,663,321,342
S01007422,590,272,318
S01007423,764,383,381
S01007424,787,380,407
S01007425,872,421,451
S01007426,661,326,335
S01007427,642,306,336
S01007428,887,414,473
S01007429,715,338,377
S01007430,442,209,233
S01007431,554,265,289
S01007432,818,370,448
S01007433,798,386,412
S01007434,496,241,255
S01007435,681,343,338
S01007436,675,320,355
S01007437,440,220,220
S01007438,673,333,340
S01007439,686,333,353
S01007440,649,337,312
S01007441,551,265,286
S01007442,480,239,241
S01007443,924,451,473
S01007444,945,428,517
S01007445,625,311,314
S01007446,541,248,293
S01007447,485,243,242
S01007448,867,433,434
S01007449,980,473,507
S01007450,774,364,410
S01007451,623,286,337
S01007452,529,263,266
S01007453,635,315,320
S01007454,512,257,255
S01007455,846,393,453
S01007456,891,396,495
S01007457,1080,532,548
S01007458,523,254,269
S01007459,643,297,346
S01007460,725,354,371
S01007461,680,318,362
S01007462,787,381,406
S01007463,988,453,535
S01007464,686,316,370
S01007465,785,408,377
S01007466,984,512,472
S01007467,974,457,517
S01007468,714,353,361
S01007469,611,302,309
S01007470,699,339,360
S01007471,479,227,252
S01007472,554,247,307
S01007473,438,219,219
S01007474,535,260,275
S01007475,594,291,303
S01007476,651,304,347
S01007477,540,265,275
S01007478,910,437,473
S01007479,579,277,302
S01007480,776,386,390
S01007481,830,389,441
S01007482,478,231,247
S01007483,783,384,399
S01007484,558,286,272
S01007485,481,210,271
S01007486,540,243,297
S01007487,903,452,451
S01007488,1032,490,542
S01007489,856,391,465
S01007490,913,437,476
S01007491,1184,544,640
S01007492,685,331,354
S01007493,824,398,426
S01007494,534,265,269
S01007495,844,429,415
S01007496,1011,494,517
S01007497,596,299,297
S01007498,840,400,440
S01007499,842,431,411
S01007500,605,300,305
S01007501,680,319,361
S01007502,524,270,254
S01007503,1046,509,537
S01007504,677,339,338
S01007505,429,209,220
S01007506,514,269,245
S01007507,921,441,480
S01007508,696,358,338
S01007509,627,318,309
S01007510,1014,488,526
S01007511,829,399,430
S01007512,526,259,267
S01007513,1052,500,552
S01007514,519,267,252
S01007515,605,284,321
S01007516,620,294,326
S01007517,462,204,258
S01007518,834,421,413
S01007519,435,224,211
S01007520,980,487,493
S01007521,450,228,222
S01007522,986,457,529
S01007523,542,266,276
S01007524,951,459,492
S01007525,536,250,286
S01007526,734,357,377
S01007527,787,413,374
S01007528,751,383,368
S01007529,666,318,348
S01007530,524,256,268
S01007531,692,321,371
S01007532,597,292,305
S01007533,551,266,285
S01007534,939,451,488
S01007535,1068,504,564
S01007536,936,450,486
S01007537,1053,483,570
S01007538,937,444,493
S01007539,667,317,350
S01007540,838,392,446
S01007541,778,371,407
S01007542,866,412,454
S01007543,1078,519,559
S01007544,1053,512,541
S01007545,813,389,424
S01007546,565,292,273
S01007547,551,286,265
S01007548,703,338,365
S01007549,620,289,331
S01007550,923,450,473
S01007551,867,426,441
S01007552,913,447,466
S01007553,885,415,470
S01007554,435,209,226
S01007555,515,266,249
S01007556,502,237,265
S01007557,1131,537,594
S01007558,429,223,206
S01007559,736,375,361
S01007560,957,459,498
S01007561,717,323,394
S01007562,854,427,427
S01007563,890,426,464
S01007564,772,365,407
S01007565,954,470,484
S01007566,736,370,366
S01007567,588,313,275
S01007568,657,341,316
S01007569,818,405,413
S01007570,682,326,356
S01007571,539,274,265
S01007572,967,435,532
S01007573,895,424,471
S01007574,1023,474,549
S01007575,860,430,430
S01007576,718,331,387
S01007577,688,325,363
S01007578,692,342,350
S01007579,663,306,357
S01007580,838,407,431
S01007581,509,258,251
S01007582,660,312,348
S01007583,1056,483,573
S01007584,624,322,302
S01007585,906,425,481
S01007586,858,387,471
S01007587,819,457,362
S01007588,844,390,454
S01007589,756,355,401
S01007590,661,308,353
S01007591,576,287,289
S01007592,694,330,364
S01007593,1095,512,583
S01007594,843,399,444
S01007595,1056,521,535
S01007596,551,261,290
S01007597,647,324,323
S01007598,637,314,323
S01007599,840,413,427
S01007600,1122,547,575
S01007601,631,302,329
S01007602,650,312,338
S01007603,778,397,381
S01007604,891,428,463
S01007605,828,404,424
S01007606,614,300,314
S01007607,702,339,363
S01007608,744,374,370
S01007609,917,435,482
S01007610,515,220,295
S01007611,917,427,490
S01007612,1044,535,509
S01007613,772,389,383
S01007614,844,401,443
S01007615,1084,505,579
S01007616,736,343,393
S01007617,519,256,263
S01007618,638,292,346
S01007619,630,303,327
S01007620,579,285,294
S01007621,656,323,333
S01007622,582,288,294
S01007623,608,292,316
S01007624,664,333,331
S01007625,505,223,282
S01007626,650,320,330
S01007627,547,264,283
S01007628,717,353,364
S01007629,699,340,359
S01007630,813,394,419
S01007631,631,323,308
S01007632,965,472,493
S01007633,977,486,491
S01007634,570,298,272
S01007635,717,323,394
S01007636,858,391,467
S01007637,857,425,432
S01007638,768,381,387
S01007639,1087,529,558
S01007640,724,376,348
S01007641,856,431,425
S01007642,835,393,442
S01007643,903,414,489
S01007644,844,402,442
S01007645,524,278,246
S01007646,627,332,295
S01007647,717,352,365
S01007648,873,419,454
S01007649,741,369,372
S01007650,956,494,462
S01007651,588,299,289
S01007652,611,269,342
S01007653,886,420,466
S01007654,1104,543,561
S01007655,781,391,390
S01007656,851,410,441
S01007657,435,218,217
S01007658,507,238,269
S01007659,820,422,398
S01007660,851,412,439
S01007661,660,315,345
S01007662,908,419,489
S01007663,843,406,437
S01007664,578,266,312
S01007665,660,320,340
S01007666,510,250,260
S01007667,717,359,358
S01007668,1086,502,584
S01007669,642,301,341
S01007670,729,371,358
S01007671,736,370,366
S01007672,874,421,453
S01007673,700,346,354
S01007674,797,391,406
S01007675,627,308,319
S01007676,686,353,333
S01007677,516,249,267
S01007678,788,375,413
S01007679,843,415,428
S01007680,922,440,482
S01007681,405,200,205
S01007682,882,441,441
S01007683,701,357,344
S01007684,801,370,431
S01007685,906,422,484
S01007686,673,327,346
S01007687,885,405,480
S01007688,1015,520,495
S01007689,613,258,355
S01007690,875,370,505
S01007691,2901,1403,1498
S01007692,939,423,516
S01007693,974,463,511
S01007694,1115,513,602
S01007695,963,459,504
S01007696,800,398,402
S01007697,948,479,469
S01007698,1093,596,497
S01007699,808,414,394
S01007700,990,497,493
S01007701,535,286,249
S01007702,1026,537,489
S01007703,783,379,404
S01007704,907,478,429
S01007705,749,444,305
S01007706,781,392,389
S01007707,862,462,400
S01007708,644,336,308
S01007709,582,295,287
S01007710,817,453,364
S01007711,1050,512,538
S01007712,687,371,316
S01007713,484,224,260
S01007714,643,336,307
S01007715,516,256,260
S01007716,1041,559,482
S01007717,1003,538,465
S01007718,689,367,322
S01007719,960,458,502
S01007720,705,326,379
S01007721,730,341,389
S01007722,840,447,393
S01007723,952,476,476
S01007724,648,356,292
S01007725,773,387,386
S01007726,786,393,393
S01007727,1023,493,530
S01007728,773,439,334
S01007729,772,399,373
S01007730,764,398,366
S01007731,729,352,377
S01007732,677,332,345
S01007733,853,425,428
S01007734,821,399,422
S01007735,827,404,423
S01007736,723,362,361
S01007737,1062,479,583
S01007738,732,338,394
S01007739,591,248,343
S01007740,575,261,314
S01007741,753,333,420
S01007742,624,273,351
S01007743,895,438,457
S01007744,766,340,426
S01007745,694,333,361
S01007746,889,443,446
S01007747,505,234,271
S01007748,704,319,385
S01007749,709,353,356
S01007750,815,367,448
S01007751,790,353,437
S01007752,747,340,407
S01007753,535,248,287
S01007754,884,408,476
S01007755,877,378,499
S01007756,629,284,345
S01007757,840,407,433
S01007758,899,424,475
S01007759,964,422,542
S01007760,618,273,345
S01007761,853,417,436
S01007762,814,336,478
S01007763,545,247,298
S01007764,756,367,389
S01007765,683,326,357
S01007766,914,441,473
S01007767,884,429,455
S01007768,649,297,352
S01007769,733,348,385
S01007770,738,342,396
S01007771,532,246,286
S01007772,964,434,530
S01007773,734,347,387
S01007774,954,481,473
S01007775,926,411,515
S01007776,727,376,351
S01007777,962,485,477
S01007778,492,236,256
S01007779,701,354,347
S01007780,795,397,398
S01007781,899,440,459
S01007782,499,267,232
S01007783,782,377,405
S01007784,711,345,366
S01007785,603,267,336
S01007786,763,358,405
S01007787,676,306,370
S01007788,708,324,384
S01007789,624,304,320
S01007790,895,404,491
S01007791,503,248,255
S01007792,879,411,468
S01007793,959,438,521
S01007794,567,259,308
S01007795,606,275,331
S01007796,724,344,380
S01007797,522,251,271
S01007798,665,333,332
S01007799,622,295,327
S01007800,956,437,519
S01007801,973,501,472
S01007802,547,259,288
S01007803,1087,483,604
S01007804,627,279,348
S01007805,520,227,293
S01007806,634,321,313
S01007807,707,351,356
S01007808,848,413,435
S01007809,919,445,474
S01007810,883,425,458
S01007811,871,397,474
S01007812,850,407,443
S01007813,799,368,431
S01007814,565,262,303
S01007815,916,426,490
S01007816,669,334,335
S01007817,449,208,241
S01007818,753,355,398
S01007819,803,389,414
S01007820,980,453,527
S01007821,552,262,290
S01007822,734,346,388
S01007823,696,333,363
S01007824,727,357,370
S01007825,1013,481,532
S01007826,598,284,314
S01007827,583,262,321
S01007828,977,452,525
S01007829,579,264,315
S01007830,928,462,466
S01007831,888,422,466
S01007832,629,301,328
S01007833,792,355,437
S01007834,742,356,386
S01007835,695,322,373
S01007836,522,230,292
S01007837,778,362,416
S01007838,845,377,468
S01007839,702,317,385
S01007840,762,381,381
S01007841,711,325,386
S01007842,770,365,405
S01007843,705,335,370
S01007844,935,454,481
S01007845,903,390,513
S01007846,744,351,393
S01007847,917,431,486
S01007848,819,404,415
S01007849,934,420,514
S01007850,754,348,406
S01007851,940,446,494
S01007852,667,308,359
S01007853,660,326,334
S01007854,1125,522,603
S01007855,501,266,235
S01007856,857,410,447
S01007857,492,215,277
S01007858,1052,450,602
S01007859,528,256,272
S01007860,637,327,310
S01007861,674,344,330
S01007862,701,315,386
S01007863,895,433,462
S01007864,938,435,503
S01007865,693,356,337
S01007866,586,302,284
S01007867,519,256,263
S01007868,861,420,441
S01007869,955,444,511
S01007870,537,281,256
S01007871,669,320,349
S01007872,705,330,375
S01007873,688,332,356
S01007874,723,350,373
S01007875,526,253,273
S01007876,1009,480,529
S01007877,773,382,391
S01007878,669,319,350
S01007879,764,367,397
S01007880,382,194,188
S01007881,557,286,271
S01007882,737,363,374
S01007883,1046,495,551
S01007884,639,322,317
S01007885,730,349,381
S01007886,867,440,427
S01007887,578,301,277
S01007888,1070,503,567
S01007889,533,242,291
S01007890,736,348,388
S01007891,866,422,444
S01007892,738,367,371
S01007893,1036,501,535
S01007894,916,441,475
S01007895,542,246,296
S01007896,867,419,448
S01007897,439,236,203
S01007898,446,225,221
S01007899,349,189,160
S01007900,549,266,283
S01007901,711,338,373
S01007902,883,438,445
S01007903,645,299,346
S01007904,849,447,402
S01007905,687,330,357
S01007906,724,318,406
S01007907,536,263,273
S01007908,913,460,453
S01007909,543,260,283
S01007910,916,423,493
S01007911,777,368,409
S01007912,757,367,390
S01007913,616,309,307
S01007914,628,288,340
S01007915,835,411,424
S01007916,810,390,420
S01007917,847,414,433
S01007918,922,471,451
S01007919,773,386,387
S01007920,615,311,304
S01007921,932,462,470
S01007922,867,415,452
S01007923,983,471,512
S01007924,1037,501,536
S01007925,465,247,218
S01007926,478,237,241
S01007927,617,311,306
S01007928,1038,475,563
S01007929,738,378,360
S01007930,600,303,297
S01007931,1127,532,595
S01007932,831,396,435
S01007933,874,406,468
S01007934,720,333,387
S01007935,805,380,425
S01007936,1008,491,517
S01007937,1059,496,563
S01007938,740,342,398
S01007939,896,418,478
S01007940,1056,527,529
S01007941,631,303,328
S01007942,508,258,250
S01007943,660,323,337
S01007944,915,447,468
S01007945,850,426,424
S01007946,787,397,390
S01007947,756,389,367
S01007948,660,316,344
S01007949,751,345,406
S01007950,881,418,463
S01007951,755,359,396
S01007952,617,282,335
S01007953,938,426,512
S01007954,728,368,360
S01007955,833,399,434
S01007956,745,343,402
S01007957,928,432,496
S01007958,883,410,473
S01007959,761,378,383
S01007960,696,321,375
S01007961,1212,851,361
S01007962,597,277,320
S01007963,1003,480,523
S01007964,791,380,411
S01007965,576,267,309
S01007966,977,418,559
S01007967,639,302,337
S01007968,869,403,466
S01007969,840,383,457
S01007970,874,410,464
S01007971,927,436,491
S01007972,828,396,432
S01007973,816,409,407
S01007974,807,362,445
S01007975,655,333,322
S01007976,703,331,372
S01007977,645,306,339
S01007978,559,282,277
S01007979,830,406,424
S01007980,701,344,357
S01007981,547,252,295
S01007982,514,239,275
S01007983,777,372,405
S01007984,825,386,439
S01007985,923,441,482
S01007986,576,281,295
S01007987,759,376,383
S01007988,817,390,427
S01007989,722,336,386
S01007990,928,436,492
S01007991,958,486,472
S01007992,657,329,328
S01007993,818,399,419
S01007994,853,418,435
S01007995,887,455,432
S01007996,468,226,242
S01007997,669,322,347
S01007998,522,246,276
S01007999,656,308,348
S01008000,913,417,496
S01008001,858,395,463
S01008002,781,383,398
S01008003,666,302,364
S01008004,673,313,360
S01008005,565,252,313
S01008006,579,267,312
S01008007,430,216,214
S01008008,645,308,337
S01008009,785,376,409
S01008010,862,450,412
S01008011,657,318,339
S01008012,772,389,383
S01008013,697,321,376
S01008014,622,308,314
S01008015,776,380,396
S01008016,781,356,425
S01008017,900,425,475
S01008018,634,292,342
S01008019,741,354,387
S01008020,587,293,294
S01008021,571,273,298
S01008022,728,363,365
S01008023,734,365,369
S01008024,689,327,362
S01008025,685,345,340
S01008026,1026,498,528
S01008027,565,267,298
S01008028,585,279,306
S01008029,875,445,430
S01008030,1054,507,547
S01008031,881,390,491
S01008032,898,420,478
S01008033,810,411,399
S01008034,790,381,409
S01008035,627,301,326
S01008036,669,350,319
S01008037,1014,471,543
S01008038,761,341,420
S01008039,898,437,461
S01008040,814,387,427
S01008041,707,334,373
S01008042,597,280,317
S01008043,962,473,489
S01008044,962,458,504
S01008045,977,474,503
S01008046,847,345,502
S01008047,697,335,362
S01008048,575,281,294
S01008049,858,413,445
S01008050,618,297,321
S01008051,884,427,457
S01008052,829,406,423
S01008053,610,285,325
S01008054,778,382,396
S01008055,1049,523,526
S01008056,755,361,394
S01008057,936,464,472
S01008058,895,421,474
S01008059,678,327,351
S01008060,903,429,474
S01008061,801,349,452
S01008062,872,427,445
S01008063,936,471,465
S01008064,701,324,377
S01008065,993,497,496
S01008066,937,469,468
S01008067,629,306,323
S01008068,914,444,470
S01008069,932,446,486
S01008070,878,427,451
S01008071,702,331,371
S01008072,850,397,453
S01008073,471,238,233
S01008074,976,452,524
S01008075,613,300,313
S01008076,656,302,354
S01008077,831,403,428
S01008078,860,411,449
S01008079,905,438,467
S01008080,699,342,357
S01008081,599,288,311
S01008082,820,383,437
S01008083,727,359,368
S01008084,853,409,444
S01008085,973,481,492
S01008086,1091,538,553
S01008087,856,397,459
S01008088,917,436,481
S01008089,653,321,332
S01008090,771,368,403
S01008091,385,186,199
S01008092,908,450,458
S01008093,809,392,417
S01008094,667,338,329
S01008095,744,357,387
S01008096,790,386,404
S01008097,628,287,341
S01008098,750,355,395
S01008099,540,282,258
S01008100,946,448,498
S01008101,795,369,426
S01008102,819,394,425
S01008103,610,270,340
S01008104,864,405,459
S01008105,1072,505,567
S01008106,785,342,443
S01008107,909,445,464
S01008108,655,312,343
S01008109,940,458,482
S01008110,881,428,453
S01008111,869,402,467
S01008112,816,392,424
S01008113,891,446,445
S01008114,685,350,335
S01008115,915,444,471
S01008116,933,433,500
S01008117,800,388,412
S01008118,882,416,466
S01008119,665,321,344
S01008120,635,294,341
S01008121,662,326,336
S01008122,759,402,357
S01008123,904,442,462
S01008124,835,409,426
S01008125,881,423,458
S01008126,812,400,412
S01008127,489,243,246
S01008128,886,437,449
S01008129,891,425,466
S01008130,961,511,450
S01008131,766,374,392
S01008132,1029,493,536
S01008133,630,294,336
S01008134,602,290,312
S01008135,1175,577,598
S01008136,875,431,444
S01008137,911,405,506
S01008138,852,419,433
S01008139,875,434,441
S01008140,522,246,276
S01008141,840,408,432
S01008142,802,399,403
S01008143,913,408,505
S01008144,614,305,309
S01008145,808,405,403
S01008146,499,245,254
S01008147,788,388,400
S01008148,747,383,364
S01008149,707,337,370
S01008150,941,458,483
S01008151,704,348,356
S01008152,1057,473,584
S01008153,892,429,463
S01008154,828,392,436
S01008155,670,310,360
S01008156,919,426,493
S01008157,746,353,393
S01008158,715,336,379
S01008159,989,480,509
S01008160,995,465,530
S01008161,1035,514,521
S01008162,996,497,499
S01008163,758,362,396
S01008164,1450,538,912
S01008165,788,412,376
S01008166,559,283,276
S01008167,724,345,379
S01008168,849,406,443
S01008169,711,338,373
S01008170,597,284,313
S01008171,733,330,403
S01008172,557,260,297
S01008173,664,311,353
S01008174,532,256,276
S01008175,750,351,399
S01008176,727,353,374
S01008177,776,372,404
S01008178,640,307,333
S01008179,512,257,255
S01008180,473,229,244
S01008181,678,329,349
S01008182,924,422,502
S01008183,642,294,348
S01008184,798,382,416
S01008185,1012,471,541
S01008186,851,397,454
S01008187,617,286,331
S01008188,920,407,513
S01008189,565,257,308
S01008190,877,403,474
S01008191,482,228,254
S01008192,784,352,432
S01008193,826,389,437
S01008194,630,286,344
S01008195,796,377,419
S01008196,796,381,415
S01008197,940,471,469
S01008198,693,333,360
S01008199,776,378,398
S01008200,628,277,351
S01008201,797,396,401
S01008202,567,263,304
S01008203,556,269,287
S01008204,875,422,453
S01008205,680,334,346
S01008206,654,318,336
S01008207,618,314,304
S01008208,793,376,417
S01008209,563,258,305
S01008210,935,459,476
S01008211,887,427,460
S01008212,583,283,300
S01008213,1029,500,529
S01008214,710,338,372
S01008215,735,352,383
S01008216,515,244,271
S01008217,573,294,279
S01008218,1084,562,522
S01008219,1009,479,530
S01008220,644,311,333
S01008221,718,362,356
S01008222,641,309,332
S01008223,597,279,318
S01008224,907,433,474
S01008225,714,339,375
S01008226,755,359,396
S01008227,819,401,418
S01008228,640,305,335
S01008229,686,320,366
S01008230,811,402,409
S01008231,794,400,394
S01008232,686,330,356
S01008233,467,248,219
S01008234,387,189,198
S01008235,829,400,429
S01008236,845,413,432
S01008237,864,438,426
S01008238,756,372,384
S01008239,762,377,385
S01008240,885,434,451
S01008241,648,330,318
S01008242,900,451,449
S01008243,936,462,474
S01008244,578,265,313
S01008245,992,490,502
S01008246,989,477,512
S01008247,789,400,389
S01008248,936,462,474
S01008249,903,454,449
S01008250,1024,505,519
S01008251,754,367,387
S01008252,835,418,417
S01008253,766,362,404
S01008254,996,475,521
S01008255,737,350,387
S01008256,838,426,412
S01008257,672,283,389
S01008258,809,401,408
S01008259,777,402,375
S01008260,780,373,407
S01008261,901,431,470
S01008262,612,299,313
S01008263,601,306,295
S01008264,751,344,407
S01008265,706,331,375
S01008266,678,317,361
S01008267,818,403,415
S01008268,878,445,433
S01008269,868,380,488
S01008270,819,361,458
S01008271,669,326,343
S01008272,1002,491,511
S01008273,841,401,440
S01008274,729,349,380
S01008275,558,276,282
S01008276,557,275,282
S01008277,502,237,265
S01008278,774,367,407
S01008279,733,343,390
S01008280,946,467,479
S01008281,726,371,355
S01008282,709,337,372
S01008283,504,246,258
S01008284,892,424,468
S01008285,754,350,404
S01008286,747,348,399
S01008287,852,405,447
S01008288,901,439,462
S01008289,617,296,321
S01008290,915,432,483
S01008291,719,343,376
S01008292,831,389,442
S01008293,606,305,301
S01008294,937,463,474
S01008295,957,469,488
S01008296,687,325,362
S01008297,789,382,407
S01008298,745,374,371
S01008299,813,391,422
S01008300,846,376,470
S01008301,832,421,411
S01008302,745,375,370
S01008303,558,267,291
S01008304,476,246,230
S01008305,791,372,419
S01008306,611,291,320
S01008307,640,309,331
S01008308,566,279,287
S01008309,727,328,399
S01008310,949,427,522
S01008311,384,204,180
S01008312,413,201,212
S01008313,877,396,481
S01008314,566,281,285
S01008315,748,331,417
S01008316,598,276,322
S01008317,738,373,365
S01008318,973,454,519
S01008319,739,336,403
S01008320,633,302,331
S01008321,546,263,283
S01008322,1055,500,555
S01008323,799,377,422
S01008324,651,317,334
S01008325,764,354,410
S01008326,990,464,526
S01008327,857,406,451
S01008328,699,341,358
S01008329,883,436,447
S01008330,871,417,454
S01008331,602,291,311
S01008332,953,421,532
S01008333,990,447,543
S01008334,731,349,382
S01008335,763,351,412
S01008336,662,292,370
S01008337,906,428,478
S01008338,915,423,492
S01008339,629,315,314
S01008340,822,392,430
S01008341,700,344,356
S01008342,853,425,428
S01008343,848,424,424
S01008344,872,424,448
S01008345,916,449,467
S01008346,1023,485,538
S01008347,980,433,547
S01008348,734,339,395
S01008349,934,432,502
S01008350,589,291,298
S01008351,900,427,473
S01008352,674,340,334
S01008353,525,244,281
S01008354,698,328,370
S01008355,658,296,362
S01008356,587,280,307
S01008357,706,334,372
S01008358,697,329,368
S01008359,639,312,327
S01008360,844,408,436
S01008361,516,248,268
S01008362,956,444,512
S01008363,739,367,372
S01008364,761,355,406
S01008365,674,320,354
S01008366,926,409,517
S01008367,727,339,388
S01008368,657,296,361
S01008369,529,253,276
S01008370,692,322,370
S01008371,808,377,431
S01008372,790,396,394
S01008373,795,387,408
S01008374,705,350,355
S01008375,789,398,391
S01008376,550,275,275
S01008377,746,371,375
S01008378,1015,487,528
S01008379,530,258,272
S01008380,649,338,311
S01008381,649,322,327
S01008382,650,333,317
S01008383,480,238,242
S01008384,976,478,498
S01008385,674,343,331
S01008386,795,381,414
S01008387,609,289,320
S01008388,637,293,344
S01008389,652,268,384
S01008390,619,299,320
S01008391,785,363,422
S01008392,916,444,472
S01008393,836,392,444
S01008394,832,416,416
S01008395,531,270,261
S01008396,626,280,346
S01008397,935,457,478
S01008398,587,274,313
S01008399,539,238,301
S01008400,690,320,370
S01008401,968,445,523
S01008402,1092,532,560
S01008403,610,291,319
S01008404,967,438,529
S01008405,771,394,377
S01008406,978,444,534
S01008407,522,242,280
S01008408,673,319,354
S01008409,867,396,471
S01008410,589,266,323
S01008411,604,292,312
S01008412,706,340,366
S01008413,549,274,275
S01008414,458,230,228
S01008415,841,404,437
S01008416,941,456,485
S01008417,726,360,366
S01008418,692,334,358
S01008419,525,264,261
S01008420,476,230,246
S01008421,858,404,454
S01008422,621,303,318
S01008423,1063,529,534
S01008424,835,414,421
S01008425,2465,1441,1024
S01008426,573,260,313
S01008427,1068,546,522
S01008428,676,323,353
S01008429,841,411,430
S01008430,666,309,357
S01008431,842,423,419
S01008432,701,356,345
S01008433,807,396,411
S01008434,801,392,409
S01008435,766,368,398
S01008436,870,406,464
S01008437,710,324,386
S01008438,443,222,221
S01008439,1120,539,581
S01008440,997,480,517
S01008441,465,230,235
S01008442,688,349,339
S01008443,582,281,301
S01008444,634,312,322
S01008445,920,424,496
S01008446,1128,685,443
S01008447,675,311,364
S01008448,755,381,374
S01008449,795,380,415
S01008450,592,253,339
S01008451,699,354,345
S01008452,631,306,325
S01008453,506,261,245
S01008454,951,459,492
S01008455,1000,542,458
S01008456,973,527,446
S01008457,616,283,333
S01008458,994,479,515
S01008459,741,388,353
S01008460,805,414,391
S01008461,914,452,462
S01008462,564,306,258
S01008463,670,357,313
S01008464,850,384,466
S01008465,742,353,389
S01008466,744,374,370
S01008467,785,376,409
S01008468,678,323,355
S01008469,577,297,280
S01008470,728,367,361
S01008471,858,428,430
S01008472,714,331,383
S01008473,700,344,356
S01008474,779,370,409
S01008475,610,268,342
S01008476,699,319,380
S01008477,773,363,410
S01008478,840,370,470
S01008479,762,359,403
S01008480,607,297,310
S01008481,1615,1104,511
S01008482,614,287,327
S01008483,598,298,300
S01008484,754,367,387
S01008485,1015,506,509
S01008486,867,406,461
S01008487,759,387,372
S01008488,764,358,406
S01008489,620,284,336
S01008490,893,444,449
S01008491,914,454,460
S01008492,944,450,494
S01008493,793,368,425
S01008494,688,340,348
S01008495,891,477,414
S01008496,956,551,405
S01008497,786,416,370
S01008498,772,406,366
S01008499,996,569,427
S01008500,402,228,174
S01008501,607,304,303
S01008502,635,331,304
S01008503,833,423,410
S01008504,1112,542,570
S01008505,711,331,380
S01008506,854,365,489
S01008507,897,403,494
S01008508,851,395,456
S01008509,994,455,539
S01008510,906,443,463
S01008511,881,428,453
S01008512,505,240,265
S01008513,706,330,376
S01008514,934,415,519
S01008515,747,371,376
S01008516,901,442,459
S01008517,860,397,463
S01008518,905,423,482
S01008519,809,363,446
S01008520,1076,527,549
S01008521,907,461,446
S01008522,532,252,280
S01008523,967,473,494
S01008524,867,413,454
S01008525,775,343,432
S01008526,850,404,446
S01008527,726,321,405
S01008528,720,328,392
S01008529,724,327,397
S01008530,724,325,399
S01008531,748,332,416
S01008532,443,201,242
S01008533,549,286,263
S01008534,723,361,362
S01008535,709,330,379
S01008536,569,260,309
S01008537,673,307,366
S01008538,542,251,291
S01008539,837,411,426
S01008540,861,420,441
S01008541,886,425,461
S01008542,942,467,475
S01008543,740,366,374
S01008544,653,349,304
S01008545,898,453,445
S01008546,806,404,402
S01008547,1010,503,507
S01008548,835,383,452
S01008549,952,455,497
S01008550,798,386,412
S01008551,984,470,514
S01008552,876,423,453
S01008553,528,261,267
S01008554,1090,517,573
S01008555,1036,464,572
S01008556,778,356,422
S01008557,928,429,499
S01008558,912,426,486
S01008559,715,328,387
S01008560,699,336,363
S01008561,674,324,350
S01008562,675,294,381
S01008563,830,388,442
S01008564,587,272,315
S01008565,930,411,519
S01008566,1066,519,547
S01008567,744,363,381
S01008568,793,393,400
S01008569,640,377,263
S01008570,961,452,509
S01008571,679,323,356
S01008572,888,411,477
S01008573,892,468,424
S01008574,757,370,387
S01008575,802,373,429
S01008576,823,381,442
S01008577,903,385,518
S01008578,806,375,431
S01008579,753,335,418
S01008580,542,269,273
S01008581,894,403,491
S01008582,1020,502,518
S01008583,713,343,370
S01008584,859,423,436
S01008585,598,308,290
S01008586,811,382,429
S01008587,914,456,458
S01008588,775,373,402
S01008589,390,189,201
S01008590,759,325,434
S01008591,824,425,399
S01008592,760,357,403
S01008593,780,383,397
S01008594,1038,501,537
S01008595,905,423,482
S01008596,852,410,442
S01008597,880,431,449
S01008598,837,416,421
S01008599,919,481,438
S01008600,847,394,453
S01008601,2533,1122,1411
S01008602,650,306,344
S01008603,1121,548,573
S01008604,933,446,487
S01008605,702,379,323
S01008606,767,395,372
S01008607,630,300,330
S01008608,751,339,412
S01008609,977,435,542
S01008610,848,354,494
S01008611,1421,651,770
S01008612,779,394,385
S01008613,798,380,418
S01008614,677,342,335
S01008615,869,386,483
S01008616,733,302,431
S01008617,829,406,423
S01008618,739,360,379
S01008619,520,230,290
S01008620,815,353,462
S01008621,770,358,412
S01008622,517,253,264
S01008623,954,445,509
S01008624,781,364,417
S01008625,573,265,308
S01008626,919,457,462
S01008627,759,361,398
S01008628,630,291,339
S01008629,571,262,309
S01008630,556,283,273
S01008631,786,411,375
S01008632,918,467,451
S01008633,952,447,505
S01008634,727,394,333
S01008635,850,390,460
S01008636,861,385,476
S01008637,710,312,398
S01008638,854,416,438
S01008639,888,457,431
S01008640,776,384,392
S01008641,825,370,455
S01008642,932,461,471
S01008643,712,329,383
S01008644,771,395,376
S01008645,825,414,411
S01008646,812,433,379
S01008647,589,318,271
S01008648,610,303,307
S01008649,901,455,446
S01008650,731,367,364
S01008651,965,540,425
S01008652,567,313,254
S01008653,684,414,270
S01008654,937,535,402
S01008655,796,436,360
S01008656,644,370,274
S01008657,758,383,375
S01008658,1111,579,532
S01008659,825,452,373
S01008660,936,525,411
S01008661,990,459,531
S01008662,745,391,354
S01008663,846,419,427
S01008664,705,366,339
S01008665,1186,611,575
S01008666,994,486,508
S01008667,984,426,558
S01008668,620,296,324
S01008669,578,263,315
S01008670,879,409,470
S01008671,751,385,366
S01008672,686,308,378
S01008673,1064,526,538
S01008674,955,493,462
S01008675,732,396,336
S01008676,779,379,400
S01008677,821,444,377
S01008678,1200,545,655
S01008679,1164,586,578
S01008680,631,329,302
S01008681,971,473,498
S01008682,783,407,376
S01008683,1511,667,844
S01008684,994,496,498
S01008685,1025,523,502
S01008686,963,456,507
S01008687,648,349,299
S01008688,896,451,445
S01008689,860,417,443
S01008690,990,468,522
S01008691,1050,544,506
S01008692,685,346,339
S01008693,487,221,266
S01008694,1000,501,499
S01008695,703,331,372
S01008696,675,335,340
S01008697,1059,535,524
S01008698,492,229,263
S01008699,909,410,499
S01008700,569,296,273
S01008701,396,192,204
S01008702,584,291,293
S01008703,972,449,523
S01008704,709,347,362
S01008705,500,240,260
S01008706,577,286,291
S01008707,862,415,447
S01008708,928,480,448
S01008709,763,354,409
S01008710,494,233,261
S01008711,706,327,379
S01008712,1143,555,588
S01008713,635,288,347
S01008714,568,272,296
S01008715,763,360,403
S01008716,545,237,308
S01008717,440,209,231
S01008718,510,246,264
S01008719,1003,483,520
S01008720,508,234,274
S01008721,809,397,412
S01008722,1058,524,534
S01008723,677,334,343
S01008724,968,430,538
S01008725,752,371,381
S01008726,579,269,310
S01008727,1102,492,610
S01008728,552,252,300
S01008729,740,345,395
S01008730,801,379,422
S01008731,430,206,224
S01008732,610,304,306
S01008733,793,384,409
S01008734,564,264,300
S01008735,996,470,526
S01008736,738,348,390
S01008737,801,386,415
S01008738,782,358,424
S01008739,559,268,291
S01008740,553,271,282
S01008741,953,472,481
S01008742,484,218,266
S01008743,926,424,502
S01008744,1058,509,549
S01008745,466,218,248
S01008746,1062,531,531
S01008747,501,226,275
S01008748,667,308,359
S01008749,983,481,502
S01008750,704,334,370
S01008751,622,307,315
S01008752,787,357,430
S01008753,536,239,297
S01008754,590,297,293
S01008755,941,472,469
S01008756,708,343,365
S01008757,638,320,318
S01008758,823,377,446
S01008759,564,243,321
S01008760,949,480,469
S01008761,738,371,367
S01008762,608,284,324
S01008763,925,421,504
S01008764,714,331,383
S01008765,852,398,454
S01008766,1057,487,570
S01008767,542,271,271
S01008768,537,257,280
S01008769,666,358,308
S01008770,855,446,409
S01008771,779,398,381
S01008772,785,408,377
S01008773,1025,522,503
S01008774,901,467,434
S01008775,477,243,234
S01008776,863,421,442
S01008777,1014,599,415
S01008778,1086,560,526
S01008779,718,365,353
S01008780,583,307,276
S01008781,891,458,433
S01008782,792,417,375
S01008783,417,197,220
S01008784,442,225,217
S01008785,867,420,447
S01008786,925,500,425
S01008787,374,193,181
S01008788,690,348,342
S01008789,654,309,345
S01008790,638,335,303
S01008791,877,437,440
S01008792,782,394,388
S01008793,427,225,202
S01008794,865,406,459
S01008795,1122,584,538
S01008796,1117,557,560
S01008797,947,492,455
S01008798,787,403,384
S01008799,665,354,311
S01008800,1035,556,479
S01008801,936,493,443
S01008802,958,504,454
S01008803,952,482,470
S01008804,652,311,341
S01008805,623,325,298
S01008806,1019,512,507
S01008807,792,387,405
S01008808,663,314,349
S01008809,642,326,316
S01008810,733,341,392
S01008811,844,429,415
S01008812,471,229,242
S01008813,970,509,461
S01008814,842,424,418
S01008815,908,481,427
S01008816,523,269,254
S01008817,764,364,400
S01008818,775,351,424
S01008819,756,366,390
S01008820,1119,586,533
S01008821,712,346,366
S01008822,734,358,376
S01008823,675,319,356
S01008824,961,436,525
S01008825,619,292,327
S01008826,664,321,343
S01008827,732,369,363
S01008828,884,409,475
S01008829,715,321,394
S01008830,692,330,362
S01008831,774,363,411
S01008832,755,390,365
S01008833,989,483,506
S01008834,1130,502,628
S01008835,813,368,445
S01008836,675,340,335
S01008837,1015,548,467
S01008838,1009,500,509
S01008839,1027,517,510
S01008840,1074,494,580
S01008841,568,276,292
S01008842,882,448,434
S01008843,991,459,532
S01008844,695,316,379
S01008845,853,409,444
S01008846,821,393,428
S01008847,585,310,275
S01008848,772,412,360
S01008849,727,357,370
S01008850,818,412,406
S01008851,1022,489,533
S01008852,1002,500,502
S01008853,680,314,366
S01008854,910,484,426
S01008855,1060,533,527
S01008856,562,274,288
S01008857,764,369,395
S01008858,552,258,294
S01008859,1113,562,551
S01008860,882,397,485
S01008861,765,375,390
S01008862,877,427,450
S01008863,733,342,391
S01008864,1166,576,590
S01008865,850,393,457
S01008866,798,372,426
S01008867,800,390,410
S01008868,771,409,362
S01008869,998,529,469
S01008870,780,401,379
S01008871,1079,576,503
S01008872,853,456,397
S01008873,692,350,342
S01008874,848,403,445
S01008875,820,402,418
S01008876,587,275,312
S01008877,548,264,284
S01008878,907,429,478
S01008879,817,383,434
S01008880,626,282,344
S01008881,581,267,314
S01008882,1075,499,576
S01008883,965,439,526
S01008884,706,327,379
S01008885,888,435,453
S01008886,843,398,445
S01008887,770,360,410
S01008888,592,284,308
S01008889,542,267,275
S01008890,717,343,374
S01008891,763,360,403
S01008892,971,417,554
S01008893,910,455,455
S01008894,868,429,439
S01008895,800,344,456
S01008896,566,283,283
S01008897,689,321,368
S01008898,870,426,444
S01008899,843,405,438
S01008900,948,441,507
S01008901,846,411,435
S01008902,1019,477,542
S01008903,962,449,513
S01008904,1073,532,541
S01008905,1116,564,552
S01008906,813,410,403
S01008907,692,310,382
S01008908,929,433,496
S01008909,797,382,415
S01008910,476,226,250
S01008911,918,454,464
S01008912,792,376,416
S01008913,684,348,336
S01008914,868,411,457
S01008915,569,268,301
S01008916,1094,511,583
S01008917,690,351,339
S01008918,584,276,308
S01008919,544,282,262
S01008920,1075,538,537
S01008921,755,369,386
S01008922,785,370,415
S01008923,749,331,418
S01008924,982,460,522
S01008925,691,336,355
S01008926,607,310,297
S01008927,799,368,431
S01008928,709,352,357
S01008929,762,449,313
S01008930,913,422,491
S01008931,776,378,398
S01008932,885,406,479
S01008933,686,330,356
S01008934,792,390,402
S01008935,893,434,459
S01008936,397,195,202
S01008937,831,383,448
S01008938,750,374,376
S01008939,781,363,418
S01008940,636,315,321
S01008941,881,410,471
S01008942,727,336,391
S01008943,884,428,456
S01008944,1013,489,524
S01008945,782,391,391
S01008946,912,446,466
S01008947,1063,514,549
S01008948,704,341,363
S01008949,924,425,499
S01008950,935,446,489
S01008951,822,371,451
S01008952,803,383,420
S01008953,903,413,490
S01008954,880,410,470
S01008955,637,304,333
S01008956,878,411,467
S01008957,1010,492,518
S01008958,722,357,365
S01008959,859,398,461
S01008960,916,490,426
S01008961,715,339,376
S01008962,616,291,325
S01008963,783,388,395
S01008964,525,272,253
S01008965,742,362,380
S01008966,590,279,311
S01008967,1045,490,555
S01008968,997,488,509
S01008969,1088,526,562
S01008970,1014,503,511
S01008971,697,354,343
S01008972,793,370,423
S01008973,812,362,450
S01008974,803,375,428
S01008975,728,306,422
S01008976,525,249,276
S01008977,605,286,319
S01008978,580,279,301
S01008979,743,334,409
S01008980,834,393,441
S01008981,708,334,374
S01008982,789,353,436
S01008983,650,338,312
S01008984,518,230,288
S01008985,679,339,340
S01008986,802,393,409
S01008987,822,414,408
S01008988,1058,468,590
S01008989,653,335,318
S01008990,737,377,360
S01008991,935,450,485
S01008992,562,287,275
S01008993,1068,512,556
S01008994,773,370,403
S01008995,861,425,436
S01008996,562,262,300
S01008997,984,495,489
S01008998,628,309,319
S01008999,854,403,451
S01009000,911,451,460
S01009001,888,419,469
S01009002,827,416,411
S01009003,961,467,494
S01009004,680,321,359
S01009005,730,350,380
S01009006,766,371,395
S01009007,701,350,351
S01009008,916,445,471
S01009009,476,221,255
S01009010,1021,487,534
S01009011,870,435,435
S01009012,752,392,360
S01009013,893,427,466
S01009014,621,305,316
S01009015,643,315,328
S01009016,530,266,264
S01009017,622,303,319
S01009018,745,397,348
S01009019,519,264,255
S01009020,811,417,394
S01009021,731,364,367
S01009022,888,444,444
S01009023,936,463,473
S01009024,980,495,485
S01009025,918,472,446
S01009026,892,442,450
S01009027,773,366,407
S01009028,496,249,247
S01009029,621,320,301
S01009030,733,367,366
S01009031,761,380,381
S01009032,660,333,327
S01009033,795,409,386
S01009034,709,371,338
S01009035,930,460,470
S01009036,1074,549,525
S01009037,893,445,448
S01009038,1090,531,559
S01009039,661,342,319
S01009040,653,300,353
S01009041,872,427,445
S01009042,849,391,458
S01009043,625,278,347
S01009044,869,364,505
S01009045,654,314,340
S01009046,872,427,445
S01009047,805,382,423
S01009048,837,418,419
S01009049,616,298,318
S01009050,792,380,412
S01009051,761,367,394
S01009052,598,293,305
S01009053,532,278,254
S01009054,583,286,297
S01009055,807,404,403
S01009056,554,275,279
S01009057,555,267,288
S01009058,786,382,404
S01009059,901,453,448
S01009060,560,284,276
S01009061,810,377,433
S01009062,647,315,332
S01009063,733,357,376
S01009064,583,278,305
S01009065,686,333,353
S01009066,693,346,347
S01009067,863,429,434
S01009068,895,435,460
S01009069,631,313,318
S01009070,627,297,330
S01009071,508,259,249
S01009072,534,267,267
S01009073,651,286,365
S01009074,721,333,388
S01009075,536,259,277
S01009076,918,462,456
S01009077,626,323,303
S01009078,821,404,417
S01009079,890,422,468
S01009080,934,435,499
S01009081,654,333,321
S01009082,1006,484,522
S01009083,774,380,394
S01009084,521,238,283
S01009085,834,434,400
S01009086,715,350,365
S01009087,571,271,300
S01009088,1024,509,515
S01009089,977,472,505
S01009090,821,439,382
S01009091,711,355,356
S01009092,1047,498,549
S01009093,775,355,420
S01009094,682,325,357
S01009095,787,397,390
S01009096,1017,492,525
S01009097,900,445,455
S01009098,527,262,265
S01009099,755,361,394
S01009100,781,360,421
S01009101,935,448,487
S01009102,819,396,423
S01009103,570,269,301
S01009104,775,361,414
S01009105,796,375,421
S01009106,551,255,296
S01009107,845,410,435
S01009108,714,344,370
S01009109,670,327,343
S01009110,607,283,324
S01009111,848,398,450
S01009112,560,286,274
S01009113,927,453,474
S01009114,786,413,373
S01009115,582,280,302
S01009116,464,220,244
S01009117,857,419,438
S01009118,632,313,319
S01009119,752,381,371
S01009120,530,266,264
S01009121,811,406,405
S01009122,926,451,475
S01009123,574,282,292
S01009124,584,276,308
S01009125,713,331,382
S01009126,592,292,300
S01009127,626,291,335
S01009128,806,384,422
S01009129,486,229,257
S01009130,661,334,327
S01009131,482,231,251
S01009132,822,406,416
S01009133,567,310,257
S01009134,920,438,482
S01009135,565,288,277
S01009136,778,352,426
S01009137,616,294,322
S01009138,861,437,424
S01009139,406,200,206
S01009140,700,356,344
S01009141,824,403,421
S01009142,600,325,275
S01009143,600,291,309
S01009144,668,347,321
S01009145,1056,535,521
S01009146,911,435,476
S01009147,832,398,434
S01009148,694,321,373
S01009149,799,398,401
S01009150,747,319,428
S01009151,890,409,481
S01009152,667,343,324
S01009153,472,251,221
S01009154,972,447,525
S01009155,567,269,298
S01009156,548,274,274
S01009157,838,410,428
S01009158,558,253,305
S01009159,511,246,265
S01009160,674,329,345
S01009161,647,312,335
S01009162,709,357,352
S01009163,488,229,259
S01009164,750,381,369
S01009165,720,353,367
S01009166,839,404,435
S01009167,548,270,278
S01009168,634,330,304
S01009169,761,346,415
S01009170,677,328,349
S01009171,664,336,328
S01009172,656,325,331
S01009173,768,386,382
S01009174,487,246,241
S01009175,848,418,430
S01009176,992,481,511
S01009177,817,383,434
S01009178,743,353,390
S01009179,683,335,348
S01009180,984,481,503
S01009181,855,399,456
S01009182,1002,496,506
S01009183,737,381,356
S01009184,871,426,445
S01009185,892,437,455
S01009186,810,405,405
S01009187,512,255,257
S01009188,892,403,489
S01009189,776,384,392
S01009190,810,410,400
S01009191,746,372,374
S01009192,1108,785,323
S01009193,309,150,159
S01009194,788,379,409
S01009195,877,434,443
S01009196,693,343,350
S01009197,1027,508,519
S01009198,730,372,358
S01009199,616,292,324
S01009200,1156,569,587
S01009201,630,302,328
S01009202,525,257,268
S01009203,633,298,335
S01009204,895,421,474
S01009205,702,361,341
S01009206,807,396,411
S01009207,760,383,377
S01009208,631,289,342
S01009209,656,304,352
S01009210,572,285,287
S01009211,628,303,325
S01009212,829,397,432
S01009213,894,412,482
S01009214,1010,477,533
S01009215,926,462,464
S01009216,886,409,477
S01009217,623,297,326
S01009218,821,400,421
S01009219,630,306,324
S01009220,550,238,312
S01009221,574,290,284
S01009222,538,253,285
S01009223,556,262,294
S01009224,627,289,338
S01009225,536,256,280
S01009226,909,423,486
S01009227,589,250,339
S01009228,602,290,312
S01009229,583,278,305
S01009230,566,284,282
S01009231,958,450,508
S01009232,581,285,296
S01009233,568,265,303
S01009234,1021,504,517
S01009235,921,483,438
S01009236,483,220,263
S01009237,869,428,441
S01009238,742,354,388
S01009239,867,406,461
S01009240,672,336,336
S01009241,895,439,456
S01009242,725,342,383
S01009243,1003,500,503
S01009244,814,406,408
S01009245,830,424,406
S01009246,813,388,425
S01009247,1010,495,515
S01009248,688,335,353
S01009249,810,409,401
S01009250,638,288,350
S01009251,553,278,275
S01009252,478,223,255
S01009253,476,208,268
S01009254,822,386,436
S01009255,633,350,283
S01009256,478,228,250
S01009257,684,349,335
S01009258,639,320,319
S01009259,942,465,477
S01009260,1149,560,589
S01009261,738,351,387
S01009262,604,289,315
S01009263,817,413,404
S01009264,517,251,266
S01009265,791,374,417
S01009266,853,429,424
S01009267,840,411,429
S01009268,1002,493,509
S01009269,892,442,450
S01009270,595,286,309
S01009271,885,454,431
S01009272,704,341,363
S01009273,466,238,228
S01009274,631,312,319
S01009275,665,334,331
S01009276,889,445,444
S01009277,527,270,257
S01009278,559,272,287
S01009279,584,282,302
S01009280,898,446,452
S01009281,826,400,426
S01009282,737,361,376
S01009283,444,230,214
S01009284,822,404,418
S01009285,906,437,469
S01009286,737,366,371
S01009287,754,370,384
S01009288,829,393,436
S01009289,871,425,446
S01009290,646,307,339
S01009291,979,492,487
S01009292,511,247,264
S01009293,723,359,364
S01009294,506,248,258
S01009295,611,302,309
S01009296,506,254,252
S01009297,826,414,412
S01009298,971,449,522
S01009299,986,487,499
S01009300,510,256,254
S01009301,967,478,489
S01009302,845,394,451
S01009303,787,384,403
S01009304,964,466,498
S01009305,736,352,384
S01009306,1094,535,559
S01009307,1018,510,508
S01009308,513,263,250
S01009309,734,360,374
S01009310,932,433,499
S01009311,753,365,388
S01009312,650,310,340
S01009313,542,257,285
S01009314,650,329,321
S01009315,646,300,346
S01009316,756,380,376
S01009317,847,415,432
S01009318,619,293,326
S01009319,903,437,466
S01009320,713,309,404
S01009321,676,316,360
S01009322,801,385,416
S01009323,634,301,333
S01009324,528,262,266
S01009325,801,371,430
S01009326,640,302,338
S01009327,579,262,317
S01009328,683,351,332
S01009329,442,216,226
S01009330,503,245,258
S01009331,573,282,291
S01009332,922,451,471
S01009333,738,375,363
S01009334,636,313,323
S01009335,772,382,390
S01009336,658,325,333
S01009337,743,358,385
S01009338,725,355,370
S01009339,853,425,428
S01009340,596,286,310
S01009341,583,294,289
S01009342,742,361,381
S01009343,574,266,308
S01009344,630,291,339
S01009345,942,447,495
S01009346,719,373,346
S01009347,691,364,327
S01009348,510,254,256
S01009349,830,417,413
S01009350,622,300,322
S01009351,527,279,248
S01009352,797,394,403
S01009353,403,214,189
S01009354,925,478,447
S01009355,866,426,440
S01009356,963,466,497
S01009357,485,250,235
S01009358,725,361,364
S01009359,774,386,388
S01009360,835,403,432
S01009361,768,373,395
S01009362,1015,511,504
S01009363,833,410,423
S01009364,860,426,434
S01009365,565,273,292
S01009366,760,365,395
S01009367,628,308,320
S01009368,581,294,287
S01009369,598,286,312
S01009370,838,412,426
S01009371,526,242,284
S01009372,521,246,275
S01009373,799,403,396
S01009374,853,421,432
S01009375,797,383,414
S01009376,577,278,299
S01009377,1284,718,566
S01009378,994,488,506
S01009379,981,471,510
S01009380,585,288,297
S01009381,632,320,312
S01009382,783,380,403
S01009383,816,422,394
S01009384,564,282,282
S01009385,512,246,266
S01009386,670,300,370
S01009387,604,281,323
S01009388,929,455,474
S01009389,908,458,450
S01009390,777,391,386
S01009391,695,340,355
S01009392,581,290,291
S01009393,686,333,353
S01009394,943,463,480
S01009395,677,321,356
S01009396,736,383,353
S01009397,703,358,345
S01009398,688,341,347
S01009399,705,339,366
S01009400,519,245,274
S01009401,681,346,335
S01009402,944,466,478
S01009403,539,270,269
S01009404,546,272,274
S01009405,401,208,193
S01009406,974,457,517
S01009407,508,257,251
S01009408,742,362,380
S01009409,665,320,345
S01009410,877,425,452
S01009411,875,422,453
S01009412,848,410,438
S01009413,988,497,491
S01009414,682,322,360
S01009415,814,389,425
S01009416,528,264,264
S01009417,304,151,153
S01009418,1080,541,539
S01009419,574,272,302
S01009420,632,293,339
S01009421,722,348,374
S01009422,810,383,427
S01009423,932,464,468
S01009424,591,295,296
S01009425,739,379,360
S01009426,776,354,422
S01009427,608,285,323
S01009428,666,322,344
S01009429,704,348,356
S01009430,737,343,394
S01009431,672,320,352
S01009432,817,376,441
S01009433,826,387,439
S01009434,543,278,265
S01009435,774,388,386
S01009436,701,352,349
S01009437,678,325,353
S01009438,872,407,465
S01009439,923,442,481
S01009440,672,290,382
S01009441,836,390,446
S01009442,563,290,273
S01009443,686,315,371
S01009444,846,433,413
S01009445,778,379,399
S01009446,904,429,475
S01009447,486,230,256
S01009448,812,392,420
S01009449,528,236,292
S01009450,601,285,316
S01009451,1020,502,518
S01009452,503,248,255
S01009453,1023,498,525
S01009454,912,464,448
S01009455,848,417,431
S01009456,665,327,338
S01009457,627,303,324
S01009458,687,320,367
S01009459,865,419,446
S01009460,856,409,447
S01009461,576,283,293
S01009462,709,372,337
S01009463,667,318,349
S01009464,842,420,422
S01009465,609,274,335
S01009466,572,268,304
S01009467,793,380,413
S01009468,748,363,385
S01009469,812,371,441
S01009470,473,214,259
S01009471,659,316,343
S01009472,939,441,498
S01009473,902,481,421
S01009474,900,438,462
S01009475,585,288,297
S01009476,485,239,246
S01009477,744,352,392
S01009478,832,440,392
S01009479,846,421,425
S01009480,822,369,453
S01009481,922,451,471
S01009482,642,308,334
S01009483,724,377,347
S01009484,776,347,429
S01009485,786,372,414
S01009486,650,300,350
S01009487,789,365,424
S01009488,705,346,359
S01009489,816,392,424
S01009490,853,406,447
S01009491,698,316,382
S01009492,740,365,375
S01009493,847,417,430
S01009494,947,468,479
S01009495,871,433,438
S01009496,785,366,419
S01009497,975,468,507
S01009498,643,328,315
S01009499,796,382,414
S01009500,778,370,408
S01009501,677,310,367
S01009502,823,388,435
S01009503,729,329,400
S01009504,695,341,354
S01009505,817,386,431
S01009506,735,347,388
S01009507,889,443,446
S01009508,876,412,464
S01009509,1015,500,515
S01009510,700,328,372
S01009511,597,291,306
S01009512,771,385,386
S01009513,575,281,294
S01009514,706,344,362
S01009515,738,333,405
S01009516,883,403,480
S01009517,982,487,495
S01009518,936,468,468
S01009519,487,240,247
S01009520,837,396,441
S01009521,888,430,458
S01009522,1042,487,555
S01009523,584,269,315
S01009524,675,336,339
S01009525,532,260,272
S01009526,650,325,325
S01009527,639,314,325
S01009528,520,235,285
S01009529,578,275,303
S01009530,576,283,293
S01009531,806,400,406
S01009532,779,370,409
S01009533,783,363,420
S01009534,856,407,449
S01009535,630,321,309
S01009536,559,263,296
S01009537,539,271,268
S01009538,785,361,424
S01009539,866,408,458
S01009540,815,414,401
S01009541,758,376,382
S01009542,753,350,403
S01009543,523,246,277
S01009544,857,404,453
S01009545,789,374,415
S01009546,985,487,498
S01009547,744,354,390
S01009548,694,352,342
S01009549,782,396,386
S01009550,515,246,269
S01009551,533,255,278
S01009552,897,433,464
S01009553,852,410,442
S01009554,652,320,332
S01009555,735,341,394
S01009556,767,373,394
S01009557,675,313,362
S01009558,673,312,361
S01009559,857,422,435
S01009560,748,320,428
S01009561,536,276,260
S01009562,743,358,385
S01009563,793,381,412
S01009564,681,313,368
S01009565,588,274,314
S01009566,1070,522,548
S01009567,882,427,455
S01009568,736,346,390
S01009569,812,377,435
S01009570,563,266,297
S01009571,686,339,347
S01009572,1030,509,521
S01009573,743,351,392
S01009574,1030,470,560
S01009575,523,256,267
S01009576,516,255,261
S01009577,697,333,364
S01009578,771,372,399
S01009579,1029,518,511
S01009580,970,499,471
S01009581,553,275,278
S01009582,533,247,286
S01009583,812,384,428
S01009584,537,277,260
S01009585,969,490,479
S01009586,681,327,354
S01009587,715,348,367
S01009588,1062,507,555
S01009589,954,464,490
S01009590,728,365,363
S01009591,643,321,322
S01009592,554,259,295
S01009593,592,299,293
S01009594,675,325,350
S01009595,514,268,246
S01009596,783,378,405
S01009597,875,412,463
S01009598,664,315,349
S01009599,892,436,456
S01009600,634,283,351
S01009601,672,343,329
S01009602,770,383,387
S01009603,560,279,281
S01009604,857,424,433
S01009605,765,365,400
S01009606,588,281,307
S01009607,528,254,274
S01009608,606,286,320
S01009609,810,401,409
S01009610,982,474,508
S01009611,520,246,274
S01009612,597,307,290
S01009613,462,230,232
S01009614,510,241,269
S01009615,398,208,190
S01009616,728,354,374
S01009617,724,360,364
S01009618,682,327,355
S01009619,623,305,318
S01009620,797,367,430
S01009621,777,390,387
S01009622,729,357,372
S01009623,495,220,275
S01009624,876,422,454
S01009625,868,407,461
S01009626,601,270,331
S01009627,825,400,425
S01009628,518,236,282
S01009629,1082,518,564
S01009630,811,366,445
S01009631,677,356,321
S01009632,558,277,281
S01009633,756,366,390
S01009634,532,252,280
S01009635,842,412,430
S01009636,904,438,466
S01009637,736,349,387
S01009638,781,383,398
S01009639,815,384,431
S01009640,586,298,288
S01009641,770,342,428
S01009642,912,433,479
S01009643,584,293,291
S01009644,815,391,424
S01009645,649,299,350
S01009646,596,286,310
S01009647,595,276,319
S01009648,872,424,448
S01009649,1037,486,551
S01009650,773,379,394
S01009651,918,437,481
S01009652,787,348,439
S01009653,530,250,280
S01009654,583,265,318
S01009655,846,398,448
S01009656,728,358,370
S01009657,763,378,385
S01009658,738,359,379
S01009659,480,252,228
S01009660,1085,513,572
S01009661,832,417,415
S01009662,708,354,354
S01009663,641,315,326
S01009664,895,453,442
S01009665,662,323,339
S01009666,758,388,370
S01009667,523,243,280
S01009668,589,281,308
S01009669,502,240,262
S01009670,777,370,407
S01009671,626,308,318
S01009672,807,414,393
S01009673,810,388,422
S01009674,875,436,439
S01009675,882,424,458
S01009676,833,404,429
S01009677,592,285,307
S01009678,591,284,307
S01009679,899,441,458
S01009680,817,422,395
S01009681,681,358,323
S01009682,624,299,325
S01009683,865,400,465
S01009684,1085,559,526
S01009685,644,308,336
S01009686,1123,542,581
S01009687,723,370,353
S01009688,904,419,485
S01009689,605,282,323
S01009690,708,334,374
S01009691,611,297,314
S01009692,1062,507,555
S01009693,632,321,311
S01009694,1002,455,547
S01009695,623,300,323
S01009696,953,428,525
S01009697,702,349,353
S01009698,572,281,291
S01009699,468,235,233
S01009700,649,310,339
S01009701,448,204,244
S01009702,631,342,289
S01009703,569,258,311
S01009704,917,433,484
S01009705,732,374,358
S01009706,625,312,313
S01009707,477,231,246
S01009708,609,279,330
S01009709,796,397,399
S01009710,567,285,282
S01009711,789,376,413
S01009712,593,300,293
S01009713,890,410,480
S01009714,922,429,493
S01009715,638,331,307
S01009716,726,334,392
S01009717,1009,463,546
S01009718,731,352,379
S01009719,745,351,394
S01009720,797,365,432
S01009721,580,262,318
S01009722,1134,503,631
S01009723,772,347,425
S01009724,980,470,510
S01009725,680,301,379
S01009726,1042,430,612
S01009727,860,434,426
S01009728,727,364,363
S01009729,620,306,314
S01009730,578,271,307
S01009731,585,254,331
S01009732,799,373,426
S01009733,490,246,244
S01009734,885,447,438
S01009735,1232,550,682
S01009736,2672,1167,1505
S01009737,782,386,396
S01009738,420,207,213
S01009739,764,406,358
S01009740,541,270,271
S01009741,946,574,372
S01009742,495,248,247
S01009743,946,470,476
S01009744,698,330,368
S01009745,1078,514,564
S01009746,557,282,275
S01009747,656,309,347
S01009748,703,330,373
S01009749,954,450,504
S01009750,679,325,354
S01009751,823,398,425
S01009752,598,291,307
S01009753,715,325,390
S01009754,852,400,452
S01009755,673,325,348
S01009756,740,352,388
S01009757,665,320,345
S01009758,598,281,317
S01009759,934,401,533
S01009760,893,410,483
S01009761,910,420,490
S01009762,926,446,480
S01009763,772,365,407
S01009764,674,308,366
S01009765,1019,467,552
S01009766,563,275,288
S01009767,557,258,299
S01009768,610,287,323
S01009769,705,314,391
S01009770,711,356,355
S01009771,888,418,470
S01009772,635,296,339
S01009773,629,322,307
S01009774,563,275,288
S01009775,802,361,441
S01009776,720,310,410
S01009777,482,247,235
S01009778,822,385,437
S01009779,557,254,303
S01009780,608,270,338
S01009781,548,256,292
S01009782,556,272,284
S01009783,741,337,404
S01009784,756,347,409
S01009785,801,364,437
S01009786,963,462,501
S01009787,867,405,462
S01009788,833,379,454
S01009789,896,413,483
S01009790,629,277,352
S01009791,664,305,359
S01009792,958,474,484
S01009793,885,421,464
S01009794,516,237,279
S01009795,842,400,442
S01009796,768,376,392
S01009797,776,384,392
S01009798,722,349,373
S01009799,848,384,464
S01009800,1107,520,587
S01009801,894,409,485
S01009802,1022,457,565
S01009803,801,369,432
S01009804,511,287,224
S01009805,962,444,518
S01009806,901,388,513
S01009807,1008,481,527
S01009808,918,453,465
S01009809,685,324,361
S01009810,855,378,477
S01009811,1063,494,569
S01009812,744,336,408
S01009813,769,344,425
S01009814,840,413,427
S01009815,710,339,371
S01009816,705,325,380
S01009817,690,316,374
S01009818,926,433,493
S01009819,664,303,361
S01009820,958,445,513
S01009821,662,307,355
S01009822,479,216,263
S01009823,728,323,405
S01009824,893,418,475
S01009825,1006,465,541
S01009826,582,257,325
S01009827,854,375,479
S01009828,767,350,417
S01009829,967,434,533
S01009830,770,358,412
S01009831,779,352,427
S01009832,1003,423,580
S01009833,555,268,287
S01009834,841,380,461
S01009835,526,230,296
S01009836,961,462,499
S01009837,689,312,377
S01009838,757,325,432
S01009839,974,452,522
S01009840,965,461,504
S01009841,814,426,388
S01009842,671,329,342
S01009843,640,330,310
S01009844,573,294,279
S01009845,744,397,347
S01009846,862,429,433
S01009847,595,284,311
S01009848,866,399,467
S01009849,734,327,407
S01009850,879,432,447
S01009851,824,371,453
S01009852,608,267,341
S01009853,876,383,493
S01009854,896,425,471
S01009855,572,271,301
S01009856,635,255,380
S01009857,907,418,489
S01009858,746,343,403
S01009859,1038,499,539
S01009860,920,433,487
S01009861,1103,535,568
S01009862,1109,567,542
S01009863,796,437,359
S01009864,594,313,281
S01009865,449,230,219
S01009866,882,418,464
S01009867,1014,560,454
S01009868,711,365,346
S01009869,530,314,216
S01009870,605,320,285
S01009871,984,489,495
S01009872,724,403,321
S01009873,913,486,427
S01009874,1048,505,543
S01009875,707,355,352
S01009876,729,367,362
S01009877,896,431,465
S01009878,705,385,320
S01009879,910,432,478
S01009880,797,386,411
S01009881,528,299,229
S01009882,1089,587,502
S01009883,824,430,394
S01009884,815,416,399
S01009885,899,459,440
S01009886,813,420,393
S01009887,976,550,426
S01009888,719,390,329
S01009889,814,447,367
S01009890,553,303,250
S01009891,734,394,340
S01009892,796,411,385
S01009893,837,464,373
S01009894,823,399,424
S01009895,724,393,331
S01009896,968,498,470
S01009897,940,475,465
S01009898,626,308,318
S01009899,776,388,388
S01009900,829,369,460
S01009901,864,424,440
S01009902,914,445,469
S01009903,823,412,411
S01009904,784,372,412
S01009905,749,446,303
S01009906,667,361,306
S01009907,779,435,344
S01009908,1027,535,492
S01009909,849,462,387
S01009910,532,282,250
S01009911,1014,486,528
S01009912,962,449,513
S01009913,719,341,378
S01009914,984,472,512
S01009915,861,429,432
S01009916,985,470,515
S01009917,709,351,358
S01009918,709,340,369
S01009919,1099,513,586
S01009920,831,391,440
S01009921,627,327,300
S01009922,1016,512,504
S01009923,855,439,416
S01009924,1007,501,506
S01009925,658,308,350
S01009926,773,372,401
S01009927,511,253,258
S01009928,856,416,440
S01009929,499,229,270
S01009930,850,427,423
S01009931,751,381,370
S01009932,619,299,320
S01009933,909,476,433
S01009934,924,429,495
S01009935,544,277,267
S01009936,641,338,303
S01009937,531,242,289
S01009938,938,450,488
S01009939,901,490,411
S01009940,837,406,431
S01009941,1033,486,547
S01009942,1022,503,519
S01009943,841,409,432
S01009944,799,386,413
S01009945,963,432,531
S01009946,815,384,431
S01009947,567,266,301
S01009948,812,409,403
S01009949,821,413,408
S01009950,727,350,377
S01009951,769,391,378
S01009952,733,341,392
S01009953,889,431,458
S01009954,636,329,307
S01009955,1010,490,520
S01009956,750,351,399
S01009957,760,366,394
S01009958,915,440,475
S01009959,657,295,362
S01009960,902,409,493
S01009961,674,318,356
S01009962,991,468,523
S01009963,802,403,399
S01009964,925,464,461
S01009965,718,357,361
S01009966,776,390,386
S01009967,801,376,425
S01009968,608,294,314
S01009969,857,424,433
S01009970,946,406,540
S01009971,1093,499,594
S01009972,848,391,457
S01009973,725,323,402
S01009974,615,269,346
S01009975,800,365,435
S01009976,490,218,272
S01009977,926,474,452
S01009978,1019,459,560
S01009979,584,228,356
S01009980,645,283,362
S01009981,694,317,377
S01009982,1030,476,554
S01009983,579,261,318
S01009984,756,365,391
S01009985,615,288,327
S01009986,552,252,300
S01009987,880,417,463
S01009988,497,221,276
S01009989,808,379,429
S01009990,673,302,371
S01009991,800,361,439
S01009992,695,293,402
S01009993,826,402,424
S01009994,725,336,389
S01009995,653,297,356
S01009996,744,339,405
S01009997,575,272,303
S01009998,634,311,323
S01009999,733,362,371
S01010000,616,306,310
S01010001,798,363,435
S01010002,779,352,427
S01010003,712,350,362
S01010004,730,348,382
S01010005,748,365,383
S01010006,874,401,473
S01010007,959,465,494
S01010008,618,290,328
S01010009,556,315,241
S01010010,1043,518,525
S01010011,730,350,380
S01010012,843,371,472
S01010013,781,379,402
S01010014,1003,522,481
S01010015,815,411,404
S01010016,724,361,363
S01010017,748,310,438
S01010018,945,445,500
S01010019,725,318,407
S01010020,742,345,397
S01010021,806,409,397
S01010022,956,487,469
S01010023,640,295,345
S01010024,734,372,362
S01010025,548,288,260
S01010026,876,439,437
S01010027,904,456,448
S01010028,639,299,340
S01010029,668,318,350
S01010030,815,425,390
S01010031,756,476,280
S01010032,840,612,228
S01010033,923,469,454
S01010034,999,547,452
S01010035,687,410,277
S01010036,796,484,312
S01010037,642,303,339
S01010038,990,480,510
S01010039,964,546,418
S01010040,741,403,338
S01010041,650,403,247
S01010042,1095,569,526
S01010043,770,390,380
S01010044,1137,532,605
S01010045,550,253,297
S01010046,747,355,392
S01010047,828,404,424
S01010048,954,440,514
S01010049,807,342,465
S01010050,993,522,471
S01010051,703,356,347
S01010052,648,353,295
S01010053,859,403,456
S01010054,573,251,322
S01010055,1126,606,520
S01010056,451,210,241
S01010057,407,181,226
S01010058,781,383,398
S01010059,619,295,324
S01010060,908,460,448
S01010061,510,255,255
S01010062,750,358,392
S01010063,984,493,491
S01010064,552,255,297
S01010065,839,371,468
S01010066,753,335,418
S01010067,608,270,338
S01010068,641,331,310
S01010069,840,416,424
S01010070,665,322,343
S01010071,806,387,419
S01010072,796,375,421
S01010073,780,379,401
S01010074,777,379,398
S01010075,624,298,326
S01010076,686,329,357
S01010077,614,289,325
S01010078,631,325,306
S01010079,923,462,461
S01010080,651,324,327
S01010081,701,343,358
S01010082,860,400,460
S01010083,716,355,361
S01010084,878,424,454
S01010085,760,377,383
S01010086,915,409,506
S01010087,573,277,296
S01010088,825,408,417
S01010089,683,321,362
S01010090,1087,520,567
S01010091,866,434,432
S01010092,983,448,535
S01010093,869,412,457
S01010094,687,324,363
S01010095,696,345,351
S01010096,752,340,412
S01010097,735,348,387
S01010098,727,358,369
S01010099,699,328,371
S01010100,886,409,477
S01010101,744,354,390
S01010102,939,449,490
S01010103,974,444,530
S01010104,755,374,381
S01010105,406,187,219
S01010106,442,190,252
S01010107,793,375,418
S01010108,733,348,385
S01010109,809,371,438
S01010110,805,362,443
S01010111,986,461,525
S01010112,949,439,510
S01010113,551,264,287
S01010114,777,344,433
S01010115,632,304,328
S01010116,1020,484,536
S01010117,653,312,341
S01010118,678,292,386
S01010119,543,233,310
S01010120,1045,493,552
S01010121,675,311,364
S01010122,464,254,210
S01010123,733,325,408
S01010124,646,306,340
S01010125,548,232,316
S01010126,730,349,381
S01010127,620,294,326
S01010128,492,215,277
S01010129,719,337,382
S01010130,416,170,246
S01010131,974,442,532
S01010132,969,447,522
S01010133,713,326,387
S01010134,995,480,515
S01010135,768,335,433
S01010136,809,380,429
S01010137,967,401,566
S01010138,941,541,400
S01010139,1024,483,541
S01010140,753,354,399
S01010141,807,391,416
S01010142,572,260,312
S01010143,739,343,396
S01010144,700,331,369
S01010145,778,373,405
S01010146,765,383,382
S01010147,953,424,529
S01010148,784,371,413
S01010149,599,263,336
S01010150,612,278,334
S01010151,625,276,349
S01010152,851,385,466
S01010153,941,438,503
S01010154,883,386,497
S01010155,744,303,441
S01010156,565,264,301
S01010157,569,240,329
S01010158,913,397,516
S01010159,735,340,395
S01010160,605,340,265
S01010161,636,290,346
S01010162,846,337,509
S01010163,597,280,317
S01010164,799,370,429
S01010165,627,302,325
S01010166,714,338,376
S01010167,792,361,431
S01010168,506,218,288
S01010169,890,419,471
S01010170,533,249,284
S01010171,1038,488,550
S01010172,696,331,365
S01010173,764,341,423
S01010174,1407,1100,307
S01010175,480,224,256
S01010176,705,318,387
S01010177,776,349,427
S01010178,1033,457,576
S01010179,837,378,459
S01010180,560,264,296
S01010181,631,296,335
S01010182,667,310,357
S01010183,463,199,264
S01010184,630,283,347
S01010185,633,278,355
S01010186,647,306,341
S01010187,635,303,332
S01010188,714,341,373
S01010189,976,480,496
S01010190,740,355,385
S01010191,736,362,374
S01010192,869,431,438
S01010193,808,362,446
S01010194,628,285,343
S01010195,531,244,287
S01010196,739,352,387
S01010197,660,294,366
S01010198,1027,495,532
S01010199,521,227,294
S01010200,690,317,373
S01010201,643,300,343
S01010202,783,377,406
S01010203,671,307,364
S01010204,800,367,433
S01010205,658,290,368
S01010206,497,244,253
S01010207,778,365,413
S01010208,903,441,462
S01010209,966,442,524
S01010210,885,385,500
S01010211,858,394,464
S01010212,1083,515,568
S01010213,924,403,521
S01010214,967,454,513
S01010215,850,370,480
S01010216,621,307,314
S01010217,817,386,431
S01010218,1018,499,519
S01010219,503,264,239
S01010220,476,270,206
S01010221,546,265,281
S01010222,492,248,244
S01010223,556,296,260
S01010224,1036,464,572
S01010225,812,409,403
S01010226,816,407,409
S01010227,692,356,336
S01010228,695,320,375
S01010229,1016,489,527
S01010230,1005,551,454
S01010231,1013,480,533
S01010232,1074,527,547
S01010233,970,461,509
S01010234,940,472,468
S01010235,884,407,477
S01010236,736,369,367
S01010237,644,324,320
S01010238,826,413,413
S01010239,790,372,418
S01010240,691,316,375
S01010241,1019,496,523
S01010242,793,400,393
S01010243,1019,506,513
S01010244,735,370,365
S01010245,952,440,512
S01010246,841,399,442
S01010247,728,339,389
S01010248,834,428,406
S01010249,668,337,331
S01010250,771,388,383
S01010251,665,341,324
S01010252,626,329,297
S01010253,631,309,322
S01010254,1054,495,559
S01010255,718,370,348
S01010256,859,412,447
S01010257,810,457,353
S01010258,1485,737,748
S01010259,1269,680,589
S01010260,1873,977,896
S01010261,2551,1198,1353
S01010262,845,427,418
S01010263,740,440,300
S01010264,823,482,341
S01010265,1038,518,520
S01010266,555,267,288
S01010267,610,321,289
S01010268,831,399,432
S01010269,534,296,238
S01010270,1153,635,518
S01010271,770,371,399
S01010272,1013,614,399
S01010273,659,393,266
S01010274,560,354,206
S01010275,600,325,275
S01010276,993,595,398
S01010277,610,290,320
S01010278,650,290,360
S01010279,605,315,290
S01010280,783,443,340
S01010281,779,435,344
S01010282,976,511,465
S01010283,539,314,225
S01010284,1411,642,769
S01010285,838,432,406
S01010286,1525,694,831
S01010287,880,442,438
S01010288,816,416,400
S01010289,771,440,331
S01010290,546,285,261
S01010291,1075,557,518
S01010292,890,442,448
S01010293,839,422,417
S01010294,690,311,379
S01010295,974,499,475
S01010296,664,322,342
S01010297,1066,586,480
S01010298,880,406,474
S01010299,536,255,281
S01010300,934,492,442
S01010301,522,281,241
S01010302,669,361,308
S01010303,579,289,290
S01010304,542,272,270
S01010305,807,363,444
S01010306,752,384,368
S01010307,821,393,428
S01010308,975,471,504
S01010309,419,214,205
S01010310,706,375,331
S01010311,721,343,378
S01010312,868,403,465
S01010313,654,323,331
S01010314,1248,648,600
S01010315,911,393,518
S01010316,512,240,272
S01010317,725,358,367
S01010318,1588,742,846
S01010319,711,352,359
S01010320,675,345,330
S01010321,837,369,468
S01010322,1028,500,528
S01010323,603,274,329
S01010324,759,361,398
S01010325,939,429,510
S01010326,987,438,549
S01010327,982,422,560
S01010328,969,456,513
S01010329,573,276,297
S01010330,663,306,357
S01010331,923,433,490
S01010332,715,311,404
S01010333,962,439,523
S01010334,927,410,517
S01010335,831,382,449
S01010336,657,321,336
S01010337,623,277,346
S01010338,751,339,412
S01010339,692,308,384
S01010340,752,347,405
S01010341,591,268,323
S01010342,633,311,322
S01010343,938,445,493
S01010344,690,338,352
S01010345,489,241,248
S01010346,1043,480,563
S01010347,1125,477,648
S01010348,980,439,541
S01010349,883,392,491
S01010350,950,412,538
S01010351,878,404,474
S01010352,506,236,270
S01010353,961,475,486
S01010354,733,323,410
S01010355,742,356,386
S01010356,682,314,368
S01010357,585,288,297
S01010358,842,433,409
S01010359,816,360,456
S01010360,567,270,297
S01010361,611,345,266
S01010362,783,488,295
S01010363,758,380,378
S01010364,915,457,458
S01010365,1013,469,544
S01010366,1025,490,535
S01010367,1639,761,878
S01010368,729,342,387
S01010369,767,385,382
S01010370,725,359,366
S01010371,1013,483,530
S01010372,529,261,268
S01010373,761,381,380
S01010374,950,430,520
S01010375,531,244,287
S01010376,708,357,351
S01010377,936,415,521
S01010378,730,310,420
S01010379,1127,527,600
S01010380,964,435,529
S01010381,605,303,302
S01010382,850,422,428
S01010383,656,317,339
S01010384,815,391,424
S01010385,844,383,461
S01010386,905,438,467
S01010387,1040,533,507
S01010388,1016,494,522
S01010389,1022,543,479
S01010390,1076,541,535
S01010391,793,379,414
S01010392,695,381,314
S01010393,999,476,523
S01010394,807,404,403
S01010395,1006,513,493
S01010396,1033,497,536
S01010397,542,258,284
S01010398,1090,488,602
S01010399,1036,508,528
S01010400,1101,525,576
S01010401,717,333,384
S01010402,1031,502,529
S01010403,1036,494,542
S01010404,786,381,405
S01010405,789,405,384
S01010406,830,411,419
S01010407,897,381,516
S01010408,547,284,263
S01010409,706,342,364
S01010410,595,286,309
S01010411,1104,545,559
S01010412,845,424,421
S01010413,714,349,365
S01010414,1066,529,537
S01010415,1019,511,508
S01010416,684,327,357
S01010417,580,248,332
S01010418,1072,507,565
S01010419,993,446,547
S01010420,717,322,395
S01010421,889,424,465
S01010422,1088,511,577
S01010423,831,392,439
S01010424,834,403,431
S01010425,1032,506,526
S01010426,708,348,360
S01010427,1053,545,508
S01010428,736,367,369
S01010429,978,468,510
S01010430,854,439,415
S01010431,700,341,359
S01010432,880,426,454
S01010433,803,425,378
S01010434,623,293,330
S01010435,634,317,317
S01010436,778,374,404
S01010437,557,252,305
S01010438,854,387,467
S01010439,986,417,569
S01010440,650,312,338
S01010441,783,357,426
S01010442,741,366,375
S01010443,550,239,311
S01010444,685,328,357
S01010445,957,416,541
S01010446,838,410,428
S01010447,1028,510,518
S01010448,859,402,457
S01010449,779,365,414
S01010450,783,363,420
S01010451,864,438,426
S01010452,813,366,447
S01010453,666,353,313
S01010454,851,384,467
S01010455,942,447,495
S01010456,565,262,303
S01010457,642,304,338
S01010458,771,364,407
S01010459,539,248,291
S01010460,741,346,395
S01010461,732,343,389
S01010462,899,507,392
S01010463,796,370,426
S01010464,524,257,267
S01010465,947,429,518
S01010466,879,420,459
S01010467,883,405,478
S01010468,949,438,511
S01010469,559,290,269
S01010470,783,349,434
S01010471,666,306,360
S01010472,521,236,285
S01010473,756,349,407
S01010474,820,392,428
S01010475,677,301,376
S01010476,1048,447,601
S01010477,724,321,403
S01010478,991,506,485
S01010479,1022,460,562
S01010480,623,290,333
S01010481,667,317,350
S01010482,794,359,435
S01010483,1036,477,559
S01010484,550,251,299
S01010485,986,476,510
S01010486,930,463,467
S01010487,1010,473,537
S01010488,822,381,441
S01010489,1052,483,569
S01010490,749,338,411
S01010491,906,383,523
S01010492,575,240,335
S01010493,719,332,387
S01010494,628,290,338
S01010495,858,382,476
S01010496,843,378,465
S01010497,749,347,402
S01010498,839,375,464
S01010499,856,420,436
S01010500,1078,492,586
S01010501,928,422,506
S01010502,803,363,440
S01010503,655,282,373
S01010504,531,262,269
S01010505,558,257,301
S01010506,837,392,445
S01010507,806,389,417
S01010508,989,499,490
S01010509,946,462,484
S01010510,820,364,456
S01010511,870,420,450
S01010512,611,287,324
S01010513,767,395,372
S01010514,709,331,378
S01010515,799,375,424
S01010516,614,307,307
S01010517,868,437,431
S01010518,656,331,325
S01010519,748,356,392
S01010520,945,457,488
S01010521,769,363,406
S01010522,617,318,299
S01010523,644,305,339
S01010524,519,252,267
S01010525,660,324,336
S01010526,814,397,417
S01010527,896,408,488
S01010528,618,330,288
S01010529,711,348,363
S01010530,665,339,326
S01010531,1094,514,580
S01010532,557,281,276
S01010533,591,293,298
S01010534,885,429,456
S01010535,715,358,357
S01010536,848,411,437
S01010537,771,398,373
S01010538,855,413,442
S01010539,1108,558,550
S01010540,628,309,319
S01010541,840,408,432
S01010542,905,445,460
S01010543,606,302,304
S01010544,878,428,450
S01010545,738,348,390
S01010546,812,367,445
S01010547,757,389,368
S01010548,679,353,326
S01010549,948,471,477
S01010550,535,277,258
S01010551,685,334,351
S01010552,783,388,395
S01010553,621,325,296
S01010554,776,361,415
S01010555,935,470,465
S01010556,1032,483,549
S01010557,641,296,345
S01010558,800,385,415
S01010559,791,356,435
S01010560,663,296,367
S01010561,724,335,389
S01010562,731,352,379
S01010563,519,247,272
S01010564,500,253,247
S01010565,654,314,340
S01010566,1090,562,528
S01010567,1074,535,539
S01010568,996,502,494
S01010569,831,472,359
S01010570,1089,518,571
S01010571,776,409,367
S01010572,765,364,401
S01010573,534,272,262
S01010574,609,297,312
S01010575,686,330,356
S01010576,822,405,417
S01010577,901,433,468
S01010578,576,273,303
S01010579,736,359,377
S01010580,513,268,245
S01010581,522,257,265
S01010582,496,228,268
S01010583,986,464,522
S01010584,819,385,434
S01010585,844,403,441
S01010586,783,363,420
S01010587,687,329,358
S01010588,649,320,329
S01010589,620,307,313
S01010590,889,426,463
S01010591,767,381,386
S01010592,509,237,272
S01010593,657,309,348
S01010594,668,316,352
S01010595,837,410,427
S01010596,834,412,422
S01010597,644,319,325
S01010598,1041,515,526
S01010599,607,286,321
S01010600,911,464,447
S01010601,708,325,383
S01010602,522,263,259
S01010603,809,386,423
S01010604,494,248,246
S01010605,891,441,450
S01010606,816,378,438
S01010607,846,412,434
S01010608,673,299,374
S01010609,570,277,293
S01010610,690,326,364
S01010611,925,454,471
S01010612,781,374,407
S01010613,698,316,382
S01010614,542,269,273
S01010615,824,418,406
S01010616,856,405,451
S01010617,904,426,478
S01010618,756,364,392
S01010619,622,333,289
S01010620,631,343,288
S01010621,944,500,444
S01010622,648,295,353
S01010623,867,431,436
S01010624,666,304,362
S01010625,786,385,401
S01010626,908,415,493
S01010627,842,431,411
S01010628,1011,520,491
S01010629,977,458,519
S01010630,586,248,338
S01010631,616,295,321
S01010632,958,448,510
S01010633,1035,489,546
S01010634,665,335,330
S01010635,803,395,408
S01010636,817,389,428
S01010637,537,278,259
S01010638,836,390,446
S01010639,1140,568,572
S01010640,816,419,397
S01010641,1015,493,522
S01010642,978,470,508
S01010643,741,352,389
S01010644,672,335,337
S01010645,534,266,268
S01010646,669,325,344
S01010647,696,334,362
S01010648,651,322,329
S01010649,593,291,302
S01010650,498,265,233
S01010651,674,329,345
S01010652,736,357,379
S01010653,584,276,308
S01010654,763,365,398
S01010655,916,455,461
S01010656,475,236,239
S01010657,639,332,307
S01010658,732,378,354
S01010659,648,324,324
S01010660,608,302,306
S01010661,578,268,310
S01010662,758,364,394
S01010663,953,468,485
S01010664,819,402,417
S01010665,954,461,493
S01010666,946,458,488
S01010667,700,361,339
S01010668,1105,537,568
S01010669,608,319,289
S01010670,692,339,353
S01010671,760,362,398
S01010672,649,334,315
S01010673,912,473,439
S01010674,957,481,476
S01010675,628,314,314
S01010676,913,438,475
S01010677,501,239,262
S01010678,626,305,321
S01010679,582,280,302
S01010680,633,289,344
S01010681,1103,523,580
S01010682,967,492,475
S01010683,975,487,488
S01010684,771,369,402
S01010685,609,310,299
S01010686,701,360,341
S01010687,838,417,421
S01010688,712,365,347
S01010689,757,371,386
S01010690,681,327,354
S01010691,745,374,371
S01010692,749,353,396
S01010693,474,256,218
S01010694,577,294,283
S01010695,727,365,362
S01010696,1036,524,512
S01010697,1122,558,564
S01010698,764,365,399
S01010699,605,305,300
S01010700,611,303,308
S01010701,1063,540,523
S01010702,999,498,501
S01010703,827,419,408
S01010704,658,330,328
S01010705,1121,562,559
S01010706,699,340,359
S01010707,688,351,337
S01010708,547,262,285
S01010709,745,356,389
S01010710,766,348,418
S01010711,778,372,406
S01010712,727,352,375
S01010713,799,371,428
S01010714,748,340,408
S01010715,701,331,370
S01010716,888,423,465
S01010717,621,308,313
S01010718,945,457,488
S01010719,680,307,373
S01010720,734,342,392
S01010721,633,299,334
S01010722,867,397,470
S01010723,901,443,458
S01010724,887,425,462
S01010725,691,333,358
S01010726,921,437,484
S01010727,645,329,316
S01010728,521,249,272
S01010729,723,383,340
S01010730,845,413,432
S01010731,906,427,479
S01010732,840,393,447
S01010733,580,274,306
S01010734,937,440,497
S01010735,644,326,318
S01010736,500,254,246
S01010737,1038,500,538
S01010738,548,263,285
S01010739,870,431,439
S01010740,507,241,266
S01010741,610,305,305
S01010742,731,365,366
S01010743,761,391,370
S01010744,1088,519,569
S01010745,612,294,318
S01010746,1016,484,532
S01010747,827,421,406
S01010748,631,306,325
S01010749,614,304,310
S01010750,626,299,327
S01010751,745,364,381
S01010752,758,339,419
S01010753,1047,514,533
S01010754,695,328,367
S01010755,646,307,339
S01010756,661,316,345
S01010757,747,373,374
S01010758,702,344,358
S01010759,606,297,309
S01010760,608,265,343
S01010761,536,259,277
S01010762,598,290,308
S01010763,686,344,342
S01010764,576,284,292
S01010765,1009,512,497
S01010766,784,365,419
S01010767,706,331,375
S01010768,576,269,307
S01010769,483,232,251
S01010770,877,432,445
S01010771,864,412,452
S01010772,762,375,387
S01010773,785,394,391
S01010774,721,352,369
S01010775,643,323,320
S01010776,544,271,273
S01010777,512,242,270
S01010778,491,244,247
S01010779,772,369,403
S01010780,569,266,303
S01010781,779,384,395
S01010782,623,309,314
S01010783,550,275,275
S01010784,743,353,390
S01010785,683,356,327
S01010786,688,338,350
S01010787,913,471,442
S01010788,622,318,304
S01010789,729,376,353
S01010790,672,350,322
S01010791,837,422,415
S01010792,620,313,307
S01010793,649,332,317
S01010794,550,264,286
S01010795,982,485,497
S01010796,829,430,399
S01010797,762,386,376
S01010798,694,349,345
S01010799,896,417,479
S01010800,731,344,387
S01010801,708,338,370
S01010802,565,285,280
S01010803,611,293,318
S01010804,588,298,290
S01010805,853,426,427
S01010806,916,432,484
S01010807,570,279,291
S01010808,553,268,285
S01010809,771,376,395
S01010810,490,246,244
S01010811,854,436,418
S01010812,522,272,250
S01010813,539,272,267
S01010814,631,322,309
S01010815,450,240,210
S01010816,634,295,339
S01010817,905,424,481
S01010818,1014,469,545
S01010819,805,400,405
S01010820,537,259,278
S01010821,597,291,306
S01010822,772,364,408
S01010823,493,237,256
S01010824,758,387,371
S01010825,362,177,185
S01010826,755,355,400
S01010827,598,294,304
S01010828,1239,607,632
S01010829,900,446,454
S01010830,556,270,286
S01010831,598,302,296
S01010832,730,361,369
S01010833,902,470,432
S01010834,916,445,471
S01010835,645,303,342
S01010836,798,389,409
S01010837,660,307,353
S01010838,842,395,447
S01010839,729,337,392
S01010840,490,238,252
S01010841,748,379,369
S01010842,899,408,491
S01010843,643,313,330
S01010844,668,318,350
S01010845,619,304,315
S01010846,765,371,394
S01010847,649,317,332
S01010848,665,311,354
S01010849,951,457,494
S01010850,872,398,474
S01010851,814,369,445
S01010852,722,346,376
S01010853,882,430,452
S01010854,923,421,502
S01010855,560,263,297
S01010856,908,439,469
S01010857,842,370,472
S01010858,725,357,368
S01010859,734,347,387
S01010860,626,291,335
S01010861,649,293,356
S01010862,540,283,257
S01010863,800,371,429
S01010864,560,278,282
S01010865,706,337,369
S01010866,749,348,401
S01010867,674,314,360
S01010868,839,365,474
S01010869,756,369,387
S01010870,775,348,427
S01010871,898,401,497
S01010872,715,331,384
S01010873,547,256,291
S01010874,771,376,395
S01010875,517,238,279
S01010876,740,337,403
S01010877,958,476,482
S01010878,1189,637,552
S01010879,829,396,433
S01010880,549,245,304
S01010881,621,286,335
S01010882,557,295,262
S01010883,871,418,453
S01010884,723,334,389
S01010885,958,451,507
S01010886,448,217,231
S01010887,821,402,419
S01010888,768,373,395
S01010889,524,265,259
S01010890,769,344,425
S01010891,425,221,204
S01010892,834,406,428
S01010893,520,262,258
S01010894,688,313,375
S01010895,411,197,214
S01010896,667,320,347
S01010897,836,415,421
S01010898,596,292,304
S01010899,584,302,282
S01010900,688,326,362
S01010901,465,218,247
S01010902,957,445,512
S01010903,793,373,420
S01010904,538,254,284
S01010905,638,277,361
S01010906,966,465,501
S01010907,526,254,272
S01010908,610,298,312
S01010909,714,348,366
S01010910,500,233,267
S01010911,541,260,281
S01010912,674,321,353
S01010913,642,338,304
S01010914,660,302,358
S01010915,736,341,395
S01010916,576,321,255
S01010917,712,362,350
S01010918,737,333,404
S01010919,789,373,416
S01010920,591,273,318
S01010921,630,323,307
S01010922,865,385,480
S01010923,879,414,465
S01010924,607,287,320
S01010925,858,414,444
S01010926,785,389,396
S01010927,577,258,319
S01010928,739,351,388
S01010929,660,320,340
S01010930,900,442,458
S01010931,430,210,220
S01010932,560,260,300
S01010933,759,376,383
S01010934,1039,526,513
S01010935,656,305,351
S01010936,682,308,374
S01010937,728,351,377
S01010938,809,392,417
S01010939,514,261,253
S01010940,683,345,338
S01010941,860,432,428
S01010942,646,319,327
S01010943,623,287,336
S01010944,633,277,356
S01010945,540,245,295
S01010946,820,396,424
S01010947,536,251,285
S01010948,673,331,342
S01010949,995,464,531
S01010950,846,399,447
S01010951,626,310,316
S01010952,540,270,270
S01010953,561,266,295
S01010954,609,338,271
S01010955,1023,515,508
S01010956,691,341,350
S01010957,581,280,301
S01010958,482,235,247
S01010959,579,268,311
S01010960,1102,547,555
S01010961,566,271,295
S01010962,530,271,259
S01010963,949,455,494
S01010964,523,257,266
S01010965,517,240,277
S01010966,690,332,358
S01010967,697,324,373
S01010968,715,345,370
S01010969,611,274,337
S01010970,955,464,491
S01010971,1056,497,559
S01010972,846,400,446
S01010973,490,249,241
S01010974,696,337,359
S01010975,490,237,253
S01010976,556,279,277
S01010977,728,330,398
S01010978,739,349,390
S01010979,825,388,437
S01010980,727,337,390
S01010981,739,335,404
S01010982,1214,571,643
S01010983,780,368,412
S01010984,668,309,359
S01010985,638,297,341
S01010986,537,269,268
S01010987,658,324,334
S01010988,627,315,312
S01010989,917,444,473
S01010990,798,374,424
S01010991,523,252,271
S01010992,583,302,281
S01010993,632,304,328
S01010994,1102,538,564
S01010995,719,335,384
S01010996,605,285,320
S01010997,637,305,332
S01010998,615,279,336
S01010999,903,431,472
S01011000,842,414,428
S01011001,652,321,331
S01011002,707,331,376
S01011003,688,328,360
S01011004,624,294,330
S01011005,660,311,349
S01011006,1002,480,522
S01011007,684,336,348
S01011008,783,383,400
S01011009,508,244,264
S01011010,569,273,296
S01011011,768,362,406
S01011012,722,340,382
S01011013,802,370,432
S01011014,811,400,411
S01011015,443,211,232
S01011016,846,424,422
S01011017,824,393,431
S01011018,860,426,434
S01011019,1031,507,524
S01011020,472,248,224
S01011021,882,424,458
S01011022,581,285,296
S01011023,812,384,428
S01011024,782,370,412
S01011025,680,350,330
S01011026,540,261,279
S01011027,928,435,493
S01011028,987,467,520
S01011029,621,306,315
S01011030,969,480,489
S01011031,734,347,387
S01011032,782,379,403
S01011033,633,321,312
S01011034,669,323,346
S01011035,662,318,344
S01011036,646,317,329
S01011037,963,476,487
S01011038,885,403,482
S01011039,782,379,403
S01011040,752,351,401
S01011041,851,391,460
S01011042,818,404,414
S01011043,709,351,358
S01011044,694,333,361
S01011045,819,402,417
S01011046,854,460,394
S01011047,988,484,504
S01011048,985,480,505
S01011049,682,346,336
S01011050,802,401,401
S01011051,938,455,483
S01011052,856,403,453
S01011053,660,321,339
S01011054,536,267,269
S01011055,568,293,275
S01011056,699,355,344
S01011057,579,299,280
S01011058,638,307,331
S01011059,635,317,318
S01011060,907,416,491
S01011061,845,421,424
S01011062,917,459,458
S01011063,1036,496,540
S01011064,1029,507,522
S01011065,729,366,363
S01011066,509,248,261
S01011067,579,277,302
S01011068,537,261,276
S01011069,578,279,299
S01011070,631,307,324
S01011071,843,428,415
S01011072,1000,495,505
S01011073,699,351,348
S01011074,607,293,314
S01011075,718,338,380
S01011076,742,361,381
S01011077,777,351,426
S01011078,1149,545,604
S01011079,1054,529,525
S01011080,980,491,489
S01011081,824,407,417
S01011082,527,218,309
S01011083,787,393,394
S01011084,774,366,408
S01011085,889,441,448
S01011086,641,324,317
S01011087,584,287,297
S01011088,983,461,522
S01011089,655,313,342
S01011090,717,361,356
S01011091,621,318,303
S01011092,465,218,247
S01011093,612,305,307
S01011094,546,263,283
S01011095,786,402,384
S01011096,583,284,299
S01011097,715,351,364
S01011098,749,376,373
S01011099,819,403,416
S01011100,458,223,235
S01011101,626,298,328
S01011102,642,294,348
S01011103,574,284,290
S01011104,704,309,395
S01011105,799,399,400
S01011106,988,475,513
S01011107,935,460,475
S01011108,547,272,275
S01011109,807,395,412
S01011110,702,337,365
S01011111,880,403,477
S01011112,874,418,456
S01011113,925,439,486
S01011114,713,355,358
S01011115,902,440,462
S01011116,665,324,341
S01011117,744,381,363
S01011118,886,426,460
S01011119,931,441,490
S01011120,674,333,341
S01011121,520,242,278
S01011122,647,302,345
S01011123,1121,542,579
S01011124,661,321,340
S01011125,492,240,252
S01011126,502,241,261
S01011127,536,276,260
S01011128,718,342,376
S01011129,1023,496,527
S01011130,597,291,306
S01011131,637,323,314
S01011132,898,467,431
S01011133,445,217,228
S01011134,746,377,369
S01011135,748,341,407
S01011136,658,323,335
S01011137,502,220,282
S01011138,641,311,330
S01011139,1335,891,444
S01011140,537,281,256
S01011141,558,256,302
S01011142,1277,688,589
S01011143,955,455,500
S01011144,769,384,385
S01011145,653,329,324
S01011146,759,382,377
S01011147,1005,510,495
S01011148,787,420,367
S01011149,871,487,384
S01011150,474,237,237
S01011151,578,299,279
S01011152,700,320,380
S01011153,868,425,443
S01011154,561,291,270
S01011155,643,311,332
S01011156,565,274,291
S01011157,576,292,284
S01011158,508,250,258
S01011159,545,250,295
S01011160,909,464,445
S01011161,637,308,329
S01011162,497,242,255
S01011163,786,379,407
S01011164,771,347,424
S01011165,764,353,411
S01011166,513,244,269
S01011167,725,341,384
S01011168,845,417,428
S01011169,963,480,483
S01011170,911,456,455
S01011171,905,447,458
S01011172,752,382,370
S01011173,601,266,335
S01011174,459,218,241
S01011175,532,240,292
S01011176,539,257,282
S01011177,872,422,450
S01011178,514,246,268
S01011179,589,275,314
S01011180,670,312,358
S01011181,455,236,219
S01011182,398,202,196
S01011183,571,288,283
S01011184,820,413,407
S01011185,680,329,351
S01011186,913,430,483
S01011187,665,330,335
S01011188,951,457,494
S01011189,820,379,441
S01011190,637,313,324
S01011191,546,257,289
S01011192,697,350,347
S01011193,703,341,362
S01011194,727,352,375
S01011195,781,358,423
S01011196,903,428,475
S01011197,871,409,462
S01011198,624,280,344
S01011199,781,381,400
S01011200,740,365,375
S01011201,586,281,305
S01011202,844,381,463
S01011203,806,363,443
S01011204,555,270,285
S01011205,716,352,364
S01011206,734,374,360
S01011207,757,365,392
S01011208,907,451,456
S01011209,633,291,342
S01011210,733,374,359
S01011211,702,335,367
S01011212,548,249,299
S01011213,1068,462,606
S01011214,933,431,502
S01011215,596,280,316
S01011216,482,228,254
S01011217,799,365,434
S01011218,700,326,374
S01011219,782,383,399
S01011220,889,424,465
S01011221,947,425,522
S01011222,662,311,351
S01011223,796,392,404
S01011224,681,339,342
S01011225,697,315,382
S01011226,1003,462,541
S01011227,709,351,358
S01011228,768,370,398
S01011229,535,251,284
S01011230,980,455,525
S01011231,604,268,336
S01011232,915,467,448
S01011233,377,199,178
S01011234,1031,484,547
S01011235,384,182,202
S01011236,557,264,293
S01011237,770,375,395
S01011238,644,310,334
S01011239,717,370,347
S01011240,690,357,333
S01011241,1042,525,517
S01011242,775,356,419
S01011243,881,421,460
S01011244,666,337,329
S01011245,848,395,453
S01011246,842,404,438
S01011247,826,383,443
S01011248,739,329,410
S01011249,723,350,373
S01011250,1083,495,588
S01011251,871,387,484
S01011252,825,365,460
S01011253,855,377,478
S01011254,955,490,465
S01011255,780,395,385
S01011256,497,247,250
S01011257,408,192,216
S01011258,576,271,305
S01011259,763,363,400
S01011260,718,352,366
S01011261,809,395,414
S01011262,495,226,269
S01011263,1182,525,657
S01011264,688,332,356
S01011265,1077,478,599
S01011266,908,427,481
S01011267,585,278,307
S01011268,375,189,186
S01011269,514,238,276
S01011270,680,341,339
S01011271,821,400,421
S01011272,728,361,367
S01011273,901,411,490
S01011274,888,425,463
S01011275,711,335,376
S01011276,978,456,522
S01011277,654,311,343
S01011278,494,248,246
S01011279,651,301,350
S01011280,590,286,304
S01011281,645,325,320
S01011282,918,448,470
S01011283,737,380,357
S01011284,615,316,299
S01011285,729,337,392
S01011286,720,341,379
S01011287,807,361,446
S01011288,757,327,430
S01011289,934,429,505
S01011290,1166,541,625
S01011291,815,380,435
S01011292,697,342,355
S01011293,736,350,386
S01011294,863,372,491
S01011295,946,461,485
S01011296,556,251,305
S01011297,839,399,440
S01011298,642,309,333
S01011299,494,247,247
S01011300,944,444,500
S01011301,705,333,372
S01011302,856,392,464
S01011303,1025,496,529
S01011304,708,341,367
S01011305,829,403,426
S01011306,590,252,338
S01011307,472,244,228
S01011308,432,220,212
S01011309,718,347,371
S01011310,706,338,368
S01011311,690,319,371
S01011312,1103,543,560
S01011313,735,334,401
S01011314,1097,537,560
S01011315,410,193,217
S01011316,748,340,408
S01011317,827,370,457
S01011318,964,424,540
S01011319,867,393,474
S01011320,522,237,285
S01011321,596,281,315
S01011322,634,302,332
S01011323,951,440,511
S01011324,449,218,231
S01011325,737,361,376
S01011326,747,362,385
S01011327,678,330,348
S01011328,698,341,357
S01011329,914,424,490
S01011330,754,352,402
S01011331,745,365,380
S01011332,900,421,479
S01011333,733,349,384
S01011334,708,350,358
S01011335,935,450,485
S01011336,617,308,309
S01011337,682,357,325
S01011338,660,320,340
S01011339,582,275,307
S01011340,694,318,376
S01011341,721,350,371
S01011342,702,342,360
S01011343,826,402,424
S01011344,883,431,452
S01011345,794,364,430
S01011346,678,319,359
S01011347,1043,506,537
S01011348,921,422,499
S01011349,923,460,463
S01011350,669,317,352
S01011351,696,322,374
S01011352,651,314,337
S01011353,650,305,345
S01011354,730,350,380
S01011355,964,482,482
S01011356,962,486,476
S01011357,852,415,437
S01011358,547,257,290
S01011359,737,363,374
S01011360,756,391,365
S01011361,537,318,219
S01011362,555,286,269
S01011363,892,416,476
S01011364,659,336,323
S01011365,648,322,326
S01011366,498,215,283
S01011367,840,393,447
S01011368,843,429,414
S01011369,811,406,405
S01011370,811,388,423
S01011371,925,441,484
S01011372,667,359,308
S01011373,674,334,340
S01011374,694,336,358
S01011375,645,331,314
S01011376,475,226,249
S01011377,594,272,322
S01011378,793,375,418
S01011379,902,451,451
S01011380,670,316,354
S01011381,617,303,314
S01011382,531,276,255
S01011383,686,331,355
S01011384,734,367,367
S01011385,957,470,487
S01011386,648,286,362
S01011387,834,396,438
S01011388,1083,551,532
S01011389,761,363,398
S01011390,815,385,430
S01011391,645,308,337
S01011392,680,329,351
S01011393,841,414,427
S01011394,613,308,305
S01011395,737,336,401
S01011396,779,361,418
S01011397,823,382,441
S01011398,779,366,413
S01011399,508,238,270
S01011400,668,322,346
S01011401,647,303,344
S01011402,954,416,538
S01011403,534,257,277
S01011404,924,418,506
S01011405,635,300,335
S01011406,643,300,343
S01011407,1105,527,578
S01011408,827,380,447
S01011409,839,380,459
S01011410,628,297,331
S01011411,678,333,345
S01011412,860,423,437
S01011413,560,290,270
S01011414,827,412,415
S01011415,872,442,430
S01011416,626,307,319
S01011417,820,392,428
S01011418,552,262,290
S01011419,558,273,285
S01011420,491,241,250
S01011421,633,314,319
S01011422,660,317,343
S01011423,570,278,292
S01011424,560,266,294
S01011425,901,437,464
S01011426,1053,509,544
S01011427,679,341,338
S01011428,506,271,235
S01011429,1161,849,312
S01011430,922,430,492
S01011431,1063,513,550
S01011432,1025,492,533
S01011433,909,434,475
S01011434,562,267,295
S01011435,927,445,482
S01011436,718,364,354
S01011437,731,362,369
S01011438,544,272,272
S01011439,889,436,453
S01011440,597,277,320
S01011441,763,386,377
S01011442,683,325,358
S01011443,622,293,329
S01011444,764,380,384
S01011445,548,263,285
S01011446,526,260,266
S01011447,924,420,504
S01011448,900,449,451
S01011449,530,272,258
S01011450,652,299,353
S01011451,750,384,366
S01011452,947,491,456
S01011453,728,355,373
S01011454,802,384,418
S01011455,746,340,406
S01011456,814,385,429
S01011457,917,435,482
S01011458,1114,535,579
S01011459,1053,519,534
S01011460,756,348,408
S01011461,722,358,364
S01011462,897,447,450
S01011463,670,329,341
S01011464,571,291,280
S01011465,547,269,278
S01011466,592,295,297
S01011467,539,266,273
S01011468,915,471,444
S01011469,859,436,423
S01011470,1099,519,580
S01011471,869,417,452
S01011472,880,461,419
S01011473,666,311,355
S01011474,798,373,425
S01011475,605,281,324
S01011476,487,245,242
S01011477,851,428,423
S01011478,1060,521,539
S01011479,783,381,402
S01011480,1030,493,537
S01011481,812,386,426
S01011482,895,424,471
S01011483,531,268,263
S01011484,865,387,478
S01011485,965,441,524
S01011486,569,258,311
S01011487,1137,520,617
S01011488,697,350,347
S01011489,750,389,361
S01011490,1028,473,555
S01011491,514,243,271
S01011492,760,386,374
S01011493,545,273,272
S01011494,729,343,386
S01011495,812,391,421
S01011496,649,294,355
S01011497,617,314,303
S01011498,672,344,328
S01011499,806,392,414
S01011500,512,259,253
S01011501,673,317,356
S01011502,755,349,406
S01011503,641,308,333
S01011504,578,286,292
S01011505,698,343,355
S01011506,503,229,274
S01011507,612,291,321
S01011508,962,485,477
S01011509,610,305,305
S01011510,1122,553,569
S01011511,524,246,278
S01011512,951,437,514
S01011513,774,376,398
S01011514,954,468,486
S01011515,522,257,265
S01011516,887,428,459
S01011517,565,273,292
S01011518,661,321,340
S01011519,781,388,393
S01011520,596,277,319
S01011521,967,460,507
S01011522,891,412,479
S01011523,741,390,351
S01011524,890,444,446
S01011525,975,455,520
S01011526,1018,482,536
S01011527,704,341,363
S01011528,974,457,517
S01011529,529,243,286
S01011530,947,458,489
S01011531,1100,539,561
S01011532,652,325,327
S01011533,683,319,364
S01011534,766,383,383
S01011535,940,427,513
S01011536,674,333,341
S01011537,530,248,282
S01011538,655,323,332
S01011539,738,369,369
S01011540,1052,498,554
S01011541,937,431,506
S01011542,929,449,480
S01011543,810,383,427
S01011544,673,329,344
S01011545,572,261,311
S01011546,747,365,382
S01011547,609,286,323
S01011548,746,350,396
S01011549,801,399,402
S01011550,714,355,359
S01011551,548,265,283
S01011552,703,349,354
S01011553,857,408,449
S01011554,872,399,473
S01011555,552,273,279
S01011556,509,251,258
S01011557,750,347,403
S01011558,577,282,295
S01011559,620,302,318
S01011560,757,364,393
S01011561,834,378,456
S01011562,647,283,364
S01011563,762,355,407
S01011564,966,453,513
S01011565,952,459,493
S01011566,917,435,482
S01011567,965,463,502
S01011568,847,413,434
S01011569,958,438,520
S01011570,726,326,400
S01011571,649,306,343
S01011572,588,284,304
S01011573,1084,525,559
S01011574,795,372,423
S01011575,533,266,267
S01011576,897,396,501
S01011577,702,329,373
S01011578,845,388,457
S01011579,1089,531,558
S01011580,766,368,398
S01011581,802,385,417
S01011582,1104,523,581
S01011583,672,305,367
S01011584,708,349,359
S01011585,719,323,396
S01011586,578,280,298
S01011587,575,256,319
S01011588,792,379,413
S01011589,868,413,455
S01011590,689,341,348
S01011591,597,311,286
S01011592,705,330,375
S01011593,717,318,399
S01011594,438,227,211
S01011595,596,308,288
S01011596,997,485,512
S01011597,611,279,332
S01011598,785,473,312
S01011599,823,396,427
S01011600,737,353,384
S01011601,848,425,423
S01011602,614,309,305
S01011603,791,369,422
S01011604,690,335,355
S01011605,844,401,443
S01011606,1001,490,511
S01011607,569,274,295
S01011608,945,477,468
S01011609,970,458,512
S01011610,833,397,436
S01011611,694,324,370
S01011612,628,321,307
S01011613,940,458,482
S01011614,447,207,240
S01011615,728,358,370
S01011616,423,193,230
S01011617,840,393,447
S01011618,654,300,354
S01011619,1050,516,534
S01011620,1097,542,555
S01011621,781,381,400
S01011622,649,312,337
S01011623,703,329,374
S01011624,722,327,395
S01011625,548,273,275
S01011626,811,420,391
S01011627,733,370,363
S01011628,1076,524,552
S01011629,629,293,336
S01011630,639,309,330
S01011631,628,299,329
S01011632,754,349,405
S01011633,736,347,389
S01011634,565,262,303
S01011635,683,333,350
S01011636,720,336,384
S01011637,686,315,371
S01011638,483,218,265
S01011639,590,277,313
S01011640,674,318,356
S01011641,476,232,244
S01011642,790,374,416
S01011643,590,287,303
S01011644,717,327,390
S01011645,537,237,300
S01011646,696,343,353
S01011647,878,415,463
S01011648,694,340,354
S01011649,502,243,259
S01011650,721,354,367
S01011651,926,451,475
S01011652,760,376,384
S01011653,899,418,481
S01011654,983,462,521
S01011655,846,393,453
S01011656,608,301,307
S01011657,514,248,266
S01011658,655,332,323
S01011659,808,380,428
S01011660,906,444,462
S01011661,516,262,254
S01011662,642,329,313
S01011663,961,485,476
S01011664,1044,492,552
S01011665,850,388,462
S01011666,853,392,461
S01011667,797,390,407
S01011668,1042,498,544
S01011669,630,298,332
S01011670,536,271,265
S01011671,680,303,377
S01011672,604,273,331
S01011673,661,324,337
S01011674,1023,496,527
S01011675,911,429,482
S01011676,699,328,371
S01011677,622,311,311
S01011678,464,218,246
S01011679,563,264,299
S01011680,1100,523,577
S01011681,847,396,451
S01011682,508,302,206
S01011683,745,376,369
S01011684,543,267,276
S01011685,802,394,408
S01011686,828,404,424
S01011687,864,433,431
S01011688,820,411,409
S01011689,667,344,323
S01011690,983,481,502
S01011691,624,307,317
S01011692,1074,525,549
S01011693,807,389,418
S01011694,535,261,274
S01011695,931,467,464
S01011696,1068,525,543
S01011697,1029,495,534
S01011698,643,303,340
S01011699,911,469,442
S01011700,759,348,411
S01011701,1016,509,507
S01011702,733,337,396
S01011703,631,310,321
S01011704,747,375,372
S01011705,759,354,405
S01011706,1028,497,531
S01011707,713,335,378
S01011708,919,396,523
S01011709,954,453,501
S01011710,647,295,352
S01011711,683,305,378
S01011712,530,250,280
S01011713,851,412,439
S01011714,566,274,292
S01011715,633,291,342
S01011716,917,455,462
S01011717,710,349,361
S01011718,800,402,398
S01011719,634,298,336
S01011720,529,261,268
S01011721,716,345,371
S01011722,721,323,398
S01011723,941,457,484
S01011724,733,359,374
S01011725,634,329,305
S01011726,552,264,288
S01011727,774,391,383
S01011728,929,463,466
S01011729,710,357,353
S01011730,844,416,428
S01011731,866,394,472
S01011732,785,390,395
S01011733,851,421,430
S01011734,751,378,373
S01011735,736,370,366
S01011736,770,378,392
S01011737,727,333,394
S01011738,1055,529,526
S01011739,502,239,263
S01011740,783,397,386
S01011741,657,323,334
S01011742,758,351,407
S01011743,797,357,440
S01011744,849,386,463
S01011745,711,311,400
S01011746,539,277,262
S01011747,992,480,512
S01011748,878,401,477
S01011749,769,406,363
S01011750,876,426,450
S01011751,972,493,479
S01011752,921,446,475
S01011753,777,373,404
S01011754,764,340,424
S01011755,939,495,444
S01011756,990,465,525
S01011757,731,353,378
S01011758,624,302,322
S01011759,836,403,433
S01011760,884,427,457
S01011761,720,344,376
S01011762,656,329,327
S01011763,773,355,418
S01011764,403,203,200
S01011765,974,482,492
S01011766,513,253,260
S01011767,848,410,438
S01011768,738,357,381
S01011769,639,303,336
S01011770,808,419,389
S01011771,667,317,350
S01011772,1102,542,560
S01011773,596,302,294
S01011774,941,462,479
S01011775,667,335,332
S01011776,1153,559,594
S01011777,645,321,324
S01011778,634,301,333
S01011779,793,373,420
S01011780,939,479,460
S01011781,584,284,300
S01011782,683,353,330
S01011783,575,297,278
S01011784,793,345,448
S01011785,873,393,480
S01011786,431,219,212
S01011787,1026,497,529
S01011788,697,367,330
S01011789,660,319,341
S01011790,998,483,515
S01011791,735,344,391
S01011792,888,426,462
S01011793,685,315,370
S01011794,884,412,472
S01011795,627,320,307
S01011796,774,373,401
S01011797,1023,502,521
S01011798,550,258,292
S01011799,918,446,472
S01011800,519,263,256
S01011801,608,299,309
S01011802,731,334,397
S01011803,593,276,317
S01011804,752,343,409
S01011805,535,255,280
S01011806,768,379,389
S01011807,1091,553,538
S01011808,623,313,310
S01011809,719,361,358
S01011810,942,456,486
S01011811,1056,548,508
S01011812,669,340,329
S01011813,760,367,393
S01011814,721,363,358
S01011815,816,405,411
S01011816,638,316,322
S01011817,728,376,352
S01011818,1100,526,574
S01011819,836,415,421
S01011820,768,351,417
S01011821,435,210,225
S01011822,712,352,360
S01011823,608,283,325
S01011824,703,347,356
S01011825,535,259,276
S01011826,654,321,333
S01011827,527,264,263
S01011828,909,479,430
S01011829,409,209,200
S01011830,578,297,281
S01011831,919,471,448
S01011832,838,407,431
S01011833,1016,511,505
S01011834,503,244,259
S01011835,685,344,341
S01011836,760,376,384
S01011837,666,324,342
S01011838,819,401,418
S01011839,962,452,510
S01011840,1001,481,520
S01011841,950,434,516
S01011842,966,471,495
S01011843,988,498,490
S01011844,786,368,418
S01011845,857,395,462
S01011846,869,405,464
S01011847,429,212,217
S01011848,727,356,371
S01011849,813,395,418
S01011850,695,331,364
S01011851,898,429,469
S01011852,1012,472,540
S01011853,708,358,350
S01011854,810,373,437
S01011855,848,419,429
S01011856,691,332,359
S01011857,690,337,353
S01011858,877,405,472
S01011859,839,392,447
S01011860,627,331,296
S01011861,755,382,373
S01011862,1066,541,525
S01011863,833,371,462
S01011864,722,352,370
S01011865,613,283,330
S01011866,817,398,419
S01011867,961,471,490
S01011868,887,431,456
S01011869,773,391,382
S01011870,696,335,361
S01011871,1089,538,551
S01011872,914,446,468
S01011873,812,395,417
S01011874,657,318,339
S01011875,672,328,344
S01011876,958,490,468
S01011877,546,269,277
S01011878,1335,689,646
S01011879,550,279,271
S01011880,593,292,301
S01011881,843,405,438
S01011882,941,448,493
S01011883,1171,481,690
S01011884,414,210,204
S01011885,689,348,341
S01011886,875,414,461
S01011887,594,306,288
S01011888,875,399,476
S01011889,929,436,493
S01011890,708,329,379
S01011891,1260,889,371
S01011892,981,482,499
S01011893,929,450,479
S01011894,636,323,313
S01011895,664,299,365
S01011896,866,397,469
S01011897,1027,465,562
S01011898,677,313,364
S01011899,779,360,419
S01011900,735,369,366
S01011901,901,427,474
S01011902,1064,505,559
S01011903,798,377,421
S01011904,819,359,460
S01011905,804,386,418
S01011906,425,205,220
S01011907,745,362,383
S01011908,376,185,191
S01011909,1036,493,543
S01011910,910,415,495
S01011911,641,290,351
S01011912,727,343,384
S01011913,739,339,400
S01011914,878,420,458
S01011915,811,395,416
S01011916,592,270,322
S01011917,510,218,292
S01011918,786,369,417
S01011919,890,451,439
S01011920,622,296,326
S01011921,594,276,318
S01011922,768,379,389
S01011923,938,454,484
S01011924,454,217,237
S01011925,758,375,383
S01011926,656,306,350
S01011927,613,277,336
S01011928,704,326,378
S01011929,692,322,370
S01011930,638,293,345
S01011931,625,297,328
S01011932,621,308,313
S01011933,631,333,298
S01011934,1124,571,553
S01011935,823,441,382
S01011936,766,367,399
S01011937,667,356,311
S01011938,682,326,356
S01011939,737,402,335
S01011940,441,222,219
S01011941,709,409,300
S01011942,849,430,419
S01011943,1166,588,578
S01011944,444,222,222
S01011945,827,416,411
S01011946,804,383,421
S01011947,490,240,250
S01011948,1159,519,640
S01011949,825,370,455
S01011950,776,357,419
S01011951,678,325,353
S01011952,498,232,266
S01011953,754,367,387
S01011954,492,235,257
S01011955,975,450,525
S01011956,1033,492,541
S01011957,900,490,410
S01011958,1068,533,535
S01011959,893,434,459
S01011960,802,408,394
S01011961,734,343,391
S01011962,688,340,348
S01011963,522,254,268
S01011964,983,492,491
S01011965,797,380,417
S01011966,842,395,447
S01011967,1155,632,523
S01011968,996,474,522
S01011969,1045,526,519
S01011970,990,498,492
S01011971,577,293,284
S01011972,1115,564,551
S01011973,656,306,350
S01011974,762,393,369
S01011975,452,218,234
S01011976,780,378,402
S01011977,1129,562,567
S01011978,693,307,386
S01011979,1014,504,510
S01011980,401,201,200
S01011981,945,470,475
S01011982,943,492,451
S01011983,731,367,364
S01011984,678,331,347
S01011985,718,334,384
S01011986,666,324,342
S01011987,948,458,490
S01011988,665,313,352
S01011989,866,413,453
S01011990,750,351,399
S01011991,710,339,371
S01011992,991,454,537
S01011993,839,388,451
S01011994,712,337,375
S01011995,818,431,387
S01011996,557,265,292
S01011997,886,427,459
S01011998,545,272,273
S01011999,621,320,301
S01012000,454,225,229
S01012001,635,305,330
S01012002,561,268,293
S01012003,533,266,267
S01012004,880,417,463
S01012005,877,425,452
S01012006,1002,551,451
S01012007,813,393,420
S01012008,973,477,496
S01012009,725,355,370
S01012010,1222,565,657
S01012011,1122,518,604
S01012012,647,311,336
S01012013,742,351,391
S01012014,846,412,434
S01012015,984,491,493
S01012016,852,429,423
S01012017,506,264,242
S01012018,876,453,423
S01012019,846,430,416
S01012020,698,334,364
S01012021,565,276,289
S01012022,660,312,348
S01012023,539,268,271
S01012024,868,401,467
S01012025,690,332,358
S01012026,648,312,336
S01012027,1023,476,547
S01012028,932,463,469
S01012029,1226,664,562
S01012030,658,336,322
S01012031,553,262,291
S01012032,353,177,176
S01012033,800,402,398
S01012034,825,409,416
S01012035,923,448,475
S01012036,846,406,440
S01012037,996,459,537
S01012038,932,437,495
S01012039,956,460,496
S01012040,696,352,344
S01012041,914,467,447
S01012042,917,417,500
S01012043,926,470,456
S01012044,892,409,483
S01012045,1069,531,538
S01012046,686,316,370
S01012047,932,413,519
S01012048,769,352,417
S01012049,660,294,366
S01012050,1019,496,523
S01012051,497,244,253
S01012052,866,416,450
S01012053,903,432,471
S01012054,829,412,417
S01012055,877,402,475
S01012056,785,390,395
S01012057,773,369,404
S01012058,728,346,382
S01012059,870,397,473
S01012060,865,404,461
S01012061,978,474,504
S01012062,846,434,412
S01012063,547,260,287
S01012064,653,298,355
S01012065,624,262,362
S01012066,852,391,461
S01012067,534,240,294
S01012068,538,239,299
S01012069,479,239,240
S01012070,710,339,371
S01012071,1057,546,511
S01012072,1107,566,541
S01012073,705,349,356
S01012074,715,344,371
S01012075,724,336,388
S01012076,722,336,386
S01012077,751,368,383
S01012078,977,448,529
S01012079,917,414,503
S01012080,809,338,471
S01012081,737,358,379
S01012082,620,292,328
S01012083,749,335,414
S01012084,577,281,296
S01012085,677,335,342
S01012086,918,437,481
S01012087,720,325,395
S01012088,740,378,362
S01012089,842,388,454
S01012090,902,442,460
S01012091,537,255,282
S01012092,506,253,253
S01012093,535,266,269
S01012094,788,369,419
S01012095,1108,549,559
S01012096,871,411,460
S01012097,695,333,362
S01012098,628,283,345
S01012099,882,396,486
S01012100,1089,476,613
S01012101,786,385,401
S01012102,670,300,370
S01012103,925,447,478
S01012104,924,460,464
S01012105,1126,529,597
S01012106,1101,530,571
S01012107,692,336,356
S01012108,908,379,529
S01012109,922,429,493
S01012110,700,320,380
S01012111,558,273,285
S01012112,731,315,416
S01012113,990,475,515
S01012114,982,470,512
S01012115,517,238,279
S01012116,591,283,308
S01012117,807,397,410
S01012118,661,319,342
S01012119,900,453,447
S01012120,583,283,300
S01012121,953,428,525
S01012122,772,363,409
S01012123,518,251,267
S01012124,503,225,278
S01012125,782,382,400
S01012126,792,410,382
S01012127,850,472,378
S01012128,510,273,237
S01012129,669,334,335
S01012130,1068,487,581
S01012131,1106,585,521
S01012132,686,326,360
S01012133,903,494,409
S01012134,1183,534,649
S01012135,878,449,429
S01012136,835,440,395
S01012137,671,346,325
S01012138,904,423,481
S01012139,940,439,501
S01012140,519,252,267
S01012141,1014,493,521
S01012142,952,457,495
S01012143,869,419,450
S01012144,1046,508,538
S01012145,1023,499,524
S01012146,979,411,568
S01012147,753,321,432
S01012148,756,332,424
S01012149,855,411,444
S01012150,778,371,407
S01012151,760,365,395
S01012152,744,388,356
S01012153,538,273,265
S01012154,777,399,378
S01012155,546,294,252
S01012156,606,303,303
S01012157,989,460,529
S01012158,1147,613,534
S01012159,503,243,260
S01012160,662,299,363
S01012161,457,190,267
S01012162,956,416,540
S01012163,761,381,380
S01012164,1098,541,557
S01012165,921,406,515
S01012166,604,271,333
S01012167,788,377,411
S01012168,848,414,434
S01012169,851,416,435
S01012170,975,433,542
S01012171,1000,453,547
S01012172,744,349,395
S01012173,710,323,387
S01012174,894,430,464
S01012175,818,419,399
S01012176,841,408,433
S01012177,617,304,313
S01012178,519,256,263
S01012179,607,261,346
S01012180,573,258,315
S01012181,757,356,401
S01012182,1049,525,524
S01012183,720,358,362
S01012184,502,256,246
S01012185,704,412,292
S01012186,706,331,375
S01012187,669,316,353
S01012188,565,260,305
S01012189,581,295,286
S01012190,556,245,311
S01012191,872,440,432
S01012192,505,254,251
S01012193,562,285,277
S01012194,561,280,281
S01012195,1118,559,559
S01012196,573,259,314
S01012197,726,331,395
S01012198,933,431,502
S01012199,730,357,373
S01012200,647,295,352
S01012201,770,370,400
S01012202,598,283,315
S01012203,772,384,388
S01012204,789,401,388
S01012205,675,328,347
S01012206,846,415,431
S01012207,926,436,490
S01012208,1057,516,541
S01012209,737,373,364
S01012210,790,361,429
S01012211,905,455,450
S01012212,762,391,371
S01012213,808,397,411
S01012214,681,335,346
S01012215,843,430,413
S01012216,709,341,368
S01012217,560,265,295
S01012218,487,227,260
S01012219,846,372,474
S01012220,629,297,332
S01012221,628,273,355
S01012222,789,386,403
S01012223,722,356,366
S01012224,767,371,396
S01012225,1070,503,567
S01012226,731,349,382
S01012227,669,318,351
S01012228,693,336,357
S01012229,684,319,365
S01012230,911,430,481
S01012231,831,421,410
S01012232,868,439,429
S01012233,953,477,476
S01012234,1082,542,540
S01012235,457,227,230
S01012236,610,277,333
S01012237,801,416,385
S01012238,604,295,309
S01012239,586,295,291
S01012240,842,414,428
S01012241,569,273,296
S01012242,800,386,414
S01012243,644,309,335
S01012244,961,477,484
S01012245,734,329,405
S01012246,813,399,414
S01012247,742,355,387
S01012248,821,417,404
S01012249,863,433,430
S01012250,681,351,330
S01012251,959,466,493
S01012252,716,362,354
S01012253,874,382,492
S01012254,858,409,449
S01012255,924,429,495
S01012256,867,427,440
S01012257,929,446,483
S01012258,759,367,392
S01012259,606,288,318
S01012260,884,414,470
S01012261,883,436,447
S01012262,797,398,399
S01012263,700,358,342
S01012264,472,234,238
S01012265,788,391,397
S01012266,1060,504,556
S01012267,711,347,364
S01012268,627,303,324
S01012269,1002,472,530
S01012270,777,380,397
S01012271,1023,532,491
S01012272,718,357,361
S01012273,697,339,358
S01012274,916,473,443
S01012275,807,383,424
S01012276,953,456,497
S01012277,1054,516,538
S01012278,719,342,377
S01012279,774,367,407
S01012280,933,451,482
S01012281,704,352,352
S01012282,1119,469,650
S01012283,874,420,454
S01012284,779,374,405
S01012285,537,259,278
S01012286,1049,509,540
S01012287,980,482,498
S01012288,769,378,391
S01012289,858,399,459
S01012290,586,261,325
S01012291,964,490,474
S01012292,757,331,426
S01012293,477,225,252
S01012294,870,409,461
S01012295,754,358,396
S01012296,888,442,446
S01012297,589,289,300
S01012298,811,397,414
S01012299,621,305,316
S01012300,653,312,341
S01012301,951,478,473
S01012302,584,320,264
S01012303,896,450,446
S01012304,983,491,492
S01012305,698,351,347
S01012306,594,278,316
S01012307,619,311,308
S01012308,842,417,425
S01012309,535,262,273
S01012310,891,442,449
S01012311,563,256,307
S01012312,1008,509,499
S01012313,761,379,382
S01012314,851,390,461
S01012315,733,357,376
S01012316,612,298,314
S01012317,558,273,285
S01012318,792,373,419
S01012319,767,375,392
S01012320,687,343,344
S01012321,772,374,398
S01012322,985,481,504
S01012323,868,431,437
S01012324,806,391,415
S01012325,590,280,310
S01012326,554,282,272
S01012327,802,367,435
S01012328,546,267,279
S01012329,831,398,433
S01012330,582,286,296
S01012331,638,312,326
S01012332,988,480,508
S01012333,993,479,514
S01012334,849,396,453
S01012335,989,450,539
S01012336,603,286,317
S01012337,867,407,460
S01012338,715,346,369
S01012339,584,267,317
S01012340,1032,462,570
S01012341,949,483,466
S01012342,929,434,495
S01012343,977,490,487
S01012344,579,276,303
S01012345,700,354,346
S01012346,831,417,414
S01012347,774,355,419
S01012348,720,347,373
S01012349,899,413,486
S01012350,775,372,403
S01012351,850,398,452
S01012352,756,364,392
S01012353,750,348,402
S01012354,768,379,389
S01012355,888,462,426
S01012356,653,302,351
S01012357,840,407,433
S01012358,774,384,390
S01012359,785,372,413
S01012360,808,394,414
S01012361,641,296,345
S01012362,834,389,445
S01012363,962,485,477
S01012364,666,331,335
S01012365,923,464,459
S01012366,864,427,437
S01012367,918,440,478
S01012368,605,296,309
S01012369,875,420,455
S01012370,951,463,488
S01012371,941,448,493
S01012372,740,369,371
S01012373,992,472,520
S01012374,920,437,483
S01012375,928,438,490
S01012376,963,466,497
S01012377,705,348,357
S01012378,570,291,279
S01012379,523,269,254
S01012380,892,438,454
S01012381,846,392,454
S01012382,969,487,482
S01012383,847,388,459
S01012384,515,243,272
S01012385,694,348,346
S01012386,1021,518,503
S01012387,936,468,468
S01012388,704,353,351
S01012389,882,460,422
S01012390,769,391,378
S01012391,1114,566,548
S01012392,791,411,380
S01012393,899,448,451
S01012394,671,322,349
S01012395,618,292,326
S01012396,647,335,312
S01012397,845,416,429
S01012398,877,460,417
S01012399,621,298,323
S01012400,587,318,269
S01012401,770,413,357
S01012402,460,237,223
S01012403,1025,513,512
S01012404,984,503,481
S01012405,726,364,362
S01012406,624,315,309
S01012407,813,395,418
S01012408,652,329,323
S01012409,700,356,344
S01012410,1055,538,517
S01012411,957,515,442
S01012412,646,336,310
S01012413,966,484,482
S01012414,693,353,340
S01012415,576,292,284
S01012416,559,280,279
S01012417,636,318,318
S01012418,788,424,364
S01012419,815,395,420
S01012420,851,410,441
S01012421,727,368,359
S01012422,869,439,430
S01012423,815,396,419
S01012424,950,445,505
S01012425,626,275,351
S01012426,493,225,268
S01012427,674,330,344
S01012428,662,313,349
S01012429,558,256,302
S01012430,551,251,300
S01012431,921,436,485
S01012432,713,329,384
S01012433,503,257,246
S01012434,709,337,372
S01012435,637,304,333
S01012436,748,340,408
S01012437,733,355,378
S01012438,700,345,355
S01012439,795,368,427
S01012440,524,261,263
S01012441,890,425,465
S01012442,1000,501,499
S01012443,746,366,380
S01012444,817,408,409
S01012445,548,276,272
S01012446,501,234,267
S01012447,860,411,449
S01012448,927,452,475
S01012449,571,278,293
S01012450,850,427,423
S01012451,916,404,512
S01012452,589,269,320
S01012453,858,414,444
S01012454,662,315,347
S01012455,612,299,313
S01012456,785,372,413
S01012457,840,409,431
S01012458,813,411,402
S01012459,735,359,376
S01012460,546,257,289
S01012461,545,254,291
S01012462,757,342,415
S01012463,578,279,299
S01012464,625,299,326
S01012465,701,329,372
S01012466,782,369,413
S01012467,699,311,388
S01012468,757,377,380
S01012469,799,362,437
S01012470,962,432,530
S01012471,835,385,450
S01012472,719,336,383
S01012473,554,270,284
S01012474,714,310,404
S01012475,630,312,318
S01012476,941,434,507
S01012477,674,324,350
S01012478,840,403,437
S01012479,688,352,336
S01012480,515,276,239
S01012481,803,395,408
S01012482,816,365,451
S01012483,881,430,451
S01012484,820,396,424
S01012485,869,383,486
S01012486,655,265,390
S01012487,612,297,315
S01012488,903,430,473
S01012489,1052,510,542
S01012490,978,519,459
S01012491,440,200,240
S01012492,772,386,386
S01012493,654,331,323
S01012494,949,461,488
S01012495,1024,490,534
S01012496,765,369,396
S01012497,487,232,255
S01012498,857,394,463
S01012499,775,325,450
S01012500,468,231,237
S01012501,619,295,324
S01012502,832,354,478
S01012503,637,312,325
S01012504,636,295,341
S01012505,1019,481,538
S01012506,493,227,266
S01012507,946,430,516
S01012508,762,356,406
S01012509,541,246,295
S01012510,877,427,450
S01012511,628,298,330
S01012512,677,317,360
S01012513,550,268,282
S01012514,986,486,500
S01012515,612,272,340
S01012516,668,300,368
S01012517,860,417,443
S01012518,563,261,302
S01012519,516,240,276
S01012520,826,382,444
S01012521,515,257,258
S01012522,860,438,422
S01012523,865,410,455
S01012524,872,384,488
S01012525,714,327,387
S01012526,775,365,410
S01012527,625,297,328
S01012528,823,403,420
S01012529,734,332,402
S01012530,874,411,463
S01012531,759,372,387
S01012532,792,381,411
S01012533,532,259,273
S01012534,627,274,353
S01012535,818,379,439
S01012536,750,359,391
S01012537,782,380,402
S01012538,1128,522,606
S01012539,701,359,342
S01012540,717,347,370
S01012541,1066,541,525
S01012542,943,461,482
S01012543,686,332,354
S01012544,856,404,452
S01012545,473,218,255
S01012546,807,386,421
S01012547,746,360,386
S01012548,830,385,445
S01012549,545,251,294
S01012550,824,398,426
S01012551,815,392,423
S01012552,905,450,455
S01012553,839,416,423
S01012554,458,208,250
S01012555,541,268,273
S01012556,545,261,284
S01012557,636,318,318
S01012558,577,277,300
S01012559,767,353,414
S01012560,562,253,309
S01012561,757,340,417
S01012562,747,375,372
S01012563,630,305,325
S01012564,824,378,446
S01012565,779,358,421
S01012566,716,326,390
S01012567,1032,509,523
S01012568,617,292,325
S01012569,806,368,438
S01012570,456,231,225
S01012571,809,426,383
S01012572,520,260,260
S01012573,838,418,420
S01012574,886,429,457
S01012575,657,307,350
S01012576,774,328,446
S01012577,770,389,381
S01012578,994,463,531
S01012579,718,351,367
S01012580,753,380,373
S01012581,747,356,391
S01012582,923,472,451
S01012583,689,355,334
S01012584,739,344,395
S01012585,833,395,438
S01012586,941,532,409
S01012587,862,439,423
S01012588,637,310,327
S01012589,688,335,353
S01012590,777,375,402
S01012591,792,384,408
S01012592,568,296,272
S01012593,823,405,418
S01012594,470,220,250
S01012595,616,302,314
S01012596,788,374,414
S01012597,472,226,246
S01012598,669,330,339
S01012599,660,332,328
S01012600,692,343,349
S01012601,889,443,446
S01012602,588,264,324
S01012603,650,327,323
S01012604,664,307,357
S01012605,515,232,283
S01012606,782,390,392
S01012607,737,353,384
S01012608,801,393,408
S01012609,834,384,450
S01012610,949,448,501
S01012611,804,385,419
S01012612,756,369,387
S01012613,668,325,343
S01012614,1032,493,539
S01012615,674,324,350
S01012616,964,467,497
S01012617,409,203,206
S01012618,529,253,276
S01012619,546,254,292
S01012620,746,369,377
S01012621,578,281,297
S01012622,732,348,384
S01012623,649,309,340
S01012624,715,332,383
S01012625,524,243,281
S01012626,478,226,252
S01012627,526,260,266
S01012628,1014,473,541
S01012629,485,230,255
S01012630,823,395,428
S01012631,931,451,480
S01012632,726,375,351
S01012633,679,332,347
S01012634,685,343,342
S01012635,1085,540,545
S01012636,613,302,311
S01012637,848,414,434
S01012638,872,424,448
S01012639,844,410,434
S01012640,944,462,482
S01012641,1105,493,612
S01012642,804,357,447
S01012643,470,219,251
S01012644,708,322,386
S01012645,826,387,439
S01012646,972,463,509
S01012647,733,351,382
S01012648,554,276,278
S01012649,674,327,347
S01012650,587,296,291
S01012651,649,296,353
S01012652,1045,522,523
S01012653,885,441,444
S01012654,767,381,386
S01012655,1132,526,606
S01012656,821,377,444
S01012657,542,236,306
S01012658,938,422,516
S01012659,1066,513,553
S01012660,715,338,377
S01012661,739,357,382
S01012662,732,323,409
S01012663,691,336,355
S01012664,946,455,491
S01012665,717,335,382
S01012666,650,278,372
S01012667,580,286,294
S01012668,761,348,413
S01012669,722,340,382
S01012670,696,340,356
S01012671,931,448,483
S01012672,722,352,370
S01012673,582,255,327
S01012674,582,281,301
S01012675,766,369,397
S01012676,835,405,430
S01012677,583,284,299
S01012678,727,350,377
S01012679,791,402,389
S01012680,557,263,294
S01012681,705,340,365
S01012682,766,346,420
S01012683,749,365,384
S01012684,573,270,303
S01012685,779,377,402
S01012686,949,478,471
S01012687,538,260,278
S01012688,791,372,419
S01012689,487,232,255
S01012690,532,268,264
S01012691,766,378,388
S01012692,754,349,405
S01012693,905,461,444
S01012694,476,231,245
S01012695,830,411,419
S01012696,861,516,345
S01012697,509,254,255
S01012698,748,369,379
S01012699,1045,489,556
S01012700,834,396,438
S01012701,551,265,286
S01012702,588,273,315
S01012703,606,308,298
S01012704,772,361,411
S01012705,780,358,422
S01012706,687,349,338
S01012707,898,450,448
S01012708,723,337,386
S01012709,506,232,274
S01012710,701,346,355
S01012711,821,413,408
S01012712,857,422,435
S01012713,727,330,397
S01012714,598,291,307
S01012715,696,336,360
S01012716,842,397,445
S01012717,945,446,499
S01012718,989,469,520
S01012719,778,389,389
S01012720,506,283,223
S01012721,644,296,348
S01012722,742,365,377
S01012723,688,336,352
S01012724,728,358,370
S01012725,881,439,442
S01012726,641,286,355
S01012727,708,337,371
S01012728,814,362,452
S01012729,837,404,433
S01012730,556,248,308
S01012731,797,381,416
S01012732,678,326,352
S01012733,1087,530,557
S01012734,640,294,346
S01012735,476,240,236
S01012736,959,458,501
S01012737,800,394,406
S01012738,612,294,318
S01012739,841,422,419
S01012740,890,429,461
S01012741,555,277,278
S01012742,689,344,345
S01012743,581,269,312
S01012744,675,330,345
S01012745,704,330,374
S01012746,772,392,380
S01012747,831,403,428
S01012748,829,399,430
S01012749,876,419,457
S01012750,788,394,394
S01012751,817,391,426
S01012752,832,411,421
S01012753,496,208,288
S01012754,538,262,276
S01012755,524,230,294
S01012756,496,228,268
S01012757,461,217,244
S01012758,608,287,321
S01012759,722,343,379
S01012760,1008,464,544
S01012761,754,366,388
S01012762,708,344,364
S01012763,402,184,218
S01012764,764,370,394
S01012765,720,343,377
S01012766,904,427,477
S01012767,568,288,280
S01012768,726,358,368
S01012769,470,244,226
S01012770,839,389,450
S01012771,705,326,379
S01012772,685,318,367
S01012773,853,423,430
S01012774,859,406,453
S01012775,409,201,208
S01012776,738,359,379
S01012777,969,456,513
S01012778,732,341,391
S01012779,458,219,239
S01012780,731,319,412
S01012781,655,330,325
S01012782,614,295,319
S01012783,698,325,373
S01012784,745,375,370
S01012785,733,355,378
S01012786,692,342,350
S01012787,550,258,292
S01012788,615,311,304
S01012789,740,371,369
S01012790,609,284,325
S01012791,720,335,385
S01012792,957,440,517
S01012793,767,419,348
S01012794,590,300,290
S01012795,1052,504,548
S01012796,787,393,394
S01012797,690,318,372
S01012798,720,351,369
S01012799,778,382,396
S01012800,894,422,472
S01012801,426,188,238
S01012802,612,306,306
S01012803,675,327,348
S01012804,764,336,428
S01012805,912,412,500
S01012806,734,350,384
S01012807,587,284,303
S01012808,1059,493,566
S01012809,618,309,309
S01012810,898,418,480
S01012811,770,371,399
S01012812,666,310,356
S01012813,884,422,462
S01012814,836,406,430
S01012815,875,433,442
S01012816,583,271,312
S01012817,563,282,281
S01012818,840,420,420
S01012819,735,344,391
S01012820,1027,505,522
S01012821,772,391,381
S01012822,474,229,245
S01012823,860,442,418
S01012824,664,320,344
S01012825,483,253,230
S01012826,599,275,324
S01012827,702,346,356
S01012828,583,298,285
S01012829,865,401,464
S01012830,690,324,366
S01012831,630,295,335
S01012832,544,260,284
S01012833,714,309,405
S01012834,675,330,345
S01012835,879,435,444
S01012836,713,322,391
S01012837,735,380,355
S01012838,917,445,472
S01012839,666,321,345
S01012840,786,403,383
S01012841,589,294,295
S01012842,475,235,240
S01012843,979,476,503
S01012844,697,350,347
S01012845,685,333,352
S01012846,926,430,496
S01012847,547,257,290
S01012848,773,371,402
S01012849,683,325,358
S01012850,710,339,371
S01012851,803,372,431
S01012852,696,325,371
S01012853,772,376,396
S01012854,797,371,426
S01012855,642,322,320
S01012856,667,335,332
S01012857,859,377,482
S01012858,696,330,366
S01012859,1014,477,537
S01012860,1067,447,620
S01012861,687,305,382
S01012862,588,292,296
S01012863,621,337,284
S01012864,775,393,382
S01012865,779,351,428
S01012866,749,347,402
S01012867,720,342,378
S01012868,554,295,259
S01012869,546,255,291
S01012870,915,452,463
S01012871,815,369,446
S01012872,726,373,353
S01012873,801,369,432
S01012874,778,361,417
S01012875,573,272,301
S01012876,801,353,448
S01012877,726,327,399
S01012878,927,432,495
S01012879,729,337,392
S01012880,892,427,465
S01012881,864,378,486
S01012882,603,286,317
S01012883,634,310,324
S01012884,531,243,288
S01012885,446,211,235
S01012886,766,369,397
S01012887,734,342,392
S01012888,826,387,439
S01012889,875,426,449
S01012890,717,326,391
S01012891,548,244,304
S01012892,1107,509,598
S01012893,746,332,414
S01012894,814,389,425
S01012895,522,257,265
S01012896,840,418,422
S01012897,607,294,313
S01012898,567,280,287
S01012899,529,284,245
S01012900,732,347,385
S01012901,689,329,360
S01012902,748,374,374
S01012903,811,381,430
S01012904,816,382,434
S01012905,622,283,339
S01012906,900,416,484
S01012907,858,405,453
S01012908,699,314,385
S01012909,610,294,316
S01012910,879,441,438
S01012911,728,355,373
S01012912,673,307,366
S01012913,882,412,470
S01012914,848,433,415
S01012915,1060,511,549
S01012916,658,332,326
S01012917,717,351,366
S01012918,490,248,242
S01012919,455,216,239
S01012920,571,279,292
S01012921,705,320,385
S01012922,1012,502,510
S01012923,706,346,360
S01012924,500,268,232
S01012925,482,239,243
S01012926,697,348,349
S01012927,772,382,390
S01012928,810,385,425
S01012929,749,355,394
S01012930,863,400,463
S01012931,883,423,460
S01012932,512,256,256
S01012933,803,380,423
S01012934,708,324,384
S01012935,887,427,460
S01012936,726,348,378
S01012937,692,351,341
S01012938,691,323,368
S01012939,651,329,322
S01012940,698,335,363
S01012941,789,401,388
S01012942,788,365,423
S01012943,751,365,386
S01012944,525,250,275
S01012945,749,353,396
S01012946,861,422,439
S01012947,453,230,223
S01012948,681,321,360
S01012949,667,338,329
S01012950,865,436,429
S01012951,914,468,446
S01012952,640,322,318
S01012953,685,337,348
S01012954,485,259,226
S01012955,941,488,453
S01012956,994,456,538
S01012957,633,309,324
S01012958,502,254,248
S01012959,572,266,306
S01012960,602,279,323
S01012961,521,250,271
S01012962,649,317,332
S01012963,812,413,399
S01012964,644,318,326
S01012965,742,333,409
S01012966,754,339,415
S01012967,493,239,254
S01012968,660,320,340
S01012969,688,323,365
S01012970,579,287,292
S01012971,833,388,445
S01012972,797,366,431
S01012973,790,387,403
S01012974,1022,487,535
S01012975,618,288,330
S01012976,522,252,270
S01012977,719,361,358
S01012978,808,398,410
S01012979,669,308,361
S01012980,668,314,354
S01012981,748,374,374
S01012982,820,390,430
S01012983,745,348,397
S01012984,628,289,339
S01012985,783,381,402
S01012986,746,355,391
S01012987,733,347,386
S01012988,883,393,490
S01012989,962,458,504
S01012990,602,273,329
S01012991,836,373,463
S01012992,786,346,440
S01012993,689,318,371
S01012994,871,423,448
S01012995,795,387,408
S01012996,651,304,347
S01012997,487,240,247
S01012998,1055,495,560
S01012999,479,224,255
S01013000,642,305,337
S01013001,382,185,197
S01013002,495,247,248
S01013003,641,313,328
S01013004,678,303,375
S01013005,743,376,367
S01013006,614,316,298
S01013007,950,431,519
S01013008,778,357,421
S01013009,634,276,358
S01013010,595,303,292
S01013011,705,341,364
S01013012,663,298,365
S01013013,731,341,390
S01013014,732,356,376
S01013015,761,372,389
S01013016,609,297,312
S01013017,846,399,447
S01013018,953,460,493
S01013019,898,438,460
S01013020,466,212,254
S01013021,464,219,245
S01013022,430,209,221
S01013023,857,415,442
S01013024,527,255,272
S01013025,545,260,285
S01013026,1001,500,501
S01013027,1026,473,553
S01013028,457,231,226
S01013029,577,279,298
S01013030,627,306,321
S01013031,635,305,330
S01013032,810,399,411
S01013033,669,321,348
S01013034,717,348,369
S01013035,676,306,370
S01013036,770,366,404
S01013037,772,355,417
S01013038,980,467,513
S01013039,527,246,281
S01013040,628,294,334
S01013041,587,300,287
S01013042,795,400,395
S01013043,704,336,368
S01013044,832,394,438
S01013045,713,335,378
S01013046,506,245,261
S01013047,931,445,486
S01013048,791,402,389
S01013049,803,403,400
S01013050,729,346,383
S01013051,931,445,486
S01013052,738,344,394
S01013053,618,296,322
S01013054,664,326,338
S01013055,688,319,369
S01013056,904,421,483
S01013057,870,403,467
S01013058,625,312,313
S01013059,779,364,415
S01013060,515,258,257
S01013061,794,374,420
S01013062,878,413,465
S01013063,818,394,424
S01013064,866,413,453
S01013065,864,431,433
S01013066,728,352,376
S01013067,836,405,431
S01013068,781,388,393
S01013069,735,352,383
S01013070,624,302,322
S01013071,962,457,505
S01013072,517,248,269
S01013073,795,350,445
S01013074,715,335,380
S01013075,868,426,442
S01013076,754,360,394
S01013077,717,336,381
S01013078,572,271,301
S01013079,1354,529,825
S01013080,871,448,423
S01013081,643,299,344
S01013082,830,402,428
S01013083,2302,1046,1256
S01013084,759,379,380
S01013085,704,311,393
S01013086,865,410,455
S01013087,841,387,454
S01013088,927,470,457
S01013089,749,351,398
S01013090,789,399,390
S01013091,496,266,230
S01013092,893,412,481
S01013093,472,230,242
S01013094,602,305,297
S01013095,889,442,447
S01013096,730,342,388
S01013097,622,303,319
S01013098,708,341,367
S01013099,908,416,492
S01013100,630,301,329
S01013101,993,461,532
S01013102,603,260,343
S01013103,863,425,438
S01013104,984,479,505
S01013105,901,439,462
S01013106,814,415,399
S01013107,663,335,328
S01013108,596,284,312
S01013109,1090,565,525
S01013110,598,323,275
S01013111,457,218,239
S01013112,652,313,339
S01013113,815,376,439
S01013114,814,413,401
S01013115,624,289,335
S01013116,761,355,406
S01013117,636,313,323
S01013118,526,261,265
S01013119,785,376,409
S01013120,970,475,495
S01013121,402,200,202
S01013122,598,310,288
S01013123,774,366,408
S01013124,719,337,382
S01013125,798,368,430
S01013126,743,358,385
S01013127,853,372,481
S01013128,624,305,319
S01013129,1173,535,638
S01013130,710,311,399
S01013131,653,312,341
S01013132,587,262,325
S01013133,894,417,477
S01013134,840,407,433
S01013135,771,364,407
S01013136,928,464,464
S01013137,745,363,382
S01013138,704,303,401
S01013139,878,422,456
S01013140,816,377,439
S01013141,647,301,346
S01013142,863,372,491
S01013143,853,401,452
S01013144,894,413,481
S01013145,704,338,366
S01013146,455,224,231
S01013147,726,356,370
S01013148,757,362,395
S01013149,824,367,457
S01013150,846,381,465
S01013151,569,269,300
S01013152,910,432,478
S01013153,890,422,468
S01013154,979,437,542
S01013155,908,411,497
S01013156,865,388,477
S01013157,983,449,534
S01013158,600,271,329
S01013159,701,348,353
S01013160,728,351,377
S01013161,1021,496,525
S01013162,815,375,440
S01013163,702,355,347
S01013164,1064,550,514
S01013165,911,434,477
S01013166,642,335,307
S01013167,655,346,309
S01013168,922,426,496
S01013169,853,402,451
S01013170,528,266,262
S01013171,679,319,360
S01013172,749,330,419
S01013173,799,394,405
S01013174,793,392,401
S01013175,867,437,430
S01013176,777,358,419
S01013177,617,315,302
S01013178,719,357,362
S01013179,789,380,409
S01013180,434,217,217
S01013181,718,346,372
S01013182,743,335,408
S01013183,834,426,408
S01013184,572,268,304
S01013185,810,358,452
S01013186,673,310,363
S01013187,825,391,434
S01013188,885,450,435
S01013189,618,294,324
S01013190,805,387,418
S01013191,1055,517,538
S01013192,952,421,531
S01013193,649,310,339
S01013194,568,288,280
S01013195,991,490,501
S01013196,626,326,300
S01013197,577,274,303
S01013198,803,364,439
S01013199,907,430,477
S01013200,727,327,400
S01013201,741,358,383
S01013202,574,269,305
S01013203,717,348,369
S01013204,793,390,403
S01013205,629,291,338
S01013206,627,310,317
S01013207,787,378,409
S01013208,919,433,486
S01013209,819,366,453
S01013210,588,293,295
S01013211,859,412,447
S01013212,590,311,279
S01013213,555,281,274
S01013214,438,218,220
S01013215,762,392,370
S01013216,588,281,307
S01013217,676,324,352
S01013218,609,281,328
S01013219,527,254,273
S01013220,696,342,354
S01013221,907,433,474
S01013222,595,259,336
S01013223,1123,516,607
S01013224,814,397,417
S01013225,812,378,434
S01013226,514,248,266
S01013227,703,340,363
S01013228,702,352,350
S01013229,772,365,407
S01013230,654,313,341
S01013231,732,326,406
S01013232,691,319,372
S01013233,579,290,289
S01013234,383,187,196
S01013235,760,377,383
S01013236,872,410,462
S01013237,819,398,421
S01013238,767,354,413
S01013239,885,402,483
S01013240,534,244,290
S01013241,821,407,414
S01013242,603,294,309
S01013243,735,362,373
S01013244,752,371,381
S01013245,1009,485,524
S01013246,467,230,237
S01013247,791,362,429
S01013248,629,305,324
S01013249,460,241,219
S01013250,864,442,422
S01013251,780,381,399
S01013252,680,338,342
S01013253,708,370,338
S01013254,633,306,327
S01013255,1356,915,441
S01013256,754,362,392
S01013257,803,382,421
S01013258,766,369,397
S01013259,841,398,443
S01013260,887,414,473
S01013261,812,395,417
S01013262,642,332,310
S01013263,557,284,273
S01013264,524,259,265
S01013265,675,345,330
S01013266,566,284,282
S01013267,576,262,314
S01013268,839,384,455
S01013269,949,463,486
S01013270,829,405,424
S01013271,597,302,295
S01013272,777,395,382
S01013273,939,475,464
S01013274,793,412,381
S01013275,727,350,377
S01013276,611,315,296
S01013277,889,411,478
S01013278,879,413,466
S01013279,740,325,415
S01013280,585,298,287
S01013281,963,438,525
S01013282,827,406,421
S01013283,642,340,302
S01013284,651,321,330
S01013285,656,311,345
S01013286,667,333,334
S01013287,784,390,394
S01013288,660,303,357
S01013289,762,366,396
S01013290,911,434,477
S01013291,724,371,353
S01013292,726,358,368
S01013293,714,357,357
S01013294,729,360,369
S01013295,746,361,385
S01013296,712,328,384
S01013297,688,320,368
S01013298,684,338,346
S01013299,1019,490,529
S01013300,552,265,287
S01013301,486,234,252
S01013302,614,315,299
S01013303,881,430,451
S01013304,932,470,462
S01013305,952,475,477
S01013306,931,474,457
S01013307,1047,531,516
S01013308,995,458,537
S01013309,636,328,308
S01013310,649,311,338
S01013311,804,376,428
S01013312,1042,502,540
S01013313,692,323,369
S01013314,670,302,368
S01013315,567,292,275
S01013316,663,314,349
S01013317,521,258,263
S01013318,612,313,299
S01013319,574,294,280
S01013320,1040,516,524
S01013321,423,196,227
S01013322,801,392,409
S01013323,947,468,479
S01013324,649,313,336
S01013325,915,402,513
S01013326,541,251,290
S01013327,697,331,366
S01013328,652,320,332
S01013329,538,269,269
S01013330,1055,534,521
S01013331,647,345,302
S01013332,673,328,345
S01013333,826,403,423
S01013334,784,376,408
S01013335,825,393,432
S01013336,863,421,442
S01013337,950,488,462
S01013338,588,295,293
S01013339,584,276,308
S01013340,805,401,404
S01013341,898,462,436
S01013342,644,335,309
S01013343,673,337,336
S01013344,802,378,424
S01013345,762,367,395
S01013346,881,435,446
S01013347,700,350,350
S01013348,470,233,237
S01013349,785,397,388
S01013350,662,319,343
S01013351,784,374,410
S01013352,897,409,488
S01013353,669,326,343
S01013354,727,358,369
S01013355,653,310,343
S01013356,754,381,373
S01013357,827,390,437
S01013358,811,381,430
S01013359,621,295,326
S01013360,687,320,367
S01013361,550,252,298
S01013362,494,214,280
S01013363,753,374,379
S01013364,903,447,456
S01013365,779,387,392
S01013366,888,434,454
S01013367,584,286,298
S01013368,766,385,381
S01013369,911,413,498
S01013370,615,297,318
S01013371,661,302,359
S01013372,1094,525,569
S01013373,925,455,470
S01013374,959,425,534
S01013375,574,283,291
S01013376,594,286,308
S01013377,772,362,410
S01013378,979,482,497
S01013379,826,403,423
S01013380,147,62,85
S01013381,489,237,252
S01013382,553,284,269
S01013383,679,328,351
S01013384,748,347,401
S01013385,485,236,249
S01013386,860,410,450
S01013387,612,290,322
S01013388,759,364,395
S01013389,757,372,385
S01013390,459,233,226
S01013391,435,210,225
S01013392,761,381,380
S01013393,713,362,351
S01013394,680,320,360
S01013395,728,352,376
S01013396,689,353,336
S01013397,858,413,445
S01013398,612,313,299
S01013399,1094,528,566
S01013400,637,313,324
S01013401,805,390,415
S01013402,1057,521,536
S01013403,889,443,446
S01013404,595,292,303
S01013405,663,309,354
S01013406,612,294,318
S01013407,534,250,284
S01013408,658,310,348
S01013409,1067,525,542
S01013410,687,328,359
S01013411,723,369,354
S01013412,797,388,409
S01013413,776,381,395
S01013414,878,399,479
S01013415,649,309,340
S01013416,576,278,298
S01013417,821,413,408
S01013418,642,323,319
S01013419,468,231,237
S01013420,565,264,301
S01013421,804,406,398
S01013422,724,340,384
S01013423,820,389,431
S01013424,494,246,248
S01013425,429,215,214
S01013426,830,393,437
S01013427,452,225,227
S01013428,944,485,459
S01013429,681,331,350
S01013430,693,342,351
S01013431,683,329,354
S01013432,728,351,377
S01013433,746,360,386
S01013434,534,266,268
S01013435,664,342,322
S01013436,884,431,453
S01013437,645,308,337
S01013438,575,279,296
S01013439,899,436,463
S01013440,1024,509,515
S01013441,771,399,372
S01013442,785,369,416
S01013443,635,324,311
S01013444,928,432,496
S01013445,717,334,383
S01013446,713,344,369
S01013447,645,315,330
S01013448,798,383,415
S01013449,640,313,327
S01013450,588,300,288
S01013451,871,423,448
S01013452,779,397,382
S01013453,772,384,388
S01013454,753,377,376
S01013455,560,295,265
S01013456,772,363,409
S01013457,909,431,478
S01013458,711,360,351
S01013459,837,398,439
S01013460,849,411,438
S01013461,1098,550,548
S01013462,830,414,416
S01013463,590,290,300
S01013464,706,334,372
S01013465,669,326,343
S01013466,459,198,261
S01013467,950,455,495
S01013468,668,303,365
S01013469,744,368,376
S01013470,742,366,376
S01013471,935,449,486
S01013472,648,307,341
S01013473,682,335,347
S01013474,639,311,328
S01013475,613,324,289
S01013476,626,302,324
S01013477,605,314,291
S01013478,860,425,435
S01013479,786,369,417
S01013480,671,318,353
S01013481,451,219,232
