,All schoolchildren and full-time students aged 4 and over,Males,Females
S92000003,41551,19555,21996
S01006506,11,5,6
S01006507,9,7,2
S01006508,10,4,6
S01006509,4,2,2
S01006510,1,1,0
S01006511,7,3,4
S01006512,22,13,9
S01006513,9,5,4
S01006514,38,25,13
S01006515,23,12,11
S01006516,13,4,9
S01006517,37,14,23
S01006518,22,13,9
S01006519,34,18,16
S01006520,29,19,10
S01006521,15,6,9
S01006522,21,13,8
S01006523,19,7,12
S01006524,17,9,8
S01006525,18,9,9
S01006526,4,0,4
S01006527,4,1,3
S01006528,4,1,3
S01006529,4,0,4
S01006530,0,0,0
S01006531,3,2,1
S01006532,7,3,4
S01006533,14,6,8
S01006534,13,5,8
S01006535,13,5,8
S01006536,3,2,1
S01006537,11,3,8
S01006538,4,2,2
S01006539,4,2,2
S01006540,9,6,3
S01006541,2,0,2
S01006542,17,4,13
S01006543,9,3,6
S01006544,11,4,7
S01006545,11,8,3
S01006546,9,5,4
S01006547,5,2,3
S01006548,9,2,7
S01006549,9,0,9
S01006550,14,5,9
S01006551,3,0,3
S01006552,10,5,5
S01006553,5,3,2
S01006554,2,1,1
S01006555,1,0,1
S01006556,3,1,2
S01006557,2,0,2
S01006558,13,5,8
S01006559,20,9,11
S01006560,21,8,13
S01006561,14,7,7
S01006562,10,3,7
S01006563,10,5,5
S01006564,6,4,2
S01006565,6,2,4
S01006566,2,0,2
S01006567,2,1,1
S01006568,7,2,5
S01006569,2,0,2
S01006570,10,6,4
S01006571,10,6,4
S01006572,35,15,20
S01006573,36,20,16
S01006574,27,12,15
S01006575,11,5,6
S01006576,7,0,7
S01006577,7,2,5
S01006578,2,2,0
S01006579,4,3,1
S01006580,12,8,4
S01006581,24,11,13
S01006582,5,2,3
S01006583,3,1,2
S01006584,6,6,0
S01006585,1,0,1
S01006586,7,2,5
S01006587,1,1,0
S01006588,11,8,3
S01006589,4,1,3
S01006590,2,1,1
S01006591,4,1,3
S01006592,1,1,0
S01006593,8,7,1
S01006594,2,2,0
S01006595,1,1,0
S01006596,5,3,2
S01006597,1,1,0
S01006598,8,1,7
S01006599,2,2,0
S01006600,2,1,1
S01006601,9,6,3
S01006602,16,10,6
S01006603,1,1,0
S01006604,1,1,0
S01006605,2,1,1
S01006606,5,2,3
S01006607,1,0,1
S01006608,1,1,0
S01006609,1,1,0
S01006610,1,1,0
S01006611,1,0,1
S01006612,2,0,2
S01006613,4,3,1
S01006614,1,0,1
S01006615,0,0,0
S01006616,1,0,1
S01006617,6,0,6
S01006618,3,1,2
S01006619,6,3,3
S01006620,2,1,1
S01006621,3,2,1
S01006622,0,0,0
S01006623,0,0,0
S01006624,5,3,2
S01006625,0,0,0
S01006626,2,1,1
S01006627,0,0,0
S01006628,0,0,0
S01006629,5,3,2
S01006630,2,2,0
S01006631,4,1,3
S01006632,2,1,1
S01006633,0,0,0
S01006634,3,3,0
S01006635,1,1,0
S01006636,0,0,0
S01006637,4,4,0
S01006638,1,1,0
S01006639,2,2,0
S01006640,1,0,1
S01006641,4,3,1
S01006642,12,5,7
S01006643,3,0,3
S01006644,1,0,1
S01006645,6,1,5
S01006646,8,4,4
S01006647,2,0,2
S01006648,11,5,6
S01006649,4,1,3
S01006650,2,1,1
S01006651,3,3,0
S01006652,0,0,0
S01006653,2,2,0
S01006654,3,0,3
S01006655,2,0,2
S01006656,17,7,10
S01006657,1,1,0
S01006658,2,2,0
S01006659,9,6,3
S01006660,5,1,4
S01006661,0,0,0
S01006662,13,8,5
S01006663,4,0,4
S01006664,4,3,1
S01006665,1,1,0
S01006666,6,2,4
S01006667,4,1,3
S01006668,2,1,1
S01006669,6,2,4
S01006670,8,5,3
S01006671,19,8,11
S01006672,5,1,4
S01006673,3,0,3
S01006674,4,3,1
S01006675,0,0,0
S01006676,2,1,1
S01006677,1,1,0
S01006678,2,1,1
S01006679,1,0,1
S01006680,2,2,0
S01006681,0,0,0
S01006682,4,0,4
S01006683,3,1,2
S01006684,4,1,3
S01006685,2,1,1
S01006686,5,4,1
S01006687,3,3,0
S01006688,3,0,3
S01006689,2,0,2
S01006690,1,1,0
S01006691,1,0,1
S01006692,0,0,0
S01006693,1,0,1
S01006694,0,0,0
S01006695,4,2,2
S01006696,2,1,1
S01006697,4,1,3
S01006698,0,0,0
S01006699,3,1,2
S01006700,5,3,2
S01006701,0,0,0
S01006702,1,1,0
S01006703,4,2,2
S01006704,0,0,0
S01006705,2,1,1
S01006706,3,1,2
S01006707,1,0,1
S01006708,2,1,1
S01006709,1,0,1
S01006710,2,0,2
S01006711,1,1,0
S01006712,0,0,0
S01006713,0,0,0
S01006714,1,0,1
S01006715,1,1,0
S01006716,3,2,1
S01006717,1,0,1
S01006718,3,1,2
S01006719,3,1,2
S01006720,4,2,2
S01006721,1,0,1
S01006722,0,0,0
S01006723,3,1,2
S01006724,4,2,2
S01006725,2,0,2
S01006726,4,2,2
S01006727,2,0,2
S01006728,5,3,2
S01006729,1,1,0
S01006730,1,0,1
S01006731,0,0,0
S01006732,16,8,8
S01006733,8,2,6
S01006734,11,2,9
S01006735,10,5,5
S01006736,3,2,1
S01006737,7,4,3
S01006738,5,5,0
S01006739,1,1,0
S01006740,3,1,2
S01006741,2,1,1
S01006742,0,0,0
S01006743,4,2,2
S01006744,2,1,1
S01006745,5,2,3
S01006746,2,0,2
S01006747,4,1,3
S01006748,3,2,1
S01006749,3,3,0
S01006750,2,2,0
S01006751,1,1,0
S01006752,2,1,1
S01006753,3,2,1
S01006754,3,1,2
S01006755,2,2,0
S01006756,2,0,2
S01006757,4,4,0
S01006758,2,1,1
S01006759,1,0,1
S01006760,1,0,1
S01006761,2,1,1
S01006762,3,1,2
S01006763,2,1,1
S01006764,0,0,0
S01006765,3,2,1
S01006766,8,4,4
S01006767,0,0,0
S01006768,9,4,5
S01006769,3,1,2
S01006770,4,3,1
S01006771,4,0,4
S01006772,2,0,2
S01006773,6,5,1
S01006774,6,1,5
S01006775,2,2,0
S01006776,3,2,1
S01006777,2,2,0
S01006778,4,1,3
S01006779,4,2,2
S01006780,3,2,1
S01006781,1,0,1
S01006782,1,0,1
S01006783,1,0,1
S01006784,1,1,0
S01006785,1,0,1
S01006786,4,3,1
S01006787,1,0,1
S01006788,2,1,1
S01006789,10,4,6
S01006790,13,4,9
S01006791,10,3,7
S01006792,12,5,7
S01006793,9,1,8
S01006794,12,5,7
S01006795,21,10,11
S01006796,13,7,6
S01006797,16,10,6
S01006798,23,8,15
S01006799,19,10,9
S01006800,44,27,17
S01006801,11,3,8
S01006802,8,1,7
S01006803,8,3,5
S01006804,5,4,1
S01006805,12,7,5
S01006806,22,13,9
S01006807,9,7,2
S01006808,19,11,8
S01006809,6,5,1
S01006810,4,1,3
S01006811,21,13,8
S01006812,4,2,2
S01006813,4,2,2
S01006814,18,8,10
S01006815,2,0,2
S01006816,2,1,1
S01006817,3,0,3
S01006818,9,2,7
S01006819,13,8,5
S01006820,2,2,0
S01006821,16,7,9
S01006822,9,5,4
S01006823,15,6,9
S01006824,6,3,3
S01006825,5,2,3
S01006826,19,6,13
S01006827,5,2,3
S01006828,8,3,5
S01006829,7,3,4
S01006830,6,2,4
S01006831,6,1,5
S01006832,18,2,16
S01006833,12,6,6
S01006834,9,5,4
S01006835,7,4,3
S01006836,4,2,2
S01006837,7,4,3
S01006838,4,1,3
S01006839,8,1,7
S01006840,13,5,8
S01006841,10,3,7
S01006842,2,1,1
S01006843,6,1,5
S01006844,4,2,2
S01006845,7,6,1
S01006846,3,1,2
S01006847,4,2,2
S01006848,23,14,9
S01006849,6,3,3
S01006850,2,0,2
S01006851,4,2,2
S01006852,9,5,4
S01006853,33,11,22
S01006854,8,3,5
S01006855,19,9,10
S01006856,9,7,2
S01006857,18,6,12
S01006858,16,8,8
S01006859,46,24,22
S01006860,8,6,2
S01006861,11,4,7
S01006862,12,7,5
S01006863,7,0,7
S01006864,5,2,3
S01006865,15,8,7
S01006866,27,12,15
S01006867,26,13,13
S01006868,26,13,13
S01006869,5,2,3
S01006870,13,7,6
S01006871,16,8,8
S01006872,29,15,14
S01006873,17,10,7
S01006874,28,15,13
S01006875,9,4,5
S01006876,20,11,9
S01006877,20,11,9
S01006878,14,10,4
S01006879,12,4,8
S01006880,10,5,5
S01006881,10,6,4
S01006882,1,1,0
S01006883,3,2,1
S01006884,20,13,7
S01006885,14,8,6
S01006886,31,19,12
S01006887,10,4,6
S01006888,11,4,7
S01006889,5,2,3
S01006890,7,2,5
S01006891,17,6,11
S01006892,1,0,1
S01006893,4,2,2
S01006894,11,3,8
S01006895,3,0,3
S01006896,4,3,1
S01006897,3,0,3
S01006898,6,3,3
S01006899,4,1,3
S01006900,6,1,5
S01006901,5,3,2
S01006902,4,4,0
S01006903,2,1,1
S01006904,11,5,6
S01006905,11,6,5
S01006906,2,2,0
S01006907,6,3,3
S01006908,8,3,5
S01006909,15,6,9
S01006910,24,10,14
S01006911,3,2,1
S01006912,12,4,8
S01006913,8,1,7
S01006914,17,9,8
S01006915,14,8,6
S01006916,2,1,1
S01006917,6,2,4
S01006918,8,2,6
S01006919,9,3,6
S01006920,4,1,3
S01006921,1,1,0
S01006922,4,2,2
S01006923,8,5,3
S01006924,7,2,5
S01006925,5,3,2
S01006926,4,2,2
S01006927,3,0,3
S01006928,5,4,1
S01006929,20,7,13
S01006930,14,11,3
S01006931,9,4,5
S01006932,5,1,4
S01006933,9,5,4
S01006934,5,3,2
S01006935,7,5,2
S01006936,4,3,1
S01006937,1,0,1
S01006938,5,3,2
S01006939,4,2,2
S01006940,13,6,7
S01006941,3,3,0
S01006942,11,4,7
S01006943,8,6,2
S01006944,0,0,0
S01006945,3,0,3
S01006946,7,4,3
S01006947,7,1,6
S01006948,10,5,5
S01006949,18,8,10
S01006950,1,1,0
S01006951,5,2,3
S01006952,3,1,2
S01006953,6,2,4
S01006954,5,2,3
S01006955,1,1,0
S01006956,7,4,3
S01006957,9,3,6
S01006958,7,3,4
S01006959,8,6,2
S01006960,7,4,3
S01006961,10,6,4
S01006962,6,4,2
S01006963,4,1,3
S01006964,4,3,1
S01006965,9,4,5
S01006966,1,0,1
S01006967,5,0,5
S01006968,1,0,1
S01006969,3,0,3
S01006970,12,9,3
S01006971,3,1,2
S01006972,4,2,2
S01006973,10,6,4
S01006974,22,5,17
S01006975,12,6,6
S01006976,6,3,3
S01006977,7,2,5
S01006978,21,8,13
S01006979,12,6,6
S01006980,8,2,6
S01006981,9,2,7
S01006982,9,5,4
S01006983,11,5,6
S01006984,12,8,4
S01006985,15,8,7
S01006986,4,2,2
S01006987,9,3,6
S01006988,2,1,1
S01006989,15,6,9
S01006990,8,4,4
S01006991,3,1,2
S01006992,9,6,3
S01006993,8,4,4
S01006994,16,9,7
S01006995,8,1,7
S01006996,9,4,5
S01006997,11,4,7
S01006998,10,1,9
S01006999,7,2,5
S01007000,10,4,6
S01007001,12,6,6
S01007002,3,1,2
S01007003,11,5,6
S01007004,15,8,7
S01007005,21,4,17
S01007006,5,1,4
S01007007,15,9,6
S01007008,8,2,6
S01007009,8,3,5
S01007010,16,11,5
S01007011,2,1,1
S01007012,3,0,3
S01007013,10,5,5
S01007014,10,2,8
S01007015,9,2,7
S01007016,12,7,5
S01007017,4,1,3
S01007018,6,2,4
S01007019,8,3,5
S01007020,12,6,6
S01007021,5,2,3
S01007022,3,1,2
S01007023,5,1,4
S01007024,20,8,12
S01007025,7,3,4
S01007026,6,2,4
S01007027,6,2,4
S01007028,9,4,5
S01007029,1,0,1
S01007030,6,1,5
S01007031,6,2,4
S01007032,8,4,4
S01007033,2,0,2
S01007034,6,2,4
S01007035,2,1,1
S01007036,13,5,8
S01007037,5,4,1
S01007038,3,2,1
S01007039,7,3,4
S01007040,5,3,2
S01007041,11,5,6
S01007042,6,3,3
S01007043,24,5,19
S01007044,6,5,1
S01007045,7,4,3
S01007046,2,0,2
S01007047,4,1,3
S01007048,9,4,5
S01007049,4,2,2
S01007050,4,2,2
S01007051,2,1,1
S01007052,6,3,3
S01007053,8,4,4
S01007054,2,0,2
S01007055,2,2,0
S01007056,6,1,5
S01007057,5,4,1
S01007058,5,1,4
S01007059,12,6,6
S01007060,4,0,4
S01007061,7,2,5
S01007062,11,7,4
S01007063,12,2,10
S01007064,14,7,7
S01007065,3,2,1
S01007066,5,2,3
S01007067,3,1,2
S01007068,8,4,4
S01007069,5,2,3
S01007070,1,1,0
S01007071,7,3,4
S01007072,5,3,2
S01007073,8,5,3
S01007074,5,3,2
S01007075,2,1,1
S01007076,1,1,0
S01007077,5,1,4
S01007078,4,3,1
S01007079,2,0,2
S01007080,3,1,2
S01007081,7,6,1
S01007082,1,1,0
S01007083,2,0,2
S01007084,3,2,1
S01007085,5,3,2
S01007086,3,2,1
S01007087,4,1,3
S01007088,0,0,0
S01007089,8,3,5
S01007090,1,1,0
S01007091,5,2,3
S01007092,1,0,1
S01007093,5,2,3
S01007094,5,1,4
S01007095,8,4,4
S01007096,7,4,3
S01007097,5,2,3
S01007098,11,4,7
S01007099,7,5,2
S01007100,7,1,6
S01007101,4,1,3
S01007102,7,4,3
S01007103,8,4,4
S01007104,9,3,6
S01007105,6,4,2
S01007106,11,3,8
S01007107,8,3,5
S01007108,2,2,0
S01007109,5,2,3
S01007110,2,1,1
S01007111,4,2,2
S01007112,11,5,6
S01007113,10,3,7
S01007114,6,5,1
S01007115,5,1,4
S01007116,17,9,8
S01007117,9,7,2
S01007118,1,1,0
S01007119,4,2,2
S01007120,5,1,4
S01007121,1,1,0
S01007122,5,3,2
S01007123,2,0,2
S01007124,5,2,3
S01007125,5,3,2
S01007126,3,0,3
S01007127,10,5,5
S01007128,3,3,0
S01007129,11,4,7
S01007130,5,2,3
S01007131,7,2,5
S01007132,6,3,3
S01007133,8,4,4
S01007134,2,1,1
S01007135,13,8,5
S01007136,19,10,9
S01007137,4,2,2
S01007138,12,5,7
S01007139,5,2,3
S01007140,13,6,7
S01007141,7,2,5
S01007142,3,1,2
S01007143,4,3,1
S01007144,7,1,6
S01007145,5,0,5
S01007146,5,2,3
S01007147,11,5,6
S01007148,6,5,1
S01007149,2,1,1
S01007150,6,3,3
S01007151,7,3,4
S01007152,3,1,2
S01007153,10,4,6
S01007154,6,4,2
S01007155,3,2,1
S01007156,4,2,2
S01007157,6,2,4
S01007158,4,1,3
S01007159,2,2,0
S01007160,5,2,3
S01007161,3,1,2
S01007162,2,1,1
S01007163,5,3,2
S01007164,6,2,4
S01007165,11,6,5
S01007166,3,1,2
S01007167,15,7,8
S01007168,11,3,8
S01007169,8,5,3
S01007170,11,6,5
S01007171,12,3,9
S01007172,10,5,5
S01007173,9,6,3
S01007174,6,3,3
S01007175,5,3,2
S01007176,4,2,2
S01007177,6,1,5
S01007178,5,1,4
S01007179,7,5,2
S01007180,8,4,4
S01007181,20,11,9
S01007182,15,8,7
S01007183,5,2,3
S01007184,5,3,2
S01007185,2,1,1
S01007186,4,0,4
S01007187,4,3,1
S01007188,1,0,1
S01007189,3,1,2
S01007190,5,1,4
S01007191,2,0,2
S01007192,3,1,2
S01007193,4,2,2
S01007194,0,0,0
S01007195,4,1,3
S01007196,2,1,1
S01007197,2,1,1
S01007198,3,2,1
S01007199,3,2,1
S01007200,1,0,1
S01007201,4,4,0
S01007202,5,3,2
S01007203,4,3,1
S01007204,12,6,6
S01007205,9,7,2
S01007206,0,0,0
S01007207,2,0,2
S01007208,3,2,1
S01007209,8,1,7
S01007210,3,1,2
S01007211,3,2,1
S01007212,1,1,0
S01007213,7,5,2
S01007214,1,0,1
S01007215,9,6,3
S01007216,2,1,1
S01007217,8,2,6
S01007218,18,10,8
S01007219,4,2,2
S01007220,4,0,4
S01007221,1,0,1
S01007222,1,1,0
S01007223,10,4,6
S01007224,7,3,4
S01007225,6,3,3
S01007226,19,10,9
S01007227,6,0,6
S01007228,18,7,11
S01007229,27,14,13
S01007230,2,1,1
S01007231,3,1,2
S01007232,2,1,1
S01007233,8,6,2
S01007234,0,0,0
S01007235,5,4,1
S01007236,4,3,1
S01007237,10,4,6
S01007238,1,0,1
S01007239,8,2,6
S01007240,2,0,2
S01007241,14,6,8
S01007242,12,5,7
S01007243,7,3,4
S01007244,17,4,13
S01007245,3,2,1
S01007246,2,0,2
S01007247,13,7,6
S01007248,11,4,7
S01007249,5,4,1
S01007250,3,2,1
S01007251,8,2,6
S01007252,6,4,2
S01007253,9,4,5
S01007254,2,1,1
S01007255,3,1,2
S01007256,8,4,4
S01007257,5,2,3
S01007258,10,7,3
S01007259,1,1,0
S01007260,3,1,2
S01007261,7,4,3
S01007262,2,0,2
S01007263,3,0,3
S01007264,7,3,4
S01007265,7,3,4
S01007266,5,0,5
S01007267,11,8,3
S01007268,14,6,8
S01007269,6,4,2
S01007270,4,3,1
S01007271,8,3,5
S01007272,4,1,3
S01007273,7,3,4
S01007274,7,4,3
S01007275,6,3,3
S01007276,5,2,3
S01007277,10,6,4
S01007278,11,2,9
S01007279,14,7,7
S01007280,3,1,2
S01007281,15,5,10
S01007282,9,4,5
S01007283,16,11,5
S01007284,27,13,14
S01007285,24,13,11
S01007286,22,9,13
S01007287,18,9,9
S01007288,13,5,8
S01007289,22,14,8
S01007290,7,2,5
S01007291,5,0,5
S01007292,11,6,5
S01007293,8,1,7
S01007294,10,5,5
S01007295,2,2,0
S01007296,2,2,0
S01007297,13,9,4
S01007298,4,2,2
S01007299,5,5,0
S01007300,2,2,0
S01007301,13,6,7
S01007302,4,2,2
S01007303,23,14,9
S01007304,19,11,8
S01007305,20,7,13
S01007306,17,12,5
S01007307,23,12,11
S01007308,17,9,8
S01007309,22,12,10
S01007310,13,1,12
S01007311,7,5,2
S01007312,16,9,7
S01007313,28,14,14
S01007314,9,5,4
S01007315,20,11,9
S01007316,17,6,11
S01007317,22,10,12
S01007318,10,5,5
S01007319,16,9,7
S01007320,27,13,14
S01007321,12,6,6
S01007322,6,5,1
S01007323,10,6,4
S01007324,14,7,7
S01007325,12,6,6
S01007326,15,3,12
S01007327,8,2,6
S01007328,17,7,10
S01007329,16,3,13
S01007330,10,4,6
S01007331,19,10,9
S01007332,4,2,2
S01007333,19,13,6
S01007334,3,0,3
S01007335,7,0,7
S01007336,1,1,0
S01007337,6,2,4
S01007338,11,4,7
S01007339,10,5,5
S01007340,5,3,2
S01007341,12,5,7
S01007342,17,7,10
S01007343,11,5,6
S01007344,3,2,1
S01007345,7,4,3
S01007346,1,0,1
S01007347,9,3,6
S01007348,4,3,1
S01007349,7,3,4
S01007350,5,2,3
S01007351,14,7,7
S01007352,12,7,5
S01007353,10,6,4
S01007354,7,2,5
S01007355,33,19,14
S01007356,18,8,10
S01007357,14,9,5
S01007358,8,3,5
S01007359,9,5,4
S01007360,2,1,1
S01007361,9,5,4
S01007362,10,3,7
S01007363,12,6,6
S01007364,2,1,1
S01007365,4,3,1
S01007366,5,1,4
S01007367,6,2,4
S01007368,4,0,4
S01007369,9,5,4
S01007370,8,4,4
S01007371,4,0,4
S01007372,16,7,9
S01007373,5,3,2
S01007374,4,3,1
S01007375,3,2,1
S01007376,4,0,4
S01007377,14,7,7
S01007378,6,3,3
S01007379,3,0,3
S01007380,6,2,4
S01007381,22,3,19
S01007382,9,3,6
S01007383,15,5,10
S01007384,14,6,8
S01007385,5,2,3
S01007386,33,12,21
S01007387,20,11,9
S01007388,18,8,10
S01007389,7,5,2
S01007390,1,1,0
S01007391,9,3,6
S01007392,6,3,3
S01007393,15,6,9
S01007394,10,4,6
S01007395,2,2,0
S01007396,5,0,5
S01007397,9,5,4
S01007398,0,0,0
S01007399,0,0,0
S01007400,8,4,4
S01007401,8,3,5
S01007402,5,2,3
S01007403,16,5,11
S01007404,12,7,5
S01007405,11,8,3
S01007406,10,7,3
S01007407,6,1,5
S01007408,6,4,2
S01007409,6,3,3
S01007410,5,4,1
S01007411,3,1,2
S01007412,1,0,1
S01007413,9,5,4
S01007414,2,0,2
S01007415,4,1,3
S01007416,2,1,1
S01007417,12,6,6
S01007418,4,2,2
S01007419,6,2,4
S01007420,5,2,3
S01007421,0,0,0
S01007422,9,5,4
S01007423,7,2,5
S01007424,9,2,7
S01007425,2,1,1
S01007426,6,3,3
S01007427,3,2,1
S01007428,9,3,6
S01007429,4,4,0
S01007430,10,6,4
S01007431,10,3,7
S01007432,6,2,4
S01007433,12,5,7
S01007434,2,0,2
S01007435,4,2,2
S01007436,0,0,0
S01007437,6,3,3
S01007438,4,2,2
S01007439,6,2,4
S01007440,5,2,3
S01007441,8,0,8
S01007442,21,7,14
S01007443,24,12,12
S01007444,36,18,18
S01007445,33,19,14
S01007446,23,8,15
S01007447,18,11,7
S01007448,9,4,5
S01007449,4,2,2
S01007450,1,0,1
S01007451,2,0,2
S01007452,3,0,3
S01007453,5,0,5
S01007454,1,0,1
S01007455,3,0,3
S01007456,2,2,0
S01007457,6,2,4
S01007458,2,1,1
S01007459,10,8,2
S01007460,3,0,3
S01007461,1,0,1
S01007462,6,4,2
S01007463,7,5,2
S01007464,0,0,0
S01007465,0,0,0
S01007466,3,0,3
S01007467,5,4,1
S01007468,7,4,3
S01007469,3,3,0
S01007470,3,3,0
S01007471,6,4,2
S01007472,2,1,1
S01007473,1,1,0
S01007474,9,3,6
S01007475,6,3,3
S01007476,4,4,0
S01007477,7,4,3
S01007478,8,4,4
S01007479,2,1,1
S01007480,2,2,0
S01007481,27,16,11
S01007482,3,1,2
S01007483,7,2,5
S01007484,6,3,3
S01007485,1,1,0
S01007486,1,1,0
S01007487,9,4,5
S01007488,6,4,2
S01007489,14,7,7
S01007490,6,2,4
S01007491,11,1,10
S01007492,10,3,7
S01007493,8,3,5
S01007494,4,2,2
S01007495,19,8,11
S01007496,9,3,6
S01007497,14,8,6
S01007498,7,3,4
S01007499,11,2,9
S01007500,7,4,3
S01007501,6,3,3
S01007502,6,2,4
S01007503,7,4,3
S01007504,11,10,1
S01007505,10,4,6
S01007506,12,5,7
S01007507,8,7,1
S01007508,6,2,4
S01007509,10,3,7
S01007510,11,5,6
S01007511,4,3,1
S01007512,4,3,1
S01007513,14,8,6
S01007514,6,3,3
S01007515,9,5,4
S01007516,6,2,4
S01007517,6,3,3
S01007518,4,2,2
S01007519,9,4,5
S01007520,7,4,3
S01007521,12,5,7
S01007522,11,7,4
S01007523,14,2,12
S01007524,20,10,10
S01007525,7,4,3
S01007526,2,0,2
S01007527,3,2,1
S01007528,7,2,5
S01007529,16,9,7
S01007530,10,5,5
S01007531,19,6,13
S01007532,17,10,7
S01007533,11,7,4
S01007534,7,5,2
S01007535,18,9,9
S01007536,9,4,5
S01007537,10,3,7
S01007538,18,7,11
S01007539,9,3,6
S01007540,7,4,3
S01007541,6,2,4
S01007542,8,7,1
S01007543,8,1,7
S01007544,24,10,14
S01007545,12,6,6
S01007546,8,3,5
S01007547,7,6,1
S01007548,12,4,8
S01007549,10,4,6
S01007550,22,8,14
S01007551,17,10,7
S01007552,7,4,3
S01007553,1,1,0
S01007554,0,0,0
S01007555,14,8,6
S01007556,3,2,1
S01007557,2,1,1
S01007558,4,1,3
S01007559,16,10,6
S01007560,18,7,11
S01007561,8,4,4
S01007562,18,9,9
S01007563,9,3,6
S01007564,24,15,9
S01007565,21,11,10
S01007566,13,3,10
S01007567,13,7,6
S01007568,15,6,9
S01007569,14,10,4
S01007570,6,3,3
S01007571,16,8,8
S01007572,5,2,3
S01007573,9,7,2
S01007574,3,3,0
S01007575,4,2,2
S01007576,1,0,1
S01007577,5,5,0
S01007578,0,0,0
S01007579,0,0,0
S01007580,6,0,6
S01007581,4,2,2
S01007582,3,0,3
S01007583,6,3,3
S01007584,1,1,0
S01007585,13,9,4
S01007586,5,2,3
S01007587,13,8,5
S01007588,35,17,18
S01007589,11,6,5
S01007590,10,4,6
S01007591,12,7,5
S01007592,3,1,2
S01007593,8,3,5
S01007594,5,3,2
S01007595,17,7,10
S01007596,11,5,6
S01007597,15,7,8
S01007598,12,7,5
S01007599,10,5,5
S01007600,11,7,4
S01007601,8,4,4
S01007602,8,3,5
S01007603,26,12,14
S01007604,16,10,6
S01007605,10,6,4
S01007606,5,1,4
S01007607,11,4,7
S01007608,13,7,6
S01007609,6,5,1
S01007610,2,1,1
S01007611,3,2,1
S01007612,5,1,4
S01007613,20,12,8
S01007614,19,13,6
S01007615,17,9,8
S01007616,5,2,3
S01007617,4,2,2
S01007618,0,0,0
S01007619,2,0,2
S01007620,4,2,2
S01007621,1,0,1
S01007622,4,1,3
S01007623,9,3,6
S01007624,6,3,3
S01007625,5,1,4
S01007626,5,2,3
S01007627,5,1,4
S01007628,10,4,6
S01007629,10,3,7
S01007630,10,6,4
S01007631,14,6,8
S01007632,11,6,5
S01007633,6,3,3
S01007634,10,7,3
S01007635,6,3,3
S01007636,4,2,2
S01007637,6,1,5
S01007638,9,5,4
S01007639,7,3,4
S01007640,4,3,1
S01007641,11,4,7
S01007642,14,3,11
S01007643,18,5,13
S01007644,13,5,8
S01007645,9,6,3
S01007646,6,4,2
S01007647,11,6,5
S01007648,15,5,10
S01007649,4,2,2
S01007650,19,9,10
S01007651,5,2,3
S01007652,4,1,3
S01007653,4,1,3
S01007654,13,7,6
S01007655,5,1,4
S01007656,17,6,11
S01007657,6,5,1
S01007658,6,4,2
S01007659,8,6,2
S01007660,2,1,1
S01007661,7,5,2
S01007662,3,2,1
S01007663,8,5,3
S01007664,3,3,0
S01007665,4,2,2
S01007666,7,4,3
S01007667,13,4,9
S01007668,7,4,3
S01007669,3,1,2
S01007670,5,3,2
S01007671,12,1,11
S01007672,17,7,10
S01007673,4,1,3
S01007674,8,3,5
S01007675,12,6,6
S01007676,5,1,4
S01007677,2,0,2
S01007678,3,1,2
S01007679,4,1,3
S01007680,9,4,5
S01007681,1,0,1
S01007682,15,8,7
S01007683,13,9,4
S01007684,23,12,11
S01007685,43,21,22
S01007686,10,8,2
S01007687,17,6,11
S01007688,5,3,2
S01007689,8,3,5
S01007690,5,3,2
S01007691,20,10,10
S01007692,1,1,0
S01007693,7,3,4
S01007694,2,0,2
S01007695,1,0,1
S01007696,2,2,0
S01007697,5,3,2
S01007698,5,2,3
S01007699,4,2,2
S01007700,12,6,6
S01007701,2,1,1
S01007702,5,2,3
S01007703,3,1,2
S01007704,1,0,1
S01007705,4,2,2
S01007706,1,0,1
S01007707,3,1,2
S01007708,5,3,2
S01007709,0,0,0
S01007710,0,0,0
S01007711,3,0,3
S01007712,1,1,0
S01007713,4,2,2
S01007714,2,2,0
S01007715,3,1,2
S01007716,3,1,2
S01007717,7,3,4
S01007718,2,0,2
S01007719,4,2,2
S01007720,0,0,0
S01007721,0,0,0
S01007722,0,0,0
S01007723,2,1,1
S01007724,0,0,0
S01007725,2,1,1
S01007726,1,1,0
S01007727,2,0,2
S01007728,1,1,0
S01007729,4,3,1
S01007730,1,0,1
S01007731,3,2,1
S01007732,6,2,4
S01007733,4,3,1
S01007734,7,3,4
S01007735,8,3,5
S01007736,4,2,2
S01007737,2,1,1
S01007738,6,2,4
S01007739,0,0,0
S01007740,3,2,1
S01007741,0,0,0
S01007742,2,1,1
S01007743,2,0,2
S01007744,1,0,1
S01007745,4,2,2
S01007746,1,1,0
S01007747,2,2,0
S01007748,2,1,1
S01007749,1,1,0
S01007750,9,2,7
S01007751,3,2,1
S01007752,11,5,6
S01007753,2,1,1
S01007754,0,0,0
S01007755,0,0,0
S01007756,0,0,0
S01007757,12,3,9
S01007758,16,8,8
S01007759,4,0,4
S01007760,7,5,2
S01007761,23,10,13
S01007762,2,1,1
S01007763,3,1,2
S01007764,11,6,5
S01007765,2,2,0
S01007766,10,4,6
S01007767,13,8,5
S01007768,9,4,5
S01007769,8,2,6
S01007770,12,1,11
S01007771,7,3,4
S01007772,3,1,2
S01007773,8,4,4
S01007774,8,2,6
S01007775,3,3,0
S01007776,8,1,7
S01007777,10,5,5
S01007778,3,3,0
S01007779,2,0,2
S01007780,5,4,1
S01007781,3,1,2
S01007782,0,0,0
S01007783,0,0,0
S01007784,3,2,1
S01007785,0,0,0
S01007786,2,0,2
S01007787,0,0,0
S01007788,0,0,0
S01007789,5,1,4
S01007790,3,1,2
S01007791,0,0,0
S01007792,1,1,0
S01007793,2,0,2
S01007794,1,1,0
S01007795,1,1,0
S01007796,1,1,0
S01007797,0,0,0
S01007798,4,1,3
S01007799,1,1,0
S01007800,0,0,0
S01007801,3,3,0
S01007802,2,1,1
S01007803,0,0,0
S01007804,1,1,0
S01007805,2,2,0
S01007806,3,2,1
S01007807,4,2,2
S01007808,6,3,3
S01007809,5,1,4
S01007810,2,1,1
S01007811,1,1,0
S01007812,2,0,2
S01007813,1,0,1
S01007814,0,0,0
S01007815,3,2,1
S01007816,1,0,1
S01007817,1,1,0
S01007818,2,0,2
S01007819,4,2,2
S01007820,2,1,1
S01007821,2,2,0
S01007822,2,1,1
S01007823,3,1,2
S01007824,3,1,2
S01007825,10,2,8
S01007826,0,0,0
S01007827,3,2,1
S01007828,2,2,0
S01007829,3,0,3
S01007830,3,3,0
S01007831,1,1,0
S01007832,2,0,2
S01007833,3,2,1
S01007834,5,2,3
S01007835,6,3,3
S01007836,1,1,0
S01007837,5,1,4
S01007838,5,3,2
S01007839,2,1,1
S01007840,0,0,0
S01007841,1,0,1
S01007842,0,0,0
S01007843,3,2,1
S01007844,3,0,3
S01007845,0,0,0
S01007846,2,1,1
S01007847,1,1,0
S01007848,2,2,0
S01007849,6,2,4
S01007850,0,0,0
S01007851,0,0,0
S01007852,3,0,3
S01007853,2,1,1
S01007854,5,0,5
S01007855,5,2,3
S01007856,1,0,1
S01007857,0,0,0
S01007858,3,0,3
S01007859,4,1,3
S01007860,1,0,1
S01007861,0,0,0
S01007862,2,0,2
S01007863,2,0,2
S01007864,1,1,0
S01007865,2,1,1
S01007866,1,1,0
S01007867,4,2,2
S01007868,7,4,3
S01007869,12,9,3
S01007870,2,1,1
S01007871,1,1,0
S01007872,1,1,0
S01007873,2,1,1
S01007874,0,0,0
S01007875,2,1,1
S01007876,5,1,4
S01007877,0,0,0
S01007878,0,0,0
S01007879,2,1,1
S01007880,4,3,1
S01007881,2,1,1
S01007882,14,7,7
S01007883,9,2,7
S01007884,0,0,0
S01007885,2,1,1
S01007886,5,3,2
S01007887,6,2,4
S01007888,3,1,2
S01007889,2,1,1
S01007890,4,3,1
S01007891,4,2,2
S01007892,4,1,3
S01007893,6,5,1
S01007894,6,2,4
S01007895,9,4,5
S01007896,5,1,4
S01007897,5,1,4
S01007898,3,1,2
S01007899,1,0,1
S01007900,4,1,3
S01007901,6,1,5
S01007902,3,1,2
S01007903,2,2,0
S01007904,6,3,3
S01007905,1,0,1
S01007906,2,1,1
S01007907,4,2,2
S01007908,2,1,1
S01007909,5,2,3
S01007910,3,2,1
S01007911,7,2,5
S01007912,5,3,2
S01007913,0,0,0
S01007914,2,1,1
S01007915,4,2,2
S01007916,4,3,1
S01007917,3,1,2
S01007918,11,4,7
S01007919,4,2,2
S01007920,7,5,2
S01007921,3,2,1
S01007922,1,1,0
S01007923,6,4,2
S01007924,4,3,1
S01007925,7,3,4
S01007926,9,3,6
S01007927,12,5,7
S01007928,13,7,6
S01007929,6,1,5
S01007930,9,6,3
S01007931,8,1,7
S01007932,2,1,1
S01007933,5,1,4
S01007934,6,2,4
S01007935,8,3,5
S01007936,7,5,2
S01007937,2,1,1
S01007938,5,2,3
S01007939,1,0,1
S01007940,4,3,1
S01007941,4,3,1
S01007942,1,0,1
S01007943,4,1,3
S01007944,4,1,3
S01007945,3,2,1
S01007946,3,2,1
S01007947,7,3,4
S01007948,2,0,2
S01007949,5,3,2
S01007950,7,1,6
S01007951,4,1,3
S01007952,3,2,1
S01007953,2,1,1
S01007954,4,3,1
S01007955,2,0,2
S01007956,1,0,1
S01007957,2,1,1
S01007958,5,3,2
S01007959,3,1,2
S01007960,0,0,0
S01007961,5,4,1
S01007962,0,0,0
S01007963,1,1,0
S01007964,0,0,0
S01007965,1,0,1
S01007966,3,1,2
S01007967,4,1,3
S01007968,6,1,5
S01007969,3,1,2
S01007970,3,1,2
S01007971,1,1,0
S01007972,8,5,3
S01007973,5,1,4
S01007974,4,3,1
S01007975,2,1,1
S01007976,0,0,0
S01007977,2,1,1
S01007978,2,1,1
S01007979,6,2,4
S01007980,2,2,0
S01007981,1,1,0
S01007982,0,0,0
S01007983,1,0,1
S01007984,2,0,2
S01007985,4,3,1
S01007986,1,1,0
S01007987,2,1,1
S01007988,1,1,0
S01007989,5,2,3
S01007990,6,5,1
S01007991,5,2,3
S01007992,5,1,4
S01007993,3,3,0
S01007994,3,3,0
S01007995,2,1,1
S01007996,4,2,2
S01007997,8,5,3
S01007998,5,5,0
S01007999,0,0,0
S01008000,4,2,2
S01008001,4,1,3
S01008002,1,0,1
S01008003,0,0,0
S01008004,2,1,1
S01008005,3,3,0
S01008006,2,1,1
S01008007,1,0,1
S01008008,3,1,2
S01008009,1,0,1
S01008010,5,2,3
S01008011,1,1,0
S01008012,6,3,3
S01008013,2,0,2
S01008014,4,2,2
S01008015,5,2,3
S01008016,0,0,0
S01008017,6,0,6
S01008018,8,4,4
S01008019,10,2,8
S01008020,4,2,2
S01008021,7,3,4
S01008022,3,1,2
S01008023,2,0,2
S01008024,2,2,0
S01008025,2,1,1
S01008026,4,3,1
S01008027,0,0,0
S01008028,4,2,2
S01008029,8,6,2
S01008030,6,2,4
S01008031,2,1,1
S01008032,6,4,2
S01008033,17,9,8
S01008034,16,6,10
S01008035,2,2,0
S01008036,4,2,2
S01008037,9,5,4
S01008038,2,1,1
S01008039,0,0,0
S01008040,15,8,7
S01008041,4,3,1
S01008042,14,9,5
S01008043,13,6,7
S01008044,14,4,10
S01008045,19,4,15
S01008046,1,1,0
S01008047,9,6,3
S01008048,9,5,4
S01008049,8,3,5
S01008050,10,6,4
S01008051,5,2,3
S01008052,5,1,4
S01008053,5,2,3
S01008054,19,17,2
S01008055,23,14,9
S01008056,17,7,10
S01008057,17,7,10
S01008058,18,11,7
S01008059,3,0,3
S01008060,7,5,2
S01008061,5,4,1
S01008062,1,0,1
S01008063,18,9,9
S01008064,7,5,2
S01008065,24,10,14
S01008066,41,17,24
S01008067,12,8,4
S01008068,7,3,4
S01008069,11,5,6
S01008070,2,1,1
S01008071,6,3,3
S01008072,8,3,5
S01008073,7,4,3
S01008074,7,3,4
S01008075,7,2,5
S01008076,6,3,3
S01008077,20,13,7
S01008078,10,3,7
S01008079,5,3,2
S01008080,5,2,3
S01008081,7,2,5
S01008082,1,1,0
S01008083,5,5,0
S01008084,10,3,7
S01008085,20,7,13
S01008086,8,5,3
S01008087,4,2,2
S01008088,4,1,3
S01008089,4,1,3
S01008090,4,2,2
S01008091,3,1,2
S01008092,10,4,6
S01008093,1,0,1
S01008094,6,3,3
S01008095,1,0,1
S01008096,0,0,0
S01008097,3,2,1
S01008098,1,0,1
S01008099,4,1,3
S01008100,5,3,2
S01008101,4,0,4
S01008102,2,0,2
S01008103,1,1,0
S01008104,2,1,1
S01008105,2,2,0
S01008106,0,0,0
S01008107,3,2,1
S01008108,3,1,2
S01008109,2,0,2
S01008110,3,2,1
S01008111,5,2,3
S01008112,4,4,0
S01008113,5,3,2
S01008114,0,0,0
S01008115,5,4,1
S01008116,8,3,5
S01008117,8,5,3
S01008118,3,2,1
S01008119,0,0,0
S01008120,7,6,1
S01008121,10,1,9
S01008122,15,5,10
S01008123,10,8,2
S01008124,4,1,3
S01008125,3,0,3
S01008126,8,4,4
S01008127,8,7,1
S01008128,9,6,3
S01008129,3,1,2
S01008130,6,3,3
S01008131,6,3,3
S01008132,2,2,0
S01008133,2,1,1
S01008134,3,1,2
S01008135,5,4,1
S01008136,3,1,2
S01008137,1,1,0
S01008138,2,0,2
S01008139,3,2,1
S01008140,1,1,0
S01008141,0,0,0
S01008142,2,1,1
S01008143,4,2,2
S01008144,2,1,1
S01008145,2,1,1
S01008146,1,0,1
S01008147,0,0,0
S01008148,2,1,1
S01008149,0,0,0
S01008150,1,0,1
S01008151,2,0,2
S01008152,4,1,3
S01008153,8,2,6
S01008154,5,2,3
S01008155,2,0,2
S01008156,1,1,0
S01008157,7,2,5
S01008158,2,0,2
S01008159,3,2,1
S01008160,0,0,0
S01008161,6,4,2
S01008162,4,1,3
S01008163,4,3,1
S01008164,8,1,7
S01008165,5,2,3
S01008166,1,0,1
S01008167,2,0,2
S01008168,2,1,1
S01008169,0,0,0
S01008170,8,5,3
S01008171,3,1,2
S01008172,1,1,0
S01008173,9,5,4
S01008174,1,0,1
S01008175,1,0,1
S01008176,6,3,3
S01008177,4,2,2
S01008178,6,3,3
S01008179,2,1,1
S01008180,4,2,2
S01008181,5,5,0
S01008182,2,0,2
S01008183,7,4,3
S01008184,4,3,1
S01008185,15,8,7
S01008186,5,3,2
S01008187,4,2,2
S01008188,5,4,1
S01008189,3,2,1
S01008190,3,1,2
S01008191,4,2,2
S01008192,9,4,5
S01008193,10,5,5
S01008194,7,6,1
S01008195,3,0,3
S01008196,0,0,0
S01008197,3,2,1
S01008198,1,0,1
S01008199,1,0,1
S01008200,2,1,1
S01008201,3,3,0
S01008202,4,2,2
S01008203,1,1,0
S01008204,2,1,1
S01008205,10,4,6
S01008206,4,2,2
S01008207,2,2,0
S01008208,7,6,1
S01008209,1,1,0
S01008210,11,7,4
S01008211,9,5,4
S01008212,10,4,6
S01008213,11,4,7
S01008214,3,0,3
S01008215,8,5,3
S01008216,4,1,3
S01008217,3,1,2
S01008218,9,4,5
S01008219,6,2,4
S01008220,2,1,1
S01008221,3,0,3
S01008222,4,2,2
S01008223,1,1,0
S01008224,5,2,3
S01008225,9,5,4
S01008226,1,0,1
S01008227,4,3,1
S01008228,1,0,1
S01008229,1,0,1
S01008230,8,2,6
S01008231,2,1,1
S01008232,4,1,3
S01008233,4,2,2
S01008234,1,0,1
S01008235,10,5,5
S01008236,9,6,3
S01008237,17,10,7
S01008238,3,0,3
S01008239,4,2,2
S01008240,20,11,9
S01008241,12,5,7
S01008242,10,3,7
S01008243,17,9,8
S01008244,16,6,10
S01008245,23,11,12
S01008246,21,11,10
S01008247,26,16,10
S01008248,31,15,16
S01008249,33,19,14
S01008250,23,8,15
S01008251,12,7,5
S01008252,25,12,13
S01008253,5,3,2
S01008254,6,4,2
S01008255,15,9,6
S01008256,13,5,8
S01008257,8,5,3
S01008258,12,8,4
S01008259,5,4,1
S01008260,7,3,4
S01008261,4,2,2
S01008262,8,5,3
S01008263,15,7,8
S01008264,3,2,1
S01008265,16,10,6
S01008266,21,5,16
S01008267,21,9,12
S01008268,31,12,19
S01008269,10,5,5
S01008270,24,9,15
S01008271,7,4,3
S01008272,36,13,23
S01008273,27,17,10
S01008274,11,5,6
S01008275,13,4,9
S01008276,25,16,9
S01008277,30,18,12
S01008278,38,20,18
S01008279,10,5,5
S01008280,15,7,8
S01008281,17,10,7
S01008282,6,1,5
S01008283,5,2,3
S01008284,12,2,10
S01008285,5,2,3
S01008286,10,8,2
S01008287,15,6,9
S01008288,15,6,9
S01008289,3,3,0
S01008290,14,5,9
S01008291,4,2,2
S01008292,7,5,2
S01008293,7,4,3
S01008294,5,3,2
S01008295,0,0,0
S01008296,2,1,1
S01008297,6,2,4
S01008298,0,0,0
S01008299,2,2,0
S01008300,2,1,1
S01008301,5,0,5
S01008302,12,7,5
S01008303,2,1,1
S01008304,2,1,1
S01008305,3,1,2
S01008306,3,0,3
S01008307,1,0,1
S01008308,0,0,0
S01008309,0,0,0
S01008310,1,1,0
S01008311,0,0,0
S01008312,0,0,0
S01008313,2,1,1
S01008314,1,0,1
S01008315,1,0,1
S01008316,2,1,1
S01008317,2,2,0
S01008318,7,3,4
S01008319,0,0,0
S01008320,1,1,0
S01008321,5,1,4
S01008322,5,1,4
S01008323,0,0,0
S01008324,5,3,2
S01008325,1,1,0
S01008326,1,1,0
S01008327,1,1,0
S01008328,5,1,4
S01008329,10,4,6
S01008330,11,7,4
S01008331,8,5,3
S01008332,8,7,1
S01008333,10,4,6
S01008334,7,3,4
S01008335,0,0,0
S01008336,9,5,4
S01008337,4,3,1
S01008338,1,0,1
S01008339,4,0,4
S01008340,9,7,2
S01008341,10,4,6
S01008342,14,8,6
S01008343,12,5,7
S01008344,22,7,15
S01008345,29,18,11
S01008346,10,5,5
S01008347,8,2,6
S01008348,10,2,8
S01008349,17,8,9
S01008350,4,1,3
S01008351,8,6,2
S01008352,8,4,4
S01008353,4,4,0
S01008354,8,4,4
S01008355,3,3,0
S01008356,4,4,0
S01008357,5,1,4
S01008358,2,1,1
S01008359,2,1,1
S01008360,8,6,2
S01008361,5,1,4
S01008362,6,4,2
S01008363,7,4,3
S01008364,7,2,5
S01008365,9,4,5
S01008366,7,1,6
S01008367,3,1,2
S01008368,1,1,0
S01008369,1,1,0
S01008370,2,1,1
S01008371,3,1,2
S01008372,4,2,2
S01008373,12,4,8
S01008374,7,2,5
S01008375,8,5,3
S01008376,4,1,3
S01008377,6,1,5
S01008378,7,4,3
S01008379,4,1,3
S01008380,9,2,7
S01008381,1,0,1
S01008382,2,1,1
S01008383,2,0,2
S01008384,6,4,2
S01008385,5,1,4
S01008386,1,0,1
S01008387,2,0,2
S01008388,1,0,1
S01008389,3,1,2
S01008390,6,3,3
S01008391,3,1,2
S01008392,21,7,14
S01008393,9,5,4
S01008394,10,2,8
S01008395,4,1,3
S01008396,2,0,2
S01008397,16,3,13
S01008398,6,2,4
S01008399,5,3,2
S01008400,2,0,2
S01008401,6,3,3
S01008402,31,14,17
S01008403,2,2,0
S01008404,13,8,5
S01008405,25,17,8
S01008406,8,3,5
S01008407,4,2,2
S01008408,0,0,0
S01008409,4,0,4
S01008410,5,0,5
S01008411,0,0,0
S01008412,4,2,2
S01008413,5,4,1
S01008414,8,4,4
S01008415,1,0,1
S01008416,3,1,2
S01008417,10,3,7
S01008418,11,4,7
S01008419,8,4,4
S01008420,9,4,5
S01008421,4,0,4
S01008422,11,8,3
S01008423,28,13,15
S01008424,14,6,8
S01008425,33,14,19
S01008426,2,1,1
S01008427,16,6,10
S01008428,1,1,0
S01008429,9,3,6
S01008430,8,3,5
S01008431,7,5,2
S01008432,7,3,4
S01008433,1,1,0
S01008434,7,1,6
S01008435,9,4,5
S01008436,17,8,9
S01008437,11,3,8
S01008438,16,7,9
S01008439,44,18,26
S01008440,22,7,15
S01008441,25,15,10
S01008442,11,5,6
S01008443,20,9,11
S01008444,21,9,12
S01008445,15,7,8
S01008446,26,13,13
S01008447,22,7,15
S01008448,5,2,3
S01008449,2,1,1
S01008450,3,1,2
S01008451,1,0,1
S01008452,6,2,4
S01008453,2,0,2
S01008454,6,1,5
S01008455,1,1,0
S01008456,2,2,0
S01008457,0,0,0
S01008458,4,3,1
S01008459,5,3,2
S01008460,3,2,1
S01008461,3,2,1
S01008462,1,1,0
S01008463,3,0,3
S01008464,1,0,1
S01008465,1,1,0
S01008466,0,0,0
S01008467,1,1,0
S01008468,1,1,0
S01008469,1,0,1
S01008470,0,0,0
S01008471,3,1,2
S01008472,1,1,0
S01008473,0,0,0
S01008474,1,0,1
S01008475,0,0,0
S01008476,2,2,0
S01008477,1,1,0
S01008478,0,0,0
S01008479,0,0,0
S01008480,2,1,1
S01008481,2,0,2
S01008482,0,0,0
S01008483,1,1,0
S01008484,1,0,1
S01008485,5,2,3
S01008486,4,2,2
S01008487,2,1,1
S01008488,5,3,2
S01008489,2,1,1
S01008490,4,3,1
S01008491,7,3,4
S01008492,4,2,2
S01008493,1,1,0
S01008494,1,1,0
S01008495,0,0,0
S01008496,0,0,0
S01008497,1,0,1
S01008498,2,1,1
S01008499,2,0,2
S01008500,2,1,1
S01008501,0,0,0
S01008502,1,0,1
S01008503,2,1,1
S01008504,8,2,6
S01008505,13,5,8
S01008506,4,1,3
S01008507,6,3,3
S01008508,20,8,12
S01008509,19,13,6
S01008510,6,3,3
S01008511,24,12,12
S01008512,6,3,3
S01008513,10,3,7
S01008514,31,12,19
S01008515,29,14,15
S01008516,8,2,6
S01008517,10,2,8
S01008518,37,16,21
S01008519,28,15,13
S01008520,37,19,18
S01008521,29,12,17
S01008522,14,9,5
S01008523,26,10,16
S01008524,6,3,3
S01008525,3,2,1
S01008526,4,1,3
S01008527,7,4,3
S01008528,4,0,4
S01008529,5,2,3
S01008530,3,1,2
S01008531,3,2,1
S01008532,2,2,0
S01008533,4,3,1
S01008534,21,10,11
S01008535,15,5,10
S01008536,6,3,3
S01008537,21,10,11
S01008538,15,8,7
S01008539,35,23,12
S01008540,21,11,10
S01008541,18,12,6
S01008542,23,11,12
S01008543,17,12,5
S01008544,24,15,9
S01008545,22,13,9
S01008546,31,14,17
S01008547,11,3,8
S01008548,0,0,0
S01008549,4,2,2
S01008550,7,3,4
S01008551,6,3,3
S01008552,5,2,3
S01008553,2,0,2
S01008554,1,0,1
S01008555,2,1,1
S01008556,3,2,1
S01008557,1,1,0
S01008558,1,0,1
S01008559,0,0,0
S01008560,3,1,2
S01008561,0,0,0
S01008562,5,2,3
S01008563,3,2,1
S01008564,0,0,0
S01008565,1,0,1
S01008566,7,2,5
S01008567,3,2,1
S01008568,2,1,1
S01008569,2,1,1
S01008570,5,2,3
S01008571,1,0,1
S01008572,3,2,1
S01008573,2,0,2
S01008574,7,2,5
S01008575,17,10,7
S01008576,5,2,3
S01008577,20,7,13
S01008578,22,9,13
S01008579,5,3,2
S01008580,6,3,3
S01008581,1,0,1
S01008582,7,2,5
S01008583,1,1,0
S01008584,1,1,0
S01008585,0,0,0
S01008586,1,1,0
S01008587,15,6,9
S01008588,14,6,8
S01008589,9,4,5
S01008590,5,3,2
S01008591,15,10,5
S01008592,5,2,3
S01008593,20,10,10
S01008594,12,7,5
S01008595,1,1,0
S01008596,2,2,0
S01008597,9,5,4
S01008598,3,2,1
S01008599,25,10,15
S01008600,27,14,13
S01008601,27,14,13
S01008602,3,0,3
S01008603,3,1,2
S01008604,13,6,7
S01008605,8,4,4
S01008606,17,9,8
S01008607,19,8,11
S01008608,18,5,13
S01008609,18,11,7
S01008610,9,4,5
S01008611,12,5,7
S01008612,5,3,2
S01008613,23,8,15
S01008614,2,1,1
S01008615,7,3,4
S01008616,5,4,1
S01008617,7,2,5
S01008618,0,0,0
S01008619,6,4,2
S01008620,6,3,3
S01008621,11,6,5
S01008622,9,5,4
S01008623,16,11,5
S01008624,24,13,11
S01008625,37,17,20
S01008626,30,12,18
S01008627,45,21,24
S01008628,15,5,10
S01008629,9,5,4
S01008630,4,3,1
S01008631,6,3,3
S01008632,3,0,3
S01008633,18,8,10
S01008634,25,14,11
S01008635,29,11,18
S01008636,23,9,14
S01008637,11,4,7
S01008638,7,2,5
S01008639,6,3,3
S01008640,8,6,2
S01008641,9,6,3
S01008642,7,5,2
S01008643,12,6,6
S01008644,5,2,3
S01008645,7,5,2
S01008646,5,3,2
S01008647,2,0,2
S01008648,1,0,1
S01008649,1,0,1
S01008650,4,3,1
S01008651,3,0,3
S01008652,2,1,1
S01008653,1,1,0
S01008654,6,4,2
S01008655,1,1,0
S01008656,2,1,1
S01008657,2,2,0
S01008658,4,2,2
S01008659,5,3,2
S01008660,4,1,3
S01008661,2,1,1
S01008662,0,0,0
S01008663,1,1,0
S01008664,2,2,0
S01008665,8,6,2
S01008666,4,0,4
S01008667,19,8,11
S01008668,1,1,0
S01008669,2,0,2
S01008670,5,3,2
S01008671,8,5,3
S01008672,2,1,1
S01008673,5,2,3
S01008674,2,2,0
S01008675,1,0,1
S01008676,5,0,5
S01008677,2,1,1
S01008678,6,3,3
S01008679,0,0,0
S01008680,0,0,0
S01008681,3,0,3
S01008682,3,0,3
S01008683,8,4,4
S01008684,3,3,0
S01008685,2,1,1
S01008686,1,1,0
S01008687,1,1,0
S01008688,3,2,1
S01008689,0,0,0
S01008690,4,2,2
S01008691,1,1,0
S01008692,3,0,3
S01008693,4,1,3
S01008694,2,1,1
S01008695,5,3,2
S01008696,11,4,7
S01008697,12,8,4
S01008698,5,2,3
S01008699,6,3,3
S01008700,8,5,3
S01008701,3,2,1
S01008702,1,0,1
S01008703,5,4,1
S01008704,3,2,1
S01008705,0,0,0
S01008706,1,0,1
S01008707,4,2,2
S01008708,8,2,6
S01008709,3,2,1
S01008710,2,2,0
S01008711,0,0,0
S01008712,9,4,5
S01008713,1,0,1
S01008714,2,1,1
S01008715,1,0,1
S01008716,1,1,0
S01008717,2,2,0
S01008718,0,0,0
S01008719,6,3,3
S01008720,5,0,5
S01008721,10,4,6
S01008722,12,4,8
S01008723,6,3,3
S01008724,3,2,1
S01008725,13,3,10
S01008726,14,7,7
S01008727,20,11,9
S01008728,2,2,0
S01008729,19,7,12
S01008730,4,1,3
S01008731,5,3,2
S01008732,1,1,0
S01008733,3,2,1
S01008734,2,0,2
S01008735,14,7,7
S01008736,4,3,1
S01008737,10,7,3
S01008738,9,6,3
S01008739,4,2,2
S01008740,1,0,1
S01008741,4,1,3
S01008742,3,2,1
S01008743,4,1,3
S01008744,6,0,6
S01008745,2,0,2
S01008746,4,1,3
S01008747,2,0,2
S01008748,1,1,0
S01008749,8,4,4
S01008750,10,4,6
S01008751,1,0,1
S01008752,1,1,0
S01008753,0,0,0
S01008754,4,3,1
S01008755,2,1,1
S01008756,2,2,0
S01008757,0,0,0
S01008758,3,1,2
S01008759,2,1,1
S01008760,5,3,2
S01008761,2,1,1
S01008762,1,0,1
S01008763,4,1,3
S01008764,6,4,2
S01008765,7,1,6
S01008766,8,3,5
S01008767,2,0,2
S01008768,3,3,0
S01008769,3,2,1
S01008770,3,2,1
S01008771,2,2,0
S01008772,12,6,6
S01008773,2,1,1
S01008774,3,0,3
S01008775,11,3,8
S01008776,2,1,1
S01008777,5,2,3
S01008778,1,0,1
S01008779,4,3,1
S01008780,0,0,0
S01008781,5,4,1
S01008782,5,2,3
S01008783,2,1,1
S01008784,1,0,1
S01008785,3,1,2
S01008786,0,0,0
S01008787,2,0,2
S01008788,2,2,0
S01008789,5,2,3
S01008790,2,0,2
S01008791,7,5,2
S01008792,2,1,1
S01008793,3,2,1
S01008794,3,1,2
S01008795,4,1,3
S01008796,3,1,2
S01008797,3,1,2
S01008798,0,0,0
S01008799,3,1,2
S01008800,1,0,1
S01008801,1,1,0
S01008802,4,3,1
S01008803,5,3,2
S01008804,1,1,0
S01008805,0,0,0
S01008806,0,0,0
S01008807,3,2,1
S01008808,5,3,2
S01008809,7,1,6
S01008810,4,2,2
S01008811,7,2,5
S01008812,2,1,1
S01008813,2,1,1
S01008814,2,0,2
S01008815,2,2,0
S01008816,4,2,2
S01008817,1,0,1
S01008818,8,2,6
S01008819,7,4,3
S01008820,5,1,4
S01008821,15,6,9
S01008822,16,7,9
S01008823,15,9,6
S01008824,7,4,3
S01008825,11,4,7
S01008826,9,7,2
S01008827,32,15,17
S01008828,23,14,9
S01008829,14,7,7
S01008830,16,6,10
S01008831,16,5,11
S01008832,22,11,11
S01008833,22,10,12
S01008834,23,13,10
S01008835,6,3,3
S01008836,0,0,0
S01008837,0,0,0
S01008838,1,0,1
S01008839,4,0,4
S01008840,5,2,3
S01008841,0,0,0
S01008842,3,3,0
S01008843,5,5,0
S01008844,3,1,2
S01008845,9,3,6
S01008846,5,1,4
S01008847,2,0,2
S01008848,18,12,6
S01008849,8,2,6
S01008850,21,10,11
S01008851,15,7,8
S01008852,28,12,16
S01008853,1,0,1
S01008854,18,10,8
S01008855,9,6,3
S01008856,3,2,1
S01008857,9,5,4
S01008858,14,8,6
S01008859,6,3,3
S01008860,9,5,4
S01008861,28,13,15
S01008862,5,2,3
S01008863,7,5,2
S01008864,8,5,3
S01008865,5,2,3
S01008866,8,2,6
S01008867,12,7,5
S01008868,15,8,7
S01008869,18,10,8
S01008870,10,5,5
S01008871,13,6,7
S01008872,7,1,6
S01008873,20,10,10
S01008874,8,6,2
S01008875,7,1,6
S01008876,8,2,6
S01008877,5,1,4
S01008878,2,2,0
S01008879,1,0,1
S01008880,16,2,14
S01008881,15,7,8
S01008882,51,19,32
S01008883,50,21,29
S01008884,24,13,11
S01008885,31,18,13
S01008886,19,9,10
S01008887,10,8,2
S01008888,2,2,0
S01008889,7,2,5
S01008890,10,2,8
S01008891,12,3,9
S01008892,9,5,4
S01008893,28,16,12
S01008894,36,19,17
S01008895,24,14,10
S01008896,5,2,3
S01008897,18,11,7
S01008898,26,13,13
S01008899,2,0,2
S01008900,5,1,4
S01008901,4,1,3
S01008902,9,6,3
S01008903,6,2,4
S01008904,4,3,1
S01008905,0,0,0
S01008906,0,0,0
S01008907,2,2,0
S01008908,4,2,2
S01008909,2,0,2
S01008910,4,1,3
S01008911,11,6,5
S01008912,10,5,5
S01008913,2,1,1
S01008914,4,3,1
S01008915,6,4,2
S01008916,5,3,2
S01008917,3,2,1
S01008918,2,1,1
S01008919,1,0,1
S01008920,6,2,4
S01008921,5,1,4
S01008922,3,1,2
S01008923,1,0,1
S01008924,2,0,2
S01008925,3,1,2
S01008926,2,1,1
S01008927,0,0,0
S01008928,2,1,1
S01008929,5,1,4
S01008930,2,2,0
S01008931,2,1,1
S01008932,2,1,1
S01008933,2,1,1
S01008934,1,0,1
S01008935,10,4,6
S01008936,12,7,5
S01008937,4,2,2
S01008938,12,5,7
S01008939,9,3,6
S01008940,17,9,8
S01008941,20,8,12
S01008942,12,5,7
S01008943,22,10,12
S01008944,33,22,11
S01008945,18,5,13
S01008946,31,11,20
S01008947,21,14,7
S01008948,12,8,4
S01008949,6,2,4
S01008950,10,5,5
S01008951,4,2,2
S01008952,0,0,0
S01008953,4,2,2
S01008954,1,1,0
S01008955,8,3,5
S01008956,8,4,4
S01008957,9,6,3
S01008958,6,5,1
S01008959,4,3,1
S01008960,13,6,7
S01008961,9,4,5
S01008962,9,5,4
S01008963,7,4,3
S01008964,8,4,4
S01008965,18,8,10
S01008966,8,4,4
S01008967,16,8,8
S01008968,22,15,7
S01008969,13,6,7
S01008970,29,8,21
S01008971,13,3,10
S01008972,14,3,11
S01008973,18,6,12
S01008974,14,9,5
S01008975,0,0,0
S01008976,7,2,5
S01008977,6,3,3
S01008978,1,1,0
S01008979,0,0,0
S01008980,3,2,1
S01008981,5,5,0
S01008982,3,2,1
S01008983,1,0,1
S01008984,4,3,1
S01008985,3,2,1
S01008986,1,1,0
S01008987,5,2,3
S01008988,3,2,1
S01008989,6,5,1
S01008990,5,2,3
S01008991,14,5,9
S01008992,3,3,0
S01008993,20,7,13
S01008994,7,3,4
S01008995,16,7,9
S01008996,3,2,1
S01008997,9,6,3
S01008998,4,3,1
S01008999,5,1,4
S01009000,6,4,2
S01009001,6,6,0
S01009002,15,7,8
S01009003,21,9,12
S01009004,4,0,4
S01009005,7,1,6
S01009006,4,0,4
S01009007,3,3,0
S01009008,13,6,7
S01009009,0,0,0
S01009010,13,8,5
S01009011,10,6,4
S01009012,11,4,7
S01009013,11,7,4
S01009014,20,11,9
S01009015,22,7,15
S01009016,13,9,4
S01009017,10,5,5
S01009018,18,10,8
S01009019,7,1,6
S01009020,14,6,8
S01009021,22,10,12
S01009022,32,19,13
S01009023,15,11,4
S01009024,11,1,10
S01009025,13,6,7
S01009026,18,5,13
S01009027,20,7,13
S01009028,7,5,2
S01009029,12,6,6
S01009030,11,7,4
S01009031,5,4,1
S01009032,8,3,5
S01009033,6,4,2
S01009034,9,5,4
S01009035,15,7,8
S01009036,17,9,8
S01009037,18,7,11
S01009038,18,7,11
S01009039,12,5,7
S01009040,5,1,4
S01009041,22,12,10
S01009042,4,3,1
S01009043,8,6,2
S01009044,14,4,10
S01009045,7,2,5
S01009046,24,9,15
S01009047,9,6,3
S01009048,15,6,9
S01009049,6,4,2
S01009050,3,0,3
S01009051,2,0,2
S01009052,0,0,0
S01009053,0,0,0
S01009054,1,1,0
S01009055,6,4,2
S01009056,0,0,0
S01009057,3,2,1
S01009058,3,2,1
S01009059,7,4,3
S01009060,1,1,0
S01009061,0,0,0
S01009062,5,1,4
S01009063,7,4,3
S01009064,3,0,3
S01009065,2,2,0
S01009066,2,2,0
S01009067,7,4,3
S01009068,3,1,2
S01009069,8,4,4
S01009070,3,2,1
S01009071,5,1,4
S01009072,3,2,1
S01009073,0,0,0
S01009074,2,0,2
S01009075,1,1,0
S01009076,8,4,4
S01009077,4,1,3
S01009078,3,2,1
S01009079,3,2,1
S01009080,1,0,1
S01009081,1,1,0
S01009082,3,3,0
S01009083,2,1,1
S01009084,0,0,0
S01009085,3,1,2
S01009086,0,0,0
S01009087,5,4,1
S01009088,9,5,4
S01009089,10,8,2
S01009090,1,1,0
S01009091,9,3,6
S01009092,1,1,0
S01009093,2,1,1
S01009094,9,4,5
S01009095,5,4,1
S01009096,3,2,1
S01009097,7,3,4
S01009098,5,1,4
S01009099,3,1,2
S01009100,1,1,0
S01009101,0,0,0
S01009102,4,1,3
S01009103,4,1,3
S01009104,0,0,0
S01009105,0,0,0
S01009106,3,1,2
S01009107,4,1,3
S01009108,5,1,4
S01009109,12,5,7
S01009110,1,0,1
S01009111,7,4,3
S01009112,6,5,1
S01009113,6,4,2
S01009114,5,3,2
S01009115,11,6,5
S01009116,2,0,2
S01009117,3,2,1
S01009118,8,1,7
S01009119,0,0,0
S01009120,2,2,0
S01009121,0,0,0
S01009122,5,5,0
S01009123,5,2,3
S01009124,4,3,1
S01009125,2,2,0
S01009126,2,1,1
S01009127,2,2,0
S01009128,0,0,0
S01009129,0,0,0
S01009130,1,1,0
S01009131,2,0,2
S01009132,2,0,2
S01009133,1,0,1
S01009134,1,0,1
S01009135,5,2,3
S01009136,5,3,2
S01009137,2,0,2
S01009138,7,3,4
S01009139,4,1,3
S01009140,1,0,1
S01009141,3,2,1
S01009142,1,1,0
S01009143,0,0,0
S01009144,2,2,0
S01009145,2,1,1
S01009146,0,0,0
S01009147,0,0,0
S01009148,2,2,0
S01009149,2,2,0
S01009150,0,0,0
S01009151,4,2,2
S01009152,4,0,4
S01009153,3,2,1
S01009154,6,2,4
S01009155,6,3,3
S01009156,10,3,7
S01009157,3,2,1
S01009158,2,0,2
S01009159,1,1,0
S01009160,2,1,1
S01009161,0,0,0
S01009162,4,3,1
S01009163,2,0,2
S01009164,3,2,1
S01009165,2,1,1
S01009166,0,0,0
S01009167,1,0,1
S01009168,4,2,2
S01009169,2,2,0
S01009170,1,0,1
S01009171,2,1,1
S01009172,8,2,6
S01009173,6,2,4
S01009174,6,4,2
S01009175,6,4,2
S01009176,13,6,7
S01009177,0,0,0
S01009178,3,2,1
S01009179,6,0,6
S01009180,1,0,1
S01009181,1,0,1
S01009182,4,2,2
S01009183,4,2,2
S01009184,0,0,0
S01009185,2,0,2
S01009186,5,3,2
S01009187,7,6,1
S01009188,3,0,3
S01009189,2,0,2
S01009190,7,5,2
S01009191,6,3,3
S01009192,1,1,0
S01009193,1,1,0
S01009194,10,4,6
S01009195,3,1,2
S01009196,6,1,5
S01009197,7,2,5
S01009198,2,2,0
S01009199,2,2,0
S01009200,12,7,5
S01009201,1,0,1
S01009202,1,0,1
S01009203,3,1,2
S01009204,5,0,5
S01009205,2,0,2
S01009206,4,3,1
S01009207,2,1,1
S01009208,3,2,1
S01009209,5,2,3
S01009210,2,1,1
S01009211,4,2,2
S01009212,3,2,1
S01009213,3,1,2
S01009214,9,2,7
S01009215,1,1,0
S01009216,0,0,0
S01009217,0,0,0
S01009218,4,1,3
S01009219,2,1,1
S01009220,0,0,0
S01009221,0,0,0
S01009222,2,0,2
S01009223,2,0,2
S01009224,0,0,0
S01009225,4,2,2
S01009226,0,0,0
S01009227,0,0,0
S01009228,2,1,1
S01009229,1,1,0
S01009230,0,0,0
S01009231,7,5,2
S01009232,4,0,4
S01009233,0,0,0
S01009234,3,1,2
S01009235,1,1,0
S01009236,1,0,1
S01009237,5,2,3
S01009238,3,1,2
S01009239,1,1,0
S01009240,0,0,0
S01009241,2,0,2
S01009242,7,3,4
S01009243,2,1,1
S01009244,10,7,3
S01009245,4,1,3
S01009246,0,0,0
S01009247,1,0,1
S01009248,11,6,5
S01009249,4,2,2
S01009250,2,1,1
S01009251,5,3,2
S01009252,3,1,2
S01009253,0,0,0
S01009254,2,1,1
S01009255,2,1,1
S01009256,7,3,4
S01009257,3,2,1
S01009258,11,5,6
S01009259,12,6,6
S01009260,5,1,4
S01009261,8,6,2
S01009262,0,0,0
S01009263,2,2,0
S01009264,4,3,1
S01009265,3,2,1
S01009266,6,5,1
S01009267,6,1,5
S01009268,6,2,4
S01009269,1,1,0
S01009270,1,0,1
S01009271,16,6,10
S01009272,2,0,2
S01009273,10,6,4
S01009274,6,2,4
S01009275,7,3,4
S01009276,13,7,6
S01009277,3,1,2
S01009278,5,2,3
S01009279,7,3,4
S01009280,2,0,2
S01009281,2,2,0
S01009282,18,11,7
S01009283,7,2,5
S01009284,23,13,10
S01009285,9,4,5
S01009286,11,6,5
S01009287,21,9,12
S01009288,15,7,8
S01009289,19,13,6
S01009290,16,8,8
S01009291,11,5,6
S01009292,2,1,1
S01009293,4,1,3
S01009294,5,2,3
S01009295,8,5,3
S01009296,10,4,6
S01009297,20,9,11
S01009298,8,4,4
S01009299,12,8,4
S01009300,7,4,3
S01009301,7,5,2
S01009302,7,5,2
S01009303,4,3,1
S01009304,7,3,4
S01009305,7,6,1
S01009306,3,2,1
S01009307,8,3,5
S01009308,3,1,2
S01009309,12,5,7
S01009310,38,21,17
S01009311,4,3,1
S01009312,8,2,6
S01009313,3,1,2
S01009314,10,2,8
S01009315,5,1,4
S01009316,12,6,6
S01009317,19,11,8
S01009318,28,13,15
S01009319,8,3,5
S01009320,2,2,0
S01009321,6,5,1
S01009322,5,2,3
S01009323,4,1,3
S01009324,2,1,1
S01009325,1,1,0
S01009326,2,2,0
S01009327,7,5,2
S01009328,4,3,1
S01009329,2,0,2
S01009330,1,1,0
S01009331,4,1,3
S01009332,10,4,6
S01009333,1,1,0
S01009334,2,1,1
S01009335,2,2,0
S01009336,5,2,3
S01009337,3,1,2
S01009338,4,3,1
S01009339,1,1,0
S01009340,1,0,1
S01009341,4,2,2
S01009342,2,2,0
S01009343,1,0,1
S01009344,0,0,0
S01009345,3,3,0
S01009346,4,1,3
S01009347,7,3,4
S01009348,6,4,2
S01009349,6,1,5
S01009350,2,1,1
S01009351,1,1,0
S01009352,9,3,6
S01009353,3,2,1
S01009354,8,5,3
S01009355,15,7,8
S01009356,9,2,7
S01009357,13,5,8
S01009358,18,10,8
S01009359,4,1,3
S01009360,10,5,5
S01009361,6,0,6
S01009362,13,3,10
S01009363,9,1,8
S01009364,3,0,3
S01009365,5,1,4
S01009366,3,1,2
S01009367,1,0,1
S01009368,0,0,0
S01009369,2,2,0
S01009370,6,2,4
S01009371,0,0,0
S01009372,1,1,0
S01009373,6,2,4
S01009374,1,0,1
S01009375,2,0,2
S01009376,1,0,1
S01009377,10,3,7
S01009378,5,2,3
S01009379,0,0,0
S01009380,4,0,4
S01009381,4,2,2
S01009382,4,1,3
S01009383,1,0,1
S01009384,11,5,6
S01009385,3,3,0
S01009386,2,0,2
S01009387,6,2,4
S01009388,3,1,2
S01009389,13,2,11
S01009390,12,5,7
S01009391,6,3,3
S01009392,2,1,1
S01009393,4,2,2
S01009394,4,1,3
S01009395,16,10,6
S01009396,14,8,6
S01009397,11,3,8
S01009398,3,1,2
S01009399,7,1,6
S01009400,3,1,2
S01009401,14,8,6
S01009402,15,6,9
S01009403,4,3,1
S01009404,3,2,1
S01009405,2,0,2
S01009406,0,0,0
S01009407,2,1,1
S01009408,6,3,3
S01009409,1,1,0
S01009410,6,3,3
S01009411,3,0,3
S01009412,1,0,1
S01009413,4,3,1
S01009414,5,1,4
S01009415,5,2,3
S01009416,4,1,3
S01009417,1,0,1
S01009418,3,2,1
S01009419,3,1,2
S01009420,2,1,1
S01009421,0,0,0
S01009422,3,2,1
S01009423,7,5,2
S01009424,4,1,3
S01009425,4,3,1
S01009426,1,1,0
S01009427,2,2,0
S01009428,2,2,0
S01009429,3,1,2
S01009430,4,2,2
S01009431,1,0,1
S01009432,0,0,0
S01009433,1,0,1
S01009434,5,1,4
S01009435,6,4,2
S01009436,1,1,0
S01009437,0,0,0
S01009438,4,2,2
S01009439,2,1,1
S01009440,3,1,2
S01009441,2,1,1
S01009442,1,0,1
S01009443,11,3,8
S01009444,2,0,2
S01009445,1,1,0
S01009446,2,2,0
S01009447,5,1,4
S01009448,0,0,0
S01009449,2,0,2
S01009450,2,1,1
S01009451,5,1,4
S01009452,1,1,0
S01009453,3,0,3
S01009454,21,12,9
S01009455,26,11,15
S01009456,3,2,1
S01009457,2,2,0
S01009458,7,4,3
S01009459,10,3,7
S01009460,2,2,0
S01009461,2,0,2
S01009462,1,0,1
S01009463,15,7,8
S01009464,6,3,3
S01009465,3,0,3
S01009466,7,2,5
S01009467,14,6,8
S01009468,2,0,2
S01009469,8,2,6
S01009470,9,5,4
S01009471,3,2,1
S01009472,6,3,3
S01009473,1,0,1
S01009474,4,2,2
S01009475,2,2,0
S01009476,8,2,6
S01009477,15,10,5
S01009478,3,1,2
S01009479,8,3,5
S01009480,12,7,5
S01009481,16,7,9
S01009482,0,0,0
S01009483,13,7,6
S01009484,5,3,2
S01009485,3,1,2
S01009486,4,1,3
S01009487,4,2,2
S01009488,7,3,4
S01009489,0,0,0
S01009490,3,0,3
S01009491,2,1,1
S01009492,2,0,2
S01009493,27,14,13
S01009494,10,3,7
S01009495,11,7,4
S01009496,5,2,3
S01009497,0,0,0
S01009498,9,4,5
S01009499,12,5,7
S01009500,7,2,5
S01009501,5,3,2
S01009502,2,2,0
S01009503,1,0,1
S01009504,0,0,0
S01009505,0,0,0
S01009506,5,3,2
S01009507,6,2,4
S01009508,1,1,0
S01009509,1,1,0
S01009510,7,4,3
S01009511,8,5,3
S01009512,4,3,1
S01009513,4,2,2
S01009514,11,7,4
S01009515,0,0,0
S01009516,4,0,4
S01009517,5,1,4
S01009518,17,10,7
S01009519,3,1,2
S01009520,6,4,2
S01009521,0,0,0
S01009522,1,0,1
S01009523,1,1,0
S01009524,5,1,4
S01009525,1,0,1
S01009526,2,0,2
S01009527,3,0,3
S01009528,0,0,0
S01009529,9,4,5
S01009530,13,3,10
S01009531,5,3,2
S01009532,1,0,1
S01009533,1,1,0
S01009534,4,1,3
S01009535,0,0,0
S01009536,0,0,0
S01009537,2,2,0
S01009538,1,1,0
S01009539,5,3,2
S01009540,6,3,3
S01009541,6,6,0
S01009542,2,0,2
S01009543,5,4,1
S01009544,5,2,3
S01009545,5,3,2
S01009546,1,0,1
S01009547,9,2,7
S01009548,8,5,3
S01009549,2,0,2
S01009550,1,1,0
S01009551,2,1,1
S01009552,3,3,0
S01009553,2,1,1
S01009554,4,3,1
S01009555,5,2,3
S01009556,1,1,0
S01009557,0,0,0
S01009558,0,0,0
S01009559,1,1,0
S01009560,2,0,2
S01009561,1,0,1
S01009562,0,0,0
S01009563,2,0,2
S01009564,5,3,2
S01009565,3,1,2
S01009566,7,4,3
S01009567,5,2,3
S01009568,4,0,4
S01009569,5,1,4
S01009570,4,2,2
S01009571,2,0,2
S01009572,5,0,5
S01009573,1,0,1
S01009574,4,4,0
S01009575,1,0,1
S01009576,7,4,3
S01009577,10,5,5
S01009578,8,6,2
S01009579,16,4,12
S01009580,13,6,7
S01009581,0,0,0
S01009582,1,1,0
S01009583,6,4,2
S01009584,5,4,1
S01009585,10,5,5
S01009586,3,2,1
S01009587,7,5,2
S01009588,6,4,2
S01009589,7,3,4
S01009590,5,3,2
S01009591,11,7,4
S01009592,5,1,4
S01009593,9,6,3
S01009594,12,4,8
S01009595,8,1,7
S01009596,0,0,0
S01009597,1,1,0
S01009598,7,4,3
S01009599,5,4,1
S01009600,2,2,0
S01009601,5,2,3
S01009602,10,4,6
S01009603,8,3,5
S01009604,8,3,5
S01009605,3,0,3
S01009606,2,1,1
S01009607,12,7,5
S01009608,5,3,2
S01009609,11,7,4
S01009610,4,0,4
S01009611,15,8,7
S01009612,3,1,2
S01009613,4,4,0
S01009614,6,4,2
S01009615,10,5,5
S01009616,5,0,5
S01009617,6,2,4
S01009618,2,1,1
S01009619,0,0,0
S01009620,1,1,0
S01009621,5,2,3
S01009622,0,0,0
S01009623,2,1,1
S01009624,3,2,1
S01009625,2,1,1
S01009626,1,0,1
S01009627,1,1,0
S01009628,0,0,0
S01009629,1,0,1
S01009630,3,3,0
S01009631,2,0,2
S01009632,4,2,2
S01009633,1,0,1
S01009634,2,1,1
S01009635,2,1,1
S01009636,7,3,4
S01009637,3,2,1
S01009638,4,2,2
S01009639,8,3,5
S01009640,1,0,1
S01009641,3,2,1
S01009642,7,3,4
S01009643,2,0,2
S01009644,1,0,1
S01009645,4,1,3
S01009646,3,2,1
S01009647,4,3,1
S01009648,1,1,0
S01009649,5,2,3
S01009650,6,3,3
S01009651,28,14,14
S01009652,13,9,4
S01009653,13,3,10
S01009654,10,4,6
S01009655,3,1,2
S01009656,3,0,3
S01009657,7,2,5
S01009658,2,1,1
S01009659,3,1,2
S01009660,5,0,5
S01009661,13,7,6
S01009662,8,4,4
S01009663,6,4,2
S01009664,14,6,8
S01009665,4,1,3
S01009666,12,5,7
S01009667,10,5,5
S01009668,8,4,4
S01009669,2,0,2
S01009670,7,4,3
S01009671,12,6,6
S01009672,1,1,0
S01009673,13,7,6
S01009674,23,12,11
S01009675,13,7,6
S01009676,7,3,4
S01009677,11,8,3
S01009678,5,1,4
S01009679,0,0,0
S01009680,4,3,1
S01009681,10,7,3
S01009682,7,3,4
S01009683,23,8,15
S01009684,34,19,15
S01009685,5,3,2
S01009686,14,7,7
S01009687,8,1,7
S01009688,2,2,0
S01009689,8,6,2
S01009690,14,5,9
S01009691,4,2,2
S01009692,11,6,5
S01009693,10,7,3
S01009694,21,6,15
S01009695,18,11,7
S01009696,23,9,14
S01009697,13,9,4
S01009698,20,12,8
S01009699,9,4,5
S01009700,12,6,6
S01009701,10,2,8
S01009702,7,4,3
S01009703,8,4,4
S01009704,10,7,3
S01009705,7,5,2
S01009706,10,7,3
S01009707,7,5,2
S01009708,7,4,3
S01009709,11,8,3
S01009710,6,3,3
S01009711,8,2,6
S01009712,11,5,6
S01009713,15,6,9
S01009714,22,9,13
S01009715,21,9,12
S01009716,9,2,7
S01009717,12,1,11
S01009718,3,2,1
S01009719,2,0,2
S01009720,5,2,3
S01009721,1,0,1
S01009722,5,4,1
S01009723,2,1,1
S01009724,7,5,2
S01009725,2,0,2
S01009726,8,5,3
S01009727,27,14,13
S01009728,26,15,11
S01009729,20,9,11
S01009730,12,9,3
S01009731,13,6,7
S01009732,23,11,12
S01009733,25,10,15
S01009734,36,20,16
S01009735,35,23,12
S01009736,11,3,8
S01009737,2,1,1
S01009738,7,5,2
S01009739,18,9,9
S01009740,7,3,4
S01009741,8,1,7
S01009742,17,10,7
S01009743,17,13,4
S01009744,15,4,11
S01009745,16,7,9
S01009746,13,3,10
S01009747,8,6,2
S01009748,8,3,5
S01009749,13,7,6
S01009750,7,5,2
S01009751,3,0,3
S01009752,13,8,5
S01009753,17,8,9
S01009754,16,6,10
S01009755,8,6,2
S01009756,15,6,9
S01009757,30,20,10
S01009758,1,1,0
S01009759,2,1,1
S01009760,1,0,1
S01009761,2,0,2
S01009762,1,0,1
S01009763,0,0,0
S01009764,0,0,0
S01009765,1,0,1
S01009766,2,0,2
S01009767,1,0,1
S01009768,3,2,1
S01009769,2,2,0
S01009770,6,3,3
S01009771,3,2,1
S01009772,0,0,0
S01009773,0,0,0
S01009774,1,0,1
S01009775,0,0,0
S01009776,1,1,0
S01009777,0,0,0
S01009778,3,2,1
S01009779,3,3,0
S01009780,7,4,3
S01009781,0,0,0
S01009782,0,0,0
S01009783,2,1,1
S01009784,1,1,0
S01009785,1,1,0
S01009786,1,1,0
S01009787,1,0,1
S01009788,0,0,0
S01009789,1,1,0
S01009790,2,1,1
S01009791,2,1,1
S01009792,3,2,1
S01009793,1,1,0
S01009794,0,0,0
S01009795,4,1,3
S01009796,0,0,0
S01009797,0,0,0
S01009798,2,0,2
S01009799,1,0,1
S01009800,5,4,1
S01009801,3,2,1
S01009802,1,1,0
S01009803,4,2,2
S01009804,2,1,1
S01009805,1,0,1
S01009806,1,0,1
S01009807,1,0,1
S01009808,3,1,2
S01009809,1,0,1
S01009810,1,0,1
S01009811,0,0,0
S01009812,1,0,1
S01009813,4,0,4
S01009814,2,1,1
S01009815,1,1,0
S01009816,5,4,1
S01009817,0,0,0
S01009818,3,2,1
S01009819,1,0,1
S01009820,3,1,2
S01009821,1,1,0
S01009822,0,0,0
S01009823,0,0,0
S01009824,2,0,2
S01009825,2,1,1
S01009826,2,1,1
S01009827,0,0,0
S01009828,1,0,1
S01009829,1,1,0
S01009830,1,0,1
S01009831,0,0,0
S01009832,1,0,1
S01009833,1,0,1
S01009834,1,0,1
S01009835,0,0,0
S01009836,2,1,1
S01009837,0,0,0
S01009838,0,0,0
S01009839,0,0,0
S01009840,3,3,0
S01009841,0,0,0
S01009842,0,0,0
S01009843,4,1,3
S01009844,0,0,0
S01009845,0,0,0
S01009846,0,0,0
S01009847,0,0,0
S01009848,0,0,0
S01009849,3,2,1
S01009850,1,0,1
S01009851,0,0,0
S01009852,2,0,2
S01009853,3,1,2
S01009854,0,0,0
S01009855,1,0,1
S01009856,2,0,2
S01009857,4,2,2
S01009858,0,0,0
S01009859,0,0,0
S01009860,3,2,1
S01009861,4,3,1
S01009862,3,2,1
S01009863,1,1,0
S01009864,0,0,0
S01009865,0,0,0
S01009866,3,0,3
S01009867,4,2,2
S01009868,0,0,0
S01009869,0,0,0
S01009870,3,1,2
S01009871,0,0,0
S01009872,1,1,0
S01009873,8,4,4
S01009874,4,3,1
S01009875,2,0,2
S01009876,1,1,0
S01009877,8,4,4
S01009878,1,0,1
S01009879,28,12,16
S01009880,2,0,2
S01009881,2,2,0
S01009882,3,3,0
S01009883,1,1,0
S01009884,3,1,2
S01009885,11,4,7
S01009886,13,9,4
S01009887,5,4,1
S01009888,1,0,1
S01009889,2,1,1
S01009890,0,0,0
S01009891,0,0,0
S01009892,3,2,1
S01009893,1,0,1
S01009894,2,1,1
S01009895,0,0,0
S01009896,0,0,0
S01009897,4,2,2
S01009898,2,1,1
S01009899,1,0,1
S01009900,1,0,1
S01009901,0,0,0
S01009902,0,0,0
S01009903,3,1,2
S01009904,0,0,0
S01009905,2,2,0
S01009906,1,1,0
S01009907,0,0,0
S01009908,6,3,3
S01009909,0,0,0
S01009910,0,0,0
S01009911,10,5,5
S01009912,24,9,15
S01009913,11,3,8
S01009914,14,7,7
S01009915,12,6,6
S01009916,8,6,2
S01009917,5,1,4
S01009918,6,3,3
S01009919,2,1,1
S01009920,3,3,0
S01009921,0,0,0
S01009922,6,4,2
S01009923,1,0,1
S01009924,4,1,3
S01009925,0,0,0
S01009926,1,1,0
S01009927,1,1,0
S01009928,10,4,6
S01009929,1,0,1
S01009930,2,2,0
S01009931,2,1,1
S01009932,1,0,1
S01009933,2,2,0
S01009934,5,2,3
S01009935,5,3,2
S01009936,3,1,2
S01009937,2,2,0
S01009938,2,0,2
S01009939,0,0,0
S01009940,1,0,1
S01009941,3,1,2
S01009942,0,0,0
S01009943,3,2,1
S01009944,1,1,0
S01009945,6,3,3
S01009946,4,2,2
S01009947,4,3,1
S01009948,5,3,2
S01009949,2,1,1
S01009950,18,7,11
S01009951,38,22,16
S01009952,8,6,2
S01009953,4,2,2
S01009954,6,4,2
S01009955,6,2,4
S01009956,4,1,3
S01009957,10,6,4
S01009958,9,5,4
S01009959,12,6,6
S01009960,6,3,3
S01009961,2,2,0
S01009962,5,2,3
S01009963,1,0,1
S01009964,7,3,4
S01009965,1,0,1
S01009966,4,4,0
S01009967,9,5,4
S01009968,1,1,0
S01009969,7,1,6
S01009970,1,0,1
S01009971,4,2,2
S01009972,6,2,4
S01009973,3,1,2
S01009974,0,0,0
S01009975,0,0,0
S01009976,0,0,0
S01009977,0,0,0
S01009978,4,2,2
S01009979,0,0,0
S01009980,0,0,0
S01009981,3,2,1
S01009982,1,0,1
S01009983,2,1,1
S01009984,6,2,4
S01009985,0,0,0
S01009986,1,0,1
S01009987,0,0,0
S01009988,0,0,0
S01009989,5,4,1
S01009990,1,1,0
S01009991,0,0,0
S01009992,0,0,0
S01009993,3,0,3
S01009994,1,1,0
S01009995,0,0,0
S01009996,3,2,1
S01009997,1,1,0
S01009998,6,3,3
S01009999,0,0,0
S01010000,0,0,0
S01010001,2,1,1
S01010002,2,1,1
S01010003,1,1,0
S01010004,5,2,3
S01010005,0,0,0
S01010006,0,0,0
S01010007,3,1,2
S01010008,0,0,0
S01010009,0,0,0
S01010010,8,4,4
S01010011,0,0,0
S01010012,1,1,0
S01010013,3,0,3
S01010014,2,1,1
S01010015,2,0,2
S01010016,5,3,2
S01010017,0,0,0
S01010018,4,4,0
S01010019,0,0,0
S01010020,2,2,0
S01010021,8,4,4
S01010022,0,0,0
S01010023,1,0,1
S01010024,1,0,1
S01010025,1,0,1
S01010026,2,1,1
S01010027,3,3,0
S01010028,2,1,1
S01010029,1,1,0
S01010030,0,0,0
S01010031,1,1,0
S01010032,1,1,0
S01010033,0,0,0
S01010034,2,1,1
S01010035,2,1,1
S01010036,1,0,1
S01010037,1,0,1
S01010038,3,2,1
S01010039,2,2,0
S01010040,0,0,0
S01010041,0,0,0
S01010042,0,0,0
S01010043,1,1,0
S01010044,0,0,0
S01010045,0,0,0
S01010046,0,0,0
S01010047,3,1,2
S01010048,1,1,0
S01010049,3,1,2
S01010050,2,2,0
S01010051,0,0,0
S01010052,2,1,1
S01010053,1,0,1
S01010054,0,0,0
S01010055,3,3,0
S01010056,0,0,0
S01010057,1,1,0
S01010058,0,0,0
S01010059,1,1,0
S01010060,2,1,1
S01010061,0,0,0
S01010062,0,0,0
S01010063,0,0,0
S01010064,1,0,1
S01010065,1,0,1
S01010066,4,1,3
S01010067,0,0,0
S01010068,0,0,0
S01010069,3,2,1
S01010070,2,0,2
S01010071,0,0,0
S01010072,0,0,0
S01010073,3,1,2
S01010074,0,0,0
S01010075,0,0,0
S01010076,1,1,0
S01010077,2,0,2
S01010078,2,1,1
S01010079,6,1,5
S01010080,3,0,3
S01010081,4,1,3
S01010082,2,1,1
S01010083,2,0,2
S01010084,2,1,1
S01010085,1,0,1
S01010086,2,1,1
S01010087,1,1,0
S01010088,0,0,0
S01010089,5,2,3
S01010090,2,1,1
S01010091,3,0,3
S01010092,1,1,0
S01010093,1,0,1
S01010094,0,0,0
S01010095,0,0,0
S01010096,1,0,1
S01010097,3,2,1
S01010098,5,1,4
S01010099,1,0,1
S01010100,3,2,1
S01010101,0,0,0
S01010102,6,2,4
S01010103,0,0,0
S01010104,3,3,0
S01010105,1,1,0
S01010106,1,1,0
S01010107,0,0,0
S01010108,0,0,0
S01010109,0,0,0
S01010110,0,0,0
S01010111,0,0,0
S01010112,4,1,3
S01010113,1,0,1
S01010114,0,0,0
S01010115,3,3,0
S01010116,3,3,0
S01010117,1,1,0
S01010118,2,2,0
S01010119,0,0,0
S01010120,0,0,0
S01010121,1,0,1
S01010122,0,0,0
S01010123,2,1,1
S01010124,1,1,0
S01010125,1,0,1
S01010126,3,1,2
S01010127,1,0,1
S01010128,2,1,1
S01010129,0,0,0
S01010130,1,1,0
S01010131,1,1,0
S01010132,1,0,1
S01010133,2,0,2
S01010134,1,0,1
S01010135,1,1,0
S01010136,1,0,1
S01010137,1,1,0
S01010138,6,4,2
S01010139,0,0,0
S01010140,1,1,0
S01010141,0,0,0
S01010142,0,0,0
S01010143,1,1,0
S01010144,6,3,3
S01010145,1,0,1
S01010146,1,0,1
S01010147,0,0,0
S01010148,2,0,2
S01010149,1,0,1
S01010150,0,0,0
S01010151,1,1,0
S01010152,0,0,0
S01010153,1,0,1
S01010154,0,0,0
S01010155,1,1,0
S01010156,0,0,0
S01010157,0,0,0
S01010158,2,1,1
S01010159,1,1,0
S01010160,3,2,1
S01010161,0,0,0
S01010162,2,1,1
S01010163,0,0,0
S01010164,0,0,0
S01010165,0,0,0
S01010166,0,0,0
S01010167,0,0,0
S01010168,0,0,0
S01010169,0,0,0
S01010170,0,0,0
S01010171,1,0,1
S01010172,0,0,0
S01010173,2,1,1
S01010174,0,0,0
S01010175,0,0,0
S01010176,1,0,1
S01010177,0,0,0
S01010178,0,0,0
S01010179,2,1,1
S01010180,1,1,0
S01010181,0,0,0
S01010182,0,0,0
S01010183,0,0,0
S01010184,1,0,1
S01010185,0,0,0
S01010186,0,0,0
S01010187,1,0,1
S01010188,2,2,0
S01010189,1,1,0
S01010190,6,1,5
S01010191,0,0,0
S01010192,3,1,2
S01010193,1,0,1
S01010194,0,0,0
S01010195,0,0,0
S01010196,5,2,3
S01010197,2,0,2
S01010198,3,2,1
S01010199,11,6,5
S01010200,0,0,0
S01010201,0,0,0
S01010202,1,0,1
S01010203,0,0,0
S01010204,2,1,1
S01010205,0,0,0
S01010206,2,1,1
S01010207,1,0,1
S01010208,3,1,2
S01010209,2,1,1
S01010210,0,0,0
S01010211,0,0,0
S01010212,3,1,2
S01010213,1,0,1
S01010214,3,2,1
S01010215,0,0,0
S01010216,2,2,0
S01010217,1,0,1
S01010218,2,2,0
S01010219,2,1,1
S01010220,0,0,0
S01010221,0,0,0
S01010222,0,0,0
S01010223,1,0,1
S01010224,3,3,0
S01010225,2,1,1
S01010226,7,6,1
S01010227,3,1,2
S01010228,0,0,0
S01010229,5,2,3
S01010230,2,1,1
S01010231,0,0,0
S01010232,2,2,0
S01010233,3,3,0
S01010234,1,0,1
S01010235,2,0,2
S01010236,0,0,0
S01010237,0,0,0
S01010238,1,0,1
S01010239,0,0,0
S01010240,1,0,1
S01010241,3,1,2
S01010242,1,0,1
S01010243,1,0,1
S01010244,0,0,0
S01010245,0,0,0
S01010246,2,1,1
S01010247,0,0,0
S01010248,0,0,0
S01010249,2,1,1
S01010250,3,1,2
S01010251,3,1,2
S01010252,2,1,1
S01010253,0,0,0
S01010254,0,0,0
S01010255,3,1,2
S01010256,0,0,0
S01010257,0,0,0
S01010258,6,3,3
S01010259,2,2,0
S01010260,9,5,4
S01010261,22,11,11
S01010262,1,1,0
S01010263,1,0,1
S01010264,4,3,1
S01010265,4,1,3
S01010266,1,1,0
S01010267,3,1,2
S01010268,2,1,1
S01010269,6,4,2
S01010270,1,1,0
S01010271,0,0,0
S01010272,4,2,2
S01010273,1,0,1
S01010274,0,0,0
S01010275,0,0,0
S01010276,1,1,0
S01010277,0,0,0
S01010278,3,2,1
S01010279,3,3,0
S01010280,0,0,0
S01010281,1,0,1
S01010282,3,3,0
S01010283,1,0,1
S01010284,3,2,1
S01010285,1,1,0
S01010286,7,2,5
S01010287,1,0,1
S01010288,5,3,2
S01010289,5,1,4
S01010290,2,2,0
S01010291,6,2,4
S01010292,4,2,2
S01010293,1,1,0
S01010294,1,1,0
S01010295,3,2,1
S01010296,1,0,1
S01010297,6,3,3
S01010298,1,0,1
S01010299,2,2,0
S01010300,2,1,1
S01010301,1,1,0
S01010302,2,1,1
S01010303,0,0,0
S01010304,0,0,0
S01010305,0,0,0
S01010306,4,1,3
S01010307,4,1,3
S01010308,4,1,3
S01010309,1,1,0
S01010310,3,1,2
S01010311,0,0,0
S01010312,2,2,0
S01010313,0,0,0
S01010314,5,3,2
S01010315,1,1,0
S01010316,0,0,0
S01010317,3,1,2
S01010318,6,3,3
S01010319,0,0,0
S01010320,0,0,0
S01010321,0,0,0
S01010322,3,0,3
S01010323,1,1,0
S01010324,2,1,1
S01010325,0,0,0
S01010326,1,0,1
S01010327,3,0,3
S01010328,5,1,4
S01010329,1,0,1
S01010330,1,0,1
S01010331,0,0,0
S01010332,1,0,1
S01010333,3,2,1
S01010334,2,0,2
S01010335,0,0,0
S01010336,0,0,0
S01010337,1,1,0
S01010338,1,0,1
S01010339,0,0,0
S01010340,2,2,0
S01010341,1,0,1
S01010342,0,0,0
S01010343,0,0,0
S01010344,0,0,0
S01010345,0,0,0
S01010346,6,1,5
S01010347,5,3,2
S01010348,1,0,1
S01010349,0,0,0
S01010350,3,0,3
S01010351,3,2,1
S01010352,0,0,0
S01010353,1,0,1
S01010354,2,0,2
S01010355,1,0,1
S01010356,0,0,0
S01010357,2,1,1
S01010358,0,0,0
S01010359,6,1,5
S01010360,0,0,0
S01010361,0,0,0
S01010362,0,0,0
S01010363,4,0,4
S01010364,10,4,6
S01010365,14,4,10
S01010366,10,3,7
S01010367,14,8,6
S01010368,14,7,7
S01010369,8,4,4
S01010370,2,2,0
S01010371,10,6,4
S01010372,6,4,2
S01010373,2,0,2
S01010374,12,5,7
S01010375,1,0,1
S01010376,2,1,1
S01010377,5,3,2
S01010378,3,0,3
S01010379,1,1,0
S01010380,2,1,1
S01010381,3,0,3
S01010382,3,1,2
S01010383,1,0,1
S01010384,1,1,0
S01010385,5,1,4
S01010386,2,2,0
S01010387,0,0,0
S01010388,3,1,2
S01010389,3,0,3
S01010390,2,2,0
S01010391,1,0,1
S01010392,1,0,1
S01010393,6,3,3
S01010394,0,0,0
S01010395,2,1,1
S01010396,3,3,0
S01010397,3,1,2
S01010398,5,1,4
S01010399,12,4,8
S01010400,13,6,7
S01010401,6,3,3
S01010402,10,7,3
S01010403,8,2,6
S01010404,10,3,7
S01010405,9,5,4
S01010406,2,0,2
S01010407,9,4,5
S01010408,5,2,3
S01010409,8,4,4
S01010410,12,5,7
S01010411,24,6,18
S01010412,0,0,0
S01010413,4,3,1
S01010414,18,9,9
S01010415,4,4,0
S01010416,6,3,3
S01010417,7,1,6
S01010418,11,5,6
S01010419,7,2,5
S01010420,6,2,4
S01010421,19,11,8
S01010422,5,1,4
S01010423,1,0,1
S01010424,1,0,1
S01010425,1,0,1
S01010426,2,1,1
S01010427,4,2,2
S01010428,9,6,3
S01010429,14,8,6
S01010430,7,0,7
S01010431,15,9,6
S01010432,0,0,0
S01010433,4,2,2
S01010434,2,1,1
S01010435,1,0,1
S01010436,1,0,1
S01010437,1,1,0
S01010438,0,0,0
S01010439,3,2,1
S01010440,4,4,0
S01010441,4,2,2
S01010442,3,0,3
S01010443,0,0,0
S01010444,3,1,2
S01010445,4,2,2
S01010446,7,3,4
S01010447,0,0,0
S01010448,1,1,0
S01010449,0,0,0
S01010450,1,0,1
S01010451,1,0,1
S01010452,1,1,0
S01010453,1,0,1
S01010454,2,0,2
S01010455,2,1,1
S01010456,2,1,1
S01010457,0,0,0
S01010458,0,0,0
S01010459,1,1,0
S01010460,0,0,0
S01010461,3,1,2
S01010462,2,1,1
S01010463,7,5,2
S01010464,3,0,3
S01010465,5,1,4
S01010466,4,0,4
S01010467,4,2,2
S01010468,5,2,3
S01010469,0,0,0
S01010470,3,0,3
S01010471,3,1,2
S01010472,0,0,0
S01010473,1,1,0
S01010474,4,3,1
S01010475,1,1,0
S01010476,2,2,0
S01010477,4,3,1
S01010478,1,1,0
S01010479,6,4,2
S01010480,2,1,1
S01010481,1,1,0
S01010482,2,1,1
S01010483,2,1,1
S01010484,0,0,0
S01010485,1,1,0
S01010486,2,0,2
S01010487,2,1,1
S01010488,6,3,3
S01010489,3,2,1
S01010490,3,2,1
S01010491,3,0,3
S01010492,0,0,0
S01010493,1,1,0
S01010494,1,0,1
S01010495,2,1,1
S01010496,2,0,2
S01010497,2,1,1
S01010498,1,1,0
S01010499,0,0,0
S01010500,1,0,1
S01010501,1,1,0
S01010502,2,1,1
S01010503,2,1,1
S01010504,17,7,10
S01010505,19,13,6
S01010506,25,11,14
S01010507,6,3,3
S01010508,24,9,15
S01010509,28,12,16
S01010510,9,5,4
S01010511,8,2,6
S01010512,11,6,5
S01010513,19,9,10
S01010514,11,4,7
S01010515,8,4,4
S01010516,12,5,7
S01010517,7,4,3
S01010518,7,4,3
S01010519,8,3,5
S01010520,17,9,8
S01010521,3,2,1
S01010522,6,4,2
S01010523,8,5,3
S01010524,10,3,7
S01010525,11,1,10
S01010526,8,6,2
S01010527,7,3,4
S01010528,16,7,9
S01010529,12,4,8
S01010530,12,7,5
S01010531,19,7,12
S01010532,7,4,3
S01010533,4,2,2
S01010534,12,4,8
S01010535,18,7,11
S01010536,5,3,2
S01010537,10,6,4
S01010538,12,4,8
S01010539,7,5,2
S01010540,8,5,3
S01010541,12,7,5
S01010542,9,5,4
S01010543,8,1,7
S01010544,12,6,6
S01010545,3,0,3
S01010546,8,4,4
S01010547,20,12,8
S01010548,8,5,3
S01010549,10,4,6
S01010550,4,1,3
S01010551,24,11,13
S01010552,16,5,11
S01010553,16,7,9
S01010554,9,7,2
S01010555,8,4,4
S01010556,8,6,2
S01010557,5,4,1
S01010558,13,6,7
S01010559,17,10,7
S01010560,17,9,8
S01010561,14,8,6
S01010562,12,7,5
S01010563,6,3,3
S01010564,0,0,0
S01010565,7,4,3
S01010566,11,6,5
S01010567,24,11,13
S01010568,17,6,11
S01010569,12,4,8
S01010570,12,6,6
S01010571,4,2,2
S01010572,5,2,3
S01010573,0,0,0
S01010574,13,6,7
S01010575,17,9,8
S01010576,21,12,9
S01010577,3,1,2
S01010578,8,5,3
S01010579,10,3,7
S01010580,3,2,1
S01010581,4,2,2
S01010582,10,4,6
S01010583,8,1,7
S01010584,11,7,4
S01010585,6,5,1
S01010586,20,15,5
S01010587,9,6,3
S01010588,10,4,6
S01010589,9,5,4
S01010590,12,3,9
S01010591,4,2,2
S01010592,4,1,3
S01010593,14,10,4
S01010594,5,1,4
S01010595,11,6,5
S01010596,18,8,10
S01010597,4,2,2
S01010598,10,5,5
S01010599,2,2,0
S01010600,12,7,5
S01010601,11,3,8
S01010602,6,4,2
S01010603,15,8,7
S01010604,18,9,9
S01010605,23,15,8
S01010606,9,6,3
S01010607,21,9,12
S01010608,3,0,3
S01010609,1,1,0
S01010610,16,7,9
S01010611,4,0,4
S01010612,7,3,4
S01010613,10,7,3
S01010614,5,2,3
S01010615,5,0,5
S01010616,10,3,7
S01010617,15,11,4
S01010618,9,4,5
S01010619,2,1,1
S01010620,5,2,3
S01010621,29,19,10
S01010622,3,1,2
S01010623,12,6,6
S01010624,4,4,0
S01010625,14,7,7
S01010626,23,10,13
S01010627,6,2,4
S01010628,21,11,10
S01010629,23,13,10
S01010630,10,6,4
S01010631,7,5,2
S01010632,8,3,5
S01010633,5,4,1
S01010634,2,1,1
S01010635,9,5,4
S01010636,15,10,5
S01010637,1,0,1
S01010638,3,1,2
S01010639,4,3,1
S01010640,8,3,5
S01010641,0,0,0
S01010642,1,1,0
S01010643,5,3,2
S01010644,4,1,3
S01010645,3,2,1
S01010646,14,4,10
S01010647,7,1,6
S01010648,9,4,5
S01010649,13,7,6
S01010650,6,3,3
S01010651,4,3,1
S01010652,9,6,3
S01010653,11,6,5
S01010654,2,2,0
S01010655,11,5,6
S01010656,9,5,4
S01010657,19,8,11
S01010658,6,4,2
S01010659,21,9,12
S01010660,8,5,3
S01010661,7,3,4
S01010662,9,5,4
S01010663,16,8,8
S01010664,19,8,11
S01010665,17,10,7
S01010666,19,11,8
S01010667,16,10,6
S01010668,22,8,14
S01010669,7,4,3
S01010670,22,13,9
S01010671,16,5,11
S01010672,9,4,5
S01010673,12,4,8
S01010674,15,11,4
S01010675,12,8,4
S01010676,11,6,5
S01010677,22,10,12
S01010678,8,2,6
S01010679,8,4,4
S01010680,9,4,5
S01010681,19,5,14
S01010682,10,6,4
S01010683,18,11,7
S01010684,22,7,15
S01010685,9,7,2
S01010686,19,6,13
S01010687,11,3,8
S01010688,12,7,5
S01010689,16,8,8
S01010690,16,5,11
S01010691,15,5,10
S01010692,7,4,3
S01010693,15,6,9
S01010694,15,6,9
S01010695,24,9,15
S01010696,12,5,7
S01010697,31,14,17
S01010698,13,9,4
S01010699,4,4,0
S01010700,6,3,3
S01010701,18,8,10
S01010702,20,12,8
S01010703,15,5,10
S01010704,4,2,2
S01010705,15,8,7
S01010706,3,0,3
S01010707,19,9,10
S01010708,5,3,2
S01010709,9,3,6
S01010710,7,4,3
S01010711,19,12,7
S01010712,9,7,2
S01010713,5,3,2
S01010714,6,3,3
S01010715,1,1,0
S01010716,3,1,2
S01010717,22,12,10
S01010718,20,7,13
S01010719,22,9,13
S01010720,29,13,16
S01010721,14,10,4
S01010722,12,6,6
S01010723,27,9,18
S01010724,23,15,8
S01010725,24,12,12
S01010726,20,6,14
S01010727,7,4,3
S01010728,9,2,7
S01010729,16,9,7
S01010730,18,4,14
S01010731,19,8,11
S01010732,3,2,1
S01010733,3,1,2
S01010734,6,1,5
S01010735,6,2,4
S01010736,7,3,4
S01010737,4,2,2
S01010738,0,0,0
S01010739,5,2,3
S01010740,2,0,2
S01010741,3,2,1
S01010742,8,2,6
S01010743,3,2,1
S01010744,14,6,8
S01010745,4,2,2
S01010746,17,8,9
S01010747,6,4,2
S01010748,10,9,1
S01010749,8,4,4
S01010750,5,1,4
S01010751,3,1,2
S01010752,12,6,6
S01010753,12,6,6
S01010754,4,1,3
S01010755,9,3,6
S01010756,6,3,3
S01010757,13,3,10
S01010758,9,3,6
S01010759,8,3,5
S01010760,14,8,6
S01010761,13,6,7
S01010762,5,2,3
S01010763,11,6,5
S01010764,7,2,5
S01010765,16,6,10
S01010766,5,3,2
S01010767,7,3,4
S01010768,5,3,2
S01010769,9,2,7
S01010770,17,8,9
S01010771,12,5,7
S01010772,7,5,2
S01010773,13,8,5
S01010774,7,4,3
S01010775,15,7,8
S01010776,4,1,3
S01010777,4,0,4
S01010778,4,1,3
S01010779,8,4,4
S01010780,8,7,1
S01010781,13,2,11
S01010782,6,4,2
S01010783,2,0,2
S01010784,8,5,3
S01010785,12,8,4
S01010786,14,8,6
S01010787,15,7,8
S01010788,10,3,7
S01010789,7,0,7
S01010790,13,9,4
S01010791,13,5,8
S01010792,4,0,4
S01010793,16,6,10
S01010794,7,3,4
S01010795,15,6,9
S01010796,13,4,9
S01010797,10,5,5
S01010798,16,6,10
S01010799,12,6,6
S01010800,4,1,3
S01010801,9,1,8
S01010802,12,3,9
S01010803,12,8,4
S01010804,13,8,5
S01010805,15,5,10
S01010806,12,3,9
S01010807,8,3,5
S01010808,4,2,2
S01010809,15,6,9
S01010810,8,2,6
S01010811,13,7,6
S01010812,8,2,6
S01010813,11,3,8
S01010814,7,1,6
S01010815,11,1,10
S01010816,18,10,8
S01010817,39,18,21
S01010818,35,20,15
S01010819,9,4,5
S01010820,11,4,7
S01010821,19,8,11
S01010822,10,5,5
S01010823,0,0,0
S01010824,3,3,0
S01010825,3,2,1
S01010826,4,0,4
S01010827,2,1,1
S01010828,10,6,4
S01010829,7,5,2
S01010830,1,0,1
S01010831,5,3,2
S01010832,3,0,3
S01010833,4,2,2
S01010834,5,4,1
S01010835,9,7,2
S01010836,7,4,3
S01010837,3,1,2
S01010838,2,0,2
S01010839,1,1,0
S01010840,2,1,1
S01010841,3,3,0
S01010842,3,1,2
S01010843,1,0,1
S01010844,7,2,5
S01010845,4,0,4
S01010846,0,0,0
S01010847,3,1,2
S01010848,7,5,2
S01010849,4,1,3
S01010850,6,1,5
S01010851,1,0,1
S01010852,3,1,2
S01010853,6,3,3
S01010854,3,1,2
S01010855,0,0,0
S01010856,0,0,0
S01010857,0,0,0
S01010858,0,0,0
S01010859,1,1,0
S01010860,1,0,1
S01010861,2,2,0
S01010862,1,1,0
S01010863,6,6,0
S01010864,3,1,2
S01010865,10,5,5
S01010866,4,2,2
S01010867,1,1,0
S01010868,2,2,0
S01010869,8,3,5
S01010870,5,2,3
S01010871,6,2,4
S01010872,0,0,0
S01010873,0,0,0
S01010874,8,3,5
S01010875,0,0,0
S01010876,1,1,0
S01010877,5,2,3
S01010878,3,2,1
S01010879,4,2,2
S01010880,2,1,1
S01010881,1,1,0
S01010882,3,2,1
S01010883,11,4,7
S01010884,0,0,0
S01010885,2,1,1
S01010886,0,0,0
S01010887,2,1,1
S01010888,2,2,0
S01010889,0,0,0
S01010890,0,0,0
S01010891,0,0,0
S01010892,1,1,0
S01010893,3,1,2
S01010894,0,0,0
S01010895,0,0,0
S01010896,2,2,0
S01010897,6,5,1
S01010898,4,2,2
S01010899,2,2,0
S01010900,0,0,0
S01010901,1,1,0
S01010902,2,0,2
S01010903,3,1,2
S01010904,0,0,0
S01010905,2,0,2
S01010906,3,2,1
S01010907,3,0,3
S01010908,3,2,1
S01010909,2,2,0
S01010910,2,0,2
S01010911,0,0,0
S01010912,2,2,0
S01010913,2,1,1
S01010914,2,0,2
S01010915,0,0,0
S01010916,1,1,0
S01010917,0,0,0
S01010918,2,1,1
S01010919,3,1,2
S01010920,2,2,0
S01010921,0,0,0
S01010922,3,1,2
S01010923,0,0,0
S01010924,1,0,1
S01010925,0,0,0
S01010926,1,1,0
S01010927,0,0,0
S01010928,3,2,1
S01010929,0,0,0
S01010930,14,8,6
S01010931,5,3,2
S01010932,1,1,0
S01010933,5,2,3
S01010934,16,8,8
S01010935,3,2,1
S01010936,2,2,0
S01010937,4,2,2
S01010938,4,0,4
S01010939,5,2,3
S01010940,5,4,1
S01010941,13,6,7
S01010942,7,5,2
S01010943,2,1,1
S01010944,0,0,0
S01010945,2,1,1
S01010946,0,0,0
S01010947,1,0,1
S01010948,0,0,0
S01010949,10,6,4
S01010950,5,1,4
S01010951,6,2,4
S01010952,3,1,2
S01010953,5,4,1
S01010954,2,1,1
S01010955,20,11,9
S01010956,15,8,7
S01010957,7,3,4
S01010958,4,3,1
S01010959,9,2,7
S01010960,5,2,3
S01010961,6,2,4
S01010962,1,0,1
S01010963,4,1,3
S01010964,1,0,1
S01010965,0,0,0
S01010966,0,0,0
S01010967,0,0,0
S01010968,2,1,1
S01010969,1,0,1
S01010970,5,3,2
S01010971,14,5,9
S01010972,1,1,0
S01010973,1,0,1
S01010974,2,2,0
S01010975,2,1,1
S01010976,2,1,1
S01010977,3,1,2
S01010978,0,0,0
S01010979,2,2,0
S01010980,1,0,1
S01010981,4,2,2
S01010982,22,10,12
S01010983,2,1,1
S01010984,2,1,1
S01010985,4,1,3
S01010986,3,0,3
S01010987,0,0,0
S01010988,3,2,1
S01010989,5,3,2
S01010990,6,2,4
S01010991,3,1,2
S01010992,3,1,2
S01010993,1,0,1
S01010994,14,5,9
S01010995,2,1,1
S01010996,9,2,7
S01010997,11,2,9
S01010998,20,8,12
S01010999,10,5,5
S01011000,17,4,13
S01011001,2,1,1
S01011002,1,0,1
S01011003,4,1,3
S01011004,4,3,1
S01011005,4,2,2
S01011006,4,1,3
S01011007,2,1,1
S01011008,2,2,0
S01011009,0,0,0
S01011010,0,0,0
S01011011,2,1,1
S01011012,1,1,0
S01011013,1,0,1
S01011014,3,1,2
S01011015,3,1,2
S01011016,7,4,3
S01011017,13,5,8
S01011018,1,0,1
S01011019,19,4,15
S01011020,2,1,1
S01011021,3,2,1
S01011022,0,0,0
S01011023,0,0,0
S01011024,2,0,2
S01011025,1,1,0
S01011026,0,0,0
S01011027,4,1,3
S01011028,5,3,2
S01011029,1,0,1
S01011030,5,2,3
S01011031,0,0,0
S01011032,0,0,0
S01011033,1,1,0
S01011034,2,2,0
S01011035,3,2,1
S01011036,4,2,2
S01011037,4,2,2
S01011038,2,0,2
S01011039,1,0,1
S01011040,3,0,3
S01011041,4,2,2
S01011042,4,3,1
S01011043,2,1,1
S01011044,3,2,1
S01011045,8,3,5
S01011046,9,4,5
S01011047,19,12,7
S01011048,8,3,5
S01011049,5,2,3
S01011050,12,5,7
S01011051,16,11,5
S01011052,17,5,12
S01011053,4,1,3
S01011054,7,4,3
S01011055,10,1,9
S01011056,14,7,7
S01011057,4,0,4
S01011058,15,5,10
S01011059,13,5,8
S01011060,9,3,6
S01011061,2,0,2
S01011062,9,2,7
S01011063,5,4,1
S01011064,11,5,6
S01011065,9,4,5
S01011066,7,3,4
S01011067,5,0,5
S01011068,5,2,3
S01011069,10,6,4
S01011070,4,0,4
S01011071,10,2,8
S01011072,10,2,8
S01011073,9,3,6
S01011074,5,3,2
S01011075,1,0,1
S01011076,7,5,2
S01011077,10,6,4
S01011078,22,7,15
S01011079,18,10,8
S01011080,9,4,5
S01011081,7,2,5
S01011082,2,0,2
S01011083,6,2,4
S01011084,17,10,7
S01011085,22,13,9
S01011086,11,2,9
S01011087,3,1,2
S01011088,13,5,8
S01011089,6,4,2
S01011090,18,7,11
S01011091,11,5,6
S01011092,4,2,2
S01011093,13,5,8
S01011094,12,6,6
S01011095,23,12,11
S01011096,5,3,2
S01011097,12,4,8
S01011098,3,2,1
S01011099,4,1,3
S01011100,11,7,4
S01011101,4,2,2
S01011102,4,1,3
S01011103,3,1,2
S01011104,12,4,8
S01011105,4,3,1
S01011106,4,2,2
S01011107,3,2,1
S01011108,7,6,1
S01011109,8,4,4
S01011110,5,1,4
S01011111,7,4,3
S01011112,9,3,6
S01011113,9,4,5
S01011114,14,7,7
S01011115,7,3,4
S01011116,11,6,5
S01011117,12,3,9
S01011118,19,9,10
S01011119,8,7,1
S01011120,18,9,9
S01011121,4,2,2
S01011122,6,3,3
S01011123,3,2,1
S01011124,9,3,6
S01011125,2,1,1
S01011126,2,1,1
S01011127,10,4,6
S01011128,3,1,2
S01011129,24,14,10
S01011130,8,3,5
S01011131,5,2,3
S01011132,9,5,4
S01011133,5,2,3
S01011134,6,1,5
S01011135,3,2,1
S01011136,7,4,3
S01011137,3,2,1
S01011138,0,0,0
S01011139,6,3,3
S01011140,0,0,0
S01011141,3,1,2
S01011142,22,9,13
S01011143,19,11,8
S01011144,16,6,10
S01011145,15,6,9
S01011146,6,2,4
S01011147,10,6,4
S01011148,16,11,5
S01011149,17,12,5
S01011150,7,4,3
S01011151,5,3,2
S01011152,18,8,10
S01011153,14,3,11
S01011154,6,4,2
S01011155,5,2,3
S01011156,10,4,6
S01011157,3,0,3
S01011158,27,11,16
S01011159,9,1,8
S01011160,13,8,5
S01011161,7,3,4
S01011162,5,2,3
S01011163,9,3,6
S01011164,16,10,6
S01011165,6,2,4
S01011166,12,6,6
S01011167,16,8,8
S01011168,18,10,8
S01011169,19,9,10
S01011170,17,10,7
S01011171,16,6,10
S01011172,11,7,4
S01011173,10,4,6
S01011174,9,3,6
S01011175,7,4,3
S01011176,7,3,4
S01011177,20,12,8
S01011178,3,0,3
S01011179,1,0,1
S01011180,0,0,0
S01011181,3,3,0
S01011182,6,4,2
S01011183,4,0,4
S01011184,11,8,3
S01011185,3,2,1
S01011186,6,4,2
S01011187,2,1,1
S01011188,1,1,0
S01011189,5,2,3
S01011190,3,2,1
S01011191,1,1,0
S01011192,1,0,1
S01011193,0,0,0
S01011194,0,0,0
S01011195,3,1,2
S01011196,4,2,2
S01011197,4,1,3
S01011198,2,1,1
S01011199,2,1,1
S01011200,3,3,0
S01011201,1,0,1
S01011202,0,0,0
S01011203,3,0,3
S01011204,8,7,1
S01011205,3,1,2
S01011206,7,4,3
S01011207,2,2,0
S01011208,8,4,4
S01011209,1,0,1
S01011210,2,1,1
S01011211,2,1,1
S01011212,1,0,1
S01011213,6,3,3
S01011214,1,1,0
S01011215,0,0,0
S01011216,3,2,1
S01011217,5,1,4
S01011218,2,1,1
S01011219,0,0,0
S01011220,4,3,1
S01011221,3,2,1
S01011222,1,0,1
S01011223,2,0,2
S01011224,5,2,3
S01011225,0,0,0
S01011226,5,3,2
S01011227,5,3,2
S01011228,2,1,1
S01011229,2,1,1
S01011230,1,0,1
S01011231,3,2,1
S01011232,4,3,1
S01011233,0,0,0
S01011234,2,1,1
S01011235,1,0,1
S01011236,2,2,0
S01011237,0,0,0
S01011238,0,0,0
S01011239,4,2,2
S01011240,1,0,1
S01011241,7,4,3
S01011242,4,2,2
S01011243,2,2,0
S01011244,1,0,1
S01011245,2,0,2
S01011246,3,2,1
S01011247,7,2,5
S01011248,5,1,4
S01011249,8,6,2
S01011250,3,1,2
S01011251,5,5,0
S01011252,2,1,1
S01011253,4,2,2
S01011254,5,2,3
S01011255,1,1,0
S01011256,2,1,1
S01011257,2,1,1
S01011258,2,2,0
S01011259,3,1,2
S01011260,2,2,0
S01011261,5,2,3
S01011262,0,0,0
S01011263,4,1,3
S01011264,3,0,3
S01011265,0,0,0
S01011266,6,2,4
S01011267,2,1,1
S01011268,1,0,1
S01011269,2,1,1
S01011270,4,2,2
S01011271,7,5,2
S01011272,1,0,1
S01011273,1,1,0
S01011274,2,1,1
S01011275,4,1,3
S01011276,3,1,2
S01011277,2,0,2
S01011278,0,0,0
S01011279,2,1,1
S01011280,5,2,3
S01011281,2,1,1
S01011282,2,1,1
S01011283,3,0,3
S01011284,0,0,0
S01011285,1,0,1
S01011286,1,1,0
S01011287,2,1,1
S01011288,1,1,0
S01011289,1,1,0
S01011290,7,4,3
S01011291,1,1,0
S01011292,1,0,1
S01011293,1,0,1
S01011294,0,0,0
S01011295,6,5,1
S01011296,3,0,3
S01011297,2,1,1
S01011298,2,1,1
S01011299,4,2,2
S01011300,6,1,5
S01011301,7,4,3
S01011302,2,0,2
S01011303,8,3,5
S01011304,1,0,1
S01011305,1,0,1
S01011306,2,1,1
S01011307,2,2,0
S01011308,7,4,3
S01011309,12,6,6
S01011310,10,5,5
S01011311,5,3,2
S01011312,16,8,8
S01011313,4,2,2
S01011314,7,1,6
S01011315,0,0,0
S01011316,5,2,3
S01011317,10,5,5
S01011318,6,3,3
S01011319,17,10,7
S01011320,4,4,0
S01011321,8,5,3
S01011322,5,1,4
S01011323,4,1,3
S01011324,11,7,4
S01011325,0,0,0
S01011326,0,0,0
S01011327,3,3,0
S01011328,10,6,4
S01011329,12,5,7
S01011330,12,5,7
S01011331,4,2,2
S01011332,16,4,12
S01011333,6,4,2
S01011334,4,2,2
S01011335,15,9,6
S01011336,3,0,3
S01011337,8,3,5
S01011338,3,2,1
S01011339,0,0,0
S01011340,2,0,2
S01011341,1,0,1
S01011342,0,0,0
S01011343,3,2,1
S01011344,3,2,1
S01011345,0,0,0
S01011346,1,0,1
S01011347,0,0,0
S01011348,6,4,2
S01011349,2,1,1
S01011350,6,2,4
S01011351,1,0,1
S01011352,2,0,2
S01011353,1,0,1
S01011354,6,3,3
S01011355,7,4,3
S01011356,11,5,6
S01011357,3,2,1
S01011358,1,0,1
S01011359,1,1,0
S01011360,0,0,0
S01011361,1,0,1
S01011362,2,0,2
S01011363,2,0,2
S01011364,0,0,0
S01011365,0,0,0
S01011366,0,0,0
S01011367,1,1,0
S01011368,3,1,2
S01011369,1,0,1
S01011370,0,0,0
S01011371,2,1,1
S01011372,1,0,1
S01011373,1,0,1
S01011374,1,1,0
S01011375,0,0,0
S01011376,0,0,0
S01011377,0,0,0
S01011378,2,1,1
S01011379,9,6,3
S01011380,4,1,3
S01011381,4,2,2
S01011382,0,0,0
S01011383,0,0,0
S01011384,4,4,0
S01011385,0,0,0
S01011386,0,0,0
S01011387,2,2,0
S01011388,2,1,1
S01011389,1,1,0
S01011390,1,0,1
S01011391,0,0,0
S01011392,3,0,3
S01011393,3,2,1
S01011394,2,1,1
S01011395,3,2,1
S01011396,0,0,0
S01011397,1,1,0
S01011398,0,0,0
S01011399,0,0,0
S01011400,5,2,3
S01011401,1,0,1
S01011402,3,1,2
S01011403,3,0,3
S01011404,2,2,0
S01011405,1,1,0
S01011406,2,0,2
S01011407,2,0,2
S01011408,1,0,1
S01011409,2,2,0
S01011410,2,0,2
S01011411,2,1,1
S01011412,0,0,0
S01011413,2,1,1
S01011414,1,1,0
S01011415,5,2,3
S01011416,5,3,2
S01011417,0,0,0
S01011418,0,0,0
S01011419,1,0,1
S01011420,1,1,0
S01011421,0,0,0
S01011422,2,0,2
S01011423,1,0,1
S01011424,1,0,1
S01011425,0,0,0
S01011426,4,2,2
S01011427,1,0,1
S01011428,3,0,3
S01011429,5,2,3
S01011430,4,1,3
S01011431,0,0,0
S01011432,0,0,0
S01011433,1,0,1
S01011434,3,1,2
S01011435,1,1,0
S01011436,5,3,2
S01011437,1,1,0
S01011438,0,0,0
S01011439,2,2,0
S01011440,0,0,0
S01011441,1,0,1
S01011442,3,1,2
S01011443,4,3,1
S01011444,5,1,4
S01011445,3,0,3
S01011446,1,1,0
S01011447,3,1,2
S01011448,2,0,2
S01011449,1,0,1
S01011450,0,0,0
S01011451,8,4,4
S01011452,6,2,4
S01011453,0,0,0
S01011454,4,1,3
S01011455,1,1,0
S01011456,4,3,1
S01011457,2,1,1
S01011458,4,1,3
S01011459,2,1,1
S01011460,1,1,0
S01011461,2,0,2
S01011462,4,3,1
S01011463,1,0,1
S01011464,1,1,0
S01011465,0,0,0
S01011466,3,1,2
S01011467,0,0,0
S01011468,3,2,1
S01011469,3,2,1
S01011470,2,1,1
S01011471,3,1,2
S01011472,1,1,0
S01011473,0,0,0
S01011474,3,0,3
S01011475,1,1,0
S01011476,0,0,0
S01011477,1,1,0
S01011478,4,2,2
S01011479,3,1,2
S01011480,9,2,7
S01011481,2,0,2
S01011482,1,1,0
S01011483,3,1,2
S01011484,1,0,1
S01011485,2,2,0
S01011486,0,0,0
S01011487,3,3,0
S01011488,1,0,1
S01011489,0,0,0
S01011490,0,0,0
S01011491,0,0,0
S01011492,5,3,2
S01011493,0,0,0
S01011494,1,0,1
S01011495,3,2,1
S01011496,2,1,1
S01011497,1,1,0
S01011498,2,2,0
S01011499,0,0,0
S01011500,1,0,1
S01011501,4,1,3
S01011502,0,0,0
S01011503,2,0,2
S01011504,1,1,0
S01011505,1,0,1
S01011506,1,1,0
S01011507,2,2,0
S01011508,1,1,0
S01011509,2,2,0
S01011510,1,1,0
S01011511,0,0,0
S01011512,3,2,1
S01011513,4,2,2
S01011514,0,0,0
S01011515,1,1,0
S01011516,3,0,3
S01011517,0,0,0
S01011518,0,0,0
S01011519,3,2,1
S01011520,0,0,0
S01011521,2,2,0
S01011522,2,1,1
S01011523,0,0,0
S01011524,4,3,1
S01011525,1,0,1
S01011526,0,0,0
S01011527,2,1,1
S01011528,1,0,1
S01011529,0,0,0
S01011530,1,1,0
S01011531,3,1,2
S01011532,0,0,0
S01011533,3,2,1
S01011534,2,1,1
S01011535,1,1,0
S01011536,1,0,1
S01011537,3,0,3
S01011538,3,1,2
S01011539,0,0,0
S01011540,3,2,1
S01011541,0,0,0
S01011542,1,0,1
S01011543,2,1,1
S01011544,0,0,0
S01011545,0,0,0
S01011546,3,1,2
S01011547,3,0,3
S01011548,5,2,3
S01011549,2,0,2
S01011550,6,0,6
S01011551,1,1,0
S01011552,7,4,3
S01011553,1,0,1
S01011554,3,1,2
S01011555,0,0,0
S01011556,0,0,0
S01011557,0,0,0
S01011558,1,0,1
S01011559,0,0,0
S01011560,0,0,0
S01011561,0,0,0
S01011562,0,0,0
S01011563,0,0,0
S01011564,5,2,3
S01011565,1,0,1
S01011566,0,0,0
S01011567,1,0,1
S01011568,1,0,1
S01011569,4,4,0
S01011570,5,1,4
S01011571,1,0,1
S01011572,1,0,1
S01011573,1,0,1
S01011574,4,2,2
S01011575,0,0,0
S01011576,1,0,1
S01011577,3,2,1
S01011578,8,6,2
S01011579,2,1,1
S01011580,2,0,2
S01011581,4,0,4
S01011582,6,3,3
S01011583,5,3,2
S01011584,1,0,1
S01011585,2,1,1
S01011586,0,0,0
S01011587,4,2,2
S01011588,2,2,0
S01011589,3,0,3
S01011590,1,0,1
S01011591,0,0,0
S01011592,0,0,0
S01011593,2,0,2
S01011594,1,0,1
S01011595,3,0,3
S01011596,2,1,1
S01011597,0,0,0
S01011598,0,0,0
S01011599,1,1,0
S01011600,1,1,0
S01011601,0,0,0
S01011602,1,0,1
S01011603,0,0,0
S01011604,0,0,0
S01011605,0,0,0
S01011606,0,0,0
S01011607,0,0,0
S01011608,1,0,1
S01011609,2,1,1
S01011610,1,1,0
S01011611,2,0,2
S01011612,3,1,2
S01011613,3,0,3
S01011614,2,0,2
S01011615,6,4,2
S01011616,1,0,1
S01011617,2,2,0
S01011618,0,0,0
S01011619,2,1,1
S01011620,1,1,0
S01011621,3,2,1
S01011622,0,0,0
S01011623,2,2,0
S01011624,2,0,2
S01011625,3,2,1
S01011626,3,1,2
S01011627,2,0,2
S01011628,0,0,0
S01011629,2,0,2
S01011630,1,0,1
S01011631,1,0,1
S01011632,3,1,2
S01011633,0,0,0
S01011634,0,0,0
S01011635,1,0,1
S01011636,0,0,0
S01011637,2,1,1
S01011638,1,0,1
S01011639,2,0,2
S01011640,1,0,1
S01011641,2,0,2
S01011642,2,0,2
S01011643,0,0,0
S01011644,3,1,2
S01011645,0,0,0
S01011646,5,1,4
S01011647,0,0,0
S01011648,2,1,1
S01011649,2,1,1
S01011650,3,2,1
S01011651,3,1,2
S01011652,1,1,0
S01011653,2,0,2
S01011654,0,0,0
S01011655,0,0,0
S01011656,0,0,0
S01011657,2,0,2
S01011658,1,0,1
S01011659,0,0,0
S01011660,2,1,1
S01011661,1,1,0
S01011662,3,0,3
S01011663,1,0,1
S01011664,3,1,2
S01011665,1,1,0
S01011666,3,2,1
S01011667,2,1,1
S01011668,2,2,0
S01011669,2,1,1
S01011670,1,0,1
S01011671,1,0,1
S01011672,3,1,2
S01011673,1,1,0
S01011674,0,0,0
S01011675,1,0,1
S01011676,2,1,1
S01011677,2,1,1
S01011678,1,0,1
S01011679,2,2,0
S01011680,0,0,0
S01011681,3,1,2
S01011682,1,0,1
S01011683,2,1,1
S01011684,1,1,0
S01011685,0,0,0
S01011686,1,1,0
S01011687,4,2,2
S01011688,3,0,3
S01011689,1,1,0
S01011690,2,1,1
S01011691,2,2,0
S01011692,0,0,0
S01011693,2,0,2
S01011694,1,0,1
S01011695,1,1,0
S01011696,4,1,3
S01011697,4,2,2
S01011698,0,0,0
S01011699,1,1,0
S01011700,1,0,1
S01011701,3,2,1
S01011702,3,1,2
S01011703,3,2,1
S01011704,2,0,2
S01011705,1,0,1
S01011706,1,0,1
S01011707,0,0,0
S01011708,4,2,2
S01011709,3,3,0
S01011710,2,0,2
S01011711,3,0,3
S01011712,1,0,1
S01011713,2,2,0
S01011714,0,0,0
S01011715,2,1,1
S01011716,3,3,0
S01011717,2,1,1
S01011718,3,1,2
S01011719,5,2,3
S01011720,6,2,4
S01011721,2,1,1
S01011722,0,0,0
S01011723,0,0,0
S01011724,2,0,2
S01011725,4,3,1
S01011726,1,0,1
S01011727,3,1,2
S01011728,3,0,3
S01011729,0,0,0
S01011730,6,5,1
S01011731,1,0,1
S01011732,4,1,3
S01011733,2,2,0
S01011734,1,0,1
S01011735,2,0,2
S01011736,0,0,0
S01011737,5,1,4
S01011738,4,2,2
S01011739,2,2,0
S01011740,2,1,1
S01011741,2,0,2
S01011742,2,2,0
S01011743,0,0,0
S01011744,0,0,0
S01011745,0,0,0
S01011746,0,0,0
S01011747,1,1,0
S01011748,5,2,3
S01011749,2,1,1
S01011750,0,0,0
S01011751,0,0,0
S01011752,1,0,1
S01011753,2,2,0
S01011754,3,2,1
S01011755,0,0,0
S01011756,1,1,0
S01011757,2,0,2
S01011758,3,1,2
S01011759,1,1,0
S01011760,1,1,0
S01011761,6,3,3
S01011762,1,0,1
S01011763,6,5,1
S01011764,1,1,0
S01011765,4,1,3
S01011766,5,1,4
S01011767,2,1,1
S01011768,1,1,0
S01011769,2,0,2
S01011770,4,2,2
S01011771,2,1,1
S01011772,16,6,10
S01011773,1,0,1
S01011774,0,0,0
S01011775,0,0,0
S01011776,3,1,2
S01011777,3,3,0
S01011778,1,0,1
S01011779,6,6,0
S01011780,6,2,4
S01011781,1,1,0
S01011782,3,1,2
S01011783,4,3,1
S01011784,0,0,0
S01011785,1,0,1
S01011786,4,3,1
S01011787,1,0,1
S01011788,12,4,8
S01011789,3,1,2
S01011790,3,1,2
S01011791,5,2,3
S01011792,5,2,3
S01011793,2,0,2
S01011794,3,3,0
S01011795,2,0,2
S01011796,1,0,1
S01011797,10,3,7
S01011798,0,0,0
S01011799,3,3,0
S01011800,0,0,0
S01011801,2,1,1
S01011802,2,1,1
S01011803,4,2,2
S01011804,12,3,9
S01011805,9,3,6
S01011806,10,7,3
S01011807,23,11,12
S01011808,21,12,9
S01011809,12,6,6
S01011810,16,6,10
S01011811,31,13,18
S01011812,19,10,9
S01011813,13,5,8
S01011814,20,10,10
S01011815,13,6,7
S01011816,16,8,8
S01011817,12,7,5
S01011818,23,8,15
S01011819,10,8,2
S01011820,14,5,9
S01011821,5,4,1
S01011822,13,7,6
S01011823,12,7,5
S01011824,8,2,6
S01011825,7,4,3
S01011826,15,6,9
S01011827,14,7,7
S01011828,30,11,19
S01011829,11,5,6
S01011830,11,6,5
S01011831,29,13,16
S01011832,17,7,10
S01011833,23,14,9
S01011834,20,9,11
S01011835,23,12,11
S01011836,22,11,11
S01011837,28,9,19
S01011838,27,18,9
S01011839,23,13,10
S01011840,17,7,10
S01011841,11,5,6
S01011842,13,6,7
S01011843,21,9,12
S01011844,22,13,9
S01011845,10,6,4
S01011846,38,23,15
S01011847,7,5,2
S01011848,5,4,1
S01011849,12,4,8
S01011850,23,17,6
S01011851,14,6,8
S01011852,14,9,5
S01011853,10,4,6
S01011854,11,2,9
S01011855,2,1,1
S01011856,14,9,5
S01011857,20,12,8
S01011858,20,11,9
S01011859,7,4,3
S01011860,9,6,3
S01011861,15,3,12
S01011862,26,9,17
S01011863,33,14,19
S01011864,14,8,6
S01011865,9,5,4
S01011866,6,1,5
S01011867,6,3,3
S01011868,13,4,9
S01011869,12,5,7
S01011870,6,3,3
S01011871,26,7,19
S01011872,31,15,16
S01011873,15,8,7
S01011874,3,0,3
S01011875,3,2,1
S01011876,18,8,10
S01011877,8,2,6
S01011878,43,17,26
S01011879,17,10,7
S01011880,9,6,3
S01011881,14,9,5
S01011882,6,1,5
S01011883,26,11,15
S01011884,19,8,11
S01011885,12,6,6
S01011886,18,10,8
S01011887,6,3,3
S01011888,6,2,4
S01011889,22,13,9
S01011890,12,7,5
S01011891,2,1,1
S01011892,7,4,3
S01011893,11,6,5
S01011894,4,1,3
S01011895,21,13,8
S01011896,17,5,12
S01011897,9,6,3
S01011898,19,9,10
S01011899,13,7,6
S01011900,14,4,10
S01011901,15,9,6
S01011902,9,4,5
S01011903,18,8,10
S01011904,23,13,10
S01011905,18,8,10
S01011906,3,2,1
S01011907,8,6,2
S01011908,4,2,2
S01011909,3,1,2
S01011910,2,2,0
S01011911,3,2,1
S01011912,0,0,0
S01011913,2,2,0
S01011914,2,1,1
S01011915,3,2,1
S01011916,2,0,2
S01011917,3,1,2
S01011918,3,2,1
S01011919,3,1,2
S01011920,1,0,1
S01011921,3,1,2
S01011922,2,1,1
S01011923,1,1,0
S01011924,3,0,3
S01011925,12,2,10
S01011926,4,2,2
S01011927,1,0,1
S01011928,1,1,0
S01011929,4,1,3
S01011930,0,0,0
S01011931,2,1,1
S01011932,1,1,0
S01011933,0,0,0
S01011934,7,4,3
S01011935,0,0,0
S01011936,3,2,1
S01011937,2,0,2
S01011938,5,3,2
S01011939,7,4,3
S01011940,1,0,1
S01011941,3,3,0
S01011942,2,0,2
S01011943,1,0,1
S01011944,15,9,6
S01011945,21,8,13
S01011946,16,9,7
S01011947,2,1,1
S01011948,14,5,9
S01011949,18,8,10
S01011950,7,1,6
S01011951,7,5,2
S01011952,2,0,2
S01011953,16,6,10
S01011954,3,0,3
S01011955,15,10,5
S01011956,17,10,7
S01011957,10,4,6
S01011958,15,3,12
S01011959,24,11,13
S01011960,6,2,4
S01011961,7,3,4
S01011962,19,9,10
S01011963,3,0,3
S01011964,12,6,6
S01011965,7,1,6
S01011966,6,4,2
S01011967,15,4,11
S01011968,7,5,2
S01011969,5,0,5
S01011970,2,2,0
S01011971,4,3,1
S01011972,18,9,9
S01011973,10,6,4
S01011974,10,5,5
S01011975,4,1,3
S01011976,4,1,3
S01011977,12,5,7
S01011978,2,2,0
S01011979,17,4,13
S01011980,14,10,4
S01011981,11,6,5
S01011982,13,8,5
S01011983,15,9,6
S01011984,1,0,1
S01011985,4,3,1
S01011986,1,0,1
S01011987,9,3,6
S01011988,8,4,4
S01011989,11,5,6
S01011990,4,1,3
S01011991,5,3,2
S01011992,12,6,6
S01011993,3,1,2
S01011994,10,5,5
S01011995,18,9,9
S01011996,1,1,0
S01011997,8,5,3
S01011998,6,3,3
S01011999,12,8,4
S01012000,6,1,5
S01012001,7,4,3
S01012002,17,6,11
S01012003,4,2,2
S01012004,21,12,9
S01012005,17,6,11
S01012006,17,9,8
S01012007,15,7,8
S01012008,15,10,5
S01012009,13,7,6
S01012010,23,8,15
S01012011,12,5,7
S01012012,11,9,2
S01012013,12,4,8
S01012014,4,2,2
S01012015,6,3,3
S01012016,24,11,13
S01012017,7,2,5
S01012018,15,12,3
S01012019,9,6,3
S01012020,7,3,4
S01012021,9,2,7
S01012022,1,0,1
S01012023,6,5,1
S01012024,5,2,3
S01012025,2,0,2
S01012026,5,3,2
S01012027,7,4,3
S01012028,6,4,2
S01012029,14,7,7
S01012030,13,7,6
S01012031,7,2,5
S01012032,5,3,2
S01012033,4,2,2
S01012034,3,1,2
S01012035,6,4,2
S01012036,7,2,5
S01012037,2,0,2
S01012038,2,0,2
S01012039,3,1,2
S01012040,1,0,1
S01012041,1,0,1
S01012042,0,0,0
S01012043,3,1,2
S01012044,5,5,0
S01012045,3,2,1
S01012046,1,0,1
S01012047,3,1,2
S01012048,4,2,2
S01012049,0,0,0
S01012050,2,1,1
S01012051,1,0,1
S01012052,4,1,3
S01012053,2,1,1
S01012054,0,0,0
S01012055,0,0,0
S01012056,2,0,2
S01012057,3,1,2
S01012058,1,1,0
S01012059,2,0,2
S01012060,0,0,0
S01012061,1,1,0
S01012062,5,3,2
S01012063,1,1,0
S01012064,1,0,1
S01012065,2,2,0
S01012066,3,1,2
S01012067,0,0,0
S01012068,0,0,0
S01012069,0,0,0
S01012070,3,0,3
S01012071,4,3,1
S01012072,1,1,0
S01012073,2,1,1
S01012074,2,0,2
S01012075,0,0,0
S01012076,4,0,4
S01012077,4,1,3
S01012078,4,4,0
S01012079,4,4,0
S01012080,2,1,1
S01012081,0,0,0
S01012082,1,1,0
S01012083,5,1,4
S01012084,1,0,1
S01012085,7,2,5
S01012086,2,1,1
S01012087,2,0,2
S01012088,3,2,1
S01012089,4,0,4
S01012090,4,1,3
S01012091,0,0,0
S01012092,2,2,0
S01012093,2,2,0
S01012094,9,4,5
S01012095,3,1,2
S01012096,4,1,3
S01012097,2,1,1
S01012098,1,0,1
S01012099,1,0,1
S01012100,3,1,2
S01012101,5,1,4
S01012102,1,0,1
S01012103,3,0,3
S01012104,27,10,17
S01012105,3,1,2
S01012106,4,1,3
S01012107,7,2,5
S01012108,2,2,0
S01012109,0,0,0
S01012110,6,2,4
S01012111,4,1,3
S01012112,1,0,1
S01012113,4,3,1
S01012114,5,3,2
S01012115,0,0,0
S01012116,1,0,1
S01012117,0,0,0
S01012118,2,0,2
S01012119,3,0,3
S01012120,1,0,1
S01012121,3,0,3
S01012122,2,2,0
S01012123,4,2,2
S01012124,3,2,1
S01012125,1,0,1
S01012126,4,3,1
S01012127,0,0,0
S01012128,1,0,1
S01012129,2,0,2
S01012130,0,0,0
S01012131,6,3,3
S01012132,3,2,1
S01012133,9,6,3
S01012134,3,0,3
S01012135,2,1,1
S01012136,0,0,0
S01012137,1,0,1
S01012138,2,1,1
S01012139,0,0,0
S01012140,1,1,0
S01012141,3,1,2
S01012142,3,1,2
S01012143,7,2,5
S01012144,8,2,6
S01012145,8,2,6
S01012146,2,1,1
S01012147,3,1,2
S01012148,3,2,1
S01012149,3,2,1
S01012150,1,0,1
S01012151,5,4,1
S01012152,1,0,1
S01012153,0,0,0
S01012154,0,0,0
S01012155,0,0,0
S01012156,1,1,0
S01012157,0,0,0
S01012158,3,2,1
S01012159,0,0,0
S01012160,0,0,0
S01012161,1,1,0
S01012162,0,0,0
S01012163,1,1,0
S01012164,3,3,0
S01012165,1,1,0
S01012166,1,1,0
S01012167,1,1,0
S01012168,0,0,0
S01012169,1,0,1
S01012170,2,1,1
S01012171,1,0,1
S01012172,3,2,1
S01012173,2,0,2
S01012174,2,1,1
S01012175,4,1,3
S01012176,0,0,0
S01012177,1,0,1
S01012178,1,1,0
S01012179,3,2,1
S01012180,2,1,1
S01012181,0,0,0
S01012182,4,0,4
S01012183,2,1,1
S01012184,2,2,0
S01012185,2,1,1
S01012186,0,0,0
S01012187,1,1,0
S01012188,2,2,0
S01012189,1,0,1
S01012190,0,0,0
S01012191,8,0,8
S01012192,1,0,1
S01012193,2,0,2
S01012194,1,0,1
S01012195,12,3,9
S01012196,2,1,1
S01012197,1,0,1
S01012198,3,0,3
S01012199,0,0,0
S01012200,1,0,1
S01012201,0,0,0
S01012202,2,0,2
S01012203,3,2,1
S01012204,1,1,0
S01012205,5,2,3
S01012206,2,1,1
S01012207,1,0,1
S01012208,2,1,1
S01012209,5,2,3
S01012210,1,1,0
S01012211,2,2,0
S01012212,2,1,1
S01012213,3,2,1
S01012214,3,3,0
S01012215,4,2,2
S01012216,12,4,8
S01012217,0,0,0
S01012218,1,0,1
S01012219,2,1,1
S01012220,2,1,1
S01012221,3,0,3
S01012222,0,0,0
S01012223,2,1,1
S01012224,0,0,0
S01012225,8,6,2
S01012226,0,0,0
S01012227,1,1,0
S01012228,1,1,0
S01012229,7,2,5
S01012230,6,3,3
S01012231,14,5,9
S01012232,10,3,7
S01012233,9,4,5
S01012234,12,6,6
S01012235,4,1,3
S01012236,6,2,4
S01012237,17,8,9
S01012238,0,0,0
S01012239,2,0,2
S01012240,4,1,3
S01012241,9,7,2
S01012242,23,16,7
S01012243,9,4,5
S01012244,29,18,11
S01012245,17,6,11
S01012246,21,13,8
S01012247,28,15,13
S01012248,31,14,17
S01012249,20,9,11
S01012250,20,7,13
S01012251,10,5,5
S01012252,5,2,3
S01012253,16,11,5
S01012254,10,8,2
S01012255,14,8,6
S01012256,20,9,11
S01012257,15,6,9
S01012258,27,11,16
S01012259,14,5,9
S01012260,8,3,5
S01012261,17,11,6
S01012262,17,8,9
S01012263,4,1,3
S01012264,3,2,1
S01012265,9,7,2
S01012266,20,8,12
S01012267,11,4,7
S01012268,26,19,7
S01012269,14,6,8
S01012270,9,5,4
S01012271,28,14,14
S01012272,19,9,10
S01012273,17,8,9
S01012274,13,3,10
S01012275,5,3,2
S01012276,15,7,8
S01012277,15,9,6
S01012278,9,4,5
S01012279,9,2,7
S01012280,6,2,4
S01012281,9,3,6
S01012282,19,8,11
S01012283,21,6,15
S01012284,4,2,2
S01012285,14,8,6
S01012286,8,5,3
S01012287,7,1,6
S01012288,3,1,2
S01012289,16,9,7
S01012290,7,1,6
S01012291,22,10,12
S01012292,13,4,9
S01012293,11,4,7
S01012294,6,4,2
S01012295,5,2,3
S01012296,14,9,5
S01012297,16,11,5
S01012298,7,3,4
S01012299,14,11,3
S01012300,8,3,5
S01012301,19,9,10
S01012302,23,13,10
S01012303,16,6,10
S01012304,17,5,12
S01012305,10,4,6
S01012306,8,6,2
S01012307,8,2,6
S01012308,6,3,3
S01012309,8,4,4
S01012310,25,14,11
S01012311,12,6,6
S01012312,16,9,7
S01012313,10,5,5
S01012314,2,2,0
S01012315,2,2,0
S01012316,3,1,2
S01012317,10,4,6
S01012318,10,7,3
S01012319,23,11,12
S01012320,2,0,2
S01012321,2,2,0
S01012322,14,10,4
S01012323,19,13,6
S01012324,17,13,4
S01012325,3,3,0
S01012326,8,4,4
S01012327,0,0,0
S01012328,4,1,3
S01012329,20,9,11
S01012330,5,3,2
S01012331,11,6,5
S01012332,41,17,24
S01012333,21,13,8
S01012334,9,4,5
S01012335,18,10,8
S01012336,8,4,4
S01012337,3,0,3
S01012338,6,3,3
S01012339,5,2,3
S01012340,20,9,11
S01012341,27,16,11
S01012342,16,9,7
S01012343,16,6,10
S01012344,1,0,1
S01012345,8,4,4
S01012346,18,6,12
S01012347,4,1,3
S01012348,17,10,7
S01012349,7,1,6
S01012350,10,8,2
S01012351,15,8,7
S01012352,10,4,6
S01012353,6,4,2
S01012354,7,4,3
S01012355,16,11,5
S01012356,3,3,0
S01012357,24,11,13
S01012358,26,10,16
S01012359,5,2,3
S01012360,3,1,2
S01012361,2,1,1
S01012362,1,0,1
S01012363,6,1,5
S01012364,4,4,0
S01012365,7,4,3
S01012366,7,3,4
S01012367,8,3,5
S01012368,7,2,5
S01012369,10,6,4
S01012370,6,1,5
S01012371,1,1,0
S01012372,1,0,1
S01012373,8,6,2
S01012374,6,2,4
S01012375,9,4,5
S01012376,31,16,15
S01012377,14,7,7
S01012378,26,16,10
S01012379,4,2,2
S01012380,9,6,3
S01012381,9,4,5
S01012382,18,8,10
S01012383,11,4,7
S01012384,3,3,0
S01012385,12,5,7
S01012386,10,4,6
S01012387,24,8,16
S01012388,14,5,9
S01012389,20,7,13
S01012390,16,9,7
S01012391,21,12,9
S01012392,17,5,12
S01012393,24,9,15
S01012394,9,3,6
S01012395,7,2,5
S01012396,7,2,5
S01012397,13,4,9
S01012398,19,8,11
S01012399,9,4,5
S01012400,6,1,5
S01012401,14,6,8
S01012402,5,2,3
S01012403,16,11,5
S01012404,11,4,7
S01012405,17,8,9
S01012406,12,5,7
S01012407,25,8,17
S01012408,12,2,10
S01012409,14,8,6
S01012410,20,8,12
S01012411,15,5,10
S01012412,14,8,6
S01012413,18,10,8
S01012414,20,9,11
S01012415,13,6,7
S01012416,13,3,10
S01012417,6,4,2
S01012418,9,1,8
S01012419,9,3,6
S01012420,4,1,3
S01012421,7,5,2
S01012422,11,3,8
S01012423,13,3,10
S01012424,0,0,0
S01012425,1,1,0
S01012426,0,0,0
S01012427,3,1,2
S01012428,5,1,4
S01012429,6,3,3
S01012430,7,5,2
S01012431,9,6,3
S01012432,6,1,5
S01012433,5,3,2
S01012434,4,1,3
S01012435,4,2,2
S01012436,3,2,1
S01012437,4,3,1
S01012438,6,4,2
S01012439,9,5,4
S01012440,9,4,5
S01012441,13,5,8
S01012442,17,7,10
S01012443,10,5,5
S01012444,13,4,9
S01012445,16,7,9
S01012446,2,1,1
S01012447,10,0,10
S01012448,12,7,5
S01012449,1,0,1
S01012450,15,6,9
S01012451,16,10,6
S01012452,3,2,1
S01012453,27,14,13
S01012454,14,7,7
S01012455,9,4,5
S01012456,15,6,9
S01012457,16,9,7
S01012458,27,13,14
S01012459,10,4,6
S01012460,6,3,3
S01012461,6,1,5
S01012462,0,0,0
S01012463,2,0,2
S01012464,0,0,0
S01012465,0,0,0
S01012466,7,4,3
S01012467,1,0,1
S01012468,4,2,2
S01012469,27,13,14
S01012470,3,3,0
S01012471,25,10,15
S01012472,11,7,4
S01012473,5,2,3
S01012474,11,6,5
S01012475,3,2,1
S01012476,1,1,0
S01012477,10,3,7
S01012478,2,0,2
S01012479,6,2,4
S01012480,2,0,2
S01012481,12,5,7
S01012482,11,3,8
S01012483,2,2,0
S01012484,18,9,9
S01012485,17,7,10
S01012486,17,6,11
S01012487,1,1,0
S01012488,6,4,2
S01012489,5,1,4
S01012490,0,0,0
S01012491,2,0,2
S01012492,2,2,0
S01012493,9,5,4
S01012494,3,2,1
S01012495,2,2,0
S01012496,2,0,2
S01012497,4,2,2
S01012498,0,0,0
S01012499,0,0,0
S01012500,2,2,0
S01012501,2,2,0
S01012502,2,0,2
S01012503,1,0,1
S01012504,2,1,1
S01012505,5,1,4
S01012506,6,4,2
S01012507,6,2,4
S01012508,2,1,1
S01012509,1,1,0
S01012510,3,1,2
S01012511,3,0,3
S01012512,8,5,3
S01012513,7,6,1
S01012514,2,2,0
S01012515,2,0,2
S01012516,4,2,2
S01012517,3,0,3
S01012518,12,5,7
S01012519,6,3,3
S01012520,15,5,10
S01012521,3,2,1
S01012522,20,7,13
S01012523,5,2,3
S01012524,9,4,5
S01012525,9,7,2
S01012526,11,6,5
S01012527,3,0,3
S01012528,3,2,1
S01012529,3,0,3
S01012530,7,3,4
S01012531,4,3,1
S01012532,6,3,3
S01012533,4,2,2
S01012534,2,0,2
S01012535,1,1,0
S01012536,7,3,4
S01012537,0,0,0
S01012538,4,3,1
S01012539,2,0,2
S01012540,2,1,1
S01012541,16,11,5
S01012542,9,4,5
S01012543,10,4,6
S01012544,7,4,3
S01012545,2,2,0
S01012546,5,1,4
S01012547,6,3,3
S01012548,9,1,8
S01012549,1,1,0
S01012550,5,2,3
S01012551,7,2,5
S01012552,12,5,7
S01012553,8,3,5
S01012554,9,3,6
S01012555,5,3,2
S01012556,10,5,5
S01012557,8,2,6
S01012558,1,1,0
S01012559,1,0,1
S01012560,3,3,0
S01012561,3,2,1
S01012562,6,1,5
S01012563,24,8,16
S01012564,11,7,4
S01012565,11,6,5
S01012566,7,5,2
S01012567,9,3,6
S01012568,17,11,6
S01012569,31,14,17
S01012570,4,2,2
S01012571,10,7,3
S01012572,8,5,3
S01012573,6,1,5
S01012574,21,8,13
S01012575,14,6,8
S01012576,8,4,4
S01012577,10,4,6
S01012578,9,7,2
S01012579,12,7,5
S01012580,18,6,12
S01012581,0,0,0
S01012582,12,3,9
S01012583,2,2,0
S01012584,6,2,4
S01012585,7,2,5
S01012586,14,10,4
S01012587,13,4,9
S01012588,10,6,4
S01012589,1,1,0
S01012590,3,1,2
S01012591,3,0,3
S01012592,2,1,1
S01012593,4,2,2
S01012594,2,0,2
S01012595,1,1,0
S01012596,1,0,1
S01012597,1,1,0
S01012598,3,2,1
S01012599,2,2,0
S01012600,5,2,3
S01012601,1,0,1
S01012602,3,1,2
S01012603,1,0,1
S01012604,2,0,2
S01012605,3,1,2
S01012606,3,0,3
S01012607,1,1,0
S01012608,2,1,1
S01012609,0,0,0
S01012610,7,4,3
S01012611,0,0,0
S01012612,2,1,1
S01012613,2,0,2
S01012614,4,2,2
S01012615,5,4,1
S01012616,5,1,4
S01012617,1,0,1
S01012618,1,1,0
S01012619,3,1,2
S01012620,10,6,4
S01012621,3,2,1
S01012622,4,2,2
S01012623,1,1,0
S01012624,3,2,1
S01012625,5,3,2
S01012626,11,4,7
S01012627,9,5,4
S01012628,14,8,6
S01012629,17,14,3
S01012630,2,1,1
S01012631,7,1,6
S01012632,5,4,1
S01012633,12,4,8
S01012634,0,0,0
S01012635,7,4,3
S01012636,2,1,1
S01012637,3,0,3
S01012638,8,5,3
S01012639,4,1,3
S01012640,5,4,1
S01012641,2,1,1
S01012642,8,4,4
S01012643,2,1,1
S01012644,0,0,0
S01012645,0,0,0
S01012646,3,1,2
S01012647,0,0,0
S01012648,0,0,0
S01012649,4,1,3
S01012650,2,1,1
S01012651,7,4,3
S01012652,9,4,5
S01012653,1,1,0
S01012654,4,3,1
S01012655,4,2,2
S01012656,3,2,1
S01012657,0,0,0
S01012658,0,0,0
S01012659,0,0,0
S01012660,1,0,1
S01012661,3,1,2
S01012662,1,0,1
S01012663,2,1,1
S01012664,8,5,3
S01012665,0,0,0
S01012666,3,2,1
S01012667,1,1,0
S01012668,1,1,0
S01012669,2,1,1
S01012670,4,1,3
S01012671,1,1,0
S01012672,0,0,0
S01012673,2,1,1
S01012674,0,0,0
S01012675,1,0,1
S01012676,5,2,3
S01012677,2,1,1
S01012678,1,0,1
S01012679,3,1,2
S01012680,3,0,3
S01012681,1,1,0
S01012682,3,0,3
S01012683,1,1,0
S01012684,2,1,1
S01012685,4,3,1
S01012686,1,1,0
S01012687,5,4,1
S01012688,3,2,1
S01012689,10,4,6
S01012690,2,0,2
S01012691,16,10,6
S01012692,10,3,7
S01012693,26,12,14
S01012694,3,2,1
S01012695,2,0,2
S01012696,17,10,7
S01012697,10,4,6
S01012698,6,2,4
S01012699,11,4,7
S01012700,6,4,2
S01012701,4,2,2
S01012702,1,1,0
S01012703,8,4,4
S01012704,0,0,0
S01012705,4,2,2
S01012706,3,1,2
S01012707,5,1,4
S01012708,1,0,1
S01012709,1,1,0
S01012710,1,1,0
S01012711,7,7,0
S01012712,1,0,1
S01012713,5,3,2
S01012714,4,2,2
S01012715,1,0,1
S01012716,1,1,0
S01012717,2,2,0
S01012718,2,1,1
S01012719,2,1,1
S01012720,0,0,0
S01012721,1,1,0
S01012722,0,0,0
S01012723,1,0,1
S01012724,1,0,1
S01012725,1,0,1
S01012726,1,1,0
S01012727,0,0,0
S01012728,2,1,1
S01012729,4,3,1
S01012730,0,0,0
S01012731,1,1,0
S01012732,2,2,0
S01012733,3,1,2
S01012734,3,3,0
S01012735,0,0,0
S01012736,1,1,0
S01012737,2,1,1
S01012738,2,0,2
S01012739,1,0,1
S01012740,4,4,0
S01012741,2,1,1
S01012742,4,1,3
S01012743,4,1,3
S01012744,3,2,1
S01012745,2,2,0
S01012746,4,3,1
S01012747,3,0,3
S01012748,3,2,1
S01012749,3,1,2
S01012750,5,4,1
S01012751,1,0,1
S01012752,0,0,0
S01012753,2,0,2
S01012754,1,1,0
S01012755,1,0,1
S01012756,0,0,0
S01012757,0,0,0
S01012758,1,1,0
S01012759,1,0,1
S01012760,6,0,6
S01012761,1,1,0
S01012762,1,1,0
S01012763,0,0,0
S01012764,2,0,2
S01012765,2,1,1
S01012766,1,0,1
S01012767,0,0,0
S01012768,0,0,0
S01012769,1,1,0
S01012770,1,1,0
S01012771,1,0,1
S01012772,1,1,0
S01012773,2,1,1
S01012774,1,0,1
S01012775,1,1,0
S01012776,2,1,1
S01012777,0,0,0
S01012778,2,1,1
S01012779,2,1,1
S01012780,1,0,1
S01012781,1,0,1
S01012782,0,0,0
S01012783,2,1,1
S01012784,0,0,0
S01012785,0,0,0
S01012786,3,2,1
S01012787,2,1,1
S01012788,4,3,1
S01012789,2,1,1
S01012790,1,0,1
S01012791,0,0,0
S01012792,1,1,0
S01012793,2,1,1
S01012794,1,0,1
S01012795,5,0,5
S01012796,0,0,0
S01012797,2,0,2
S01012798,8,6,2
S01012799,2,0,2
S01012800,4,1,3
S01012801,3,1,2
S01012802,4,2,2
S01012803,7,6,1
S01012804,7,4,3
S01012805,3,1,2
S01012806,0,0,0
S01012807,7,3,4
S01012808,8,1,7
S01012809,6,3,3
S01012810,6,3,3
S01012811,3,1,2
S01012812,4,2,2
S01012813,7,5,2
S01012814,0,0,0
S01012815,0,0,0
S01012816,1,0,1
S01012817,0,0,0
S01012818,1,1,0
S01012819,4,2,2
S01012820,1,0,1
S01012821,2,1,1
S01012822,1,1,0
S01012823,4,2,2
S01012824,0,0,0
S01012825,0,0,0
S01012826,2,2,0
S01012827,3,1,2
S01012828,0,0,0
S01012829,1,1,0
S01012830,0,0,0
S01012831,4,3,1
S01012832,4,2,2
S01012833,0,0,0
S01012834,3,2,1
S01012835,3,2,1
S01012836,7,3,4
S01012837,5,2,3
S01012838,3,1,2
S01012839,1,0,1
S01012840,3,3,0
S01012841,3,1,2
S01012842,2,2,0
S01012843,2,1,1
S01012844,8,4,4
S01012845,3,1,2
S01012846,2,0,2
S01012847,2,0,2
S01012848,0,0,0
S01012849,0,0,0
S01012850,1,0,1
S01012851,1,0,1
S01012852,3,2,1
S01012853,1,0,1
S01012854,0,0,0
S01012855,3,0,3
S01012856,3,1,2
S01012857,1,1,0
S01012858,0,0,0
S01012859,2,1,1
S01012860,7,1,6
S01012861,0,0,0
S01012862,0,0,0
S01012863,0,0,0
S01012864,3,2,1
S01012865,1,1,0
S01012866,1,0,1
S01012867,5,2,3
S01012868,1,0,1
S01012869,2,2,0
S01012870,3,1,2
S01012871,4,3,1
S01012872,2,1,1
S01012873,4,3,1
S01012874,0,0,0
S01012875,4,1,3
S01012876,3,1,2
S01012877,2,2,0
S01012878,6,2,4
S01012879,6,3,3
S01012880,7,4,3
S01012881,5,1,4
S01012882,1,0,1
S01012883,1,1,0
S01012884,0,0,0
S01012885,1,1,0
S01012886,7,4,3
S01012887,2,0,2
S01012888,11,4,7
S01012889,1,0,1
S01012890,1,0,1
S01012891,1,0,1
S01012892,0,0,0
S01012893,2,0,2
S01012894,3,1,2
S01012895,3,0,3
S01012896,1,0,1
S01012897,2,0,2
S01012898,1,0,1
S01012899,2,0,2
S01012900,5,4,1
S01012901,3,1,2
S01012902,2,2,0
S01012903,1,0,1
S01012904,3,1,2
S01012905,1,1,0
S01012906,2,2,0
S01012907,5,3,2
S01012908,0,0,0
S01012909,0,0,0
S01012910,3,1,2
S01012911,3,1,2
S01012912,6,1,5
S01012913,5,3,2
S01012914,6,2,4
S01012915,5,4,1
S01012916,2,1,1
S01012917,6,3,3
S01012918,0,0,0
S01012919,1,0,1
S01012920,3,1,2
S01012921,1,1,0
S01012922,3,0,3
S01012923,1,1,0
S01012924,0,0,0
S01012925,9,3,6
S01012926,2,2,0
S01012927,2,1,1
S01012928,6,4,2
S01012929,5,1,4
S01012930,4,1,3
S01012931,2,0,2
S01012932,4,0,4
S01012933,5,4,1
S01012934,2,0,2
S01012935,1,1,0
S01012936,1,0,1
S01012937,1,0,1
S01012938,7,1,6
S01012939,4,2,2
S01012940,11,8,3
S01012941,7,3,4
S01012942,2,1,1
S01012943,5,2,3
S01012944,1,0,1
S01012945,12,5,7
S01012946,2,2,0
S01012947,2,0,2
S01012948,2,1,1
S01012949,3,3,0
S01012950,0,0,0
S01012951,3,3,0
S01012952,15,10,5
S01012953,4,2,2
S01012954,2,1,1
S01012955,6,1,5
S01012956,3,1,2
S01012957,2,1,1
S01012958,3,2,1
S01012959,1,1,0
S01012960,3,1,2
S01012961,1,0,1
S01012962,2,0,2
S01012963,2,2,0
S01012964,2,2,0
S01012965,0,0,0
S01012966,2,1,1
S01012967,2,0,2
S01012968,1,0,1
S01012969,1,0,1
S01012970,3,0,3
S01012971,3,1,2
S01012972,2,1,1
S01012973,4,1,3
S01012974,1,0,1
S01012975,3,3,0
S01012976,3,1,2
S01012977,2,2,0
S01012978,2,1,1
S01012979,5,0,5
S01012980,0,0,0
S01012981,3,1,2
S01012982,2,1,1
S01012983,3,2,1
S01012984,0,0,0
S01012985,7,3,4
S01012986,4,3,1
S01012987,2,1,1
S01012988,0,0,0
S01012989,4,2,2
S01012990,2,0,2
S01012991,0,0,0
S01012992,4,1,3
S01012993,3,1,2
S01012994,3,1,2
S01012995,2,1,1
S01012996,1,0,1
S01012997,1,0,1
S01012998,4,2,2
S01012999,2,1,1
S01013000,1,1,0
S01013001,14,8,6
S01013002,12,2,10
S01013003,36,15,21
S01013004,16,9,7
S01013005,25,9,16
S01013006,19,8,11
S01013007,11,7,4
S01013008,13,6,7
S01013009,3,0,3
S01013010,10,3,7
S01013011,16,6,10
S01013012,6,4,2
S01013013,19,12,7
S01013014,8,5,3
S01013015,17,9,8
S01013016,20,11,9
S01013017,18,9,9
S01013018,39,19,20
S01013019,11,5,6
S01013020,6,5,1
S01013021,6,2,4
S01013022,1,1,0
S01013023,25,13,12
S01013024,11,4,7
S01013025,10,5,5
S01013026,4,2,2
S01013027,1,1,0
S01013028,5,0,5
S01013029,2,2,0
S01013030,0,0,0
S01013031,1,1,0
S01013032,1,0,1
S01013033,0,0,0
S01013034,3,0,3
S01013035,1,1,0
S01013036,1,0,1
S01013037,8,2,6
S01013038,2,1,1
S01013039,15,7,8
S01013040,3,1,2
S01013041,2,1,1
S01013042,8,7,1
S01013043,0,0,0
S01013044,4,3,1
S01013045,1,0,1
S01013046,1,0,1
S01013047,6,3,3
S01013048,3,1,2
S01013049,7,4,3
S01013050,1,1,0
S01013051,2,1,1
S01013052,5,3,2
S01013053,2,1,1
S01013054,3,1,2
S01013055,4,1,3
S01013056,4,2,2
S01013057,3,2,1
S01013058,7,5,2
S01013059,18,8,10
S01013060,9,4,5
S01013061,17,6,11
S01013062,20,9,11
S01013063,28,15,13
S01013064,2,2,0
S01013065,4,3,1
S01013066,1,1,0
S01013067,0,0,0
S01013068,2,1,1
S01013069,1,1,0
S01013070,1,1,0
S01013071,7,5,2
S01013072,0,0,0
S01013073,10,7,3
S01013074,1,0,1
S01013075,5,4,1
S01013076,10,4,6
S01013077,0,0,0
S01013078,2,0,2
S01013079,6,5,1
S01013080,9,4,5
S01013081,4,3,1
S01013082,9,5,4
S01013083,17,8,9
S01013084,17,11,6
S01013085,4,3,1
S01013086,21,9,12
S01013087,28,12,16
S01013088,20,14,6
S01013089,5,4,1
S01013090,8,5,3
S01013091,7,3,4
S01013092,6,3,3
S01013093,12,6,6
S01013094,21,8,13
S01013095,36,17,19
S01013096,2,1,1
S01013097,10,5,5
S01013098,15,9,6
S01013099,18,14,4
S01013100,17,7,10
S01013101,10,4,6
S01013102,12,6,6
S01013103,23,12,11
S01013104,27,16,11
S01013105,28,13,15
S01013106,13,8,5
S01013107,27,16,11
S01013108,25,17,8
S01013109,43,17,26
S01013110,5,1,4
S01013111,12,4,8
S01013112,7,5,2
S01013113,6,3,3
S01013114,11,6,5
S01013115,1,1,0
S01013116,22,10,12
S01013117,7,1,6
S01013118,8,4,4
S01013119,12,6,6
S01013120,16,7,9
S01013121,3,1,2
S01013122,1,1,0
S01013123,3,3,0
S01013124,1,1,0
S01013125,7,3,4
S01013126,1,1,0
S01013127,2,2,0
S01013128,2,1,1
S01013129,2,2,0
S01013130,4,3,1
S01013131,0,0,0
S01013132,3,3,0
S01013133,2,0,2
S01013134,3,2,1
S01013135,0,0,0
S01013136,0,0,0
S01013137,0,0,0
S01013138,2,2,0
S01013139,3,2,1
S01013140,1,0,1
S01013141,1,0,1
S01013142,2,1,1
S01013143,1,0,1
S01013144,1,1,0
S01013145,2,2,0
S01013146,0,0,0
S01013147,1,0,1
S01013148,1,1,0
S01013149,2,1,1
S01013150,0,0,0
S01013151,2,1,1
S01013152,1,0,1
S01013153,1,0,1
S01013154,5,2,3
S01013155,1,0,1
S01013156,0,0,0
S01013157,2,1,1
S01013158,1,0,1
S01013159,1,1,0
S01013160,0,0,0
S01013161,3,0,3
S01013162,3,1,2
S01013163,3,3,0
S01013164,3,2,1
S01013165,2,2,0
S01013166,1,0,1
S01013167,2,1,1
S01013168,0,0,0
S01013169,0,0,0
S01013170,1,1,0
S01013171,2,2,0
S01013172,0,0,0
S01013173,1,0,1
S01013174,3,1,2
S01013175,3,0,3
S01013176,1,0,1
S01013177,1,1,0
S01013178,1,0,1
S01013179,5,3,2
S01013180,2,0,2
S01013181,3,1,2
S01013182,1,1,0
S01013183,2,2,0
S01013184,1,0,1
S01013185,1,0,1
S01013186,3,1,2
S01013187,1,0,1
S01013188,1,0,1
S01013189,2,1,1
S01013190,5,2,3
S01013191,7,2,5
S01013192,1,1,0
S01013193,1,0,1
S01013194,1,1,0
S01013195,2,0,2
S01013196,1,0,1
S01013197,2,1,1
S01013198,3,0,3
S01013199,5,4,1
S01013200,6,3,3
S01013201,1,0,1
S01013202,3,2,1
S01013203,5,1,4
S01013204,2,0,2
S01013205,0,0,0
S01013206,1,0,1
S01013207,3,2,1
S01013208,3,1,2
S01013209,1,1,0
S01013210,4,0,4
S01013211,0,0,0
S01013212,1,1,0
S01013213,2,1,1
S01013214,4,1,3
S01013215,1,1,0
S01013216,1,0,1
S01013217,3,1,2
S01013218,1,0,1
S01013219,1,0,1
S01013220,3,1,2
S01013221,5,3,2
S01013222,1,0,1
S01013223,2,1,1
S01013224,1,1,0
S01013225,0,0,0
S01013226,1,1,0
S01013227,3,1,2
S01013228,1,0,1
S01013229,0,0,0
S01013230,0,0,0
S01013231,0,0,0
S01013232,2,0,2
S01013233,2,1,1
S01013234,2,1,1
S01013235,3,1,2
S01013236,7,3,4
S01013237,2,0,2
S01013238,2,0,2
S01013239,0,0,0
S01013240,2,1,1
S01013241,5,0,5
S01013242,11,9,2
S01013243,1,0,1
S01013244,2,1,1
S01013245,3,3,0
S01013246,2,0,2
S01013247,1,0,1
S01013248,2,1,1
S01013249,0,0,0
S01013250,9,6,3
S01013251,1,0,1
S01013252,2,2,0
S01013253,1,0,1
S01013254,1,1,0
S01013255,0,0,0
S01013256,2,1,1
S01013257,8,5,3
S01013258,8,2,6
S01013259,4,2,2
S01013260,7,5,2
S01013261,0,0,0
S01013262,2,1,1
S01013263,10,4,6
S01013264,2,0,2
S01013265,20,7,13
S01013266,8,2,6
S01013267,8,6,2
S01013268,5,3,2
S01013269,8,2,6
S01013270,20,10,10
S01013271,10,7,3
S01013272,17,8,9
S01013273,9,5,4
S01013274,6,2,4
S01013275,19,12,7
S01013276,3,1,2
S01013277,11,5,6
S01013278,2,2,0
S01013279,2,1,1
S01013280,10,4,6
S01013281,2,1,1
S01013282,0,0,0
S01013283,2,1,1
S01013284,3,0,3
S01013285,2,2,0
S01013286,3,1,2
S01013287,17,8,9
S01013288,3,2,1
S01013289,22,10,12
S01013290,5,2,3
S01013291,1,1,0
S01013292,7,3,4
S01013293,9,4,5
S01013294,6,3,3
S01013295,1,0,1
S01013296,0,0,0
S01013297,1,0,1
S01013298,3,3,0
S01013299,1,0,1
S01013300,2,1,1
S01013301,2,1,1
S01013302,2,2,0
S01013303,2,1,1
S01013304,6,3,3
S01013305,1,1,0
S01013306,4,0,4
S01013307,2,1,1
S01013308,1,0,1
S01013309,1,0,1
S01013310,2,2,0
S01013311,0,0,0
S01013312,5,3,2
S01013313,1,0,1
S01013314,1,1,0
S01013315,1,0,1
S01013316,8,3,5
S01013317,2,2,0
S01013318,6,2,4
S01013319,3,3,0
S01013320,8,2,6
S01013321,0,0,0
S01013322,2,1,1
S01013323,4,0,4
S01013324,2,0,2
S01013325,3,1,2
S01013326,0,0,0
S01013327,4,1,3
S01013328,0,0,0
S01013329,2,1,1
S01013330,5,0,5
S01013331,7,2,5
S01013332,5,2,3
S01013333,1,1,0
S01013334,3,2,1
S01013335,1,1,0
S01013336,4,1,3
S01013337,7,4,3
S01013338,2,1,1
S01013339,8,2,6
S01013340,7,2,5
S01013341,8,6,2
S01013342,2,1,1
S01013343,0,0,0
S01013344,0,0,0
S01013345,3,1,2
S01013346,9,3,6
S01013347,2,1,1
S01013348,3,2,1
S01013349,5,4,1
S01013350,3,1,2
S01013351,4,0,4
S01013352,3,2,1
S01013353,2,2,0
S01013354,3,1,2
S01013355,3,3,0
S01013356,1,1,0
S01013357,5,3,2
S01013358,1,0,1
S01013359,2,1,1
S01013360,0,0,0
S01013361,2,2,0
S01013362,0,0,0
S01013363,2,2,0
S01013364,5,1,4
S01013365,4,3,1
S01013366,5,4,1
S01013367,2,1,1
S01013368,4,2,2
S01013369,1,0,1
S01013370,2,1,1
S01013371,1,0,1
S01013372,4,1,3
S01013373,1,0,1
S01013374,3,1,2
S01013375,0,0,0
S01013376,5,0,5
S01013377,1,1,0
S01013378,2,1,1
S01013379,7,3,4
S01013380,0,0,0
S01013381,0,0,0
S01013382,0,0,0
S01013383,0,0,0
S01013384,2,2,0
S01013385,5,3,2
S01013386,6,3,3
S01013387,1,1,0
S01013388,2,0,2
S01013389,4,1,3
S01013390,2,1,1
S01013391,2,1,1
S01013392,3,2,1
S01013393,2,0,2
S01013394,2,0,2
S01013395,2,1,1
S01013396,3,2,1
S01013397,2,0,2
S01013398,1,1,0
S01013399,3,0,3
S01013400,3,2,1
S01013401,1,1,0
S01013402,1,1,0
S01013403,4,2,2
S01013404,4,3,1
S01013405,0,0,0
S01013406,0,0,0
S01013407,0,0,0
S01013408,3,0,3
S01013409,9,3,6
S01013410,1,0,1
S01013411,9,2,7
S01013412,7,3,4
S01013413,9,4,5
S01013414,0,0,0
S01013415,0,0,0
S01013416,4,2,2
S01013417,4,1,3
S01013418,6,3,3
S01013419,6,3,3
S01013420,1,0,1
S01013421,4,2,2
S01013422,4,1,3
S01013423,5,3,2
S01013424,4,1,3
S01013425,2,1,1
S01013426,6,1,5
S01013427,9,2,7
S01013428,5,2,3
S01013429,0,0,0
S01013430,1,0,1
S01013431,1,0,1
S01013432,3,0,3
S01013433,7,1,6
S01013434,8,6,2
S01013435,27,14,13
S01013436,9,4,5
S01013437,3,2,1
S01013438,4,1,3
S01013439,24,15,9
S01013440,28,11,17
S01013441,14,7,7
S01013442,8,4,4
S01013443,5,1,4
S01013444,5,4,1
S01013445,18,11,7
S01013446,7,3,4
S01013447,11,4,7
S01013448,9,3,6
S01013449,11,5,6
S01013450,5,1,4
S01013451,28,14,14
S01013452,20,9,11
S01013453,4,1,3
S01013454,6,2,4
S01013455,0,0,0
S01013456,4,2,2
S01013457,1,0,1
S01013458,2,1,1
S01013459,4,1,3
S01013460,3,1,2
S01013461,4,0,4
S01013462,3,1,2
S01013463,3,1,2
S01013464,5,4,1
S01013465,2,1,1
S01013466,3,1,2
S01013467,3,1,2
S01013468,2,0,2
S01013469,4,1,3
S01013470,3,2,1
S01013471,2,2,0
S01013472,4,1,3
S01013473,3,1,2
S01013474,2,0,2
S01013475,2,2,0
S01013476,4,1,3
S01013477,2,1,1
S01013478,3,0,3
S01013479,0,0,0
S01013480,2,1,1
S01013481,0,0,0
