,All people aged 18 to 64 in households,One adult household,Other households
S92000003,3305136,509994,2795142
S01006506,592,118,474
S01006507,522,46,476
S01006508,487,124,363
S01006509,368,47,321
S01006510,349,42,307
S01006511,414,34,380
S01006512,283,14,269
S01006513,304,19,285
S01006514,552,22,530
S01006515,448,18,430
S01006516,294,11,283
S01006517,595,42,553
S01006518,362,18,344
S01006519,488,16,472
S01006520,436,11,425
S01006521,433,27,406
S01006522,336,16,320
S01006523,537,73,464
S01006524,405,44,361
S01006525,444,49,395
S01006526,586,81,505
S01006527,414,40,374
S01006528,619,69,550
S01006529,611,170,441
S01006530,534,89,445
S01006531,615,98,517
S01006532,416,52,364
S01006533,443,51,392
S01006534,573,85,488
S01006535,800,234,566
S01006536,822,263,559
S01006537,414,43,371
S01006538,334,20,314
S01006539,429,51,378
S01006540,639,103,536
S01006541,426,32,394
S01006542,564,91,473
S01006543,428,34,394
S01006544,732,150,582
S01006545,640,156,484
S01006546,371,25,346
S01006547,515,75,440
S01006548,385,21,364
S01006549,487,62,425
S01006550,526,31,495
S01006551,392,121,271
S01006552,598,92,506
S01006553,412,42,370
S01006554,442,62,380
S01006555,530,127,403
S01006556,505,61,444
S01006557,462,79,383
S01006558,465,126,339
S01006559,414,54,360
S01006560,608,71,537
S01006561,474,50,424
S01006562,427,70,357
S01006563,504,72,432
S01006564,766,255,511
S01006565,752,305,447
S01006566,615,195,420
S01006567,696,278,418
S01006568,840,292,548
S01006569,429,126,303
S01006570,540,104,436
S01006571,641,124,517
S01006572,537,68,469
S01006573,466,49,417
S01006574,637,106,531
S01006575,610,92,518
S01006576,490,94,396
S01006577,595,178,417
S01006578,895,315,580
S01006579,862,366,496
S01006580,570,207,363
S01006581,566,85,481
S01006582,708,205,503
S01006583,648,182,466
S01006584,536,161,375
S01006585,630,177,453
S01006586,857,309,548
S01006587,485,162,323
S01006588,547,167,380
S01006589,604,136,468
S01006590,561,197,364
S01006591,602,145,457
S01006592,574,152,422
S01006593,634,169,465
S01006594,390,133,257
S01006595,785,267,518
S01006596,545,131,414
S01006597,468,200,268
S01006598,681,108,573
S01006599,586,180,406
S01006600,708,184,524
S01006601,763,248,515
S01006602,523,88,435
S01006603,503,92,411
S01006604,431,48,383
S01006605,468,90,378
S01006606,482,49,433
S01006607,580,54,526
S01006608,463,26,437
S01006609,654,80,574
S01006610,278,30,248
S01006611,563,75,488
S01006612,570,56,514
S01006613,429,61,368
S01006614,458,50,408
S01006615,509,18,491
S01006616,605,79,526
S01006617,446,52,394
S01006618,371,44,327
S01006619,618,66,552
S01006620,590,79,511
S01006621,361,50,311
S01006622,506,81,425
S01006623,493,118,375
S01006624,640,246,394
S01006625,441,58,383
S01006626,479,94,385
S01006627,698,252,446
S01006628,931,321,610
S01006629,491,76,415
S01006630,394,51,343
S01006631,600,162,438
S01006632,562,145,417
S01006633,440,72,368
S01006634,405,99,306
S01006635,407,67,340
S01006636,528,107,421
S01006637,561,177,384
S01006638,716,232,484
S01006639,741,243,498
S01006640,671,139,532
S01006641,906,290,616
S01006642,742,223,519
S01006643,688,161,527
S01006644,861,217,644
S01006645,505,168,337
S01006646,466,149,317
S01006647,479,106,373
S01006648,972,335,637
S01006649,854,278,576
S01006650,770,226,544
S01006651,530,155,375
S01006652,479,109,370
S01006653,475,102,373
S01006654,646,162,484
S01006655,485,128,357
S01006656,774,210,564
S01006657,459,110,349
S01006658,810,211,599
S01006659,526,68,458
S01006660,410,105,305
S01006661,525,91,434
S01006662,478,111,367
S01006663,494,64,430
S01006664,432,66,366
S01006665,497,115,382
S01006666,553,149,404
S01006667,552,207,345
S01006668,633,162,471
S01006669,532,178,354
S01006670,408,135,273
S01006671,329,56,273
S01006672,519,94,425
S01006673,561,138,423
S01006674,581,179,402
S01006675,497,105,392
S01006676,497,101,396
S01006677,545,163,382
S01006678,792,154,638
S01006679,449,69,380
S01006680,573,131,442
S01006681,496,183,313
S01006682,564,98,466
S01006683,630,113,517
S01006684,553,188,365
S01006685,539,187,352
S01006686,416,82,334
S01006687,557,93,464
S01006688,522,65,457
S01006689,479,69,410
S01006690,426,79,347
S01006691,422,73,349
S01006692,511,80,431
S01006693,706,152,554
S01006694,414,91,323
S01006695,434,72,362
S01006696,524,79,445
S01006697,576,82,494
S01006698,440,122,318
S01006699,317,31,286
S01006700,537,108,429
S01006701,446,66,380
S01006702,471,43,428
S01006703,408,58,350
S01006704,394,95,299
S01006705,444,68,376
S01006706,390,48,342
S01006707,446,68,378
S01006708,454,48,406
S01006709,530,62,468
S01006710,510,52,458
S01006711,600,137,463
S01006712,316,28,288
S01006713,584,73,511
S01006714,417,42,375
S01006715,362,28,334
S01006716,409,37,372
S01006717,595,51,544
S01006718,396,25,371
S01006719,592,50,542
S01006720,384,39,345
S01006721,580,72,508
S01006722,482,48,434
S01006723,423,45,378
S01006724,602,55,547
S01006725,435,55,380
S01006726,888,92,796
S01006727,615,94,521
S01006728,460,61,399
S01006729,517,64,453
S01006730,469,35,434
S01006731,398,70,328
S01006732,609,51,558
S01006733,563,26,537
S01006734,601,50,551
S01006735,347,16,331
S01006736,729,48,681
S01006737,411,29,382
S01006738,642,186,456
S01006739,452,91,361
S01006740,484,52,432
S01006741,366,57,309
S01006742,244,33,211
S01006743,358,65,293
S01006744,438,93,345
S01006745,506,62,444
S01006746,489,45,444
S01006747,447,31,416
S01006748,546,68,478
S01006749,587,74,513
S01006750,405,40,365
S01006751,295,33,262
S01006752,409,65,344
S01006753,521,66,455
S01006754,552,60,492
S01006755,475,48,427
S01006756,511,81,430
S01006757,536,91,445
S01006758,501,91,410
S01006759,393,39,354
S01006760,358,66,292
S01006761,478,62,416
S01006762,467,58,409
S01006763,617,62,555
S01006764,606,94,512
S01006765,449,85,364
S01006766,444,44,400
S01006767,462,32,430
S01006768,425,10,415
S01006769,628,53,575
S01006770,455,21,434
S01006771,325,7,318
S01006772,611,79,532
S01006773,445,28,417
S01006774,466,12,454
S01006775,424,93,331
S01006776,278,45,233
S01006777,437,21,416
S01006778,425,45,380
S01006779,363,50,313
S01006780,378,37,341
S01006781,404,18,386
S01006782,504,98,406
S01006783,363,23,340
S01006784,425,73,352
S01006785,417,20,397
S01006786,571,61,510
S01006787,428,37,391
S01006788,518,70,448
S01006789,340,48,292
S01006790,451,68,383
S01006791,323,52,271
S01006792,283,27,256
S01006793,301,39,262
S01006794,344,50,294
S01006795,407,41,366
S01006796,335,18,317
S01006797,391,31,360
S01006798,380,14,366
S01006799,498,67,431
S01006800,517,35,482
S01006801,543,33,510
S01006802,416,36,380
S01006803,385,27,358
S01006804,472,25,447
S01006805,700,60,640
S01006806,674,57,617
S01006807,403,32,371
S01006808,389,21,368
S01006809,480,53,427
S01006810,552,70,482
S01006811,677,54,623
S01006812,493,42,451
S01006813,487,44,443
S01006814,499,20,479
S01006815,356,49,307
S01006816,448,50,398
S01006817,415,41,374
S01006818,468,32,436
S01006819,540,43,497
S01006820,284,24,260
S01006821,375,30,345
S01006822,498,31,467
S01006823,437,64,373
S01006824,515,88,427
S01006825,528,40,488
S01006826,555,39,516
S01006827,542,66,476
S01006828,586,133,453
S01006829,264,11,253
S01006830,466,42,424
S01006831,325,16,309
S01006832,627,56,571
S01006833,248,9,239
S01006834,339,12,327
S01006835,477,113,364
S01006836,337,56,281
S01006837,356,29,327
S01006838,437,31,406
S01006839,652,59,593
S01006840,623,25,598
S01006841,627,34,593
S01006842,531,18,513
S01006843,562,34,528
S01006844,478,106,372
S01006845,666,59,607
S01006846,378,47,331
S01006847,443,20,423
S01006848,573,45,528
S01006849,661,36,625
S01006850,674,45,629
S01006851,495,43,452
S01006852,380,22,358
S01006853,535,40,495
S01006854,516,43,473
S01006855,491,19,472
S01006856,413,16,397
S01006857,633,54,579
S01006858,407,20,387
S01006859,659,46,613
S01006860,318,47,271
S01006861,378,22,356
S01006862,402,38,364
S01006863,406,48,358
S01006864,279,30,249
S01006865,591,86,505
S01006866,309,17,292
S01006867,409,22,387
S01006868,511,33,478
S01006869,325,31,294
S01006870,267,21,246
S01006871,389,22,367
S01006872,417,19,398
S01006873,485,37,448
S01006874,377,30,347
S01006875,373,50,323
S01006876,613,51,562
S01006877,611,49,562
S01006878,418,57,361
S01006879,450,58,392
S01006880,391,17,374
S01006881,362,24,338
S01006882,207,27,180
S01006883,273,52,221
S01006884,496,48,448
S01006885,297,20,277
S01006886,487,56,431
S01006887,365,20,345
S01006888,500,40,460
S01006889,513,61,452
S01006890,419,38,381
S01006891,587,66,521
S01006892,397,56,341
S01006893,322,13,309
S01006894,552,72,480
S01006895,355,77,278
S01006896,489,62,427
S01006897,484,44,440
S01006898,485,73,412
S01006899,409,30,379
S01006900,412,23,389
S01006901,385,39,346
S01006902,442,62,380
S01006903,496,72,424
S01006904,411,57,354
S01006905,494,41,453
S01006906,464,84,380
S01006907,426,82,344
S01006908,525,114,411
S01006909,509,18,491
S01006910,591,45,546
S01006911,424,18,406
S01006912,287,20,267
S01006913,358,22,336
S01006914,487,33,454
S01006915,526,24,502
S01006916,358,33,325
S01006917,609,24,585
S01006918,293,20,273
S01006919,300,25,275
S01006920,296,41,255
S01006921,512,18,494
S01006922,311,22,289
S01006923,451,23,428
S01006924,368,27,341
S01006925,321,30,291
S01006926,481,20,461
S01006927,686,26,660
S01006928,679,66,613
S01006929,564,16,548
S01006930,614,38,576
S01006931,249,22,227
S01006932,400,11,389
S01006933,423,26,397
S01006934,356,31,325
S01006935,445,33,412
S01006936,394,42,352
S01006937,491,51,440
S01006938,330,38,292
S01006939,406,17,389
S01006940,635,58,577
S01006941,374,40,334
S01006942,694,32,662
S01006943,413,13,400
S01006944,585,50,535
S01006945,353,33,320
S01006946,546,46,500
S01006947,560,37,523
S01006948,547,33,514
S01006949,422,30,392
S01006950,369,21,348
S01006951,312,33,279
S01006952,544,61,483
S01006953,537,33,504
S01006954,543,27,516
S01006955,402,44,358
S01006956,740,37,703
S01006957,703,41,662
S01006958,504,64,440
S01006959,389,70,319
S01006960,616,27,589
S01006961,620,27,593
S01006962,532,53,479
S01006963,454,38,416
S01006964,549,92,457
S01006965,322,38,284
S01006966,372,28,344
S01006967,427,21,406
S01006968,334,29,305
S01006969,566,80,486
S01006970,467,16,451
S01006971,306,39,267
S01006972,350,20,330
S01006973,351,29,322
S01006974,675,38,637
S01006975,652,56,596
S01006976,312,16,296
S01006977,547,41,506
S01006978,559,57,502
S01006979,509,44,465
S01006980,555,33,522
S01006981,549,47,502
S01006982,568,54,514
S01006983,480,38,442
S01006984,462,36,426
S01006985,628,60,568
S01006986,425,29,396
S01006987,396,43,353
S01006988,392,23,369
S01006989,675,48,627
S01006990,583,28,555
S01006991,251,38,213
S01006992,398,31,367
S01006993,351,25,326
S01006994,404,28,376
S01006995,540,43,497
S01006996,476,37,439
S01006997,507,37,470
S01006998,720,55,665
S01006999,558,45,513
S01007000,554,53,501
S01007001,529,53,476
S01007002,361,27,334
S01007003,337,20,317
S01007004,468,57,411
S01007005,586,29,557
S01007006,550,63,487
S01007007,529,49,480
S01007008,595,75,520
S01007009,621,113,508
S01007010,425,52,373
S01007011,497,124,373
S01007012,400,51,349
S01007013,349,28,321
S01007014,649,51,598
S01007015,394,39,355
S01007016,396,23,373
S01007017,590,88,502
S01007018,543,33,510
S01007019,402,45,357
S01007020,451,98,353
S01007021,490,51,439
S01007022,280,17,263
S01007023,288,26,262
S01007024,626,46,580
S01007025,508,59,449
S01007026,476,61,415
S01007027,621,68,553
S01007028,450,56,394
S01007029,317,15,302
S01007030,480,37,443
S01007031,370,56,314
S01007032,564,147,417
S01007033,445,59,386
S01007034,376,52,324
S01007035,456,66,390
S01007036,531,59,472
S01007037,583,62,521
S01007038,487,67,420
S01007039,521,65,456
S01007040,386,52,334
S01007041,449,62,387
S01007042,420,34,386
S01007043,653,45,608
S01007044,396,42,354
S01007045,526,34,492
S01007046,389,50,339
S01007047,411,26,385
S01007048,576,47,529
S01007049,581,74,507
S01007050,388,50,338
S01007051,480,54,426
S01007052,368,22,346
S01007053,315,21,294
S01007054,561,57,504
S01007055,346,32,314
S01007056,410,16,394
S01007057,295,23,272
S01007058,299,38,261
S01007059,603,62,541
S01007060,373,23,350
S01007061,627,34,593
S01007062,442,31,411
S01007063,414,32,382
S01007064,428,30,398
S01007065,369,43,326
S01007066,435,31,404
S01007067,368,43,325
S01007068,439,51,388
S01007069,516,56,460
S01007070,330,62,268
S01007071,553,72,481
S01007072,434,35,399
S01007073,566,37,529
S01007074,443,51,392
S01007075,447,50,397
S01007076,515,37,478
S01007077,415,44,371
S01007078,505,81,424
S01007079,584,129,455
S01007080,459,67,392
S01007081,614,59,555
S01007082,363,54,309
S01007083,551,115,436
S01007084,337,53,284
S01007085,524,111,413
S01007086,780,217,563
S01007087,578,143,435
S01007088,360,62,298
S01007089,327,29,298
S01007090,372,67,305
S01007091,527,34,493
S01007092,362,48,314
S01007093,610,59,551
S01007094,542,29,513
S01007095,347,27,320
S01007096,525,37,488
S01007097,321,22,299
S01007098,515,23,492
S01007099,561,37,524
S01007100,456,42,414
S01007101,504,48,456
S01007102,444,31,413
S01007103,510,40,470
S01007104,303,19,284
S01007105,312,35,277
S01007106,441,50,391
S01007107,431,18,413
S01007108,358,28,330
S01007109,502,66,436
S01007110,475,45,430
S01007111,310,31,279
S01007112,326,19,307
S01007113,308,48,260
S01007114,527,48,479
S01007115,399,22,377
S01007116,627,17,610
S01007117,300,9,291
S01007118,451,49,402
S01007119,543,53,490
S01007120,738,103,635
S01007121,286,60,226
S01007122,392,77,315
S01007123,376,71,305
S01007124,570,54,516
S01007125,514,61,453
S01007126,603,102,501
S01007127,705,121,584
S01007128,484,84,400
S01007129,592,41,551
S01007130,353,38,315
S01007131,470,35,435
S01007132,415,39,376
S01007133,425,34,391
S01007134,466,44,422
S01007135,337,27,310
S01007136,327,8,319
S01007137,479,21,458
S01007138,371,30,341
S01007139,460,34,426
S01007140,617,42,575
S01007141,429,16,413
S01007142,339,5,334
S01007143,405,5,400
S01007144,379,33,346
S01007145,490,39,451
S01007146,411,41,370
S01007147,418,28,390
S01007148,350,10,340
S01007149,305,27,278
S01007150,338,30,308
S01007151,524,38,486
S01007152,320,26,294
S01007153,351,31,320
S01007154,417,108,309
S01007155,351,45,306
S01007156,477,41,436
S01007157,412,52,360
S01007158,614,61,553
S01007159,509,85,424
S01007160,480,53,427
S01007161,418,51,367
S01007162,304,61,243
S01007163,487,54,433
S01007164,321,38,283
S01007165,473,44,429
S01007166,376,59,317
S01007167,483,34,449
S01007168,598,38,560
S01007169,456,34,422
S01007170,427,36,391
S01007171,540,67,473
S01007172,486,33,453
S01007173,580,29,551
S01007174,525,25,500
S01007175,337,20,317
S01007176,406,22,384
S01007177,361,67,294
S01007178,639,133,506
S01007179,578,41,537
S01007180,382,35,347
S01007181,444,40,404
S01007182,637,125,512
S01007183,633,115,518
S01007184,676,201,475
S01007185,495,118,377
S01007186,401,125,276
S01007187,515,190,325
S01007188,421,122,299
S01007189,436,130,306
S01007190,442,29,413
S01007191,395,44,351
S01007192,387,62,325
S01007193,476,27,449
S01007194,351,53,298
S01007195,313,35,278
S01007196,463,35,428
S01007197,397,77,320
S01007198,320,49,271
S01007199,488,57,431
S01007200,570,95,475
S01007201,440,58,382
S01007202,479,84,395
S01007203,410,29,381
S01007204,639,78,561
S01007205,436,22,414
S01007206,233,52,181
S01007207,559,79,480
S01007208,640,208,432
S01007209,465,127,338
S01007210,491,109,382
S01007211,604,143,461
S01007212,364,64,300
S01007213,516,76,440
S01007214,450,142,308
S01007215,473,108,365
S01007216,421,43,378
S01007217,590,113,477
S01007218,517,16,501
S01007219,496,84,412
S01007220,442,90,352
S01007221,376,18,358
S01007222,516,24,492
S01007223,311,20,291
S01007224,327,37,290
S01007225,550,58,492
S01007226,505,47,458
S01007227,555,67,488
S01007228,407,44,363
S01007229,703,57,646
S01007230,451,104,347
S01007231,410,97,313
S01007232,437,118,319
S01007233,499,67,432
S01007234,338,39,299
S01007235,457,96,361
S01007236,388,62,326
S01007237,415,53,362
S01007238,552,54,498
S01007239,463,38,425
S01007240,360,30,330
S01007241,383,27,356
S01007242,572,51,521
S01007243,363,32,331
S01007244,454,32,422
S01007245,417,41,376
S01007246,379,29,350
S01007247,416,41,375
S01007248,439,17,422
S01007249,225,22,203
S01007250,542,130,412
S01007251,286,46,240
S01007252,487,37,450
S01007253,451,33,418
S01007254,461,89,372
S01007255,495,85,410
S01007256,500,113,387
S01007257,366,92,274
S01007258,510,87,423
S01007259,498,93,405
S01007260,558,104,454
S01007261,467,53,414
S01007262,428,44,384
S01007263,458,58,400
S01007264,415,40,375
S01007265,644,93,551
S01007266,417,54,363
S01007267,336,28,308
S01007268,369,33,336
S01007269,304,29,275
S01007270,280,41,239
S01007271,590,81,509
S01007272,493,100,393
S01007273,397,44,353
S01007274,491,125,366
S01007275,308,35,273
S01007276,491,55,436
S01007277,425,19,406
S01007278,307,19,288
S01007279,332,39,293
S01007280,346,46,300
S01007281,585,68,517
S01007282,348,45,303
S01007283,504,50,454
S01007284,489,81,408
S01007285,472,44,428
S01007286,570,98,472
S01007287,338,71,267
S01007288,327,33,294
S01007289,499,45,454
S01007290,465,43,422
S01007291,375,73,302
S01007292,490,45,445
S01007293,484,47,437
S01007294,563,67,496
S01007295,326,102,224
S01007296,366,148,218
S01007297,594,135,459
S01007298,319,28,291
S01007299,525,96,429
S01007300,284,73,211
S01007301,409,37,372
S01007302,383,39,344
S01007303,528,43,485
S01007304,344,17,327
S01007305,449,32,417
S01007306,431,59,372
S01007307,492,58,434
S01007308,433,48,385
S01007309,391,57,334
S01007310,442,64,378
S01007311,455,71,384
S01007312,412,51,361
S01007313,560,49,511
S01007314,407,56,351
S01007315,566,78,488
S01007316,514,115,399
S01007317,404,59,345
S01007318,358,44,314
S01007319,432,88,344
S01007320,417,62,355
S01007321,345,46,299
S01007322,452,101,351
S01007323,278,48,230
S01007324,206,35,171
S01007325,468,69,399
S01007326,441,42,399
S01007327,449,59,390
S01007328,511,67,444
S01007329,404,50,354
S01007330,404,43,361
S01007331,602,63,539
S01007332,289,27,262
S01007333,447,66,381
S01007334,405,98,307
S01007335,472,110,362
S01007336,333,145,188
S01007337,341,98,243
S01007338,427,29,398
S01007339,312,53,259
S01007340,253,77,176
S01007341,387,89,298
S01007342,453,47,406
S01007343,367,42,325
S01007344,232,61,171
S01007345,332,89,243
S01007346,320,147,173
S01007347,354,112,242
S01007348,343,51,292
S01007349,264,23,241
S01007350,313,102,211
S01007351,341,76,265
S01007352,316,30,286
S01007353,347,28,319
S01007354,410,50,360
S01007355,555,88,467
S01007356,396,48,348
S01007357,429,64,365
S01007358,555,63,492
S01007359,448,52,396
S01007360,271,26,245
S01007361,535,96,439
S01007362,387,43,344
S01007363,359,48,311
S01007364,530,100,430
S01007365,270,40,230
S01007366,250,77,173
S01007367,325,68,257
S01007368,312,60,252
S01007369,491,112,379
S01007370,508,130,378
S01007371,432,81,351
S01007372,438,60,378
S01007373,354,47,307
S01007374,340,31,309
S01007375,281,29,252
S01007376,528,67,461
S01007377,411,32,379
S01007378,340,33,307
S01007379,273,43,230
S01007380,369,35,334
S01007381,265,18,247
S01007382,383,51,332
S01007383,434,58,376
S01007384,476,49,427
S01007385,473,56,417
S01007386,457,25,432
S01007387,482,12,470
S01007388,412,17,395
S01007389,361,27,334
S01007390,339,27,312
S01007391,356,15,341
S01007392,265,27,238
S01007393,334,33,301
S01007394,310,50,260
S01007395,522,212,310
S01007396,497,173,324
S01007397,540,91,449
S01007398,439,54,385
S01007399,425,122,303
S01007400,409,66,343
S01007401,422,43,379
S01007402,370,22,348
S01007403,494,10,484
S01007404,258,32,226
S01007405,430,44,386
S01007406,362,27,335
S01007407,406,40,366
S01007408,380,37,343
S01007409,438,76,362
S01007410,417,51,366
S01007411,542,97,445
S01007412,278,31,247
S01007413,636,50,586
S01007414,458,26,432
S01007415,524,57,467
S01007416,368,31,337
S01007417,662,59,603
S01007418,429,53,376
S01007419,572,59,513
S01007420,538,31,507
S01007421,419,46,373
S01007422,358,56,302
S01007423,484,50,434
S01007424,473,32,441
S01007425,543,53,490
S01007426,401,95,306
S01007427,395,60,335
S01007428,541,124,417
S01007429,482,73,409
S01007430,277,41,236
S01007431,373,20,353
S01007432,492,57,435
S01007433,481,57,424
S01007434,328,70,258
S01007435,431,93,338
S01007436,435,111,324
S01007437,292,64,228
S01007438,410,91,319
S01007439,444,77,367
S01007440,403,49,354
S01007441,355,24,331
S01007442,309,17,292
S01007443,450,47,403
S01007444,528,58,470
S01007445,372,33,339
S01007446,301,8,293
S01007447,293,19,274
S01007448,537,46,491
S01007449,629,91,538
S01007450,465,66,399
S01007451,386,49,337
S01007452,311,30,281
S01007453,412,18,394
S01007454,336,12,324
S01007455,548,79,469
S01007456,544,93,451
S01007457,674,115,559
S01007458,319,23,296
S01007459,362,29,333
S01007460,473,71,402
S01007461,460,129,331
S01007462,537,109,428
S01007463,579,69,510
S01007464,430,76,354
S01007465,476,120,356
S01007466,693,269,424
S01007467,601,139,462
S01007468,482,76,406
S01007469,368,35,333
S01007470,422,73,349
S01007471,312,27,285
S01007472,342,54,288
S01007473,283,66,217
S01007474,348,21,327
S01007475,396,46,350
S01007476,362,45,317
S01007477,332,51,281
S01007478,536,86,450
S01007479,380,69,311
S01007480,529,77,452
S01007481,420,29,391
S01007482,246,42,204
S01007483,477,55,422
S01007484,328,75,253
S01007485,298,55,243
S01007486,303,67,236
S01007487,561,165,396
S01007488,617,104,513
S01007489,495,61,434
S01007490,496,51,445
S01007491,692,76,616
S01007492,420,62,358
S01007493,508,62,446
S01007494,306,34,272
S01007495,509,39,470
S01007496,581,69,512
S01007497,346,39,307
S01007498,491,66,425
S01007499,531,54,477
S01007500,357,55,302
S01007501,391,46,345
S01007502,326,54,272
S01007503,582,72,510
S01007504,404,64,340
S01007505,267,27,240
S01007506,262,32,230
S01007507,523,80,443
S01007508,423,53,370
S01007509,359,37,322
S01007510,536,43,493
S01007511,477,59,418
S01007512,302,37,265
S01007513,603,101,502
S01007514,332,58,274
S01007515,310,33,277
S01007516,352,23,329
S01007517,234,36,198
S01007518,488,70,418
S01007519,252,30,222
S01007520,529,69,460
S01007521,269,42,227
S01007522,494,71,423
S01007523,309,24,285
S01007524,539,38,501
S01007525,299,39,260
S01007526,415,93,322
S01007527,446,46,400
S01007528,426,77,349
S01007529,356,39,317
S01007530,310,27,283
S01007531,409,43,366
S01007532,359,39,320
S01007533,334,25,309
S01007534,528,48,480
S01007535,574,86,488
S01007536,551,84,467
S01007537,557,100,457
S01007538,534,46,488
S01007539,333,33,300
S01007540,478,100,378
S01007541,410,47,363
S01007542,524,95,429
S01007543,674,79,595
S01007544,506,52,454
S01007545,463,42,421
S01007546,332,20,312
S01007547,333,50,283
S01007548,419,46,373
S01007549,340,44,296
S01007550,482,70,412
S01007551,524,67,457
S01007552,574,84,490
S01007553,519,52,467
S01007554,251,46,205
S01007555,296,33,263
S01007556,271,54,217
S01007557,633,54,579
S01007558,254,32,222
S01007559,447,45,402
S01007560,504,58,446
S01007561,362,54,308
S01007562,496,49,447
S01007563,502,56,446
S01007564,457,38,419
S01007565,594,47,547
S01007566,439,17,422
S01007567,374,28,346
S01007568,410,48,362
S01007569,460,41,419
S01007570,426,41,385
S01007571,330,29,301
S01007572,518,56,462
S01007573,577,45,532
S01007574,598,62,536
S01007575,490,122,368
S01007576,431,101,330
S01007577,430,57,373
S01007578,425,82,343
S01007579,394,82,312
S01007580,473,43,430
S01007581,312,20,292
S01007582,407,41,366
S01007583,660,154,506
S01007584,385,72,313
S01007585,493,40,453
S01007586,518,67,451
S01007587,368,63,305
S01007588,470,39,431
S01007589,517,139,378
S01007590,340,26,314
S01007591,387,60,327
S01007592,456,117,339
S01007593,604,55,549
S01007594,503,35,468
S01007595,592,71,521
S01007596,314,43,271
S01007597,394,29,365
S01007598,386,31,355
S01007599,520,78,442
S01007600,606,105,501
S01007601,456,88,368
S01007602,444,42,402
S01007603,552,32,520
S01007604,546,49,497
S01007605,505,36,469
S01007606,383,92,291
S01007607,434,28,406
S01007608,466,32,434
S01007609,574,116,458
S01007610,292,90,202
S01007611,567,175,392
S01007612,753,269,484
S01007613,478,58,420
S01007614,484,39,445
S01007615,649,116,533
S01007616,458,111,347
S01007617,314,34,280
S01007618,320,22,298
S01007619,380,47,333
S01007620,347,41,306
S01007621,381,26,355
S01007622,329,30,299
S01007623,365,21,344
S01007624,441,38,403
S01007625,317,29,288
S01007626,430,56,374
S01007627,327,33,294
S01007628,392,29,363
S01007629,401,29,372
S01007630,525,43,482
S01007631,373,27,346
S01007632,575,63,512
S01007633,584,54,530
S01007634,351,30,321
S01007635,330,27,303
S01007636,461,78,383
S01007637,495,78,417
S01007638,462,84,378
S01007639,656,63,593
S01007640,457,47,410
S01007641,492,53,439
S01007642,429,81,348
S01007643,510,70,440
S01007644,451,43,408
S01007645,321,28,293
S01007646,355,55,300
S01007647,408,77,331
S01007648,508,109,399
S01007649,438,55,383
S01007650,555,54,501
S01007651,348,25,323
S01007652,329,40,289
S01007653,553,50,503
S01007654,618,89,529
S01007655,476,51,425
S01007656,516,41,475
S01007657,277,25,252
S01007658,294,33,261
S01007659,454,51,403
S01007660,560,100,460
S01007661,391,71,320
S01007662,507,121,386
S01007663,496,62,434
S01007664,345,63,282
S01007665,382,47,335
S01007666,283,9,274
S01007667,423,27,396
S01007668,623,99,524
S01007669,386,58,328
S01007670,433,58,375
S01007671,448,26,422
S01007672,475,21,454
S01007673,453,40,413
S01007674,491,78,413
S01007675,383,18,365
S01007676,422,35,387
S01007677,286,19,267
S01007678,432,52,380
S01007679,462,65,397
S01007680,559,32,527
S01007681,240,36,204
S01007682,565,76,489
S01007683,441,59,382
S01007684,430,28,402
S01007685,406,28,378
S01007686,430,77,353
S01007687,624,92,532
S01007688,869,225,644
S01007689,467,89,378
S01007690,720,113,607
S01007691,900,197,703
S01007692,802,111,691
S01007693,495,196,299
S01007694,816,180,636
S01007695,660,227,433
S01007696,659,199,460
S01007697,664,221,443
S01007698,904,308,596
S01007699,644,219,425
S01007700,675,124,551
S01007701,426,145,281
S01007702,473,98,375
S01007703,548,119,429
S01007704,666,212,454
S01007705,522,90,432
S01007706,742,123,619
S01007707,739,196,543
S01007708,462,160,302
S01007709,391,118,273
S01007710,687,199,488
S01007711,772,168,604
S01007712,549,167,382
S01007713,345,72,273
S01007714,462,103,359
S01007715,354,87,267
S01007716,668,263,405
S01007717,686,234,452
S01007718,478,209,269
S01007719,662,297,365
S01007720,387,97,290
S01007721,494,164,330
S01007722,563,225,338
S01007723,580,206,374
S01007724,492,167,325
S01007725,555,256,299
S01007726,585,226,359
S01007727,742,277,465
S01007728,544,208,336
S01007729,617,205,412
S01007730,633,221,412
S01007731,548,170,378
S01007732,519,133,386
S01007733,567,69,498
S01007734,509,50,459
S01007735,533,57,476
S01007736,457,53,404
S01007737,647,135,512
S01007738,390,53,337
S01007739,284,62,222
S01007740,343,69,274
S01007741,386,100,286
S01007742,361,62,299
S01007743,584,143,441
S01007744,437,100,337
S01007745,429,124,305
S01007746,592,92,500
S01007747,332,52,280
S01007748,438,122,316
S01007749,440,20,420
S01007750,440,31,409
S01007751,374,34,340
S01007752,318,29,289
S01007753,336,42,294
S01007754,517,81,436
S01007755,488,59,429
S01007756,349,60,289
S01007757,432,28,404
S01007758,452,92,360
S01007759,600,227,373
S01007760,325,30,295
S01007761,521,57,464
S01007762,475,149,326
S01007763,236,60,176
S01007764,480,38,442
S01007765,359,28,331
S01007766,505,28,477
S01007767,517,55,462
S01007768,384,92,292
S01007769,399,42,357
S01007770,398,23,375
S01007771,265,12,253
S01007772,561,154,407
S01007773,451,23,428
S01007774,618,21,597
S01007775,546,59,487
S01007776,463,44,419
S01007777,614,27,587
S01007778,293,9,284
S01007779,495,50,445
S01007780,560,71,489
S01007781,645,73,572
S01007782,320,81,239
S01007783,435,98,337
S01007784,477,56,421
S01007785,343,52,291
S01007786,457,49,408
S01007787,408,28,380
S01007788,408,54,354
S01007789,404,52,352
S01007790,505,73,432
S01007791,322,19,303
S01007792,538,71,467
S01007793,519,91,428
S01007794,344,38,306
S01007795,371,30,341
S01007796,423,62,361
S01007797,313,68,245
S01007798,446,25,421
S01007799,402,16,386
S01007800,550,53,497
S01007801,524,109,415
S01007802,376,31,345
S01007803,616,157,459
S01007804,382,51,331
S01007805,322,37,285
S01007806,394,53,341
S01007807,454,28,426
S01007808,545,43,502
S01007809,540,27,513
S01007810,518,64,454
S01007811,527,41,486
S01007812,519,81,438
S01007813,465,39,426
S01007814,365,33,332
S01007815,549,26,523
S01007816,437,26,411
S01007817,252,23,229
S01007818,487,41,446
S01007819,461,44,417
S01007820,549,57,492
S01007821,338,38,300
S01007822,424,45,379
S01007823,443,44,399
S01007824,421,53,368
S01007825,604,78,526
S01007826,326,55,271
S01007827,450,103,347
S01007828,607,230,377
S01007829,300,74,226
S01007830,552,161,391
S01007831,527,180,347
S01007832,404,122,282
S01007833,344,88,256
S01007834,504,147,357
S01007835,411,40,371
S01007836,319,74,245
S01007837,469,39,430
S01007838,463,49,414
S01007839,248,31,217
S01007840,476,138,338
S01007841,431,84,347
S01007842,504,159,345
S01007843,456,98,358
S01007844,639,224,415
S01007845,528,115,413
S01007846,444,59,385
S01007847,568,94,474
S01007848,509,172,337
S01007849,556,87,469
S01007850,442,22,420
S01007851,472,55,417
S01007852,445,138,307
S01007853,375,148,227
S01007854,656,175,481
S01007855,343,152,191
S01007856,517,48,469
S01007857,294,55,239
S01007858,611,120,491
S01007859,298,59,239
S01007860,403,54,349
S01007861,415,14,401
S01007862,451,52,399
S01007863,556,130,426
S01007864,552,130,422
S01007865,445,16,429
S01007866,408,25,383
S01007867,293,36,257
S01007868,595,32,563
S01007869,596,53,543
S01007870,343,24,319
S01007871,386,50,336
S01007872,456,83,373
S01007873,412,40,372
S01007874,432,61,371
S01007875,344,48,296
S01007876,606,69,537
S01007877,465,49,416
S01007878,369,66,303
S01007879,458,52,406
S01007880,259,34,225
S01007881,330,52,278
S01007882,495,19,476
S01007883,684,73,611
S01007884,401,36,365
S01007885,467,77,390
S01007886,563,121,442
S01007887,363,35,328
S01007888,675,71,604
S01007889,314,40,274
S01007890,458,38,420
S01007891,527,51,476
S01007892,464,65,399
S01007893,614,47,567
S01007894,582,44,538
S01007895,313,31,282
S01007896,523,72,451
S01007897,274,20,254
S01007898,291,16,275
S01007899,239,30,209
S01007900,325,39,286
S01007901,433,46,387
S01007902,557,72,485
S01007903,388,61,327
S01007904,490,36,454
S01007905,419,55,364
S01007906,399,69,330
S01007907,327,36,291
S01007908,544,41,503
S01007909,342,41,301
S01007910,578,51,527
S01007911,473,57,416
S01007912,477,65,412
S01007913,372,66,306
S01007914,392,58,334
S01007915,528,60,468
S01007916,459,67,392
S01007917,540,73,467
S01007918,580,113,467
S01007919,500,21,479
S01007920,385,27,358
S01007921,576,70,506
S01007922,550,80,470
S01007923,627,67,560
S01007924,606,98,508
S01007925,312,15,297
S01007926,296,13,283
S01007927,421,31,390
S01007928,600,58,542
S01007929,509,29,480
S01007930,383,14,369
S01007931,651,63,588
S01007932,490,37,453
S01007933,517,38,479
S01007934,429,43,386
S01007935,510,132,378
S01007936,649,49,600
S01007937,705,54,651
S01007938,464,78,386
S01007939,517,84,433
S01007940,636,105,531
S01007941,431,18,413
S01007942,309,47,262
S01007943,390,52,338
S01007944,567,98,469
S01007945,535,125,410
S01007946,503,125,378
S01007947,445,65,380
S01007948,409,68,341
S01007949,475,53,422
S01007950,559,56,503
S01007951,463,51,412
S01007952,369,105,264
S01007953,587,64,523
S01007954,470,83,387
S01007955,536,50,486
S01007956,440,36,404
S01007957,554,88,466
S01007958,548,90,458
S01007959,462,59,403
S01007960,448,55,393
S01007961,447,31,416
S01007962,365,60,305
S01007963,587,102,485
S01007964,464,64,400
S01007965,343,43,300
S01007966,566,65,501
S01007967,386,33,353
S01007968,523,52,471
S01007969,505,66,439
S01007970,535,86,449
S01007971,571,104,467
S01007972,508,60,448
S01007973,552,44,508
S01007974,508,121,387
S01007975,405,68,337
S01007976,435,166,269
S01007977,442,65,377
S01007978,408,154,254
S01007979,552,62,490
S01007980,426,61,365
S01007981,330,24,306
S01007982,302,13,289
S01007983,403,69,334
S01007984,459,58,401
S01007985,549,94,455
S01007986,324,22,302
S01007987,488,43,445
S01007988,493,34,459
S01007989,462,44,418
S01007990,577,45,532
S01007991,641,32,609
S01007992,440,25,415
S01007993,571,27,544
S01007994,558,36,522
S01007995,593,26,567
S01007996,306,16,290
S01007997,431,36,395
S01007998,322,50,272
S01007999,439,69,370
S01008000,531,70,461
S01008001,531,80,451
S01008002,525,96,429
S01008003,392,52,340
S01008004,422,32,390
S01008005,375,27,348
S01008006,348,55,293
S01008007,301,77,224
S01008008,402,60,342
S01008009,515,126,389
S01008010,635,204,431
S01008011,396,162,234
S01008012,554,215,339
S01008013,385,128,257
S01008014,416,96,320
S01008015,497,152,345
S01008016,457,112,345
S01008017,498,22,476
S01008018,391,51,340
S01008019,453,37,416
S01008020,432,110,322
S01008021,329,30,299
S01008022,461,28,433
S01008023,472,16,456
S01008024,453,12,441
S01008025,462,35,427
S01008026,641,72,569
S01008027,331,49,282
S01008028,388,32,356
S01008029,542,55,487
S01008030,663,55,608
S01008031,561,78,483
S01008032,573,57,516
S01008033,515,22,493
S01008034,507,32,475
S01008035,407,52,355
S01008036,413,7,406
S01008037,641,53,588
S01008038,458,29,429
S01008039,558,60,498
S01008040,442,32,410
S01008041,383,67,316
S01008042,313,48,265
S01008043,498,26,472
S01008044,548,58,490
S01008045,542,65,477
S01008046,444,141,303
S01008047,374,23,351
S01008048,328,19,309
S01008049,459,24,435
S01008050,308,19,289
S01008051,506,33,473
S01008052,513,23,490
S01008053,315,24,291
S01008054,410,57,353
S01008055,596,14,582
S01008056,374,24,350
S01008057,526,57,469
S01008058,596,21,575
S01008059,416,22,394
S01008060,564,24,540
S01008061,436,46,390
S01008062,520,60,460
S01008063,531,39,492
S01008064,440,56,384
S01008065,594,17,577
S01008066,530,13,517
S01008067,354,25,329
S01008068,550,40,510
S01008069,574,45,529
S01008070,575,38,537
S01008071,436,29,407
S01008072,522,101,421
S01008073,278,14,264
S01008074,603,23,580
S01008075,298,12,286
S01008076,291,38,253
S01008077,465,36,429
S01008078,473,34,439
S01008079,503,8,495
S01008080,404,26,378
S01008081,366,23,343
S01008082,496,23,473
S01008083,417,16,401
S01008084,525,45,480
S01008085,635,22,613
S01008086,702,51,651
S01008087,456,14,442
S01008088,521,46,475
S01008089,395,12,383
S01008090,463,19,444
S01008091,236,5,231
S01008092,459,20,439
S01008093,450,24,426
S01008094,374,15,359
S01008095,435,62,373
S01008096,425,22,403
S01008097,323,23,300
S01008098,446,28,418
S01008099,333,21,312
S01008100,522,34,488
S01008101,527,107,420
S01008102,485,59,426
S01008103,381,104,277
S01008104,546,84,462
S01008105,663,130,533
S01008106,490,93,397
S01008107,566,34,532
S01008108,474,39,435
S01008109,592,20,572
S01008110,557,25,532
S01008111,508,17,491
S01008112,467,18,449
S01008113,546,26,520
S01008114,408,17,391
S01008115,642,74,568
S01008116,574,35,539
S01008117,451,29,422
S01008118,485,35,450
S01008119,409,33,376
S01008120,342,46,296
S01008121,356,15,341
S01008122,445,17,428
S01008123,507,31,476
S01008124,509,20,489
S01008125,547,59,488
S01008126,558,40,518
S01008127,306,18,288
S01008128,558,38,520
S01008129,595,123,472
S01008130,640,145,495
S01008131,504,139,365
S01008132,551,32,519
S01008133,362,94,268
S01008134,409,123,286
S01008135,732,141,591
S01008136,562,131,431
S01008137,552,131,421
S01008138,544,109,435
S01008139,544,87,457
S01008140,292,35,257
S01008141,511,27,484
S01008142,562,35,527
S01008143,557,93,464
S01008144,385,25,360
S01008145,515,60,455
S01008146,290,34,256
S01008147,531,51,480
S01008148,534,74,460
S01008149,451,58,393
S01008150,553,92,461
S01008151,422,67,355
S01008152,614,93,521
S01008153,555,40,515
S01008154,480,36,444
S01008155,440,38,402
S01008156,590,68,522
S01008157,486,39,447
S01008158,550,48,502
S01008159,605,114,491
S01008160,567,74,493
S01008161,689,70,619
S01008162,620,68,552
S01008163,457,45,412
S01008164,419,66,353
S01008165,501,31,470
S01008166,345,34,311
S01008167,424,43,381
S01008168,516,64,452
S01008169,454,52,402
S01008170,373,29,344
S01008171,455,81,374
S01008172,327,47,280
S01008173,422,22,400
S01008174,356,29,327
S01008175,517,121,396
S01008176,474,70,404
S01008177,448,72,376
S01008178,400,38,362
S01008179,341,9,332
S01008180,345,16,329
S01008181,409,24,385
S01008182,678,233,445
S01008183,410,53,357
S01008184,515,150,365
S01008185,657,194,463
S01008186,430,127,303
S01008187,388,57,331
S01008188,552,119,433
S01008189,337,57,280
S01008190,536,51,485
S01008191,279,17,262
S01008192,547,93,454
S01008193,477,35,442
S01008194,371,31,340
S01008195,534,69,465
S01008196,493,78,415
S01008197,703,69,634
S01008198,406,33,373
S01008199,511,33,478
S01008200,337,55,282
S01008201,500,73,427
S01008202,341,31,310
S01008203,354,82,272
S01008204,461,103,358
S01008205,425,28,397
S01008206,375,49,326
S01008207,365,43,322
S01008208,562,78,484
S01008209,370,25,345
S01008210,578,79,499
S01008211,559,90,469
S01008212,389,25,364
S01008213,611,39,572
S01008214,401,64,337
S01008215,467,62,405
S01008216,352,26,326
S01008217,336,22,314
S01008218,705,32,673
S01008219,640,99,541
S01008220,385,26,359
S01008221,442,76,366
S01008222,331,36,295
S01008223,341,42,299
S01008224,645,67,578
S01008225,466,42,424
S01008226,446,76,370
S01008227,482,88,394
S01008228,393,37,356
S01008229,415,44,371
S01008230,558,51,507
S01008231,491,23,468
S01008232,454,40,414
S01008233,310,22,288
S01008234,220,32,188
S01008235,481,51,430
S01008236,517,68,449
S01008237,532,69,463
S01008238,445,48,397
S01008239,473,42,431
S01008240,513,26,487
S01008241,380,21,359
S01008242,508,60,448
S01008243,544,39,505
S01008244,303,36,267
S01008245,588,40,548
S01008246,605,37,568
S01008247,527,31,496
S01008248,512,54,458
S01008249,529,69,460
S01008250,632,79,553
S01008251,432,15,417
S01008252,466,33,433
S01008253,441,62,379
S01008254,581,70,511
S01008255,430,38,392
S01008256,521,77,444
S01008257,315,69,246
S01008258,555,100,455
S01008259,459,78,381
S01008260,522,74,448
S01008261,562,61,501
S01008262,389,39,350
S01008263,333,68,265
S01008264,411,61,350
S01008265,338,39,299
S01008266,319,23,296
S01008267,478,50,428
S01008268,421,42,379
S01008269,366,28,338
S01008270,373,49,324
S01008271,428,144,284
S01008272,595,54,541
S01008273,453,31,422
S01008274,405,49,356
S01008275,319,43,276
S01008276,338,18,320
S01008277,305,30,275
S01008278,448,38,410
S01008279,417,43,374
S01008280,570,80,490
S01008281,473,57,416
S01008282,425,43,382
S01008283,331,27,304
S01008284,532,33,499
S01008285,437,64,373
S01008286,440,35,405
S01008287,463,57,406
S01008288,510,58,452
S01008289,418,99,319
S01008290,545,102,443
S01008291,384,56,328
S01008292,495,42,453
S01008293,348,12,336
S01008294,562,33,529
S01008295,665,59,606
S01008296,382,55,327
S01008297,482,41,441
S01008298,481,57,424
S01008299,463,98,365
S01008300,532,78,454
S01008301,580,41,539
S01008302,422,33,389
S01008303,352,73,279
S01008304,316,45,271
S01008305,513,27,486
S01008306,428,23,405
S01008307,367,20,347
S01008308,340,18,322
S01008309,429,128,301
S01008310,578,91,487
S01008311,250,43,207
S01008312,260,25,235
S01008313,537,98,439
S01008314,420,143,277
S01008315,505,203,302
S01008316,384,92,292
S01008317,497,94,403
S01008318,582,38,544
S01008319,408,75,333
S01008320,367,48,319
S01008321,358,22,336
S01008322,648,141,507
S01008323,494,70,424
S01008324,413,41,372
S01008325,469,54,415
S01008326,603,120,483
S01008327,513,65,448
S01008328,421,28,393
S01008329,571,24,547
S01008330,571,23,548
S01008331,405,62,343
S01008332,518,59,459
S01008333,472,51,421
S01008334,407,55,352
S01008335,411,58,353
S01008336,392,34,358
S01008337,554,63,491
S01008338,520,22,498
S01008339,440,29,411
S01008340,552,71,481
S01008341,437,12,425
S01008342,543,47,496
S01008343,485,21,464
S01008344,507,52,455
S01008345,519,24,495
S01008346,559,27,532
S01008347,496,70,426
S01008348,398,45,353
S01008349,476,31,445
S01008350,297,30,267
S01008351,521,26,495
S01008352,372,14,358
S01008353,286,19,267
S01008354,387,41,346
S01008355,366,47,319
S01008356,389,57,332
S01008357,398,42,356
S01008358,389,65,324
S01008359,357,32,325
S01008360,495,22,473
S01008361,331,15,316
S01008362,597,102,495
S01008363,463,73,390
S01008364,442,56,386
S01008365,394,34,360
S01008366,483,71,412
S01008367,467,107,360
S01008368,411,78,333
S01008369,324,37,287
S01008370,418,61,357
S01008371,462,32,430
S01008372,477,36,441
S01008373,483,13,470
S01008374,424,15,409
S01008375,468,15,453
S01008376,329,36,293
S01008377,456,48,408
S01008378,560,32,528
S01008379,293,12,281
S01008380,415,18,397
S01008381,410,19,391
S01008382,365,18,347
S01008383,287,18,269
S01008384,592,45,547
S01008385,380,16,364
S01008386,515,51,464
S01008387,373,30,343
S01008388,433,39,394
S01008389,265,30,235
S01008390,363,26,337
S01008391,387,36,351
S01008392,551,44,507
S01008393,425,49,376
S01008394,479,21,458
S01008395,359,17,342
S01008396,328,43,285
S01008397,593,24,569
S01008398,324,14,310
S01008399,281,34,247
S01008400,383,22,361
S01008401,553,47,506
S01008402,599,28,571
S01008403,339,15,324
S01008404,502,19,483
S01008405,453,14,439
S01008406,486,58,428
S01008407,293,64,229
S01008408,405,40,365
S01008409,519,93,426
S01008410,328,39,289
S01008411,379,42,337
S01008412,412,51,361
S01008413,353,36,317
S01008414,283,13,270
S01008415,526,65,461
S01008416,626,127,499
S01008417,414,38,376
S01008418,418,43,375
S01008419,294,29,265
S01008420,287,13,274
S01008421,538,79,459
S01008422,347,8,339
S01008423,611,40,571
S01008424,421,18,403
S01008425,570,48,522
S01008426,317,24,293
S01008427,756,41,715
S01008428,376,37,339
S01008429,475,28,447
S01008430,377,22,355
S01008431,470,36,434
S01008432,370,25,345
S01008433,529,48,481
S01008434,513,37,476
S01008435,475,22,453
S01008436,522,46,476
S01008437,416,80,336
S01008438,292,46,246
S01008439,633,44,589
S01008440,523,28,495
S01008441,263,16,247
S01008442,451,59,392
S01008443,336,34,302
S01008444,414,55,359
S01008445,400,22,378
S01008446,419,22,397
S01008447,408,29,379
S01008448,465,30,435
S01008449,508,116,392
S01008450,359,83,276
S01008451,453,136,317
S01008452,391,115,276
S01008453,352,64,288
S01008454,600,124,476
S01008455,662,164,498
S01008456,675,226,449
S01008457,393,115,278
S01008458,656,108,548
S01008459,531,178,353
S01008460,505,137,368
S01008461,633,178,455
S01008462,397,176,221
S01008463,484,140,344
S01008464,549,87,462
S01008465,483,68,415
S01008466,483,60,423
S01008467,498,38,460
S01008468,371,31,340
S01008469,393,26,367
S01008470,479,49,430
S01008471,543,86,457
S01008472,451,53,398
S01008473,444,74,370
S01008474,501,146,355
S01008475,363,81,282
S01008476,437,133,304
S01008477,507,154,353
S01008478,497,121,376
S01008479,481,84,397
S01008480,448,63,385
S01008481,581,39,542
S01008482,359,68,291
S01008483,394,82,312
S01008484,480,63,417
S01008485,633,73,560
S01008486,518,86,432
S01008487,609,147,462
S01008488,541,111,430
S01008489,423,75,348
S01008490,664,218,446
S01008491,726,165,561
S01008492,767,210,557
S01008493,522,131,391
S01008494,523,192,331
S01008495,801,317,484
S01008496,885,406,479
S01008497,717,376,341
S01008498,673,312,361
S01008499,895,265,630
S01008500,342,104,238
S01008501,546,123,423
S01008502,588,170,418
S01008503,704,143,561
S01008504,844,174,670
S01008505,519,84,435
S01008506,492,120,372
S01008507,607,125,482
S01008508,524,48,476
S01008509,618,117,501
S01008510,548,51,497
S01008511,509,30,479
S01008512,287,16,271
S01008513,375,13,362
S01008514,494,39,455
S01008515,465,55,410
S01008516,726,311,415
S01008517,630,122,508
S01008518,601,55,546
S01008519,466,40,426
S01008520,587,27,560
S01008521,525,19,506
S01008522,331,39,292
S01008523,613,98,515
S01008524,583,135,448
S01008525,412,83,329
S01008526,533,100,433
S01008527,483,76,407
S01008528,430,61,369
S01008529,463,55,408
S01008530,447,104,343
S01008531,466,121,345
S01008532,264,41,223
S01008533,328,11,317
S01008534,486,30,456
S01008535,443,37,406
S01008536,306,30,276
S01008537,401,27,374
S01008538,281,14,267
S01008539,509,39,470
S01008540,476,29,447
S01008541,505,15,490
S01008542,564,24,540
S01008543,478,20,458
S01008544,415,27,388
S01008545,508,32,476
S01008546,499,10,489
S01008547,705,88,617
S01008548,593,70,523
S01008549,615,87,528
S01008550,530,79,451
S01008551,637,114,523
S01008552,535,66,469
S01008553,329,43,286
S01008554,648,47,601
S01008555,649,187,462
S01008556,449,77,372
S01008557,492,112,380
S01008558,530,99,431
S01008559,417,46,371
S01008560,417,38,379
S01008561,408,44,364
S01008562,360,101,259
S01008563,504,88,416
S01008564,369,75,294
S01008565,551,86,465
S01008566,645,73,572
S01008567,454,52,402
S01008568,526,82,444
S01008569,465,217,248
S01008570,598,119,479
S01008571,394,60,334
S01008572,506,62,444
S01008573,541,51,490
S01008574,527,58,469
S01008575,516,49,467
S01008576,548,63,485
S01008577,470,49,421
S01008578,428,15,413
S01008579,362,38,324
S01008580,355,56,299
S01008581,565,114,451
S01008582,665,113,552
S01008583,446,78,368
S01008584,530,88,442
S01008585,377,44,333
S01008586,495,73,422
S01008587,477,43,434
S01008588,465,58,407
S01008589,207,16,191
S01008590,429,81,348
S01008591,543,59,484
S01008592,469,70,399
S01008593,443,30,413
S01008594,625,81,544
S01008595,535,193,342
S01008596,584,125,459
S01008597,518,53,465
S01008598,622,60,562
S01008599,659,57,602
S01008600,495,36,459
S01008601,629,76,553
S01008602,460,145,315
S01008603,1002,174,828
S01008604,664,134,530
S01008605,577,100,477
S01008606,489,31,458
S01008607,325,41,284
S01008608,401,47,354
S01008609,499,61,438
S01008610,481,49,432
S01008611,922,214,708
S01008612,688,122,566
S01008613,574,85,489
S01008614,589,76,513
S01008615,707,60,647
S01008616,648,33,615
S01008617,705,32,673
S01008618,650,49,601
S01008619,458,42,416
S01008620,727,40,687
S01008621,670,33,637
S01008622,431,40,391
S01008623,659,64,595
S01008624,342,56,286
S01008625,332,28,304
S01008626,594,61,533
S01008627,410,33,377
S01008628,426,59,367
S01008629,402,90,312
S01008630,420,69,351
S01008631,640,203,437
S01008632,566,176,390
S01008633,485,78,407
S01008634,506,31,475
S01008635,624,82,542
S01008636,605,62,543
S01008637,460,65,395
S01008638,575,38,537
S01008639,709,154,555
S01008640,661,91,570
S01008641,744,90,654
S01008642,759,127,632
S01008643,558,96,462
S01008644,617,122,495
S01008645,651,75,576
S01008646,664,180,484
S01008647,520,141,379
S01008648,525,122,403
S01008649,759,306,453
S01008650,667,255,412
S01008651,632,310,322
S01008652,515,235,280
S01008653,593,190,403
S01008654,848,292,556
S01008655,716,170,546
S01008656,560,234,326
S01008657,541,132,409
S01008658,761,244,517
S01008659,739,179,560
S01008660,836,164,672
S01008661,640,190,450
S01008662,477,123,354
S01008663,725,154,571
S01008664,630,162,468
S01008665,817,229,588
S01008666,672,65,607
S01008667,597,85,512
S01008668,502,91,411
S01008669,529,22,507
S01008670,680,47,633
S01008671,695,102,593
S01008672,590,101,489
S01008673,940,340,600
S01008674,722,175,547
S01008675,605,253,352
S01008676,611,116,495
S01008677,663,177,486
S01008678,671,154,517
S01008679,750,276,474
S01008680,525,149,376
S01008681,821,203,618
S01008682,652,175,477
S01008683,823,215,608
S01008684,702,242,460
S01008685,633,235,398
S01008686,682,220,462
S01008687,583,205,378
S01008688,684,198,486
S01008689,704,248,456
S01008690,825,264,561
S01008691,923,348,575
S01008692,539,196,343
S01008693,292,32,260
S01008694,804,195,609
S01008695,510,79,431
S01008696,436,39,397
S01008697,661,55,606
S01008698,307,19,288
S01008699,529,103,426
S01008700,321,36,285
S01008701,274,89,185
S01008702,459,119,340
S01008703,649,157,492
S01008704,441,89,352
S01008705,307,58,249
S01008706,345,65,280
S01008707,536,140,396
S01008708,603,221,382
S01008709,461,49,412
S01008710,323,59,264
S01008711,432,95,337
S01008712,600,133,467
S01008713,398,72,326
S01008714,339,91,248
S01008715,440,63,377
S01008716,307,72,235
S01008717,300,38,262
S01008718,341,37,304
S01008719,671,82,589
S01008720,342,50,292
S01008721,556,48,508
S01008722,581,56,525
S01008723,413,34,379
S01008724,524,42,482
S01008725,465,75,390
S01008726,352,39,313
S01008727,667,86,581
S01008728,315,47,268
S01008729,442,35,407
S01008730,578,159,419
S01008731,242,45,197
S01008732,408,141,267
S01008733,603,189,414
S01008734,354,70,284
S01008735,569,24,545
S01008736,390,33,357
S01008737,444,26,418
S01008738,408,16,392
S01008739,349,29,320
S01008740,319,11,308
S01008741,540,33,507
S01008742,264,56,208
S01008743,583,135,448
S01008744,615,108,507
S01008745,293,60,233
S01008746,745,199,546
S01008747,290,35,255
S01008748,354,12,342
S01008749,587,27,560
S01008750,385,33,352
S01008751,355,53,302
S01008752,507,165,342
S01008753,344,117,227
S01008754,456,152,304
S01008755,679,221,458
S01008756,492,165,327
S01008757,399,167,232
S01008758,511,129,382
S01008759,354,115,239
S01008760,608,191,417
S01008761,507,66,441
S01008762,384,61,323
S01008763,645,101,544
S01008764,485,64,421
S01008765,584,104,480
S01008766,631,55,576
S01008767,359,75,284
S01008768,338,94,244
S01008769,593,147,446
S01008770,704,154,550
S01008771,576,150,426
S01008772,499,111,388
S01008773,756,247,509
S01008774,696,206,490
S01008775,347,53,294
S01008776,629,215,414
S01008777,763,298,465
S01008778,953,326,627
S01008779,628,159,469
S01008780,511,145,366
S01008781,760,246,514
S01008782,622,163,459
S01008783,357,93,264
S01008784,376,124,252
S01008785,601,174,427
S01008786,764,237,527
S01008787,238,72,166
S01008788,577,132,445
S01008789,392,111,281
S01008790,505,154,351
S01008791,722,131,591
S01008792,596,157,439
S01008793,311,111,200
S01008794,550,123,427
S01008795,919,238,681
S01008796,828,268,560
S01008797,768,249,519
S01008798,620,228,392
S01008799,531,99,432
S01008800,925,335,590
S01008801,820,295,525
S01008802,816,306,510
S01008803,769,299,470
S01008804,453,168,285
S01008805,539,124,415
S01008806,878,229,649
S01008807,668,243,425
S01008808,524,145,379
S01008809,487,102,385
S01008810,612,138,474
S01008811,724,126,598
S01008812,398,101,297
S01008813,717,215,502
S01008814,647,125,522
S01008815,754,283,471
S01008816,394,142,252
S01008817,606,170,436
S01008818,576,104,472
S01008819,514,127,387
S01008820,832,251,581
S01008821,469,57,412
S01008822,458,46,412
S01008823,380,41,339
S01008824,648,165,483
S01008825,394,69,325
S01008826,484,167,317
S01008827,401,30,371
S01008828,574,114,460
S01008829,410,39,371
S01008830,407,65,342
S01008831,427,44,383
S01008832,404,95,309
S01008833,623,98,525
S01008834,695,121,574
S01008835,512,87,425
S01008836,512,202,310
S01008837,873,304,569
S01008838,811,266,545
S01008839,801,206,595
S01008840,813,144,669
S01008841,441,87,354
S01008842,741,127,614
S01008843,744,178,566
S01008844,577,119,458
S01008845,742,153,589
S01008846,654,125,529
S01008847,484,68,416
S01008848,637,134,503
S01008849,573,153,420
S01008850,628,122,506
S01008851,768,257,511
S01008852,698,156,542
S01008853,573,130,443
S01008854,758,187,571
S01008855,896,270,626
S01008856,471,105,366
S01008857,614,177,437
S01008858,407,136,271
S01008859,835,293,542
S01008860,697,200,497
S01008861,499,84,415
S01008862,744,281,463
S01008863,539,120,419
S01008864,483,118,365
S01008865,606,134,472
S01008866,625,190,435
S01008867,553,116,437
S01008868,638,163,475
S01008869,760,242,518
S01008870,563,155,408
S01008871,835,162,673
S01008872,688,119,569
S01008873,477,94,383
S01008874,626,195,431
S01008875,617,190,427
S01008876,315,37,278
S01008877,331,32,299
S01008878,532,87,445
S01008879,524,82,442
S01008880,396,75,321
S01008881,293,58,235
S01008882,609,70,539
S01008883,468,38,430
S01008884,335,24,311
S01008885,491,24,467
S01008886,529,130,399
S01008887,453,71,382
S01008888,457,165,292
S01008889,346,69,277
S01008890,401,29,372
S01008891,425,31,394
S01008892,574,110,464
S01008893,511,21,490
S01008894,496,21,475
S01008895,379,31,348
S01008896,322,13,309
S01008897,374,43,331
S01008898,478,16,462
S01008899,498,81,417
S01008900,608,75,533
S01008901,499,59,440
S01008902,651,125,526
S01008903,569,82,487
S01008904,702,95,607
S01008905,714,173,541
S01008906,557,156,401
S01008907,354,40,314
S01008908,586,98,488
S01008909,515,60,455
S01008910,308,44,264
S01008911,691,146,545
S01008912,506,46,460
S01008913,451,42,409
S01008914,520,65,455
S01008915,334,23,311
S01008916,632,151,481
S01008917,456,146,310
S01008918,385,119,266
S01008919,357,96,261
S01008920,897,208,689
S01008921,474,124,350
S01008922,499,93,406
S01008923,468,112,356
S01008924,610,64,546
S01008925,457,48,409
S01008926,414,40,374
S01008927,628,146,482
S01008928,380,63,317
S01008929,551,259,292
S01008930,562,114,448
S01008931,474,87,387
S01008932,609,99,510
S01008933,445,77,368
S01008934,507,98,409
S01008935,500,42,458
S01008936,210,15,195
S01008937,483,92,391
S01008938,390,19,371
S01008939,427,16,411
S01008940,309,16,293
S01008941,457,33,424
S01008942,424,73,351
S01008943,424,23,401
S01008944,527,40,487
S01008945,465,16,449
S01008946,501,44,457
S01008947,536,18,518
S01008948,460,36,424
S01008949,536,49,487
S01008950,537,67,470
S01008951,530,117,413
S01008952,544,132,412
S01008953,531,81,450
S01008954,467,100,367
S01008955,411,48,363
S01008956,622,116,506
S01008957,623,92,531
S01008958,446,123,323
S01008959,565,83,482
S01008960,614,55,559
S01008961,479,77,402
S01008962,415,36,379
S01008963,455,33,422
S01008964,278,10,268
S01008965,390,23,367
S01008966,335,19,316
S01008967,580,29,551
S01008968,585,30,555
S01008969,625,46,579
S01008970,634,50,584
S01008971,434,24,410
S01008972,432,38,394
S01008973,475,76,399
S01008974,461,45,416
S01008975,344,88,256
S01008976,306,22,284
S01008977,371,26,345
S01008978,377,48,329
S01008979,502,55,447
S01008980,533,59,474
S01008981,378,29,349
S01008982,517,76,441
S01008983,490,103,387
S01008984,325,43,282
S01008985,457,80,377
S01008986,447,30,417
S01008987,493,24,469
S01008988,586,116,470
S01008989,501,115,386
S01008990,586,142,444
S01008991,667,78,589
S01008992,370,62,308
S01008993,662,76,586
S01008994,474,64,410
S01008995,563,47,516
S01008996,352,36,316
S01008997,639,72,567
S01008998,398,55,343
S01008999,480,71,409
S01009000,569,47,522
S01009001,485,27,458
S01009002,489,56,433
S01009003,604,59,545
S01009004,435,32,403
S01009005,462,74,388
S01009006,449,41,408
S01009007,418,44,374
S01009008,547,86,461
S01009009,277,72,205
S01009010,699,66,633
S01009011,626,44,582
S01009012,509,39,470
S01009013,614,52,562
S01009014,361,79,282
S01009015,340,59,281
S01009016,289,48,241
S01009017,372,69,303
S01009018,460,74,386
S01009019,327,41,286
S01009020,520,81,439
S01009021,437,68,369
S01009022,511,89,422
S01009023,519,84,435
S01009024,540,86,454
S01009025,526,100,426
S01009026,526,71,455
S01009027,453,76,377
S01009028,294,53,241
S01009029,368,59,309
S01009030,449,62,387
S01009031,468,74,394
S01009032,354,43,311
S01009033,434,67,367
S01009034,371,35,336
S01009035,547,56,491
S01009036,652,89,563
S01009037,552,65,487
S01009038,653,76,577
S01009039,427,79,348
S01009040,356,94,262
S01009041,495,170,325
S01009042,523,103,420
S01009043,400,79,321
S01009044,448,82,366
S01009045,396,60,336
S01009046,517,66,451
S01009047,500,57,443
S01009048,517,50,467
S01009049,355,45,310
S01009050,481,72,409
S01009051,451,35,416
S01009052,381,65,316
S01009053,348,92,256
S01009054,370,36,334
S01009055,533,69,464
S01009056,350,35,315
S01009057,350,74,276
S01009058,483,92,391
S01009059,577,52,525
S01009060,361,15,346
S01009061,526,41,485
S01009062,385,54,331
S01009063,458,24,434
S01009064,347,49,298
S01009065,400,78,322
S01009066,429,63,366
S01009067,583,33,550
S01009068,586,65,521
S01009069,456,31,425
S01009070,422,46,376
S01009071,318,37,281
S01009072,334,24,310
S01009073,350,30,320
S01009074,452,38,414
S01009075,349,33,316
S01009076,681,74,607
S01009077,406,41,365
S01009078,532,18,514
S01009079,530,63,467
S01009080,585,76,509
S01009081,414,56,358
S01009082,631,83,548
S01009083,495,69,426
S01009084,313,22,291
S01009085,541,37,504
S01009086,460,47,413
S01009087,370,46,324
S01009088,642,32,610
S01009089,609,34,575
S01009090,554,82,472
S01009091,445,19,426
S01009092,638,75,563
S01009093,492,71,421
S01009094,354,11,343
S01009095,489,87,402
S01009096,598,71,527
S01009097,582,54,528
S01009098,304,14,290
S01009099,459,84,375
S01009100,419,76,343
S01009101,596,44,552
S01009102,510,47,463
S01009103,355,27,328
S01009104,497,59,438
S01009105,505,51,454
S01009106,343,52,291
S01009107,543,31,512
S01009108,451,45,406
S01009109,469,26,443
S01009110,359,39,320
S01009111,602,89,513
S01009112,330,23,307
S01009113,553,82,471
S01009114,525,46,479
S01009115,399,64,335
S01009116,313,22,291
S01009117,550,90,460
S01009118,411,21,390
S01009119,465,39,426
S01009120,356,45,311
S01009121,529,80,449
S01009122,598,78,520
S01009123,376,26,350
S01009124,345,25,320
S01009125,400,47,353
S01009126,362,92,270
S01009127,395,67,328
S01009128,505,143,362
S01009129,314,44,270
S01009130,423,62,361
S01009131,304,71,233
S01009132,565,57,508
S01009133,391,98,293
S01009134,571,69,502
S01009135,413,100,313
S01009136,445,44,401
S01009137,414,13,401
S01009138,601,110,491
S01009139,310,105,205
S01009140,498,141,357
S01009141,543,200,343
S01009142,429,196,233
S01009143,362,79,283
S01009144,502,78,424
S01009145,615,97,518
S01009146,604,95,509
S01009147,497,61,436
S01009148,417,25,392
S01009149,534,91,443
S01009150,194,97,97
S01009151,445,80,365
S01009152,391,181,210
S01009153,343,107,236
S01009154,549,89,460
S01009155,331,44,287
S01009156,321,35,286
S01009157,496,50,446
S01009158,338,38,300
S01009159,320,69,251
S01009160,420,114,306
S01009161,387,93,294
S01009162,502,179,323
S01009163,302,59,243
S01009164,458,33,425
S01009165,473,73,400
S01009166,543,94,449
S01009167,334,18,316
S01009168,382,54,328
S01009169,370,58,312
S01009170,436,46,390
S01009171,454,82,372
S01009172,424,44,380
S01009173,493,32,461
S01009174,324,14,310
S01009175,586,37,549
S01009176,552,36,516
S01009177,562,93,469
S01009178,488,77,411
S01009179,458,48,410
S01009180,627,90,537
S01009181,515,53,462
S01009182,648,68,580
S01009183,524,23,501
S01009184,514,65,449
S01009185,553,48,505
S01009186,506,39,467
S01009187,314,30,284
S01009188,561,56,505
S01009189,476,62,414
S01009190,531,36,495
S01009191,465,17,448
S01009192,381,25,356
S01009193,225,30,195
S01009194,504,25,479
S01009195,549,64,485
S01009196,420,28,392
S01009197,661,39,622
S01009198,470,34,436
S01009199,393,30,363
S01009200,683,47,636
S01009201,436,57,379
S01009202,326,14,312
S01009203,358,40,318
S01009204,575,48,527
S01009205,532,67,465
S01009206,597,85,512
S01009207,501,81,420
S01009208,367,46,321
S01009209,366,64,302
S01009210,364,19,345
S01009211,407,40,367
S01009212,485,52,433
S01009213,536,54,482
S01009214,636,49,587
S01009215,586,91,495
S01009216,585,61,524
S01009217,396,62,334
S01009218,476,51,425
S01009219,389,66,323
S01009220,310,42,268
S01009221,343,29,314
S01009222,322,48,274
S01009223,333,33,300
S01009224,400,46,354
S01009225,324,43,281
S01009226,569,142,427
S01009227,332,87,245
S01009228,369,85,284
S01009229,340,76,264
S01009230,404,132,272
S01009231,616,79,537
S01009232,388,120,268
S01009233,321,41,280
S01009234,650,139,511
S01009235,598,128,470
S01009236,275,24,251
S01009237,528,57,471
S01009238,407,55,352
S01009239,543,100,443
S01009240,443,161,282
S01009241,538,138,400
S01009242,457,62,395
S01009243,654,71,583
S01009244,522,32,490
S01009245,538,66,472
S01009246,509,68,441
S01009247,651,41,610
S01009248,423,34,389
S01009249,512,83,429
S01009250,383,41,342
S01009251,355,24,331
S01009252,321,19,302
S01009253,244,36,208
S01009254,492,60,432
S01009255,458,153,305
S01009256,288,32,256
S01009257,441,91,350
S01009258,396,39,357
S01009259,585,35,550
S01009260,770,140,630
S01009261,457,93,364
S01009262,346,68,278
S01009263,583,95,488
S01009264,320,25,295
S01009265,498,73,425
S01009266,509,52,457
S01009267,516,91,425
S01009268,611,67,544
S01009269,534,52,482
S01009270,347,76,271
S01009271,595,39,556
S01009272,457,25,432
S01009273,293,16,277
S01009274,357,25,332
S01009275,383,44,339
S01009276,556,43,513
S01009277,352,25,327
S01009278,341,26,315
S01009279,388,65,323
S01009280,522,74,448
S01009281,499,77,422
S01009282,481,64,417
S01009283,304,26,278
S01009284,535,34,501
S01009285,583,48,535
S01009286,471,65,406
S01009287,402,31,371
S01009288,455,61,394
S01009289,524,54,470
S01009290,362,21,341
S01009291,635,39,596
S01009292,324,42,282
S01009293,461,39,422
S01009294,316,23,293
S01009295,427,42,385
S01009296,347,15,332
S01009297,565,49,516
S01009298,604,148,456
S01009299,629,130,499
S01009300,369,114,255
S01009301,658,237,421
S01009302,593,169,424
S01009303,449,48,401
S01009304,591,52,539
S01009305,490,125,365
S01009306,759,197,562
S01009307,727,230,497
S01009308,352,139,213
S01009309,524,170,354
S01009310,581,80,501
S01009311,451,23,428
S01009312,482,136,346
S01009313,342,93,249
S01009314,425,22,403
S01009315,401,48,353
S01009316,483,75,408
S01009317,540,40,500
S01009318,410,17,393
S01009319,479,32,447
S01009320,394,46,348
S01009321,401,40,361
S01009322,477,48,429
S01009323,378,76,302
S01009324,344,51,293
S01009325,466,61,405
S01009326,371,25,346
S01009327,305,23,282
S01009328,463,24,439
S01009329,320,64,256
S01009330,328,24,304
S01009331,360,14,346
S01009332,548,25,523
S01009333,454,86,368
S01009334,379,79,300
S01009335,497,74,423
S01009336,409,84,325
S01009337,463,69,394
S01009338,465,142,323
S01009339,516,111,405
S01009340,359,55,304
S01009341,372,55,317
S01009342,466,56,410
S01009343,373,42,331
S01009344,391,42,349
S01009345,594,47,547
S01009346,447,12,435
S01009347,424,10,414
S01009348,324,10,314
S01009349,537,39,498
S01009350,401,43,358
S01009351,372,54,318
S01009352,528,34,494
S01009353,270,16,254
S01009354,583,25,558
S01009355,557,42,515
S01009356,608,43,565
S01009357,324,18,306
S01009358,460,16,444
S01009359,512,27,485
S01009360,520,65,455
S01009361,476,56,420
S01009362,644,38,606
S01009363,512,63,449
S01009364,596,46,550
S01009365,361,61,300
S01009366,449,56,393
S01009367,390,61,329
S01009368,373,23,350
S01009369,359,39,320
S01009370,543,56,487
S01009371,344,42,302
S01009372,337,38,299
S01009373,512,104,408
S01009374,534,84,450
S01009375,506,54,452
S01009376,360,57,303
S01009377,661,79,582
S01009378,633,62,571
S01009379,627,44,583
S01009380,406,24,382
S01009381,458,62,396
S01009382,487,63,424
S01009383,554,169,385
S01009384,339,34,305
S01009385,328,26,302
S01009386,382,39,343
S01009387,366,38,328
S01009388,582,122,460
S01009389,585,122,463
S01009390,485,30,455
S01009391,472,37,435
S01009392,344,19,325
S01009393,458,27,431
S01009394,572,134,438
S01009395,388,22,366
S01009396,430,26,404
S01009397,450,68,382
S01009398,453,69,384
S01009399,441,39,402
S01009400,305,22,283
S01009401,370,22,348
S01009402,532,31,501
S01009403,353,23,330
S01009404,358,40,318
S01009405,247,15,232
S01009406,579,87,492
S01009407,314,38,276
S01009408,503,47,456
S01009409,382,42,340
S01009410,578,69,509
S01009411,563,64,499
S01009412,532,96,436
S01009413,637,87,550
S01009414,404,28,376
S01009415,510,105,405
S01009416,339,11,328
S01009417,199,13,186
S01009418,686,101,585
S01009419,361,41,320
S01009420,395,45,350
S01009421,428,48,380
S01009422,500,58,442
S01009423,637,38,599
S01009424,360,42,318
S01009425,449,80,369
S01009426,467,99,368
S01009427,356,83,273
S01009428,354,32,322
S01009429,408,59,349
S01009430,457,53,404
S01009431,393,68,325
S01009432,492,53,439
S01009433,500,51,449
S01009434,326,50,276
S01009435,468,85,383
S01009436,434,49,385
S01009437,416,60,356
S01009438,520,80,440
S01009439,563,51,512
S01009440,363,81,282
S01009441,501,79,422
S01009442,373,30,343
S01009443,422,48,374
S01009444,549,22,527
S01009445,500,40,460
S01009446,534,133,401
S01009447,322,57,265
S01009448,539,43,496
S01009449,315,31,284
S01009450,375,87,288
S01009451,612,76,536
S01009452,319,68,251
S01009453,620,124,496
S01009454,544,65,479
S01009455,501,61,440
S01009456,433,95,338
S01009457,350,33,317
S01009458,395,77,318
S01009459,542,135,407
S01009460,532,105,427
S01009461,374,16,358
S01009462,402,27,375
S01009463,388,41,347
S01009464,524,57,467
S01009465,339,45,294
S01009466,323,27,296
S01009467,452,36,416
S01009468,449,102,347
S01009469,487,78,409
S01009470,266,40,226
S01009471,377,117,260
S01009472,576,112,464
S01009473,598,151,447
S01009474,583,118,465
S01009475,367,27,340
S01009476,303,27,276
S01009477,431,95,336
S01009478,619,191,428
S01009479,523,128,395
S01009480,493,65,428
S01009481,608,179,429
S01009482,423,138,285
S01009483,525,172,353
S01009484,439,130,309
S01009485,444,59,385
S01009486,350,39,311
S01009487,457,69,388
S01009488,406,28,378
S01009489,464,110,354
S01009490,529,87,442
S01009491,388,56,332
S01009492,463,46,417
S01009493,459,18,441
S01009494,618,76,542
S01009495,576,60,516
S01009496,468,70,398
S01009497,585,64,521
S01009498,391,19,372
S01009499,489,60,429
S01009500,456,70,386
S01009501,386,60,326
S01009502,530,74,456
S01009503,462,57,405
S01009504,434,92,342
S01009505,495,79,416
S01009506,459,77,382
S01009507,540,48,492
S01009508,546,93,453
S01009509,610,77,533
S01009510,437,28,409
S01009511,330,14,316
S01009512,476,23,453
S01009513,355,21,334
S01009514,460,30,430
S01009515,402,62,340
S01009516,460,48,412
S01009517,640,46,594
S01009518,618,42,576
S01009519,331,33,298
S01009520,553,53,500
S01009521,481,39,442
S01009522,601,54,547
S01009523,356,46,310
S01009524,429,105,324
S01009525,328,58,270
S01009526,488,125,363
S01009527,443,144,299
S01009528,256,100,156
S01009529,332,46,286
S01009530,339,21,318
S01009531,473,113,360
S01009532,432,97,335
S01009533,519,151,368
S01009534,513,138,375
S01009535,418,109,309
S01009536,314,43,271
S01009537,315,78,237
S01009538,490,166,324
S01009539,533,45,488
S01009540,556,172,384
S01009541,472,58,414
S01009542,484,130,354
S01009543,327,59,268
S01009544,532,97,435
S01009545,467,44,423
S01009546,658,69,589
S01009547,470,66,404
S01009548,433,51,382
S01009549,501,58,443
S01009550,306,23,283
S01009551,330,39,291
S01009552,514,52,462
S01009553,532,107,425
S01009554,419,84,335
S01009555,469,89,380
S01009556,489,65,424
S01009557,426,67,359
S01009558,404,56,348
S01009559,538,84,454
S01009560,462,86,376
S01009561,316,70,246
S01009562,444,53,391
S01009563,432,65,367
S01009564,360,35,325
S01009565,349,59,290
S01009566,661,64,597
S01009567,538,89,449
S01009568,425,61,364
S01009569,464,42,422
S01009570,324,33,291
S01009571,446,68,378
S01009572,641,135,506
S01009573,458,71,387
S01009574,590,85,505
S01009575,325,35,290
S01009576,360,29,331
S01009577,466,19,447
S01009578,490,53,437
S01009579,700,106,594
S01009580,633,37,596
S01009581,361,44,317
S01009582,319,39,280
S01009583,485,55,430
S01009584,294,23,271
S01009585,644,72,572
S01009586,375,56,319
S01009587,390,76,314
S01009588,586,60,526
S01009589,564,35,529
S01009590,434,24,410
S01009591,445,72,373
S01009592,335,18,317
S01009593,386,13,373
S01009594,456,34,422
S01009595,345,15,330
S01009596,536,88,448
S01009597,557,92,465
S01009598,418,97,321
S01009599,576,93,483
S01009600,379,91,288
S01009601,453,77,376
S01009602,527,23,504
S01009603,380,30,350
S01009604,544,53,491
S01009605,491,78,413
S01009606,373,34,339
S01009607,320,7,313
S01009608,372,51,321
S01009609,499,62,437
S01009610,600,116,484
S01009611,326,19,307
S01009612,382,51,331
S01009613,310,19,291
S01009614,306,27,279
S01009615,214,15,199
S01009616,478,55,423
S01009617,482,47,435
S01009618,450,69,381
S01009619,381,69,312
S01009620,476,71,405
S01009621,477,109,368
S01009622,478,144,334
S01009623,292,49,243
S01009624,531,68,463
S01009625,519,56,463
S01009626,334,30,304
S01009627,480,43,437
S01009628,227,26,201
S01009629,646,55,591
S01009630,487,56,431
S01009631,468,180,288
S01009632,336,81,255
S01009633,439,55,384
S01009634,269,46,223
S01009635,555,109,446
S01009636,603,201,402
S01009637,464,92,372
S01009638,430,38,392
S01009639,438,30,408
S01009640,332,135,197
S01009641,462,142,320
S01009642,591,149,442
S01009643,386,26,360
S01009644,489,46,443
S01009645,384,51,333
S01009646,354,42,312
S01009647,347,103,244
S01009648,499,59,440
S01009649,653,89,564
S01009650,424,21,403
S01009651,525,63,462
S01009652,390,56,334
S01009653,317,25,292
S01009654,322,48,274
S01009655,520,47,473
S01009656,415,85,330
S01009657,513,56,457
S01009658,474,25,449
S01009659,313,64,249
S01009660,677,48,629
S01009661,498,40,458
S01009662,445,32,413
S01009663,413,43,370
S01009664,535,59,476
S01009665,378,53,325
S01009666,458,49,409
S01009667,307,26,281
S01009668,366,36,330
S01009669,277,29,248
S01009670,491,47,444
S01009671,400,40,360
S01009672,491,68,423
S01009673,475,61,414
S01009674,522,60,462
S01009675,536,51,485
S01009676,483,54,429
S01009677,360,53,307
S01009678,350,33,317
S01009679,548,109,439
S01009680,505,57,448
S01009681,398,57,341
S01009682,368,40,328
S01009683,448,46,402
S01009684,675,37,638
S01009685,377,53,324
S01009686,687,131,556
S01009687,441,33,408
S01009688,537,131,406
S01009689,398,111,287
S01009690,457,96,361
S01009691,340,14,326
S01009692,560,59,501
S01009693,373,11,362
S01009694,518,46,472
S01009695,355,26,329
S01009696,542,62,480
S01009697,416,38,378
S01009698,378,40,338
S01009699,242,40,202
S01009700,377,48,329
S01009701,190,31,159
S01009702,374,36,338
S01009703,329,39,290
S01009704,534,73,461
S01009705,446,75,371
S01009706,356,59,297
S01009707,316,48,268
S01009708,341,37,304
S01009709,478,77,401
S01009710,342,51,291
S01009711,439,57,382
S01009712,357,59,298
S01009713,470,74,396
S01009714,483,65,418
S01009715,402,84,318
S01009716,428,29,399
S01009717,472,67,405
S01009718,493,36,457
S01009719,472,56,416
S01009720,508,47,461
S01009721,540,21,519
S01009722,685,91,594
S01009723,527,53,474
S01009724,709,103,606
S01009725,581,25,556
S01009726,487,37,450
S01009727,540,47,493
S01009728,459,37,422
S01009729,345,13,332
S01009730,369,39,330
S01009731,303,23,280
S01009732,590,43,547
S01009733,308,37,271
S01009734,528,57,471
S01009735,396,19,377
S01009736,524,32,492
S01009737,518,22,496
S01009738,299,52,247
S01009739,515,40,475
S01009740,315,37,278
S01009741,308,11,297
S01009742,311,29,282
S01009743,550,47,503
S01009744,426,46,380
S01009745,645,49,596
S01009746,365,43,322
S01009747,429,93,336
S01009748,443,31,412
S01009749,588,61,527
S01009750,414,55,359
S01009751,505,77,428
S01009752,347,32,315
S01009753,368,31,337
S01009754,477,80,397
S01009755,412,39,373
S01009756,440,42,398
S01009757,380,25,355
S01009758,390,72,318
S01009759,592,123,469
S01009760,535,92,443
S01009761,596,79,517
S01009762,640,110,530
S01009763,518,42,476
S01009764,432,85,347
S01009765,591,64,527
S01009766,403,40,363
S01009767,340,55,285
S01009768,425,80,345
S01009769,441,55,386
S01009770,474,35,439
S01009771,586,33,553
S01009772,425,66,359
S01009773,392,12,380
S01009774,325,5,320
S01009775,516,75,441
S01009776,406,87,319
S01009777,330,105,225
S01009778,461,93,368
S01009779,310,48,262
S01009780,394,36,358
S01009781,324,31,293
S01009782,367,29,338
S01009783,478,63,415
S01009784,471,68,403
S01009785,500,61,439
S01009786,557,116,441
S01009787,521,56,465
S01009788,476,62,414
S01009789,547,59,488
S01009790,393,39,354
S01009791,403,49,354
S01009792,659,55,604
S01009793,570,87,483
S01009794,367,31,336
S01009795,580,30,550
S01009796,486,33,453
S01009797,517,47,470
S01009798,483,25,458
S01009799,510,73,437
S01009800,682,58,624
S01009801,538,52,486
S01009802,643,93,550
S01009803,473,65,408
S01009804,302,78,224
S01009805,588,59,529
S01009806,496,117,379
S01009807,637,106,531
S01009808,579,162,417
S01009809,451,88,363
S01009810,508,141,367
S01009811,641,125,516
S01009812,449,89,360
S01009813,425,87,338
S01009814,510,68,442
S01009815,479,85,394
S01009816,479,74,405
S01009817,393,74,319
S01009818,533,47,486
S01009819,344,68,276
S01009820,566,86,480
S01009821,398,19,379
S01009822,284,26,258
S01009823,421,62,359
S01009824,508,52,456
S01009825,626,103,523
S01009826,348,32,316
S01009827,516,71,445
S01009828,453,92,361
S01009829,628,163,465
S01009830,492,55,437
S01009831,502,44,458
S01009832,612,94,518
S01009833,372,57,315
S01009834,558,105,453
S01009835,324,64,260
S01009836,620,70,550
S01009837,405,88,317
S01009838,471,148,323
S01009839,721,330,391
S01009840,576,102,474
S01009841,552,236,316
S01009842,471,140,331
S01009843,403,110,293
S01009844,385,175,210
S01009845,579,233,346
S01009846,611,173,438
S01009847,404,124,280
S01009848,561,78,483
S01009849,438,125,313
S01009850,541,141,400
S01009851,473,113,360
S01009852,333,34,299
S01009853,500,76,424
S01009854,583,93,490
S01009855,369,44,325
S01009856,381,59,322
S01009857,527,35,492
S01009858,464,46,418
S01009859,673,233,440
S01009860,580,154,426
S01009861,694,209,485
S01009862,775,313,462
S01009863,612,218,394
S01009864,447,126,321
S01009865,335,110,225
S01009866,626,135,491
S01009867,802,254,548
S01009868,519,103,416
S01009869,428,107,321
S01009870,431,89,342
S01009871,596,238,358
S01009872,530,156,374
S01009873,565,115,450
S01009874,667,133,534
S01009875,462,100,362
S01009876,460,122,338
S01009877,553,70,483
S01009878,456,71,385
S01009879,562,54,508
S01009880,489,52,437
S01009881,368,50,318
S01009882,904,275,629
S01009883,550,56,494
S01009884,572,77,495
S01009885,548,31,517
S01009886,498,57,441
S01009887,697,238,459
S01009888,465,95,370
S01009889,541,128,413
S01009890,376,125,251
S01009891,516,196,320
S01009892,591,232,359
S01009893,600,201,399
S01009894,544,190,354
S01009895,535,212,323
S01009896,643,166,477
S01009897,624,162,462
S01009898,361,51,310
S01009899,578,195,383
S01009900,691,235,456
S01009901,680,170,510
S01009902,548,132,416
S01009903,578,73,505
S01009904,564,159,405
S01009905,570,155,415
S01009906,513,126,387
S01009907,668,401,267
S01009908,770,169,601
S01009909,683,212,471
S01009910,429,116,313
S01009911,649,105,544
S01009912,532,64,468
S01009913,501,37,464
S01009914,612,73,539
S01009915,596,106,490
S01009916,599,34,565
S01009917,488,84,404
S01009918,471,40,431
S01009919,747,174,573
S01009920,695,222,473
S01009921,543,192,351
S01009922,846,288,558
S01009923,658,294,364
S01009924,785,245,540
S01009925,569,201,368
S01009926,559,104,455
S01009927,343,86,257
S01009928,627,172,455
S01009929,332,43,289
S01009930,684,167,517
S01009931,638,217,421
S01009932,500,140,360
S01009933,662,248,414
S01009934,626,112,514
S01009935,315,155,160
S01009936,450,187,263
S01009937,286,71,215
S01009938,534,173,361
S01009939,608,277,331
S01009940,522,136,386
S01009941,672,33,639
S01009942,633,137,496
S01009943,508,107,401
S01009944,484,67,417
S01009945,591,133,458
S01009946,520,62,458
S01009947,345,56,289
S01009948,487,133,354
S01009949,501,72,429
S01009950,458,16,442
S01009951,480,22,458
S01009952,438,27,411
S01009953,565,59,506
S01009954,414,27,387
S01009955,585,117,468
S01009956,465,58,407
S01009957,476,35,441
S01009958,612,51,561
S01009959,388,42,346
S01009960,515,34,481
S01009961,419,43,376
S01009962,727,262,465
S01009963,515,26,489
S01009964,612,55,557
S01009965,453,27,426
S01009966,516,22,494
S01009967,517,94,423
S01009968,399,16,383
S01009969,493,51,442
S01009970,563,133,430
S01009971,720,122,598
S01009972,497,59,438
S01009973,500,45,455
S01009974,389,71,318
S01009975,483,113,370
S01009976,326,91,235
S01009977,600,224,376
S01009978,675,128,547
S01009979,322,84,238
S01009980,372,49,323
S01009981,442,74,368
S01009982,669,96,573
S01009983,372,119,253
S01009984,503,113,390
S01009985,404,96,308
S01009986,348,83,265
S01009987,510,104,406
S01009988,312,61,251
S01009989,529,66,463
S01009990,457,68,389
S01009991,541,75,466
S01009992,422,67,355
S01009993,555,64,491
S01009994,458,66,392
S01009995,452,40,412
S01009996,482,44,438
S01009997,401,51,350
S01009998,368,20,348
S01009999,451,28,423
S01010000,424,63,361
S01010001,504,43,461
S01010002,540,59,481
S01010003,446,41,405
S01010004,456,23,433
S01010005,577,268,309
S01010006,658,303,355
S01010007,638,111,527
S01010008,506,226,280
S01010009,486,283,203
S01010010,658,104,554
S01010011,514,267,247
S01010012,530,48,482
S01010013,584,203,381
S01010014,750,197,553
S01010015,629,125,504
S01010016,413,50,363
S01010017,448,67,381
S01010018,579,157,422
S01010019,442,145,297
S01010020,442,79,363
S01010021,518,159,359
S01010022,641,146,495
S01010023,344,108,236
S01010024,514,159,355
S01010025,383,148,235
S01010026,673,206,467
S01010027,655,174,481
S01010028,399,122,277
S01010029,365,121,244
S01010030,619,148,471
S01010031,643,207,436
S01010032,472,132,340
S01010033,652,223,429
S01010034,539,161,378
S01010035,479,186,293
S01010036,756,150,606
S01010037,371,107,264
S01010038,686,191,495
S01010039,887,276,611
S01010040,596,174,422
S01010041,574,261,313
S01010042,922,259,663
S01010043,558,194,364
S01010044,768,258,510
S01010045,309,54,255
S01010046,520,167,353
S01010047,505,168,337
S01010048,605,212,393
S01010049,502,125,377
S01010050,641,189,452
S01010051,441,151,290
S01010052,458,183,275
S01010053,578,101,477
S01010054,358,57,301
S01010055,646,137,509
S01010056,308,75,233
S01010057,259,70,189
S01010058,530,99,431
S01010059,451,163,288
S01010060,632,204,428
S01010061,362,71,291
S01010062,448,74,374
S01010063,658,229,429
S01010064,352,66,286
S01010065,542,117,425
S01010066,486,78,408
S01010067,391,71,320
S01010068,424,109,315
S01010069,576,63,513
S01010070,487,26,461
S01010071,497,62,435
S01010072,511,77,434
S01010073,449,34,415
S01010074,436,57,379
S01010075,330,43,287
S01010076,435,38,397
S01010077,390,77,313
S01010078,429,19,410
S01010079,583,21,562
S01010080,386,25,361
S01010081,414,36,378
S01010082,555,75,480
S01010083,427,74,353
S01010084,539,113,426
S01010085,485,37,448
S01010086,572,66,506
S01010087,338,17,321
S01010088,559,45,514
S01010089,451,107,344
S01010090,711,82,629
S01010091,593,63,530
S01010092,552,82,470
S01010093,585,79,506
S01010094,406,29,377
S01010095,440,24,416
S01010096,484,31,453
S01010097,446,20,426
S01010098,444,18,426
S01010099,417,33,384
S01010100,554,46,508
S01010101,469,31,438
S01010102,669,35,634
S01010103,696,48,648
S01010104,498,40,458
S01010105,284,39,245
S01010106,270,57,213
S01010107,544,135,409
S01010108,506,106,400
S01010109,520,84,436
S01010110,498,111,387
S01010111,628,120,508
S01010112,606,112,494
S01010113,336,66,270
S01010114,501,104,397
S01010115,419,39,380
S01010116,734,62,672
S01010117,455,50,405
S01010118,397,65,332
S01010119,344,37,307
S01010120,658,109,549
S01010121,446,92,354
S01010122,276,60,216
S01010123,454,69,385
S01010124,458,87,371
S01010125,364,68,296
S01010126,499,60,439
S01010127,385,68,317
S01010128,295,59,236
S01010129,466,117,349
S01010130,234,33,201
S01010131,585,46,539
S01010132,564,116,448
S01010133,417,119,298
S01010134,573,145,428
S01010135,433,68,365
S01010136,502,76,426
S01010137,513,149,364
S01010138,637,342,295
S01010139,636,158,478
S01010140,542,149,393
S01010141,511,156,355
S01010142,409,88,321
S01010143,413,76,337
S01010144,516,150,366
S01010145,504,100,404
S01010146,550,175,375
S01010147,629,206,423
S01010148,493,106,387
S01010149,343,55,288
S01010150,356,77,279
S01010151,313,63,250
S01010152,494,73,421
S01010153,507,106,401
S01010154,455,77,378
S01010155,398,54,344
S01010156,310,48,262
S01010157,349,53,296
S01010158,535,94,441
S01010159,394,72,322
S01010160,431,128,303
S01010161,419,53,366
S01010162,468,93,375
S01010163,365,39,326
S01010164,445,41,404
S01010165,392,66,326
S01010166,457,93,364
S01010167,470,161,309
S01010168,322,49,273
S01010169,536,84,452
S01010170,364,91,273
S01010171,609,129,480
S01010172,392,170,222
S01010173,425,43,382
S01010174,364,33,331
S01010175,294,44,250
S01010176,403,90,313
S01010177,463,52,411
S01010178,605,75,530
S01010179,549,88,461
S01010180,370,27,343
S01010181,365,47,318
S01010182,481,69,412
S01010183,275,46,229
S01010184,384,61,323
S01010185,363,62,301
S01010186,443,35,408
S01010187,474,85,389
S01010188,489,76,413
S01010189,678,47,631
S01010190,539,24,515
S01010191,484,41,443
S01010192,602,37,565
S01010193,492,67,425
S01010194,374,33,341
S01010195,317,29,288
S01010196,436,30,406
S01010197,432,32,400
S01010198,553,50,503
S01010199,317,41,276
S01010200,380,35,345
S01010201,373,37,336
S01010202,482,122,360
S01010203,450,41,409
S01010204,500,107,393
S01010205,451,116,335
S01010206,328,99,229
S01010207,399,95,304
S01010208,670,269,401
S01010209,555,145,410
S01010210,525,72,453
S01010211,494,119,375
S01010212,664,209,455
S01010213,538,94,444
S01010214,587,50,537
S01010215,466,132,334
S01010216,397,128,269
S01010217,538,167,371
S01010218,707,264,443
S01010219,346,117,229
S01010220,422,122,300
S01010221,296,83,213
S01010222,360,120,240
S01010223,386,138,248
S01010224,641,131,510
S01010225,563,156,407
S01010226,520,182,338
S01010227,421,94,327
S01010228,390,124,266
S01010229,689,155,534
S01010230,694,248,446
S01010231,603,154,449
S01010232,728,166,562
S01010233,629,169,460
S01010234,709,213,496
S01010235,722,170,552
S01010236,558,124,434
S01010237,500,122,378
S01010238,635,171,464
S01010239,525,135,390
S01010240,537,161,376
S01010241,740,265,475
S01010242,591,223,368
S01010243,774,335,439
S01010244,520,211,309
S01010245,655,175,480
S01010246,575,144,431
S01010247,490,73,417
S01010248,680,138,542
S01010249,560,152,408
S01010250,640,108,532
S01010251,545,89,456
S01010252,471,90,381
S01010253,426,140,286
S01010254,726,176,550
S01010255,463,121,342
S01010256,596,221,375
S01010257,709,241,468
S01010258,700,189,511
S01010259,513,202,311
S01010260,872,363,509
S01010261,622,175,447
S01010262,526,177,349
S01010263,609,208,401
S01010264,699,335,364
S01010265,828,318,510
S01010266,414,72,342
S01010267,573,149,424
S01010268,604,188,416
S01010269,463,152,311
S01010270,774,383,391
S01010271,615,103,512
S01010272,825,404,421
S01010273,626,188,438
S01010274,509,163,346
S01010275,563,161,402
S01010276,902,341,561
S01010277,389,90,299
S01010278,423,114,309
S01010279,489,119,370
S01010280,697,169,528
S01010281,706,245,461
S01010282,782,333,449
S01010283,476,121,355
S01010284,905,328,577
S01010285,690,144,546
S01010286,646,120,526
S01010287,781,91,690
S01010288,719,75,644
S01010289,610,156,454
S01010290,468,109,359
S01010291,838,119,719
S01010292,797,112,685
S01010293,690,101,589
S01010294,607,54,553
S01010295,843,113,730
S01010296,532,88,444
S01010297,788,302,486
S01010298,579,164,415
S01010299,343,99,244
S01010300,676,146,530
S01010301,435,115,320
S01010302,408,168,240
S01010303,353,75,278
S01010304,414,161,253
S01010305,593,174,419
S01010306,643,209,434
S01010307,687,139,548
S01010308,796,132,664
S01010309,301,108,193
S01010310,514,184,330
S01010311,471,102,369
S01010312,551,147,404
S01010313,431,158,273
S01010314,660,228,432
S01010315,601,88,513
S01010316,378,153,225
S01010317,623,116,507
S01010318,387,137,250
S01010319,585,172,413
S01010320,548,220,328
S01010321,580,226,354
S01010322,839,180,659
S01010323,382,142,240
S01010324,420,95,325
S01010325,496,88,408
S01010326,612,180,432
S01010327,581,79,502
S01010328,593,87,506
S01010329,357,70,287
S01010330,400,74,326
S01010331,526,149,377
S01010332,449,44,405
S01010333,597,128,469
S01010334,562,90,472
S01010335,456,52,404
S01010336,426,170,256
S01010337,394,48,346
S01010338,459,96,363
S01010339,379,28,351
S01010340,462,96,366
S01010341,358,56,302
S01010342,446,99,347
S01010343,670,74,596
S01010344,443,179,264
S01010345,311,24,287
S01010346,663,79,584
S01010347,571,123,448
S01010348,581,92,489
S01010349,544,112,432
S01010350,553,121,432
S01010351,567,100,467
S01010352,319,85,234
S01010353,616,231,385
S01010354,488,98,390
S01010355,498,160,338
S01010356,503,97,406
S01010357,398,145,253
S01010358,538,212,326
S01010359,478,115,363
S01010360,395,112,283
S01010361,424,218,206
S01010362,604,418,186
S01010363,552,127,425
S01010364,607,23,584
S01010365,679,115,564
S01010366,747,159,588
S01010367,700,141,559
S01010368,464,111,353
S01010369,614,192,422
S01010370,579,89,490
S01010371,803,126,677
S01010372,386,44,342
S01010373,601,131,470
S01010374,729,152,577
S01010375,470,45,425
S01010376,633,114,519
S01010377,737,145,592
S01010378,656,49,607
S01010379,882,119,763
S01010380,777,175,602
S01010381,550,180,370
S01010382,724,177,547
S01010383,521,175,346
S01010384,700,158,542
S01010385,683,182,501
S01010386,684,220,464
S01010387,886,211,675
S01010388,761,228,533
S01010389,946,368,578
S01010390,940,412,528
S01010391,667,293,374
S01010392,612,207,405
S01010393,808,287,521
S01010394,559,227,332
S01010395,764,288,476
S01010396,775,187,588
S01010397,444,111,333
S01010398,835,177,658
S01010399,888,248,640
S01010400,790,146,644
S01010401,529,130,399
S01010402,786,134,652
S01010403,737,142,595
S01010404,531,127,404
S01010405,610,129,481
S01010406,683,169,514
S01010407,781,100,681
S01010408,319,73,246
S01010409,409,14,395
S01010410,374,56,318
S01010411,635,26,609
S01010412,594,187,407
S01010413,395,61,334
S01010414,645,86,559
S01010415,625,173,452
S01010416,442,70,372
S01010417,385,70,315
S01010418,808,205,603
S01010419,681,147,534
S01010420,389,14,375
S01010421,547,40,507
S01010422,674,76,598
S01010423,605,210,395
S01010424,552,172,380
S01010425,749,289,460
S01010426,539,199,340
S01010427,612,153,459
S01010428,416,62,354
S01010429,635,48,587
S01010430,572,170,402
S01010431,441,31,410
S01010432,623,177,446
S01010433,499,147,352
S01010434,426,127,299
S01010435,370,41,329
S01010436,567,193,374
S01010437,336,64,272
S01010438,546,115,431
S01010439,724,207,517
S01010440,417,100,317
S01010441,656,256,400
S01010442,557,166,391
S01010443,321,33,288
S01010444,403,39,364
S01010445,479,39,440
S01010446,533,39,494
S01010447,638,170,468
S01010448,540,55,485
S01010449,449,65,384
S01010450,486,113,373
S01010451,522,162,360
S01010452,452,69,383
S01010453,466,169,297
S01010454,466,64,402
S01010455,584,222,362
S01010456,316,60,256
S01010457,395,113,282
S01010458,436,114,322
S01010459,328,42,286
S01010460,471,99,372
S01010461,431,98,333
S01010462,577,215,362
S01010463,465,77,388
S01010464,319,42,277
S01010465,681,134,547
S01010466,691,162,529
S01010467,490,122,368
S01010468,645,80,565
S01010469,428,238,190
S01010470,433,76,357
S01010471,400,57,343
S01010472,420,114,306
S01010473,554,195,359
S01010474,619,150,469
S01010475,531,153,378
S01010476,633,94,539
S01010477,461,71,390
S01010478,682,291,391
S01010479,604,106,498
S01010480,344,47,297
S01010481,396,54,342
S01010482,445,51,394
S01010483,630,121,509
S01010484,366,48,318
S01010485,594,44,550
S01010486,615,31,584
S01010487,587,48,539
S01010488,508,74,434
S01010489,582,112,470
S01010490,449,74,375
S01010491,552,122,430
S01010492,316,55,261
S01010493,440,90,350
S01010494,417,58,359
S01010495,551,145,406
S01010496,510,107,403
S01010497,497,63,434
S01010498,545,84,461
S01010499,492,176,316
S01010500,640,72,568
S01010501,583,112,471
S01010502,555,81,474
S01010503,413,77,336
S01010504,312,51,261
S01010505,337,35,302
S01010506,504,76,428
S01010507,493,73,420
S01010508,554,88,466
S01010509,604,54,550
S01010510,440,43,397
S01010511,523,59,464
S01010512,341,38,303
S01010513,458,23,435
S01010514,422,34,388
S01010515,508,50,458
S01010516,354,63,291
S01010517,540,66,474
S01010518,447,61,386
S01010519,452,34,418
S01010520,547,57,490
S01010521,457,59,398
S01010522,372,77,295
S01010523,384,43,341
S01010524,338,37,301
S01010525,344,36,308
S01010526,489,67,422
S01010527,533,104,429
S01010528,374,46,328
S01010529,414,37,377
S01010530,390,33,357
S01010531,636,81,555
S01010532,327,42,285
S01010533,318,46,272
S01010534,536,54,482
S01010535,399,49,350
S01010536,514,75,439
S01010537,435,88,347
S01010538,532,74,458
S01010539,705,126,579
S01010540,365,50,315
S01010541,518,62,456
S01010542,518,47,471
S01010543,375,32,343
S01010544,502,50,452
S01010545,403,66,337
S01010546,434,68,366
S01010547,445,42,403
S01010548,345,26,319
S01010549,556,35,521
S01010550,326,34,292
S01010551,421,39,382
S01010552,476,57,419
S01010553,409,41,368
S01010554,473,92,381
S01010555,607,111,496
S01010556,507,66,441
S01010557,345,27,318
S01010558,418,66,352
S01010559,372,35,337
S01010560,371,37,334
S01010561,397,23,374
S01010562,448,37,411
S01010563,328,33,295
S01010564,324,82,242
S01010565,382,36,346
S01010566,665,65,600
S01010567,647,54,593
S01010568,612,48,564
S01010569,471,43,428
S01010570,653,70,583
S01010571,557,132,425
S01010572,525,80,445
S01010573,356,46,310
S01010574,361,21,340
S01010575,399,22,377
S01010576,502,26,476
S01010577,553,56,497
S01010578,391,20,371
S01010579,487,60,427
S01010580,399,136,263
S01010581,381,74,307
S01010582,294,29,265
S01010583,622,87,535
S01010584,526,53,473
S01010585,558,35,523
S01010586,497,32,465
S01010587,425,33,392
S01010588,400,49,351
S01010589,434,90,344
S01010590,538,20,518
S01010591,508,58,450
S01010592,361,102,259
S01010593,381,35,346
S01010594,443,58,385
S01010595,513,58,455
S01010596,544,40,504
S01010597,450,66,384
S01010598,688,84,604
S01010599,381,42,339
S01010600,563,73,490
S01010601,339,34,305
S01010602,375,87,288
S01010603,490,58,432
S01010604,291,18,273
S01010605,522,38,484
S01010606,471,54,417
S01010607,512,40,472
S01010608,410,81,329
S01010609,369,41,328
S01010610,379,51,328
S01010611,605,172,433
S01010612,470,40,430
S01010613,417,67,350
S01010614,335,73,262
S01010615,577,110,467
S01010616,518,40,478
S01010617,574,37,537
S01010618,529,42,487
S01010619,465,115,350
S01010620,482,174,308
S01010621,613,124,489
S01010622,415,98,317
S01010623,520,23,497
S01010624,353,55,298
S01010625,435,34,401
S01010626,443,45,398
S01010627,525,119,406
S01010628,600,127,473
S01010629,528,96,432
S01010630,381,60,321
S01010631,405,86,319
S01010632,539,82,457
S01010633,594,96,498
S01010634,403,33,370
S01010635,456,50,406
S01010636,503,84,419
S01010637,366,155,211
S01010638,441,73,368
S01010639,758,145,613
S01010640,597,152,445
S01010641,654,195,459
S01010642,596,106,490
S01010643,454,59,395
S01010644,423,142,281
S01010645,395,92,303
S01010646,444,48,396
S01010647,443,86,357
S01010648,441,71,370
S01010649,326,48,278
S01010650,308,47,261
S01010651,457,65,392
S01010652,481,58,423
S01010653,398,74,324
S01010654,517,85,432
S01010655,553,51,502
S01010656,272,19,253
S01010657,405,22,383
S01010658,443,39,404
S01010659,397,42,355
S01010660,356,45,311
S01010661,367,66,301
S01010662,460,33,427
S01010663,569,38,531
S01010664,505,44,461
S01010665,557,71,486
S01010666,533,56,477
S01010667,431,46,385
S01010668,660,74,586
S01010669,342,42,300
S01010670,420,51,369
S01010671,444,63,381
S01010672,401,83,318
S01010673,546,98,448
S01010674,588,95,493
S01010675,375,26,349
S01010676,514,84,430
S01010677,288,33,255
S01010678,378,45,333
S01010679,346,71,275
S01010680,389,72,317
S01010681,679,130,549
S01010682,595,56,539
S01010683,593,61,532
S01010684,454,44,410
S01010685,375,47,328
S01010686,406,48,358
S01010687,462,60,402
S01010688,406,77,329
S01010689,419,49,370
S01010690,376,67,309
S01010691,453,49,404
S01010692,448,58,390
S01010693,274,40,234
S01010694,320,40,280
S01010695,441,51,390
S01010696,568,63,505
S01010697,605,77,528
S01010698,437,57,380
S01010699,393,47,346
S01010700,377,41,336
S01010701,657,57,600
S01010702,612,53,559
S01010703,503,40,463
S01010704,369,52,317
S01010705,690,60,630
S01010706,426,61,365
S01010707,424,26,398
S01010708,341,37,304
S01010709,457,28,429
S01010710,460,48,412
S01010711,464,32,432
S01010712,448,34,414
S01010713,518,38,480
S01010714,431,89,342
S01010715,407,68,339
S01010716,557,138,419
S01010717,360,27,333
S01010718,604,69,535
S01010719,367,49,318
S01010720,386,28,358
S01010721,374,49,325
S01010722,492,53,439
S01010723,565,32,533
S01010724,534,31,503
S01010725,431,37,394
S01010726,524,57,467
S01010727,378,16,362
S01010728,296,20,276
S01010729,450,20,430
S01010730,531,38,493
S01010731,552,68,484
S01010732,526,51,475
S01010733,351,53,298
S01010734,551,75,476
S01010735,402,42,360
S01010736,302,22,280
S01010737,603,76,527
S01010738,324,29,295
S01010739,544,77,467
S01010740,302,86,216
S01010741,338,29,309
S01010742,421,40,381
S01010743,409,34,375
S01010744,637,72,565
S01010745,372,95,277
S01010746,630,81,549
S01010747,516,69,447
S01010748,376,33,343
S01010749,369,36,333
S01010750,356,35,321
S01010751,447,69,378
S01010752,466,65,401
S01010753,653,91,562
S01010754,401,84,317
S01010755,367,54,313
S01010756,384,33,351
S01010757,432,59,373
S01010758,384,34,350
S01010759,348,57,291
S01010760,289,51,238
S01010761,310,28,282
S01010762,338,29,309
S01010763,379,52,327
S01010764,325,59,266
S01010765,567,70,497
S01010766,426,51,375
S01010767,387,63,324
S01010768,294,37,257
S01010769,295,20,275
S01010770,532,76,456
S01010771,478,83,395
S01010772,448,75,373
S01010773,482,47,435
S01010774,431,50,381
S01010775,421,40,381
S01010776,336,68,268
S01010777,320,87,233
S01010778,308,81,227
S01010779,452,85,367
S01010780,334,40,294
S01010781,497,72,425
S01010782,352,85,267
S01010783,341,61,280
S01010784,452,60,392
S01010785,437,40,397
S01010786,402,44,358
S01010787,534,58,476
S01010788,393,44,349
S01010789,435,37,398
S01010790,402,25,377
S01010791,496,47,449
S01010792,379,74,305
S01010793,394,28,366
S01010794,343,42,301
S01010795,566,73,493
S01010796,502,40,462
S01010797,491,48,443
S01010798,395,49,346
S01010799,544,157,387
S01010800,452,94,358
S01010801,408,59,349
S01010802,354,52,302
S01010803,349,68,281
S01010804,335,66,269
S01010805,516,65,451
S01010806,582,129,453
S01010807,324,31,293
S01010808,323,36,287
S01010809,480,62,418
S01010810,274,55,219
S01010811,521,85,436
S01010812,302,52,250
S01010813,341,58,283
S01010814,381,74,307
S01010815,273,41,232
S01010816,314,27,287
S01010817,537,63,474
S01010818,582,106,476
S01010819,460,60,400
S01010820,302,30,272
S01010821,320,17,303
S01010822,459,62,397
S01010823,288,12,276
S01010824,471,26,445
S01010825,216,6,210
S01010826,479,50,429
S01010827,406,18,388
S01010828,827,55,772
S01010829,602,130,472
S01010830,362,34,328
S01010831,391,19,372
S01010832,525,53,472
S01010833,604,53,551
S01010834,547,71,476
S01010835,388,24,364
S01010836,506,100,406
S01010837,380,30,350
S01010838,514,52,462
S01010839,421,70,351
S01010840,313,91,222
S01010841,497,108,389
S01010842,515,234,281
S01010843,379,127,252
S01010844,411,38,373
S01010845,378,26,352
S01010846,528,51,477
S01010847,445,47,398
S01010848,432,44,388
S01010849,575,65,510
S01010850,512,101,411
S01010851,513,79,434
S01010852,469,41,428
S01010853,558,51,507
S01010854,576,76,500
S01010855,332,25,307
S01010856,532,128,404
S01010857,555,57,498
S01010858,436,68,368
S01010859,436,46,390
S01010860,410,62,348
S01010861,391,108,283
S01010862,358,104,254
S01010863,459,45,414
S01010864,339,41,298
S01010865,387,47,340
S01010866,351,35,316
S01010867,373,46,327
S01010868,429,43,386
S01010869,467,39,428
S01010870,462,92,370
S01010871,528,97,431
S01010872,487,144,343
S01010873,291,139,152
S01010874,512,59,453
S01010875,357,67,290
S01010876,496,130,366
S01010877,630,138,492
S01010878,555,109,446
S01010879,558,93,465
S01010880,340,71,269
S01010881,341,32,309
S01010882,373,29,344
S01010883,589,74,515
S01010884,433,159,274
S01010885,616,212,404
S01010886,329,98,231
S01010887,480,142,338
S01010888,529,157,372
S01010889,377,171,206
S01010890,403,140,263
S01010891,227,113,114
S01010892,507,195,312
S01010893,320,132,188
S01010894,400,101,299
S01010895,273,111,162
S01010896,437,99,338
S01010897,539,98,441
S01010898,409,50,359
S01010899,401,26,375
S01010900,436,72,364
S01010901,284,44,240
S01010902,612,89,523
S01010903,493,114,379
S01010904,371,107,264
S01010905,439,79,360
S01010906,654,66,588
S01010907,368,30,338
S01010908,389,51,338
S01010909,450,65,385
S01010910,341,119,222
S01010911,320,131,189
S01010912,390,111,279
S01010913,439,83,356
S01010914,460,43,417
S01010915,506,33,473
S01010916,393,151,242
S01010917,458,106,352
S01010918,406,41,365
S01010919,485,66,419
S01010920,382,65,317
S01010921,414,45,369
S01010922,494,49,445
S01010923,553,77,476
S01010924,379,38,341
S01010925,483,72,411
S01010926,498,62,436
S01010927,358,41,317
S01010928,442,67,375
S01010929,418,47,371
S01010930,579,44,535
S01010931,271,38,233
S01010932,353,67,286
S01010933,486,30,456
S01010934,658,67,591
S01010935,343,43,300
S01010936,426,134,292
S01010937,493,54,439
S01010938,483,75,408
S01010939,347,20,327
S01010940,408,11,397
S01010941,533,19,514
S01010942,397,21,376
S01010943,400,28,372
S01010944,349,74,275
S01010945,341,37,304
S01010946,499,36,463
S01010947,340,44,296
S01010948,423,48,375
S01010949,598,17,581
S01010950,485,61,424
S01010951,381,27,354
S01010952,346,16,330
S01010953,375,26,349
S01010954,358,26,332
S01010955,619,27,592
S01010956,466,63,403
S01010957,352,15,337
S01010958,271,25,246
S01010959,368,62,306
S01010960,691,71,620
S01010961,336,34,302
S01010962,347,100,247
S01010963,595,56,539
S01010964,307,22,285
S01010965,348,43,305
S01010966,421,44,377
S01010967,423,64,359
S01010968,415,39,376
S01010969,324,41,283
S01010970,591,72,519
S01010971,660,40,620
S01010972,518,38,480
S01010973,294,23,271
S01010974,433,44,389
S01010975,285,15,270
S01010976,325,33,292
S01010977,433,39,394
S01010978,449,69,380
S01010979,504,46,458
S01010980,443,83,360
S01010981,434,54,380
S01010982,684,70,614
S01010983,468,65,403
S01010984,353,26,327
S01010985,365,31,334
S01010986,336,8,328
S01010987,392,14,378
S01010988,393,13,380
S01010989,671,54,617
S01010990,480,28,452
S01010991,346,14,332
S01010992,369,12,357
S01010993,402,28,374
S01010994,630,47,583
S01010995,490,35,455
S01010996,363,33,330
S01010997,367,25,342
S01010998,349,13,336
S01010999,451,64,387
S01011000,540,49,491
S01011001,374,37,337
S01011002,429,47,382
S01011003,411,36,375
S01011004,384,24,360
S01011005,411,86,325
S01011006,653,52,601
S01011007,393,29,364
S01011008,471,42,429
S01011009,349,42,307
S01011010,384,135,249
S01011011,496,146,350
S01011012,435,72,363
S01011013,464,49,415
S01011014,575,75,500
S01011015,301,27,274
S01011016,586,45,541
S01011017,507,45,462
S01011018,523,55,468
S01011019,642,44,598
S01011020,304,34,270
S01011021,527,46,481
S01011022,362,25,337
S01011023,528,53,475
S01011024,463,36,427
S01011025,476,44,432
S01011026,385,52,333
S01011027,542,76,466
S01011028,555,71,484
S01011029,389,49,340
S01011030,652,46,606
S01011031,411,39,372
S01011032,488,60,428
S01011033,422,54,368
S01011034,384,61,323
S01011035,442,32,410
S01011036,434,57,377
S01011037,602,89,513
S01011038,538,50,488
S01011039,505,95,410
S01011040,438,37,401
S01011041,433,33,400
S01011042,525,50,475
S01011043,415,56,359
S01011044,448,67,381
S01011045,453,60,393
S01011046,552,55,497
S01011047,572,45,527
S01011048,542,68,474
S01011049,398,48,350
S01011050,476,42,434
S01011051,563,72,491
S01011052,432,43,389
S01011053,382,56,326
S01011054,320,35,285
S01011055,348,36,312
S01011056,421,31,390
S01011057,361,35,326
S01011058,405,25,380
S01011059,404,30,374
S01011060,459,63,396
S01011061,513,75,438
S01011062,564,98,466
S01011063,592,76,516
S01011064,601,88,513
S01011065,417,37,380
S01011066,283,31,252
S01011067,301,47,254
S01011068,301,39,262
S01011069,330,37,293
S01011070,372,44,328
S01011071,504,41,463
S01011072,637,45,592
S01011073,425,41,384
S01011074,382,57,325
S01011075,422,47,375
S01011076,430,57,373
S01011077,421,59,362
S01011078,617,62,555
S01011079,664,104,560
S01011080,584,98,486
S01011081,489,63,426
S01011082,282,50,232
S01011083,457,45,412
S01011084,473,38,435
S01011085,531,36,495
S01011086,375,22,353
S01011087,339,47,292
S01011088,569,82,487
S01011089,360,55,305
S01011090,437,31,406
S01011091,414,30,384
S01011092,282,41,241
S01011093,382,17,365
S01011094,311,21,290
S01011095,498,29,469
S01011096,357,36,321
S01011097,443,39,404
S01011098,478,56,422
S01011099,545,78,467
S01011100,256,31,225
S01011101,370,39,331
S01011102,423,91,332
S01011103,370,90,280
S01011104,340,67,273
S01011105,496,101,395
S01011106,588,36,552
S01011107,590,41,549
S01011108,352,26,326
S01011109,506,65,441
S01011110,475,88,387
S01011111,570,103,467
S01011112,578,43,535
S01011113,567,66,501
S01011114,484,33,451
S01011115,590,88,502
S01011116,397,25,372
S01011117,428,68,360
S01011118,487,64,423
S01011119,532,52,480
S01011120,358,16,342
S01011121,358,107,251
S01011122,413,64,349
S01011123,666,63,603
S01011124,399,45,354
S01011125,333,59,274
S01011126,300,5,295
S01011127,311,1,310
S01011128,465,91,374
S01011129,580,17,563
S01011130,356,57,299
S01011131,442,76,366
S01011132,541,43,498
S01011133,263,21,242
S01011134,469,99,370
S01011135,463,43,420
S01011136,406,41,365
S01011137,297,25,272
S01011138,398,42,356
S01011139,492,36,456
S01011140,349,52,297
S01011141,360,34,326
S01011142,523,41,482
S01011143,543,32,511
S01011144,449,36,413
S01011145,405,28,377
S01011146,454,38,416
S01011147,649,92,557
S01011148,482,57,425
S01011149,430,46,384
S01011150,308,30,278
S01011151,368,35,333
S01011152,401,67,334
S01011153,514,134,380
S01011154,333,129,204
S01011155,370,88,282
S01011156,362,38,324
S01011157,360,52,308
S01011158,282,18,264
S01011159,302,69,233
S01011160,586,64,522
S01011161,372,39,333
S01011162,284,20,264
S01011163,504,75,429
S01011164,433,48,385
S01011165,453,72,381
S01011166,284,21,263
S01011167,396,32,364
S01011168,526,51,475
S01011169,604,46,558
S01011170,568,72,496
S01011171,494,66,428
S01011172,400,60,340
S01011173,250,16,234
S01011174,222,34,188
S01011175,272,47,225
S01011176,266,39,227
S01011177,455,62,393
S01011178,314,23,291
S01011179,385,57,328
S01011180,395,57,338
S01011181,303,35,268
S01011182,267,18,249
S01011183,364,26,338
S01011184,512,20,492
S01011185,419,23,396
S01011186,526,80,446
S01011187,455,36,419
S01011188,581,92,489
S01011189,506,71,435
S01011190,387,46,341
S01011191,334,39,295
S01011192,470,49,421
S01011193,472,65,407
S01011194,462,63,399
S01011195,502,64,438
S01011196,565,81,484
S01011197,547,70,477
S01011198,387,35,352
S01011199,524,76,448
S01011200,490,92,398
S01011201,388,38,350
S01011202,543,86,457
S01011203,490,61,429
S01011204,352,26,326
S01011205,464,23,441
S01011206,494,30,464
S01011207,499,61,438
S01011208,618,48,570
S01011209,401,51,350
S01011210,480,32,448
S01011211,463,22,441
S01011212,327,21,306
S01011213,623,57,566
S01011214,482,45,437
S01011215,350,61,289
S01011216,298,79,219
S01011217,500,99,401
S01011218,403,61,342
S01011219,502,73,429
S01011220,556,109,447
S01011221,583,106,477
S01011222,397,49,348
S01011223,477,51,426
S01011224,406,86,320
S01011225,433,75,358
S01011226,533,50,483
S01011227,461,155,306
S01011228,453,132,321
S01011229,300,87,213
S01011230,569,201,368
S01011231,365,53,312
S01011232,635,225,410
S01011233,225,30,195
S01011234,653,108,545
S01011235,238,67,171
S01011236,340,79,261
S01011237,467,70,397
S01011238,422,113,309
S01011239,446,178,268
S01011240,475,265,210
S01011241,630,172,458
S01011242,460,97,363
S01011243,545,221,324
S01011244,471,203,268
S01011245,539,140,399
S01011246,574,120,454
S01011247,447,44,403
S01011248,492,50,442
S01011249,454,55,399
S01011250,669,92,577
S01011251,557,63,494
S01011252,515,64,451
S01011253,542,102,440
S01011254,640,32,608
S01011255,504,26,478
S01011256,297,17,280
S01011257,234,19,215
S01011258,343,19,324
S01011259,453,79,374
S01011260,423,53,370
S01011261,484,39,445
S01011262,315,42,273
S01011263,670,70,600
S01011264,415,38,377
S01011265,657,102,555
S01011266,528,45,483
S01011267,346,39,307
S01011268,238,35,203
S01011269,298,70,228
S01011270,437,107,330
S01011271,475,64,411
S01011272,475,110,365
S01011273,526,46,480
S01011274,556,105,451
S01011275,433,56,377
S01011276,595,69,526
S01011277,472,43,429
S01011278,366,56,310
S01011279,414,47,367
S01011280,391,13,378
S01011281,433,29,404
S01011282,594,38,556
S01011283,500,24,476
S01011284,391,13,378
S01011285,448,52,396
S01011286,446,58,388
S01011287,509,57,452
S01011288,449,41,408
S01011289,579,83,496
S01011290,686,124,562
S01011291,506,106,400
S01011292,446,78,368
S01011293,435,61,374
S01011294,474,143,331
S01011295,571,80,491
S01011296,338,53,285
S01011297,533,31,502
S01011298,392,29,363
S01011299,312,24,288
S01011300,589,81,508
S01011301,437,48,389
S01011302,492,162,330
S01011303,632,68,564
S01011304,426,43,383
S01011305,530,64,466
S01011306,343,49,294
S01011307,278,24,254
S01011308,276,30,246
S01011309,400,43,357
S01011310,404,60,344
S01011311,364,30,334
S01011312,619,56,563
S01011313,430,89,341
S01011314,670,95,575
S01011315,239,21,218
S01011316,427,40,387
S01011317,357,46,311
S01011318,442,103,339
S01011319,436,30,406
S01011320,275,79,196
S01011321,401,43,358
S01011322,393,39,354
S01011323,565,66,499
S01011324,264,44,220
S01011325,462,186,276
S01011326,431,198,233
S01011327,356,106,250
S01011328,374,70,304
S01011329,479,95,384
S01011330,409,31,378
S01011331,388,19,369
S01011332,483,26,457
S01011333,349,48,301
S01011334,436,32,404
S01011335,515,40,475
S01011336,346,47,299
S01011337,411,26,385
S01011338,419,41,378
S01011339,334,25,309
S01011340,401,48,353
S01011341,486,92,394
S01011342,425,73,352
S01011343,513,139,374
S01011344,522,72,450
S01011345,494,78,416
S01011346,418,53,365
S01011347,637,159,478
S01011348,566,93,473
S01011349,638,74,564
S01011350,400,24,376
S01011351,447,104,343
S01011352,398,88,310
S01011353,398,50,348
S01011354,435,40,395
S01011355,547,72,475
S01011356,617,54,563
S01011357,500,40,460
S01011358,389,11,378
S01011359,449,77,372
S01011360,516,118,398
S01011361,391,188,203
S01011362,358,14,344
S01011363,547,110,437
S01011364,390,39,351
S01011365,401,8,393
S01011366,266,57,209
S01011367,517,82,435
S01011368,593,26,567
S01011369,492,95,397
S01011370,538,29,509
S01011371,600,182,418
S01011372,438,177,261
S01011373,441,118,323
S01011374,483,47,436
S01011375,418,82,336
S01011376,281,117,164
S01011377,383,44,339
S01011378,415,40,375
S01011379,605,40,565
S01011380,429,115,314
S01011381,400,77,323
S01011382,377,107,270
S01011383,429,151,278
S01011384,449,95,354
S01011385,599,89,510
S01011386,346,28,318
S01011387,501,103,398
S01011388,732,85,647
S01011389,516,118,398
S01011390,495,58,437
S01011391,408,27,381
S01011392,438,58,380
S01011393,491,70,421
S01011394,363,24,339
S01011395,492,127,365
S01011396,444,108,336
S01011397,446,103,343
S01011398,461,69,392
S01011399,334,49,285
S01011400,471,114,357
S01011401,379,50,329
S01011402,483,63,420
S01011403,362,41,321
S01011404,577,125,452
S01011405,370,63,307
S01011406,389,33,356
S01011407,685,86,599
S01011408,512,61,451
S01011409,514,72,442
S01011410,387,59,328
S01011411,402,23,379
S01011412,525,24,501
S01011413,399,40,359
S01011414,500,84,416
S01011415,573,107,466
S01011416,429,26,403
S01011417,470,53,417
S01011418,342,53,289
S01011419,358,48,310
S01011420,320,82,238
S01011421,397,43,354
S01011422,418,28,390
S01011423,330,43,287
S01011424,360,33,327
S01011425,525,49,476
S01011426,621,34,587
S01011427,439,67,372
S01011428,319,41,278
S01011429,430,33,397
S01011430,596,54,542
S01011431,655,97,558
S01011432,664,95,569
S01011433,557,68,489
S01011434,353,36,317
S01011435,613,51,562
S01011436,477,118,359
S01011437,468,85,383
S01011438,354,50,304
S01011439,559,65,494
S01011440,385,47,338
S01011441,509,70,439
S01011442,413,79,334
S01011443,365,53,312
S01011444,471,70,401
S01011445,346,60,286
S01011446,326,41,285
S01011447,568,54,514
S01011448,596,71,525
S01011449,337,73,264
S01011450,399,27,372
S01011451,468,19,449
S01011452,658,112,546
S01011453,439,46,393
S01011454,474,46,428
S01011455,470,53,417
S01011456,533,72,461
S01011457,606,72,534
S01011458,780,36,744
S01011459,692,72,620
S01011460,467,41,426
S01011461,503,95,408
S01011462,587,92,495
S01011463,433,47,386
S01011464,406,56,350
S01011465,323,42,281
S01011466,375,99,276
S01011467,354,53,301
S01011468,584,45,539
S01011469,551,62,489
S01011470,695,105,590
S01011471,511,82,429
S01011472,570,223,347
S01011473,352,132,220
S01011474,448,154,294
S01011475,329,129,200
S01011476,319,17,302
S01011477,529,27,502
S01011478,673,72,601
S01011479,503,72,431
S01011480,618,84,534
S01011481,518,56,462
S01011482,516,74,442
S01011483,362,44,318
S01011484,546,69,477
S01011485,564,49,515
S01011486,315,32,283
S01011487,678,72,606
S01011488,392,31,361
S01011489,507,44,463
S01011490,635,122,513
S01011491,331,84,247
S01011492,515,147,368
S01011493,355,13,342
S01011494,450,43,407
S01011495,504,77,427
S01011496,421,89,332
S01011497,435,62,373
S01011498,483,25,458
S01011499,549,98,451
S01011500,333,41,292
S01011501,415,83,332
S01011502,469,29,440
S01011503,404,32,372
S01011504,362,28,334
S01011505,474,85,389
S01011506,286,34,252
S01011507,387,61,326
S01011508,693,175,518
S01011509,424,41,383
S01011510,654,68,586
S01011511,336,64,272
S01011512,590,153,437
S01011513,502,99,403
S01011514,578,42,536
S01011515,396,116,280
S01011516,640,79,561
S01011517,341,24,317
S01011518,385,50,335
S01011519,506,37,469
S01011520,358,47,311
S01011521,616,119,497
S01011522,580,139,441
S01011523,512,100,412
S01011524,632,89,543
S01011525,580,50,530
S01011526,630,79,551
S01011527,426,23,403
S01011528,593,129,464
S01011529,318,85,233
S01011530,628,128,500
S01011531,692,65,627
S01011532,423,36,387
S01011533,408,90,318
S01011534,466,68,398
S01011535,500,151,349
S01011536,485,43,442
S01011537,395,75,320
S01011538,451,31,420
S01011539,463,58,405
S01011540,657,57,600
S01011541,595,65,530
S01011542,598,49,549
S01011543,517,61,456
S01011544,426,50,376
S01011545,356,28,328
S01011546,512,24,488
S01011547,396,37,359
S01011548,424,48,376
S01011549,512,34,478
S01011550,476,19,457
S01011551,341,31,310
S01011552,480,32,448
S01011553,567,28,539
S01011554,516,47,469
S01011555,378,46,332
S01011556,324,75,249
S01011557,488,42,446
S01011558,377,56,321
S01011559,404,50,354
S01011560,504,50,454
S01011561,502,39,463
S01011562,400,56,344
S01011563,472,38,434
S01011564,599,64,535
S01011565,626,42,584
S01011566,595,78,517
S01011567,590,85,505
S01011568,518,35,483
S01011569,621,62,559
S01011570,426,78,348
S01011571,418,150,268
S01011572,385,90,295
S01011573,694,115,579
S01011574,512,31,481
S01011575,315,51,264
S01011576,474,119,355
S01011577,504,96,408
S01011578,555,89,466
S01011579,684,39,645
S01011580,473,54,419
S01011581,449,140,309
S01011582,722,104,618
S01011583,470,95,375
S01011584,464,72,392
S01011585,437,64,373
S01011586,363,46,317
S01011587,359,34,325
S01011588,469,39,430
S01011589,511,30,481
S01011590,423,49,374
S01011591,413,78,335
S01011592,440,90,350
S01011593,443,58,385
S01011594,270,54,216
S01011595,416,105,311
S01011596,660,137,523
S01011597,385,106,279
S01011598,591,320,271
S01011599,498,61,437
S01011600,448,87,361
S01011601,572,35,537
S01011602,378,53,325
S01011603,456,126,330
S01011604,389,52,337
S01011605,498,66,432
S01011606,677,40,637
S01011607,420,49,371
S01011608,672,48,624
S01011609,629,162,467
S01011610,527,72,455
S01011611,445,52,393
S01011612,432,20,412
S01011613,612,30,582
S01011614,294,31,263
S01011615,450,51,399
S01011616,257,51,206
S01011617,527,80,447
S01011618,373,49,324
S01011619,727,73,654
S01011620,738,48,690
S01011621,484,36,448
S01011622,427,28,399
S01011623,412,58,354
S01011624,468,52,416
S01011625,365,44,321
S01011626,554,44,510
S01011627,477,36,441
S01011628,674,40,634
S01011629,382,28,354
S01011630,389,27,362
S01011631,400,58,342
S01011632,486,55,431
S01011633,433,51,382
S01011634,353,54,299
S01011635,446,50,396
S01011636,430,44,386
S01011637,444,68,376
S01011638,302,59,243
S01011639,347,41,306
S01011640,422,40,382
S01011641,301,15,286
S01011642,532,72,460
S01011643,361,33,328
S01011644,403,32,371
S01011645,292,39,253
S01011646,453,19,434
S01011647,594,45,549
S01011648,459,53,406
S01011649,305,49,256
S01011650,442,48,394
S01011651,562,117,445
S01011652,524,68,456
S01011653,559,41,518
S01011654,610,146,464
S01011655,546,148,398
S01011656,414,95,319
S01011657,357,114,243
S01011658,428,68,360
S01011659,463,60,403
S01011660,611,68,543
S01011661,305,62,243
S01011662,421,30,391
S01011663,663,142,521
S01011664,628,53,575
S01011665,543,109,434
S01011666,522,127,395
S01011667,466,119,347
S01011668,659,91,568
S01011669,381,49,332
S01011670,337,57,280
S01011671,404,52,352
S01011672,350,38,312
S01011673,436,44,392
S01011674,651,60,591
S01011675,549,67,482
S01011676,421,64,357
S01011677,413,68,345
S01011678,277,56,221
S01011679,376,19,357
S01011680,631,74,557
S01011681,524,48,476
S01011682,274,32,242
S01011683,489,64,425
S01011684,320,37,283
S01011685,519,32,487
S01011686,560,55,505
S01011687,553,68,485
S01011688,529,49,480
S01011689,433,25,408
S01011690,654,73,581
S01011691,382,22,360
S01011692,666,71,595
S01011693,537,76,461
S01011694,355,35,320
S01011695,616,35,581
S01011696,693,26,667
S01011697,651,58,593
S01011698,426,46,380
S01011699,586,70,516
S01011700,481,85,396
S01011701,650,90,560
S01011702,461,57,404
S01011703,384,35,349
S01011704,462,42,420
S01011705,481,56,425
S01011706,604,80,524
S01011707,426,25,401
S01011708,589,103,486
S01011709,613,36,577
S01011710,391,34,357
S01011711,413,62,351
S01011712,367,100,267
S01011713,573,56,517
S01011714,370,24,346
S01011715,382,72,310
S01011716,612,67,545
S01011717,477,25,452
S01011718,540,43,497
S01011719,478,22,456
S01011720,363,28,335
S01011721,444,43,401
S01011722,431,47,384
S01011723,590,65,525
S01011724,478,46,432
S01011725,450,23,427
S01011726,381,34,347
S01011727,511,35,476
S01011728,617,70,547
S01011729,423,52,371
S01011730,561,96,465
S01011731,491,47,444
S01011732,549,21,528
S01011733,517,46,471
S01011734,457,55,402
S01011735,446,18,428
S01011736,475,55,420
S01011737,419,51,368
S01011738,666,129,537
S01011739,315,36,279
S01011740,487,112,375
S01011741,409,71,338
S01011742,456,57,399
S01011743,486,76,410
S01011744,504,113,391
S01011745,356,52,304
S01011746,328,29,299
S01011747,610,84,526
S01011748,539,90,449
S01011749,501,148,353
S01011750,510,66,444
S01011751,674,200,474
S01011752,601,138,463
S01011753,488,72,416
S01011754,437,48,389
S01011755,643,157,486
S01011756,629,95,534
S01011757,447,64,383
S01011758,407,48,359
S01011759,494,40,454
S01011760,567,80,487
S01011761,445,45,400
S01011762,423,97,326
S01011763,510,61,449
S01011764,271,6,265
S01011765,703,49,654
S01011766,339,24,315
S01011767,539,109,430
S01011768,453,103,350
S01011769,348,88,260
S01011770,512,108,404
S01011771,465,15,450
S01011772,708,29,679
S01011773,404,18,386
S01011774,618,68,550
S01011775,421,29,392
S01011776,657,12,645
S01011777,408,54,354
S01011778,408,46,362
S01011779,493,42,451
S01011780,622,18,604
S01011781,372,19,353
S01011782,462,37,425
S01011783,401,16,385
S01011784,535,61,474
S01011785,538,40,498
S01011786,266,4,262
S01011787,613,114,499
S01011788,451,11,440
S01011789,402,32,370
S01011790,643,71,572
S01011791,458,77,381
S01011792,498,129,369
S01011793,430,65,365
S01011794,546,101,445
S01011795,414,80,334
S01011796,473,88,385
S01011797,671,31,640
S01011798,351,45,306
S01011799,577,32,545
S01011800,311,25,286
S01011801,375,55,320
S01011802,398,80,318
S01011803,365,37,328
S01011804,455,93,362
S01011805,338,86,252
S01011806,437,72,365
S01011807,642,65,577
S01011808,372,50,322
S01011809,456,43,413
S01011810,582,75,507
S01011811,622,59,563
S01011812,414,26,388
S01011813,475,38,437
S01011814,414,37,377
S01011815,478,53,425
S01011816,392,35,357
S01011817,451,42,409
S01011818,650,90,560
S01011819,544,112,432
S01011820,402,43,359
S01011821,283,85,198
S01011822,462,146,316
S01011823,373,63,310
S01011824,455,63,392
S01011825,332,66,266
S01011826,423,74,349
S01011827,305,72,233
S01011828,547,71,476
S01011829,270,36,234
S01011830,336,61,275
S01011831,478,69,409
S01011832,488,69,419
S01011833,560,28,532
S01011834,287,11,276
S01011835,445,33,412
S01011836,476,41,435
S01011837,390,23,367
S01011838,483,26,457
S01011839,595,66,529
S01011840,617,57,560
S01011841,542,54,488
S01011842,555,95,460
S01011843,596,56,540
S01011844,406,27,379
S01011845,477,58,419
S01011846,527,58,469
S01011847,267,21,246
S01011848,422,38,384
S01011849,511,71,440
S01011850,410,57,353
S01011851,531,56,475
S01011852,582,75,507
S01011853,433,50,383
S01011854,398,47,351
S01011855,498,43,455
S01011856,346,20,326
S01011857,394,40,354
S01011858,406,32,374
S01011859,415,69,346
S01011860,303,27,276
S01011861,426,68,358
S01011862,488,41,447
S01011863,413,47,366
S01011864,406,32,374
S01011865,334,54,280
S01011866,447,33,414
S01011867,554,84,470
S01011868,518,87,431
S01011869,500,118,382
S01011870,419,70,349
S01011871,689,59,630
S01011872,556,46,510
S01011873,525,58,467
S01011874,424,43,381
S01011875,364,45,319
S01011876,576,74,502
S01011877,325,48,277
S01011878,550,32,518
S01011879,331,28,303
S01011880,357,24,333
S01011881,466,61,405
S01011882,527,39,488
S01011883,647,49,598
S01011884,271,20,251
S01011885,425,22,403
S01011886,524,41,483
S01011887,351,17,334
S01011888,529,58,471
S01011889,501,65,436
S01011890,438,55,383
S01011891,461,99,362
S01011892,697,191,506
S01011893,613,138,475
S01011894,424,72,352
S01011895,344,47,297
S01011896,519,84,435
S01011897,582,44,538
S01011898,405,21,384
S01011899,440,42,398
S01011900,428,25,403
S01011901,538,79,459
S01011902,595,41,554
S01011903,444,22,422
S01011904,445,28,417
S01011905,457,12,445
S01011906,265,31,234
S01011907,506,65,441
S01011908,255,18,237
S01011909,730,69,661
S01011910,581,136,445
S01011911,378,41,337
S01011912,453,58,395
S01011913,462,95,367
S01011914,507,68,439
S01011915,508,47,461
S01011916,355,32,323
S01011917,316,39,277
S01011918,491,118,373
S01011919,560,110,450
S01011920,399,65,334
S01011921,352,58,294
S01011922,496,83,413
S01011923,567,87,480
S01011924,268,42,226
S01011925,511,42,469
S01011926,419,61,358
S01011927,393,61,332
S01011928,469,70,399
S01011929,441,49,392
S01011930,383,54,329
S01011931,409,54,355
S01011932,466,90,376
S01011933,464,129,335
S01011934,690,103,587
S01011935,595,177,418
S01011936,487,151,336
S01011937,488,148,340
S01011938,444,142,302
S01011939,568,230,338
S01011940,314,101,213
S01011941,577,233,344
S01011942,612,266,346
S01011943,803,311,492
S01011944,265,18,247
S01011945,410,18,392
S01011946,417,65,352
S01011947,259,12,247
S01011948,571,98,473
S01011949,387,33,354
S01011950,373,34,339
S01011951,373,24,349
S01011952,292,17,275
S01011953,430,32,398
S01011954,274,33,241
S01011955,557,83,474
S01011956,601,38,563
S01011957,452,60,392
S01011958,648,71,577
S01011959,518,48,470
S01011960,524,45,479
S01011961,471,49,422
S01011962,423,21,402
S01011963,304,34,270
S01011964,606,84,522
S01011965,416,52,364
S01011966,481,36,445
S01011967,625,60,565
S01011968,621,116,505
S01011969,622,80,542
S01011970,607,87,520
S01011971,318,41,277
S01011972,707,80,627
S01011973,370,33,337
S01011974,452,38,414
S01011975,282,24,258
S01011976,449,50,399
S01011977,700,89,611
S01011978,361,55,306
S01011979,564,47,517
S01011980,258,30,228
S01011981,528,70,458
S01011982,578,78,500
S01011983,389,61,328
S01011984,395,52,343
S01011985,410,35,375
S01011986,406,81,325
S01011987,551,48,503
S01011988,350,36,314
S01011989,493,32,461
S01011990,388,42,346
S01011991,428,31,397
S01011992,532,85,447
S01011993,506,113,393
S01011994,354,14,340
S01011995,504,46,458
S01011996,333,42,291
S01011997,551,92,459
S01011998,300,21,279
S01011999,380,59,321
S01012000,276,23,253
S01012001,386,57,329
S01012002,301,25,276
S01012003,337,46,291
S01012004,495,49,446
S01012005,542,48,494
S01012006,401,52,349
S01012007,455,53,402
S01012008,529,88,441
S01012009,383,61,322
S01012010,610,82,528
S01012011,618,98,520
S01012012,342,35,307
S01012013,450,65,385
S01012014,499,99,400
S01012015,516,57,459
S01012016,487,57,430
S01012017,308,37,271
S01012018,488,62,426
S01012019,539,92,447
S01012020,410,82,328
S01012021,375,45,330
S01012022,424,56,368
S01012023,330,44,286
S01012024,564,59,505
S01012025,437,34,403
S01012026,411,25,386
S01012027,524,36,488
S01012028,593,38,555
S01012029,657,83,574
S01012030,423,45,378
S01012031,311,13,298
S01012032,220,19,201
S01012033,504,67,437
S01012034,503,88,415
S01012035,568,91,477
S01012036,528,75,453
S01012037,571,94,477
S01012038,524,85,439
S01012039,586,56,530
S01012040,451,31,420
S01012041,535,61,474
S01012042,544,63,481
S01012043,562,85,477
S01012044,509,123,386
S01012045,708,229,479
S01012046,400,109,291
S01012047,548,158,390
S01012048,420,124,296
S01012049,441,109,332
S01012050,693,91,602
S01012051,293,59,234
S01012052,535,139,396
S01012053,552,132,420
S01012054,571,178,393
S01012055,522,113,409
S01012056,472,48,424
S01012057,474,33,441
S01012058,451,55,396
S01012059,527,91,436
S01012060,509,68,441
S01012061,621,98,523
S01012062,564,48,516
S01012063,364,76,288
S01012064,421,69,352
S01012065,370,78,292
S01012066,563,123,440
S01012067,364,83,281
S01012068,339,94,245
S01012069,344,143,201
S01012070,471,197,274
S01012071,755,354,401
S01012072,776,358,418
S01012073,486,81,405
S01012074,480,107,373
S01012075,521,38,483
S01012076,450,102,348
S01012077,505,115,390
S01012078,597,103,494
S01012079,547,110,437
S01012080,502,84,418
S01012081,482,151,331
S01012082,396,107,289
S01012083,434,143,291
S01012084,367,22,345
S01012085,440,58,382
S01012086,560,111,449
S01012087,425,86,339
S01012088,476,60,416
S01012089,542,78,464
S01012090,557,31,526
S01012091,355,47,308
S01012092,332,36,296
S01012093,354,105,249
S01012094,468,39,429
S01012095,715,82,633
S01012096,517,65,452
S01012097,406,26,380
S01012098,384,47,337
S01012099,483,68,415
S01012100,620,79,541
S01012101,483,28,455
S01012102,422,96,326
S01012103,634,116,518
S01012104,591,42,549
S01012105,722,96,626
S01012106,733,137,596
S01012107,421,67,354
S01012108,462,194,268
S01012109,658,273,385
S01012110,446,178,268
S01012111,373,128,245
S01012112,413,96,317
S01012113,569,121,448
S01012114,486,62,424
S01012115,283,51,232
S01012116,337,57,280
S01012117,519,39,480
S01012118,434,34,400
S01012119,544,32,512
S01012120,368,59,309
S01012121,551,79,472
S01012122,497,48,449
S01012123,339,51,288
S01012124,385,93,292
S01012125,550,240,310
S01012126,579,175,404
S01012127,663,315,348
S01012128,385,101,284
S01012129,503,219,284
S01012130,626,282,344
S01012131,712,316,396
S01012132,507,210,297
S01012133,573,208,365
S01012134,673,161,512
S01012135,626,301,325
S01012136,658,295,363
S01012137,446,204,242
S01012138,587,128,459
S01012139,548,79,469
S01012140,330,18,312
S01012141,607,42,565
S01012142,542,28,514
S01012143,510,34,476
S01012144,613,40,573
S01012145,584,30,554
S01012146,602,195,407
S01012147,471,125,346
S01012148,459,90,369
S01012149,519,80,439
S01012150,439,67,372
S01012151,420,114,306
S01012152,487,136,351
S01012153,402,177,225
S01012154,573,269,304
S01012155,410,191,219
S01012156,398,144,254
S01012157,645,149,496
S01012158,746,133,613
S01012159,313,27,286
S01012160,427,36,391
S01012161,281,47,234
S01012162,568,116,452
S01012163,503,160,343
S01012164,743,70,673
S01012165,588,159,429
S01012166,420,90,330
S01012167,521,164,357
S01012168,508,59,449
S01012169,516,105,411
S01012170,551,139,412
S01012171,614,97,517
S01012172,428,89,339
S01012173,368,29,339
S01012174,604,33,571
S01012175,573,111,462
S01012176,618,84,534
S01012177,406,25,381
S01012178,360,19,341
S01012179,340,51,289
S01012180,307,35,272
S01012181,446,96,350
S01012182,751,103,648
S01012183,509,173,336
S01012184,406,125,281
S01012185,568,337,231
S01012186,404,64,340
S01012187,437,136,301
S01012188,327,36,291
S01012189,379,41,338
S01012190,353,30,323
S01012191,594,34,560
S01012192,316,16,300
S01012193,391,10,381
S01012194,369,18,351
S01012195,714,44,670
S01012196,384,34,350
S01012197,436,47,389
S01012198,570,103,467
S01012199,454,57,397
S01012200,387,47,340
S01012201,467,56,411
S01012202,358,34,324
S01012203,497,37,460
S01012204,578,21,557
S01012205,480,43,437
S01012206,560,37,523
S01012207,521,63,458
S01012208,612,87,525
S01012209,446,55,391
S01012210,413,65,348
S01012211,563,83,480
S01012212,488,25,463
S01012213,555,34,521
S01012214,406,21,385
S01012215,570,36,534
S01012216,459,38,421
S01012217,363,88,275
S01012218,290,78,212
S01012219,469,88,381
S01012220,384,131,253
S01012221,343,73,270
S01012222,474,109,365
S01012223,385,81,304
S01012224,458,66,392
S01012225,627,94,533
S01012226,431,41,390
S01012227,402,38,364
S01012228,437,21,416
S01012229,484,89,395
S01012230,586,65,521
S01012231,537,25,512
S01012232,542,34,508
S01012233,590,25,565
S01012234,700,45,655
S01012235,266,13,253
S01012236,362,57,305
S01012237,449,36,413
S01012238,377,88,289
S01012239,377,68,309
S01012240,483,71,412
S01012241,341,33,308
S01012242,465,22,443
S01012243,364,25,339
S01012244,549,35,514
S01012245,398,42,356
S01012246,459,24,435
S01012247,436,36,400
S01012248,510,49,461
S01012249,530,63,467
S01012250,409,53,356
S01012251,572,88,484
S01012252,432,71,361
S01012253,559,155,404
S01012254,515,79,436
S01012255,461,108,353
S01012256,522,23,499
S01012257,533,64,469
S01012258,415,18,397
S01012259,304,30,274
S01012260,469,37,432
S01012261,495,29,466
S01012262,503,68,435
S01012263,447,119,328
S01012264,275,47,228
S01012265,471,53,418
S01012266,609,98,511
S01012267,419,62,357
S01012268,391,51,340
S01012269,562,67,495
S01012270,449,66,383
S01012271,662,70,592
S01012272,440,48,392
S01012273,421,26,395
S01012274,627,107,520
S01012275,610,181,429
S01012276,618,139,479
S01012277,675,127,548
S01012278,456,165,291
S01012279,539,151,388
S01012280,605,75,530
S01012281,462,107,355
S01012282,501,71,430
S01012283,525,73,452
S01012284,474,128,346
S01012285,334,39,295
S01012286,690,110,580
S01012287,597,133,464
S01012288,476,106,370
S01012289,447,71,376
S01012290,314,53,261
S01012291,586,89,497
S01012292,336,46,290
S01012293,284,42,242
S01012294,567,67,500
S01012295,481,54,427
S01012296,551,45,506
S01012297,362,36,326
S01012298,486,61,425
S01012299,397,28,369
S01012300,384,49,335
S01012301,589,52,537
S01012302,356,48,308
S01012303,531,47,484
S01012304,566,63,503
S01012305,392,63,329
S01012306,301,60,241
S01012307,371,95,276
S01012308,516,34,482
S01012309,319,31,288
S01012310,527,79,448
S01012311,313,28,285
S01012312,627,75,552
S01012313,475,60,415
S01012314,484,48,436
S01012315,410,113,297
S01012316,359,61,298
S01012317,299,16,283
S01012318,519,51,468
S01012319,483,60,423
S01012320,405,25,380
S01012321,437,39,398
S01012322,579,63,516
S01012323,522,57,465
S01012324,478,61,417
S01012325,279,28,251
S01012326,313,92,221
S01012327,444,40,404
S01012328,276,49,227
S01012329,472,54,418
S01012330,330,39,291
S01012331,389,40,349
S01012332,595,71,524
S01012333,572,63,509
S01012334,446,48,398
S01012335,626,59,567
S01012336,320,29,291
S01012337,482,97,385
S01012338,389,113,276
S01012339,339,114,225
S01012340,565,70,495
S01012341,603,66,537
S01012342,526,59,467
S01012343,610,81,529
S01012344,385,84,301
S01012345,417,54,363
S01012346,481,79,402
S01012347,443,42,401
S01012348,375,40,335
S01012349,531,48,483
S01012350,417,44,373
S01012351,502,53,449
S01012352,427,71,356
S01012353,462,153,309
S01012354,415,61,354
S01012355,547,68,479
S01012356,365,51,314
S01012357,520,37,483
S01012358,483,43,440
S01012359,468,73,395
S01012360,468,67,401
S01012361,383,49,334
S01012362,483,41,442
S01012363,603,210,393
S01012364,426,111,315
S01012365,558,84,474
S01012366,522,158,364
S01012367,544,57,487
S01012368,337,31,306
S01012369,501,52,449
S01012370,559,124,435
S01012371,534,152,382
S01012372,435,151,284
S01012373,609,118,491
S01012374,557,46,511
S01012375,554,67,487
S01012376,591,70,521
S01012377,425,72,353
S01012378,354,34,320
S01012379,309,30,279
S01012380,572,110,462
S01012381,440,86,354
S01012382,593,71,522
S01012383,466,80,386
S01012384,313,62,251
S01012385,471,97,374
S01012386,594,104,490
S01012387,560,61,499
S01012388,432,62,370
S01012389,541,63,478
S01012390,490,54,436
S01012391,647,68,579
S01012392,479,76,403
S01012393,577,63,514
S01012394,401,62,339
S01012395,363,53,310
S01012396,387,84,303
S01012397,482,92,390
S01012398,583,115,468
S01012399,373,50,323
S01012400,392,81,311
S01012401,530,156,374
S01012402,299,35,264
S01012403,701,67,634
S01012404,633,107,526
S01012405,449,41,408
S01012406,378,46,332
S01012407,498,53,445
S01012408,369,42,327
S01012409,406,67,339
S01012410,675,75,600
S01012411,615,98,517
S01012412,410,49,361
S01012413,549,56,493
S01012414,404,73,331
S01012415,321,22,299
S01012416,309,25,284
S01012417,344,48,296
S01012418,458,40,418
S01012419,429,27,402
S01012420,501,39,462
S01012421,421,44,377
S01012422,513,72,441
S01012423,511,41,470
S01012424,569,68,501
S01012425,345,67,278
S01012426,281,61,220
S01012427,388,58,330
S01012428,388,32,356
S01012429,309,57,252
S01012430,324,55,269
S01012431,482,59,423
S01012432,380,55,325
S01012433,302,64,238
S01012434,429,82,347
S01012435,404,83,321
S01012436,454,94,360
S01012437,453,59,394
S01012438,435,30,405
S01012439,461,68,393
S01012440,334,28,306
S01012441,579,41,538
S01012442,586,79,507
S01012443,471,38,433
S01012444,406,30,376
S01012445,330,13,317
S01012446,311,68,243
S01012447,524,36,488
S01012448,552,48,504
S01012449,378,40,338
S01012450,523,41,482
S01012451,414,30,384
S01012452,303,44,259
S01012453,472,15,457
S01012454,332,24,308
S01012455,325,16,309
S01012456,402,17,385
S01012457,457,24,433
S01012458,425,23,402
S01012459,449,17,432
S01012460,300,16,284
S01012461,316,45,271
S01012462,466,89,377
S01012463,375,56,319
S01012464,422,43,379
S01012465,457,33,424
S01012466,460,46,414
S01012467,407,45,362
S01012468,448,42,406
S01012469,436,27,409
S01012470,563,109,454
S01012471,439,28,411
S01012472,352,21,331
S01012473,337,18,319
S01012474,414,71,343
S01012475,349,36,313
S01012476,550,57,493
S01012477,433,32,401
S01012478,510,49,461
S01012479,451,21,430
S01012480,393,152,241
S01012481,556,157,399
S01012482,393,88,305
S01012483,597,236,361
S01012484,445,83,362
S01012485,463,74,389
S01012486,237,31,206
S01012487,413,91,322
S01012488,578,122,456
S01012489,690,230,460
S01012490,671,259,412
S01012491,303,102,201
S01012492,533,211,322
S01012493,346,100,246
S01012494,493,56,437
S01012495,648,116,532
S01012496,468,31,437
S01012497,316,51,265
S01012498,494,72,422
S01012499,430,45,385
S01012500,296,62,234
S01012501,372,53,319
S01012502,507,80,427
S01012503,383,75,308
S01012504,372,54,318
S01012505,646,134,512
S01012506,277,50,227
S01012507,600,105,495
S01012508,490,111,379
S01012509,325,43,282
S01012510,553,71,482
S01012511,425,83,342
S01012512,411,57,354
S01012513,355,36,319
S01012514,661,71,590
S01012515,359,70,289
S01012516,376,39,337
S01012517,541,106,435
S01012518,329,60,269
S01012519,301,65,236
S01012520,452,27,425
S01012521,316,74,242
S01012522,500,36,464
S01012523,520,43,477
S01012524,454,79,375
S01012525,468,59,409
S01012526,437,22,415
S01012527,364,37,327
S01012528,510,60,450
S01012529,448,72,376
S01012530,474,39,435
S01012531,466,56,410
S01012532,486,44,442
S01012533,327,68,259
S01012534,340,65,275
S01012535,513,56,457
S01012536,466,47,419
S01012537,445,55,390
S01012538,637,81,556
S01012539,432,50,382
S01012540,430,46,384
S01012541,664,70,594
S01012542,496,45,451
S01012543,438,32,406
S01012544,479,57,422
S01012545,290,26,264
S01012546,509,33,476
S01012547,424,30,394
S01012548,483,62,421
S01012549,346,53,293
S01012550,498,35,463
S01012551,509,28,481
S01012552,568,21,547
S01012553,564,67,497
S01012554,288,27,261
S01012555,356,27,329
S01012556,353,12,341
S01012557,355,14,341
S01012558,392,72,320
S01012559,435,139,296
S01012560,274,36,238
S01012561,434,70,364
S01012562,489,142,347
S01012563,347,14,333
S01012564,457,39,418
S01012565,409,53,356
S01012566,454,164,290
S01012567,659,176,483
S01012568,324,41,283
S01012569,397,30,367
S01012570,306,29,277
S01012571,522,63,459
S01012572,327,38,289
S01012573,539,31,508
S01012574,525,38,487
S01012575,389,46,343
S01012576,437,90,347
S01012577,452,55,397
S01012578,508,71,437
S01012579,443,44,399
S01012580,507,64,443
S01012581,459,58,401
S01012582,584,56,528
S01012583,454,72,382
S01012584,453,45,408
S01012585,500,98,402
S01012586,532,41,491
S01012587,571,31,540
S01012588,411,30,381
S01012589,437,36,401
S01012590,493,80,413
S01012591,414,84,330
S01012592,368,29,339
S01012593,556,44,512
S01012594,292,34,258
S01012595,406,59,347
S01012596,484,65,419
S01012597,305,16,289
S01012598,456,51,405
S01012599,415,78,337
S01012600,501,62,439
S01012601,589,47,542
S01012602,362,110,252
S01012603,435,101,334
S01012604,404,33,371
S01012605,295,36,259
S01012606,520,11,509
S01012607,501,50,451
S01012608,506,57,449
S01012609,515,77,438
S01012610,583,102,481
S01012611,533,56,477
S01012612,449,30,419
S01012613,437,44,393
S01012614,662,77,585
S01012615,402,55,347
S01012616,562,35,527
S01012617,260,12,248
S01012618,371,27,344
S01012619,328,89,239
S01012620,443,33,410
S01012621,324,45,279
S01012622,444,79,365
S01012623,423,84,339
S01012624,439,66,373
S01012625,344,74,270
S01012626,304,35,269
S01012627,334,56,278
S01012628,569,37,532
S01012629,294,28,266
S01012630,478,141,337
S01012631,592,129,463
S01012632,462,56,406
S01012633,433,38,395
S01012634,417,76,341
S01012635,667,51,616
S01012636,389,29,360
S01012637,513,64,449
S01012638,510,65,445
S01012639,512,46,466
S01012640,580,94,486
S01012641,534,75,459
S01012642,484,82,402
S01012643,283,24,259
S01012644,408,48,360
S01012645,472,80,392
S01012646,602,80,522
S01012647,502,38,464
S01012648,330,34,296
S01012649,386,43,343
S01012650,388,50,338
S01012651,384,80,304
S01012652,707,51,656
S01012653,596,73,523
S01012654,485,80,405
S01012655,661,84,577
S01012656,489,96,393
S01012657,322,63,259
S01012658,606,63,543
S01012659,675,32,643
S01012660,457,57,400
S01012661,495,56,439
S01012662,449,66,383
S01012663,423,38,385
S01012664,570,133,437
S01012665,419,77,342
S01012666,400,76,324
S01012667,349,68,281
S01012668,470,76,394
S01012669,457,21,436
S01012670,419,22,397
S01012671,563,63,500
S01012672,450,96,354
S01012673,385,36,349
S01012674,350,44,306
S01012675,512,80,432
S01012676,516,35,481
S01012677,368,47,321
S01012678,475,26,449
S01012679,480,69,411
S01012680,345,18,327
S01012681,421,57,364
S01012682,406,38,368
S01012683,516,75,441
S01012684,324,51,273
S01012685,497,58,439
S01012686,592,88,504
S01012687,252,18,234
S01012688,479,141,338
S01012689,293,11,282
S01012690,326,18,308
S01012691,436,36,400
S01012692,434,44,390
S01012693,578,24,554
S01012694,275,27,248
S01012695,518,33,485
S01012696,437,38,399
S01012697,304,20,284
S01012698,478,54,424
S01012699,658,50,608
S01012700,486,45,441
S01012701,324,16,308
S01012702,391,47,344
S01012703,415,20,395
S01012704,482,66,416
S01012705,515,22,493
S01012706,448,53,395
S01012707,594,30,564
S01012708,450,65,385
S01012709,300,48,252
S01012710,443,86,357
S01012711,510,172,338
S01012712,467,18,449
S01012713,413,44,369
S01012714,329,28,301
S01012715,449,146,303
S01012716,473,61,412
S01012717,590,188,402
S01012718,620,133,487
S01012719,540,176,364
S01012720,401,172,229
S01012721,385,36,349
S01012722,468,164,304
S01012723,427,119,308
S01012724,457,125,332
S01012725,604,209,395
S01012726,336,40,296
S01012727,435,65,370
S01012728,485,85,400
S01012729,539,51,488
S01012730,366,80,286
S01012731,476,53,423
S01012732,433,53,380
S01012733,704,43,661
S01012734,390,11,379
S01012735,279,38,241
S01012736,623,60,563
S01012737,536,61,475
S01012738,397,47,350
S01012739,584,32,552
S01012740,586,38,548
S01012741,433,84,349
S01012742,459,20,439
S01012743,375,21,354
S01012744,494,46,448
S01012745,428,29,399
S01012746,538,48,490
S01012747,529,52,477
S01012748,514,83,431
S01012749,571,97,474
S01012750,521,80,441
S01012751,472,107,365
S01012752,558,91,467
S01012753,313,63,250
S01012754,356,50,306
S01012755,313,90,223
S01012756,279,46,233
S01012757,293,53,240
S01012758,390,60,330
S01012759,455,92,363
S01012760,587,94,493
S01012761,502,99,403
S01012762,434,44,390
S01012763,269,26,243
S01012764,479,76,403
S01012765,455,45,410
S01012766,575,58,517
S01012767,381,15,366
S01012768,494,24,470
S01012769,295,23,272
S01012770,522,88,434
S01012771,460,105,355
S01012772,430,48,382
S01012773,550,65,485
S01012774,596,122,474
S01012775,270,62,208
S01012776,505,90,415
S01012777,645,67,578
S01012778,474,51,423
S01012779,297,62,235
S01012780,444,86,358
S01012781,431,65,366
S01012782,397,90,307
S01012783,458,77,381
S01012784,512,125,387
S01012785,451,119,332
S01012786,479,191,288
S01012787,400,68,332
S01012788,415,56,359
S01012789,469,69,400
S01012790,400,73,327
S01012791,398,42,356
S01012792,547,169,378
S01012793,435,143,292
S01012794,428,169,259
S01012795,628,70,558
S01012796,519,80,439
S01012797,464,44,420
S01012798,441,68,373
S01012799,451,89,362
S01012800,556,101,455
S01012801,229,66,163
S01012802,402,18,384
S01012803,445,28,417
S01012804,471,91,380
S01012805,568,64,504
S01012806,457,60,397
S01012807,378,27,351
S01012808,622,77,545
S01012809,419,143,276
S01012810,553,175,378
S01012811,446,45,401
S01012812,467,59,408
S01012813,531,42,489
S01012814,569,60,509
S01012815,590,55,535
S01012816,379,50,329
S01012817,352,17,335
S01012818,539,18,521
S01012819,449,92,357
S01012820,728,41,687
S01012821,509,38,471
S01012822,314,91,223
S01012823,564,39,525
S01012824,428,54,374
S01012825,318,93,225
S01012826,386,60,326
S01012827,447,34,413
S01012828,432,60,372
S01012829,514,66,448
S01012830,440,63,377
S01012831,372,70,302
S01012832,343,36,307
S01012833,433,71,362
S01012834,408,74,334
S01012835,531,93,438
S01012836,455,19,436
S01012837,492,195,297
S01012838,637,259,378
S01012839,490,64,426
S01012840,535,42,493
S01012841,414,39,375
S01012842,347,28,319
S01012843,573,37,536
S01012844,462,24,438
S01012845,430,50,380
S01012846,554,171,383
S01012847,339,39,300
S01012848,479,31,448
S01012849,473,98,375
S01012850,422,55,367
S01012851,492,54,438
S01012852,445,41,404
S01012853,474,37,437
S01012854,570,90,480
S01012855,479,87,392
S01012856,419,134,285
S01012857,463,142,321
S01012858,490,180,310
S01012859,711,194,517
S01012860,469,54,415
S01012861,462,69,393
S01012862,382,156,226
S01012863,479,233,246
S01012864,552,222,330
S01012865,442,65,377
S01012866,505,98,407
S01012867,445,110,335
S01012868,378,121,257
S01012869,350,85,265
S01012870,588,95,493
S01012871,534,72,462
S01012872,477,66,411
S01012873,555,53,502
S01012874,485,113,372
S01012875,391,76,315
S01012876,457,72,385
S01012877,443,46,397
S01012878,623,55,568
S01012879,443,53,390
S01012880,523,41,482
S01012881,480,60,420
S01012882,374,76,298
S01012883,381,141,240
S01012884,294,61,233
S01012885,303,120,183
S01012886,472,30,442
S01012887,429,69,360
S01012888,473,31,442
S01012889,593,55,538
S01012890,439,62,377
S01012891,328,56,272
S01012892,701,150,551
S01012893,441,83,358
S01012894,513,40,473
S01012895,347,32,315
S01012896,519,156,363
S01012897,396,43,353
S01012898,374,14,360
S01012899,361,126,235
S01012900,358,30,328
S01012901,440,104,336
S01012902,491,100,391
S01012903,516,122,394
S01012904,500,76,424
S01012905,401,79,322
S01012906,600,139,461
S01012907,499,110,389
S01012908,418,94,324
S01012909,338,86,252
S01012910,543,182,361
S01012911,435,59,376
S01012912,380,80,300
S01012913,509,74,435
S01012914,562,108,454
S01012915,662,94,568
S01012916,377,90,287
S01012917,440,14,426
S01012918,303,78,225
S01012919,244,33,211
S01012920,330,34,296
S01012921,413,76,337
S01012922,600,90,510
S01012923,447,60,387
S01012924,324,75,249
S01012925,305,22,283
S01012926,462,92,370
S01012927,465,75,390
S01012928,485,47,438
S01012929,416,54,362
S01012930,474,167,307
S01012931,540,101,439
S01012932,314,27,287
S01012933,494,66,428
S01012934,403,82,321
S01012935,524,41,483
S01012936,444,79,365
S01012937,451,75,376
S01012938,407,31,376
S01012939,401,17,384
S01012940,481,29,452
S01012941,524,23,501
S01012942,480,70,410
S01012943,468,37,431
S01012944,301,26,275
S01012945,474,24,450
S01012946,579,55,524
S01012947,316,8,308
S01012948,471,20,451
S01012949,486,47,439
S01012950,597,15,582
S01012951,608,18,590
S01012952,366,27,339
S01012953,476,57,419
S01012954,336,13,323
S01012955,601,69,532
S01012956,515,109,406
S01012957,385,72,313
S01012958,360,32,328
S01012959,406,45,361
S01012960,411,17,394
S01012961,353,26,327
S01012962,430,12,418
S01012963,539,26,513
S01012964,408,18,390
S01012965,414,46,368
S01012966,451,39,412
S01012967,334,37,297
S01012968,441,54,387
S01012969,412,58,354
S01012970,389,27,362
S01012971,539,33,506
S01012972,486,50,436
S01012973,476,39,437
S01012974,562,99,463
S01012975,351,28,323
S01012976,312,33,279
S01012977,461,52,409
S01012978,515,70,445
S01012979,409,25,384
S01012980,418,87,331
S01012981,505,97,408
S01012982,508,98,410
S01012983,449,49,400
S01012984,402,51,351
S01012985,488,47,441
S01012986,487,130,357
S01012987,435,68,367
S01012988,497,98,399
S01012989,558,75,483
S01012990,363,63,300
S01012991,477,51,426
S01012992,457,83,374
S01012993,422,109,313
S01012994,574,183,391
S01012995,550,54,496
S01012996,480,32,448
S01012997,275,27,248
S01012998,677,57,620
S01012999,300,46,254
S01013000,387,78,309
S01013001,230,18,212
S01013002,281,27,254
S01013003,350,10,340
S01013004,383,27,356
S01013005,405,29,376
S01013006,370,26,344
S01013007,484,46,438
S01013008,443,41,402
S01013009,333,43,290
S01013010,354,32,322
S01013011,399,25,374
S01013012,392,56,336
S01013013,419,25,394
S01013014,424,52,372
S01013015,424,38,386
S01013016,375,27,348
S01013017,467,45,422
S01013018,556,50,506
S01013019,547,50,497
S01013020,273,28,245
S01013021,285,22,263
S01013022,275,36,239
S01013023,508,18,490
S01013024,294,26,268
S01013025,340,35,305
S01013026,637,90,547
S01013027,605,68,537
S01013028,317,28,289
S01013029,333,51,282
S01013030,396,22,374
S01013031,406,87,319
S01013032,531,58,473
S01013033,453,52,401
S01013034,440,38,402
S01013035,425,62,363
S01013036,504,32,472
S01013037,481,40,441
S01013038,595,81,514
S01013039,366,14,352
S01013040,374,69,305
S01013041,389,55,334
S01013042,541,45,496
S01013043,431,45,386
S01013044,500,41,459
S01013045,439,47,392
S01013046,308,30,278
S01013047,611,49,562
S01013048,576,140,436
S01013049,530,72,458
S01013050,485,93,392
S01013051,568,62,506
S01013052,434,78,356
S01013053,392,105,287
S01013054,414,43,371
S01013055,429,69,360
S01013056,546,88,458
S01013057,524,80,444
S01013058,390,22,368
S01013059,401,72,329
S01013060,302,44,258
S01013061,421,39,382
S01013062,466,72,394
S01013063,468,62,406
S01013064,487,50,437
S01013065,553,95,458
S01013066,474,117,357
S01013067,733,126,607
S01013068,585,151,434
S01013069,622,116,506
S01013070,444,107,337
S01013071,680,100,580
S01013072,343,41,302
S01013073,531,98,433
S01013074,437,82,355
S01013075,522,162,360
S01013076,322,25,297
S01013077,410,49,361
S01013078,372,76,296
S01013079,677,55,622
S01013080,547,48,499
S01013081,403,29,374
S01013082,536,65,471
S01013083,276,19,257
S01013084,421,14,407
S01013085,259,32,227
S01013086,585,138,447
S01013087,455,54,401
S01013088,514,37,477
S01013089,449,55,394
S01013090,602,68,534
S01013091,399,94,305
S01013092,606,123,483
S01013093,264,41,223
S01013094,331,16,315
S01013095,516,10,506
S01013096,292,39,253
S01013097,402,36,366
S01013098,376,6,370
S01013099,520,105,415
S01013100,294,26,268
S01013101,586,111,475
S01013102,305,29,276
S01013103,496,12,484
S01013104,571,37,534
S01013105,514,60,454
S01013106,464,62,402
S01013107,390,26,364
S01013108,352,42,310
S01013109,633,52,581
S01013110,346,40,306
S01013111,252,30,222
S01013112,390,42,348
S01013113,452,46,406
S01013114,465,51,414
S01013115,341,84,257
S01013116,394,34,360
S01013117,390,54,336
S01013118,281,28,253
S01013119,448,56,392
S01013120,553,92,461
S01013121,211,22,189
S01013122,402,153,249
S01013123,497,163,334
S01013124,447,74,373
S01013125,467,88,379
S01013126,493,94,399
S01013127,487,101,386
S01013128,476,274,202
S01013129,712,155,557
S01013130,456,115,341
S01013131,429,105,324
S01013132,378,102,276
S01013133,526,195,331
S01013134,502,77,425
S01013135,489,147,342
S01013136,541,60,481
S01013137,449,40,409
S01013138,443,108,335
S01013139,529,104,425
S01013140,479,65,414
S01013141,372,77,295
S01013142,476,154,322
S01013143,525,83,442
S01013144,528,67,461
S01013145,434,69,365
S01013146,267,25,242
S01013147,423,37,386
S01013148,474,92,382
S01013149,529,103,426
S01013150,500,70,430
S01013151,367,52,315
S01013152,541,60,481
S01013153,535,108,427
S01013154,616,104,512
S01013155,591,121,470
S01013156,535,78,457
S01013157,614,117,497
S01013158,350,19,331
S01013159,454,43,411
S01013160,459,15,444
S01013161,651,126,525
S01013162,476,108,368
S01013163,469,15,454
S01013164,650,143,507
S01013165,530,59,471
S01013166,440,183,257
S01013167,466,187,279
S01013168,525,93,432
S01013169,491,98,393
S01013170,330,72,258
S01013171,424,38,386
S01013172,477,60,417
S01013173,536,86,450
S01013174,536,29,507
S01013175,544,50,494
S01013176,477,125,352
S01013177,408,78,330
S01013178,472,82,390
S01013179,543,77,466
S01013180,313,24,289
S01013181,463,33,430
S01013182,442,75,367
S01013183,574,50,524
S01013184,380,99,281
S01013185,469,79,390
S01013186,433,64,369
S01013187,527,105,422
S01013188,572,42,530
S01013189,389,18,371
S01013190,500,75,425
S01013191,699,31,668
S01013192,576,88,488
S01013193,435,117,318
S01013194,415,125,290
S01013195,683,241,442
S01013196,450,147,303
S01013197,331,37,294
S01013198,491,88,403
S01013199,555,109,446
S01013200,433,61,372
S01013201,486,148,338
S01013202,355,63,292
S01013203,460,113,347
S01013204,536,67,469
S01013205,370,49,321
S01013206,408,77,331
S01013207,493,117,376
S01013208,624,150,474
S01013209,524,121,403
S01013210,394,48,346
S01013211,589,97,492
S01013212,429,12,417
S01013213,387,16,371
S01013214,313,18,295
S01013215,563,134,429
S01013216,381,46,335
S01013217,448,45,403
S01013218,380,51,329
S01013219,363,41,322
S01013220,393,73,320
S01013221,555,72,483
S01013222,369,94,275
S01013223,653,184,469
S01013224,562,99,463
S01013225,502,53,449
S01013226,349,42,307
S01013227,423,105,318
S01013228,497,192,305
S01013229,484,90,394
S01013230,373,53,320
S01013231,477,95,382
S01013232,425,63,362
S01013233,370,32,338
S01013234,269,7,262
S01013235,501,94,407
S01013236,518,52,466
S01013237,541,85,456
S01013238,488,117,371
S01013239,562,108,454
S01013240,359,74,285
S01013241,550,27,523
S01013242,356,14,342
S01013243,486,79,407
S01013244,426,68,358
S01013245,635,54,581
S01013246,305,23,282
S01013247,475,88,387
S01013248,397,76,321
S01013249,294,36,258
S01013250,569,41,528
S01013251,470,70,400
S01013252,437,57,380
S01013253,440,56,384
S01013254,386,73,313
S01013255,527,51,476
S01013256,423,62,361
S01013257,468,89,379
S01013258,493,36,457
S01013259,510,54,456
S01013260,554,79,475
S01013261,497,61,436
S01013262,411,51,360
S01013263,341,11,330
S01013264,334,9,325
S01013265,438,8,430
S01013266,371,15,356
S01013267,343,48,295
S01013268,538,48,490
S01013269,653,60,593
S01013270,525,27,498
S01013271,377,12,365
S01013272,498,18,480
S01013273,579,14,565
S01013274,553,62,491
S01013275,441,30,411
S01013276,438,31,407
S01013277,578,43,535
S01013278,485,64,421
S01013279,442,54,388
S01013280,345,24,321
S01013281,562,48,514
S01013282,560,90,470
S01013283,487,95,392
S01013284,460,80,380
S01013285,454,42,412
S01013286,467,54,413
S01013287,553,30,523
S01013288,399,64,335
S01013289,452,37,415
S01013290,582,67,515
S01013291,473,33,440
S01013292,518,31,487
S01013293,473,33,440
S01013294,498,58,440
S01013295,535,78,457
S01013296,444,48,396
S01013297,427,56,371
S01013298,387,53,334
S01013299,650,66,584
S01013300,358,53,305
S01013301,306,34,272
S01013302,411,54,357
S01013303,533,36,497
S01013304,620,123,497
S01013305,635,92,543
S01013306,629,197,432
S01013307,699,100,599
S01013308,566,81,485
S01013309,416,41,375
S01013310,411,21,390
S01013311,516,46,470
S01013312,665,145,520
S01013313,421,49,372
S01013314,399,53,346
S01013315,351,6,345
S01013316,400,27,373
S01013317,354,58,296
S01013318,415,39,376
S01013319,372,25,347
S01013320,683,45,638
S01013321,282,59,223
S01013322,475,30,445
S01013323,638,99,539
S01013324,412,64,348
S01013325,537,54,483
S01013326,354,35,319
S01013327,458,32,426
S01013328,409,35,374
S01013329,339,36,303
S01013330,756,89,667
S01013331,452,43,409
S01013332,411,46,365
S01013333,544,49,495
S01013334,493,50,443
S01013335,502,39,463
S01013336,579,80,499
S01013337,603,44,559
S01013338,341,8,333
S01013339,398,33,365
S01013340,556,40,516
S01013341,626,80,546
S01013342,395,67,328
S01013343,436,50,386
S01013344,463,64,399
S01013345,480,41,439
S01013346,555,19,536
S01013347,497,106,391
S01013348,310,20,290
S01013349,586,113,473
S01013350,445,42,403
S01013351,525,45,480
S01013352,580,46,534
S01013353,428,65,363
S01013354,451,50,401
S01013355,389,35,354
S01013356,467,66,401
S01013357,523,52,471
S01013358,478,56,422
S01013359,373,70,303
S01013360,417,48,369
S01013361,370,80,290
S01013362,267,30,237
S01013363,471,124,347
S01013364,567,56,511
S01013365,534,76,458
S01013366,590,50,540
S01013367,398,29,369
S01013368,460,31,429
S01013369,515,65,450
S01013370,371,101,270
S01013371,330,45,285
S01013372,670,113,557
S01013373,553,113,440
S01013374,554,97,457
S01013375,333,43,290
S01013376,340,46,294
S01013377,445,69,376
S01013378,614,72,542
S01013379,560,44,516
S01013380,60,2,58
S01013381,286,30,256
S01013382,361,32,329
S01013383,397,75,322
S01013384,443,59,384
S01013385,307,38,269
S01013386,541,39,502
S01013387,346,33,313
S01013388,396,77,319
S01013389,504,84,420
S01013390,300,49,251
S01013391,275,13,262
S01013392,509,28,481
S01013393,428,60,368
S01013394,422,61,361
S01013395,448,113,335
S01013396,484,27,457
S01013397,555,67,488
S01013398,401,10,391
S01013399,682,55,627
S01013400,445,93,352
S01013401,585,57,528
S01013402,744,100,644
S01013403,589,58,531
S01013404,387,36,351
S01013405,389,63,326
S01013406,386,46,340
S01013407,323,60,263
S01013408,355,46,309
S01013409,695,80,615
S01013410,422,69,353
S01013411,486,88,398
S01013412,536,93,443
S01013413,464,39,425
S01013414,494,135,359
S01013415,402,135,267
S01013416,381,72,309
S01013417,572,167,405
S01013418,411,39,372
S01013419,302,23,279
S01013420,368,68,300
S01013421,514,36,478
S01013422,448,31,417
S01013423,520,39,481
S01013424,312,23,289
S01013425,276,46,230
S01013426,504,63,441
S01013427,307,27,280
S01013428,611,63,548
S01013429,459,57,402
S01013430,447,26,421
S01013431,413,54,359
S01013432,472,51,421
S01013433,447,27,420
S01013434,343,23,320
S01013435,427,16,411
S01013436,521,45,476
S01013437,459,86,373
S01013438,357,60,297
S01013439,520,11,509
S01013440,615,18,597
S01013441,460,44,416
S01013442,523,62,461
S01013443,387,70,317
S01013444,611,132,479
S01013445,349,13,336
S01013446,418,38,380
S01013447,390,15,375
S01013448,455,67,388
S01013449,408,43,365
S01013450,399,49,350
S01013451,580,25,555
S01013452,499,41,458
S01013453,472,60,412
S01013454,477,44,433
S01013455,353,58,295
S01013456,480,76,404
S01013457,548,49,499
S01013458,463,96,367
S01013459,523,110,413
S01013460,495,60,435
S01013461,704,78,626
S01013462,589,70,519
S01013463,369,25,344
S01013464,436,39,397
S01013465,402,64,338
S01013466,188,13,175
S01013467,573,33,540
S01013468,368,89,279
S01013469,451,36,415
S01013470,472,65,407
S01013471,590,54,536
S01013472,408,24,384
S01013473,433,11,422
S01013474,402,31,371
S01013475,399,32,367
S01013476,387,39,348
S01013477,396,75,321
S01013478,582,95,487
S01013479,485,124,361
S01013480,380,31,349
S01013481,276,25,251
