,All household spaces,Occupied household spaces,Unoccupied household spaces,Unoccupied household spaces: Second residence/holiday accommodation,Unoccupied household spaces: Vacant
S92000003,2473881,2372777,101104,36642,64462
S01006506,452,424,28,9,19
S01006507,365,364,1,0,1
S01006508,351,340,11,5,6
S01006509,282,274,8,0,8
S01006510,268,256,12,4,8
S01006511,318,315,3,1,2
S01006512,179,170,9,2,7
S01006513,259,230,29,0,29
S01006514,351,339,12,2,10
S01006515,283,271,12,0,12
S01006516,195,185,10,2,8
S01006517,419,403,16,1,15
S01006518,254,247,7,1,6
S01006519,286,281,5,1,4
S01006520,228,222,6,1,5
S01006521,264,243,21,7,14
S01006522,223,218,5,2,3
S01006523,448,427,21,10,11
S01006524,344,314,30,5,25
S01006525,346,339,7,0,7
S01006526,451,439,12,6,6
S01006527,294,286,8,6,2
S01006528,459,433,26,22,4
S01006529,522,496,26,11,15
S01006530,361,356,5,1,4
S01006531,434,429,5,0,5
S01006532,346,337,9,0,9
S01006533,319,305,14,0,14
S01006534,413,398,15,6,9
S01006535,580,564,16,2,14
S01006536,612,589,23,19,4
S01006537,367,341,26,8,18
S01006538,247,240,7,4,3
S01006539,343,330,13,0,13
S01006540,508,451,57,6,51
S01006541,408,392,16,1,15
S01006542,519,496,23,14,9
S01006543,371,363,8,0,8
S01006544,630,507,123,31,92
S01006545,618,586,32,16,16
S01006546,274,262,12,7,5
S01006547,455,442,13,0,13
S01006548,316,312,4,2,2
S01006549,388,366,22,5,17
S01006550,400,389,11,4,7
S01006551,408,392,16,10,6
S01006552,432,417,15,10,5
S01006553,410,407,3,0,3
S01006554,350,330,20,15,5
S01006555,386,374,12,1,11
S01006556,417,399,18,6,12
S01006557,354,338,16,10,6
S01006558,363,354,9,3,6
S01006559,282,272,10,7,3
S01006560,451,432,19,8,11
S01006561,327,323,4,1,3
S01006562,344,334,10,4,6
S01006563,383,366,17,1,16
S01006564,594,578,16,1,15
S01006565,595,565,30,4,26
S01006566,447,437,10,2,8
S01006567,571,552,19,3,16
S01006568,603,575,28,4,24
S01006569,319,311,8,2,6
S01006570,385,371,14,7,7
S01006571,460,427,33,20,13
S01006572,404,374,30,7,23
S01006573,311,290,21,18,3
S01006574,468,427,41,30,11
S01006575,413,399,14,4,10
S01006576,338,325,13,0,13
S01006577,457,430,27,15,12
S01006578,663,633,30,5,25
S01006579,660,640,20,5,15
S01006580,434,422,12,1,11
S01006581,419,402,17,6,11
S01006582,508,466,42,29,13
S01006583,427,404,23,17,6
S01006584,380,354,26,15,11
S01006585,518,465,53,45,8
S01006586,690,650,40,13,27
S01006587,346,318,28,12,16
S01006588,351,338,13,4,9
S01006589,384,367,17,6,11
S01006590,409,379,30,1,29
S01006591,376,367,9,3,6
S01006592,421,374,47,38,9
S01006593,437,411,26,22,4
S01006594,371,345,26,13,13
S01006595,585,555,30,15,15
S01006596,363,359,4,1,3
S01006597,356,352,4,2,2
S01006598,453,435,18,11,7
S01006599,509,499,10,4,6
S01006600,619,587,32,17,15
S01006601,587,572,15,2,13
S01006602,437,414,23,14,9
S01006603,409,385,24,18,6
S01006604,304,291,13,11,2
S01006605,432,409,23,20,3
S01006606,400,390,10,5,5
S01006607,390,385,5,4,1
S01006608,286,284,2,0,2
S01006609,497,490,7,0,7
S01006610,238,212,26,18,8
S01006611,432,425,7,0,7
S01006612,385,373,12,11,1
S01006613,264,259,5,4,1
S01006614,267,265,2,0,2
S01006615,274,270,4,0,4
S01006616,340,337,3,1,2
S01006617,303,297,6,2,4
S01006618,251,246,5,3,2
S01006619,382,372,10,7,3
S01006620,397,390,7,2,5
S01006621,246,235,11,4,7
S01006622,302,292,10,4,6
S01006623,409,359,50,31,19
S01006624,519,481,38,30,8
S01006625,295,288,7,4,3
S01006626,407,377,30,24,6
S01006627,540,511,29,13,16
S01006628,684,635,49,36,13
S01006629,348,315,33,26,7
S01006630,273,256,17,14,3
S01006631,533,493,40,27,13
S01006632,450,423,27,9,18
S01006633,305,288,17,16,1
S01006634,316,291,25,21,4
S01006635,300,289,11,5,6
S01006636,420,386,34,29,5
S01006637,443,413,30,15,15
S01006638,526,504,22,0,22
S01006639,634,592,42,21,21
S01006640,427,376,51,37,14
S01006641,661,602,59,46,13
S01006642,543,492,51,20,31
S01006643,448,419,29,16,13
S01006644,601,553,48,4,44
S01006645,414,393,21,17,4
S01006646,367,340,27,12,15
S01006647,365,341,24,17,7
S01006648,702,651,51,27,24
S01006649,602,583,19,9,10
S01006650,491,481,10,7,3
S01006651,406,382,24,18,6
S01006652,319,308,11,4,7
S01006653,304,296,8,3,5
S01006654,531,504,27,16,11
S01006655,348,334,14,9,5
S01006656,543,524,19,10,9
S01006657,306,286,20,17,3
S01006658,568,525,43,34,9
S01006659,308,287,21,13,8
S01006660,254,247,7,1,6
S01006661,306,301,5,0,5
S01006662,304,285,19,14,5
S01006663,248,245,3,1,2
S01006664,242,237,5,1,4
S01006665,324,316,8,1,7
S01006666,550,499,51,38,13
S01006667,463,447,16,9,7
S01006668,424,413,11,3,8
S01006669,454,444,10,8,2
S01006670,363,347,16,1,15
S01006671,243,233,10,7,3
S01006672,390,366,24,15,9
S01006673,371,367,4,2,2
S01006674,586,544,42,33,9
S01006675,351,315,36,29,7
S01006676,396,358,38,31,7
S01006677,440,398,42,36,6
S01006678,573,525,48,38,10
S01006679,320,315,5,0,5
S01006680,451,416,35,20,15
S01006681,482,464,18,9,9
S01006682,431,384,47,37,10
S01006683,424,370,54,42,12
S01006684,462,401,61,48,13
S01006685,448,427,21,11,10
S01006686,332,305,27,15,12
S01006687,437,419,18,9,9
S01006688,517,510,7,2,5
S01006689,346,288,58,32,26
S01006690,320,308,12,1,11
S01006691,280,271,9,5,4
S01006692,374,361,13,0,13
S01006693,505,497,8,0,8
S01006694,495,480,15,3,12
S01006695,353,346,7,6,1
S01006696,401,390,11,7,4
S01006697,465,435,30,25,5
S01006698,422,409,13,6,7
S01006699,216,209,7,4,3
S01006700,447,431,16,4,12
S01006701,345,321,24,16,8
S01006702,336,332,4,0,4
S01006703,315,301,14,9,5
S01006704,313,301,12,5,7
S01006705,374,364,10,7,3
S01006706,288,272,16,13,3
S01006707,350,311,39,34,5
S01006708,379,364,15,7,8
S01006709,382,376,6,1,5
S01006710,417,415,2,0,2
S01006711,531,511,20,17,3
S01006712,254,250,4,2,2
S01006713,433,420,13,10,3
S01006714,315,304,11,1,10
S01006715,225,218,7,3,4
S01006716,247,242,5,2,3
S01006717,453,445,8,2,6
S01006718,251,248,3,2,1
S01006719,352,350,2,0,2
S01006720,245,242,3,2,1
S01006721,393,386,7,3,4
S01006722,318,312,6,4,2
S01006723,284,283,1,0,1
S01006724,359,343,16,10,6
S01006725,271,265,6,4,2
S01006726,533,505,28,10,18
S01006727,424,395,29,19,10
S01006728,343,334,9,1,8
S01006729,382,349,33,5,28
S01006730,280,276,4,0,4
S01006731,263,257,6,4,2
S01006732,362,353,9,1,8
S01006733,316,309,7,2,5
S01006734,362,352,10,1,9
S01006735,247,245,2,0,2
S01006736,399,395,4,0,4
S01006737,276,265,11,1,10
S01006738,496,453,43,21,22
S01006739,337,309,28,2,26
S01006740,341,335,6,2,4
S01006741,344,342,2,1,1
S01006742,233,233,0,0,0
S01006743,280,271,9,4,5
S01006744,320,302,18,11,7
S01006745,424,409,15,5,10
S01006746,351,350,1,0,1
S01006747,369,368,1,0,1
S01006748,429,408,21,11,10
S01006749,424,419,5,0,5
S01006750,294,292,2,0,2
S01006751,245,241,4,1,3
S01006752,343,339,4,0,4
S01006753,416,410,6,1,5
S01006754,406,400,6,4,2
S01006755,305,289,16,4,12
S01006756,299,286,13,6,7
S01006757,350,343,7,3,4
S01006758,322,318,4,0,4
S01006759,253,251,2,1,1
S01006760,239,235,4,2,2
S01006761,342,334,8,4,4
S01006762,423,416,7,1,6
S01006763,347,334,13,0,13
S01006764,353,345,8,1,7
S01006765,281,273,8,1,7
S01006766,242,240,2,0,2
S01006767,287,283,4,1,3
S01006768,213,212,1,0,1
S01006769,399,392,7,2,5
S01006770,276,273,3,1,2
S01006771,151,150,1,0,1
S01006772,380,375,5,0,5
S01006773,255,255,0,0,0
S01006774,221,221,0,0,0
S01006775,326,319,7,1,6
S01006776,281,271,10,1,9
S01006777,263,262,1,1,0
S01006778,289,287,2,0,2
S01006779,305,293,12,2,10
S01006780,256,254,2,1,1
S01006781,298,295,3,0,3
S01006782,350,341,9,4,5
S01006783,305,299,6,5,1
S01006784,308,302,6,1,5
S01006785,224,223,1,0,1
S01006786,342,339,3,1,2
S01006787,287,281,6,0,6
S01006788,322,302,20,11,9
S01006789,407,290,117,103,14
S01006790,532,444,88,79,9
S01006791,332,253,79,77,2
S01006792,273,214,59,52,7
S01006793,351,245,106,82,24
S01006794,292,280,12,3,9
S01006795,333,319,14,4,10
S01006796,242,222,20,17,3
S01006797,292,243,49,37,12
S01006798,236,225,11,5,6
S01006799,415,403,12,0,12
S01006800,340,320,20,5,15
S01006801,370,353,17,3,14
S01006802,341,298,43,10,33
S01006803,316,313,3,1,2
S01006804,302,295,7,0,7
S01006805,463,442,21,2,19
S01006806,448,429,19,1,18
S01006807,275,243,32,12,20
S01006808,257,248,9,5,4
S01006809,370,354,16,4,12
S01006810,423,370,53,41,12
S01006811,446,430,16,6,10
S01006812,320,304,16,7,9
S01006813,350,322,28,15,13
S01006814,299,282,17,4,13
S01006815,294,285,9,2,7
S01006816,316,298,18,6,12
S01006817,275,261,14,2,12
S01006818,288,278,10,2,8
S01006819,323,313,10,3,7
S01006820,184,180,4,1,3
S01006821,235,229,6,2,4
S01006822,294,279,15,1,14
S01006823,311,302,9,1,8
S01006824,374,367,7,2,5
S01006825,335,333,2,1,1
S01006826,345,344,1,1,0
S01006827,426,419,7,1,6
S01006828,516,485,31,11,20
S01006829,139,139,0,0,0
S01006830,303,301,2,0,2
S01006831,222,221,1,0,1
S01006832,432,424,8,2,6
S01006833,181,175,6,3,3
S01006834,163,163,0,0,0
S01006835,501,478,23,5,18
S01006836,223,210,13,1,12
S01006837,230,230,0,0,0
S01006838,250,249,1,0,1
S01006839,460,450,10,1,9
S01006840,374,366,8,0,8
S01006841,348,344,4,0,4
S01006842,310,308,2,0,2
S01006843,315,312,3,0,3
S01006844,335,332,3,0,3
S01006845,371,366,5,1,4
S01006846,242,240,2,0,2
S01006847,240,238,2,0,2
S01006848,381,364,17,1,16
S01006849,363,355,8,0,8
S01006850,369,365,4,0,4
S01006851,339,337,2,0,2
S01006852,237,229,8,3,5
S01006853,329,318,11,1,10
S01006854,371,364,7,2,5
S01006855,310,294,16,7,9
S01006856,265,254,11,0,11
S01006857,418,398,20,3,17
S01006858,249,240,9,2,7
S01006859,426,421,5,2,3
S01006860,270,264,6,0,6
S01006861,196,195,1,0,1
S01006862,316,312,4,0,4
S01006863,303,295,8,1,7
S01006864,170,165,5,1,4
S01006865,456,424,32,10,22
S01006866,222,220,2,1,1
S01006867,302,293,9,0,9
S01006868,368,364,4,0,4
S01006869,205,197,8,5,3
S01006870,200,196,4,0,4
S01006871,271,265,6,1,5
S01006872,258,252,6,1,5
S01006873,493,426,67,50,17
S01006874,224,216,8,6,2
S01006875,340,321,19,17,2
S01006876,413,396,17,17,0
S01006877,403,372,31,26,5
S01006878,373,322,51,50,1
S01006879,380,322,58,49,9
S01006880,234,227,7,1,6
S01006881,238,227,11,3,8
S01006882,212,207,5,0,5
S01006883,228,217,11,1,10
S01006884,405,390,15,2,13
S01006885,232,220,12,4,8
S01006886,342,321,21,5,16
S01006887,218,213,5,3,2
S01006888,322,309,13,4,9
S01006889,351,350,1,0,1
S01006890,267,264,3,3,0
S01006891,410,400,10,0,10
S01006892,280,275,5,0,5
S01006893,198,196,2,1,1
S01006894,455,448,7,0,7
S01006895,277,266,11,1,10
S01006896,373,361,12,0,12
S01006897,293,290,3,0,3
S01006898,345,340,5,0,5
S01006899,247,242,5,0,5
S01006900,237,234,3,0,3
S01006901,276,270,6,0,6
S01006902,303,296,7,0,7
S01006903,356,349,7,0,7
S01006904,345,330,15,1,14
S01006905,407,395,12,2,10
S01006906,448,441,7,0,7
S01006907,318,305,13,1,12
S01006908,450,426,24,6,18
S01006909,279,275,4,1,3
S01006910,363,353,10,1,9
S01006911,234,224,10,0,10
S01006912,188,170,18,6,12
S01006913,185,182,3,0,3
S01006914,283,273,10,2,8
S01006915,316,301,15,0,15
S01006916,213,207,6,2,4
S01006917,322,320,2,0,2
S01006918,195,195,0,0,0
S01006919,209,205,4,1,3
S01006920,247,243,4,0,4
S01006921,274,270,4,1,3
S01006922,208,201,7,0,7
S01006923,336,331,5,1,4
S01006924,212,208,4,1,3
S01006925,216,215,1,0,1
S01006926,266,263,3,1,2
S01006927,362,358,4,0,4
S01006928,428,416,12,1,11
S01006929,284,280,4,1,3
S01006930,361,358,3,0,3
S01006931,163,159,4,0,4
S01006932,198,195,3,0,3
S01006933,221,220,1,0,1
S01006934,238,234,4,1,3
S01006935,307,301,6,0,6
S01006936,278,274,4,1,3
S01006937,325,316,9,1,8
S01006938,260,254,6,0,6
S01006939,237,234,3,1,2
S01006940,382,378,4,1,3
S01006941,261,255,6,1,5
S01006942,391,390,1,0,1
S01006943,208,208,0,0,0
S01006944,336,327,9,0,9
S01006945,220,215,5,1,4
S01006946,322,314,8,1,7
S01006947,311,306,5,2,3
S01006948,383,372,11,0,11
S01006949,259,248,11,1,10
S01006950,204,199,5,0,5
S01006951,208,204,4,0,4
S01006952,380,364,16,7,9
S01006953,308,301,7,1,6
S01006954,322,317,5,2,3
S01006955,269,267,2,0,2
S01006956,398,394,4,0,4
S01006957,397,387,10,0,10
S01006958,451,435,16,0,16
S01006959,363,347,16,0,16
S01006960,324,318,6,1,5
S01006961,329,321,8,0,8
S01006962,413,409,4,0,4
S01006963,283,275,8,0,8
S01006964,351,348,3,0,3
S01006965,221,216,5,2,3
S01006966,253,253,0,0,0
S01006967,239,237,2,0,2
S01006968,227,224,3,0,3
S01006969,416,412,4,0,4
S01006970,267,258,9,1,8
S01006971,253,248,5,0,5
S01006972,201,192,9,1,8
S01006973,245,234,11,2,9
S01006974,410,393,17,2,15
S01006975,434,386,48,16,32
S01006976,176,172,4,0,4
S01006977,341,316,25,1,24
S01006978,387,371,16,0,16
S01006979,380,369,11,5,6
S01006980,345,326,19,0,19
S01006981,336,321,15,1,14
S01006982,362,359,3,0,3
S01006983,296,289,7,2,5
S01006984,290,275,15,2,13
S01006985,442,432,10,0,10
S01006986,248,243,5,3,2
S01006987,308,294,14,3,11
S01006988,225,218,7,0,7
S01006989,388,375,13,2,11
S01006990,321,313,8,1,7
S01006991,225,216,9,1,8
S01006992,254,241,13,1,12
S01006993,206,202,4,0,4
S01006994,235,226,9,1,8
S01006995,347,331,16,0,16
S01006996,314,306,8,0,8
S01006997,305,292,13,0,13
S01006998,462,450,12,2,10
S01006999,349,334,15,3,12
S01007000,425,414,11,0,11
S01007001,401,388,13,2,11
S01007002,253,230,23,9,14
S01007003,214,205,9,3,6
S01007004,325,304,21,13,8
S01007005,362,348,14,1,13
S01007006,419,394,25,16,9
S01007007,361,338,23,8,15
S01007008,461,450,11,0,11
S01007009,518,496,22,3,19
S01007010,410,392,18,0,18
S01007011,483,463,20,0,20
S01007012,325,322,3,0,3
S01007013,226,222,4,3,1
S01007014,399,381,18,9,9
S01007015,264,247,17,4,13
S01007016,223,213,10,2,8
S01007017,492,476,16,2,14
S01007018,435,421,14,1,13
S01007019,316,309,7,0,7
S01007020,430,411,19,2,17
S01007021,422,403,19,1,18
S01007022,209,209,0,0,0
S01007023,258,203,55,36,19
S01007024,458,416,42,20,22
S01007025,418,389,29,19,10
S01007026,464,412,52,32,20
S01007027,542,481,61,42,19
S01007028,334,315,19,12,7
S01007029,236,221,15,13,2
S01007030,353,338,15,7,8
S01007031,306,285,21,10,11
S01007032,568,507,61,32,29
S01007033,348,338,10,8,2
S01007034,272,266,6,1,5
S01007035,383,375,8,2,6
S01007036,414,401,13,3,10
S01007037,461,453,8,1,7
S01007038,360,328,32,13,19
S01007039,393,368,25,6,19
S01007040,306,301,5,0,5
S01007041,371,344,27,8,19
S01007042,329,318,11,0,11
S01007043,405,382,23,9,14
S01007044,425,306,119,77,42
S01007045,382,325,57,42,15
S01007046,290,259,31,21,10
S01007047,278,261,17,2,15
S01007048,373,359,14,2,12
S01007049,432,415,17,1,16
S01007050,315,295,20,0,20
S01007051,343,332,11,0,11
S01007052,241,233,8,0,8
S01007053,201,191,10,1,9
S01007054,441,434,7,1,6
S01007055,205,196,9,2,7
S01007056,229,221,8,1,7
S01007057,250,247,3,2,1
S01007058,290,288,2,0,2
S01007059,444,433,11,0,11
S01007060,239,231,8,0,8
S01007061,365,346,19,5,14
S01007062,277,272,5,0,5
S01007063,293,282,11,0,11
S01007064,266,253,13,1,12
S01007065,284,249,35,19,16
S01007066,271,252,19,1,18
S01007067,264,254,10,0,10
S01007068,348,329,19,6,13
S01007069,354,338,16,1,15
S01007070,262,247,15,4,11
S01007071,367,356,11,0,11
S01007072,247,246,1,0,1
S01007073,359,358,1,0,1
S01007074,296,292,4,0,4
S01007075,319,305,14,6,8
S01007076,292,289,3,2,1
S01007077,321,311,10,4,6
S01007078,404,398,6,0,6
S01007079,548,522,26,0,26
S01007080,395,386,9,0,9
S01007081,384,370,14,6,8
S01007082,238,233,5,1,4
S01007083,466,451,15,0,15
S01007084,286,273,13,1,12
S01007085,399,366,33,2,31
S01007086,684,573,111,41,70
S01007087,493,439,54,18,36
S01007088,266,247,19,11,8
S01007089,227,217,10,0,10
S01007090,248,243,5,0,5
S01007091,287,280,7,0,7
S01007092,321,307,14,1,13
S01007093,426,417,9,1,8
S01007094,357,354,3,0,3
S01007095,214,209,5,0,5
S01007096,329,316,13,0,13
S01007097,199,188,11,0,11
S01007098,300,288,12,3,9
S01007099,347,338,9,0,9
S01007100,311,298,13,3,10
S01007101,352,342,10,2,8
S01007102,274,260,14,1,13
S01007103,341,330,11,2,9
S01007104,208,197,11,0,11
S01007105,258,238,20,5,15
S01007106,344,319,25,5,20
S01007107,268,256,12,1,11
S01007108,240,226,14,0,14
S01007109,380,371,9,2,7
S01007110,343,324,19,2,17
S01007111,235,225,10,4,6
S01007112,220,214,6,1,5
S01007113,245,231,14,6,8
S01007114,386,378,8,0,8
S01007115,261,257,4,0,4
S01007116,316,315,1,0,1
S01007117,180,177,3,0,3
S01007118,291,282,9,0,9
S01007119,331,330,1,0,1
S01007120,507,483,24,9,15
S01007121,321,294,27,19,8
S01007122,300,287,13,9,4
S01007123,321,313,8,0,8
S01007124,387,380,7,2,5
S01007125,367,351,16,8,8
S01007126,441,399,42,37,5
S01007127,494,446,48,3,45
S01007128,433,411,22,13,9
S01007129,383,374,9,1,8
S01007130,282,280,2,0,2
S01007131,348,341,7,0,7
S01007132,304,297,7,0,7
S01007133,269,262,7,3,4
S01007134,336,317,19,0,19
S01007135,230,221,9,3,6
S01007136,216,185,31,16,15
S01007137,249,248,1,0,1
S01007138,250,243,7,0,7
S01007139,330,324,6,1,5
S01007140,415,405,10,4,6
S01007141,256,249,7,2,5
S01007142,153,153,0,0,0
S01007143,204,203,1,0,1
S01007144,257,240,17,0,17
S01007145,418,408,10,1,9
S01007146,337,334,3,0,3
S01007147,309,305,4,0,4
S01007148,207,204,3,0,3
S01007149,239,237,2,0,2
S01007150,358,350,8,0,8
S01007151,333,331,2,0,2
S01007152,242,237,5,0,5
S01007153,292,286,6,0,6
S01007154,458,453,5,0,5
S01007155,314,305,9,0,9
S01007156,317,308,9,0,9
S01007157,286,279,7,0,7
S01007158,388,386,2,0,2
S01007159,430,407,23,0,23
S01007160,381,377,4,0,4
S01007161,326,317,9,2,7
S01007162,291,271,20,8,12
S01007163,405,392,13,2,11
S01007164,267,257,10,0,10
S01007165,341,330,11,2,9
S01007166,337,328,9,2,7
S01007167,334,331,3,0,3
S01007168,419,415,4,0,4
S01007169,327,326,1,0,1
S01007170,280,268,12,1,11
S01007171,380,364,16,4,12
S01007172,353,333,20,8,12
S01007173,335,327,8,1,7
S01007174,292,286,6,2,4
S01007175,303,294,9,0,9
S01007176,296,290,6,0,6
S01007177,309,303,6,0,6
S01007178,515,505,10,0,10
S01007179,387,384,3,0,3
S01007180,359,347,12,0,12
S01007181,325,317,8,1,7
S01007182,537,526,11,1,10
S01007183,583,560,23,2,21
S01007184,636,594,42,0,42
S01007185,442,422,20,0,20
S01007186,348,327,21,5,16
S01007187,541,498,43,2,41
S01007188,375,328,47,11,36
S01007189,483,461,22,2,20
S01007190,389,378,11,2,9
S01007191,279,274,5,1,4
S01007192,293,286,7,0,7
S01007193,290,289,1,0,1
S01007194,285,276,9,0,9
S01007195,242,237,5,0,5
S01007196,294,278,16,0,16
S01007197,297,286,11,0,11
S01007198,236,229,7,0,7
S01007199,316,306,10,0,10
S01007200,407,405,2,0,2
S01007201,354,350,4,0,4
S01007202,354,350,4,0,4
S01007203,256,250,6,0,6
S01007204,448,426,22,6,16
S01007205,271,263,8,1,7
S01007206,241,212,29,16,13
S01007207,431,420,11,2,9
S01007208,594,550,44,3,41
S01007209,440,389,51,2,49
S01007210,400,387,13,0,13
S01007211,510,498,12,0,12
S01007212,269,259,10,2,8
S01007213,429,423,6,2,4
S01007214,441,424,17,1,16
S01007215,422,397,25,1,24
S01007216,328,315,13,3,10
S01007217,464,460,4,0,4
S01007218,358,353,5,3,2
S01007219,389,386,3,0,3
S01007220,332,330,2,0,2
S01007221,276,273,3,0,3
S01007222,326,320,6,0,6
S01007223,200,200,0,0,0
S01007224,286,279,7,0,7
S01007225,382,369,13,1,12
S01007226,340,322,18,2,16
S01007227,448,425,23,0,23
S01007228,276,260,16,3,13
S01007229,511,455,56,14,42
S01007230,391,358,33,0,33
S01007231,399,372,27,0,27
S01007232,401,381,20,0,20
S01007233,371,347,24,1,23
S01007234,269,263,6,1,5
S01007235,468,407,61,2,59
S01007236,322,305,17,0,17
S01007237,328,325,3,0,3
S01007238,422,417,5,0,5
S01007239,373,367,6,0,6
S01007240,247,233,14,1,13
S01007241,255,242,13,2,11
S01007242,459,447,12,1,11
S01007243,263,255,8,1,7
S01007244,322,303,19,3,16
S01007245,322,310,12,2,10
S01007246,250,237,13,0,13
S01007247,290,279,11,0,11
S01007248,318,310,8,0,8
S01007249,183,174,9,1,8
S01007250,452,432,20,0,20
S01007251,260,250,10,0,10
S01007252,326,315,11,0,11
S01007253,372,358,14,1,13
S01007254,413,401,12,1,11
S01007255,384,374,10,0,10
S01007256,448,407,41,0,41
S01007257,317,296,21,1,20
S01007258,428,410,18,1,17
S01007259,428,414,14,0,14
S01007260,424,418,6,0,6
S01007261,363,356,7,0,7
S01007262,310,301,9,2,7
S01007263,371,366,5,1,4
S01007264,341,339,2,0,2
S01007265,491,472,19,1,18
S01007266,316,305,11,0,11
S01007267,239,222,17,10,7
S01007268,271,249,22,11,11
S01007269,229,224,5,0,5
S01007270,217,205,12,5,7
S01007271,473,448,25,8,17
S01007272,423,417,6,0,6
S01007273,303,296,7,3,4
S01007274,484,456,28,4,24
S01007275,257,243,14,5,9
S01007276,372,369,3,1,2
S01007277,340,327,13,3,10
S01007278,233,227,6,0,6
S01007279,316,240,76,63,13
S01007280,286,237,49,27,22
S01007281,387,361,26,8,18
S01007282,253,228,25,18,7
S01007283,511,482,29,12,17
S01007284,632,403,229,215,14
S01007285,500,358,142,135,7
S01007286,571,460,111,108,3
S01007287,385,281,104,97,7
S01007288,377,252,125,105,20
S01007289,363,323,40,34,6
S01007290,287,276,11,4,7
S01007291,344,329,15,4,11
S01007292,322,320,2,1,1
S01007293,316,310,6,5,1
S01007294,386,378,8,1,7
S01007295,336,307,29,24,5
S01007296,400,354,46,36,10
S01007297,479,444,35,22,13
S01007298,249,244,5,0,5
S01007299,412,387,25,11,14
S01007300,247,241,6,2,4
S01007301,342,311,31,26,5
S01007302,292,280,12,8,4
S01007303,404,366,38,18,20
S01007304,406,310,96,50,46
S01007305,336,305,31,21,10
S01007306,366,342,24,16,8
S01007307,389,337,52,45,7
S01007308,420,339,81,75,6
S01007309,388,277,111,104,7
S01007310,505,380,125,113,12
S01007311,383,343,40,36,4
S01007312,424,355,69,53,16
S01007313,571,436,135,127,8
S01007314,328,292,36,26,10
S01007315,445,434,11,2,9
S01007316,493,449,44,1,43
S01007317,285,266,19,9,10
S01007318,283,274,9,3,6
S01007319,390,369,21,8,13
S01007320,503,353,150,143,7
S01007321,360,271,89,73,16
S01007322,419,376,43,30,13
S01007323,262,227,35,26,9
S01007324,269,167,102,95,7
S01007325,553,393,160,149,11
S01007326,449,346,103,77,26
S01007327,409,350,59,49,10
S01007328,429,390,39,29,10
S01007329,369,314,55,39,16
S01007330,461,375,86,78,8
S01007331,451,419,32,32,0
S01007332,249,219,30,26,4
S01007333,401,367,34,15,19
S01007334,434,391,43,6,37
S01007335,428,412,16,9,7
S01007336,380,302,78,14,64
S01007337,406,380,26,11,15
S01007338,312,302,10,0,10
S01007339,329,302,27,22,5
S01007340,404,273,131,106,25
S01007341,493,394,99,61,38
S01007342,439,359,80,66,14
S01007343,436,302,134,125,9
S01007344,323,242,81,50,31
S01007345,340,315,25,6,19
S01007346,398,351,47,31,16
S01007347,409,351,58,32,26
S01007348,293,280,13,2,11
S01007349,204,189,15,9,6
S01007350,461,331,130,81,49
S01007351,547,355,192,182,10
S01007352,333,230,103,87,16
S01007353,331,282,49,39,10
S01007354,455,403,52,28,24
S01007355,637,464,173,161,12
S01007356,422,350,72,55,17
S01007357,506,388,118,113,5
S01007358,419,368,51,47,4
S01007359,403,371,32,7,25
S01007360,265,236,29,8,21
S01007361,562,507,55,34,21
S01007362,334,316,18,11,7
S01007363,367,348,19,5,14
S01007364,427,409,18,7,11
S01007365,229,215,14,6,8
S01007366,306,276,30,18,12
S01007367,336,295,41,21,20
S01007368,247,233,14,8,6
S01007369,389,378,11,0,11
S01007370,449,389,60,30,30
S01007371,344,320,24,3,21
S01007372,395,374,21,6,15
S01007373,315,283,32,7,25
S01007374,230,217,13,2,11
S01007375,246,216,30,14,16
S01007376,393,371,22,17,5
S01007377,291,279,12,3,9
S01007378,262,231,31,14,17
S01007379,245,234,11,7,4
S01007380,255,229,26,22,4
S01007381,261,191,70,7,63
S01007382,293,281,12,6,6
S01007383,371,349,22,8,14
S01007384,375,332,43,2,41
S01007385,417,404,13,6,7
S01007386,346,337,9,5,4
S01007387,298,289,9,1,8
S01007388,261,256,5,0,5
S01007389,305,198,107,1,106
S01007390,207,193,14,0,14
S01007391,229,223,6,2,4
S01007392,207,200,7,1,6
S01007393,319,308,11,2,9
S01007394,355,335,20,2,18
S01007395,587,516,71,30,41
S01007396,522,477,45,7,38
S01007397,456,443,13,3,10
S01007398,287,279,8,0,8
S01007399,342,324,18,16,2
S01007400,360,344,16,2,14
S01007401,309,290,19,3,16
S01007402,262,260,2,0,2
S01007403,271,261,10,0,10
S01007404,239,193,46,35,11
S01007405,290,277,13,6,7
S01007406,256,252,4,1,3
S01007407,321,315,6,0,6
S01007408,258,256,2,1,1
S01007409,313,308,5,2,3
S01007410,297,291,6,3,3
S01007411,454,437,17,15,2
S01007412,213,212,1,0,1
S01007413,376,360,16,1,15
S01007414,245,244,1,0,1
S01007415,381,374,7,0,7
S01007416,225,223,2,0,2
S01007417,409,406,3,2,1
S01007418,296,292,4,0,4
S01007419,336,332,4,0,4
S01007420,301,296,5,2,3
S01007421,289,282,7,1,6
S01007422,272,261,11,1,10
S01007423,335,325,10,2,8
S01007424,341,340,1,0,1
S01007425,394,373,21,15,6
S01007426,362,344,18,7,11
S01007427,324,309,15,10,5
S01007428,486,465,21,1,20
S01007429,347,324,23,10,13
S01007430,222,211,11,1,10
S01007431,221,218,3,0,3
S01007432,367,354,13,4,9
S01007433,370,350,20,6,14
S01007434,260,242,18,12,6
S01007435,341,327,14,1,13
S01007436,377,356,21,16,5
S01007437,238,230,8,1,7
S01007438,350,338,12,2,10
S01007439,354,337,17,1,16
S01007440,306,295,11,6,5
S01007441,231,226,5,2,3
S01007442,200,198,2,1,1
S01007443,398,387,11,5,6
S01007444,484,427,57,23,34
S01007445,277,265,12,4,8
S01007446,209,201,8,2,6
S01007447,224,209,15,6,9
S01007448,374,367,7,0,7
S01007449,471,458,13,7,6
S01007450,345,332,13,2,11
S01007451,297,283,14,7,7
S01007452,219,209,10,0,10
S01007453,218,212,6,0,6
S01007454,196,190,6,2,4
S01007455,410,388,22,17,5
S01007456,410,394,16,3,13
S01007457,479,465,14,3,11
S01007458,230,224,6,2,4
S01007459,298,291,7,0,7
S01007460,357,345,12,0,12
S01007461,397,372,25,13,12
S01007462,391,371,20,15,5
S01007463,396,377,19,9,10
S01007464,329,313,16,13,3
S01007465,417,380,37,16,21
S01007466,656,581,75,54,21
S01007467,536,523,13,6,7
S01007468,339,333,6,0,6
S01007469,264,250,14,8,6
S01007470,348,335,13,3,10
S01007471,206,203,3,0,3
S01007472,276,273,3,0,3
S01007473,233,227,6,4,2
S01007474,218,213,5,1,4
S01007475,265,257,8,0,8
S01007476,332,317,15,0,15
S01007477,256,247,9,2,7
S01007478,456,433,23,0,23
S01007479,283,275,8,0,8
S01007480,335,327,8,0,8
S01007481,405,394,11,6,5
S01007482,266,253,13,9,4
S01007483,342,340,2,0,2
S01007484,309,285,24,3,21
S01007485,225,219,6,0,6
S01007486,263,255,8,1,7
S01007487,549,498,51,23,28
S01007488,518,483,35,17,18
S01007489,427,406,21,1,20
S01007490,384,378,6,0,6
S01007491,469,460,9,0,9
S01007492,342,332,10,0,10
S01007493,375,368,7,1,6
S01007494,257,239,18,8,10
S01007495,376,345,31,16,15
S01007496,601,470,131,107,24
S01007497,281,264,17,4,13
S01007498,432,416,16,8,8
S01007499,381,358,23,8,15
S01007500,324,288,36,24,12
S01007501,400,325,75,49,26
S01007502,280,248,32,17,15
S01007503,530,482,48,26,22
S01007504,342,321,21,15,6
S01007505,199,179,20,16,4
S01007506,282,237,45,24,21
S01007507,488,455,33,12,21
S01007508,405,329,76,43,33
S01007509,314,274,40,16,24
S01007510,562,459,103,65,38
S01007511,434,370,64,23,41
S01007512,334,247,87,68,19
S01007513,485,468,17,4,13
S01007514,272,247,25,9,16
S01007515,271,254,17,3,14
S01007516,280,257,23,10,13
S01007517,245,224,21,9,12
S01007518,389,381,8,7,1
S01007519,260,215,45,32,13
S01007520,530,446,84,69,15
S01007521,294,202,92,79,13
S01007522,557,476,81,50,31
S01007523,272,229,43,33,10
S01007524,461,385,76,63,13
S01007525,252,237,15,13,2
S01007526,452,385,67,41,26
S01007527,393,374,19,11,8
S01007528,388,363,25,15,10
S01007529,327,308,19,10,9
S01007530,249,223,26,22,4
S01007531,362,313,49,44,5
S01007532,256,248,8,4,4
S01007533,245,222,23,16,7
S01007534,432,428,4,2,2
S01007535,503,492,11,4,7
S01007536,464,443,21,2,19
S01007537,543,518,25,14,11
S01007538,405,366,39,20,19
S01007539,360,331,29,3,26
S01007540,469,450,19,1,18
S01007541,363,337,26,11,15
S01007542,444,416,28,12,16
S01007543,502,481,21,4,17
S01007544,684,496,188,153,35
S01007545,391,359,32,5,27
S01007546,237,223,14,12,2
S01007547,263,239,24,16,8
S01007548,333,304,29,11,18
S01007549,347,298,49,31,18
S01007550,525,449,76,66,10
S01007551,470,395,75,60,15
S01007552,429,401,28,3,25
S01007553,381,376,5,0,5
S01007554,227,221,6,0,6
S01007555,253,238,15,2,13
S01007556,237,227,10,0,10
S01007557,483,478,5,1,4
S01007558,228,189,39,22,17
S01007559,356,308,48,22,26
S01007560,462,440,22,11,11
S01007561,374,357,17,2,15
S01007562,400,365,35,24,11
S01007563,450,396,54,41,13
S01007564,345,323,22,6,16
S01007565,421,396,25,7,18
S01007566,289,275,14,4,10
S01007567,246,233,13,8,5
S01007568,314,295,19,5,14
S01007569,365,342,23,8,15
S01007570,306,295,11,1,10
S01007571,256,240,16,4,12
S01007572,382,370,12,0,12
S01007573,336,329,7,0,7
S01007574,443,438,5,0,5
S01007575,469,452,17,0,17
S01007576,362,344,18,0,18
S01007577,309,296,13,0,13
S01007578,346,332,14,0,14
S01007579,307,298,9,0,9
S01007580,300,293,7,0,7
S01007581,203,198,5,0,5
S01007582,290,285,5,0,5
S01007583,529,519,10,3,7
S01007584,282,279,3,0,3
S01007585,450,438,12,0,12
S01007586,387,377,10,0,10
S01007587,323,306,17,0,17
S01007588,366,360,6,0,6
S01007589,425,408,17,0,17
S01007590,300,289,11,0,11
S01007591,279,272,7,0,7
S01007592,368,353,15,1,14
S01007593,464,453,11,1,10
S01007594,348,334,14,2,12
S01007595,476,443,33,13,20
S01007596,336,275,61,54,7
S01007597,281,254,27,14,13
S01007598,287,266,21,10,11
S01007599,372,361,11,0,11
S01007600,538,510,28,1,27
S01007601,301,300,1,0,1
S01007602,273,269,4,0,4
S01007603,316,309,7,0,7
S01007604,391,389,2,0,2
S01007605,366,364,2,0,2
S01007606,324,314,10,0,10
S01007607,300,294,6,1,5
S01007608,321,308,13,0,13
S01007609,465,447,18,0,18
S01007610,265,255,10,1,9
S01007611,582,538,44,1,43
S01007612,672,609,63,0,63
S01007613,332,324,8,1,7
S01007614,369,358,11,0,11
S01007615,542,515,27,1,26
S01007616,422,387,35,1,34
S01007617,238,234,4,0,4
S01007618,301,294,7,0,7
S01007619,286,280,6,0,6
S01007620,277,271,6,0,6
S01007621,295,291,4,1,3
S01007622,261,256,5,0,5
S01007623,256,250,6,0,6
S01007624,270,268,2,0,2
S01007625,227,224,3,0,3
S01007626,274,269,5,0,5
S01007627,259,251,8,1,7
S01007628,333,314,19,0,19
S01007629,308,286,22,2,20
S01007630,360,338,22,5,17
S01007631,283,269,14,7,7
S01007632,462,437,25,3,22
S01007633,454,441,13,0,13
S01007634,263,241,22,12,10
S01007635,332,321,11,1,10
S01007636,442,416,26,1,25
S01007637,426,403,23,1,22
S01007638,391,373,18,0,18
S01007639,457,451,6,0,6
S01007640,315,303,12,4,8
S01007641,402,369,33,15,18
S01007642,475,415,60,18,42
S01007643,442,424,18,9,9
S01007644,401,384,17,11,6
S01007645,244,219,25,9,16
S01007646,321,260,61,28,33
S01007647,379,361,18,3,15
S01007648,468,446,22,2,20
S01007649,352,339,13,3,10
S01007650,447,420,27,9,18
S01007651,247,227,20,5,15
S01007652,272,257,15,3,12
S01007653,391,378,13,3,10
S01007654,505,465,40,3,37
S01007655,361,341,20,1,19
S01007656,375,358,17,4,13
S01007657,204,176,28,13,15
S01007658,254,231,23,12,11
S01007659,378,366,12,4,8
S01007660,409,400,9,1,8
S01007661,343,327,16,0,16
S01007662,510,493,17,1,16
S01007663,397,387,10,0,10
S01007664,294,283,11,1,10
S01007665,285,275,10,1,9
S01007666,201,198,3,0,3
S01007667,287,283,4,1,3
S01007668,472,468,4,0,4
S01007669,272,268,4,0,4
S01007670,304,299,5,0,5
S01007671,310,289,21,4,17
S01007672,401,389,12,1,11
S01007673,315,304,11,2,9
S01007674,381,376,5,0,5
S01007675,261,251,10,5,5
S01007676,291,279,12,2,10
S01007677,205,201,4,1,3
S01007678,385,368,17,1,16
S01007679,394,381,13,0,13
S01007680,397,386,11,0,11
S01007681,195,192,3,0,3
S01007682,421,403,18,3,15
S01007683,319,301,18,3,15
S01007684,337,332,5,0,5
S01007685,273,273,0,0,0
S01007686,326,320,6,0,6
S01007687,414,399,15,4,11
S01007688,564,545,19,1,18
S01007689,298,288,10,1,9
S01007690,402,393,9,1,8
S01007691,532,515,17,1,16
S01007692,448,434,14,1,13
S01007693,360,347,13,2,11
S01007694,536,523,13,0,13
S01007695,632,614,18,1,17
S01007696,443,437,6,1,5
S01007697,642,608,34,1,33
S01007698,611,589,22,3,19
S01007699,466,454,12,1,11
S01007700,461,450,11,1,10
S01007701,323,318,5,0,5
S01007702,268,266,2,1,1
S01007703,407,398,9,0,9
S01007704,534,517,17,3,14
S01007705,265,262,3,0,3
S01007706,382,370,12,2,10
S01007707,511,465,46,6,40
S01007708,361,357,4,0,4
S01007709,310,309,1,0,1
S01007710,462,450,12,0,12
S01007711,506,493,13,5,8
S01007712,370,360,10,0,10
S01007713,236,229,7,1,6
S01007714,323,321,2,1,1
S01007715,277,267,10,8,2
S01007716,633,598,35,0,35
S01007717,594,567,27,2,25
S01007718,479,467,12,0,12
S01007719,666,651,15,1,14
S01007720,412,404,8,2,6
S01007721,458,435,23,17,6
S01007722,579,548,31,16,15
S01007723,634,604,30,21,9
S01007724,420,358,62,45,17
S01007725,522,498,24,2,22
S01007726,497,453,44,26,18
S01007727,608,591,17,1,16
S01007728,474,414,60,38,22
S01007729,497,439,58,31,27
S01007730,490,464,26,16,10
S01007731,419,396,23,13,10
S01007732,386,374,12,4,8
S01007733,345,338,7,4,3
S01007734,389,384,5,0,5
S01007735,363,359,4,0,4
S01007736,318,309,9,5,4
S01007737,575,554,21,1,20
S01007738,368,358,10,1,9
S01007739,350,347,3,1,2
S01007740,270,265,5,0,5
S01007741,447,435,12,1,11
S01007742,333,328,5,0,5
S01007743,469,457,12,0,12
S01007744,417,403,14,11,3
S01007745,388,378,10,5,5
S01007746,419,409,10,10,0
S01007747,250,242,8,2,6
S01007748,395,369,26,16,10
S01007749,287,281,6,1,5
S01007750,372,358,14,0,14
S01007751,347,337,10,0,10
S01007752,364,356,8,0,8
S01007753,246,241,5,0,5
S01007754,423,414,9,1,8
S01007755,428,417,11,0,11
S01007756,301,298,3,0,3
S01007757,375,371,4,0,4
S01007758,486,468,18,4,14
S01007759,643,618,25,6,19
S01007760,272,262,10,1,9
S01007761,394,383,11,6,5
S01007762,498,474,24,6,18
S01007763,338,329,9,0,9
S01007764,311,310,1,0,1
S01007765,309,308,1,0,1
S01007766,384,382,2,0,2
S01007767,405,398,7,1,6
S01007768,369,356,13,1,12
S01007769,328,325,3,0,3
S01007770,324,318,6,1,5
S01007771,239,235,4,0,4
S01007772,561,546,15,0,15
S01007773,315,314,1,0,1
S01007774,325,323,2,0,2
S01007775,349,346,3,0,3
S01007776,288,282,6,1,5
S01007777,316,314,2,0,2
S01007778,157,155,2,0,2
S01007779,316,311,5,1,4
S01007780,338,331,7,3,4
S01007781,387,381,6,0,6
S01007782,262,239,23,16,7
S01007783,521,405,116,5,111
S01007784,290,276,14,11,3
S01007785,281,276,5,0,5
S01007786,336,333,3,0,3
S01007787,278,277,1,0,1
S01007788,271,268,3,0,3
S01007789,239,231,8,7,1
S01007790,338,330,8,6,2
S01007791,177,174,3,0,3
S01007792,389,384,5,0,5
S01007793,472,457,15,8,7
S01007794,240,234,6,4,2
S01007795,262,243,19,16,3
S01007796,320,311,9,0,9
S01007797,287,258,29,18,11
S01007798,229,226,3,3,0
S01007799,195,193,2,0,2
S01007800,386,365,21,18,3
S01007801,401,388,13,0,13
S01007802,205,199,6,0,6
S01007803,530,524,6,0,6
S01007804,265,259,6,0,6
S01007805,207,207,0,0,0
S01007806,312,296,16,14,2
S01007807,262,258,4,4,0
S01007808,325,304,21,16,5
S01007809,406,398,8,6,2
S01007810,390,369,21,19,2
S01007811,353,325,28,21,7
S01007812,355,328,27,19,8
S01007813,317,306,11,7,4
S01007814,239,229,10,7,3
S01007815,356,343,13,11,2
S01007816,274,273,1,0,1
S01007817,210,207,3,0,3
S01007818,319,314,5,3,2
S01007819,358,353,5,1,4
S01007820,414,408,6,2,4
S01007821,246,244,2,2,0
S01007822,353,349,4,0,4
S01007823,319,306,13,4,9
S01007824,358,342,16,11,5
S01007825,485,482,3,0,3
S01007826,267,260,7,0,7
S01007827,299,291,8,0,8
S01007828,609,592,17,2,15
S01007829,353,348,5,0,5
S01007830,559,545,14,1,13
S01007831,516,501,15,0,15
S01007832,364,362,2,0,2
S01007833,485,479,6,0,6
S01007834,432,416,16,1,15
S01007835,329,325,4,0,4
S01007836,299,285,14,2,12
S01007837,362,357,5,0,5
S01007838,402,392,10,0,10
S01007839,284,281,3,0,3
S01007840,433,425,8,0,8
S01007841,344,341,3,0,3
S01007842,400,391,9,0,9
S01007843,363,354,9,0,9
S01007844,534,520,14,0,14
S01007845,450,427,23,0,23
S01007846,351,337,14,4,10
S01007847,461,437,24,8,16
S01007848,475,447,28,10,18
S01007849,434,413,21,2,19
S01007850,299,293,6,5,1
S01007851,490,479,11,4,7
S01007852,377,356,21,0,21
S01007853,486,413,73,0,73
S01007854,578,548,30,0,30
S01007855,337,310,27,8,19
S01007856,374,348,26,1,25
S01007857,245,233,12,10,2
S01007858,537,533,4,0,4
S01007859,249,246,3,0,3
S01007860,240,237,3,0,3
S01007861,263,254,9,6,3
S01007862,312,308,4,0,4
S01007863,458,441,17,0,17
S01007864,496,486,10,0,10
S01007865,230,229,1,0,1
S01007866,210,209,1,0,1
S01007867,207,195,12,1,11
S01007868,354,351,3,0,3
S01007869,367,362,5,0,5
S01007870,209,199,10,2,8
S01007871,293,285,8,0,8
S01007872,337,322,15,7,8
S01007873,309,295,14,1,13
S01007874,379,367,12,1,11
S01007875,253,242,11,9,2
S01007876,429,420,9,5,4
S01007877,344,336,8,0,8
S01007878,304,281,23,8,15
S01007879,325,320,5,0,5
S01007880,191,178,13,5,8
S01007881,267,244,23,3,20
S01007882,279,268,11,1,10
S01007883,477,468,9,0,9
S01007884,275,269,6,0,6
S01007885,364,345,19,2,17
S01007886,452,433,19,0,19
S01007887,242,230,12,0,12
S01007888,459,451,8,7,1
S01007889,250,242,8,1,7
S01007890,305,300,5,1,4
S01007891,388,370,18,3,15
S01007892,348,341,7,2,5
S01007893,431,423,8,2,6
S01007894,393,386,7,0,7
S01007895,261,249,12,1,11
S01007896,407,387,20,1,19
S01007897,174,165,9,0,9
S01007898,181,166,15,2,13
S01007899,157,145,12,3,9
S01007900,246,232,14,8,6
S01007901,329,317,12,0,12
S01007902,408,394,14,0,14
S01007903,359,322,37,14,23
S01007904,368,312,56,7,49
S01007905,315,292,23,0,23
S01007906,399,382,17,3,14
S01007907,283,254,29,8,21
S01007908,438,419,19,9,10
S01007909,227,226,1,0,1
S01007910,375,369,6,2,4
S01007911,362,348,14,1,13
S01007912,355,346,9,3,6
S01007913,318,304,14,2,12
S01007914,296,279,17,3,14
S01007915,376,361,15,4,11
S01007916,408,399,9,0,9
S01007917,379,369,10,1,9
S01007918,477,446,31,12,19
S01007919,314,303,11,0,11
S01007920,254,245,9,1,8
S01007921,434,422,12,0,12
S01007922,402,386,16,2,14
S01007923,433,412,21,5,16
S01007924,453,430,23,1,22
S01007925,184,176,8,2,6
S01007926,186,175,11,2,9
S01007927,246,237,9,0,9
S01007928,429,418,11,1,10
S01007929,278,268,10,3,7
S01007930,222,216,6,3,3
S01007931,488,481,7,2,5
S01007932,377,364,13,6,7
S01007933,318,316,2,0,2
S01007934,312,300,12,3,9
S01007935,481,444,37,17,20
S01007936,398,389,9,2,7
S01007937,442,435,7,0,7
S01007938,376,372,4,1,3
S01007939,426,412,14,6,8
S01007940,538,497,41,19,22
S01007941,264,257,7,1,6
S01007942,218,207,11,0,11
S01007943,358,319,39,16,23
S01007944,476,442,34,4,30
S01007945,484,443,41,0,41
S01007946,425,396,29,1,28
S01007947,328,327,1,0,1
S01007948,325,304,21,0,21
S01007949,354,347,7,0,7
S01007950,388,376,12,1,11
S01007951,340,321,19,0,19
S01007952,383,357,26,1,25
S01007953,420,414,6,0,6
S01007954,333,324,9,0,9
S01007955,334,322,12,1,11
S01007956,305,297,8,0,8
S01007957,482,455,27,0,27
S01007958,404,388,16,0,16
S01007959,396,380,16,1,15
S01007960,300,291,9,0,9
S01007961,293,278,15,2,13
S01007962,264,246,18,4,14
S01007963,424,408,16,0,16
S01007964,365,353,12,1,11
S01007965,261,256,5,0,5
S01007966,424,418,6,0,6
S01007967,250,245,5,2,3
S01007968,413,397,16,3,13
S01007969,397,390,7,0,7
S01007970,416,408,8,0,8
S01007971,492,469,23,14,9
S01007972,382,377,5,0,5
S01007973,357,355,2,0,2
S01007974,438,426,12,0,12
S01007975,345,324,21,4,17
S01007976,487,456,31,14,17
S01007977,304,304,0,0,0
S01007978,386,353,33,5,28
S01007979,383,363,20,2,18
S01007980,345,340,5,0,5
S01007981,254,252,2,1,1
S01007982,216,210,6,0,6
S01007983,399,387,12,0,12
S01007984,378,374,4,0,4
S01007985,420,412,8,0,8
S01007986,239,238,1,0,1
S01007987,320,313,7,2,5
S01007988,341,336,5,1,4
S01007989,304,290,14,7,7
S01007990,351,339,12,0,12
S01007991,342,334,8,0,8
S01007992,224,224,0,0,0
S01007993,330,329,1,0,1
S01007994,298,293,5,0,5
S01007995,315,309,6,0,6
S01007996,190,187,3,0,3
S01007997,305,296,9,5,4
S01007998,230,225,5,3,2
S01007999,303,301,2,0,2
S01008000,405,390,15,1,14
S01008001,421,372,49,21,28
S01008002,363,330,33,14,19
S01008003,247,241,6,4,2
S01008004,239,230,9,3,6
S01008005,234,220,14,0,14
S01008006,249,248,1,0,1
S01008007,249,208,41,16,25
S01008008,273,267,6,0,6
S01008009,387,373,14,1,13
S01008010,498,476,22,2,20
S01008011,517,455,62,13,49
S01008012,530,471,59,26,33
S01008013,383,363,20,2,18
S01008014,322,312,10,0,10
S01008015,453,437,16,0,16
S01008016,457,433,24,0,24
S01008017,385,375,10,0,10
S01008018,315,308,7,3,4
S01008019,282,271,11,3,8
S01008020,339,313,26,1,25
S01008021,250,244,6,1,5
S01008022,288,286,2,0,2
S01008023,247,246,1,0,1
S01008024,227,224,3,0,3
S01008025,285,283,2,0,2
S01008026,483,466,17,3,14
S01008027,274,259,15,3,12
S01008028,243,239,4,0,4
S01008029,364,345,19,3,16
S01008030,483,476,7,0,7
S01008031,424,403,21,12,9
S01008032,385,377,8,0,8
S01008033,274,269,5,0,5
S01008034,276,271,5,0,5
S01008035,285,281,4,0,4
S01008036,248,246,2,0,2
S01008037,424,421,3,0,3
S01008038,312,303,9,0,9
S01008039,364,363,1,1,0
S01008040,336,332,4,0,4
S01008041,359,354,5,0,5
S01008042,286,280,6,1,5
S01008043,423,398,25,0,25
S01008044,438,431,7,0,7
S01008045,454,449,5,0,5
S01008046,552,527,25,0,25
S01008047,295,292,3,1,2
S01008048,242,238,4,0,4
S01008049,366,357,9,1,8
S01008050,246,245,1,0,1
S01008051,331,328,3,0,3
S01008052,343,337,6,3,3
S01008053,264,263,1,0,1
S01008054,372,361,11,0,11
S01008055,389,384,5,1,4
S01008056,343,332,11,3,8
S01008057,404,400,4,0,4
S01008058,309,304,5,2,3
S01008059,262,260,2,0,2
S01008060,326,326,0,0,0
S01008061,285,283,2,1,1
S01008062,373,371,2,0,2
S01008063,383,381,2,0,2
S01008064,300,296,4,0,4
S01008065,353,348,5,1,4
S01008066,335,326,9,1,8
S01008067,268,257,11,0,11
S01008068,390,384,6,0,6
S01008069,385,385,0,0,0
S01008070,357,356,1,0,1
S01008071,289,287,2,0,2
S01008072,351,350,1,1,0
S01008073,179,178,1,0,1
S01008074,379,378,1,0,1
S01008075,252,246,6,1,5
S01008076,317,301,16,2,14
S01008077,358,349,9,1,8
S01008078,355,350,5,0,5
S01008079,345,341,4,0,4
S01008080,285,279,6,0,6
S01008081,241,235,6,0,6
S01008082,336,328,8,0,8
S01008083,272,270,2,0,2
S01008084,359,353,6,0,6
S01008085,343,339,4,0,4
S01008086,431,418,13,0,13
S01008087,333,330,3,0,3
S01008088,402,398,4,0,4
S01008089,244,243,1,0,1
S01008090,307,305,2,0,2
S01008091,146,146,0,0,0
S01008092,370,368,2,0,2
S01008093,332,331,1,0,1
S01008094,258,257,1,0,1
S01008095,346,345,1,0,1
S01008096,337,334,3,0,3
S01008097,290,281,9,0,9
S01008098,298,293,5,0,5
S01008099,213,209,4,0,4
S01008100,407,401,6,0,6
S01008101,351,351,0,0,0
S01008102,313,310,3,1,2
S01008103,351,338,13,0,13
S01008104,396,390,6,0,6
S01008105,526,518,8,0,8
S01008106,377,371,6,0,6
S01008107,285,281,4,0,4
S01008108,248,244,4,0,4
S01008109,332,332,0,0,0
S01008110,319,316,3,0,3
S01008111,358,349,9,0,9
S01008112,324,322,2,1,1
S01008113,361,359,2,0,2
S01008114,263,262,1,1,0
S01008115,372,368,4,0,4
S01008116,354,350,4,0,4
S01008117,332,329,3,0,3
S01008118,369,361,8,0,8
S01008119,261,260,1,0,1
S01008120,297,288,9,1,8
S01008121,271,269,2,0,2
S01008122,266,266,0,0,0
S01008123,367,366,1,0,1
S01008124,308,306,2,0,2
S01008125,387,378,9,0,9
S01008126,310,308,2,0,2
S01008127,194,194,0,0,0
S01008128,355,350,5,0,5
S01008129,434,426,8,0,8
S01008130,472,462,10,1,9
S01008131,406,398,8,0,8
S01008132,428,423,5,0,5
S01008133,347,338,9,0,9
S01008134,330,325,5,0,5
S01008135,483,478,5,0,5
S01008136,454,448,6,0,6
S01008137,426,414,12,0,12
S01008138,383,374,9,0,9
S01008139,399,393,6,0,6
S01008140,243,239,4,0,4
S01008141,323,318,5,0,5
S01008142,296,293,3,0,3
S01008143,442,428,14,1,13
S01008144,230,229,1,0,1
S01008145,341,328,13,0,13
S01008146,219,218,1,0,1
S01008147,342,339,3,0,3
S01008148,329,328,1,0,1
S01008149,316,313,3,0,3
S01008150,437,428,9,0,9
S01008151,324,321,3,0,3
S01008152,524,511,13,0,13
S01008153,295,295,0,0,0
S01008154,359,355,4,0,4
S01008155,280,275,5,0,5
S01008156,404,391,13,3,10
S01008157,297,293,4,1,3
S01008158,293,287,6,0,6
S01008159,477,461,16,1,15
S01008160,403,397,6,0,6
S01008161,403,399,4,0,4
S01008162,456,430,26,0,26
S01008163,332,327,5,1,4
S01008164,297,289,8,2,6
S01008165,281,266,15,7,8
S01008166,230,226,4,1,3
S01008167,304,294,10,0,10
S01008168,354,349,5,1,4
S01008169,329,320,9,0,9
S01008170,235,231,4,0,4
S01008171,393,373,20,11,9
S01008172,257,250,7,6,1
S01008173,267,260,7,6,1
S01008174,234,226,8,6,2
S01008175,383,378,5,0,5
S01008176,334,327,7,2,5
S01008177,379,371,8,2,6
S01008178,283,278,5,2,3
S01008179,175,170,5,3,2
S01008180,169,167,2,1,1
S01008181,292,284,8,2,6
S01008182,580,563,17,1,16
S01008183,291,282,9,6,3
S01008184,500,481,19,3,16
S01008185,595,573,22,4,18
S01008186,376,366,10,4,6
S01008187,294,284,10,0,10
S01008188,497,485,12,6,6
S01008189,278,271,7,0,7
S01008190,374,365,9,5,4
S01008191,191,187,4,2,2
S01008192,363,360,3,0,3
S01008193,342,327,15,9,6
S01008194,261,244,17,0,17
S01008195,337,331,6,0,6
S01008196,339,333,6,0,6
S01008197,398,390,8,1,7
S01008198,303,300,3,1,2
S01008199,311,298,13,9,4
S01008200,318,300,18,9,9
S01008201,364,354,10,1,9
S01008202,265,261,4,2,2
S01008203,294,283,11,1,10
S01008204,497,480,17,2,15
S01008205,279,276,3,0,3
S01008206,300,295,5,0,5
S01008207,249,246,3,1,2
S01008208,352,344,8,1,7
S01008209,207,200,7,3,4
S01008210,423,417,6,6,0
S01008211,440,420,20,5,15
S01008212,212,212,0,0,0
S01008213,374,370,4,0,4
S01008214,364,354,10,3,7
S01008215,330,324,6,0,6
S01008216,207,205,2,0,2
S01008217,235,226,9,5,4
S01008218,384,376,8,1,7
S01008219,432,424,8,1,7
S01008220,234,223,11,6,5
S01008221,319,309,10,0,10
S01008222,292,287,5,0,5
S01008223,284,280,4,1,3
S01008224,411,406,5,0,5
S01008225,297,290,7,4,3
S01008226,396,379,17,11,6
S01008227,397,389,8,2,6
S01008228,301,279,22,4,18
S01008229,304,300,4,1,3
S01008230,308,305,3,1,2
S01008231,247,243,4,0,4
S01008232,265,259,6,0,6
S01008233,180,178,2,0,2
S01008234,205,187,18,3,15
S01008235,375,368,7,2,5
S01008236,391,386,5,0,5
S01008237,389,376,13,3,10
S01008238,345,341,4,0,4
S01008239,336,331,5,0,5
S01008240,362,358,4,2,2
S01008241,274,271,3,2,1
S01008242,440,430,10,3,7
S01008243,372,361,11,2,9
S01008244,277,255,22,7,15
S01008245,415,410,5,1,4
S01008246,366,353,13,7,6
S01008247,333,319,14,7,7
S01008248,411,397,14,3,11
S01008249,433,401,32,4,28
S01008250,472,447,25,6,19
S01008251,258,255,3,1,2
S01008252,347,338,9,1,8
S01008253,381,370,11,0,11
S01008254,433,428,5,1,4
S01008255,300,292,8,4,4
S01008256,390,361,29,9,20
S01008257,384,357,27,1,26
S01008258,405,401,4,0,4
S01008259,402,376,26,6,20
S01008260,364,355,9,2,7
S01008261,371,368,3,0,3
S01008262,262,252,10,2,8
S01008263,311,284,27,13,14
S01008264,336,330,6,4,2
S01008265,351,332,19,11,8
S01008266,379,319,60,50,10
S01008267,395,350,45,19,26
S01008268,433,355,78,76,2
S01008269,423,400,23,21,2
S01008270,447,394,53,47,6
S01008271,492,386,106,96,10
S01008272,425,414,11,6,5
S01008273,360,346,14,8,6
S01008274,326,322,4,2,2
S01008275,319,258,61,50,11
S01008276,201,199,2,2,0
S01008277,244,213,31,30,1
S01008278,347,334,13,9,4
S01008279,336,331,5,2,3
S01008280,458,425,33,15,18
S01008281,341,316,25,19,6
S01008282,322,299,23,19,4
S01008283,193,184,9,6,3
S01008284,359,348,11,5,6
S01008285,362,355,7,2,5
S01008286,311,303,8,2,6
S01008287,358,311,47,38,9
S01008288,439,413,26,14,12
S01008289,353,319,34,15,19
S01008290,429,397,32,19,13
S01008291,389,369,20,14,6
S01008292,310,310,0,0,0
S01008293,203,199,4,2,2
S01008294,327,326,1,0,1
S01008295,388,380,8,0,8
S01008296,323,320,3,0,3
S01008297,299,295,4,0,4
S01008298,312,303,9,0,9
S01008299,377,370,7,0,7
S01008300,380,377,3,0,3
S01008301,320,316,4,0,4
S01008302,302,300,2,0,2
S01008303,279,272,7,0,7
S01008304,218,212,6,1,5
S01008305,319,315,4,1,3
S01008306,240,239,1,0,1
S01008307,217,216,1,0,1
S01008308,245,238,7,0,7
S01008309,384,372,12,0,12
S01008310,472,467,5,0,5
S01008311,176,172,4,0,4
S01008312,175,171,4,0,4
S01008313,415,403,12,0,12
S01008314,321,311,10,0,10
S01008315,462,450,12,1,11
S01008316,273,265,8,0,8
S01008317,320,316,4,0,4
S01008318,381,368,13,1,12
S01008319,383,373,10,1,9
S01008320,315,308,7,1,6
S01008321,197,195,2,0,2
S01008322,502,501,1,0,1
S01008323,327,324,3,0,3
S01008324,259,254,5,0,5
S01008325,302,291,11,0,11
S01008326,463,455,8,0,8
S01008327,397,386,11,0,11
S01008328,246,242,4,0,4
S01008329,295,291,4,0,4
S01008330,295,290,5,0,5
S01008331,247,246,1,0,1
S01008332,386,378,8,1,7
S01008333,474,454,20,0,20
S01008334,332,321,11,2,9
S01008335,336,330,6,0,6
S01008336,277,268,9,0,9
S01008337,373,365,8,2,6
S01008338,263,262,1,0,1
S01008339,227,227,0,0,0
S01008340,317,313,4,1,3
S01008341,204,204,0,0,0
S01008342,332,327,5,1,4
S01008343,333,328,5,1,4
S01008344,360,355,5,1,4
S01008345,357,350,7,1,6
S01008346,362,359,3,0,3
S01008347,509,489,20,1,19
S01008348,328,326,2,0,2
S01008349,319,313,6,0,6
S01008350,258,257,1,0,1
S01008351,354,347,7,1,6
S01008352,252,248,4,1,3
S01008353,200,198,2,1,1
S01008354,297,286,11,0,11
S01008355,308,299,9,1,8
S01008356,262,259,3,0,3
S01008357,298,296,2,0,2
S01008358,360,346,14,0,14
S01008359,271,250,21,0,21
S01008360,325,319,6,0,6
S01008361,204,201,3,0,3
S01008362,417,409,8,0,8
S01008363,322,320,2,0,2
S01008364,329,322,7,0,7
S01008365,290,288,2,0,2
S01008366,434,424,10,0,10
S01008367,378,368,10,0,10
S01008368,315,311,4,0,4
S01008369,237,235,2,0,2
S01008370,310,300,10,1,9
S01008371,302,302,0,0,0
S01008372,289,288,1,0,1
S01008373,269,269,0,0,0
S01008374,268,264,4,0,4
S01008375,286,285,1,0,1
S01008376,214,212,2,0,2
S01008377,293,291,2,0,2
S01008378,427,421,6,0,6
S01008379,208,206,2,0,2
S01008380,240,238,2,0,2
S01008381,230,229,1,0,1
S01008382,260,248,12,0,12
S01008383,182,181,1,1,0
S01008384,390,387,3,0,3
S01008385,254,252,2,0,2
S01008386,342,337,5,0,5
S01008387,244,241,3,0,3
S01008388,243,243,0,0,0
S01008389,322,312,10,1,9
S01008390,257,255,2,0,2
S01008391,360,349,11,1,10
S01008392,331,330,1,0,1
S01008393,374,369,5,1,4
S01008394,278,276,2,0,2
S01008395,192,189,3,0,3
S01008396,314,303,11,0,11
S01008397,347,346,1,0,1
S01008398,242,238,4,0,4
S01008399,264,257,7,2,5
S01008400,264,261,3,0,3
S01008401,409,404,5,0,5
S01008402,419,415,4,1,3
S01008403,218,218,0,0,0
S01008404,354,349,5,1,4
S01008405,271,266,5,2,3
S01008406,474,451,23,2,21
S01008407,303,284,19,1,18
S01008408,266,265,1,0,1
S01008409,406,390,16,0,16
S01008410,280,269,11,1,10
S01008411,251,247,4,0,4
S01008412,275,274,1,0,1
S01008413,225,222,3,0,3
S01008414,154,152,2,0,2
S01008415,353,347,6,0,6
S01008416,445,437,8,0,8
S01008417,302,299,3,0,3
S01008418,317,312,5,1,4
S01008419,193,193,0,0,0
S01008420,192,190,2,1,1
S01008421,404,394,10,4,6
S01008422,243,241,2,0,2
S01008423,415,398,17,2,15
S01008424,339,338,1,0,1
S01008425,416,409,7,1,6
S01008426,266,264,2,0,2
S01008427,399,397,2,0,2
S01008428,318,316,2,0,2
S01008429,355,352,3,0,3
S01008430,282,276,6,0,6
S01008431,356,352,4,0,4
S01008432,299,293,6,0,6
S01008433,349,348,1,0,1
S01008434,326,322,4,0,4
S01008435,302,301,1,0,1
S01008436,360,356,4,1,3
S01008437,383,367,16,2,14
S01008438,200,189,11,5,6
S01008439,440,434,6,5,1
S01008440,415,403,12,3,9
S01008441,188,186,2,0,2
S01008442,314,303,11,2,9
S01008443,254,252,2,1,1
S01008444,269,260,9,0,9
S01008445,422,403,19,0,19
S01008446,334,323,11,1,10
S01008447,291,286,5,1,4
S01008448,319,315,4,4,0
S01008449,357,351,6,2,4
S01008450,257,256,1,0,1
S01008451,335,325,10,0,10
S01008452,272,271,1,0,1
S01008453,217,215,2,0,2
S01008454,400,393,7,0,7
S01008455,503,501,2,0,2
S01008456,533,528,5,0,5
S01008457,393,353,40,1,39
S01008458,442,428,14,2,12
S01008459,398,393,5,0,5
S01008460,378,368,10,1,9
S01008461,455,450,5,1,4
S01008462,357,349,8,0,8
S01008463,362,355,7,1,6
S01008464,416,413,3,0,3
S01008465,358,346,12,0,12
S01008466,321,318,3,0,3
S01008467,332,330,2,0,2
S01008468,239,232,7,6,1
S01008469,231,229,2,1,1
S01008470,311,298,13,12,1
S01008471,350,347,3,2,1
S01008472,279,277,2,0,2
S01008473,307,307,0,0,0
S01008474,447,440,7,0,7
S01008475,334,327,7,0,7
S01008476,417,406,11,1,10
S01008477,480,465,15,0,15
S01008478,453,439,14,1,13
S01008479,424,407,17,0,17
S01008480,280,279,1,1,0
S01008481,374,373,1,0,1
S01008482,322,316,6,0,6
S01008483,337,327,10,3,7
S01008484,351,342,9,0,9
S01008485,425,408,17,1,16
S01008486,464,459,5,0,5
S01008487,423,417,6,1,5
S01008488,428,416,12,0,12
S01008489,309,305,4,1,3
S01008490,547,528,19,1,18
S01008491,507,487,20,1,19
S01008492,527,515,12,4,8
S01008493,430,420,10,1,9
S01008494,420,409,11,0,11
S01008495,611,589,22,1,21
S01008496,686,676,10,2,8
S01008497,582,572,10,0,10
S01008498,533,525,8,0,8
S01008499,603,591,12,2,10
S01008500,209,209,0,0,0
S01008501,321,316,5,0,5
S01008502,384,373,11,1,10
S01008503,447,443,4,0,4
S01008504,553,543,10,4,6
S01008505,336,330,6,0,6
S01008506,454,442,12,1,11
S01008507,393,386,7,0,7
S01008508,362,358,4,3,1
S01008509,529,509,20,10,10
S01008510,395,390,5,0,5
S01008511,366,358,8,0,8
S01008512,210,201,9,2,7
S01008513,264,258,6,2,4
S01008514,421,397,24,3,21
S01008515,306,297,9,1,8
S01008516,620,592,28,12,16
S01008517,479,463,16,3,13
S01008518,387,378,9,2,7
S01008519,336,324,12,0,12
S01008520,434,433,1,1,0
S01008521,347,338,9,0,9
S01008522,234,228,6,1,5
S01008523,446,434,12,6,6
S01008524,457,442,15,0,15
S01008525,386,380,6,0,6
S01008526,458,448,10,2,8
S01008527,340,333,7,1,6
S01008528,305,304,1,0,1
S01008529,353,349,4,0,4
S01008530,376,369,7,2,5
S01008531,404,394,10,1,9
S01008532,217,213,4,0,4
S01008533,203,179,24,0,24
S01008534,291,274,17,1,16
S01008535,286,284,2,0,2
S01008536,271,263,8,0,8
S01008537,282,280,2,0,2
S01008538,245,242,3,0,3
S01008539,349,346,3,0,3
S01008540,381,373,8,0,8
S01008541,323,323,0,0,0
S01008542,337,337,0,0,0
S01008543,259,259,0,0,0
S01008544,217,216,1,0,1
S01008545,339,334,5,2,3
S01008546,343,337,6,2,4
S01008547,430,424,6,2,4
S01008548,356,347,9,0,9
S01008549,450,439,11,0,11
S01008550,348,346,2,1,1
S01008551,502,496,6,1,5
S01008552,385,383,2,1,1
S01008553,250,244,6,0,6
S01008554,369,368,1,0,1
S01008555,535,528,7,0,7
S01008556,356,346,10,0,10
S01008557,434,429,5,0,5
S01008558,439,433,6,1,5
S01008559,301,295,6,0,6
S01008560,300,295,5,0,5
S01008561,281,277,4,1,3
S01008562,349,344,5,0,5
S01008563,377,369,8,0,8
S01008564,323,315,8,1,7
S01008565,419,414,5,0,5
S01008566,436,433,3,0,3
S01008567,295,289,6,0,6
S01008568,359,350,9,2,7
S01008569,415,400,15,1,14
S01008570,426,426,0,0,0
S01008571,327,323,4,0,4
S01008572,352,346,6,1,5
S01008573,323,321,2,0,2
S01008574,295,293,2,2,0
S01008575,336,335,1,0,1
S01008576,388,386,2,0,2
S01008577,373,363,10,2,8
S01008578,294,291,3,0,3
S01008579,309,301,8,1,7
S01008580,263,261,2,0,2
S01008581,473,464,9,1,8
S01008582,494,486,8,0,8
S01008583,355,352,3,0,3
S01008584,400,394,6,2,4
S01008585,250,249,1,1,0
S01008586,367,360,7,0,7
S01008587,321,316,5,2,3
S01008588,351,344,7,0,7
S01008589,180,172,8,7,1
S01008590,441,413,28,7,21
S01008591,335,327,8,1,7
S01008592,374,356,18,0,18
S01008593,313,309,4,2,2
S01008594,437,428,9,4,5
S01008595,516,508,8,2,6
S01008596,463,455,8,0,8
S01008597,391,388,3,2,1
S01008598,331,329,2,0,2
S01008599,371,366,5,0,5
S01008600,313,306,7,2,5
S01008601,329,314,15,1,14
S01008602,331,323,8,5,3
S01008603,558,544,14,4,10
S01008604,430,418,12,8,4
S01008605,339,337,2,0,2
S01008606,295,287,8,5,3
S01008607,291,283,8,1,7
S01008608,332,326,6,3,3
S01008609,421,410,11,2,9
S01008610,433,416,17,7,10
S01008611,602,592,10,2,8
S01008612,387,376,11,1,10
S01008613,375,371,4,3,1
S01008614,317,307,10,1,9
S01008615,335,331,4,2,2
S01008616,260,259,1,1,0
S01008617,288,281,7,4,3
S01008618,273,267,6,0,6
S01008619,209,203,6,0,6
S01008620,296,290,6,2,4
S01008621,281,272,9,5,4
S01008622,208,200,8,5,3
S01008623,361,343,18,10,8
S01008624,353,346,7,2,5
S01008625,244,239,5,1,4
S01008626,399,388,11,4,7
S01008627,258,256,2,1,1
S01008628,276,262,14,4,10
S01008629,311,301,10,5,5
S01008630,288,277,11,4,7
S01008631,475,453,22,3,19
S01008632,430,420,10,5,5
S01008633,467,452,15,4,11
S01008634,285,276,9,3,6
S01008635,371,362,9,4,5
S01008636,375,367,8,3,5
S01008637,317,309,8,2,6
S01008638,352,344,8,0,8
S01008639,444,430,14,1,13
S01008640,357,351,6,1,5
S01008641,372,351,21,4,17
S01008642,437,433,4,1,3
S01008643,330,323,7,1,6
S01008644,392,386,6,2,4
S01008645,365,360,5,2,3
S01008646,461,453,8,1,7
S01008647,338,330,8,1,7
S01008648,356,339,17,0,17
S01008649,581,560,21,0,21
S01008650,493,470,23,2,21
S01008651,505,497,8,2,6
S01008652,407,387,20,8,12
S01008653,411,402,9,0,9
S01008654,597,585,12,3,9
S01008655,465,442,23,4,19
S01008656,433,426,7,3,4
S01008657,368,361,7,0,7
S01008658,619,555,64,2,62
S01008659,488,446,42,25,17
S01008660,484,444,40,16,24
S01008661,457,437,20,3,17
S01008662,295,276,19,12,7
S01008663,453,434,19,2,17
S01008664,403,396,7,2,5
S01008665,538,524,14,6,8
S01008666,327,311,16,5,11
S01008667,313,308,5,2,3
S01008668,288,280,8,1,7
S01008669,173,173,0,0,0
S01008670,268,260,8,1,7
S01008671,340,331,9,2,7
S01008672,344,341,3,0,3
S01008673,703,649,54,20,34
S01008674,431,413,18,9,9
S01008675,548,476,72,64,8
S01008676,416,338,78,64,14
S01008677,508,420,88,48,40
S01008678,416,393,23,17,6
S01008679,571,546,25,15,10
S01008680,345,326,19,10,9
S01008681,547,540,7,4,3
S01008682,438,431,7,2,5
S01008683,596,576,20,1,19
S01008684,578,532,46,32,14
S01008685,537,489,48,32,16
S01008686,596,585,11,4,7
S01008687,427,419,8,2,6
S01008688,475,457,18,5,13
S01008689,556,548,8,0,8
S01008690,605,598,7,3,4
S01008691,699,678,21,6,15
S01008692,409,391,18,1,17
S01008693,228,224,4,0,4
S01008694,544,537,7,2,5
S01008695,345,338,7,1,6
S01008696,287,285,2,0,2
S01008697,458,453,5,0,5
S01008698,215,209,6,1,5
S01008699,481,470,11,0,11
S01008700,252,248,4,2,2
S01008701,215,200,15,0,15
S01008702,338,312,26,1,25
S01008703,461,456,5,0,5
S01008704,329,307,22,0,22
S01008705,239,236,3,0,3
S01008706,252,243,9,0,9
S01008707,403,387,16,2,14
S01008708,455,452,3,0,3
S01008709,300,299,1,0,1
S01008710,210,208,2,0,2
S01008711,354,353,1,0,1
S01008712,508,499,9,0,9
S01008713,298,292,6,0,6
S01008714,298,297,1,0,1
S01008715,369,367,2,1,1
S01008716,297,295,2,0,2
S01008717,181,181,0,0,0
S01008718,223,222,1,0,1
S01008719,426,420,6,0,6
S01008720,252,243,9,0,9
S01008721,317,310,7,0,7
S01008722,494,480,14,0,14
S01008723,277,257,20,2,18
S01008724,412,400,12,1,11
S01008725,352,343,9,1,8
S01008726,246,241,5,2,3
S01008727,470,454,16,0,16
S01008728,238,229,9,1,8
S01008729,281,277,4,1,3
S01008730,420,411,9,3,6
S01008731,228,226,2,0,2
S01008732,350,340,10,0,10
S01008733,483,473,10,0,10
S01008734,274,266,8,0,8
S01008735,393,385,8,1,7
S01008736,293,290,3,0,3
S01008737,342,339,3,1,2
S01008738,309,299,10,3,7
S01008739,241,240,1,1,0
S01008740,227,227,0,0,0
S01008741,396,395,1,0,1
S01008742,284,280,4,2,2
S01008743,494,485,9,4,5
S01008744,532,519,13,0,13
S01008745,242,241,1,0,1
S01008746,582,572,10,1,9
S01008747,237,234,3,0,3
S01008748,287,283,4,0,4
S01008749,412,402,10,0,10
S01008750,315,313,2,0,2
S01008751,307,304,3,0,3
S01008752,475,459,16,1,15
S01008753,327,314,13,1,12
S01008754,368,362,6,1,5
S01008755,556,541,15,1,14
S01008756,424,418,6,1,5
S01008757,413,397,16,1,15
S01008758,462,444,18,1,17
S01008759,330,322,8,0,8
S01008760,512,500,12,0,12
S01008761,337,295,42,41,1
S01008762,305,301,4,0,4
S01008763,444,433,11,2,9
S01008764,312,306,6,3,3
S01008765,402,393,9,4,5
S01008766,419,413,6,1,5
S01008767,268,266,2,0,2
S01008768,267,256,11,1,10
S01008769,478,380,98,93,5
S01008770,448,431,17,15,2
S01008771,423,411,12,9,3
S01008772,411,395,16,12,4
S01008773,615,596,19,7,12
S01008774,627,495,132,19,113
S01008775,234,218,16,5,11
S01008776,474,467,7,0,7
S01008777,662,637,25,2,23
S01008778,725,664,61,57,4
S01008779,444,402,42,25,17
S01008780,336,329,7,1,6
S01008781,538,530,8,1,7
S01008782,416,400,16,2,14
S01008783,251,236,15,2,13
S01008784,270,268,2,1,1
S01008785,490,485,5,1,4
S01008786,556,540,16,2,14
S01008787,211,200,11,1,10
S01008788,384,376,8,6,2
S01008789,384,375,9,2,7
S01008790,361,353,8,0,8
S01008791,432,421,11,4,7
S01008792,426,415,11,3,8
S01008793,279,266,13,0,13
S01008794,498,492,6,2,4
S01008795,626,618,8,0,8
S01008796,634,622,12,2,10
S01008797,595,579,16,0,16
S01008798,508,502,6,0,6
S01008799,327,322,5,1,4
S01008800,662,651,11,6,5
S01008801,595,582,13,1,12
S01008802,635,614,21,3,18
S01008803,590,575,15,4,11
S01008804,347,332,15,0,15
S01008805,352,334,18,6,12
S01008806,583,558,25,10,15
S01008807,499,490,9,1,8
S01008808,405,391,14,1,13
S01008809,355,324,31,16,15
S01008810,393,383,10,3,7
S01008811,400,389,11,5,6
S01008812,271,260,11,2,9
S01008813,522,508,14,6,8
S01008814,421,403,18,1,17
S01008815,568,557,11,2,9
S01008816,335,321,14,5,9
S01008817,455,425,30,2,28
S01008818,381,371,10,4,6
S01008819,385,368,17,4,13
S01008820,640,616,24,3,21
S01008821,278,271,7,1,6
S01008822,292,286,6,3,3
S01008823,282,269,13,9,4
S01008824,520,510,10,7,3
S01008825,305,296,9,4,5
S01008826,395,378,17,9,8
S01008827,281,273,8,2,6
S01008828,458,439,19,6,13
S01008829,304,297,7,0,7
S01008830,343,334,9,3,6
S01008831,365,359,6,3,3
S01008832,363,350,13,9,4
S01008833,546,526,20,1,19
S01008834,529,519,10,3,7
S01008835,415,407,8,2,6
S01008836,421,413,8,2,6
S01008837,645,630,15,6,9
S01008838,644,606,38,6,32
S01008839,573,549,24,6,18
S01008840,528,510,18,5,13
S01008841,316,291,25,1,24
S01008842,443,433,10,0,10
S01008843,491,464,27,4,23
S01008844,380,355,25,8,17
S01008845,498,420,78,54,24
S01008846,406,386,20,17,3
S01008847,295,263,32,15,17
S01008848,395,384,11,6,5
S01008849,471,396,75,47,28
S01008850,441,401,40,21,19
S01008851,693,634,59,38,21
S01008852,567,503,64,43,21
S01008853,371,352,19,11,8
S01008854,515,483,32,8,24
S01008855,675,620,55,13,42
S01008856,311,296,15,9,6
S01008857,463,434,29,7,22
S01008858,361,328,33,15,18
S01008859,760,712,48,17,31
S01008860,540,500,40,16,24
S01008861,395,349,46,17,29
S01008862,585,561,24,7,17
S01008863,412,392,20,9,11
S01008864,443,410,33,9,24
S01008865,470,455,15,6,9
S01008866,481,467,14,3,11
S01008867,461,421,40,18,22
S01008868,478,391,87,45,42
S01008869,660,615,45,28,17
S01008870,465,426,39,23,16
S01008871,554,503,51,11,40
S01008872,434,401,33,4,29
S01008873,363,334,29,2,27
S01008874,550,514,36,11,25
S01008875,522,502,20,2,18
S01008876,305,291,14,0,14
S01008877,246,243,3,0,3
S01008878,470,459,11,0,11
S01008879,416,411,5,0,5
S01008880,294,291,3,1,2
S01008881,285,264,21,4,17
S01008882,416,401,15,3,12
S01008883,388,362,26,10,16
S01008884,325,316,9,6,3
S01008885,348,345,3,1,2
S01008886,464,425,39,7,32
S01008887,366,358,8,1,7
S01008888,386,373,13,8,5
S01008889,270,267,3,1,2
S01008890,312,308,4,0,4
S01008891,339,329,10,2,8
S01008892,561,533,28,6,22
S01008893,357,353,4,0,4
S01008894,341,337,4,0,4
S01008895,311,301,10,2,8
S01008896,213,208,5,2,3
S01008897,309,304,5,2,3
S01008898,335,331,4,1,3
S01008899,393,389,4,0,4
S01008900,419,415,4,0,4
S01008901,378,374,4,1,3
S01008902,514,485,29,2,27
S01008903,475,463,12,0,12
S01008904,441,431,10,0,10
S01008905,515,510,5,0,5
S01008906,392,386,6,0,6
S01008907,254,249,5,1,4
S01008908,437,421,16,1,15
S01008909,358,347,11,9,2
S01008910,212,211,1,0,1
S01008911,449,432,17,3,14
S01008912,341,333,8,1,7
S01008913,273,272,1,0,1
S01008914,409,398,11,5,6
S01008915,238,236,2,2,0
S01008916,600,593,7,0,7
S01008917,386,379,7,0,7
S01008918,297,293,4,0,4
S01008919,268,264,4,0,4
S01008920,603,586,17,11,6
S01008921,384,375,9,0,9
S01008922,414,400,14,6,8
S01008923,403,394,9,0,9
S01008924,372,372,0,0,0
S01008925,271,266,5,1,4
S01008926,245,242,3,1,2
S01008927,475,416,59,0,59
S01008928,301,298,3,0,3
S01008929,480,475,5,3,2
S01008930,439,427,12,1,11
S01008931,343,339,4,0,4
S01008932,413,404,9,1,8
S01008933,291,289,2,0,2
S01008934,364,354,10,1,9
S01008935,383,377,6,1,5
S01008936,160,157,3,0,3
S01008937,428,424,4,1,3
S01008938,290,285,5,0,5
S01008939,323,323,0,0,0
S01008940,261,255,6,3,3
S01008941,406,350,56,7,49
S01008942,349,333,16,7,9
S01008943,355,340,15,10,5
S01008944,444,429,15,5,10
S01008945,301,299,2,1,1
S01008946,409,397,12,1,11
S01008947,463,449,14,1,13
S01008948,293,285,8,0,8
S01008949,399,393,6,0,6
S01008950,423,420,3,0,3
S01008951,446,435,11,3,8
S01008952,433,421,12,0,12
S01008953,434,424,10,0,10
S01008954,444,434,10,0,10
S01008955,293,282,11,2,9
S01008956,410,406,4,0,4
S01008957,436,429,7,1,6
S01008958,414,404,10,1,9
S01008959,383,380,3,0,3
S01008960,332,328,4,0,4
S01008961,321,319,2,1,1
S01008962,280,275,5,1,4
S01008963,356,349,7,2,5
S01008964,215,211,4,0,4
S01008965,329,321,8,2,6
S01008966,257,252,5,1,4
S01008967,440,430,10,1,9
S01008968,402,398,4,1,3
S01008969,466,460,6,0,6
S01008970,443,438,5,1,4
S01008971,274,273,1,0,1
S01008972,309,304,5,3,2
S01008973,371,361,10,6,4
S01008974,393,374,19,5,14
S01008975,458,449,9,4,5
S01008976,218,212,6,2,4
S01008977,260,256,4,1,3
S01008978,255,252,3,0,3
S01008979,313,308,5,0,5
S01008980,338,334,4,0,4
S01008981,322,316,6,1,5
S01008982,357,352,5,0,5
S01008983,328,314,14,0,14
S01008984,229,227,2,0,2
S01008985,332,326,6,0,6
S01008986,344,343,1,1,0
S01008987,331,330,1,0,1
S01008988,494,481,13,6,7
S01008989,327,323,4,1,3
S01008990,391,383,8,1,7
S01008991,390,381,9,3,6
S01008992,275,270,5,2,3
S01008993,508,476,32,5,27
S01008994,342,337,5,1,4
S01008995,356,352,4,1,3
S01008996,258,251,7,0,7
S01008997,417,411,6,0,6
S01008998,244,236,8,0,8
S01008999,424,411,13,0,13
S01009000,400,393,7,1,6
S01009001,326,323,3,0,3
S01009002,379,348,31,6,25
S01009003,406,394,12,6,6
S01009004,276,270,6,0,6
S01009005,331,327,4,1,3
S01009006,322,318,4,0,4
S01009007,298,290,8,0,8
S01009008,463,445,18,8,10
S01009009,265,252,13,2,11
S01009010,418,404,14,0,14
S01009011,320,319,1,1,0
S01009012,301,296,5,0,5
S01009013,368,363,5,1,4
S01009014,354,284,70,63,7
S01009015,379,303,76,62,14
S01009016,286,250,36,29,7
S01009017,315,278,37,17,20
S01009018,369,326,43,36,7
S01009019,227,221,6,4,2
S01009020,395,366,29,10,19
S01009021,419,344,75,69,6
S01009022,513,447,66,53,13
S01009023,525,435,90,81,9
S01009024,538,476,62,41,21
S01009025,511,433,78,43,35
S01009026,424,411,13,3,10
S01009027,465,373,92,83,9
S01009028,258,232,26,20,6
S01009029,313,286,27,19,8
S01009030,349,321,28,16,12
S01009031,373,356,17,9,8
S01009032,334,299,35,31,4
S01009033,397,359,38,35,3
S01009034,311,283,28,20,8
S01009035,392,381,11,5,6
S01009036,450,437,13,5,8
S01009037,417,367,50,5,45
S01009038,477,440,37,9,28
S01009039,325,313,12,1,11
S01009040,351,338,13,3,10
S01009041,534,503,31,8,23
S01009042,407,401,6,2,4
S01009043,303,293,10,3,7
S01009044,430,412,18,2,16
S01009045,303,287,16,8,8
S01009046,382,363,19,5,14
S01009047,353,336,17,7,10
S01009048,376,348,28,15,13
S01009049,302,274,28,16,12
S01009050,381,370,11,4,7
S01009051,299,292,7,4,3
S01009052,308,305,3,0,3
S01009053,298,259,39,20,19
S01009054,252,249,3,0,3
S01009055,374,361,13,2,11
S01009056,221,217,4,0,4
S01009057,288,282,6,1,5
S01009058,389,385,4,0,4
S01009059,367,347,20,0,20
S01009060,195,188,7,2,5
S01009061,335,326,9,0,9
S01009062,303,298,5,0,5
S01009063,307,291,16,0,16
S01009064,269,264,5,0,5
S01009065,353,328,25,13,12
S01009066,330,319,11,0,11
S01009067,306,302,4,0,4
S01009068,398,386,12,0,12
S01009069,253,249,4,0,4
S01009070,271,269,2,0,2
S01009071,235,228,7,3,4
S01009072,209,199,10,0,10
S01009073,258,251,7,2,5
S01009074,294,290,4,0,4
S01009075,238,233,5,1,4
S01009076,385,381,4,0,4
S01009077,270,259,11,0,11
S01009078,273,271,2,0,2
S01009079,401,388,13,0,13
S01009080,438,430,8,1,7
S01009081,320,311,9,0,9
S01009082,435,426,9,0,9
S01009083,353,349,4,0,4
S01009084,184,177,7,2,5
S01009085,285,280,5,0,5
S01009086,308,305,3,0,3
S01009087,252,247,5,0,5
S01009088,395,385,10,2,8
S01009089,332,325,7,0,7
S01009090,346,333,13,3,10
S01009091,225,223,2,0,2
S01009092,488,482,6,0,6
S01009093,350,343,7,0,7
S01009094,294,290,4,0,4
S01009095,369,360,9,1,8
S01009096,393,384,9,0,9
S01009097,347,347,0,0,0
S01009098,191,190,1,0,1
S01009099,394,384,10,0,10
S01009100,408,397,11,0,11
S01009101,382,369,13,0,13
S01009102,328,317,11,0,11
S01009103,249,246,3,0,3
S01009104,360,352,8,1,7
S01009105,346,337,9,0,9
S01009106,267,264,3,0,3
S01009107,336,333,3,1,2
S01009108,318,313,5,0,5
S01009109,266,263,3,0,3
S01009110,275,263,12,0,12
S01009111,381,372,9,1,8
S01009112,241,238,3,0,3
S01009113,385,381,4,1,3
S01009114,304,303,1,0,1
S01009115,268,259,9,0,9
S01009116,192,191,1,0,1
S01009117,402,391,11,0,11
S01009118,219,215,4,0,4
S01009119,300,297,3,0,3
S01009120,235,233,2,0,2
S01009121,387,380,7,0,7
S01009122,432,417,15,9,6
S01009123,218,215,3,1,2
S01009124,220,217,3,0,3
S01009125,303,301,2,0,2
S01009126,324,281,43,36,7
S01009127,297,269,28,21,7
S01009128,488,467,21,1,20
S01009129,215,205,10,1,9
S01009130,279,271,8,3,5
S01009131,270,260,10,4,6
S01009132,335,329,6,0,6
S01009133,315,301,14,11,3
S01009134,419,409,10,6,4
S01009135,267,264,3,2,1
S01009136,289,275,14,0,14
S01009137,205,203,2,0,2
S01009138,405,395,10,0,10
S01009139,281,239,42,27,15
S01009140,395,381,14,0,14
S01009141,508,473,35,5,30
S01009142,493,393,100,40,60
S01009143,331,312,19,1,18
S01009144,324,306,18,0,18
S01009145,500,497,3,1,2
S01009146,427,417,10,1,9
S01009147,362,353,9,0,9
S01009148,263,260,3,0,3
S01009149,401,384,17,2,15
S01009150,590,574,16,0,16
S01009151,489,474,15,2,13
S01009152,482,462,20,1,19
S01009153,288,266,22,2,20
S01009154,461,438,23,1,22
S01009155,244,234,10,0,10
S01009156,266,247,19,3,16
S01009157,374,366,8,1,7
S01009158,287,277,10,0,10
S01009159,261,250,11,0,11
S01009160,347,327,20,1,19
S01009161,370,349,21,11,10
S01009162,463,436,27,22,5
S01009163,250,233,17,10,7
S01009164,318,307,11,0,11
S01009165,332,324,8,1,7
S01009166,407,399,8,0,8
S01009167,204,198,6,1,5
S01009168,306,297,9,0,9
S01009169,427,420,7,1,6
S01009170,309,282,27,11,16
S01009171,328,297,31,20,11
S01009172,296,288,8,0,8
S01009173,315,309,6,0,6
S01009174,162,162,0,0,0
S01009175,306,300,6,1,5
S01009176,403,400,3,2,1
S01009177,371,367,4,0,4
S01009178,326,320,6,0,6
S01009179,285,273,12,9,3
S01009180,447,437,10,0,10
S01009181,362,361,1,1,0
S01009182,422,419,3,1,2
S01009183,267,267,0,0,0
S01009184,399,376,23,0,23
S01009185,372,354,18,0,18
S01009186,319,312,7,0,7
S01009187,220,215,5,1,4
S01009188,403,383,20,1,19
S01009189,342,336,6,0,6
S01009190,320,309,11,0,11
S01009191,232,229,3,2,1
S01009192,262,258,4,0,4
S01009193,130,127,3,0,3
S01009194,328,323,5,0,5
S01009195,359,353,6,0,6
S01009196,300,298,2,0,2
S01009197,413,401,12,0,12
S01009198,311,306,5,0,5
S01009199,250,248,2,0,2
S01009200,458,439,19,0,19
S01009201,275,268,7,0,7
S01009202,192,190,2,0,2
S01009203,275,269,6,0,6
S01009204,347,343,4,0,4
S01009205,315,307,8,0,8
S01009206,367,362,5,0,5
S01009207,380,375,5,0,5
S01009208,302,294,8,0,8
S01009209,314,304,10,0,10
S01009210,238,234,4,0,4
S01009211,266,259,7,0,7
S01009212,371,363,8,0,8
S01009213,362,355,7,1,6
S01009214,400,397,3,0,3
S01009215,448,439,9,0,9
S01009216,404,397,7,0,7
S01009217,283,279,4,0,4
S01009218,402,395,7,1,6
S01009219,319,313,6,0,6
S01009220,267,264,3,0,3
S01009221,247,239,8,0,8
S01009222,243,238,5,0,5
S01009223,247,244,3,0,3
S01009224,289,277,12,0,12
S01009225,276,268,8,1,7
S01009226,531,507,24,0,24
S01009227,362,355,7,0,7
S01009228,326,313,13,1,12
S01009229,299,293,6,0,6
S01009230,336,319,17,5,12
S01009231,450,437,13,0,13
S01009232,333,309,24,2,22
S01009233,274,267,7,0,7
S01009234,495,476,19,7,12
S01009235,478,457,21,4,17
S01009236,227,224,3,0,3
S01009237,386,378,8,0,8
S01009238,343,335,8,1,7
S01009239,424,420,4,0,4
S01009240,419,387,32,0,32
S01009241,465,453,12,0,12
S01009242,326,321,5,0,5
S01009243,402,398,4,1,3
S01009244,350,337,13,6,7
S01009245,366,361,5,0,5
S01009246,398,383,15,0,15
S01009247,437,429,8,1,7
S01009248,307,300,7,2,5
S01009249,381,375,6,2,4
S01009250,282,278,4,0,4
S01009251,227,221,6,0,6
S01009252,163,163,0,0,0
S01009253,239,239,0,0,0
S01009254,374,371,3,0,3
S01009255,380,376,4,2,2
S01009256,228,222,6,0,6
S01009257,336,330,6,0,6
S01009258,291,282,9,2,7
S01009259,381,380,1,0,1
S01009260,542,526,16,0,16
S01009261,399,386,13,1,12
S01009262,296,293,3,0,3
S01009263,370,365,5,0,5
S01009264,237,231,6,1,5
S01009265,406,376,30,12,18
S01009266,380,374,6,6,0
S01009267,400,377,23,14,9
S01009268,455,431,24,3,21
S01009269,377,351,26,10,16
S01009270,324,306,18,6,12
S01009271,357,349,8,5,3
S01009272,285,264,21,13,8
S01009273,213,211,2,0,2
S01009274,264,255,9,3,6
S01009275,257,244,13,7,6
S01009276,384,373,11,0,11
S01009277,225,218,7,2,5
S01009278,245,235,10,4,6
S01009279,294,283,11,4,7
S01009280,416,406,10,1,9
S01009281,395,375,20,7,13
S01009282,376,346,30,23,7
S01009283,200,180,20,6,14
S01009284,318,311,7,2,5
S01009285,358,350,8,5,3
S01009286,364,351,13,6,7
S01009287,349,339,10,5,5
S01009288,412,392,20,11,9
S01009289,421,409,12,3,9
S01009290,292,288,4,3,1
S01009291,396,394,2,0,2
S01009292,237,228,9,6,3
S01009293,312,297,15,7,8
S01009294,195,192,3,0,3
S01009295,267,264,3,1,2
S01009296,192,187,5,0,5
S01009297,341,328,13,4,9
S01009298,580,553,27,5,22
S01009299,503,484,19,2,17
S01009300,296,287,9,3,6
S01009301,604,551,53,34,19
S01009302,485,450,35,21,14
S01009303,344,322,22,12,10
S01009304,409,395,14,4,10
S01009305,441,412,29,9,20
S01009306,590,565,25,4,21
S01009307,604,544,60,8,52
S01009308,324,304,20,7,13
S01009309,423,400,23,4,19
S01009310,409,399,10,0,10
S01009311,280,274,6,4,2
S01009312,384,366,18,4,14
S01009313,291,285,6,1,5
S01009314,263,258,5,1,4
S01009315,278,270,8,1,7
S01009316,330,326,4,0,4
S01009317,365,358,7,0,7
S01009318,239,236,3,0,3
S01009319,424,416,8,1,7
S01009320,357,352,5,1,4
S01009321,295,295,0,0,0
S01009322,358,355,3,1,2
S01009323,335,327,8,1,7
S01009324,268,256,12,6,6
S01009325,308,308,0,0,0
S01009326,213,210,3,0,3
S01009327,262,258,4,2,2
S01009328,251,237,14,0,14
S01009329,210,203,7,1,6
S01009330,189,183,6,1,5
S01009331,183,180,3,0,3
S01009332,340,333,7,1,6
S01009333,377,355,22,6,16
S01009334,327,310,17,10,7
S01009335,349,337,12,5,7
S01009336,340,318,22,15,7
S01009337,321,318,3,0,3
S01009338,417,401,16,3,13
S01009339,415,391,24,2,22
S01009340,292,283,9,0,9
S01009341,279,270,9,0,9
S01009342,334,333,1,0,1
S01009343,244,242,2,0,2
S01009344,297,288,9,2,7
S01009345,385,379,6,0,6
S01009346,231,228,3,1,2
S01009347,221,216,5,1,4
S01009348,161,161,0,0,0
S01009349,289,288,1,0,1
S01009350,241,240,1,0,1
S01009351,215,213,2,1,1
S01009352,295,290,5,0,5
S01009353,157,147,10,1,9
S01009354,312,297,15,0,15
S01009355,371,367,4,0,4
S01009356,413,411,2,0,2
S01009357,182,179,3,0,3
S01009358,257,256,1,0,1
S01009359,280,277,3,0,3
S01009360,382,376,6,1,5
S01009361,347,342,5,0,5
S01009362,421,417,4,0,4
S01009363,380,373,7,1,6
S01009364,331,325,6,0,6
S01009365,280,277,3,0,3
S01009366,361,351,10,0,10
S01009367,311,296,15,8,7
S01009368,214,211,3,0,3
S01009369,263,255,8,5,3
S01009370,387,381,6,1,5
S01009371,245,242,3,0,3
S01009372,223,219,4,0,4
S01009373,416,398,18,1,17
S01009374,443,432,11,0,11
S01009375,346,337,9,4,5
S01009376,273,271,2,0,2
S01009377,422,373,49,11,38
S01009378,394,388,6,0,6
S01009379,341,337,4,2,2
S01009380,211,200,11,1,10
S01009381,288,284,4,1,3
S01009382,388,377,11,3,8
S01009383,452,439,13,1,12
S01009384,267,248,19,6,13
S01009385,225,220,5,2,3
S01009386,285,279,6,2,4
S01009387,261,260,1,1,0
S01009388,467,423,44,22,22
S01009389,476,460,16,2,14
S01009390,279,270,9,3,6
S01009391,261,259,2,0,2
S01009392,193,193,0,0,0
S01009393,271,265,6,0,6
S01009394,480,451,29,19,10
S01009395,307,305,2,0,2
S01009396,303,301,2,2,0
S01009397,341,330,11,3,8
S01009398,310,308,2,0,2
S01009399,312,311,1,0,1
S01009400,225,221,4,0,4
S01009401,287,284,3,1,2
S01009402,400,397,3,0,3
S01009403,208,206,2,0,2
S01009404,248,232,16,10,6
S01009405,164,157,7,2,5
S01009406,436,429,7,6,1
S01009407,230,227,3,0,3
S01009408,316,307,9,2,7
S01009409,314,308,6,3,3
S01009410,370,351,19,0,19
S01009411,369,364,5,0,5
S01009412,413,407,6,3,3
S01009413,466,456,10,4,6
S01009414,296,292,4,0,4
S01009415,403,386,17,5,12
S01009416,204,201,3,2,1
S01009417,133,114,19,2,17
S01009418,531,517,14,1,13
S01009419,261,245,16,11,5
S01009420,269,253,16,15,1
S01009421,316,295,21,17,4
S01009422,388,369,19,8,11
S01009423,343,336,7,0,7
S01009424,257,250,7,1,6
S01009425,398,372,26,7,19
S01009426,448,415,33,25,8
S01009427,350,326,24,17,7
S01009428,245,235,10,6,4
S01009429,365,341,24,5,19
S01009430,358,338,20,4,16
S01009431,358,330,28,15,13
S01009432,335,321,14,4,10
S01009433,346,330,16,12,4
S01009434,252,248,4,0,4
S01009435,365,347,18,14,4
S01009436,310,298,12,5,7
S01009437,332,318,14,0,14
S01009438,428,410,18,8,10
S01009439,389,386,3,2,1
S01009440,341,328,13,0,13
S01009441,381,370,11,5,6
S01009442,227,216,11,1,10
S01009443,304,288,16,7,9
S01009444,312,305,7,5,2
S01009445,335,320,15,12,3
S01009446,508,471,37,10,27
S01009447,255,238,17,11,6
S01009448,348,343,5,0,5
S01009449,255,231,24,8,16
S01009450,321,307,14,5,9
S01009451,440,427,13,3,10
S01009452,277,269,8,3,5
S01009453,506,493,13,5,8
S01009454,413,397,16,8,8
S01009455,401,386,15,9,6
S01009456,379,358,21,12,9
S01009457,269,254,15,6,9
S01009458,359,332,27,13,14
S01009459,511,457,54,27,27
S01009460,431,399,32,19,13
S01009461,209,201,8,0,8
S01009462,300,292,8,3,5
S01009463,328,306,22,11,11
S01009464,392,378,14,4,10
S01009465,274,269,5,3,2
S01009466,263,256,7,1,6
S01009467,358,330,28,5,23
S01009468,405,385,20,2,18
S01009469,426,393,33,16,17
S01009470,239,232,7,2,5
S01009471,442,414,28,13,15
S01009472,464,435,29,7,22
S01009473,497,464,33,11,22
S01009474,432,403,29,20,9
S01009475,225,222,3,2,1
S01009476,182,169,13,7,6
S01009477,373,358,15,5,10
S01009478,504,480,24,11,13
S01009479,441,420,21,18,3
S01009480,439,420,19,2,17
S01009481,507,489,18,5,13
S01009482,346,332,14,1,13
S01009483,420,403,17,0,17
S01009484,446,427,19,0,19
S01009485,369,362,7,0,7
S01009486,321,313,8,0,8
S01009487,401,385,16,12,4
S01009488,277,267,10,1,9
S01009489,405,389,16,6,10
S01009490,404,394,10,2,8
S01009491,347,332,15,2,13
S01009492,311,310,1,0,1
S01009493,376,366,10,1,9
S01009494,397,387,10,2,8
S01009495,380,375,5,1,4
S01009496,377,371,6,2,4
S01009497,435,426,9,4,5
S01009498,280,276,4,0,4
S01009499,361,357,4,2,2
S01009500,394,382,12,3,9
S01009501,332,315,17,12,5
S01009502,386,374,12,7,5
S01009503,347,338,9,0,9
S01009504,323,314,9,1,8
S01009505,371,355,16,8,8
S01009506,360,348,12,1,11
S01009507,349,346,3,0,3
S01009508,408,397,11,0,11
S01009509,437,421,16,2,14
S01009510,305,301,4,1,3
S01009511,260,257,3,0,3
S01009512,316,313,3,0,3
S01009513,247,245,2,0,2
S01009514,284,282,2,0,2
S01009515,368,362,6,0,6
S01009516,405,399,6,4,2
S01009517,348,347,1,0,1
S01009518,321,319,2,2,0
S01009519,199,195,4,0,4
S01009520,336,328,8,2,6
S01009521,379,363,16,2,14
S01009522,382,376,6,1,5
S01009523,279,263,16,8,8
S01009524,367,341,26,11,15
S01009525,276,254,22,12,10
S01009526,382,365,17,2,15
S01009527,426,384,42,30,12
S01009528,362,355,7,3,4
S01009529,262,247,15,10,5
S01009530,264,255,9,2,7
S01009531,477,432,45,28,17
S01009532,452,437,15,3,12
S01009533,460,440,20,2,18
S01009534,455,427,28,10,18
S01009535,320,297,23,10,13
S01009536,235,228,7,0,7
S01009537,299,280,19,7,12
S01009538,433,401,32,15,17
S01009539,402,389,13,5,8
S01009540,507,459,48,40,8
S01009541,342,321,21,4,17
S01009542,403,380,23,9,14
S01009543,295,279,16,1,15
S01009544,454,432,22,9,13
S01009545,354,344,10,0,10
S01009546,431,414,17,12,5
S01009547,356,337,19,6,13
S01009548,328,317,11,0,11
S01009549,360,348,12,1,11
S01009550,215,208,7,7,0
S01009551,230,229,1,1,0
S01009552,406,398,8,0,8
S01009553,437,421,16,0,16
S01009554,315,311,4,0,4
S01009555,383,364,19,0,19
S01009556,382,338,44,30,14
S01009557,311,300,11,0,11
S01009558,305,291,14,3,11
S01009559,390,374,16,2,14
S01009560,380,351,29,9,20
S01009561,265,258,7,0,7
S01009562,324,316,8,0,8
S01009563,389,373,16,2,14
S01009564,324,315,9,0,9
S01009565,257,246,11,0,11
S01009566,435,431,4,0,4
S01009567,427,414,13,6,7
S01009568,342,333,9,0,9
S01009569,370,363,7,0,7
S01009570,244,240,4,0,4
S01009571,303,297,6,0,6
S01009572,508,499,9,0,9
S01009573,341,329,12,1,11
S01009574,449,447,2,0,2
S01009575,233,232,1,1,0
S01009576,223,223,0,0,0
S01009577,254,253,1,1,0
S01009578,316,312,4,0,4
S01009579,450,443,7,0,7
S01009580,359,355,4,0,4
S01009581,258,258,0,0,0
S01009582,242,240,2,0,2
S01009583,353,336,17,15,2
S01009584,222,219,3,1,2
S01009585,420,408,12,11,1
S01009586,315,313,2,0,2
S01009587,378,370,8,0,8
S01009588,448,436,12,0,12
S01009589,361,356,5,0,5
S01009590,267,267,0,0,0
S01009591,308,307,1,0,1
S01009592,246,246,0,0,0
S01009593,223,223,0,0,0
S01009594,265,263,2,0,2
S01009595,175,174,1,0,1
S01009596,360,355,5,1,4
S01009597,367,361,6,0,6
S01009598,308,303,5,0,5
S01009599,418,403,15,0,15
S01009600,337,330,7,0,7
S01009601,309,296,13,8,5
S01009602,292,291,1,0,1
S01009603,235,234,1,0,1
S01009604,383,377,6,1,5
S01009605,357,348,9,0,9
S01009606,223,218,5,1,4
S01009607,214,208,6,0,6
S01009608,294,287,7,1,6
S01009609,379,358,21,3,18
S01009610,511,500,11,1,10
S01009611,230,218,12,0,12
S01009612,280,272,8,0,8
S01009613,183,181,2,0,2
S01009614,228,223,5,0,5
S01009615,178,174,4,0,4
S01009616,334,324,10,0,10
S01009617,314,297,17,3,14
S01009618,377,333,44,40,4
S01009619,309,302,7,2,5
S01009620,423,391,32,32,0
S01009621,452,394,58,34,24
S01009622,463,394,69,61,8
S01009623,255,243,12,8,4
S01009624,428,408,20,12,8
S01009625,392,378,14,9,5
S01009626,244,231,13,7,6
S01009627,353,342,11,7,4
S01009628,276,265,11,11,0
S01009629,447,435,12,2,10
S01009630,350,343,7,0,7
S01009631,429,406,23,8,15
S01009632,340,306,34,6,28
S01009633,331,297,34,17,17
S01009634,267,253,14,9,5
S01009635,441,414,27,3,24
S01009636,574,521,53,0,53
S01009637,362,340,22,5,17
S01009638,301,292,9,0,9
S01009639,351,325,26,17,9
S01009640,388,363,25,12,13
S01009641,524,479,45,20,25
S01009642,531,482,49,30,19
S01009643,228,218,10,0,10
S01009644,353,339,14,2,12
S01009645,311,301,10,4,6
S01009646,254,244,10,5,5
S01009647,340,318,22,8,14
S01009648,401,394,7,5,2
S01009649,462,451,11,9,2
S01009650,351,343,8,0,8
S01009651,457,427,30,18,12
S01009652,501,399,102,79,23
S01009653,243,229,14,9,5
S01009654,363,274,89,81,8
S01009655,356,351,5,3,2
S01009656,406,387,19,7,12
S01009657,341,332,9,2,7
S01009658,297,286,11,3,8
S01009659,248,230,18,8,10
S01009660,445,430,15,0,15
S01009661,350,331,19,4,15
S01009662,300,292,8,2,6
S01009663,297,281,16,0,16
S01009664,404,377,27,6,21
S01009665,297,293,4,0,4
S01009666,352,342,10,2,8
S01009667,235,223,12,6,6
S01009668,258,243,15,3,12
S01009669,248,240,8,3,5
S01009670,358,340,18,4,14
S01009671,289,262,27,9,18
S01009672,362,355,7,3,4
S01009673,369,351,18,5,13
S01009674,412,392,20,6,14
S01009675,399,379,20,2,18
S01009676,382,356,26,4,22
S01009677,285,268,17,6,11
S01009678,282,273,9,6,3
S01009679,479,434,45,21,24
S01009680,369,356,13,4,9
S01009681,249,245,4,1,3
S01009682,278,278,0,0,0
S01009683,369,364,5,0,5
S01009684,418,395,23,6,17
S01009685,273,264,9,0,9
S01009686,565,544,21,2,19
S01009687,304,299,5,0,5
S01009688,463,456,7,0,7
S01009689,356,333,23,3,20
S01009690,361,347,14,1,13
S01009691,275,260,15,2,13
S01009692,499,484,15,3,12
S01009693,260,252,8,0,8
S01009694,461,453,8,0,8
S01009695,298,278,20,9,11
S01009696,459,443,16,7,9
S01009697,334,314,20,9,11
S01009698,258,232,26,16,10
S01009699,383,236,147,136,11
S01009700,332,297,35,18,17
S01009701,591,229,362,357,5
S01009702,283,265,18,9,9
S01009703,348,285,63,57,6
S01009704,533,440,93,81,12
S01009705,449,363,86,70,16
S01009706,357,295,62,52,10
S01009707,289,218,71,60,11
S01009708,321,258,63,60,3
S01009709,456,394,62,46,16
S01009710,268,246,22,16,6
S01009711,391,341,50,28,22
S01009712,310,277,33,28,5
S01009713,579,444,135,120,15
S01009714,583,453,130,120,10
S01009715,403,334,69,63,6
S01009716,346,329,17,10,7
S01009717,331,327,4,3,1
S01009718,337,327,10,2,8
S01009719,348,342,6,0,6
S01009720,388,379,9,2,7
S01009721,236,221,15,11,4
S01009722,442,387,55,52,3
S01009723,336,302,34,24,10
S01009724,502,495,7,4,3
S01009725,268,251,17,13,4
S01009726,248,209,39,28,11
S01009727,350,331,19,7,12
S01009728,344,333,11,2,9
S01009729,295,282,13,5,8
S01009730,248,241,7,3,4
S01009731,278,274,4,3,1
S01009732,359,344,15,11,4
S01009733,247,227,20,15,5
S01009734,409,385,24,14,10
S01009735,358,327,31,15,16
S01009736,388,332,56,39,17
S01009737,336,323,13,6,7
S01009738,236,214,22,12,10
S01009739,395,275,120,7,113
S01009740,259,243,16,7,9
S01009741,177,164,13,2,11
S01009742,221,206,15,10,5
S01009743,440,425,15,7,8
S01009744,329,306,23,7,16
S01009745,463,455,8,3,5
S01009746,259,237,22,15,7
S01009747,374,344,30,16,14
S01009748,307,299,8,2,6
S01009749,442,425,17,6,11
S01009750,326,311,15,8,7
S01009751,368,355,13,0,13
S01009752,267,260,7,2,5
S01009753,351,333,18,1,17
S01009754,399,383,16,4,12
S01009755,293,281,12,7,5
S01009756,322,320,2,1,1
S01009757,277,271,6,4,2
S01009758,243,242,1,0,1
S01009759,433,417,16,0,16
S01009760,411,407,4,0,4
S01009761,378,377,1,0,1
S01009762,416,416,0,0,0
S01009763,268,264,4,1,3
S01009764,291,291,0,0,0
S01009765,392,382,10,10,0
S01009766,233,231,2,2,0
S01009767,227,227,0,0,0
S01009768,285,279,6,0,6
S01009769,253,249,4,0,4
S01009770,258,257,1,0,1
S01009771,301,294,7,5,2
S01009772,273,271,2,2,0
S01009773,181,179,2,0,2
S01009774,155,151,4,1,3
S01009775,359,359,0,0,0
S01009776,307,307,0,0,0
S01009777,279,266,13,0,13
S01009778,417,415,2,0,2
S01009779,298,290,8,1,7
S01009780,220,219,1,0,1
S01009781,225,224,1,0,1
S01009782,202,200,2,0,2
S01009783,317,310,7,4,3
S01009784,313,309,4,3,1
S01009785,341,339,2,1,1
S01009786,432,425,7,0,7
S01009787,370,366,4,0,4
S01009788,410,404,6,0,6
S01009789,402,399,3,1,2
S01009790,260,259,1,0,1
S01009791,281,281,0,0,0
S01009792,331,323,8,0,8
S01009793,420,416,4,0,4
S01009794,207,199,8,8,0
S01009795,292,287,5,3,2
S01009796,314,310,4,0,4
S01009797,307,306,1,0,1
S01009798,257,255,2,1,1
S01009799,366,363,3,0,3
S01009800,428,424,4,0,4
S01009801,348,344,4,0,4
S01009802,435,431,4,0,4
S01009803,378,371,7,0,7
S01009804,209,208,1,0,1
S01009805,375,374,1,0,1
S01009806,455,446,9,0,9
S01009807,486,461,25,0,25
S01009808,492,428,64,0,64
S01009809,339,338,1,0,1
S01009810,459,453,6,0,6
S01009811,526,520,6,0,6
S01009812,379,376,3,0,3
S01009813,378,335,43,0,43
S01009814,364,362,2,0,2
S01009815,349,346,3,0,3
S01009816,329,326,3,0,3
S01009817,348,343,5,1,4
S01009818,428,421,7,3,4
S01009819,307,306,1,0,1
S01009820,451,445,6,0,6
S01009821,260,255,5,0,5
S01009822,197,191,6,3,3
S01009823,314,306,8,1,7
S01009824,370,365,5,0,5
S01009825,456,449,7,1,6
S01009826,235,228,7,0,7
S01009827,370,367,3,0,3
S01009828,397,394,3,0,3
S01009829,526,512,14,0,14
S01009830,337,329,8,0,8
S01009831,316,313,3,0,3
S01009832,488,474,14,0,14
S01009833,241,238,3,0,3
S01009834,379,372,7,0,7
S01009835,264,258,6,0,6
S01009836,418,414,4,1,3
S01009837,374,368,6,0,6
S01009838,435,433,2,0,2
S01009839,624,615,9,0,9
S01009840,477,475,2,0,2
S01009841,464,461,3,0,3
S01009842,365,332,33,0,33
S01009843,315,310,5,1,4
S01009844,391,361,30,0,30
S01009845,446,440,6,0,6
S01009846,463,461,2,0,2
S01009847,326,322,4,0,4
S01009848,387,383,4,0,4
S01009849,452,445,7,0,7
S01009850,495,472,23,0,23
S01009851,516,470,46,0,46
S01009852,260,257,3,0,3
S01009853,415,413,2,1,1
S01009854,401,398,3,0,3
S01009855,257,250,7,0,7
S01009856,311,308,3,0,3
S01009857,379,374,5,1,4
S01009858,345,337,8,0,8
S01009859,603,580,23,1,22
S01009860,516,503,13,1,12
S01009861,611,524,87,0,87
S01009862,621,607,14,1,13
S01009863,504,461,43,0,43
S01009864,337,317,20,0,20
S01009865,261,245,16,0,16
S01009866,468,455,13,1,12
S01009867,620,595,25,2,23
S01009868,319,308,11,0,11
S01009869,282,269,13,1,12
S01009870,281,274,7,0,7
S01009871,607,587,20,0,20
S01009872,396,365,31,0,31
S01009873,458,445,13,2,11
S01009874,517,497,20,0,20
S01009875,311,307,4,0,4
S01009876,325,322,3,0,3
S01009877,378,360,18,2,16
S01009878,256,252,4,0,4
S01009879,341,332,9,1,8
S01009880,266,258,8,0,8
S01009881,191,179,12,0,12
S01009882,623,613,10,0,10
S01009883,296,280,16,2,14
S01009884,325,316,9,0,9
S01009885,258,251,7,0,7
S01009886,289,277,12,1,11
S01009887,504,490,14,1,13
S01009888,301,280,21,0,21
S01009889,381,370,11,0,11
S01009890,283,278,5,1,4
S01009891,441,430,11,0,11
S01009892,487,468,19,1,18
S01009893,452,420,32,0,32
S01009894,477,476,1,0,1
S01009895,417,408,9,0,9
S01009896,475,470,5,0,5
S01009897,515,497,18,2,16
S01009898,262,259,3,1,2
S01009899,484,464,20,0,20
S01009900,507,499,8,1,7
S01009901,467,456,11,0,11
S01009902,502,495,7,0,7
S01009903,276,272,4,0,4
S01009904,470,456,14,0,14
S01009905,437,372,65,0,65
S01009906,337,331,6,0,6
S01009907,613,592,21,1,20
S01009908,508,492,16,2,14
S01009909,492,471,21,2,19
S01009910,283,278,5,0,5
S01009911,419,415,4,0,4
S01009912,372,365,7,1,6
S01009913,263,232,31,0,31
S01009914,420,408,12,5,7
S01009915,410,402,8,1,7
S01009916,321,315,6,0,6
S01009917,337,331,6,0,6
S01009918,281,277,4,0,4
S01009919,605,587,18,0,18
S01009920,543,519,24,0,24
S01009921,409,398,11,0,11
S01009922,628,619,9,0,9
S01009923,594,566,28,0,28
S01009924,593,581,12,1,11
S01009925,432,408,24,1,23
S01009926,385,375,10,0,10
S01009927,289,278,11,0,11
S01009928,434,429,5,1,4
S01009929,243,234,9,1,8
S01009930,474,460,14,1,13
S01009931,471,463,8,2,6
S01009932,388,374,14,0,14
S01009933,549,534,15,0,15
S01009934,447,436,11,0,11
S01009935,402,386,16,1,15
S01009936,407,397,10,0,10
S01009937,406,266,140,1,139
S01009938,595,570,25,3,22
S01009939,548,521,27,0,27
S01009940,444,438,6,0,6
S01009941,329,320,9,3,6
S01009942,508,486,22,0,22
S01009943,433,424,9,0,9
S01009944,346,344,2,1,1
S01009945,503,500,3,0,3
S01009946,354,348,6,0,6
S01009947,267,266,1,0,1
S01009948,441,431,10,1,9
S01009949,378,368,10,0,10
S01009950,260,256,4,0,4
S01009951,261,259,2,0,2
S01009952,326,311,15,1,14
S01009953,360,358,2,0,2
S01009954,219,214,5,0,5
S01009955,458,447,11,1,10
S01009956,339,324,15,2,13
S01009957,300,294,6,0,6
S01009958,376,371,5,0,5
S01009959,296,288,8,1,7
S01009960,419,395,24,3,21
S01009961,302,293,9,0,9
S01009962,617,599,18,0,18
S01009963,301,301,0,0,0
S01009964,360,344,16,0,16
S01009965,301,298,3,0,3
S01009966,295,292,3,0,3
S01009967,391,383,8,0,8
S01009968,235,232,3,0,3
S01009969,369,364,5,0,5
S01009970,478,476,2,0,2
S01009971,488,488,0,0,0
S01009972,373,364,9,0,9
S01009973,287,283,4,2,2
S01009974,294,294,0,0,0
S01009975,405,398,7,0,7
S01009976,258,255,3,0,3
S01009977,559,555,4,0,4
S01009978,450,444,6,1,5
S01009979,258,258,0,0,0
S01009980,252,250,2,0,2
S01009981,305,303,2,0,2
S01009982,431,428,3,0,3
S01009983,290,289,1,1,0
S01009984,351,350,1,0,1
S01009985,278,270,8,0,8
S01009986,285,280,5,0,5
S01009987,475,472,3,0,3
S01009988,271,270,1,0,1
S01009989,357,354,3,0,3
S01009990,309,302,7,0,7
S01009991,334,333,1,0,1
S01009992,336,330,6,0,6
S01009993,351,349,2,0,2
S01009994,308,302,6,0,6
S01009995,281,269,12,0,12
S01009996,313,310,3,0,3
S01009997,257,251,6,0,6
S01009998,250,246,4,0,4
S01009999,286,285,1,0,1
S01010000,278,269,9,0,9
S01010001,339,332,7,0,7
S01010002,341,336,5,0,5
S01010003,280,279,1,0,1
S01010004,275,273,2,0,2
S01010005,506,488,18,1,17
S01010006,594,586,8,1,7
S01010007,439,429,10,4,6
S01010008,419,410,9,1,8
S01010009,445,416,29,1,28
S01010010,458,451,7,0,7
S01010011,554,544,10,1,9
S01010012,350,348,2,0,2
S01010013,474,457,17,1,16
S01010014,537,523,14,2,12
S01010015,405,392,13,1,12
S01010016,331,325,6,0,6
S01010017,344,339,5,0,5
S01010018,533,525,8,0,8
S01010019,450,409,41,0,41
S01010020,352,346,6,1,5
S01010021,537,400,137,0,137
S01010022,473,468,5,1,4
S01010023,392,387,5,0,5
S01010024,419,402,17,2,15
S01010025,316,316,0,0,0
S01010026,498,492,6,0,6
S01010027,487,483,4,3,1
S01010028,389,381,8,1,7
S01010029,410,398,12,0,12
S01010030,433,429,4,1,3
S01010031,432,423,9,1,8
S01010032,330,298,32,1,31
S01010033,591,503,88,0,88
S01010034,505,498,7,0,7
S01010035,402,401,1,1,0
S01010036,436,423,13,1,12
S01010037,386,376,10,1,9
S01010038,576,568,8,1,7
S01010039,619,593,26,3,23
S01010040,434,415,19,3,16
S01010041,477,451,26,3,23
S01010042,636,621,15,1,14
S01010043,464,451,13,1,12
S01010044,663,649,14,0,14
S01010045,266,258,8,0,8
S01010046,433,431,2,0,2
S01010047,479,471,8,0,8
S01010048,557,551,6,0,6
S01010049,398,395,3,0,3
S01010050,547,540,7,1,6
S01010051,445,431,14,0,14
S01010052,394,372,22,0,22
S01010053,392,384,8,0,8
S01010054,249,248,1,0,1
S01010055,461,457,4,0,4
S01010056,215,214,1,0,1
S01010057,223,216,7,0,7
S01010058,364,355,9,0,9
S01010059,382,371,11,0,11
S01010060,502,493,9,1,8
S01010061,253,253,0,0,0
S01010062,352,344,8,0,8
S01010063,579,546,33,0,33
S01010064,268,264,4,1,3
S01010065,418,413,5,0,5
S01010066,350,342,8,0,8
S01010067,301,297,4,0,4
S01010068,381,338,43,0,43
S01010069,353,340,13,0,13
S01010070,239,238,1,0,1
S01010071,372,367,5,0,5
S01010072,383,370,13,0,13
S01010073,355,349,6,1,5
S01010074,311,306,5,0,5
S01010075,307,303,4,0,4
S01010076,280,276,4,0,4
S01010077,303,302,1,0,1
S01010078,231,229,2,0,2
S01010079,356,349,7,0,7
S01010080,295,284,11,0,11
S01010081,302,300,2,0,2
S01010082,416,407,9,0,9
S01010083,349,348,1,0,1
S01010084,443,442,1,0,1
S01010085,314,311,3,0,3
S01010086,415,414,1,0,1
S01010087,252,247,5,0,5
S01010088,298,295,3,0,3
S01010089,371,365,6,0,6
S01010090,440,435,5,0,5
S01010091,369,343,26,0,26
S01010092,448,446,2,0,2
S01010093,394,386,8,0,8
S01010094,292,291,1,0,1
S01010095,284,279,5,1,4
S01010096,296,292,4,0,4
S01010097,293,286,7,0,7
S01010098,279,277,2,1,1
S01010099,290,285,5,0,5
S01010100,388,382,6,0,6
S01010101,304,299,5,1,4
S01010102,327,324,3,1,2
S01010103,364,355,9,3,6
S01010104,273,267,6,0,6
S01010105,172,165,7,0,7
S01010106,225,219,6,0,6
S01010107,413,404,9,0,9
S01010108,380,374,6,1,5
S01010109,355,326,29,2,27
S01010110,438,431,7,1,6
S01010111,452,446,6,0,6
S01010112,421,419,2,0,2
S01010113,254,244,10,0,10
S01010114,370,366,4,0,4
S01010115,241,230,11,11,0
S01010116,399,397,2,0,2
S01010117,272,261,11,1,10
S01010118,286,277,9,0,9
S01010119,212,209,3,0,3
S01010120,446,444,2,1,1
S01010121,322,321,1,0,1
S01010122,199,198,1,0,1
S01010123,299,299,0,0,0
S01010124,295,293,2,0,2
S01010125,249,242,7,0,7
S01010126,314,312,2,0,2
S01010127,296,296,0,0,0
S01010128,216,214,2,0,2
S01010129,357,350,7,0,7
S01010130,207,206,1,0,1
S01010131,385,376,9,0,9
S01010132,500,497,3,0,3
S01010133,388,380,8,0,8
S01010134,559,551,8,0,8
S01010135,367,365,2,0,2
S01010136,380,367,13,0,13
S01010137,598,583,15,0,15
S01010138,668,660,8,1,7
S01010139,560,552,8,0,8
S01010140,421,384,37,1,36
S01010141,455,447,8,0,8
S01010142,288,288,0,0,0
S01010143,397,391,6,0,6
S01010144,406,372,34,1,33
S01010145,409,397,12,0,12
S01010146,415,406,9,0,9
S01010147,501,494,7,0,7
S01010148,357,356,1,0,1
S01010149,247,231,16,1,15
S01010150,349,325,24,0,24
S01010151,380,329,51,0,51
S01010152,432,425,7,0,7
S01010153,515,491,24,0,24
S01010154,485,432,53,1,52
S01010155,378,362,16,0,16
S01010156,288,281,7,0,7
S01010157,267,267,0,0,0
S01010158,468,461,7,0,7
S01010159,358,353,5,0,5
S01010160,334,308,26,0,26
S01010161,263,259,4,0,4
S01010162,368,360,8,0,8
S01010163,241,239,2,1,1
S01010164,286,282,4,0,4
S01010165,277,275,2,0,2
S01010166,353,347,6,0,6
S01010167,479,472,7,0,7
S01010168,237,236,1,0,1
S01010169,371,367,4,0,4
S01010170,273,271,2,0,2
S01010171,490,489,1,0,1
S01010172,490,481,9,1,8
S01010173,333,331,2,0,2
S01010174,255,250,5,0,5
S01010175,221,216,5,0,5
S01010176,374,369,5,0,5
S01010177,316,315,1,0,1
S01010178,400,391,9,0,9
S01010179,393,387,6,0,6
S01010180,239,215,24,0,24
S01010181,276,272,4,0,4
S01010182,314,307,7,0,7
S01010183,234,232,2,0,2
S01010184,287,286,1,0,1
S01010185,284,282,2,0,2
S01010186,251,246,5,3,2
S01010187,296,294,2,0,2
S01010188,311,304,7,5,2
S01010189,337,336,1,0,1
S01010190,257,253,4,0,4
S01010191,268,266,2,0,2
S01010192,300,294,6,0,6
S01010193,332,329,3,2,1
S01010194,276,268,8,0,8
S01010195,214,212,2,0,2
S01010196,275,274,1,0,1
S01010197,266,260,6,0,6
S01010198,397,394,3,0,3
S01010199,233,232,1,0,1
S01010200,307,305,2,0,2
S01010201,254,253,1,0,1
S01010202,441,365,76,0,76
S01010203,263,260,3,0,3
S01010204,387,381,6,0,6
S01010205,360,355,5,0,5
S01010206,324,255,69,0,69
S01010207,358,285,73,0,73
S01010208,577,565,12,1,11
S01010209,475,468,7,0,7
S01010210,425,416,9,1,8
S01010211,454,452,2,0,2
S01010212,572,559,13,0,13
S01010213,478,476,2,0,2
S01010214,400,396,4,0,4
S01010215,502,492,10,1,9
S01010216,367,361,6,1,5
S01010217,411,406,5,0,5
S01010218,609,587,22,0,22
S01010219,274,274,0,0,0
S01010220,281,279,2,2,0
S01010221,260,260,0,0,0
S01010222,285,285,0,0,0
S01010223,347,337,10,0,10
S01010224,470,469,1,0,1
S01010225,435,431,4,1,3
S01010226,460,394,66,0,66
S01010227,354,294,60,0,60
S01010228,390,384,6,0,6
S01010229,510,508,2,1,1
S01010230,580,577,3,0,3
S01010231,515,514,1,0,1
S01010232,493,485,8,1,7
S01010233,564,476,88,0,88
S01010234,568,562,6,0,6
S01010235,455,446,9,2,7
S01010236,391,378,13,3,10
S01010237,361,353,8,0,8
S01010238,469,455,14,0,14
S01010239,429,424,5,0,5
S01010240,404,398,6,0,6
S01010241,644,623,21,1,20
S01010242,481,455,26,2,24
S01010243,618,610,8,0,8
S01010244,525,440,85,0,85
S01010245,516,509,7,0,7
S01010246,444,433,11,0,11
S01010247,365,356,9,0,9
S01010248,468,456,12,1,11
S01010249,420,403,17,0,17
S01010250,398,390,8,1,7
S01010251,322,317,5,0,5
S01010252,314,297,17,0,17
S01010253,373,364,9,0,9
S01010254,583,581,2,0,2
S01010255,468,353,115,0,115
S01010256,521,516,5,0,5
S01010257,503,497,6,4,2
S01010258,442,424,18,7,11
S01010259,469,468,1,0,1
S01010260,699,685,14,2,12
S01010261,538,526,12,1,11
S01010262,537,535,2,0,2
S01010263,436,422,14,4,10
S01010264,574,557,17,2,15
S01010265,614,573,41,20,21
S01010266,256,237,19,2,17
S01010267,331,318,13,2,11
S01010268,429,417,12,0,12
S01010269,331,320,11,1,10
S01010270,824,817,7,2,5
S01010271,353,327,26,18,8
S01010272,905,703,202,5,197
S01010273,415,409,6,6,0
S01010274,373,342,31,18,13
S01010275,407,357,50,9,41
S01010276,643,625,18,9,9
S01010277,399,305,94,0,94
S01010278,372,330,42,0,42
S01010279,324,312,12,1,11
S01010280,441,426,15,0,15
S01010281,491,466,25,4,21
S01010282,652,645,7,2,5
S01010283,317,296,21,2,19
S01010284,649,638,11,5,6
S01010285,423,420,3,1,2
S01010286,371,365,6,3,3
S01010287,400,387,13,0,13
S01010288,356,349,7,3,4
S01010289,418,380,38,5,33
S01010290,301,278,23,11,12
S01010291,493,481,12,0,12
S01010292,418,409,9,0,9
S01010293,383,373,10,1,9
S01010294,281,275,6,0,6
S01010295,439,427,12,1,11
S01010296,301,291,10,1,9
S01010297,685,676,9,2,7
S01010298,516,515,1,0,1
S01010299,297,292,5,1,4
S01010300,484,478,6,0,6
S01010301,287,283,4,0,4
S01010302,392,388,4,1,3
S01010303,251,250,1,0,1
S01010304,336,332,4,0,4
S01010305,490,478,12,0,12
S01010306,455,449,6,1,5
S01010307,451,428,23,3,20
S01010308,489,480,9,2,7
S01010309,270,264,6,1,5
S01010310,383,381,2,0,2
S01010311,356,351,5,0,5
S01010312,428,425,3,1,2
S01010313,359,356,3,0,3
S01010314,561,550,11,1,10
S01010315,409,409,0,0,0
S01010316,304,304,0,0,0
S01010317,407,394,13,0,13
S01010318,308,304,4,1,3
S01010319,409,407,2,0,2
S01010320,453,437,16,1,15
S01010321,447,432,15,2,13
S01010322,566,549,17,3,14
S01010323,377,377,0,0,0
S01010324,410,403,7,0,7
S01010325,502,501,1,0,1
S01010326,497,494,3,0,3
S01010327,368,362,6,0,6
S01010328,451,445,6,0,6
S01010329,294,290,4,0,4
S01010330,306,299,7,0,7
S01010331,522,520,2,0,2
S01010332,280,279,1,0,1
S01010333,495,487,8,0,8
S01010334,440,433,7,0,7
S01010335,351,345,6,0,6
S01010336,400,379,21,0,21
S01010337,285,278,7,0,7
S01010338,370,356,14,1,13
S01010339,291,284,7,1,6
S01010340,361,349,12,0,12
S01010341,254,253,1,0,1
S01010342,303,302,1,0,1
S01010343,373,365,8,0,8
S01010344,431,419,12,0,12
S01010345,167,160,7,0,7
S01010346,420,410,10,1,9
S01010347,481,466,15,1,14
S01010348,489,483,6,0,6
S01010349,449,443,6,0,6
S01010350,484,475,9,0,9
S01010351,414,398,16,0,16
S01010352,289,276,13,0,13
S01010353,594,562,32,0,32
S01010354,378,375,3,0,3
S01010355,410,402,8,0,8
S01010356,312,308,4,0,4
S01010357,350,340,10,0,10
S01010358,538,507,31,0,31
S01010359,464,456,8,0,8
S01010360,286,285,1,0,1
S01010361,418,402,16,0,16
S01010362,642,611,31,0,31
S01010363,406,394,12,1,11
S01010364,342,337,5,0,5
S01010365,462,449,13,3,10
S01010366,512,502,10,2,8
S01010367,530,507,23,4,19
S01010368,371,355,16,6,10
S01010369,454,433,21,0,21
S01010370,344,335,9,3,6
S01010371,477,461,16,2,14
S01010372,232,226,6,0,6
S01010373,428,408,20,1,19
S01010374,481,469,12,3,9
S01010375,226,219,7,2,5
S01010376,384,367,17,1,16
S01010377,384,375,9,2,7
S01010378,286,272,14,0,14
S01010379,462,446,16,0,16
S01010380,530,521,9,0,9
S01010381,379,372,7,2,5
S01010382,492,483,9,2,7
S01010383,402,393,9,2,7
S01010384,466,454,12,1,11
S01010385,511,498,13,3,10
S01010386,538,528,10,0,10
S01010387,591,587,4,1,3
S01010388,609,584,25,4,21
S01010389,755,668,87,18,69
S01010390,733,716,17,1,16
S01010391,566,541,25,2,23
S01010392,447,416,31,11,20
S01010393,654,634,20,1,19
S01010394,525,516,9,0,9
S01010395,651,637,14,1,13
S01010396,597,585,12,2,10
S01010397,298,294,4,2,2
S01010398,604,583,21,3,18
S01010399,634,615,19,6,13
S01010400,550,530,20,1,19
S01010401,419,400,19,6,13
S01010402,529,513,16,1,15
S01010403,522,509,13,1,12
S01010404,417,406,11,4,7
S01010405,416,408,8,2,6
S01010406,447,435,12,2,10
S01010407,430,418,12,5,7
S01010408,282,272,10,1,9
S01010409,249,245,4,0,4
S01010410,255,248,7,0,7
S01010411,371,365,6,0,6
S01010412,434,424,10,4,6
S01010413,354,340,14,6,8
S01010414,503,497,6,1,5
S01010415,568,555,13,0,13
S01010416,331,322,9,2,7
S01010417,293,286,7,3,4
S01010418,571,561,10,2,8
S01010419,524,500,24,3,21
S01010420,312,290,22,0,22
S01010421,354,346,8,1,7
S01010422,489,483,6,0,6
S01010423,509,490,19,0,19
S01010424,480,471,9,1,8
S01010425,629,621,8,0,8
S01010426,415,406,9,0,9
S01010427,511,499,12,0,12
S01010428,328,319,9,1,8
S01010429,395,388,7,2,5
S01010430,459,451,8,1,7
S01010431,261,258,3,1,2
S01010432,474,464,10,0,10
S01010433,363,338,25,0,25
S01010434,341,331,10,1,9
S01010435,296,291,5,1,4
S01010436,443,433,10,0,10
S01010437,277,269,8,0,8
S01010438,373,370,3,0,3
S01010439,517,512,5,0,5
S01010440,332,322,10,0,10
S01010441,508,488,20,2,18
S01010442,407,383,24,0,24
S01010443,233,228,5,0,5
S01010444,294,289,5,1,4
S01010445,309,307,2,0,2
S01010446,333,329,4,0,4
S01010447,525,521,4,0,4
S01010448,363,360,3,1,2
S01010449,374,370,4,0,4
S01010450,416,407,9,0,9
S01010451,446,438,8,0,8
S01010452,417,408,9,0,9
S01010453,373,372,1,0,1
S01010454,392,383,9,0,9
S01010455,613,604,9,0,9
S01010456,321,313,8,0,8
S01010457,343,340,3,0,3
S01010458,414,411,3,0,3
S01010459,259,258,1,0,1
S01010460,348,346,2,1,1
S01010461,389,386,3,0,3
S01010462,461,437,24,0,24
S01010463,381,376,5,1,4
S01010464,249,248,1,0,1
S01010465,460,451,9,0,9
S01010466,472,458,14,1,13
S01010467,492,476,16,2,14
S01010468,424,417,7,4,3
S01010469,415,405,10,0,10
S01010470,372,364,8,1,7
S01010471,321,316,5,1,4
S01010472,301,290,11,0,11
S01010473,440,435,5,0,5
S01010474,440,431,9,0,9
S01010475,391,384,7,2,5
S01010476,538,523,15,1,14
S01010477,358,354,4,0,4
S01010478,646,628,18,1,17
S01010479,533,512,21,0,21
S01010480,289,285,4,0,4
S01010481,274,267,7,0,7
S01010482,357,354,3,0,3
S01010483,547,526,21,1,20
S01010484,249,246,3,0,3
S01010485,405,396,9,1,8
S01010486,372,371,1,0,1
S01010487,435,432,3,0,3
S01010488,348,338,10,0,10
S01010489,455,450,5,1,4
S01010490,312,308,4,0,4
S01010491,427,417,10,0,10
S01010492,257,255,2,0,2
S01010493,313,308,5,0,5
S01010494,255,252,3,0,3
S01010495,427,418,9,0,9
S01010496,393,388,5,0,5
S01010497,298,285,13,5,8
S01010498,361,357,4,0,4
S01010499,462,451,11,0,11
S01010500,402,398,4,0,4
S01010501,437,430,7,0,7
S01010502,331,331,0,0,0
S01010503,323,321,2,0,2
S01010504,399,247,152,136,16
S01010505,323,244,79,74,5
S01010506,483,380,103,88,15
S01010507,362,345,17,10,7
S01010508,608,449,159,126,33
S01010509,482,393,89,73,16
S01010510,368,340,28,19,9
S01010511,371,369,2,1,1
S01010512,291,281,10,6,4
S01010513,314,300,14,5,9
S01010514,290,287,3,1,2
S01010515,354,350,4,2,2
S01010516,302,270,32,29,3
S01010517,378,362,16,12,4
S01010518,304,293,11,10,1
S01010519,286,282,4,3,1
S01010520,416,410,6,3,3
S01010521,379,339,40,34,6
S01010522,325,283,42,39,3
S01010523,277,258,19,17,2
S01010524,269,234,35,32,3
S01010525,351,259,92,86,6
S01010526,409,364,45,40,5
S01010527,484,455,29,17,12
S01010528,321,265,56,55,1
S01010529,296,283,13,8,5
S01010530,372,278,94,84,10
S01010531,585,496,89,88,1
S01010532,332,245,87,82,5
S01010533,314,272,42,22,20
S01010534,398,374,24,18,6
S01010535,411,305,106,102,4
S01010536,419,397,22,15,7
S01010537,360,330,30,24,6
S01010538,418,337,81,73,8
S01010539,693,496,197,171,26
S01010540,407,298,109,102,7
S01010541,401,362,39,37,2
S01010542,543,388,155,150,5
S01010543,308,255,53,50,3
S01010544,384,370,14,11,3
S01010545,374,344,30,14,16
S01010546,414,369,45,27,18
S01010547,382,313,69,67,2
S01010548,308,299,9,4,5
S01010549,379,366,13,8,5
S01010550,240,236,4,0,4
S01010551,278,267,11,3,8
S01010552,350,334,16,8,8
S01010553,269,261,8,8,0
S01010554,418,396,22,12,10
S01010555,496,450,46,3,43
S01010556,414,410,4,1,3
S01010557,286,278,8,0,8
S01010558,404,385,19,0,19
S01010559,379,351,28,18,10
S01010560,295,291,4,2,2
S01010561,307,301,6,2,4
S01010562,319,314,5,0,5
S01010563,215,211,4,1,3
S01010564,271,269,2,0,2
S01010565,285,276,9,0,9
S01010566,494,453,41,29,12
S01010567,400,379,21,3,18
S01010568,404,391,13,4,9
S01010569,318,295,23,9,14
S01010570,480,467,13,7,6
S01010571,401,398,3,1,2
S01010572,337,336,1,0,1
S01010573,224,222,2,0,2
S01010574,237,236,1,1,0
S01010575,289,284,5,2,3
S01010576,329,326,3,0,3
S01010577,360,354,6,0,6
S01010578,204,203,1,0,1
S01010579,332,325,7,1,6
S01010580,328,305,23,6,17
S01010581,253,243,10,0,10
S01010582,191,185,6,2,4
S01010583,449,440,9,1,8
S01010584,316,312,4,1,3
S01010585,308,304,4,0,4
S01010586,311,305,6,3,3
S01010587,299,293,6,1,5
S01010588,275,268,7,1,6
S01010589,302,299,3,2,1
S01010590,297,293,4,1,3
S01010591,312,303,9,2,7
S01010592,284,273,11,1,10
S01010593,266,259,7,0,7
S01010594,289,281,8,1,7
S01010595,317,310,7,4,3
S01010596,324,310,14,8,6
S01010597,304,274,30,1,29
S01010598,415,404,11,4,7
S01010599,253,248,5,4,1
S01010600,451,427,24,2,22
S01010601,307,302,5,1,4
S01010602,265,260,5,1,4
S01010603,376,369,7,0,7
S01010604,194,193,1,0,1
S01010605,394,387,7,1,6
S01010606,372,371,1,0,1
S01010607,353,346,7,3,4
S01010608,321,306,15,0,15
S01010609,253,242,11,0,11
S01010610,326,318,8,4,4
S01010611,504,496,8,0,8
S01010612,318,316,2,0,2
S01010613,349,341,8,1,7
S01010614,265,264,1,0,1
S01010615,393,383,10,0,10
S01010616,370,359,11,2,9
S01010617,362,360,2,1,1
S01010618,311,307,4,0,4
S01010619,341,318,23,3,20
S01010620,433,369,64,44,20
S01010621,440,432,8,4,4
S01010622,341,333,8,1,7
S01010623,309,278,31,0,31
S01010624,254,244,10,1,9
S01010625,342,333,9,1,8
S01010626,379,368,11,5,6
S01010627,426,401,25,6,19
S01010628,494,472,22,2,20
S01010629,466,445,21,8,13
S01010630,261,252,9,9,0
S01010631,335,326,9,4,5
S01010632,497,486,11,3,8
S01010633,480,476,4,1,3
S01010634,266,264,2,0,2
S01010635,361,351,10,1,9
S01010636,390,386,4,0,4
S01010637,378,352,26,16,10
S01010638,433,417,16,1,15
S01010639,573,555,18,7,11
S01010640,440,411,29,15,14
S01010641,561,531,30,22,8
S01010642,474,451,23,1,22
S01010643,301,287,14,11,3
S01010644,374,346,28,16,12
S01010645,291,278,13,0,13
S01010646,294,287,7,1,6
S01010647,308,306,2,0,2
S01010648,312,306,6,1,5
S01010649,305,280,25,2,23
S01010650,205,196,9,1,8
S01010651,296,295,1,0,1
S01010652,315,309,6,1,5
S01010653,308,300,8,0,8
S01010654,355,348,7,0,7
S01010655,434,380,54,43,11
S01010656,185,182,3,1,2
S01010657,266,248,18,8,10
S01010658,317,296,21,2,19
S01010659,305,276,29,15,14
S01010660,299,285,14,1,13
S01010661,339,307,32,6,26
S01010662,316,310,6,1,5
S01010663,398,381,17,6,11
S01010664,350,337,13,11,2
S01010665,498,430,68,53,15
S01010666,451,416,35,11,24
S01010667,306,288,18,6,12
S01010668,678,503,175,151,24
S01010669,391,266,125,118,7
S01010670,399,296,103,96,7
S01010671,416,329,87,79,8
S01010672,356,321,35,31,4
S01010673,482,419,63,53,10
S01010674,507,419,88,79,9
S01010675,364,273,91,79,12
S01010676,521,392,129,128,1
S01010677,322,224,98,97,1
S01010678,351,273,78,69,9
S01010679,333,282,51,43,8
S01010680,343,315,28,12,16
S01010681,482,461,21,13,8
S01010682,474,398,76,75,1
S01010683,495,423,72,65,7
S01010684,449,361,88,76,12
S01010685,418,294,124,111,13
S01010686,422,309,113,97,16
S01010687,466,379,87,72,15
S01010688,489,335,154,147,7
S01010689,480,378,102,93,9
S01010690,361,330,31,24,7
S01010691,447,325,122,105,17
S01010692,325,307,18,9,9
S01010693,314,216,98,93,5
S01010694,335,270,65,53,12
S01010695,325,304,21,7,14
S01010696,423,402,21,11,10
S01010697,492,458,34,22,12
S01010698,397,338,59,43,16
S01010699,270,250,20,13,7
S01010700,268,258,10,1,9
S01010701,451,432,19,4,15
S01010702,446,417,29,23,6
S01010703,350,341,9,2,7
S01010704,309,300,9,1,8
S01010705,483,463,20,0,20
S01010706,308,293,15,3,12
S01010707,278,265,13,6,7
S01010708,259,252,7,0,7
S01010709,305,299,6,0,6
S01010710,321,316,5,0,5
S01010711,334,319,15,2,13
S01010712,275,269,6,0,6
S01010713,330,322,8,0,8
S01010714,393,380,13,0,13
S01010715,350,340,10,1,9
S01010716,467,444,23,1,22
S01010717,285,272,13,1,12
S01010718,404,393,11,1,10
S01010719,301,282,19,13,6
S01010720,349,336,13,6,7
S01010721,314,296,18,9,9
S01010722,418,394,24,9,15
S01010723,345,329,16,10,6
S01010724,364,354,10,4,6
S01010725,304,287,17,6,11
S01010726,432,415,17,5,12
S01010727,245,243,2,2,0
S01010728,213,204,9,3,6
S01010729,280,269,11,4,7
S01010730,364,343,21,10,11
S01010731,458,399,59,23,36
S01010732,342,334,8,5,3
S01010733,256,246,10,1,9
S01010734,368,362,6,0,6
S01010735,252,244,8,0,8
S01010736,219,218,1,0,1
S01010737,499,487,12,1,11
S01010738,242,235,7,1,6
S01010739,400,388,12,4,8
S01010740,267,260,7,2,5
S01010741,258,249,9,5,4
S01010742,317,308,9,1,8
S01010743,276,273,3,0,3
S01010744,473,459,14,2,12
S01010745,357,327,30,8,22
S01010746,468,441,27,8,19
S01010747,385,357,28,25,3
S01010748,322,280,42,36,6
S01010749,269,261,8,5,3
S01010750,320,287,33,12,21
S01010751,376,333,43,24,19
S01010752,352,332,20,5,15
S01010753,456,434,22,5,17
S01010754,373,357,16,0,16
S01010755,305,298,7,0,7
S01010756,303,286,17,1,16
S01010757,459,365,94,82,12
S01010758,362,305,57,29,28
S01010759,313,279,34,19,15
S01010760,371,306,65,36,29
S01010761,253,222,31,15,16
S01010762,273,263,10,7,3
S01010763,346,316,30,15,15
S01010764,366,289,77,60,17
S01010765,532,471,61,37,24
S01010766,405,359,46,21,25
S01010767,404,347,57,39,18
S01010768,299,284,15,10,5
S01010769,250,217,33,29,4
S01010770,410,385,25,10,15
S01010771,530,445,85,72,13
S01010772,441,376,65,49,16
S01010773,362,336,26,19,7
S01010774,356,325,31,19,12
S01010775,278,266,12,4,8
S01010776,283,266,17,2,15
S01010777,316,270,46,4,42
S01010778,260,239,21,12,9
S01010779,378,355,23,2,21
S01010780,278,261,17,0,17
S01010781,402,350,52,3,49
S01010782,334,293,41,16,25
S01010783,280,275,5,0,5
S01010784,359,345,14,12,2
S01010785,310,301,9,2,7
S01010786,268,255,13,1,12
S01010787,399,384,15,9,6
S01010788,287,274,13,10,3
S01010789,312,292,20,13,7
S01010790,327,282,45,43,2
S01010791,424,369,55,34,21
S01010792,301,287,14,10,4
S01010793,293,275,18,8,10
S01010794,237,234,3,0,3
S01010795,483,445,38,21,17
S01010796,377,341,36,22,14
S01010797,342,329,13,5,8
S01010798,328,293,35,18,17
S01010799,550,530,20,5,15
S01010800,360,360,0,0,0
S01010801,365,354,11,1,10
S01010802,269,263,6,2,4
S01010803,285,280,5,1,4
S01010804,288,283,5,0,5
S01010805,394,377,17,2,15
S01010806,473,458,15,0,15
S01010807,246,244,2,0,2
S01010808,231,230,1,0,1
S01010809,332,328,4,4,0
S01010810,294,249,45,31,14
S01010811,536,414,122,83,39
S01010812,327,238,89,75,14
S01010813,298,249,49,34,15
S01010814,469,307,162,156,6
S01010815,292,208,84,77,7
S01010816,315,293,22,1,21
S01010817,392,376,16,0,16
S01010818,530,507,23,6,17
S01010819,385,374,11,1,10
S01010820,228,217,11,1,10
S01010821,254,245,9,0,9
S01010822,297,280,17,5,12
S01010823,147,147,0,0,0
S01010824,250,250,0,0,0
S01010825,147,125,22,0,22
S01010826,327,315,12,3,9
S01010827,222,221,1,0,1
S01010828,446,441,5,2,3
S01010829,510,464,46,7,39
S01010830,233,231,2,1,1
S01010831,197,197,0,0,0
S01010832,287,284,3,0,3
S01010833,356,348,8,1,7
S01010834,433,422,11,3,8
S01010835,278,270,8,0,8
S01010836,399,384,15,2,13
S01010837,295,289,6,0,6
S01010838,336,330,6,0,6
S01010839,344,339,5,1,4
S01010840,320,300,20,1,19
S01010841,408,390,18,0,18
S01010842,643,613,30,0,30
S01010843,426,407,19,0,19
S01010844,292,289,3,0,3
S01010845,265,259,6,0,6
S01010846,305,296,9,0,9
S01010847,260,259,1,0,1
S01010848,315,260,55,0,55
S01010849,377,364,13,0,13
S01010850,391,373,18,0,18
S01010851,358,347,11,0,11
S01010852,308,306,2,0,2
S01010853,364,358,6,0,6
S01010854,387,384,3,0,3
S01010855,226,223,3,0,3
S01010856,483,455,28,0,28
S01010857,328,324,4,0,4
S01010858,337,330,7,0,7
S01010859,332,304,28,0,28
S01010860,280,279,1,0,1
S01010861,342,332,10,0,10
S01010862,267,266,1,0,1
S01010863,330,317,13,1,12
S01010864,260,250,10,1,9
S01010865,364,345,19,2,17
S01010866,319,312,7,0,7
S01010867,292,285,7,0,7
S01010868,315,306,9,1,8
S01010869,296,290,6,0,6
S01010870,415,407,8,0,8
S01010871,429,408,21,1,20
S01010872,418,403,15,0,15
S01010873,425,400,25,1,24
S01010874,321,307,14,0,14
S01010875,267,257,10,0,10
S01010876,416,393,23,2,21
S01010877,472,467,5,1,4
S01010878,530,512,18,0,18
S01010879,396,387,9,1,8
S01010880,270,268,2,0,2
S01010881,288,285,3,0,3
S01010882,212,203,9,0,9
S01010883,346,336,10,0,10
S01010884,462,408,54,1,53
S01010885,574,541,33,1,32
S01010886,329,250,79,0,79
S01010887,476,458,18,0,18
S01010888,458,437,21,0,21
S01010889,355,344,11,0,11
S01010890,544,507,37,0,37
S01010891,303,280,23,0,23
S01010892,558,531,27,1,26
S01010893,337,327,10,1,9
S01010894,349,312,37,9,28
S01010895,286,256,30,0,30
S01010896,376,339,37,3,34
S01010897,391,380,11,0,11
S01010898,255,253,2,0,2
S01010899,222,221,1,0,1
S01010900,307,298,9,0,9
S01010901,225,205,20,0,20
S01010902,459,453,6,0,6
S01010903,471,427,44,0,44
S01010904,280,271,9,0,9
S01010905,293,290,3,0,3
S01010906,391,383,8,0,8
S01010907,202,199,3,0,3
S01010908,288,274,14,0,14
S01010909,293,284,9,0,9
S01010910,290,273,17,0,17
S01010911,375,360,15,1,14
S01010912,497,392,105,0,105
S01010913,303,293,10,0,10
S01010914,259,255,4,0,4
S01010915,271,271,0,0,0
S01010916,464,333,131,1,130
S01010917,399,369,30,0,30
S01010918,340,334,6,0,6
S01010919,336,335,1,0,1
S01010920,296,254,42,2,40
S01010921,260,257,3,0,3
S01010922,346,346,0,0,0
S01010923,398,398,0,0,0
S01010924,260,260,0,0,0
S01010925,398,386,12,0,12
S01010926,354,352,2,0,2
S01010927,251,251,0,0,0
S01010928,314,311,3,0,3
S01010929,271,271,0,0,0
S01010930,371,357,14,5,9
S01010931,222,203,19,7,12
S01010932,287,277,10,2,8
S01010933,287,276,11,10,1
S01010934,431,424,7,1,6
S01010935,328,323,5,0,5
S01010936,419,404,15,2,13
S01010937,326,323,3,0,3
S01010938,377,369,8,5,3
S01010939,205,199,6,1,5
S01010940,271,268,3,0,3
S01010941,326,323,3,0,3
S01010942,270,268,2,0,2
S01010943,246,244,2,0,2
S01010944,300,295,5,2,3
S01010945,228,222,6,3,3
S01010946,353,344,9,3,6
S01010947,246,242,4,0,4
S01010948,290,288,2,0,2
S01010949,344,344,0,0,0
S01010950,384,380,4,3,1
S01010951,259,258,1,0,1
S01010952,204,199,5,3,2
S01010953,229,225,4,1,3
S01010954,210,206,4,1,3
S01010955,375,345,30,0,30
S01010956,324,304,20,10,10
S01010957,235,231,4,4,0
S01010958,231,224,7,4,3
S01010959,320,290,30,21,9
S01010960,462,441,21,6,15
S01010961,247,246,1,0,1
S01010962,352,314,38,26,12
S01010963,403,395,8,5,3
S01010964,224,216,8,5,3
S01010965,235,230,5,2,3
S01010966,315,309,6,2,4
S01010967,322,309,13,7,6
S01010968,332,316,16,8,8
S01010969,281,264,17,5,12
S01010970,447,428,19,5,14
S01010971,404,401,3,0,3
S01010972,338,333,5,0,5
S01010973,209,205,4,0,4
S01010974,305,298,7,0,7
S01010975,198,195,3,0,3
S01010976,215,211,4,0,4
S01010977,314,312,2,0,2
S01010978,363,354,9,0,9
S01010979,330,324,6,0,6
S01010980,356,348,8,1,7
S01010981,339,330,9,0,9
S01010982,474,447,27,8,19
S01010983,392,388,4,0,4
S01010984,308,300,8,2,6
S01010985,246,244,2,0,2
S01010986,182,179,3,0,3
S01010987,221,219,2,0,2
S01010988,205,205,0,0,0
S01010989,365,357,8,2,6
S01010990,325,319,6,5,1
S01010991,199,198,1,0,1
S01010992,188,184,4,4,0
S01010993,255,252,3,0,3
S01010994,396,390,6,1,5
S01010995,292,290,2,0,2
S01010996,239,235,4,0,4
S01010997,295,290,5,0,5
S01010998,227,216,11,4,7
S01010999,421,412,9,3,6
S01011000,372,345,27,18,9
S01011001,277,273,4,2,2
S01011002,318,314,4,0,4
S01011003,291,280,11,7,4
S01011004,258,249,9,6,3
S01011005,349,337,12,1,11
S01011006,451,422,29,10,19
S01011007,284,280,4,0,4
S01011008,347,332,15,8,7
S01011009,227,222,5,2,3
S01011010,361,335,26,5,21
S01011011,451,435,16,3,13
S01011012,321,313,8,5,3
S01011013,382,375,7,0,7
S01011014,369,364,5,2,3
S01011015,208,200,8,0,8
S01011016,326,311,15,5,10
S01011017,360,352,8,3,5
S01011018,376,366,10,10,0
S01011019,435,408,27,10,17
S01011020,205,202,3,0,3
S01011021,361,351,10,5,5
S01011022,245,233,12,5,7
S01011023,366,350,16,12,4
S01011024,306,302,4,2,2
S01011025,293,276,17,15,2
S01011026,245,235,10,5,5
S01011027,430,418,12,0,12
S01011028,445,425,20,14,6
S01011029,280,264,16,8,8
S01011030,378,369,9,5,4
S01011031,327,320,7,3,4
S01011032,363,353,10,7,3
S01011033,280,275,5,0,5
S01011034,332,331,1,0,1
S01011035,256,252,4,4,0
S01011036,292,285,7,2,5
S01011037,442,409,33,17,16
S01011038,341,337,4,0,4
S01011039,402,392,10,1,9
S01011040,294,285,9,3,6
S01011041,305,292,13,8,5
S01011042,352,333,19,14,5
S01011043,325,310,15,7,8
S01011044,326,307,19,12,7
S01011045,413,369,44,29,15
S01011046,405,362,43,27,16
S01011047,428,396,32,17,15
S01011048,466,440,26,6,20
S01011049,329,322,7,0,7
S01011050,347,323,24,10,14
S01011051,481,428,53,24,29
S01011052,394,366,28,16,12
S01011053,303,295,8,1,7
S01011054,265,244,21,9,12
S01011055,244,228,16,3,13
S01011056,286,271,15,8,7
S01011057,251,238,13,0,13
S01011058,267,251,16,3,13
S01011059,274,248,26,3,23
S01011060,432,402,30,2,28
S01011061,417,404,13,0,13
S01011062,440,423,17,0,17
S01011063,478,472,6,1,5
S01011064,496,480,16,1,15
S01011065,307,289,18,6,12
S01011066,247,231,16,4,12
S01011067,357,284,73,47,26
S01011068,252,238,14,5,9
S01011069,258,251,7,4,3
S01011070,283,274,9,5,4
S01011071,378,357,21,6,15
S01011072,429,407,22,5,17
S01011073,320,286,34,13,21
S01011074,298,280,18,3,15
S01011075,327,322,5,1,4
S01011076,358,348,10,1,9
S01011077,339,337,2,1,1
S01011078,476,466,10,2,8
S01011079,517,488,29,11,18
S01011080,493,461,32,10,22
S01011081,359,352,7,0,7
S01011082,270,269,1,0,1
S01011083,367,347,20,5,15
S01011084,346,330,16,4,12
S01011085,399,383,16,7,9
S01011086,285,273,12,1,11
S01011087,267,262,5,0,5
S01011088,475,453,22,2,20
S01011089,320,310,10,1,9
S01011090,334,304,30,9,21
S01011091,279,260,19,12,7
S01011092,186,181,5,0,5
S01011093,248,239,9,4,5
S01011094,216,196,20,3,17
S01011095,328,318,10,1,9
S01011096,235,223,12,3,9
S01011097,301,284,17,5,12
S01011098,357,346,11,0,11
S01011099,368,358,10,0,10
S01011100,213,210,3,0,3
S01011101,252,247,5,0,5
S01011102,353,330,23,0,23
S01011103,339,312,27,4,23
S01011104,305,294,11,2,9
S01011105,431,405,26,1,25
S01011106,373,352,21,0,21
S01011107,332,324,8,0,8
S01011108,221,216,5,0,5
S01011109,404,389,15,1,14
S01011110,322,314,8,0,8
S01011111,415,407,8,0,8
S01011112,340,328,12,2,10
S01011113,456,446,10,1,9
S01011114,301,296,5,1,4
S01011115,416,411,5,0,5
S01011116,272,269,3,0,3
S01011117,400,359,41,4,37
S01011118,415,399,16,1,15
S01011119,443,422,21,1,20
S01011120,300,293,7,0,7
S01011121,338,313,25,0,25
S01011122,315,302,13,0,13
S01011123,502,490,12,0,12
S01011124,283,277,6,0,6
S01011125,224,220,4,0,4
S01011126,202,184,18,0,18
S01011127,165,153,12,1,11
S01011128,357,341,16,0,16
S01011129,363,356,7,1,6
S01011130,304,296,8,1,7
S01011131,338,318,20,6,14
S01011132,395,374,21,9,12
S01011133,193,190,3,1,2
S01011134,431,401,30,9,21
S01011135,344,337,7,1,6
S01011136,296,284,12,8,4
S01011137,196,186,10,2,8
S01011138,262,254,8,0,8
S01011139,298,281,17,0,17
S01011140,238,232,6,0,6
S01011141,234,230,4,0,4
S01011142,349,334,15,4,11
S01011143,408,398,10,5,5
S01011144,317,303,14,4,10
S01011145,278,267,11,3,8
S01011146,317,306,11,2,9
S01011147,480,450,30,5,25
S01011148,356,329,27,3,24
S01011149,289,265,24,4,20
S01011150,280,175,105,0,105
S01011151,240,218,22,2,20
S01011152,394,341,53,36,17
S01011153,499,455,44,5,39
S01011154,378,348,30,2,28
S01011155,368,348,20,2,18
S01011156,256,249,7,0,7
S01011157,293,284,9,0,9
S01011158,242,233,9,0,9
S01011159,306,300,6,0,6
S01011160,401,393,8,0,8
S01011161,273,269,4,1,3
S01011162,194,187,7,1,6
S01011163,362,352,10,0,10
S01011164,306,282,24,0,24
S01011165,369,356,13,2,11
S01011166,232,229,3,0,3
S01011167,300,279,21,3,18
S01011168,400,355,45,12,33
S01011169,362,346,16,8,8
S01011170,425,400,25,7,18
S01011171,616,409,207,204,3
S01011172,438,339,99,87,12
S01011173,315,224,91,83,8
S01011174,306,219,87,84,3
S01011175,294,259,35,29,6
S01011176,421,274,147,136,11
S01011177,534,402,132,112,20
S01011178,221,206,15,4,11
S01011179,281,272,9,0,9
S01011180,303,301,2,0,2
S01011181,202,198,4,0,4
S01011182,173,166,7,1,6
S01011183,231,226,5,0,5
S01011184,308,307,1,0,1
S01011185,300,296,4,0,4
S01011186,462,456,6,0,6
S01011187,290,287,3,0,3
S01011188,444,442,2,0,2
S01011189,356,356,0,0,0
S01011190,289,288,1,0,1
S01011191,243,241,2,1,1
S01011192,296,290,6,0,6
S01011193,295,286,9,5,4
S01011194,306,302,4,2,2
S01011195,323,318,5,1,4
S01011196,414,409,5,0,5
S01011197,358,348,10,0,10
S01011198,243,241,2,0,2
S01011199,346,342,4,0,4
S01011200,366,356,10,5,5
S01011201,269,267,2,1,1
S01011202,398,390,8,3,5
S01011203,366,364,2,2,0
S01011204,239,235,4,1,3
S01011205,238,237,1,1,0
S01011206,266,264,2,0,2
S01011207,326,326,0,0,0
S01011208,347,345,2,0,2
S01011209,286,283,3,0,3
S01011210,275,272,3,0,3
S01011211,254,252,2,0,2
S01011212,214,213,1,0,1
S01011213,440,421,19,1,18
S01011214,359,349,10,7,3
S01011215,265,260,5,0,5
S01011216,260,240,20,0,20
S01011217,402,380,22,0,22
S01011218,304,282,22,1,21
S01011219,358,352,6,0,6
S01011220,440,425,15,0,15
S01011221,459,449,10,0,10
S01011222,314,312,2,0,2
S01011223,366,361,5,0,5
S01011224,355,350,5,0,5
S01011225,336,327,9,1,8
S01011226,465,455,10,0,10
S01011227,424,397,27,0,27
S01011228,479,450,29,1,28
S01011229,294,286,8,1,7
S01011230,502,500,2,0,2
S01011231,301,298,3,1,2
S01011232,526,513,13,5,8
S01011233,169,158,11,5,6
S01011234,468,456,12,5,7
S01011235,201,195,6,1,5
S01011236,294,284,10,1,9
S01011237,338,331,7,0,7
S01011238,344,334,10,0,10
S01011239,445,427,18,0,18
S01011240,523,481,42,0,42
S01011241,591,540,51,4,47
S01011242,400,383,17,0,17
S01011243,564,545,19,4,15
S01011244,452,409,43,25,18
S01011245,452,446,6,2,4
S01011246,468,439,29,21,8
S01011247,368,357,11,0,11
S01011248,325,317,8,0,8
S01011249,310,308,2,0,2
S01011250,462,446,16,15,1
S01011251,393,385,8,1,7
S01011252,354,344,10,9,1
S01011253,394,391,3,1,2
S01011254,360,359,1,1,0
S01011255,271,267,4,0,4
S01011256,171,169,2,0,2
S01011257,193,188,5,0,5
S01011258,231,229,2,1,1
S01011259,394,383,11,0,11
S01011260,351,336,15,1,14
S01011261,319,310,9,0,9
S01011262,231,223,8,0,8
S01011263,444,431,13,1,12
S01011264,266,259,7,0,7
S01011265,477,468,9,3,6
S01011266,392,383,9,0,9
S01011267,272,266,6,0,6
S01011268,191,186,5,0,5
S01011269,286,279,7,1,6
S01011270,352,349,3,0,3
S01011271,359,357,2,0,2
S01011272,399,380,19,1,18
S01011273,351,339,12,0,12
S01011274,405,395,10,0,10
S01011275,279,277,2,0,2
S01011276,417,405,12,5,7
S01011277,288,284,4,0,4
S01011278,232,230,2,0,2
S01011279,304,302,2,0,2
S01011280,232,231,1,0,1
S01011281,244,238,6,0,6
S01011282,350,341,9,0,9
S01011283,262,251,11,0,11
S01011284,193,192,1,0,1
S01011285,307,297,10,0,10
S01011286,306,298,8,0,8
S01011287,346,337,9,2,7
S01011288,330,318,12,3,9
S01011289,435,431,4,0,4
S01011290,506,503,3,0,3
S01011291,411,407,4,0,4
S01011292,338,332,6,0,6
S01011293,343,341,2,0,2
S01011294,507,487,20,0,20
S01011295,463,448,15,1,14
S01011296,282,280,2,0,2
S01011297,315,311,4,0,4
S01011298,235,230,5,0,5
S01011299,206,197,9,3,6
S01011300,432,423,9,0,9
S01011301,321,309,12,3,9
S01011302,535,522,13,1,12
S01011303,433,427,6,1,5
S01011304,288,282,6,0,6
S01011305,352,342,10,2,8
S01011306,288,282,6,0,6
S01011307,200,188,12,0,12
S01011308,198,186,12,7,5
S01011309,355,333,22,12,10
S01011310,376,341,35,22,13
S01011311,317,305,12,3,9
S01011312,517,493,24,18,6
S01011313,400,368,32,15,17
S01011314,496,487,9,7,2
S01011315,174,168,6,2,4
S01011316,322,311,11,4,7
S01011317,432,392,40,30,10
S01011318,593,520,73,54,19
S01011319,430,398,32,13,19
S01011320,322,303,19,3,16
S01011321,270,252,18,0,18
S01011322,262,251,11,1,10
S01011323,380,374,6,3,3
S01011324,224,202,22,8,14
S01011325,578,472,106,65,41
S01011326,668,521,147,74,73
S01011327,825,400,425,390,35
S01011328,506,355,151,146,5
S01011329,535,484,51,28,23
S01011330,332,324,8,1,7
S01011331,356,336,20,7,13
S01011332,392,385,7,1,6
S01011333,458,386,72,46,26
S01011334,323,297,26,11,15
S01011335,507,438,69,45,24
S01011336,277,266,11,1,10
S01011337,319,287,32,25,7
S01011338,275,270,5,0,5
S01011339,222,219,3,0,3
S01011340,295,290,5,0,5
S01011341,362,346,16,0,16
S01011342,345,325,20,2,18
S01011343,458,434,24,1,23
S01011344,407,401,6,0,6
S01011345,360,357,3,1,2
S01011346,327,325,2,0,2
S01011347,568,547,21,1,20
S01011348,432,424,8,1,7
S01011349,371,367,4,2,2
S01011350,285,275,10,0,10
S01011351,365,353,12,5,7
S01011352,349,328,21,2,19
S01011353,279,274,5,1,4
S01011354,319,313,6,1,5
S01011355,444,433,11,0,11
S01011356,414,392,22,15,7
S01011357,360,354,6,0,6
S01011358,186,186,0,0,0
S01011359,376,368,8,0,8
S01011360,364,354,10,0,10
S01011361,382,343,39,0,39
S01011362,202,199,3,0,3
S01011363,435,429,6,1,5
S01011364,275,272,3,1,2
S01011365,208,207,1,0,1
S01011366,241,238,3,0,3
S01011367,406,400,6,0,6
S01011368,295,291,4,0,4
S01011369,396,380,16,0,16
S01011370,310,307,3,0,3
S01011371,514,503,11,0,11
S01011372,432,411,21,0,21
S01011373,355,350,5,0,5
S01011374,277,276,1,0,1
S01011375,296,295,1,0,1
S01011376,328,326,2,0,2
S01011377,268,262,6,0,6
S01011378,368,362,6,0,6
S01011379,347,342,5,1,4
S01011380,362,357,5,1,4
S01011381,314,302,12,1,11
S01011382,290,286,4,0,4
S01011383,400,394,6,0,6
S01011384,340,328,12,0,12
S01011385,463,441,22,0,22
S01011386,213,208,5,1,4
S01011387,401,366,35,0,35
S01011388,445,435,10,1,9
S01011389,437,415,22,0,22
S01011390,344,342,2,0,2
S01011391,257,254,3,0,3
S01011392,291,287,4,0,4
S01011393,381,374,7,0,7
S01011394,218,212,6,0,6
S01011395,423,409,14,0,14
S01011396,420,402,18,0,18
S01011397,368,364,4,0,4
S01011398,324,322,2,0,2
S01011399,244,240,4,0,4
S01011400,372,357,15,0,15
S01011401,291,287,4,1,3
S01011402,511,492,19,0,19
S01011403,214,208,6,1,5
S01011404,505,468,37,0,37
S01011405,310,298,12,0,12
S01011406,293,287,6,0,6
S01011407,519,506,13,0,13
S01011408,378,369,9,1,8
S01011409,372,362,10,0,10
S01011410,319,316,3,0,3
S01011411,291,285,6,0,6
S01011412,363,357,6,0,6
S01011413,226,218,8,0,8
S01011414,384,377,7,0,7
S01011415,417,408,9,0,9
S01011416,242,240,2,0,2
S01011417,388,374,14,1,13
S01011418,273,264,9,0,9
S01011419,259,253,6,0,6
S01011420,282,250,32,0,32
S01011421,250,233,17,0,17
S01011422,266,264,2,0,2
S01011423,222,221,1,0,1
S01011424,239,237,2,0,2
S01011425,350,348,2,0,2
S01011426,372,356,16,0,16
S01011427,315,303,12,0,12
S01011428,249,243,6,0,6
S01011429,247,240,7,0,7
S01011430,385,368,17,0,17
S01011431,528,506,22,1,21
S01011432,475,467,8,0,8
S01011433,377,369,8,0,8
S01011434,256,250,6,0,6
S01011435,387,374,13,0,13
S01011436,377,370,7,0,7
S01011437,364,354,10,0,10
S01011438,246,241,5,0,5
S01011439,413,396,17,0,17
S01011440,282,276,6,0,6
S01011441,352,343,9,1,8
S01011442,350,327,23,0,23
S01011443,297,288,9,0,9
S01011444,335,334,1,0,1
S01011445,268,251,17,0,17
S01011446,240,231,9,0,9
S01011447,375,369,6,0,6
S01011448,386,377,9,0,9
S01011449,284,276,8,0,8
S01011450,247,239,8,0,8
S01011451,220,212,8,2,6
S01011452,427,412,15,0,15
S01011453,312,301,11,1,10
S01011454,363,351,12,0,12
S01011455,337,329,8,0,8
S01011456,364,356,8,0,8
S01011457,389,382,7,0,7
S01011458,375,374,1,0,1
S01011459,438,420,18,0,18
S01011460,298,292,6,0,6
S01011461,348,332,16,0,16
S01011462,414,404,10,1,9
S01011463,325,307,18,0,18
S01011464,232,223,9,0,9
S01011465,227,223,4,0,4
S01011466,340,316,24,0,24
S01011467,239,231,8,0,8
S01011468,315,310,5,0,5
S01011469,328,318,10,0,10
S01011470,515,491,24,0,24
S01011471,476,455,21,0,21
S01011472,562,535,27,1,26
S01011473,441,431,10,0,10
S01011474,503,481,22,0,22
S01011475,409,391,18,0,18
S01011476,199,198,1,0,1
S01011477,335,335,0,0,0
S01011478,458,442,16,1,15
S01011479,396,380,16,0,16
S01011480,473,467,6,0,6
S01011481,346,336,10,0,10
S01011482,437,424,13,0,13
S01011483,221,221,0,0,0
S01011484,387,381,6,0,6
S01011485,378,371,7,0,7
S01011486,238,235,3,0,3
S01011487,434,429,5,0,5
S01011488,294,284,10,0,10
S01011489,266,260,6,0,6
S01011490,487,473,14,0,14
S01011491,273,262,11,0,11
S01011492,429,395,34,0,34
S01011493,173,170,3,0,3
S01011494,336,332,4,0,4
S01011495,375,369,6,0,6
S01011496,310,308,2,0,2
S01011497,263,256,7,0,7
S01011498,230,230,0,0,0
S01011499,383,370,13,0,13
S01011500,224,219,5,0,5
S01011501,341,325,16,0,16
S01011502,308,305,3,0,3
S01011503,254,253,1,0,1
S01011504,241,237,4,0,4
S01011505,327,322,5,0,5
S01011506,241,237,4,0,4
S01011507,296,293,3,1,2
S01011508,485,468,17,0,17
S01011509,248,247,1,0,1
S01011510,440,435,5,0,5
S01011511,267,255,12,0,12
S01011512,501,482,19,0,19
S01011513,376,358,18,0,18
S01011514,344,337,7,0,7
S01011515,290,280,10,0,10
S01011516,369,358,11,1,10
S01011517,226,225,1,0,1
S01011518,307,302,5,0,5
S01011519,315,310,5,0,5
S01011520,280,273,7,0,7
S01011521,467,441,26,0,26
S01011522,470,463,7,0,7
S01011523,376,340,36,0,36
S01011524,400,396,4,0,4
S01011525,349,348,1,0,1
S01011526,425,422,3,0,3
S01011527,293,290,3,0,3
S01011528,516,495,21,0,21
S01011529,303,291,12,0,12
S01011530,473,468,5,0,5
S01011531,483,473,10,0,10
S01011532,238,237,1,0,1
S01011533,323,315,8,0,8
S01011534,344,341,3,0,3
S01011535,473,467,6,0,6
S01011536,269,269,0,0,0
S01011537,253,252,1,0,1
S01011538,262,259,3,0,3
S01011539,315,312,3,0,3
S01011540,435,431,4,0,4
S01011541,383,382,1,0,1
S01011542,381,374,7,1,6
S01011543,326,325,1,0,1
S01011544,296,295,1,1,0
S01011545,255,252,3,0,3
S01011546,238,236,2,0,2
S01011547,218,216,2,0,2
S01011548,332,331,1,0,1
S01011549,319,318,1,0,1
S01011550,277,277,0,0,0
S01011551,244,227,17,0,17
S01011552,271,269,2,0,2
S01011553,272,267,5,0,5
S01011554,372,372,0,0,0
S01011555,238,236,2,0,2
S01011556,253,251,2,0,2
S01011557,303,303,0,0,0
S01011558,246,242,4,0,4
S01011559,247,246,1,0,1
S01011560,321,318,3,0,3
S01011561,302,302,0,0,0
S01011562,274,270,4,0,4
S01011563,292,287,5,0,5
S01011564,416,410,6,0,6
S01011565,368,365,3,0,3
S01011566,382,374,8,0,8
S01011567,457,454,3,0,3
S01011568,322,320,2,0,2
S01011569,420,414,6,0,6
S01011570,338,329,9,1,8
S01011571,403,389,14,1,13
S01011572,299,294,5,0,5
S01011573,483,474,9,0,9
S01011574,296,296,0,0,0
S01011575,233,229,4,0,4
S01011576,378,374,4,0,4
S01011577,335,328,7,0,7
S01011578,360,355,5,0,5
S01011579,419,413,6,0,6
S01011580,340,311,29,0,29
S01011581,486,463,23,0,23
S01011582,484,477,7,0,7
S01011583,346,332,14,0,14
S01011584,327,325,2,0,2
S01011585,342,336,6,1,5
S01011586,241,239,2,0,2
S01011587,239,236,3,0,3
S01011588,305,302,3,0,3
S01011589,351,347,4,0,4
S01011590,289,287,2,0,2
S01011591,269,268,1,0,1
S01011592,356,353,3,0,3
S01011593,325,325,0,0,0
S01011594,225,221,4,1,3
S01011595,312,301,11,0,11
S01011596,494,489,5,0,5
S01011597,272,268,4,0,4
S01011598,565,544,21,0,21
S01011599,366,362,4,0,4
S01011600,403,392,11,0,11
S01011601,316,316,0,0,0
S01011602,275,266,9,0,9
S01011603,453,443,10,0,10
S01011604,306,293,13,0,13
S01011605,381,376,5,0,5
S01011606,347,342,5,0,5
S01011607,236,231,5,0,5
S01011608,365,360,5,0,5
S01011609,479,479,0,0,0
S01011610,379,362,17,0,17
S01011611,264,258,6,0,6
S01011612,212,211,1,0,1
S01011613,378,374,4,0,4
S01011614,186,183,3,0,3
S01011615,308,296,12,0,12
S01011616,218,211,7,0,7
S01011617,391,388,3,0,3
S01011618,278,277,1,0,1
S01011619,413,406,7,0,7
S01011620,402,394,8,0,8
S01011621,296,286,10,0,10
S01011622,234,230,4,0,4
S01011623,320,314,6,0,6
S01011624,303,294,9,0,9
S01011625,243,240,3,0,3
S01011626,293,289,4,0,4
S01011627,263,260,3,0,3
S01011628,416,410,6,0,6
S01011629,244,240,4,0,4
S01011630,260,255,5,0,5
S01011631,253,245,8,0,8
S01011632,323,315,8,0,8
S01011633,332,321,11,0,11
S01011634,251,235,16,1,15
S01011635,284,274,10,0,10
S01011636,291,283,8,0,8
S01011637,308,299,9,0,9
S01011638,270,260,10,1,9
S01011639,252,250,2,0,2
S01011640,264,259,5,0,5
S01011641,197,195,2,0,2
S01011642,361,352,9,0,9
S01011643,245,238,7,0,7
S01011644,345,339,6,0,6
S01011645,261,257,4,0,4
S01011646,262,262,0,0,0
S01011647,331,330,1,0,1
S01011648,290,276,14,1,13
S01011649,251,243,8,1,7
S01011650,308,308,0,0,0
S01011651,450,446,4,1,3
S01011652,317,311,6,1,5
S01011653,344,340,4,0,4
S01011654,540,521,19,0,19
S01011655,484,471,13,0,13
S01011656,288,287,1,0,1
S01011657,284,281,3,0,3
S01011658,310,304,6,0,6
S01011659,356,353,3,0,3
S01011660,380,379,1,0,1
S01011661,259,246,13,0,13
S01011662,240,237,3,0,3
S01011663,461,428,33,0,33
S01011664,413,408,5,0,5
S01011665,441,428,13,0,13
S01011666,472,454,18,0,18
S01011667,408,375,33,0,33
S01011668,439,429,10,0,10
S01011669,310,299,11,1,10
S01011670,240,234,6,0,6
S01011671,323,316,7,1,6
S01011672,281,275,6,0,6
S01011673,285,275,10,0,10
S01011674,442,434,8,0,8
S01011675,401,387,14,0,14
S01011676,320,311,9,0,9
S01011677,289,258,31,0,31
S01011678,235,222,13,0,13
S01011679,215,204,11,0,11
S01011680,462,454,8,0,8
S01011681,350,345,5,0,5
S01011682,190,182,8,0,8
S01011683,327,306,21,0,21
S01011684,238,234,4,0,4
S01011685,280,279,1,0,1
S01011686,348,344,4,0,4
S01011687,387,386,1,0,1
S01011688,311,307,4,1,3
S01011689,251,248,3,0,3
S01011690,398,396,2,1,1
S01011691,229,224,5,0,5
S01011692,457,455,2,1,1
S01011693,373,367,6,0,6
S01011694,202,200,2,0,2
S01011695,334,333,1,0,1
S01011696,353,351,2,0,2
S01011697,402,398,4,0,4
S01011698,273,271,2,0,2
S01011699,396,387,9,0,9
S01011700,364,354,10,0,10
S01011701,446,444,2,0,2
S01011702,337,335,2,1,1
S01011703,262,255,7,0,7
S01011704,275,274,1,0,1
S01011705,320,318,2,0,2
S01011706,459,450,9,3,6
S01011707,284,283,1,0,1
S01011708,452,448,4,1,3
S01011709,372,370,2,0,2
S01011710,261,257,4,0,4
S01011711,327,321,6,0,6
S01011712,296,294,2,0,2
S01011713,398,389,9,0,9
S01011714,197,194,3,0,3
S01011715,300,297,3,0,3
S01011716,352,351,1,0,1
S01011717,294,294,0,0,0
S01011718,294,289,5,0,5
S01011719,227,224,3,0,3
S01011720,215,213,2,0,2
S01011721,313,305,8,0,8
S01011722,320,317,3,0,3
S01011723,401,397,4,0,4
S01011724,264,261,3,0,3
S01011725,221,219,2,0,2
S01011726,209,208,1,0,1
S01011727,268,261,7,1,6
S01011728,394,393,1,0,1
S01011729,305,302,3,0,3
S01011730,437,431,6,0,6
S01011731,354,352,2,0,2
S01011732,299,299,0,0,0
S01011733,357,352,5,0,5
S01011734,336,335,1,0,1
S01011735,288,288,0,0,0
S01011736,322,317,5,0,5
S01011737,298,294,4,0,4
S01011738,480,466,14,0,14
S01011739,228,226,2,0,2
S01011740,365,356,9,0,9
S01011741,300,296,4,0,4
S01011742,338,333,5,0,5
S01011743,384,379,5,1,4
S01011744,483,462,21,0,21
S01011745,409,398,11,0,11
S01011746,217,215,2,0,2
S01011747,417,413,4,0,4
S01011748,382,375,7,0,7
S01011749,386,370,16,0,16
S01011750,406,398,8,0,8
S01011751,570,532,38,0,38
S01011752,477,460,17,0,17
S01011753,369,366,3,0,3
S01011754,342,339,3,0,3
S01011755,473,456,17,0,17
S01011756,437,430,7,0,7
S01011757,329,327,2,0,2
S01011758,255,252,3,0,3
S01011759,343,340,3,0,3
S01011760,417,411,6,0,6
S01011761,276,272,4,0,4
S01011762,326,322,4,0,4
S01011763,351,350,1,0,1
S01011764,136,136,0,0,0
S01011765,385,380,5,0,5
S01011766,213,209,4,0,4
S01011767,459,443,16,1,15
S01011768,343,342,1,0,1
S01011769,324,321,3,0,3
S01011770,418,409,9,0,9
S01011771,238,238,0,0,0
S01011772,391,390,1,0,1
S01011773,201,200,1,0,1
S01011774,361,354,7,0,7
S01011775,229,228,1,0,1
S01011776,322,319,3,0,3
S01011777,265,264,1,0,1
S01011778,268,261,7,2,5
S01011779,327,324,3,0,3
S01011780,316,315,1,0,1
S01011781,215,214,1,0,1
S01011782,271,271,0,0,0
S01011783,213,213,0,0,0
S01011784,355,349,6,0,6
S01011785,389,389,0,0,0
S01011786,125,124,1,0,1
S01011787,494,483,11,0,11
S01011788,227,225,2,0,2
S01011789,290,284,6,0,6
S01011790,406,404,2,0,2
S01011791,351,347,4,1,3
S01011792,542,515,27,2,25
S01011793,337,327,10,1,9
S01011794,417,414,3,0,3
S01011795,318,317,1,0,1
S01011796,366,354,12,0,12
S01011797,388,385,3,0,3
S01011798,248,242,6,0,6
S01011799,363,357,6,0,6
S01011800,221,219,2,0,2
S01011801,263,253,10,0,10
S01011802,366,361,5,0,5
S01011803,240,236,4,2,2
S01011804,410,379,31,13,18
S01011805,318,279,39,17,22
S01011806,385,362,23,13,10
S01011807,475,444,31,19,12
S01011808,301,287,14,2,12
S01011809,319,302,17,5,12
S01011810,436,413,23,6,17
S01011811,470,436,34,15,19
S01011812,298,275,23,10,13
S01011813,317,306,11,3,8
S01011814,313,297,16,5,11
S01011815,326,313,13,2,11
S01011816,267,257,10,6,4
S01011817,302,294,8,2,6
S01011818,495,486,9,1,8
S01011819,448,438,10,0,10
S01011820,344,319,25,3,22
S01011821,232,223,9,2,7
S01011822,452,410,42,9,33
S01011823,293,290,3,0,3
S01011824,320,316,4,0,4
S01011825,279,275,4,0,4
S01011826,334,320,14,4,10
S01011827,326,289,37,15,22
S01011828,445,411,34,14,20
S01011829,197,195,2,1,1
S01011830,311,279,32,9,23
S01011831,485,425,60,35,25
S01011832,459,405,54,29,25
S01011833,374,360,14,3,11
S01011834,186,180,6,2,4
S01011835,292,278,14,3,11
S01011836,347,332,15,6,9
S01011837,268,255,13,0,13
S01011838,328,327,1,0,1
S01011839,456,444,12,2,10
S01011840,420,406,14,0,14
S01011841,430,415,15,0,15
S01011842,480,462,18,0,18
S01011843,444,415,29,13,16
S01011844,301,295,6,1,5
S01011845,397,382,15,1,14
S01011846,398,385,13,5,8
S01011847,189,178,11,3,8
S01011848,327,305,22,4,18
S01011849,369,352,17,8,9
S01011850,447,314,133,110,23
S01011851,379,368,11,8,3
S01011852,489,460,29,3,26
S01011853,317,304,13,3,10
S01011854,372,356,16,2,14
S01011855,380,364,16,4,12
S01011856,326,309,17,10,7
S01011857,321,301,20,12,8
S01011858,447,403,44,32,12
S01011859,467,446,21,14,7
S01011860,241,206,35,31,4
S01011861,431,343,88,83,5
S01011862,444,425,19,12,7
S01011863,355,328,27,8,19
S01011864,330,315,15,6,9
S01011865,299,291,8,2,6
S01011866,345,341,4,0,4
S01011867,451,444,7,1,6
S01011868,448,416,32,3,29
S01011869,443,409,34,6,28
S01011870,334,315,19,3,16
S01011871,473,438,35,8,27
S01011872,401,365,36,12,24
S01011873,351,339,12,2,10
S01011874,289,285,4,1,3
S01011875,324,322,2,0,2
S01011876,410,398,12,2,10
S01011877,266,262,4,1,3
S01011878,399,379,20,1,19
S01011879,219,218,1,0,1
S01011880,260,241,19,10,9
S01011881,408,371,37,18,19
S01011882,462,450,12,0,12
S01011883,485,439,46,6,40
S01011884,177,169,8,2,6
S01011885,281,270,11,2,9
S01011886,381,368,13,0,13
S01011887,233,230,3,1,2
S01011888,374,369,5,0,5
S01011889,436,430,6,0,6
S01011890,304,300,4,0,4
S01011891,389,378,11,4,7
S01011892,523,503,20,2,18
S01011893,515,500,15,1,14
S01011894,299,291,8,0,8
S01011895,312,305,7,3,4
S01011896,433,421,12,0,12
S01011897,448,436,12,0,12
S01011898,251,246,5,2,3
S01011899,355,352,3,0,3
S01011900,302,293,9,0,9
S01011901,410,397,13,4,9
S01011902,472,465,7,0,7
S01011903,360,352,8,0,8
S01011904,329,324,5,2,3
S01011905,284,280,4,0,4
S01011906,201,201,0,0,0
S01011907,344,338,6,0,6
S01011908,150,147,3,0,3
S01011909,416,404,12,2,10
S01011910,467,464,3,0,3
S01011911,286,285,1,0,1
S01011912,336,327,9,1,8
S01011913,382,365,17,0,17
S01011914,369,360,9,0,9
S01011915,343,337,6,0,6
S01011916,238,232,6,0,6
S01011917,234,232,2,0,2
S01011918,374,368,6,1,5
S01011919,402,390,12,1,11
S01011920,294,291,3,0,3
S01011921,292,285,7,0,7
S01011922,361,356,5,0,5
S01011923,387,383,4,0,4
S01011924,208,206,2,0,2
S01011925,270,264,6,0,6
S01011926,301,298,3,1,2
S01011927,287,285,2,0,2
S01011928,350,338,12,3,9
S01011929,324,319,5,0,5
S01011930,296,294,2,0,2
S01011931,251,250,1,0,1
S01011932,300,300,0,0,0
S01011933,349,344,5,0,5
S01011934,531,520,11,4,7
S01011935,484,459,25,0,25
S01011936,413,380,33,4,29
S01011937,428,408,20,2,18
S01011938,411,400,11,3,8
S01011939,467,446,21,2,19
S01011940,299,266,33,1,32
S01011941,476,441,35,12,23
S01011942,610,573,37,3,34
S01011943,771,715,56,1,55
S01011944,202,188,14,8,6
S01011945,319,313,6,2,4
S01011946,387,377,10,2,8
S01011947,222,214,8,0,8
S01011948,550,527,23,5,18
S01011949,401,392,9,3,6
S01011950,354,348,6,0,6
S01011951,314,306,8,3,5
S01011952,203,200,3,0,3
S01011953,335,325,10,2,8
S01011954,231,230,1,1,0
S01011955,482,467,15,1,14
S01011956,405,392,13,4,9
S01011957,346,325,21,7,14
S01011958,506,481,25,7,18
S01011959,392,365,27,3,24
S01011960,346,325,21,4,17
S01011961,321,311,10,0,10
S01011962,275,264,11,1,10
S01011963,233,231,2,0,2
S01011964,462,453,9,0,9
S01011965,390,381,9,1,8
S01011966,363,351,12,0,12
S01011967,445,420,25,9,16
S01011968,486,478,8,2,6
S01011969,498,480,18,1,17
S01011970,449,432,17,1,16
S01011971,251,243,8,3,5
S01011972,550,512,38,6,32
S01011973,283,272,11,5,6
S01011974,350,320,30,8,22
S01011975,207,199,8,3,5
S01011976,367,353,14,2,12
S01011977,530,508,22,14,8
S01011978,367,351,16,1,15
S01011979,424,397,27,17,10
S01011980,209,182,27,23,4
S01011981,553,396,157,145,12
S01011982,482,414,68,57,11
S01011983,429,351,78,74,4
S01011984,325,315,10,2,8
S01011985,319,293,26,7,19
S01011986,321,320,1,0,1
S01011987,419,403,16,7,9
S01011988,313,297,16,3,13
S01011989,387,379,8,0,8
S01011990,373,364,9,1,8
S01011991,305,298,7,0,7
S01011992,506,472,34,21,13
S01011993,477,460,17,1,16
S01011994,317,305,12,6,6
S01011995,343,324,19,8,11
S01011996,262,254,8,1,7
S01011997,449,422,27,20,7
S01011998,232,220,12,10,2
S01011999,323,291,32,24,8
S01012000,202,198,4,0,4
S01012001,303,296,7,1,6
S01012002,250,243,7,0,7
S01012003,248,241,7,1,6
S01012004,406,398,8,2,6
S01012005,337,334,3,1,2
S01012006,320,280,40,15,25
S01012007,417,374,43,26,17
S01012008,469,421,48,27,21
S01012009,347,300,47,34,13
S01012010,586,524,62,48,14
S01012011,578,537,41,32,9
S01012012,356,320,36,27,9
S01012013,447,357,90,78,12
S01012014,461,402,59,35,24
S01012015,460,420,40,23,17
S01012016,479,360,119,112,7
S01012017,407,221,186,182,4
S01012018,526,374,152,138,14
S01012019,386,371,15,0,15
S01012020,367,361,6,0,6
S01012021,225,225,0,0,0
S01012022,293,289,4,0,4
S01012023,237,228,9,2,7
S01012024,366,363,3,0,3
S01012025,294,288,6,0,6
S01012026,212,211,1,0,1
S01012027,321,311,10,0,10
S01012028,380,375,5,1,4
S01012029,451,418,33,1,32
S01012030,271,249,22,0,22
S01012031,241,231,10,0,10
S01012032,148,142,6,2,4
S01012033,377,373,4,0,4
S01012034,390,386,4,0,4
S01012035,441,431,10,0,10
S01012036,394,385,9,0,9
S01012037,466,438,28,0,28
S01012038,376,366,10,0,10
S01012039,421,413,8,0,8
S01012040,257,255,2,0,2
S01012041,389,382,7,0,7
S01012042,420,408,12,0,12
S01012043,385,380,5,0,5
S01012044,482,474,8,0,8
S01012045,621,583,38,0,38
S01012046,392,376,16,2,14
S01012047,559,548,11,0,11
S01012048,428,402,26,0,26
S01012049,355,347,8,0,8
S01012050,426,423,3,0,3
S01012051,263,255,8,0,8
S01012052,471,469,2,0,2
S01012053,473,461,12,0,12
S01012054,475,443,32,1,31
S01012055,467,463,4,0,4
S01012056,358,354,4,0,4
S01012057,323,316,7,0,7
S01012058,333,328,5,0,5
S01012059,418,412,6,0,6
S01012060,417,408,9,0,9
S01012061,444,440,4,0,4
S01012062,339,335,4,0,4
S01012063,237,235,2,0,2
S01012064,286,276,10,0,10
S01012065,271,261,10,0,10
S01012066,415,382,33,0,33
S01012067,254,250,4,0,4
S01012068,281,268,13,0,13
S01012069,319,292,27,0,27
S01012070,486,449,37,1,36
S01012071,774,692,82,0,82
S01012072,754,722,32,2,30
S01012073,320,320,0,0,0
S01012074,346,343,3,1,2
S01012075,269,269,0,0,0
S01012076,391,382,9,0,9
S01012077,379,363,16,0,16
S01012078,379,367,12,0,12
S01012079,460,448,12,0,12
S01012080,361,352,9,0,9
S01012081,405,387,18,0,18
S01012082,327,323,4,0,4
S01012083,396,383,13,0,13
S01012084,240,238,2,0,2
S01012085,301,301,0,0,0
S01012086,464,448,16,1,15
S01012087,373,364,9,0,9
S01012088,288,286,2,0,2
S01012089,365,357,8,0,8
S01012090,357,356,1,0,1
S01012091,247,244,3,0,3
S01012092,217,214,3,0,3
S01012093,302,295,7,0,7
S01012094,326,317,9,0,9
S01012095,412,410,2,0,2
S01012096,396,388,8,0,8
S01012097,288,279,9,0,9
S01012098,279,277,2,1,1
S01012099,352,348,4,1,3
S01012100,505,493,12,0,12
S01012101,311,311,0,0,0
S01012102,333,319,14,0,14
S01012103,435,425,10,0,10
S01012104,362,345,17,0,17
S01012105,499,492,7,0,7
S01012106,504,497,7,1,6
S01012107,287,279,8,2,6
S01012108,646,632,14,0,14
S01012109,592,560,32,0,32
S01012110,479,458,21,0,21
S01012111,335,309,26,0,26
S01012112,432,423,9,0,9
S01012113,526,511,15,0,15
S01012114,371,357,14,1,13
S01012115,261,257,4,0,4
S01012116,289,283,6,0,6
S01012117,298,289,9,3,6
S01012118,227,226,1,0,1
S01012119,353,349,4,1,3
S01012120,261,256,5,1,4
S01012121,409,404,5,0,5
S01012122,321,318,3,0,3
S01012123,220,212,8,0,8
S01012124,263,262,1,1,0
S01012125,524,504,20,0,20
S01012126,403,389,14,1,13
S01012127,576,552,24,0,24
S01012128,341,278,63,1,62
S01012129,467,440,27,0,27
S01012130,710,687,23,0,23
S01012131,662,610,52,1,51
S01012132,450,426,24,2,22
S01012133,447,421,26,2,24
S01012134,626,606,20,1,19
S01012135,589,570,19,0,19
S01012136,552,516,36,0,36
S01012137,492,463,29,0,29
S01012138,476,460,16,0,16
S01012139,466,462,4,0,4
S01012140,209,205,4,0,4
S01012141,415,412,3,0,3
S01012142,397,395,2,0,2
S01012143,384,376,8,0,8
S01012144,460,449,11,1,10
S01012145,403,399,4,0,4
S01012146,588,572,16,1,15
S01012147,415,407,8,0,8
S01012148,383,364,19,0,19
S01012149,348,335,13,0,13
S01012150,365,359,6,0,6
S01012151,413,397,16,0,16
S01012152,371,362,9,0,9
S01012153,341,329,12,0,12
S01012154,534,513,21,0,21
S01012155,369,357,12,1,11
S01012156,385,372,13,0,13
S01012157,496,487,9,0,9
S01012158,495,487,8,0,8
S01012159,233,229,4,0,4
S01012160,297,293,4,0,4
S01012161,214,208,6,1,5
S01012162,394,386,8,0,8
S01012163,408,384,24,1,23
S01012164,420,413,7,2,5
S01012165,470,452,18,1,17
S01012166,295,292,3,0,3
S01012167,429,425,4,0,4
S01012168,389,379,10,0,10
S01012169,447,429,18,0,18
S01012170,556,543,13,0,13
S01012171,476,470,6,0,6
S01012172,365,360,5,0,5
S01012173,292,289,3,0,3
S01012174,303,301,2,0,2
S01012175,390,385,5,2,3
S01012176,370,367,3,0,3
S01012177,242,242,0,0,0
S01012178,215,212,3,0,3
S01012179,306,301,5,0,5
S01012180,274,273,1,0,1
S01012181,389,384,5,0,5
S01012182,495,431,64,5,59
S01012183,486,408,78,1,77
S01012184,295,280,15,1,14
S01012185,518,506,12,0,12
S01012186,351,344,7,0,7
S01012187,389,382,7,0,7
S01012188,253,252,1,0,1
S01012189,246,245,1,0,1
S01012190,210,210,0,0,0
S01012191,326,322,4,1,3
S01012192,187,187,0,0,0
S01012193,176,175,1,0,1
S01012194,180,179,1,0,1
S01012195,430,423,7,1,6
S01012196,213,211,2,0,2
S01012197,316,311,5,0,5
S01012198,408,403,5,0,5
S01012199,310,309,1,0,1
S01012200,282,278,4,1,3
S01012201,320,318,2,0,2
S01012202,240,239,1,0,1
S01012203,318,316,2,0,2
S01012204,271,270,1,0,1
S01012205,278,273,5,0,5
S01012206,320,317,3,0,3
S01012207,407,401,6,0,6
S01012208,464,457,7,0,7
S01012209,323,318,5,0,5
S01012210,401,385,16,0,16
S01012211,415,408,7,0,7
S01012212,308,304,4,0,4
S01012213,340,336,4,0,4
S01012214,287,282,5,0,5
S01012215,333,329,4,1,3
S01012216,286,282,4,0,4
S01012217,272,267,5,0,5
S01012218,237,228,9,0,9
S01012219,421,415,6,0,6
S01012220,367,367,0,0,0
S01012221,344,332,12,1,11
S01012222,409,402,7,0,7
S01012223,365,360,5,0,5
S01012224,340,333,7,0,7
S01012225,472,459,13,0,13
S01012226,291,287,4,1,3
S01012227,264,260,4,0,4
S01012228,253,252,1,0,1
S01012229,329,323,6,0,6
S01012230,395,392,3,0,3
S01012231,290,289,1,0,1
S01012232,320,318,2,0,2
S01012233,341,341,0,0,0
S01012234,395,393,2,0,2
S01012235,195,192,3,0,3
S01012236,287,278,9,1,8
S01012237,323,319,4,0,4
S01012238,321,309,12,1,11
S01012239,284,274,10,0,10
S01012240,399,391,8,0,8
S01012241,235,232,3,0,3
S01012242,312,307,5,2,3
S01012243,245,244,1,0,1
S01012244,370,347,23,10,13
S01012245,347,335,12,1,11
S01012246,310,301,9,6,3
S01012247,325,303,22,11,11
S01012248,358,332,26,17,9
S01012249,420,365,55,52,3
S01012250,339,301,38,28,10
S01012251,485,457,28,10,18
S01012252,344,333,11,0,11
S01012253,558,508,50,10,40
S01012254,423,399,24,9,15
S01012255,527,475,52,23,29
S01012256,335,327,8,1,7
S01012257,420,412,8,4,4
S01012258,304,297,7,5,2
S01012259,293,277,16,14,2
S01012260,380,368,12,4,8
S01012261,331,322,9,5,4
S01012262,388,343,45,27,18
S01012263,384,366,18,5,13
S01012264,233,222,11,6,5
S01012265,355,340,15,1,14
S01012266,564,536,28,14,14
S01012267,339,318,21,9,12
S01012268,290,265,25,8,17
S01012269,472,461,11,2,9
S01012270,364,348,16,1,15
S01012271,471,421,50,23,27
S01012272,322,305,17,7,10
S01012273,314,297,17,8,9
S01012274,460,432,28,1,27
S01012275,492,450,42,1,41
S01012276,501,463,38,0,38
S01012277,516,482,34,1,33
S01012278,413,401,12,1,11
S01012279,429,407,22,0,22
S01012280,425,409,16,0,16
S01012281,391,371,20,1,19
S01012282,481,466,15,2,13
S01012283,374,369,5,0,5
S01012284,449,436,13,1,12
S01012285,284,266,18,1,17
S01012286,506,493,13,0,13
S01012287,505,479,26,0,26
S01012288,383,377,6,0,6
S01012289,432,411,21,11,10
S01012290,323,292,31,10,21
S01012291,444,421,23,9,14
S01012292,385,341,44,20,24
S01012293,219,212,7,0,7
S01012294,379,371,8,0,8
S01012295,285,280,5,1,4
S01012296,345,330,15,2,13
S01012297,280,253,27,12,15
S01012298,398,374,24,2,22
S01012299,289,257,32,27,5
S01012300,311,294,17,8,9
S01012301,467,407,60,40,20
S01012302,308,240,68,55,13
S01012303,418,378,40,30,10
S01012304,448,424,24,15,9
S01012305,339,333,6,1,5
S01012306,318,308,10,0,10
S01012307,333,323,10,2,8
S01012308,343,334,9,0,9
S01012309,263,245,18,2,16
S01012310,560,427,133,110,23
S01012311,297,263,34,29,5
S01012312,505,439,66,50,16
S01012313,393,345,48,39,9
S01012314,387,365,22,15,7
S01012315,443,400,43,29,14
S01012316,317,315,2,0,2
S01012317,228,209,19,9,10
S01012318,336,329,7,5,2
S01012319,367,343,24,16,8
S01012320,282,276,6,3,3
S01012321,352,339,13,3,10
S01012322,517,453,64,37,27
S01012323,457,403,54,33,21
S01012324,423,365,58,26,32
S01012325,311,301,10,6,4
S01012326,331,310,21,1,20
S01012327,389,366,23,8,15
S01012328,336,293,43,21,22
S01012329,457,381,76,56,20
S01012330,299,280,19,2,17
S01012331,278,265,13,1,12
S01012332,485,435,50,32,18
S01012333,499,452,47,30,17
S01012334,370,365,5,0,5
S01012335,417,414,3,1,2
S01012336,278,275,3,0,3
S01012337,466,453,13,0,13
S01012338,421,384,37,5,32
S01012339,425,366,59,13,46
S01012340,488,477,11,0,11
S01012341,475,404,71,40,31
S01012342,456,403,53,23,30
S01012343,487,448,39,25,14
S01012344,306,296,10,2,8
S01012345,329,321,8,2,6
S01012346,394,361,33,23,10
S01012347,377,364,13,1,12
S01012348,335,325,10,0,10
S01012349,411,402,9,0,9
S01012350,343,337,6,1,5
S01012351,385,373,12,3,9
S01012352,367,350,17,4,13
S01012353,494,453,41,12,29
S01012354,439,385,54,29,25
S01012355,483,377,106,63,43
S01012356,334,320,14,8,6
S01012357,387,355,32,20,12
S01012358,401,343,58,39,19
S01012359,374,367,7,0,7
S01012360,335,324,11,0,11
S01012361,281,275,6,0,6
S01012362,315,306,9,0,9
S01012363,629,575,54,12,42
S01012364,427,375,52,7,45
S01012365,457,443,14,7,7
S01012366,566,513,53,4,49
S01012367,422,420,2,0,2
S01012368,268,261,7,2,5
S01012369,382,375,7,0,7
S01012370,531,516,15,1,14
S01012371,532,486,46,4,42
S01012372,466,450,16,1,15
S01012373,496,479,17,4,13
S01012374,414,402,12,1,11
S01012375,444,429,15,1,14
S01012376,439,407,32,22,10
S01012377,365,324,41,16,25
S01012378,291,250,41,31,10
S01012379,251,227,24,18,6
S01012380,427,423,4,2,2
S01012381,475,456,19,0,19
S01012382,448,437,11,3,8
S01012383,437,424,13,3,10
S01012384,282,267,15,2,13
S01012385,352,332,20,2,18
S01012386,464,440,24,1,23
S01012387,447,407,40,15,25
S01012388,335,306,29,8,21
S01012389,352,339,13,4,9
S01012390,322,307,15,6,9
S01012391,414,412,2,2,0
S01012392,333,327,6,3,3
S01012393,383,377,6,2,4
S01012394,283,276,7,5,2
S01012395,290,279,11,0,11
S01012396,338,312,26,8,18
S01012397,438,418,20,8,12
S01012398,461,432,29,8,21
S01012399,304,287,17,3,14
S01012400,296,274,22,2,20
S01012401,424,408,16,10,6
S01012402,191,184,7,0,7
S01012403,453,437,16,7,9
S01012404,470,448,22,13,9
S01012405,291,274,17,1,16
S01012406,270,260,10,1,9
S01012407,351,335,16,9,7
S01012408,266,250,16,11,5
S01012409,325,311,14,4,10
S01012410,456,420,36,18,18
S01012411,440,410,30,16,14
S01012412,328,281,47,13,34
S01012413,473,419,54,44,10
S01012414,428,341,87,50,37
S01012415,222,203,19,10,9
S01012416,242,216,26,17,9
S01012417,335,299,36,24,12
S01012418,442,343,99,80,19
S01012419,376,313,63,52,11
S01012420,379,362,17,14,3
S01012421,398,325,73,63,10
S01012422,457,402,55,48,7
S01012423,372,346,26,11,15
S01012424,432,414,18,1,17
S01012425,315,307,8,1,7
S01012426,250,237,13,2,11
S01012427,307,300,7,5,2
S01012428,299,286,13,5,8
S01012429,334,286,48,35,13
S01012430,323,277,46,34,12
S01012431,493,432,61,32,29
S01012432,373,352,21,14,7
S01012433,295,265,30,13,17
S01012434,344,334,10,4,6
S01012435,328,311,17,6,11
S01012436,365,345,20,6,14
S01012437,344,336,8,1,7
S01012438,266,260,6,0,6
S01012439,372,355,17,2,15
S01012440,228,221,7,0,7
S01012441,415,387,28,22,6
S01012442,443,423,20,12,8
S01012443,338,313,25,8,17
S01012444,305,292,13,3,10
S01012445,186,183,3,1,2
S01012446,262,252,10,0,10
S01012447,364,354,10,1,9
S01012448,370,361,9,3,6
S01012449,258,252,6,0,6
S01012450,351,322,29,6,23
S01012451,425,397,28,12,16
S01012452,305,301,4,3,1
S01012453,333,322,11,5,6
S01012454,306,301,5,0,5
S01012455,262,246,16,10,6
S01012456,308,300,8,0,8
S01012457,391,380,11,8,3
S01012458,342,330,12,4,8
S01012459,283,271,12,1,11
S01012460,247,242,5,0,5
S01012461,257,250,7,3,4
S01012462,393,386,7,1,6
S01012463,273,256,17,6,11
S01012464,258,255,3,2,1
S01012465,288,286,2,0,2
S01012466,354,349,5,2,3
S01012467,310,307,3,0,3
S01012468,322,316,6,1,5
S01012469,344,333,11,5,6
S01012470,508,492,16,3,13
S01012471,358,352,6,0,6
S01012472,324,317,7,1,6
S01012473,221,218,3,0,3
S01012474,374,371,3,0,3
S01012475,312,300,12,9,3
S01012476,428,422,6,2,4
S01012477,285,283,2,0,2
S01012478,377,368,9,0,9
S01012479,264,261,3,0,3
S01012480,386,339,47,34,13
S01012481,511,419,92,76,16
S01012482,499,439,60,42,18
S01012483,615,570,45,6,39
S01012484,379,366,13,7,6
S01012485,401,384,17,10,7
S01012486,280,268,12,6,6
S01012487,318,306,12,2,10
S01012488,496,483,13,5,8
S01012489,623,553,70,33,37
S01012490,652,606,46,16,30
S01012491,286,245,41,8,33
S01012492,524,490,34,12,22
S01012493,414,409,5,0,5
S01012494,389,383,6,0,6
S01012495,512,496,16,7,9
S01012496,323,314,9,0,9
S01012497,241,231,10,6,4
S01012498,366,343,23,4,19
S01012499,285,277,8,3,5
S01012500,232,217,15,8,7
S01012501,278,260,18,15,3
S01012502,380,360,20,13,7
S01012503,333,308,25,17,8
S01012504,304,282,22,15,7
S01012505,525,515,10,1,9
S01012506,249,241,8,0,8
S01012507,493,482,11,1,10
S01012508,407,399,8,0,8
S01012509,264,256,8,0,8
S01012510,385,381,4,0,4
S01012511,322,316,6,0,6
S01012512,293,286,7,0,7
S01012513,237,234,3,0,3
S01012514,393,392,1,0,1
S01012515,329,319,10,1,9
S01012516,304,301,3,0,3
S01012517,421,410,11,0,11
S01012518,286,277,9,3,6
S01012519,292,279,13,0,13
S01012520,361,345,16,13,3
S01012521,280,270,10,3,7
S01012522,370,360,10,6,4
S01012523,390,385,5,1,4
S01012524,479,467,12,2,10
S01012525,347,341,6,0,6
S01012526,344,334,10,1,9
S01012527,291,285,6,0,6
S01012528,342,337,5,0,5
S01012529,349,342,7,0,7
S01012530,407,400,7,0,7
S01012531,344,332,12,2,10
S01012532,360,348,12,1,11
S01012533,279,274,5,3,2
S01012534,301,288,13,1,12
S01012535,367,361,6,0,6
S01012536,320,312,8,1,7
S01012537,336,334,2,0,2
S01012538,492,476,16,1,15
S01012539,326,315,11,1,10
S01012540,313,299,14,1,13
S01012541,465,442,23,1,22
S01012542,387,380,7,1,6
S01012543,295,276,19,2,17
S01012544,349,341,8,0,8
S01012545,216,214,2,0,2
S01012546,336,322,14,4,10
S01012547,318,312,6,0,6
S01012548,405,394,11,3,8
S01012549,255,251,4,0,4
S01012550,350,345,5,0,5
S01012551,322,319,3,1,2
S01012552,358,352,6,0,6
S01012553,354,347,7,1,6
S01012554,194,190,4,1,3
S01012555,212,211,1,0,1
S01012556,223,221,2,1,1
S01012557,259,249,10,2,8
S01012558,285,279,6,2,4
S01012559,493,457,36,3,33
S01012560,272,264,8,0,8
S01012561,376,365,11,2,9
S01012562,458,434,24,4,20
S01012563,281,271,10,2,8
S01012564,380,373,7,0,7
S01012565,400,379,21,4,17
S01012566,483,445,38,13,25
S01012567,625,557,68,30,38
S01012568,291,281,10,1,9
S01012569,328,315,13,10,3
S01012570,221,197,24,14,10
S01012571,423,362,61,40,21
S01012572,241,224,17,4,13
S01012573,358,325,33,6,27
S01012574,377,359,18,0,18
S01012575,304,289,15,5,10
S01012576,393,370,23,2,21
S01012577,343,336,7,1,6
S01012578,474,463,11,1,10
S01012579,313,287,26,3,23
S01012580,343,325,18,5,13
S01012581,350,331,19,0,19
S01012582,384,365,19,1,18
S01012583,348,326,22,1,21
S01012584,333,331,2,0,2
S01012585,414,404,10,0,10
S01012586,328,313,15,1,14
S01012587,337,327,10,3,7
S01012588,265,256,9,2,7
S01012589,290,284,6,0,6
S01012590,388,371,17,0,17
S01012591,403,385,18,0,18
S01012592,218,215,3,0,3
S01012593,335,333,2,0,2
S01012594,214,212,2,0,2
S01012595,309,288,21,0,21
S01012596,352,347,5,0,5
S01012597,179,177,2,0,2
S01012598,306,302,4,0,4
S01012599,349,330,19,0,19
S01012600,316,308,8,0,8
S01012601,360,357,3,0,3
S01012602,339,329,10,1,9
S01012603,346,337,9,0,9
S01012604,277,275,2,0,2
S01012605,249,240,9,0,9
S01012606,252,249,3,0,3
S01012607,319,312,7,0,7
S01012608,366,358,8,1,7
S01012609,392,383,9,0,9
S01012610,431,425,6,1,5
S01012611,358,352,6,0,6
S01012612,302,294,8,0,8
S01012613,289,287,2,0,2
S01012614,470,455,15,0,15
S01012615,319,306,13,1,12
S01012616,397,384,13,0,13
S01012617,155,151,4,0,4
S01012618,213,209,4,0,4
S01012619,311,295,16,0,16
S01012620,334,325,9,1,8
S01012621,290,277,13,0,13
S01012622,348,341,7,0,7
S01012623,324,320,4,0,4
S01012624,349,334,15,0,15
S01012625,276,263,13,0,13
S01012626,223,216,7,0,7
S01012627,251,241,10,3,7
S01012628,345,334,11,1,10
S01012629,205,197,8,0,8
S01012630,537,508,29,0,29
S01012631,440,423,17,0,17
S01012632,313,304,9,0,9
S01012633,300,283,17,0,17
S01012634,354,339,15,2,13
S01012635,444,430,14,2,12
S01012636,253,250,3,0,3
S01012637,384,365,19,0,19
S01012638,430,406,24,1,23
S01012639,378,360,18,0,18
S01012640,479,439,40,0,40
S01012641,543,484,59,6,53
S01012642,391,380,11,0,11
S01012643,200,199,1,0,1
S01012644,312,301,11,1,10
S01012645,383,368,15,0,15
S01012646,422,405,17,0,17
S01012647,276,269,7,0,7
S01012648,234,229,5,0,5
S01012649,273,267,6,0,6
S01012650,284,266,18,0,18
S01012651,342,327,15,1,14
S01012652,434,431,3,1,2
S01012653,383,363,20,0,20
S01012654,335,326,9,0,9
S01012655,470,454,16,1,15
S01012656,408,405,3,1,2
S01012657,277,272,5,0,5
S01012658,437,424,13,0,13
S01012659,371,366,5,0,5
S01012660,336,326,10,0,10
S01012661,334,324,10,0,10
S01012662,389,370,19,0,19
S01012663,312,301,11,0,11
S01012664,478,462,16,0,16
S01012665,363,346,17,0,17
S01012666,347,337,10,0,10
S01012667,283,279,4,0,4
S01012668,358,347,11,0,11
S01012669,297,296,1,0,1
S01012670,303,295,8,0,8
S01012671,400,388,12,0,12
S01012672,365,361,4,0,4
S01012673,258,252,6,0,6
S01012674,251,240,11,0,11
S01012675,380,361,19,0,19
S01012676,313,307,6,0,6
S01012677,267,256,11,0,11
S01012678,272,268,4,0,4
S01012679,393,372,21,0,21
S01012680,215,210,5,0,5
S01012681,337,311,26,0,26
S01012682,332,315,17,0,17
S01012683,342,326,16,0,16
S01012684,228,219,9,1,8
S01012685,336,334,2,0,2
S01012686,446,434,12,1,11
S01012687,236,235,1,1,0
S01012688,500,449,51,2,49
S01012689,185,185,0,0,0
S01012690,202,202,0,0,0
S01012691,301,296,5,0,5
S01012692,340,334,6,0,6
S01012693,327,321,6,1,5
S01012694,201,200,1,0,1
S01012695,314,306,8,1,7
S01012696,283,272,11,2,9
S01012697,203,197,6,0,6
S01012698,345,339,6,0,6
S01012699,447,429,18,2,16
S01012700,328,320,8,0,8
S01012701,226,221,5,1,4
S01012702,270,254,16,0,16
S01012703,206,205,1,0,1
S01012704,333,329,4,0,4
S01012705,258,257,1,0,1
S01012706,301,297,4,0,4
S01012707,324,322,2,0,2
S01012708,335,332,3,0,3
S01012709,265,253,12,0,12
S01012710,364,356,8,0,8
S01012711,443,435,8,0,8
S01012712,337,335,2,0,2
S01012713,337,329,8,0,8
S01012714,265,264,1,0,1
S01012715,426,411,15,0,15
S01012716,382,369,13,2,11
S01012717,612,581,31,0,31
S01012718,511,489,22,6,16
S01012719,457,438,19,1,18
S01012720,335,318,17,1,16
S01012721,292,288,4,0,4
S01012722,426,413,13,0,13
S01012723,364,358,6,0,6
S01012724,426,412,14,1,13
S01012725,521,494,27,0,27
S01012726,287,283,4,0,4
S01012727,299,294,5,0,5
S01012728,343,339,4,0,4
S01012729,354,346,8,0,8
S01012730,270,266,4,0,4
S01012731,341,335,6,0,6
S01012732,292,292,0,0,0
S01012733,365,364,1,0,1
S01012734,199,198,1,0,1
S01012735,214,213,1,0,1
S01012736,379,376,3,0,3
S01012737,331,329,2,0,2
S01012738,258,255,3,0,3
S01012739,290,289,1,0,1
S01012740,310,308,2,0,2
S01012741,275,272,3,0,3
S01012742,277,276,1,0,1
S01012743,237,237,0,0,0
S01012744,281,277,4,2,2
S01012745,307,302,5,0,5
S01012746,314,311,3,0,3
S01012747,359,348,11,0,11
S01012748,377,369,8,0,8
S01012749,408,387,21,0,21
S01012750,357,336,21,0,21
S01012751,434,423,11,0,11
S01012752,387,375,12,1,11
S01012753,240,235,5,0,5
S01012754,261,255,6,0,6
S01012755,294,280,14,1,13
S01012756,276,271,5,0,5
S01012757,242,236,6,0,6
S01012758,274,274,0,0,0
S01012759,355,342,13,0,13
S01012760,436,424,12,0,12
S01012761,386,369,17,1,16
S01012762,317,315,2,0,2
S01012763,178,178,0,0,0
S01012764,354,348,6,1,5
S01012765,299,296,3,0,3
S01012766,360,358,2,0,2
S01012767,230,228,2,0,2
S01012768,295,291,4,0,4
S01012769,153,152,1,0,1
S01012770,422,408,14,1,13
S01012771,365,357,8,0,8
S01012772,290,285,5,0,5
S01012773,406,391,15,0,15
S01012774,421,408,13,0,13
S01012775,222,211,11,0,11
S01012776,369,359,10,0,10
S01012777,382,365,17,2,15
S01012778,312,295,17,0,17
S01012779,211,200,11,0,11
S01012780,360,346,14,0,14
S01012781,303,300,3,0,3
S01012782,319,313,6,0,6
S01012783,331,322,9,0,9
S01012784,400,391,9,0,9
S01012785,403,388,15,1,14
S01012786,440,423,17,1,16
S01012787,256,250,6,0,6
S01012788,263,259,4,0,4
S01012789,329,325,4,0,4
S01012790,298,289,9,1,8
S01012791,332,324,8,1,7
S01012792,510,496,14,1,13
S01012793,377,363,14,0,14
S01012794,419,378,41,2,39
S01012795,442,439,3,0,3
S01012796,353,347,6,0,6
S01012797,280,276,4,1,3
S01012798,347,329,18,0,18
S01012799,411,393,18,2,16
S01012800,421,398,23,7,16
S01012801,261,252,9,0,9
S01012802,207,207,0,0,0
S01012803,264,262,2,0,2
S01012804,360,351,9,1,8
S01012805,389,383,6,1,5
S01012806,306,299,7,0,7
S01012807,222,218,4,0,4
S01012808,503,475,28,0,28
S01012809,352,337,15,0,15
S01012810,496,481,15,1,14
S01012811,357,348,9,1,8
S01012812,285,285,0,0,0
S01012813,376,372,4,0,4
S01012814,340,333,7,5,2
S01012815,337,320,17,14,3
S01012816,232,229,3,0,3
S01012817,175,175,0,0,0
S01012818,274,271,3,1,2
S01012819,370,365,5,0,5
S01012820,443,370,73,1,72
S01012821,268,263,5,1,4
S01012822,260,256,4,0,4
S01012823,286,285,1,0,1
S01012824,278,273,5,0,5
S01012825,272,269,3,1,2
S01012826,231,231,0,0,0
S01012827,234,233,1,0,1
S01012828,264,254,10,0,10
S01012829,367,362,5,0,5
S01012830,322,313,9,0,9
S01012831,336,333,3,0,3
S01012832,219,215,4,3,1
S01012833,327,319,8,7,1
S01012834,297,289,8,0,8
S01012835,426,403,23,1,22
S01012836,221,220,1,0,1
S01012837,424,414,10,0,10
S01012838,531,528,3,0,3
S01012839,301,300,1,0,1
S01012840,286,285,1,0,1
S01012841,255,253,2,0,2
S01012842,203,198,5,4,1
S01012843,382,381,1,0,1
S01012844,256,249,7,0,7
S01012845,282,281,1,0,1
S01012846,571,543,28,2,26
S01012847,255,249,6,1,5
S01012848,284,283,1,0,1
S01012849,350,345,5,0,5
S01012850,344,339,5,0,5
S01012851,386,374,12,7,5
S01012852,302,298,4,1,3
S01012853,341,338,3,2,1
S01012854,376,374,2,0,2
S01012855,287,284,3,0,3
S01012856,437,414,23,0,23
S01012857,482,472,10,0,10
S01012858,427,422,5,0,5
S01012859,551,530,21,0,21
S01012860,390,382,8,1,7
S01012861,329,322,7,0,7
S01012862,389,369,20,0,20
S01012863,475,424,51,0,51
S01012864,479,469,10,0,10
S01012865,399,390,9,0,9
S01012866,378,374,4,0,4
S01012867,400,396,4,1,3
S01012868,337,321,16,0,16
S01012869,263,257,6,0,6
S01012870,454,450,4,0,4
S01012871,390,384,6,0,6
S01012872,328,318,10,0,10
S01012873,339,338,1,0,1
S01012874,385,383,2,0,2
S01012875,291,277,14,0,14
S01012876,381,371,10,0,10
S01012877,334,331,3,0,3
S01012878,379,373,6,0,6
S01012879,327,323,4,1,3
S01012880,381,374,7,0,7
S01012881,413,406,7,2,5
S01012882,290,287,3,0,3
S01012883,382,378,4,0,4
S01012884,292,285,7,0,7
S01012885,270,270,0,0,0
S01012886,318,315,3,1,2
S01012887,360,352,8,1,7
S01012888,335,333,2,0,2
S01012889,354,342,12,0,12
S01012890,315,300,15,1,14
S01012891,261,255,6,0,6
S01012892,574,566,8,3,5
S01012893,375,369,6,0,6
S01012894,316,311,5,0,5
S01012895,199,197,2,0,2
S01012896,490,482,8,2,6
S01012897,251,248,3,0,3
S01012898,179,177,2,0,2
S01012899,319,317,2,0,2
S01012900,236,226,10,0,10
S01012901,347,336,11,1,10
S01012902,362,359,3,0,3
S01012903,410,400,10,0,10
S01012904,384,371,13,0,13
S01012905,277,272,5,0,5
S01012906,489,482,7,0,7
S01012907,464,449,15,0,15
S01012908,363,355,8,0,8
S01012909,337,331,6,3,3
S01012910,490,485,5,0,5
S01012911,348,340,8,0,8
S01012912,350,339,11,0,11
S01012913,425,417,8,0,8
S01012914,412,410,2,1,1
S01012915,449,447,2,0,2
S01012916,337,331,6,0,6
S01012917,272,270,2,0,2
S01012918,262,255,7,0,7
S01012919,232,229,3,0,3
S01012920,258,258,0,0,0
S01012921,344,338,6,1,5
S01012922,447,437,10,0,10
S01012923,311,306,5,0,5
S01012924,252,243,9,0,9
S01012925,200,194,6,1,5
S01012926,339,333,6,0,6
S01012927,340,339,1,0,1
S01012928,405,353,52,0,52
S01012929,343,340,3,0,3
S01012930,527,512,15,2,13
S01012931,440,435,5,1,4
S01012932,217,211,6,0,6
S01012933,359,352,7,1,6
S01012934,371,360,11,0,11
S01012935,372,363,9,0,9
S01012936,362,351,11,0,11
S01012937,318,314,4,0,4
S01012938,310,307,3,0,3
S01012939,218,216,2,0,2
S01012940,271,268,3,2,1
S01012941,259,257,2,0,2
S01012942,371,364,7,0,7
S01012943,295,291,4,0,4
S01012944,209,207,2,0,2
S01012945,242,241,1,0,1
S01012946,341,338,3,1,2
S01012947,152,151,1,0,1
S01012948,250,249,1,0,1
S01012949,283,282,1,0,1
S01012950,278,273,5,0,5
S01012951,307,294,13,2,11
S01012952,265,247,18,10,8
S01012953,296,292,4,0,4
S01012954,177,173,4,1,3
S01012955,368,356,12,1,11
S01012956,463,458,5,0,5
S01012957,311,304,7,0,7
S01012958,208,206,2,0,2
S01012959,229,228,1,0,1
S01012960,230,229,1,0,1
S01012961,202,200,2,0,2
S01012962,239,236,3,0,3
S01012963,278,275,3,2,1
S01012964,210,200,10,10,0
S01012965,240,229,11,0,11
S01012966,268,262,6,0,6
S01012967,190,183,7,4,3
S01012968,277,271,6,5,1
S01012969,316,306,10,7,3
S01012970,256,236,20,10,10
S01012971,303,299,4,2,2
S01012972,336,329,7,0,7
S01012973,342,335,7,1,6
S01012974,453,446,7,0,7
S01012975,273,266,7,1,6
S01012976,239,229,10,6,4
S01012977,292,287,5,2,3
S01012978,341,334,7,1,6
S01012979,238,224,14,8,6
S01012980,315,311,4,0,4
S01012981,357,347,10,0,10
S01012982,389,383,6,0,6
S01012983,335,326,9,0,9
S01012984,282,279,3,0,3
S01012985,332,330,2,0,2
S01012986,401,394,7,0,7
S01012987,361,356,5,1,4
S01012988,475,463,12,0,12
S01012989,417,409,8,0,8
S01012990,304,303,1,0,1
S01012991,359,351,8,0,8
S01012992,382,380,2,0,2
S01012993,392,376,16,0,16
S01012994,508,502,6,0,6
S01012995,337,331,6,4,2
S01012996,248,246,2,0,2
S01012997,212,210,2,0,2
S01012998,423,414,9,0,9
S01012999,226,220,6,0,6
S01013000,345,322,23,0,23
S01013001,183,156,27,22,5
S01013002,217,205,12,3,9
S01013003,255,246,9,5,4
S01013004,273,264,9,6,3
S01013005,323,300,23,7,16
S01013006,247,240,7,0,7
S01013007,413,397,16,2,14
S01013008,339,330,9,0,9
S01013009,295,293,2,0,2
S01013010,276,246,30,22,8
S01013011,265,261,4,0,4
S01013012,307,292,15,9,6
S01013013,310,297,13,5,8
S01013014,347,336,11,2,9
S01013015,332,309,23,8,15
S01013016,259,244,15,6,9
S01013017,368,359,9,1,8
S01013018,393,387,6,4,2
S01013019,378,355,23,13,10
S01013020,231,226,5,1,4
S01013021,194,187,7,2,5
S01013022,189,186,3,1,2
S01013023,343,337,6,1,5
S01013024,234,227,7,2,5
S01013025,217,211,6,3,3
S01013026,415,410,5,0,5
S01013027,427,422,5,0,5
S01013028,194,191,3,0,3
S01013029,274,269,5,0,5
S01013030,226,225,1,1,0
S01013031,292,291,1,0,1
S01013032,312,309,3,0,3
S01013033,282,276,6,0,6
S01013034,301,296,5,2,3
S01013035,307,300,7,2,5
S01013036,282,280,2,0,2
S01013037,286,283,3,0,3
S01013038,436,434,2,0,2
S01013039,179,178,1,0,1
S01013040,332,324,8,1,7
S01013041,263,257,6,0,6
S01013042,320,318,2,0,2
S01013043,285,278,7,0,7
S01013044,326,323,3,1,2
S01013045,279,277,2,1,1
S01013046,215,214,1,0,1
S01013047,354,350,4,0,4
S01013048,412,401,11,2,9
S01013049,360,354,6,0,6
S01013050,354,351,3,0,3
S01013051,430,422,8,0,8
S01013052,398,391,7,1,6
S01013053,351,337,14,2,12
S01013054,308,305,3,0,3
S01013055,345,336,9,1,8
S01013056,436,431,5,0,5
S01013057,379,369,10,1,9
S01013058,219,213,6,0,6
S01013059,414,406,8,2,6
S01013060,235,227,8,2,6
S01013061,365,362,3,0,3
S01013062,415,403,12,2,10
S01013063,378,371,7,1,6
S01013064,390,386,4,0,4
S01013065,420,415,5,0,5
S01013066,355,347,8,0,8
S01013067,410,396,14,1,13
S01013068,433,406,27,1,26
S01013069,362,350,12,1,11
S01013070,311,301,10,0,10
S01013071,366,359,7,2,5
S01013072,229,227,2,0,2
S01013073,358,352,6,0,6
S01013074,318,302,16,0,16
S01013075,495,481,14,2,12
S01013076,178,172,6,5,1
S01013077,306,297,9,9,0
S01013078,254,252,2,0,2
S01013079,390,376,14,0,14
S01013080,378,374,4,1,3
S01013081,281,280,1,0,1
S01013082,401,395,6,0,6
S01013083,191,187,4,1,3
S01013084,313,307,6,0,6
S01013085,260,259,1,0,1
S01013086,476,448,28,2,26
S01013087,339,327,12,2,10
S01013088,404,388,16,1,15
S01013089,369,359,10,0,10
S01013090,362,349,13,1,12
S01013091,270,254,16,4,12
S01013092,450,440,10,2,8
S01013093,232,223,9,2,7
S01013094,233,230,3,0,3
S01013095,285,282,3,0,3
S01013096,218,213,5,1,4
S01013097,257,248,9,3,6
S01013098,191,189,2,0,2
S01013099,466,439,27,3,24
S01013100,280,265,15,3,12
S01013101,511,502,9,0,9
S01013102,297,291,6,0,6
S01013103,296,289,7,2,5
S01013104,408,404,4,2,2
S01013105,396,387,9,3,6
S01013106,361,350,11,3,8
S01013107,286,275,11,1,10
S01013108,266,255,11,1,10
S01013109,440,412,28,5,23
S01013110,263,245,18,8,10
S01013111,209,192,17,12,5
S01013112,275,265,10,3,7
S01013113,375,372,3,0,3
S01013114,370,337,33,27,6
S01013115,346,320,26,8,18
S01013116,360,331,29,14,15
S01013117,281,271,10,7,3
S01013118,254,195,59,56,3
S01013119,457,337,120,109,11
S01013120,538,440,98,79,19
S01013121,179,146,33,21,12
S01013122,380,333,47,0,47
S01013123,425,414,11,0,11
S01013124,341,334,7,1,6
S01013125,385,374,11,1,10
S01013126,352,342,10,0,10
S01013127,386,378,8,0,8
S01013128,467,455,12,1,11
S01013129,542,533,9,1,8
S01013130,356,340,16,0,16
S01013131,320,316,4,0,4
S01013132,322,318,4,0,4
S01013133,492,441,51,0,51
S01013134,391,376,15,0,15
S01013135,420,391,29,0,29
S01013136,398,395,3,0,3
S01013137,308,307,1,0,1
S01013138,371,342,29,1,28
S01013139,422,409,13,0,13
S01013140,372,366,6,0,6
S01013141,333,330,3,0,3
S01013142,518,517,1,0,1
S01013143,431,419,12,0,12
S01013144,431,427,4,0,4
S01013145,341,336,5,1,4
S01013146,204,197,7,0,7
S01013147,313,307,6,0,6
S01013148,387,381,6,1,5
S01013149,431,418,13,2,11
S01013150,415,403,12,2,10
S01013151,273,261,12,1,11
S01013152,394,386,8,2,6
S01013153,409,398,11,0,11
S01013154,456,452,4,1,3
S01013155,408,399,9,0,9
S01013156,361,354,7,0,7
S01013157,433,430,3,0,3
S01013158,208,205,3,1,2
S01013159,302,297,5,1,4
S01013160,266,264,2,0,2
S01013161,509,488,21,0,21
S01013162,436,426,10,0,10
S01013163,256,253,3,0,3
S01013164,492,485,7,2,5
S01013165,421,412,9,1,8
S01013166,454,387,67,0,67
S01013167,421,383,38,1,37
S01013168,414,408,6,0,6
S01013169,447,436,11,0,11
S01013170,282,265,17,0,17
S01013171,265,249,16,1,15
S01013172,325,319,6,1,5
S01013173,366,358,8,0,8
S01013174,287,284,3,0,3
S01013175,350,343,7,1,6
S01013176,419,411,8,1,7
S01013177,301,290,11,2,9
S01013178,365,346,19,1,18
S01013179,374,363,11,3,8
S01013180,177,170,7,4,3
S01013181,319,310,9,1,8
S01013182,377,372,5,2,3
S01013183,340,334,6,3,3
S01013184,299,279,20,8,12
S01013185,367,362,5,1,4
S01013186,303,292,11,0,11
S01013187,396,386,10,2,8
S01013188,361,348,13,2,11
S01013189,241,238,3,2,1
S01013190,376,367,9,2,7
S01013191,389,386,3,1,2
S01013192,423,417,6,0,6
S01013193,386,356,30,1,29
S01013194,329,319,10,3,7
S01013195,626,597,29,1,28
S01013196,379,371,8,1,7
S01013197,269,262,7,1,6
S01013198,386,379,7,0,7
S01013199,503,488,15,5,10
S01013200,336,313,23,2,21
S01013201,395,380,15,0,15
S01013202,256,235,21,0,21
S01013203,385,355,30,0,30
S01013204,342,332,10,1,9
S01013205,267,240,27,0,27
S01013206,302,298,4,0,4
S01013207,399,390,9,3,6
S01013208,458,436,22,8,14
S01013209,446,435,11,4,7
S01013210,259,253,6,4,2
S01013211,422,411,11,6,5
S01013212,193,192,1,0,1
S01013213,200,197,3,0,3
S01013214,159,159,0,0,0
S01013215,389,385,4,2,2
S01013216,241,237,4,1,3
S01013217,279,279,0,0,0
S01013218,255,251,4,2,2
S01013219,225,220,5,0,5
S01013220,319,313,6,0,6
S01013221,389,382,7,1,6
S01013222,330,316,14,4,10
S01013223,667,637,30,13,17
S01013224,378,370,8,3,5
S01013225,320,315,5,5,0
S01013226,214,207,7,5,2
S01013227,384,366,18,1,17
S01013228,441,416,25,14,11
S01013229,373,370,3,0,3
S01013230,333,327,6,1,5
S01013231,380,374,6,0,6
S01013232,335,331,4,1,3
S01013233,271,262,9,0,9
S01013234,146,137,9,8,1
S01013235,399,386,13,2,11
S01013236,390,381,9,6,3
S01013237,380,360,20,1,19
S01013238,396,389,7,0,7
S01013239,436,425,11,7,4
S01013240,261,256,5,0,5
S01013241,344,336,8,5,3
S01013242,259,229,30,20,10
S01013243,332,325,7,0,7
S01013244,363,351,12,0,12
S01013245,418,407,11,0,11
S01013246,195,184,11,0,11
S01013247,354,338,16,0,16
S01013248,305,300,5,0,5
S01013249,204,201,3,0,3
S01013250,352,339,13,3,10
S01013251,327,319,8,1,7
S01013252,300,288,12,3,9
S01013253,322,316,6,0,6
S01013254,299,297,2,0,2
S01013255,358,345,13,3,10
S01013256,329,322,7,1,6
S01013257,442,419,23,1,22
S01013258,314,312,2,0,2
S01013259,365,361,4,0,4
S01013260,388,382,6,0,6
S01013261,358,345,13,0,13
S01013262,279,276,3,0,3
S01013263,197,195,2,1,1
S01013264,164,163,1,0,1
S01013265,202,201,1,0,1
S01013266,189,189,0,0,0
S01013267,238,237,1,0,1
S01013268,331,328,3,0,3
S01013269,384,379,5,1,4
S01013270,286,285,1,0,1
S01013271,243,242,1,0,1
S01013272,254,253,1,0,1
S01013273,293,291,2,0,2
S01013274,354,348,6,0,6
S01013275,259,253,6,1,5
S01013276,235,233,2,0,2
S01013277,372,363,9,1,8
S01013278,330,322,8,0,8
S01013279,300,299,1,0,1
S01013280,231,227,4,0,4
S01013281,392,384,8,0,8
S01013282,348,346,2,0,2
S01013283,346,310,36,1,35
S01013284,305,301,4,0,4
S01013285,272,269,3,0,3
S01013286,287,284,3,0,3
S01013287,285,282,3,1,2
S01013288,327,315,12,0,12
S01013289,313,303,10,2,8
S01013290,361,361,0,0,0
S01013291,258,257,1,0,1
S01013292,286,284,2,0,2
S01013293,275,273,2,0,2
S01013294,310,306,4,1,3
S01013295,325,324,1,0,1
S01013296,313,310,3,0,3
S01013297,314,308,6,0,6
S01013298,315,310,5,1,4
S01013299,429,424,5,0,5
S01013300,268,264,4,0,4
S01013301,220,217,3,0,3
S01013302,275,270,5,0,5
S01013303,389,384,5,0,5
S01013304,423,422,1,0,1
S01013305,448,444,4,0,4
S01013306,506,501,5,1,4
S01013307,439,436,3,0,3
S01013308,376,374,2,0,2
S01013309,237,236,1,0,1
S01013310,246,241,5,0,5
S01013311,314,313,1,0,1
S01013312,494,486,8,0,8
S01013313,277,276,1,0,1
S01013314,310,304,6,1,5
S01013315,174,174,0,0,0
S01013316,279,273,6,0,6
S01013317,257,257,0,0,0
S01013318,251,245,6,0,6
S01013319,213,209,4,1,3
S01013320,363,357,6,0,6
S01013321,227,223,4,0,4
S01013322,269,267,2,0,2
S01013323,423,416,7,0,7
S01013324,279,275,4,0,4
S01013325,356,353,3,0,3
S01013326,221,218,3,0,3
S01013327,273,269,4,0,4
S01013328,241,236,5,0,5
S01013329,235,228,7,0,7
S01013330,453,430,23,1,22
S01013331,254,248,6,1,5
S01013332,290,285,5,0,5
S01013333,332,327,5,0,5
S01013334,303,294,9,0,9
S01013335,304,294,10,0,10
S01013336,342,339,3,0,3
S01013337,367,365,2,0,2
S01013338,166,165,1,0,1
S01013339,238,233,5,2,3
S01013340,338,335,3,0,3
S01013341,393,388,5,2,3
S01013342,293,286,7,0,7
S01013343,279,276,3,0,3
S01013344,366,356,10,0,10
S01013345,303,298,5,0,5
S01013346,284,282,2,0,2
S01013347,338,332,6,0,6
S01013348,170,169,1,0,1
S01013349,385,359,26,3,23
S01013350,292,285,7,0,7
S01013351,320,320,0,0,0
S01013352,357,355,2,0,2
S01013353,289,283,6,0,6
S01013354,322,318,4,0,4
S01013355,279,274,5,0,5
S01013356,325,323,2,1,1
S01013357,352,346,6,1,5
S01013358,394,382,12,5,7
S01013359,311,298,13,2,11
S01013360,309,299,10,10,0
S01013361,280,280,0,0,0
S01013362,224,220,4,1,3
S01013363,402,390,12,0,12
S01013364,376,366,10,0,10
S01013365,384,367,17,0,17
S01013366,353,348,5,2,3
S01013367,226,221,5,3,2
S01013368,291,284,7,3,4
S01013369,433,420,13,0,13
S01013370,306,298,8,0,8
S01013371,336,327,9,0,9
S01013372,502,489,13,0,13
S01013373,464,451,13,4,9
S01013374,464,453,11,0,11
S01013375,268,262,6,0,6
S01013376,278,272,6,0,6
S01013377,385,377,8,0,8
S01013378,430,426,4,1,3
S01013379,351,345,6,1,5
S01013380,38,36,2,0,2
S01013381,213,211,2,0,2
S01013382,228,225,3,0,3
S01013383,358,353,5,0,5
S01013384,342,337,5,0,5
S01013385,220,217,3,0,3
S01013386,338,335,3,1,2
S01013387,266,265,1,0,1
S01013388,384,382,2,1,1
S01013389,352,347,5,0,5
S01013390,211,210,1,0,1
S01013391,178,173,5,5,0
S01013392,276,270,6,1,5
S01013393,331,324,7,0,7
S01013394,293,288,5,0,5
S01013395,367,352,15,1,14
S01013396,264,255,9,0,9
S01013397,384,376,8,0,8
S01013398,188,183,5,3,2
S01013399,403,399,4,1,3
S01013400,348,314,34,1,33
S01013401,360,324,36,0,36
S01013402,435,429,6,3,3
S01013403,334,332,2,0,2
S01013404,216,211,5,0,5
S01013405,334,329,5,1,4
S01013406,279,270,9,0,9
S01013407,265,259,6,0,6
S01013408,308,302,6,0,6
S01013409,434,428,6,1,5
S01013410,297,290,7,0,7
S01013411,341,333,8,0,8
S01013412,379,364,15,1,14
S01013413,348,336,12,1,11
S01013414,496,484,12,0,12
S01013415,396,385,11,1,10
S01013416,276,276,0,0,0
S01013417,458,442,16,0,16
S01013418,262,256,6,1,5
S01013419,189,187,2,0,2
S01013420,272,265,7,0,7
S01013421,281,278,3,0,3
S01013422,309,303,6,0,6
S01013423,337,332,5,1,4
S01013424,192,188,4,1,3
S01013425,199,199,0,0,0
S01013426,371,368,3,1,2
S01013427,173,171,2,0,2
S01013428,383,379,4,0,4
S01013429,309,300,9,0,9
S01013430,279,277,2,0,2
S01013431,310,304,6,0,6
S01013432,303,293,10,4,6
S01013433,322,309,13,2,11
S01013434,215,207,8,4,4
S01013435,223,221,2,1,1
S01013436,343,339,4,2,2
S01013437,314,308,6,1,5
S01013438,291,285,6,1,5
S01013439,353,351,2,1,1
S01013440,382,378,4,1,3
S01013441,323,317,6,4,2
S01013442,336,328,8,4,4
S01013443,303,295,8,2,6
S01013444,548,520,28,8,20
S01013445,254,252,2,0,2
S01013446,309,309,0,0,0
S01013447,198,198,0,0,0
S01013448,394,390,4,0,4
S01013449,274,273,1,0,1
S01013450,249,249,0,0,0
S01013451,297,296,1,1,0
S01013452,305,300,5,0,5
S01013453,352,344,8,0,8
S01013454,328,317,11,0,11
S01013455,275,262,13,3,10
S01013456,386,372,14,1,13
S01013457,390,384,6,1,5
S01013458,342,333,9,1,8
S01013459,427,421,6,0,6
S01013460,350,346,4,0,4
S01013461,446,443,3,0,3
S01013462,360,354,6,0,6
S01013463,218,216,2,0,2
S01013464,329,323,6,0,6
S01013465,340,337,3,1,2
S01013466,120,116,4,1,3
S01013467,366,364,2,0,2
S01013468,314,312,2,0,2
S01013469,330,329,1,0,1
S01013470,338,321,17,0,17
S01013471,385,383,2,0,2
S01013472,213,208,5,0,5
S01013473,213,213,0,0,0
S01013474,244,238,6,0,6
S01013475,248,246,2,0,2
S01013476,281,271,10,0,10
S01013477,316,303,13,1,12
S01013478,360,358,2,0,2
S01013479,435,428,7,0,7
S01013480,312,302,10,1,9
S01013481,195,189,6,0,6
