,All people aged 16 to 74,Part-time,Part-time: 15 hours or less,Part-time: 16 to 30 hours,Full-time,Full-time: 31 to 48 hours,Full-time: 49 hours or more
S92000003,2516895,705617,175875,529742,1811278,1516473,294805
S01006506,507,120,39,81,387,303,84
S01006507,461,152,52,100,309,260,49
S01006508,425,78,23,55,347,283,64
S01006509,305,83,23,60,222,186,36
S01006510,291,84,16,68,207,165,42
S01006511,348,104,40,64,244,191,53
S01006512,248,73,27,46,175,141,34
S01006513,275,91,31,60,184,148,36
S01006514,480,133,57,76,347,242,105
S01006515,370,117,48,69,253,190,63
S01006516,276,60,20,40,216,155,61
S01006517,511,161,51,110,350,258,92
S01006518,306,93,40,53,213,152,61
S01006519,429,142,56,86,287,193,94
S01006520,341,106,39,67,235,172,63
S01006521,338,80,32,48,258,170,88
S01006522,292,90,38,52,202,153,49
S01006523,454,110,37,73,344,252,92
S01006524,379,97,41,56,282,197,85
S01006525,370,102,47,55,268,205,63
S01006526,442,144,46,98,298,254,44
S01006527,315,97,35,62,218,191,27
S01006528,486,191,66,125,295,236,59
S01006529,472,112,40,72,360,318,42
S01006530,391,124,42,82,267,226,41
S01006531,433,149,47,102,284,250,34
S01006532,353,88,26,62,265,220,45
S01006533,401,97,33,64,304,232,72
S01006534,494,104,38,66,390,303,87
S01006535,679,124,43,81,555,471,84
S01006536,731,127,49,78,604,503,101
S01006537,358,109,40,69,249,197,52
S01006538,291,79,20,59,212,171,41
S01006539,370,111,37,74,259,209,50
S01006540,535,124,31,93,411,327,84
S01006541,366,97,36,61,269,220,49
S01006542,470,108,35,73,362,274,88
S01006543,371,92,31,61,279,226,53
S01006544,634,110,34,76,524,385,139
S01006545,558,116,34,82,442,369,73
S01006546,315,84,28,56,231,170,61
S01006547,415,110,33,77,305,243,62
S01006548,339,98,33,65,241,203,38
S01006549,398,106,36,70,292,221,71
S01006550,429,125,44,81,304,236,68
S01006551,315,83,25,58,232,197,35
S01006552,521,121,49,72,400,325,75
S01006553,348,90,16,74,258,206,52
S01006554,375,74,28,46,301,269,32
S01006555,455,101,31,70,354,300,54
S01006556,383,98,18,80,285,235,50
S01006557,359,111,26,85,248,211,37
S01006558,409,62,17,45,347,292,55
S01006559,325,71,31,40,254,202,52
S01006560,517,127,50,77,390,297,93
S01006561,398,106,37,69,292,228,64
S01006562,352,111,34,77,241,185,56
S01006563,408,98,33,65,310,263,47
S01006564,585,130,45,85,455,401,54
S01006565,608,135,51,84,473,413,60
S01006566,484,87,38,49,397,338,59
S01006567,500,128,58,70,372,328,44
S01006568,706,123,48,75,583,511,72
S01006569,351,69,22,47,282,231,51
S01006570,445,84,29,55,361,283,78
S01006571,525,115,36,79,410,326,84
S01006572,453,127,37,90,326,223,103
S01006573,390,98,39,59,292,205,87
S01006574,510,101,31,70,409,279,130
S01006575,531,98,31,67,433,335,98
S01006576,435,95,35,60,340,283,57
S01006577,510,80,25,55,430,344,86
S01006578,742,131,47,84,611,530,81
S01006579,709,123,41,82,586,499,87
S01006580,492,87,35,52,405,348,57
S01006581,478,112,42,70,366,283,83
S01006582,610,123,37,86,487,398,89
S01006583,507,115,46,69,392,351,41
S01006584,439,94,35,59,345,286,59
S01006585,469,124,39,85,345,282,63
S01006586,648,161,58,103,487,411,76
S01006587,370,76,23,53,294,255,39
S01006588,424,117,47,70,307,262,45
S01006589,438,139,40,99,299,244,55
S01006590,480,89,39,50,391,304,87
S01006591,530,109,27,82,421,365,56
S01006592,512,75,27,48,437,353,84
S01006593,550,89,33,56,461,374,87
S01006594,336,76,27,49,260,217,43
S01006595,685,96,33,63,589,518,71
S01006596,488,68,28,40,420,342,78
S01006597,408,68,22,46,340,297,43
S01006598,572,114,29,85,458,351,107
S01006599,450,97,28,69,353,294,59
S01006600,603,126,42,84,477,389,88
S01006601,644,129,42,87,515,442,73
S01006602,433,111,34,77,322,251,71
S01006603,391,109,24,85,282,249,33
S01006604,355,112,40,72,243,209,34
S01006605,364,89,20,69,275,231,44
S01006606,403,96,28,68,307,243,64
S01006607,493,134,31,103,359,308,51
S01006608,391,99,33,66,292,237,55
S01006609,530,135,36,99,395,328,67
S01006610,231,62,16,46,169,152,17
S01006611,437,119,25,94,318,268,50
S01006612,489,135,38,97,354,292,62
S01006613,402,84,16,68,318,261,57
S01006614,408,81,12,69,327,263,64
S01006615,453,111,27,84,342,268,74
S01006616,573,131,42,89,442,366,76
S01006617,398,97,26,71,301,231,70
S01006618,334,79,18,61,255,198,57
S01006619,533,140,36,104,393,324,69
S01006620,544,127,32,95,417,348,69
S01006621,314,78,22,56,236,190,46
S01006622,462,87,24,63,375,314,61
S01006623,418,78,18,60,340,271,69
S01006624,539,122,40,82,417,357,60
S01006625,369,99,30,69,270,227,43
S01006626,384,111,24,87,273,234,39
S01006627,564,104,36,68,460,399,61
S01006628,730,148,31,117,582,511,71
S01006629,360,104,36,68,256,215,41
S01006630,283,93,26,67,190,154,36
S01006631,489,120,23,97,369,327,42
S01006632,408,103,29,74,305,258,47
S01006633,308,94,23,71,214,183,31
S01006634,271,82,15,67,189,170,19
S01006635,327,94,29,65,233,203,30
S01006636,374,112,33,79,262,229,33
S01006637,427,97,27,70,330,257,73
S01006638,521,129,52,77,392,347,45
S01006639,524,155,68,87,369,321,48
S01006640,476,110,52,58,366,315,51
S01006641,675,161,62,99,514,452,62
S01006642,636,278,156,122,358,306,52
S01006643,497,191,96,95,306,259,47
S01006644,597,173,82,91,424,352,72
S01006645,347,102,31,71,245,226,19
S01006646,433,172,78,94,261,235,26
S01006647,344,103,39,64,241,204,37
S01006648,930,386,194,192,544,453,91
S01006649,622,158,71,87,464,416,48
S01006650,532,151,55,96,381,334,47
S01006651,336,90,44,46,246,209,37
S01006652,365,98,46,52,267,221,46
S01006653,356,72,20,52,284,246,38
S01006654,464,119,32,87,345,311,34
S01006655,378,73,27,46,305,247,58
S01006656,610,130,48,82,480,402,78
S01006657,326,100,33,67,226,197,29
S01006658,547,202,70,132,345,304,41
S01006659,330,125,64,61,205,161,44
S01006660,256,84,30,54,172,156,16
S01006661,334,115,41,74,219,187,32
S01006662,333,139,55,84,194,169,25
S01006663,286,108,57,51,178,144,34
S01006664,289,117,52,65,172,152,20
S01006665,367,161,74,87,206,163,43
S01006666,367,106,30,76,261,221,40
S01006667,341,92,30,62,249,213,36
S01006668,484,187,96,91,297,254,43
S01006669,419,151,61,90,268,215,53
S01006670,464,215,128,87,249,219,30
S01006671,604,426,248,178,178,141,37
S01006672,373,143,55,88,230,192,38
S01006673,433,151,64,87,282,235,47
S01006674,399,124,21,103,275,225,50
S01006675,333,116,29,87,217,191,26
S01006676,342,113,38,75,229,186,43
S01006677,365,127,21,106,238,201,37
S01006678,548,155,47,108,393,350,43
S01006679,381,96,27,69,285,244,41
S01006680,414,118,29,89,296,253,43
S01006681,415,88,17,71,327,269,58
S01006682,401,121,36,85,280,238,42
S01006683,453,145,53,92,308,273,35
S01006684,382,96,27,69,286,249,37
S01006685,407,101,26,75,306,272,34
S01006686,326,88,18,70,238,208,30
S01006687,438,124,26,98,314,279,35
S01006688,409,97,22,75,312,259,53
S01006689,388,84,31,53,304,244,60
S01006690,320,90,36,54,230,199,31
S01006691,332,89,32,57,243,199,44
S01006692,381,87,32,55,294,239,55
S01006693,565,142,40,102,423,354,69
S01006694,324,88,17,71,236,211,25
S01006695,361,93,22,71,268,232,36
S01006696,396,131,50,81,265,237,28
S01006697,473,145,39,106,328,291,37
S01006698,318,81,23,58,237,210,27
S01006699,268,72,21,51,196,173,23
S01006700,419,100,38,62,319,271,48
S01006701,331,106,24,82,225,197,28
S01006702,402,121,29,92,281,252,29
S01006703,321,81,11,70,240,210,30
S01006704,272,72,15,57,200,179,21
S01006705,355,102,25,77,253,220,33
S01006706,321,83,16,67,238,211,27
S01006707,331,89,20,69,242,210,32
S01006708,383,98,21,77,285,250,35
S01006709,412,131,32,99,281,242,39
S01006710,447,115,22,93,332,291,41
S01006711,473,126,37,89,347,305,42
S01006712,251,60,12,48,191,169,22
S01006713,466,116,30,86,350,305,45
S01006714,342,93,16,77,249,227,22
S01006715,266,90,24,66,176,160,16
S01006716,317,105,30,75,212,190,22
S01006717,479,139,39,100,340,307,33
S01006718,310,89,19,70,221,178,43
S01006719,459,129,35,94,330,284,46
S01006720,311,82,19,63,229,202,27
S01006721,450,110,29,81,340,297,43
S01006722,372,100,33,67,272,236,36
S01006723,325,77,17,60,248,214,34
S01006724,402,146,32,114,256,226,30
S01006725,334,98,23,75,236,216,20
S01006726,615,202,46,156,413,351,62
S01006727,413,144,32,112,269,229,40
S01006728,367,104,23,81,263,229,34
S01006729,360,107,31,76,253,209,44
S01006730,389,107,22,85,282,240,42
S01006731,291,71,20,51,220,191,29
S01006732,542,159,53,106,383,292,91
S01006733,465,120,34,86,345,278,67
S01006734,527,124,41,83,403,323,80
S01006735,288,77,33,44,211,154,57
S01006736,653,166,47,119,487,404,83
S01006737,338,89,25,64,249,189,60
S01006738,577,83,15,68,494,400,94
S01006739,410,76,23,53,334,278,56
S01006740,392,92,18,74,300,257,43
S01006741,317,102,22,80,215,187,28
S01006742,208,58,8,50,150,131,19
S01006743,321,59,11,48,262,222,40
S01006744,384,91,18,73,293,241,52
S01006745,408,102,29,73,306,256,50
S01006746,426,122,23,99,304,257,47
S01006747,410,123,33,90,287,247,40
S01006748,482,115,30,85,367,305,62
S01006749,513,115,32,83,398,346,52
S01006750,354,91,22,69,263,218,45
S01006751,250,80,19,61,170,142,28
S01006752,347,94,20,74,253,211,42
S01006753,498,129,39,90,369,302,67
S01006754,493,123,41,82,370,297,73
S01006755,440,108,25,83,332,252,80
S01006756,431,54,16,38,377,294,83
S01006757,499,121,34,87,378,315,63
S01006758,459,111,38,73,348,281,67
S01006759,352,100,31,69,252,209,43
S01006760,327,71,15,56,256,226,30
S01006761,439,118,27,91,321,259,62
S01006762,384,102,23,79,282,230,52
S01006763,569,147,48,99,422,356,66
S01006764,543,132,35,97,411,353,58
S01006765,404,84,22,62,320,262,58
S01006766,385,106,28,78,279,214,65
S01006767,424,126,42,84,298,257,41
S01006768,381,118,49,69,263,202,61
S01006769,568,157,30,127,411,341,70
S01006770,397,121,34,87,276,226,50
S01006771,289,85,29,56,204,158,46
S01006772,545,131,32,99,414,352,62
S01006773,398,121,42,79,277,227,50
S01006774,420,138,31,107,282,234,48
S01006775,373,87,29,58,286,251,35
S01006776,249,66,13,53,183,149,34
S01006777,388,126,44,82,262,215,47
S01006778,368,100,22,78,268,221,47
S01006779,311,99,34,65,212,175,37
S01006780,316,88,31,57,228,190,38
S01006781,361,127,42,85,234,196,38
S01006782,452,96,28,68,356,295,61
S01006783,320,104,32,72,216,184,32
S01006784,375,80,37,43,295,244,51
S01006785,381,114,40,74,267,209,58
S01006786,482,138,40,98,344,274,70
S01006787,361,89,31,58,272,220,52
S01006788,476,113,29,84,363,300,63
S01006789,310,78,18,60,232,162,70
S01006790,403,130,50,80,273,192,81
S01006791,274,80,28,52,194,118,76
S01006792,268,79,26,53,189,140,49
S01006793,315,61,14,47,254,189,65
S01006794,271,72,17,55,199,161,38
S01006795,335,119,47,72,216,153,63
S01006796,280,82,19,63,198,157,41
S01006797,347,94,34,60,253,175,78
S01006798,354,103,37,66,251,162,89
S01006799,445,139,44,95,306,239,67
S01006800,434,135,57,78,299,208,91
S01006801,476,122,42,80,354,264,90
S01006802,350,98,29,69,252,182,70
S01006803,342,84,26,58,258,211,47
S01006804,408,90,25,65,318,265,53
S01006805,617,171,57,114,446,310,136
S01006806,580,121,36,85,459,351,108
S01006807,343,82,19,63,261,187,74
S01006808,326,90,34,56,236,160,76
S01006809,374,109,30,79,265,187,78
S01006810,441,121,36,85,320,244,76
S01006811,581,149,54,95,432,310,122
S01006812,441,98,31,67,343,251,92
S01006813,417,105,34,71,312,228,84
S01006814,417,113,32,81,304,233,71
S01006815,290,80,23,57,210,171,39
S01006816,372,97,26,71,275,204,71
S01006817,365,89,24,65,276,181,95
S01006818,414,90,27,63,324,250,74
S01006819,492,148,54,94,344,251,93
S01006820,257,58,26,32,199,160,39
S01006821,358,99,39,60,259,187,72
S01006822,451,131,39,92,320,220,100
S01006823,369,95,27,68,274,206,68
S01006824,414,115,16,99,299,246,53
S01006825,475,132,53,79,343,283,60
S01006826,492,157,48,109,335,263,72
S01006827,459,122,37,85,337,261,76
S01006828,504,109,32,77,395,313,82
S01006829,238,61,18,43,177,139,38
S01006830,403,125,49,76,278,230,48
S01006831,267,73,31,42,194,159,35
S01006832,526,155,47,108,371,284,87
S01006833,219,74,28,46,145,116,29
S01006834,305,88,32,56,217,177,40
S01006835,403,89,29,60,314,245,69
S01006836,295,83,22,61,212,155,57
S01006837,312,102,28,74,210,163,47
S01006838,370,99,33,66,271,224,47
S01006839,588,170,50,120,418,347,71
S01006840,559,180,69,111,379,287,92
S01006841,556,162,49,113,394,328,66
S01006842,497,142,41,101,355,290,65
S01006843,514,131,46,85,383,320,63
S01006844,454,99,35,64,355,291,64
S01006845,605,182,61,121,423,338,85
S01006846,345,93,26,67,252,209,43
S01006847,413,113,42,71,300,243,57
S01006848,486,125,35,90,361,238,123
S01006849,583,122,23,99,461,392,69
S01006850,602,159,30,129,443,372,71
S01006851,424,129,38,91,295,237,58
S01006852,339,94,28,66,245,179,66
S01006853,473,124,44,80,349,226,123
S01006854,434,123,30,93,311,242,69
S01006855,427,111,36,75,316,202,114
S01006856,373,93,32,61,280,200,80
S01006857,580,161,65,96,419,296,123
S01006858,354,89,27,62,265,183,82
S01006859,569,167,80,87,402,314,88
S01006860,291,86,31,55,205,174,31
S01006861,319,84,32,52,235,185,50
S01006862,365,122,37,85,243,191,52
S01006863,346,71,28,43,275,218,57
S01006864,230,53,18,35,177,139,38
S01006865,502,120,49,71,382,274,108
S01006866,255,104,39,65,151,117,34
S01006867,330,118,35,83,212,157,55
S01006868,443,127,41,86,316,249,67
S01006869,262,85,29,56,177,130,47
S01006870,243,94,39,55,149,115,34
S01006871,338,104,28,76,234,183,51
S01006872,373,114,43,71,259,187,72
S01006873,402,131,48,83,271,195,76
S01006874,336,93,33,60,243,166,77
S01006875,319,92,39,53,227,169,58
S01006876,538,150,49,101,388,278,110
S01006877,532,126,47,79,406,269,137
S01006878,380,92,30,62,288,179,109
S01006879,426,115,43,72,311,210,101
S01006880,353,102,21,81,251,192,59
S01006881,327,91,36,55,236,136,100
S01006882,179,52,12,40,127,100,27
S01006883,240,63,18,45,177,134,43
S01006884,458,138,48,90,320,241,79
S01006885,271,82,22,60,189,136,53
S01006886,406,115,27,88,291,210,81
S01006887,315,92,32,60,223,151,72
S01006888,437,121,43,78,316,230,86
S01006889,411,123,29,94,288,231,57
S01006890,359,100,31,69,259,193,66
S01006891,518,150,50,100,368,283,85
S01006892,329,84,23,61,245,202,43
S01006893,272,84,20,64,188,150,38
S01006894,477,133,37,96,344,293,51
S01006895,310,64,15,49,246,198,48
S01006896,447,122,25,97,325,287,38
S01006897,428,114,35,79,314,258,56
S01006898,430,118,35,83,312,261,51
S01006899,385,110,33,77,275,222,53
S01006900,373,94,26,68,279,230,49
S01006901,345,89,34,55,256,212,44
S01006902,371,112,37,75,259,195,64
S01006903,425,119,41,78,306,247,59
S01006904,361,97,33,64,264,209,55
S01006905,438,111,35,76,327,258,69
S01006906,385,114,32,82,271,230,41
S01006907,375,78,24,54,297,241,56
S01006908,446,102,31,71,344,276,68
S01006909,443,113,30,83,330,256,74
S01006910,526,135,44,91,391,272,119
S01006911,388,90,35,55,298,250,48
S01006912,273,60,22,38,213,142,71
S01006913,321,82,29,53,239,180,59
S01006914,452,140,50,90,312,218,94
S01006915,474,126,38,88,348,254,94
S01006916,297,79,25,54,218,167,51
S01006917,552,150,41,109,402,302,100
S01006918,259,74,21,53,185,141,44
S01006919,259,77,30,47,182,139,43
S01006920,263,62,15,47,201,158,43
S01006921,466,139,38,101,327,266,61
S01006922,269,78,22,56,191,139,52
S01006923,395,117,50,67,278,193,85
S01006924,338,83,32,51,255,174,81
S01006925,276,78,21,57,198,163,35
S01006926,426,115,36,79,311,259,52
S01006927,614,109,30,79,505,408,97
S01006928,623,165,43,122,458,332,126
S01006929,467,139,59,80,328,250,78
S01006930,529,149,58,91,380,299,81
S01006931,219,60,22,38,159,117,42
S01006932,339,102,35,67,237,181,56
S01006933,388,121,46,75,267,229,38
S01006934,313,65,18,47,248,179,69
S01006935,392,110,33,77,282,226,56
S01006936,339,97,22,75,242,200,42
S01006937,441,108,35,73,333,278,55
S01006938,300,92,23,69,208,175,33
S01006939,365,107,29,78,258,209,49
S01006940,551,155,61,94,396,340,56
S01006941,336,90,24,66,246,196,50
S01006942,606,183,56,127,423,327,96
S01006943,360,87,34,53,273,223,50
S01006944,537,116,27,89,421,342,79
S01006945,297,70,23,47,227,181,46
S01006946,490,106,34,72,384,301,83
S01006947,529,140,34,106,389,310,79
S01006948,481,117,34,83,364,288,76
S01006949,378,110,33,77,268,204,64
S01006950,330,69,16,53,261,203,58
S01006951,292,74,18,56,218,186,32
S01006952,473,131,40,91,342,244,98
S01006953,481,135,46,89,346,264,82
S01006954,491,144,32,112,347,270,77
S01006955,351,75,21,54,276,226,50
S01006956,653,167,39,128,486,387,99
S01006957,619,163,49,114,456,342,114
S01006958,444,118,34,84,326,251,75
S01006959,320,91,29,62,229,172,57
S01006960,556,159,50,109,397,298,99
S01006961,564,129,40,89,435,339,96
S01006962,482,112,40,72,370,300,70
S01006963,378,103,22,81,275,207,68
S01006964,484,103,31,72,381,302,79
S01006965,261,74,24,50,187,143,44
S01006966,324,111,36,75,213,189,24
S01006967,385,117,40,77,268,221,47
S01006968,308,97,28,69,211,172,39
S01006969,506,116,36,80,390,329,61
S01006970,413,111,30,81,302,222,80
S01006971,256,80,29,51,176,144,32
S01006972,309,94,27,67,215,149,66
S01006973,305,83,33,50,222,167,55
S01006974,594,166,44,122,428,326,102
S01006975,584,160,44,116,424,293,131
S01006976,276,73,22,51,203,150,53
S01006977,484,126,41,85,358,249,109
S01006978,471,100,36,64,371,276,95
S01006979,439,121,26,95,318,244,74
S01006980,483,119,41,78,364,272,92
S01006981,487,122,43,79,365,252,113
S01006982,509,133,43,90,376,296,80
S01006983,426,110,44,66,316,235,81
S01006984,425,103,28,75,322,238,84
S01006985,555,165,32,133,390,289,101
S01006986,364,89,30,59,275,228,47
S01006987,333,84,20,64,249,208,41
S01006988,345,90,25,65,255,193,62
S01006989,588,159,45,114,429,307,122
S01006990,519,106,33,73,413,309,104
S01006991,206,55,18,37,151,104,47
S01006992,356,82,27,55,274,198,76
S01006993,313,77,23,54,236,157,79
S01006994,349,91,32,59,258,182,76
S01006995,504,125,40,85,379,273,106
S01006996,427,121,33,88,306,227,79
S01006997,466,138,44,94,328,237,91
S01006998,643,165,50,115,478,355,123
S01006999,508,138,54,84,370,246,124
S01007000,505,139,49,90,366,272,94
S01007001,465,118,39,79,347,263,84
S01007002,302,81,19,62,221,155,66
S01007003,301,87,38,49,214,134,80
S01007004,411,101,38,63,310,209,101
S01007005,517,135,42,93,382,262,120
S01007006,453,129,45,84,324,226,98
S01007007,448,118,42,76,330,237,93
S01007008,506,143,44,99,363,288,75
S01007009,517,145,50,95,372,300,72
S01007010,355,91,21,70,264,212,52
S01007011,405,112,29,83,293,237,56
S01007012,302,106,23,83,196,164,32
S01007013,316,87,22,65,229,139,90
S01007014,578,156,52,104,422,278,144
S01007015,355,95,24,71,260,167,93
S01007016,350,85,34,51,265,170,95
S01007017,494,132,34,98,362,273,89
S01007018,478,140,57,83,338,242,96
S01007019,332,83,25,58,249,202,47
S01007020,385,77,30,47,308,217,91
S01007021,438,123,31,92,315,249,66
S01007022,217,82,23,59,135,100,35
S01007023,231,72,26,46,159,102,57
S01007024,519,160,51,109,359,230,129
S01007025,401,125,39,86,276,196,80
S01007026,386,107,40,67,279,181,98
S01007027,499,148,45,103,351,223,128
S01007028,386,128,48,80,258,165,93
S01007029,291,77,27,50,214,128,86
S01007030,395,131,43,88,264,191,73
S01007031,295,86,30,56,209,138,71
S01007032,437,113,34,79,324,233,91
S01007033,356,118,32,86,238,189,49
S01007034,302,107,30,77,195,154,41
S01007035,347,127,34,93,220,187,33
S01007036,433,120,38,82,313,222,91
S01007037,504,178,65,113,326,225,101
S01007038,392,99,33,66,293,224,69
S01007039,402,115,31,84,287,208,79
S01007040,299,93,22,71,206,161,45
S01007041,370,107,25,82,263,173,90
S01007042,344,99,33,66,245,167,78
S01007043,580,139,52,87,441,294,147
S01007044,310,100,37,63,210,115,95
S01007045,425,127,48,79,298,189,109
S01007046,322,83,25,58,239,171,68
S01007047,359,89,24,65,270,176,94
S01007048,505,125,29,96,380,239,141
S01007049,462,137,34,103,325,253,72
S01007050,318,84,29,55,234,161,73
S01007051,422,120,31,89,302,233,69
S01007052,303,84,28,56,219,169,50
S01007053,263,72,28,44,191,131,60
S01007054,475,144,51,93,331,242,89
S01007055,307,84,30,54,223,144,79
S01007056,352,84,33,51,268,188,80
S01007057,237,60,20,40,177,138,39
S01007058,257,74,21,53,183,144,39
S01007059,485,124,34,90,361,262,99
S01007060,280,103,23,80,177,133,44
S01007061,554,130,45,85,424,293,131
S01007062,405,114,36,78,291,184,107
S01007063,349,104,32,72,245,183,62
S01007064,379,100,42,58,279,193,86
S01007065,319,88,22,66,231,157,74
S01007066,370,106,34,72,264,174,90
S01007067,319,70,29,41,249,184,65
S01007068,359,89,24,65,270,202,68
S01007069,411,107,26,81,304,242,62
S01007070,264,60,22,38,204,148,56
S01007071,481,113,50,63,368,291,77
S01007072,381,105,24,81,276,194,82
S01007073,500,148,48,100,352,267,85
S01007074,362,117,30,87,245,196,49
S01007075,377,108,28,80,269,212,57
S01007076,414,138,40,98,276,204,72
S01007077,357,115,23,92,242,190,52
S01007078,394,138,40,98,256,197,59
S01007079,449,112,28,84,337,259,78
S01007080,349,100,24,76,249,201,48
S01007081,464,109,24,85,355,275,80
S01007082,275,77,24,53,198,153,45
S01007083,393,106,21,85,287,228,59
S01007084,290,86,24,62,204,153,51
S01007085,444,108,36,72,336,248,88
S01007086,570,152,33,119,418,330,88
S01007087,447,116,33,83,331,251,80
S01007088,228,59,13,46,169,123,46
S01007089,274,72,22,50,202,139,63
S01007090,332,72,16,56,260,186,74
S01007091,416,136,46,90,280,218,62
S01007092,289,98,31,67,191,145,46
S01007093,537,149,50,99,388,264,124
S01007094,484,166,52,114,318,216,102
S01007095,291,77,19,58,214,133,81
S01007096,464,120,35,85,344,250,94
S01007097,281,72,27,45,209,129,80
S01007098,447,113,38,75,334,224,110
S01007099,487,133,39,94,354,243,111
S01007100,389,96,16,80,293,199,94
S01007101,393,110,31,79,283,207,76
S01007102,367,92,39,53,275,194,81
S01007103,418,133,40,93,285,191,94
S01007104,240,66,27,39,174,120,54
S01007105,246,87,39,48,159,106,53
S01007106,333,94,32,62,239,160,79
S01007107,358,100,46,54,258,160,98
S01007108,301,75,16,59,226,132,94
S01007109,376,119,24,95,257,199,58
S01007110,369,113,35,78,256,186,70
S01007111,254,76,21,55,178,124,54
S01007112,284,91,33,58,193,139,54
S01007113,257,67,16,51,190,120,70
S01007114,454,143,46,97,311,219,92
S01007115,316,97,38,59,219,140,79
S01007116,533,170,69,101,363,222,141
S01007117,246,78,24,54,168,107,61
S01007118,334,103,29,74,231,188,43
S01007119,394,126,33,93,268,202,66
S01007120,539,129,34,95,410,330,80
S01007121,210,51,15,36,159,125,34
S01007122,299,78,19,59,221,155,66
S01007123,310,98,24,74,212,153,59
S01007124,473,123,37,86,350,275,75
S01007125,382,122,33,89,260,207,53
S01007126,407,91,32,59,316,255,61
S01007127,541,91,25,66,450,386,64
S01007128,355,118,42,76,237,188,49
S01007129,503,132,39,93,371,276,95
S01007130,312,87,16,71,225,193,32
S01007131,401,107,28,79,294,255,39
S01007132,362,116,32,84,246,202,44
S01007133,371,106,28,78,265,191,74
S01007134,391,102,20,82,289,210,79
S01007135,281,73,24,49,208,143,65
S01007136,280,71,22,49,209,142,67
S01007137,418,107,20,87,311,234,77
S01007138,320,87,21,66,233,177,56
S01007139,384,97,16,81,287,235,52
S01007140,496,153,36,117,343,258,85
S01007141,357,103,29,74,254,197,57
S01007142,305,91,32,59,214,171,43
S01007143,368,99,22,77,269,218,51
S01007144,372,103,26,77,269,199,70
S01007145,392,119,19,100,273,232,41
S01007146,329,107,25,82,222,190,32
S01007147,348,102,17,85,246,205,41
S01007148,272,86,19,67,186,156,30
S01007149,257,82,31,51,175,150,25
S01007150,280,93,36,57,187,149,38
S01007151,442,128,44,84,314,258,56
S01007152,266,71,20,51,195,157,38
S01007153,293,80,20,60,213,179,34
S01007154,328,85,19,66,243,196,47
S01007155,289,90,20,70,199,157,42
S01007156,358,96,28,68,262,223,39
S01007157,338,83,14,69,255,224,31
S01007158,503,137,24,113,366,296,70
S01007159,396,108,16,92,288,244,44
S01007160,356,117,18,99,239,210,29
S01007161,322,78,16,62,244,207,37
S01007162,237,65,9,56,172,147,25
S01007163,388,106,19,87,282,240,42
S01007164,260,82,25,57,178,149,29
S01007165,384,117,29,88,267,203,64
S01007166,303,87,19,68,216,177,39
S01007167,399,123,40,83,276,229,47
S01007168,500,162,50,112,338,283,55
S01007169,367,119,32,87,248,202,46
S01007170,352,107,30,77,245,178,67
S01007171,504,113,29,84,391,284,107
S01007172,362,85,28,57,277,208,69
S01007173,488,132,28,104,356,294,62
S01007174,423,131,39,92,292,226,66
S01007175,268,79,20,59,189,158,31
S01007176,319,103,23,80,216,191,25
S01007177,252,81,22,59,171,148,23
S01007178,453,133,37,96,320,274,46
S01007179,488,168,41,127,320,256,64
S01007180,309,102,27,75,207,170,37
S01007181,349,114,33,81,235,187,48
S01007182,501,128,29,99,373,306,67
S01007183,488,131,36,95,357,306,51
S01007184,485,112,25,87,373,329,44
S01007185,337,113,25,88,224,182,42
S01007186,256,90,24,66,166,135,31
S01007187,367,104,22,82,263,220,43
S01007188,321,83,24,59,238,198,40
S01007189,300,83,18,65,217,181,36
S01007190,346,111,32,79,235,198,37
S01007191,301,103,25,78,198,169,29
S01007192,269,100,19,81,169,151,18
S01007193,337,94,21,73,243,208,35
S01007194,223,89,17,72,134,111,23
S01007195,220,68,16,52,152,130,22
S01007196,315,91,26,65,224,195,29
S01007197,241,93,17,76,148,133,15
S01007198,211,71,11,60,140,116,24
S01007199,297,111,21,90,186,153,33
S01007200,440,126,17,109,314,282,32
S01007201,321,86,14,72,235,195,40
S01007202,333,91,22,69,242,208,34
S01007203,318,107,30,77,211,180,31
S01007204,511,156,51,105,355,276,79
S01007205,332,96,25,71,236,172,64
S01007206,179,51,12,39,128,106,22
S01007207,451,151,43,108,300,237,63
S01007208,438,114,25,89,324,266,58
S01007209,359,98,30,68,261,200,61
S01007210,372,116,19,97,256,219,37
S01007211,411,132,36,96,279,224,55
S01007212,275,82,18,64,193,161,32
S01007213,393,126,33,93,267,214,53
S01007214,321,75,21,54,246,203,43
S01007215,371,108,27,81,263,209,54
S01007216,349,105,24,81,244,193,51
S01007217,437,144,30,114,293,251,42
S01007218,429,133,44,89,296,234,62
S01007219,379,113,27,86,266,219,47
S01007220,337,117,40,77,220,189,31
S01007221,303,87,25,62,216,160,56
S01007222,389,108,32,76,281,236,45
S01007223,267,83,32,51,184,126,58
S01007224,274,89,25,64,185,144,41
S01007225,473,134,33,101,339,245,94
S01007226,424,119,44,75,305,220,85
S01007227,452,133,39,94,319,266,53
S01007228,324,88,22,66,236,161,75
S01007229,601,151,40,111,450,319,131
S01007230,314,77,15,62,237,204,33
S01007231,272,74,12,62,198,162,36
S01007232,300,92,13,79,208,186,22
S01007233,387,100,27,73,287,233,54
S01007234,270,86,19,67,184,151,33
S01007235,360,101,23,78,259,210,49
S01007236,312,78,14,64,234,184,50
S01007237,358,93,23,70,265,204,61
S01007238,459,122,37,85,337,279,58
S01007239,358,77,29,48,281,217,64
S01007240,291,70,19,51,221,156,65
S01007241,343,87,34,53,256,186,70
S01007242,466,138,46,92,328,273,55
S01007243,290,73,23,50,217,178,39
S01007244,352,96,31,65,256,193,63
S01007245,349,89,28,61,260,198,62
S01007246,304,62,11,51,242,180,62
S01007247,337,89,19,70,248,199,49
S01007248,354,110,29,81,244,185,59
S01007249,177,54,14,40,123,106,17
S01007250,456,111,25,86,345,281,64
S01007251,232,65,22,43,167,141,26
S01007252,399,117,32,85,282,226,56
S01007253,380,117,26,91,263,220,43
S01007254,343,100,27,73,243,214,29
S01007255,338,103,22,81,235,210,25
S01007256,391,95,27,68,296,256,40
S01007257,281,77,18,59,204,171,33
S01007258,381,115,40,75,266,217,49
S01007259,379,116,39,77,263,223,40
S01007260,409,125,34,91,284,238,46
S01007261,374,99,35,64,275,229,46
S01007262,343,102,25,77,241,211,30
S01007263,369,111,29,82,258,222,36
S01007264,350,93,26,67,257,220,37
S01007265,519,144,35,109,375,326,49
S01007266,367,101,18,83,266,221,45
S01007267,290,73,23,50,217,152,65
S01007268,312,83,19,64,229,166,63
S01007269,241,63,18,45,178,141,37
S01007270,264,57,16,41,207,136,71
S01007271,487,115,25,90,372,304,68
S01007272,360,93,20,73,267,229,38
S01007273,319,79,19,60,240,198,42
S01007274,390,98,29,69,292,243,49
S01007275,248,70,16,54,178,151,27
S01007276,387,108,31,77,279,234,45
S01007277,358,107,30,77,251,208,43
S01007278,262,81,18,63,181,134,47
S01007279,304,85,18,67,219,131,88
S01007280,281,83,21,62,198,130,68
S01007281,501,135,35,100,366,265,101
S01007282,295,73,22,51,222,141,81
S01007283,389,100,40,60,289,208,81
S01007284,406,135,37,98,271,183,88
S01007285,432,118,31,87,314,216,98
S01007286,490,122,31,91,368,263,105
S01007287,343,83,23,60,260,153,107
S01007288,302,83,23,60,219,135,84
S01007289,447,117,31,86,330,262,68
S01007290,359,115,25,90,244,190,54
S01007291,313,92,22,70,221,178,43
S01007292,423,130,30,100,293,248,45
S01007293,406,153,24,129,253,211,42
S01007294,477,144,39,105,333,261,72
S01007295,227,66,12,54,161,134,27
S01007296,319,63,14,49,256,197,59
S01007297,542,130,30,100,412,308,104
S01007298,279,97,23,74,182,142,40
S01007299,483,144,35,109,339,275,64
S01007300,250,89,13,76,161,113,48
S01007301,386,116,33,83,270,194,76
S01007302,318,111,34,77,207,165,42
S01007303,457,123,44,79,334,235,99
S01007304,326,104,30,74,222,143,79
S01007305,393,127,40,87,266,190,76
S01007306,367,114,24,90,253,195,58
S01007307,424,121,31,90,303,218,85
S01007308,412,93,30,63,319,240,79
S01007309,344,83,20,63,261,175,86
S01007310,349,108,37,71,241,170,71
S01007311,447,112,32,80,335,252,83
S01007312,344,102,29,73,242,182,60
S01007313,509,158,48,110,351,264,87
S01007314,371,99,14,85,272,212,60
S01007315,503,111,19,92,392,344,48
S01007316,392,83,25,58,309,264,45
S01007317,354,92,19,73,262,221,41
S01007318,295,77,17,60,218,188,30
S01007319,373,95,23,72,278,219,59
S01007320,373,109,36,73,264,183,81
S01007321,310,87,31,56,223,133,90
S01007322,363,84,20,64,279,199,80
S01007323,255,60,21,39,195,126,69
S01007324,168,64,24,40,104,70,34
S01007325,389,110,28,82,279,182,97
S01007326,385,94,21,73,291,197,94
S01007327,367,75,14,61,292,227,65
S01007328,417,121,26,95,296,245,51
S01007329,340,109,34,75,231,138,93
S01007330,339,110,32,78,229,138,91
S01007331,511,126,35,91,385,259,126
S01007332,239,69,25,44,170,93,77
S01007333,363,102,28,74,261,194,67
S01007334,275,102,19,83,173,152,21
S01007335,340,108,25,83,232,204,28
S01007336,227,63,14,49,164,131,33
S01007337,260,87,12,75,173,134,39
S01007338,362,122,29,93,240,197,43
S01007339,278,84,24,60,194,149,45
S01007340,183,56,16,40,127,104,23
S01007341,272,74,20,54,198,163,35
S01007342,369,137,33,104,232,169,63
S01007343,319,83,19,64,236,144,92
S01007344,184,50,12,38,134,106,28
S01007345,225,92,19,73,133,114,19
S01007346,215,65,10,55,150,129,21
S01007347,228,77,15,62,151,130,21
S01007348,244,95,25,70,149,140,9
S01007349,182,61,16,45,121,97,24
S01007350,243,82,19,63,161,133,28
S01007351,264,76,16,60,188,135,53
S01007352,243,57,15,42,186,124,62
S01007353,264,80,21,59,184,133,51
S01007354,313,94,17,77,219,175,44
S01007355,431,106,28,78,325,237,88
S01007356,289,99,29,70,190,151,39
S01007357,369,112,28,84,257,185,72
S01007358,506,126,21,105,380,298,82
S01007359,329,106,26,80,223,202,21
S01007360,220,63,20,43,157,122,35
S01007361,435,123,39,84,312,244,68
S01007362,326,90,26,64,236,199,37
S01007363,253,74,12,62,179,149,30
S01007364,343,114,24,90,229,202,27
S01007365,202,65,17,48,137,113,24
S01007366,149,53,11,42,96,81,15
S01007367,250,83,13,70,167,143,24
S01007368,200,69,24,45,131,117,14
S01007369,360,110,33,77,250,213,37
S01007370,378,113,23,90,265,218,47
S01007371,335,107,27,80,228,184,44
S01007372,365,114,27,87,251,190,61
S01007373,259,79,17,62,180,136,44
S01007374,269,69,15,54,200,164,36
S01007375,204,50,13,37,154,119,35
S01007376,360,104,21,83,256,218,38
S01007377,339,93,25,68,246,197,49
S01007378,1164,83,23,60,1081,878,203
S01007379,208,51,12,39,157,130,27
S01007380,290,70,16,54,220,193,27
S01007381,197,55,19,36,142,110,32
S01007382,325,89,28,61,236,187,49
S01007383,346,83,23,60,263,205,58
S01007384,384,113,22,91,271,213,58
S01007385,362,94,27,67,268,210,58
S01007386,354,115,38,77,239,167,72
S01007387,365,104,30,74,261,187,74
S01007388,342,98,32,66,244,209,35
S01007389,258,62,9,53,196,165,31
S01007390,258,93,18,75,165,125,40
S01007391,282,79,26,53,203,169,34
S01007392,203,47,9,38,156,129,27
S01007393,247,72,24,48,175,122,53
S01007394,242,74,21,53,168,131,37
S01007395,388,79,19,60,309,261,48
S01007396,377,102,24,78,275,231,44
S01007397,435,125,35,90,310,244,66
S01007398,287,104,19,85,183,166,17
S01007399,249,91,10,81,158,141,17
S01007400,330,103,32,71,227,182,45
S01007401,349,95,34,61,254,205,49
S01007402,310,92,27,65,218,189,29
S01007403,408,117,35,82,291,221,70
S01007404,223,49,12,37,174,113,61
S01007405,356,82,21,61,274,199,75
S01007406,293,84,20,64,209,171,38
S01007407,340,88,26,62,252,206,46
S01007408,281,84,16,68,197,176,21
S01007409,373,93,21,72,280,250,30
S01007410,258,75,17,58,183,167,16
S01007411,346,90,16,74,256,222,34
S01007412,206,41,5,36,165,141,24
S01007413,528,113,27,86,415,343,72
S01007414,398,105,24,81,293,235,58
S01007415,367,96,10,86,271,244,27
S01007416,197,65,6,59,132,117,15
S01007417,549,112,24,88,437,369,68
S01007418,297,90,13,77,207,185,22
S01007419,360,107,16,91,253,228,25
S01007420,563,153,49,104,410,343,67
S01007421,351,80,13,67,271,230,41
S01007422,278,72,12,60,206,173,33
S01007423,409,88,15,73,321,273,48
S01007424,405,114,21,93,291,248,43
S01007425,421,130,23,107,291,253,38
S01007426,289,78,20,58,211,187,24
S01007427,265,79,18,61,186,161,25
S01007428,415,118,24,94,297,272,25
S01007429,383,97,19,78,286,241,45
S01007430,220,67,23,44,153,127,26
S01007431,300,82,21,61,218,194,24
S01007432,390,104,29,75,286,236,50
S01007433,365,99,26,73,266,205,61
S01007434,221,68,16,52,153,136,17
S01007435,341,84,15,69,257,227,30
S01007436,298,95,22,73,203,181,22
S01007437,201,61,21,40,140,122,18
S01007438,304,64,13,51,240,209,31
S01007439,325,79,20,59,246,216,30
S01007440,306,83,17,66,223,199,24
S01007441,290,71,17,54,219,193,26
S01007442,249,64,16,48,185,144,41
S01007443,350,97,29,68,253,189,64
S01007444,408,113,31,82,295,209,86
S01007445,287,84,19,65,203,159,44
S01007446,249,70,18,52,179,119,60
S01007447,236,74,23,51,162,118,44
S01007448,422,109,29,80,313,246,67
S01007449,440,126,23,103,314,275,39
S01007450,300,102,21,81,198,169,29
S01007451,304,89,21,68,215,189,26
S01007452,215,52,10,42,163,126,37
S01007453,345,67,13,54,278,222,56
S01007454,251,66,16,50,185,156,29
S01007455,365,98,24,74,267,233,34
S01007456,367,114,24,90,253,223,30
S01007457,479,105,18,87,374,329,45
S01007458,278,76,16,60,202,192,10
S01007459,292,79,15,64,213,184,29
S01007460,325,80,18,62,245,221,24
S01007461,253,83,16,67,170,147,23
S01007462,431,89,18,71,342,302,40
S01007463,324,107,17,90,217,193,24
S01007464,242,64,16,48,178,157,21
S01007465,233,80,11,69,153,138,15
S01007466,403,119,26,93,284,247,37
S01007467,429,118,26,92,311,271,40
S01007468,410,97,20,77,313,263,50
S01007469,278,79,12,67,199,180,19
S01007470,271,75,14,61,196,165,31
S01007471,250,74,17,57,176,156,20
S01007472,223,65,10,55,158,138,20
S01007473,207,57,12,45,150,138,12
S01007474,296,91,21,70,205,179,26
S01007475,313,80,18,62,233,202,31
S01007476,292,80,23,57,212,181,31
S01007477,273,56,12,44,217,187,30
S01007478,444,95,23,72,349,301,48
S01007479,307,70,12,58,237,210,27
S01007480,453,102,18,84,351,311,40
S01007481,345,108,24,84,237,186,51
S01007482,183,61,13,48,122,94,28
S01007483,368,126,23,103,242,190,52
S01007484,228,69,14,55,159,129,30
S01007485,167,76,18,58,91,80,11
S01007486,142,76,15,61,66,52,14
S01007487,382,119,22,97,263,224,39
S01007488,488,141,25,116,347,274,73
S01007489,393,146,45,101,247,205,42
S01007490,360,139,26,113,221,186,35
S01007491,510,176,33,143,334,276,58
S01007492,330,116,23,93,214,178,36
S01007493,396,133,26,107,263,223,40
S01007494,240,67,18,49,173,97,76
S01007495,433,138,39,99,295,190,105
S01007496,448,152,32,120,296,208,88
S01007497,259,78,17,61,181,129,52
S01007498,362,109,22,87,253,192,61
S01007499,410,121,29,92,289,196,93
S01007500,238,69,19,50,169,107,62
S01007501,265,85,24,61,180,94,86
S01007502,248,84,23,61,164,112,52
S01007503,439,129,37,92,310,206,104
S01007504,326,108,33,75,218,139,79
S01007505,208,56,20,36,152,98,54
S01007506,225,58,10,48,167,91,76
S01007507,399,124,26,98,275,211,64
S01007508,332,108,33,75,224,148,76
S01007509,289,98,29,69,191,114,77
S01007510,389,153,42,111,236,166,70
S01007511,303,110,24,86,193,137,56
S01007512,229,79,25,54,150,91,59
S01007513,449,153,37,116,296,245,51
S01007514,256,75,16,59,181,133,48
S01007515,237,72,16,56,165,125,40
S01007516,270,91,24,67,179,156,23
S01007517,174,55,16,39,119,98,21
S01007518,362,112,20,92,250,217,33
S01007519,196,52,11,41,144,92,52
S01007520,399,115,29,86,284,189,95
S01007521,220,63,25,38,157,98,59
S01007522,402,138,29,109,264,216,48
S01007523,254,85,26,59,169,109,60
S01007524,470,134,28,106,336,231,105
S01007525,234,70,12,58,164,129,35
S01007526,285,98,30,68,187,144,43
S01007527,365,134,34,100,231,196,35
S01007528,363,126,25,101,237,190,47
S01007529,274,89,21,68,185,140,45
S01007530,262,83,24,59,179,121,58
S01007531,327,97,24,73,230,152,78
S01007532,284,86,17,69,198,126,72
S01007533,275,80,15,65,195,128,67
S01007534,412,135,31,104,277,212,65
S01007535,449,169,36,133,280,224,56
S01007536,450,142,25,117,308,258,50
S01007537,440,129,32,97,311,255,56
S01007538,448,146,42,104,302,194,108
S01007539,278,84,23,61,194,168,26
S01007540,357,121,28,93,236,194,42
S01007541,329,105,26,79,224,185,39
S01007542,405,129,33,96,276,228,48
S01007543,516,193,47,146,323,276,47
S01007544,410,121,32,89,289,172,117
S01007545,382,125,47,78,257,177,80
S01007546,284,92,21,71,192,129,63
S01007547,302,75,15,60,227,144,83
S01007548,333,116,29,87,217,161,56
S01007549,247,84,16,68,163,112,51
S01007550,361,126,41,85,235,159,76
S01007551,433,137,42,95,296,197,99
S01007552,384,114,30,84,270,204,66
S01007553,316,97,19,78,219,183,36
S01007554,133,30,5,25,103,81,22
S01007555,237,56,19,37,181,130,51
S01007556,201,63,20,43,138,103,35
S01007557,457,153,50,103,304,240,64
S01007558,189,54,16,38,135,88,47
S01007559,382,117,35,82,265,175,90
S01007560,410,146,28,118,264,197,67
S01007561,279,102,25,77,177,149,28
S01007562,394,128,34,94,266,194,72
S01007563,392,145,40,105,247,194,53
S01007564,379,145,47,98,234,142,92
S01007565,446,131,27,104,315,242,73
S01007566,349,95,18,77,254,171,83
S01007567,318,106,26,80,212,145,67
S01007568,342,102,29,73,240,182,58
S01007569,395,113,27,86,282,201,81
S01007570,340,95,20,75,245,194,51
S01007571,287,94,28,66,193,135,58
S01007572,421,136,27,109,285,240,45
S01007573,534,130,18,112,404,347,57
S01007574,465,174,42,132,291,259,32
S01007575,336,120,34,86,216,196,20
S01007576,228,97,17,80,131,117,14
S01007577,251,90,21,69,161,145,16
S01007578,278,98,19,79,180,161,19
S01007579,281,105,24,81,176,160,16
S01007580,334,118,30,88,216,187,29
S01007581,218,83,12,71,135,117,18
S01007582,300,99,19,80,201,182,19
S01007583,416,160,30,130,256,228,28
S01007584,292,109,31,78,183,152,31
S01007585,409,125,32,93,284,251,33
S01007586,373,149,27,122,224,205,19
S01007587,324,93,21,72,231,186,45
S01007588,399,131,43,88,268,213,55
S01007589,422,119,27,92,303,261,42
S01007590,284,73,17,56,211,176,35
S01007591,318,94,24,70,224,205,19
S01007592,328,119,26,93,209,177,32
S01007593,497,166,39,127,331,279,52
S01007594,434,137,40,97,297,242,55
S01007595,561,149,39,110,412,320,92
S01007596,239,77,15,62,162,104,58
S01007597,327,90,19,71,237,176,61
S01007598,332,105,24,81,227,176,51
S01007599,429,159,31,128,270,237,33
S01007600,517,131,31,100,386,300,86
S01007601,401,114,16,98,287,241,46
S01007602,367,120,20,100,247,212,35
S01007603,484,149,38,111,335,295,40
S01007604,456,139,29,110,317,278,39
S01007605,457,134,32,102,323,284,39
S01007606,309,89,21,68,220,191,29
S01007607,388,112,24,88,276,238,38
S01007608,406,120,31,89,286,247,39
S01007609,424,152,31,121,272,236,36
S01007610,217,71,16,55,146,127,19
S01007611,386,114,27,87,272,248,24
S01007612,530,170,41,129,360,303,57
S01007613,392,106,29,77,286,234,52
S01007614,423,139,39,100,284,228,56
S01007615,530,157,34,123,373,309,64
S01007616,367,105,19,86,262,225,37
S01007617,249,96,19,77,153,126,27
S01007618,263,101,21,80,162,140,22
S01007619,297,110,15,95,187,160,27
S01007620,314,84,14,70,230,194,36
S01007621,328,99,20,79,229,204,25
S01007622,275,91,13,78,184,149,35
S01007623,319,94,24,70,225,188,37
S01007624,394,127,27,100,267,234,33
S01007625,278,73,17,56,205,170,35
S01007626,397,107,20,87,290,247,43
S01007627,295,79,17,62,216,169,47
S01007628,330,94,21,73,236,194,42
S01007629,359,102,22,80,257,201,56
S01007630,463,129,31,98,334,240,94
S01007631,311,103,26,77,208,151,57
S01007632,462,129,30,99,333,275,58
S01007633,454,138,30,108,316,263,53
S01007634,290,85,22,63,205,158,47
S01007635,268,83,28,55,185,141,44
S01007636,360,96,21,75,264,198,66
S01007637,404,112,28,84,292,233,59
S01007638,361,101,24,77,260,219,41
S01007639,512,155,38,117,357,300,57
S01007640,362,91,26,65,271,179,92
S01007641,404,141,31,110,263,193,70
S01007642,361,108,32,76,253,164,89
S01007643,430,140,39,101,290,216,74
S01007644,344,129,27,102,215,156,59
S01007645,270,75,22,53,195,135,60
S01007646,295,74,27,47,221,140,81
S01007647,335,87,24,63,248,201,47
S01007648,436,124,33,91,312,270,42
S01007649,379,111,29,82,268,217,51
S01007650,486,144,55,89,342,239,103
S01007651,307,83,18,65,224,146,78
S01007652,251,72,14,58,179,125,54
S01007653,465,138,36,102,327,242,85
S01007654,502,155,37,118,347,266,81
S01007655,396,108,30,78,288,164,124
S01007656,409,109,30,79,300,216,84
S01007657,238,64,13,51,174,114,60
S01007658,245,70,11,59,175,131,44
S01007659,359,113,23,90,246,177,69
S01007660,393,120,26,94,273,238,35
S01007661,327,110,27,83,217,174,43
S01007662,382,116,27,89,266,226,40
S01007663,396,130,32,98,266,221,45
S01007664,267,89,22,67,178,155,23
S01007665,317,93,16,77,224,192,32
S01007666,243,67,12,55,176,152,24
S01007667,377,108,27,81,269,225,44
S01007668,469,143,44,99,326,286,40
S01007669,259,80,20,60,179,154,25
S01007670,302,93,22,71,209,188,21
S01007671,390,96,23,73,294,215,79
S01007672,381,118,32,86,263,213,50
S01007673,395,111,27,84,284,233,51
S01007674,358,99,26,73,259,226,33
S01007675,308,87,18,69,221,169,52
S01007676,384,111,22,89,273,172,101
S01007677,251,74,24,50,177,140,37
S01007678,345,101,25,76,244,197,47
S01007679,313,96,17,79,217,190,27
S01007680,501,158,54,104,343,282,61
S01007681,218,51,12,39,167,130,37
S01007682,451,119,37,82,332,275,57
S01007683,329,87,23,64,242,206,36
S01007684,352,119,36,83,233,188,45
S01007685,370,116,43,73,254,197,57
S01007686,331,86,34,52,245,186,59
S01007687,426,135,50,85,291,230,61
S01007688,498,170,54,116,328,281,47
S01007689,292,97,49,48,195,172,23
S01007690,362,168,87,81,194,153,41
S01007691,740,463,300,163,277,234,43
S01007692,377,176,92,84,201,167,34
S01007693,293,178,91,87,115,104,11
S01007694,433,216,90,126,217,194,23
S01007695,404,110,41,69,294,262,32
S01007696,271,123,59,64,148,125,23
S01007697,421,123,43,80,298,259,39
S01007698,529,202,72,130,327,296,31
S01007699,372,138,54,84,234,206,28
S01007700,513,125,40,85,388,326,62
S01007701,194,85,32,53,109,103,6
S01007702,360,176,97,79,184,164,20
S01007703,368,101,28,73,267,242,25
S01007704,307,133,42,91,174,159,15
S01007705,292,152,79,73,140,124,16
S01007706,328,201,109,92,127,119,8
S01007707,470,93,41,52,377,298,79
S01007708,320,96,26,70,224,210,14
S01007709,238,64,21,43,174,153,21
S01007710,385,148,62,86,237,198,39
S01007711,451,217,83,134,234,214,20
S01007712,319,105,46,59,214,189,25
S01007713,213,75,21,54,138,118,20
S01007714,342,102,24,78,240,220,20
S01007715,206,79,22,57,127,113,14
S01007716,385,130,35,95,255,230,25
S01007717,383,126,27,99,257,230,27
S01007718,284,81,15,66,203,182,21
S01007719,427,106,23,83,321,288,33
S01007720,263,73,19,54,190,175,15
S01007721,346,97,16,81,249,231,18
S01007722,332,94,20,74,238,221,17
S01007723,344,99,20,79,245,226,19
S01007724,291,111,22,89,180,163,17
S01007725,345,92,21,71,253,226,27
S01007726,352,128,30,98,224,192,32
S01007727,412,145,38,107,267,242,25
S01007728,349,115,32,83,234,204,30
S01007729,391,114,32,82,277,247,30
S01007730,443,111,28,83,332,300,32
S01007731,431,127,26,101,304,274,30
S01007732,340,94,39,55,246,215,31
S01007733,447,114,27,87,333,284,49
S01007734,407,103,32,71,304,249,55
S01007735,423,139,38,101,284,234,50
S01007736,396,124,25,99,272,230,42
S01007737,477,148,30,118,329,287,42
S01007738,305,85,16,69,220,193,27
S01007739,211,54,9,45,157,143,14
S01007740,257,71,11,60,186,159,27
S01007741,271,88,16,72,183,170,13
S01007742,269,82,20,62,187,160,27
S01007743,405,122,24,98,283,256,27
S01007744,264,86,15,71,178,164,14
S01007745,312,102,10,92,210,189,21
S01007746,395,143,25,118,252,223,29
S01007747,208,68,6,62,140,125,15
S01007748,259,102,21,81,157,150,7
S01007749,337,123,26,97,214,193,21
S01007750,348,94,23,71,254,219,35
S01007751,277,75,26,49,202,155,47
S01007752,266,83,25,58,183,142,41
S01007753,224,70,14,56,154,150,4
S01007754,305,113,11,102,192,178,14
S01007755,286,96,11,85,190,176,14
S01007756,227,96,9,87,131,121,10
S01007757,347,96,24,72,251,215,36
S01007758,358,98,26,72,260,197,63
S01007759,451,121,34,87,330,286,44
S01007760,249,67,16,51,182,144,38
S01007761,443,120,29,91,323,260,63
S01007762,369,86,18,68,283,250,33
S01007763,178,50,11,39,128,107,21
S01007764,412,125,37,88,287,245,42
S01007765,294,86,20,66,208,178,30
S01007766,410,130,36,94,280,247,33
S01007767,432,133,40,93,299,257,42
S01007768,292,72,17,55,220,187,33
S01007769,315,94,35,59,221,179,42
S01007770,341,104,34,70,237,189,48
S01007771,208,69,29,40,139,115,24
S01007772,412,121,33,88,291,254,37
S01007773,380,107,30,77,273,244,29
S01007774,562,131,25,106,431,367,64
S01007775,457,121,20,101,336,276,60
S01007776,392,111,28,83,281,222,59
S01007777,554,160,38,122,394,323,71
S01007778,262,59,16,43,203,156,47
S01007779,404,101,14,87,303,270,33
S01007780,472,94,19,75,378,339,39
S01007781,536,129,22,107,407,369,38
S01007782,190,55,12,43,135,129,6
S01007783,219,85,7,78,134,120,14
S01007784,369,104,17,87,265,240,25
S01007785,197,76,17,59,121,113,8
S01007786,316,126,18,108,190,171,19
S01007787,277,104,19,85,173,156,17
S01007788,198,89,15,74,109,101,8
S01007789,239,98,19,79,141,129,12
S01007790,291,115,20,95,176,168,8
S01007791,289,70,18,52,219,184,35
S01007792,367,115,24,91,252,233,19
S01007793,307,120,21,99,187,174,13
S01007794,237,85,12,73,152,143,9
S01007795,269,103,14,89,166,151,15
S01007796,298,116,29,87,182,165,17
S01007797,188,88,15,73,100,94,6
S01007798,380,114,19,95,266,232,34
S01007799,342,93,19,74,249,211,38
S01007800,326,129,28,101,197,180,17
S01007801,282,119,37,82,163,148,15
S01007802,335,87,17,70,248,225,23
S01007803,325,124,22,102,201,181,20
S01007804,208,80,17,63,128,116,12
S01007805,201,73,10,63,128,118,10
S01007806,281,86,13,73,195,175,20
S01007807,369,88,20,68,281,240,41
S01007808,379,122,19,103,257,238,19
S01007809,467,130,25,105,337,307,30
S01007810,302,102,17,85,200,184,16
S01007811,360,123,26,97,237,227,10
S01007812,291,114,19,95,177,155,22
S01007813,285,102,27,75,183,173,10
S01007814,258,85,16,69,173,155,18
S01007815,474,125,34,91,349,307,42
S01007816,359,104,11,93,255,234,21
S01007817,197,73,20,53,124,116,8
S01007818,395,98,21,77,297,276,21
S01007819,395,113,24,89,282,261,21
S01007820,420,133,27,106,287,266,21
S01007821,281,81,19,62,200,183,17
S01007822,344,89,20,69,255,230,25
S01007823,377,108,23,85,269,235,34
S01007824,353,111,25,86,242,208,34
S01007825,481,127,36,91,354,307,47
S01007826,203,68,12,56,135,127,8
S01007827,332,80,14,66,252,227,25
S01007828,414,105,26,79,309,279,30
S01007829,221,65,17,48,156,148,8
S01007830,364,111,22,89,253,239,14
S01007831,300,91,19,72,209,192,17
S01007832,258,77,14,63,181,157,24
S01007833,230,66,21,45,164,148,16
S01007834,320,75,15,60,245,214,31
S01007835,321,92,22,70,229,202,27
S01007836,230,54,9,45,176,161,15
S01007837,370,104,22,82,266,236,30
S01007838,382,97,23,74,285,249,36
S01007839,252,61,14,47,191,148,43
S01007840,344,96,19,77,248,233,15
S01007841,316,109,22,87,207,191,16
S01007842,293,110,19,91,183,170,13
S01007843,295,81,14,67,214,203,11
S01007844,415,120,23,97,295,269,26
S01007845,330,117,17,100,213,199,14
S01007846,292,89,13,76,203,189,14
S01007847,383,118,20,98,265,247,18
S01007848,290,96,25,71,194,178,16
S01007849,375,138,25,113,237,213,24
S01007850,296,90,18,72,206,193,13
S01007851,351,101,16,85,250,220,30
S01007852,250,90,13,77,160,142,18
S01007853,188,60,15,45,128,114,14
S01007854,371,110,20,90,261,239,22
S01007855,212,73,15,58,139,128,11
S01007856,390,121,18,103,269,234,35
S01007857,190,81,13,68,109,100,9
S01007858,400,164,23,141,236,216,20
S01007859,180,63,5,58,117,111,6
S01007860,289,83,15,68,206,182,24
S01007861,274,90,13,77,184,173,11
S01007862,301,107,18,89,194,178,16
S01007863,304,96,12,84,208,192,16
S01007864,390,118,23,95,272,256,16
S01007865,397,100,19,81,297,248,49
S01007866,376,83,18,65,293,262,31
S01007867,239,43,16,27,196,162,34
S01007868,473,146,38,108,327,288,39
S01007869,490,111,27,84,379,306,73
S01007870,274,70,21,49,204,141,63
S01007871,209,79,15,64,130,107,23
S01007872,222,93,16,77,129,110,19
S01007873,307,108,17,91,199,167,32
S01007874,293,92,18,74,201,167,34
S01007875,257,88,15,73,169,150,19
S01007876,468,139,33,106,329,287,42
S01007877,326,106,20,86,220,182,38
S01007878,249,80,15,65,169,134,35
S01007879,273,97,21,76,176,146,30
S01007880,197,55,15,40,142,91,51
S01007881,216,55,14,41,161,115,46
S01007882,421,93,28,65,328,215,113
S01007883,537,111,31,80,426,350,76
S01007884,301,83,12,71,218,195,23
S01007885,268,70,9,61,198,173,25
S01007886,394,99,16,83,295,265,30
S01007887,307,79,20,59,228,163,65
S01007888,418,152,29,123,266,233,33
S01007889,218,75,19,56,143,124,19
S01007890,346,110,23,87,236,202,34
S01007891,418,114,21,93,304,251,53
S01007892,378,124,23,101,254,211,43
S01007893,487,135,38,97,352,291,61
S01007894,450,134,34,100,316,283,33
S01007895,240,61,17,44,179,150,29
S01007896,331,98,17,81,233,200,33
S01007897,230,47,14,33,183,118,65
S01007898,233,66,14,52,167,117,50
S01007899,199,38,5,33,161,93,68
S01007900,214,59,6,53,155,136,19
S01007901,291,96,24,72,195,162,33
S01007902,323,87,11,76,236,177,59
S01007903,228,62,10,52,166,120,46
S01007904,398,89,19,70,309,206,103
S01007905,232,72,10,62,160,121,39
S01007906,261,70,11,59,191,155,36
S01007907,218,57,10,47,161,113,48
S01007908,380,96,18,78,284,217,67
S01007909,241,64,10,54,177,139,38
S01007910,351,116,19,97,235,193,42
S01007911,355,96,19,77,259,209,50
S01007912,348,106,21,85,242,195,47
S01007913,237,78,11,67,159,135,24
S01007914,239,68,15,53,171,145,26
S01007915,374,124,23,101,250,213,37
S01007916,302,91,12,79,211,182,29
S01007917,369,104,32,72,265,209,56
S01007918,413,114,26,88,299,246,53
S01007919,383,82,20,62,301,245,56
S01007920,314,76,12,64,238,207,31
S01007921,358,114,25,89,244,210,34
S01007922,332,112,18,94,220,188,32
S01007923,495,143,31,112,352,298,54
S01007924,379,121,19,102,258,226,32
S01007925,253,51,18,33,202,113,89
S01007926,267,67,15,52,200,139,61
S01007927,358,93,31,62,265,178,87
S01007928,473,133,37,96,340,260,80
S01007929,417,101,34,67,316,205,111
S01007930,344,96,34,62,248,163,85
S01007931,509,140,36,104,369,297,72
S01007932,385,91,28,63,294,238,56
S01007933,397,113,21,92,284,227,57
S01007934,320,93,22,71,227,198,29
S01007935,368,66,12,54,302,260,42
S01007936,545,134,25,109,411,330,81
S01007937,567,141,28,113,426,365,61
S01007938,334,108,16,92,226,191,35
S01007939,348,100,17,83,248,219,29
S01007940,457,114,23,91,343,276,67
S01007941,348,100,22,78,248,212,36
S01007942,236,73,20,53,163,139,24
S01007943,281,75,26,49,206,181,25
S01007944,410,107,25,82,303,255,48
S01007945,342,89,30,59,253,203,50
S01007946,343,93,21,72,250,205,45
S01007947,331,97,23,74,234,199,35
S01007948,223,66,14,52,157,136,21
S01007949,366,100,17,83,266,228,38
S01007950,452,110,30,80,342,278,64
S01007951,363,97,19,78,266,223,43
S01007952,252,69,16,53,183,156,27
S01007953,434,124,19,105,310,272,38
S01007954,280,89,18,71,191,173,18
S01007955,370,127,18,109,243,218,25
S01007956,319,113,26,87,206,177,29
S01007957,397,122,24,98,275,242,33
S01007958,341,89,16,73,252,217,35
S01007959,391,113,23,90,278,243,35
S01007960,329,100,22,78,229,207,22
S01007961,447,113,37,76,334,216,118
S01007962,245,77,15,62,168,143,25
S01007963,249,99,21,78,150,131,19
S01007964,299,111,22,89,188,171,17
S01007965,237,84,21,63,153,137,16
S01007966,328,123,14,109,205,186,19
S01007967,237,102,19,83,135,124,11
S01007968,373,112,28,84,261,239,22
S01007969,363,103,24,79,260,237,23
S01007970,397,112,22,90,285,260,25
S01007971,385,117,20,97,268,242,26
S01007972,397,124,24,100,273,261,12
S01007973,469,135,33,102,334,307,27
S01007974,332,102,30,72,230,196,34
S01007975,279,92,23,69,187,169,18
S01007976,301,71,13,58,230,200,30
S01007977,374,93,25,68,281,245,36
S01007978,308,60,12,48,248,222,26
S01007979,439,99,30,69,340,280,60
S01007980,339,94,29,65,245,214,31
S01007981,252,73,14,59,179,154,25
S01007982,249,77,26,51,172,152,20
S01007983,281,114,25,89,167,143,24
S01007984,357,113,29,84,244,203,41
S01007985,352,101,28,73,251,225,26
S01007986,255,74,16,58,181,161,20
S01007987,387,113,21,92,274,243,31
S01007988,334,109,15,94,225,206,19
S01007989,324,111,31,80,213,187,26
S01007990,449,142,32,110,307,273,34
S01007991,567,155,38,117,412,347,65
S01007992,384,104,31,73,280,241,39
S01007993,474,126,22,104,348,301,47
S01007994,486,120,30,90,366,306,60
S01007995,517,161,41,120,356,298,58
S01007996,240,64,20,44,176,131,45
S01007997,337,86,24,62,251,211,40
S01007998,263,64,23,41,199,159,40
S01007999,318,100,22,78,218,201,17
S01008000,349,113,23,90,236,210,26
S01008001,286,108,20,88,178,160,18
S01008002,283,106,15,91,177,155,22
S01008003,284,67,14,53,217,192,25
S01008004,329,83,10,73,246,214,32
S01008005,297,73,13,60,224,192,32
S01008006,173,53,8,45,120,111,9
S01008007,168,56,11,45,112,104,8
S01008008,252,84,18,66,168,144,24
S01008009,302,97,22,75,205,176,29
S01008010,392,92,18,74,300,254,46
S01008011,248,56,14,42,192,169,23
S01008012,416,86,15,71,330,280,50
S01008013,315,81,20,61,234,208,26
S01008014,321,81,15,66,240,207,33
S01008015,348,84,16,68,264,247,17
S01008016,353,91,17,74,262,233,29
S01008017,407,122,44,78,285,244,41
S01008018,308,84,19,65,224,194,30
S01008019,367,103,21,82,264,202,62
S01008020,351,86,29,57,265,231,34
S01008021,276,87,24,63,189,161,28
S01008022,371,109,35,74,262,239,23
S01008023,402,119,38,81,283,231,52
S01008024,415,108,31,77,307,243,64
S01008025,393,116,32,84,277,243,34
S01008026,484,147,35,112,337,293,44
S01008027,263,78,16,62,185,168,17
S01008028,315,81,14,67,234,206,28
S01008029,436,118,34,84,318,245,73
S01008030,518,129,29,100,389,328,61
S01008031,403,123,32,91,280,245,35
S01008032,441,129,35,94,312,278,34
S01008033,453,142,52,90,311,222,89
S01008034,444,139,56,83,305,244,61
S01008035,312,92,21,71,220,197,23
S01008036,336,109,39,70,227,194,33
S01008037,478,159,33,126,319,290,29
S01008038,370,122,31,91,248,220,28
S01008039,424,142,36,106,282,237,45
S01008040,356,119,32,87,237,192,45
S01008041,304,93,20,73,211,171,40
S01008042,254,80,30,50,174,124,50
S01008043,437,158,50,108,279,219,60
S01008044,468,144,41,103,324,262,62
S01008045,421,119,25,94,302,223,79
S01008046,311,107,31,76,204,180,24
S01008047,305,100,27,73,205,161,44
S01008048,241,70,17,53,171,136,35
S01008049,370,102,34,68,268,214,54
S01008050,261,85,26,59,176,137,39
S01008051,429,115,41,74,314,257,57
S01008052,431,95,20,75,336,267,69
S01008053,249,82,23,59,167,136,31
S01008054,341,96,35,61,245,167,78
S01008055,488,163,47,116,325,238,87
S01008056,314,101,39,62,213,156,57
S01008057,437,111,26,85,326,249,77
S01008058,488,165,45,120,323,249,74
S01008059,347,112,24,88,235,197,38
S01008060,463,128,34,94,335,282,53
S01008061,380,111,30,81,269,226,43
S01008062,428,126,27,99,302,251,51
S01008063,448,129,33,96,319,254,65
S01008064,315,110,25,85,205,181,24
S01008065,484,142,42,100,342,250,92
S01008066,423,125,39,86,298,201,97
S01008067,307,82,23,59,225,164,61
S01008068,467,131,39,92,336,266,70
S01008069,485,131,30,101,354,322,32
S01008070,476,140,29,111,336,302,34
S01008071,380,92,25,67,288,242,46
S01008072,402,81,23,58,321,240,81
S01008073,235,60,20,40,175,119,56
S01008074,497,151,51,100,346,287,59
S01008075,230,71,24,47,159,118,41
S01008076,228,63,33,30,165,118,47
S01008077,348,107,25,82,241,173,68
S01008078,373,114,36,78,259,204,55
S01008079,390,123,40,83,267,208,59
S01008080,336,92,30,62,244,201,43
S01008081,276,78,29,49,198,167,31
S01008082,407,110,32,78,297,243,54
S01008083,341,117,33,84,224,180,44
S01008084,418,122,39,83,296,234,62
S01008085,533,154,52,102,379,281,98
S01008086,577,155,40,115,422,347,75
S01008087,372,98,24,74,274,230,44
S01008088,422,122,26,96,300,254,46
S01008089,310,82,21,61,228,194,34
S01008090,379,111,34,77,268,238,30
S01008091,191,52,12,40,139,118,21
S01008092,396,126,40,86,270,219,51
S01008093,360,102,32,70,258,228,30
S01008094,316,98,34,64,218,161,57
S01008095,352,102,29,73,250,218,32
S01008096,337,96,24,72,241,205,36
S01008097,273,89,30,59,184,153,31
S01008098,379,99,31,68,280,247,33
S01008099,269,78,19,59,191,172,19
S01008100,399,90,24,66,309,240,69
S01008101,425,97,21,76,328,281,47
S01008102,380,93,22,71,287,250,37
S01008103,292,79,14,65,213,185,28
S01008104,405,121,26,95,284,255,29
S01008105,464,127,20,107,337,301,36
S01008106,314,88,12,76,226,210,16
S01008107,487,126,37,89,361,283,78
S01008108,394,119,30,89,275,237,38
S01008109,485,135,37,98,350,318,32
S01008110,484,127,28,99,357,321,36
S01008111,434,123,39,84,311,262,49
S01008112,385,125,32,93,260,229,31
S01008113,447,142,45,97,305,257,48
S01008114,337,104,22,82,233,206,27
S01008115,516,150,31,119,366,328,38
S01008116,472,136,45,91,336,278,58
S01008117,373,120,43,77,253,213,40
S01008118,386,94,25,69,292,253,39
S01008119,278,72,18,54,206,184,22
S01008120,272,74,12,62,198,167,31
S01008121,305,90,29,61,215,178,37
S01008122,346,107,36,71,239,174,65
S01008123,437,129,46,83,308,240,68
S01008124,433,141,37,104,292,250,42
S01008125,455,159,48,111,296,247,49
S01008126,459,146,45,101,313,270,43
S01008127,251,73,17,56,178,146,32
S01008128,442,149,41,108,293,256,37
S01008129,433,101,20,81,332,297,35
S01008130,468,128,27,101,340,299,41
S01008131,350,85,17,68,265,229,36
S01008132,469,132,47,85,337,288,49
S01008133,248,69,19,50,179,138,41
S01008134,325,62,16,46,263,228,35
S01008135,597,147,28,119,450,397,53
S01008136,434,104,22,82,330,296,34
S01008137,323,122,29,93,201,181,20
S01008138,329,106,18,88,223,199,24
S01008139,363,110,26,84,253,231,22
S01008140,204,64,11,53,140,123,17
S01008141,425,113,29,84,312,270,42
S01008142,445,130,25,105,315,275,40
S01008143,390,107,22,85,283,259,24
S01008144,308,93,26,67,215,185,30
S01008145,383,104,37,67,279,239,40
S01008146,210,63,14,49,147,121,26
S01008147,405,106,23,83,299,267,32
S01008148,420,116,24,92,304,263,41
S01008149,335,87,19,68,248,217,31
S01008150,407,108,24,84,299,277,22
S01008151,317,83,18,65,234,210,24
S01008152,437,111,22,89,326,296,30
S01008153,463,131,30,101,332,283,49
S01008154,377,102,30,72,275,229,46
S01008155,349,90,16,74,259,221,38
S01008156,438,125,30,95,313,269,44
S01008157,383,120,29,91,263,222,41
S01008158,462,101,27,74,361,324,37
S01008159,384,107,23,84,277,249,28
S01008160,389,104,24,80,285,254,31
S01008161,603,132,33,99,471,387,84
S01008162,520,126,29,97,394,321,73
S01008163,332,96,21,75,236,203,33
S01008164,531,268,138,130,263,240,23
S01008165,441,117,24,93,324,266,58
S01008166,257,77,15,62,180,161,19
S01008167,310,103,14,89,207,192,15
S01008168,369,113,18,95,256,237,19
S01008169,376,111,19,92,265,239,26
S01008170,326,98,20,78,228,193,35
S01008171,350,92,20,72,258,230,28
S01008172,267,83,16,67,184,173,11
S01008173,357,116,28,88,241,217,24
S01008174,305,92,18,74,213,196,17
S01008175,410,110,28,82,300,276,24
S01008176,385,122,30,92,263,199,64
S01008177,340,118,23,95,222,199,23
S01008178,307,97,30,67,210,185,25
S01008179,294,89,21,68,205,177,28
S01008180,286,85,27,58,201,181,20
S01008181,337,114,30,84,223,180,43
S01008182,525,119,28,91,406,367,39
S01008183,341,106,33,73,235,214,21
S01008184,398,100,31,69,298,274,24
S01008185,506,129,28,101,377,339,38
S01008186,326,73,14,59,253,228,25
S01008187,297,98,24,74,199,173,26
S01008188,387,125,21,104,262,238,24
S01008189,274,89,25,64,185,154,31
S01008190,402,141,31,110,261,243,18
S01008191,222,82,16,66,140,119,21
S01008192,432,123,31,92,309,269,40
S01008193,389,124,35,89,265,226,39
S01008194,296,87,18,69,209,186,23
S01008195,385,133,26,107,252,219,33
S01008196,355,122,17,105,233,215,18
S01008197,596,101,21,80,495,441,54
S01008198,318,95,18,77,223,203,20
S01008199,331,95,10,85,236,214,22
S01008200,249,79,10,69,170,153,17
S01008201,329,94,14,80,235,224,11
S01008202,269,63,15,48,206,190,16
S01008203,240,65,19,46,175,151,24
S01008204,339,90,16,74,249,205,44
S01008205,334,113,14,99,221,207,14
S01008206,292,91,12,79,201,184,17
S01008207,277,85,8,77,192,174,18
S01008208,474,99,26,73,375,344,31
S01008209,328,85,20,65,243,210,33
S01008210,456,132,28,104,324,273,51
S01008211,435,125,33,92,310,268,42
S01008212,341,102,22,80,239,196,43
S01008213,531,150,37,113,381,323,58
S01008214,289,91,20,71,198,170,28
S01008215,378,104,20,84,274,251,23
S01008216,292,84,20,64,208,184,24
S01008217,321,100,26,74,221,188,33
S01008218,645,172,47,125,473,398,75
S01008219,522,150,37,113,372,325,47
S01008220,265,85,18,67,180,162,18
S01008221,285,84,13,71,201,177,24
S01008222,240,75,18,57,165,151,14
S01008223,249,70,13,57,179,153,26
S01008224,552,157,37,120,395,356,39
S01008225,379,117,26,91,262,240,22
S01008226,321,106,24,82,215,194,21
S01008227,375,103,19,84,272,246,26
S01008228,339,94,21,73,245,214,31
S01008229,324,96,15,81,228,215,13
S01008230,488,121,25,96,367,321,46
S01008231,444,117,28,89,327,274,53
S01008232,390,89,14,75,301,268,33
S01008233,272,55,15,40,217,188,29
S01008234,173,43,9,34,130,119,11
S01008235,401,118,19,99,283,247,36
S01008236,414,110,20,90,304,263,41
S01008237,426,134,32,102,292,259,33
S01008238,342,99,22,77,243,216,27
S01008239,411,118,27,91,293,251,42
S01008240,398,111,40,71,287,247,40
S01008241,301,89,28,61,212,165,47
S01008242,383,122,33,89,261,216,45
S01008243,460,137,47,90,323,250,73
S01008244,242,86,30,56,156,127,29
S01008245,507,162,36,126,345,276,69
S01008246,524,162,42,120,362,274,88
S01008247,434,126,38,88,308,230,78
S01008248,424,127,31,96,297,216,81
S01008249,445,123,32,91,322,240,82
S01008250,533,154,40,114,379,276,103
S01008251,381,137,39,98,244,191,53
S01008252,406,140,43,97,266,225,41
S01008253,352,94,15,79,258,229,29
S01008254,441,124,29,95,317,283,34
S01008255,359,105,25,80,254,216,38
S01008256,400,129,34,95,271,235,36
S01008257,256,76,22,54,180,159,21
S01008258,477,115,33,82,362,310,52
S01008259,392,110,30,80,282,230,52
S01008260,388,106,25,81,282,255,27
S01008261,437,147,33,114,290,255,35
S01008262,333,106,30,76,227,175,52
S01008263,286,76,27,49,210,157,53
S01008264,344,112,28,84,232,191,41
S01008265,278,78,25,53,200,145,55
S01008266,282,93,33,60,189,143,46
S01008267,406,122,34,88,284,215,69
S01008268,365,112,34,78,253,178,75
S01008269,283,95,29,66,188,149,39
S01008270,296,100,24,76,196,157,39
S01008271,318,84,23,61,234,189,45
S01008272,482,161,52,109,321,250,71
S01008273,367,134,40,94,233,174,59
S01008274,304,109,25,84,195,176,19
S01008275,258,89,19,70,169,115,54
S01008276,276,101,35,66,175,129,46
S01008277,264,94,22,72,170,121,49
S01008278,371,111,26,85,260,198,62
S01008279,335,97,28,69,238,199,39
S01008280,481,145,45,100,336,253,83
S01008281,394,97,22,75,297,227,70
S01008282,365,111,31,80,254,173,81
S01008283,278,87,32,55,191,145,46
S01008284,437,140,34,106,297,252,45
S01008285,316,118,22,96,198,168,30
S01008286,354,105,20,85,249,216,33
S01008287,376,125,26,99,251,207,44
S01008288,401,133,30,103,268,224,44
S01008289,342,92,23,69,250,215,35
S01008290,418,114,27,87,304,246,58
S01008291,315,74,15,59,241,204,37
S01008292,389,146,29,117,243,214,29
S01008293,297,88,23,65,209,164,45
S01008294,463,130,35,95,333,269,64
S01008295,553,164,42,122,389,329,60
S01008296,283,90,26,64,193,167,26
S01008297,393,117,31,86,276,244,32
S01008298,384,111,19,92,273,228,45
S01008299,278,86,16,70,192,172,20
S01008300,362,114,37,77,248,223,25
S01008301,463,126,30,96,337,288,49
S01008302,368,103,38,65,265,201,64
S01008303,275,65,14,51,210,183,27
S01008304,232,57,20,37,175,147,28
S01008305,429,128,42,86,301,267,34
S01008306,351,105,32,73,246,217,29
S01008307,313,90,20,70,223,193,30
S01008308,281,72,19,53,209,173,36
S01008309,273,74,20,54,199,180,19
S01008310,444,121,27,94,323,289,34
S01008311,187,45,12,33,142,128,14
S01008312,206,54,14,40,152,135,17
S01008313,338,97,13,84,241,214,27
S01008314,270,78,17,61,192,174,18
S01008315,317,69,11,58,248,223,25
S01008316,193,60,8,52,133,120,13
S01008317,354,85,11,74,269,224,45
S01008318,486,127,29,98,359,285,74
S01008319,311,87,17,70,224,203,21
S01008320,267,80,17,63,187,162,25
S01008321,303,80,24,56,223,198,25
S01008322,473,127,36,91,346,299,47
S01008323,304,106,20,86,198,163,35
S01008324,281,77,16,61,204,180,24
S01008325,308,97,13,84,211,196,15
S01008326,395,128,26,102,267,231,36
S01008327,375,100,20,80,275,261,14
S01008328,358,104,29,75,254,215,39
S01008329,460,138,38,100,322,278,44
S01008330,457,165,40,125,292,248,44
S01008331,342,105,21,84,237,200,37
S01008332,426,139,46,93,287,226,61
S01008333,390,127,34,93,263,208,55
S01008334,324,90,29,61,234,174,60
S01008335,306,110,29,81,196,165,31
S01008336,299,112,28,84,187,149,38
S01008337,465,128,26,102,337,290,47
S01008338,449,148,38,110,301,227,74
S01008339,377,130,32,98,247,202,45
S01008340,472,146,43,103,326,270,56
S01008341,369,119,35,84,250,183,67
S01008342,409,125,28,97,284,226,58
S01008343,397,138,62,76,259,198,61
S01008344,412,135,38,97,277,187,90
S01008345,390,122,48,74,268,172,96
S01008346,447,154,59,95,293,207,86
S01008347,398,121,36,85,277,222,55
S01008348,309,96,35,61,213,163,50
S01008349,393,129,41,88,264,173,91
S01008350,242,74,25,49,168,111,57
S01008351,424,130,47,83,294,230,64
S01008352,291,88,26,62,203,145,58
S01008353,224,69,28,41,155,114,41
S01008354,337,92,32,60,245,171,74
S01008355,277,79,24,55,198,159,39
S01008356,324,97,22,75,227,193,34
S01008357,344,97,29,68,247,191,56
S01008358,302,87,21,66,215,176,39
S01008359,308,85,25,60,223,184,39
S01008360,417,139,43,96,278,221,57
S01008361,273,74,24,50,199,161,38
S01008362,497,141,31,110,356,304,52
S01008363,370,109,32,77,261,218,43
S01008364,365,123,42,81,242,191,51
S01008365,292,106,38,68,186,147,39
S01008366,365,111,31,80,254,221,33
S01008367,339,109,31,78,230,186,44
S01008368,344,90,21,69,254,226,28
S01008369,250,71,16,55,179,158,21
S01008370,348,107,37,70,241,201,40
S01008371,388,135,38,97,253,210,43
S01008372,393,121,28,93,272,226,46
S01008373,417,142,43,99,275,227,48
S01008374,361,121,40,81,240,208,32
S01008375,401,140,38,102,261,210,51
S01008376,263,79,20,59,184,149,35
S01008377,381,105,26,79,276,219,57
S01008378,477,138,42,96,339,271,68
S01008379,221,74,22,52,147,116,31
S01008380,336,113,34,79,223,178,45
S01008381,358,111,35,76,247,211,36
S01008382,296,94,26,68,202,169,33
S01008383,249,74,21,53,175,150,25
S01008384,502,149,33,116,353,304,49
S01008385,317,88,29,59,229,174,55
S01008386,422,125,23,102,297,260,37
S01008387,328,94,19,75,234,207,27
S01008388,367,100,26,74,267,236,31
S01008389,210,61,18,43,149,114,35
S01008390,314,95,30,65,219,183,36
S01008391,310,95,32,63,215,171,44
S01008392,485,146,49,97,339,268,71
S01008393,343,115,41,74,228,182,46
S01008394,405,119,32,87,286,226,60
S01008395,295,95,22,73,200,182,18
S01008396,250,67,18,49,183,156,27
S01008397,469,140,35,105,329,278,51
S01008398,263,77,21,56,186,144,42
S01008399,221,60,17,43,161,138,23
S01008400,314,104,25,79,210,175,35
S01008401,445,134,32,102,311,258,53
S01008402,490,163,45,118,327,229,98
S01008403,279,91,31,60,188,148,40
S01008404,404,122,42,80,282,225,57
S01008405,385,128,34,94,257,185,72
S01008406,367,113,36,77,254,194,60
S01008407,214,58,14,44,156,134,22
S01008408,339,106,22,84,233,196,37
S01008409,376,111,29,82,265,232,33
S01008410,238,68,20,48,170,143,27
S01008411,315,100,25,75,215,186,29
S01008412,325,112,45,67,213,162,51
S01008413,265,87,19,68,178,148,30
S01008414,219,65,25,40,154,131,23
S01008415,434,141,38,103,293,255,38
S01008416,430,123,26,97,307,266,41
S01008417,353,129,43,86,224,180,44
S01008418,375,115,23,92,260,215,45
S01008419,242,83,30,53,159,120,39
S01008420,240,79,26,53,161,139,22
S01008421,431,122,32,90,309,266,43
S01008422,269,93,21,72,176,124,52
S01008423,482,141,40,101,341,237,104
S01008424,332,118,41,77,214,171,43
S01008425,677,322,161,161,355,300,55
S01008426,253,73,13,60,180,162,18
S01008427,647,198,54,144,449,384,65
S01008428,298,82,19,63,216,188,28
S01008429,390,122,29,93,268,227,41
S01008430,302,95,27,68,207,168,39
S01008431,387,134,41,93,253,233,20
S01008432,300,108,27,81,192,166,26
S01008433,450,139,34,105,311,275,36
S01008434,415,122,35,87,293,258,35
S01008435,368,106,32,74,262,222,40
S01008436,412,119,34,85,293,225,68
S01008437,349,85,22,63,264,214,50
S01008438,245,65,23,42,180,144,36
S01008439,528,156,43,113,372,276,96
S01008440,440,131,48,83,309,239,70
S01008441,224,78,32,46,146,121,25
S01008442,385,88,19,69,297,233,64
S01008443,253,70,19,51,183,123,60
S01008444,337,94,27,67,243,182,61
S01008445,310,90,22,68,220,157,63
S01008446,400,116,33,83,284,211,73
S01008447,341,89,22,67,252,196,56
S01008448,365,116,31,85,249,205,44
S01008449,310,100,23,77,210,194,16
S01008450,224,91,15,76,133,115,18
S01008451,232,100,17,83,132,120,12
S01008452,233,81,17,64,152,133,19
S01008453,271,69,15,54,202,188,14
S01008454,354,133,27,106,221,200,21
S01008455,361,105,27,78,256,231,25
S01008456,359,140,34,106,219,205,14
S01008457,244,66,16,50,178,166,12
S01008458,465,125,32,93,340,311,29
S01008459,299,97,21,76,202,184,18
S01008460,259,103,25,78,156,140,16
S01008461,360,110,23,87,250,227,23
S01008462,189,56,11,45,133,122,11
S01008463,278,94,17,77,184,171,13
S01008464,418,109,22,87,309,282,27
S01008465,388,104,17,87,284,266,18
S01008466,351,99,20,79,252,226,26
S01008467,373,119,21,98,254,232,22
S01008468,258,81,22,59,177,154,23
S01008469,291,90,25,65,201,181,20
S01008470,282,86,16,70,196,184,12
S01008471,348,125,18,107,223,202,21
S01008472,284,72,13,59,212,191,21
S01008473,306,100,18,82,206,185,21
S01008474,329,93,15,78,236,210,26
S01008475,256,84,18,66,172,153,19
S01008476,308,74,11,63,234,216,18
S01008477,361,86,15,71,275,261,14
S01008478,318,94,15,79,224,200,24
S01008479,319,82,13,69,237,221,16
S01008480,298,73,19,54,225,209,16
S01008481,476,157,29,128,319,278,41
S01008482,255,79,19,60,176,163,13
S01008483,282,72,14,58,210,193,17
S01008484,359,108,24,84,251,232,19
S01008485,499,145,33,112,354,309,45
S01008486,386,89,26,63,297,264,33
S01008487,507,85,22,63,422,372,50
S01008488,389,88,25,63,301,266,35
S01008489,302,93,21,72,209,192,17
S01008490,543,111,28,83,432,386,46
S01008491,494,123,40,83,371,333,38
S01008492,584,123,32,91,461,419,42
S01008493,385,107,27,80,278,260,18
S01008494,375,71,15,56,304,280,24
S01008495,580,102,36,66,478,438,40
S01008496,660,114,30,84,546,495,51
S01008497,567,124,36,88,443,415,28
S01008498,507,127,45,82,380,341,39
S01008499,620,136,50,86,484,439,45
S01008500,211,55,11,44,156,138,18
S01008501,408,87,34,53,321,291,30
S01008502,440,83,35,48,357,324,33
S01008503,583,130,46,84,453,405,48
S01008504,698,162,60,102,536,474,62
S01008505,444,114,34,80,330,274,56
S01008506,423,104,39,65,319,251,68
S01008507,533,131,44,87,402,338,64
S01008508,437,119,41,78,318,255,63
S01008509,512,110,28,82,402,310,92
S01008510,457,134,31,103,323,264,59
S01008511,408,127,29,98,281,218,63
S01008512,240,78,22,56,162,124,38
S01008513,291,103,25,78,188,139,49
S01008514,395,118,27,91,277,212,65
S01008515,400,123,30,93,277,217,60
S01008516,541,108,33,75,433,369,64
S01008517,479,107,33,74,372,299,73
S01008518,459,119,35,84,340,260,80
S01008519,383,114,34,80,269,191,78
S01008520,478,131,43,88,347,263,84
S01008521,416,112,25,87,304,218,86
S01008522,246,59,25,34,187,139,48
S01008523,478,117,37,80,361,249,112
S01008524,388,126,27,99,262,249,13
S01008525,282,97,20,77,185,168,17
S01008526,421,115,30,85,306,270,36
S01008527,391,110,29,81,281,255,26
S01008528,354,117,26,91,237,212,25
S01008529,371,112,28,84,259,240,19
S01008530,311,99,22,77,212,195,17
S01008531,333,126,27,99,207,180,27
S01008532,184,60,12,48,124,112,12
S01008533,254,53,11,42,201,159,42
S01008534,386,116,36,80,270,217,53
S01008535,370,120,41,79,250,220,30
S01008536,259,76,16,60,183,156,27
S01008537,320,103,34,69,217,186,31
S01008538,231,81,25,56,150,118,32
S01008539,437,122,32,90,315,252,63
S01008540,405,124,39,85,281,228,53
S01008541,435,131,33,98,304,264,40
S01008542,475,173,46,127,302,251,51
S01008543,405,128,28,100,277,240,37
S01008544,358,107,32,75,251,189,62
S01008545,410,110,34,76,300,221,79
S01008546,388,117,29,88,271,209,62
S01008547,586,152,34,118,434,373,61
S01008548,492,111,19,92,381,338,43
S01008549,508,133,31,102,375,323,52
S01008550,427,101,26,75,326,265,61
S01008551,538,138,33,105,400,341,59
S01008552,437,130,33,97,307,260,47
S01008553,252,73,16,57,179,153,26
S01008554,380,115,18,97,265,245,20
S01008555,397,134,28,106,263,240,23
S01008556,283,87,19,68,196,182,14
S01008557,308,101,27,74,207,195,12
S01008558,363,112,20,92,251,226,25
S01008559,289,87,9,78,202,186,16
S01008560,300,98,15,83,202,181,21
S01008561,291,87,20,67,204,188,16
S01008562,208,73,15,58,135,118,17
S01008563,360,92,19,73,268,236,32
S01008564,269,46,12,34,223,203,20
S01008565,363,122,22,100,241,223,18
S01008566,450,133,26,107,317,292,25
S01008567,322,87,17,70,235,214,21
S01008568,415,126,25,101,289,254,35
S01008569,237,85,17,68,152,144,8
S01008570,356,124,26,98,232,207,25
S01008571,284,104,15,89,180,155,25
S01008572,364,106,19,87,258,239,19
S01008573,435,117,29,88,318,279,39
S01008574,430,115,33,82,315,278,37
S01008575,392,95,19,76,297,244,53
S01008576,446,141,34,107,305,266,39
S01008577,374,111,31,80,263,227,36
S01008578,354,98,39,59,256,197,59
S01008579,291,93,22,71,198,158,40
S01008580,279,78,23,55,201,180,21
S01008581,389,109,19,90,280,253,27
S01008582,457,135,43,92,322,287,35
S01008583,307,76,17,59,231,210,21
S01008584,358,98,24,74,260,226,34
S01008585,264,75,13,62,189,166,23
S01008586,328,108,28,80,220,199,21
S01008587,369,122,45,77,247,181,66
S01008588,344,108,27,81,236,202,34
S01008589,171,54,17,37,117,99,18
S01008590,308,76,18,58,232,195,37
S01008591,392,126,33,93,266,213,53
S01008592,317,109,42,67,208,184,24
S01008593,361,101,36,65,260,174,86
S01008594,490,122,41,81,368,270,98
S01008595,336,95,23,72,241,208,33
S01008596,345,93,35,58,252,227,25
S01008597,427,126,28,98,301,259,42
S01008598,343,118,57,61,225,185,40
S01008599,453,121,51,70,332,241,91
S01008600,332,98,33,65,234,176,58
S01008601,500,295,215,80,205,173,32
S01008602,295,97,56,41,198,168,30
S01008603,524,168,83,85,356,308,48
S01008604,430,126,51,75,304,235,69
S01008605,372,90,38,52,282,231,51
S01008606,380,132,42,90,248,182,66
S01008607,263,86,23,63,177,125,52
S01008608,315,94,33,61,221,179,42
S01008609,385,96,22,74,289,214,75
S01008610,338,100,49,51,238,180,58
S01008611,581,218,132,86,363,293,70
S01008612,378,127,55,72,251,204,47
S01008613,361,129,46,83,232,169,63
S01008614,293,118,58,60,175,159,16
S01008615,368,139,72,67,229,180,49
S01008616,319,142,89,53,177,148,29
S01008617,306,145,71,74,161,128,33
S01008618,295,124,81,43,171,152,19
S01008619,258,97,48,49,161,136,25
S01008620,360,130,84,46,230,186,44
S01008621,327,148,77,71,179,145,34
S01008622,252,84,37,47,168,124,44
S01008623,382,147,75,72,235,192,43
S01008624,266,83,35,48,183,130,53
S01008625,262,76,21,55,186,115,71
S01008626,482,119,37,82,363,287,76
S01008627,334,95,30,65,239,168,71
S01008628,332,84,31,53,248,194,54
S01008629,294,88,23,65,206,159,47
S01008630,291,80,23,57,211,189,22
S01008631,512,116,30,86,396,308,88
S01008632,459,105,23,82,354,283,71
S01008633,366,106,39,67,260,192,68
S01008634,353,114,46,68,239,181,58
S01008635,451,119,60,59,332,255,77
S01008636,428,130,58,72,298,231,67
S01008637,341,70,27,43,271,209,62
S01008638,363,108,40,68,255,199,56
S01008639,556,143,43,100,413,336,77
S01008640,457,114,39,75,343,291,52
S01008641,447,138,54,84,309,245,64
S01008642,555,152,59,93,403,329,74
S01008643,438,103,38,65,335,252,83
S01008644,415,98,36,62,317,279,38
S01008645,460,136,52,84,324,278,46
S01008646,525,145,42,103,380,324,56
S01008647,422,83,32,51,339,304,35
S01008648,395,86,32,54,309,274,35
S01008649,581,84,29,55,497,451,46
S01008650,514,113,35,78,401,354,47
S01008651,508,165,64,101,343,300,43
S01008652,380,97,31,66,283,248,35
S01008653,386,95,45,50,291,268,23
S01008654,590,157,51,106,433,403,30
S01008655,514,106,48,58,408,344,64
S01008656,382,93,31,62,289,258,31
S01008657,414,128,44,84,286,267,19
S01008658,560,183,75,108,377,344,33
S01008659,458,164,77,87,294,261,33
S01008660,507,168,72,96,339,264,75
S01008661,460,164,66,98,296,253,43
S01008662,341,151,88,63,190,164,26
S01008663,420,127,55,72,293,245,48
S01008664,434,121,46,75,313,264,49
S01008665,615,191,78,113,424,358,66
S01008666,435,173,93,80,262,228,34
S01008667,359,133,71,62,226,199,27
S01008668,290,85,47,38,205,177,28
S01008669,177,94,60,34,83,72,11
S01008670,296,148,100,48,148,133,15
S01008671,287,135,81,54,152,126,26
S01008672,281,100,58,42,181,155,26
S01008673,421,145,76,69,276,211,65
S01008674,389,151,80,71,238,202,36
S01008675,377,84,26,58,293,247,46
S01008676,436,93,36,57,343,288,55
S01008677,438,123,40,83,315,246,69
S01008678,390,180,118,62,210,173,37
S01008679,401,167,72,95,234,197,37
S01008680,257,92,52,40,165,141,24
S01008681,331,108,61,47,223,195,28
S01008682,371,115,49,66,256,217,39
S01008683,408,165,58,107,243,216,27
S01008684,401,142,46,96,259,211,48
S01008685,439,156,74,82,283,241,42
S01008686,438,119,32,87,319,268,51
S01008687,447,89,37,52,358,318,40
S01008688,540,113,30,83,427,369,58
S01008689,564,120,30,90,444,399,45
S01008690,673,156,36,120,517,466,51
S01008691,737,149,42,107,588,523,65
S01008692,422,88,16,72,334,308,26
S01008693,239,76,18,58,163,133,30
S01008694,674,143,41,102,531,478,53
S01008695,406,105,28,77,301,272,29
S01008696,370,99,26,73,271,235,36
S01008697,535,146,37,109,389,323,66
S01008698,259,95,30,65,164,133,31
S01008699,396,108,21,87,288,262,26
S01008700,238,65,21,44,173,137,36
S01008701,157,56,10,46,101,95,6
S01008702,318,83,28,55,235,204,31
S01008703,359,128,24,104,231,213,18
S01008704,268,84,24,60,184,165,19
S01008705,198,64,21,43,134,115,19
S01008706,210,75,19,56,135,127,8
S01008707,270,108,15,93,162,141,21
S01008708,293,115,23,92,178,160,18
S01008709,284,103,18,85,181,166,15
S01008710,186,63,15,48,123,120,3
S01008711,277,94,24,70,183,162,21
S01008712,307,112,24,88,195,170,25
S01008713,248,81,9,72,167,152,15
S01008714,225,70,14,56,155,138,17
S01008715,313,105,19,86,208,185,23
S01008716,221,68,14,54,153,139,14
S01008717,228,59,11,48,169,155,14
S01008718,273,68,19,49,205,188,17
S01008719,507,143,30,113,364,324,40
S01008720,246,74,20,54,172,148,24
S01008721,494,131,32,99,363,324,39
S01008722,445,126,36,90,319,255,64
S01008723,373,104,33,71,269,217,52
S01008724,438,131,23,108,307,250,57
S01008725,390,104,35,69,286,232,54
S01008726,304,85,23,62,219,178,41
S01008727,513,145,29,116,368,313,55
S01008728,228,73,16,57,155,133,22
S01008729,359,119,29,90,240,193,47
S01008730,453,108,22,86,345,303,42
S01008731,179,58,14,44,121,107,14
S01008732,284,70,13,57,214,195,19
S01008733,510,111,19,92,399,354,45
S01008734,272,70,17,53,202,168,34
S01008735,446,142,38,104,304,239,65
S01008736,321,106,34,72,215,184,31
S01008737,374,132,42,90,242,205,37
S01008738,333,114,31,83,219,175,44
S01008739,289,95,23,72,194,174,20
S01008740,271,90,20,70,181,166,15
S01008741,445,133,32,101,312,273,39
S01008742,217,60,11,49,157,150,7
S01008743,430,118,24,94,312,280,32
S01008744,491,127,27,100,364,326,38
S01008745,243,55,8,47,188,172,16
S01008746,483,132,27,105,351,327,24
S01008747,235,68,15,53,167,145,22
S01008748,312,101,26,75,211,180,31
S01008749,466,142,38,104,324,266,58
S01008750,323,103,27,76,220,193,27
S01008751,264,76,23,53,188,172,16
S01008752,304,89,16,73,215,199,16
S01008753,230,65,8,57,165,148,17
S01008754,355,72,19,53,283,259,24
S01008755,506,127,22,105,379,352,27
S01008756,337,90,18,72,247,228,19
S01008757,207,58,10,48,149,134,15
S01008758,341,103,27,76,238,211,27
S01008759,218,67,11,56,151,143,8
S01008760,370,140,31,109,230,210,20
S01008761,418,105,24,81,313,280,33
S01008762,319,87,15,72,232,212,20
S01008763,582,141,27,114,441,399,42
S01008764,406,98,32,66,308,264,44
S01008765,497,118,24,94,379,321,58
S01008766,524,173,38,135,351,284,67
S01008767,284,82,16,66,202,178,24
S01008768,266,61,11,50,205,186,19
S01008769,520,61,17,44,459,384,75
S01008770,567,91,24,67,476,397,79
S01008771,446,85,12,73,361,261,100
S01008772,413,87,24,63,326,273,53
S01008773,609,125,27,98,484,428,56
S01008774,521,115,26,89,406,370,36
S01008775,280,71,23,48,209,175,34
S01008776,419,105,30,75,314,279,35
S01008777,491,128,29,99,363,323,40
S01008778,786,133,31,102,653,557,96
S01008779,550,90,28,62,460,368,92
S01008780,419,74,19,55,345,296,49
S01008781,616,117,22,95,499,436,63
S01008782,509,71,22,49,438,361,77
S01008783,308,49,10,39,259,223,36
S01008784,322,61,8,53,261,227,34
S01008785,395,110,23,87,285,249,36
S01008786,625,91,19,72,534,468,66
S01008787,122,57,16,41,65,55,10
S01008788,487,77,16,61,410,339,71
S01008789,283,61,17,44,222,205,17
S01008790,363,108,31,77,255,226,29
S01008791,567,117,30,87,450,401,49
S01008792,476,120,32,88,356,304,52
S01008793,193,54,14,40,139,119,20
S01008794,428,94,25,69,334,299,35
S01008795,741,167,49,118,574,516,58
S01008796,622,157,36,121,465,415,50
S01008797,617,148,35,113,469,408,61
S01008798,461,110,21,89,351,316,35
S01008799,406,102,22,80,304,261,43
S01008800,767,149,38,111,618,549,69
S01008801,653,122,36,86,531,477,54
S01008802,608,133,30,103,475,432,43
S01008803,574,145,38,107,429,386,43
S01008804,332,66,20,46,266,224,42
S01008805,402,112,48,64,290,264,26
S01008806,713,152,46,106,561,487,74
S01008807,526,106,22,84,420,371,49
S01008808,417,92,21,71,325,270,55
S01008809,373,92,35,57,281,201,80
S01008810,484,110,37,73,374,320,54
S01008811,562,136,54,82,426,344,82
S01008812,313,70,17,53,243,207,36
S01008813,512,155,39,116,357,311,46
S01008814,516,151,50,101,365,311,54
S01008815,568,118,36,82,450,396,54
S01008816,286,36,9,27,250,221,29
S01008817,459,103,18,85,356,312,44
S01008818,495,118,20,98,377,324,53
S01008819,448,92,22,70,356,302,54
S01008820,621,129,24,105,492,442,50
S01008821,390,104,30,74,286,237,49
S01008822,371,104,18,86,267,199,68
S01008823,333,88,26,62,245,182,63
S01008824,555,134,27,107,421,347,74
S01008825,355,82,27,55,273,221,52
S01008826,396,85,25,60,311,247,64
S01008827,321,93,23,70,228,163,65
S01008828,478,119,33,86,359,282,77
S01008829,319,98,30,68,221,183,38
S01008830,347,86,24,62,261,214,47
S01008831,345,110,38,72,235,184,51
S01008832,298,50,20,30,248,184,64
S01008833,512,117,40,77,395,309,86
S01008834,578,142,39,103,436,348,88
S01008835,411,116,32,84,295,256,39
S01008836,401,89,22,67,312,275,37
S01008837,723,123,33,90,600,509,91
S01008838,675,136,42,94,539,474,65
S01008839,655,140,38,102,515,439,76
S01008840,646,146,43,103,500,443,57
S01008841,377,68,18,50,309,265,44
S01008842,600,129,26,103,471,417,54
S01008843,631,136,34,102,495,424,71
S01008844,444,78,25,53,366,313,53
S01008845,501,125,56,69,376,303,73
S01008846,482,129,45,84,353,281,72
S01008847,337,60,17,43,277,214,63
S01008848,454,93,28,65,361,269,92
S01008849,442,89,37,52,353,248,105
S01008850,424,87,33,54,337,226,111
S01008851,586,112,26,86,474,375,99
S01008852,542,130,60,70,412,251,161
S01008853,450,96,30,66,354,287,67
S01008854,541,98,38,60,443,317,126
S01008855,712,93,22,71,619,471,148
S01008856,391,82,26,56,309,254,55
S01008857,524,120,30,90,404,336,68
S01008858,353,77,24,53,276,213,63
S01008859,710,102,29,73,608,472,136
S01008860,555,102,33,69,453,383,70
S01008861,415,101,31,70,314,197,117
S01008862,631,107,31,76,524,418,106
S01008863,471,80,21,59,391,314,77
S01008864,418,61,20,41,357,256,101
S01008865,501,112,33,79,389,338,51
S01008866,552,75,25,50,477,379,98
S01008867,486,91,33,58,395,285,110
S01008868,525,106,37,69,419,311,108
S01008869,618,120,35,85,498,358,140
S01008870,485,96,32,64,389,301,88
S01008871,644,159,64,95,485,350,135
S01008872,508,135,59,76,373,286,87
S01008873,404,88,28,60,316,231,85
S01008874,512,88,26,62,424,352,72
S01008875,499,95,27,68,404,343,61
S01008876,279,92,24,68,187,154,33
S01008877,293,68,17,51,225,185,40
S01008878,421,137,32,105,284,255,29
S01008879,428,112,22,90,316,283,33
S01008880,332,82,16,66,250,209,41
S01008881,244,66,17,49,178,141,37
S01008882,492,105,37,68,387,247,140
S01008883,377,108,49,59,269,162,107
S01008884,272,78,24,54,194,139,55
S01008885,403,117,26,91,286,216,70
S01008886,417,90,37,53,327,264,63
S01008887,377,112,24,88,265,213,52
S01008888,385,63,9,54,322,260,62
S01008889,310,73,18,55,237,190,47
S01008890,343,109,22,87,234,196,38
S01008891,363,117,37,80,246,195,51
S01008892,466,120,25,95,346,282,64
S01008893,436,124,33,91,312,235,77
S01008894,399,127,51,76,272,208,64
S01008895,314,90,24,66,224,172,52
S01008896,258,51,12,39,207,147,60
S01008897,303,81,21,60,222,174,48
S01008898,389,128,34,94,261,206,55
S01008899,334,112,29,83,222,201,21
S01008900,472,132,27,105,340,319,21
S01008901,371,109,19,90,262,238,24
S01008902,470,135,35,100,335,298,37
S01008903,433,133,31,102,300,277,23
S01008904,458,148,27,121,310,279,31
S01008905,420,149,46,103,271,250,21
S01008906,333,100,24,76,233,204,29
S01008907,188,79,20,59,109,97,12
S01008908,393,116,22,94,277,248,29
S01008909,404,130,17,113,274,248,26
S01008910,251,64,12,52,187,166,21
S01008911,584,96,23,73,488,415,73
S01008912,425,118,20,98,307,264,43
S01008913,377,89,15,74,288,254,34
S01008914,439,138,37,101,301,281,20
S01008915,281,98,15,83,183,152,31
S01008916,402,133,22,111,269,234,35
S01008917,277,107,22,85,170,152,18
S01008918,203,81,14,67,122,114,8
S01008919,191,83,10,73,108,100,8
S01008920,746,134,35,99,612,510,102
S01008921,265,73,17,56,192,174,18
S01008922,331,95,14,81,236,208,28
S01008923,339,106,23,83,233,220,13
S01008924,370,151,35,116,219,199,20
S01008925,355,102,19,83,253,230,23
S01008926,337,78,13,65,259,233,26
S01008927,495,103,25,78,392,356,36
S01008928,331,99,25,74,232,202,30
S01008929,233,86,18,68,147,134,13
S01008930,307,117,30,87,190,176,14
S01008931,306,108,20,88,198,181,17
S01008932,486,125,24,101,361,317,44
S01008933,284,109,24,85,175,157,18
S01008934,358,109,25,84,249,226,23
S01008935,410,132,32,100,278,237,41
S01008936,190,63,21,42,127,92,35
S01008937,391,106,16,90,285,247,38
S01008938,329,106,23,83,223,189,34
S01008939,359,115,36,79,244,203,41
S01008940,263,80,32,48,183,124,59
S01008941,371,110,26,84,261,182,79
S01008942,365,104,25,79,261,220,41
S01008943,336,115,31,84,221,145,76
S01008944,407,115,26,89,292,206,86
S01008945,393,128,31,97,265,201,64
S01008946,378,105,33,72,273,191,82
S01008947,451,135,46,89,316,252,64
S01008948,369,103,36,67,266,220,46
S01008949,436,135,27,108,301,268,33
S01008950,433,145,34,111,288,257,31
S01008951,393,112,19,93,281,254,27
S01008952,382,118,20,98,264,245,19
S01008953,400,128,33,95,272,247,25
S01008954,353,115,24,91,238,215,23
S01008955,349,104,31,73,245,200,45
S01008956,513,124,26,98,389,355,34
S01008957,473,136,27,109,337,294,43
S01008958,334,81,20,61,253,226,27
S01008959,454,121,28,93,333,300,33
S01008960,530,124,33,91,406,313,93
S01008961,379,98,28,70,281,247,34
S01008962,336,91,16,75,245,213,32
S01008963,383,110,23,87,273,229,44
S01008964,245,89,34,55,156,130,26
S01008965,323,102,34,68,221,182,39
S01008966,291,85,20,65,206,184,22
S01008967,475,137,26,111,338,285,53
S01008968,498,167,44,123,331,290,41
S01008969,533,156,38,118,377,325,52
S01008970,548,148,47,101,400,340,60
S01008971,368,93,26,67,275,229,46
S01008972,367,98,25,73,269,204,65
S01008973,397,69,22,47,328,280,48
S01008974,359,95,26,69,264,233,31
S01008975,275,60,18,42,215,193,22
S01008976,246,66,19,47,180,149,31
S01008977,310,89,27,62,221,186,35
S01008978,312,97,27,70,215,201,14
S01008979,413,107,26,81,306,275,31
S01008980,434,116,24,92,318,284,34
S01008981,324,102,18,84,222,188,34
S01008982,422,122,32,90,300,277,23
S01008983,413,84,17,67,329,305,24
S01008984,255,79,12,67,176,160,16
S01008985,394,101,27,74,293,264,29
S01008986,392,142,27,115,250,220,30
S01008987,420,125,28,97,295,275,20
S01008988,477,120,23,97,357,314,43
S01008989,432,84,16,68,348,313,35
S01008990,513,94,13,81,419,391,28
S01008991,590,150,33,117,440,377,63
S01008992,284,74,12,62,210,192,18
S01008993,571,151,35,116,420,344,76
S01008994,377,115,20,95,262,235,27
S01008995,477,112,28,84,365,307,58
S01008996,280,81,29,52,199,179,20
S01008997,545,138,30,108,407,339,68
S01008998,265,78,19,59,187,168,19
S01008999,361,94,28,66,267,236,31
S01009000,466,112,24,88,354,293,61
S01009001,410,140,36,104,270,221,49
S01009002,423,111,26,85,312,242,70
S01009003,514,122,32,90,392,308,84
S01009004,375,90,21,69,285,243,42
S01009005,383,96,26,70,287,265,22
S01009006,332,98,20,78,234,204,30
S01009007,323,84,21,63,239,214,25
S01009008,444,113,29,84,331,266,65
S01009009,202,55,12,43,147,135,12
S01009010,614,186,50,136,428,365,63
S01009011,547,157,38,119,390,339,51
S01009012,442,129,29,100,313,279,34
S01009013,512,147,39,108,365,300,65
S01009014,305,100,17,83,205,142,63
S01009015,280,91,18,73,189,130,59
S01009016,230,61,13,48,169,129,40
S01009017,278,67,17,50,211,169,42
S01009018,389,107,24,83,282,234,48
S01009019,278,69,7,62,209,176,33
S01009020,450,126,31,95,324,273,51
S01009021,377,113,23,90,264,212,52
S01009022,444,120,25,95,324,254,70
S01009023,423,134,32,102,289,212,77
S01009024,436,119,30,89,317,240,77
S01009025,439,134,34,100,305,232,73
S01009026,425,121,20,101,304,256,48
S01009027,336,110,30,80,226,166,60
S01009028,235,63,10,53,172,127,45
S01009029,286,72,19,53,214,177,37
S01009030,356,106,19,87,250,198,52
S01009031,365,81,26,55,284,212,72
S01009032,283,78,19,59,205,163,42
S01009033,350,113,30,83,237,170,67
S01009034,312,93,18,75,219,183,36
S01009035,459,126,23,103,333,258,75
S01009036,523,148,30,118,375,294,81
S01009037,464,129,21,108,335,277,58
S01009038,548,172,43,129,376,299,77
S01009039,329,101,13,88,228,191,37
S01009040,322,94,20,74,228,196,32
S01009041,439,100,24,76,339,257,82
S01009042,425,124,26,98,301,253,48
S01009043,326,104,19,85,222,191,31
S01009044,364,100,12,88,264,219,45
S01009045,320,91,19,72,229,183,46
S01009046,439,121,26,95,318,258,60
S01009047,413,113,32,81,300,250,50
S01009048,419,117,19,98,302,246,56
S01009049,296,83,15,68,213,182,31
S01009050,397,104,21,83,293,244,49
S01009051,368,90,15,75,278,241,37
S01009052,320,84,22,62,236,203,33
S01009053,190,60,10,50,130,118,12
S01009054,270,71,9,62,199,177,22
S01009055,453,95,17,78,358,290,68
S01009056,219,61,14,47,158,134,24
S01009057,236,64,13,51,172,153,19
S01009058,357,83,13,70,274,245,29
S01009059,474,113,28,85,361,290,71
S01009060,329,69,20,49,260,217,43
S01009061,433,140,27,113,293,266,27
S01009062,271,89,16,73,182,169,13
S01009063,390,108,19,89,282,231,51
S01009064,272,66,15,51,206,185,21
S01009065,268,81,12,69,187,167,20
S01009066,323,93,19,74,230,206,24
S01009067,502,121,24,97,381,322,59
S01009068,463,114,22,92,349,310,39
S01009069,380,81,17,64,299,252,47
S01009070,354,90,20,70,264,227,37
S01009071,254,67,10,57,187,159,28
S01009072,263,68,16,52,195,156,39
S01009073,258,84,16,68,174,153,21
S01009074,329,104,20,84,225,198,27
S01009075,243,70,13,57,173,146,27
S01009076,550,130,17,113,420,367,53
S01009077,317,84,24,60,233,199,34
S01009078,460,95,29,66,365,308,57
S01009079,377,103,28,75,274,238,36
S01009080,416,125,28,97,291,255,36
S01009081,332,65,14,51,267,230,37
S01009082,464,126,23,103,338,299,39
S01009083,371,93,23,70,278,243,35
S01009084,255,54,8,46,201,157,44
S01009085,497,106,23,83,391,319,72
S01009086,349,106,18,88,243,217,26
S01009087,272,75,18,57,197,172,25
S01009088,517,134,33,101,383,313,70
S01009089,529,144,28,116,385,318,67
S01009090,532,95,21,74,437,348,89
S01009091,388,110,28,82,278,229,49
S01009092,500,135,33,102,365,314,51
S01009093,375,123,25,98,252,223,29
S01009094,295,77,22,55,218,184,34
S01009095,395,110,34,76,285,235,50
S01009096,527,123,23,100,404,332,72
S01009097,496,122,34,88,374,329,45
S01009098,245,77,27,50,168,136,32
S01009099,361,94,16,78,267,234,33
S01009100,316,89,17,72,227,200,27
S01009101,451,145,31,114,306,273,33
S01009102,341,114,24,90,227,203,24
S01009103,273,72,23,49,201,179,22
S01009104,380,117,27,90,263,231,32
S01009105,419,96,17,79,323,282,41
S01009106,276,60,14,46,216,188,28
S01009107,461,125,24,101,336,301,35
S01009108,386,108,27,81,278,245,33
S01009109,378,110,31,79,268,235,33
S01009110,289,74,16,58,215,190,25
S01009111,511,130,30,100,381,332,49
S01009112,273,76,18,58,197,164,33
S01009113,465,107,24,83,358,304,54
S01009114,448,110,19,91,338,295,43
S01009115,340,94,23,71,246,212,34
S01009116,265,73,18,55,192,164,28
S01009117,450,114,14,100,336,300,36
S01009118,376,108,27,81,268,224,44
S01009119,335,96,13,83,239,203,36
S01009120,260,71,15,56,189,166,23
S01009121,420,105,20,85,315,284,31
S01009122,460,126,23,103,334,255,79
S01009123,304,80,17,63,224,184,40
S01009124,295,83,13,70,212,186,26
S01009125,296,75,7,68,221,195,26
S01009126,228,77,15,62,151,140,11
S01009127,248,76,17,59,172,147,25
S01009128,312,82,14,68,230,205,25
S01009129,211,70,15,55,141,131,10
S01009130,317,83,22,61,234,197,37
S01009131,235,58,15,43,177,157,20
S01009132,467,121,24,97,346,298,48
S01009133,275,68,10,58,207,187,20
S01009134,474,119,19,100,355,309,46
S01009135,346,76,15,61,270,240,30
S01009136,388,88,13,75,300,252,48
S01009137,386,95,21,74,291,221,70
S01009138,487,103,15,88,384,326,58
S01009139,214,55,13,42,159,142,17
S01009140,363,87,22,65,276,241,35
S01009141,383,87,20,67,296,258,38
S01009142,296,56,11,45,240,210,30
S01009143,244,81,21,60,163,152,11
S01009144,451,73,15,58,378,326,52
S01009145,458,124,18,106,334,299,35
S01009146,447,122,18,104,325,283,42
S01009147,331,100,23,77,231,206,25
S01009148,313,103,33,70,210,195,15
S01009149,414,110,33,77,304,270,34
S01009150,93,30,7,23,63,56,7
S01009151,341,80,17,63,261,223,38
S01009152,291,45,12,33,246,206,40
S01009153,277,58,14,44,219,193,26
S01009154,460,113,30,83,347,268,79
S01009155,259,66,21,45,193,153,40
S01009156,259,75,20,55,184,156,28
S01009157,401,116,22,94,285,254,31
S01009158,265,70,10,60,195,179,16
S01009159,194,63,7,56,131,113,18
S01009160,303,82,14,68,221,199,22
S01009161,248,84,20,64,164,143,21
S01009162,335,72,10,62,263,231,32
S01009163,226,59,12,47,167,149,18
S01009164,345,88,22,66,257,224,33
S01009165,299,83,17,66,216,201,15
S01009166,341,116,27,89,225,204,21
S01009167,239,71,10,61,168,158,10
S01009168,319,94,26,68,225,194,31
S01009169,256,81,14,67,175,155,20
S01009170,323,101,22,79,222,185,37
S01009171,334,90,22,68,244,215,29
S01009172,348,81,29,52,267,218,49
S01009173,429,108,29,79,321,284,37
S01009174,291,67,16,51,224,182,42
S01009175,514,127,33,94,387,305,82
S01009176,474,128,28,100,346,277,69
S01009177,387,107,17,90,280,258,22
S01009178,330,105,21,84,225,204,21
S01009179,324,91,16,75,233,208,25
S01009180,467,162,35,127,305,263,42
S01009181,408,131,26,105,277,240,37
S01009182,536,106,27,79,430,364,66
S01009183,459,111,27,84,348,299,49
S01009184,356,102,25,77,254,203,51
S01009185,399,113,23,90,286,229,57
S01009186,388,86,18,68,302,255,47
S01009187,251,57,13,44,194,149,45
S01009188,434,118,27,91,316,249,67
S01009189,329,88,13,75,241,210,31
S01009190,478,127,23,104,351,300,51
S01009191,415,103,23,80,312,252,60
S01009192,356,111,28,83,245,213,32
S01009193,199,40,9,31,159,128,31
S01009194,422,113,37,76,309,255,54
S01009195,498,109,28,81,389,338,51
S01009196,330,91,19,72,239,215,24
S01009197,546,140,32,108,406,343,63
S01009198,388,112,35,77,276,229,47
S01009199,328,80,25,55,248,217,31
S01009200,549,149,35,114,400,338,62
S01009201,323,97,10,87,226,201,25
S01009202,282,58,18,40,224,192,32
S01009203,223,69,15,54,154,129,25
S01009204,435,123,26,97,312,273,39
S01009205,453,115,32,83,338,296,42
S01009206,492,111,27,84,381,347,34
S01009207,390,97,25,72,293,261,32
S01009208,279,76,24,52,203,179,24
S01009209,287,72,13,59,215,176,39
S01009210,299,94,21,73,205,164,41
S01009211,312,67,13,54,245,221,24
S01009212,359,104,21,83,255,224,31
S01009213,411,125,34,91,286,262,24
S01009214,519,140,32,108,379,339,40
S01009215,430,128,20,108,302,254,48
S01009216,448,122,27,95,326,294,32
S01009217,252,68,15,53,184,160,24
S01009218,375,112,31,81,263,235,28
S01009219,288,88,20,68,200,180,20
S01009220,221,70,16,54,151,133,18
S01009221,257,65,14,51,192,167,25
S01009222,235,88,12,76,147,130,17
S01009223,261,73,13,60,188,164,24
S01009224,284,89,14,75,195,169,26
S01009225,259,75,13,62,184,157,27
S01009226,401,100,21,79,301,272,29
S01009227,260,62,12,50,198,172,26
S01009228,236,64,18,46,172,147,25
S01009229,275,66,16,50,209,178,31
S01009230,347,56,10,46,291,248,43
S01009231,493,127,33,94,366,325,41
S01009232,221,59,12,47,162,140,22
S01009233,231,62,14,48,169,153,16
S01009234,394,126,21,105,268,240,28
S01009235,423,94,13,81,329,290,39
S01009236,215,66,19,47,149,131,18
S01009237,438,105,32,73,333,287,46
S01009238,308,100,24,76,208,180,28
S01009239,441,122,28,94,319,282,37
S01009240,254,87,24,63,167,151,16
S01009241,356,114,33,81,242,215,27
S01009242,369,120,31,89,249,218,31
S01009243,502,127,27,100,375,338,37
S01009244,421,100,19,81,321,270,51
S01009245,434,114,29,85,320,279,41
S01009246,384,96,14,82,288,258,30
S01009247,519,154,27,127,365,325,40
S01009248,335,112,30,82,223,195,28
S01009249,379,105,28,77,274,247,27
S01009250,305,84,13,71,221,196,25
S01009251,263,70,15,55,193,175,18
S01009252,283,86,18,68,197,170,27
S01009253,169,60,13,47,109,97,12
S01009254,315,88,19,69,227,197,30
S01009255,360,67,12,55,293,257,36
S01009256,219,40,11,29,179,149,30
S01009257,340,76,22,54,264,222,42
S01009258,322,75,17,58,247,194,53
S01009259,501,146,36,110,355,309,46
S01009260,645,158,27,131,487,442,45
S01009261,315,81,19,62,234,199,35
S01009262,230,77,5,72,153,136,17
S01009263,512,110,24,86,402,338,64
S01009264,262,71,19,52,191,147,44
S01009265,377,112,19,93,265,228,37
S01009266,363,107,17,90,256,218,38
S01009267,389,100,21,79,289,249,40
S01009268,462,117,19,98,345,285,60
S01009269,353,115,16,99,238,210,28
S01009270,239,68,14,54,171,155,16
S01009271,493,109,35,74,384,324,60
S01009272,317,116,22,94,201,181,20
S01009273,229,67,21,46,162,119,43
S01009274,277,68,14,54,209,178,31
S01009275,305,67,11,56,238,180,58
S01009276,415,122,29,93,293,238,55
S01009277,288,83,19,64,205,154,51
S01009278,300,76,13,63,224,190,34
S01009279,290,86,26,60,204,159,45
S01009280,290,87,16,71,203,181,22
S01009281,288,91,9,82,197,167,30
S01009282,353,91,33,58,262,206,56
S01009283,262,66,16,50,196,165,31
S01009284,457,126,30,96,331,275,56
S01009285,479,170,43,127,309,267,42
S01009286,388,101,27,74,287,246,41
S01009287,326,101,31,70,225,171,54
S01009288,355,109,33,76,246,185,61
S01009289,429,97,15,82,332,274,58
S01009290,283,91,23,68,192,166,26
S01009291,523,157,32,125,366,309,57
S01009292,237,75,15,60,162,140,22
S01009293,389,118,25,93,271,220,51
S01009294,258,69,22,47,189,148,41
S01009295,358,92,21,71,266,235,31
S01009296,303,82,24,58,221,185,36
S01009297,486,130,31,99,356,296,60
S01009298,442,126,36,90,316,276,40
S01009299,510,127,23,104,383,315,68
S01009300,281,53,8,45,228,210,18
S01009301,426,94,21,73,332,293,39
S01009302,370,114,23,91,256,233,23
S01009303,359,100,25,75,259,226,33
S01009304,471,135,22,113,336,290,46
S01009305,368,95,18,77,273,231,42
S01009306,570,141,27,114,429,374,55
S01009307,549,119,25,94,430,374,56
S01009308,283,60,18,42,223,195,28
S01009309,438,83,15,68,355,300,55
S01009310,466,118,25,93,348,289,59
S01009311,294,95,18,77,199,175,24
S01009312,397,76,11,65,321,283,38
S01009313,247,75,20,55,172,149,23
S01009314,333,92,23,69,241,202,39
S01009315,285,82,22,60,203,175,28
S01009316,405,108,28,80,297,257,40
S01009317,441,116,30,86,325,282,43
S01009318,341,99,27,72,242,205,37
S01009319,387,109,26,83,278,229,49
S01009320,318,87,16,71,231,204,27
S01009321,316,90,30,60,226,195,31
S01009322,384,90,28,62,294,259,35
S01009323,296,74,11,63,222,189,33
S01009324,272,75,12,63,197,183,14
S01009325,412,115,25,90,297,260,37
S01009326,306,95,24,71,211,187,24
S01009327,240,69,12,57,171,137,34
S01009328,421,80,22,58,341,294,47
S01009329,284,55,9,46,229,203,26
S01009330,252,67,18,49,185,166,19
S01009331,324,67,25,42,257,218,39
S01009332,451,122,31,91,329,261,68
S01009333,363,106,22,84,257,232,25
S01009334,238,76,13,63,162,142,20
S01009335,347,109,21,88,238,212,26
S01009336,235,76,19,57,159,137,22
S01009337,292,109,20,89,183,162,21
S01009338,271,81,24,57,190,175,15
S01009339,318,99,14,85,219,187,32
S01009340,266,97,24,73,169,158,11
S01009341,258,79,13,66,179,158,21
S01009342,349,108,18,90,241,218,23
S01009343,298,91,19,72,207,185,22
S01009344,276,81,17,64,195,181,14
S01009345,475,156,38,118,319,296,23
S01009346,402,99,13,86,303,249,54
S01009347,370,96,24,72,274,200,74
S01009348,293,79,14,65,214,183,31
S01009349,461,109,27,82,352,298,54
S01009350,349,89,19,70,260,225,35
S01009351,333,70,11,59,263,221,42
S01009352,475,100,20,80,375,312,63
S01009353,235,42,11,31,193,167,26
S01009354,514,124,22,102,390,330,60
S01009355,464,146,39,107,318,276,42
S01009356,508,135,32,103,373,335,38
S01009357,285,71,17,54,214,183,31
S01009358,378,107,29,78,271,214,57
S01009359,437,103,23,80,334,285,49
S01009360,439,119,41,78,320,268,52
S01009361,393,109,36,73,284,259,25
S01009362,543,161,34,127,382,342,40
S01009363,399,116,20,96,283,246,37
S01009364,486,131,33,98,355,310,45
S01009365,284,71,16,55,213,195,18
S01009366,335,81,15,66,254,202,52
S01009367,305,82,21,61,223,206,17
S01009368,278,86,16,70,192,179,13
S01009369,298,92,20,72,206,185,21
S01009370,415,118,23,95,297,263,34
S01009371,262,77,9,68,185,165,20
S01009372,266,80,15,65,186,171,15
S01009373,359,91,16,75,268,242,26
S01009374,393,115,19,96,278,244,34
S01009375,356,107,13,94,249,210,39
S01009376,262,76,16,60,186,166,20
S01009377,824,119,15,104,705,628,77
S01009378,502,141,26,115,361,322,39
S01009379,509,113,28,85,396,339,57
S01009380,315,75,11,64,240,207,33
S01009381,381,100,23,77,281,238,43
S01009382,367,103,19,84,264,230,34
S01009383,413,100,17,83,313,281,32
S01009384,287,79,20,59,208,162,46
S01009385,257,65,10,55,192,156,36
S01009386,298,90,19,71,208,183,25
S01009387,252,69,11,58,183,159,24
S01009388,349,105,24,81,244,217,27
S01009389,448,121,29,92,327,268,59
S01009390,428,108,29,79,320,261,59
S01009391,410,101,25,76,309,258,51
S01009392,302,89,22,67,213,176,37
S01009393,377,98,24,74,279,243,36
S01009394,472,104,21,83,368,315,53
S01009395,290,72,15,57,218,165,53
S01009396,328,90,23,67,238,192,46
S01009397,354,101,27,74,253,201,52
S01009398,371,99,14,85,272,250,22
S01009399,375,111,23,88,264,234,30
S01009400,253,77,17,60,176,162,14
S01009401,283,79,22,57,204,169,35
S01009402,418,134,34,100,284,244,40
S01009403,291,92,24,68,199,172,27
S01009404,233,57,9,48,176,159,17
S01009405,207,62,19,43,145,114,31
S01009406,449,99,22,77,350,312,38
S01009407,241,58,11,47,183,160,23
S01009408,424,93,15,78,331,279,52
S01009409,289,96,15,81,193,175,18
S01009410,408,140,23,117,268,243,25
S01009411,380,111,26,85,269,238,31
S01009412,396,122,25,97,274,244,30
S01009413,488,138,26,112,350,304,46
S01009414,299,91,14,77,208,183,25
S01009415,335,82,26,56,253,218,35
S01009416,297,87,11,76,210,177,33
S01009417,178,38,5,33,140,108,32
S01009418,508,131,22,109,377,344,33
S01009419,241,69,9,60,172,146,26
S01009420,230,77,12,65,153,141,12
S01009421,277,93,18,75,184,168,16
S01009422,366,112,21,91,254,224,30
S01009423,544,128,17,111,416,353,63
S01009424,279,65,15,50,214,178,36
S01009425,330,68,13,55,262,224,38
S01009426,310,90,15,75,220,190,30
S01009427,229,74,17,57,155,133,22
S01009428,229,68,10,58,161,138,23
S01009429,272,73,13,60,199,184,15
S01009430,296,102,18,84,194,169,25
S01009431,278,72,11,61,206,176,30
S01009432,306,107,17,90,199,178,21
S01009433,293,94,13,81,199,179,20
S01009434,208,68,7,61,140,128,12
S01009435,261,84,11,73,177,158,19
S01009436,303,77,13,64,226,208,18
S01009437,307,72,15,57,235,202,33
S01009438,339,91,14,77,248,225,23
S01009439,357,99,16,83,258,241,17
S01009440,255,84,12,72,171,148,23
S01009441,343,116,26,90,227,188,39
S01009442,290,64,15,49,226,186,40
S01009443,332,95,26,69,237,189,48
S01009444,455,133,29,104,322,285,37
S01009445,354,102,13,89,252,231,21
S01009446,322,95,14,81,227,203,24
S01009447,227,64,19,45,163,142,21
S01009448,424,116,19,97,308,266,42
S01009449,216,63,9,54,153,138,15
S01009450,235,71,8,63,164,144,20
S01009451,383,112,22,90,271,240,31
S01009452,204,50,10,40,154,138,16
S01009453,437,118,21,97,319,285,34
S01009454,420,124,35,89,296,244,52
S01009455,404,111,25,86,293,209,84
S01009456,305,63,10,53,242,202,40
S01009457,305,91,16,75,214,161,53
S01009458,294,74,15,59,220,187,33
S01009459,372,99,26,73,273,219,54
S01009460,323,106,15,91,217,197,20
S01009461,304,70,19,51,234,200,34
S01009462,304,92,24,68,212,177,35
S01009463,286,79,18,61,207,168,39
S01009464,430,124,31,93,306,257,49
S01009465,269,87,21,66,182,148,34
S01009466,272,69,24,45,203,170,33
S01009467,355,110,25,85,245,218,27
S01009468,330,107,21,86,223,192,31
S01009469,366,104,26,78,262,220,42
S01009470,214,68,13,55,146,123,23
S01009471,219,51,8,43,168,145,23
S01009472,360,102,33,69,258,226,32
S01009473,382,116,23,93,266,242,24
S01009474,381,111,27,84,270,230,40
S01009475,306,69,17,52,237,200,37
S01009476,269,79,23,56,190,139,51
S01009477,341,83,24,59,258,202,56
S01009478,464,112,22,90,352,296,56
S01009479,378,95,34,61,283,233,50
S01009480,399,92,25,67,307,257,50
S01009481,505,96,18,78,409,359,50
S01009482,332,78,13,65,254,226,28
S01009483,426,89,21,68,337,294,43
S01009484,312,78,17,61,234,210,24
S01009485,316,105,32,73,211,186,25
S01009486,279,69,22,47,210,184,26
S01009487,347,103,19,84,244,227,17
S01009488,317,110,33,77,207,191,16
S01009489,317,90,16,74,227,198,29
S01009490,323,113,14,99,210,192,18
S01009491,241,73,13,60,168,146,22
S01009492,338,99,20,79,239,213,26
S01009493,355,104,39,65,251,187,64
S01009494,527,115,27,88,412,347,65
S01009495,498,124,40,84,374,318,56
S01009496,373,114,26,88,259,238,21
S01009497,472,131,21,110,341,305,36
S01009498,309,87,18,69,222,194,28
S01009499,347,119,19,100,228,200,28
S01009500,314,104,20,84,210,186,24
S01009501,261,78,18,60,183,166,17
S01009502,382,131,28,103,251,220,31
S01009503,365,126,33,93,239,215,24
S01009504,275,97,21,76,178,153,25
S01009505,276,101,18,83,175,163,12
S01009506,294,104,11,93,190,173,17
S01009507,416,104,25,79,312,276,36
S01009508,329,136,27,109,193,182,11
S01009509,425,127,30,97,298,275,23
S01009510,333,83,16,67,250,219,31
S01009511,285,74,25,49,211,179,32
S01009512,398,117,21,96,281,253,28
S01009513,282,90,26,64,192,173,19
S01009514,404,109,26,83,295,260,35
S01009515,298,97,16,81,201,190,11
S01009516,356,113,23,90,243,207,36
S01009517,564,130,20,110,434,377,57
S01009518,568,127,19,108,441,372,69
S01009519,262,71,15,56,191,171,20
S01009520,431,123,31,92,308,266,42
S01009521,281,104,20,84,177,164,13
S01009522,416,142,23,119,274,244,30
S01009523,214,61,10,51,153,142,11
S01009524,266,62,12,50,204,178,26
S01009525,224,65,15,50,159,133,26
S01009526,402,75,18,57,327,265,62
S01009527,314,72,16,56,242,215,27
S01009528,185,44,8,36,141,123,18
S01009529,265,71,19,52,194,167,27
S01009530,298,93,20,73,205,175,30
S01009531,311,93,17,76,218,199,19
S01009532,274,75,15,60,199,185,14
S01009533,354,105,20,85,249,220,29
S01009534,286,94,12,82,192,165,27
S01009535,236,87,22,65,149,132,17
S01009536,223,75,19,56,148,131,17
S01009537,216,52,10,42,164,145,19
S01009538,327,85,12,73,242,207,35
S01009539,414,123,27,96,291,248,43
S01009540,374,106,19,87,268,236,32
S01009541,386,90,20,70,296,252,44
S01009542,298,99,13,86,199,172,27
S01009543,236,71,11,60,165,136,29
S01009544,412,110,24,86,302,262,40
S01009545,353,87,19,68,266,221,45
S01009546,512,124,24,100,388,337,51
S01009547,352,103,15,88,249,213,36
S01009548,317,86,19,67,231,202,29
S01009549,392,113,30,83,279,242,37
S01009550,254,77,15,62,177,158,19
S01009551,239,62,9,53,177,156,21
S01009552,432,130,35,95,302,249,53
S01009553,346,106,19,87,240,212,28
S01009554,294,91,14,77,203,162,41
S01009555,369,105,22,83,264,224,40
S01009556,361,97,16,81,264,242,22
S01009557,262,74,14,60,188,168,20
S01009558,252,73,15,58,179,161,18
S01009559,360,100,20,80,260,235,25
S01009560,294,83,22,61,211,190,21
S01009561,211,67,16,51,144,133,11
S01009562,332,88,14,74,244,221,23
S01009563,315,87,16,71,228,208,20
S01009564,278,73,17,56,205,186,19
S01009565,225,72,22,50,153,139,14
S01009566,529,127,31,96,402,362,40
S01009567,399,99,15,84,300,256,44
S01009568,305,86,14,72,219,194,25
S01009569,361,112,20,92,249,224,25
S01009570,237,61,14,47,176,160,16
S01009571,264,81,14,67,183,168,15
S01009572,413,114,20,94,299,261,38
S01009573,274,83,15,68,191,179,12
S01009574,441,132,40,92,309,266,43
S01009575,239,54,11,43,185,178,7
S01009576,288,63,12,51,225,195,30
S01009577,361,100,26,74,261,210,51
S01009578,374,93,14,79,281,256,25
S01009579,515,133,28,105,382,327,55
S01009580,551,155,27,128,396,339,57
S01009581,254,66,16,50,188,167,21
S01009582,254,75,22,53,179,167,12
S01009583,355,105,16,89,250,229,21
S01009584,240,57,17,40,183,146,37
S01009585,474,120,16,104,354,312,42
S01009586,262,68,15,53,194,164,30
S01009587,278,67,15,52,211,185,26
S01009588,451,136,32,104,315,271,44
S01009589,439,126,23,103,313,269,44
S01009590,365,90,25,65,275,239,36
S01009591,368,82,19,63,286,237,49
S01009592,263,62,13,49,201,165,36
S01009593,315,77,22,55,238,188,50
S01009594,374,101,20,81,273,236,37
S01009595,282,71,19,52,211,171,40
S01009596,383,108,13,95,275,253,22
S01009597,329,114,14,100,215,193,22
S01009598,254,85,20,65,169,150,19
S01009599,409,110,13,97,299,270,29
S01009600,240,78,13,65,162,144,18
S01009601,303,84,14,70,219,195,24
S01009602,448,104,28,76,344,278,66
S01009603,295,69,14,55,226,184,42
S01009604,429,124,16,108,305,276,29
S01009605,305,96,21,75,209,183,26
S01009606,319,68,20,48,251,213,38
S01009607,269,78,18,60,191,150,41
S01009608,286,61,11,50,225,199,26
S01009609,403,95,21,74,308,262,46
S01009610,464,127,31,96,337,295,42
S01009611,284,87,19,68,197,150,47
S01009612,311,77,12,65,234,212,22
S01009613,262,79,13,66,183,148,35
S01009614,264,78,16,62,186,143,43
S01009615,171,54,16,38,117,103,14
S01009616,369,101,22,79,268,230,38
S01009617,401,117,28,89,284,235,49
S01009618,320,88,15,73,232,199,33
S01009619,245,82,14,68,163,149,14
S01009620,303,93,16,77,210,190,20
S01009621,325,93,20,73,232,205,27
S01009622,268,81,19,62,187,165,22
S01009623,198,63,9,54,135,118,17
S01009624,366,118,23,95,248,225,23
S01009625,369,120,23,97,249,224,25
S01009626,190,70,9,61,120,111,9
S01009627,325,110,21,89,215,192,23
S01009628,155,54,15,39,101,95,6
S01009629,438,142,29,113,296,277,19
S01009630,291,99,11,88,192,174,18
S01009631,264,84,15,69,180,166,14
S01009632,175,65,14,51,110,97,13
S01009633,247,106,13,93,141,123,18
S01009634,160,51,9,42,109,99,10
S01009635,384,122,24,98,262,233,29
S01009636,329,93,17,76,236,207,29
S01009637,339,93,15,78,246,225,21
S01009638,230,69,15,54,161,144,17
S01009639,338,86,20,66,252,205,47
S01009640,214,61,4,57,153,140,13
S01009641,309,93,14,79,216,192,24
S01009642,464,135,27,108,329,284,45
S01009643,343,96,17,79,247,215,32
S01009644,343,114,23,91,229,202,27
S01009645,277,94,18,76,183,152,31
S01009646,244,69,10,59,175,152,23
S01009647,222,70,11,59,152,137,15
S01009648,377,107,21,86,270,234,36
S01009649,445,116,22,94,329,280,49
S01009650,345,87,22,65,258,216,42
S01009651,434,129,41,88,305,217,88
S01009652,314,104,30,74,210,166,44
S01009653,273,72,20,52,201,156,45
S01009654,246,83,23,60,163,124,39
S01009655,353,114,20,94,239,213,26
S01009656,226,71,16,55,155,135,20
S01009657,379,109,30,79,270,237,33
S01009658,344,107,12,95,237,209,28
S01009659,228,68,18,50,160,136,24
S01009660,468,129,21,108,339,294,45
S01009661,443,125,35,90,318,233,85
S01009662,371,95,20,75,276,220,56
S01009663,312,84,25,59,228,185,43
S01009664,463,139,51,88,324,255,69
S01009665,309,81,20,61,228,193,35
S01009666,362,88,27,61,274,221,53
S01009667,266,65,14,51,201,149,52
S01009668,308,77,26,51,231,193,38
S01009669,229,53,13,40,176,147,29
S01009670,395,108,28,80,287,229,58
S01009671,341,96,34,62,245,198,47
S01009672,381,116,18,98,265,227,38
S01009673,379,95,22,73,284,232,52
S01009674,429,115,31,84,314,238,76
S01009675,449,128,43,85,321,260,61
S01009676,410,119,27,92,291,226,65
S01009677,306,97,26,71,209,153,56
S01009678,294,81,21,60,213,172,41
S01009679,433,109,24,85,324,274,50
S01009680,402,115,15,100,287,238,49
S01009681,320,85,24,61,235,199,36
S01009682,304,83,19,64,221,178,43
S01009683,361,100,23,77,261,219,42
S01009684,561,145,47,98,416,322,94
S01009685,282,73,19,54,209,187,22
S01009686,526,152,45,107,374,324,50
S01009687,346,103,17,86,243,202,41
S01009688,359,109,22,87,250,226,24
S01009689,306,76,16,60,230,182,48
S01009690,354,81,16,65,273,227,46
S01009691,281,75,22,53,206,175,31
S01009692,451,130,37,93,321,266,55
S01009693,301,98,22,76,203,180,23
S01009694,428,132,44,88,296,252,44
S01009695,294,84,27,57,210,159,51
S01009696,461,131,37,94,330,264,66
S01009697,349,85,24,61,264,202,62
S01009698,307,74,23,51,233,151,82
S01009699,168,54,15,39,114,85,29
S01009700,302,85,28,57,217,175,42
S01009701,152,51,13,38,101,80,21
S01009702,316,90,27,63,226,151,75
S01009703,257,80,19,61,177,133,44
S01009704,448,148,47,101,300,214,86
S01009705,364,110,34,76,254,193,61
S01009706,286,87,32,55,199,145,54
S01009707,255,55,15,40,200,157,43
S01009708,264,81,22,59,183,133,50
S01009709,368,112,26,86,256,191,65
S01009710,282,95,29,66,187,136,51
S01009711,346,99,22,77,247,185,62
S01009712,267,85,21,64,182,139,43
S01009713,361,118,32,86,243,186,57
S01009714,384,113,31,82,271,203,68
S01009715,320,74,23,51,246,159,87
S01009716,283,86,25,61,197,156,41
S01009717,305,146,71,75,159,138,21
S01009718,319,121,33,88,198,164,34
S01009719,345,122,33,89,223,197,26
S01009720,341,118,36,82,223,189,34
S01009721,154,93,59,34,61,51,10
S01009722,269,158,98,60,111,82,29
S01009723,197,121,80,41,76,54,22
S01009724,360,154,70,84,206,168,38
S01009725,206,138,96,42,68,51,17
S01009726,220,135,91,44,85,47,38
S01009727,375,120,38,82,255,176,79
S01009728,353,101,31,70,252,194,58
S01009729,264,68,20,48,196,155,41
S01009730,256,88,26,62,168,130,38
S01009731,184,61,21,40,123,90,33
S01009732,259,117,72,45,142,98,44
S01009733,251,83,29,54,168,121,47
S01009734,441,122,40,82,319,235,84
S01009735,305,109,67,42,196,120,76
S01009736,303,215,165,50,88,64,24
S01009737,419,99,29,70,320,282,38
S01009738,248,59,14,45,189,164,25
S01009739,431,92,19,73,339,281,58
S01009740,249,68,19,49,181,149,32
S01009741,578,54,15,39,524,418,106
S01009742,249,54,10,44,195,143,52
S01009743,447,127,35,92,320,254,66
S01009744,345,97,26,71,248,186,62
S01009745,548,166,58,108,382,324,58
S01009746,291,79,25,54,212,155,57
S01009747,338,83,14,69,255,216,39
S01009748,346,106,20,86,240,197,43
S01009749,477,142,23,119,335,269,66
S01009750,330,94,19,75,236,203,33
S01009751,421,121,27,94,300,266,34
S01009752,297,87,32,55,210,167,43
S01009753,295,81,19,62,214,154,60
S01009754,372,89,24,65,283,239,44
S01009755,333,85,23,62,248,187,61
S01009756,359,90,19,71,269,215,54
S01009757,311,82,17,65,229,176,53
S01009758,332,77,21,56,255,227,28
S01009759,323,132,29,103,191,179,12
S01009760,318,122,27,95,196,173,23
S01009761,464,123,20,103,341,303,38
S01009762,350,122,21,101,228,222,6
S01009763,417,119,33,86,298,247,51
S01009764,276,93,13,80,183,168,15
S01009765,442,132,21,111,310,279,31
S01009766,338,95,26,69,243,221,22
S01009767,198,58,7,51,140,124,16
S01009768,294,102,19,83,192,170,22
S01009769,374,86,13,73,288,249,39
S01009770,353,117,19,98,236,198,38
S01009771,441,115,30,85,326,286,40
S01009772,354,86,18,68,268,241,27
S01009773,280,89,18,71,191,152,39
S01009774,264,79,24,55,185,153,32
S01009775,276,110,18,92,166,156,10
S01009776,206,89,12,77,117,111,6
S01009777,219,55,13,42,164,149,15
S01009778,248,80,18,62,168,156,12
S01009779,169,67,7,60,102,93,9
S01009780,203,96,11,85,107,98,9
S01009781,199,77,16,61,122,113,9
S01009782,262,67,11,56,195,173,22
S01009783,306,113,17,96,193,174,19
S01009784,251,95,17,78,156,144,12
S01009785,286,99,16,83,187,179,8
S01009786,317,122,20,102,195,181,14
S01009787,308,119,19,100,189,167,22
S01009788,334,105,25,80,229,203,26
S01009789,346,115,18,97,231,215,16
S01009790,285,88,13,75,197,184,13
S01009791,228,81,14,67,147,132,15
S01009792,527,126,36,90,401,347,54
S01009793,440,118,19,99,322,288,34
S01009794,338,75,11,64,263,230,33
S01009795,497,137,28,109,360,306,54
S01009796,399,110,26,84,289,241,48
S01009797,429,112,23,89,317,284,33
S01009798,421,114,32,82,307,273,34
S01009799,292,116,15,101,176,162,14
S01009800,465,162,28,134,303,267,36
S01009801,320,117,22,95,203,178,25
S01009802,450,131,22,109,319,298,21
S01009803,284,76,9,67,208,191,17
S01009804,269,60,10,50,209,177,32
S01009805,364,108,10,98,256,234,22
S01009806,356,111,19,92,245,222,23
S01009807,430,145,25,120,285,254,31
S01009808,314,111,17,94,203,189,14
S01009809,339,102,24,78,237,217,20
S01009810,293,90,15,75,203,179,24
S01009811,404,103,17,86,301,273,28
S01009812,293,70,16,54,223,201,22
S01009813,220,98,23,75,122,109,13
S01009814,360,93,21,72,267,242,25
S01009815,362,103,13,90,259,233,26
S01009816,393,107,20,87,286,265,21
S01009817,288,78,12,66,210,189,21
S01009818,407,111,35,76,296,255,41
S01009819,250,68,15,53,182,158,24
S01009820,428,105,20,85,323,294,29
S01009821,322,88,20,68,234,211,23
S01009822,208,42,5,37,166,153,13
S01009823,258,82,13,69,176,161,15
S01009824,366,89,18,71,277,247,30
S01009825,415,111,26,85,304,279,25
S01009826,215,60,13,47,155,139,16
S01009827,332,95,18,77,237,210,27
S01009828,241,75,18,57,166,149,17
S01009829,444,107,10,97,337,306,31
S01009830,362,93,17,76,269,247,22
S01009831,409,125,21,104,284,261,23
S01009832,468,135,27,108,333,308,25
S01009833,298,63,9,54,235,214,21
S01009834,395,117,15,102,278,249,29
S01009835,212,79,19,60,133,120,13
S01009836,451,108,15,93,343,316,27
S01009837,275,68,13,55,207,191,16
S01009838,319,77,17,60,242,222,20
S01009839,419,117,18,99,302,268,34
S01009840,386,124,30,94,262,240,22
S01009841,340,101,23,78,239,213,26
S01009842,257,82,24,58,175,161,14
S01009843,187,53,11,42,134,126,8
S01009844,184,44,9,35,140,119,21
S01009845,311,87,20,67,224,207,17
S01009846,362,127,19,108,235,212,23
S01009847,272,74,9,65,198,177,21
S01009848,345,113,20,93,232,215,17
S01009849,298,64,12,52,234,212,22
S01009850,393,92,23,69,301,273,28
S01009851,337,98,17,81,239,207,32
S01009852,237,58,12,46,179,156,23
S01009853,336,92,23,69,244,219,25
S01009854,386,115,25,90,271,250,21
S01009855,285,86,23,63,199,176,23
S01009856,244,77,17,60,167,147,20
S01009857,380,108,23,85,272,245,27
S01009858,341,85,18,67,256,232,24
S01009859,334,102,21,81,232,215,17
S01009860,282,97,23,74,185,163,22
S01009861,378,103,24,79,275,242,33
S01009862,452,109,21,88,343,313,30
S01009863,370,84,18,66,286,262,24
S01009864,278,68,20,48,210,186,24
S01009865,226,60,12,48,166,144,22
S01009866,460,98,21,77,362,325,37
S01009867,651,117,35,82,534,457,77
S01009868,380,76,10,66,304,270,34
S01009869,294,74,19,55,220,198,22
S01009870,268,82,23,59,186,168,18
S01009871,361,106,31,75,255,210,45
S01009872,359,79,13,66,280,243,37
S01009873,389,93,20,73,296,245,51
S01009874,440,146,33,113,294,239,55
S01009875,234,76,14,62,158,140,18
S01009876,216,98,18,80,118,105,13
S01009877,411,94,29,65,317,251,66
S01009878,258,84,26,58,174,136,38
S01009879,434,108,34,74,326,232,94
S01009880,309,94,32,62,215,169,46
S01009881,222,83,20,63,139,118,21
S01009882,691,165,49,116,526,461,65
S01009883,316,120,36,84,196,173,23
S01009884,380,106,24,82,274,231,43
S01009885,326,109,17,92,217,186,31
S01009886,291,119,21,98,172,134,38
S01009887,384,129,15,114,255,228,27
S01009888,279,99,23,76,180,151,29
S01009889,333,97,22,75,236,209,27
S01009890,207,75,22,53,132,121,11
S01009891,327,74,20,54,253,233,20
S01009892,332,78,18,60,254,237,17
S01009893,396,103,17,86,293,265,28
S01009894,302,101,26,75,201,183,18
S01009895,287,86,24,62,201,173,28
S01009896,328,106,15,91,222,194,28
S01009897,408,102,26,76,306,268,38
S01009898,195,72,18,54,123,115,8
S01009899,457,92,23,69,365,333,32
S01009900,600,93,14,79,507,443,64
S01009901,582,99,24,75,483,420,63
S01009902,337,100,23,77,237,205,32
S01009903,418,108,22,86,310,256,54
S01009904,469,77,20,57,392,341,51
S01009905,365,90,20,70,275,242,33
S01009906,370,82,19,63,288,254,34
S01009907,417,88,26,62,329,296,33
S01009908,632,158,34,124,474,396,78
S01009909,539,104,18,86,435,366,69
S01009910,347,79,18,61,268,234,34
S01009911,496,115,25,90,381,316,65
S01009912,420,107,34,73,313,214,99
S01009913,356,93,23,70,263,185,78
S01009914,487,133,39,94,354,260,94
S01009915,475,123,34,89,352,265,87
S01009916,390,110,25,85,280,211,69
S01009917,387,86,19,67,301,249,52
S01009918,354,91,25,66,263,213,50
S01009919,528,108,23,85,420,363,57
S01009920,596,79,15,64,517,444,73
S01009921,458,75,13,62,383,336,47
S01009922,705,111,31,80,594,513,81
S01009923,512,94,24,70,418,353,65
S01009924,619,113,29,84,506,441,65
S01009925,468,73,14,59,395,365,30
S01009926,430,81,16,65,349,303,46
S01009927,263,57,13,44,206,175,31
S01009928,524,86,17,69,438,357,81
S01009929,265,62,18,44,203,169,34
S01009930,559,100,29,71,459,400,59
S01009931,559,85,14,71,474,405,69
S01009932,435,76,16,60,359,299,60
S01009933,396,93,17,76,303,276,27
S01009934,508,124,27,97,384,341,43
S01009935,172,43,6,37,129,119,10
S01009936,299,66,16,50,233,199,34
S01009937,140,64,17,47,76,68,8
S01009938,315,91,19,72,224,193,31
S01009939,207,71,17,54,136,126,10
S01009940,263,92,15,77,171,161,10
S01009941,462,143,36,107,319,269,50
S01009942,368,109,21,88,259,230,29
S01009943,263,88,13,75,175,163,12
S01009944,341,97,18,79,244,224,20
S01009945,380,104,25,79,276,254,22
S01009946,339,107,21,86,232,210,22
S01009947,233,65,16,49,168,142,26
S01009948,273,85,13,72,188,173,15
S01009949,334,106,21,85,228,204,24
S01009950,365,100,29,71,265,208,57
S01009951,370,94,23,71,276,190,86
S01009952,351,91,24,67,260,216,44
S01009953,443,136,31,105,307,263,44
S01009954,292,87,26,61,205,166,39
S01009955,443,104,25,79,339,286,53
S01009956,315,90,17,73,225,190,35
S01009957,387,105,29,76,282,213,69
S01009958,521,133,24,109,388,325,63
S01009959,288,87,21,66,201,152,49
S01009960,400,94,31,63,306,258,48
S01009961,307,89,24,65,218,183,35
S01009962,573,108,21,87,465,410,55
S01009963,431,114,34,80,317,269,48
S01009964,488,123,30,93,365,312,53
S01009965,374,111,26,85,263,236,27
S01009966,404,127,34,93,277,246,31
S01009967,431,117,39,78,314,253,61
S01009968,324,83,20,63,241,209,32
S01009969,381,94,29,65,287,218,69
S01009970,296,107,18,89,189,176,13
S01009971,440,129,21,108,311,278,33
S01009972,368,88,15,73,280,228,52
S01009973,359,109,22,87,250,224,26
S01009974,193,73,12,61,120,113,7
S01009975,210,84,12,72,126,119,7
S01009976,183,57,10,47,126,114,12
S01009977,247,86,11,75,161,148,13
S01009978,362,124,20,104,238,222,16
S01009979,166,54,7,47,112,103,9
S01009980,172,67,8,59,105,99,6
S01009981,233,85,11,74,148,140,8
S01009982,429,149,21,128,280,237,43
S01009983,162,66,8,58,96,91,5
S01009984,333,93,16,77,240,224,16
S01009985,200,56,6,50,144,136,8
S01009986,152,52,9,43,100,92,8
S01009987,311,84,13,71,227,204,23
S01009988,149,54,11,43,95,90,5
S01009989,383,96,17,79,287,261,26
S01009990,364,100,14,86,264,246,18
S01009991,413,101,14,87,312,274,38
S01009992,217,74,11,63,143,135,8
S01009993,458,103,19,84,355,317,38
S01009994,356,95,19,76,261,229,32
S01009995,366,105,25,80,261,232,29
S01009996,355,108,16,92,247,224,23
S01009997,309,68,17,51,241,212,29
S01009998,266,69,21,48,197,155,42
S01009999,337,90,23,67,247,215,32
S01010000,325,76,17,59,249,236,13
S01010001,370,102,17,85,268,243,25
S01010002,399,130,23,107,269,249,20
S01010003,369,103,22,81,266,236,30
S01010004,351,99,26,73,252,209,43
S01010005,417,65,13,52,352,315,37
S01010006,515,75,21,54,440,394,46
S01010007,529,136,45,91,393,341,52
S01010008,385,58,7,51,327,285,42
S01010009,385,65,17,48,320,279,41
S01010010,539,144,34,110,395,323,72
S01010011,373,62,17,45,311,273,38
S01010012,402,121,36,85,281,241,40
S01010013,468,94,27,67,374,324,50
S01010014,567,110,27,83,457,398,59
S01010015,503,94,29,65,409,359,50
S01010016,295,87,12,75,208,192,16
S01010017,284,99,21,78,185,172,13
S01010018,388,108,14,94,280,255,25
S01010019,234,85,9,76,149,137,12
S01010020,321,99,19,80,222,200,22
S01010021,223,88,18,70,135,113,22
S01010022,347,93,14,79,254,224,30
S01010023,162,56,5,51,106,95,11
S01010024,312,102,25,77,210,188,22
S01010025,183,67,10,57,116,105,11
S01010026,412,91,20,71,321,272,49
S01010027,425,107,25,82,318,283,35
S01010028,242,67,10,57,175,150,25
S01010029,185,63,7,56,122,106,16
S01010030,454,92,21,71,362,320,42
S01010031,482,101,36,65,381,290,91
S01010032,394,104,43,61,290,254,36
S01010033,384,92,29,63,292,262,30
S01010034,367,104,28,76,263,226,37
S01010035,227,87,19,68,140,126,14
S01010036,492,202,77,125,290,262,28
S01010037,196,49,7,42,147,137,10
S01010038,397,110,27,83,287,251,36
S01010039,616,146,62,84,470,385,85
S01010040,434,94,30,64,340,277,63
S01010041,372,88,43,45,284,237,47
S01010042,627,145,45,100,482,432,50
S01010043,320,99,31,68,221,204,17
S01010044,522,132,32,100,390,352,38
S01010045,147,59,8,51,88,79,9
S01010046,301,90,18,72,211,185,26
S01010047,255,84,14,70,171,155,16
S01010048,323,82,15,67,241,224,17
S01010049,252,92,18,74,160,149,11
S01010050,302,97,16,81,205,187,18
S01010051,222,65,13,52,157,149,8
S01010052,247,62,7,55,185,166,19
S01010053,343,118,35,83,225,206,19
S01010054,148,51,7,44,97,93,4
S01010055,413,114,37,77,299,275,24
S01010056,170,53,12,41,117,112,5
S01010057,171,52,6,46,119,115,4
S01010058,313,99,16,83,214,200,14
S01010059,326,78,15,63,248,227,21
S01010060,385,88,9,79,297,272,25
S01010061,262,52,4,48,210,187,23
S01010062,272,90,16,74,182,161,21
S01010063,385,96,11,85,289,265,24
S01010064,231,59,9,50,172,162,10
S01010065,334,86,13,73,248,227,21
S01010066,246,94,18,76,152,145,7
S01010067,184,49,14,35,135,123,12
S01010068,284,73,10,63,211,181,30
S01010069,489,117,30,87,372,335,37
S01010070,416,126,35,91,290,258,32
S01010071,365,87,11,76,278,239,39
S01010072,387,110,26,84,277,252,25
S01010073,371,99,19,80,272,249,23
S01010074,360,95,26,69,265,228,37
S01010075,227,63,9,54,164,148,16
S01010076,300,69,13,56,231,209,22
S01010077,237,52,11,41,185,170,15
S01010078,343,102,22,80,241,219,22
S01010079,479,132,32,100,347,264,83
S01010080,307,80,18,62,227,193,34
S01010081,332,97,26,71,235,186,49
S01010082,431,83,17,66,348,273,75
S01010083,268,74,15,59,194,175,19
S01010084,350,98,19,79,252,226,26
S01010085,386,97,31,66,289,250,39
S01010086,339,94,15,79,245,223,22
S01010087,271,78,20,58,193,164,29
S01010088,505,112,27,85,393,311,82
S01010089,303,85,15,70,218,192,26
S01010090,584,160,43,117,424,366,58
S01010091,485,116,21,95,369,318,51
S01010092,312,92,18,74,220,201,19
S01010093,432,131,33,98,301,275,26
S01010094,340,103,26,77,237,217,20
S01010095,371,111,23,88,260,237,23
S01010096,391,119,36,83,272,239,33
S01010097,351,110,28,82,241,205,36
S01010098,368,106,27,79,262,233,29
S01010099,342,96,32,64,246,234,12
S01010100,421,111,24,87,310,271,39
S01010101,376,81,14,67,295,261,34
S01010102,559,149,34,115,410,348,62
S01010103,594,158,30,128,436,377,59
S01010104,434,108,25,83,326,286,40
S01010105,168,55,7,48,113,105,8
S01010106,150,41,10,31,109,105,4
S01010107,326,104,15,89,222,201,21
S01010108,331,87,18,69,244,219,25
S01010109,353,94,8,86,259,229,30
S01010110,264,106,19,87,158,142,16
S01010111,299,103,23,80,196,180,16
S01010112,311,125,17,108,186,176,10
S01010113,177,76,16,60,101,95,6
S01010114,225,88,9,79,137,125,12
S01010115,330,84,16,68,246,226,20
S01010116,572,134,36,98,438,402,36
S01010117,370,73,15,58,297,248,49
S01010118,171,73,9,64,98,85,13
S01010119,206,79,12,67,127,116,11
S01010120,317,109,20,89,208,191,17
S01010121,233,86,9,77,147,132,15
S01010122,119,39,5,34,80,78,2
S01010123,271,105,18,87,166,159,7
S01010124,330,79,14,65,251,240,11
S01010125,218,66,12,54,152,137,15
S01010126,359,92,17,75,267,232,35
S01010127,219,62,15,47,157,140,17
S01010128,137,54,4,50,83,81,2
S01010129,215,70,14,56,145,132,13
S01010130,134,38,3,35,96,92,4
S01010131,479,141,39,102,338,295,43
S01010132,294,100,19,81,194,175,19
S01010133,230,77,9,68,153,143,10
S01010134,376,112,23,89,264,245,19
S01010135,260,72,13,59,188,166,22
S01010136,367,99,17,82,268,240,28
S01010137,352,89,17,72,263,245,18
S01010138,254,77,14,63,177,161,16
S01010139,403,116,22,94,287,257,30
S01010140,407,74,13,61,333,305,28
S01010141,284,87,16,71,197,178,19
S01010142,257,62,10,52,195,173,22
S01010143,270,84,12,72,186,178,8
S01010144,330,79,7,72,251,229,22
S01010145,336,83,11,72,253,228,25
S01010146,304,80,16,64,224,209,15
S01010147,312,108,21,87,204,192,12
S01010148,249,87,18,69,162,142,20
S01010149,281,57,8,49,224,202,22
S01010150,200,62,14,48,138,126,12
S01010151,176,52,7,45,124,116,8
S01010152,338,85,23,62,253,228,25
S01010153,343,92,22,70,251,229,22
S01010154,284,77,12,65,207,192,15
S01010155,267,85,20,65,182,156,26
S01010156,186,60,9,51,126,113,13
S01010157,161,73,13,60,88,83,5
S01010158,343,81,15,66,262,246,16
S01010159,256,70,14,56,186,167,19
S01010160,204,64,15,49,140,129,11
S01010161,296,89,17,72,207,187,20
S01010162,218,96,14,82,122,114,8
S01010163,189,64,13,51,125,119,6
S01010164,266,73,16,57,193,168,25
S01010165,201,74,13,61,127,118,9
S01010166,272,81,16,65,191,177,14
S01010167,247,74,11,63,173,163,10
S01010168,220,61,12,49,159,140,19
S01010169,341,106,26,80,235,217,18
S01010170,217,67,16,51,150,138,12
S01010171,289,101,16,85,188,178,10
S01010172,235,49,9,40,186,177,9
S01010173,301,89,18,71,212,186,26
S01010174,326,99,21,78,227,182,45
S01010175,186,55,13,42,131,115,16
S01010176,250,75,18,57,175,161,14
S01010177,228,87,13,74,141,131,10
S01010178,317,134,35,99,183,167,16
S01010179,286,90,18,72,196,185,11
S01010180,256,70,9,61,186,172,14
S01010181,193,60,11,49,133,124,9
S01010182,385,97,26,71,288,256,32
S01010183,152,48,8,40,104,99,5
S01010184,222,81,16,65,141,133,8
S01010185,217,88,16,72,129,121,8
S01010186,343,87,18,69,256,224,32
S01010187,388,88,21,67,300,274,26
S01010188,401,86,32,54,315,276,39
S01010189,582,139,21,118,443,380,63
S01010190,449,111,32,79,338,260,78
S01010191,395,90,16,74,305,268,37
S01010192,480,116,26,90,364,318,46
S01010193,406,100,18,82,306,266,40
S01010194,243,81,16,65,162,150,12
S01010195,208,58,15,43,150,136,14
S01010196,251,73,12,61,178,168,10
S01010197,264,98,16,82,166,152,14
S01010198,341,109,19,90,232,206,26
S01010199,182,74,12,62,108,100,8
S01010200,259,66,12,54,193,175,18
S01010201,290,86,7,79,204,190,14
S01010202,201,75,10,65,126,118,8
S01010203,370,78,16,62,292,253,39
S01010204,253,97,18,79,156,146,10
S01010205,287,75,12,63,212,199,13
S01010206,43,9,3,6,34,29,5
S01010207,134,63,14,49,71,65,6
S01010208,471,94,19,75,377,346,31
S01010209,357,94,14,80,263,230,33
S01010210,349,94,21,73,255,232,23
S01010211,262,79,19,60,183,172,11
S01010212,342,118,22,96,224,207,17
S01010213,353,75,18,57,278,266,12
S01010214,440,139,34,105,301,276,25
S01010215,247,83,14,69,164,152,12
S01010216,215,73,11,62,142,132,10
S01010217,279,76,15,61,203,180,23
S01010218,452,103,23,80,349,310,39
S01010219,172,81,18,63,91,85,6
S01010220,339,65,30,35,274,225,49
S01010221,158,57,9,48,101,94,7
S01010222,234,49,10,39,185,177,8
S01010223,224,55,10,45,169,161,8
S01010224,318,126,29,97,192,180,12
S01010225,328,94,21,73,234,223,11
S01010226,239,113,25,88,126,103,23
S01010227,169,53,17,36,116,104,12
S01010228,217,65,15,50,152,142,10
S01010229,437,132,18,114,305,268,37
S01010230,324,128,35,93,196,185,11
S01010231,368,119,20,99,249,238,11
S01010232,392,154,39,115,238,220,18
S01010233,289,118,27,91,171,157,14
S01010234,515,120,25,95,395,353,42
S01010235,550,125,63,62,425,375,50
S01010236,410,105,27,78,305,270,35
S01010237,382,85,27,58,297,255,42
S01010238,474,127,49,78,347,294,53
S01010239,314,94,19,75,220,208,12
S01010240,358,86,29,57,272,242,30
S01010241,500,123,27,96,377,341,36
S01010242,368,108,21,87,260,235,25
S01010243,448,125,30,95,323,296,27
S01010244,238,79,21,58,159,142,17
S01010245,267,104,23,81,163,148,15
S01010246,304,104,19,85,200,184,16
S01010247,365,101,29,72,264,236,28
S01010248,515,132,42,90,383,330,53
S01010249,392,113,41,72,279,238,41
S01010250,476,124,56,68,352,314,38
S01010251,401,105,30,75,296,258,38
S01010252,353,72,15,57,281,238,43
S01010253,209,59,14,45,150,138,12
S01010254,471,146,46,100,325,299,26
S01010255,231,83,24,59,148,130,18
S01010256,329,109,26,83,220,206,14
S01010257,321,93,37,56,228,189,39
S01010258,464,211,144,67,253,212,41
S01010259,332,190,101,89,142,127,15
S01010260,659,248,137,111,411,316,95
S01010261,620,464,272,192,156,142,14
S01010262,259,107,48,59,152,135,17
S01010263,441,102,62,40,339,281,58
S01010264,470,109,47,62,361,295,66
S01010265,588,142,78,64,446,365,81
S01010266,251,95,35,60,156,136,20
S01010267,333,135,72,63,198,163,35
S01010268,390,130,58,72,260,221,39
S01010269,245,75,25,50,170,144,26
S01010270,381,106,40,66,275,236,39
S01010271,330,130,59,71,200,166,34
S01010272,437,101,38,63,336,289,47
S01010273,438,109,67,42,329,286,43
S01010274,355,79,27,52,276,232,44
S01010275,395,129,65,64,266,205,61
S01010276,661,85,28,57,576,464,112
S01010277,233,86,30,56,147,134,13
S01010278,273,101,20,81,172,146,26
S01010279,277,99,32,67,178,138,40
S01010280,476,129,42,87,347,296,51
S01010281,465,117,45,72,348,311,37
S01010282,496,120,44,76,376,330,46
S01010283,356,83,27,56,273,231,42
S01010284,654,155,68,87,499,424,75
S01010285,414,149,66,83,265,228,37
S01010286,495,187,94,93,308,259,49
S01010287,456,155,64,91,301,251,50
S01010288,456,131,56,75,325,263,62
S01010289,501,77,25,52,424,287,137
S01010290,280,82,41,41,198,165,33
S01010291,432,164,74,90,268,226,42
S01010292,483,145,76,69,338,289,49
S01010293,397,164,75,89,233,211,22
S01010294,302,143,70,73,159,136,23
S01010295,463,189,85,104,274,226,48
S01010296,287,120,34,86,167,144,23
S01010297,434,117,32,85,317,274,43
S01010298,376,131,49,82,245,208,37
S01010299,165,49,14,35,116,103,13
S01010300,394,139,47,92,255,224,31
S01010301,266,94,40,54,172,161,11
S01010302,171,55,11,44,116,104,12
S01010303,143,66,7,59,77,73,4
S01010304,214,61,19,42,153,139,14
S01010305,384,104,35,69,280,241,39
S01010306,412,94,25,69,318,268,50
S01010307,508,130,44,86,378,304,74
S01010308,536,129,42,87,407,344,63
S01010309,163,35,3,32,128,121,7
S01010310,267,77,17,60,190,172,18
S01010311,215,87,22,65,128,119,9
S01010312,257,97,12,85,160,148,12
S01010313,210,66,8,58,144,132,12
S01010314,438,137,41,96,301,272,29
S01010315,412,113,16,97,299,273,26
S01010316,210,64,9,55,146,133,13
S01010317,455,123,54,69,332,283,49
S01010318,432,267,171,96,165,147,18
S01010319,406,94,20,74,312,282,30
S01010320,317,77,19,58,240,207,33
S01010321,386,109,40,69,277,249,28
S01010322,646,158,53,105,488,414,74
S01010323,178,68,10,58,110,100,10
S01010324,256,79,9,70,177,156,21
S01010325,283,89,15,74,194,180,14
S01010326,262,110,20,90,152,134,18
S01010327,383,122,21,101,261,242,19
S01010328,407,107,24,83,300,265,35
S01010329,242,65,8,57,177,154,23
S01010330,203,72,9,63,131,117,14
S01010331,313,90,14,76,223,200,23
S01010332,236,73,14,59,163,157,6
S01010333,388,123,21,102,265,242,23
S01010334,412,109,12,97,303,290,13
S01010335,264,86,16,70,178,164,14
S01010336,188,77,19,58,111,99,12
S01010337,246,88,15,73,158,148,10
S01010338,223,85,15,70,138,123,15
S01010339,226,71,13,58,155,143,12
S01010340,305,106,19,87,199,186,13
S01010341,257,77,26,51,180,155,25
S01010342,384,100,22,78,284,259,25
S01010343,564,142,28,114,422,378,44
S01010344,232,70,8,62,162,146,16
S01010345,253,70,15,55,183,148,35
S01010346,559,131,24,107,428,375,53
S01010347,399,145,37,108,254,223,31
S01010348,430,133,18,115,297,279,18
S01010349,361,108,21,87,253,236,17
S01010350,312,113,12,101,199,186,13
S01010351,405,123,27,96,282,248,34
S01010352,192,61,14,47,131,119,12
S01010353,252,80,6,74,172,161,11
S01010354,289,86,22,64,203,180,23
S01010355,319,101,30,71,218,202,16
S01010356,369,93,19,74,276,248,28
S01010357,217,64,17,47,153,142,11
S01010358,282,93,15,78,189,172,17
S01010359,238,94,15,79,144,128,16
S01010360,210,68,16,52,142,130,12
S01010361,184,75,16,59,109,99,10
S01010362,261,87,20,67,174,166,8
S01010363,415,98,26,72,317,272,45
S01010364,461,140,33,107,321,271,50
S01010365,556,124,31,93,432,330,102
S01010366,578,132,42,90,446,371,75
S01010367,625,213,83,130,412,318,94
S01010368,388,80,28,52,308,215,93
S01010369,473,125,32,93,348,306,42
S01010370,433,102,38,64,331,257,74
S01010371,565,145,64,81,420,328,92
S01010372,315,91,28,63,224,178,46
S01010373,429,95,43,52,334,282,52
S01010374,523,139,49,90,384,301,83
S01010375,222,105,50,55,117,88,29
S01010376,348,108,55,53,240,201,39
S01010377,386,168,73,95,218,170,48
S01010378,297,122,69,53,175,148,27
S01010379,456,189,81,108,267,224,43
S01010380,533,136,59,77,397,327,70
S01010381,348,87,52,35,261,219,42
S01010382,500,143,61,82,357,300,57
S01010383,285,102,35,67,183,154,29
S01010384,497,99,41,58,398,313,85
S01010385,443,124,45,79,319,277,42
S01010386,409,110,37,73,299,264,35
S01010387,588,127,49,78,461,390,71
S01010388,489,142,33,109,347,311,36
S01010389,696,90,29,61,606,464,142
S01010390,721,134,42,92,587,515,72
S01010391,503,95,25,70,408,349,59
S01010392,489,61,16,45,428,316,112
S01010393,634,132,35,97,502,439,63
S01010394,309,83,19,64,226,195,31
S01010395,538,106,26,80,432,379,53
S01010396,533,133,45,88,400,328,72
S01010397,320,69,30,39,251,193,58
S01010398,648,130,52,78,518,434,84
S01010399,735,144,56,88,591,474,117
S01010400,629,145,46,99,484,368,116
S01010401,366,81,36,45,285,220,65
S01010402,627,120,37,83,507,382,125
S01010403,577,122,33,89,455,337,118
S01010404,447,99,27,72,348,256,92
S01010405,485,104,25,79,381,280,101
S01010406,495,130,52,78,365,291,74
S01010407,424,141,62,79,283,235,48
S01010408,233,56,11,45,177,146,31
S01010409,329,105,34,71,224,177,47
S01010410,302,73,17,56,229,179,50
S01010411,509,157,43,114,352,279,73
S01010412,490,83,25,58,407,317,90
S01010413,302,72,27,45,230,179,51
S01010414,512,127,32,95,385,315,70
S01010415,434,125,27,98,309,257,52
S01010416,355,89,29,60,266,218,48
S01010417,327,81,19,62,246,198,48
S01010418,657,115,41,74,542,427,115
S01010419,559,123,25,98,436,342,94
S01010420,314,93,29,64,221,172,49
S01010421,425,111,32,79,314,261,53
S01010422,509,140,43,97,369,314,55
S01010423,357,94,23,71,263,227,36
S01010424,339,111,23,88,228,210,18
S01010425,458,144,29,115,314,288,26
S01010426,345,79,18,61,266,235,31
S01010427,314,87,21,66,227,201,26
S01010428,340,91,25,66,249,217,32
S01010429,526,140,35,105,386,328,58
S01010430,327,125,22,103,202,186,16
S01010431,358,90,15,75,268,207,61
S01010432,391,90,18,72,301,278,23
S01010433,206,100,16,84,106,95,11
S01010434,235,76,11,65,159,141,18
S01010435,277,85,22,63,192,174,18
S01010436,329,102,22,80,227,197,30
S01010437,222,71,18,53,151,139,12
S01010438,327,93,14,79,234,212,22
S01010439,484,96,20,76,388,349,39
S01010440,238,66,16,50,172,157,15
S01010441,532,93,16,77,439,392,47
S01010442,392,118,20,98,274,248,26
S01010443,240,71,13,58,169,144,25
S01010444,262,87,13,74,175,157,18
S01010445,306,72,18,54,234,213,21
S01010446,403,117,27,90,286,246,40
S01010447,349,98,9,89,251,225,26
S01010448,400,120,23,97,280,247,33
S01010449,293,76,11,65,217,200,17
S01010450,318,81,12,69,237,209,28
S01010451,281,90,14,76,191,172,19
S01010452,328,87,12,75,241,213,28
S01010453,234,76,16,60,158,142,16
S01010454,328,88,18,70,240,223,17
S01010455,302,92,13,79,210,186,24
S01010456,228,55,8,47,173,155,18
S01010457,243,68,14,54,175,161,14
S01010458,252,80,11,69,172,157,15
S01010459,197,47,6,41,150,142,8
S01010460,384,66,11,55,318,240,78
S01010461,245,70,17,53,175,163,12
S01010462,187,84,25,59,103,93,10
S01010463,350,95,19,76,255,225,30
S01010464,237,60,14,46,177,160,17
S01010465,572,135,24,111,437,389,48
S01010466,531,99,29,70,432,376,56
S01010467,356,82,23,59,274,232,42
S01010468,492,143,43,100,349,285,64
S01010469,273,45,16,29,228,203,25
S01010470,332,98,19,79,234,213,21
S01010471,256,93,24,69,163,148,15
S01010472,322,51,15,36,271,222,49
S01010473,407,91,16,75,316,285,31
S01010474,432,115,42,73,317,281,36
S01010475,435,50,12,38,385,341,44
S01010476,458,88,28,60,370,332,38
S01010477,339,89,17,72,250,232,18
S01010478,416,127,21,106,289,264,25
S01010479,416,118,19,99,298,269,29
S01010480,234,61,11,50,173,157,16
S01010481,205,71,16,55,134,115,19
S01010482,323,83,19,64,240,214,26
S01010483,440,106,19,87,334,301,33
S01010484,246,63,14,49,183,163,20
S01010485,432,101,23,78,331,289,42
S01010486,495,122,33,89,373,324,49
S01010487,436,105,22,83,331,299,32
S01010488,281,98,13,85,183,164,19
S01010489,381,119,17,102,262,235,27
S01010490,224,74,12,62,150,128,22
S01010491,273,113,21,92,160,153,7
S01010492,137,54,8,46,83,75,8
S01010493,192,80,9,71,112,104,8
S01010494,268,75,7,68,193,177,16
S01010495,280,109,18,91,171,158,13
S01010496,261,92,14,78,169,156,13
S01010497,281,108,18,90,173,148,25
S01010498,274,97,13,84,177,166,11
S01010499,174,71,15,56,103,98,5
S01010500,336,140,25,115,196,183,13
S01010501,367,120,22,98,247,226,21
S01010502,394,120,17,103,274,254,20
S01010503,240,74,14,60,166,160,6
S01010504,258,108,32,76,150,82,68
S01010505,282,104,23,81,178,135,43
S01010506,442,126,29,97,316,217,99
S01010507,415,103,17,86,312,212,100
S01010508,495,154,57,97,341,234,107
S01010509,538,155,39,116,383,285,98
S01010510,383,127,31,96,256,211,45
S01010511,426,140,36,104,286,232,54
S01010512,269,98,22,76,171,143,28
S01010513,416,123,35,88,293,232,61
S01010514,360,118,30,88,242,201,41
S01010515,408,126,11,115,282,243,39
S01010516,329,73,17,56,256,173,83
S01010517,432,112,20,92,320,255,65
S01010518,368,118,24,94,250,211,39
S01010519,373,125,28,97,248,213,35
S01010520,495,149,40,109,346,296,50
S01010521,401,120,20,100,281,210,71
S01010522,303,73,12,61,230,197,33
S01010523,277,103,25,78,174,148,26
S01010524,288,76,21,55,212,157,55
S01010525,309,76,21,55,233,151,82
S01010526,413,118,22,96,295,220,75
S01010527,414,132,30,102,282,237,45
S01010528,328,96,35,61,232,184,48
S01010529,369,115,38,77,254,160,94
S01010530,354,103,29,74,251,160,91
S01010531,587,180,44,136,407,301,106
S01010532,279,76,18,58,203,130,73
S01010533,284,71,18,53,213,160,53
S01010534,448,143,42,101,305,247,58
S01010535,356,91,26,65,265,193,72
S01010536,449,135,25,110,314,259,55
S01010537,487,127,24,103,360,291,69
S01010538,442,117,20,97,325,252,73
S01010539,717,163,33,130,554,444,110
S01010540,322,84,24,60,238,182,56
S01010541,453,120,33,87,333,247,86
S01010542,456,139,44,95,317,244,73
S01010543,344,85,22,63,259,184,75
S01010544,426,136,42,94,290,240,50
S01010545,332,85,26,59,247,196,51
S01010546,372,91,18,73,281,219,62
S01010547,379,112,28,84,267,170,97
S01010548,296,99,29,70,197,139,58
S01010549,467,138,23,115,329,252,77
S01010550,280,85,28,57,195,146,49
S01010551,337,102,30,72,235,166,69
S01010552,407,115,47,68,292,208,84
S01010553,328,94,24,70,234,151,83
S01010554,378,113,18,95,265,213,52
S01010555,478,123,35,88,355,284,71
S01010556,366,101,19,82,265,220,45
S01010557,276,83,19,64,193,157,36
S01010558,312,86,21,65,226,178,48
S01010559,290,78,20,58,212,147,65
S01010560,331,92,22,70,239,187,52
S01010561,327,102,32,70,225,176,49
S01010562,391,130,20,110,261,206,55
S01010563,263,71,13,58,192,155,37
S01010564,214,61,7,54,153,125,28
S01010565,282,76,16,60,206,166,40
S01010566,586,157,41,116,429,319,110
S01010567,567,163,47,116,404,280,124
S01010568,529,152,38,114,377,289,88
S01010569,522,106,28,78,416,276,140
S01010570,515,143,28,115,372,309,63
S01010571,493,112,19,93,381,337,44
S01010572,410,110,18,92,300,258,42
S01010573,312,82,19,63,230,205,25
S01010574,313,86,19,67,227,190,37
S01010575,350,117,28,89,233,188,45
S01010576,425,122,34,88,303,241,62
S01010577,436,127,27,100,309,271,38
S01010578,335,97,27,70,238,214,24
S01010579,431,116,24,92,315,271,44
S01010580,321,48,14,34,273,235,38
S01010581,320,81,16,65,239,198,41
S01010582,255,72,19,53,183,133,50
S01010583,563,150,31,119,413,357,56
S01010584,439,116,31,85,323,264,59
S01010585,512,121,32,89,391,322,69
S01010586,430,128,34,94,302,247,55
S01010587,367,99,18,81,268,213,55
S01010588,321,91,22,69,230,179,51
S01010589,364,99,20,79,265,227,38
S01010590,465,123,33,90,342,262,80
S01010591,444,97,11,86,347,290,57
S01010592,307,73,19,54,234,195,39
S01010593,344,96,18,78,248,190,58
S01010594,393,107,21,86,286,231,55
S01010595,458,120,26,94,338,279,59
S01010596,465,114,32,82,351,260,91
S01010597,391,107,20,87,284,235,49
S01010598,600,125,28,97,475,400,75
S01010599,330,88,34,54,242,194,48
S01010600,473,123,36,87,350,279,71
S01010601,289,88,24,64,201,162,39
S01010602,318,74,13,61,244,214,30
S01010603,431,115,25,90,316,265,51
S01010604,246,77,24,53,169,134,35
S01010605,454,137,37,100,317,253,64
S01010606,390,111,31,80,279,229,50
S01010607,447,131,29,102,316,257,59
S01010608,284,91,29,62,193,168,25
S01010609,293,93,22,71,200,168,32
S01010610,328,90,25,65,238,189,49
S01010611,514,132,29,103,382,326,56
S01010612,400,120,19,101,280,238,42
S01010613,326,94,26,68,232,199,33
S01010614,260,85,19,66,175,162,13
S01010615,496,123,22,101,373,326,47
S01010616,475,139,28,111,336,291,45
S01010617,527,146,37,109,381,334,47
S01010618,479,142,35,107,337,287,50
S01010619,371,89,17,72,282,242,40
S01010620,360,84,17,67,276,237,39
S01010621,505,125,32,93,380,309,71
S01010622,313,104,14,90,209,176,33
S01010623,390,111,23,88,279,201,78
S01010624,341,87,31,56,254,211,43
S01010625,379,121,39,82,258,190,68
S01010626,389,125,32,93,264,212,52
S01010627,462,101,28,73,361,287,74
S01010628,549,129,33,96,420,347,73
S01010629,432,138,36,102,294,234,60
S01010630,298,80,15,65,218,182,36
S01010631,348,83,17,66,265,224,41
S01010632,422,119,31,88,303,263,40
S01010633,427,132,32,100,295,262,33
S01010634,321,105,25,80,216,185,31
S01010635,365,122,36,86,243,213,30
S01010636,447,114,34,80,333,256,77
S01010637,301,64,17,47,237,201,36
S01010638,362,101,26,75,261,227,34
S01010639,557,145,30,115,412,360,52
S01010640,506,116,24,92,390,324,66
S01010641,421,121,20,101,300,267,33
S01010642,394,148,26,122,246,211,35
S01010643,296,109,19,90,187,164,23
S01010644,239,89,13,76,150,131,19
S01010645,350,84,18,66,266,220,46
S01010646,369,104,28,76,265,230,35
S01010647,388,105,31,74,283,231,52
S01010648,362,93,24,69,269,226,43
S01010649,303,86,23,63,217,186,31
S01010650,248,67,26,41,181,139,42
S01010651,350,90,16,74,260,214,46
S01010652,376,98,21,77,278,228,50
S01010653,357,82,18,64,275,234,41
S01010654,408,111,22,89,297,255,42
S01010655,466,152,45,107,314,221,93
S01010656,218,67,21,46,151,118,33
S01010657,352,113,40,73,239,179,60
S01010658,375,106,26,80,269,214,55
S01010659,332,95,33,62,237,193,44
S01010660,294,85,17,68,209,163,46
S01010661,325,63,25,38,262,200,62
S01010662,398,116,30,86,282,225,57
S01010663,479,143,36,107,336,237,99
S01010664,434,127,28,99,307,227,80
S01010665,436,131,37,94,305,225,80
S01010666,447,132,31,101,315,246,69
S01010667,383,117,34,83,266,194,72
S01010668,542,136,41,95,406,263,143
S01010669,278,66,25,41,212,137,75
S01010670,354,99,25,74,255,192,63
S01010671,358,120,29,91,238,165,73
S01010672,299,80,17,63,219,160,59
S01010673,453,120,20,100,333,238,95
S01010674,485,131,29,102,354,234,120
S01010675,303,87,30,57,216,160,56
S01010676,442,135,40,95,307,216,91
S01010677,226,71,23,48,155,105,50
S01010678,309,104,23,81,205,142,63
S01010679,280,95,31,64,185,138,47
S01010680,314,105,26,79,209,159,50
S01010681,520,165,33,132,355,281,74
S01010682,500,149,49,100,351,266,85
S01010683,456,132,39,93,324,232,92
S01010684,385,108,25,83,277,171,106
S01010685,280,88,15,73,192,125,67
S01010686,344,107,32,75,237,187,50
S01010687,384,120,30,90,264,187,77
S01010688,372,108,45,63,264,162,102
S01010689,335,100,27,73,235,162,73
S01010690,334,90,23,67,244,166,78
S01010691,388,124,42,82,264,170,94
S01010692,406,128,31,97,278,205,73
S01010693,249,81,26,55,168,114,54
S01010694,239,74,24,50,165,104,61
S01010695,380,106,27,79,274,199,75
S01010696,519,136,41,95,383,293,90
S01010697,526,150,46,104,376,280,96
S01010698,350,109,34,75,241,164,77
S01010699,334,115,38,77,219,151,68
S01010700,324,104,32,72,220,163,57
S01010701,549,150,40,110,399,304,95
S01010702,511,118,32,86,393,288,105
S01010703,448,131,37,94,317,225,92
S01010704,299,82,29,53,217,177,40
S01010705,547,132,32,100,415,322,93
S01010706,315,81,23,58,234,196,38
S01010707,377,107,38,69,270,195,75
S01010708,289,86,17,69,203,168,35
S01010709,402,109,31,78,293,238,55
S01010710,341,116,26,90,225,184,41
S01010711,383,112,32,80,271,214,57
S01010712,356,116,28,88,240,203,37
S01010713,421,122,25,97,299,259,40
S01010714,310,98,26,72,212,176,36
S01010715,337,102,22,80,235,202,33
S01010716,451,115,31,84,336,290,46
S01010717,314,85,23,62,229,185,44
S01010718,498,143,40,103,355,285,70
S01010719,316,96,29,67,220,182,38
S01010720,323,122,39,83,201,154,47
S01010721,318,108,21,87,210,170,40
S01010722,406,108,24,84,298,240,58
S01010723,484,138,53,85,346,236,110
S01010724,471,144,41,103,327,246,81
S01010725,394,114,36,78,280,192,88
S01010726,432,132,34,98,300,237,63
S01010727,308,104,32,72,204,150,54
S01010728,254,69,18,51,185,133,52
S01010729,403,125,31,94,278,196,82
S01010730,454,130,35,95,324,228,96
S01010731,442,139,36,103,303,246,57
S01010732,354,123,32,91,231,187,44
S01010733,233,68,10,58,165,136,29
S01010734,383,117,30,87,266,209,57
S01010735,253,66,15,51,187,151,36
S01010736,250,60,9,51,190,138,52
S01010737,472,125,29,96,347,275,72
S01010738,263,88,25,63,175,133,42
S01010739,415,112,31,81,303,249,54
S01010740,187,64,15,49,123,97,26
S01010741,261,64,18,46,197,140,57
S01010742,334,86,26,60,248,189,59
S01010743,280,89,21,68,191,152,39
S01010744,515,148,34,114,367,267,100
S01010745,284,68,18,50,216,168,48
S01010746,512,141,34,107,371,259,112
S01010747,378,137,35,102,241,181,60
S01010748,295,85,22,63,210,148,62
S01010749,294,93,23,70,201,150,51
S01010750,280,82,20,62,198,134,64
S01010751,281,99,26,73,182,136,46
S01010752,334,95,15,80,239,181,58
S01010753,449,145,41,104,304,228,76
S01010754,290,85,14,71,205,157,48
S01010755,304,101,15,86,203,162,41
S01010756,332,98,25,73,234,169,65
S01010757,349,92,26,66,257,175,82
S01010758,296,93,25,68,203,162,41
S01010759,291,74,10,64,217,186,31
S01010760,223,61,18,43,162,121,41
S01010761,272,75,19,56,197,155,42
S01010762,271,69,13,56,202,135,67
S01010763,307,93,23,70,214,157,57
S01010764,265,82,20,62,183,125,58
S01010765,452,160,30,130,292,216,76
S01010766,314,94,19,75,220,170,50
S01010767,286,93,17,76,193,148,45
S01010768,232,78,17,61,154,119,35
S01010769,224,64,15,49,160,112,48
S01010770,428,151,27,124,277,205,72
S01010771,337,105,34,71,232,158,74
S01010772,333,101,20,81,232,160,72
S01010773,381,115,31,84,266,206,60
S01010774,314,95,28,67,219,171,48
S01010775,377,127,30,97,250,191,59
S01010776,259,78,20,58,181,149,32
S01010777,227,75,21,54,152,130,22
S01010778,193,63,9,54,130,115,15
S01010779,304,100,25,75,204,165,39
S01010780,259,78,26,52,181,146,35
S01010781,409,126,37,89,283,218,65
S01010782,245,67,18,49,178,122,56
S01010783,241,74,19,55,167,132,35
S01010784,319,113,23,90,206,171,35
S01010785,359,97,33,64,262,207,55
S01010786,347,117,35,82,230,179,51
S01010787,446,121,28,93,325,238,87
S01010788,345,102,24,78,243,171,72
S01010789,352,109,42,67,243,166,77
S01010790,336,100,40,60,236,175,61
S01010791,394,104,29,75,290,221,69
S01010792,292,88,24,64,204,169,35
S01010793,337,85,17,68,252,187,65
S01010794,283,74,23,51,209,167,42
S01010795,443,133,37,96,310,253,57
S01010796,444,103,24,79,341,243,98
S01010797,429,106,27,79,323,238,85
S01010798,325,85,23,62,240,179,61
S01010799,421,104,28,76,317,258,59
S01010800,358,106,19,87,252,228,24
S01010801,326,104,25,79,222,186,36
S01010802,293,72,21,51,221,188,33
S01010803,253,75,20,55,178,144,34
S01010804,284,77,23,54,207,150,57
S01010805,417,113,32,81,304,258,46
S01010806,393,125,30,95,268,229,39
S01010807,276,81,20,61,195,170,25
S01010808,260,64,16,48,196,175,21
S01010809,410,95,26,69,315,261,54
S01010810,198,35,9,26,163,120,43
S01010811,432,140,49,91,292,204,88
S01010812,236,65,19,46,171,111,60
S01010813,271,78,16,62,193,144,49
S01010814,319,84,30,54,235,160,75
S01010815,240,75,21,54,165,120,45
S01010816,248,82,20,62,166,118,48
S01010817,408,102,31,71,306,236,70
S01010818,459,120,35,85,339,248,91
S01010819,358,99,14,85,259,211,48
S01010820,260,68,22,46,192,141,51
S01010821,256,74,24,50,182,143,39
S01010822,350,77,15,62,273,191,82
S01010823,236,82,18,64,154,135,19
S01010824,403,94,14,80,309,256,53
S01010825,191,39,9,30,152,132,20
S01010826,350,99,23,76,251,210,41
S01010827,343,102,25,77,241,218,23
S01010828,699,194,58,136,505,399,106
S01010829,455,115,33,82,340,278,62
S01010830,296,92,35,57,204,172,32
S01010831,353,87,30,57,266,224,42
S01010832,428,117,19,98,311,289,22
S01010833,505,133,46,87,372,277,95
S01010834,441,117,35,82,324,262,62
S01010835,314,95,34,61,219,171,48
S01010836,391,88,23,65,303,251,52
S01010837,288,90,16,74,198,178,20
S01010838,417,120,26,94,297,267,30
S01010839,312,89,22,67,223,196,27
S01010840,229,42,6,36,187,159,28
S01010841,380,95,17,78,285,250,35
S01010842,321,72,13,59,249,222,27
S01010843,273,62,10,52,211,185,26
S01010844,332,93,23,70,239,202,37
S01010845,290,92,19,73,198,181,17
S01010846,380,134,24,110,246,220,26
S01010847,369,87,16,71,282,266,16
S01010848,270,83,10,73,187,169,18
S01010849,366,122,17,105,244,223,21
S01010850,296,111,17,94,185,173,12
S01010851,332,118,18,100,214,199,15
S01010852,334,103,22,81,231,211,20
S01010853,420,146,27,119,274,244,30
S01010854,379,144,24,120,235,213,22
S01010855,242,86,13,73,156,143,13
S01010856,333,100,16,84,233,218,15
S01010857,425,120,22,98,305,273,32
S01010858,303,93,16,77,210,194,16
S01010859,287,104,16,88,183,171,12
S01010860,279,95,18,77,184,169,15
S01010861,244,82,21,61,162,147,15
S01010862,176,68,12,56,108,101,7
S01010863,345,100,27,73,245,217,28
S01010864,290,89,20,69,201,168,33
S01010865,301,81,20,61,220,179,41
S01010866,267,69,22,47,198,163,35
S01010867,297,76,14,62,221,173,48
S01010868,337,98,28,70,239,207,32
S01010869,374,120,34,86,254,193,61
S01010870,381,99,28,71,282,242,40
S01010871,424,110,27,83,314,268,46
S01010872,353,89,19,70,264,225,39
S01010873,175,51,11,40,124,112,12
S01010874,403,111,29,82,292,241,51
S01010875,273,82,20,62,191,169,22
S01010876,328,101,19,82,227,205,22
S01010877,425,120,28,92,305,267,38
S01010878,424,125,30,95,299,275,24
S01010879,447,148,28,120,299,273,26
S01010880,218,78,12,66,140,130,10
S01010881,267,80,21,59,187,172,15
S01010882,298,99,23,76,199,177,22
S01010883,464,136,44,92,328,288,40
S01010884,236,75,12,63,161,143,18
S01010885,333,115,23,92,218,203,15
S01010886,209,60,7,53,149,138,11
S01010887,249,89,24,65,160,143,17
S01010888,342,95,26,69,247,233,14
S01010889,214,56,9,47,158,147,11
S01010890,227,64,15,49,163,151,12
S01010891,107,35,9,26,72,62,10
S01010892,311,96,19,77,215,200,15
S01010893,169,54,11,43,115,103,12
S01010894,289,69,5,64,220,200,20
S01010895,134,39,7,32,95,87,8
S01010896,240,82,12,70,158,142,16
S01010897,307,108,23,85,199,187,12
S01010898,244,85,15,70,159,149,10
S01010899,309,89,16,73,220,197,23
S01010900,260,92,16,76,168,149,19
S01010901,150,58,8,50,92,87,5
S01010902,409,126,26,100,283,255,28
S01010903,265,86,10,76,179,166,13
S01010904,207,67,7,60,140,129,11
S01010905,299,87,17,70,212,185,27
S01010906,443,138,21,117,305,274,31
S01010907,317,75,13,62,242,210,32
S01010908,277,78,16,62,199,171,28
S01010909,349,100,23,77,249,215,34
S01010910,179,58,8,50,121,115,6
S01010911,173,41,11,30,132,120,12
S01010912,196,59,11,48,137,120,17
S01010913,328,92,17,75,236,208,28
S01010914,376,105,17,88,271,252,19
S01010915,389,112,17,95,277,251,26
S01010916,178,46,7,39,132,123,9
S01010917,309,69,8,61,240,213,27
S01010918,277,86,19,67,191,177,14
S01010919,325,107,27,80,218,207,11
S01010920,197,68,14,54,129,108,21
S01010921,248,72,8,64,176,160,16
S01010922,301,107,26,81,194,179,15
S01010923,345,109,15,94,236,226,10
S01010924,270,81,22,59,189,170,19
S01010925,311,111,14,97,200,179,21
S01010926,313,103,23,80,210,187,23
S01010927,232,66,10,56,166,152,14
S01010928,259,87,14,73,172,151,21
S01010929,227,71,14,57,156,143,13
S01010930,520,138,38,100,382,286,96
S01010931,217,52,15,37,165,117,48
S01010932,265,86,16,70,179,155,24
S01010933,399,97,21,76,302,249,53
S01010934,549,144,49,95,405,333,72
S01010935,259,91,23,68,168,143,25
S01010936,352,81,16,65,271,246,25
S01010937,412,108,18,90,304,268,36
S01010938,327,104,24,80,223,206,17
S01010939,267,96,29,67,171,157,14
S01010940,369,109,28,81,260,230,30
S01010941,453,131,38,93,322,280,42
S01010942,336,99,26,73,237,216,21
S01010943,304,94,14,80,210,191,19
S01010944,267,84,12,72,183,169,14
S01010945,288,102,27,75,186,164,22
S01010946,407,114,23,91,293,278,15
S01010947,248,75,14,61,173,160,13
S01010948,325,96,19,77,229,208,21
S01010949,509,163,38,125,346,304,42
S01010950,380,110,22,88,270,238,32
S01010951,324,89,22,67,235,216,19
S01010952,300,83,11,72,217,186,31
S01010953,316,107,22,85,209,187,22
S01010954,393,100,20,80,293,232,61
S01010955,479,128,33,95,351,270,81
S01010956,382,100,29,71,282,202,80
S01010957,303,82,24,58,221,196,25
S01010958,231,59,17,42,172,149,23
S01010959,299,98,36,62,201,169,32
S01010960,524,146,30,116,378,322,56
S01010961,270,74,17,57,196,179,17
S01010962,262,63,10,53,199,179,20
S01010963,513,132,31,101,381,336,45
S01010964,255,86,21,65,169,156,13
S01010965,243,79,16,63,164,144,20
S01010966,333,106,21,85,227,210,17
S01010967,311,95,17,78,216,190,26
S01010968,341,89,18,71,252,236,16
S01010969,274,60,15,45,214,190,24
S01010970,477,144,29,115,333,282,51
S01010971,559,164,35,129,395,352,43
S01010972,376,118,22,96,258,235,23
S01010973,247,79,21,58,168,154,14
S01010974,342,104,16,88,238,223,15
S01010975,203,64,17,47,139,128,11
S01010976,267,80,18,62,187,165,22
S01010977,370,98,20,78,272,250,22
S01010978,335,98,24,74,237,211,26
S01010979,392,121,24,97,271,249,22
S01010980,342,111,18,93,231,207,24
S01010981,312,88,13,75,224,206,18
S01010982,566,150,28,122,416,328,88
S01010983,388,95,19,76,293,261,32
S01010984,269,84,24,60,185,146,39
S01010985,302,89,16,73,213,196,17
S01010986,304,88,27,61,216,187,29
S01010987,349,104,21,83,245,192,53
S01010988,348,102,28,74,246,199,47
S01010989,625,133,33,100,492,432,60
S01010990,378,110,20,90,268,250,18
S01010991,291,65,18,47,226,197,29
S01010992,316,66,16,50,250,204,46
S01010993,336,88,17,71,248,219,29
S01010994,536,139,37,102,397,312,85
S01010995,406,137,32,105,269,238,31
S01010996,320,90,26,64,230,187,43
S01010997,289,75,14,61,214,179,35
S01010998,289,75,19,56,214,167,47
S01010999,381,106,27,79,275,217,58
S01011000,439,118,31,87,321,260,61
S01011001,315,86,26,60,229,206,23
S01011002,331,94,20,74,237,215,22
S01011003,321,108,22,86,213,199,14
S01011004,340,92,19,73,248,211,37
S01011005,295,85,24,61,210,193,17
S01011006,554,119,27,92,435,373,62
S01011007,305,94,27,67,211,203,8
S01011008,361,101,34,67,260,236,24
S01011009,281,85,15,70,196,183,13
S01011010,264,56,16,40,208,187,21
S01011011,314,93,12,81,221,199,22
S01011012,273,96,16,80,177,165,12
S01011013,367,111,16,95,256,230,26
S01011014,458,127,27,100,331,305,26
S01011015,241,74,14,60,167,148,19
S01011016,495,114,26,88,381,316,65
S01011017,438,130,40,90,308,238,70
S01011018,423,112,27,85,311,280,31
S01011019,530,149,37,112,381,293,88
S01011020,255,59,21,38,196,166,30
S01011021,395,113,20,93,282,260,22
S01011022,269,88,15,73,181,170,11
S01011023,409,119,22,97,290,257,33
S01011024,321,103,13,90,218,196,22
S01011025,351,119,25,94,232,211,21
S01011026,265,72,10,62,193,175,18
S01011027,386,108,17,91,278,262,16
S01011028,371,117,25,92,254,237,17
S01011029,297,80,20,60,217,206,11
S01011030,552,137,22,115,415,376,39
S01011031,309,101,14,87,208,197,11
S01011032,355,113,20,93,242,221,21
S01011033,360,83,23,60,277,255,22
S01011034,299,87,20,67,212,187,25
S01011035,311,89,17,72,222,213,9
S01011036,341,94,19,75,247,224,23
S01011037,415,127,23,104,288,254,34
S01011038,348,109,22,87,239,214,25
S01011039,400,92,13,79,308,270,38
S01011040,308,86,13,73,222,207,15
S01011041,278,96,13,83,182,167,15
S01011042,430,110,24,86,320,282,38
S01011043,302,90,13,77,212,195,17
S01011044,309,93,26,67,216,193,23
S01011045,386,116,45,71,270,169,101
S01011046,458,110,33,77,348,222,126
S01011047,465,123,37,86,342,251,91
S01011048,470,145,41,104,325,238,87
S01011049,351,99,23,76,252,210,42
S01011050,411,107,37,70,304,228,76
S01011051,476,154,43,111,322,248,74
S01011052,370,109,22,87,261,210,51
S01011053,293,71,11,60,222,185,37
S01011054,279,86,17,69,193,151,42
S01011055,297,78,12,66,219,155,64
S01011056,372,105,34,71,267,166,101
S01011057,313,83,24,59,230,179,51
S01011058,348,99,25,74,249,167,82
S01011059,323,102,37,65,221,150,71
S01011060,394,127,34,93,267,204,63
S01011061,425,137,33,104,288,224,64
S01011062,486,140,42,98,346,276,70
S01011063,462,162,37,125,300,252,48
S01011064,517,134,36,98,383,304,79
S01011065,327,100,36,64,227,140,87
S01011066,231,73,18,55,158,99,59
S01011067,236,69,22,47,167,109,58
S01011068,242,77,31,46,165,99,66
S01011069,244,80,30,50,164,113,51
S01011070,310,95,31,64,215,136,79
S01011071,388,105,37,68,283,175,108
S01011072,516,159,47,112,357,231,126
S01011073,354,120,46,74,234,159,75
S01011074,320,102,29,73,218,123,95
S01011075,313,105,23,82,208,142,66
S01011076,331,94,25,69,237,147,90
S01011077,300,124,22,102,176,117,59
S01011078,532,163,52,111,369,231,138
S01011079,541,150,42,108,391,253,138
S01011080,468,139,45,94,329,207,122
S01011081,380,134,34,100,246,170,76
S01011082,212,72,15,57,140,89,51
S01011083,370,127,26,101,243,166,77
S01011084,372,111,35,76,261,188,73
S01011085,442,134,33,101,308,257,51
S01011086,311,80,22,58,231,176,55
S01011087,286,69,15,54,217,182,35
S01011088,457,123,39,84,334,247,87
S01011089,276,98,25,73,178,142,36
S01011090,369,97,36,61,272,176,96
S01011091,360,98,19,79,262,178,84
S01011092,186,74,18,56,112,88,24
S01011093,336,86,21,65,250,172,78
S01011094,275,89,25,64,186,127,59
S01011095,436,110,26,84,326,245,81
S01011096,315,70,18,52,245,187,58
S01011097,376,121,35,86,255,190,65
S01011098,402,112,21,91,290,236,54
S01011099,411,127,25,102,284,232,52
S01011100,209,56,12,44,153,121,32
S01011101,272,93,21,72,179,155,24
S01011102,301,85,14,71,216,184,32
S01011103,276,80,24,56,196,164,32
S01011104,280,78,25,53,202,157,45
S01011105,408,97,11,86,311,254,57
S01011106,451,130,21,109,321,275,46
S01011107,488,130,28,102,358,280,78
S01011108,299,106,22,84,193,165,28
S01011109,434,113,25,88,321,271,50
S01011110,369,119,32,87,250,213,37
S01011111,422,146,30,116,276,218,58
S01011112,514,141,41,100,373,291,82
S01011113,486,140,34,106,346,301,45
S01011114,403,104,32,72,299,236,63
S01011115,461,151,33,118,310,269,41
S01011116,333,96,21,75,237,194,43
S01011117,371,93,24,69,278,209,69
S01011118,413,108,26,82,305,238,67
S01011119,427,122,36,86,305,245,60
S01011120,297,82,28,54,215,154,61
S01011121,290,71,14,57,219,180,39
S01011122,337,90,11,79,247,205,42
S01011123,565,166,35,131,399,336,63
S01011124,345,107,34,73,238,191,47
S01011125,268,90,18,72,178,156,22
S01011126,250,81,23,58,169,143,26
S01011127,241,56,14,42,185,160,25
S01011128,362,107,24,83,255,211,44
S01011129,489,140,46,94,349,247,102
S01011130,273,64,12,52,209,182,27
S01011131,352,81,17,64,271,216,55
S01011132,465,129,49,80,336,241,95
S01011133,219,61,15,46,158,123,35
S01011134,400,103,25,78,297,225,72
S01011135,379,124,19,105,255,209,46
S01011136,326,92,25,67,234,173,61
S01011137,240,74,18,56,166,125,41
S01011138,335,102,19,83,233,189,44
S01011139,977,99,23,76,878,727,151
S01011140,278,78,16,62,200,164,36
S01011141,280,96,20,76,184,156,28
S01011142,435,107,23,84,328,241,87
S01011143,460,157,50,107,303,227,76
S01011144,370,121,40,81,249,180,69
S01011145,336,101,26,75,235,168,67
S01011146,345,100,24,76,245,192,53
S01011147,531,145,28,117,386,314,72
S01011148,419,93,24,69,326,218,108
S01011149,545,107,33,74,438,336,102
S01011150,247,44,7,37,203,169,34
S01011151,275,67,21,46,208,170,38
S01011152,332,103,26,77,229,186,43
S01011153,385,113,35,78,272,226,46
S01011154,248,82,14,68,166,141,25
S01011155,274,101,23,78,173,140,33
S01011156,307,80,24,56,227,189,38
S01011157,304,87,26,61,217,184,33
S01011158,228,76,20,56,152,115,37
S01011159,222,68,17,51,154,131,23
S01011160,479,141,25,116,338,290,48
S01011161,301,108,19,89,193,170,23
S01011162,200,64,16,48,136,115,21
S01011163,406,132,28,104,274,239,35
S01011164,341,117,25,92,224,179,45
S01011165,311,101,24,77,210,183,27
S01011166,235,86,26,60,149,117,32
S01011167,358,106,28,78,252,191,61
S01011168,429,125,34,91,304,208,96
S01011169,522,144,43,101,378,307,71
S01011170,432,141,36,105,291,231,60
S01011171,463,135,39,96,328,233,95
S01011172,351,113,32,81,238,170,68
S01011173,236,69,21,48,167,120,47
S01011174,186,53,14,39,133,102,31
S01011175,217,73,10,63,144,124,20
S01011176,225,57,16,41,168,125,43
S01011177,423,135,28,107,288,231,57
S01011178,218,52,10,42,166,137,29
S01011179,281,85,24,61,196,170,26
S01011180,220,71,13,58,149,128,21
S01011181,254,72,20,52,182,134,48
S01011182,219,65,15,50,154,112,42
S01011183,265,79,18,61,186,152,34
S01011184,428,117,21,96,311,254,57
S01011185,320,86,22,64,234,212,22
S01011186,387,117,29,88,270,232,38
S01011187,346,106,23,83,240,210,30
S01011188,422,134,19,115,288,261,27
S01011189,400,98,19,79,302,270,32
S01011190,264,75,21,54,189,164,25
S01011191,240,68,9,59,172,160,12
S01011192,335,85,11,74,250,231,19
S01011193,287,83,18,65,204,185,19
S01011194,275,97,23,74,178,158,20
S01011195,352,106,18,88,246,234,12
S01011196,357,104,15,89,253,227,26
S01011197,314,111,18,93,203,182,21
S01011198,264,86,14,72,178,159,19
S01011199,367,94,17,77,273,247,26
S01011200,355,86,16,70,269,240,29
S01011201,297,82,14,68,215,195,20
S01011202,377,121,24,97,256,237,19
S01011203,381,100,21,79,281,248,33
S01011204,296,83,20,63,213,182,31
S01011205,392,106,24,82,286,239,47
S01011206,397,100,19,81,297,256,41
S01011207,353,95,15,80,258,229,29
S01011208,523,145,31,114,378,334,44
S01011209,276,91,12,79,185,169,16
S01011210,368,104,28,76,264,217,47
S01011211,380,113,34,79,267,239,28
S01011212,226,79,13,66,147,129,18
S01011213,417,149,32,117,268,234,34
S01011214,312,117,21,96,195,176,19
S01011215,201,83,13,70,118,103,15
S01011216,183,64,12,52,119,105,14
S01011217,295,111,24,87,184,165,19
S01011218,214,77,12,65,137,121,16
S01011219,317,106,24,82,211,195,16
S01011220,365,109,26,83,256,228,28
S01011221,428,135,30,105,293,265,28
S01011222,275,85,19,66,190,172,18
S01011223,366,113,24,89,253,236,17
S01011224,268,82,17,65,186,166,20
S01011225,253,88,10,78,165,138,27
S01011226,411,118,25,93,293,260,33
S01011227,320,92,23,69,228,198,30
S01011228,308,85,16,69,223,190,33
S01011229,166,49,12,37,117,101,16
S01011230,261,91,19,72,170,156,14
S01011231,207,70,12,58,137,125,12
S01011232,446,118,26,92,328,278,50
S01011233,119,32,3,29,87,73,14
S01011234,364,126,24,102,238,207,31
S01011235,121,34,5,29,87,76,11
S01011236,236,70,7,63,166,146,20
S01011237,277,100,19,81,177,152,25
S01011238,216,79,11,68,137,119,18
S01011239,253,85,17,68,168,145,23
S01011240,248,64,13,51,184,163,21
S01011241,406,108,19,89,298,257,41
S01011242,298,96,23,73,202,168,34
S01011243,283,86,20,66,197,169,28
S01011244,246,76,19,57,170,143,27
S01011245,305,116,21,95,189,169,20
S01011246,415,118,26,92,297,253,44
S01011247,340,89,22,67,251,215,36
S01011248,386,129,20,109,257,220,37
S01011249,368,97,22,75,271,238,33
S01011250,422,156,27,129,266,228,38
S01011251,365,120,20,100,245,209,36
S01011252,307,107,12,95,200,173,27
S01011253,324,130,15,115,194,174,20
S01011254,527,149,37,112,378,323,55
S01011255,423,102,22,80,321,269,52
S01011256,249,68,12,56,181,150,31
S01011257,160,56,17,39,104,90,14
S01011258,267,71,20,51,196,172,24
S01011259,313,86,14,72,227,192,35
S01011260,302,91,23,68,211,189,22
S01011261,268,96,24,72,172,150,22
S01011262,205,70,10,60,135,121,14
S01011263,524,140,18,122,384,337,47
S01011264,267,98,20,78,169,145,24
S01011265,376,155,17,138,221,202,19
S01011266,378,121,20,101,257,222,35
S01011267,246,62,14,48,184,159,25
S01011268,160,46,12,34,114,102,12
S01011269,187,64,12,52,123,108,15
S01011270,284,75,16,59,209,186,23
S01011271,297,93,28,65,204,180,24
S01011272,289,79,23,56,210,188,22
S01011273,319,100,16,84,219,201,18
S01011274,351,110,20,90,241,218,23
S01011275,231,85,13,72,146,132,14
S01011276,370,127,26,101,243,216,27
S01011277,371,89,28,61,282,252,30
S01011278,307,71,9,62,236,212,24
S01011279,322,71,10,61,251,220,31
S01011280,283,77,22,55,206,170,36
S01011281,346,86,27,59,260,221,39
S01011282,495,124,22,102,371,330,41
S01011283,426,103,23,80,323,273,50
S01011284,348,82,16,66,266,224,42
S01011285,307,101,20,81,206,195,11
S01011286,289,99,21,78,190,170,20
S01011287,330,111,17,94,219,202,17
S01011288,323,117,16,101,206,184,22
S01011289,378,133,28,105,245,213,32
S01011290,443,153,33,120,290,256,34
S01011291,329,93,16,77,236,220,16
S01011292,239,72,10,62,167,146,21
S01011293,295,107,22,85,188,172,16
S01011294,275,76,15,61,199,177,22
S01011295,435,111,32,79,324,268,56
S01011296,220,68,17,51,152,133,19
S01011297,362,131,33,98,231,208,23
S01011298,230,84,27,57,146,130,16
S01011299,267,68,20,48,199,119,80
S01011300,359,110,25,85,249,228,21
S01011301,329,75,15,60,254,202,52
S01011302,293,73,17,56,220,194,26
S01011303,523,138,43,95,385,333,52
S01011304,280,85,26,59,195,171,24
S01011305,365,86,22,64,279,249,30
S01011306,201,50,12,38,151,130,21
S01011307,219,45,11,34,174,107,67
S01011308,221,57,9,48,164,106,58
S01011309,311,89,25,64,222,165,57
S01011310,297,85,20,65,212,174,38
S01011311,333,99,27,72,234,183,51
S01011312,476,126,37,89,350,257,93
S01011313,328,99,25,74,229,196,33
S01011314,515,153,39,114,362,294,68
S01011315,170,63,13,50,107,89,18
S01011316,290,99,18,81,191,162,29
S01011317,260,85,23,62,175,137,38
S01011318,355,93,23,70,262,222,40
S01011319,318,100,35,65,218,182,36
S01011320,211,61,17,44,150,128,22
S01011321,326,107,30,77,219,193,26
S01011322,296,99,32,67,197,171,26
S01011323,412,123,33,90,289,258,31
S01011324,187,70,18,52,117,92,25
S01011325,293,92,19,73,201,174,27
S01011326,272,88,13,75,184,149,35
S01011327,233,71,21,50,162,129,33
S01011328,277,83,16,67,194,140,54
S01011329,339,111,23,88,228,184,44
S01011330,311,96,27,69,215,184,31
S01011331,265,67,18,49,198,165,33
S01011332,374,98,21,77,276,219,57
S01011333,260,71,28,43,189,128,61
S01011334,384,96,32,64,288,195,93
S01011335,384,118,43,75,266,208,58
S01011336,262,86,16,70,176,151,25
S01011337,316,87,30,57,229,160,69
S01011338,295,71,14,57,224,191,33
S01011339,229,69,9,60,160,143,17
S01011340,272,79,12,67,193,168,25
S01011341,332,91,10,81,241,208,33
S01011342,333,72,11,61,261,227,34
S01011343,326,89,15,74,237,207,30
S01011344,323,102,25,77,221,195,26
S01011345,309,111,21,90,198,170,28
S01011346,291,80,11,69,211,186,25
S01011347,432,114,23,91,318,286,32
S01011348,373,90,27,63,283,249,34
S01011349,555,123,30,93,432,360,72
S01011350,318,87,18,69,231,195,36
S01011351,265,78,22,56,187,171,16
S01011352,301,81,20,61,220,188,32
S01011353,296,78,17,61,218,199,19
S01011354,339,98,14,84,241,199,42
S01011355,440,107,30,77,333,278,55
S01011356,519,109,26,83,410,281,129
S01011357,386,111,25,86,275,243,32
S01011358,333,88,20,68,245,215,30
S01011359,298,70,13,57,228,193,35
S01011360,318,94,20,74,224,200,24
S01011361,193,58,11,47,135,118,17
S01011362,322,65,14,51,257,211,46
S01011363,358,88,22,66,270,244,26
S01011364,326,88,21,67,238,216,22
S01011365,343,85,16,69,258,225,33
S01011366,189,40,6,34,149,136,13
S01011367,360,96,15,81,264,238,26
S01011368,528,118,21,97,410,348,62
S01011369,354,102,24,78,252,231,21
S01011370,466,88,11,77,378,349,29
S01011371,397,108,20,88,289,252,37
S01011372,257,70,14,56,187,167,20
S01011373,252,73,11,62,179,161,18
S01011374,392,84,20,64,308,286,22
S01011375,310,94,20,74,216,190,26
S01011376,205,59,6,53,146,132,14
S01011377,317,69,27,42,248,209,39
S01011378,354,103,31,72,251,218,33
S01011379,526,129,30,99,397,324,73
S01011380,341,91,27,64,250,219,31
S01011381,307,69,8,61,238,214,24
S01011382,270,69,15,54,201,182,19
S01011383,232,81,15,66,151,134,17
S01011384,206,78,15,63,128,116,12
S01011385,357,112,17,95,245,227,18
S01011386,206,81,15,66,125,114,11
S01011387,302,86,15,71,216,197,19
S01011388,605,140,26,114,465,408,57
S01011389,355,96,23,73,259,235,24
S01011390,328,97,21,76,231,210,21
S01011391,284,101,17,84,183,160,23
S01011392,282,95,20,75,187,168,19
S01011393,355,95,20,75,260,227,33
S01011394,320,79,25,54,241,194,47
S01011395,324,85,19,66,239,221,18
S01011396,315,74,12,62,241,213,28
S01011397,308,84,21,63,224,203,21
S01011398,280,83,21,62,197,175,22
S01011399,218,68,18,50,150,142,8
S01011400,362,72,15,57,290,258,32
S01011401,283,56,14,42,227,203,24
S01011402,357,95,21,74,262,231,31
S01011403,279,83,21,62,196,163,33
S01011404,385,97,26,71,288,258,30
S01011405,274,66,14,52,208,175,33
S01011406,302,79,14,65,223,196,27
S01011407,519,125,28,97,394,353,41
S01011408,365,115,27,88,250,232,18
S01011409,343,115,23,92,228,198,30
S01011410,299,81,17,64,218,197,21
S01011411,307,100,19,81,207,192,15
S01011412,437,106,27,79,331,291,40
S01011413,332,75,22,53,257,233,24
S01011414,351,95,17,78,256,229,27
S01011415,440,112,22,90,328,290,38
S01011416,355,86,25,61,269,237,32
S01011417,353,82,16,66,271,234,37
S01011418,229,66,13,53,163,149,14
S01011419,255,73,10,63,182,160,22
S01011420,183,52,11,41,131,122,9
S01011421,318,54,6,48,264,227,37
S01011422,268,78,8,70,190,162,28
S01011423,171,50,9,41,121,107,14
S01011424,264,73,12,61,191,179,12
S01011425,334,81,11,70,253,211,42
S01011426,539,102,13,89,437,359,78
S01011427,293,64,11,53,229,202,27
S01011428,237,53,9,44,184,164,20
S01011429,471,125,36,89,346,261,85
S01011430,479,119,19,100,360,305,55
S01011431,471,125,23,102,346,309,37
S01011432,482,115,23,92,367,339,28
S01011433,349,116,19,97,233,209,24
S01011434,272,64,7,57,208,184,24
S01011435,500,106,25,81,394,331,63
S01011436,316,74,10,64,242,217,25
S01011437,311,71,15,56,240,218,22
S01011438,209,53,11,42,156,141,15
S01011439,395,84,16,68,311,264,47
S01011440,260,54,7,47,206,188,18
S01011441,354,78,12,66,276,241,35
S01011442,280,73,9,64,207,190,17
S01011443,254,69,13,56,185,162,23
S01011444,289,72,11,61,217,194,23
S01011445,252,57,12,45,195,170,25
S01011446,254,63,13,50,191,149,42
S01011447,385,109,18,91,276,250,26
S01011448,475,128,26,102,347,302,45
S01011449,225,52,7,45,173,160,13
S01011450,315,81,23,58,234,185,49
S01011451,387,105,24,81,282,206,76
S01011452,517,120,23,97,397,326,71
S01011453,320,96,23,73,224,189,35
S01011454,343,115,18,97,228,210,18
S01011455,300,103,14,89,197,164,33
S01011456,341,94,17,77,247,224,23
S01011457,411,132,34,98,279,250,29
S01011458,658,162,38,124,496,447,49
S01011459,561,139,15,124,422,369,53
S01011460,339,102,25,77,237,209,28
S01011461,340,93,20,73,247,220,27
S01011462,464,125,24,101,339,307,32
S01011463,340,106,23,83,234,205,29
S01011464,344,61,16,45,283,236,47
S01011465,198,70,11,59,128,108,20
S01011466,238,71,15,56,167,150,17
S01011467,261,66,13,53,195,174,21
S01011468,519,101,17,84,418,366,52
S01011469,353,102,15,87,251,231,20
S01011470,499,125,22,103,374,327,47
S01011471,390,105,24,81,285,248,37
S01011472,341,67,17,50,274,251,23
S01011473,218,60,10,50,158,141,17
S01011474,282,70,11,59,212,185,27
S01011475,191,50,8,42,141,134,7
S01011476,273,71,17,54,202,175,27
S01011477,423,115,31,84,308,273,35
S01011478,565,135,38,97,430,352,78
S01011479,405,90,26,64,315,265,50
S01011480,538,129,36,93,409,335,74
S01011481,446,109,20,89,337,304,33
S01011482,368,90,14,76,278,253,25
S01011483,291,70,16,54,221,201,20
S01011484,353,100,17,83,253,227,26
S01011485,340,111,20,91,229,208,21
S01011486,181,53,10,43,128,112,16
S01011487,487,140,24,116,347,310,37
S01011488,239,91,18,73,148,132,16
S01011489,425,109,27,82,316,277,39
S01011490,477,96,10,86,381,343,38
S01011491,210,55,9,46,155,140,15
S01011492,334,84,15,69,250,220,30
S01011493,328,76,22,54,252,235,17
S01011494,338,89,19,70,249,221,28
S01011495,328,90,14,76,238,218,20
S01011496,259,89,10,79,170,150,20
S01011497,358,79,17,62,279,248,31
S01011498,421,117,22,95,304,276,28
S01011499,451,99,23,76,352,309,43
S01011500,259,78,23,55,181,157,24
S01011501,267,81,19,62,186,169,17
S01011502,353,101,19,82,252,219,33
S01011503,284,73,12,61,211,191,20
S01011504,255,68,12,56,187,159,28
S01011505,300,83,10,73,217,195,22
S01011506,220,71,11,60,149,132,17
S01011507,278,76,13,63,202,186,16
S01011508,528,120,25,95,408,354,54
S01011509,320,74,12,62,246,210,36
S01011510,431,110,21,89,321,292,29
S01011511,211,62,10,52,149,141,8
S01011512,310,82,16,66,228,207,21
S01011513,305,94,8,86,211,193,18
S01011514,396,133,24,109,263,245,18
S01011515,312,77,9,68,235,205,30
S01011516,532,112,23,89,420,371,49
S01011517,259,75,14,61,184,164,20
S01011518,242,61,11,50,181,161,20
S01011519,347,98,14,84,249,233,16
S01011520,218,80,15,65,138,126,12
S01011521,386,103,15,88,283,261,22
S01011522,403,104,19,85,299,263,36
S01011523,368,93,21,72,275,240,35
S01011524,529,131,25,106,398,357,41
S01011525,483,136,21,115,347,299,48
S01011526,489,122,31,91,367,329,38
S01011527,337,73,20,53,264,226,38
S01011528,415,120,26,94,295,263,32
S01011529,196,62,9,53,134,123,11
S01011530,435,102,18,84,333,302,31
S01011531,573,124,32,92,449,379,70
S01011532,352,86,21,65,266,215,51
S01011533,239,67,10,57,172,147,25
S01011534,336,91,14,77,245,207,38
S01011535,284,73,11,62,211,185,26
S01011536,397,96,19,77,301,263,38
S01011537,338,53,12,41,285,262,23
S01011538,367,80,23,57,287,255,32
S01011539,309,82,12,70,227,205,22
S01011540,517,138,21,117,379,334,45
S01011541,407,137,25,112,270,247,23
S01011542,413,108,14,94,305,276,29
S01011543,328,94,10,84,234,214,20
S01011544,283,70,5,65,213,199,14
S01011545,262,78,16,62,184,167,17
S01011546,437,127,32,95,310,258,52
S01011547,335,93,17,76,242,207,35
S01011548,339,83,11,72,256,223,33
S01011549,403,109,28,81,294,260,34
S01011550,381,125,25,100,256,229,27
S01011551,259,62,26,36,197,171,26
S01011552,393,118,32,86,275,248,27
S01011553,475,113,29,84,362,295,67
S01011554,388,111,16,95,277,232,45
S01011555,269,92,17,75,177,161,16
S01011556,212,59,11,48,153,139,14
S01011557,350,94,15,79,256,239,17
S01011558,273,89,13,76,184,170,14
S01011559,252,67,15,52,185,171,14
S01011560,343,88,15,73,255,234,21
S01011561,325,102,18,84,223,207,16
S01011562,263,98,19,79,165,143,22
S01011563,304,110,22,88,194,182,12
S01011564,483,130,31,99,353,310,43
S01011565,467,124,25,99,343,312,31
S01011566,384,111,18,93,273,249,24
S01011567,404,123,23,100,281,254,27
S01011568,403,110,14,96,293,249,44
S01011569,445,110,23,87,335,291,44
S01011570,308,93,13,80,215,193,22
S01011571,280,75,10,65,205,184,21
S01011572,273,62,12,50,211,181,30
S01011573,557,134,23,111,423,369,54
S01011574,402,107,14,93,295,268,27
S01011575,216,53,14,39,163,149,14
S01011576,256,89,15,74,167,152,15
S01011577,351,95,22,73,256,225,31
S01011578,380,122,25,97,258,231,27
S01011579,560,145,49,96,415,344,71
S01011580,331,97,15,82,234,199,35
S01011581,287,95,16,79,192,175,17
S01011582,614,157,38,119,457,378,79
S01011583,335,86,13,73,249,224,25
S01011584,324,86,12,74,238,228,10
S01011585,323,94,16,78,229,211,18
S01011586,257,65,6,59,192,182,10
S01011587,248,81,15,66,167,152,15
S01011588,330,90,11,79,240,214,26
S01011589,389,110,22,88,279,239,40
S01011590,296,74,10,64,222,205,17
S01011591,247,58,11,47,189,162,27
S01011592,279,80,10,70,199,187,12
S01011593,339,86,9,77,253,223,30
S01011594,212,58,12,46,154,138,16
S01011595,344,62,18,44,282,243,39
S01011596,514,119,23,96,395,349,46
S01011597,323,74,22,52,249,224,25
S01011598,265,76,12,64,189,170,19
S01011599,360,91,13,78,269,251,18
S01011600,334,67,16,51,267,240,27
S01011601,494,139,26,113,355,316,39
S01011602,263,58,3,55,205,178,27
S01011603,284,74,15,59,210,186,24
S01011604,263,91,10,81,172,164,8
S01011605,373,104,17,87,269,242,27
S01011606,602,143,31,112,459,401,58
S01011607,336,73,20,53,263,224,39
S01011608,567,127,24,103,440,374,66
S01011609,356,116,18,98,240,212,28
S01011610,340,111,22,89,229,213,16
S01011611,357,107,21,86,250,221,29
S01011612,393,74,11,63,319,264,55
S01011613,488,142,30,112,346,288,58
S01011614,238,53,14,39,185,151,34
S01011615,291,76,11,65,215,188,27
S01011616,149,30,2,28,119,100,19
S01011617,365,95,18,77,270,239,31
S01011618,259,70,12,58,189,163,26
S01011619,601,117,19,98,484,416,68
S01011620,664,122,25,97,542,458,84
S01011621,379,93,17,76,286,255,31
S01011622,363,67,14,53,296,243,53
S01011623,298,79,14,65,219,188,31
S01011624,378,84,6,78,294,254,40
S01011625,267,65,14,51,202,184,18
S01011626,484,127,32,95,357,292,65
S01011627,430,105,16,89,325,285,40
S01011628,555,143,37,106,412,363,49
S01011629,250,74,13,61,176,162,14
S01011630,275,82,15,67,193,171,22
S01011631,225,64,9,55,161,144,17
S01011632,333,90,14,76,243,224,19
S01011633,279,80,18,62,199,182,17
S01011634,212,58,11,47,154,138,16
S01011635,282,76,16,60,206,192,14
S01011636,279,80,13,67,199,183,16
S01011637,291,78,15,63,213,190,23
S01011638,223,52,9,43,171,142,29
S01011639,227,71,7,64,156,143,13
S01011640,288,78,19,59,210,186,24
S01011641,249,74,21,53,175,151,24
S01011642,402,108,14,94,294,254,40
S01011643,307,83,19,64,224,188,36
S01011644,319,77,16,61,242,214,28
S01011645,228,72,7,65,156,137,19
S01011646,352,95,19,76,257,218,39
S01011647,496,109,17,92,387,342,45
S01011648,365,69,9,60,296,252,44
S01011649,237,50,9,41,187,167,20
S01011650,331,68,13,55,263,228,35
S01011651,442,102,20,82,340,306,34
S01011652,419,106,22,84,313,276,37
S01011653,373,105,18,87,268,242,26
S01011654,401,81,19,62,320,275,45
S01011655,341,100,16,84,241,218,23
S01011656,232,76,14,62,156,146,10
S01011657,204,57,16,41,147,128,19
S01011658,297,72,9,63,225,196,29
S01011659,321,94,20,74,227,204,23
S01011660,483,133,31,102,350,317,33
S01011661,237,62,10,52,175,155,20
S01011662,367,90,17,73,277,231,46
S01011663,405,124,19,105,281,255,26
S01011664,375,94,19,75,281,260,21
S01011665,354,94,19,75,260,231,29
S01011666,313,88,20,68,225,200,25
S01011667,326,82,18,64,244,208,36
S01011668,406,130,24,106,276,247,29
S01011669,285,88,21,67,197,168,29
S01011670,239,72,10,62,167,144,23
S01011671,305,73,24,49,232,198,34
S01011672,235,61,15,46,174,145,29
S01011673,298,107,25,82,191,175,16
S01011674,496,105,15,90,391,350,41
S01011675,389,98,13,85,291,250,41
S01011676,271,80,9,71,191,171,20
S01011677,306,74,18,56,232,195,37
S01011678,168,58,9,49,110,86,24
S01011679,324,71,14,57,253,218,35
S01011680,413,103,16,87,310,267,43
S01011681,392,90,19,71,302,248,54
S01011682,223,47,6,41,176,124,52
S01011683,356,87,25,62,269,220,49
S01011684,241,64,20,44,177,137,40
S01011685,471,112,29,83,359,304,55
S01011686,472,106,22,84,366,309,57
S01011687,382,89,18,71,293,251,42
S01011688,425,98,16,82,327,263,64
S01011689,374,91,22,69,283,233,50
S01011690,523,115,20,95,408,346,62
S01011691,315,79,11,68,236,203,33
S01011692,442,116,23,93,326,275,51
S01011693,442,94,18,76,348,295,53
S01011694,300,67,11,56,233,204,29
S01011695,528,130,24,106,398,338,60
S01011696,607,134,27,107,473,398,75
S01011697,537,104,22,82,433,356,77
S01011698,303,86,13,73,217,198,19
S01011699,480,125,39,86,355,319,36
S01011700,352,98,20,78,254,219,35
S01011701,550,146,33,113,404,324,80
S01011702,340,94,26,68,246,215,31
S01011703,323,91,27,64,232,177,55
S01011704,400,93,22,71,307,252,55
S01011705,343,92,22,70,251,225,26
S01011706,462,119,29,90,343,291,52
S01011707,345,105,14,91,240,211,29
S01011708,416,123,16,107,293,259,34
S01011709,456,133,34,99,323,275,48
S01011710,263,90,11,79,173,159,14
S01011711,267,77,10,67,190,176,14
S01011712,280,69,11,58,211,180,31
S01011713,456,110,27,83,346,306,40
S01011714,331,81,15,66,250,218,32
S01011715,259,70,6,64,189,170,19
S01011716,514,114,22,92,400,349,51
S01011717,384,107,16,91,277,241,36
S01011718,473,89,10,79,384,326,58
S01011719,431,101,30,71,330,277,53
S01011720,299,69,18,51,230,194,36
S01011721,324,85,21,64,239,221,18
S01011722,289,72,16,56,217,190,27
S01011723,451,104,24,80,347,300,47
S01011724,393,93,19,74,300,253,47
S01011725,404,91,26,65,313,267,46
S01011726,328,78,17,61,250,226,24
S01011727,456,110,23,87,346,262,84
S01011728,492,134,28,106,358,321,37
S01011729,285,76,18,58,209,187,22
S01011730,459,103,21,82,356,315,41
S01011731,404,129,26,103,275,244,31
S01011732,454,106,29,77,348,296,52
S01011733,409,125,20,105,284,263,21
S01011734,380,103,27,76,277,240,37
S01011735,359,102,25,77,257,225,32
S01011736,368,111,21,90,257,235,22
S01011737,283,79,21,58,204,183,21
S01011738,476,109,18,91,367,316,51
S01011739,238,70,12,58,168,156,12
S01011740,283,90,18,72,193,183,10
S01011741,292,79,10,69,213,199,14
S01011742,347,100,21,79,247,220,27
S01011743,397,98,19,79,299,275,24
S01011744,364,89,23,66,275,247,28
S01011745,270,73,15,58,197,182,15
S01011746,230,73,8,65,157,145,12
S01011747,374,114,25,89,260,237,23
S01011748,370,110,12,98,260,239,21
S01011749,295,72,20,52,223,201,22
S01011750,369,98,16,82,271,238,33
S01011751,454,127,20,107,327,293,34
S01011752,486,120,27,93,366,330,36
S01011753,372,86,17,69,286,255,31
S01011754,330,105,19,86,225,203,22
S01011755,481,117,19,98,364,321,43
S01011756,467,127,29,98,340,311,29
S01011757,315,88,18,70,227,199,28
S01011758,313,88,22,66,225,200,25
S01011759,368,116,23,93,252,221,31
S01011760,428,102,27,75,326,290,36
S01011761,317,80,9,71,237,214,23
S01011762,294,81,11,70,213,181,32
S01011763,386,110,22,88,276,233,43
S01011764,206,59,11,48,147,133,14
S01011765,597,160,39,121,437,373,64
S01011766,282,71,13,58,211,175,36
S01011767,391,104,25,79,287,255,32
S01011768,334,101,20,81,233,213,20
S01011769,266,63,9,54,203,185,18
S01011770,357,88,16,72,269,240,29
S01011771,401,105,18,87,296,253,43
S01011772,587,159,43,116,428,319,109
S01011773,371,93,26,67,278,233,45
S01011774,492,132,27,105,360,294,66
S01011775,383,92,23,69,291,246,45
S01011776,588,138,28,110,450,373,77
S01011777,349,80,20,60,269,228,41
S01011778,363,89,21,68,274,230,44
S01011779,417,111,21,90,306,259,47
S01011780,520,148,40,108,372,308,64
S01011781,308,93,26,67,215,180,35
S01011782,382,111,37,74,271,225,46
S01011783,321,87,21,66,234,205,29
S01011784,381,96,23,73,285,251,34
S01011785,421,117,16,101,304,276,28
S01011786,230,58,18,40,172,136,36
S01011787,395,103,19,84,292,258,34
S01011788,361,85,21,64,276,185,91
S01011789,318,87,26,61,231,193,38
S01011790,446,143,26,117,303,260,43
S01011791,319,93,16,77,226,202,24
S01011792,356,75,22,53,281,241,40
S01011793,335,88,26,62,247,216,31
S01011794,380,106,13,93,274,244,30
S01011795,269,63,17,46,206,178,28
S01011796,321,85,20,65,236,213,23
S01011797,573,171,41,130,402,340,62
S01011798,241,61,14,47,180,161,19
S01011799,443,107,30,77,336,297,39
S01011800,254,66,11,55,188,168,20
S01011801,227,78,16,62,149,135,14
S01011802,288,78,11,67,210,195,15
S01011803,259,77,12,65,182,160,22
S01011804,374,107,22,85,267,202,65
S01011805,280,70,25,45,210,157,53
S01011806,377,110,33,77,267,201,66
S01011807,610,174,56,118,436,298,138
S01011808,330,121,34,87,209,155,54
S01011809,402,133,33,100,269,198,71
S01011810,496,140,37,103,356,277,79
S01011811,554,150,44,106,404,308,96
S01011812,349,108,19,89,241,180,61
S01011813,427,106,27,79,321,226,95
S01011814,403,129,41,88,274,202,72
S01011815,441,152,43,109,289,229,60
S01011816,351,108,26,82,243,181,62
S01011817,430,109,31,78,321,243,78
S01011818,607,209,49,160,398,323,75
S01011819,466,133,34,99,333,282,51
S01011820,372,128,40,88,244,202,42
S01011821,220,62,18,44,158,130,28
S01011822,404,134,32,102,270,218,52
S01011823,326,99,30,69,227,184,43
S01011824,379,125,36,89,254,217,37
S01011825,285,79,27,52,206,165,41
S01011826,371,105,32,73,266,218,48
S01011827,217,69,27,42,148,92,56
S01011828,486,166,48,118,320,220,100
S01011829,241,80,17,63,161,112,49
S01011830,287,85,27,58,202,120,82
S01011831,393,150,55,95,243,134,109
S01011832,441,142,50,92,299,184,115
S01011833,459,140,45,95,319,223,96
S01011834,254,71,19,52,183,133,50
S01011835,379,94,32,62,285,211,74
S01011836,379,99,31,68,280,206,74
S01011837,329,88,29,59,241,179,62
S01011838,413,106,32,74,307,247,60
S01011839,494,135,39,96,359,294,65
S01011840,517,142,35,107,375,307,68
S01011841,452,128,25,103,324,274,50
S01011842,446,138,36,102,308,246,62
S01011843,508,136,42,94,372,262,110
S01011844,349,117,41,76,232,152,80
S01011845,412,131,31,100,281,225,56
S01011846,457,120,37,83,337,252,85
S01011847,222,60,16,44,162,115,47
S01011848,384,122,35,87,262,190,72
S01011849,448,102,29,73,346,276,70
S01011850,361,99,23,76,262,172,90
S01011851,442,134,35,99,308,225,83
S01011852,488,128,26,102,360,277,83
S01011853,378,97,21,76,281,215,66
S01011854,377,123,38,85,254,187,67
S01011855,419,129,30,99,290,245,45
S01011856,281,101,30,71,180,135,45
S01011857,346,116,28,88,230,149,81
S01011858,335,130,41,89,205,153,52
S01011859,323,116,28,88,207,163,44
S01011860,392,97,27,70,295,202,93
S01011861,375,102,29,73,273,179,94
S01011862,404,106,27,79,298,213,85
S01011863,339,104,27,77,235,163,72
S01011864,336,110,32,78,226,166,60
S01011865,274,75,17,58,199,156,43
S01011866,381,129,32,97,252,213,39
S01011867,468,145,28,117,323,268,55
S01011868,422,134,34,100,288,227,61
S01011869,430,120,26,94,310,247,63
S01011870,315,91,16,75,224,188,36
S01011871,567,168,48,120,399,275,124
S01011872,476,139,32,107,337,223,114
S01011873,441,115,27,88,326,253,73
S01011874,368,100,25,75,268,217,51
S01011875,297,71,9,62,226,196,30
S01011876,495,148,34,114,347,244,103
S01011877,284,85,18,67,199,162,37
S01011878,517,154,39,115,363,249,114
S01011879,274,75,20,55,199,154,45
S01011880,299,87,23,64,212,160,52
S01011881,417,127,34,93,290,239,51
S01011882,449,149,43,106,300,249,51
S01011883,561,154,45,109,407,305,102
S01011884,233,67,20,47,166,113,53
S01011885,378,102,33,69,276,193,83
S01011886,437,138,44,94,299,232,67
S01011887,289,87,21,66,202,163,39
S01011888,421,163,27,136,258,223,35
S01011889,405,102,20,82,303,248,55
S01011890,376,111,28,83,265,231,34
S01011891,372,118,20,98,254,220,34
S01011892,621,141,28,113,480,419,61
S01011893,504,113,14,99,391,358,33
S01011894,349,99,19,80,250,213,37
S01011895,273,76,23,53,197,164,33
S01011896,430,117,30,87,313,263,50
S01011897,476,132,25,107,344,280,64
S01011898,358,111,27,84,247,192,55
S01011899,379,111,36,75,268,232,36
S01011900,387,123,31,92,264,212,52
S01011901,447,109,26,83,338,270,68
S01011902,516,151,45,106,365,310,55
S01011903,370,110,28,82,260,213,47
S01011904,383,112,35,77,271,204,67
S01011905,421,141,39,102,280,222,58
S01011906,228,62,15,47,166,138,28
S01011907,447,98,15,83,349,314,35
S01011908,227,58,14,44,169,143,26
S01011909,682,158,36,122,524,454,70
S01011910,404,130,23,107,274,241,33
S01011911,317,94,18,76,223,208,15
S01011912,365,104,30,74,261,237,24
S01011913,345,140,28,112,205,173,32
S01011914,377,140,27,113,237,212,25
S01011915,388,124,16,108,264,235,29
S01011916,270,79,18,61,191,171,20
S01011917,247,79,17,62,168,155,13
S01011918,317,109,18,91,208,185,23
S01011919,475,134,31,103,341,302,39
S01011920,325,104,22,82,221,201,20
S01011921,276,81,17,64,195,181,14
S01011922,382,108,24,84,274,253,21
S01011923,405,124,20,104,281,250,31
S01011924,217,68,11,57,149,134,15
S01011925,445,107,25,82,338,283,55
S01011926,326,98,20,78,228,203,25
S01011927,292,91,21,70,201,174,27
S01011928,360,100,15,85,260,230,30
S01011929,354,103,22,81,251,230,21
S01011930,318,101,19,82,217,194,23
S01011931,274,91,23,68,183,162,21
S01011932,373,75,19,56,298,274,24
S01011933,368,86,19,67,282,258,24
S01011934,533,152,37,115,381,327,54
S01011935,502,132,30,102,370,328,42
S01011936,398,105,16,89,293,247,46
S01011937,394,98,20,78,296,258,38
S01011938,385,82,22,60,303,253,50
S01011939,417,109,22,87,308,276,32
S01011940,240,44,10,34,196,182,14
S01011941,472,122,25,97,350,312,38
S01011942,470,127,27,100,343,310,33
S01011943,577,169,31,138,408,360,48
S01011944,207,65,22,43,142,104,38
S01011945,347,103,31,72,244,167,77
S01011946,323,109,31,78,214,174,40
S01011947,216,74,19,55,142,123,19
S01011948,484,136,36,100,348,270,78
S01011949,303,100,31,69,203,154,49
S01011950,307,87,22,65,220,196,24
S01011951,323,99,20,79,224,193,31
S01011952,234,62,14,48,172,137,35
S01011953,360,108,30,78,252,207,45
S01011954,228,72,11,61,156,145,11
S01011955,460,139,24,115,321,271,50
S01011956,528,151,28,123,377,304,73
S01011957,499,101,24,77,398,297,101
S01011958,545,145,40,105,400,301,99
S01011959,428,122,38,84,306,237,69
S01011960,466,126,29,97,340,261,79
S01011961,409,111,28,83,298,260,38
S01011962,366,82,25,57,284,226,58
S01011963,247,59,13,46,188,167,21
S01011964,522,116,24,92,406,337,69
S01011965,327,96,24,72,231,184,47
S01011966,390,113,29,84,277,210,67
S01011967,563,132,30,102,431,331,100
S01011968,509,124,25,99,385,340,45
S01011969,494,130,28,102,364,311,53
S01011970,489,120,30,90,369,329,40
S01011971,278,68,17,51,210,161,49
S01011972,589,162,57,105,427,311,116
S01011973,322,86,19,67,236,169,67
S01011974,411,109,30,79,302,228,74
S01011975,225,58,18,40,167,129,38
S01011976,370,90,32,58,280,231,49
S01011977,548,156,46,110,392,299,93
S01011978,280,88,22,66,192,163,29
S01011979,523,138,34,104,385,295,90
S01011980,206,41,12,29,165,112,53
S01011981,515,142,45,97,373,260,113
S01011982,515,154,41,113,361,241,120
S01011983,363,104,29,75,259,189,70
S01011984,294,88,14,74,206,177,29
S01011985,368,104,24,80,264,211,53
S01011986,277,81,21,60,196,169,27
S01011987,439,154,44,110,285,245,40
S01011988,288,82,28,54,206,162,44
S01011989,416,131,42,89,285,237,48
S01011990,312,96,23,73,216,170,46
S01011991,354,109,36,73,245,203,42
S01011992,434,121,36,85,313,250,63
S01011993,415,119,20,99,296,265,31
S01011994,255,91,29,62,164,121,43
S01011995,453,115,37,78,338,211,127
S01011996,269,84,15,69,185,151,34
S01011997,469,127,32,95,342,282,60
S01011998,246,68,16,52,178,128,50
S01011999,359,111,30,81,248,185,63
S01012000,248,60,19,41,188,151,37
S01012001,335,85,17,68,250,200,50
S01012002,249,66,18,48,183,151,32
S01012003,286,88,19,69,198,164,34
S01012004,427,127,28,99,300,243,57
S01012005,471,133,32,101,338,280,58
S01012006,399,93,37,56,306,186,120
S01012007,386,97,25,72,289,222,67
S01012008,503,149,47,102,354,256,98
S01012009,430,103,28,75,327,271,56
S01012010,609,128,39,89,481,355,126
S01012011,587,162,35,127,425,345,80
S01012012,285,71,26,45,214,159,55
S01012013,397,105,17,88,292,200,92
S01012014,433,131,32,99,302,252,50
S01012015,457,132,28,104,325,255,70
S01012016,480,130,37,93,350,251,99
S01012017,250,78,17,61,172,95,77
S01012018,455,130,40,90,325,220,105
S01012019,432,102,24,78,330,268,62
S01012020,301,94,25,69,207,167,40
S01012021,284,94,26,68,190,155,35
S01012022,343,95,17,78,248,215,33
S01012023,292,75,20,55,217,152,65
S01012024,462,102,21,81,360,292,68
S01012025,359,97,18,79,262,226,36
S01012026,356,100,21,79,256,202,54
S01012027,445,97,23,74,348,263,85
S01012028,462,127,30,97,335,258,77
S01012029,544,146,38,108,398,315,83
S01012030,375,105,30,75,270,194,76
S01012031,256,67,16,51,189,146,43
S01012032,192,54,19,35,138,94,44
S01012033,388,106,30,76,282,244,38
S01012034,383,102,19,83,281,241,40
S01012035,429,121,23,98,308,264,44
S01012036,401,108,30,78,293,247,46
S01012037,377,89,14,75,288,262,26
S01012038,285,107,15,92,178,162,16
S01012039,390,119,17,102,271,248,23
S01012040,364,89,30,59,275,240,35
S01012041,397,110,16,94,287,260,27
S01012042,417,122,26,96,295,261,34
S01012043,363,120,18,102,243,215,28
S01012044,301,82,8,74,219,204,15
S01012045,490,123,32,91,367,305,62
S01012046,244,72,13,59,172,158,14
S01012047,350,98,12,86,252,215,37
S01012048,266,66,4,62,200,183,17
S01012049,333,84,25,59,249,226,23
S01012050,541,136,30,106,405,364,41
S01012051,228,60,14,46,168,143,25
S01012052,424,108,24,84,316,286,30
S01012053,369,95,23,72,274,254,20
S01012054,328,105,24,81,223,204,19
S01012055,359,101,19,82,258,231,27
S01012056,362,97,20,77,265,222,43
S01012057,390,111,25,86,279,248,31
S01012058,361,99,29,70,262,220,42
S01012059,365,128,17,111,237,205,32
S01012060,364,96,20,76,268,240,28
S01012061,480,118,24,94,362,308,54
S01012062,486,133,33,100,353,303,50
S01012063,288,65,10,55,223,197,26
S01012064,194,72,8,64,122,109,13
S01012065,158,77,14,63,81,74,7
S01012066,360,114,17,97,246,217,29
S01012067,180,71,11,60,109,98,11
S01012068,127,58,13,45,69,61,8
S01012069,179,46,4,42,133,117,16
S01012070,250,75,17,58,175,161,14
S01012071,425,126,21,105,299,270,29
S01012072,435,125,23,102,310,270,40
S01012073,380,69,10,59,311,267,44
S01012074,415,90,23,67,325,277,48
S01012075,447,112,25,87,335,275,60
S01012076,363,84,13,71,279,251,28
S01012077,342,89,12,77,253,237,16
S01012078,473,123,32,91,350,305,45
S01012079,384,121,24,97,263,240,23
S01012080,312,112,18,94,200,182,18
S01012081,287,88,12,76,199,183,16
S01012082,242,71,5,66,171,163,8
S01012083,268,62,15,47,206,187,19
S01012084,312,85,21,64,227,200,27
S01012085,363,92,22,70,271,245,26
S01012086,386,108,11,97,278,241,37
S01012087,310,94,18,76,216,194,22
S01012088,389,99,20,79,290,258,32
S01012089,450,106,22,84,344,310,34
S01012090,444,111,31,80,333,266,67
S01012091,311,80,21,59,231,211,20
S01012092,289,77,12,65,212,189,23
S01012093,282,52,14,38,230,199,31
S01012094,396,87,19,68,309,237,72
S01012095,561,172,37,135,389,342,47
S01012096,369,131,24,107,238,213,25
S01012097,300,96,10,86,204,179,25
S01012098,286,85,18,67,201,185,16
S01012099,324,105,21,84,219,197,22
S01012100,455,157,24,133,298,280,18
S01012101,410,131,33,98,279,234,45
S01012102,269,99,17,82,170,148,22
S01012103,517,124,27,97,393,354,39
S01012104,509,127,39,88,382,292,90
S01012105,599,154,31,123,445,374,71
S01012106,618,138,30,108,480,410,70
S01012107,320,79,20,59,241,201,40
S01012108,319,82,19,63,237,204,33
S01012109,425,107,19,88,318,283,35
S01012110,310,80,13,67,230,211,19
S01012111,236,61,16,45,175,157,18
S01012112,306,77,16,61,229,209,20
S01012113,447,112,22,90,335,303,32
S01012114,425,118,31,87,307,259,48
S01012115,235,65,13,52,170,155,15
S01012116,276,69,10,59,207,188,19
S01012117,472,84,14,70,388,329,59
S01012118,380,96,22,74,284,239,45
S01012119,453,139,30,109,314,283,31
S01012120,256,81,22,59,175,163,12
S01012121,370,114,22,92,256,231,25
S01012122,370,119,27,92,251,234,17
S01012123,270,80,20,60,190,164,26
S01012124,302,74,15,59,228,211,17
S01012125,325,81,18,63,244,225,19
S01012126,471,86,18,68,385,329,56
S01012127,421,89,14,75,332,288,44
S01012128,276,53,10,43,223,201,22
S01012129,346,75,16,59,271,237,34
S01012130,433,79,16,63,354,325,29
S01012131,477,141,42,99,336,302,34
S01012132,312,86,14,72,226,199,27
S01012133,416,88,13,75,328,283,45
S01012134,559,141,39,102,418,357,61
S01012135,357,120,14,106,237,216,21
S01012136,394,113,17,96,281,265,16
S01012137,267,80,22,58,187,169,18
S01012138,451,126,28,98,325,284,41
S01012139,427,127,32,95,300,263,37
S01012140,272,65,10,55,207,174,33
S01012141,487,140,28,112,347,299,48
S01012142,438,106,27,79,332,281,51
S01012143,405,107,38,69,298,245,53
S01012144,496,130,29,101,366,313,53
S01012145,490,158,45,113,332,266,66
S01012146,393,98,23,75,295,276,19
S01012147,282,95,12,83,187,178,9
S01012148,264,90,15,75,174,153,21
S01012149,393,105,25,80,288,254,34
S01012150,290,75,10,65,215,194,21
S01012151,293,83,12,71,210,196,14
S01012152,286,90,11,79,196,169,27
S01012153,245,70,11,59,175,158,17
S01012154,336,68,12,56,268,251,17
S01012155,259,65,7,58,194,167,27
S01012156,242,58,9,49,184,164,20
S01012157,492,118,23,95,374,336,38
S01012158,614,139,25,114,475,419,56
S01012159,253,68,22,46,185,168,17
S01012160,355,94,23,71,261,233,28
S01012161,188,69,13,56,119,113,6
S01012162,409,102,18,84,307,275,32
S01012163,350,82,13,69,268,238,30
S01012164,657,146,33,113,511,456,55
S01012165,368,111,27,84,257,230,27
S01012166,313,110,15,95,203,185,18
S01012167,405,96,21,75,309,288,21
S01012168,400,97,30,67,303,274,29
S01012169,369,102,20,82,267,236,31
S01012170,419,127,28,99,292,268,24
S01012171,477,141,28,113,336,312,24
S01012172,317,89,21,68,228,212,16
S01012173,298,94,19,75,204,177,27
S01012174,539,162,45,117,377,324,53
S01012175,473,123,29,94,350,307,43
S01012176,480,127,29,98,353,318,35
S01012177,327,113,25,88,214,196,18
S01012178,291,93,24,69,198,174,24
S01012179,264,90,27,63,174,154,20
S01012180,224,64,13,51,160,146,14
S01012181,330,85,17,68,245,207,38
S01012182,655,163,29,134,492,413,79
S01012183,363,80,10,70,283,262,21
S01012184,332,56,16,40,276,228,48
S01012185,360,60,14,46,300,279,21
S01012186,274,81,14,67,193,170,23
S01012187,296,93,18,75,203,184,19
S01012188,261,66,25,41,195,171,24
S01012189,311,74,14,60,237,214,23
S01012190,322,92,20,72,230,190,40
S01012191,482,125,27,98,357,310,47
S01012192,266,77,17,60,189,161,28
S01012193,354,93,21,72,261,218,43
S01012194,325,86,32,54,239,203,36
S01012195,613,150,39,111,463,411,52
S01012196,338,91,24,67,247,199,48
S01012197,314,81,21,60,233,214,19
S01012198,436,119,29,90,317,292,25
S01012199,351,105,22,83,246,215,31
S01012200,292,96,15,81,196,174,22
S01012201,359,94,20,74,265,232,33
S01012202,297,76,13,63,221,202,19
S01012203,415,119,31,88,296,246,50
S01012204,486,126,46,80,360,324,36
S01012205,402,105,26,79,297,240,57
S01012206,502,149,34,115,353,319,34
S01012207,400,109,23,86,291,261,30
S01012208,465,136,25,111,329,292,37
S01012209,334,89,21,68,245,223,22
S01012210,318,99,21,78,219,197,22
S01012211,439,128,26,102,311,279,32
S01012212,381,96,19,77,285,251,34
S01012213,436,126,34,92,310,264,46
S01012214,329,93,20,73,236,198,38
S01012215,481,134,33,101,347,316,31
S01012216,391,122,40,82,269,226,43
S01012217,227,76,11,65,151,134,17
S01012218,175,61,10,51,114,106,8
S01012219,311,101,22,79,210,181,29
S01012220,233,57,10,47,176,161,15
S01012221,253,66,9,57,187,169,18
S01012222,343,86,7,79,257,235,22
S01012223,284,80,12,68,204,179,25
S01012224,358,95,20,75,263,237,26
S01012225,462,133,22,111,329,292,37
S01012226,352,113,21,92,239,211,28
S01012227,316,94,18,76,222,200,22
S01012228,341,107,20,87,234,204,30
S01012229,398,93,20,73,305,255,50
S01012230,494,127,32,95,367,305,62
S01012231,437,130,33,97,307,253,54
S01012232,451,120,32,88,331,266,65
S01012233,477,131,41,90,346,295,51
S01012234,580,161,42,119,419,327,92
S01012235,207,67,23,44,140,113,27
S01012236,291,80,17,63,211,177,34
S01012237,365,114,31,83,251,191,60
S01012238,279,74,18,56,205,168,37
S01012239,250,77,18,59,173,148,25
S01012240,352,96,24,72,256,216,40
S01012241,256,59,17,42,197,158,39
S01012242,379,109,38,71,270,207,63
S01012243,292,83,22,61,209,174,35
S01012244,500,141,39,102,359,265,94
S01012245,331,115,39,76,216,179,37
S01012246,392,132,39,93,260,196,64
S01012247,395,116,30,86,279,203,76
S01012248,445,130,40,90,315,197,118
S01012249,461,144,41,103,317,214,103
S01012250,380,111,28,83,269,187,82
S01012251,449,141,29,112,308,258,50
S01012252,356,126,36,90,230,199,31
S01012253,441,127,28,99,314,245,69
S01012254,433,115,40,75,318,265,53
S01012255,404,96,28,68,308,245,63
S01012256,431,143,36,107,288,241,47
S01012257,469,159,40,119,310,276,34
S01012258,318,104,34,70,214,153,61
S01012259,257,95,34,61,162,125,37
S01012260,372,108,21,87,264,198,66
S01012261,438,151,45,106,287,225,62
S01012262,431,118,29,89,313,226,87
S01012263,366,110,21,89,256,215,41
S01012264,206,65,14,51,141,111,30
S01012265,363,108,26,82,255,226,29
S01012266,489,143,37,106,346,302,44
S01012267,358,103,22,81,255,212,43
S01012268,341,97,19,78,244,166,78
S01012269,493,148,37,111,345,291,54
S01012270,372,116,31,85,256,221,35
S01012271,573,174,45,129,399,273,126
S01012272,365,112,28,84,253,201,52
S01012273,359,115,40,75,244,190,54
S01012274,513,170,43,127,343,292,51
S01012275,463,153,54,99,310,271,39
S01012276,484,125,29,96,359,310,49
S01012277,546,162,31,131,384,333,51
S01012278,333,96,31,65,237,208,29
S01012279,393,102,25,77,291,265,26
S01012280,467,157,47,110,310,288,22
S01012281,395,114,22,92,281,246,35
S01012282,454,167,70,97,287,246,41
S01012283,434,159,51,108,275,223,52
S01012284,345,101,24,77,244,211,33
S01012285,257,75,19,56,182,154,28
S01012286,459,157,36,121,302,277,25
S01012287,373,131,25,106,242,220,22
S01012288,313,108,27,81,205,184,21
S01012289,357,105,17,88,252,197,55
S01012290,251,77,19,58,174,146,28
S01012291,477,163,39,124,314,259,55
S01012292,297,100,29,71,197,147,50
S01012293,227,55,12,43,172,151,21
S01012294,455,142,32,110,313,291,22
S01012295,399,110,27,83,289,253,36
S01012296,476,133,36,97,343,276,67
S01012297,324,88,30,58,236,153,83
S01012298,416,104,23,81,312,245,67
S01012299,352,81,16,65,271,190,81
S01012300,299,95,25,70,204,170,34
S01012301,477,132,31,101,345,258,87
S01012302,291,88,18,70,203,138,65
S01012303,468,142,35,107,326,224,102
S01012304,489,144,33,111,345,264,81
S01012305,302,79,14,65,223,171,52
S01012306,243,76,22,54,167,144,23
S01012307,291,81,17,64,210,171,39
S01012308,431,114,20,94,317,287,30
S01012309,254,84,25,59,170,137,33
S01012310,450,127,28,99,323,221,102
S01012311,227,70,21,49,157,115,42
S01012312,514,139,37,102,375,258,117
S01012313,396,109,31,78,287,220,67
S01012314,378,147,27,120,231,180,51
S01012315,299,95,22,73,204,158,46
S01012316,263,81,18,63,182,161,21
S01012317,238,80,24,56,158,126,32
S01012318,378,120,27,93,258,214,44
S01012319,414,111,33,78,303,224,79
S01012320,325,96,28,68,229,193,36
S01012321,316,101,34,67,215,177,38
S01012322,479,155,50,105,324,230,94
S01012323,406,119,32,87,287,193,94
S01012324,378,131,37,94,247,179,68
S01012325,197,64,14,50,133,108,25
S01012326,231,67,20,47,164,144,20
S01012327,359,124,30,94,235,203,32
S01012328,210,61,15,46,149,112,37
S01012329,383,124,37,87,259,164,95
S01012330,268,79,25,54,189,160,29
S01012331,341,98,26,72,243,194,49
S01012332,528,161,63,98,367,259,108
S01012333,470,146,36,110,324,236,88
S01012334,369,116,22,94,253,217,36
S01012335,564,169,33,136,395,342,53
S01012336,287,84,10,74,203,176,27
S01012337,354,99,17,82,255,218,37
S01012338,321,90,25,65,231,177,54
S01012339,269,59,12,47,210,183,27
S01012340,451,150,41,109,301,248,53
S01012341,543,146,41,105,397,265,132
S01012342,444,131,33,98,313,255,58
S01012343,510,149,42,107,361,241,120
S01012344,300,81,12,69,219,193,26
S01012345,359,89,26,63,270,232,38
S01012346,409,109,27,82,300,216,84
S01012347,359,100,14,86,259,206,53
S01012348,317,98,26,72,219,178,41
S01012349,430,139,29,110,291,240,51
S01012350,332,117,33,84,215,179,36
S01012351,403,143,29,114,260,233,27
S01012352,342,106,25,81,236,195,41
S01012353,366,107,23,84,259,219,40
S01012354,335,103,28,75,232,179,53
S01012355,487,139,43,96,348,208,140
S01012356,296,88,26,62,208,160,48
S01012357,439,137,39,98,302,198,104
S01012358,389,121,20,101,268,174,94
S01012359,313,112,20,92,201,183,18
S01012360,316,114,14,100,202,186,16
S01012361,237,88,13,75,149,132,17
S01012362,308,114,28,86,194,182,12
S01012363,400,113,25,88,287,251,36
S01012364,318,97,25,72,221,201,20
S01012365,492,140,27,113,352,316,36
S01012366,433,116,26,90,317,285,32
S01012367,442,139,38,101,303,261,42
S01012368,275,97,28,69,178,156,22
S01012369,417,124,26,98,293,247,46
S01012370,445,139,30,109,306,270,36
S01012371,410,131,28,103,279,255,24
S01012372,343,90,15,75,253,224,29
S01012373,460,136,32,104,324,282,42
S01012374,466,157,22,135,309,286,23
S01012375,434,132,32,100,302,275,27
S01012376,499,153,57,96,346,255,91
S01012377,367,115,37,78,252,177,75
S01012378,295,92,31,61,203,126,77
S01012379,241,63,11,52,178,116,62
S01012380,453,130,17,113,323,295,28
S01012381,348,121,36,85,227,203,24
S01012382,503,164,41,123,339,279,60
S01012383,390,119,36,83,271,236,35
S01012384,248,69,18,51,179,151,28
S01012385,397,109,26,83,288,244,44
S01012386,432,141,36,105,291,251,40
S01012387,527,128,34,94,399,326,73
S01012388,407,115,31,84,292,232,60
S01012389,487,148,39,109,339,286,53
S01012390,445,133,41,92,312,257,55
S01012391,595,190,53,137,405,323,82
S01012392,432,137,44,93,295,238,57
S01012393,530,161,53,108,369,281,88
S01012394,342,94,21,73,248,205,43
S01012395,343,109,33,76,234,195,39
S01012396,338,73,18,55,265,216,49
S01012397,455,129,26,103,326,260,66
S01012398,540,117,29,88,423,356,67
S01012399,341,88,34,54,253,221,32
S01012400,359,92,23,69,267,215,52
S01012401,468,121,21,100,347,280,67
S01012402,278,64,20,44,214,168,46
S01012403,650,189,60,129,461,349,112
S01012404,558,144,36,108,414,314,100
S01012405,426,103,38,65,323,244,79
S01012406,338,85,26,59,253,202,51
S01012407,460,134,45,89,326,247,79
S01012408,352,107,35,72,245,183,62
S01012409,377,112,33,79,265,205,60
S01012410,629,165,56,109,464,365,99
S01012411,539,132,36,96,407,335,72
S01012412,364,125,48,77,239,172,67
S01012413,482,131,27,104,351,272,79
S01012414,344,114,34,80,230,179,51
S01012415,274,75,31,44,199,128,71
S01012416,281,87,31,56,194,129,65
S01012417,262,93,27,66,169,108,61
S01012418,373,100,26,74,273,152,121
S01012419,342,101,23,78,241,139,102
S01012420,382,120,25,95,262,218,44
S01012421,351,80,17,63,271,195,76
S01012422,405,123,26,97,282,200,82
S01012423,391,111,20,91,280,207,73
S01012424,423,161,28,133,262,218,44
S01012425,190,65,14,51,125,106,19
S01012426,168,70,13,57,98,85,13
S01012427,248,103,26,77,145,129,16
S01012428,292,105,18,87,187,154,33
S01012429,204,57,12,45,147,125,22
S01012430,249,78,18,60,171,143,28
S01012431,376,119,31,88,257,200,57
S01012432,252,80,22,58,172,142,30
S01012433,235,74,14,60,161,143,18
S01012434,309,94,19,75,215,184,31
S01012435,285,94,21,73,191,153,38
S01012436,299,100,30,70,199,169,30
S01012437,335,100,27,73,235,202,33
S01012438,310,91,17,74,219,170,49
S01012439,299,87,17,70,212,178,34
S01012440,267,77,16,61,190,158,32
S01012441,458,141,34,107,317,220,97
S01012442,484,135,33,102,349,258,91
S01012443,398,109,30,79,289,201,88
S01012444,329,89,22,67,240,189,51
S01012445,262,78,22,56,184,134,50
S01012446,232,72,10,62,160,134,26
S01012447,446,128,41,87,318,262,56
S01012448,440,109,28,81,331,260,71
S01012449,309,71,19,52,238,203,35
S01012450,426,110,32,78,316,240,76
S01012451,311,93,25,68,218,171,47
S01012452,256,79,17,62,177,152,25
S01012453,371,112,34,78,259,186,73
S01012454,269,93,15,78,176,135,41
S01012455,242,78,25,53,164,108,56
S01012456,297,93,34,59,204,154,50
S01012457,315,99,27,72,216,175,41
S01012458,332,97,36,61,235,162,73
S01012459,387,128,32,96,259,209,50
S01012460,233,67,16,51,166,140,26
S01012461,259,82,14,68,177,155,22
S01012462,314,105,19,86,209,186,23
S01012463,255,84,21,63,171,149,22
S01012464,290,107,27,80,183,165,18
S01012465,313,83,17,66,230,205,25
S01012466,332,112,31,81,220,177,43
S01012467,304,97,19,78,207,181,26
S01012468,349,105,26,79,244,217,27
S01012469,344,106,34,72,238,172,66
S01012470,407,123,14,109,284,248,36
S01012471,373,105,33,72,268,184,84
S01012472,281,83,26,57,198,162,36
S01012473,272,76,22,54,196,163,33
S01012474,295,103,19,84,192,156,36
S01012475,270,81,22,59,189,152,37
S01012476,405,132,31,101,273,239,34
S01012477,353,104,31,73,249,223,26
S01012478,409,160,29,131,249,224,25
S01012479,392,125,30,95,267,221,46
S01012480,284,63,17,46,221,188,33
S01012481,411,116,30,86,295,231,64
S01012482,310,85,26,59,225,181,44
S01012483,377,122,40,82,255,223,32
S01012484,348,100,23,77,248,185,63
S01012485,363,95,35,60,268,198,70
S01012486,195,68,14,54,127,90,37
S01012487,303,91,20,71,212,176,36
S01012488,435,120,27,93,315,282,33
S01012489,417,137,24,113,280,253,27
S01012490,416,121,25,96,295,246,49
S01012491,169,61,21,40,108,94,14
S01012492,252,86,24,62,166,139,27
S01012493,210,62,16,46,148,126,22
S01012494,410,163,55,108,247,209,38
S01012495,428,154,29,125,274,243,31
S01012496,321,136,32,104,185,162,23
S01012497,190,77,15,62,113,103,10
S01012498,275,114,22,92,161,143,18
S01012499,277,97,14,83,180,157,23
S01012500,183,72,14,58,111,101,10
S01012501,200,86,20,66,114,106,8
S01012502,258,123,26,97,135,120,15
S01012503,239,104,24,80,135,116,19
S01012504,240,85,7,78,155,144,11
S01012505,431,139,21,118,292,261,31
S01012506,214,61,21,40,153,132,21
S01012507,424,132,25,107,292,260,32
S01012508,369,98,19,79,271,232,39
S01012509,269,93,35,58,176,145,31
S01012510,454,130,21,109,324,287,37
S01012511,343,114,33,81,229,202,27
S01012512,285,94,24,70,191,164,27
S01012513,313,99,22,77,214,174,40
S01012514,590,160,36,124,430,366,64
S01012515,249,85,17,68,164,141,23
S01012516,270,92,18,74,178,152,26
S01012517,411,144,30,114,267,229,38
S01012518,268,75,18,57,193,156,37
S01012519,243,71,17,54,172,137,35
S01012520,364,116,33,83,248,212,36
S01012521,246,56,10,46,190,159,31
S01012522,400,130,39,91,270,211,59
S01012523,423,138,32,106,285,232,53
S01012524,383,101,20,81,282,238,44
S01012525,383,99,30,69,284,244,40
S01012526,350,105,32,73,245,204,41
S01012527,279,91,27,64,188,164,24
S01012528,404,140,31,109,264,232,32
S01012529,343,121,27,94,222,190,32
S01012530,385,115,35,80,270,242,28
S01012531,378,109,30,79,269,222,47
S01012532,383,114,27,87,269,219,50
S01012533,273,64,16,48,209,178,31
S01012534,266,72,23,49,194,170,24
S01012535,400,123,27,96,277,241,36
S01012536,358,130,32,98,228,190,38
S01012537,329,118,46,72,211,190,21
S01012538,466,141,24,117,325,276,49
S01012539,340,94,32,62,246,194,52
S01012540,286,91,17,74,195,175,20
S01012541,557,185,40,145,372,257,115
S01012542,390,111,28,83,279,215,64
S01012543,352,100,28,72,252,189,63
S01012544,373,118,22,96,255,192,63
S01012545,213,71,18,53,142,118,24
S01012546,375,113,25,88,262,214,48
S01012547,301,93,22,71,208,178,30
S01012548,371,91,23,68,280,221,59
S01012549,243,77,19,58,166,152,14
S01012550,377,132,35,97,245,196,49
S01012551,452,145,48,97,307,265,42
S01012552,460,137,39,98,323,260,63
S01012553,464,133,26,107,331,269,62
S01012554,234,76,25,51,158,145,13
S01012555,277,80,26,54,197,155,42
S01012556,280,80,27,53,200,165,35
S01012557,262,76,19,57,186,150,36
S01012558,277,94,20,74,183,158,25
S01012559,292,79,14,65,213,180,33
S01012560,214,65,16,49,149,129,20
S01012561,317,88,13,75,229,194,35
S01012562,336,92,14,78,244,216,28
S01012563,247,71,30,41,176,125,51
S01012564,354,119,23,96,235,187,48
S01012565,320,104,24,80,216,168,48
S01012566,349,80,22,58,269,226,43
S01012567,471,140,30,110,331,270,61
S01012568,233,60,25,35,173,120,53
S01012569,323,112,37,75,211,146,65
S01012570,240,66,19,47,174,113,61
S01012571,403,103,29,74,300,217,83
S01012572,264,64,16,48,200,135,65
S01012573,442,100,26,74,342,238,104
S01012574,449,114,34,80,335,245,90
S01012575,330,105,28,77,225,170,55
S01012576,383,97,35,62,286,223,63
S01012577,404,110,21,89,294,214,80
S01012578,411,117,37,80,294,230,64
S01012579,342,98,24,74,244,177,67
S01012580,418,99,23,76,319,234,85
S01012581,321,80,14,66,241,206,35
S01012582,494,131,33,98,363,277,86
S01012583,348,88,12,76,260,217,43
S01012584,368,100,25,75,268,214,54
S01012585,390,99,23,76,291,234,57
S01012586,458,109,23,86,349,265,84
S01012587,461,117,31,86,344,226,118
S01012588,338,71,15,56,267,209,58
S01012589,337,82,25,57,255,214,41
S01012590,342,86,17,69,256,210,46
S01012591,273,74,17,57,199,157,42
S01012592,298,71,10,61,227,182,45
S01012593,471,104,23,81,367,316,51
S01012594,212,55,12,43,157,129,28
S01012595,297,70,13,57,227,189,38
S01012596,336,106,16,90,230,201,29
S01012597,250,52,7,45,198,167,31
S01012598,388,84,23,61,304,267,37
S01012599,317,72,20,52,245,218,27
S01012600,398,112,32,80,286,245,41
S01012601,520,128,39,89,392,332,60
S01012602,244,43,13,30,201,169,32
S01012603,300,75,21,54,225,197,28
S01012604,296,82,12,70,214,187,27
S01012605,211,64,13,51,147,137,10
S01012606,485,110,20,90,375,315,60
S01012607,386,106,29,77,280,236,44
S01012608,390,107,30,77,283,243,40
S01012609,360,112,20,92,248,225,23
S01012610,385,113,27,86,272,240,32
S01012611,405,106,27,79,299,261,38
S01012612,296,79,15,64,217,189,28
S01012613,322,89,21,68,233,207,26
S01012614,494,133,36,97,361,319,42
S01012615,333,97,21,76,236,171,65
S01012616,452,129,39,90,323,243,80
S01012617,227,51,18,33,176,142,34
S01012618,292,66,14,52,226,192,34
S01012619,225,57,16,41,168,146,22
S01012620,369,112,32,80,257,208,49
S01012621,257,68,16,52,189,163,26
S01012622,345,95,23,72,250,202,48
S01012623,301,93,15,78,208,187,21
S01012624,331,81,23,58,250,218,32
S01012625,259,75,13,62,184,158,26
S01012626,249,73,22,51,176,150,26
S01012627,238,73,13,60,165,137,28
S01012628,480,115,41,74,365,295,70
S01012629,250,64,12,52,186,140,46
S01012630,354,82,20,62,272,224,48
S01012631,426,126,35,91,300,246,54
S01012632,375,89,23,66,286,204,82
S01012633,336,93,28,65,243,171,72
S01012634,299,86,22,64,213,187,26
S01012635,537,128,24,104,409,314,95
S01012636,346,107,24,83,239,164,75
S01012637,339,104,18,86,235,178,57
S01012638,373,85,19,66,288,210,78
S01012639,385,105,21,84,280,240,40
S01012640,331,98,14,84,233,171,62
S01012641,398,109,13,96,289,234,55
S01012642,294,82,11,71,212,191,21
S01012643,203,56,9,47,147,129,18
S01012644,291,86,15,71,205,175,30
S01012645,380,96,18,78,284,223,61
S01012646,497,120,25,95,377,312,65
S01012647,422,77,13,64,345,290,55
S01012648,231,62,10,52,169,143,26
S01012649,306,96,26,70,210,175,35
S01012650,303,71,12,59,232,188,44
S01012651,262,90,15,75,172,155,17
S01012652,577,159,36,123,418,347,71
S01012653,407,104,21,83,303,255,48
S01012654,404,104,22,82,300,238,62
S01012655,493,122,28,94,371,316,55
S01012656,346,90,14,76,256,231,25
S01012657,235,69,18,51,166,147,19
S01012658,485,118,30,88,367,329,38
S01012659,590,162,36,126,428,349,79
S01012660,329,77,16,61,252,224,28
S01012661,407,96,22,74,311,246,65
S01012662,312,75,13,62,237,211,26
S01012663,335,81,20,61,254,217,37
S01012664,474,131,27,104,343,302,41
S01012665,262,82,9,73,180,161,19
S01012666,253,66,8,58,187,163,24
S01012667,222,61,4,57,161,143,18
S01012668,315,89,14,75,226,201,25
S01012669,364,84,23,61,280,244,36
S01012670,342,102,23,79,240,210,30
S01012671,438,124,26,98,314,273,41
S01012672,247,69,8,61,178,154,24
S01012673,248,82,10,72,166,153,13
S01012674,190,71,13,58,119,107,12
S01012675,330,88,16,72,242,216,26
S01012676,395,112,20,92,283,243,40
S01012677,243,71,8,63,172,149,23
S01012678,416,119,33,86,297,256,41
S01012679,370,100,14,86,270,219,51
S01012680,309,79,19,60,230,186,44
S01012681,329,83,18,65,246,187,59
S01012682,337,87,20,67,250,208,42
S01012683,356,118,24,94,238,204,34
S01012684,270,67,8,59,203,174,29
S01012685,371,102,21,81,269,234,35
S01012686,497,128,27,101,369,291,78
S01012687,211,75,26,49,136,98,38
S01012688,374,72,10,62,302,260,42
S01012689,233,76,17,59,157,111,46
S01012690,261,76,23,53,185,159,26
S01012691,360,101,27,74,259,204,55
S01012692,339,86,20,66,253,225,28
S01012693,473,136,44,92,337,258,79
S01012694,228,68,15,53,160,138,22
S01012695,412,110,21,89,302,194,108
S01012696,415,113,28,85,302,203,99
S01012697,265,66,15,51,199,133,66
S01012698,397,119,23,96,278,206,72
S01012699,548,142,40,102,406,294,112
S01012700,403,111,23,88,292,224,68
S01012701,264,79,23,56,185,154,31
S01012702,315,65,14,51,250,199,51
S01012703,361,102,27,75,259,229,30
S01012704,338,96,15,81,242,223,19
S01012705,458,124,31,93,334,288,46
S01012706,308,95,14,81,213,185,28
S01012707,514,158,36,122,356,314,42
S01012708,299,75,11,64,224,199,25
S01012709,217,66,13,53,151,137,14
S01012710,336,89,22,67,247,219,28
S01012711,332,104,18,86,228,210,18
S01012712,367,100,25,75,267,227,40
S01012713,327,81,26,55,246,216,30
S01012714,267,73,26,47,194,165,29
S01012715,333,77,15,62,256,231,25
S01012716,371,100,35,65,271,207,64
S01012717,433,90,28,62,343,301,42
S01012718,469,103,23,80,366,310,56
S01012719,407,81,25,56,326,273,53
S01012720,318,58,15,43,260,225,35
S01012721,306,78,19,59,228,208,20
S01012722,275,66,13,53,209,191,18
S01012723,290,90,20,70,200,181,19
S01012724,359,85,15,70,274,244,30
S01012725,473,107,22,85,366,314,52
S01012726,249,62,6,56,187,162,25
S01012727,272,83,15,68,189,173,16
S01012728,285,97,14,83,188,163,25
S01012729,433,106,24,82,327,290,37
S01012730,256,70,7,63,186,175,11
S01012731,348,99,21,78,249,232,17
S01012732,310,92,16,76,218,195,23
S01012733,631,130,24,106,501,409,92
S01012734,343,68,14,54,275,222,53
S01012735,208,46,12,34,162,149,13
S01012736,485,111,18,93,374,327,47
S01012737,449,86,18,68,363,309,54
S01012738,296,84,9,75,212,188,24
S01012739,501,115,22,93,386,312,74
S01012740,501,103,18,85,398,305,93
S01012741,370,71,13,58,299,261,38
S01012742,387,101,32,69,286,249,37
S01012743,321,95,22,73,226,193,33
S01012744,428,92,18,74,336,292,44
S01012745,356,79,26,53,277,235,42
S01012746,450,102,22,80,348,313,35
S01012747,379,98,24,74,281,259,22
S01012748,313,106,11,95,207,183,24
S01012749,345,98,20,78,247,224,23
S01012750,338,120,31,89,218,201,17
S01012751,332,90,13,77,242,228,14
S01012752,404,100,12,88,304,273,31
S01012753,196,67,9,58,129,115,14
S01012754,243,60,16,44,183,168,15
S01012755,172,57,11,46,115,111,4
S01012756,202,43,10,33,159,142,17
S01012757,210,59,11,48,151,140,11
S01012758,265,70,16,54,195,175,20
S01012759,302,94,19,75,208,182,26
S01012760,364,109,17,92,255,231,24
S01012761,375,95,20,75,280,256,24
S01012762,353,89,24,65,264,238,26
S01012763,194,52,5,47,142,133,9
S01012764,330,83,16,67,247,217,30
S01012765,345,95,21,74,250,223,27
S01012766,430,118,21,97,312,280,32
S01012767,309,77,8,69,232,208,24
S01012768,415,111,19,92,304,265,39
S01012769,245,55,11,44,190,156,34
S01012770,393,92,12,80,301,265,36
S01012771,335,89,18,71,246,217,29
S01012772,293,106,20,86,187,161,26
S01012773,394,81,9,72,313,271,42
S01012774,459,97,21,76,362,327,35
S01012775,201,42,6,36,159,137,22
S01012776,348,109,16,93,239,216,23
S01012777,536,115,23,92,421,379,42
S01012778,335,81,11,70,254,235,19
S01012779,209,67,9,58,142,121,21
S01012780,286,87,15,72,199,180,19
S01012781,337,80,14,66,257,227,30
S01012782,247,78,17,61,169,156,13
S01012783,290,101,12,89,189,172,17
S01012784,361,71,15,56,290,262,28
S01012785,280,73,19,54,207,194,13
S01012786,257,72,5,67,185,174,11
S01012787,317,70,21,49,247,220,27
S01012788,247,61,13,48,186,158,28
S01012789,354,108,25,83,246,219,27
S01012790,356,82,13,69,274,236,38
S01012791,317,79,14,65,238,203,35
S01012792,424,103,14,89,321,283,38
S01012793,287,70,18,52,217,191,26
S01012794,337,44,9,35,293,228,65
S01012795,418,125,26,99,293,266,27
S01012796,402,99,14,85,303,275,28
S01012797,334,82,14,68,252,229,23
S01012798,340,83,23,60,257,183,74
S01012799,373,91,25,66,282,222,60
S01012800,449,114,32,82,335,239,96
S01012801,185,37,10,27,148,114,34
S01012802,314,91,32,59,223,166,57
S01012803,366,97,31,66,269,224,45
S01012804,354,111,28,83,243,220,23
S01012805,426,117,22,95,309,278,31
S01012806,349,86,23,63,263,227,36
S01012807,319,100,31,69,219,159,60
S01012808,506,119,34,85,387,311,76
S01012809,322,69,17,52,253,210,43
S01012810,374,86,17,69,288,258,30
S01012811,354,84,22,62,270,235,35
S01012812,382,96,22,74,286,246,40
S01012813,437,110,34,76,327,258,69
S01012814,487,108,21,87,379,316,63
S01012815,515,115,27,88,400,336,64
S01012816,315,75,14,61,240,213,27
S01012817,324,86,11,75,238,200,38
S01012818,446,106,17,89,340,293,47
S01012819,274,56,6,50,218,201,17
S01012820,620,144,34,110,476,407,69
S01012821,423,94,15,79,329,293,36
S01012822,169,53,9,44,116,101,15
S01012823,493,129,23,106,364,316,48
S01012824,346,80,17,63,266,240,26
S01012825,212,43,7,36,169,148,21
S01012826,222,86,17,69,136,123,13
S01012827,384,85,14,71,299,252,47
S01012828,388,69,14,55,319,278,41
S01012829,336,106,17,89,230,213,17
S01012830,301,80,17,63,221,193,28
S01012831,234,61,7,54,173,155,18
S01012832,259,79,23,56,180,159,21
S01012833,260,83,9,74,177,163,14
S01012834,284,77,13,64,207,182,25
S01012835,394,75,12,63,319,287,32
S01012836,393,91,21,70,302,235,67
S01012837,256,86,18,68,170,153,17
S01012838,301,88,14,74,213,196,17
S01012839,408,109,28,81,299,264,35
S01012840,461,109,17,92,352,291,61
S01012841,338,79,13,66,259,221,38
S01012842,300,77,18,59,223,195,28
S01012843,491,129,40,89,362,305,57
S01012844,371,90,25,65,281,236,45
S01012845,331,95,31,64,236,195,41
S01012846,359,82,19,63,277,243,34
S01012847,265,73,18,55,192,174,18
S01012848,383,106,20,86,277,236,41
S01012849,351,87,16,71,264,234,30
S01012850,305,80,19,61,225,205,20
S01012851,366,110,25,85,256,217,39
S01012852,360,101,28,73,259,237,22
S01012853,382,121,25,96,261,221,40
S01012854,489,109,26,83,380,346,34
S01012855,396,83,17,66,313,273,40
S01012856,296,56,7,49,240,212,28
S01012857,306,62,11,51,244,219,25
S01012858,335,74,11,63,261,235,26
S01012859,501,98,14,84,403,358,45
S01012860,380,113,36,77,267,230,37
S01012861,375,88,22,66,287,248,39
S01012862,241,59,16,43,182,168,14
S01012863,290,64,15,49,226,201,25
S01012864,347,80,11,69,267,245,22
S01012865,325,91,25,66,234,209,25
S01012866,367,98,16,82,269,243,26
S01012867,260,65,10,55,195,185,10
S01012868,251,65,12,53,186,173,13
S01012869,195,67,9,58,128,118,10
S01012870,444,124,23,101,320,290,30
S01012871,394,107,18,89,287,247,40
S01012872,380,104,25,79,276,248,28
S01012873,434,116,18,98,318,284,34
S01012874,327,93,19,74,234,204,30
S01012875,270,57,9,48,213,195,18
S01012876,316,98,25,73,218,196,22
S01012877,318,100,17,83,218,198,20
S01012878,522,142,48,94,380,311,69
S01012879,354,90,24,66,264,232,32
S01012880,443,133,51,82,310,258,52
S01012881,380,104,39,65,276,233,43
S01012882,252,94,16,78,158,133,25
S01012883,185,60,13,47,125,113,12
S01012884,199,54,12,42,145,128,17
S01012885,195,51,4,47,144,133,11
S01012886,390,107,29,78,283,243,40
S01012887,358,89,23,66,269,236,33
S01012888,374,102,25,77,272,217,55
S01012889,487,110,28,82,377,312,65
S01012890,278,72,17,55,206,182,24
S01012891,243,69,9,60,174,158,16
S01012892,440,121,20,101,319,291,28
S01012893,287,95,15,80,192,171,21
S01012894,418,119,25,94,299,239,60
S01012895,305,76,19,57,229,178,51
S01012896,367,103,24,79,264,231,33
S01012897,337,81,15,66,256,213,43
S01012898,333,81,18,63,252,209,43
S01012899,242,71,10,61,171,152,19
S01012900,303,80,22,58,223,170,53
S01012901,341,85,25,60,256,231,25
S01012902,380,81,17,64,299,271,28
S01012903,399,105,21,84,294,261,33
S01012904,373,104,21,83,269,240,29
S01012905,291,86,16,70,205,189,16
S01012906,496,102,23,79,394,349,45
S01012907,392,94,18,76,298,267,31
S01012908,298,88,20,68,210,192,18
S01012909,262,54,10,44,208,182,26
S01012910,364,96,15,81,268,240,28
S01012911,342,100,22,78,242,211,31
S01012912,288,75,17,58,213,192,21
S01012913,405,114,24,90,291,261,30
S01012914,417,99,16,83,318,274,44
S01012915,556,148,22,126,408,346,62
S01012916,300,78,17,61,222,194,28
S01012917,374,129,37,92,245,205,40
S01012918,259,78,20,58,181,166,15
S01012919,202,55,12,43,147,129,18
S01012920,263,69,20,49,194,161,33
S01012921,336,105,22,83,231,210,21
S01012922,499,143,39,104,356,315,41
S01012923,368,115,22,93,253,234,19
S01012924,268,76,14,62,192,174,18
S01012925,258,74,21,53,184,158,26
S01012926,387,103,21,82,284,254,30
S01012927,376,105,27,78,271,239,32
S01012928,408,134,42,92,274,231,43
S01012929,347,120,30,90,227,203,24
S01012930,376,83,25,58,293,259,34
S01012931,416,118,17,101,298,256,42
S01012932,263,80,18,62,183,154,29
S01012933,397,99,20,79,298,253,45
S01012934,295,78,15,63,217,189,28
S01012935,425,145,35,110,280,244,36
S01012936,356,94,13,81,262,235,27
S01012937,346,94,21,73,252,222,30
S01012938,319,90,34,56,229,188,41
S01012939,341,112,46,66,229,200,29
S01012940,421,118,37,81,303,245,58
S01012941,440,119,38,81,321,261,60
S01012942,346,96,20,76,250,232,18
S01012943,391,116,19,97,275,242,33
S01012944,250,73,21,52,177,151,26
S01012945,402,109,27,82,293,231,62
S01012946,501,130,30,100,371,302,69
S01012947,261,82,23,59,179,136,43
S01012948,402,138,30,108,264,234,30
S01012949,408,113,23,90,295,243,52
S01012950,517,148,38,110,369,297,72
S01012951,543,126,23,103,417,312,105
S01012952,290,74,29,45,216,118,98
S01012953,401,113,30,83,288,252,36
S01012954,285,83,21,62,202,183,19
S01012955,502,112,25,87,390,307,83
S01012956,390,131,30,101,259,223,36
S01012957,306,79,17,62,227,208,19
S01012958,294,80,20,60,214,179,35
S01012959,353,97,24,73,256,233,23
S01012960,310,96,17,79,214,177,37
S01012961,300,86,17,69,214,186,28
S01012962,375,118,28,90,257,219,38
S01012963,464,131,31,100,333,276,57
S01012964,365,98,22,76,267,211,56
S01012965,324,87,27,60,237,207,30
S01012966,395,109,25,84,286,255,31
S01012967,263,74,17,57,189,159,30
S01012968,332,96,24,72,236,208,28
S01012969,322,94,22,72,228,207,21
S01012970,309,77,16,61,232,215,17
S01012971,376,113,31,82,263,231,32
S01012972,364,115,20,95,249,223,26
S01012973,389,113,18,95,276,250,26
S01012974,403,112,26,86,291,263,28
S01012975,268,70,14,56,198,175,23
S01012976,238,68,19,49,170,139,31
S01012977,349,109,15,94,240,219,21
S01012978,372,109,25,84,263,237,26
S01012979,332,97,18,79,235,202,33
S01012980,329,89,18,71,240,214,26
S01012981,406,114,31,83,292,267,25
S01012982,421,110,22,88,311,286,25
S01012983,367,106,29,77,261,223,38
S01012984,342,80,15,65,262,239,23
S01012985,394,108,23,85,286,245,41
S01012986,369,76,14,62,293,275,18
S01012987,352,99,23,76,253,219,34
S01012988,388,107,27,80,281,252,29
S01012989,445,114,29,85,331,305,26
S01012990,279,81,15,66,198,180,18
S01012991,365,125,24,101,240,208,32
S01012992,358,99,21,78,259,238,21
S01012993,302,79,15,64,223,194,29
S01012994,417,118,23,95,299,272,27
S01012995,471,109,21,88,362,323,39
S01012996,388,118,33,85,270,246,24
S01012997,207,55,10,45,152,139,13
S01012998,561,160,36,124,401,353,48
S01012999,237,67,12,55,170,144,26
S01013000,313,81,18,63,232,207,25
S01013001,196,57,22,35,139,97,42
S01013002,252,59,21,38,193,137,56
S01013003,287,96,32,64,191,137,54
S01013004,322,92,26,66,230,173,57
S01013005,336,99,32,67,237,181,56
S01013006,307,90,29,61,217,142,75
S01013007,399,125,33,92,274,214,60
S01013008,339,104,29,75,235,176,59
S01013009,272,79,14,65,193,153,40
S01013010,312,79,24,55,233,159,74
S01013011,344,93,21,72,251,189,62
S01013012,305,91,25,66,214,168,46
S01013013,360,118,35,83,242,180,62
S01013014,336,91,20,71,245,178,67
S01013015,392,110,33,77,282,207,75
S01013016,324,93,37,56,231,137,94
S01013017,377,123,29,94,254,187,67
S01013018,468,152,56,96,316,234,82
S01013019,460,103,24,79,357,271,86
S01013020,238,69,10,59,169,142,27
S01013021,243,71,18,53,172,151,21
S01013022,210,68,13,55,142,117,25
S01013023,401,117,27,90,284,225,59
S01013024,241,61,17,44,180,147,33
S01013025,282,72,26,46,210,138,72
S01013026,506,119,16,103,387,330,57
S01013027,390,135,20,115,255,232,23
S01013028,266,65,15,50,201,164,37
S01013029,251,77,16,61,174,156,18
S01013030,273,87,13,74,186,163,23
S01013031,300,94,20,74,206,186,20
S01013032,461,108,28,80,353,294,59
S01013033,373,97,18,79,276,236,40
S01013034,335,110,27,83,225,202,23
S01013035,293,112,22,90,181,163,18
S01013036,344,118,22,96,226,211,15
S01013037,397,92,21,71,305,263,42
S01013038,460,116,20,96,344,314,30
S01013039,324,95,23,72,229,192,37
S01013040,287,77,14,63,210,178,32
S01013041,326,82,21,61,244,216,28
S01013042,448,125,29,96,323,274,49
S01013043,295,89,15,74,206,179,27
S01013044,362,108,22,86,254,224,30
S01013045,346,83,19,64,263,227,36
S01013046,234,80,12,68,154,140,14
S01013047,538,146,37,109,392,325,67
S01013048,510,102,24,78,408,355,53
S01013049,440,99,17,82,341,289,52
S01013050,328,80,22,58,248,226,22
S01013051,416,115,17,98,301,275,26
S01013052,320,92,17,75,228,207,21
S01013053,261,70,18,52,191,163,28
S01013054,332,87,21,66,245,215,30
S01013055,306,85,13,72,221,198,23
S01013056,421,126,20,106,295,257,38
S01013057,313,106,16,90,207,182,25
S01013058,338,86,14,72,252,217,35
S01013059,307,69,18,51,238,185,53
S01013060,236,73,18,55,163,112,51
S01013061,339,96,36,60,243,201,42
S01013062,374,104,25,79,270,201,69
S01013063,367,103,33,70,264,193,71
S01013064,379,101,19,82,278,248,30
S01013065,391,127,33,94,264,232,32
S01013066,365,97,22,75,268,229,39
S01013067,424,187,76,111,237,186,51
S01013068,338,131,40,91,207,181,26
S01013069,356,164,80,84,192,169,23
S01013070,264,132,54,78,132,111,21
S01013071,468,262,132,130,206,181,25
S01013072,204,69,15,54,135,116,19
S01013073,344,99,22,77,245,208,37
S01013074,248,104,24,80,144,121,23
S01013075,294,93,29,64,201,172,29
S01013076,321,149,71,78,172,134,38
S01013077,260,86,22,64,174,155,19
S01013078,221,80,15,65,141,121,20
S01013079,599,174,45,129,425,344,81
S01013080,407,126,46,80,281,234,47
S01013081,326,75,26,49,251,198,53
S01013082,434,111,23,88,323,272,51
S01013083,725,541,354,187,184,143,41
S01013084,352,113,42,71,239,187,52
S01013085,204,56,19,37,148,129,19
S01013086,444,121,49,72,323,250,73
S01013087,349,106,45,61,243,177,66
S01013088,425,118,39,79,307,210,97
S01013089,338,85,23,62,253,219,34
S01013090,426,156,65,91,270,230,40
S01013091,285,87,34,53,198,170,28
S01013092,441,118,27,91,323,269,54
S01013093,229,64,22,42,165,115,50
S01013094,274,84,25,59,190,149,41
S01013095,415,115,36,79,300,225,75
S01013096,240,74,13,61,166,137,29
S01013097,342,85,26,59,257,180,77
S01013098,323,101,34,67,222,157,65
S01013099,419,104,31,73,315,251,64
S01013100,235,69,25,44,166,108,58
S01013101,427,106,20,86,321,261,60
S01013102,255,75,30,45,180,153,27
S01013103,432,123,35,88,309,250,59
S01013104,474,133,38,95,341,268,73
S01013105,418,119,27,92,299,225,74
S01013106,406,112,27,85,294,241,53
S01013107,337,93,28,65,244,181,63
S01013108,256,67,14,53,189,143,46
S01013109,572,148,42,106,424,316,108
S01013110,299,83,22,61,216,138,78
S01013111,225,71,13,58,154,107,47
S01013112,310,96,28,68,214,162,52
S01013113,348,115,28,87,233,191,42
S01013114,417,109,35,74,308,229,79
S01013115,306,88,26,62,218,162,56
S01013116,339,97,20,77,242,176,66
S01013117,358,108,27,81,250,204,46
S01013118,313,72,24,48,241,191,50
S01013119,393,101,32,69,292,193,99
S01013120,531,149,36,113,382,252,130
S01013121,226,44,16,28,182,128,54
S01013122,218,76,15,61,142,134,8
S01013123,331,94,12,82,237,216,21
S01013124,332,83,13,70,249,228,21
S01013125,321,86,13,73,235,206,29
S01013126,264,85,17,68,179,157,22
S01013127,270,96,13,83,174,165,9
S01013128,321,68,11,57,253,233,20
S01013129,514,129,38,91,385,344,41
S01013130,269,79,15,64,190,171,19
S01013131,304,98,17,81,206,184,22
S01013132,239,78,13,65,161,153,8
S01013133,329,82,14,68,247,227,20
S01013134,382,114,33,81,268,237,31
S01013135,289,117,23,94,172,152,20
S01013136,389,119,15,104,270,257,13
S01013137,303,93,15,78,210,193,17
S01013138,250,89,13,76,161,149,12
S01013139,300,99,19,80,201,183,18
S01013140,300,94,20,74,206,193,13
S01013141,249,71,13,58,178,164,14
S01013142,256,72,11,61,184,166,18
S01013143,384,110,23,87,274,247,27
S01013144,377,117,32,85,260,242,18
S01013145,297,98,24,74,199,179,20
S01013146,190,51,6,45,139,123,16
S01013147,337,119,35,84,218,187,31
S01013148,384,80,14,66,304,272,32
S01013149,414,95,11,84,319,290,29
S01013150,377,121,31,90,256,235,21
S01013151,299,71,20,51,228,190,38
S01013152,424,125,34,91,299,263,36
S01013153,311,96,18,78,215,194,21
S01013154,428,158,25,133,270,249,21
S01013155,362,127,29,98,235,215,20
S01013156,336,124,19,105,212,197,15
S01013157,372,117,21,96,255,238,17
S01013158,293,82,14,68,211,180,31
S01013159,367,115,32,83,252,224,28
S01013160,396,131,36,95,265,237,28
S01013161,506,139,23,116,367,331,36
S01013162,339,91,17,74,248,231,17
S01013163,401,103,25,78,298,272,26
S01013164,448,131,33,98,317,271,46
S01013165,405,122,28,94,283,256,27
S01013166,246,76,16,60,170,157,13
S01013167,253,73,12,61,180,165,15
S01013168,344,113,27,86,231,213,18
S01013169,321,99,14,85,222,200,22
S01013170,199,56,13,43,143,128,15
S01013171,334,94,20,74,240,213,27
S01013172,348,100,17,83,248,231,17
S01013173,436,113,26,87,323,294,29
S01013174,458,122,27,95,336,284,52
S01013175,452,99,23,76,353,306,47
S01013176,371,85,25,60,286,251,35
S01013177,336,67,10,57,269,236,33
S01013178,380,97,21,76,283,252,31
S01013179,409,109,25,84,300,262,38
S01013180,253,74,13,61,179,159,20
S01013181,363,91,20,71,272,251,21
S01013182,310,85,26,59,225,203,22
S01013183,458,119,28,91,339,298,41
S01013184,213,71,9,62,142,132,10
S01013185,323,105,22,83,218,210,8
S01013186,293,91,23,68,202,184,18
S01013187,352,100,20,80,252,227,25
S01013188,469,126,30,96,343,316,27
S01013189,318,93,32,61,225,200,25
S01013190,378,116,29,87,262,235,27
S01013191,587,150,30,120,437,389,48
S01013192,447,118,29,89,329,292,37
S01013193,362,79,13,66,283,263,20
S01013194,328,86,26,60,242,211,31
S01013195,525,100,22,78,425,380,45
S01013196,389,83,17,66,306,263,43
S01013197,255,73,14,59,182,152,30
S01013198,340,82,22,60,258,230,28
S01013199,403,85,25,60,318,273,45
S01013200,306,89,20,69,217,190,27
S01013201,262,75,14,61,187,175,12
S01013202,205,64,19,45,141,130,11
S01013203,299,76,16,60,223,205,18
S01013204,422,99,37,62,323,288,35
S01013205,216,66,7,59,150,141,9
S01013206,255,79,16,63,176,157,19
S01013207,350,106,24,82,244,208,36
S01013208,389,113,19,94,276,245,31
S01013209,384,99,20,79,285,252,33
S01013210,317,89,24,65,228,193,35
S01013211,461,108,29,79,353,320,33
S01013212,380,94,26,68,286,256,30
S01013213,338,93,20,73,245,213,32
S01013214,273,58,15,43,215,187,28
S01013215,439,97,18,79,342,305,37
S01013216,265,82,12,70,183,167,16
S01013217,333,94,23,71,239,219,20
S01013218,239,77,10,67,162,151,11
S01013219,230,83,16,67,147,132,15
S01013220,248,82,16,66,166,144,22
S01013221,395,123,24,99,272,241,31
S01013222,216,70,9,61,146,135,11
S01013223,443,107,22,85,336,296,40
S01013224,415,107,27,80,308,276,32
S01013225,328,99,26,73,229,200,29
S01013226,287,71,12,59,216,188,28
S01013227,258,71,12,59,187,166,21
S01013228,357,92,23,69,265,246,19
S01013229,337,111,19,92,226,204,22
S01013230,282,74,20,54,208,184,24
S01013231,350,98,22,76,252,236,16
S01013232,295,75,16,59,220,203,17
S01013233,292,83,19,64,209,184,25
S01013234,235,69,18,51,166,136,30
S01013235,396,85,14,71,311,278,33
S01013236,396,121,20,101,275,228,47
S01013237,429,107,28,79,322,272,50
S01013238,258,84,18,66,174,155,19
S01013239,336,115,18,97,221,200,21
S01013240,204,75,15,60,129,116,13
S01013241,455,116,28,88,339,294,45
S01013242,299,90,23,67,209,150,59
S01013243,329,80,13,67,249,218,31
S01013244,284,70,10,60,214,193,21
S01013245,505,135,19,116,370,317,53
S01013246,240,52,12,40,188,163,25
S01013247,318,84,11,73,234,211,23
S01013248,265,79,15,64,186,171,15
S01013249,225,52,8,44,173,150,23
S01013250,471,123,28,95,348,262,86
S01013251,291,86,19,67,205,181,24
S01013252,314,84,17,67,230,196,34
S01013253,342,77,13,64,265,240,25
S01013254,263,74,10,64,189,169,20
S01013255,453,123,27,96,330,283,47
S01013256,349,85,21,64,264,207,57
S01013257,362,87,19,68,275,237,38
S01013258,391,106,31,75,285,240,45
S01013259,398,117,22,95,281,258,23
S01013260,385,92,22,70,293,264,29
S01013261,355,94,14,80,261,232,29
S01013262,289,77,9,68,212,186,26
S01013263,283,78,26,52,205,149,56
S01013264,292,100,28,72,192,163,29
S01013265,381,92,20,72,289,223,66
S01013266,333,80,13,67,253,206,47
S01013267,245,77,18,59,168,150,18
S01013268,423,123,22,101,300,265,35
S01013269,570,142,24,118,428,357,71
S01013270,468,109,26,83,359,301,58
S01013271,293,68,16,52,225,169,56
S01013272,421,102,34,68,319,260,59
S01013273,536,139,43,96,397,323,74
S01013274,449,78,17,61,371,322,49
S01013275,369,102,22,80,267,227,40
S01013276,378,87,26,61,291,263,28
S01013277,451,124,14,110,327,285,42
S01013278,352,110,21,89,242,222,20
S01013279,311,99,19,80,212,194,18
S01013280,272,76,14,62,196,167,29
S01013281,417,133,18,115,284,254,30
S01013282,384,110,26,84,274,254,20
S01013283,386,74,12,62,312,280,32
S01013284,419,90,14,76,329,287,42
S01013285,395,107,17,90,288,253,35
S01013286,408,100,26,74,308,280,28
S01013287,492,132,35,97,360,319,41
S01013288,309,72,13,59,237,197,40
S01013289,395,107,24,83,288,212,76
S01013290,491,137,25,112,354,320,34
S01013291,419,107,25,82,312,280,32
S01013292,438,121,37,84,317,268,49
S01013293,411,95,21,74,316,268,48
S01013294,418,118,31,87,300,272,28
S01013295,460,120,21,99,340,302,38
S01013296,318,91,16,75,227,204,23
S01013297,348,102,24,78,246,219,27
S01013298,323,96,26,70,227,187,40
S01013299,520,141,25,116,379,341,38
S01013300,269,58,10,48,211,169,42
S01013301,235,55,17,38,180,157,23
S01013302,333,73,18,55,260,209,51
S01013303,428,110,24,86,318,278,40
S01013304,434,120,18,102,314,284,30
S01013305,474,132,22,110,342,307,35
S01013306,377,109,18,91,268,235,33
S01013307,460,124,15,109,336,312,24
S01013308,367,130,18,112,237,216,21
S01013309,349,88,13,75,261,236,25
S01013310,317,74,7,67,243,218,25
S01013311,372,103,21,82,269,244,25
S01013312,471,108,26,82,363,330,33
S01013313,307,89,18,71,218,199,19
S01013314,307,93,16,77,214,196,18
S01013315,309,69,20,49,240,200,40
S01013316,319,80,23,57,239,201,38
S01013317,298,72,22,50,226,188,38
S01013318,356,79,23,56,277,252,25
S01013319,310,70,10,60,240,207,33
S01013320,604,132,24,108,472,417,55
S01013321,203,44,9,35,159,148,11
S01013322,388,124,34,90,264,238,26
S01013323,457,136,35,101,321,288,33
S01013324,280,84,16,68,196,178,18
S01013325,344,117,19,98,227,209,18
S01013326,240,65,14,51,175,160,15
S01013327,329,112,21,91,217,189,28
S01013328,287,93,16,77,194,174,20
S01013329,243,73,17,56,170,154,16
S01013330,664,139,32,107,525,463,62
S01013331,374,79,16,63,295,269,26
S01013332,328,107,17,90,221,204,17
S01013333,445,109,19,90,336,286,50
S01013334,350,104,25,79,246,225,21
S01013335,318,99,13,86,219,200,19
S01013336,372,96,19,77,276,246,30
S01013337,495,124,23,101,371,318,53
S01013338,298,76,24,52,222,187,35
S01013339,330,79,19,60,251,221,30
S01013340,450,106,30,76,344,297,47
S01013341,516,99,24,75,417,331,86
S01013342,294,88,12,76,206,182,24
S01013343,348,83,15,68,265,237,28
S01013344,311,80,9,71,231,213,18
S01013345,365,99,16,83,266,241,25
S01013346,471,132,29,103,339,288,51
S01013347,421,92,16,76,329,288,41
S01013348,274,63,10,53,211,176,35
S01013349,475,79,21,58,396,354,42
S01013350,355,91,17,74,264,243,21
S01013351,415,101,19,82,314,287,27
S01013352,466,127,36,91,339,303,36
S01013353,311,74,11,63,237,214,23
S01013354,400,88,17,71,312,275,37
S01013355,319,77,22,55,242,205,37
S01013356,326,98,23,75,228,193,35
S01013357,426,104,18,86,322,278,44
S01013358,397,92,16,76,305,275,30
S01013359,267,78,10,68,189,156,33
S01013360,294,80,15,65,214,191,23
S01013361,255,62,11,51,193,183,10
S01013362,199,46,9,37,153,144,9
S01013363,297,84,14,70,213,194,19
S01013364,460,98,19,79,362,310,52
S01013365,449,106,22,84,343,284,59
S01013366,507,146,33,113,361,313,48
S01013367,348,83,25,58,265,223,42
S01013368,368,97,24,73,271,234,37
S01013369,346,97,13,84,249,216,33
S01013370,231,67,13,54,164,152,12
S01013371,246,72,13,59,174,153,21
S01013372,416,144,32,112,272,243,29
S01013373,379,97,24,73,282,251,31
S01013374,332,108,16,92,224,200,24
S01013375,263,77,16,61,186,157,29
S01013376,248,74,9,65,174,162,12
S01013377,308,73,9,64,235,203,32
S01013378,461,119,32,87,342,300,42
S01013379,433,106,27,79,327,292,35
S01013380,53,10,3,7,43,28,15
S01013381,226,53,6,47,173,150,23
S01013382,304,69,21,48,235,198,37
S01013383,282,72,13,59,210,180,30
S01013384,330,78,15,63,252,228,24
S01013385,260,54,13,41,206,185,21
S01013386,464,104,27,77,360,316,44
S01013387,234,56,13,43,178,158,20
S01013388,319,83,20,63,236,205,31
S01013389,411,104,21,83,307,279,28
S01013390,228,48,10,38,180,164,16
S01013391,212,60,11,49,152,131,21
S01013392,475,92,18,74,383,326,57
S01013393,306,72,12,60,234,205,29
S01013394,278,72,11,61,206,173,33
S01013395,238,70,4,66,168,142,26
S01013396,439,75,15,60,364,309,55
S01013397,443,94,18,76,349,309,40
S01013398,350,73,16,57,277,236,41
S01013399,598,126,23,103,472,409,63
S01013400,345,73,12,61,272,240,32
S01013401,504,87,12,75,417,348,69
S01013402,668,110,23,87,558,480,78
S01013403,525,99,24,75,426,368,58
S01013404,317,64,11,53,253,196,57
S01013405,301,75,13,62,226,197,29
S01013406,267,72,12,60,195,176,19
S01013407,241,52,9,43,189,166,23
S01013408,259,75,19,56,184,163,21
S01013409,553,146,22,124,407,334,73
S01013410,275,87,11,76,188,175,13
S01013411,392,88,18,70,304,265,39
S01013412,395,99,27,72,296,260,36
S01013413,390,89,19,70,301,256,45
S01013414,376,64,9,55,312,276,36
S01013415,247,63,11,52,184,161,23
S01013416,268,61,15,46,207,186,21
S01013417,430,86,16,70,344,309,35
S01013418,313,66,20,46,247,220,27
S01013419,255,61,15,46,194,166,28
S01013420,311,56,13,43,255,224,31
S01013421,463,104,19,85,359,314,45
S01013422,367,122,33,89,245,220,25
S01013423,422,120,35,85,302,255,47
S01013424,274,77,16,61,197,168,29
S01013425,217,45,5,40,172,141,31
S01013426,363,106,21,85,257,228,29
S01013427,273,58,6,52,215,169,46
S01013428,428,103,21,82,325,288,37
S01013429,351,69,14,55,282,236,46
S01013430,370,80,16,64,290,236,54
S01013431,314,75,13,62,239,204,35
S01013432,365,85,19,66,280,214,66
S01013433,375,95,28,67,280,210,70
S01013434,297,79,17,62,218,137,81
S01013435,368,125,37,88,243,192,51
S01013436,432,140,30,110,292,246,46
S01013437,373,93,22,71,280,246,34
S01013438,260,84,16,68,176,151,25
S01013439,416,140,40,100,276,233,43
S01013440,486,148,36,112,338,283,55
S01013441,389,104,32,72,285,219,66
S01013442,438,118,31,87,320,281,39
S01013443,323,82,23,59,241,197,44
S01013444,469,112,24,88,357,303,54
S01013445,288,81,21,60,207,158,49
S01013446,330,99,25,74,231,214,17
S01013447,340,99,27,72,241,189,52
S01013448,368,94,22,72,274,233,41
S01013449,373,123,33,90,250,220,30
S01013450,347,97,31,66,250,218,32
S01013451,499,161,49,112,338,285,53
S01013452,417,111,36,75,306,244,62
S01013453,318,88,21,67,230,203,27
S01013454,410,90,29,61,320,259,61
S01013455,286,60,18,42,226,177,49
S01013456,365,77,27,50,288,258,30
S01013457,404,111,29,82,293,268,25
S01013458,380,82,22,60,298,244,54
S01013459,393,96,16,80,297,259,38
S01013460,375,98,18,80,277,248,29
S01013461,571,148,33,115,423,373,50
S01013462,515,105,32,73,410,364,46
S01013463,273,76,13,63,197,177,20
S01013464,362,86,31,55,276,240,36
S01013465,316,78,25,53,238,209,29
S01013466,174,51,20,31,123,79,44
S01013467,505,115,20,95,390,330,60
S01013468,308,84,23,61,224,193,31
S01013469,387,117,30,87,270,227,43
S01013470,342,90,19,71,252,225,27
S01013471,455,130,26,104,325,296,29
S01013472,356,90,11,79,266,221,45
S01013473,381,96,25,71,285,244,41
S01013474,349,81,11,70,268,235,33
S01013475,323,99,23,76,224,193,31
S01013476,318,79,11,68,239,214,25
S01013477,286,61,10,51,225,199,26
S01013478,459,123,24,99,336,293,43
S01013479,364,73,13,60,291,256,35
S01013480,294,70,11,59,224,198,26
S01013481,222,42,9,33,180,149,31
